200 7
0.18 0.18 0.43 0.55 0.50 0.27 0.07
0.81 0.23 0.87 0.26 0.73 0.71 0.55
0.38 0.12 0.72 0.19 0.94 0.69 0.53
0.95 0.98 0.32 0.92 0.05 0.18 0.39
0.80 0.75 0.82 0.58 0.36 0.98 0.39
0.01 0.64 0.70 0.99 0.71 0.79 0.04
0.28 0.62 0.54 0.18 0.88 0.57 0.93
0.63 0.50 0.55 0.43 0.07 0.38 0.95
0.62 0.07 0.98 0.40 0.86 0.96 0.54
0.71 0.80 0.62 0.08 0.75 0.73 0.79
0.52 0.21 0.16 0.34 0.46 0.68 0.80
0.56 0.58 0.37 0.62 0.88 0.36 0.51
0.90 0.56 0.67 0.64 0.41 0.59 0.26
0.78 0.75 0.39 0.70 0.24 0.98 0.79
0.55 0.12 0.64 0.96 0.72 0.11 0.80
0.32 0.47 0.71 0.04 0.25 0.77 0.19
0.95 0.78 0.26 0.74 0.25 0.99 0.16
0.53 0.92 0.83 0.17 0.76 0.41 0.19
0.86 0.22 0.98 0.63 0.31 1.00 0.89
0.47 0.88 0.88 0.99 0.80 0.22 0.70
0.17 0.45 0.39 0.15 0.51 0.56 0.22
0.80 0.71 0.56 0.27 0.33 0.65 0.78
0.64 0.65 0.10 0.83 0.13 0.96 0.33
0.80 0.76 0.78 0.74 0.29 0.63 0.85
0.94 0.25 0.32 0.32 0.18 0.39 0.77
0.57 0.67 0.52 0.04 0.60 0.81 0.60
0.72 0.89 0.16 0.58 0.40 0.33 0.96
0.96 0.76 0.84 0.51 0.29 0.65 0.49
0.61 0.74 0.34 0.05 0.67 0.86 0.73
0.93 0.69 0.47 0.18 0.18 0.07 0.21
0.57 0.18 0.06 0.74 0.73 0.56 0.09
0.05 0.91 0.69 0.59 0.70 0.53 0.67
0.69 0.03 0.94 0.60 0.94 0.39 0.27
0.58 0.47 0.72 0.72 0.93 0.77 0.01
0.54 0.75 0.91 0.18 0.08 0.99 0.27
0.99 0.20 0.03 0.82 0.53 0.85 0.55
0.55 0.32 0.21 0.59 0.77 0.33 0.46
0.67 0.34 0.82 0.73 0.61 0.25 0.70
0.76 0.74 0.37 0.54 0.40 0.56 0.97
0.15 0.87 0.60 0.28 0.62 0.31 0.55
0.73 0.79 0.86 0.71 0.75 0.09 0.29
0.90 0.52 0.82 0.44 0.07 0.93 0.71
0.02 0.48 0.91 0.89 0.99 0.57 0.31
0.47 0.56 0.02 0.52 0.82 0.84 1.00
0.12 0.69 0.84 0.97 0.94 0.79 0.53
0.60 0.29 0.65 0.60 0.48 1.00 0.70
0.95 0.12 0.30 0.69 1.00 0.39 0.73
0.26 0.85 0.09 0.47 0.54 0.09 0.98
0.22 0.59 0.92 0.95 0.47 0.63 0.90
0.73 0.91 0.61 0.57 0.19 0.72 0.87
0.22 0.98 0.37 0.47 0.59 0.62 0.99
0.27 1.00 0.03 0.61 0.07 0.11 0.75
0.71 0.93 0.76 0.61 0.91 0.16 0.60
0.39 0.64 0.16 0.63 0.62 0.87 0.64
0.62 0.60 0.32 0.38 0.16 0.73 0.19
0.62 0.26 0.45 0.41 0.79 0.93 0.23
1.00 0.23 0.17 0.37 0.89 0.59 0.71
0.62 1.00 0.71 0.31 0.59 0.57 0.07
0.38 0.69 0.54 0.91 0.79 0.10 0.67
0.95 0.68 0.54 0.29 0.77 0.78 0.10
0.67 0.02 0.66 0.32 0.38 0.67 0.30
0.27 1.00 0.51 0.52 0.57 0.17 0.50
0.55 0.80 0.70 0.92 0.45 0.35 0.53
0.51 0.15 0.60 0.98 0.55 0.64 0.71
0.51 0.83 0.84 0.16 0.11 0.25 0.91
0.75 0.74 0.86 0.95 0.46 0.59 0.78
0.43 0.58 0.80 1.00 0.85 0.55 0.03
0.96 0.18 0.22 0.22 0.55 0.06 0.69
0.89 0.64 0.01 0.18 0.82 0.96 0.56
0.99 0.14 0.23 0.04 0.92 1.00 0.55
0.36 0.92 0.22 0.31 0.85 0.70 0.65
0.35 0.43 0.09 0.27 0.80 0.74 0.96
0.11 0.64 0.94 0.65 0.78 0.98 0.13
0.72 0.79 0.45 0.29 0.71 0.53 0.92
0.76 0.90 0.23 0.35 0.34 0.87 0.83
0.79 0.65 0.35 0.39 0.63 0.59 0.81
0.93 0.71 0.31 0.58 0.50 0.66 0.73
0.72 0.57 0.63 0.70 0.14 0.78 0.69
0.80 0.74 0.65 0.46 0.25 0.36 0.81
0.93 0.04 0.75 0.42 0.57 0.94 0.21
0.58 0.26 0.25 0.31 0.22 0.35 0.99
0.76 0.81 0.27 0.24 0.89 0.73 0.60
0.69 0.83 0.89 0.65 0.80 0.02 0.65
0.11 0.78 0.88 0.76 0.41 0.94 0.15
0.86 0.56 0.30 0.39 0.17 0.58 0.16
0.38 0.57 0.56 0.70 0.68 0.06 0.69
0.51 0.94 0.13 0.23 0.51 0.55 1.00
0.56 0.70 0.13 0.47 0.38 0.76 0.95
0.55 0.98 0.07 0.69 0.37 0.07 0.34
0.12 0.38 0.64 0.59 0.62 0.22 0.64
0.11 0.50 0.83 0.74 0.82 0.64 0.66
0.57 0.85 0.53 0.57 0.18 0.04 0.02
0.49 0.11 0.56 0.64 0.36 0.83 0.54
0.76 0.86 0.91 0.27 0.51 0.38 0.66
0.07 0.58 0.67 0.17 0.53 0.75 0.43
0.56 0.82 1.00 0.47 0.54 0.34 0.76
0.53 0.24 0.70 0.24 0.69 0.13 0.56
0.91 1.00 0.55 0.15 0.56 0.28 0.12
0.14 0.56 0.92 0.95 0.41 0.91 0.28
0.19 0.50 0.68 0.88 0.42 0.64 1.00
0.99 0.20 0.15 0.73 0.83 0.69 0.04
0.63 0.29 0.32 0.74 0.18 0.98 0.65
0.83 0.64 0.87 0.77 0.22 0.98 0.03
1.00 0.86 0.21 0.21 1.00 0.15 0.93
0.62 0.78 0.17 0.72 0.63 0.53 0.80
0.11 0.16 0.10 0.20 0.81 0.85 0.51
0.69 0.35 0.85 0.66 0.79 0.12 0.37
0.34 0.64 0.18 0.57 0.68 0.81 0.92
0.85 0.48 0.42 0.57 0.85 0.63 0.09
0.59 0.35 0.13 0.30 0.63 0.92 0.56
0.38 0.94 0.93 0.72 0.46 0.67 0.87
0.86 0.16 0.08 0.87 0.67 0.87 0.68
0.44 0.46 0.12 0.70 0.53 0.81 0.69
0.86 0.01 0.55 0.26 0.65 0.92 0.76
0.75 0.92 0.74 0.97 0.09 0.53 0.90
0.54 0.22 0.66 0.07 0.36 0.58 0.89
0.78 0.60 0.99 0.40 0.12 0.81 0.86
0.77 0.70 0.55 0.51 0.91 0.37 0.65
0.55 0.15 0.55 0.47 0.61 0.41 0.29
0.08 0.78 0.70 0.39 0.56 0.42 0.27
0.98 0.16 0.97 0.27 0.89 0.79 0.26
0.70 0.55 0.51 0.70 0.28 0.53 0.92
0.96 0.05 0.62 0.82 0.21 0.54 0.98
0.51 0.41 0.24 0.79 0.32 0.64 0.63
0.32 0.77 0.31 0.70 0.96 0.74 0.01
0.65 0.04 0.40 0.59 0.65 0.53 0.66
0.86 0.16 0.79 0.47 0.05 0.97 0.66
0.14 0.28 0.92 0.71 0.80 0.59 0.71
0.30 0.04 0.66 0.57 0.63 0.54 0.41
0.88 0.06 0.53 0.09 0.70 0.90 0.89
0.86 0.25 0.02 0.70 0.71 0.89 0.23
0.79 0.60 0.46 0.12 0.63 0.76 0.19
0.76 0.08 0.97 0.66 0.70 0.34 0.97
0.65 0.36 0.79 0.99 0.38 0.27 0.15
0.93 0.84 0.97 0.03 0.61 0.80 0.84
0.20 0.97 0.63 0.01 0.84 0.52 0.89
0.86 0.25 0.62 0.25 0.59 0.67 0.20
0.90 0.67 0.06 0.71 0.22 0.99 0.96
0.28 0.58 0.98 0.90 0.58 0.27 0.04
0.78 0.51 0.11 0.55 0.65 0.48 0.32
0.79 0.45 0.98 0.61 0.12 0.92 0.93
0.52 0.51 0.64 0.80 0.63 0.22 0.52
0.47 0.75 0.63 0.96 0.42 0.59 0.89
0.67 0.68 0.29 0.74 0.47 0.81 0.68
0.89 0.52 0.10 0.86 0.91 0.29 0.96
0.57 0.82 0.17 0.66 0.55 0.12 0.08
0.54 0.69 0.95 0.44 0.17 0.96 0.60
0.52 0.58 0.77 0.52 0.99 0.05 0.10
0.97 0.24 0.12 0.75 0.05 0.52 0.72
0.86 0.11 0.86 0.94 0.14 0.77 0.15
0.64 0.51 0.62 0.03 0.79 0.09 0.69
0.21 0.57 0.87 0.49 0.23 0.54 0.89
0.85 0.84 0.64 0.98 0.33 0.57 0.29
0.47 0.24 0.62 0.26 0.27 0.22 0.02
0.33 0.93 0.34 0.86 0.79 0.45 0.23
0.46 0.40 0.22 0.08 0.46 0.57 0.67
0.98 0.68 0.59 0.44 0.04 0.94 0.18
0.56 0.79 0.27 0.51 0.81 0.33 0.96
0.57 0.79 0.31 0.78 0.88 0.24 0.76
0.52 0.73 0.53 0.54 0.03 0.55 0.21
0.67 0.35 0.23 0.87 0.58 0.30 0.24
0.83 0.16 0.73 0.63 0.85 0.23 0.94
0.82 0.43 0.48 0.99 0.45 0.73 0.14
0.80 0.53 0.78 0.22 0.64 0.52 0.73
0.93 0.47 0.53 0.80 0.12 0.31 0.44
0.63 0.56 0.07 0.92 0.90 0.51 0.45
0.43 0.77 0.94 0.09 0.94 0.27 0.96
0.60 0.67 0.77 0.70 0.03 0.88 0.63
0.86 0.14 0.78 0.18 0.95 0.53 0.55
0.72 0.38 0.34 0.96 0.26 0.92 0.54
1.00 0.25 0.97 0.21 0.12 0.11 0.54
0.37 0.18 0.98 0.08 0.13 0.42 0.94
0.13 0.58 0.89 0.83 0.69 0.70 0.42
0.92 0.39 0.37 0.22 0.53 0.91 0.37
0.36 0.17 0.49 0.58 0.92 0.62 0.89
0.52 0.29 0.13 0.80 0.44 0.11 0.87
0.61 0.89 0.80 0.60 0.06 0.10 0.32
0.72 0.48 0.11 0.59 0.34 0.92 0.35
0.31 0.54 0.97 0.63 0.68 0.30 0.05
0.57 0.68 0.04 0.61 0.03 0.82 0.28
0.86 0.55 0.31 0.09 0.93 0.62 0.53
0.46 0.01 0.89 0.22 0.85 0.64 0.57
0.11 0.37 0.23 0.72 0.42 0.97 0.51
0.05 0.74 0.90 0.44 0.94 0.36 0.19
0.67 0.74 0.53 0.96 0.93 0.12 0.65
1.00 0.64 0.72 0.47 0.94 0.07 0.17
0.02 0.71 0.28 0.30 0.58 0.64 0.73
0.09 0.48 0.75 0.20 0.76 0.50 0.65
0.64 0.75 0.47 0.10 0.50 0.61 0.65
0.87 0.24 0.94 0.05 0.74 0.93 0.92
0.10 0.69 0.77 0.24 0.52 0.72 0.91
0.77 0.53 0.78 0.63 0.39 0.15 0.73
0.70 0.56 0.85 0.52 0.24 0.79 0.68
0.63 0.84 0.12 0.87 0.47 0.37 0.94
0.21 0.86 0.52 0.70 0.69 0.26 0.52
0.63 0.21 0.64 0.87 0.03 0.38 0.21
0.07 0.57 0.97 0.93 0.31 0.88 0.05
0.85 0.66 0.35 0.22 0.57 0.48 0.49
0.89 0.06 0.55 0.51 0.80 0.86 0.05
0.25 0.76 0.07 0.88 0.72 0.15 0.87
