200 7
18 18 43 55 50 27 7
81 23 87 26 73 71 55
38 12 72 19 94 69 53
95 98 32 92 5 18 39
80 75 82 58 36 98 39
1 64 70 99 71 79 4
28 62 54 18 88 57 93
63 50 55 43 7 38 95
62 7 98 40 86 96 54
71 80 62 8 75 73 79
52 21 16 34 46 68 80
56 58 37 62 88 36 51
90 56 67 64 41 59 26
78 75 39 70 24 98 79
55 12 64 96 72 11 80
32 47 71 4 25 77 19
95 78 26 74 25 99 16
53 92 83 17 76 41 19
86 22 98 63 31 100 89
47 88 88 99 80 22 70
17 45 39 15 51 56 22
80 71 56 27 33 65 78
64 65 10 83 13 96 33
80 76 78 74 29 63 85
94 25 32 32 18 39 77
57 67 52 4 60 81 60
72 89 16 58 40 33 96
96 76 84 51 29 65 49
61 74 34 5 67 86 73
93 69 47 18 18 7 21
57 18 6 74 73 56 9
5 91 69 59 70 53 67
69 3 94 60 94 39 27
58 47 72 72 93 77 1
54 75 91 18 8 99 27
99 20 3 82 53 85 55
55 32 21 59 77 33 46
67 34 82 73 61 25 70
76 74 37 54 40 56 97
15 87 60 28 62 31 55
73 79 86 71 75 9 29
90 52 82 44 7 93 71
2 48 91 89 99 57 31
47 56 2 52 82 84 100
12 69 84 97 94 79 53
60 29 65 60 48 100 70
95 12 30 69 100 39 73
26 85 9 47 54 9 98
22 59 92 95 47 63 90
73 91 61 57 19 72 87
22 98 37 47 59 62 99
27 100 3 61 7 11 75
71 93 76 61 91 16 60
39 64 16 63 62 87 64
62 60 32 38 16 73 19
62 26 45 41 79 93 23
100 23 17 37 89 59 71
62 100 71 31 59 57 7
38 69 54 91 79 10 67
95 68 54 29 77 78 10
67 2 66 32 38 67 30
27 100 51 52 57 17 50
55 80 70 92 45 35 53
51 15 60 98 55 64 71
51 83 84 16 11 25 91
75 74 86 95 46 59 78
43 58 80 100 85 55 3
96 18 22 22 55 6 69
89 64 1 18 82 96 56
99 14 23 4 92 100 55
36 92 22 31 85 70 65
35 43 9 27 80 74 96
11 64 94 65 78 98 13
72 79 45 29 71 53 92
76 90 23 35 34 87 83
79 65 35 39 63 59 81
93 71 31 58 50 66 73
72 57 63 70 14 78 69
80 74 65 46 25 36 81
93 4 75 42 57 94 21
58 26 25 31 22 35 99
76 81 27 24 89 73 60
69 83 89 65 80 2 65
11 78 88 76 41 94 15
86 56 30 39 17 58 16
38 57 56 70 68 6 69
51 94 13 23 51 55 100
56 70 13 47 38 76 95
55 98 7 69 37 7 34
12 38 64 59 62 22 64
11 50 83 74 82 64 66
57 85 53 57 18 4 2
49 11 56 64 36 83 54
76 86 91 27 51 38 66
7 58 67 17 53 75 43
56 82 100 47 54 34 76
53 24 70 24 69 13 56
91 100 55 15 56 28 12
14 56 92 95 41 91 28
19 50 68 88 42 64 100
99 20 15 73 83 69 4
63 29 32 74 18 98 65
83 64 87 77 22 98 3
100 86 21 21 100 15 93
62 78 17 72 63 53 80
11 16 10 20 81 85 51
69 35 85 66 79 12 37
34 64 18 57 68 81 92
85 48 42 57 85 63 9
59 35 13 30 63 92 56
38 94 93 72 46 67 87
86 16 8 87 67 87 68
44 46 12 70 53 81 69
86 1 55 26 65 92 76
75 92 74 97 9 53 90
54 22 66 7 36 58 89
78 60 99 40 12 81 86
77 70 55 51 91 37 65
55 15 55 47 61 41 29
8 78 70 39 56 42 27
98 16 97 27 89 79 26
70 55 51 70 28 53 92
96 5 62 82 21 54 98
51 41 24 79 32 64 63
32 77 31 70 96 74 1
65 4 40 59 65 53 66
86 16 79 47 5 97 66
14 28 92 71 80 59 71
30 4 66 57 63 54 41
88 6 53 9 70 90 89
86 25 2 70 71 89 23
79 60 46 12 63 76 19
76 8 97 66 70 34 97
65 36 79 99 38 27 15
93 84 97 3 61 80 84
20 97 63 1 84 52 89
86 25 62 25 59 67 20
90 67 6 71 22 99 96
28 58 98 90 58 27 4
78 51 11 55 65 48 32
79 45 98 61 12 92 93
52 51 64 80 63 22 52
47 75 63 96 42 59 89
67 68 29 74 47 81 68
89 52 10 86 91 29 96
57 82 17 66 55 12 8
54 69 95 44 17 96 60
52 58 77 52 99 5 10
97 24 12 75 5 52 72
86 11 86 94 14 77 15
64 51 62 3 79 9 69
21 57 87 49 23 54 89
85 84 64 98 33 57 29
47 24 62 26 27 22 2
33 93 34 86 79 45 23
46 40 22 8 46 57 67
98 68 59 44 4 94 18
56 79 27 51 81 33 96
57 79 31 78 88 24 76
52 73 53 54 3 55 21
67 35 23 87 58 30 24
83 16 73 63 85 23 94
82 43 48 99 45 73 14
80 53 78 22 64 52 73
93 47 53 80 12 31 44
63 56 7 92 90 51 45
43 77 94 9 94 27 96
60 67 77 70 3 88 63
86 14 78 18 95 53 55
72 38 34 96 26 92 54
100 25 97 21 12 11 54
37 18 98 8 13 42 94
13 58 89 83 69 70 42
92 39 37 22 53 91 37
36 17 49 58 92 62 89
52 29 13 80 44 11 87
61 89 80 60 6 10 32
72 48 11 59 34 92 35
31 54 97 63 68 30 5
57 68 4 61 3 82 28
86 55 31 9 93 62 53
46 1 89 22 85 64 57
11 37 23 72 42 97 51
5 74 90 44 94 36 19
67 74 53 96 93 12 65
100 64 72 47 94 7 17
2 71 28 30 58 64 73
9 48 75 20 76 50 65
64 75 47 10 50 61 65
87 24 94 5 74 93 92
10 69 77 24 52 72 91
77 53 78 63 39 15 73
70 56 85 52 24 79 68
63 84 12 87 47 37 94
21 86 52 70 69 26 52
63 21 64 87 3 38 21
7 57 97 93 31 88 5
85 66 35 22 57 48 49
89 6 55 51 80 86 5
25 76 7 88 72 15 87
