200 7
35 65 91 70 61 45 27
86 79 76 4 23 72 58
37 95 94 34 96 15 65
98 45 73 81 94 78 95
53 26 7 55 62 67 37
72 29 55 63 3 68 36
89 84 61 84 53 88 29
64 52 10 16 60 66 52
13 80 57 93 66 54 3
46 75 42 10 91 38 52
5 31 14 58 66 38 42
68 27 26 77 41 67 48
67 82 69 100 28 72 74
52 60 54 65 58 87 58
67 98 60 73 5 1 82
52 72 22 23 93 73 74
60 54 6 52 53 14 54
66 100 38 34 93 5 67
59 19 35 91 8 87 64
94 77 57 57 11 81 16
86 66 96 79 52 52 9
82 8 85 31 71 98 79
59 54 90 88 78 95 34
30 2 97 56 53 22 67
85 95 30 31 96 84 21
96 1 93 48 100 71 44
57 87 27 24 74 70 88
46 66 62 58 86 81 17
97 70 56 14 96 60 46
5 50 23 43 40 3 96
51 39 62 16 95 59 95
49 69 85 99 56 34 81
28 6 11 58 95 32 58
52 41 78 22 53 38 75
70 6 85 56 96 61 99
89 39 64 43 43 99 69
67 14 63 18 91 59 73
29 62 25 52 58 66 41
94 5 60 56 72 98 65
86 48 59 57 63 16 53
4 83 19 69 65 87 44
90 15 36 21 71 94 91
57 86 13 55 5 62 3
51 96 73 43 90 46 79
73 82 81 23 84 6 85
86 71 28 95 32 61 3
24 100 74 57 25 63 88
94 26 97 93 53 69 63
30 95 57 76 60 63 47
54 90 29 1 27 54 53
12 72 61 74 5 3 44
42 38 46 87 57 19 98
68 41 65 15 1 99 74
7 72 88 64 81 31 64
92 1 65 45 58 42 23
13 76 96 9 84 65 67
73 74 93 2 87 89 64
98 84 81 51 64 98 5
32 58 80 13 84 45 8
28 43 3 48 3 40 92
76 19 32 92 76 71 6
3 77 57 84 62 18 94
52 66 92 59 5 58 38
78 56 91 55 1 94 22
73 52 100 72 73 32 61
82 22 67 99 66 60 93
22 37 42 13 1 5 66
94 77 48 16 97 86 9
66 4 6 15 57 11 54
7 71 58 11 8 95 85
15 47 98 57 69 54 27
89 54 76 42 7 5 6
83 59 23 80 5 67 64
72 10 62 30 87 4 33
58 95 25 72 26 30 52
1 66 16 66 24 76 73
70 83 78 34 19 64 21
60 93 8 43 97 85 53
41 60 67 9 25 81 21
16 5 100 81 14 99 23
78 93 17 89 76 9 35
16 93 26 71 97 72 30
63 5 72 93 77 1 2
86 86 41 14 96 9 92
82 59 91 22 73 53 38
75 40 38 6 68 58 26
40 91 30 69 2 54 94
13 82 77 40 82 25 26
64 61 33 90 95 6 51
93 56 66 73 72 75 3
41 10 83 45 87 90 45
94 59 4 87 35 22 67
73 52 6 53 99 6 84
63 57 73 49 80 73 49
26 81 6 17 86 93 64
75 87 5 62 83 46 41
66 64 74 81 92 77 18
56 34 60 100 60 56 36
98 78 96 7 26 29 88
54 61 65 92 55 90 61
28 10 5 15 87 51 3
29 70 89 87 85 59 30
98 46 87 87 37 58 63
4 54 93 74 20 98 92
60 94 54 36 64 23 64
45 92 21 94 24 55 88
84 58 5 12 69 64 98
74 52 98 9 47 73 84
66 88 97 9 63 2 71
20 38 76 39 3 65 88
92 97 25 12 76 25 41
57 5 17 19 75 54 90
53 57 63 90 60 47 57
46 16 66 81 5 39 76
59 93 98 8 74 88 34
4 77 83 90 80 86 58
89 47 49 53 44 6 45
89 63 38 56 62 86 25
93 36 87 72 65 1 76
54 20 35 17 80 4 62
23 88 53 74 81 27 12
15 87 28 84 36 82 9
37 46 99 44 74 36 21
98 98 52 13 66 33 23
57 85 6 42 53 61 40
19 3 62 94 70 38 58
66 38 5 56 23 90 10
7 83 89 90 17 84 37
56 51 50 91 93 3 56
66 58 23 20 32 65 26
8 39 20 57 89 89 30
72 15 99 19 57 60 51
81 88 99 81 11 51 2
4 72 83 94 37 46 10
30 88 36 34 84 100 96
49 5 78 97 56 6 5
25 86 100 47 46 42 33
38 98 26 84 80 12 54
52 68 95 12 66 4 79
51 51 94 100 44 35 63
3 22 89 9 97 37 29
96 46 71 10 20 61 64
3 61 68 69 23 31 86
100 75 92 82 85 2 67
78 29 64 67 79 81 28
84 100 72 53 17 66 58
55 87 34 98 52 74 85
82 88 1 51 35 61 87
62 16 42 91 70 72 23
64 37 66 6 68 73 91
35 80 59 100 30 61 10
60 23 87 72 55 64 60
61 79 51 49 54 30 54
93 84 54 11 20 88 90
13 88 27 53 91 96 93
10 94 51 55 78 42 77
80 77 27 83 50 27 9
61 69 26 8 98 54 70
25 68 14 10 25 6 73
34 100 79 82 85 95 9
29 19 75 4 64 78 61
85 43 9 46 47 60 51
78 62 99 5 91 45 93
21 88 7 52 96 87 77
76 19 18 98 47 68 64
29 14 53 49 55 49 29
12 35 76 53 70 77 45
3 42 86 55 58 69 85
54 40 30 90 56 78 95
8 25 19 55 51 68 21
80 21 54 65 31 79 71
94 65 11 22 74 7 47
85 89 4 71 75 73 26
5 80 74 51 44 60 71
90 75 62 4 80 86 75
67 56 98 3 56 90 79
99 77 4 7 61 67 69
52 26 65 7 72 66 44
41 8 80 17 74 60 93
85 46 68 26 48 32 51
22 16 28 92 88 38 16
61 100 2 62 19 90 87
70 66 3 67 62 37 71
90 67 79 60 3 76 21
65 3 96 73 75 81 72
62 43 52 9 50 62 39
11 77 41 55 88 66 26
87 36 30 6 62 58 76
39 41 95 16 4 67 26
40 56 95 12 59 72 28
12 71 95 64 55 39 80
52 98 79 67 85 23 29
97 79 23 77 3 31 40
55 5 80 68 62 43 16
8 34 80 65 22 94 26
90 58 36 58 76 61 9
74 91 6 54 65 57 53
15 28 18 40 56 48 83
5 97 62 76 46 89 71
81 11 85 77 59 6 98
