200 7
52 38 97 90 65 59 81
27 30 26 45 24 60 79
26 75 67 95 54 75 14
57 41 51 63 2 9 57
60 52 11 29 70 15 38
79 28 75 84 23 41 57
47 81 100 53 89 53 64
73 64 97 52 12 32 35
7 6 4 61 68 53 78
1 97 68 16 64 73 82
95 81 88 70 67 98 54
47 45 88 54 64 58 95
4 26 75 84 16 62 33
45 51 61 88 90 50 4
55 26 93 70 100 64 31
58 97 28 24 31 66 60
93 60 87 19 11 64 89
19 69 10 61 65 77 53
32 15 70 74 85 95 25
12 97 56 64 94 79 61
34 99 28 30 72 49 66
61 10 58 52 24 82 76
99 96 51 17 98 84 92
53 48 79 73 43 72 22
18 60 57 58 35 97 54
94 6 99 67 27 74 21
24 78 96 63 52 61 21
82 99 2 53 97 89 78
25 4 36 39 90 54 97
17 58 88 52 79 95 43
13 79 90 18 69 90 91
97 86 71 8 94 36 46
70 23 56 36 4 73 74
72 2 66 2 59 44 77
75 87 23 10 87 89 60
56 83 47 71 20 91 81
83 42 91 15 10 55 5
75 56 7 57 62 81 55
73 34 20 80 67 89 83
32 24 63 40 36 14 7
51 1 5 65 83 58 71
80 28 56 87 83 87 3
98 74 93 8 56 65 52
38 22 45 87 91 89 31
1 9 23 94 18 18 76
69 97 15 84 60 57 46
78 99 7 53 13 95 18
14 69 91 33 10 89 40
60 100 64 82 66 54 6
74 87 58 68 38 87 17
3 78 56 28 18 46 59
27 95 71 63 52 64 30
80 96 7 87 54 59 83
60 5 77 10 3 69 83
76 70 51 67 59 15 36
69 63 9 56 69 21 65
62 91 89 31 10 95 56
52 43 62 72 56 35 90
76 78 56 12 93 30 95
54 56 54 1 26 14 77
77 79 57 60 46 6 86
71 74 49 44 16 63 65
52 20 81 41 92 98 68
58 98 68 33 33 65 52
77 54 19 77 26 50 62
70 58 21 81 84 51 22
21 81 70 7 59 38 41
51 78 18 39 87 96 38
14 68 42 58 57 49 43
56 78 29 75 95 51 55
81 46 34 98 2 99 61
52 85 5 30 36 74 70
54 11 82 60 75 73 22
73 34 23 95 64 42 4
99 49 44 98 88 14 97
47 89 52 73 62 81 2
18 99 95 93 68 48 14
68 98 63 39 79 85 14
22 76 64 57 57 12 67
12 58 3 10 43 8 67
19 62 16 61 74 77 34
73 42 86 46 11 23 61
1 88 91 45 88 25 95
66 55 51 51 18 45 31
77 73 5 90 1 90 68
70 93 21 51 26 10 57
18 28 53 74 83 74 35
59 4 77 79 56 30 60
13 96 65 7 79 69 59
93 49 29 54 77 19 99
21 76 96 81 82 74 4
27 68 57 77 71 9 17
93 85 91 55 18 99 1
38 81 89 85 11 25 75
91 67 32 86 69 34 52
1 96 78 93 3 84 2
72 68 51 7 56 71 91
13 45 79 52 47 99 55
22 79 65 59 46 76 9
25 52 53 72 83 96 14
74 76 85 35 57 2 79
79 95 9 56 59 54 55
81 1 76 17 18 88 82
75 93 13 73 8 93 88
7 49 77 87 26 53 91
32 94 20 79 28 78 83
25 65 48 29 49 68 58
89 74 26 68 13 59 75
68 57 84 28 61 65 65
34 28 19 94 30 20 81
9 96 14 52 75 62 37
3 39 82 64 16 25 61
63 55 62 74 55 6 84
62 75 60 44 23 8 23
66 86 64 8 58 52 69
8 56 82 64 16 22 18
18 99 67 97 6 88 34
57 81 13 74 4 59 62
57 99 35 86 28 58 83
100 87 38 80 75 8 20
5 1 71 15 66 19 59
66 80 51 18 21 88 57
10 65 57 79 45 8 75
73 65 55 21 7 43 72
56 53 98 64 100 13 88
7 60 56 53 3 63 98
36 74 38 87 96 70 3
24 93 77 100 45 20 55
72 11 72 18 93 67 52
8 70 24 67 83 54 65
13 21 61 72 4 48 48
68 64 30 80 58 5 92
91 67 24 57 94 46 6
32 57 59 51 50 11 68
65 40 82 89 77 61 2
32 90 44 5 59 40 82
15 14 34 19 87 80 88
31 73 80 18 81 86 52
86 65 18 99 55 29 66
66 47 69 57 2 69 70
23 18 78 70 56 98 81
90 90 18 22 77 28 12
58 13 76 74 7 27 70
81 86 57 67 77 6 25
63 93 29 55 64 100 7
75 36 65 98 6 23 66
78 96 92 1 65 65 52
10 85 98 33 48 99 13
37 48 59 44 85 85 76
5 31 80 47 91 13 58
82 93 31 71 81 13 8
70 73 52 34 11 40 68
14 91 61 81 64 2 85
78 32 93 60 34 80 62
31 80 82 22 35 58 38
73 17 74 39 75 58 41
61 57 47 98 36 6 2
3 99 85 76 4 85 95
91 25 10 74 52 90 6
69 39 67 20 39 11 36
76 43 32 23 87 4 57
9 77 88 5 48 93 77
94 74 13 82 22 89 57
93 32 80 2 56 18 75
72 89 17 28 82 76 5
86 83 50 28 46 28 40
81 41 36 80 64 65 58
67 62 1 72 47 28 61
4 2 64 65 17 62 69
82 85 51 47 66 63 34
77 6 32 64 79 69 60
74 98 45 91 79 4 84
62 56 66 3 46 77 66
71 10 76 18 76 60 3
64 69 63 24 61 72 58
76 22 66 91 95 19 94
85 62 55 72 1 88 83
63 51 36 91 69 94 76
54 36 76 7 83 52 99
29 68 84 57 17 66 74
26 20 61 56 47 75 28
10 62 43 12 6 65 29
34 44 55 78 70 7 81
77 4 79 62 87 41 53
29 93 95 8 92 93 5
52 13 59 57 96 82 35
96 10 16 55 6 23 3
52 83 42 86 62 31 66
60 92 5 46 24 23 47
75 80 59 70 89 25 3
96 93 67 1 93 29 73
35 33 82 18 58 99 10
16 61 60 4 90 72 65
88 58 28 98 5 83 49
57 4 2 7 91 98 8
31 38 49 80 64 80 76
19 41 40 46 60 100 57
30 6 40 8 4 56 63
60 77 68 4 25 89 35
59 49 58 66 59 67 13
