200 7
27 99 57 81 58 38 50
81 65 66 50 65 67 62
79 68 91 60 87 94 93
87 99 52 64 97 30 77
53 8 70 79 72 65 60
51 22 77 35 99 50 60
80 15 54 72 81 15 70
74 29 51 98 81 81 61
58 46 77 78 14 39 88
84 17 52 82 94 95 4
69 83 96 84 28 93 72
77 97 88 62 41 42 65
20 45 93 38 80 79 36
59 39 29 17 53 53 8
57 100 95 8 8 71 80
92 17 7 52 76 74 33
77 65 44 67 49 51 84
8 30 35 38 92 78 21
96 57 59 71 72 29 68
15 21 6 18 23 87 53
66 13 99 63 56 83 58
72 97 2 64 32 94 88
6 71 89 94 52 96 4
7 66 54 47 66 53 96
88 65 83 5 77 20 89
13 62 100 12 40 61 45
29 73 80 55 93 50 5
94 70 37 7 1 42 75
66 81 38 15 83 79 14
90 33 67 56 84 72 80
55 70 11 98 49 8 4
53 98 3 30 63 65 39
92 10 58 62 63 16 78
73 33 37 17 95 96 38
29 85 71 13 94 74 77
66 18 84 79 52 79 81
60 37 35 16 77 67 56
23 96 70 55 90 27 8
71 66 77 68 64 7 87
7 9 97 55 20 49 72
34 68 33 37 89 53 80
3 78 100 85 29 99 86
56 41 65 34 52 36 52
20 65 96 86 95 38 59
77 39 19 95 81 67 72
35 41 86 1 6 70 93
91 42 85 56 7 70 58
40 22 70 87 69 84 84
16 58 6 63 62 22 63
92 4 62 35 56 77 93
69 94 91 23 58 38 79
77 99 6 18 66 58 44
85 56 13 94 53 65 27
98 47 60 37 26 74 53
47 39 4 78 92 29 85
97 62 36 51 55 18 62
74 47 27 8 65 81 53
95 25 94 34 98 81 12
62 1 88 40 38 51 33
14 73 46 92 15 71 81
41 27 87 69 42 63 28
83 58 43 93 52 3 43
71 56 53 96 36 79 71
38 60 96 92 25 7 95
56 69 74 23 82 96 14
74 65 69 78 16 53 82
74 43 88 57 78 38 44
53 5 8 70 40 84 60
71 60 89 79 86 5 81
45 26 9 44 77 79 74
74 73 56 85 2 92 10
36 54 5 76 94 44 3
53 42 66 73 71 63 78
84 15 56 26 18 83 81
59 94 15 6 17 57 72
98 45 35 19 7 54 77
29 51 64 98 12 93 63
50 78 38 91 43 82 72
76 77 54 93 59 37 83
51 80 8 68 52 31 32
37 47 62 84 88 74 57
68 57 58 79 11 20 55
9 54 91 4 53 7 38
60 63 75 90 16 73 68
80 91 63 55 51 72 36
23 87 28 78 74 53 30
4 27 5 90 70 62 80
79 15 30 77 72 51 73
34 57 87 91 8 60 36
65 63 98 52 75 78 1
4 59 74 27 97 87 14
35 50 65 98 78 50 3
12 99 95 27 6 93 40
73 14 32 66 54 69 98
2 5 82 22 80 5 68
79 51 72 51 59 46 20
96 66 57 94 28 1 66
73 14 95 83 32 26 11
95 55 40 12 66 9 81
6 54 86 67 67 74 89
69 6 51 58 11 11 85
82 18 67 79 10 91 77
50 35 36 14 68 75 67
32 15 44 99 54 72 47
71 79 27 3 80 63 82
47 57 74 51 91 23 82
74 43 5 28 1 8 53
99 57 19 59 5 89 52
9 72 19 8 43 15 19
52 10 91 66 13 58 55
59 9 100 86 1 91 100
82 61 80 85 59 12 49
87 2 86 45 96 69 75
15 42 91 55 63 3 63
75 9 86 68 24 24 54
28 59 38 62 42 65 6
5 66 62 51 80 84 53
89 49 25 58 95 71 44
59 12 78 52 98 61 55
74 37 81 91 48 88 36
94 32 99 51 79 74 3
38 85 27 57 66 65 18
76 78 97 98 29 47 3
51 43 22 17 80 62 38
19 26 92 3 73 57 95
18 77 98 57 55 25 4
78 59 69 9 71 76 70
22 87 61 90 21 42 82
6 70 60 98 71 31 99
1 83 100 79 51 45 30
88 9 42 29 88 95 49
96 27 31 25 75 97 51
59 45 64 44 52 2 26
54 50 47 41 43 75 95
83 11 79 57 36 16 85
6 42 65 70 26 24 67
8 51 18 46 82 76 78
70 62 58 60 80 3 100
15 53 6 92 90 79 62
53 81 81 70 26 52 38
80 44 7 70 62 93 16
32 30 84 94 95 14 53
43 100 15 54 47 66 92
7 57 82 98 86 76 43
79 88 60 4 100 93 65
27 51 30 45 82 53 79
54 14 77 65 69 61 87
97 13 71 24 41 59 58
96 25 93 42 87 16 8
57 9 56 98 25 27 21
59 75 55 5 83 65 94
73 34 41 100 51 87 38
21 72 22 99 100 76 1
16 73 13 5 72 8 76
3 76 41 55 40 67 44
93 100 4 81 81 28 21
87 52 43 13 74 19 30
51 81 63 51 16 99 88
68 53 4 71 33 71 7
27 33 39 97 11 93 18
74 53 19 10 53 59 7
55 98 11 45 87 99 2
74 21 80 37 93 74 54
88 93 65 22 67 10 75
85 5 53 33 86 69 92
9 20 87 18 7 62 72
66 24 75 61 90 27 79
71 21 74 72 23 10 53
18 85 89 8 28 88 26
59 74 56 82 90 21 14
35 89 2 70 92 29 86
66 54 3 45 75 30 72
16 81 13 26 73 74 1
92 18 52 83 54 90 47
82 55 57 25 68 11 68
79 11 66 62 84 72 50
63 33 77 76 75 32 92
47 11 96 41 49 53 7
25 36 34 29 87 52 60
55 86 2 67 66 94 71
68 56 85 41 16 87 32
26 79 31 70 1 18 25
82 72 58 60 27 97 20
36 5 93 56 9 30 61
59 51 25 13 63 21 81
55 72 95 16 7 79 88
91 25 76 51 97 27 60
60 5 58 86 30 38 77
63 26 4 98 44 64 53
21 13 71 11 27 78 74
7 23 19 55 62 41 74
95 97 79 68 40 74 29
12 40 34 27 16 97 28
84 60 1 87 9 6 92
92 10 24 44 74 24 79
38 78 45 72 24 74 10
58 67 47 52 59 56 74
58 89 97 38 19 96 56
69 91 56 11 25 40 85
98 4 67 64 60 76 73
