200 7
0.15 0.40 0.17 0.04 0.34 0.02 0.38
0.30 0.13 0.89 0.16 0.31 0.98 0.61
0.88 0.98 0.33 0.42 0.30 0.55 0.58
0.69 0.93 0.72 0.80 0.10 0.92 0.67
0.74 0.31 0.30 0.31 0.62 0.31 0.75
0.04 0.76 0.55 0.77 0.39 0.72 0.42
0.12 0.54 0.89 0.80 0.61 0.43 0.67
0.78 0.78 0.85 0.86 0.60 0.56 0.14
0.21 0.41 0.04 0.32 0.63 0.79 0.75
0.89 0.83 0.09 0.69 0.06 0.95 0.36
0.63 0.68 0.64 0.37 0.91 0.85 0.06
0.44 0.11 0.66 0.61 0.57 0.67 0.91
0.97 0.41 0.55 0.68 0.49 0.61 0.32
0.89 0.63 0.65 0.55 0.45 0.91 0.04
0.99 0.76 0.95 0.61 0.25 0.14 0.99
0.75 0.19 0.82 0.25 0.63 0.43 0.34
0.07 0.56 0.86 0.77 0.04 0.79 0.55
0.51 0.76 0.81 0.85 0.86 0.52 0.10
0.90 0.08 0.18 0.67 0.19 0.20 0.04
0.77 0.58 0.07 0.75 0.78 0.07 0.13
0.53 0.56 0.10 0.34 0.59 0.91 0.89
0.82 0.54 0.56 0.75 0.33 0.58 0.56
0.60 0.31 0.20 0.53 0.89 0.38 0.03
0.89 0.03 0.97 0.92 0.61 0.94 0.91
0.43 0.06 0.63 0.47 0.56 0.27 0.59
0.10 0.06 0.50 0.61 0.73 0.87 0.77
0.98 1.00 0.84 0.78 0.03 0.73 0.11
0.59 0.68 0.97 0.83 0.66 0.56 0.12
0.90 0.67 0.76 0.56 0.14 0.68 0.74
0.34 0.58 0.46 0.26 0.12 0.63 0.73
0.95 0.67 0.95 0.18 0.51 0.32 0.34
0.55 0.91 0.51 0.66 0.02 0.42 0.97
0.14 0.69 0.73 0.11 0.55 0.34 0.25
0.73 0.02 0.23 0.88 0.02 0.40 0.68
0.19 0.79 0.05 0.20 0.75 0.01 0.94
0.20 0.42 0.49 1.00 0.48 0.94 0.07
0.69 0.01 0.32 0.17 0.93 0.97 0.20
0.94 0.62 0.06 0.66 0.07 0.98 0.38
0.13 0.91 0.75 0.68 0.68 0.54 0.72
0.53 0.11 0.86 0.19 0.66 0.27 0.17
0.60 0.22 0.27 0.64 0.44 0.88 0.99
0.08 0.70 0.55 0.59 0.57 0.96 0.77
0.35 0.51 0.85 0.15 0.02 0.92 0.32
0.46 0.19 0.50 0.88 0.74 0.84 0.81
0.93 0.43 0.64 0.56 0.22 0.91 0.88
0.80 0.52 0.43 0.84 0.53 0.07 0.37
0.91 0.10 0.37 0.34 0.77 0.70 0.87
0.86 0.43 0.04 0.61 0.42 0.94 0.30
0.55 0.07 0.54 0.97 0.70 0.63 0.38
0.79 0.82 0.65 0.21 0.85 0.27 0.30
0.04 0.65 0.69 0.96 0.29 0.22 0.81
0.77 0.13 0.55 0.70 0.78 0.56 0.19
0.79 0.46 0.16 0.21 0.89 0.71 0.97
0.81 0.89 0.59 0.67 0.59 0.46 0.07
0.51 0.12 0.82 0.74 0.22 0.39 0.90
0.79 0.68 0.31 0.77 0.29 0.79 0.33
0.58 0.12 0.63 0.87 0.39 0.16 0.55
0.95 0.94 0.89 0.55 0.31 0.61 0.96
0.33 0.47 0.12 0.93 0.47 0.68 0.89
0.61 0.51 0.12 0.51 0.26 0.57 0.14
0.55 0.58 0.03 0.45 0.77 0.97 0.90
0.55 0.61 0.43 0.41 0.17 0.93 0.66
0.77 0.98 0.59 0.03 0.61 0.87 0.85
1.00 0.89 0.88 0.54 0.85 0.19 0.23
0.61 0.86 0.20 0.51 0.03 0.22 0.17
0.83 0.22 0.96 0.56 0.05 0.56 0.99
0.04 0.61 0.81 0.61 0.85 0.07 0.53
0.17 0.54 0.49 0.30 0.23 0.94 0.28
0.07 0.49 0.18 0.61 0.94 0.69 0.54
0.65 0.05 0.41 0.98 0.61 0.76 0.29
0.02 0.95 0.59 0.63 0.94 0.48 0.09
0.89 0.95 0.75 0.69 0.89 0.34 0.14
0.82 0.67 1.00 0.01 0.13 0.50 0.13
0.86 0.72 0.07 0.71 0.79 0.68 0.89
0.57 0.73 0.26 0.97 0.29 0.49 0.68
0.52 0.16 0.79 0.03 0.80 0.59 0.40
0.02 0.14 0.95 0.68 0.23 0.89 0.68
0.87 0.62 0.44 0.94 0.32 0.07 0.86
0.94 0.47 0.71 0.86 0.24 0.11 0.01
0.57 0.37 0.82 0.55 0.97 0.22 0.42
0.54 0.21 0.29 0.06 0.56 0.66 0.87
0.05 0.73 0.69 0.50 0.34 0.82 0.57
0.06 0.55 0.62 0.47 0.89 0.84 0.52
0.64 0.08 0.68 0.73 0.29 0.17 0.86
0.13 0.59 0.54 0.16 0.54 0.16 0.52
0.82 0.27 0.33 0.81 0.88 0.58 0.88
0.28 0.98 0.06 0.65 0.53 0.12 0.74
1.00 0.47 0.12 0.74 0.09 0.47 0.06
0.94 0.64 1.00 0.38 0.03 0.66 0.99
0.27 0.54 0.66 0.61 0.07 0.62 0.52
0.96 0.18 0.45 0.28 0.56 0.98 0.43
0.46 1.00 0.02 0.76 0.18 0.33 0.68
0.98 0.94 0.72 0.38 0.08 0.74 0.95
0.94 0.37 0.99 0.63 0.45 0.20 0.10
0.58 0.63 0.10 1.00 0.95 0.70 0.62
0.48 0.13 0.58 0.77 0.54 0.59 0.04
0.68 0.93 0.12 0.53 0.11 0.70 0.07
0.22 0.86 0.14 0.42 0.29 0.38 0.76
0.98 0.16 0.99 0.58 0.08 0.76 0.89
0.12 0.23 0.65 0.64 0.84 0.62 0.87
0.14 0.95 0.30 0.87 0.23 0.65 0.80
0.68 0.18 0.21 0.91 0.67 0.84 0.56
0.73 0.15 0.63 0.68 0.85 0.25 0.53
0.14 0.62 0.06 1.00 0.04 1.00 0.83
0.25 0.51 0.83 0.48 0.59 0.94 0.09
0.83 0.30 0.38 0.71 0.76 0.38 0.02
0.61 0.09 0.61 0.63 0.23 0.24 0.39
0.32 0.88 0.22 0.01 0.86 0.96 0.72
0.42 0.35 0.91 0.60 0.93 0.25 0.69
0.16 0.01 0.20 0.24 0.17 0.30 0.68
0.62 0.68 0.72 0.22 0.02 0.09 0.56
0.94 0.02 0.56 0.33 0.66 0.54 0.49
0.93 0.62 0.07 0.55 0.01 0.82 0.71
0.34 0.36 0.56 0.80 0.67 0.45 0.22
0.59 0.56 0.24 0.81 0.17 0.17 0.58
0.04 0.57 0.63 0.29 0.50 0.62 0.20
0.67 0.26 0.52 0.36 0.97 0.66 0.59
0.57 0.59 0.65 0.29 0.02 0.65 0.93
0.45 0.88 0.87 0.60 0.03 0.09 0.24
0.21 0.73 0.08 0.15 0.76 0.72 0.14
0.76 0.18 0.48 0.94 0.49 0.79 0.16
0.60 0.38 0.65 0.61 0.63 0.69 0.54
0.93 0.64 0.66 0.66 0.22 0.98 0.26
0.12 0.51 0.93 0.51 0.56 0.51 0.89
0.68 0.31 0.01 0.77 0.53 0.19 0.93
0.28 0.85 0.13 0.90 0.61 0.90 0.76
0.83 0.21 0.02 0.52 0.70 0.77 0.90
0.68 0.97 0.73 0.51 0.07 0.52 0.13
0.85 0.34 0.83 0.48 0.67 0.47 0.04
0.93 0.74 0.73 0.79 0.13 0.33 0.53
0.77 0.02 0.79 0.19 0.54 0.64 0.11
0.08 0.22 0.95 0.12 0.62 0.27 0.58
0.44 0.38 0.29 0.90 0.82 0.79 0.51
0.96 0.14 0.50 0.57 0.50 0.75 0.48
0.76 0.56 0.38 0.44 0.09 0.42 0.51
0.07 0.72 0.74 0.56 0.27 0.30 0.60
0.91 0.61 0.38 0.86 0.12 0.34 0.08
0.66 0.97 0.63 0.93 0.01 0.43 0.99
0.14 0.42 0.68 0.41 0.46 0.98 0.12
0.60 0.86 0.88 0.51 0.15 0.85 0.54
0.75 0.62 0.03 0.44 0.13 0.90 0.71
0.53 0.52 0.93 0.98 0.15 0.63 0.72
0.61 0.03 0.51 0.56 0.90 0.84 0.36
0.75 0.02 0.75 0.06 0.77 0.34 0.02
0.32 0.65 0.92 0.03 1.00 0.59 0.11
0.36 0.84 0.53 0.23 0.06 0.24 0.90
0.54 0.81 0.85 0.61 0.27 0.63 0.21
0.60 0.58 0.09 0.59 0.35 0.41 0.35
0.62 0.68 0.51 0.59 0.19 0.63 0.66
0.85 0.44 0.28 0.75 0.23 0.51 0.59
0.57 0.81 0.79 0.66 0.85 0.63 0.01
0.02 1.00 0.56 0.71 0.64 0.80 0.19
0.59 0.96 0.15 0.39 0.49 0.92 0.84
0.73 0.70 0.12 0.74 0.85 0.15 0.78
0.85 0.85 0.35 0.76 0.06 0.17 0.63
0.81 0.68 0.28 0.01 0.39 0.79 0.56
0.29 0.06 0.12 0.36 0.63 0.90 0.71
0.59 0.39 0.83 0.93 0.10 0.71 0.70
0.19 0.79 0.11 0.01 0.98 0.87 0.93
0.36 0.93 0.84 0.82 0.83 0.02 0.29
0.65 0.05 0.38 0.47 0.95 0.31 0.66
0.08 0.97 0.06 0.75 0.97 0.86 0.71
0.49 0.24 0.07 0.56 0.77 0.78 1.00
0.52 0.85 0.31 0.71 0.22 0.19 0.23
0.19 0.61 0.85 0.93 0.05 0.83 0.95
0.76 0.86 0.10 0.26 0.55 0.95 1.00
0.52 0.52 0.55 0.81 0.91 0.29 0.37
0.71 0.38 0.25 0.51 0.70 0.83 0.34
0.85 0.80 0.86 0.15 0.90 0.33 0.18
0.02 0.91 0.45 0.93 0.73 0.33 0.45
0.85 0.60 0.94 0.16 0.18 0.21 0.81
0.64 0.41 0.91 0.61 0.57 0.11 0.11
0.20 0.37 0.90 0.96 1.00 0.18 0.51
0.71 0.94 0.65 0.76 0.65 0.18 0.20
0.27 0.55 0.74 0.56 0.83 0.09 0.01
0.67 0.40 0.98 0.33 0.14 0.73 0.68
0.96 0.87 0.85 0.14 0.26 0.83 0.92
0.20 0.21 0.78 0.78 0.91 0.13 0.71
0.64 0.63 0.63 0.42 0.25 0.53 0.08
0.92 0.14 0.95 0.46 0.99 0.21 0.86
0.66 0.16 0.49 0.86 0.86 0.20 1.00
0.05 0.83 0.26 0.97 0.59 0.08 0.81
0.84 0.29 0.52 0.94 0.61 0.61 0.47
0.06 0.49 0.54 0.49 0.92 0.45 0.65
0.62 0.74 0.26 0.75 0.31 0.37 0.35
0.75 0.03 0.57 0.85 0.63 0.51 0.59
0.27 0.94 0.56 0.11 0.78 0.59 0.04
0.30 0.82 0.68 0.55 0.18 0.06 0.35
0.69 0.95 0.95 0.89 0.40 0.74 0.06
0.26 0.76 0.12 0.70 0.66 0.73 0.23
0.69 0.60 0.80 0.63 0.19 0.01 0.84
0.72 0.96 0.92 0.49 0.09 0.69 0.21
0.68 0.25 0.71 0.63 0.18 0.86 0.22
0.59 0.22 0.73 0.78 0.16 0.68 0.75
0.44 0.09 0.24 0.18 0.39 0.10 0.71
0.63 1.00 0.66 0.59 0.91 0.91 0.01
0.19 0.83 0.83 0.70 0.37 0.57 0.12
0.95 0.21 0.73 0.57 0.62 1.00 0.58
0.63 0.53 0.64 0.86 0.30 0.34 0.21
0.04 0.64 0.78 0.74 0.03 0.30 0.18
