200 7
0.71 0.90 0.39 0.90 0.44 0.42 0.94
0.04 0.70 0.85 0.01 0.82 0.33 0.89
0.84 0.56 0.24 0.13 0.48 0.90 0.43
0.61 0.71 0.54 0.91 0.62 0.56 0.22
0.99 0.77 0.73 0.58 0.24 0.32 0.66
0.72 0.62 0.57 0.53 0.58 0.05 0.61
0.31 0.51 0.19 0.24 0.76 0.73 0.46
0.14 0.08 0.59 0.24 0.91 0.61 0.50
0.18 0.25 0.51 0.89 0.08 0.56 0.08
0.12 0.91 0.71 0.89 1.00 1.00 0.08
0.87 0.70 0.80 0.91 0.24 0.54 0.53
0.10 0.72 0.56 0.08 0.57 0.85 0.16
0.90 0.58 0.40 0.78 0.87 0.71 0.67
0.49 0.64 0.68 0.82 0.61 0.52 0.39
0.65 0.56 0.07 0.14 0.72 0.90 0.63
0.82 0.96 0.42 0.01 0.82 0.39 0.16
0.03 0.97 0.94 0.07 0.48 0.77 0.21
0.81 0.66 0.73 0.35 0.88 0.59 0.23
0.95 0.96 0.80 0.88 0.57 0.81 0.83
0.70 0.90 0.46 0.27 0.41 0.34 0.52
0.68 0.97 0.58 0.57 0.94 0.75 0.31
0.75 0.87 0.86 0.93 0.54 0.28 0.74
0.62 0.80 0.75 0.30 1.00 0.56 0.53
0.20 0.23 0.69 0.75 0.63 0.67 0.29
0.81 0.34 0.26 0.92 0.73 0.94 0.29
0.50 0.45 0.96 0.12 0.15 0.21 0.38
0.23 0.83 0.84 0.97 0.84 0.22 0.37
0.49 0.08 0.71 0.85 0.90 0.72 0.85
0.76 0.87 0.61 0.38 0.17 0.59 0.87
0.43 0.91 0.92 0.33 0.89 0.55 0.66
0.59 0.74 0.77 0.58 0.21 0.58 0.68
0.69 0.19 0.87 0.01 0.52 0.45 0.86
0.72 0.29 0.96 0.88 0.98 0.03 0.93
0.72 0.91 0.81 0.53 0.35 0.75 0.66
0.74 0.65 0.93 0.53 0.07 0.40 0.17
0.06 0.25 0.57 0.60 0.98 0.06 0.95
0.52 0.72 0.62 0.39 0.87 0.68 0.73
0.66 0.74 0.20 0.15 0.38 0.72 0.13
0.62 0.15 0.50 0.55 0.38 0.71 0.89
0.98 0.26 0.52 0.59 0.44 0.97 0.38
0.15 0.90 0.73 0.57 0.30 0.84 0.03
0.65 0.66 0.84 0.15 0.84 0.60 0.70
0.76 0.26 0.33 0.51 0.95 0.70 0.97
0.51 0.63 0.96 0.16 0.88 0.32 0.21
0.82 0.07 0.17 0.69 0.70 0.52 0.61
0.09 0.65 0.69 0.74 0.73 0.60 0.26
0.81 0.22 0.97 0.40 0.06 0.59 0.95
0.52 0.43 0.22 0.76 0.63 0.38 0.89
0.90 0.73 0.37 0.95 0.22 0.92 0.06
0.80 0.80 0.37 0.49 0.30 0.55 1.00
0.68 0.27 0.66 0.66 0.58 0.97 0.62
0.68 0.64 0.51 0.62 0.85 0.18 0.77
0.13 0.16 0.55 0.04 0.79 0.72 0.61
0.83 0.38 0.98 0.35 0.59 0.16 0.42
0.92 0.20 0.67 0.18 0.66 0.05 0.52
0.74 0.99 0.04 0.15 0.72 0.24 0.68
0.82 0.14 0.62 0.98 0.85 0.05 0.81
0.57 0.25 0.59 0.56 0.52 0.80 0.69
0.49 0.84 0.46 0.02 0.51 0.99 0.64
0.10 0.59 0.73 0.89 0.31 0.89 0.46
0.06 0.54 0.69 0.11 0.79 0.84 0.32
0.53 0.87 0.88 0.03 0.55 0.53 0.69
0.34 0.51 1.00 0.61 0.88 0.30 0.49
0.65 0.70 0.78 0.03 0.85 0.12 0.67
0.72 0.98 0.82 0.04 0.51 0.04 0.27
0.24 0.18 0.88 0.78 0.98 0.84 0.35
0.67 0.41 0.51 0.80 0.65 0.96 0.43
0.60 0.69 0.99 0.44 0.96 0.82 0.01
0.40 0.47 0.25 0.86 0.78 0.98 0.85
0.99 0.43 0.85 0.17 0.73 0.47 0.54
0.79 0.75 0.80 0.21 0.16 0.62 0.95
0.84 0.53 0.65 0.15 1.00 0.44 0.40
0.74 0.59 0.34 0.99 0.51 1.00 0.16
0.18 0.56 0.33 0.30 0.83 0.44 0.66
0.56 0.92 0.26 0.82 0.90 0.06 0.75
0.58 0.68 0.04 0.53 0.51 0.99 0.57
0.78 0.25 0.49 0.06 0.92 0.79 0.92
0.58 0.52 0.14 0.96 0.43 0.97 0.90
0.02 0.36 0.52 0.94 0.76 0.95 0.31
0.93 0.14 0.23 0.25 0.49 0.97 0.96
0.64 0.83 0.11 0.28 0.64 0.91 0.96
0.84 0.79 0.61 0.69 0.27 0.77 0.67
0.69 0.97 0.81 0.17 0.44 0.62 0.59
0.41 0.55 0.55 0.84 0.27 0.91 0.68
0.86 0.30 0.70 0.97 0.89 0.11 0.46
0.07 0.53 0.09 0.58 0.46 0.88 0.61
0.69 0.10 0.62 0.51 1.00 0.51 0.27
0.51 0.14 0.17 0.90 0.30 0.48 0.02
0.78 0.16 0.74 0.24 0.34 0.85 0.60
0.32 0.28 0.60 0.53 0.30 0.93 0.17
0.69 0.59 0.93 0.48 0.07 0.51 0.32
0.94 0.02 0.65 0.19 0.54 0.83 0.03
0.66 0.83 0.68 0.26 0.67 0.52 0.48
0.78 0.17 0.66 0.33 0.80 0.16 0.67
0.57 0.66 0.15 0.81 0.02 0.76 0.41
0.54 0.82 0.76 0.75 0.62 0.33 0.33
0.06 1.00 0.09 0.31 0.65 0.89 0.62
0.46 0.29 0.98 0.85 0.39 0.82 0.36
0.66 0.78 0.59 0.64 0.74 0.58 0.84
0.86 0.49 0.75 0.16 0.04 0.74 0.48
0.55 0.53 0.45 0.68 0.91 0.18 0.21
0.74 0.68 0.57 0.65 0.44 0.65 0.62
0.14 0.90 0.93 0.69 0.43 0.66 0.97
0.62 0.99 0.52 0.98 0.90 0.47 0.53
0.84 0.66 0.85 0.01 0.55 0.24 0.25
0.88 0.72 0.21 0.58 0.63 0.74 0.59
1.00 0.63 0.12 0.55 0.82 0.89 0.43
0.66 0.76 0.01 0.83 0.70 0.99 0.23
0.67 0.69 0.74 0.44 0.38 0.52 0.37
0.94 0.08 0.08 0.78 0.42 0.67 0.47
0.07 0.70 0.81 0.46 0.81 0.49 0.95
0.06 0.37 0.88 0.15 0.59 0.30 0.89
0.92 0.72 0.88 0.57 0.99 0.01 0.81
0.70 0.37 0.98 0.40 0.08 0.87 0.74
0.91 0.07 0.48 0.33 0.03 0.73 0.82
0.77 0.51 0.78 0.97 0.06 0.41 0.80
0.67 0.51 0.51 0.41 0.12 0.81 0.95
0.31 0.54 0.83 0.70 0.98 0.82 0.28
0.60 0.92 0.80 0.97 0.55 0.10 0.36
0.66 0.71 0.02 0.68 0.83 0.55 0.65
0.21 0.69 0.59 0.02 0.85 1.00 0.99
0.65 0.15 0.57 0.87 0.68 0.34 0.51
0.12 0.82 0.71 0.62 0.82 0.50 0.08
0.93 0.74 0.18 0.66 0.04 0.74 0.55
0.68 0.42 0.11 0.77 0.67 0.55 0.20
0.03 0.42 0.99 0.03 0.16 0.66 0.54
0.29 0.64 0.67 0.24 0.93 0.01 0.86
0.27 0.81 0.19 0.68 0.89 0.46 0.66
0.36 0.18 0.04 0.95 0.61 0.31 0.21
0.69 0.65 0.66 0.71 0.79 0.50 0.85
0.76 0.87 0.15 0.65 0.69 0.08 0.96
0.79 0.57 0.73 0.49 0.52 0.81 0.64
0.51 0.64 0.20 0.51 0.01 0.02 0.46
0.17 0.53 0.20 0.94 0.82 0.76 0.59
0.97 0.86 0.55 0.07 0.59 0.78 0.92
0.64 0.30 0.14 0.92 0.95 0.84 0.53
0.18 0.51 0.74 0.07 0.14 0.08 0.08
0.96 0.08 0.26 0.60 0.70 0.29 0.47
0.51 0.89 0.21 0.60 0.04 0.64 0.17
0.58 0.95 0.08 0.51 0.88 0.87 0.84
0.86 0.48 0.55 0.38 0.27 0.09 0.90
0.74 0.65 0.56 0.39 0.05 0.51 0.98
0.51 0.35 0.64 0.69 0.92 0.22 0.05
0.84 0.17 0.61 0.23 0.98 0.68 0.33
0.63 0.24 0.51 0.88 0.60 0.26 0.99
0.94 0.05 0.71 0.32 0.36 0.39 0.65
0.56 0.80 0.05 0.64 0.42 0.59 0.95
0.76 0.59 0.64 0.51 0.39 0.30 0.99
0.33 0.12 0.11 0.16 0.63 0.79 0.51
0.56 0.95 0.73 0.04 0.70 0.40 0.75
0.38 0.52 0.22 0.59 0.66 0.58 0.55
0.13 0.67 0.53 0.65 0.83 0.74 0.26
0.36 0.54 0.42 0.96 0.33 0.55 0.99
0.52 0.09 0.73 0.95 0.77 0.04 0.08
0.59 0.65 0.43 0.48 0.51 0.96 0.67
0.40 0.07 0.56 0.06 0.78 0.85 0.79
0.55 0.84 0.19 0.83 0.20 0.26 0.88
0.56 0.31 0.93 0.40 0.26 0.60 0.70
0.45 0.68 0.72 0.89 0.03 1.00 0.64
0.26 0.55 0.13 0.74 0.65 0.67 0.41
0.12 0.66 0.99 0.68 0.76 0.34 0.83
0.84 0.60 0.14 0.71 0.92 0.06 0.32
0.92 0.50 0.70 0.15 0.43 0.79 0.55
0.52 0.17 0.21 0.70 0.78 0.74 0.85
0.56 0.91 0.59 0.17 0.89 0.36 0.53
0.15 0.81 0.91 0.91 0.56 0.61 0.17
0.37 0.60 0.58 0.61 0.97 0.35 0.94
0.80 0.46 0.21 0.86 0.03 0.72 0.82
0.65 0.82 0.48 0.53 0.87 0.11 0.19
0.25 0.89 0.43 0.64 0.20 0.24 0.14
0.61 0.73 0.34 0.23 0.44 0.82 0.75
0.87 0.30 0.82 0.69 0.32 0.67 0.42
0.82 0.54 0.37 0.19 0.45 0.27 0.84
0.91 0.25 0.93 0.42 0.64 0.25 0.69
0.24 0.56 0.12 0.74 0.87 0.49 0.64
0.82 0.63 0.97 0.32 0.12 0.12 0.65
0.72 0.83 0.63 0.47 0.82 0.15 0.96
0.55 0.11 0.95 0.65 0.81 0.75 0.65
0.65 0.73 0.99 0.19 0.07 0.96 0.53
0.84 0.80 0.13 0.50 0.55 0.81 0.89
0.30 0.48 0.79 0.18 0.78 0.54 0.84
0.65 0.94 0.14 1.00 0.93 0.99 0.10
0.47 0.71 0.57 0.39 0.04 0.27 0.07
0.76 0.15 0.90 0.33 0.64 0.48 0.29
0.53 0.79 0.27 0.71 0.90 0.07 0.38
0.76 0.52 0.43 0.55 0.49 0.91 0.04
0.34 0.08 0.90 0.92 0.62 0.57 0.01
0.31 0.91 0.67 0.44 0.40 0.99 0.71
0.32 0.74 0.71 0.35 0.48 0.77 0.68
0.28 0.43 0.84 0.80 0.84 0.96 0.04
0.10 0.43 0.23 0.30 0.81 0.54 0.88
0.76 0.06 0.56 0.92 0.09 0.10 0.96
0.99 0.86 0.16 0.03 0.33 0.02 0.02
0.94 0.98 0.36 0.10 0.11 0.59 0.10
0.65 0.10 0.81 0.96 0.09 0.97 0.10
0.11 0.97 0.92 0.62 0.70 0.56 0.44
0.70 0.69 0.62 0.46 0.15 0.26 0.95
0.77 0.04 0.32 0.64 0.81 0.30 0.64
0.39 0.62 0.11 0.70 0.19 0.40 0.80
0.93 0.48 0.14 0.53 0.96 0.21 0.87
