200 7
71 90 39 90 44 42 94
4 70 85 1 82 33 89
84 56 24 13 48 90 43
61 71 54 91 62 56 22
99 77 73 58 24 32 66
72 62 57 53 58 5 61
31 51 19 24 76 73 46
14 8 59 24 91 61 50
18 25 51 89 8 56 8
12 91 71 89 100 100 8
87 70 80 91 24 54 53
10 72 56 8 57 85 16
90 58 40 78 87 71 67
49 64 68 82 61 52 39
65 56 7 14 72 90 63
82 96 42 1 82 39 16
3 97 94 7 48 77 21
81 66 73 35 88 59 23
95 96 80 88 57 81 83
70 90 46 27 41 34 52
68 97 58 57 94 75 31
75 87 86 93 54 28 74
62 80 75 30 100 56 53
20 23 69 75 63 67 29
81 34 26 92 73 94 29
50 45 96 12 15 21 38
23 83 84 97 84 22 37
49 8 71 85 90 72 85
76 87 61 38 17 59 87
43 91 92 33 89 55 66
59 74 77 58 21 58 68
69 19 87 1 52 45 86
72 29 96 88 98 3 93
72 91 81 53 35 75 66
74 65 93 53 7 40 17
6 25 57 60 98 6 95
52 72 62 39 87 68 73
66 74 20 15 38 72 13
62 15 50 55 38 71 89
98 26 52 59 44 97 38
15 90 73 57 30 84 3
65 66 84 15 84 60 70
76 26 33 51 95 70 97
51 63 96 16 88 32 21
82 7 17 69 70 52 61
9 65 69 74 73 60 26
81 22 97 40 6 59 95
52 43 22 76 63 38 89
90 73 37 95 22 92 6
80 80 37 49 30 55 100
68 27 66 66 58 97 62
68 64 51 62 85 18 77
13 16 55 4 79 72 61
83 38 98 35 59 16 42
92 20 67 18 66 5 52
74 99 4 15 72 24 68
82 14 62 98 85 5 81
57 25 59 56 52 80 69
49 84 46 2 51 99 64
10 59 73 89 31 89 46
6 54 69 11 79 84 32
53 87 88 3 55 53 69
34 51 100 61 88 30 49
65 70 78 3 85 12 67
72 98 82 4 51 4 27
24 18 88 78 98 84 35
67 41 51 80 65 96 43
60 69 99 44 96 82 1
40 47 25 86 78 98 85
99 43 85 17 73 47 54
79 75 80 21 16 62 95
84 53 65 15 100 44 40
74 59 34 99 51 100 16
18 56 33 30 83 44 66
56 92 26 82 90 6 75
58 68 4 53 51 99 57
78 25 49 6 92 79 92
58 52 14 96 43 97 90
2 36 52 94 76 95 31
93 14 23 25 49 97 96
64 83 11 28 64 91 96
84 79 61 69 27 77 67
69 97 81 17 44 62 59
41 55 55 84 27 91 68
86 30 70 97 89 11 46
7 53 9 58 46 88 61
69 10 62 51 100 51 27
51 14 17 90 30 48 2
78 16 74 24 34 85 60
32 28 60 53 30 93 17
69 59 93 48 7 51 32
94 2 65 19 54 83 3
66 83 68 26 67 52 48
78 17 66 33 80 16 67
57 66 15 81 2 76 41
54 82 76 75 62 33 33
6 100 9 31 65 89 62
46 29 98 85 39 82 36
66 78 59 64 74 58 84
86 49 75 16 4 74 48
55 53 45 68 91 18 21
74 68 57 65 44 65 62
14 90 93 69 43 66 97
62 99 52 98 90 47 53
84 66 85 1 55 24 25
88 72 21 58 63 74 59
100 63 12 55 82 89 43
66 76 1 83 70 99 23
67 69 74 44 38 52 37
94 8 8 78 42 67 47
7 70 81 46 81 49 95
6 37 88 15 59 30 89
92 72 88 57 99 1 81
70 37 98 40 8 87 74
91 7 48 33 3 73 82
77 51 78 97 6 41 80
67 51 51 41 12 81 95
31 54 83 70 98 82 28
60 92 80 97 55 10 36
66 71 2 68 83 55 65
21 69 59 2 85 100 99
65 15 57 87 68 34 51
12 82 71 62 82 50 8
93 74 18 66 4 74 55
68 42 11 77 67 55 20
3 42 99 3 16 66 54
29 64 67 24 93 1 86
27 81 19 68 89 46 66
36 18 4 95 61 31 21
69 65 66 71 79 50 85
76 87 15 65 69 8 96
79 57 73 49 52 81 64
51 64 20 51 1 2 46
17 53 20 94 82 76 59
97 86 55 7 59 78 92
64 30 14 92 95 84 53
18 51 74 7 14 8 8
96 8 26 60 70 29 47
51 89 21 60 4 64 17
58 95 8 51 88 87 84
86 48 55 38 27 9 90
74 65 56 39 5 51 98
51 35 64 69 92 22 5
84 17 61 23 98 68 33
63 24 51 88 60 26 99
94 5 71 32 36 39 65
56 80 5 64 42 59 95
76 59 64 51 39 30 99
33 12 11 16 63 79 51
56 95 73 4 70 40 75
38 52 22 59 66 58 55
13 67 53 65 83 74 26
36 54 42 96 33 55 99
52 9 73 95 77 4 8
59 65 43 48 51 96 67
40 7 56 6 78 85 79
55 84 19 83 20 26 88
56 31 93 40 26 60 70
45 68 72 89 3 100 64
26 55 13 74 65 67 41
12 66 99 68 76 34 83
84 60 14 71 92 6 32
92 50 70 15 43 79 55
52 17 21 70 78 74 85
56 91 59 17 89 36 53
15 81 91 91 56 61 17
37 60 58 61 97 35 94
80 46 21 86 3 72 82
65 82 48 53 87 11 19
25 89 43 64 20 24 14
61 73 34 23 44 82 75
87 30 82 69 32 67 42
82 54 37 19 45 27 84
91 25 93 42 64 25 69
24 56 12 74 87 49 64
82 63 97 32 12 12 65
72 83 63 47 82 15 96
55 11 95 65 81 75 65
65 73 99 19 7 96 53
84 80 13 50 55 81 89
30 48 79 18 78 54 84
65 94 14 100 93 99 10
47 71 57 39 4 27 7
76 15 90 33 64 48 29
53 79 27 71 90 7 38
76 52 43 55 49 91 4
34 8 90 92 62 57 1
31 91 67 44 40 99 71
32 74 71 35 48 77 68
28 43 84 80 84 96 4
10 43 23 30 81 54 88
76 6 56 92 9 10 96
99 86 16 3 33 2 2
94 98 36 10 11 59 10
65 10 81 96 9 97 10
11 97 92 62 70 56 44
70 69 62 46 15 26 95
77 4 32 64 81 30 64
39 62 11 70 19 40 80
93 48 14 53 96 21 87
