200 7
30 58 43 40 9 69 16
55 68 83 79 67 56 92
66 4 81 62 95 97 77
80 40 32 81 12 74 73
92 51 74 14 91 2 80
86 28 53 27 76 27 95
3 68 47 32 17 6 28
98 89 85 31 18 58 18
61 90 97 64 51 38 13
60 51 9 91 27 15 28
68 73 27 44 26 92 28
80 96 12 64 59 64 67
15 63 69 51 2 84 73
27 63 51 3 59 76 12
73 7 17 53 49 72 82
77 73 77 87 15 38 85
61 75 2 58 88 66 76
2 93 53 82 96 94 24
46 41 52 48 19 62 81
90 20 83 70 23 32 89
43 58 3 66 91 10 64
70 55 17 89 93 32 30
8 64 74 8 55 78 54
95 46 51 59 7 47 79
70 27 53 47 87 95 20
86 72 58 22 80 52 99
73 60 87 57 11 99 7
16 87 4 54 71 8 68
60 37 79 79 81 57 6
25 52 1 96 97 75 24
61 46 87 61 81 89 16
17 25 67 74 99 81 93
27 59 95 98 50 22 63
54 59 25 51 78 84 70
71 53 93 23 22 89 12
86 4 73 62 62 12 71
83 72 85 16 63 63 61
13 82 48 81 54 65 17
41 15 77 47 33 60 48
46 87 18 95 96 58 25
68 86 9 32 43 74 83
100 82 78 95 14 52 14
14 48 16 94 35 62 2
84 87 20 66 62 58 55
43 70 31 22 58 98 75
95 46 60 36 50 94 2
79 63 84 24 28 84 85
67 40 84 93 80 16 25
12 1 53 25 78 82 26
90 21 91 26 76 51 23
19 43 51 87 83 41 42
70 75 73 73 3 30 67
20 27 23 9 94 56 30
44 59 34 82 34 44 4
75 61 68 35 78 81 76
6 100 11 24 28 15 10
15 61 41 56 4 75 9
55 56 44 62 52 15 78
59 85 38 51 18 2 33
18 83 16 93 26 62 88
65 20 62 32 94 64 90
90 67 77 97 84 14 12
54 35 17 54 79 64 69
32 53 70 59 1 93 66
57 74 20 96 23 96 98
63 50 54 74 59 22 62
75 70 27 87 65 37 81
27 56 83 59 10 63 15
99 54 52 58 51 52 16
98 74 78 52 6 81 69
24 23 18 72 67 52 89
55 23 4 23 69 78 96
62 83 44 36 52 76 100
21 22 91 5 87 57 86
68 67 56 62 18 60 26
66 89 8 83 45 64 90
50 32 60 81 43 96 62
68 98 74 24 12 92 53
61 13 70 86 52 52 100
93 59 87 43 78 57 75
5 59 95 98 59 79 55
58 47 41 75 53 97 88
11 72 98 26 40 61 32
43 92 26 36 94 15 87
32 47 76 59 100 90 12
51 75 40 5 75 9 61
51 80 3 41 30 81 73
44 7 86 32 30 63 99
97 73 24 99 59 1 66
14 52 76 82 38 98 60
78 4 96 62 66 44 55
100 55 66 35 54 97 98
2 62 47 16 95 87 94
94 100 20 84 96 78 2
49 60 65 15 45 31 2
5 89 75 19 58 47 60
63 91 86 17 35 77 23
87 70 23 73 68 46 47
73 72 14 63 64 63 74
58 6 4 3 65 77 57
53 24 14 94 9 99 73
53 38 49 66 7 29 91
99 81 36 92 76 4 91
78 51 70 94 12 27 84
2 95 97 81 61 27 80
27 84 94 96 82 1 89
15 59 93 66 36 69 4
52 29 75 96 92 88 8
71 91 87 29 64 10 3
11 25 68 98 58 10 37
77 52 53 88 52 65 38
33 82 70 56 77 23 20
84 59 21 69 65 60 86
35 39 15 74 56 11 44
57 25 50 79 31 20 55
22 76 89 14 94 9 43
94 34 3 8 95 5 97
64 70 36 72 21 68 6
12 97 31 23 93 95 24
95 76 45 26 3 94 74
75 90 53 6 78 16 54
11 53 55 80 58 83 10
88 19 53 86 60 5 59
54 71 40 99 82 7 65
85 97 52 60 85 53 10
57 99 30 7 24 79 80
38 63 73 21 22 64 40
8 28 100 84 89 69 82
52 77 49 59 20 57 13
61 18 22 99 80 73 44
86 49 71 30 13 70 31
84 4 85 36 77 61 61
78 8 98 1 82 86 85
73 14 54 60 85 51 90
53 52 55 8 23 66 84
60 31 72 29 5 34 39
89 69 2 21 80 9 6
56 64 4 33 97 93 52
64 61 9 58 89 66 59
79 65 20 64 71 78 53
74 25 55 69 82 70 4
7 29 44 6 66 31 65
88 15 34 74 43 73 72
63 37 41 70 43 64 93
67 34 74 76 78 18 98
6 63 82 58 70 72 18
82 84 65 18 30 17 88
52 84 71 32 5 20 61
7 78 97 58 12 18 54
91 6 48 70 8 63 23
19 57 6 86 98 70 7
54 7 88 57 87 67 84
92 5 90 50 62 82 7
75 5 61 74 57 97 98
78 34 7 74 78 16 73
12 95 32 70 95 18 62
76 5 85 68 38 91 65
16 29 63 32 74 63 2
80 47 98 7 81 70 40
20 86 2 89 94 74 88
55 54 66 71 53 90 72
74 13 23 44 89 17 86
61 75 46 86 88 15 35
83 31 95 77 70 29 68
77 78 74 19 64 24 99
72 27 88 72 98 32 67
28 54 65 94 47 1 90
79 30 62 82 34 14 69
88 48 61 19 97 70 25
59 59 38 14 75 56 83
73 93 45 80 28 31 29
80 23 52 67 36 68 66
56 65 80 2 94 60 73
43 71 31 21 98 26 16
66 70 29 80 33 67 96
78 28 32 54 5 72 67
31 88 94 24 95 99 2
50 15 66 79 60 29 70
71 33 94 65 14 86 6
75 92 85 8 35 76 13
72 69 31 6 62 92 11
54 79 20 56 75 94 38
63 95 36 43 87 63 90
56 94 4 12 79 51 76
30 33 12 70 94 14 60
23 75 2 64 44 94 55
75 18 66 52 70 66 74
21 87 4 96 55 99 8
1 100 57 53 21 69 39
78 27 60 96 92 64 25
73 35 72 5 87 57 21
13 58 21 81 55 8 43
22 97 50 64 32 35 22
59 64 69 31 95 21 27
99 54 53 83 51 4 39
80 82 79 7 15 31 45
62 78 81 69 4 59 65
86 93 53 3 74 55 43
11 67 5 57 81 58 72
3 52 52 4 92 96 79
