300 6
0.34 0.53 0.81 0.36 0.43 0.86
0.70 0.99 0.58 0.95 0.87 0.26
0.05 0.28 0.03 0.12 0.43 0.02
0.26 0.29 0.21 0.51 0.30 0.90
0.47 0.07 0.27 0.45 0.48 0.35
0.10 0.50 0.51 0.94 0.01 0.77
0.80 0.52 0.19 0.12 0.20 0.11
0.97 0.50 0.27 0.18 0.22 0.88
0.21 0.42 0.47 0.33 0.40 0.26
0.76 0.04 0.15 0.82 0.51 0.63
0.46 0.62 0.42 0.04 0.67 0.40
0.27 0.73 0.43 0.08 0.12 0.01
0.85 0.08 0.66 0.38 0.20 0.87
0.99 0.18 0.27 0.99 0.27 0.42
0.28 0.13 0.73 0.16 0.26 0.25
0.46 0.49 0.88 0.03 0.05 0.34
0.20 0.36 0.30 0.38 0.10 0.14
0.49 0.61 0.17 0.72 0.23 0.60
0.45 0.19 0.44 0.48 0.42 0.06
0.26 0.18 0.82 0.47 0.18 0.88
0.01 0.06 0.39 0.88 0.12 0.14
0.01 0.40 0.03 0.35 0.25 0.94
0.64 0.42 0.82 0.04 0.72 0.74
0.24 0.02 0.84 0.68 0.56 0.55
0.52 0.11 0.79 0.12 0.10 0.06
0.86 0.23 0.06 0.39 0.10 0.25
0.73 0.03 0.49 0.37 0.55 0.14
0.41 0.18 0.68 0.44 0.20 0.60
0.96 0.77 0.10 0.05 0.05 0.50
0.96 0.02 0.82 0.42 0.90 0.02
0.16 0.59 0.13 0.17 0.21 0.03
0.65 0.95 0.45 0.30 0.05 0.33
0.08 0.07 0.20 0.49 0.02 0.26
0.51 0.26 0.28 0.42 0.47 0.12
0.02 0.30 0.53 0.07 0.95 0.94
0.48 0.27 0.26 0.01 0.17 0.01
0.25 0.19 0.59 0.43 0.47 0.58
0.31 0.28 0.29 0.69 0.02 0.24
0.07 0.46 0.39 0.23 0.18 0.38
0.85 0.09 0.24 0.21 0.72 0.92
0.60 0.22 0.48 0.31 0.11 0.47
0.16 0.03 0.27 0.66 0.10 0.45
0.14 0.85 0.04 0.40 0.11 0.20
0.16 0.03 0.47 0.08 0.64 0.59
0.27 0.11 0.38 0.10 0.35 0.03
1.00 0.95 0.02 0.50 0.77 0.10
0.07 0.94 0.23 0.26 0.26 0.37
0.07 0.22 0.04 0.08 0.51 0.32
0.03 0.23 0.37 0.62 0.03 0.04
0.59 0.03 0.94 0.59 0.64 0.56
0.02 0.95 0.41 0.78 0.78 0.75
0.28 0.75 0.29 0.16 0.25 0.37
0.17 0.22 0.87 0.34 0.30 0.70
0.30 0.30 0.41 0.41 0.21 0.22
0.66 0.97 0.26 0.16 0.09 1.00
0.46 0.37 0.06 0.05 0.90 0.09
0.53 0.05 0.29 0.92 0.21 0.07
0.09 0.09 0.52 0.37 0.54 0.77
0.84 0.12 0.76 0.04 0.31 0.60
0.21 0.19 0.86 0.48 0.09 0.47
0.85 0.13 0.01 0.82 0.96 0.56
0.54 0.50 0.31 0.18 0.03 0.24
0.24 0.60 0.01 0.50 0.25 0.68
0.84 0.66 0.03 0.25 0.01 0.61
0.27 0.24 0.28 0.40 0.07 0.25
0.02 0.23 0.47 0.47 0.63 0.61
0.22 0.06 0.87 0.87 0.34 0.06
0.18 0.15 0.10 0.48 0.28 0.49
0.62 0.15 0.31 0.39 0.29 0.31
0.69 0.07 0.05 0.82 0.67 0.33
0.38 1.00 0.16 0.03 0.17 0.36
0.28 0.37 0.26 0.20 0.34 0.51
0.58 0.63 0.02 0.31 0.70 0.97
0.26 0.14 0.87 0.40 0.36 0.43
0.49 0.90 0.34 0.32 0.15 0.29
0.68 0.95 0.62 0.83 0.01 0.84
0.61 0.07 0.39 0.14 0.18 0.31
0.18 0.82 0.07 0.56 0.07 0.95
0.04 0.21 0.17 0.63 0.21 0.69
0.09 0.58 0.35 0.42 0.16 0.96
0.64 0.08 0.38 0.84 0.99 0.23
0.09 0.13 0.05 0.31 0.22 0.09
0.02 0.35 0.77 0.73 0.53 0.32
0.29 0.97 0.44 0.06 0.53 0.83
0.41 0.02 0.05 0.19 0.50 0.22
0.22 0.02 0.30 0.94 0.96 0.14
0.29 0.49 0.53 0.11 0.41 0.02
0.38 0.45 0.38 0.07 0.22 0.28
0.97 0.10 0.46 0.03 0.99 0.18
0.10 0.88 0.23 0.08 0.40 0.14
0.41 0.78 0.21 0.08 0.24 0.05
0.42 0.08 0.40 0.04 0.29 1.00
0.87 0.71 0.18 0.07 0.69 0.44
0.71 0.31 0.02 0.71 0.03 0.43
0.41 0.24 0.81 0.16 0.17 0.25
0.57 0.02 0.35 0.12 0.28 0.60
0.49 0.23 0.29 0.32 0.21 0.20
0.42 0.63 0.61 0.01 0.56 0.85
0.21 0.36 0.30 0.10 0.03 0.06
0.36 0.11 0.06 0.07 0.75 0.61
0.01 0.04 0.81 0.54 0.78 0.95
0.43 0.16 0.44 0.17 0.16 0.40
0.14 0.45 0.70 0.19 0.41 0.14
0.93 0.59 0.45 0.06 0.05 0.63
0.72 0.24 0.15 0.14 0.06 0.68
0.01 0.61 0.90 0.41 0.87 0.53
0.83 0.18 0.04 0.61 0.14 0.07
0.47 0.10 0.25 0.84 0.47 0.06
0.31 0.14 0.02 0.15 0.83 0.36
0.42 0.05 0.09 0.24 0.26 0.07
0.59 0.52 0.05 0.03 0.02 0.50
0.50 0.77 0.20 0.25 0.06 0.03
0.33 0.26 0.55 0.09 0.80 0.07
0.93 0.68 0.01 0.47 0.65 0.81
0.38 0.80 0.18 0.57 0.13 0.41
0.02 0.48 0.45 0.31 0.41 0.61
0.24 0.50 0.12 0.23 0.84 0.01
0.72 0.81 0.01 0.65 0.80 0.56
0.04 0.90 0.14 0.23 0.35 0.04
0.18 0.34 0.83 0.46 0.17 0.81
0.13 0.91 0.05 0.15 0.28 0.46
0.15 0.21 0.85 0.32 0.11 0.50
0.79 0.96 0.08 0.96 0.02 0.09
0.43 0.24 0.15 0.08 0.75 0.28
0.20 0.40 0.85 0.15 0.26 0.11
0.53 0.16 0.43 0.02 0.74 0.71
0.24 0.94 0.33 0.06 0.29 0.36
0.01 0.03 0.34 0.18 0.29 0.47
0.03 0.09 0.79 0.77 0.25 0.79
0.73 0.08 0.02 0.95 0.93 0.16
0.02 0.49 0.47 0.37 0.96 0.05
0.30 0.13 0.04 0.19 0.86 0.40
0.69 0.58 0.67 0.52 0.02 0.06
0.26 0.22 0.18 0.08 0.31 0.81
0.10 0.40 0.22 0.35 0.27 0.03
0.15 0.41 0.55 0.04 0.73 0.16
0.36 0.69 0.81 0.03 0.66 0.80
0.16 0.10 0.14 0.20 0.21 0.23
0.79 0.99 0.66 0.08 0.09 0.44
0.04 0.26 0.09 0.76 0.27 0.67
0.69 0.72 0.62 0.21 0.07 0.04
0.98 0.08 0.06 0.11 0.47 0.11
0.05 0.98 0.05 0.78 0.25 0.38
0.33 0.07 0.04 0.65 0.19 0.61
0.49 0.02 0.32 0.03 0.26 0.24
0.12 0.44 0.34 0.56 0.48 0.01
0.84 0.24 0.86 0.36 0.04 0.74
0.34 0.02 0.71 0.78 0.32 0.09
0.50 0.04 0.14 0.40 0.40 0.99
0.91 0.01 0.67 0.18 0.76 0.82
0.10 0.19 0.48 0.72 0.54 0.04
0.37 0.28 0.83 0.06 1.00 0.37
0.07 0.02 0.66 0.25 0.12 0.45
0.79 0.29 0.49 0.23 0.03 0.67
0.06 0.82 0.16 0.22 0.33 0.87
0.15 0.01 0.26 0.92 0.62 0.10
0.20 0.24 0.39 0.15 0.98 0.31
0.19 0.49 0.95 0.33 0.18 0.17
0.68 0.45 0.05 0.16 0.13 0.06
0.96 0.10 0.60 0.01 0.99 0.10
0.04 0.20 0.30 0.29 0.79 0.13
0.41 0.85 0.34 0.42 0.01 0.07
0.86 0.20 0.03 0.96 0.08 0.59
0.05 0.15 0.22 0.73 0.06 0.47
0.62 0.26 0.64 0.05 0.67 0.14
0.84 0.07 0.03 0.92 0.39 0.32
0.23 0.17 0.97 0.14 0.33 0.83
0.99 0.41 0.01 0.63 0.43 0.01
0.90 0.12 0.16 0.05 0.61 0.24
0.62 0.03 0.58 0.57 0.39 0.21
0.39 0.11 0.14 0.90 0.03 0.13
0.17 0.26 0.11 0.18 0.36 0.71
0.93 0.20 0.15 0.19 0.41 0.36
0.05 0.02 0.56 0.13 0.54 0.41
0.10 0.39 0.88 0.05 0.04 0.71
0.06 0.64 0.66 0.20 0.05 0.81
0.91 0.43 0.10 0.47 0.09 0.99
0.15 0.55 0.18 0.18 0.37 0.17
0.29 0.09 0.69 0.16 0.16 0.97
0.06 0.20 0.60 0.34 0.06 0.69
0.48 0.43 0.02 0.89 0.29 0.95
0.07 0.42 0.23 0.05 0.24 0.31
0.02 0.79 0.02 0.86 0.71 0.84
0.93 0.43 0.22 0.10 0.20 0.14
0.63 0.01 0.81 0.18 0.52 0.55
0.08 0.05 0.44 0.61 0.21 0.34
0.08 0.32 0.38 0.46 0.06 0.49
0.55 0.55 0.30 0.71 0.01 0.53
0.20 0.62 0.02 0.39 0.16 0.05
0.15 0.10 0.09 0.10 0.12 0.29
0.43 0.40 0.67 0.01 0.24 0.93
0.76 0.21 0.02 0.75 0.22 0.21
0.86 0.24 0.67 0.21 0.02 0.80
0.03 0.98 0.27 0.20 0.23 0.25
0.04 0.05 0.79 0.22 0.84 0.35
0.37 0.83 0.86 0.03 0.60 0.60
0.01 0.54 0.35 0.29 0.11 0.26
0.01 0.30 0.42 0.23 0.07 0.94
0.13 0.52 0.03 0.11 0.43 0.91
0.42 0.22 0.27 0.08 0.47 0.36
0.17 0.52 0.58 0.80 0.01 0.57
0.89 0.21 0.52 0.09 0.45 0.03
0.68 0.86 0.01 0.33 0.55 0.32
0.10 0.55 0.54 0.25 0.28 0.20
0.11 0.95 0.41 0.55 0.20 0.14
0.30 0.08 0.02 0.36 0.43 0.13
0.05 0.75 0.04 0.85 0.40 0.76
0.43 0.49 0.11 0.24 0.05 0.77
0.32 0.13 0.70 0.09 0.63 0.47
0.27 0.42 0.57 0.03 0.09 0.39
0.05 0.51 0.62 0.37 0.13 0.49
0.43 0.01 1.00 0.15 0.93 0.82
0.70 0.51 0.31 0.03 0.01 0.68
0.58 0.46 0.03 0.56 0.28 0.01
0.59 0.25 0.91 0.26 0.05 0.05
0.27 0.12 0.20 0.42 0.29 0.11
0.08 0.22 0.33 0.40 0.36 0.26
0.67 0.33 0.50 0.20 0.10 0.26
0.88 0.17 0.36 0.97 0.20 0.01
0.11 0.90 0.07 0.66 0.04 0.84
0.20 0.03 0.26 0.83 0.03 0.13
0.11 0.23 0.78 0.06 0.14 0.26
0.03 0.43 0.73 0.08 0.55 0.51
0.20 0.15 0.15 0.08 0.26 0.37
0.55 0.23 0.16 0.44 0.03 0.15
0.04 0.69 0.66 0.24 0.02 0.63
0.96 0.75 0.02 0.02 0.31 0.14
0.12 0.03 0.74 0.97 0.64 0.40
0.19 0.09 0.45 0.01 0.43 0.37
0.08 0.71 0.92 0.02 0.71 0.26
0.42 0.01 0.63 0.60 0.81 0.51
0.79 0.02 0.19 0.92 0.28 0.69
0.80 0.16 0.39 0.05 0.57 0.08
0.47 0.22 0.51 0.15 0.17 0.18
0.06 0.03 0.84 0.15 0.19 0.16
0.46 0.22 0.30 0.51 0.37 0.05
0.34 0.02 0.10 0.48 0.71 0.96
0.19 0.93 0.45 0.39 0.19 0.10
0.74 0.03 0.29 0.39 0.41 0.34
0.74 0.01 0.24 0.36 0.95 0.72
0.33 0.97 0.28 0.01 0.60 0.94
0.19 0.19 0.02 0.24 0.47 0.97
0.15 0.16 0.96 0.49 0.43 0.04
0.13 0.25 0.04 0.97 0.14 0.24
0.98 0.04 0.05 0.99 0.32 0.83
0.46 0.28 0.11 0.25 0.25 0.26
0.86 0.92 0.01 0.24 0.58 0.63
0.01 0.10 0.32 0.19 0.44 0.29
0.25 0.95 0.68 0.31 0.02 0.51
0.88 0.49 0.42 0.03 0.13 0.21
0.65 0.67 0.06 0.29 0.33 0.09
0.13 0.54 0.67 0.04 0.41 0.34
0.06 0.51 0.45 0.89 0.12 0.03
0.19 0.12 0.07 0.08 0.08 0.07
0.31 0.57 0.59 0.04 0.39 0.04
0.82 0.78 0.16 0.39 0.07 0.16
0.39 0.55 0.06 0.11 0.76 0.15
0.61 0.71 0.01 0.36 0.68 0.83
0.56 0.24 0.21 0.66 0.01 0.37
0.03 0.29 0.31 0.71 0.09 0.45
0.44 0.13 0.01 0.03 0.44 0.59
0.80 0.64 0.27 0.59 0.02 0.24
0.92 0.02 0.85 0.27 0.45 0.07
0.99 0.06 0.07 0.39 0.17 0.08
0.13 0.34 0.37 0.41 0.08 0.24
0.85 0.01 0.13 0.66 0.68 0.53
0.20 0.48 0.17 0.65 0.28 0.01
0.87 0.22 0.75 0.21 0.30 0.02
0.65 0.01 0.88 0.53 0.87 0.07
0.47 0.47 0.23 0.90 0.26 0.03
0.30 0.19 0.24 0.74 0.05 0.20
0.34 0.92 0.03 0.94 0.12 0.15
0.23 0.02 0.46 0.27 0.70 0.06
0.16 0.23 0.05 0.20 0.79 0.23
0.01 0.52 0.17 0.99 0.16 0.81
0.42 0.07 0.19 0.13 0.06 0.37
0.04 0.19 0.93 0.08 0.21 0.58
0.82 0.01 0.56 0.73 0.38 0.49
0.03 0.46 0.47 0.03 0.21 0.01
0.68 0.60 0.22 0.86 0.02 0.14
0.52 0.81 0.63 0.54 0.01 0.09
0.14 0.29 0.40 0.02 0.77 0.60
0.95 0.23 0.37 0.41 0.55 0.06
0.03 0.56 0.22 0.17 0.12 0.83
0.04 0.06 0.06 0.09 0.45 0.97
0.08 0.03 0.15 0.41 0.37 0.65
0.38 0.23 0.03 0.30 0.43 0.39
0.85 0.01 0.37 0.75 0.51 0.79
0.40 0.18 0.50 0.04 0.26 0.08
0.77 0.88 0.15 0.02 0.81 0.33
0.02 0.58 0.26 0.96 0.37 0.57
0.13 0.12 0.29 0.42 0.97 0.14
0.91 0.53 0.20 0.04 0.23 0.23
0.01 0.32 0.79 0.11 0.37 0.03
0.18 0.20 0.04 0.14 0.45 0.34
0.89 0.98 0.60 0.21 0.02 0.49
0.20 0.92 0.02 0.16 0.01 0.87
0.90 0.70 0.16 0.48 0.04 0.09
0.02 0.74 0.06 0.04 0.52 0.03
0.36 0.12 0.14 0.04 0.64 0.35
