300 6
34 53 81 36 43 86
70 99 58 95 87 26
5 28 3 12 43 2
26 29 21 51 30 90
47 7 27 45 48 35
10 50 51 94 1 77
80 52 19 12 20 11
97 50 27 18 22 88
21 42 47 33 40 26
76 4 15 82 51 63
46 62 42 4 67 40
27 73 43 8 12 1
85 8 66 38 20 87
99 18 27 99 27 42
28 13 73 16 26 25
46 49 88 3 5 34
20 36 30 38 10 14
49 61 17 72 23 60
45 19 44 48 42 6
26 18 82 47 18 88
1 6 39 88 12 14
1 40 3 35 25 94
64 42 82 4 72 74
24 2 84 68 56 55
52 11 79 12 10 6
86 23 6 39 10 25
73 3 49 37 55 14
41 18 68 44 20 60
96 77 10 5 5 50
96 2 82 42 90 2
16 59 13 17 21 3
65 95 45 30 5 33
8 7 20 49 2 26
51 26 28 42 47 12
2 30 53 7 95 94
48 27 26 1 17 1
25 19 59 43 47 58
31 28 29 69 2 24
7 46 39 23 18 38
85 9 24 21 72 92
60 22 48 31 11 47
16 3 27 66 10 45
14 85 4 40 11 20
16 3 47 8 64 59
27 11 38 10 35 3
100 95 2 50 77 10
7 94 23 26 26 37
7 22 4 8 51 32
3 23 37 62 3 4
59 3 94 59 64 56
2 95 41 78 78 75
28 75 29 16 25 37
17 22 87 34 30 70
30 30 41 41 21 22
66 97 26 16 9 100
46 37 6 5 90 9
53 5 29 92 21 7
9 9 52 37 54 77
84 12 76 4 31 60
21 19 86 48 9 47
85 13 1 82 96 56
54 50 31 18 3 24
24 60 1 50 25 68
84 66 3 25 1 61
27 24 28 40 7 25
2 23 47 47 63 61
22 6 87 87 34 6
18 15 10 48 28 49
62 15 31 39 29 31
69 7 5 82 67 33
38 100 16 3 17 36
28 37 26 20 34 51
58 63 2 31 70 97
26 14 87 40 36 43
49 90 34 32 15 29
68 95 62 83 1 84
61 7 39 14 18 31
18 82 7 56 7 95
4 21 17 63 21 69
9 58 35 42 16 96
64 8 38 84 99 23
9 13 5 31 22 9
2 35 77 73 53 32
29 97 44 6 53 83
41 2 5 19 50 22
22 2 30 94 96 14
29 49 53 11 41 2
38 45 38 7 22 28
97 10 46 3 99 18
10 88 23 8 40 14
41 78 21 8 24 5
42 8 40 4 29 100
87 71 18 7 69 44
71 31 2 71 3 43
41 24 81 16 17 25
57 2 35 12 28 60
49 23 29 32 21 20
42 63 61 1 56 85
21 36 30 10 3 6
36 11 6 7 75 61
1 4 81 54 78 95
43 16 44 17 16 40
14 45 70 19 41 14
93 59 45 6 5 63
72 24 15 14 6 68
1 61 90 41 87 53
83 18 4 61 14 7
47 10 25 84 47 6
31 14 2 15 83 36
42 5 9 24 26 7
59 52 5 3 2 50
50 77 20 25 6 3
33 26 55 9 80 7
93 68 1 47 65 81
38 80 18 57 13 41
2 48 45 31 41 61
24 50 12 23 84 1
72 81 1 65 80 56
4 90 14 23 35 4
18 34 83 46 17 81
13 91 5 15 28 46
15 21 85 32 11 50
79 96 8 96 2 9
43 24 15 8 75 28
20 40 85 15 26 11
53 16 43 2 74 71
24 94 33 6 29 36
1 3 34 18 29 47
3 9 79 77 25 79
73 8 2 95 93 16
2 49 47 37 96 5
30 13 4 19 86 40
69 58 67 52 2 6
26 22 18 8 31 81
10 40 22 35 27 3
15 41 55 4 73 16
36 69 81 3 66 80
16 10 14 20 21 23
79 99 66 8 9 44
4 26 9 76 27 67
69 72 62 21 7 4
98 8 6 11 47 11
5 98 5 78 25 38
33 7 4 65 19 61
49 2 32 3 26 24
12 44 34 56 48 1
84 24 86 36 4 74
34 2 71 78 32 9
50 4 14 40 40 99
91 1 67 18 76 82
10 19 48 72 54 4
37 28 83 6 100 37
7 2 66 25 12 45
79 29 49 23 3 67
6 82 16 22 33 87
15 1 26 92 62 10
20 24 39 15 98 31
19 49 95 33 18 17
68 45 5 16 13 6
96 10 60 1 99 10
4 20 30 29 79 13
41 85 34 42 1 7
86 20 3 96 8 59
5 15 22 73 6 47
62 26 64 5 67 14
84 7 3 92 39 32
23 17 97 14 33 83
99 41 1 63 43 1
90 12 16 5 61 24
62 3 58 57 39 21
39 11 14 90 3 13
17 26 11 18 36 71
93 20 15 19 41 36
5 2 56 13 54 41
10 39 88 5 4 71
6 64 66 20 5 81
91 43 10 47 9 99
15 55 18 18 37 17
29 9 69 16 16 97
6 20 60 34 6 69
48 43 2 89 29 95
7 42 23 5 24 31
2 79 2 86 71 84
93 43 22 10 20 14
63 1 81 18 52 55
8 5 44 61 21 34
8 32 38 46 6 49
55 55 30 71 1 53
20 62 2 39 16 5
15 10 9 10 12 29
43 40 67 1 24 93
76 21 2 75 22 21
86 24 67 21 2 80
3 98 27 20 23 25
4 5 79 22 84 35
37 83 86 3 60 60
1 54 35 29 11 26
1 30 42 23 7 94
13 52 3 11 43 91
42 22 27 8 47 36
17 52 58 80 1 57
89 21 52 9 45 3
68 86 1 33 55 32
10 55 54 25 28 20
11 95 41 55 20 14
30 8 2 36 43 13
5 75 4 85 40 76
43 49 11 24 5 77
32 13 70 9 63 47
27 42 57 3 9 39
5 51 62 37 13 49
43 1 100 15 93 82
70 51 31 3 1 68
58 46 3 56 28 1
59 25 91 26 5 5
27 12 20 42 29 11
8 22 33 40 36 26
67 33 50 20 10 26
88 17 36 97 20 1
11 90 7 66 4 84
20 3 26 83 3 13
11 23 78 6 14 26
3 43 73 8 55 51
20 15 15 8 26 37
55 23 16 44 3 15
4 69 66 24 2 63
96 75 2 2 31 14
12 3 74 97 64 40
19 9 45 1 43 37
8 71 92 2 71 26
42 1 63 60 81 51
79 2 19 92 28 69
80 16 39 5 57 8
47 22 51 15 17 18
6 3 84 15 19 16
46 22 30 51 37 5
34 2 10 48 71 96
19 93 45 39 19 10
74 3 29 39 41 34
74 1 24 36 95 72
33 97 28 1 60 94
19 19 2 24 47 97
15 16 96 49 43 4
13 25 4 97 14 24
98 4 5 99 32 83
46 28 11 25 25 26
86 92 1 24 58 63
1 10 32 19 44 29
25 95 68 31 2 51
88 49 42 3 13 21
65 67 6 29 33 9
13 54 67 4 41 34
6 51 45 89 12 3
19 12 7 8 8 7
31 57 59 4 39 4
82 78 16 39 7 16
39 55 6 11 76 15
61 71 1 36 68 83
56 24 21 66 1 37
3 29 31 71 9 45
44 13 1 3 44 59
80 64 27 59 2 24
92 2 85 27 45 7
99 6 7 39 17 8
13 34 37 41 8 24
85 1 13 66 68 53
20 48 17 65 28 1
87 22 75 21 30 2
65 1 88 53 87 7
47 47 23 90 26 3
30 19 24 74 5 20
34 92 3 94 12 15
23 2 46 27 70 6
16 23 5 20 79 23
1 52 17 99 16 81
42 7 19 13 6 37
4 19 93 8 21 58
82 1 56 73 38 49
3 46 47 3 21 1
68 60 22 86 2 14
52 81 63 54 1 9
14 29 40 2 77 60
95 23 37 41 55 6
3 56 22 17 12 83
4 6 6 9 45 97
8 3 15 41 37 65
38 23 3 30 43 39
85 1 37 75 51 79
40 18 50 4 26 8
77 88 15 2 81 33
2 58 26 96 37 57
13 12 29 42 97 14
91 53 20 4 23 23
1 32 79 11 37 3
18 20 4 14 45 34
89 98 60 21 2 49
20 92 2 16 1 87
90 70 16 48 4 9
2 74 6 4 52 3
36 12 14 4 64 35
