300 6
10 30 68 68 3 4
76 57 34 60 19 47
20 75 95 47 62 7
56 18 8 46 83 89
20 82 44 11 40 35
30 36 36 35 31 74
90 53 3 6 86 1
93 22 36 10 19 98
30 17 36 16 28 24
92 39 5 98 95 60
67 34 90 56 20 25
63 24 62 19 41 18
25 63 3 80 32 11
24 11 87 45 13 60
63 38 41 12 2 1
90 36 35 46 37 99
71 42 20 37 98 42
48 34 37 2 100 6
27 21 8 69 3 43
24 20 82 16 50 23
4 91 20 24 6 88
4 22 32 48 3 44
17 1 4 88 87 84
72 32 13 60 40 42
14 83 97 18 55 84
24 18 37 69 85 15
38 70 36 65 31 12
9 27 9 65 43 17
21 20 15 98 27 6
10 6 13 50 88 72
47 73 8 45 12 88
29 41 6 45 83 7
42 28 18 5 75 48
56 43 88 36 45 20
88 9 15 59 6 40
19 100 49 76 51 9
23 6 27 34 47 53
36 99 25 24 52 47
28 45 11 34 7 89
36 15 11 28 26 40
85 22 99 88 66 14
11 31 12 11 16 20
3 23 24 52 42 63
15 14 5 92 36 36
53 46 4 57 75 8
81 70 2 55 70 16
75 10 56 67 36 24
76 48 23 50 8 22
39 20 65 62 11 47
19 5 78 61 32 42
74 57 7 6 86 44
22 59 51 63 10 13
44 2 25 23 39 36
21 38 33 8 96 72
13 1 42 26 75 26
35 4 81 92 9 50
82 27 98 39 29 10
43 2 4 29 4 14
20 10 70 15 87 65
4 4 16 32 80 29
90 1 37 2 38 41
38 2 21 30 55 87
30 6 14 17 18 39
24 83 88 78 36 2
62 5 42 6 39 4
30 33 23 15 2 66
19 6 59 24 5 12
14 76 35 6 62 63
22 15 6 34 39 70
49 2 65 16 5 61
29 47 2 21 14 17
59 22 94 60 91 8
98 5 75 5 98 32
74 14 46 16 11 47
28 30 4 60 1 55
84 39 17 3 61 78
20 14 14 1 81 41
9 45 43 27 27 75
41 43 11 40 24 98
31 29 23 50 68 35
43 50 30 2 59 31
48 50 47 6 25 34
81 15 17 3 72 25
9 73 36 29 78 6
29 6 3 44 76 7
5 55 37 93 33 6
25 1 31 82 41 21
23 61 77 13 8 76
33 56 50 86 15 16
15 14 87 1 26 91
5 17 86 16 68 99
24 12 58 46 14 16
33 46 42 2 38 89
6 59 98 8 18 59
4 35 87 49 3 10
16 5 89 15 6 49
38 7 46 50 10 57
44 13 94 23 40 23
98 93 6 15 58 94
15 1 21 46 5 51
29 30 7 32 38 74
9 49 39 23 29 78
96 25 68 7 29 79
23 3 34 84 32 12
10 65 90 44 7 90
25 42 24 34 45 17
3 94 27 71 40 82
17 24 10 53 14 35
15 85 8 64 56 96
16 14 6 15 1 71
7 40 32 15 83 67
28 2 2 42 68 86
32 20 30 37 38 31
24 19 87 10 76 71
1 15 76 33 91 8
83 89 1 18 100 42
34 2 11 40 1 30
6 48 79 12 17 20
90 15 33 75 45 7
10 59 60 9 70 64
24 86 7 57 69 18
28 21 49 23 49 11
54 11 42 57 23 8
18 12 16 11 38 100
20 31 35 7 46 56
53 95 75 2 56 16
52 8 36 11 96 10
81 68 18 68 45 5
8 47 43 11 74 21
38 50 45 15 34 19
24 71 18 21 19 16
49 62 5 8 41 49
15 87 4 78 34 63
8 85 7 98 47 66
6 50 29 38 38 50
75 78 2 79 1 95
7 17 16 35 26 25
10 16 8 17 21 7
52 88 92 71 4 1
3 19 14 4 48 39
90 58 34 15 57 2
6 18 27 54 7 60
70 28 30 2 56 44
10 11 7 20 18 45
93 62 8 99 66 5
25 36 71 2 68 48
67 84 41 2 29 45
42 97 20 9 98 6
89 58 1 25 62 77
1 73 74 24 66 57
7 63 1 12 46 35
22 11 46 2 10 30
65 58 7 10 36 60
4 3 6 1 71 21
10 36 2 70 54 5
33 48 24 3 38 75
37 76 58 49 66 2
8 31 72 25 23 43
21 16 51 4 58 83
20 4 25 20 6 84
7 90 26 21 31 87
17 41 49 3 9 41
12 2 89 31 43 48
3 91 5 74 15 30
3 23 15 2 55 71
80 94 70 1 14 3
3 46 84 28 35 17
27 14 73 2 62 10
77 87 5 8 28 89
2 15 73 45 71 87
72 63 10 27 6 4
11 97 3 29 67 19
22 25 21 46 92 6
32 10 9 17 39 85
21 5 92 24 91 10
39 15 52 70 52 26
70 12 9 5 83 7
74 1 12 87 1 31
60 12 1 4 33 12
23 98 29 29 3 41
71 2 25 12 37 43
91 4 23 7 36 21
2 62 79 35 72 84
5 31 44 23 42 98
92 39 83 11 2 22
91 58 6 3 67 38
15 41 27 25 3 17
81 98 52 2 27 26
48 41 7 21 29 30
25 96 5 74 51 9
9 34 70 1 61 49
15 41 23 38 11 57
57 56 37 81 5 12
57 48 19 11 3 16
62 88 56 1 61 42
13 29 82 5 39 84
8 24 40 14 17 48
1 65 6 7 15 15
83 49 1 44 76 10
47 100 65 10 68 10
9 39 94 26 49 30
8 8 30 18 19 74
75 56 99 6 56 1
85 21 82 1 90 16
4 75 27 13 5 27
40 9 6 66 38 42
30 7 12 94 26 73
20 2 8 27 11 53
94 11 16 14 16 52
2 15 67 1 13 65
26 19 33 16 37 49
52 88 15 4 36 15
2 13 55 67 65 91
1 13 50 41 11 23
3 14 82 35 5 24
76 73 72 1 8 33
48 24 5 14 61 41
68 87 12 69 51 4
8 4 31 40 11 99
50 61 50 5 45 10
69 90 98 8 41 1
7 2 57 42 57 79
20 55 10 61 12 22
51 9 37 3 30 45
10 55 32 44 81 2
28 81 50 27 3 13
12 55 4 19 14 1
2 30 1 54 51 35
46 86 37 76 4 4
3 43 20 41 34 65
18 36 41 15 2 8
84 69 6 2 32 91
3 21 64 26 18 79
22 22 93 6 6 48
66 41 85 10 1 64
37 14 6 7 39 34
1 41 25 40 92 64
5 20 13 70 61 69
8 8 85 27 9 5
28 2 99 7 9 77
85 91 21 1 52 57
8 3 39 8 15 12
32 35 2 20 18 98
45 5 4 31 2 33
31 11 2 95 10 100
7 3 95 71 58 2
12 81 86 26 4 93
35 36 91 9 14 28
95 72 64 3 20 22
17 14 49 38 12 3
82 6 16 70 25 9
55 24 14 68 91 6
18 66 4 30 3 25
72 33 44 11 5 98
11 97 78 77 2 90
38 49 75 7 17 25
99 43 35 5 20 51
29 34 24 3 32 82
91 89 97 10 3 63
71 49 42 3 38 40
15 24 58 8 1 45
28 3 50 27 84 1
13 68 84 68 7 2
26 50 48 10 55 6
4 63 3 89 37 52
25 2 23 87 22 26
24 32 43 6 4 23
79 15 89 21 69 1
12 2 12 5 44 19
10 63 83 31 70 6
53 79 1 34 66 19
5 4 73 32 10 23
56 47 26 64 52 4
86 1 20 69 44 22
11 11 12 53 24 12
14 91 1 63 9 77
96 23 42 80 5 10
37 14 24 33 10 29
88 86 9 18 85 3
33 36 19 18 4 19
70 34 14 65 45 5
92 1 45 23 93 1
5 16 45 58 60 98
16 2 40 27 15 21
35 81 38 12 6 77
1 45 46 54 88 66
82 46 41 11 10 100
13 46 25 35 1 76
4 86 2 27 6 42
33 42 3 92 16 70
71 84 11 2 72 6
100 28 12 13 20 39
13 53 3 22 51 31
47 61 74 75 1 20
15 41 30 11 81 3
88 77 2 63 6 4
6 29 63 21 35 24
46 74 25 28 2 8
7 15 88 86 28 12
4 14 41 54 3 88
