300 6
33 6 53 77 87 87
52 70 54 60 62 14
14 86 35 18 22 48
85 4 49 16 34 34
66 23 31 28 36 22
47 31 4 38 49 97
29 11 38 6 35 3
28 29 80 81 44 63
99 52 50 4 1 34
20 33 94 7 54 56
26 76 13 97 62 16
94 72 47 18 32 33
99 37 77 42 31 40
37 86 25 36 82 7
19 9 9 43 34 14
38 47 58 29 15 13
95 78 14 8 72 60
8 46 19 46 35 84
61 47 40 32 20 22
11 47 13 26 20 48
21 24 48 20 16 16
55 36 20 68 34 2
21 8 6 96 19 5
30 95 3 49 57 34
63 35 22 16 51 13
47 4 68 40 61 28
14 70 13 13 33 82
18 28 19 20 25 41
24 31 85 56 8 79
43 30 7 5 90 45
87 78 72 42 4 35
83 1 89 40 47 52
31 6 23 77 21 11
61 90 21 35 15 37
22 17 70 6 29 28
9 5 5 77 11 98
40 1 34 52 46 45
4 47 16 86 33 99
12 22 49 33 48 21
33 10 15 22 93 43
17 7 93 25 10 80
12 41 10 13 23 48
98 36 44 95 8 59
32 43 51 14 11 72
16 32 36 21 95 32
3 33 30 59 97 93
2 87 85 89 16 81
27 49 1 71 32 74
3 77 14 30 12 78
8 10 5 23 23 40
78 23 15 33 8 95
14 35 51 7 66 35
42 41 8 24 20 15
1 40 86 30 39 59
31 19 19 4 10 4
69 50 94 87 6 53
51 20 16 1 38 18
24 5 7 40 86 41
1 10 31 20 82 50
4 98 2 62 93 1
6 56 29 20 11 85
3 63 49 7 96 41
38 62 64 42 8 39
44 6 3 19 21 88
68 53 85 3 36 74
20 72 40 29 83 31
6 70 36 50 41 11
44 10 92 92 19 84
11 5 35 37 85 16
17 24 7 67 5 82
4 13 31 22 41 52
29 59 56 40 3 43
45 48 46 40 5 33
90 32 7 15 51 89
86 1 12 91 11 75
10 6 18 100 51 73
29 79 43 19 18 75
33 8 37 31 87 88
2 47 57 71 43 95
38 8 92 10 96 32
34 40 23 3 37 6
16 45 12 6 23 23
29 19 71 21 28 19
42 44 2 13 44 49
18 2 11 79 13 85
74 2 57 92 7 70
19 39 21 7 22 91
6 25 31 27 44 25
4 1 89 2 68 91
45 33 41 33 9 88
1 55 67 82 7 62
49 47 34 38 6 58
34 13 40 31 24 2
23 58 68 32 82 14
4 90 74 4 36 84
88 44 35 7 7 37
7 54 50 22 55 41
14 20 40 37 49 34
37 6 15 22 47 88
9 37 21 51 80 4
54 12 67 31 15 90
15 27 7 60 15 10
45 24 28 91 21 1
21 18 70 73 7 59
30 4 50 2 55 58
22 35 23 45 23 2
90 15 6 33 91 8
48 3 16 53 10 21
91 47 1 55 72 94
28 17 63 31 47 22
35 33 10 18 18 3
8 23 99 80 69 20
27 2 13 27 50 55
86 29 21 99 67 3
80 95 1 29 84 82
62 19 18 8 85 70
71 3 42 11 73 61
2 98 5 73 70 72
29 6 95 14 48 28
7 29 24 79 16 34
43 3 59 12 95 90
8 34 38 17 92 78
20 14 42 2 99 45
23 83 57 94 1 18
17 25 88 28 24 36
27 25 71 43 82 7
15 23 28 20 40 60
1 24 4 57 62 96
97 6 10 1 27 4
9 97 72 84 5 45
67 18 26 19 63 23
6 3 21 9 17 96
61 14 71 47 7 50
45 99 1 16 15 4
92 64 1 95 55 66
25 19 22 18 34 38
32 57 15 10 86 12
45 8 35 36 67 20
4 12 83 55 46 58
75 11 5 4 28 5
34 88 22 4 7 87
50 7 5 30 73 70
9 35 15 53 2 9
3 87 96 77 52 21
51 32 6 83 5 52
16 45 76 7 58 21
11 1 50 36 56 35
42 14 29 13 21 21
5 11 8 9 10 93
60 22 79 90 4 76
10 24 21 11 99 11
59 9 37 9 60 12
49 13 33 10 3 29
7 5 71 79 15 67
62 36 3 49 41 49
54 49 40 42 6 1
100 5 68 63 94 10
50 26 43 1 6 86
22 38 49 56 6 8
1 61 45 74 57 74
25 19 39 1 12 71
29 21 55 26 14 11
14 77 16 40 59 5
15 82 19 36 85 1
17 25 79 12 98 16
15 39 15 11 49 88
13 43 40 50 19 44
5 38 59 95 27 21
2 49 77 15 92 46
17 31 96 1 60 33
58 2 99 99 71 13
22 39 13 25 10 38
7 68 14 52 23 83
32 24 50 93 3 67
4 28 16 61 77 63
94 75 8 44 6 17
1 40 36 60 17 53
80 90 30 44 4 4
29 2 31 18 39 39
84 2 44 75 7 19
97 96 2 53 15 28
9 87 21 49 33 23
18 11 46 78 48 39
8 13 18 6 2 28
41 54 66 85 52 1
98 11 35 6 15 28
14 62 2 90 65 44
5 77 7 18 46 3
3 62 38 42 59 29
9 90 9 25 39 15
53 6 80 2 93 46
1 55 16 35 17 51
48 78 16 3 54 42
3 10 49 66 63 94
12 22 98 9 17 12
23 49 84 5 1 15
29 50 1 57 32 9
23 62 62 20 7 2
19 38 3 3 16 49
10 21 73 12 63 7
99 2 66 57 88 29
10 8 78 16 36 40
7 47 25 38 30 15
71 1 32 40 21 5
20 56 58 79 67 1
7 22 4 59 49 76
10 32 25 97 50 1
55 4 99 70 88 16
42 11 32 9 48 14
27 70 50 52 94 1
45 31 47 3 3 28
73 81 71 9 38 1
84 2 86 76 5 25
14 58 19 17 41 13
11 28 77 35 56 20
70 12 35 34 2 43
14 68 1 2 42 33
82 1 15 75 79 58
44 9 49 28 29 52
90 57 34 2 9 24
19 76 16 26 62 13
94 50 3 13 9 53
51 16 42 1 90 10
42 55 3 51 13 43
69 4 49 18 13 22
21 8 28 40 6 74
37 4 78 5 56 50
81 7 35 6 12 10
15 13 73 82 11 17
82 1 95 65 14 54
19 30 5 49 56 31
43 47 30 5 2 90
36 100 16 9 41 12
69 8 2 54 91 51
50 34 13 43 9 25
45 21 3 13 21 8
5 69 88 41 80 5
57 71 2 37 74 11
33 26 3 9 5 26
31 3 15 99 53 29
8 5 24 87 94 83
59 13 55 2 35 20
31 3 62 32 7 52
11 40 6 43 5 42
14 51 2 65 66 78
98 7 31 15 87 3
23 22 3 7 6 26
20 63 6 22 68 11
5 98 1 83 17 79
26 6 20 21 59 100
63 46 32 19 6 5
1 22 38 46 25 2
11 55 83 4 47 67
56 85 55 22 7 19
1 96 25 12 17 4
3 100 52 11 15 42
4 56 65 6 29 44
7 46 8 38 37 7
3 4 92 31 76 7
79 17 1 64 72 42
13 91 34 33 12 6
17 30 92 24 6 25
2 51 61 34 61 9
8 99 2 10 58 60
2 25 37 38 23 74
39 52 2 88 5 83
4 22 43 45 22 9
57 3 6 77 54 69
12 1 4 37 64 37
46 79 5 1 1 29
98 59 77 23 5 8
67 2 13 27 14 34
95 4 43 33 9 51
32 7 12 2 21 11
80 85 6 74 8 25
4 94 93 44 60 3
25 42 11 24 5 21
6 53 8 51 84 60
19 34 1 39 59 48
18 11 37 31 78 16
5 31 6 17 29 22
92 9 76 100 95 2
53 7 35 1 86 5
28 87 2 30 14 24
6 6 98 15 56 87
15 3 69 97 30 56
20 25 8 87 47 24
36 17 8 14 96 79
43 68 57 87 1 83
23 41 89 32 44 1
87 19 77 3 10 28
15 24 56 15 72 25
75 28 50 83 4 13
7 2 95 21 67 28
13 44 47 5 17 42
17 48 40 60 2 5
33 42 40 57 1 37
31 85 31 84 52 1
24 8 95 77 35 17
26 48 19 74 42 6
