300 6
0.09 0.31 0.39 0.45 0.64 0.47
0.04 0.60 0.80 0.39 0.10 0.52
0.32 0.14 0.91 0.94 0.69 0.24
0.83 0.10 0.39 0.46 0.55 0.45
0.68 0.66 0.42 0.47 0.02 0.03
0.76 0.40 0.62 0.23 0.94 0.16
0.16 0.13 0.09 0.17 0.06 0.94
0.11 0.43 0.21 0.71 0.40 0.24
0.70 0.44 0.23 0.86 0.03 0.50
0.14 0.30 0.37 0.19 0.75 0.34
0.17 0.11 0.85 0.43 0.47 0.13
0.31 0.67 0.87 0.05 0.21 0.44
0.20 0.99 0.16 0.22 0.55 0.12
0.54 0.44 0.13 0.47 0.28 0.09
0.63 0.85 0.10 0.70 0.34 0.44
0.88 0.35 0.27 0.15 0.61 0.48
0.31 0.71 0.15 0.21 0.13 0.20
0.73 0.28 0.23 0.59 0.23 0.86
0.16 0.11 0.19 0.52 0.39 0.84
0.33 0.20 0.61 0.42 0.64 0.47
0.43 0.27 0.99 0.40 0.89 0.71
0.16 0.37 0.09 0.06 0.46 1.00
0.35 0.07 0.31 0.76 0.94 0.25
0.87 0.31 0.80 0.82 0.13 0.08
0.90 0.36 0.49 0.80 0.65 0.19
0.24 0.30 0.01 0.25 0.30 0.91
0.13 0.24 0.03 0.21 0.58 0.68
0.19 0.45 0.95 0.44 0.27 0.06
0.32 0.14 0.41 0.34 0.04 0.14
0.22 0.43 0.18 0.08 0.09 0.27
0.07 0.78 0.81 0.66 0.16 0.06
0.01 0.13 0.92 0.14 0.46 0.45
0.90 0.19 0.12 0.86 0.04 0.16
0.42 0.27 0.25 0.12 0.31 0.14
0.88 0.42 0.82 0.51 0.03 0.14
0.55 0.11 0.45 0.22 0.97 0.81
0.47 0.31 0.43 0.07 0.38 0.85
0.22 0.24 0.14 0.43 0.22 0.14
0.63 0.44 0.12 0.13 0.98 0.46
0.72 0.34 0.07 0.52 0.19 0.33
0.16 0.83 0.72 0.95 0.17 0.43
0.05 0.36 0.89 0.34 0.78 0.21
0.17 0.19 0.39 0.01 0.56 0.10
0.06 0.21 0.98 0.90 0.44 0.51
0.46 0.19 0.37 0.26 0.25 0.73
0.15 0.88 0.15 0.10 0.34 0.12
0.14 0.42 0.10 0.57 0.13 0.09
0.89 0.01 0.56 0.30 0.29 0.78
0.06 0.02 0.75 0.40 0.07 0.25
0.13 0.61 0.88 0.60 0.52 0.12
0.16 0.73 0.36 0.19 0.66 0.16
0.95 0.79 0.49 0.07 0.13 0.58
0.84 0.06 0.85 0.64 0.41 0.03
0.95 0.09 0.23 0.33 0.28 0.17
0.11 0.36 0.43 0.02 0.98 0.08
1.00 0.48 0.01 0.42 0.43 0.46
0.23 0.31 0.31 0.23 0.40 0.49
0.09 0.88 0.27 0.63 0.67 0.39
0.68 0.11 0.20 0.57 0.65 0.68
0.13 0.48 0.20 0.32 0.36 0.63
0.37 0.35 0.40 0.01 0.24 0.84
0.29 0.85 0.16 0.23 0.47 0.69
0.31 0.23 0.28 0.03 0.96 0.78
0.06 0.37 0.73 0.67 0.54 0.03
0.26 0.11 0.31 0.17 0.39 0.70
0.45 0.42 0.13 0.54 0.68 0.44
0.32 0.35 0.23 0.01 0.37 0.41
0.92 0.02 0.20 0.39 0.55 0.16
0.44 0.13 0.50 0.58 0.32 0.82
0.21 0.44 0.74 0.63 0.08 0.66
0.17 0.79 0.44 0.31 0.54 0.51
0.05 0.15 0.21 0.46 0.49 0.24
0.99 0.20 0.88 0.91 0.03 0.61
0.06 0.38 0.43 0.19 0.46 0.35
0.73 0.10 0.98 0.10 0.69 0.12
0.93 0.32 0.13 0.31 0.25 0.42
0.19 0.13 0.46 0.05 0.25 0.17
0.05 0.96 0.54 0.25 0.98 0.64
0.69 0.34 0.14 0.43 0.56 0.05
0.93 0.15 0.04 0.04 0.10 0.97
0.84 0.06 0.73 0.44 0.72 0.25
0.31 0.04 0.04 0.68 0.35 0.49
0.02 0.78 0.98 0.47 0.11 0.54
0.87 0.25 0.34 0.37 0.46 0.09
0.88 0.12 0.62 0.08 0.83 0.22
0.17 0.08 0.36 0.71 0.05 0.34
0.69 0.06 0.52 0.63 0.18 0.62
0.03 0.28 0.44 0.41 0.40 0.26
0.55 0.26 0.01 0.45 0.36 0.49
0.45 0.03 0.70 0.94 0.74 0.34
0.29 0.27 0.16 0.29 0.90 0.51
0.14 0.20 0.62 0.34 0.76 0.93
0.02 0.26 0.41 0.36 0.41 0.49
0.22 0.02 0.01 0.80 0.16 0.32
0.19 0.42 0.06 0.34 0.09 0.54
0.78 0.06 0.45 0.83 0.85 0.31
0.31 0.10 0.87 0.25 0.47 0.95
0.65 0.02 0.68 0.15 0.94 0.04
0.68 0.04 0.59 0.93 0.43 0.11
0.84 0.64 0.21 0.11 0.08 0.30
0.29 0.23 0.61 0.40 0.08 0.27
0.25 0.22 0.42 0.14 0.21 0.19
0.30 0.16 0.46 0.73 0.60 0.06
0.71 0.43 0.01 0.29 0.08 0.45
0.09 0.06 0.01 0.23 0.76 0.79
0.41 0.06 0.44 0.09 0.06 0.35
0.55 0.32 0.04 0.30 0.54 0.86
0.98 0.16 0.68 0.18 0.03 0.15
0.61 0.11 0.08 0.10 0.24 0.01
0.85 0.24 0.05 0.28 0.34 0.94
0.39 0.64 0.58 0.46 0.27 0.12
0.10 0.32 0.06 0.13 0.87 0.22
0.11 0.82 0.24 0.38 0.45 0.03
0.22 0.38 0.38 0.41 0.45 0.05
0.72 0.06 0.23 0.71 0.61 0.18
0.12 0.30 0.46 0.17 0.25 0.30
0.08 0.63 0.05 0.08 0.59 0.12
0.73 0.04 0.20 0.52 0.90 0.87
0.50 0.26 0.07 0.46 0.32 0.56
0.33 0.27 0.11 0.48 0.62 0.06
0.55 0.01 0.63 0.96 0.67 0.97
0.04 0.14 0.78 0.46 0.24 0.23
0.12 0.55 0.33 0.18 0.48 0.04
0.05 0.54 0.46 0.27 0.12 0.38
0.51 0.38 0.34 0.51 0.11 0.38
0.19 0.34 0.47 0.14 0.04 0.23
0.64 0.07 0.78 0.03 0.85 0.53
0.51 0.24 0.13 0.37 0.66 0.32
0.47 0.39 0.13 0.49 0.50 0.26
0.10 0.50 0.71 0.29 0.41 0.05
0.94 0.69 0.68 0.05 0.15 0.88
0.48 0.02 0.35 0.21 0.69 0.50
0.17 0.62 0.27 0.04 0.03 0.90
0.03 0.16 0.08 0.71 0.39 0.07
0.36 0.10 0.27 0.18 0.16 0.20
0.38 0.43 0.77 0.03 0.55 0.12
0.16 0.04 0.72 0.70 0.98 0.88
0.09 0.09 0.65 0.07 0.25 0.84
0.26 0.05 0.46 0.84 0.12 0.33
0.15 0.50 0.11 0.26 0.79 0.21
0.28 0.94 0.04 0.71 0.29 0.24
0.03 0.03 0.41 0.25 0.49 0.40
0.08 0.41 0.13 0.52 0.76 0.48
0.99 0.53 0.61 0.83 0.01 0.53
0.26 0.49 0.86 0.29 0.03 0.39
0.71 0.32 0.57 0.13 0.05 0.71
0.29 0.08 0.12 0.07 0.19 0.85
0.25 0.42 0.40 0.11 0.09 0.03
0.29 0.06 0.30 0.17 0.28 0.70
0.12 0.85 0.71 0.85 0.25 0.07
0.05 0.17 0.13 0.15 0.21 0.25
0.13 0.90 0.73 0.05 0.10 0.54
0.13 0.05 0.23 0.18 0.31 0.64
0.17 0.58 0.26 0.08 0.69 0.93
0.09 0.92 0.48 0.36 0.04 0.37
0.03 0.94 0.90 0.44 0.16 0.49
0.05 0.11 0.09 0.71 0.43 0.06
0.57 0.94 0.51 0.66 0.03 0.43
0.17 0.76 0.03 0.16 0.68 0.09
0.27 0.18 0.37 0.99 0.21 0.14
0.96 0.15 0.37 0.65 0.08 0.71
0.19 0.24 0.42 0.06 0.31 0.98
0.09 0.01 0.21 0.01 0.29 0.57
0.49 0.61 0.68 0.01 0.06 0.45
0.59 0.08 0.48 0.22 0.84 0.23
0.75 0.97 0.28 0.98 0.03 0.04
0.43 0.45 0.64 0.03 0.50 0.12
0.82 0.85 0.10 0.01 0.33 0.25
0.72 0.49 0.26 0.56 0.03 0.09
0.49 0.35 0.41 0.28 0.40 0.01
0.87 0.99 0.48 0.03 0.15 0.12
0.18 0.22 0.61 0.42 0.16 0.32
0.73 0.16 0.20 0.79 0.22 0.62
0.17 0.73 0.01 0.87 0.13 0.44
0.09 0.74 0.44 0.43 0.03 0.30
0.75 0.36 0.87 0.06 0.02 0.79
0.19 0.60 0.27 0.27 0.28 0.16
0.01 0.45 0.26 0.29 0.48 0.64
0.57 0.02 0.88 0.95 0.66 0.16
0.45 0.11 0.21 0.36 0.04 0.76
0.06 0.36 0.05 0.26 0.46 0.42
0.56 0.42 0.28 0.03 0.83 0.05
0.46 0.02 0.01 0.94 0.08 0.94
0.10 0.36 0.27 0.08 0.08 0.91
0.32 0.09 0.78 0.97 0.52 0.23
0.96 0.54 0.61 0.10 0.03 0.97
0.60 0.51 0.38 0.07 0.76 0.20
0.03 0.04 0.46 0.37 0.28 0.13
0.57 0.26 0.23 0.72 0.33 0.10
0.34 0.18 0.19 0.06 0.76 0.35
0.02 0.65 0.55 0.08 0.33 0.62
0.04 0.18 0.47 0.85 0.26 0.11
0.74 0.11 0.50 0.08 0.37 0.46
0.42 0.22 0.01 0.93 0.56 0.14
0.38 0.31 0.74 0.16 0.86 0.04
0.22 0.29 0.16 0.16 0.65 0.05
0.14 0.38 0.17 0.05 0.78 0.26
0.16 0.64 0.50 0.11 0.27 0.51
0.86 0.91 0.46 0.42 0.03 0.26
0.69 0.66 0.16 0.44 0.17 0.52
0.20 0.07 0.49 0.15 0.22 0.26
0.91 0.94 0.74 0.38 0.01 0.41
0.09 0.12 0.38 0.23 0.05 0.72
0.57 0.97 0.25 0.07 0.78 0.08
0.44 0.03 0.13 0.13 0.45 0.32
0.30 0.61 0.81 0.97 0.63 0.01
0.25 0.36 0.31 0.76 0.03 0.80
0.33 0.16 0.06 0.26 0.31 0.26
0.99 0.59 0.15 0.09 0.06 0.55
0.18 0.48 0.21 0.40 0.45 0.12
0.95 0.41 0.84 0.04 0.15 0.95
0.18 0.43 0.02 0.01 0.29 0.33
0.44 0.88 0.29 0.17 0.16 0.09
0.02 0.94 0.72 0.88 0.03 0.62
0.83 0.51 0.10 0.81 0.06 0.16
0.45 0.22 0.95 0.99 0.02 0.42
0.03 0.60 0.84 0.14 0.41 0.28
0.40 0.03 0.16 0.37 0.49 0.36
0.95 0.70 0.76 0.70 0.01 0.44
0.30 0.18 0.29 0.34 0.08 0.43
0.20 0.99 0.01 0.69 0.57 0.73
0.35 0.43 0.31 0.55 0.25 0.02
0.40 0.18 0.10 0.29 0.23 0.66
0.35 0.13 0.38 0.07 0.23 0.55
0.31 0.41 0.88 0.46 0.03 0.77
0.60 0.64 0.02 0.38 0.83 0.26
0.23 0.23 0.37 0.08 0.45 0.28
0.06 0.58 0.04 0.96 0.26 0.63
0.56 0.61 0.38 0.04 0.17 0.12
0.03 0.20 0.35 0.37 0.60 0.37
0.08 0.68 0.93 0.59 0.95 0.06
0.06 0.66 0.24 0.07 0.85 0.26
0.07 0.20 0.37 0.06 0.32 0.84
0.52 0.34 0.01 0.33 0.71 0.01
0.52 0.18 0.97 0.04 0.03 0.27
0.57 0.16 0.55 0.15 0.05 0.27
0.12 0.49 0.36 0.02 0.08 0.01
0.19 0.37 0.61 0.08 0.42 0.11
0.63 0.85 0.18 0.72 0.07 0.15
0.93 0.24 0.09 0.33 0.05 0.98
0.42 0.15 0.08 0.13 0.34 0.02
0.18 0.03 0.74 0.27 0.24 0.88
0.98 0.92 0.05 0.79 0.02 0.72
0.04 0.13 0.04 0.78 0.20 0.46
0.11 0.33 0.49 0.42 0.15 0.04
0.62 0.41 0.18 0.20 0.12 0.58
0.79 0.01 0.02 0.36 0.62 0.93
0.90 0.45 0.10 0.13 0.22 0.16
0.02 0.51 0.81 0.09 0.20 0.75
0.15 0.19 0.40 0.05 0.12 0.45
0.01 0.46 0.85 0.56 0.89 0.31
0.47 0.43 0.58 0.50 0.31 0.02
0.24 0.86 0.08 0.80 0.09 0.35
0.65 0.25 0.04 0.16 0.60 0.78
0.09 0.26 0.13 0.06 0.09 0.31
0.76 0.20 0.63 0.04 0.48 0.54
0.03 0.23 0.27 0.10 0.44 0.79
0.68 0.27 0.55 0.03 0.17 0.80
0.18 0.69 0.89 0.05 0.02 0.78
0.92 0.01 0.47 0.36 0.04 0.30
0.02 0.16 0.17 0.27 1.00 0.35
0.22 0.71 0.22 0.84 0.07 0.78
0.83 0.06 0.64 0.92 0.17 0.03
0.22 0.05 0.94 0.86 0.67 0.05
0.50 0.38 0.29 0.32 0.07 0.91
0.06 0.36 0.75 0.17 0.01 0.29
0.40 0.20 0.21 0.20 0.20 0.56
0.21 0.51 0.05 0.24 0.27 0.78
0.08 0.36 0.49 0.04 0.33 0.88
0.29 0.99 0.18 0.06 0.96 0.11
0.23 0.02 0.97 0.52 0.16 0.03
0.84 0.58 0.27 0.55 0.06 0.63
0.56 0.09 0.07 0.37 0.10 0.45
0.86 0.12 0.25 0.04 0.12 0.54
0.31 0.02 0.36 0.26 0.98 0.11
0.53 0.79 0.01 0.13 0.70 0.99
0.46 0.20 0.11 0.25 0.16 0.76
0.20 0.20 0.28 0.12 0.11 0.27
0.75 0.95 0.27 0.05 0.90 0.02
0.26 0.14 0.41 0.64 0.09 0.01
0.62 0.08 0.74 0.07 0.68 0.45
0.57 0.41 0.09 0.26 0.24 0.39
0.06 0.48 0.42 0.81 0.16 0.50
0.85 0.85 0.07 0.59 0.15 0.08
0.33 0.17 0.04 0.11 0.63 0.05
0.69 0.03 0.58 0.05 0.88 0.52
0.52 0.13 0.04 0.48 0.98 0.04
0.01 0.67 0.82 0.32 0.37 0.03
0.08 0.42 0.32 0.45 0.23 0.04
0.12 0.18 0.65 0.40 0.14 0.06
0.16 0.02 0.46 0.90 0.29 0.52
0.26 0.15 0.52 0.39 0.07 0.30
0.99 0.02 0.52 0.06 0.60 0.44
0.04 0.50 0.74 0.44 0.16 0.82
0.96 0.14 0.46 0.15 0.03 0.78
1.00 0.04 0.42 0.38 0.27 0.42
0.04 0.05 0.26 0.25 0.45 0.75
0.23 0.26 0.02 0.66 0.81 0.26
0.73 0.10 0.83 0.45 0.81 0.07
0.43 0.43 0.08 0.31 0.02 0.46
