400 4
30 43 50 87
69 51 18 53
52 86 54 34
59 71 77 83
12 82 50 92
89 64 34 15
97 30 12 92
82 42 6 60
26 100 20 25
41 84 57 67
81 93 71 2
21 64 32 61
6 47 72 87
70 2 41 8
65 6 77 32
52 24 84 96
44 58 55 59
54 33 61 42
16 67 55 95
69 83 14 5
70 75 5 56
2 67 31 48
45 5 52 89
40 57 81 63
20 53 88 58
45 88 8 61
48 52 66 56
59 52 98 23
41 42 87 21
67 65 55 58
48 37 91 54
58 41 56 67
64 17 93 76
28 36 97 94
55 17 50 95
68 37 45 78
57 81 75 3
61 72 28 90
77 95 6 17
58 15 33 91
50 99 59 1
25 81 9 96
56 6 74 50
14 9 69 81
97 34 7 88
7 51 60 39
57 84 10 15
53 91 57 23
67 5 99 74
91 30 8 26
82 28 38 61
30 52 98 30
53 77 60 1
15 63 53 70
43 91 19 4
4 72 11 84
83 60 77 2
21 83 8 100
34 22 98 65
2 66 100 90
61 57 53 56
56 2 84 99
21 56 6 81
24 13 17 55
44 79 66 9
27 53 16 57
20 58 50 15
19 62 55 69
61 63 67 10
16 25 38 58
46 70 65 14
13 50 82 63
80 81 23 6
60 99 44 1
72 59 84 3
60 55 9 53
93 68 56 5
72 74 6 22
7 61 12 92
23 92 5 85
5 76 57 15
71 19 3 80
2 52 99 60
47 88 6 80
60 55 60 34
69 62 35 37
31 2 80 9
65 51 67 6
76 46 12 20
5 65 85 78
67 13 18 40
13 51 7 65
8 82 22 27
5 63 63 80
70 20 15 55
66 50 8 51
76 19 1 79
59 64 55 7
78 54 3 17
53 47 44 22
26 34 69 20
99 43 98 1
26 11 52 76
74 54 4 41
40 72 49 12
73 68 55 4
52 2 65 60
13 13 73 87
63 17 73 8
51 64 68 6
58 13 10 54
26 11 79 53
12 61 56 34
83 27 7 78
1 90 77 85
17 14 62 73
76 76 2 71
5 98 23 26
44 58 96 3
56 3 21 23
6 100 26 2
20 37 36 78
91 55 53 1
72 4 2 64
72 49 55 5
1 69 80 61
22 88 1 87
63 69 2 52
58 85 32 13
35 52 56 38
3 63 83 87
19 61 51 13
65 72 18 36
52 54 78 1
45 4 60 12
52 57 5 27
63 34 26 12
25 13 87 3
27 50 84 8
66 13 58 6
47 40 12 57
80 98 1 68
53 59 10 16
4 66 47 28
41 10 18 97
31 52 66 25
6 45 8 91
55 86 16 9
40 6 55 64
66 14 5 64
4 10 83 86
46 9 52 60
96 1 26 86
26 3 98 93
2 64 22 23
70 7 26 22
99 82 17 1
42 53 5 96
10 13 11 98
10 49 95 75
9 39 80 100
38 85 70 7
29 90 84 5
8 31 58 74
52 4 44 53
47 8 9 83
47 1 97 99
45 81 13 41
16 43 55 11
15 82 6 82
65 92 1 37
9 78 60 9
52 1 2 58
44 60 78 1
26 11 53 53
96 66 1 56
17 46 62 2
55 83 40 1
1 35 63 59
3 73 3 74
10 54 68 2
34 80 1 94
51 54 61 7
71 38 12 51
70 17 1 81
93 9 19 16
40 53 51 39
10 35 51 8
35 7 56 77
13 15 64 86
48 76 10 7
80 86 1 77
1 85 38 99
51 15 16 79
15 26 76 66
45 7 52 84
12 19 5 58
88 12 83 7
17 3 97 91
22 72 3 13
31 57 21 49
32 2 27 56
79 51 1 62
43 1 78 43
1 69 59 69
72 43 12 24
81 72 54 3
59 52 16 51
22 2 38 53
66 1 81 39
97 62 3 4
16 85 7 7
2 76 83 19
16 54 25 45
2 54 94 37
63 26 16 34
83 12 36 5
22 84 6 7
21 15 54 78
15 9 58 51
3 54 62 59
24 36 40 51
66 24 42 5
67 5 83 4
97 96 36 1
61 1 27 27
1 87 25 79
52 20 52 40
48 58 55 2
85 70 14 3
34 44 52 4
73 31 33 7
11 4 53 73
32 11 50 9
78 33 53 2
24 2 52 25
51 69 2 91
13 32 51 15
1 53 97 52
91 52 3 36
81 79 7 5
95 8 77 5
8 60 10 86
1 61 11 54
5 26 76 72
93 5 19 37
4 60 80 55
63 66 5 4
53 52 1 67
12 3 70 76
3 70 62 20
40 48 2 29
85 40 6 3
2 57 60 35
91 54 18 2
56 56 60 2
63 91 1 60
91 21 1 71
39 66 9 39
58 81 53 2
61 59 33 13
6 28 97 36
6 16 63 75
71 5 15 14
2 95 74 3
5 1 33 82
76 5 55 3
51 18 42 38
17 8 62 52
60 1 88 38
59 68 50 4
5 57 96 19
68 76 20 3
96 25 2 56
2 81 1 64
1 71 69 30
6 80 99 7
9 32 78 16
3 8 90 19
56 7 96 4
4 57 46 99
32 68 16 27
33 61 23 15
68 10 18 35
68 58 12 1
4 92 31 17
62 24 26 21
99 16 7 51
38 75 1 81
31 17 51 51
1 57 52 89
81 50 6 4
5 70 82 3
97 86 1 55
19 67 28 7
70 41 1 60
71 45 83 1
13 46 24 8
51 65 1 78
7 28 59 66
27 70 4 73
91 51 1 26
4 52 60 66
8 55 42 76
55 9 6 20
3 33 14 58
23 51 2 97
63 62 53 3
1 56 61 96
56 79 1 50
52 76 23 2
34 11 41 31
1 61 77 12
59 22 82 4
89 8 53 3
3 62 61 26
10 78 15 18
1 59 42 67
5 54 58 57
23 62 20 35
23 73 90 1
6 2 73 65
63 54 51 6
2 39 2 55
4 85 94 6
54 15 1 55
28 62 14 3
58 55 14 8
26 49 51 7
55 67 21 2
62 12 5 24
4 28 65 58
60 54 1 54
7 88 11 52
8 81 74 13
74 31 52 4
20 96 4 53
56 63 6 18
72 51 2 17
96 10 1 37
1 63 55 47
66 8 64 2
2 14 60 47
52 48 3 6
79 39 97 1
20 6 7 67
36 2 21 69
32 29 52 7
17 2 65 57
4 7 66 73
2 10 95 98
55 85 5 3
69 54 61 2
26 90 57 4
61 67 1 49
14 71 16 18
99 3 6 27
29 23 51 26
52 27 28 26
67 37 52 2
63 24 2 53
15 14 56 70
68 41 2 51
56 41 3 52
1 57 51 95
1 11 68 64
18 98 51 5
57 68 1 51
49 91 34 1
99 33 1 34
60 9 71 1
66 51 51 4
53 25 2 55
54 8 17 54
34 74 1 57
59 52 20 4
21 13 79 34
49 38 5 47
1 56 20 89
81 34 28 9
10 57 55 3
1 57 57 71
37 5 79 24
1 98 5 73
53 39 1 95
8 74 70 5
25 1 73 70
2 6 59 71
10 10 84 53
4 57 86 10
73 17 64 1
3 88 58 1
8 82 55 15
64 66 58 1
61 24 52 8
58 79 5 4
9 61 75 30
9 3 83 56
1 22 60 54
91 11 1 97
