400 4
84 63 46 50
85 88 11 62
91 66 76 33
100 58 31 52
59 93 41 36
35 61 35 88
70 53 86 65
63 71 79 87
96 51 91 75
100 53 76 56
62 21 64 85
11 97 74 14
52 20 74 84
82 50 89 72
89 56 21 59
5 77 70 64
86 88 22 25
11 66 85 79
59 52 57 61
16 57 96 68
79 59 57 57
77 61 23 88
52 76 83 40
42 23 70 78
82 92 56 85
14 86 42 97
77 48 7 63
30 73 47 69
71 35 8 65
61 28 62 51
92 82 3 41
97 48 51 53
2 42 52 90
14 17 97 59
51 95 1 24
69 31 18 61
81 19 44 53
34 95 43 81
14 84 63 56
94 78 30 52
91 20 15 82
74 53 53 33
14 63 85 82
90 15 69 79
58 65 69 60
82 17 39 90
100 61 90 23
88 91 93 4
5 6 51 88
90 56 6 75
61 92 52 63
2 100 91 28
51 29 67 77
62 64 1 32
1 51 56 54
57 48 13 96
91 52 94 6
71 23 32 53
40 43 86 55
25 36 58 74
7 71 66 47
96 9 67 69
51 53 77 27
99 14 68 51
41 85 99 21
44 80 45 81
52 8 73 72
52 75 54 57
65 59 78 12
41 44 92 30
28 89 55 4
57 75 72 40
10 77 77 38
2 31 72 11
69 57 63 48
94 4 55 100
97 32 27 18
75 18 62 44
80 59 81 6
92 15 98 27
6 95 54 74
23 77 15 75
14 100 60 10
23 48 66 68
72 67 61 2
20 76 21 26
23 54 9 89
37 93 62 2
100 60 26 29
83 46 12 60
77 14 45 51
43 6 82 64
17 36 60 62
49 29 58 54
88 16 10 53
33 13 88 70
44 73 45 70
46 55 65 46
36 62 53 53
52 45 8 75
75 27 14 34
33 64 48 51
60 51 47 58
45 80 55 16
92 60 5 56
15 66 53 20
5 53 59 38
62 31 32 64
99 4 58 97
32 40 3 26
70 72 28 6
83 19 15 62
31 65 15 53
62 59 100 6
51 1 92 80
47 39 48 45
37 20 30 72
13 73 8 56
90 13 67 69
63 61 16 9
84 18 40 73
36 61 51 1
69 2 32 90
62 88 17 3
67 54 2 69
67 5 58 43
67 3 56 81
98 28 3 79
21 38 70 9
19 31 39 30
58 79 1 74
10 40 52 77
57 38 33 62
33 74 58 15
6 72 24 81
58 6 85 42
74 5 62 33
87 57 60 6
93 6 41 65
33 18 83 51
92 63 12 18
2 62 32 35
9 75 14 84
25 93 67 3
86 21 67 17
13 16 74 53
77 78 19 2
39 9 100 86
79 10 37 30
20 74 13 54
2 59 52 45
93 52 53 21
13 7 85 57
16 15 29 17
12 32 71 84
3 2 98 51
28 10 11 98
10 19 9 76
68 2 90 49
2 97 55 20
5 88 4 64
15 66 14 26
82 56 64 13
34 4 89 28
99 56 73 1
64 2 62 92
82 2 55 11
73 52 73 5
47 5 79 50
55 59 76 7
85 88 11 2
4 7 95 75
47 10 20 14
19 13 81 82
33 6 57 52
12 55 27 52
14 67 2 21
54 1 86 55
66 77 1 21
54 3 72 52
13 65 36 19
1 17 54 13
67 55 66 11
100 2 54 54
36 7 53 54
2 52 45 94
2 95 26 95
16 86 7 5
100 1 78 3
68 80 49 2
82 13 10 94
38 54 70 1
61 43 53 3
78 1 67 54
38 51 82 3
69 89 26 1
78 19 3 18
59 21 5 38
61 5 14 69
1 68 27 98
13 53 52 71
51 7 9 21
59 17 48 5
6 76 4 17
79 90 5 13
49 6 58 10
90 16 99 9
78 5 48 13
90 95 10 3
70 2 67 85
76 15 14 14
72 38 58 3
14 73 44 6
10 15 78 63
54 70 30 13
31 10 11 11
20 87 62 4
74 3 32 57
81 70 27 3
17 6 47 64
2 69 18 91
6 98 62 11
70 1 67 18
59 59 11 4
1 90 24 84
16 52 4 58
5 57 5 81
37 1 63 79
9 39 51 77
3 90 8 57
40 4 87 78
35 5 56 91
90 2 54 42
55 25 2 60
59 70 1 88
99 84 9 4
9 84 59 5
98 2 23 68
80 1 46 41
59 17 36 6
29 64 4 6
51 4 65 50
94 55 45 5
54 22 83 7
13 67 5 64
10 73 17 74
23 8 12 95
54 4 24 71
36 3 70 53
12 43 76 8
60 14 38 7
18 11 88 32
79 7 1 94
1 57 52 51
61 3 1 85
5 47 33 86
5 75 47 12
29 1 55 94
12 90 78 1
53 45 99 5
59 3 75 47
3 45 5 69
30 11 82 21
6 7 82 31
3 90 58 7
56 1 62 58
18 63 2 89
98 9 100 7
54 32 95 1
3 5 86 70
18 32 27 41
3 71 61 12
24 66 61 9
8 31 51 55
8 9 72 75
12 92 53 2
8 52 14 66
51 12 44 5
61 57 1 24
4 61 42 27
26 18 3 66
5 7 42 94
77 71 3 15
68 3 61 55
3 33 9 93
10 73 4 66
30 10 47 38
61 24 1 63
3 55 2 76
27 55 63 11
2 76 23 82
92 1 41 83
13 70 28 7
99 8 1 61
35 9 35 52
52 35 9 8
80 55 8 6
30 57 2 13
5 63 24 9
22 6 52 60
15 87 23 2
79 70 20 1
3 30 51 43
88 9 1 74
79 44 24 3
60 43 60 4
15 89 2 11
36 4 62 74
69 59 7 2
39 33 8 20
72 4 22 61
1 9 37 15
43 33 88 10
15 5 77 66
46 47 68 3
56 21 53 4
62 3 69 14
76 20 10 20
6 4 64 43
4 87 29 53
23 43 7 93
59 26 77 2
1 94 17 39
4 51 65 1
72 17 4 57
23 1 56 66
51 5 76 40
13 4 85 8
4 20 54 4
2 3 83 37
75 5 12 12
34 8 24 79
20 64 14 23
78 3 60 9
79 16 6 67
9 51 26 28
39 5 7 58
73 5 87 5
9 3 78 87
83 2 1 90
55 81 1 70
55 1 34 26
20 98 1 59
2 15 26 71
12 29 36 58
24 93 1 99
67 4 66 2
29 74 1 98
77 32 58 3
56 15 55 2
61 19 2 3
90 42 1 29
96 3 17 83
3 61 68 9
27 8 37 91
54 74 26 1
7 38 26 54
35 19 60 9
52 1 5 76
61 9 53 1
47 1 94 61
36 83 42 5
19 52 17 43
1 70 35 89
2 93 18 21
74 18 1 4
20 60 4 40
10 6 24 9
26 17 5 95
59 46 31 7
43 77 1 76
20 3 84 26
21 2 97 74
81 1 100 11
79 93 11 1
76 11 4 53
53 1 4 76
1 76 61 3
8 1 71 78
66 1 95 6
40 60 22 9
54 42 81 3
73 3 29 50
96 3 84 2
70 8 7 46
41 65 35 3
86 1 55 3
3 3 63 99
20 15 7 51
3 66 25 56
52 52 3 10
1 78 11 58
51 2 63 62
48 9 51 7
32 69 22 4
51 52 2 88
23 51 22 38
89 1 51 25
11 96 56 3
12 69 14 17
