400 4
58 66 53 36
70 64 90 57
91 55 63 56
74 86 51 26
80 58 10 74
65 92 16 52
79 57 68 69
72 62 63 15
96 51 75 99
51 42 70 62
8 16 82 98
82 30 64 64
51 45 87 8
6 86 31 66
62 83 86 12
67 21 70 94
6 58 34 83
74 53 78 61
50 6 71 78
70 54 63 80
93 4 75 70
53 65 62 68
51 86 6 87
44 13 71 17
44 75 69 79
43 55 87 79
10 87 24 62
18 69 99 54
89 52 52 56
100 57 69 25
87 67 4 74
66 3 91 58
55 60 70 25
77 2 49 59
63 60 77 8
80 8 13 98
25 55 76 2
47 59 70 73
14 41 49 39
38 67 7 51
50 52 6 93
58 2 64 63
41 20 63 81
90 67 70 10
51 87 43 20
35 73 63 12
3 82 46 87
85 80 55 11
10 54 46 64
58 89 69 11
54 93 6 52
69 2 52 51
78 22 17 22
2 4 60 54
66 3 78 58
53 74 35 25
74 60 56 38
88 81 1 55
44 68 66 36
86 84 72 7
44 57 45 3
52 56 48 59
44 18 53 21
73 93 1 32
1 80 97 55
23 26 60 37
51 17 26 45
87 21 3 83
56 88 35 20
11 97 13 95
53 80 3 57
41 56 17 86
73 52 11 83
46 14 18 94
22 97 58 17
53 47 67 13
74 65 6 27
14 17 100 52
51 31 91 7
65 71 36 32
5 49 84 14
11 68 57 62
16 79 45 52
51 3 87 90
65 37 5 89
55 3 79 56
68 94 12 23
2 73 56 77
67 47 24 80
98 15 25 85
1 94 80 46
40 40 64 35
30 93 8 1
49 8 95 17
53 55 12 35
79 43 17 4
24 94 2 98
40 8 14 27
8 83 91 2
30 70 48 60
39 14 54 83
72 66 2 14
15 18 75 33
60 3 55 91
9 61 51 66
78 70 21 13
63 27 6 72
70 18 6 51
10 61 51 22
29 35 58 92
22 27 49 99
4 1 16 37
81 74 11 4
26 52 64 6
59 59 8 52
83 1 16 30
6 25 82 11
28 79 8 96
30 28 3 70
1 75 74 95
61 31 46 16
30 57 3 64
55 7 93 23
58 51 63 19
1 67 52 88
47 33 8 56
51 70 6 60
1 76 17 90
81 6 61 9
77 64 16 26
96 13 51 8
70 58 75 1
23 98 4 96
53 51 1 100
64 1 11 95
82 59 1 79
5 38 66 14
24 79 82 6
83 17 12 71
35 60 26 27
99 75 71 2
3 90 52 64
8 64 12 98
73 46 65 13
19 30 2 59
59 20 99 14
4 57 54 6
3 81 85 30
81 7 3 75
59 92 4 55
70 60 38 26
58 6 72 4
84 56 70 3
11 24 20 5
64 5 14 61
63 42 16 3
13 8 85 36
47 82 6 18
3 93 32 40
30 33 56 3
68 11 63 25
31 74 8 50
3 80 56 31
63 55 7 18
58 7 9 70
19 59 92 4
1 8 42 87
57 4 1 96
78 1 2 83
6 52 11 99
8 50 6 57
6 59 52 35
68 13 1 80
52 72 14 26
1 96 27 34
98 16 12 11
6 97 40 18
2 74 68 32
9 97 4 95
70 63 3 55
57 18 57 5
54 91 6 12
97 5 68 21
60 41 13 7
86 3 44 29
20 86 70 2
58 87 1 89
62 89 60 1
48 3 7 82
3 84 54 55
74 61 3 16
52 62 3 40
35 8 56 32
60 25 81 2
83 20 30 23
60 4 91 13
1 56 22 93
9 66 92 4
56 20 43 25
55 72 1 96
14 80 3 43
1 93 51 48
54 59 42 1
87 1 67 27
65 19 56 5
31 3 14 86
37 14 85 2
58 59 19 26
2 95 100 16
89 62 29 1
2 91 84 21
8 67 53 4
87 15 9 58
71 3 3 39
92 20 3 7
6 60 14 95
10 2 13 94
84 55 58 1
20 11 9 88
9 14 93 34
57 53 13 55
91 90 7 4
3 72 56 53
3 87 54 45
69 52 3 53
6 81 7 82
51 30 6 57
5 52 20 11
2 83 23 48
62 50 23 4
83 42 67 1
18 50 2 64
66 48 12 55
43 13 9 60
27 1 73 23
18 18 84 7
1 68 83 74
1 50 68 58
23 68 13 10
82 22 53 12
17 60 2 4
23 87 1 15
88 35 8 12
2 72 3 99
83 57 4 33
21 44 76 4
3 4 82 52
72 9 65 2
1 80 8 60
68 5 83 17
67 15 65 12
54 42 10 15
59 2 93 13
76 16 15 19
52 2 1 74
54 41 15 19
63 62 10 1
36 64 73 1
92 70 1 6
71 13 15 9
2 54 95 48
16 30 3 76
59 14 13 28
3 5 55 61
3 88 67 29
75 69 1 70
1 33 73 33
30 74 1 61
7 91 42 5
78 52 2 30
2 68 59 54
51 1 1 100
8 68 1 78
93 52 58 2
46 5 8 97
1 8 77 83
50 56 76 1
69 48 53 1
4 36 13 31
56 53 28 2
42 25 7 92
21 96 96 1
51 10 21 22
1 63 69 53
56 7 99 21
79 11 5 13
27 6 98 3
15 55 5 60
98 67 1 4
9 86 18 1
40 6 88 9
16 35 79 2
50 40 10 25
99 18 61 4
2 53 55 29
27 63 66 2
84 5 59 2
26 53 11 46
56 23 61 20
3 78 53 59
58 57 5 53
69 57 1 64
9 94 5 60
99 10 69 1
32 46 1 60
3 61 32 59
2 51 19 51
80 85 6 2
94 31 68 1
38 9 12 51
74 41 2 51
53 69 1 58
2 60 10 89
20 52 76 4
56 4 51 22
33 34 85 1
2 91 4 82
1 44 79 7
9 61 6 34
96 7 3 16
3 59 93 2
75 4 21 35
4 76 1 67
1 76 58 70
30 32 10 58
35 10 15 84
92 10 56 21
24 51 7 56
53 44 54 1
1 61 1 87
80 18 96 1
16 3 79 2
1 52 62 78
52 58 1 59
1 54 51 84
40 55 2 58
16 89 2 66
66 53 7 53
1 21 62 82
3 92 78 25
8 43 55 8
95 2 9 53
100 24 1 61
1 51 58 74
51 15 5 58
1 63 53 51
16 59 69 3
17 47 8 66
63 58 4 19
61 60 1 52
96 3 12 25
25 72 63 2
28 22 22 12
55 53 3 5
75 69 1 15
57 73 3 1
71 3 53 36
63 3 69 20
1 61 63 66
63 11 11 33
57 17 2 66
1 59 13 80
93 9 57 12
1 65 9 72
90 6 26 9
9 10 77 20
82 12 1 19
54 10 76 19
52 36 53 1
74 7 65 11
71 37 36 1
1 54 31 95
53 51 1 55
5 71 10 62
69 33 1 68
88 8 91 1
70 69 1 37
63 17 59 13
60 48 22 1
51 1 54 9
6 61 60 5
1 67 24 63
37 61 52 1
5 68 5 3
18 55 7 43
1 84 72 18
7 55 2 89
2 54 78 4
13 52 94 3
9 72 1 68
2 59 51 49
67 57 2 17
3 55 3 52
13 3 88 32
7 92 51 1
15 54 92 1
40 64 37 1
68 79 1 6
9 16 91 11
16 59 9 8
