400 4
0.80 0.66 0.04 0.41
0.83 0.57 0.11 0.73
0.68 0.62 0.58 0.66
0.33 0.11 0.65 0.96
0.22 0.91 0.81 0.62
0.10 0.59 0.48 0.61
0.85 0.54 0.90 0.51
0.32 0.52 0.54 0.33
0.07 0.39 0.86 0.84
0.29 0.89 0.10 0.89
0.23 0.96 0.28 0.64
0.57 0.33 0.73 0.63
0.77 0.43 0.85 0.29
0.65 0.59 0.25 0.95
0.73 0.37 0.03 0.53
0.42 0.99 0.53 0.35
0.66 0.51 0.97 0.13
0.70 0.61 0.83 0.06
0.52 0.96 0.06 0.53
0.87 0.09 0.33 0.88
0.22 0.92 0.88 0.16
0.22 0.36 0.96 0.98
0.16 0.65 0.72 0.55
0.55 0.05 0.89 0.28
0.28 0.70 0.27 0.98
0.84 0.01 0.62 0.70
0.21 0.79 0.54 0.37
0.65 0.59 0.51 0.58
0.78 0.59 0.75 0.21
0.59 0.06 0.97 0.26
0.72 0.45 0.59 0.49
0.10 0.76 0.36 0.56
0.75 0.51 0.69 0.29
0.56 0.04 0.71 0.45
0.76 0.26 0.65 0.06
0.74 0.03 0.54 0.58
0.64 0.12 0.11 0.41
0.54 0.60 1.00 0.28
0.54 0.68 1.00 0.23
0.80 0.86 0.59 0.17
0.12 0.58 0.17 0.92
0.54 0.60 0.37 0.87
0.53 0.80 0.27 0.72
0.52 0.04 0.94 0.94
0.67 0.80 0.04 0.53
0.56 0.15 0.57 0.70
0.54 0.27 0.96 0.68
0.48 1.00 0.46 0.18
0.53 0.19 0.51 0.72
0.68 0.86 0.62 0.18
0.37 0.63 0.43 0.44
0.28 0.70 0.64 0.27
0.41 0.69 0.25 0.54
0.64 0.02 0.99 0.80
0.64 0.95 0.06 0.75
0.04 0.28 0.75 0.84
0.54 0.45 0.11 0.77
0.65 0.67 0.57 0.18
0.59 0.95 0.61 0.31
0.18 0.85 0.90 0.49
0.42 0.84 0.57 0.11
0.62 0.12 0.70 0.91
0.10 0.01 0.76 0.31
0.01 0.81 0.77 0.26
0.11 0.19 0.62 0.88
0.57 0.42 0.38 0.69
0.92 0.81 0.64 0.14
0.26 0.67 0.72 0.25
0.45 0.12 0.47 0.64
0.61 0.66 0.04 0.90
0.60 0.41 0.61 0.41
0.06 0.98 0.25 0.28
0.03 0.62 0.83 0.02
0.39 0.51 0.40 0.68
0.75 0.72 0.27 0.19
0.96 0.13 0.63 0.23
0.29 0.80 0.09 0.77
0.86 0.61 0.97 0.03
0.62 0.09 0.68 0.91
0.17 0.47 0.52 0.90
0.13 0.85 0.33 0.43
0.96 0.25 0.06 0.65
0.71 0.11 0.60 0.74
0.01 0.28 0.70 0.80
0.42 0.31 0.51 0.27
0.52 0.29 0.62 0.03
0.58 0.68 0.28 0.51
0.44 0.76 0.75 0.22
0.25 0.04 0.64 0.54
0.14 0.98 0.28 0.14
0.82 0.84 0.47 0.13
0.08 0.69 0.30 0.01
0.58 0.22 0.61 0.49
0.91 0.26 0.13 0.34
0.01 0.91 0.22 0.93
0.06 0.74 0.47 0.57
0.13 0.81 0.25 0.65
0.15 0.86 0.07 0.53
0.56 0.85 0.17 0.01
0.60 0.12 0.04 0.69
0.59 0.60 0.01 0.68
0.88 0.22 0.86 0.01
0.37 0.22 0.51 0.83
0.52 0.54 0.23 0.47
0.36 0.63 0.36 0.29
0.59 0.59 0.15 0.09
0.69 0.77 0.06 0.47
0.90 0.19 0.35 0.11
0.02 0.58 0.52 0.54
0.15 0.36 0.93 0.17
0.56 0.11 0.31 0.68
0.96 0.73 0.02 0.02
1.00 0.56 0.02 0.54
0.66 0.08 0.38 0.61
0.36 0.32 0.47 0.85
0.73 0.48 0.59 0.26
0.54 0.84 0.20 0.12
0.62 0.07 0.14 0.73
0.07 0.21 0.61 1.00
0.55 0.91 0.05 0.45
0.42 0.78 0.05 0.93
0.02 0.53 0.71 0.74
0.85 0.03 0.52 0.58
0.05 0.73 0.14 0.72
0.35 0.34 0.10 0.19
0.02 0.64 0.66 0.52
0.15 0.65 0.34 0.20
0.89 0.10 0.10 0.69
0.62 0.64 0.14 0.02
0.87 0.30 1.00 0.01
0.47 0.54 0.09 0.84
0.11 0.69 0.05 1.00
0.18 0.54 0.46 0.96
0.01 0.97 0.13 0.72
0.06 0.57 0.33 0.07
0.50 0.02 0.69 0.60
0.80 0.03 0.01 0.54
0.52 0.23 0.17 0.60
0.11 0.27 0.27 0.64
0.27 0.02 0.90 0.08
0.03 0.88 0.29 0.69
0.94 0.50 0.03 0.07
0.07 0.35 0.06 0.78
0.72 0.55 0.09 0.59
0.33 0.04 0.08 0.77
0.50 0.20 0.70 0.52
0.33 0.68 0.63 0.06
0.99 0.05 0.70 0.41
0.64 0.57 0.78 0.02
0.60 0.01 0.64 0.51
0.22 0.95 0.17 0.18
0.36 0.66 0.07 0.52
0.80 0.30 0.43 0.28
0.05 0.62 0.34 0.43
0.23 0.55 1.00 0.03
0.06 0.19 0.42 0.86
0.33 0.58 0.02 0.85
0.05 0.51 0.69 0.70
0.41 0.11 0.57 0.65
0.13 0.40 0.58 0.58
0.56 0.70 0.03 0.54
0.10 0.35 0.16 0.69
0.55 0.02 0.47 0.83
0.76 0.17 0.39 0.07
0.01 0.56 0.61 0.79
0.49 0.02 0.51 0.59
0.63 0.68 0.09 0.48
0.15 0.62 0.15 0.01
0.64 0.35 0.33 0.02
0.16 0.52 0.99 0.07
0.21 0.24 0.60 0.63
0.63 0.72 0.09 0.19
0.21 0.20 0.72 0.73
0.13 0.49 0.92 0.20
0.56 0.03 0.71 0.26
0.26 0.46 0.57 0.61
0.38 0.28 0.72 0.29
0.51 0.21 0.67 0.39
0.14 0.05 0.30 0.55
0.05 0.54 0.23 0.77
0.42 0.58 0.92 0.03
0.86 0.06 0.51 0.52
0.05 0.54 0.90 0.62
0.10 0.01 0.75 0.88
0.47 0.06 0.03 0.66
0.53 0.07 0.17 0.17
0.10 0.50 0.73 0.60
0.44 0.55 0.04 0.92
0.51 0.88 0.09 0.26
0.01 0.77 0.03 0.48
0.37 0.61 0.73 0.03
0.40 0.32 0.57 0.52
0.63 0.64 0.09 0.57
0.53 0.21 0.09 0.53
1.00 0.22 0.55 0.01
0.53 0.01 0.69 0.64
0.63 0.49 0.85 0.02
0.06 0.08 0.81 0.45
0.01 0.07 0.53 0.43
0.75 0.35 0.04 0.52
0.07 0.55 0.26 0.15
0.56 0.72 0.03 0.17
0.27 0.35 0.27 0.58
0.61 0.07 0.40 0.03
0.88 0.96 0.01 0.43
0.73 0.19 0.07 0.55
0.08 0.70 0.12 0.52
0.53 0.93 0.04 0.17
0.56 0.21 0.29 0.11
0.21 0.22 0.85 0.26
0.52 0.06 0.74 0.49
0.40 0.18 0.78 0.18
0.51 0.15 0.23 0.55
0.02 0.56 0.34 0.60
0.63 0.67 0.04 0.27
0.82 0.75 0.08 0.11
0.16 0.58 0.22 0.05
0.07 0.02 0.96 0.58
0.97 0.14 0.96 0.02
0.58 0.50 0.01 0.67
0.06 0.18 0.91 0.15
0.70 0.60 0.06 0.55
0.14 0.19 0.78 0.05
0.94 0.09 0.52 0.02
0.49 0.87 0.10 0.17
0.78 0.05 0.88 0.02
0.92 0.86 0.02 0.26
0.29 0.56 0.22 0.04
0.13 0.15 0.51 0.44
0.62 0.59 0.03 0.19
0.05 0.05 0.92 0.59
0.47 0.55 0.74 0.06
0.02 0.18 0.32 0.09
0.06 0.65 0.11 0.51
0.48 0.01 0.59 0.73
0.62 0.07 0.48 0.02
0.10 0.16 0.52 0.07
0.71 0.03 0.56 0.38
0.16 0.85 0.09 0.12
0.54 0.54 0.08 0.53
0.02 0.28 0.30 0.61
0.67 0.94 0.01 0.66
0.67 0.01 0.13 1.00
0.35 0.71 0.01 0.94
0.87 0.03 0.09 0.49
0.74 0.80 0.01 0.42
0.62 0.05 0.63 0.05
0.70 0.03 0.55 0.28
0.04 0.25 0.14 0.24
0.53 0.09 0.07 0.37
0.16 0.20 0.12 0.05
0.76 0.06 0.31 0.51
0.42 0.98 0.01 0.54
0.51 0.53 0.68 0.01
0.01 0.69 0.92 0.09
0.63 0.56 0.01 0.53
0.31 0.80 0.10 0.39
0.65 0.02 0.63 0.55
0.70 0.01 0.55 0.86
0.56 0.57 0.02 0.64
0.52 0.74 0.11 0.16
0.14 0.62 0.79 0.03
0.83 0.80 0.01 0.35
0.20 0.48 0.08 0.64
0.23 0.78 0.08 0.15
0.56 0.58 0.01 0.94
0.36 0.08 0.12 0.65
0.55 0.54 0.01 0.86
0.11 0.72 0.06 0.67
0.52 0.72 0.04 0.38
0.20 0.69 0.04 0.76
0.76 0.04 0.08 0.71
0.11 0.72 0.09 0.53
0.76 0.51 0.02 0.54
0.10 0.94 0.02 0.90
0.94 0.55 0.02 0.53
0.64 0.25 0.06 0.53
0.27 0.18 0.15 0.74
0.54 0.02 0.26 0.88
0.84 0.56 0.02 0.52
0.08 0.59 0.08 0.24
0.03 0.85 0.77 0.02
0.57 0.43 0.75 0.01
0.76 0.90 0.02 0.15
0.81 0.03 0.56 0.26
0.05 0.61 0.67 0.07
0.20 0.17 0.02 0.51
0.59 0.03 0.80 0.13
0.83 0.94 0.04 0.07
0.74 0.02 0.40 0.74
0.02 0.51 0.13 0.88
0.55 0.61 0.01 0.78
0.20 0.56 0.52 0.02
0.95 0.01 0.75 0.14
0.01 0.77 0.90 0.27
0.14 0.29 0.13 0.82
0.75 0.66 0.02 0.41
0.64 0.11 0.01 0.47
0.60 0.01 0.62 0.60
0.03 0.02 0.76 0.51
0.75 0.61 0.08 0.12
0.73 0.01 0.59 0.01
0.85 0.75 0.05 0.15
0.60 0.74 0.02 0.23
0.96 0.01 0.52 0.61
0.07 0.67 0.67 0.02
0.82 0.01 0.55 0.50
0.08 0.63 0.51 0.05
0.81 0.60 0.02 0.21
0.56 0.66 0.05 0.19
0.96 0.85 0.01 0.25
0.58 0.94 0.13 0.02
0.60 0.05 0.61 0.52
0.59 0.07 0.01 0.62
0.65 0.04 0.61 0.18
1.00 0.55 0.52 0.01
0.03 0.56 0.88 0.01
0.12 0.20 0.23 0.59
0.01 0.52 0.01 1.00
0.13 0.01 0.52 0.69
0.02 0.68 0.01 0.17
0.02 0.72 0.97 0.04
0.64 0.06 0.52 0.50
0.02 0.51 0.73 0.01
0.11 0.12 0.19 0.62
0.90 0.02 0.43 0.60
0.64 0.03 0.12 0.65
0.89 0.01 0.22 0.89
0.90 0.53 0.05 0.17
0.91 0.01 0.47 0.72
0.43 0.04 0.35 0.29
0.56 0.43 0.05 0.26
0.30 0.02 0.63 0.60
0.61 0.38 0.65 0.01
0.05 0.59 0.02 0.78
0.69 0.01 0.54 0.62
0.86 0.54 0.57 0.01
0.85 0.19 0.09 0.11
0.68 0.01 0.99 0.27
0.19 0.54 0.04 0.64
0.76 0.55 0.01 0.38
0.23 0.10 0.06 0.33
0.12 0.86 0.09 0.14
0.59 0.04 0.11 0.72
0.77 0.02 0.22 0.70
1.00 0.02 0.10 0.78
0.24 0.57 0.01 0.54
0.03 0.45 0.21 0.87
0.24 0.10 0.84 0.20
0.75 0.86 0.09 0.09
0.51 0.61 0.46 0.01
0.03 0.14 0.64 0.05
0.35 0.06 0.62 0.52
0.07 0.14 0.36 0.62
0.61 0.03 0.27 0.52
0.57 0.22 0.60 0.04
0.91 0.54 0.19 0.04
0.57 0.51 0.65 0.02
0.98 0.54 0.01 0.19
0.54 0.35 0.85 0.02
0.53 0.03 0.14 0.31
0.52 0.01 0.70 0.55
0.12 0.59 0.05 0.61
0.71 0.88 0.12 0.04
0.13 0.67 0.54 0.03
0.59 0.58 0.01 0.42
0.57 0.60 0.48 0.03
0.30 0.03 0.51 0.98
0.75 0.01 0.52 0.32
0.85 0.02 0.19 0.96
0.85 0.02 0.03 0.91
0.01 0.05 0.84 0.81
0.97 0.02 0.57 0.12
0.05 0.92 0.57 0.07
0.27 0.58 0.65 0.01
0.69 0.03 0.08 0.76
0.05 0.48 0.09 0.85
0.01 0.56 0.56 0.25
0.52 0.77 0.07 0.16
0.19 0.45 0.34 0.01
0.51 0.12 0.55 0.18
0.26 0.09 0.28 0.57
0.55 0.01 0.64 0.67
0.13 0.40 0.13 0.67
0.56 0.09 0.51 0.04
0.01 0.98 0.82 0.04
0.57 0.26 0.04 0.49
0.79 0.05 0.07 0.59
0.73 0.02 0.19 0.66
0.02 0.64 0.06 0.83
0.04 0.76 0.09 0.04
0.11 0.52 0.35 0.06
0.71 0.58 0.24 0.02
0.78 0.93 0.07 0.03
0.02 0.60 0.20 0.71
0.60 0.01 0.54 0.13
0.67 0.01 0.45 0.95
0.01 0.81 0.88 0.22
0.96 0.03 0.03 0.22
0.01 0.65 0.90 0.08
