400 4
0.83 0.46 0.02 0.59
0.70 0.78 0.68 0.90
0.81 0.56 0.54 0.61
0.71 0.86 0.65 0.73
0.60 0.76 0.02 0.85
0.87 0.53 0.73 0.09
0.73 0.65 0.90 0.27
0.51 0.24 0.73 0.19
0.46 0.37 0.67 0.57
0.33 0.75 0.66 0.95
0.79 0.18 0.90 0.28
0.43 0.22 0.76 0.88
0.29 0.44 0.78 0.60
0.74 0.54 0.64 0.51
0.32 0.76 0.55 0.78
0.27 0.24 0.96 0.64
0.95 0.43 0.60 0.99
0.59 0.57 0.66 0.04
0.80 0.32 0.65 0.99
0.56 0.98 0.57 0.45
0.64 0.60 0.54 0.39
0.41 0.33 0.62 0.95
0.59 0.82 0.47 0.66
0.64 0.07 0.64 0.63
0.59 0.52 0.51 0.87
0.40 0.03 0.58 0.85
0.64 0.90 0.34 0.52
0.78 0.60 0.64 0.27
0.66 0.59 0.60 0.77
0.10 0.83 0.69 0.80
0.66 0.65 0.52 0.74
0.13 0.87 0.58 0.54
0.94 0.26 0.06 0.17
0.99 0.22 0.51 1.00
0.60 0.02 0.93 0.63
0.74 0.04 0.88 0.42
0.37 0.70 0.63 0.87
0.55 0.97 0.53 0.08
0.91 0.39 0.53 0.88
0.54 0.88 0.90 0.09
0.25 0.54 0.56 0.50
0.53 0.73 0.30 0.91
0.75 0.05 0.61 0.62
0.39 0.94 0.51 0.21
0.02 0.18 0.53 0.88
0.02 0.76 0.90 0.77
0.64 0.57 0.45 0.90
0.80 0.92 0.31 0.84
0.87 0.15 0.49 0.92
0.47 0.73 0.98 0.09
0.63 0.91 0.01 0.91
0.63 0.99 0.33 0.68
0.66 0.95 0.36 0.32
0.26 0.71 0.81 0.02
0.30 0.06 0.88 0.26
0.82 0.82 0.16 0.46
0.63 0.76 0.63 0.39
0.71 0.46 0.59 0.30
0.05 0.65 0.77 0.34
0.99 0.13 0.44 0.66
0.93 0.37 0.44 0.81
0.61 0.18 0.62 0.68
0.54 0.72 0.59 0.19
0.73 0.82 0.10 0.70
0.74 0.67 0.37 0.75
0.43 0.59 0.37 0.74
0.31 0.57 0.42 0.88
0.12 0.51 0.87 0.61
0.38 0.84 0.22 0.73
0.02 0.37 0.81 0.04
0.48 0.29 0.56 0.62
0.79 0.55 0.56 0.31
0.74 0.38 0.59 0.58
0.93 0.87 0.52 0.02
0.96 0.06 0.65 0.53
0.19 0.72 0.19 0.92
0.56 0.69 0.16 0.17
0.23 0.63 0.06 0.78
0.81 0.99 0.07 0.55
0.27 0.24 0.75 0.78
0.67 0.05 0.65 0.68
0.40 0.15 0.55 0.15
0.81 0.86 0.04 0.01
0.74 0.70 0.10 0.67
0.04 0.12 0.54 0.20
0.52 1.00 0.08 0.56
0.23 0.24 0.19 0.58
0.69 0.05 0.47 0.59
0.93 0.65 0.03 0.56
0.69 0.11 0.10 0.74
0.01 0.82 0.71 0.91
0.22 1.00 0.23 0.60
0.95 0.02 0.58 0.71
0.50 0.60 0.52 0.18
0.20 0.56 0.41 0.75
0.03 0.54 0.64 0.75
0.62 0.73 0.11 0.75
0.70 0.02 0.90 0.75
0.01 0.60 0.58 0.56
0.64 0.58 0.53 0.54
0.94 0.05 0.04 0.39
0.06 0.59 0.51 0.93
0.96 0.70 0.67 0.02
0.16 0.94 0.80 0.14
0.34 0.79 0.19 0.02
0.55 0.07 0.64 0.66
0.18 0.56 0.54 0.04
0.26 0.10 0.79 0.69
0.54 0.98 0.14 0.70
0.52 0.31 0.65 0.03
0.65 0.04 0.96 0.60
0.67 0.61 0.05 0.77
0.02 0.04 0.84 0.38
0.59 0.02 0.67 0.59
0.59 0.07 0.65 0.64
0.67 0.52 0.10 0.63
0.90 0.73 0.02 0.27
0.70 0.04 0.60 0.79
0.67 0.10 0.48 0.74
0.23 0.54 0.53 0.08
0.13 0.82 0.40 0.76
0.88 0.26 0.03 0.51
0.01 0.14 0.63 0.76
0.79 0.57 0.19 0.57
0.86 0.05 0.90 0.03
0.66 0.58 0.06 0.81
0.72 0.52 0.45 0.32
0.27 0.83 0.05 0.51
0.78 0.08 0.71 0.58
0.59 0.42 0.53 0.26
0.97 0.52 0.62 0.07
0.10 0.72 0.32 0.70
0.85 0.09 0.58 0.02
0.65 0.01 0.99 0.19
0.90 0.09 0.34 0.73
0.09 0.59 0.55 0.08
0.72 0.40 0.08 0.94
0.88 0.06 0.44 0.74
0.03 0.82 0.52 0.71
0.53 0.91 0.04 0.91
0.08 0.93 0.15 0.94
0.67 0.05 0.51 0.62
0.48 0.21 0.48 0.82
0.67 0.38 0.33 0.51
0.82 0.41 0.48 0.50
0.22 0.94 0.42 0.60
0.42 0.59 0.16 0.87
0.93 0.57 0.10 0.03
0.69 0.01 0.46 0.94
0.65 0.53 0.52 0.16
0.51 0.70 0.04 0.56
0.07 0.78 0.24 0.73
0.50 0.03 0.84 0.55
0.03 0.20 0.50 0.52
0.58 0.10 0.57 0.91
0.83 0.20 0.84 0.11
0.99 0.34 0.56 0.11
0.58 0.61 0.04 0.47
0.73 0.08 0.52 0.58
0.61 0.37 0.11 0.92
0.83 0.18 0.17 0.38
0.18 0.70 0.31 0.82
0.77 0.99 0.04 0.26
0.95 0.21 0.49 0.23
0.05 0.35 0.05 0.78
0.87 0.06 0.46 0.87
0.67 0.23 0.44 0.78
0.52 0.07 0.82 0.82
0.09 0.58 0.57 0.12
0.80 0.02 0.69 0.21
0.82 0.70 0.25 0.13
0.89 0.61 0.15 0.06
0.38 0.04 0.83 0.32
0.81 0.76 0.03 0.80
0.55 0.55 0.13 0.43
0.13 0.99 0.62 0.03
0.92 0.02 0.56 0.86
0.72 0.55 0.35 0.20
0.64 0.32 0.59 0.13
0.53 0.56 0.42 0.17
0.56 0.05 0.72 0.31
0.58 0.07 0.58 0.74
0.52 0.04 0.82 0.58
0.02 0.45 0.12 0.74
0.17 0.62 0.36 0.34
0.16 0.64 0.03 0.55
0.15 0.10 0.56 0.85
0.01 0.74 0.02 0.15
0.59 0.59 0.29 0.37
0.63 0.56 0.22 0.35
0.57 0.35 0.55 0.08
0.02 0.56 0.85 0.03
0.67 0.96 0.69 0.01
0.47 0.63 0.28 0.56
0.88 0.22 0.35 0.05
0.60 0.30 0.52 0.51
0.27 0.51 0.18 0.66
0.12 0.02 0.98 0.99
0.55 0.04 0.07 0.82
0.80 0.87 0.07 0.07
0.61 0.63 0.01 0.58
0.59 0.14 0.16 0.77
0.90 0.29 0.31 0.16
0.87 0.33 0.54 0.06
0.41 0.65 0.01 0.52
0.11 0.37 0.51 0.20
0.62 0.20 0.20 0.01
0.66 0.17 0.06 0.54
0.30 0.03 0.56 0.41
0.01 0.83 0.86 0.13
0.64 0.19 0.64 0.14
0.57 0.19 0.41 0.70
0.88 0.30 0.01 0.63
0.69 0.02 0.74 0.41
0.48 0.04 0.55 0.87
0.53 0.17 0.52 0.01
0.10 0.07 0.16 0.65
0.67 0.09 0.33 0.59
0.69 0.64 0.03 0.13
0.35 0.02 0.19 0.71
0.95 0.02 0.25 0.46
0.87 0.70 0.17 0.12
0.33 0.21 0.24 0.58
0.16 0.05 0.18 0.86
0.56 0.53 0.44 0.01
0.97 0.38 0.02 0.37
0.92 0.11 0.14 0.58
0.04 0.71 0.66 0.19
0.22 0.03 0.60 0.91
0.91 0.52 0.01 0.47
0.56 0.01 0.88 0.59
0.01 0.09 0.93 0.19
0.84 0.02 0.54 0.52
0.55 0.09 0.64 0.08
0.51 0.24 0.44 0.43
0.72 0.51 0.05 0.71
0.54 0.57 0.38 0.08
0.25 0.09 0.74 0.22
0.03 0.17 0.56 0.93
0.75 0.01 0.69 0.78
0.76 0.22 0.15 0.20
0.69 0.16 0.48 0.23
0.03 0.02 0.95 0.69
0.42 0.53 0.18 0.62
0.32 0.54 0.54 0.06
0.27 0.01 0.95 0.63
0.83 0.08 0.37 0.48
0.39 0.52 0.04 0.73
0.44 0.22 0.51 0.42
0.56 0.62 0.36 0.22
0.12 0.53 0.13 0.57
0.15 0.04 0.25 0.62
0.60 0.24 0.06 0.31
0.88 0.08 0.05 0.95
0.87 0.68 0.11 0.02
0.58 0.05 0.61 0.08
0.26 0.51 0.65 0.19
0.01 0.68 0.95 0.03
0.70 0.53 0.03 0.78
0.72 0.01 0.88 0.20
0.15 0.63 0.39 0.27
0.62 0.86 0.07 0.04
0.85 0.02 0.86 0.05
0.18 0.08 0.58 0.61
0.64 0.55 0.05 0.20
0.26 0.51 0.48 0.54
0.94 0.01 0.06 0.30
0.40 0.22 0.27 0.53
0.62 0.18 0.23 0.51
0.27 0.58 0.53 0.02
0.03 0.51 0.80 0.37
0.77 0.01 0.54 0.14
0.56 0.15 0.12 0.80
0.27 0.33 0.35 0.02
0.73 0.13 0.53 0.31
0.85 0.15 0.52 0.16
0.67 0.59 0.11 0.03
0.39 0.05 0.64 0.24
0.56 0.28 0.05 0.32
0.08 0.07 0.78 0.97
0.55 0.02 0.63 0.56
0.53 0.51 0.24 0.57
0.26 0.01 0.74 0.68
0.83 0.03 0.25 0.61
0.08 0.48 0.66 0.16
0.48 0.20 0.52 0.30
0.43 0.17 0.48 0.44
0.26 0.61 0.43 0.29
0.72 0.42 0.04 0.55
0.91 0.06 0.18 0.71
0.34 0.02 0.72 0.76
0.50 0.14 0.23 0.64
0.21 0.35 0.65 0.07
0.71 0.05 0.19 0.64
0.73 0.54 0.03 0.76
0.51 0.55 0.03 0.82
0.66 0.01 0.70 0.16
0.12 0.86 0.82 0.01
0.90 0.16 0.03 0.67
0.02 0.05 0.76 0.74
0.01 0.33 0.78 0.65
0.80 0.01 0.71 0.10
0.63 0.01 0.64 0.83
0.13 0.76 0.14 0.03
0.17 0.62 0.21 0.07
0.60 0.01 0.28 0.98
0.86 0.06 0.78 0.01
0.72 0.02 0.46 0.59
0.84 0.57 0.14 0.09
0.51 0.53 0.06 0.21
0.18 0.16 0.60 0.08
0.40 0.02 0.63 0.59
0.01 0.15 0.57 0.77
0.92 0.02 0.19 0.61
0.18 0.04 0.80 0.17
0.77 0.02 0.33 0.64
0.77 0.03 0.27 0.59
0.64 0.52 0.01 0.78
0.15 0.22 0.64 0.04
0.60 0.55 0.01 0.88
0.70 0.06 0.71 0.04
0.76 0.37 0.03 0.72
0.02 0.58 0.59 0.60
0.12 0.98 0.51 0.03
0.51 0.22 0.18 0.41
0.93 0.15 0.09 0.56
0.02 0.63 0.57 0.10
0.63 0.47 0.05 0.24
0.75 0.20 0.05 0.78
0.61 0.48 0.08 0.07
0.07 0.07 0.70 0.95
0.22 0.03 0.73 0.51
0.74 0.63 0.03 0.41
0.68 0.15 0.48 0.56
0.07 0.14 0.08 0.62
0.23 0.02 0.98 0.65
0.76 0.05 0.60 0.15
0.11 0.99 0.34 0.08
0.04 0.40 0.05 0.74
0.50 0.57 0.15 0.15
0.11 0.89 0.61 0.04
0.03 0.03 0.76 0.65
0.63 0.01 0.83 0.31
0.06 0.61 0.25 0.58
0.18 0.01 0.79 0.99
0.82 0.58 0.06 0.15
0.69 0.10 0.29 0.37
0.94 0.45 0.14 0.13
0.02 0.36 0.82 0.06
0.20 0.12 0.30 0.06
0.52 0.07 0.33 0.40
0.11 0.60 0.63 0.04
0.05 0.01 0.62 0.90
0.83 0.40 0.18 0.03
0.55 0.38 0.05 0.74
0.03 0.41 0.32 0.56
0.66 0.01 0.49 0.93
0.03 0.65 0.66 0.07
0.14 0.01 0.80 0.72
0.06 0.75 0.66 0.05
0.58 0.02 0.07 0.59
0.88 0.16 0.25 0.56
0.65 0.46 0.04 0.81
0.51 0.01 0.24 0.76
0.55 0.05 0.03 0.44
0.25 0.53 0.02 0.67
0.15 0.05 0.91 0.31
0.31 0.10 0.20 0.33
0.49 0.65 0.08 0.51
0.19 0.10 0.10 0.97
0.69 0.41 0.02 0.47
0.10 0.55 0.73 0.03
0.52 0.18 0.08 0.15
0.01 0.61 0.42 0.75
0.86 0.43 0.11 0.10
0.58 0.72 0.01 0.51
0.83 0.83 0.01 0.39
0.11 0.28 0.34 0.49
0.46 0.63 0.96 0.01
0.10 0.32 0.52 0.28
0.09 0.34 0.83 0.06
0.12 0.63 0.77 0.01
0.02 0.02 0.89 0.32
0.35 0.09 0.38 0.56
0.40 0.08 0.74 0.04
0.01 0.03 0.58 0.92
0.16 0.49 0.55 0.05
0.38 0.57 0.06 0.51
0.18 0.10 0.14 0.55
0.05 0.12 0.16 0.65
0.17 0.53 0.29 0.01
0.12 0.03 0.13 0.56
0.12 0.55 0.02 0.60
0.03 0.62 0.80 0.07
0.26 0.02 0.64 0.30
0.73 0.36 0.01 0.60
0.21 0.05 0.65 0.55
0.55 0.16 0.66 0.05
0.41 0.26 0.05 0.27
0.75 0.10 0.19 0.33
