400 4
0.80 0.68 0.68 0.27
0.84 0.63 0.68 0.95
0.73 0.55 0.78 0.78
0.73 0.91 0.55 0.39
0.75 1.00 0.06 0.76
0.64 0.86 0.99 0.90
0.45 0.65 0.62 0.93
0.82 0.11 0.62 0.98
0.64 0.70 0.67 0.03
0.27 0.74 0.33 0.54
0.94 0.54 0.90 0.65
0.69 0.20 0.91 0.98
0.56 0.64 0.85 0.74
0.83 0.24 0.19 0.72
0.70 0.68 0.54 0.24
0.05 0.29 0.25 0.78
0.80 0.63 0.58 0.75
0.82 0.11 0.95 0.34
0.38 0.98 0.81 0.16
0.81 0.31 0.19 1.00
0.74 0.59 0.64 0.45
0.64 0.25 0.53 0.94
0.69 0.57 0.09 0.81
0.67 0.08 0.38 0.99
0.79 0.16 0.58 0.56
0.02 0.80 0.93 0.99
0.41 0.51 0.30 0.65
0.04 0.80 0.59 0.35
0.49 0.76 0.64 0.45
0.57 0.96 0.81 0.14
0.73 0.77 0.07 0.61
0.23 0.53 0.73 0.39
0.77 0.81 0.10 0.51
0.21 0.86 0.56 0.67
0.52 0.04 0.10 0.93
0.55 0.11 0.99 0.73
0.85 0.97 0.29 0.14
0.08 0.90 0.69 0.10
0.24 0.05 0.51 0.75
0.89 0.04 0.78 0.49
0.16 0.79 0.28 0.65
0.64 0.78 0.11 0.55
0.88 0.37 0.52 0.26
0.77 0.66 0.73 0.05
0.19 0.80 0.18 0.67
1.00 0.26 0.58 0.53
0.67 0.51 0.74 0.11
0.69 0.91 0.55 0.53
0.39 0.93 0.10 0.87
0.07 0.77 0.07 0.80
0.81 1.00 0.01 0.06
0.53 0.87 0.63 0.10
0.40 0.69 0.69 0.17
0.67 0.38 0.02 0.95
0.86 0.76 0.65 0.02
0.59 0.75 0.22 0.62
0.51 0.51 0.74 0.52
0.61 0.52 0.86 0.33
0.86 0.30 0.01 0.01
0.62 0.90 0.60 0.01
0.14 0.94 0.27 0.59
0.52 0.27 0.66 0.51
0.97 0.14 0.11 0.63
0.65 0.15 0.74 0.59
0.58 0.94 0.15 0.79
0.57 0.94 0.54 0.43
0.81 0.58 0.59 0.54
0.51 0.55 0.43 0.06
0.87 0.13 0.42 0.78
0.67 0.28 0.45 0.80
0.02 0.49 0.50 0.68
0.10 0.03 0.79 0.86
0.21 0.70 0.26 0.71
0.07 0.59 0.82 0.32
0.49 0.61 0.49 0.53
0.81 0.50 0.14 0.68
0.78 0.57 0.58 0.02
0.78 0.47 0.16 0.71
0.17 0.87 0.77 0.06
0.79 0.35 0.54 0.74
0.34 0.62 0.67 0.67
0.79 0.45 0.51 0.01
0.61 0.24 0.54 0.66
0.65 0.94 0.16 0.51
0.38 0.77 0.02 0.63
0.12 0.55 0.55 0.58
0.05 0.75 0.96 0.53
0.87 0.01 0.65 0.15
0.22 0.28 0.75 0.62
0.93 0.03 0.63 0.84
0.68 0.22 0.32 0.06
0.38 0.41 0.95 0.47
0.35 0.08 0.67 0.53
0.63 0.60 0.16 0.51
0.48 0.72 0.05 0.91
0.65 0.02 0.86 0.71
0.60 0.92 0.26 0.57
0.15 0.81 0.65 0.31
0.26 0.38 0.65 0.73
0.84 0.11 0.75 0.52
0.89 0.25 0.11 0.54
0.28 0.52 0.19 0.39
0.47 0.70 0.60 0.25
0.61 0.44 0.08 0.77
0.56 0.18 0.87 0.26
0.27 0.45 0.22 0.66
0.81 0.14 0.02 0.70
0.71 0.86 0.04 0.49
0.83 0.05 0.83 0.52
0.03 0.60 0.55 0.44
0.44 0.52 0.51 0.33
0.53 0.80 0.10 0.43
0.02 0.73 0.82 0.59
0.44 0.27 0.98 0.17
0.26 0.62 0.72 0.06
0.05 0.13 0.80 0.82
0.01 0.82 0.38 0.20
0.27 0.89 0.05 0.09
0.66 0.51 0.62 0.12
0.61 0.37 0.08 0.27
0.66 0.69 0.34 0.03
0.40 0.04 0.19 0.02
0.27 0.98 0.03 0.63
0.45 0.62 0.50 0.01
0.19 0.53 0.79 0.59
0.57 0.52 0.43 0.01
0.04 0.56 0.22 0.09
0.79 0.52 0.15 0.17
0.63 0.03 0.79 0.67
0.16 0.53 0.01 0.86
0.01 0.65 0.34 0.58
0.57 0.60 0.08 0.83
0.47 0.66 0.06 0.09
0.32 0.03 0.66 0.81
0.73 0.52 0.05 0.50
0.31 0.10 0.72 0.53
0.18 0.35 0.22 0.98
0.29 0.51 0.56 0.43
0.82 0.97 0.02 0.54
0.72 0.44 0.62 0.01
0.21 0.61 0.19 0.28
0.12 0.15 0.53 0.63
0.82 0.02 0.51 0.15
0.66 0.01 0.88 0.54
0.64 0.03 0.36 0.97
0.19 0.06 0.72 0.51
0.73 0.91 0.02 0.55
0.18 0.13 0.83 0.58
0.04 0.45 0.62 0.62
0.80 0.01 0.61 0.87
0.75 0.03 0.21 0.61
0.48 0.67 0.03 0.23
0.91 0.07 0.10 0.58
0.77 0.74 0.04 0.09
0.27 0.53 0.76 0.34
0.24 0.96 0.11 0.58
0.20 0.61 0.21 0.05
0.10 0.12 0.75 0.79
0.29 0.41 0.64 0.54
0.12 0.12 0.85 0.63
0.26 0.12 0.56 0.37
0.01 0.40 0.96 0.79
0.62 0.60 0.06 0.55
0.06 0.39 0.79 0.61
0.16 0.13 0.28 0.18
0.24 0.50 0.20 0.18
0.90 0.17 0.74 0.01
0.74 0.01 0.64 0.59
0.14 0.44 0.04 0.82
0.86 0.22 0.03 0.62
0.03 0.68 0.46 0.50
0.11 0.42 0.82 0.60
0.81 0.74 0.17 0.03
0.10 0.27 0.65 0.59
0.24 0.89 0.08 0.64
0.42 0.56 0.88 0.01
0.03 0.01 0.94 0.74
0.06 0.15 0.49 0.80
0.70 0.01 0.56 0.54
0.09 0.95 0.67 0.01
0.68 0.68 0.01 0.52
0.85 0.31 0.01 0.49
0.06 0.05 0.56 0.72
0.61 0.32 0.05 0.71
0.05 0.13 0.85 0.54
0.08 0.93 0.12 0.76
0.71 0.14 0.13 0.52
0.69 0.18 0.09 0.95
0.60 0.60 0.01 0.85
0.61 0.14 0.12 0.88
0.75 0.28 0.05 0.53
0.11 0.24 0.57 0.70
0.01 0.26 0.13 0.34
0.71 0.01 0.43 0.87
0.74 0.73 0.02 0.03
0.65 0.51 0.08 0.07
0.06 0.45 0.57 0.20
0.80 0.01 0.66 0.14
0.63 0.47 0.03 0.83
0.16 0.54 0.65 0.01
0.52 0.03 0.72 0.52
0.59 0.01 0.56 0.89
0.54 0.54 0.07 0.07
0.57 0.60 0.04 0.19
0.77 0.05 0.06 0.43
0.39 0.12 0.10 0.47
0.36 0.91 0.44 0.03
0.93 0.01 0.04 0.15
0.25 0.42 0.20 0.16
0.28 0.10 0.55 0.55
0.50 0.52 0.09 0.18
0.01 0.06 0.55 0.54
0.56 0.28 0.01 0.95
0.67 0.01 0.83 0.20
0.66 0.53 0.02 0.75
0.51 0.02 0.66 0.55
0.03 0.60 0.71 0.19
0.73 0.53 0.04 0.20
0.73 0.30 0.08 0.23
0.67 0.74 0.01 0.76
0.47 0.52 0.04 0.63
0.60 0.61 0.12 0.01
0.21 0.08 0.85 0.33
0.14 0.85 0.01 0.88
0.68 0.02 0.19 0.79
1.00 0.03 0.02 0.69
0.58 0.18 0.06 0.70
0.74 0.33 0.03 0.08
0.22 0.22 0.90 0.05
0.24 0.05 0.09 1.00
0.56 0.03 0.55 0.33
0.19 0.39 0.51 0.04
0.51 0.01 0.70 0.91
0.76 0.69 0.02 0.23
0.30 0.58 0.10 0.52
0.91 0.02 0.46 0.51
0.38 0.06 0.62 0.04
0.61 0.01 0.52 0.66
0.24 0.02 0.81 0.63
0.14 0.70 0.98 0.08
0.49 0.05 0.03 0.70
0.10 0.92 0.65 0.01
0.29 0.06 0.17 0.69
0.02 0.10 0.33 0.91
0.29 0.85 0.06 0.78
0.58 0.03 0.49 0.16
0.12 0.54 0.04 0.30
0.23 0.51 0.11 0.59
0.13 0.63 0.57 0.01
0.05 0.70 0.03 0.62
0.70 0.03 0.26 0.66
0.60 0.94 0.01 0.63
0.91 0.03 0.13 0.75
0.03 0.64 0.81 0.13
0.14 0.72 0.01 0.30
0.10 1.00 0.09 0.05
0.64 0.12 0.16 0.06
0.21 0.10 0.85 0.19
0.55 0.70 0.15 0.01
0.58 0.08 0.03 0.47
0.81 0.02 0.13 0.84
0.04 0.52 0.08 0.68
0.34 0.51 0.05 0.25
0.28 0.57 0.19 0.06
0.54 0.08 0.06 0.19
0.14 0.05 0.89 0.55
0.78 0.67 0.09 0.01
0.09 0.11 0.52 0.15
0.02 0.02 0.59 0.81
0.19 0.89 0.48 0.01
0.12 0.08 0.41 0.81
0.56 0.02 0.53 0.49
0.50 0.80 0.04 0.10
0.22 0.54 0.59 0.01
0.01 0.85 0.23 0.25
0.04 0.59 0.65 0.07
0.27 0.28 0.67 0.02
0.47 0.03 0.51 0.55
0.66 0.38 0.02 0.82
0.34 0.04 0.54 0.58
0.66 0.47 0.03 0.24
0.14 0.05 0.87 0.06
0.02 0.04 0.52 0.12
0.03 0.03 0.20 0.99
0.13 0.19 0.11 0.66
0.60 0.94 0.08 0.02
0.10 0.62 0.42 0.04
0.70 0.01 0.31 0.75
0.34 0.19 0.06 0.90
0.66 0.01 0.67 0.26
0.72 0.26 0.01 0.92
0.54 0.01 0.60 0.66
0.03 0.98 0.83 0.04
0.28 0.01 0.94 0.63
0.95 0.03 0.04 0.13
0.11 0.42 0.55 0.07
0.52 0.91 0.18 0.01
0.61 0.08 0.02 0.57
0.09 0.17 0.63 0.08
0.17 0.06 0.48 0.84
0.76 0.03 0.10 0.79
0.16 0.01 0.35 0.76
0.52 0.62 0.03 0.63
0.56 0.70 0.05 0.14
0.02 0.71 0.01 0.98
0.54 0.01 0.65 0.55
0.16 0.45 0.02 0.96
0.86 0.06 0.78 0.01
0.01 0.86 0.78 0.10
0.24 0.07 0.49 0.69
0.60 0.59 0.01 0.62
0.77 0.02 0.37 0.67
0.03 0.16 0.88 0.02
0.06 0.85 0.10 0.52
0.72 0.49 0.01 0.67
0.05 0.98 0.18 0.05
0.16 0.44 0.03 0.79
0.51 0.58 0.02 0.76
0.28 0.09 0.70 0.11
0.12 0.89 0.27 0.02
0.55 0.17 0.05 0.68
0.70 0.34 0.15 0.12
0.62 0.02 0.71 0.31
0.98 0.27 0.01 0.10
0.34 0.69 0.02 0.52
0.06 0.14 0.21 0.89
0.28 0.18 0.08 0.61
0.77 0.58 0.01 0.55
0.02 0.23 0.19 0.46
0.53 0.06 0.13 0.53
0.01 0.21 0.93 0.37
0.10 0.78 0.02 0.72
0.55 0.03 0.70 0.52
0.18 0.97 0.10 0.28
0.59 0.96 0.08 0.02
0.73 0.56 0.02 0.05
0.92 0.07 0.16 0.37
0.73 0.02 0.04 0.94
0.69 0.77 0.06 0.06
0.48 0.01 0.52 0.71
0.03 0.99 0.58 0.06
0.64 0.87 0.02 0.16
0.12 0.11 0.98 0.11
0.60 0.60 0.02 0.53
0.03 0.02 0.91 0.54
0.04 0.98 0.63 0.06
0.07 0.76 0.07 0.60
0.75 0.01 0.55 0.30
0.57 0.03 0.84 0.20
0.31 0.86 0.07 0.11
0.13 0.81 0.25 0.08
0.26 0.67 0.55 0.01
0.73 0.01 0.17 0.83
0.19 0.56 0.02 0.27
0.52 0.67 0.01 0.69
0.52 0.04 0.03 0.55
0.75 0.46 0.01 0.82
0.02 0.97 0.10 0.97
0.14 0.37 0.12 0.20
0.03 0.01 0.85 0.04
0.04 0.75 0.02 0.60
0.02 0.01 0.82 0.60
0.01 0.73 0.51 0.23
0.19 0.02 0.53 0.66
0.61 0.32 0.01 0.93
0.70 0.03 0.53 0.09
0.83 0.03 0.04 0.52
0.53 0.55 0.02 0.57
0.65 0.01 0.30 0.82
0.64 0.63 0.01 0.59
0.64 0.52 0.01 0.88
0.65 0.01 0.82 0.50
0.29 0.51 0.63 0.02
0.67 0.01 0.21 0.75
0.26 0.82 0.13 0.11
0.56 0.52 0.02 0.79
0.60 0.02 0.11 0.82
0.51 0.74 0.07 0.03
0.52 0.15 0.10 0.29
0.21 0.19 0.12 0.07
0.02 0.10 0.69 0.01
0.17 0.01 0.84 0.34
0.60 0.01 0.17 0.22
0.04 0.02 0.53 0.81
0.04 0.86 0.04 0.52
0.56 0.62 0.01 0.60
0.65 0.89 0.01 0.01
0.09 0.02 0.69 0.57
0.01 0.79 0.91 0.10
0.55 0.41 0.58 0.01
0.81 0.39 0.01 0.67
0.51 0.02 0.78 0.42
0.56 0.54 0.03 0.12
0.56 0.70 0.01 0.51
0.13 0.01 0.60 0.60
0.27 0.26 0.01 0.80
0.49 0.77 0.08 0.07
0.56 0.57 0.01 0.23
0.01 0.54 0.96 0.19
0.01 0.03 0.31 0.91
