400 4
80 68 68 27
84 63 68 95
73 55 78 78
73 91 55 39
75 100 6 76
64 86 99 90
45 65 62 93
82 11 62 98
64 70 67 3
27 74 33 54
94 54 90 65
69 20 91 98
56 64 85 74
83 24 19 72
70 68 54 24
5 29 25 78
80 63 58 75
82 11 95 34
38 98 81 16
81 31 19 100
74 59 64 45
64 25 53 94
69 57 9 81
67 8 38 99
79 16 58 56
2 80 93 99
41 51 30 65
4 80 59 35
49 76 64 45
57 96 81 14
73 77 7 61
23 53 73 39
77 81 10 51
21 86 56 67
52 4 10 93
55 11 99 73
85 97 29 14
8 90 69 10
24 5 51 75
89 4 78 49
16 79 28 65
64 78 11 55
88 37 52 26
77 66 73 5
19 80 18 67
100 26 58 53
67 51 74 11
69 91 55 53
39 93 10 87
7 77 7 80
81 100 1 6
53 87 63 10
40 69 69 17
67 38 2 95
86 76 65 2
59 75 22 62
51 51 74 52
61 52 86 33
86 30 1 1
62 90 60 1
14 94 27 59
52 27 66 51
97 14 11 63
65 15 74 59
58 94 15 79
57 94 54 43
81 58 59 54
51 55 43 6
87 13 42 78
67 28 45 80
2 49 50 68
10 3 79 86
21 70 26 71
7 59 82 32
49 61 49 53
81 50 14 68
78 57 58 2
78 47 16 71
17 87 77 6
79 35 54 74
34 62 67 67
79 45 51 1
61 24 54 66
65 94 16 51
38 77 2 63
12 55 55 58
5 75 96 53
87 1 65 15
22 28 75 62
93 3 63 84
68 22 32 6
38 41 95 47
35 8 67 53
63 60 16 51
48 72 5 91
65 2 86 71
60 92 26 57
15 81 65 31
26 38 65 73
84 11 75 52
89 25 11 54
28 52 19 39
47 70 60 25
61 44 8 77
56 18 87 26
27 45 22 66
81 14 2 70
71 86 4 49
83 5 83 52
3 60 55 44
44 52 51 33
53 80 10 43
2 73 82 59
44 27 98 17
26 62 72 6
5 13 80 82
1 82 38 20
27 89 5 9
66 51 62 12
61 37 8 27
66 69 34 3
40 4 19 2
27 98 3 63
45 62 50 1
19 53 79 59
57 52 43 1
4 56 22 9
79 52 15 17
63 3 79 67
16 53 1 86
1 65 34 58
57 60 8 83
47 66 6 9
32 3 66 81
73 52 5 50
31 10 72 53
18 35 22 98
29 51 56 43
82 97 2 54
72 44 62 1
21 61 19 28
12 15 53 63
82 2 51 15
66 1 88 54
64 3 36 97
19 6 72 51
73 91 2 55
18 13 83 58
4 45 62 62
80 1 61 87
75 3 21 61
48 67 3 23
91 7 10 58
77 74 4 9
27 53 76 34
24 96 11 58
20 61 21 5
10 12 75 79
29 41 64 54
12 12 85 63
26 12 56 37
1 40 96 79
62 60 6 55
6 39 79 61
16 13 28 18
24 50 20 18
90 17 74 1
74 1 64 59
14 44 4 82
86 22 3 62
3 68 46 50
11 42 82 60
81 74 17 3
10 27 65 59
24 89 8 64
42 56 88 1
3 1 94 74
6 15 49 80
70 1 56 54
9 95 67 1
68 68 1 52
85 31 1 49
6 5 56 72
61 32 5 71
5 13 85 54
8 93 12 76
71 14 13 52
69 18 9 95
60 60 1 85
61 14 12 88
75 28 5 53
11 24 57 70
1 26 13 34
71 1 43 87
74 73 2 3
65 51 8 7
6 45 57 20
80 1 66 14
63 47 3 83
16 54 65 1
52 3 72 52
59 1 56 89
54 54 7 7
57 60 4 19
77 5 6 43
39 12 10 47
36 91 44 3
93 1 4 15
25 42 20 16
28 10 55 55
50 52 9 18
1 6 55 54
56 28 1 95
67 1 83 20
66 53 2 75
51 2 66 55
3 60 71 19
73 53 4 20
73 30 8 23
67 74 1 76
47 52 4 63
60 61 12 1
21 8 85 33
14 85 1 88
68 2 19 79
100 3 2 69
58 18 6 70
74 33 3 8
22 22 90 5
24 5 9 100
56 3 55 33
19 39 51 4
51 1 70 91
76 69 2 23
30 58 10 52
91 2 46 51
38 6 62 4
61 1 52 66
24 2 81 63
14 70 98 8
49 5 3 70
10 92 65 1
29 6 17 69
2 10 33 91
29 85 6 78
58 3 49 16
12 54 4 30
23 51 11 59
13 63 57 1
5 70 3 62
70 3 26 66
60 94 1 63
91 3 13 75
3 64 81 13
14 72 1 30
10 100 9 5
64 12 16 6
21 10 85 19
55 70 15 1
58 8 3 47
81 2 13 84
4 52 8 68
34 51 5 25
28 57 19 6
54 8 6 19
14 5 89 55
78 67 9 1
9 11 52 15
2 2 59 81
19 89 48 1
12 8 41 81
56 2 53 49
50 80 4 10
22 54 59 1
1 85 23 25
4 59 65 7
27 28 67 2
47 3 51 55
66 38 2 82
34 4 54 58
66 47 3 24
14 5 87 6
2 4 52 12
3 3 20 99
13 19 11 66
60 94 8 2
10 62 42 4
70 1 31 75
34 19 6 90
66 1 67 26
72 26 1 92
54 1 60 66
3 98 83 4
28 1 94 63
95 3 4 13
11 42 55 7
52 91 18 1
61 8 2 57
9 17 63 8
17 6 48 84
76 3 10 79
16 1 35 76
52 62 3 63
56 70 5 14
2 71 1 98
54 1 65 55
16 45 2 96
86 6 78 1
1 86 78 10
24 7 49 69
60 59 1 62
77 2 37 67
3 16 88 2
6 85 10 52
72 49 1 67
5 98 18 5
16 44 3 79
51 58 2 76
28 9 70 11
12 89 27 2
55 17 5 68
70 34 15 12
62 2 71 31
98 27 1 10
34 69 2 52
6 14 21 89
28 18 8 61
77 58 1 55
2 23 19 46
53 6 13 53
1 21 93 37
10 78 2 72
55 3 70 52
18 97 10 28
59 96 8 2
73 56 2 5
92 7 16 37
73 2 4 94
69 77 6 6
48 1 52 71
3 99 58 6
64 87 2 16
12 11 98 11
60 60 2 53
3 2 91 54
4 98 63 6
7 76 7 60
75 1 55 30
57 3 84 20
31 86 7 11
13 81 25 8
26 67 55 1
73 1 17 83
19 56 2 27
52 67 1 69
52 4 3 55
75 46 1 82
2 97 10 97
14 37 12 20
3 1 85 4
4 75 2 60
2 1 82 60
1 73 51 23
19 2 53 66
61 32 1 93
70 3 53 9
83 3 4 52
53 55 2 57
65 1 30 82
64 63 1 59
64 52 1 88
65 1 82 50
29 51 63 2
67 1 21 75
26 82 13 11
56 52 2 79
60 2 11 82
51 74 7 3
52 15 10 29
21 19 12 7
2 10 69 1
17 1 84 34
60 1 17 22
4 2 53 81
4 86 4 52
56 62 1 60
65 89 1 1
9 2 69 57
1 79 91 10
55 41 58 1
81 39 1 67
51 2 78 42
56 54 3 12
56 70 1 51
13 1 60 60
27 26 1 80
49 77 8 7
56 57 1 23
1 54 96 19
1 3 31 91
