400 4
57 88 55 83
98 71 63 78
66 59 100 77
59 51 27 5
45 100 52 66
53 100 8 83
56 54 87 69
54 53 95 89
52 71 60 50
43 65 58 75
20 32 82 94
58 3 51 98
35 71 71 79
73 1 52 51
68 28 70 72
72 41 15 96
76 55 9 35
4 16 82 59
27 80 55 63
61 79 9 63
97 61 24 7
41 82 79 43
17 78 61 12
68 42 28 99
62 33 52 57
76 81 24 14
17 52 4 78
7 89 27 92
55 63 71 57
20 91 30 56
75 65 5 15
93 31 39 38
86 50 62 45
58 91 84 9
70 41 81 8
12 84 64 23
77 9 36 63
6 91 79 88
37 62 92 41
1 71 15 74
24 17 93 54
70 22 89 8
18 13 14 100
4 49 58 51
81 47 39 37
72 64 3 15
56 99 38 36
1 49 1 81
50 31 56 82
51 34 75 64
40 73 83 16
20 78 16 54
29 58 38 39
76 58 82 3
64 85 13 44
72 43 54 55
53 69 27 76
98 27 67 2
92 20 77 37
5 55 93 45
58 100 5 73
59 40 46 59
95 65 33 1
8 100 78 39
60 54 12 71
71 75 9 23
16 9 70 24
19 78 66 3
60 66 3 79
65 63 8 7
31 52 1 56
64 94 13 29
43 26 51 98
93 41 69 5
53 71 62 24
52 9 49 59
10 31 27 10
8 55 78 37
70 82 4 54
7 57 38 72
96 93 3 14
2 92 98 69
93 18 6 90
84 39 20 51
79 47 78 9
7 51 58 35
17 24 68 86
53 5 88 68
86 31 24 64
37 19 55 48
65 5 98 57
7 56 61 21
57 7 83 95
53 97 35 2
46 8 69 88
54 1 83 61
6 89 80 4
76 13 48 45
54 7 54 53
84 38 3 98
37 3 87 12
97 9 53 42
76 11 18 96
92 13 23 63
97 83 1 39
16 15 38 8
8 96 56 57
18 4 57 7
47 2 91 60
3 74 31 59
7 55 53 54
25 53 71 2
2 78 93 25
57 21 23 91
12 12 67 84
71 14 1 84
43 1 72 57
1 69 75 63
88 42 15 55
2 78 63 52
6 64 58 25
21 66 59 3
86 64 98 1
6 75 33 7
68 35 10 66
23 24 9 88
95 41 11 57
18 49 10 18
5 84 89 32
11 4 91 24
9 12 58 80
12 97 20 59
9 22 15 95
33 96 16 8
4 24 64 93
31 3 68 74
2 94 6 77
17 57 11 46
55 66 2 54
81 6 50 61
59 6 56 52
1 81 80 59
96 47 5 70
17 87 10 41
75 89 28 1
98 7 5 66
100 9 31 35
19 73 61 6
10 19 38 12
14 18 45 57
3 44 83 49
66 5 43 44
75 51 25 13
7 57 52 51
57 1 92 27
61 21 23 78
10 6 85 57
92 8 16 99
5 65 57 51
6 64 4 58
6 15 96 84
1 34 69 86
23 48 1 55
64 13 7 54
11 51 50 7
83 10 8 64
2 11 81 86
89 2 42 40
2 27 59 72
2 68 48 61
72 53 9 50
65 34 51 7
93 68 30 3
58 78 58 3
67 59 6 29
17 64 53 3
51 67 14 16
5 65 76 17
53 16 11 90
19 92 1 52
69 11 25 82
82 60 1 22
66 43 9 38
64 81 17 7
97 7 32 69
5 62 52 64
60 21 56 3
64 3 57 71
3 74 54 58
77 57 16 12
2 57 94 57
21 2 33 71
61 37 51 5
59 2 69 65
53 1 54 71
1 59 43 78
99 52 23 5
8 11 49 93
70 23 66 2
62 92 13 1
71 32 4 71
58 90 57 2
2 60 58 2
57 7 53 68
85 77 100 1
89 23 6 82
71 1 86 52
59 30 15 67
3 55 37 38
77 89 8 1
84 95 6 13
1 70 74 57
77 2 32 81
11 22 24 67
90 17 68 4
61 13 17 76
2 20 92 54
37 87 52 1
59 41 25 54
89 5 33 61
78 2 1 97
92 19 35 44
2 40 28 93
3 71 25 26
60 99 2 28
9 17 23 68
1 64 92 64
55 2 59 15
95 37 12 46
15 64 22 16
54 67 5 7
12 30 6 97
60 13 34 62
16 6 6 75
5 83 9 22
3 83 3 58
78 56 9 18
15 41 6 82
82 1 70 24
6 71 3 58
91 4 12 22
3 14 67 54
66 80 41 2
53 64 94 1
86 1 48 78
1 74 72 73
7 60 51 31
86 22 8 52
78 29 20 12
41 17 10 65
45 94 4 44
8 4 91 72
76 3 7 74
1 3 28 61
82 9 27 32
20 69 13 5
27 1 58 70
31 20 7 19
65 12 16 71
69 81 54 1
36 47 81 3
15 8 64 53
14 71 16 38
73 17 30 10
33 22 80 2
53 2 63 2
73 1 27 93
92 59 5 53
1 96 51 44
1 62 78 54
100 20 58 5
66 56 31 3
76 10 6 54
5 1 89 54
36 12 15 72
77 56 5 46
52 2 69 49
10 53 3 18
87 11 55 5
94 3 61 11
1 80 54 59
68 4 54 54
53 36 63 1
85 3 32 1
98 14 31 5
62 1 27 42
76 38 6 22
56 2 18 4
5 1 64 67
63 79 9 1
53 66 1 51
1 82 62 49
2 95 8 60
2 72 53 55
2 28 95 3
25 82 96 1
5 32 38 41
15 26 9 73
69 12 5 56
86 34 2 24
6 14 89 51
62 85 4 3
76 14 3 77
20 94 71 1
2 69 6 76
1 72 66 59
44 43 19 3
13 12 22 100
71 72 51 1
33 1 51 1
83 88 2 1
5 54 21 32
96 2 3 65
72 12 10 7
8 56 20 65
6 17 63 52
47 92 1 24
54 33 3 59
93 56 3 16
1 93 54 21
2 58 52 21
49 1 47 51
52 85 10 11
3 67 16 56
59 15 3 73
1 77 52 20
62 46 2 53
100 9 3 60
81 85 1 35
1 6 51 37
52 78 1 32
68 29 6 58
12 39 20 62
66 65 8 4
85 47 1 62
51 39 6 56
98 66 26 2
79 9 12 60
22 56 2 62
28 51 71 4
1 25 26 94
7 53 45 16
1 69 74 17
40 90 2 32
65 77 4 2
19 63 9 8
97 41 10 6
83 23 1 1
30 53 51 3
56 86 1 17
2 56 6 65
99 14 6 51
5 53 54 30
25 29 14 72
3 19 82 23
75 88 1 3
64 14 9 30
51 64 2 16
51 100 4 13
34 65 1 52
2 78 22 57
11 96 55 4
76 51 4 31
50 42 5 100
68 55 4 5
80 14 3 71
4 69 13 56
76 1 7 5
74 21 1 73
77 42 2 57
29 4 19 96
13 52 8 62
51 13 18 62
97 1 5 97
17 1 53 95
53 25 5 79
71 8 8 72
72 24 1 78
81 83 1 8
25 25 8 74
33 100 35 2
63 74 14 2
8 36 77 33
71 67 1 5
8 28 53 27
26 3 7 73
2 54 22 44
8 9 82 26
75 61 2 25
1 54 28 55
77 57 1 39
8 53 8 74
3 54 8 75
32 3 95 52
2 55 20 8
51 74 7 5
30 19 25 58
66 3 12 58
69 4 1 63
11 90 16 15
