400 4
0.76 0.87 0.75 1.00
0.92 0.80 0.61 0.66
0.29 0.56 0.52 0.99
0.88 0.67 0.97 0.73
0.92 0.21 0.71 0.06
0.79 0.88 0.74 0.86
0.76 0.56 0.41 0.88
0.86 0.73 0.81 0.79
0.76 0.55 0.39 0.14
0.59 0.59 0.03 0.78
0.58 0.32 0.23 0.67
0.99 0.40 0.15 0.87
0.58 0.70 0.61 0.56
0.68 0.38 0.80 0.26
0.83 0.29 0.68 0.93
0.55 0.63 0.17 0.92
0.59 0.81 0.85 0.18
0.75 0.43 0.09 0.94
0.56 0.47 0.84 0.99
0.49 0.83 0.63 0.68
0.61 0.77 0.25 0.54
0.51 0.22 0.88 0.64
0.57 0.68 0.88 0.24
0.74 0.88 0.13 0.77
0.67 0.81 0.53 0.08
0.27 0.56 0.56 0.60
0.01 0.71 0.80 0.87
0.95 0.29 0.53 0.56
0.27 0.76 0.52 0.72
0.62 0.18 0.75 0.83
0.26 0.34 0.57 0.33
0.28 0.04 0.71 0.76
0.53 0.08 0.65 0.74
0.30 0.98 0.05 0.57
0.85 0.56 0.82 0.04
0.65 0.83 0.92 0.09
0.53 0.80 0.29 0.73
0.57 0.89 0.96 0.07
0.77 0.83 0.34 0.53
0.60 0.65 0.44 0.61
0.03 1.00 0.51 0.84
0.05 0.94 0.52 0.21
0.79 0.63 0.65 0.02
0.63 0.67 0.36 0.14
0.44 0.06 0.04 0.67
0.04 0.05 0.97 0.51
0.02 0.62 0.76 0.36
0.65 0.62 0.62 0.14
0.72 0.75 0.07 0.20
0.30 0.05 0.68 0.68
0.59 0.59 0.97 0.23
0.86 0.12 0.61 0.58
0.64 0.03 0.65 1.00
0.21 0.22 0.92 0.92
0.01 0.07 0.87 0.87
0.51 0.09 0.63 0.26
0.08 0.63 0.41 0.51
0.55 0.09 0.61 0.64
0.13 0.61 0.74 0.91
0.93 0.06 0.10 0.19
0.16 0.78 0.66 0.16
0.40 0.87 0.30 0.99
0.40 0.43 0.44 0.37
0.01 0.67 0.87 0.26
0.59 0.75 0.59 0.04
0.27 0.88 0.20 0.71
0.17 0.70 0.37 0.32
0.88 0.03 0.92 0.69
0.14 0.03 0.80 0.58
0.70 0.65 0.89 0.09
0.57 0.62 0.37 0.62
0.51 0.52 0.04 0.43
0.74 0.44 0.17 0.37
0.53 0.38 0.49 0.21
0.96 0.22 0.62 0.16
0.69 0.70 0.21 0.27
0.25 0.62 0.70 0.37
0.21 0.50 0.43 0.70
0.11 0.49 0.51 0.92
0.86 0.98 0.26 0.11
0.32 0.93 0.35 0.54
0.60 0.66 0.17 0.36
0.54 0.86 0.97 0.12
0.53 0.06 0.86 0.27
0.64 0.64 0.69 0.20
0.74 0.35 0.55 0.62
0.05 0.59 0.72 0.74
0.51 0.34 0.27 0.56
0.52 0.77 0.54 0.31
0.20 0.42 0.96 0.16
0.75 0.02 0.33 0.89
0.28 0.27 0.52 0.30
0.09 0.28 0.83 0.66
0.11 0.15 0.59 0.78
0.80 0.02 0.90 0.73
0.58 0.16 0.76 0.13
0.83 0.72 0.62 0.01
0.89 0.92 0.52 0.12
0.78 0.40 0.07 0.46
0.10 0.23 0.73 0.18
0.09 0.55 0.76 0.78
0.05 0.53 0.92 0.46
0.20 0.80 0.80 0.15
0.09 0.68 0.85 0.22
0.72 0.04 0.92 0.22
0.80 0.23 0.52 0.38
0.40 0.50 0.04 0.81
0.98 0.30 0.70 0.07
0.04 0.57 0.29 0.96
0.39 0.70 0.22 0.73
0.68 0.60 0.72 0.08
0.61 0.13 0.60 0.52
0.61 0.61 0.02 0.95
0.01 0.36 0.82 0.59
0.29 0.13 0.51 0.94
0.04 0.66 0.92 0.01
0.67 0.52 0.56 0.07
0.61 0.64 0.86 0.10
0.26 0.84 0.79 0.05
0.58 0.71 0.82 0.03
0.06 0.51 0.61 0.65
0.24 0.28 0.21 0.88
0.69 0.81 0.03 0.10
0.07 0.67 0.15 0.89
0.83 0.01 0.58 0.77
0.75 0.15 0.42 0.57
0.76 0.59 0.84 0.06
0.04 0.59 0.83 0.55
0.04 0.51 0.62 0.21
0.94 0.51 0.55 0.01
0.17 0.76 0.32 0.85
0.79 0.32 0.53 0.09
0.88 0.61 0.02 0.77
0.49 0.74 0.24 0.27
0.48 0.03 0.03 0.78
0.30 0.77 0.17 0.77
0.62 0.92 0.40 0.15
0.46 0.89 0.21 0.39
0.78 0.03 0.99 0.15
0.08 0.11 0.70 0.99
0.19 0.82 0.31 0.79
0.90 0.01 0.81 0.01
0.46 0.10 0.60 0.63
0.60 0.01 0.59 0.72
0.66 0.76 0.72 0.02
0.95 0.01 0.05 0.25
0.20 0.18 0.77 0.38
0.01 0.13 0.08 0.65
0.53 0.05 0.28 0.65
0.15 0.51 0.55 0.22
0.22 0.05 0.76 0.63
0.68 0.22 0.04 0.59
0.28 0.98 0.10 0.51
0.57 0.53 0.01 0.90
0.04 0.02 0.62 0.81
0.82 0.20 0.51 0.09
0.62 0.65 0.03 0.60
0.28 0.06 0.70 0.66
0.24 0.36 0.71 0.60
0.55 0.84 0.05 0.24
0.79 0.57 0.49 0.03
0.63 0.53 0.21 0.26
0.12 0.06 0.73 0.53
0.01 1.00 0.54 0.61
0.45 0.55 0.08 0.06
0.37 0.04 0.64 0.63
0.79 0.12 0.14 0.64
0.91 0.70 0.02 0.39
0.19 0.20 0.70 0.26
0.64 0.72 0.02 0.83
0.01 0.73 0.04 0.88
0.89 0.06 0.07 0.63
0.86 0.02 0.76 0.36
0.02 0.89 0.75 0.36
0.06 0.96 0.45 0.06
0.27 0.80 0.25 0.43
0.71 0.32 0.01 0.29
0.71 0.50 0.58 0.06
0.74 0.17 0.62 0.16
0.52 0.09 0.43 0.26
0.01 0.57 0.99 0.33
0.68 0.37 0.61 0.11
0.52 0.66 0.26 0.01
0.94 0.07 0.04 0.60
0.21 0.96 0.15 0.40
0.28 0.51 0.31 0.56
0.33 0.26 0.66 0.56
0.90 0.01 0.27 0.90
0.37 0.91 0.59 0.04
0.86 0.25 0.38 0.54
0.58 0.35 0.61 0.19
0.09 0.75 0.05 0.75
0.01 0.63 0.68 0.26
0.55 0.45 0.54 0.18
0.69 0.07 0.62 0.01
0.36 0.75 0.35 0.40
0.02 0.57 0.65 0.63
0.53 0.27 0.32 0.62
0.22 0.31 0.64 0.55
0.52 0.02 0.20 0.63
0.51 0.39 0.18 0.60
0.35 0.85 0.21 0.64
0.05 0.40 0.63 0.19
0.46 0.16 0.80 0.43
0.63 0.01 0.35 0.53
0.42 0.71 0.70 0.10
0.33 0.75 0.04 0.11
0.94 0.09 0.07 0.10
0.67 0.13 0.52 0.03
0.53 0.87 0.03 0.74
0.81 0.96 0.01 0.09
0.72 0.52 0.60 0.02
0.54 0.92 0.01 0.80
0.85 0.09 0.34 0.27
0.73 0.36 0.51 0.06
0.36 0.62 0.07 0.80
0.77 0.08 0.52 0.46
0.07 0.34 0.83 0.51
0.72 0.33 0.05 0.21
0.26 0.75 0.10 0.62
0.30 0.51 0.34 0.35
0.03 0.69 0.03 0.92
0.34 0.71 0.76 0.16
0.03 0.57 0.54 0.21
0.53 0.31 0.44 0.11
0.95 0.10 0.01 0.53
0.67 0.94 0.03 0.53
0.52 0.71 0.01 0.30
0.43 0.14 0.56 0.55
0.52 0.12 0.12 0.64
0.66 0.08 0.71 0.23
0.88 0.16 0.01 0.38
0.09 0.62 0.45 0.43
0.23 0.64 0.05 0.58
0.07 0.95 0.51 0.05
0.02 0.56 0.21 0.60
0.26 0.09 0.65 0.54
0.79 0.90 0.09 0.03
0.51 0.29 0.27 0.36
0.11 0.08 0.54 0.92
0.03 0.58 0.85 0.10
0.65 0.14 0.12 0.09
0.04 0.62 0.01 0.49
0.21 0.66 0.60 0.19
0.81 0.02 0.53 0.52
0.63 0.65 0.30 0.04
0.99 0.54 0.12 0.04
0.42 0.91 0.52 0.10
0.89 0.01 0.56 0.15
0.32 0.74 0.44 0.04
0.44 0.35 0.39 0.54
0.39 0.62 0.33 0.38
0.96 0.38 0.13 0.03
0.54 0.08 0.17 0.56
0.51 0.12 0.84 0.19
0.66 0.79 0.03 0.29
0.53 0.01 0.54 0.52
0.60 0.36 0.68 0.09
0.38 0.20 0.13 0.57
0.25 0.62 0.64 0.16
0.53 0.07 0.29 0.47
0.84 0.90 0.07 0.05
0.28 0.97 0.16 0.30
0.26 0.61 0.05 0.66
0.01 0.62 0.54 0.60
0.06 0.47 0.59 0.63
0.03 0.12 0.71 0.51
0.15 0.10 0.53 0.78
0.75 0.02 0.28 0.52
0.58 0.03 0.55 0.44
0.16 0.69 0.65 0.17
0.05 0.57 0.06 0.32
0.20 0.17 0.92 0.11
0.37 0.58 0.72 0.13
0.67 0.95 0.06 0.03
0.07 0.21 0.79 0.37
0.08 0.92 0.62 0.03
0.77 0.08 0.57 0.21
0.52 0.02 0.04 0.92
0.29 0.33 0.58 0.29
0.57 0.53 0.01 0.72
0.27 0.79 0.60 0.02
0.14 0.05 0.57 0.65
0.14 0.83 0.40 0.06
0.42 0.10 0.70 0.52
0.44 0.61 0.69 0.14
0.21 0.02 0.78 0.45
0.57 0.14 0.06 0.64
0.04 0.52 0.81 0.18
0.25 0.60 0.79 0.09
0.27 0.54 0.41 0.04
0.50 0.51 0.13 0.56
0.16 0.76 0.02 0.02
0.18 0.19 0.72 0.29
0.05 0.32 0.39 0.30
0.11 0.12 0.21 0.95
0.75 0.03 0.71 0.41
0.47 0.72 0.13 0.01
0.14 0.54 0.57 0.16
0.55 0.26 0.20 0.27
0.20 0.57 0.01 0.89
0.03 0.24 0.54 0.55
0.40 0.03 0.72 0.63
0.36 0.63 0.07 0.12
0.04 0.04 0.05 0.54
0.31 0.18 0.65 0.13
0.05 0.72 0.68 0.09
0.70 0.70 0.01 0.28
0.67 0.49 0.09 0.47
0.20 0.57 0.50 0.19
0.75 0.07 0.53 0.35
0.01 0.75 0.04 0.73
0.74 0.86 0.01 0.21
0.01 0.86 0.82 0.20
0.02 0.95 0.80 0.09
0.02 0.09 0.96 0.74
0.03 0.99 0.52 0.02
0.13 0.50 0.82 0.07
0.51 0.27 0.15 0.04
0.42 0.92 0.63 0.01
0.16 0.47 0.53 0.16
0.30 0.66 0.22 0.29
0.17 0.05 0.34 0.09
0.02 0.02 0.41 0.77
0.67 0.51 0.05 0.35
0.10 0.07 0.06 0.28
0.86 0.56 0.07 0.02
0.87 0.16 0.39 0.04
0.03 0.53 0.87 0.46
0.81 0.01 0.56 0.48
0.55 0.20 0.02 0.74
0.50 0.65 0.04 0.13
0.93 0.01 0.22 0.55
0.68 0.59 0.73 0.01
0.01 0.07 0.67 0.14
0.01 0.08 0.60 0.53
0.59 0.65 0.98 0.03
0.42 0.83 0.62 0.01
0.17 0.55 0.19 0.16
0.52 0.05 0.69 0.06
0.51 0.02 0.72 0.56
0.13 0.02 0.69 0.43
0.52 0.39 0.05 0.14
0.09 0.46 0.03 0.82
0.85 0.02 0.59 0.22
0.05 0.75 0.05 0.14
0.49 0.07 0.92 0.02
0.29 0.72 0.22 0.03
0.05 0.24 0.19 0.02
0.63 0.24 0.02 0.60
0.86 0.05 0.02 0.59
0.53 0.02 0.52 0.56
0.08 0.14 0.56 0.21
0.65 0.51 0.01 0.90
0.04 0.68 0.53 0.06
0.87 0.18 0.03 0.52
0.02 0.65 0.88 0.11
0.57 0.51 0.31 0.01
0.80 0.13 0.01 0.34
0.59 0.55 0.04 0.30
0.64 0.04 0.69 0.29
0.16 0.96 0.56 0.01
0.05 0.02 0.66 0.62
0.79 0.69 0.03 0.06
0.84 0.02 0.81 0.10
0.03 0.56 0.05 0.61
0.01 0.88 0.51 0.57
0.25 0.01 0.11 0.56
0.55 0.01 0.01 0.64
0.32 0.01 0.02 0.13
0.60 0.56 0.01 0.52
0.14 0.05 0.89 0.01
0.01 0.51 0.51 0.59
0.45 0.03 0.51 0.08
0.51 0.71 0.16 0.01
0.64 0.08 0.51 0.04
0.17 0.02 0.90 0.18
0.05 0.55 0.07 0.44
0.61 0.14 0.21 0.03
0.01 0.89 0.49 0.43
0.25 0.04 0.03 0.64
0.64 0.02 0.66 0.07
0.53 0.33 0.01 0.40
0.23 0.52 0.02 0.58
0.02 0.64 0.90 0.11
0.23 0.37 0.04 0.75
0.52 0.08 0.21 0.03
0.87 0.67 0.03 0.10
0.04 0.56 0.41 0.52
0.02 0.61 0.63 0.26
0.03 0.69 0.46 0.22
0.11 0.03 0.83 0.60
0.12 0.06 0.26 0.01
0.04 0.58 0.56 0.14
0.03 0.76 0.79 0.09
0.03 0.78 0.33 0.54
0.03 0.53 0.55 0.52
0.25 0.74 0.09 0.12
0.01 0.72 0.54 0.13
0.13 0.55 0.05 0.52
