400 4
0.76 0.18 0.47 0.13
0.68 0.74 0.54 0.92
0.51 0.79 0.52 0.07
0.59 0.54 1.00 0.84
0.56 0.63 0.93 0.93
0.53 0.51 0.77 0.96
0.55 0.73 0.85 0.90
0.24 0.58 0.89 0.57
0.96 0.96 0.02 0.32
0.45 0.61 0.47 0.21
0.66 0.66 0.70 0.12
0.53 0.57 0.53 0.21
0.63 0.13 0.74 0.94
0.43 0.85 0.58 0.83
0.60 0.56 0.59 0.65
0.65 0.16 0.65 0.91
0.63 0.43 0.72 0.80
0.56 0.52 0.84 0.77
0.22 0.71 0.92 0.98
0.32 0.60 0.81 0.99
0.28 0.94 0.58 0.67
0.67 0.80 0.10 0.73
0.75 0.84 0.21 0.35
0.39 0.95 0.14 0.67
0.73 0.51 0.31 0.93
0.37 0.34 0.96 0.13
0.18 0.78 0.11 0.42
0.32 0.64 0.36 0.77
0.42 0.69 0.76 0.33
0.99 0.13 0.93 0.44
0.55 0.76 0.09 0.85
0.51 0.15 0.18 0.78
0.99 0.54 0.12 0.99
0.81 0.53 0.94 0.09
0.15 0.75 0.29 0.65
0.36 0.72 0.08 0.61
0.70 0.52 0.61 0.75
0.02 0.51 0.75 0.55
0.28 0.99 0.04 0.80
0.65 0.55 0.75 0.33
0.98 0.83 0.07 0.24
0.06 0.05 0.92 0.77
0.05 0.31 0.96 0.68
0.36 0.67 0.42 0.46
0.20 0.52 0.80 0.06
0.61 0.32 0.75 0.58
0.81 0.64 0.35 0.75
0.64 0.54 0.63 0.55
0.06 0.73 0.23 1.00
0.30 0.39 0.51 0.99
0.50 0.18 0.90 0.57
0.73 0.02 0.16 0.99
0.18 0.68 0.59 0.90
0.07 0.54 0.83 0.24
0.58 0.80 0.03 0.78
0.16 0.13 0.20 0.84
0.63 0.50 0.95 0.18
0.42 0.10 0.27 0.78
0.65 0.01 0.97 0.65
0.07 0.96 0.68 0.56
0.75 0.01 0.55 0.31
0.70 0.26 0.01 0.69
0.09 0.80 0.54 0.54
0.64 0.51 0.34 0.76
0.66 0.99 0.33 0.32
0.03 0.22 0.66 0.28
0.27 0.68 0.12 0.49
0.02 0.33 0.53 0.86
0.80 0.62 0.25 0.42
0.43 0.58 0.53 0.54
0.58 0.23 0.63 0.65
0.50 0.55 0.24 0.63
0.85 0.15 0.53 0.41
0.37 0.65 0.08 0.98
0.59 0.06 1.00 0.72
0.69 0.58 0.68 0.16
0.86 0.53 0.30 0.07
0.02 0.62 0.45 0.59
0.58 0.17 0.03 0.38
0.63 0.82 0.09 0.33
0.52 0.78 0.55 0.15
0.26 0.51 0.82 0.12
0.69 0.05 0.39 0.90
0.03 0.12 0.67 0.79
0.15 0.42 0.55 0.74
0.60 0.05 0.84 0.72
0.63 0.06 0.41 0.61
0.02 0.66 0.10 0.54
0.57 0.06 0.67 0.91
0.49 0.14 0.80 0.56
0.41 0.08 0.67 0.36
0.57 0.54 0.61 0.22
0.62 0.01 0.46 0.52
0.10 0.19 0.35 0.74
0.67 0.57 0.18 0.35
0.25 0.64 0.21 0.63
0.89 0.08 0.15 0.17
0.87 0.79 0.07 0.10
0.11 0.63 0.61 0.52
0.03 0.24 0.87 0.10
0.18 0.92 0.69 0.20
0.56 0.16 0.37 0.28
0.90 0.17 0.55 0.04
0.60 0.58 0.63 0.07
0.49 0.56 0.62 0.06
0.93 0.07 0.02 0.76
0.02 0.88 0.87 0.17
0.35 0.80 0.57 0.12
0.60 0.08 0.35 0.66
0.25 0.59 0.62 0.52
0.94 0.71 0.97 0.03
0.31 0.61 0.29 0.51
0.19 0.68 0.84 0.01
0.03 0.70 0.28 0.14
0.68 0.55 0.88 0.02
0.50 0.85 0.01 0.49
0.82 0.25 0.11 0.23
0.78 0.06 0.44 0.60
0.53 0.48 0.01 0.84
0.31 0.80 0.12 0.02
1.00 0.01 0.40 0.66
0.30 0.31 0.58 0.15
0.23 0.57 0.60 0.73
0.08 0.28 0.52 0.53
0.81 0.16 0.56 0.24
0.45 0.04 0.85 0.55
0.63 0.32 0.16 0.07
0.39 0.09 0.70 0.86
0.09 0.33 0.51 0.88
0.10 0.63 0.28 0.78
0.62 0.61 0.22 0.29
0.27 0.02 0.97 0.82
0.04 0.66 0.57 0.07
0.68 0.18 0.68 0.03
0.47 0.01 0.26 0.99
0.43 0.23 0.11 0.66
0.08 0.44 0.31 0.61
0.57 0.02 0.83 0.79
0.01 0.70 0.60 0.74
0.03 0.60 0.52 0.95
0.57 0.52 0.14 0.14
0.54 0.60 0.24 0.55
0.02 0.82 0.77 0.39
0.50 0.59 0.18 0.61
0.27 0.11 0.70 0.90
0.01 0.64 0.64 0.88
0.05 0.53 0.33 0.77
0.05 0.21 0.01 0.78
0.83 0.74 0.07 0.31
0.94 0.57 0.01 0.56
0.97 0.73 0.10 0.14
0.21 0.65 0.83 0.02
0.95 0.72 0.06 0.17
0.42 0.54 0.02 0.70
0.27 0.47 0.37 0.54
0.82 0.78 0.31 0.03
0.02 0.63 0.07 0.61
0.09 0.78 0.03 0.56
0.24 0.27 0.52 0.64
0.82 0.17 0.98 0.10
0.72 0.65 0.07 0.12
0.77 0.19 0.57 0.11
0.93 0.55 0.15 0.07
0.01 0.63 0.95 0.77
0.06 0.07 0.90 0.32
0.12 0.60 0.63 0.14
0.53 0.04 0.82 0.23
0.12 0.65 0.12 0.50
0.46 0.04 0.37 0.44
0.48 0.08 0.21 0.51
0.07 0.58 0.06 0.74
0.43 0.30 0.45 0.61
0.84 0.58 0.30 0.02
0.02 0.04 0.02 0.65
0.35 0.52 0.52 0.51
0.82 0.53 0.69 0.02
0.01 0.78 0.53 0.75
0.11 0.87 0.02 0.50
0.96 0.02 0.65 0.16
0.19 0.69 0.50 0.40
0.10 0.53 0.67 0.13
0.75 0.73 0.11 0.09
0.38 0.29 0.51 0.54
0.41 0.66 0.12 0.17
0.11 0.14 0.54 0.56
0.73 0.70 0.15 0.10
0.63 0.20 0.06 0.18
0.38 0.03 0.71 0.76
0.23 0.15 0.65 0.24
0.35 0.54 0.04 0.26
0.57 0.03 0.29 0.80
0.14 0.63 0.02 0.25
0.53 0.53 0.65 0.14
0.56 0.15 0.69 0.21
0.89 0.02 0.28 0.36
0.06 0.45 0.77 0.21
0.37 0.01 0.99 0.77
0.76 0.09 0.51 0.32
0.51 0.22 0.95 0.17
0.66 0.09 0.79 0.23
0.02 0.99 0.73 0.21
0.61 0.01 0.57 0.66
0.91 0.52 0.01 0.62
0.44 0.91 0.73 0.01
0.07 0.66 0.37 0.34
0.50 0.90 0.03 0.24
0.20 0.62 0.97 0.02
0.01 0.85 0.64 0.60
0.56 0.35 0.04 0.28
0.05 0.63 0.55 0.54
0.04 0.60 0.55 0.35
0.02 0.15 0.63 0.53
0.01 0.63 0.66 0.48
0.70 0.05 0.63 0.41
0.53 0.19 0.14 0.23
0.69 0.52 0.53 0.05
0.01 0.63 0.04 0.59
0.63 0.18 0.66 0.14
0.56 0.01 0.94 0.88
0.18 0.05 0.51 0.60
0.76 0.07 0.35 0.61
0.60 0.61 0.01 0.51
0.57 0.91 0.61 0.01
0.47 0.51 0.57 0.15
0.61 0.68 0.73 0.03
0.51 0.77 0.69 0.01
0.71 0.13 0.17 0.49
0.45 0.01 0.03 0.92
0.65 0.02 0.09 0.77
0.85 0.15 0.82 0.15
0.46 0.58 0.19 0.08
0.81 0.05 0.52 0.33
0.53 0.28 0.59 0.18
0.01 0.55 0.62 0.69
0.99 0.46 0.01 0.54
0.56 0.34 0.56 0.06
0.96 0.95 0.19 0.01
0.08 0.31 0.51 0.50
0.46 0.19 0.02 0.59
0.64 0.02 0.28 0.58
0.01 0.04 0.09 0.98
0.18 0.99 0.22 0.03
0.13 0.05 0.92 0.28
0.45 0.08 0.77 0.25
0.01 0.85 0.62 0.53
0.57 0.37 0.02 0.55
0.67 0.07 0.52 0.26
0.16 0.30 0.32 0.06
0.04 0.03 0.72 0.94
0.01 0.48 0.63 0.51
0.35 0.25 0.61 0.17
0.13 0.93 0.19 0.07
0.01 0.58 0.90 0.33
0.95 0.14 0.11 0.54
0.80 0.01 0.10 0.86
0.56 0.15 0.53 0.38
0.26 0.17 0.32 0.55
0.79 0.25 0.50 0.06
0.91 0.01 0.34 0.78
0.81 0.13 0.74 0.16
0.30 0.72 0.77 0.01
0.51 0.02 0.60 0.80
0.54 0.63 0.01 0.52
0.88 0.15 0.19 0.01
0.54 0.76 0.70 0.01
0.54 0.12 0.61 0.10
0.05 0.61 0.27 0.57
0.09 0.53 0.09 0.02
0.72 0.31 0.38 0.01
0.13 0.02 0.61 0.75
0.03 0.60 0.45 0.24
0.43 0.06 0.52 0.55
0.79 0.62 0.02 0.11
0.05 0.13 0.14 0.08
0.51 0.01 0.51 0.84
0.72 0.06 0.99 0.05
0.77 0.25 0.01 0.55
0.83 0.06 0.93 0.02
0.43 0.45 0.79 0.01
0.31 0.51 0.08 0.54
0.64 0.16 0.07 0.53
0.67 0.51 0.66 0.03
0.02 0.92 0.43 0.02
0.64 0.70 0.51 0.01
0.62 0.44 0.72 0.05
0.51 0.10 0.64 0.10
0.02 0.84 0.75 0.20
0.42 0.15 0.51 0.02
0.13 0.07 0.55 0.18
0.02 0.57 0.25 0.54
0.02 0.88 0.39 0.19
0.71 0.51 0.27 0.04
0.10 0.27 0.19 0.05
0.60 0.02 0.68 0.69
0.57 0.70 0.77 0.01
0.26 0.89 0.06 0.13
0.77 0.68 0.08 0.04
0.84 0.05 0.32 0.52
0.56 0.10 0.86 0.06
0.61 0.03 0.90 0.48
0.54 0.01 0.77 0.67
0.35 0.32 0.05 0.10
0.31 0.13 0.04 0.51
0.63 0.02 0.23 0.61
0.29 0.51 0.04 0.54
0.71 0.91 0.06 0.01
0.55 0.01 0.74 0.31
0.82 0.05 0.05 0.10
0.15 0.82 0.01 0.70
0.13 0.04 0.59 0.63
0.17 0.01 0.58 0.14
0.03 0.50 0.52 0.28
0.28 0.86 0.65 0.01
0.31 0.61 0.04 0.24
0.40 0.04 0.59 0.06
0.33 0.18 0.01 0.80
0.01 0.01 0.79 1.00
0.58 0.53 0.04 0.08
0.01 0.38 0.79 0.60
0.05 0.08 0.58 0.29
0.27 0.23 0.02 0.58
0.04 0.36 0.03 0.06
0.20 0.66 0.56 0.01
0.83 0.03 0.19 0.59
0.01 0.07 0.53 0.16
0.21 0.91 0.42 0.01
0.01 0.02 0.59 0.72
0.08 0.27 0.05 0.54
0.57 0.01 0.84 0.08
0.52 0.71 0.54 0.01
0.03 0.59 0.74 0.12
0.68 0.56 0.56 0.01
0.51 0.01 0.55 0.02
0.62 0.58 0.62 0.01
0.91 0.01 0.10 0.50
0.01 0.41 0.20 0.88
0.68 0.05 0.53 0.24
0.47 0.61 0.01 0.68
0.02 0.51 0.11 0.53
0.74 0.72 0.01 0.24
0.75 0.01 0.04 0.77
0.73 0.55 0.01 0.59
0.67 0.05 0.27 0.43
0.58 0.04 0.28 0.57
0.40 0.59 0.63 0.01
0.25 0.10 0.38 0.56
0.72 0.03 0.09 0.75
0.79 0.13 0.71 0.01
0.76 0.05 0.15 0.53
0.65 0.09 0.24 0.23
0.55 0.78 0.03 0.02
0.26 0.03 0.56 0.79
0.73 0.06 0.17 0.51
0.68 0.56 0.01 0.56
0.15 0.03 0.20 0.78
0.64 0.93 0.01 0.46
0.02 0.73 0.64 0.04
0.56 0.18 0.03 0.45
0.68 0.02 0.10 0.73
0.54 0.67 0.02 0.13
0.70 0.55 0.64 0.01
0.05 0.02 0.54 0.92
0.01 0.67 0.10 0.01
0.54 0.52 0.74 0.01
0.72 0.01 0.38 0.59
0.52 0.05 0.35 0.62
0.08 0.03 0.51 0.82
0.04 0.64 0.01 0.62
0.95 0.30 0.04 0.34
1.00 0.10 0.01 0.93
0.56 0.65 0.12 0.01
0.30 0.03 0.26 0.55
0.07 0.02 0.35 0.55
0.88 0.01 0.51 0.14
0.90 0.10 0.53 0.02
0.88 0.14 0.29 0.02
0.02 0.58 0.57 0.03
0.83 0.65 0.08 0.05
0.04 0.03 0.53 0.78
0.70 0.04 0.03 0.64
0.75 0.12 0.36 0.12
0.73 0.26 0.01 0.51
0.56 0.08 0.48 0.41
0.62 0.56 0.02 0.54
0.71 0.01 0.01 0.76
0.55 0.06 0.95 0.01
0.63 0.09 0.12 0.55
0.03 0.06 0.82 0.33
0.06 0.05 0.98 0.59
0.71 0.05 0.54 0.16
0.91 0.11 0.04 0.58
0.02 0.55 0.51 0.51
0.51 0.01 0.19 0.72
0.16 0.10 0.72 0.07
0.60 0.06 0.24 0.15
0.57 0.12 0.39 0.24
0.01 0.60 0.33 0.69
0.59 0.41 0.88 0.01
0.92 0.24 0.01 0.18
0.51 0.49 0.02 0.54
