400 4
76 18 47 13
68 74 54 92
51 79 52 7
59 54 100 84
56 63 93 93
53 51 77 96
55 73 85 90
24 58 89 57
96 96 2 32
45 61 47 21
66 66 70 12
53 57 53 21
63 13 74 94
43 85 58 83
60 56 59 65
65 16 65 91
63 43 72 80
56 52 84 77
22 71 92 98
32 60 81 99
28 94 58 67
67 80 10 73
75 84 21 35
39 95 14 67
73 51 31 93
37 34 96 13
18 78 11 42
32 64 36 77
42 69 76 33
99 13 93 44
55 76 9 85
51 15 18 78
99 54 12 99
81 53 94 9
15 75 29 65
36 72 8 61
70 52 61 75
2 51 75 55
28 99 4 80
65 55 75 33
98 83 7 24
6 5 92 77
5 31 96 68
36 67 42 46
20 52 80 6
61 32 75 58
81 64 35 75
64 54 63 55
6 73 23 100
30 39 51 99
50 18 90 57
73 2 16 99
18 68 59 90
7 54 83 24
58 80 3 78
16 13 20 84
63 50 95 18
42 10 27 78
65 1 97 65
7 96 68 56
75 1 55 31
70 26 1 69
9 80 54 54
64 51 34 76
66 99 33 32
3 22 66 28
27 68 12 49
2 33 53 86
80 62 25 42
43 58 53 54
58 23 63 65
50 55 24 63
85 15 53 41
37 65 8 98
59 6 100 72
69 58 68 16
86 53 30 7
2 62 45 59
58 17 3 38
63 82 9 33
52 78 55 15
26 51 82 12
69 5 39 90
3 12 67 79
15 42 55 74
60 5 84 72
63 6 41 61
2 66 10 54
57 6 67 91
49 14 80 56
41 8 67 36
57 54 61 22
62 1 46 52
10 19 35 74
67 57 18 35
25 64 21 63
89 8 15 17
87 79 7 10
11 63 61 52
3 24 87 10
18 92 69 20
56 16 37 28
90 17 55 4
60 58 63 7
49 56 62 6
93 7 2 76
2 88 87 17
35 80 57 12
60 8 35 66
25 59 62 52
94 71 97 3
31 61 29 51
19 68 84 1
3 70 28 14
68 55 88 2
50 85 1 49
82 25 11 23
78 6 44 60
53 48 1 84
31 80 12 2
100 1 40 66
30 31 58 15
23 57 60 73
8 28 52 53
81 16 56 24
45 4 85 55
63 32 16 7
39 9 70 86
9 33 51 88
10 63 28 78
62 61 22 29
27 2 97 82
4 66 57 7
68 18 68 3
47 1 26 99
43 23 11 66
8 44 31 61
57 2 83 79
1 70 60 74
3 60 52 95
57 52 14 14
54 60 24 55
2 82 77 39
50 59 18 61
27 11 70 90
1 64 64 88
5 53 33 77
5 21 1 78
83 74 7 31
94 57 1 56
97 73 10 14
21 65 83 2
95 72 6 17
42 54 2 70
27 47 37 54
82 78 31 3
2 63 7 61
9 78 3 56
24 27 52 64
82 17 98 10
72 65 7 12
77 19 57 11
93 55 15 7
1 63 95 77
6 7 90 32
12 60 63 14
53 4 82 23
12 65 12 50
46 4 37 44
48 8 21 51
7 58 6 74
43 30 45 61
84 58 30 2
2 4 2 65
35 52 52 51
82 53 69 2
1 78 53 75
11 87 2 50
96 2 65 16
19 69 50 40
10 53 67 13
75 73 11 9
38 29 51 54
41 66 12 17
11 14 54 56
73 70 15 10
63 20 6 18
38 3 71 76
23 15 65 24
35 54 4 26
57 3 29 80
14 63 2 25
53 53 65 14
56 15 69 21
89 2 28 36
6 45 77 21
37 1 99 77
76 9 51 32
51 22 95 17
66 9 79 23
2 99 73 21
61 1 57 66
91 52 1 62
44 91 73 1
7 66 37 34
50 90 3 24
20 62 97 2
1 85 64 60
56 35 4 28
5 63 55 54
4 60 55 35
2 15 63 53
1 63 66 48
70 5 63 41
53 19 14 23
69 52 53 5
1 63 4 59
63 18 66 14
56 1 94 88
18 5 51 60
76 7 35 61
60 61 1 51
57 91 61 1
47 51 57 15
61 68 73 3
51 77 69 1
71 13 17 49
45 1 3 92
65 2 9 77
85 15 82 15
46 58 19 8
81 5 52 33
53 28 59 18
1 55 62 69
99 46 1 54
56 34 56 6
96 95 19 1
8 31 51 50
46 19 2 59
64 2 28 58
1 4 9 98
18 99 22 3
13 5 92 28
45 8 77 25
1 85 62 53
57 37 2 55
67 7 52 26
16 30 32 6
4 3 72 94
1 48 63 51
35 25 61 17
13 93 19 7
1 58 90 33
95 14 11 54
80 1 10 86
56 15 53 38
26 17 32 55
79 25 50 6
91 1 34 78
81 13 74 16
30 72 77 1
51 2 60 80
54 63 1 52
88 15 19 1
54 76 70 1
54 12 61 10
5 61 27 57
9 53 9 2
72 31 38 1
13 2 61 75
3 60 45 24
43 6 52 55
79 62 2 11
5 13 14 8
51 1 51 84
72 6 99 5
77 25 1 55
83 6 93 2
43 45 79 1
31 51 8 54
64 16 7 53
67 51 66 3
2 92 43 2
64 70 51 1
62 44 72 5
51 10 64 10
2 84 75 20
42 15 51 2
13 7 55 18
2 57 25 54
2 88 39 19
71 51 27 4
10 27 19 5
60 2 68 69
57 70 77 1
26 89 6 13
77 68 8 4
84 5 32 52
56 10 86 6
61 3 90 48
54 1 77 67
35 32 5 10
31 13 4 51
63 2 23 61
29 51 4 54
71 91 6 1
55 1 74 31
82 5 5 10
15 82 1 70
13 4 59 63
17 1 58 14
3 50 52 28
28 86 65 1
31 61 4 24
40 4 59 6
33 18 1 80
1 1 79 100
58 53 4 8
1 38 79 60
5 8 58 29
27 23 2 58
4 36 3 6
20 66 56 1
83 3 19 59
1 7 53 16
21 91 42 1
1 2 59 72
8 27 5 54
57 1 84 8
52 71 54 1
3 59 74 12
68 56 56 1
51 1 55 2
62 58 62 1
91 1 10 50
1 41 20 88
68 5 53 24
47 61 1 68
2 51 11 53
74 72 1 24
75 1 4 77
73 55 1 59
67 5 27 43
58 4 28 57
40 59 63 1
25 10 38 56
72 3 9 75
79 13 71 1
76 5 15 53
65 9 24 23
55 78 3 2
26 3 56 79
73 6 17 51
68 56 1 56
15 3 20 78
64 93 1 46
2 73 64 4
56 18 3 45
68 2 10 73
54 67 2 13
70 55 64 1
5 2 54 92
1 67 10 1
54 52 74 1
72 1 38 59
52 5 35 62
8 3 51 82
4 64 1 62
95 30 4 34
100 10 1 93
56 65 12 1
30 3 26 55
7 2 35 55
88 1 51 14
90 10 53 2
88 14 29 2
2 58 57 3
83 65 8 5
4 3 53 78
70 4 3 64
75 12 36 12
73 26 1 51
56 8 48 41
62 56 2 54
71 1 1 76
55 6 95 1
63 9 12 55
3 6 82 33
6 5 98 59
71 5 54 16
91 11 4 58
2 55 51 51
51 1 19 72
16 10 72 7
60 6 24 15
57 12 39 24
1 60 33 69
59 41 88 1
92 24 1 18
51 49 2 54
