250 7
0.19 0.42 0.12 0.13 0.11 0.65 0.97
0.56 0.53 0.82 0.77 0.85 0.96 0.79
0.24 0.36 0.50 0.44 0.07 0.37 0.08
0.41 0.85 0.39 0.48 0.47 0.77 0.08
0.46 0.09 0.39 0.10 0.39 0.27 0.27
0.40 0.32 0.27 0.33 0.35 0.08 0.36
0.39 0.13 0.75 0.35 0.09 0.43 0.31
0.21 0.27 0.19 0.15 0.19 0.13 0.01
0.47 0.38 0.17 0.49 0.23 0.38 0.25
0.22 0.18 0.83 0.16 0.82 0.36 0.16
0.11 0.24 0.48 0.14 0.28 0.22 0.20
0.39 0.81 0.23 0.07 0.45 0.43 0.48
0.04 0.30 0.43 0.13 0.43 0.12 0.12
0.02 0.15 0.22 0.22 0.57 0.35 0.31
0.73 0.05 0.12 0.32 0.21 0.48 0.33
0.20 0.28 0.29 0.13 0.03 0.28 0.44
0.21 0.46 0.13 0.49 0.06 0.58 0.45
0.02 0.39 0.04 0.22 0.03 0.34 0.08
0.13 0.29 0.44 0.37 0.12 0.06 0.10
0.19 0.09 0.37 0.16 0.48 0.02 0.25
0.05 0.05 0.02 0.25 0.44 0.85 0.05
0.44 0.46 0.17 0.22 0.15 0.14 0.70
0.35 0.38 0.27 0.33 0.03 0.23 0.77
0.04 0.28 0.46 0.83 0.39 0.19 0.39
0.28 0.41 0.03 0.34 0.03 0.30 0.11
0.35 0.15 0.10 0.39 0.15 0.50 0.12
0.37 0.39 0.28 0.59 0.19 0.06 0.49
0.55 0.06 0.18 0.09 0.06 0.37 0.48
0.63 0.01 0.16 0.97 0.21 0.42 0.06
0.16 0.45 0.36 0.04 0.50 0.03 0.04
0.32 0.41 0.48 0.19 0.33 0.12 0.15
0.36 0.45 0.16 0.02 0.70 0.31 0.77
0.01 0.42 0.22 0.16 0.06 0.17 0.07
0.03 0.49 0.17 0.14 0.14 0.77 0.45
0.43 0.01 0.27 0.03 0.13 0.15 0.48
0.09 0.27 0.13 0.12 0.11 0.05 0.13
0.17 0.39 0.01 0.34 0.47 0.36 0.38
0.22 0.32 0.46 0.09 0.50 0.60 0.19
0.48 0.47 0.45 0.04 0.06 0.06 0.23
0.35 0.09 0.43 0.18 0.16 0.12 0.05
0.33 0.21 0.14 0.30 0.29 0.38 0.03
0.37 0.33 0.05 0.50 0.43 0.25 0.32
0.28 0.06 0.57 0.56 0.05 0.83 0.49
0.18 0.96 0.31 0.33 0.46 0.06 0.05
0.30 0.26 0.19 0.44 0.01 0.09 0.43
0.01 0.20 0.28 0.33 0.27 0.40 0.44
0.03 0.10 0.07 0.01 0.83 0.17 0.42
0.26 0.53 0.01 0.19 0.28 0.04 0.88
0.12 0.11 0.10 0.23 0.24 0.05 0.05
0.47 0.23 0.08 0.16 0.05 0.29 0.42
0.17 0.28 0.05 0.27 0.08 0.43 0.32
0.41 0.06 0.50 0.42 0.46 0.06 0.26
0.25 0.01 0.14 0.06 0.01 0.12 0.07
0.33 0.43 0.17 0.95 0.05 0.98 0.02
0.18 0.05 0.06 0.15 0.19 0.19 0.41
0.34 0.19 0.59 0.04 0.36 0.54 0.18
0.46 0.13 0.78 0.01 0.13 0.93 0.10
0.13 0.29 0.49 0.27 0.40 0.04 0.16
0.22 0.20 0.46 0.36 0.39 0.02 0.14
0.40 0.84 0.07 0.39 0.43 0.14 0.48
0.42 0.39 0.41 0.09 0.38 0.10 0.42
0.04 0.11 0.29 0.05 0.65 0.21 0.25
0.79 0.10 0.42 0.18 0.20 0.02 0.12
0.05 0.34 0.39 0.19 0.47 0.15 1.00
0.12 0.14 0.29 0.15 0.70 0.81 0.05
0.34 0.14 0.31 0.05 0.04 0.08 0.08
0.22 0.34 0.76 0.12 0.32 0.02 0.57
0.15 0.17 0.24 0.02 0.30 0.20 0.15
0.05 0.39 0.24 0.05 0.09 0.16 0.05
0.14 0.43 0.15 0.16 0.46 0.05 0.12
0.01 0.34 0.18 0.22 0.46 0.31 0.29
0.95 0.36 0.21 0.07 0.39 0.48 0.04
0.28 0.49 0.05 0.15 0.04 0.08 0.14
0.28 0.10 0.28 0.19 0.10 0.14 0.03
0.23 0.05 0.18 0.70 0.30 0.37 0.31
0.34 0.09 0.36 0.49 0.20 0.09 0.01
0.44 0.47 0.11 0.38 0.19 0.20 0.19
0.37 0.28 0.07 0.34 0.33 0.07 0.21
0.12 0.30 0.06 0.10 0.85 0.14 0.47
0.11 0.42 0.04 0.32 0.35 0.31 0.30
0.54 0.15 0.07 0.43 0.33 0.20 0.11
0.23 0.05 0.10 0.06 0.14 0.66 0.26
0.07 0.32 0.49 0.41 0.08 0.04 0.49
0.98 0.04 0.48 0.42 0.22 0.03 0.29
0.14 0.33 0.33 0.04 0.34 0.18 0.19
0.17 0.17 0.27 0.13 0.32 0.06 0.24
0.26 0.15 0.27 0.25 0.13 0.08 0.15
0.49 0.48 0.46 0.02 0.66 0.30 0.03
0.20 0.49 0.10 0.06 0.16 0.30 0.08
0.10 0.40 0.17 0.01 0.27 0.07 0.30
0.07 0.09 0.29 0.07 0.18 0.17 0.19
0.37 0.04 0.25 0.46 0.41 0.06 0.13
0.10 0.19 0.28 0.03 0.12 0.57 0.03
0.06 0.11 0.22 0.38 0.91 0.05 0.17
0.05 0.30 0.16 0.15 0.36 0.28 0.20
0.33 0.09 0.13 0.20 0.16 0.18 0.07
0.32 0.40 0.05 0.08 0.07 0.04 0.60
0.07 0.42 0.11 0.11 0.64 0.02 0.21
0.15 0.27 0.19 0.12 0.13 0.38 0.03
0.01 0.37 0.83 0.10 0.52 0.44 0.18
0.24 0.07 0.47 0.29 0.09 0.24 0.30
0.48 0.05 0.47 0.54 0.43 0.21 0.01
0.36 0.17 0.01 0.42 0.21 0.08 0.11
0.03 0.67 0.11 0.14 0.24 0.14 0.49
0.24 0.16 0.35 0.07 0.49 0.44 0.08
0.05 0.20 0.03 0.24 0.03 0.34 0.34
0.09 0.73 0.11 0.21 0.47 0.64 0.09
0.70 0.05 0.43 0.23 0.05 0.03 0.02
0.13 0.13 0.02 0.03 0.43 0.97 0.23
0.30 0.34 0.03 0.15 0.45 0.47 0.45
0.04 0.36 0.06 0.22 0.27 0.34 0.47
0.11 0.29 0.08 0.12 0.26 0.22 0.16
0.05 0.15 0.18 0.41 0.03 0.21 0.39
0.27 0.41 0.34 0.03 0.07 0.48 0.40
0.08 0.16 0.96 0.44 0.26 0.31 0.03
0.28 0.05 0.01 0.36 0.37 0.34 0.13
0.23 0.13 0.40 0.63 0.11 0.48 0.41
0.25 0.29 0.41 0.49 0.05 0.08 0.33
0.02 0.09 0.30 0.32 0.55 0.08 0.44
0.20 0.36 0.33 0.01 0.05 0.48 0.45
0.31 0.21 0.13 0.21 0.45 0.42 0.34
0.26 0.16 0.13 0.09 0.05 0.68 0.24
0.49 0.11 0.44 0.35 0.34 0.03 0.79
0.10 0.03 0.19 0.11 0.21 0.17 0.03
0.06 0.36 0.40 0.60 0.24 0.10 0.13
0.05 0.89 0.20 0.38 0.88 0.26 0.12
0.47 0.41 0.12 0.03 0.06 0.29 0.03
0.01 0.58 0.01 0.04 0.01 0.39 0.30
0.48 0.21 0.38 0.40 0.14 0.92 0.01
0.12 0.07 0.40 0.28 0.09 0.31 0.35
0.18 0.34 0.43 0.10 0.17 0.16 0.03
0.21 0.07 0.33 0.94 0.08 0.43 0.98
0.01 0.17 0.05 0.64 0.03 0.16 0.21
0.02 0.22 0.45 0.42 0.66 0.04 0.36
0.46 0.83 0.24 0.18 0.69 0.12 0.06
0.30 0.23 0.26 0.77 0.22 0.11 0.45
0.66 0.39 0.03 0.37 0.99 0.16 0.41
0.08 0.03 0.19 0.25 0.87 0.96 0.29
0.03 0.18 0.07 0.05 0.26 0.20 0.94
0.36 0.34 0.29 0.03 0.06 0.35 0.50
0.30 0.15 0.06 0.19 0.45 0.33 0.31
0.05 0.15 0.91 0.32 0.29 0.13 0.04
0.36 0.30 0.30 0.01 0.91 0.22 0.17
0.10 0.11 0.30 0.36 0.19 0.36 0.13
0.16 0.50 0.06 0.17 0.32 0.39 0.45
0.37 0.46 0.08 0.08 0.46 0.16 0.01
0.49 0.38 0.28 0.25 0.40 0.02 0.69
0.15 0.28 0.02 0.45 0.30 0.38 0.37
0.04 0.43 0.23 0.07 0.32 0.12 0.34
0.03 0.44 0.77 0.05 0.23 0.87 0.37
0.22 0.34 0.06 0.37 0.08 0.37 0.16
0.77 0.17 0.31 0.26 0.26 0.02 0.47
0.20 0.99 0.14 0.45 0.05 0.09 0.14
0.03 0.55 0.56 0.97 0.98 0.14 0.19
0.92 0.32 0.03 0.15 0.03 0.10 0.05
0.58 0.14 0.09 0.31 0.19 0.45 0.04
0.04 0.38 0.17 0.09 0.26 0.57 0.33
0.04 0.35 0.07 0.44 0.03 0.22 0.05
0.04 0.44 0.03 0.04 0.40 0.02 0.43
0.70 0.21 0.58 0.89 0.16 0.02 0.37
0.25 0.18 0.45 0.06 0.27 0.09 0.45
0.39 0.48 0.01 0.09 0.04 0.42 0.11
0.09 0.40 0.19 0.07 0.05 0.21 0.31
0.66 0.56 0.64 0.80 0.03 0.65 0.03
0.05 0.25 0.13 0.19 0.41 0.27 0.49
0.26 0.25 0.06 0.40 0.47 0.23 0.34
0.42 0.22 0.04 0.15 0.43 0.49 0.44
0.46 0.60 0.06 0.22 0.02 0.11 0.41
0.18 0.37 0.14 0.15 0.03 0.04 0.83
0.09 0.10 0.22 0.08 0.41 0.71 0.13
0.37 0.28 0.09 0.33 0.44 0.08 0.06
0.35 0.36 0.28 0.03 0.90 0.13 0.10
0.25 0.84 0.06 0.05 0.20 0.27 0.12
0.46 0.40 0.25 0.34 0.10 0.33 0.02
0.17 0.21 0.06 0.07 0.62 0.34 0.11
0.19 0.09 0.35 0.46 0.34 0.10 0.23
0.34 0.27 0.43 0.49 0.18 0.47 0.02
0.19 0.17 0.03 0.16 0.27 0.15 0.05
0.13 0.43 0.26 0.39 0.17 0.07 0.09
0.08 0.06 0.59 0.24 0.66 0.62 0.58
0.33 0.30 0.02 0.36 0.30 0.03 0.03
0.37 0.08 0.15 0.28 0.12 0.04 0.30
0.10 0.17 0.39 0.05 0.38 0.08 0.84
0.13 0.44 0.40 0.40 0.03 0.03 0.28
0.06 0.09 0.15 0.20 0.25 0.04 0.99
0.17 0.32 0.28 0.34 0.07 0.06 0.03
0.15 0.01 0.18 0.30 0.25 0.08 0.33
0.05 0.17 0.50 0.26 0.18 0.33 0.45
0.11 0.42 0.47 0.66 0.08 0.15 0.48
0.11 0.57 0.12 0.02 0.83 0.01 0.31
0.47 0.03 0.10 0.57 0.26 0.17 0.46
0.05 0.15 0.46 0.09 0.33 0.37 0.54
0.49 0.27 0.01 0.44 0.12 0.40 0.13
0.11 0.22 0.14 0.34 0.50 0.30 0.41
0.03 0.06 0.26 0.33 0.06 1.00 0.26
0.38 0.17 0.16 0.13 0.24 0.09 0.45
0.40 0.03 0.01 0.26 0.30 0.06 0.43
0.25 0.44 0.09 0.31 0.07 0.04 0.08
0.76 0.55 1.00 0.08 0.87 0.02 0.10
0.09 0.13 0.87 0.51 0.15 0.30 0.39
0.03 0.07 0.09 0.83 0.11 0.65 0.94
0.12 0.39 0.25 0.18 0.41 0.01 0.10
0.17 0.28 0.49 0.19 0.05 0.46 0.15
0.01 0.78 0.09 0.74 0.36 0.06 0.89
0.45 0.40 0.42 0.48 0.08 0.28 0.02
0.27 0.12 0.93 0.02 0.15 0.15 0.17
0.06 0.38 0.42 0.07 0.44 0.21 0.40
0.03 0.30 0.20 0.44 0.24 0.26 0.22
0.42 0.06 0.07 0.20 0.41 0.06 0.28
0.51 0.83 0.68 0.02 0.83 0.08 0.21
0.01 0.23 0.40 0.28 0.50 0.14 0.19
0.12 0.04 0.29 0.50 0.09 0.13 0.06
0.32 0.05 0.46 0.13 0.04 0.11 0.13
0.07 0.29 0.04 0.13 0.30 0.23 0.07
0.46 0.05 0.25 0.42 0.26 0.03 0.75
0.02 0.80 0.47 0.14 0.05 0.06 0.04
0.76 0.40 0.73 0.01 0.13 0.49 0.03
0.22 0.18 0.43 0.57 0.09 0.09 0.25
0.13 0.28 0.49 0.19 0.10 0.45 0.34
0.44 0.37 0.25 0.05 0.16 0.28 0.06
0.84 0.04 0.34 0.50 0.01 0.46 0.05
0.18 0.16 0.37 0.24 0.10 0.20 0.35
0.17 0.12 0.45 0.49 0.08 0.32 0.04
0.29 0.34 0.04 0.41 0.06 0.67 0.05
0.06 0.27 0.46 0.04 0.31 0.30 0.12
0.50 0.28 0.04 0.20 0.30 0.03 0.50
0.12 0.31 0.12 0.07 0.73 0.27 0.27
0.39 0.46 0.17 0.12 0.29 0.09 0.12
0.49 0.39 0.31 0.21 0.18 0.04 0.49
0.21 0.06 0.08 0.49 0.12 0.50 0.37
0.24 0.34 0.90 0.84 0.96 0.01 0.68
0.45 0.33 0.30 0.46 0.49 0.02 0.42
0.27 0.01 0.21 0.68 0.22 0.10 0.06
0.29 0.12 0.15 0.22 0.26 0.04 0.28
0.23 0.02 0.83 0.26 0.65 0.32 0.09
0.09 0.14 0.11 0.06 0.18 0.74 0.44
0.34 0.29 0.14 0.45 0.09 0.06 0.38
0.09 0.64 0.11 0.05 0.83 0.25 0.20
0.41 0.30 0.43 0.02 0.26 0.68 0.63
0.35 0.29 0.37 0.60 0.38 0.04 0.13
0.22 0.31 0.37 0.37 0.03 0.16 0.31
0.67 0.84 0.32 0.02 0.26 0.50 0.46
0.46 0.34 0.01 0.25 0.30 0.24 0.29
0.11 0.33 0.25 0.29 0.01 0.18 0.15
0.85 0.36 0.15 0.04 0.40 0.24 0.26
0.13 0.31 0.36 0.09 0.11 0.04 0.40
0.29 0.45 0.12 0.37 0.08 0.06 0.05
0.09 0.20 0.52 0.04 0.03 0.22 0.76
0.25 0.61 0.05 0.01 0.36 0.47 0.85
0.17 0.55 0.36 0.47 0.03 0.08 0.43
