250 7
0.13 0.06 0.14 0.88 0.70 0.25 0.83
0.68 0.41 0.78 0.51 0.66 0.35 0.44
0.37 0.49 0.38 0.46 0.96 0.12 0.42
0.14 0.96 0.47 0.05 0.25 0.01 0.30
0.08 0.22 0.46 0.23 0.23 0.35 0.08
0.23 0.41 0.38 0.25 0.39 0.29 0.11
0.46 0.27 0.50 0.35 0.67 0.27 0.49
0.19 0.10 0.11 0.46 0.06 0.09 0.37
0.42 0.48 0.35 0.25 0.27 0.18 0.28
0.34 0.43 0.24 0.36 0.37 0.64 0.45
0.37 0.05 0.29 0.18 0.43 0.46 0.42
0.09 0.34 0.12 0.40 0.29 0.08 0.30
0.21 0.28 0.32 0.20 0.39 0.13 0.38
0.45 0.17 0.10 0.76 0.97 0.02 0.30
0.33 0.33 0.31 0.23 0.30 0.19 0.17
0.33 0.49 0.58 0.08 0.37 0.61 0.08
0.43 0.01 0.45 0.09 0.16 0.14 0.22
0.36 0.28 0.19 0.03 0.26 0.50 0.50
0.46 0.22 0.02 0.44 0.38 0.32 0.15
0.40 0.26 0.14 0.15 0.40 0.77 0.25
0.37 0.19 0.15 0.26 0.20 0.13 0.35
0.16 0.27 0.21 0.37 0.09 0.34 0.32
0.38 0.39 0.61 0.31 0.16 0.24 0.01
0.60 0.33 0.40 0.34 0.49 0.39 0.16
0.30 0.50 0.47 0.50 0.30 0.24 0.16
0.12 0.05 0.13 0.20 0.29 0.34 0.06
0.06 0.14 0.37 0.50 0.29 0.41 0.28
0.06 0.35 0.09 0.72 0.50 0.26 0.32
0.03 0.30 0.47 0.49 0.15 0.33 0.32
0.34 0.33 0.45 0.15 0.36 0.44 0.32
0.37 0.43 0.15 0.04 0.84 0.58 0.17
0.11 0.18 0.38 0.21 0.13 0.07 0.45
0.44 0.30 0.37 0.08 0.28 0.16 0.06
0.41 0.29 0.04 0.46 0.05 0.33 0.43
0.07 0.78 0.27 0.41 0.04 0.28 0.09
0.43 0.14 0.35 0.32 0.05 0.94 0.09
0.37 0.19 0.22 0.28 0.52 0.06 0.07
0.31 0.44 0.52 0.18 0.18 0.34 0.24
0.50 0.26 0.41 0.37 0.08 0.19 0.07
0.52 0.22 0.78 0.03 0.45 0.39 0.15
0.01 0.50 0.35 0.98 0.49 0.09 0.02
0.45 0.04 0.14 0.06 0.26 0.31 0.25
0.77 0.43 0.36 0.42 0.14 0.89 0.11
0.41 0.30 0.01 0.21 0.27 0.18 0.32
0.37 0.12 0.02 0.09 0.10 0.60 0.25
0.47 0.04 0.41 0.45 0.30 0.21 0.44
0.03 0.43 0.11 0.36 0.25 0.45 0.50
0.21 0.86 0.35 0.11 0.38 0.31 0.38
0.12 0.41 0.33 0.20 0.30 0.02 0.18
0.08 0.40 0.29 0.35 0.50 0.80 0.46
0.06 0.76 0.19 0.18 0.05 0.28 0.01
0.34 0.17 0.97 0.09 0.91 0.18 0.04
0.20 0.31 0.20 0.12 0.48 0.17 0.31
0.38 0.02 0.25 0.05 0.23 0.23 0.21
0.04 0.13 0.34 0.04 0.80 0.37 0.26
0.45 0.22 0.16 0.05 0.18 0.38 0.61
0.23 0.31 0.26 0.09 0.35 0.45 0.18
0.74 0.12 0.74 0.17 0.47 0.38 0.15
0.25 0.07 0.04 0.35 0.11 0.43 0.35
0.22 0.01 0.09 0.48 0.44 0.02 0.85
0.02 0.11 0.36 0.42 0.47 0.77 0.19
0.03 0.29 0.21 0.21 0.25 0.26 0.17
0.19 0.50 0.08 0.33 0.36 0.08 0.21
0.07 0.33 0.32 0.26 0.38 0.15 0.30
0.39 0.06 0.12 0.02 0.49 0.43 0.01
0.41 0.10 0.34 0.21 0.48 0.16 0.38
0.17 0.95 0.21 0.17 0.22 0.38 0.41
0.45 0.10 0.09 0.09 0.08 0.42 0.29
0.19 0.41 0.11 0.32 0.42 0.43 0.48
0.33 0.24 0.60 0.17 0.31 0.23 0.49
0.25 0.21 0.97 0.03 0.23 0.13 0.35
0.11 0.20 0.43 0.42 0.08 0.43 0.30
0.22 0.22 0.15 0.19 0.24 0.34 0.49
0.42 0.22 0.41 0.42 0.36 0.06 0.42
0.28 0.15 0.45 0.12 0.31 0.08 0.21
0.44 0.92 0.07 0.16 0.48 0.35 0.02
0.35 0.35 0.17 0.37 0.08 0.44 0.21
0.47 0.07 0.15 0.24 0.71 0.26 0.26
0.16 0.49 0.22 0.26 0.13 0.17 0.29
0.31 0.43 0.43 0.16 0.01 0.12 0.20
0.27 0.40 0.16 0.06 0.32 0.20 0.23
0.48 0.28 0.42 0.23 0.09 0.43 0.10
0.26 0.10 0.39 0.41 0.04 0.39 0.45
0.02 0.35 0.02 0.09 0.42 0.12 0.11
0.09 0.56 0.94 0.05 0.22 0.20 0.24
0.63 0.46 0.07 0.20 0.34 0.30 0.07
0.22 0.37 0.04 0.10 0.31 0.03 0.25
0.04 0.37 0.36 0.03 0.39 0.29 0.50
0.03 0.50 0.27 0.02 0.16 0.30 0.55
0.20 0.10 0.45 0.40 0.34 0.27 0.95
0.21 0.08 0.33 0.39 0.19 0.14 0.09
0.04 0.21 0.07 0.12 0.03 0.01 0.07
0.35 0.43 0.47 0.02 0.30 0.38 0.37
0.33 0.19 0.03 0.37 0.77 0.13 0.48
0.44 0.09 0.03 0.50 0.36 0.14 0.79
0.25 0.07 0.33 0.44 0.09 0.18 0.17
0.29 0.06 0.17 0.05 0.04 0.47 0.18
0.11 0.16 0.51 0.06 0.33 0.33 0.30
0.29 0.27 0.04 0.45 0.47 0.35 0.18
0.47 0.08 0.06 0.29 0.45 0.31 0.03
0.36 0.14 0.34 0.44 0.42 0.02 0.42
0.06 0.04 0.14 0.56 0.08 0.44 0.16
0.47 0.60 0.01 0.10 0.22 0.41 0.47
0.56 0.22 0.09 0.20 0.19 0.14 0.06
0.17 0.37 0.04 0.42 0.07 0.15 0.01
0.01 0.44 0.43 0.03 0.23 0.09 0.39
0.08 0.36 0.34 0.04 0.12 0.27 0.14
0.25 0.44 0.30 0.42 0.02 0.44 0.67
0.10 0.18 0.03 0.04 0.19 0.47 0.39
0.44 0.32 0.24 0.01 0.09 0.01 0.46
0.28 0.31 0.06 0.41 0.07 0.19 0.46
0.42 0.32 0.42 0.27 0.01 0.28 0.38
0.50 0.41 0.98 0.08 0.08 0.07 0.21
0.41 0.32 0.53 0.41 0.39 0.15 0.01
0.50 0.17 0.97 0.39 0.31 0.03 0.13
0.32 0.43 0.45 0.05 0.52 0.24 0.23
0.37 0.26 0.37 0.26 0.30 0.39 0.05
0.46 0.24 0.01 0.42 0.24 0.07 0.42
0.26 0.38 0.36 0.42 0.01 0.28 0.28
1.00 0.10 0.04 0.07 0.05 0.12 0.12
0.61 0.47 0.76 0.07 0.99 0.32 0.07
0.21 0.09 0.48 0.83 0.01 0.01 0.78
0.47 0.29 0.14 0.09 0.47 0.21 0.36
0.28 0.06 0.29 0.41 0.58 0.26 0.26
0.27 0.10 0.33 0.50 0.01 0.37 0.21
0.23 0.08 0.08 0.97 0.20 0.53 0.79
0.39 0.10 0.87 0.17 0.24 0.05 0.25
0.05 0.05 0.41 0.11 0.16 0.49 0.44
0.08 0.25 0.01 0.08 0.30 0.06 0.89
0.49 0.62 0.91 0.07 0.40 0.13 0.23
0.35 0.06 0.19 0.26 0.48 0.08 0.07
0.32 0.31 0.03 0.10 0.48 0.21 0.08
0.01 0.41 0.25 0.51 0.45 0.01 0.05
0.25 0.24 0.09 0.45 0.17 0.08 0.02
0.09 0.34 0.21 0.45 0.01 0.43 0.53
0.46 0.17 0.13 0.32 0.11 0.11 0.19
0.29 0.24 0.08 0.25 0.48 0.39 0.01
0.01 0.27 0.39 0.29 0.41 0.38 0.08
0.01 0.92 0.24 0.08 0.33 0.32 0.08
0.41 0.07 0.45 0.43 0.05 0.13 0.07
0.50 0.25 0.42 0.08 0.44 0.10 0.42
0.74 0.86 0.06 0.40 0.12 0.05 0.11
0.10 0.48 0.34 0.36 0.88 0.13 0.06
0.23 0.35 0.09 0.03 0.34 0.22 0.19
0.07 0.50 0.24 0.06 0.40 0.34 0.22
0.02 0.40 0.92 0.09 0.35 0.13 0.30
0.05 0.33 0.35 0.18 0.17 0.27 0.03
0.38 0.04 0.45 0.09 0.07 0.13 0.28
0.42 0.41 0.03 0.43 0.17 0.28 0.11
0.43 0.29 0.39 0.43 0.02 0.31 0.04
0.63 0.15 0.73 0.07 1.00 0.27 0.17
0.76 0.01 0.34 0.20 0.05 0.01 0.17
0.09 0.10 0.12 0.08 0.34 0.35 0.20
0.20 0.03 0.02 0.21 0.08 0.22 0.40
0.32 0.23 0.29 0.02 0.72 0.40 0.34
0.42 0.09 0.30 0.45 0.43 0.03 0.54
0.65 0.39 0.33 0.13 0.31 0.19 0.04
0.55 0.10 0.14 0.33 0.21 0.42 0.21
0.19 0.19 0.38 0.03 0.20 0.09 0.14
0.13 0.05 0.46 0.18 0.43 0.43 0.35
0.34 0.21 0.42 0.02 0.10 0.12 0.04
0.09 0.03 0.32 0.28 0.30 0.47 0.23
0.56 0.74 0.70 0.01 0.51 0.73 0.30
0.39 0.16 0.46 0.29 0.10 0.14 0.01
0.31 0.45 0.01 0.20 0.45 0.14 0.35
0.47 0.07 0.04 0.89 0.29 0.45 0.04
0.12 0.14 0.47 0.31 0.23 0.96 0.14
0.46 0.34 0.01 0.29 0.10 0.35 0.10
0.73 0.09 0.34 0.14 0.95 0.20 0.05
0.96 0.13 0.34 0.78 0.01 0.35 0.29
0.12 0.10 0.17 0.12 0.45 0.03 0.31
0.89 0.43 0.04 0.39 0.31 0.35 0.08
0.07 0.41 0.47 0.03 1.00 0.35 0.02
0.14 0.08 0.50 0.41 0.05 0.27 0.32
0.06 0.36 0.05 0.04 0.10 0.04 0.46
0.16 0.17 0.78 0.40 0.24 0.32 0.38
0.31 0.14 0.86 0.04 0.35 0.42 0.07
0.34 0.88 0.23 0.02 0.10 0.23 0.40
0.42 0.21 0.04 0.18 0.15 0.26 0.83
0.46 0.01 0.14 0.34 0.42 0.01 0.50
0.29 0.16 0.40 0.28 0.21 0.07 0.24
0.11 0.28 0.02 0.68 0.40 0.33 0.08
0.05 0.04 0.70 0.28 0.49 0.06 0.13
0.48 0.45 0.90 0.44 0.19 0.10 0.05
0.39 0.17 0.37 0.28 0.21 0.11 0.29
0.29 0.10 0.08 0.18 0.32 0.23 0.36
0.44 0.28 0.35 0.03 0.03 0.16 0.43
0.04 0.22 0.09 0.04 0.31 0.46 0.39
0.27 0.39 0.06 0.28 0.07 0.29 0.42
0.02 0.16 0.17 0.42 0.57 0.16 0.51
0.44 0.03 0.32 0.36 0.08 0.01 0.35
0.13 0.12 0.50 0.83 0.09 0.17 0.36
0.03 0.16 0.45 0.73 0.36 0.04 0.06
0.40 0.06 0.22 0.23 0.32 0.19 0.40
0.96 0.37 0.89 0.40 0.98 0.06 0.06
0.32 0.19 0.06 0.89 0.35 0.16 0.47
0.43 0.15 0.21 0.04 0.31 0.42 0.47
0.22 0.09 0.46 0.49 0.12 0.31 0.32
0.47 0.27 0.46 0.05 0.07 0.39 0.97
0.89 0.07 0.15 0.21 0.20 0.24 0.23
0.10 0.14 0.14 0.04 0.43 0.17 0.20
0.48 0.40 0.03 0.48 0.39 0.13 0.11
0.37 0.15 0.48 0.41 0.14 0.28 0.01
0.39 0.26 0.26 0.46 0.03 0.44 0.03
0.17 0.08 0.42 0.15 0.27 0.10 0.21
0.43 0.55 0.66 0.01 0.20 0.19 0.24
0.08 0.96 0.02 0.50 0.34 0.23 0.40
0.17 0.17 0.44 0.48 0.07 0.43 0.30
0.39 0.03 0.47 0.48 0.20 0.10 0.35
0.08 0.01 0.16 0.64 0.06 0.19 0.45
0.40 0.07 0.49 0.17 0.04 0.32 0.73
0.18 0.96 0.33 0.35 0.34 0.12 0.02
0.22 0.32 0.47 0.05 0.10 0.18 0.82
0.16 0.47 0.02 0.27 0.17 0.11 0.33
0.06 0.29 0.19 0.47 0.30 0.50 0.02
0.48 0.01 0.20 0.43 0.44 0.30 0.27
0.29 0.07 0.26 0.53 0.27 0.22 0.10
0.26 0.04 0.06 0.49 0.17 0.96 0.37
0.26 0.09 0.01 0.58 0.31 0.08 0.42
0.01 0.48 0.64 0.43 0.32 0.97 0.09
0.27 0.36 0.03 0.11 0.25 0.59 0.34
0.01 0.07 0.50 0.34 0.50 0.36 0.13
0.50 0.01 0.06 0.04 0.27 0.02 0.08
0.79 0.03 0.30 0.40 0.22 0.89 0.37
0.23 0.05 0.15 0.06 0.48 0.16 0.30
0.30 0.17 0.31 0.04 0.02 0.09 0.18
0.18 0.50 0.27 0.05 0.30 0.69 0.24
0.31 0.12 0.44 0.54 0.23 0.17 0.03
0.03 0.30 0.05 0.27 0.21 0.14 0.29
0.21 0.14 0.27 0.39 0.29 0.12 0.30
0.38 0.18 0.04 0.44 0.50 0.19 0.70
0.38 0.20 0.07 0.80 0.02 0.42 0.23
0.45 0.21 0.16 0.07 0.14 0.79 0.38
0.49 0.23 0.09 0.06 0.45 0.16 0.11
0.21 0.31 0.10 0.04 0.23 0.14 0.30
0.22 0.18 0.22 0.08 0.03 0.44 0.18
0.17 0.91 0.02 0.21 0.32 0.19 0.86
0.50 0.15 0.41 0.38 0.03 0.47 0.11
0.42 0.04 0.43 0.31 0.42 0.10 0.09
0.30 0.15 0.78 0.28 0.17 0.01 0.22
0.24 0.21 0.27 0.12 0.28 0.42 0.03
0.25 0.09 0.16 0.17 0.79 0.23 0.23
0.12 0.04 0.07 0.27 0.04 0.46 0.79
0.22 0.16 0.11 0.22 0.47 0.02 0.14
0.32 0.18 0.34 0.17 0.19 0.52 0.03
0.01 0.73 0.16 0.11 0.52 0.37 0.38
0.50 0.08 0.22 0.24 0.05 0.46 0.11
0.31 0.46 0.04 0.01 0.37 0.15 0.50
0.41 0.19 0.03 0.03 0.12 0.43 0.34
0.31 0.12 0.01 0.37 0.11 0.43 0.50
