250 7
13 6 14 88 70 25 83
68 41 78 51 66 35 44
37 49 38 46 96 12 42
14 96 47 5 25 1 30
8 22 46 23 23 35 8
23 41 38 25 39 29 11
46 27 50 35 67 27 49
19 10 11 46 6 9 37
42 48 35 25 27 18 28
34 43 24 36 37 64 45
37 5 29 18 43 46 42
9 34 12 40 29 8 30
21 28 32 20 39 13 38
45 17 10 76 97 2 30
33 33 31 23 30 19 17
33 49 58 8 37 61 8
43 1 45 9 16 14 22
36 28 19 3 26 50 50
46 22 2 44 38 32 15
40 26 14 15 40 77 25
37 19 15 26 20 13 35
16 27 21 37 9 34 32
38 39 61 31 16 24 1
60 33 40 34 49 39 16
30 50 47 50 30 24 16
12 5 13 20 29 34 6
6 14 37 50 29 41 28
6 35 9 72 50 26 32
3 30 47 49 15 33 32
34 33 45 15 36 44 32
37 43 15 4 84 58 17
11 18 38 21 13 7 45
44 30 37 8 28 16 6
41 29 4 46 5 33 43
7 78 27 41 4 28 9
43 14 35 32 5 94 9
37 19 22 28 52 6 7
31 44 52 18 18 34 24
50 26 41 37 8 19 7
52 22 78 3 45 39 15
1 50 35 98 49 9 2
45 4 14 6 26 31 25
77 43 36 42 14 89 11
41 30 1 21 27 18 32
37 12 2 9 10 60 25
47 4 41 45 30 21 44
3 43 11 36 25 45 50
21 86 35 11 38 31 38
12 41 33 20 30 2 18
8 40 29 35 50 80 46
6 76 19 18 5 28 1
34 17 97 9 91 18 4
20 31 20 12 48 17 31
38 2 25 5 23 23 21
4 13 34 4 80 37 26
45 22 16 5 18 38 61
23 31 26 9 35 45 18
74 12 74 17 47 38 15
25 7 4 35 11 43 35
22 1 9 48 44 2 85
2 11 36 42 47 77 19
3 29 21 21 25 26 17
19 50 8 33 36 8 21
7 33 32 26 38 15 30
39 6 12 2 49 43 1
41 10 34 21 48 16 38
17 95 21 17 22 38 41
45 10 9 9 8 42 29
19 41 11 32 42 43 48
33 24 60 17 31 23 49
25 21 97 3 23 13 35
11 20 43 42 8 43 30
22 22 15 19 24 34 49
42 22 41 42 36 6 42
28 15 45 12 31 8 21
44 92 7 16 48 35 2
35 35 17 37 8 44 21
47 7 15 24 71 26 26
16 49 22 26 13 17 29
31 43 43 16 1 12 20
27 40 16 6 32 20 23
48 28 42 23 9 43 10
26 10 39 41 4 39 45
2 35 2 9 42 12 11
9 56 94 5 22 20 24
63 46 7 20 34 30 7
22 37 4 10 31 3 25
4 37 36 3 39 29 50
3 50 27 2 16 30 55
20 10 45 40 34 27 95
21 8 33 39 19 14 9
4 21 7 12 3 1 7
35 43 47 2 30 38 37
33 19 3 37 77 13 48
44 9 3 50 36 14 79
25 7 33 44 9 18 17
29 6 17 5 4 47 18
11 16 51 6 33 33 30
29 27 4 45 47 35 18
47 8 6 29 45 31 3
36 14 34 44 42 2 42
6 4 14 56 8 44 16
47 60 1 10 22 41 47
56 22 9 20 19 14 6
17 37 4 42 7 15 1
1 44 43 3 23 9 39
8 36 34 4 12 27 14
25 44 30 42 2 44 67
10 18 3 4 19 47 39
44 32 24 1 9 1 46
28 31 6 41 7 19 46
42 32 42 27 1 28 38
50 41 98 8 8 7 21
41 32 53 41 39 15 1
50 17 97 39 31 3 13
32 43 45 5 52 24 23
37 26 37 26 30 39 5
46 24 1 42 24 7 42
26 38 36 42 1 28 28
100 10 4 7 5 12 12
61 47 76 7 99 32 7
21 9 48 83 1 1 78
47 29 14 9 47 21 36
28 6 29 41 58 26 26
27 10 33 50 1 37 21
23 8 8 97 20 53 79
39 10 87 17 24 5 25
5 5 41 11 16 49 44
8 25 1 8 30 6 89
49 62 91 7 40 13 23
35 6 19 26 48 8 7
32 31 3 10 48 21 8
1 41 25 51 45 1 5
25 24 9 45 17 8 2
9 34 21 45 1 43 53
46 17 13 32 11 11 19
29 24 8 25 48 39 1
1 27 39 29 41 38 8
1 92 24 8 33 32 8
41 7 45 43 5 13 7
50 25 42 8 44 10 42
74 86 6 40 12 5 11
10 48 34 36 88 13 6
23 35 9 3 34 22 19
7 50 24 6 40 34 22
2 40 92 9 35 13 30
5 33 35 18 17 27 3
38 4 45 9 7 13 28
42 41 3 43 17 28 11
43 29 39 43 2 31 4
63 15 73 7 100 27 17
76 1 34 20 5 1 17
9 10 12 8 34 35 20
20 3 2 21 8 22 40
32 23 29 2 72 40 34
42 9 30 45 43 3 54
65 39 33 13 31 19 4
55 10 14 33 21 42 21
19 19 38 3 20 9 14
13 5 46 18 43 43 35
34 21 42 2 10 12 4
9 3 32 28 30 47 23
56 74 70 1 51 73 30
39 16 46 29 10 14 1
31 45 1 20 45 14 35
47 7 4 89 29 45 4
12 14 47 31 23 96 14
46 34 1 29 10 35 10
73 9 34 14 95 20 5
96 13 34 78 1 35 29
12 10 17 12 45 3 31
89 43 4 39 31 35 8
7 41 47 3 100 35 2
14 8 50 41 5 27 32
6 36 5 4 10 4 46
16 17 78 40 24 32 38
31 14 86 4 35 42 7
34 88 23 2 10 23 40
42 21 4 18 15 26 83
46 1 14 34 42 1 50
29 16 40 28 21 7 24
11 28 2 68 40 33 8
5 4 70 28 49 6 13
48 45 90 44 19 10 5
39 17 37 28 21 11 29
29 10 8 18 32 23 36
44 28 35 3 3 16 43
4 22 9 4 31 46 39
27 39 6 28 7 29 42
2 16 17 42 57 16 51
44 3 32 36 8 1 35
13 12 50 83 9 17 36
3 16 45 73 36 4 6
40 6 22 23 32 19 40
96 37 89 40 98 6 6
32 19 6 89 35 16 47
43 15 21 4 31 42 47
22 9 46 49 12 31 32
47 27 46 5 7 39 97
89 7 15 21 20 24 23
10 14 14 4 43 17 20
48 40 3 48 39 13 11
37 15 48 41 14 28 1
39 26 26 46 3 44 3
17 8 42 15 27 10 21
43 55 66 1 20 19 24
8 96 2 50 34 23 40
17 17 44 48 7 43 30
39 3 47 48 20 10 35
8 1 16 64 6 19 45
40 7 49 17 4 32 73
18 96 33 35 34 12 2
22 32 47 5 10 18 82
16 47 2 27 17 11 33
6 29 19 47 30 50 2
48 1 20 43 44 30 27
29 7 26 53 27 22 10
26 4 6 49 17 96 37
26 9 1 58 31 8 42
1 48 64 43 32 97 9
27 36 3 11 25 59 34
1 7 50 34 50 36 13
50 1 6 4 27 2 8
79 3 30 40 22 89 37
23 5 15 6 48 16 30
30 17 31 4 2 9 18
18 50 27 5 30 69 24
31 12 44 54 23 17 3
3 30 5 27 21 14 29
21 14 27 39 29 12 30
38 18 4 44 50 19 70
38 20 7 80 2 42 23
45 21 16 7 14 79 38
49 23 9 6 45 16 11
21 31 10 4 23 14 30
22 18 22 8 3 44 18
17 91 2 21 32 19 86
50 15 41 38 3 47 11
42 4 43 31 42 10 9
30 15 78 28 17 1 22
24 21 27 12 28 42 3
25 9 16 17 79 23 23
12 4 7 27 4 46 79
22 16 11 22 47 2 14
32 18 34 17 19 52 3
1 73 16 11 52 37 38
50 8 22 24 5 46 11
31 46 4 1 37 15 50
41 19 3 3 12 43 34
31 12 1 37 11 43 50
