250 7
4 44 25 81 36 89 97
61 23 98 44 64 23 81
30 21 50 78 33 19 11
33 18 40 36 51 49 23
10 33 37 45 33 71 19
49 17 1 27 27 3 43
50 50 49 46 31 44 17
2 53 29 20 3 8 33
36 23 17 25 37 79 24
31 15 7 74 71 46 23
38 44 39 29 32 16 15
18 21 92 24 44 3 22
38 76 31 19 8 1 38
20 8 44 27 39 13 47
46 9 24 40 88 7 36
49 44 38 8 24 18 28
94 26 41 46 27 2 24
37 40 30 42 2 13 32
30 10 16 38 42 17 34
30 24 8 16 28 48 57
40 38 28 15 36 28 38
42 40 5 7 32 43 44
20 80 43 31 4 55 22
7 63 6 49 34 31 4
13 94 11 42 40 14 78
30 77 7 14 9 12 36
14 36 29 9 27 42 75
13 22 47 36 46 22 100
31 21 45 13 38 25 35
44 36 30 35 19 44 26
4 26 15 26 28 47 26
2 10 12 64 1 20 34
31 26 11 66 15 37 5
21 20 97 39 4 13 43
97 5 12 9 16 50 5
31 18 32 83 37 31 30
17 5 94 93 8 50 3
10 7 73 27 26 33 18
14 2 5 24 39 31 72
40 30 35 19 29 3 8
20 22 45 13 37 24 37
18 75 39 1 19 16 39
32 6 55 47 2 17 3
13 20 21 45 60 11 40
35 1 41 20 1 35 27
40 3 25 29 35 38 11
42 27 11 58 4 88 3
30 20 5 23 47 29 12
30 33 16 25 14 1 20
13 24 41 34 15 35 44
36 39 44 8 5 39 16
10 55 11 37 30 26 14
44 7 36 70 29 5 45
51 36 17 11 18 2 14
19 31 24 62 40 18 34
19 36 71 3 78 32 38
46 38 10 46 15 15 27
47 9 12 44 1 33 19
36 40 8 26 22 7 74
26 13 13 33 13 25 18
40 41 21 4 35 40 17
27 6 43 36 43 3 16
30 37 44 5 33 11 39
50 15 57 26 27 24 8
12 15 28 12 28 19 91
59 43 9 22 5 33 15
33 31 35 30 31 23 13
26 65 24 33 31 57 3
36 21 24 32 18 23 19
15 27 13 3 19 39 1
58 28 35 36 76 18 12
15 28 7 78 14 34 22
7 6 23 41 31 45 47
46 14 37 57 10 4 29
32 41 42 22 26 10 39
74 13 15 23 61 1 98
45 49 3 14 27 8 50
21 31 31 16 47 29 46
43 13 7 15 30 27 26
28 35 8 4 49 49 16
11 4 18 21 48 29 29
14 49 10 5 13 27 21
34 38 8 8 33 23 33
38 16 40 9 18 21 25
1 13 87 16 13 30 48
30 12 32 35 23 38 26
3 43 32 22 48 23 1
39 11 48 1 47 32 25
31 12 24 2 18 34 59
29 47 48 33 4 87 11
34 46 20 17 32 26 40
34 34 5 34 9 35 50
8 85 49 4 4 38 35
42 33 9 47 10 9 47
43 8 20 46 38 10 28
7 42 46 3 28 30 50
42 50 15 35 16 2 47
2 87 4 34 40 36 20
24 6 16 36 44 21 1
33 26 47 4 23 36 11
24 16 22 45 26 39 4
23 10 24 45 17 24 29
36 5 15 9 30 26 20
20 36 47 33 3 2 43
73 82 2 14 100 48 11
42 4 27 73 49 7 16
31 38 24 1 28 5 48
32 88 14 65 12 45 29
88 42 40 39 9 11 21
19 43 31 38 15 46 27
8 22 10 20 22 26 17
19 35 47 24 9 7 12
82 46 42 86 60 10 6
45 8 46 20 31 4 6
17 28 11 3 37 41 17
50 5 12 13 42 28 22
7 31 4 47 9 26 19
9 50 47 3 49 39 32
68 41 2 29 6 19 40
27 27 7 17 44 69 12
49 28 54 27 6 48 21
25 22 4 42 45 46 98
26 6 1 23 24 27 7
47 40 48 1 19 11 42
46 2 29 9 48 25 31
27 32 15 28 6 48 22
34 43 39 1 20 7 28
50 37 20 14 6 47 5
100 35 14 35 2 29 49
49 19 24 9 37 9 94
1 12 68 20 23 28 15
28 24 4 7 11 60 95
18 6 29 17 35 15 40
13 23 17 83 30 7 27
83 49 37 6 1 2 6
39 8 6 41 38 14 12
33 48 13 23 28 11 8
25 22 36 33 34 24 79
46 10 16 37 46 2 7
17 38 36 11 10 17 33
36 12 99 3 42 47 20
4 20 14 34 50 37 8
6 1 28 5 38 32 3
15 33 10 9 32 39 7
21 31 9 26 38 6 17
17 46 10 6 17 13 54
5 5 46 32 9 33 49
34 34 34 5 37 11 48
10 16 24 89 17 2 13
24 1 6 22 97 42 28
22 46 31 43 50 12 8
18 2 21 18 27 10 23
36 20 34 16 21 30 42
24 17 22 7 31 49 10
81 85 9 3 57 40 9
46 1 2 27 2 41 43
4 48 44 24 8 30 32
17 32 8 38 40 40 69
22 28 7 49 30 20 4
42 30 5 73 13 28 63
9 36 26 34 45 4 39
16 20 4 36 48 28 44
37 21 44 34 19 97 6
79 24 76 5 10 42 82
5 92 30 95 100 28 26
45 70 15 21 9 18 24
3 26 9 50 30 33 28
67 26 27 7 23 25 19
40 13 61 99 1 30 10
94 16 77 29 93 3 69
9 34 26 5 17 19 23
28 6 20 49 37 9 34
4 30 5 31 40 15 65
14 25 24 12 32 7 32
28 12 80 4 3 42 28
13 18 33 98 15 32 11
51 61 39 7 5 29 30
89 19 8 31 11 17 39
23 20 21 9 27 20 44
19 40 72 23 27 22 22
89 29 24 72 17 4 95
26 25 2 21 74 4 23
13 14 48 22 30 6 8
19 13 33 25 23 6 10
35 1 7 34 39 68 1
38 4 40 46 42 1 3
96 45 36 9 21 12 34
12 16 40 43 35 1 1
44 42 3 4 44 8 6
17 3 33 50 33 37 39
39 26 67 42 17 8 18
27 20 45 26 16 9 7
27 13 29 50 74 15 8
42 28 13 35 40 14 11
50 73 2 28 2 32 11
44 47 48 24 2 27 3
11 40 17 6 36 78 25
50 27 36 36 16 1 41
26 17 44 36 5 10 36
98 76 84 37 14 55 1
47 20 90 8 25 24 47
14 42 27 39 26 1 32
8 35 45 38 16 26 26
28 11 46 45 25 79 3
49 42 42 37 5 32 18
41 17 95 45 14 27 2
35 28 16 5 26 22 25
34 50 17 30 9 20 45
43 38 29 48 17 46 11
7 29 46 98 3 3 6
32 36 17 14 21 6 49
17 12 26 19 15 7 39
97 30 70 88 24 7 8
38 43 21 35 38 9 7
40 6 50 17 43 2 19
22 35 13 13 51 23 26
87 3 35 28 4 40 76
33 4 16 6 39 62 15
21 25 21 7 14 39 12
29 40 17 17 27 16 32
38 15 52 45 7 42 20
26 47 21 17 12 40 41
4 23 20 29 94 2 32
30 24 75 33 35 2 48
34 9 25 42 7 1 10
19 6 14 31 34 9 31
4 14 75 16 64 4 72
35 93 41 13 68 13 12
76 28 24 30 7 34 18
7 36 26 36 17 20 6
5 44 9 36 8 15 90
28 17 15 1 50 16 99
75 10 10 23 4 28 38
30 47 9 30 22 32 18
47 4 20 34 22 42 14
39 48 17 1 47 39 38
17 15 1 37 30 17 38
21 1 34 25 23 10 26
2 9 5 13 25 36 23
31 28 25 3 1 34 41
75 36 64 16 98 15 13
50 33 9 49 7 44 23
16 37 8 4 28 49 33
6 38 16 43 10 10 42
22 22 37 44 23 5 4
87 14 77 3 25 39 12
18 4 64 3 9 39 18
8 24 5 40 2 43 11
35 45 30 18 25 15 47
1 90 62 26 80 73 94
