250 7
40 50 89 66 68 34 36
35 98 77 71 36 87 90
24 71 33 19 67 27 7
42 49 68 14 33 19 47
8 7 30 50 27 8 29
68 19 71 24 50 88 49
10 61 19 25 45 64 11
19 16 34 44 8 88 29
19 38 6 4 38 10 37
21 15 41 25 41 26 50
15 23 30 23 19 93 15
25 42 44 47 42 47 19
32 50 65 40 25 10 32
46 44 26 69 24 9 42
12 54 35 16 41 6 5
31 37 14 37 9 17 21
10 36 8 46 12 31 34
33 88 40 34 34 8 30
7 47 16 7 45 40 13
77 82 2 1 27 2 11
11 49 6 28 22 39 49
20 36 17 26 47 23 83
27 3 29 24 18 35 40
43 40 37 4 39 4 45
34 37 16 1 4 31 25
14 1 8 41 76 8 4
1 43 35 18 45 27 68
17 27 40 11 9 20 2
48 7 78 44 48 27 95
45 45 44 11 16 18 4
50 35 9 19 28 2 31
35 2 77 49 35 39 25
28 29 12 49 46 14 27
26 45 34 22 47 34 15
6 23 5 14 50 37 82
3 46 5 26 6 44 47
11 27 72 37 44 4 49
96 43 6 10 39 50 23
44 50 45 54 49 4 3
89 42 37 33 20 38 5
26 30 10 12 19 9 36
26 78 12 71 9 28 23
17 7 43 10 3 23 19
35 10 2 28 27 66 7
27 6 10 34 31 46 15
4 31 41 49 64 47 40
13 12 29 18 31 64 5
39 7 47 32 72 15 54
15 21 9 35 8 12 24
42 19 4 93 32 50 44
49 3 15 28 30 27 50
8 27 97 41 33 12 33
4 43 37 31 47 1 14
36 42 26 31 36 35 9
6 8 32 19 24 11 34
28 18 29 24 44 28 5
85 2 41 29 1 51 44
12 44 37 6 30 71 60
23 20 25 8 29 42 28
8 25 7 15 28 7 41
44 35 36 4 3 18 13
13 18 14 10 22 36 3
31 23 41 28 19 36 36
3 47 15 36 37 47 18
15 26 20 34 8 32 34
86 20 22 29 5 44 37
19 16 30 10 26 21 38
31 41 34 88 15 23 5
24 4 24 36 46 17 20
92 25 5 4 18 35 16
3 25 28 29 18 8 35
39 1 14 25 51 40 6
96 4 33 38 22 27 47
8 6 64 29 20 2 28
14 12 3 35 43 60 23
47 40 14 39 94 11 17
10 17 31 49 17 37 6
27 65 19 39 38 4 7
19 35 29 39 25 7 39
8 42 43 4 9 28 40
49 44 8 2 19 23 30
32 7 33 46 21 19 21
38 4 4 8 6 3 7
6 1 50 3 20 46 10
48 14 2 41 1 49 92
8 3 42 26 28 13 49
24 14 3 69 9 12 79
33 2 29 35 84 76 29
15 33 39 44 48 35 4
33 10 17 50 8 69 38
20 14 12 3 19 11 24
11 14 47 47 15 40 29
16 50 5 39 44 3 45
3 58 29 44 43 17 10
32 20 17 5 36 33 3
18 12 50 3 20 31 42
3 10 56 33 39 34 34
36 24 17 36 48 32 23
2 44 14 46 46 33 31
50 29 13 50 5 32 18
17 16 46 33 18 16 20
19 38 10 23 2 2 24
23 6 12 8 43 32 42
5 11 46 13 8 5 7
24 47 36 9 16 23 43
72 33 19 20 16 58 4
8 42 93 42 19 33 6
5 39 1 13 29 75 14
20 62 11 19 26 44 43
31 41 22 48 15 84 11
3 41 49 16 40 42 19
10 14 33 25 16 18 41
21 49 34 46 14 12 6
7 60 7 87 28 27 40
1 8 18 20 44 27 45
14 18 2 7 42 27 20
6 31 28 43 30 46 26
2 48 47 39 8 32 26
23 13 3 15 28 13 27
40 24 39 23 3 22 45
46 2 27 10 3 7 23
10 33 22 12 28 46 3
30 2 37 2 41 50 79
45 11 6 6 31 27 4
5 15 15 26 37 47 14
22 47 28 22 37 17 18
95 24 12 1 46 12 45
2 43 8 31 76 1 12
40 44 51 13 40 9 2
19 42 3 26 25 45 21
51 71 7 17 24 13 2
7 16 34 34 5 60 5
45 1 7 33 33 12 32
11 22 34 50 21 1 28
4 14 65 10 23 37 4
9 36 32 24 40 25 22
14 20 8 2 47 38 2
4 48 4 8 44 49 9
23 10 3 48 11 8 15
15 28 27 28 39 33 33
16 35 9 45 33 34 5
13 34 12 1 1 20 15
49 18 34 41 15 2 2
26 28 24 9 1 27 55
34 44 5 39 5 40 63
83 44 37 37 11 49 6
11 8 27 18 46 41 41
5 5 31 62 15 41 12
2 2 30 23 48 18 21
23 26 46 5 47 10 48
12 52 31 14 88 26 15
39 14 10 23 29 2 81
13 15 39 35 23 31 13
36 4 21 42 20 13 40
36 8 12 46 50 14 16
4 29 50 18 30 4 24
7 93 35 16 27 85 34
25 33 39 19 37 3 46
16 48 8 24 49 6 45
42 9 23 22 1 13 84
25 9 2 37 99 15 1
18 17 15 44 9 43 43
5 70 2 30 6 18 5
8 1 50 14 8 6 28
41 62 79 41 37 3 2
27 14 32 34 57 50 2
4 7 18 25 50 38 31
27 3 90 16 95 22 14
50 35 19 78 4 16 10
12 44 36 44 4 10 30
20 22 44 18 6 19 7
36 2 28 38 29 14 18
10 18 31 18 86 20 39
3 18 35 9 34 31 14
34 3 23 15 14 20 18
15 17 28 44 13 5 48
6 26 69 19 61 20 1
16 13 35 69 56 7 31
15 15 29 44 18 13 73
14 39 23 26 17 23 7
33 7 4 32 23 46 24
29 30 33 5 43 12 13
72 23 16 37 2 7 17
10 33 25 13 5 38 23
32 11 24 4 37 16 13
79 40 39 11 17 2 21
30 26 28 16 66 8 24
6 37 8 36 11 66 12
10 45 34 10 35 47 76
11 89 34 14 3 28 5
9 16 48 12 20 6 25
10 7 33 16 92 26 27
41 26 19 24 36 2 48
3 2 47 42 1 34 25
2 49 48 27 78 16 12
1 1 19 48 35 4 49
19 13 21 25 13 18 7
6 46 2 3 39 32 1
18 22 18 47 42 6 38
25 35 2 27 3 42 24
50 38 2 15 27 33 48
28 12 16 37 43 8 5
3 40 6 5 3 39 55
16 19 33 86 27 32 14
4 20 42 20 94 29 1
24 3 14 45 49 21 43
14 8 10 15 33 37 20
41 24 2 3 43 21 24
11 18 30 60 8 39 18
68 2 34 26 6 3 26
17 20 9 93 27 36 10
3 41 29 37 29 29 25
26 12 43 22 40 29 14
37 28 35 25 8 45 7
26 43 39 11 41 6 5
10 14 27 19 66 4 44
29 21 28 12 16 4 30
39 15 23 42 91 2 24
5 18 25 32 13 19 39
18 41 43 2 38 11 29
35 2 6 53 30 9 43
41 3 4 12 5 31 29
28 13 20 7 33 24 31
26 27 1 14 12 2 6
1 5 56 20 50 6 27
15 14 1 9 98 30 42
36 44 10 4 19 23 44
20 25 22 9 97 5 44
44 5 3 30 29 100 33
79 60 33 57 39 17 5
14 43 2 49 15 28 73
12 47 22 4 20 8 3
42 10 46 2 50 36 44
37 24 1 2 25 26 15
8 9 4 25 19 31 26
22 92 52 81 28 94 1
44 5 40 43 21 28 4
4 35 5 11 27 69 12
28 38 14 7 13 22 14
13 13 44 18 17 5 1
25 43 97 3 18 13 43
31 27 94 1 21 26 76
24 1 98 27 91 77 9
46 48 33 4 17 17 89
9 39 27 28 38 19 11
16 5 16 24 24 36 33
24 48 14 8 89 4 14
35 69 7 5 39 18 8
31 17 5 45 4 6 15
9 7 27 73 6 40 32
