250 7
55 97 40 4 64 59 66
75 79 4 14 31 45 85
42 12 17 35 32 26 45
14 8 29 17 36 30 85
46 50 36 49 44 38 14
4 2 18 13 19 10 6
5 46 12 2 36 36 26
4 16 17 41 24 27 19
11 40 15 16 14 27 49
15 11 32 48 9 28 34
10 98 39 10 86 14 42
70 4 1 5 41 28 47
60 36 12 100 44 7 92
25 27 50 32 45 8 4
18 22 27 3 46 37 4
31 44 4 27 29 20 27
25 42 6 88 17 76 13
37 10 14 20 41 9 1
33 24 41 36 8 48 44
12 32 10 22 12 24 19
18 37 92 5 4 48 38
82 25 48 34 21 6 47
27 47 2 50 32 25 21
48 69 1 93 5 4 17
48 45 42 3 18 32 50
32 16 17 39 47 14 26
46 7 36 19 4 14 26
43 38 6 20 78 26 7
49 18 42 20 42 4 50
1 84 28 5 24 6 50
41 48 30 2 15 43 41
4 44 27 45 8 8 6
2 89 15 27 8 44 35
13 93 3 25 35 18 6
47 35 8 24 18 21 32
12 3 16 46 44 30 92
33 21 43 3 14 10 17
6 18 13 33 45 45 16
19 30 25 8 49 17 39
21 31 29 10 15 27 25
15 31 14 21 43 43 27
48 33 2 25 11 15 22
2 28 30 42 39 30 12
47 6 86 10 44 6 10
9 90 17 99 45 8 29
5 50 27 7 3 1 19
10 85 8 79 18 52 55
47 24 44 1 17 49 76
49 47 3 8 6 48 5
3 8 48 48 30 2 11
7 27 9 71 14 34 37
33 3 11 12 30 97 13
20 10 31 23 13 49 4
4 34 41 2 18 38 54
94 27 45 43 67 7 24
25 31 8 35 45 30 1
26 28 37 16 3 74 21
26 85 13 25 19 22 50
30 22 39 7 93 6 34
51 42 48 34 83 6 15
43 10 32 13 36 50 1
22 48 3 19 18 6 9
3 19 30 17 15 17 34
73 43 5 21 13 41 8
4 22 31 26 8 47 12
44 21 22 12 34 50 29
9 43 14 17 11 42 3
50 50 33 17 67 7 2
41 14 8 5 8 12 14
5 42 4 93 48 40 6
22 9 2 43 39 88 42
7 1 35 44 13 29 42
46 8 25 46 74 84 5
38 7 5 6 9 14 11
39 17 10 83 6 15 8
34 16 5 25 15 100 46
37 11 7 30 36 35 92
20 84 11 28 7 47 80
50 49 1 23 31 36 8
7 17 17 30 43 13 46
26 26 16 9 18 38 34
18 41 24 2 52 1 34
1 100 1 25 30 47 38
49 3 92 9 50 44 95
14 20 31 5 48 38 3
33 78 17 7 35 17 9
36 45 2 12 33 4 28
11 39 19 2 55 12 17
4 14 34 46 11 74 35
29 30 24 11 78 48 33
10 42 9 49 2 23 17
14 54 24 87 3 7 81
23 20 8 38 17 50 3
14 44 5 31 11 32 3
32 5 3 28 65 37 21
1 6 36 40 50 26 61
35 1 40 14 34 21 27
1 71 35 31 25 2 18
5 5 40 6 9 56 66
16 22 6 9 50 11 47
24 26 19 32 3 38 14
12 26 1 39 18 30 48
24 13 44 7 40 93 40
33 45 18 7 47 16 30
10 11 44 1 48 90 50
49 17 3 19 27 4 96
18 59 7 6 23 36 26
30 20 43 4 38 22 27
2 30 46 50 25 18 42
21 16 47 69 10 15 44
7 14 9 56 5 34 100
26 4 17 33 17 26 8
3 16 27 57 24 16 11
20 33 19 2 14 42 40
16 20 10 44 21 30 14
42 55 54 40 5 37 1
30 6 12 15 35 21 49
32 30 17 13 6 78 14
72 44 49 1 48 24 50
54 30 84 12 9 34 10
9 11 72 39 17 8 4
4 2 43 27 1 28 9
64 32 15 7 20 35 5
23 9 8 8 36 37 18
17 34 35 100 9 22 47
47 43 12 17 45 6 37
5 18 8 16 1 13 25
15 27 14 8 19 40 34
33 40 32 8 18 59 39
32 22 2 24 40 14 32
17 38 10 30 28 47 13
7 7 22 26 11 37 39
2 16 89 40 27 40 31
7 27 35 87 70 8 32
35 21 25 12 16 24 22
7 45 3 87 26 17 14
20 7 40 18 17 55 30
25 12 76 10 4 34 32
43 10 1 67 20 91 13
1 29 24 9 5 7 25
18 62 26 12 35 86 10
12 14 45 3 14 32 28
36 43 21 33 82 6 2
13 77 3 30 5 21 16
2 29 20 16 46 7 31
67 19 61 82 28 2 5
93 17 38 38 26 7 23
6 16 8 96 41 37 11
17 3 77 20 15 33 50
24 46 83 31 42 1 20
25 47 33 59 2 5 24
49 26 24 22 7 22 13
15 33 27 4 47 31 48
30 25 51 83 9 49 4
37 24 53 16 31 6 47
36 45 26 45 25 11 2
6 35 29 10 75 16 19
44 17 32 2 27 16 26
9 21 26 42 38 9 47
8 41 44 3 29 24 23
46 41 1 41 26 26 10
23 8 33 22 17 17 3
5 45 15 12 26 6 97
16 16 32 93 3 42 24
33 45 11 28 42 20 8
5 13 10 22 31 19 17
23 29 18 13 46 1 82
48 41 3 22 49 22 38
40 1 6 2 41 5 17
33 38 6 15 32 25 36
27 3 39 2 44 50 49
39 3 7 16 41 46 29
35 11 26 22 2 39 86
39 4 13 68 27 33 28
6 13 21 44 2 22 30
2 11 56 41 15 24 87
23 35 43 25 9 32 18
25 25 5 11 25 30 27
3 8 13 19 17 16 39
31 25 34 8 46 11 38
13 28 41 50 2 25 19
17 4 64 44 8 2 99
7 7 10 5 37 25 23
30 19 48 3 34 24 33
39 20 28 16 37 4 9
15 7 6 41 27 49 36
8 26 57 10 10 41 32
28 33 36 22 4 34 14
24 39 25 16 4 38 19
18 40 5 65 26 9 66
1 3 71 21 6 21 14
42 12 1 38 4 18 50
27 41 13 15 16 5 11
11 43 64 2 25 35 2
34 7 16 35 19 22 20
25 38 10 62 8 24 19
28 36 33 4 36 5 92
28 5 27 39 65 7 12
24 27 5 10 24 42 27
21 26 12 33 36 11 38
28 48 19 13 10 38 28
1 27 1 3 88 25 15
17 17 46 7 61 49 22
32 22 7 42 42 20 8
14 7 11 4 2 99 49
13 3 50 1 37 43 21
22 18 24 19 19 20 5
28 29 18 11 68 31 16
9 49 29 25 20 3 100
2 13 29 20 29 3 4
28 47 17 14 30 1 15
48 19 1 48 16 41 43
21 4 7 13 29 8 42
6 32 27 10 3 36 41
39 45 7 4 65 35 2
31 45 7 15 23 77 43
21 42 16 8 46 8 61
10 45 40 15 18 3 60
3 34 4 35 47 36 4
13 46 6 22 35 28 44
21 26 41 1 93 63 26
11 49 14 3 22 21 29
49 26 2 29 49 1 61
48 9 30 3 10 1 28
37 46 21 21 32 4 26
7 47 50 49 3 4 7
17 25 4 29 15 60 75
42 24 35 43 36 2 34
11 37 35 37 26 25 3
29 25 7 36 36 18 32
7 50 9 47 29 18 1
50 8 19 15 50 9 8
10 32 14 11 6 32 12
43 19 36 8 7 33 40
8 19 35 2 47 41 50
4 74 35 7 13 41 47
21 45 25 9 47 24 24
39 26 37 9 10 17 3
9 1 41 85 27 11 46
12 9 47 22 6 8 3
3 20 30 6 20 41 58
42 29 16 14 6 5 44
1 31 7 42 40 33 9
36 9 10 2 47 36 39
9 10 5 47 11 5 5
9 34 44 9 48 51 7
7 45 1 27 21 40 46
41 18 14 41 30 45 6
34 18 4 27 37 35 15
2 13 14 1 49 20 47
