250 7
15 81 18 63 15 81 89
69 82 37 89 58 92 23
29 6 19 48 43 2 5
29 34 44 26 9 8 41
5 66 36 34 52 36 50
19 39 21 35 48 18 44
96 3 30 32 26 29 12
22 19 28 39 27 14 36
49 45 9 19 37 18 13
5 26 43 7 31 36 44
19 25 49 84 7 12 13
1 40 24 21 8 3 24
40 16 43 46 50 35 32
91 87 19 29 30 46 20
9 32 24 48 100 23 19
30 49 49 12 48 18 16
32 31 31 9 17 18 39
88 50 67 45 46 21 11
9 6 63 39 47 39 35
1 47 30 46 50 38 23
18 6 8 24 9 2 39
4 34 69 36 9 27 5
31 36 16 18 96 52 31
16 21 18 7 47 39 14
100 18 5 19 20 41 14
39 23 47 30 1 21 43
15 29 73 19 38 27 37
2 7 30 24 24 20 99
23 33 13 24 23 33 7
36 20 17 17 41 28 29
61 17 20 8 23 11 10
23 46 12 22 22 49 18
24 19 38 99 13 16 2
14 67 27 40 32 58 5
37 42 17 33 24 3 22
17 19 28 16 47 78 25
6 6 50 94 19 35 4
22 20 7 8 8 93 46
34 14 30 36 6 8 64
25 48 50 35 5 14 30
7 9 9 23 36 40 1
14 47 1 9 5 31 44
4 11 34 28 10 11 14
32 20 30 19 5 38 5
9 31 23 17 31 33 4
26 1 42 26 42 33 32
21 49 15 19 20 63 14
30 5 20 32 5 38 3
45 27 46 16 41 12 5
23 38 37 39 7 31 39
21 85 29 1 21 21 16
16 36 7 68 8 28 29
19 24 12 89 7 60 25
6 10 41 7 16 11 15
14 15 25 47 36 25 12
5 19 28 26 57 8 26
21 26 28 11 18 37 36
24 29 58 77 13 6 5
27 4 19 16 16 13 8
13 17 9 5 26 9 21
1 30 83 7 16 18 10
25 49 6 33 96 12 8
11 43 7 32 29 11 50
74 12 13 20 23 49 25
17 41 44 11 38 2 15
21 46 8 12 16 56 2
13 25 1 43 9 14 16
4 32 43 41 7 86 37
17 8 22 3 28 21 3
24 45 16 11 15 4 30
21 92 1 11 11 4 44
46 62 9 33 21 30 28
34 49 40 20 2 86 19
20 98 89 9 3 34 8
17 17 5 9 40 38 23
31 100 40 63 4 24 12
6 23 10 20 34 29 17
42 19 42 16 8 39 56
2 14 43 26 20 26 31
33 58 9 25 9 85 6
32 24 55 17 9 17 36
27 47 60 2 11 14 36
13 20 38 21 10 1 27
41 5 1 40 4 36 24
16 2 2 35 17 45 35
21 15 4 83 18 26 14
9 34 43 46 4 16 44
26 15 21 12 10 8 33
26 29 2 27 39 45 56
7 50 4 44 36 12 6
39 1 22 35 72 19 39
7 21 15 35 99 7 24
48 7 4 2 73 16 20
17 4 28 18 34 2 73
11 2 3 32 22 22 23
19 31 16 3 2 6 40
40 9 30 33 5 10 26
28 8 21 11 13 1 26
19 67 12 23 17 47 19
31 35 1 8 5 29 8
3 49 9 31 20 9 23
30 81 44 40 1 15 36
32 38 5 22 34 28 38
19 32 36 38 13 8 3
1 28 38 16 27 97 25
58 3 83 97 9 86 68
7 35 19 20 53 25 30
1 15 4 24 17 9 91
7 30 41 33 2 33 15
1 43 4 78 99 11 80
1 22 26 4 70 16 75
42 15 7 34 26 5 45
5 27 36 1 10 50 71
15 20 45 2 23 15 45
28 21 6 63 34 49 6
16 28 7 7 46 11 1
9 4 6 43 20 73 86
25 21 20 48 11 1 29
33 2 2 26 30 27 31
27 32 43 4 5 3 41
31 34 43 39 9 31 32
27 22 3 40 49 43 19
1 26 31 38 42 4 41
13 27 37 36 38 13 2
37 1 29 53 17 33 23
28 99 34 34 4 15 26
35 12 7 36 12 28 18
5 24 17 44 23 46 15
3 96 32 22 44 5 3
7 40 17 3 29 37 24
98 47 26 12 42 15 5
29 6 27 4 90 6 33
89 9 45 32 3 46 49
11 15 50 27 45 9 36
44 34 18 1 45 42 84
44 19 36 44 1 41 64
47 20 15 9 43 31 10
20 10 96 25 5 32 74
30 3 7 48 30 18 8
18 7 11 13 51 45 33
15 4 94 11 17 40 22
42 50 39 88 38 7 13
2 1 19 16 2 35 60
12 16 13 45 27 46 22
2 59 42 8 18 9 40
2 34 1 29 24 6 9
9 2 11 12 61 4 54
82 33 83 45 8 26 1
2 10 4 31 33 93 10
14 3 28 35 38 21 92
13 27 18 4 6 29 38
36 31 63 8 10 49 13
23 3 47 17 49 9 38
18 18 24 16 11 14 6
32 21 8 21 20 15 24
83 1 11 57 27 52 71
29 77 21 12 26 43 14
10 47 10 22 12 41 54
5 33 1 31 24 41 83
33 14 10 14 92 32 12
4 44 40 10 47 15 7
24 36 11 22 10 1 20
5 41 7 18 20 32 7
46 47 37 49 3 28 18
25 50 12 16 6 3 22
2 47 19 49 20 15 11
33 12 66 32 25 4 9
25 34 20 12 27 8 10
9 8 47 18 48 6 23
3 28 63 1 22 2 41
12 23 37 58 41 15 10
19 8 76 24 34 17 7
21 66 79 10 5 18 18
47 41 8 2 3 32 12
2 34 17 41 38 10 4
11 30 2 6 3 7 44
5 50 6 19 15 13 33
54 49 24 17 13 23 2
6 26 20 44 10 1 10
24 10 10 22 13 18 49
83 97 41 11 9 4 82
16 96 50 57 31 32 4
41 41 18 17 45 35 6
2 69 21 43 18 6 30
34 24 47 3 6 13 13
28 14 27 9 1 5 8
33 12 41 21 7 9 6
48 27 44 12 44 20 5
34 21 35 4 29 5 42
22 26 7 40 2 22 13
73 1 30 80 7 24 90
49 18 3 21 8 34 44
42 27 20 12 17 13 43
2 26 4 42 28 10 48
43 6 35 7 3 6 32
89 84 8 4 63 6 60
1 23 30 32 11 48 22
38 23 47 1 26 11 1
83 13 8 21 6 10 3
9 19 25 25 26 50 11
26 1 44 30 72 8 43
38 7 48 3 6 40 32
25 16 7 8 28 43 15
29 39 11 37 7 40 32
3 48 48 23 24 32 22
63 3 83 76 78 90 1
30 18 10 13 23 50 4
20 44 42 86 5 25 13
40 32 1 38 12 2 27
20 79 35 21 17 28 2
41 3 37 85 29 8 25
6 17 46 37 42 3 19
80 2 39 26 31 19 22
35 42 64 35 19 28 2
8 37 34 36 45 5 48
30 25 21 29 23 29 4
57 76 40 2 34 29 38
48 25 12 21 17 16 4
15 35 33 3 22 32 37
86 4 14 3 21 14 41
71 34 33 18 29 3 5
11 44 27 76 1 81 32
39 47 28 2 3 18 13
6 30 26 21 10 5 25
17 16 13 33 37 34 5
24 24 32 25 18 6 4
16 17 4 33 2 38 3
38 32 1 47 1 95 34
30 31 18 50 73 9 10
7 26 31 39 52 6 10
10 4 28 36 25 15 27
23 4 84 15 40 47 57
46 16 44 2 43 14 39
24 38 17 1 31 26 26
26 35 4 20 1 25 22
5 41 30 15 33 12 53
6 19 9 54 30 30 10
18 32 25 4 26 14 3
4 45 10 10 48 58 94
27 25 11 5 17 2 54
5 44 58 16 32 2 25
34 7 19 24 27 22 7
24 17 21 61 52 33 18
37 21 1 45 5 42 62
3 22 1 1 19 43 17
1 8 19 18 20 15 18
33 90 12 5 9 15 14
8 9 26 17 41 2 35
20 10 7 25 20 14 30
38 23 1 31 5 38 21
