250 7
90 34 44 40 98 58 41
85 46 39 4 99 60 89
16 43 38 35 40 41 12
81 12 44 11 26 18 32
40 44 1 81 26 17 33
47 28 39 33 16 33 17
10 19 19 4 8 16 27
10 34 6 44 43 33 23
8 31 13 58 15 22 42
44 48 86 24 33 22 16
2 35 39 6 17 32 21
8 28 23 29 44 51 5
50 67 92 49 2 13 48
45 12 12 49 35 31 48
44 99 23 29 56 23 16
3 45 48 3 33 82 21
23 65 17 31 16 23 44
43 19 9 5 64 33 33
26 31 1 21 12 43 46
25 1 48 50 42 5 40
31 24 18 12 40 2 11
12 8 45 6 49 41 10
46 19 50 19 45 14 15
14 10 33 31 18 25 16
31 36 37 2 26 15 8
13 71 45 49 11 13 50
44 5 54 22 47 44 1
33 36 23 50 33 12 22
45 2 12 14 86 10 40
50 98 13 19 22 10 12
39 38 44 40 22 13 37
35 3 28 41 19 98 36
2 12 34 43 9 10 56
27 28 21 6 14 3 26
20 8 15 50 11 44 45
30 2 49 8 31 33 38
4 44 25 31 25 15 39
22 39 9 27 15 4 2
27 33 4 12 25 43 14
11 16 43 29 49 43 17
6 91 4 100 9 21 16
16 1 28 26 86 11 19
46 51 1 41 44 92 21
22 19 42 15 42 9 6
15 6 14 18 24 24 43
12 11 41 4 95 31 44
29 34 13 38 58 34 7
2 16 22 40 9 64 46
50 21 36 47 39 6 80
11 10 44 22 28 34 2
40 32 15 8 7 39 13
49 12 33 39 6 26 24
12 6 8 47 23 35 10
94 21 42 14 33 30 25
39 42 3 8 36 14 27
83 5 7 16 2 31 25
44 3 18 3 2 42 36
1 15 44 12 30 68 49
26 35 43 13 24 50 9
84 1 19 59 15 48 50
12 10 8 47 63 29 82
72 30 11 30 12 17 11
7 8 35 17 4 23 17
4 74 48 27 42 23 7
36 8 46 14 8 52 4
31 30 4 10 6 24 43
7 5 40 38 12 2 29
29 32 1 3 18 34 36
5 63 36 5 37 42 44
2 26 31 13 40 46 36
13 34 72 36 23 12 19
3 34 11 33 49 30 11
22 16 41 10 27 64 43
9 12 41 37 91 5 32
34 68 16 56 10 13 15
19 38 3 42 31 46 32
13 24 36 18 49 6 38
12 21 4 14 88 33 37
7 18 10 28 23 64 32
7 45 86 47 37 15 7
4 30 21 94 28 33 45
7 95 1 21 48 5 21
4 48 42 45 19 22 16
48 16 40 11 40 26 77
35 10 16 35 12 57 52
16 22 4 22 37 47 50
3 43 7 14 38 23 6
22 11 30 1 36 9 40
29 27 59 15 34 5 68
30 46 50 33 13 23 4
46 64 33 5 6 5 35
39 14 24 4 38 3 49
2 17 76 30 8 25 19
11 52 10 7 13 38 7
32 37 15 41 46 20 30
10 16 30 37 22 48 61
33 29 88 11 13 28 20
1 45 9 23 25 28 24
13 65 24 48 13 9 9
13 16 39 15 9 12 2
11 3 64 62 5 29 29
18 24 9 12 13 26 19
7 23 20 15 17 44 24
38 38 10 50 24 21 50
87 3 27 23 42 18 47
28 16 37 19 3 18 24
6 43 20 39 17 69 71
7 17 6 19 27 17 36
23 33 17 20 25 2 49
17 40 2 21 41 85 50
68 1 47 10 13 31 44
25 20 3 32 33 2 32
4 8 22 74 24 33 33
16 13 24 19 24 78 29
40 11 13 37 43 44 41
99 23 2 44 14 49 84
41 11 7 33 43 13 25
17 35 9 22 23 16 31
5 47 49 8 8 14 11
33 11 10 16 93 16 46
5 81 18 26 20 12 13
18 17 35 48 9 13 19
17 83 1 11 100 40 28
14 96 14 84 49 32 2
6 46 5 39 8 9 47
82 16 34 8 34 18 27
16 46 41 1 18 16 27
2 42 47 19 38 9 8
34 46 64 35 30 3 3
91 17 10 17 13 28 21
9 13 9 5 14 24 31
14 8 16 91 31 34 24
1 17 15 18 16 49 61
22 10 14 1 27 37 14
2 12 86 42 20 11 1
9 16 43 1 47 13 12
48 4 45 50 22 27 52
27 47 17 43 4 41 7
34 35 7 19 40 2 18
14 34 31 15 26 5 41
4 38 49 42 23 17 32
93 38 1 64 25 29 48
9 17 7 31 26 24 77
66 6 14 17 36 36 42
15 5 5 6 4 24 45
41 48 43 11 2 63 31
62 47 34 25 49 14 3
11 15 40 24 2 9 25
35 40 9 4 26 70 34
46 33 24 49 20 2 12
86 45 6 30 18 12 84
49 33 8 8 13 20 25
34 10 41 10 2 91 4
19 5 9 7 35 10 4
42 35 33 2 38 5 29
10 20 37 38 81 45 14
13 49 2 9 86 8 30
38 14 36 100 54 2 56
21 10 1 25 45 8 8
38 27 31 77 22 1 24
13 27 23 21 12 10 14
28 20 39 42 14 10 30
20 18 40 13 30 1 41
6 39 41 77 10 10 14
48 19 14 8 27 18 23
51 5 21 21 8 19 46
19 16 3 21 1 51 93
6 17 7 15 91 50 50
1 44 12 31 38 38 10
17 36 16 29 45 32 21
39 10 29 34 36 12 2
43 10 31 71 11 38 35
50 49 19 22 3 22 33
27 12 7 9 3 30 1
43 4 73 30 33 28 17
18 21 12 32 44 1 26
14 26 25 32 19 22 6
14 30 42 36 5 3 25
7 16 25 9 50 34 4
48 29 7 26 23 11 50
16 8 2 15 34 24 45
8 34 21 17 21 24 38
48 50 1 9 44 2 28
2 18 8 45 43 64 12
52 13 38 40 42 2 46
21 20 5 15 21 41 44
7 23 3 38 5 16 11
51 1 40 22 38 29 3
46 30 50 1 48 11 35
23 26 87 90 4 70 2
21 22 28 10 7 1 36
12 22 22 24 13 45 5
36 23 30 4 2 36 15
37 50 27 7 2 47 96
12 14 49 13 6 72 22
33 2 20 4 19 45 42
8 21 19 18 34 17 48
27 4 36 11 33 22 6
50 26 7 50 1 29 34
8 9 11 18 50 26 18
28 50 24 3 47 3 32
10 30 29 59 2 14 15
13 22 50 44 1 11 17
4 11 10 45 28 35 15
2 3 42 44 50 10 16
24 43 7 10 23 95 2
41 29 45 23 7 23 10
3 31 26 26 2 41 24
23 32 1 42 37 48 44
45 32 16 12 8 29 25
24 1 42 4 26 29 21
14 30 34 50 43 19 3
34 77 48 56 80 4 1
9 45 22 40 44 13 8
45 18 3 36 24 21 29
7 31 70 39 7 8 50
17 6 20 93 7 35 41
22 40 5 32 11 16 33
22 28 8 15 25 63 40
48 7 68 34 21 45 26
7 77 43 3 8 100 87
27 39 8 28 1 6 21
49 22 6 3 3 21 23
25 20 46 46 35 9 21
6 28 49 32 53 26 12
15 84 9 20 4 12 26
6 85 29 63 37 9 3
23 52 13 23 32 37 9
1 84 36 81 19 19 9
1 50 19 15 36 34 5
38 19 1 84 8 31 5
67 6 29 27 23 30 41
11 10 12 16 31 30 66
11 36 7 4 35 40 43
11 44 15 5 25 12 14
7 26 25 5 34 3 16
42 3 14 42 49 11 42
20 4 35 18 1 21 14
13 49 24 31 96 1 3
14 23 9 48 41 25 7
15 3 14 6 95 60 20
3 23 17 34 52 47 38
42 35 29 49 4 6 74
36 9 32 38 21 18 13
1 21 40 34 11 44 14
30 4 43 14 42 16 40
20 46 2 25 42 14 32
68 9 17 42 17 6 33
25 29 1 31 8 6 11
38 6 84 10 22 44 19
