300 6
43 4 39 0 80 29
78 51 89 96 68 53
74 97 22 50 66 64
74 43 35 19 35 6
9 68 80 36 90 7
92 29 45 9 16 50
69 87 93 98 49 78
5 5 3 13 1 43
13 45 84 60 43 39
61 8 94 74 48 12
69 20 61 38 7 23
97 69 80 57 27 13
1 39 10 26 32 45
17 92 51 7 75 9
5 69 75 67 71 22
78 53 25 12 77 90
60 51 94 100 35 6
53 69 1 52 72 84
94 49 18 7 55 21
33 75 18 8 77 69
60 79 88 84 59 29
1 22 26 35 17 10
74 63 77 12 50 51
26 9 23 67 48 39
57 87 61 5 66 73
31 98 20 10 22 88
79 1 74 21 100 37
65 18 100 56 22 10
56 37 16 56 85 40
91 66 98 7 74 69
98 82 6 47 90 20
86 84 74 76 79 4
42 1 42 38 100 88
64 98 77 81 91 3
17 46 23 43 30 26
81 99 25 84 5 40
90 64 18 52 52 27
61 39 85 1 39 46
91 86 3 85 52 1
4 89 41 33 10 41
52 92 83 1 72 36
83 57 89 79 36 2
12 34 9 68 20 41
52 85 77 25 47 32
97 75 65 6 11 61
51 89 87 19 94 8
46 27 63 14 4 18
69 1 78 26 88 93
96 64 12 52 96 17
9 93 54 72 8 4
87 93 22 77 55 29
15 49 30 25 47 9
51 94 81 8 58 14
92 52 54 1 56 12
93 9 90 55 9 41
25 92 48 7 76 54
26 66 90 9 11 82
63 32 51 66 81 2
94 77 1 15 41 19
60 92 6 80 22 20
96 68 59 6 53 97
98 76 11 10 20 41
33 15 30 23 16 31
85 57 69 4 67 87
70 76 63 15 52 9
48 73 69 1 25 20
62 67 95 85 99 6
69 7 24 41 52 34
32 36 7 60 4 18
80 1 51 100 11 67
14 2 80 80 76 93
38 10 10 20 48 33
75 76 23 7 74 85
71 45 83 86 76 5
71 3 89 58 82 58
17 20 44 12 42 7
99 11 66 14 77 39
60 1 1 39 95 91
97 96 35 1 64 24
21 51 87 8 98 73
2 63 90 47 4 73
32 69 99 63 9 2
80 98 2 30 83 63
61 25 46 5 14 45
94 15 97 70 74 13
73 71 51 49 3 1
27 55 6 15 75 7
91 14 63 84 63 24
13 71 80 8 56 90
84 19 46 99 16 7
80 80 61 1 78 81
28 6 19 4 33 49
66 72 71 53 64 6
11 32 17 39 25 5
19 97 80 11 34 80
71 75 49 2 78 92
62 36 24 8 78 44
82 52 1 64 81 22
100 2 76 44 48 70
96 89 41 3 65 90
75 21 63 7 3 57
60 84 67 78 15 4
49 16 12 34 5 41
87 17 82 35 51 16
17 15 77 66 54 7
34 68 86 1 85 77
88 83 25 1 72 82
71 62 74 65 80 3
58 48 1 92 50 96
68 44 77 3 46 29
5 21 42 43 8 16
41 83 32 55 10 3
88 1 100 91 23 62
7 59 11 55 7 39
86 79 2 98 47 87
70 1 88 71 17 74
76 70 51 95 91 1
1 5 15 7 8 52
83 4 61 9 65 24
80 67 71 66 1 7
77 52 66 60 53 3
15 7 33 99 14 8
68 59 7 8 36 8
95 2 70 67 49 87
58 17 73 58 36 27
62 76 89 90 7 3
44 49 3 5 5 24
55 14 60 5 2 69
3 9 11 32 98 28
32 15 98 54 13 6
71 74 35 3 95 92
89 47 82 93 65 4
98 60 65 70 1 40
76 3 66 86 96 88
70 4 79 53 92 8
34 27 18 16 72 34
71 12 81 1 7 62
10 1 88 79 71 82
51 3 45 88 65 86
16 1 2 74 38 66
64 80 61 94 15 5
23 44 80 6 41 38
65 2 53 61 70 51
16 9 6 53 20 37
95 13 81 78 80 15
70 21 40 15 2 38
51 1 70 53 89 67
60 2 81 70 14 65
11 32 38 4 47 73
49 76 95 73 84 1
93 34 64 3 74 89
56 99 14 62 45 5
10 18 21 14 30 17
64 3 59 42 59 99
29 62 74 10 36 31
85 7 57 74 65 10
71 1 96 95 77 20
61 84 93 92 59 2
47 30 12 68 37 27
1 93 67 100 82 4
99 91 20 70 93 1
23 22 1 18 45 26
76 2 68 44 86 75
59 3 76 7 75 32
56 8 21 55 88 29
84 100 78 3 21 66
36 5 91 85 93 39
90 67 51 3 76 34
15 19 14 16 84 11
97 15 1 24 61 69
81 99 21 3 76 84
99 78 96 29 84 2
24 3 36 70 3 48
88 64 68 70 68 1
52 5 2 45 4 25
83 1 95 57 47 42
31 19 59 73 96 3
2 34 11 83 52 94
73 56 89 94 24 8
53 83 3 11 68 18
1 18 23 53 95 34
88 71 36 54 57 1
56 3 87 81 71 21
28 39 4 16 99 31
21 1 75 27 83 76
87 67 67 61 72 2
61 10 13 32 41 10
4 90 86 4 53 54
17 77 4 5 65 60
96 1 94 78 13 99
49 1 14 49 20 32
68 7 69 76 93 13
55 3 10 61 72 51
66 69 1 70 2 88
14 2 45 49 12 47
61 57 84 58 2 24
26 95 3 37 44 30
68 98 80 17 71 1
11 66 1 76 49 73
1 39 81 16 6 69
98 24 98 71 70 5
60 2 62 92 74 7
46 4 61 61 62 44
30 2 23 77 57 45
80 1 87 89 56 11
67 88 64 4 54 29
72 69 76 78 71 1
11 26 6 29 11 34
85 37 88 99 59 4
83 78 45 85 63 3
21 44 13 30 35 28
69 1 56 41 54 58
54 65 59 59 85 4
49 12 5 4 9 25
51 3 89 100 8 20
82 98 68 1 69 58
74 65 56 55 2 24
21 11 12 25 9 26
60 93 76 1 26 11
71 56 89 60 65 4
22 53 4 5 59 54
12 3 98 92 12 48
98 10 26 72 91 7
80 8 53 28 64 19
6 68 97 70 85 6
79 55 29 17 12 1
85 14 1 53 57 73
4 54 44 75 29 2
96 57 6 89 1 24
58 6 83 15 47 6
86 70 60 2 36 65
89 71 54 3 65 55
47 24 94 3 40 6
14 17 89 2 86 58
56 2 8 57 31 7
57 93 59 20 30 15
85 92 23 64 2 19
89 52 87 5 47 14
13 1 83 91 87 34
46 57 26 31 73 12
51 67 51 1 78 72
93 24 35 98 61 3
6 9 87 94 12 19
67 60 77 7 74 12
84 88 24 10 84 1
1 69 61 76 52 9
7 7 1 77 53 78
64 22 94 87 61 3
14 41 41 5 46 31
5 4 71 68 55 99
52 18 67 31 63 12
48 85 56 51 14 6
76 25 64 1 54 5
66 53 71 97 55 4
23 21 2 12 11 11
72 76 58 2 69 58
73 68 47 31 86 1
54 65 87 4 18 18
42 100 42 2 27 76
64 52 22 1 61 54
81 91 53 2 52 60
58 3 45 31 18 35
69 43 12 87 63 1
14 62 96 64 6 8
78 2 9 40 23 95
75 18 92 76 77 1
8 54 72 99 16 13
16 95 73 4 57 37
1 38 100 85 54 9
89 2 29 15 82 89
72 35 64 3 97 10
44 64 26 64 45 4
100 7 6 12 70 50
61 92 67 53 1 37
100 80 19 1 64 55
97 19 26 86 60 6
73 73 94 8 5 20
54 60 78 24 82 4
30 12 90 98 33 12
6 19 85 89 82 33
3 64 8 79 87 73
46 9 12 23 11 15
4 86 6 89 5 59
86 1 93 32 61 55
1 82 70 54 10 50
27 19 84 9 93 50
3 6 98 63 59 21
86 53 57 33 95 3
69 80 60 83 10 8
66 22 55 7 53 1
64 66 91 92 92 1
5 33 34 3 27 24
66 53 65 87 45 1
1 91 63 29 64 4
77 65 1 17 74 81
15 25 17 1 44 40
63 88 52 5 65 15
42 57 54 2 62 12
62 91 15 88 75 4
59 26 73 52 83 3
