300 6
0.33 0.66 0.57 0.37 0.98 0.81
0.44 0.20 0.90 0.13 0.76 0.04
0.54 0.77 0.59 0.78 0.56 0.40
0.74 0.85 0.52 0.88 0.34 0.64
0.68 0.56 0.52 0.18 0.99 0.60
0.69 0.20 0.99 0.18 0.50 0.28
0.92 0.62 0.69 0.66 0.66 0.63
0.90 0.70 0.52 0.05 0.38 0.38
0.93 0.70 0.30 0.36 0.33 0.84
0.58 0.98 0.86 0.07 0.93 0.96
0.76 0.64 0.96 0.59 0.55 0.21
0.60 0.27 0.69 0.88 0.47 0.14
0.79 0.63 0.17 0.65 0.07 0.97
0.01 0.06 0.45 0.23 0.04 0.30
0.75 0.39 0.94 0.24 0.68 0.25
0.25 0.39 0.30 0.68 0.79 0.30
0.02 0.45 0.06 0.52 0.58 0.63
0.33 0.14 0.36 0.86 0.04 0.38
0.08 0.98 0.10 0.76 0.42 0.31
0.28 0.16 0.25 0.01 0.40 0.25
0.80 0.44 0.03 0.16 0.48 0.84
0.28 0.17 0.23 0.19 0.28 0.24
0.75 0.68 0.19 0.57 0.80 0.62
1.00 0.57 0.22 0.32 0.12 0.41
0.53 0.62 0.45 0.62 0.58 0.02
0.44 0.22 0.49 0.18 0.21 0.01
0.76 0.80 0.63 0.27 0.02 0.67
0.59 0.04 0.79 0.84 0.66 0.50
0.01 0.69 0.30 0.54 0.75 0.32
0.23 0.06 0.21 0.89 0.42 0.41
0.31 0.51 0.61 0.66 0.55 0.06
1.00 0.81 0.07 0.62 0.33 0.45
0.62 0.05 0.89 0.63 0.47 0.97
0.63 0.05 0.70 0.70 0.99 0.09
0.11 0.43 0.08 0.28 0.22 0.24
0.13 0.09 0.22 0.90 0.32 0.60
0.27 0.79 0.87 0.01 1.00 0.80
0.04 0.60 0.66 0.78 0.78 0.14
0.95 0.87 0.58 0.15 0.20 0.01
0.90 0.10 0.21 0.21 0.56 0.80
0.96 0.03 0.29 0.99 0.93 0.55
0.28 0.08 0.07 0.44 0.17 0.95
0.55 0.94 0.05 0.63 0.73 0.53
0.18 0.03 0.41 0.36 0.41 0.32
0.62 0.17 0.17 0.52 0.95 0.93
0.63 0.71 0.78 0.57 0.02 0.05
0.26 0.85 0.77 0.01 0.53 0.76
0.35 0.42 0.13 0.08 0.19 0.39
0.08 0.01 0.86 0.72 0.88 0.16
0.54 0.08 0.54 0.11 0.79 0.88
0.91 0.84 0.64 0.02 0.30 0.93
0.30 0.75 0.05 0.49 0.65 0.57
0.65 0.90 0.07 0.75 0.01 0.68
0.28 0.92 0.22 0.29 0.74 0.23
0.69 0.37 0.24 0.02 0.61 0.83
0.74 0.49 0.05 0.74 0.60 0.09
0.54 0.73 0.90 0.14 0.61 0.22
0.37 0.77 0.05 0.24 0.09 0.42
0.62 0.89 0.13 0.97 0.80 0.09
0.95 0.69 0.12 0.37 0.88 0.08
0.72 0.65 0.20 0.20 0.04 0.72
0.83 0.21 0.11 0.52 0.13 0.84
0.85 0.56 0.87 0.60 0.11 0.20
0.04 0.18 0.08 0.55 0.85 0.48
0.08 0.55 0.78 0.12 1.00 0.54
0.86 0.73 0.48 0.98 0.02 0.35
0.38 0.20 0.11 0.41 0.09 0.88
0.88 0.68 0.11 0.76 0.81 0.06
0.27 0.90 0.89 0.30 0.02 0.83
0.30 0.88 0.65 0.98 0.89 0.02
0.05 0.24 0.40 0.31 0.29 0.06
0.48 0.73 0.96 0.37 0.14 0.03
0.30 0.87 0.83 0.15 0.02 0.63
0.71 0.37 0.16 0.81 0.04 0.60
0.56 0.99 0.01 0.66 0.79 0.73
0.80 0.94 0.26 0.03 0.45 0.12
0.20 0.79 0.04 0.31 0.33 0.83
0.03 0.02 0.69 0.13 0.76 0.88
0.72 0.38 0.85 0.98 0.04 0.07
0.28 0.73 0.59 0.12 0.24 0.10
0.03 1.00 0.76 0.81 0.98 0.19
0.53 0.27 0.71 0.79 0.20 0.10
0.96 0.20 0.73 0.87 0.92 0.12
0.12 0.19 0.57 0.64 0.75 0.19
0.94 0.54 0.76 0.16 0.64 0.11
0.83 0.11 0.70 0.69 0.17 0.14
0.86 0.51 0.12 0.24 0.72 0.52
0.53 0.76 0.04 0.98 0.24 0.66
0.37 0.36 0.26 0.13 0.20 0.04
0.20 0.43 0.87 0.16 0.99 0.87
0.98 0.03 0.45 0.95 0.21 0.36
0.71 0.50 0.41 0.79 0.62 0.02
0.50 0.38 0.04 0.38 0.30 0.96
0.77 0.05 0.74 0.70 0.64 0.06
0.51 0.74 0.02 0.94 0.54 0.42
0.68 0.01 0.15 0.04 0.62 0.95
0.81 0.02 0.77 0.93 0.82 0.77
0.81 0.05 0.21 0.66 0.75 0.93
0.94 0.01 0.93 0.25 0.83 0.73
0.50 0.41 0.39 0.13 0.13 0.25
0.53 0.03 0.33 0.86 0.63 0.04
0.70 0.01 0.52 1.00 0.57 0.20
0.26 0.56 0.01 0.11 0.72 0.64
0.91 0.04 0.66 0.26 0.78 0.51
0.76 0.74 0.69 0.97 0.03 0.66
0.25 0.11 0.61 0.72 0.45 0.11
0.43 0.09 0.02 0.36 0.49 0.45
0.60 0.01 0.83 0.90 0.69 0.42
0.42 0.97 0.79 0.88 0.86 0.01
0.76 0.80 0.04 0.34 0.01 0.98
0.94 0.84 0.18 0.74 0.14 0.40
0.64 0.81 0.02 0.64 0.86 0.20
0.89 0.14 0.29 0.24 0.36 0.03
0.41 0.61 0.11 0.21 0.69 0.61
0.12 0.04 0.70 0.58 0.50 0.33
0.90 0.66 0.51 0.59 0.08 0.05
0.65 0.77 0.68 0.18 0.07 0.71
0.75 0.96 0.90 0.04 0.64 0.10
0.95 0.48 0.10 0.12 0.99 0.30
0.04 0.56 0.58 0.84 0.08 0.11
0.32 0.95 0.20 0.82 0.96 0.06
0.67 0.70 0.92 0.61 0.02 0.92
0.02 0.58 0.05 0.35 0.49 0.58
0.45 0.40 0.05 0.27 0.07 0.22
0.87 0.02 0.55 0.19 0.95 0.55
0.67 0.12 0.16 0.78 0.29 0.82
0.13 0.65 0.77 0.20 0.95 0.74
0.20 0.64 0.03 0.53 1.00 0.84
0.45 0.37 0.38 0.35 0.08 0.50
0.13 0.84 0.91 0.14 0.82 0.47
0.57 0.60 0.72 0.83 0.19 0.16
0.95 0.03 0.55 0.85 0.17 0.80
0.11 0.08 0.24 0.45 0.89 0.38
0.44 0.91 1.00 0.63 0.02 0.53
0.70 0.58 0.70 0.96 0.03 0.74
0.32 0.86 0.47 0.80 0.12 0.10
0.19 0.18 0.30 0.49 0.94 0.17
0.54 0.52 0.07 0.94 1.00 0.21
0.13 0.57 0.80 0.09 0.72 0.66
0.04 0.09 0.10 0.48 0.12 0.18
0.60 0.85 0.06 0.63 0.91 0.15
0.76 0.51 0.82 0.10 0.17 0.83
0.01 0.34 0.90 0.14 0.46 0.81
0.61 0.91 0.81 0.17 0.87 0.01
0.14 0.43 0.15 0.01 0.10 0.70
0.69 0.91 0.01 0.73 0.06 0.05
0.85 0.90 0.59 0.91 0.03 0.28
0.15 0.59 0.50 0.21 0.79 0.04
0.59 0.93 0.01 0.54 0.54 0.62
0.78 0.80 0.04 0.02 0.65 0.75
0.96 0.84 0.18 0.16 0.24 0.09
0.51 0.01 0.32 0.64 0.78 0.83
0.43 0.47 0.24 0.69 0.22 0.16
0.79 0.16 0.12 1.00 0.73 0.05
0.62 0.59 0.01 0.63 0.89 0.17
0.32 0.29 0.63 0.72 0.01 0.64
0.36 0.52 0.89 0.67 0.79 0.03
0.44 0.09 0.34 0.34 0.03 0.05
0.06 0.64 0.12 0.25 0.96 0.74
0.03 0.47 0.56 0.69 0.70 0.18
0.96 0.56 0.79 0.02 0.82 0.01
0.01 0.60 0.22 0.51 0.61 0.86
0.67 0.89 0.85 0.44 0.02 0.06
0.41 0.01 0.36 0.89 0.94 0.27
0.76 0.89 0.85 0.19 0.03 0.35
0.96 0.08 0.35 0.67 0.74 0.85
0.91 0.02 0.84 0.01 0.58 0.30
0.06 0.36 0.52 0.66 0.11 0.06
0.55 0.43 0.03 0.74 0.36 0.81
0.61 0.06 0.05 0.43 0.99 0.30
1.00 0.92 0.85 0.24 0.10 0.03
0.01 0.69 0.59 0.91 0.08 0.29
0.10 0.55 0.56 0.10 0.88 0.81
0.54 0.88 0.04 0.90 0.90 0.15
0.09 0.25 0.56 0.23 0.87 0.04
0.83 0.01 0.58 0.78 0.96 0.65
0.01 0.11 0.49 0.78 0.45 0.16
0.87 0.12 0.99 0.71 0.02 0.80
0.91 0.98 0.97 0.14 0.11 0.58
0.18 0.30 0.21 0.37 0.55 0.36
0.46 0.01 0.71 0.57 0.20 0.48
0.78 0.80 0.24 0.12 0.79 0.35
0.26 0.91 0.99 0.95 0.76 0.02
0.90 0.17 0.06 0.23 0.99 0.86
0.69 0.59 0.80 0.04 0.03 0.88
0.86 0.38 0.06 0.86 0.79 0.30
0.83 0.14 0.80 0.11 0.08 0.61
0.74 0.72 0.10 0.98 0.02 0.52
0.09 0.96 0.08 0.42 0.10 0.25
0.11 0.73 0.66 0.66 0.01 0.87
0.35 0.60 0.07 0.71 0.43 0.31
0.17 0.90 0.88 0.68 0.09 0.29
0.35 0.47 0.05 0.97 0.39 0.09
0.77 0.03 0.80 0.81 0.64 0.11
0.35 0.01 0.93 0.90 0.26 0.59
0.66 0.48 0.60 0.30 0.05 0.16
0.82 0.05 0.26 0.82 0.91 0.58
0.16 0.04 0.53 0.75 0.86 0.17
0.70 0.62 0.22 0.52 0.01 0.81
0.92 0.64 0.02 0.09 0.73 0.87
0.80 0.03 0.53 0.15 0.41 0.92
0.61 0.17 0.74 0.85 0.02 0.74
0.54 0.01 0.50 0.35 0.48 0.08
0.81 0.79 0.06 0.05 0.95 0.80
0.39 0.57 0.15 0.81 0.01 0.91
0.02 0.66 0.60 0.86 0.96 0.04
0.71 0.12 0.07 0.56 0.07 0.44
0.65 0.91 0.43 0.11 0.04 0.80
0.03 0.03 0.53 0.02 0.82 0.74
0.56 0.59 0.01 0.66 0.98 0.51
0.71 0.47 0.26 0.35 0.14 0.14
0.61 0.04 0.60 0.24 0.99 0.40
0.44 0.56 0.52 0.64 0.05 0.02
0.61 0.46 0.62 0.66 0.02 0.71
0.02 0.19 0.16 0.35 0.23 0.32
0.55 0.83 0.37 0.74 0.02 0.83
0.56 0.07 0.31 0.51 0.88 0.29
0.54 0.13 0.37 0.02 0.76 0.23
0.03 0.71 0.60 0.63 0.63 0.04
0.68 0.17 0.06 0.94 0.10 0.29
0.14 0.06 0.99 0.16 0.96 0.29
0.86 0.59 0.10 0.45 0.37 0.11
0.96 0.69 0.91 0.24 0.10 0.17
0.79 0.77 0.14 0.73 0.86 0.13
0.58 0.67 0.27 0.82 0.96 0.01
0.58 0.35 0.01 0.69 0.45 0.73
0.86 1.00 0.67 0.97 0.02 0.48
0.57 0.84 0.13 0.60 0.03 0.60
0.09 0.03 0.22 0.80 0.65 0.84
0.54 0.18 0.59 0.28 0.63 0.16
0.83 0.64 0.98 0.57 0.02 0.04
0.32 0.94 0.59 0.85 0.40 0.04
0.19 0.30 0.35 0.28 0.11 0.34
0.66 0.06 0.77 0.27 0.67 0.09
0.40 0.73 0.23 0.06 0.74 0.67
0.71 0.66 0.01 0.80 0.64 0.05
0.07 0.72 0.99 0.02 0.91 0.67
0.84 0.92 0.71 0.60 0.01 0.70
0.07 0.22 0.17 0.92 0.38 0.09
0.02 0.87 0.71 0.60 0.69 0.14
0.37 0.60 0.71 0.10 0.10 0.09
0.59 0.64 0.01 0.97 0.68 0.70
0.20 0.81 0.84 0.44 0.01 0.27
0.07 0.34 0.47 0.01 0.42 0.30
0.51 0.20 0.70 0.93 0.01 0.71
0.58 0.96 0.82 0.02 0.20 0.10
0.52 0.67 0.71 0.91 0.04 0.02
0.02 0.84 0.97 0.37 0.60 0.23
0.49 0.79 0.03 0.51 0.90 0.15
0.65 0.78 0.74 0.63 0.02 0.84
0.42 0.03 0.59 0.97 0.01 0.12
0.01 0.40 0.27 0.14 0.20 0.23
0.03 0.83 0.08 0.57 0.87 0.17
0.38 0.83 0.02 0.17 0.62 0.78
0.91 0.84 0.20 0.03 0.88 0.26
0.94 0.13 0.29 0.78 0.03 0.79
0.72 0.03 0.10 0.18 0.84 0.04
0.15 0.13 0.88 0.60 0.13 0.14
0.88 0.07 0.66 0.04 0.38 0.65
0.57 0.53 0.72 0.07 0.90 0.13
0.88 0.12 0.01 0.52 0.71 0.41
0.19 0.57 0.30 0.89 0.59 0.16
0.25 0.33 1.00 0.03 1.00 0.73
0.01 0.59 0.34 0.51 0.99 0.06
0.92 0.15 0.93 0.22 0.65 0.15
0.75 0.11 1.00 0.14 0.70 0.92
0.51 0.24 0.30 0.44 0.24 0.12
0.97 0.08 0.80 0.01 0.71 0.10
0.65 0.56 0.24 0.43 0.76 0.11
0.69 0.89 0.12 0.08 0.22 0.89
0.69 0.74 0.26 0.52 0.05 0.94
0.13 0.86 0.14 0.01 0.97 0.65
0.33 0.05 0.37 0.32 0.76 0.63
0.62 0.02 0.14 0.86 0.90 0.50
0.97 0.54 0.13 0.58 0.02 0.05
0.63 0.89 0.74 0.11 0.02 0.23
0.67 0.03 0.23 0.84 0.80 0.77
0.65 0.72 0.78 0.09 0.70 0.10
0.52 0.16 0.67 0.75 0.69 0.01
0.55 0.04 0.79 0.28 0.32 0.64
0.58 0.19 0.01 0.86 0.64 0.54
0.23 0.14 0.09 0.69 0.03 0.47
0.52 0.82 0.04 0.16 0.63 0.96
0.54 0.03 0.93 0.15 0.63 0.79
0.18 0.15 0.10 0.11 0.37 0.83
0.62 0.20 0.16 0.92 0.56 0.02
0.84 0.06 0.69 0.26 0.73 0.03
0.83 0.03 0.96 0.32 0.70 0.65
0.62 0.54 0.02 0.92 0.85 0.31
0.11 0.25 0.08 0.09 0.07 0.22
0.63 0.85 0.07 0.55 0.03 0.71
0.15 0.98 0.32 0.75 0.61 0.17
0.52 0.01 0.51 0.88 0.20 0.67
0.63 0.03 0.62 0.52 0.30 0.39
0.58 0.79 0.17 0.58 0.56 0.04
0.15 0.94 0.08 0.29 0.09 0.11
0.09 0.18 0.30 0.15 0.72 0.53
0.67 0.57 0.02 0.05 0.85 0.97
0.52 0.38 0.83 0.08 0.93 0.24
0.52 0.24 0.05 0.25 0.76 0.33
