300 6
21 16 70 73 11 44
13 92 20 94 70 29
54 93 22 83 92 78
94 25 77 43 82 85
96 47 89 11 35 67
42 1 29 43 61 7
62 74 94 7 60 99
24 26 24 60 7 19
34 56 86 41 90 92
76 47 6 64 69 59
80 5 13 38 12 19
75 84 100 3 88 69
25 39 48 32 11 40
95 52 55 80 98 6
67 79 22 72 45 71
48 38 16 35 34 94
89 89 80 27 51 60
55 99 58 95 43 2
22 21 2 24 29 6
45 73 4 59 23 96
70 62 73 14 51 84
58 22 41 15 66 100
5 36 19 51 87 56
82 55 75 4 68 53
41 8 89 76 2 36
39 34 13 11 8 40
29 55 97 17 51 88
3 19 27 28 8 50
33 17 61 73 96 6
1 89 57 29 73 62
95 69 54 7 77 60
21 19 24 7 96 2
51 53 35 7 93 19
81 25 99 21 43 51
59 2 51 2 88 74
90 68 66 55 44 3
92 61 61 6 31 12
28 30 56 1 34 70
51 85 79 82 1 85
32 28 51 42 82 1
100 22 76 4 10 50
71 84 13 58 5 7
59 3 94 11 55 85
16 7 38 54 79 68
96 76 91 5 31 85
32 83 83 16 64 66
99 6 36 38 50 4
12 59 33 10 8 94
74 98 51 9 64 18
15 46 65 11 76 56
85 93 89 96 51 3
20 10 33 17 25 21
9 71 83 57 6 35
1 43 90 32 93 99
1 54 53 53 61 77
42 100 95 58 66 1
12 13 43 18 17 17
45 19 21 88 88 70
83 80 80 5 62 3
84 23 1 63 55 56
13 70 22 90 4 6
12 16 41 12 26 51
67 97 59 3 52 62
45 5 31 63 45 22
50 4 90 51 4 13
82 80 55 99 2 94
1 8 89 45 46 6
92 85 79 89 59 2
17 24 66 20 45 5
8 80 88 2 84 28
8 84 55 70 89 47
75 75 53 88 6 52
31 3 7 45 28 30
66 98 8 67 2 58
86 83 11 93 19 88
23 39 20 6 49 11
82 84 19 99 2 92
76 33 32 66 61 4
2 39 45 94 14 71
64 8 6 20 93 65
5 54 65 92 84 33
23 6 76 73 100 41
77 81 51 78 14 8
10 65 65 100 66 18
3 99 55 82 65 26
10 48 35 27 12 30
61 75 51 64 2 77
6 83 66 19 40 72
82 100 66 38 2 70
3 30 1 9 26 63
21 61 92 1 93 95
69 13 10 29 22 81
57 26 25 55 18 64
25 3 88 68 16 22
76 21 14 12 99 83
69 24 54 69 69 1
65 71 3 42 76 3
87 83 64 1 28 97
34 17 14 71 51 26
99 14 4 86 21 63
84 63 48 59 7 76
4 74 38 60 65 44
98 73 81 4 52 47
8 14 3 26 9 45
29 54 52 59 7 53
1 63 86 81 58 99
27 5 38 21 23 36
84 1 1 52 97 54
76 17 67 1 52 74
71 58 15 70 5 35
84 60 83 65 1 91
22 9 38 4 6 14
3 65 31 1 92 72
61 67 49 1 54 69
78 1 42 66 35 7
18 5 68 62 93 33
10 54 88 18 54 52
39 39 2 68 6 30
8 20 66 15 83 24
1 31 53 54 89 82
21 92 8 44 69 3
13 2 84 67 69 61
91 89 95 1 94 52
72 18 61 90 5 94
3 37 17 86 54 41
76 93 80 60 4 83
21 26 15 32 19 13
3 85 63 96 5 8
7 18 64 52 70 93
31 56 52 61 3 73
7 66 68 39 7 16
89 5 90 12 99 33
12 3 88 3 41 11
67 29 61 3 30 60
18 62 81 20 11 55
2 79 77 54 72 60
63 3 61 67 42 7
74 57 72 89 4 58
37 8 44 37 45 2
90 62 54 3 4 94
1 77 84 62 63 53
8 35 63 43 5 39
76 65 2 33 11 71
70 76 9 72 2 81
41 33 5 8 49 30
87 97 78 62 57 1
2 37 78 68 53 98
13 28 19 10 28 60
38 89 51 22 72 1
79 60 82 73 46 1
70 46 83 16 2 29
65 2 34 75 37 82
15 2 76 81 58 66
3 59 64 78 46 47
24 12 13 96 93 95
79 84 37 4 100 51
4 25 36 47 18 23
2 91 23 54 57 98
66 2 86 17 72 99
76 57 81 56 3 88
91 100 42 60 1 28
92 87 11 16 23 6
6 58 100 23 26 42
76 5 49 81 3 74
51 90 19 4 71 29
93 71 34 9 5 90
69 3 23 66 9 95
9 7 69 76 67 85
37 9 26 35 32 29
77 7 58 18 82 82
72 26 36 74 1 25
84 58 9 4 83 88
72 78 1 54 70 62
86 22 75 2 5 8
66 11 17 6 83 100
36 23 80 94 60 3
41 83 85 1 24 1
12 3 30 90 97 72
79 29 23 24 19 8
64 17 11 12 51 59
87 55 60 62 3 91
18 90 26 47 94 12
18 78 89 18 76 10
96 79 60 33 4 76
85 80 72 25 1 68
67 16 24 100 72 9
16 66 13 82 49 38
67 97 32 5 64 89
85 92 15 91 4 34
95 1 77 37 51 53
43 6 32 28 39 24
6 65 79 46 79 1
1 5 95 38 53 78
53 86 13 3 62 77
73 3 93 93 40 1
20 82 20 54 82 22
12 87 54 6 91 65
88 7 8 61 18 67
5 21 86 31 51 39
1 45 38 39 90 79
88 50 13 44 23 9
97 20 17 6 87 28
67 83 56 50 5 88
47 94 62 43 5 95
54 69 33 60 1 56
90 84 53 5 99 10
82 76 81 45 3 88
24 29 25 8 72 54
6 87 54 78 74 17
2 75 75 3 12 48
54 6 83 9 75 62
65 90 21 93 62 2
22 4 57 90 66 52
9 34 42 15 39 39
2 76 53 6 37 94
66 52 68 88 3 100
90 82 58 2 65 51
36 19 1 13 39 56
1 53 52 95 94 74
30 5 34 20 42 14
58 8 1 19 81 93
51 2 38 86 16 72
9 11 81 58 95 39
15 25 89 2 60 22
61 52 46 93 2 92
63 4 58 61 3 32
4 52 90 3 83 46
1 57 53 53 93 54
9 26 4 6 12 27
93 92 75 12 2 39
10 9 53 80 60 51
33 4 66 34 72 93
12 12 95 67 14 89
77 60 83 8 15 11
84 52 35 88 54 4
10 82 51 36 92 3
3 73 88 53 84 39
13 43 51 10 10 85
68 16 79 19 22 11
90 74 74 31 1 49
37 96 79 69 3 66
19 86 60 75 15 13
68 1 39 77 40 29
79 11 64 2 55 59
67 4 53 76 18 27
57 11 76 82 1 48
69 72 78 22 60 3
19 43 25 43 27 20
2 64 59 36 60 100
93 29 82 68 4 14
85 14 24 4 76 53
69 2 53 22 62 84
73 2 55 92 3 91
28 9 89 14 19 7
1 68 65 2 67 99
35 19 84 85 90 11
49 67 71 3 53 26
81 2 88 83 5 59
23 3 24 16 12 39
23 99 51 2 58 5
94 72 94 53 30 2
72 85 62 26 2 52
63 94 74 41 2 97
27 82 41 44 4 2
8 14 58 55 5 86
1 63 93 19 88 47
68 78 51 1 55 64
47 19 24 42 63 3
62 19 80 1 93 3
3 68 1 78 16 20
34 53 45 67 81 1
2 67 93 74 72 5
6 94 94 79 45 1
6 4 70 59 92 18
17 22 1 69 97 80
96 89 74 2 10 17
83 3 85 6 51 83
60 64 84 1 59 61
21 43 40 14 1 29
57 8 67 44 7 70
45 38 20 100 24 1
6 15 65 92 73 56
56 77 28 70 5 73
70 63 58 3 23 98
80 3 23 95 10 81
99 69 1 57 8 53
36 40 29 6 25 10
6 70 1 60 51 7
1 71 61 56 49 6
1 53 47 64 92 66
67 91 3 4 41 78
1 65 97 3 16 73
19 95 59 27 64 10
58 57 58 13 31 7
76 6 64 12 70 94
66 85 16 3 76 80
80 23 38 2 40 15
18 93 46 70 5 100
70 67 88 73 2 3
99 93 70 6 88 1
