300 6
89 4 56 100 90 36
76 61 8 57 86 71
59 38 56 61 56 77
47 45 15 40 23 37
43 75 26 84 96 64
6 69 79 63 71 60
25 30 86 14 59 55
20 89 14 86 5 92
39 12 34 49 31 5
100 4 2 35 19 25
86 5 88 73 78 57
50 37 19 20 15 45
11 54 98 5 85 87
77 60 66 10 86 88
27 47 46 24 33 18
3 79 47 83 72 60
82 28 11 56 7 37
54 57 83 6 82 79
8 12 6 4 19 45
71 93 77 74 20 15
9 78 54 51 11 53
37 20 99 73 99 32
2 93 87 83 90 41
95 8 83 53 69 53
62 35 31 43 45 2
84 11 62 94 19 51
23 14 14 23 34 43
47 5 85 51 30 82
36 74 77 52 10 96
64 51 1 89 85 30
77 60 66 92 1 73
3 76 54 92 61 62
46 22 36 47 43 16
52 73 22 83 89 31
27 75 92 78 2 56
43 82 5 67 49 16
88 64 8 82 46 37
80 9 84 72 38 79
38 48 24 56 9 47
61 98 96 3 61 43
1 72 64 74 78 61
14 77 6 5 98 15
49 19 18 15 60 16
63 67 84 79 61 1
22 1 33 26 6 71
91 89 88 48 4 80
50 46 24 89 40 24
2 86 32 97 91 64
95 99 35 52 5 83
43 11 2 27 19 88
65 89 88 81 37 4
72 44 80 71 13 13
16 87 96 2 91 99
46 62 10 67 96 39
22 53 14 27 18 37
74 100 58 18 59 4
83 96 4 85 96 37
6 46 8 84 43 81
99 15 64 22 4 72
20 19 59 61 18 85
15 72 70 86 66 35
13 8 33 16 38 7
85 4 78 74 91 59
86 2 72 82 54 65
20 29 78 91 24 15
43 46 18 14 16 10
74 94 80 11 11 78
68 4 64 89 32 25
37 85 3 82 81 60
80 4 17 85 66 40
7 64 48 79 52 75
32 46 69 48 24 26
2 59 24 84 98 29
67 43 59 13 3 100
95 67 2 71 73 68
39 43 27 36 30 3
93 98 51 1 82 54
22 20 22 77 7 42
2 55 95 86 98 70
57 70 33 18 27 4
2 5 19 9 6 49
3 40 9 37 89 58
17 66 88 63 12 7
58 55 30 84 7 28
80 22 99 91 86 2
68 57 15 5 1 23
33 52 1 56 99 13
28 88 53 34 82 1
76 19 91 99 10 25
88 1 69 55 79 63
86 81 56 1 76 81
29 34 35 23 12 1
13 85 56 55 36 43
74 7 61 59 92 14
3 1 31 62 78 58
82 93 1 90 53 76
25 17 24 83 34 36
5 73 68 87 22 10
83 4 100 70 4 52
81 79 15 98 9 8
84 29 72 29 14 46
23 61 53 66 5 61
89 4 7 90 90 75
47 92 2 6 52 17
98 76 5 89 80 12
42 19 15 49 11 44
76 7 85 88 87 40
59 77 100 7 68 3
81 73 14 56 27 14
61 76 86 86 1 99
35 47 4 43 92 43
60 64 11 100 18 88
13 20 35 48 28 39
74 51 52 80 3 81
61 5 55 74 99 11
20 91 10 39 44 21
82 7 63 60 83 42
52 87 80 95 1 98
7 13 2 44 40 28
66 2 82 23 97 68
60 72 93 1 54 95
25 12 4 79 10 42
28 65 78 92 67 1
8 6 46 19 40 8
1 34 89 57 43 51
9 91 80 54 6 10
8 1 66 98 70 52
97 64 1 77 68 23
96 10 55 54 12 45
78 54 81 53 5 87
100 38 10 32 51 5
91 6 8 17 32 35
72 70 5 74 95 6
93 72 68 1 91 93
20 21 6 21 23 16
29 54 27 53 5 98
73 80 59 3 96 82
39 4 32 26 14 38
81 3 68 84 16 41
68 86 14 60 8 50
55 72 2 92 32 86
51 61 4 43 78 83
79 71 78 2 51 2
20 16 32 30 41 25
93 53 65 1 63 45
63 63 68 83 3 57
49 16 39 89 9 11
83 80 1 33 56 97
22 10 87 52 2 76
8 82 1 100 7 29
94 59 1 82 84 39
58 40 77 88 2 39
49 86 65 88 4 74
24 4 36 7 37 47
68 52 1 85 91 84
77 1 93 83 70 68
38 53 9 41 12 11
35 67 1 56 68 26
6 55 66 99 99 37
47 3 42 18 31 26
76 89 75 2 12 84
23 54 51 78 81 3
10 55 20 8 77 8
9 81 54 96 65 2
59 53 89 37 3 62
23 28 27 68 28 3
96 10 62 14 82 4
26 73 8 74 9 67
75 52 61 55 4 40
60 10 4 18 33 73
71 1 99 55 54 51
4 31 36 46 7 34
89 88 72 2 69 9
82 53 22 67 5 95
9 95 13 70 73 13
80 58 82 3 57 75
15 4 36 3 54 65
16 13 2 50 36 7
75 94 10 18 85 9
74 7 11 98 86 55
42 43 5 25 79 62
12 24 10 70 37 15
62 33 32 54 14 16
55 61 78 4 50 28
59 53 84 1 59 97
24 82 34 3 27 97
55 99 69 90 1 53
2 89 65 96 2 79
78 11 53 91 83 1
74 1 87 17 90 99
6 5 21 33 17 42
54 11 55 62 63 6
1 96 61 62 71 89
4 80 45 20 8 16
98 32 80 64 87 3
4 94 94 69 44 12
84 69 99 2 89 26
96 2 41 7 15 5
96 51 1 66 28 74
51 82 9 43 8 83
82 24 24 1 81 85
66 2 98 3 91 7
30 54 19 54 3 52
92 21 62 100 75 1
35 11 21 17 48 41
64 49 1 53 49 66
69 90 79 1 82 93
84 55 10 90 2 94
7 84 27 25 15 41
70 61 2 23 58 73
65 92 52 8 51 9
3 45 89 20 24 47
51 1 83 57 99 4
23 38 59 52 7 2
68 81 56 3 53 16
2 23 64 42 68 14
98 22 85 3 94 25
9 77 91 2 81 74
51 25 5 9 99 98
78 3 98 11 87 94
78 30 48 47 29 3
48 59 4 7 78 55
60 98 1 79 42 76
4 83 80 92 4 60
23 74 34 48 25 4
12 66 67 83 3 62
1 75 59 92 28 73
54 7 3 7 44 23
82 80 73 12 100 4
50 5 74 98 6 7
100 48 64 76 5 49
64 18 78 34 9 20
64 95 81 1 68 20
78 31 95 33 5 55
29 91 7 60 2 57
62 86 66 4 81 26
12 75 53 3 59 62
48 24 47 57 21 16
95 12 90 51 78 1
55 84 76 2 62 76
26 17 67 26 7 7
80 1 14 58 75 78
43 38 52 40 11 46
70 91 52 1 83 74
16 36 70 2 23 45
51 13 79 75 3 47
55 99 89 2 72 2
72 31 65 8 51 16
9 81 5 86 35 40
13 84 55 2 80 53
97 13 78 88 78 1
54 71 47 23 3 17
55 43 82 51 3 64
32 40 31 26 1 98
68 91 2 31 100 1
62 4 66 89 6 11
55 90 53 2 59 59
49 7 41 12 48 11
1 38 96 29 59 97
96 1 53 90 59 70
98 4 22 6 55 98
73 1 77 73 22 53
4 46 26 35 93 31
17 1 18 51 71 71
80 26 39 73 90 3
65 97 79 4 70 27
63 6 86 86 2 63
43 88 16 79 4 41
31 24 30 11 4 79
18 95 93 63 1 86
60 4 5 78 92 73
67 1 73 51 97 61
17 16 3 58 7 46
52 14 30 32 4 58
30 44 65 54 6 3
30 78 5 48 17 48
95 18 66 19 4 78
7 55 25 82 5 53
95 9 72 22 94 3
74 94 7 60 96 3
61 63 80 1 65 81
2 61 5 14 25 78
63 48 66 4 78 7
95 87 3 75 6 88
66 94 1 33 22 77
87 28 5 18 95 17
21 2 73 11 52 6
8 84 56 83 68 1
10 54 28 84 60 7
89 1 60 23 66 37
57 20 74 66 99 3
3 99 5 38 72 31
9 47 70 83 88 1
98 69 5 51 19 51
19 64 73 53 17 27
62 99 12 77 3 5
96 51 90 69 3 12
88 60 68 2 89 23
63 66 4 46 12 34
58 54 45 75 10 25
