300 6
61 38 2 96 60 58
73 8 63 89 74 77
53 98 78 78 20 48
98 20 80 98 10 74
23 49 98 86 93 92
49 21 33 20 50 8
50 61 89 56 41 19
28 46 9 47 45 14
88 84 17 5 62 51
4 79 58 71 94 61
32 45 25 19 46 26
80 17 49 3 58 77
23 65 1 34 75 51
92 74 98 29 93 2
35 35 10 12 33 19
20 19 15 61 56 68
53 57 64 6 81 79
19 1 34 44 37 36
66 11 23 71 72 98
9 60 91 97 73 45
22 56 97 24 75 74
74 1 75 17 45 36
61 21 74 19 93 93
10 98 33 91 79 79
55 40 57 50 25 29
22 13 71 25 54 68
51 78 71 86 30 68
4 86 28 3 53 47
60 78 93 60 5 96
35 27 42 9 58 68
45 3 10 99 10 10
10 85 96 55 84 85
4 37 76 42 20 25
20 68 72 20 58 51
21 34 30 5 4 24
45 81 79 53 2 94
97 82 28 74 70 12
77 73 22 52 25 9
67 59 90 3 80 62
3 35 64 3 17 34
93 15 25 23 3 45
23 13 24 52 65 54
59 83 38 81 67 4
97 78 5 63 77 9
49 6 20 14 38 11
82 19 19 53 18 90
32 73 71 81 3 56
80 5 19 77 67 51
54 78 3 68 69 19
39 5 4 23 44 14
48 70 2 86 12 23
92 94 7 90 64 13
51 62 22 53 3 66
3 61 52 73 57 42
90 24 18 41 28 46
68 68 3 6 72 56
17 78 61 55 35 10
12 53 69 88 71 4
67 83 56 49 32 21
63 64 73 69 2 84
41 11 63 8 36 15
2 59 61 68 84 77
59 14 44 48 31 42
71 76 95 57 2 80
21 21 35 4 12 42
51 63 40 63 1 41
70 19 86 93 25 47
1 3 60 83 88 67
9 18 41 58 68 24
92 17 89 85 20 59
8 48 62 12 20 17
72 18 27 42 36 97
81 33 62 25 86 3
97 1 69 42 51 58
94 52 14 58 14 76
31 11 2 91 56 86
7 91 26 97 57 62
23 34 3 55 47 29
46 30 53 1 8 70
44 76 83 86 86 9
7 20 49 72 57 70
1 77 16 65 100 72
4 79 76 6 8 86
59 46 19 11 76 66
7 49 36 59 56 92
2 77 53 72 63 54
13 40 38 10 34 48
52 34 97 78 54 1
9 79 26 54 44 53
65 6 64 57 36 16
6 60 61 81 24 99
83 4 50 22 95 26
79 67 8 85 35 58
40 39 6 13 11 90
65 64 49 68 60 7
62 98 99 15 69 9
18 59 14 92 66 59
10 19 12 41 8 71
16 67 64 98 87 7
76 52 1 97 88 77
16 83 38 82 35 42
21 23 1 33 15 20
60 55 89 97 6 22
33 60 94 57 100 9
83 17 56 10 62 70
15 47 20 52 66 13
10 72 27 94 59 47
64 1 75 75 23 66
5 35 35 1 25 32
90 60 60 79 82 6
57 88 98 10 13 15
16 21 63 96 54 16
96 9 54 62 30 92
18 71 16 5 32 47
9 6 87 74 7 15
20 11 43 26 88 30
62 1 65 32 22 45
9 80 13 77 52 56
67 20 82 51 17 47
12 82 2 70 78 15
72 71 93 93 40 10
18 5 51 73 54 72
53 52 25 98 16 13
79 13 74 60 12 96
63 48 88 11 3 4
66 70 97 51 1 83
3 92 18 77 89 59
11 13 30 29 38 88
65 89 25 90 83 2
59 15 69 77 28 47
99 21 63 63 2 50
32 31 55 88 13 10
37 75 62 75 2 93
7 17 72 86 50 45
2 42 75 65 82 25
3 53 56 52 71 93
69 73 84 66 13 19
28 14 34 6 41 51
2 95 38 59 100 91
63 97 54 79 1 32
7 48 36 28 30 6
53 10 67 57 15 68
86 89 70 52 89 2
15 29 47 39 51 33
65 72 76 42 14 3
12 7 72 94 79 61
58 12 99 36 28 93
2 85 25 15 80 46
79 83 67 28 1 90
87 2 17 15 90 81
89 72 18 4 87 94
48 97 9 45 12 83
64 52 11 62 11 73
34 11 28 84 36 37
88 60 69 60 15 18
86 12 51 84 20 90
19 34 44 38 14 31
31 7 55 84 12 56
67 24 9 95 79 7
14 95 100 93 3 76
40 16 2 61 80 93
100 69 6 46 2 58
79 3 84 11 59 55
4 64 76 34 66 15
18 65 79 84 11 57
20 89 98 13 13 28
63 93 16 95 59 3
40 44 48 91 6 5
2 23 11 61 98 42
53 78 12 94 10 6
82 5 98 82 67 10
4 62 39 67 53 51
25 15 1 27 93 98
81 92 82 74 82 1
2 36 71 83 16 25
6 66 4 98 50 39
38 2 6 61 21 90
73 33 60 89 5 71
3 66 41 47 23 51
70 6 77 90 65 4
100 4 67 79 80 31
53 29 65 59 8 61
82 29 14 8 14 28
82 56 5 97 3 37
34 94 58 82 55 3
52 2 57 11 72 97
20 25 43 16 97 31
70 22 89 84 100 7
10 29 74 33 60 69
18 91 9 51 61 96
34 91 1 23 21 19
7 9 56 72 55 63
18 15 93 3 75 70
16 35 71 86 29 27
98 19 83 57 67 5
73 11 92 51 26 5
94 52 68 11 87 8
61 14 67 18 2 66
13 29 25 97 42 45
14 63 19 37 86 49
7 18 23 79 82 85
81 11 55 54 28 51
89 15 88 84 16 3
10 11 36 85 83 17
89 76 40 3 19 54
77 65 2 5 7 73
42 24 57 65 6 60
66 76 78 13 79 10
71 91 53 29 2 29
78 14 57 73 28 38
62 1 74 5 89 96
88 87 14 58 75 4
13 46 77 25 15 45
10 36 18 75 86 60
87 16 53 93 27 69
1 18 38 81 92 82
35 73 98 75 81 4
70 43 49 10 40 12
86 72 51 27 2 90
34 3 11 57 80 59
80 52 63 81 4 21
44 13 30 64 2 44
84 74 8 8 76 43
38 84 16 75 74 2
79 19 88 87 88 3
78 56 65 61 53 1
37 32 42 6 61 13
61 32 6 79 28 17
11 90 73 62 14 53
4 57 54 69 61 62
5 23 27 7 61 74
21 43 2 10 8 24
69 4 66 77 34 7
54 53 40 90 97 2
2 38 81 47 87 17
86 63 32 1 95 78
84 2 74 26 95 30
54 51 24 9 87 68
79 1 51 67 31 87
10 31 11 31 19 34
17 18 51 48 15 84
99 35 71 63 82 3
88 64 22 97 1 61
1 100 28 52 88 64
1 51 59 60 58 2
48 19 47 11 27 10
9 10 91 30 40 62
78 90 5 3 75 14
4 74 53 67 94 30
56 51 90 64 55 4
76 1 95 12 98 80
10 21 6 18 40 27
87 2 56 32 76 92
93 79 27 53 79 4
5 37 80 21 28 16
5 25 4 78 68 35
85 97 64 51 89 1
78 3 63 40 100 93
83 23 2 21 77 86
2 66 30 50 88 95
10 94 1 53 72 85
93 18 55 12 76 46
30 4 17 99 21 2
3 73 79 60 53 9
13 96 53 77 3 76
25 90 23 29 75 19
41 3 18 17 53 32
78 81 85 56 3 58
33 89 10 85 51 8
10 38 34 9 63 24
2 72 53 51 81 43
4 87 17 60 86 66
52 73 3 4 52 36
2 57 89 38 94 46
19 100 83 97 52 5
20 69 23 68 13 10
59 50 85 70 80 3
10 3 17 26 5 29
18 31 66 75 86 16
96 18 18 68 43 2
33 3 8 67 59 57
90 58 14 30 83 5
6 60 9 62 97 84
59 39 76 37 3 67
90 63 1 68 56 19
62 53 9 74 98 10
73 57 77 11 18 20
86 74 31 81 66 1
3 14 45 8 2 13
72 77 56 72 54 2
12 81 57 2 3 61
75 58 61 58 1 43
20 50 30 33 47 17
80 89 29 62 95 7
4 4 64 89 71 20
86 1 64 18 84 12
76 82 81 52 1 55
41 72 4 45 19 15
33 53 1 52 24 3
83 94 69 1 20 26
