300 6
25 5 91 50 93 93
53 82 75 93 93 68
95 47 85 94 49 94
25 4 34 34 41 48
91 90 100 6 31 97
74 64 31 5 56 77
42 43 45 43 18 49
97 66 87 53 13 100
18 33 9 27 41 70
60 28 79 17 87 100
83 93 32 69 68 57
19 19 98 78 2 75
4 50 47 70 92 6
32 32 11 61 25 49
1 26 40 23 21 39
62 63 55 23 4 64
21 49 2 45 43 3
28 21 77 54 74 11
83 52 63 20 88 61
65 2 22 32 21 15
94 83 12 62 16 100
76 73 36 2 100 56
36 69 5 100 11 7
66 75 81 30 17 9
79 8 79 43 10 80
75 58 66 7 84 21
86 94 16 8 58 60
56 8 95 17 31 42
8 58 66 100 89 21
93 71 100 15 50 94
24 49 47 38 12 2
71 94 97 98 69 1
93 22 21 43 2 30
86 16 10 92 98 2
86 98 87 10 43 84
72 8 96 69 100 14
92 1 78 57 3 57
15 53 74 61 73 22
60 32 18 3 46 44
19 93 50 40 1 92
62 48 92 29 11 51
44 24 11 59 65 21
92 54 80 82 1 31
69 23 15 97 97 13
93 93 95 66 11 9
52 46 86 14 97 83
94 92 6 35 70 66
44 55 21 15 17 21
55 53 46 19 63 86
100 43 87 42 1 77
22 33 83 16 68 91
57 89 54 33 97 19
37 54 65 22 9 30
75 65 59 4 79 37
31 17 33 14 76 20
64 70 6 40 20 46
62 10 76 78 76 24
71 93 92 54 4 45
62 83 98 90 8 57
41 34 50 44 20 23
9 85 67 90 26 21
39 12 4 100 61 83
34 51 17 24 19 87
95 70 49 31 3 61
92 47 3 55 76 55
69 42 34 23 27 70
45 27 83 19 99 3
34 40 55 87 13 20
21 12 2 67 100 58
23 63 84 13 56 83
55 37 72 60 93 5
45 1 72 89 25 96
90 100 78 40 8 58
86 58 82 76 8 59
61 43 79 55 80 10
50 96 10 34 2 84
56 56 57 67 7 88
44 33 24 29 19 76
27 40 4 10 66 36
82 97 46 77 5 67
5 63 14 81 85 90
51 94 74 97 4 53
32 1 30 16 33 72
82 22 63 82 9 58
49 3 43 79 78 48
100 95 90 30 58 1
8 46 9 8 7 62
25 60 76 19 84 56
13 70 100 98 78 19
10 46 79 58 17 44
73 10 20 53 13 72
61 22 10 82 59 100
62 37 15 33 24 26
87 41 96 47 11 76
78 99 54 1 1 7
97 61 11 74 53 1
47 19 5 81 67 88
7 52 75 76 1 87
19 2 38 28 50 76
58 56 53 22 68 3
51 79 85 84 8 61
23 42 35 43 38 9
84 19 90 53 6 20
80 23 96 16 8 33
72 56 61 5 4 33
63 10 9 69 78 100
92 24 10 77 72 63
73 39 4 97 97 97
30 11 64 22 33 80
22 30 47 85 13 40
70 91 3 92 35 62
58 59 6 78 8 2
88 1 91 74 24 23
2 23 64 72 86 3
8 83 65 97 52 19
54 98 13 2 73 69
3 27 10 9 2 40
92 22 62 69 8 95
1 71 37 95 61 61
70 54 62 75 1 71
20 6 30 2 81 36
99 89 73 25 3 22
53 62 74 18 62 20
99 22 31 78 5 23
37 87 59 29 91 4
84 91 55 5 22 76
11 29 13 10 34 33
81 44 94 98 77 2
56 79 6 89 27 47
91 69 5 29 6 70
88 70 89 2 65 58
5 54 46 23 41 19
32 32 39 95 2 11
20 2 86 64 88 68
70 1 84 64 64 5
60 17 100 81 26 90
57 62 74 3 2 81
37 28 27 49 19 38
34 1 41 25 100 57
12 47 29 32 90 10
20 33 20 7 92 98
57 2 17 88 53 93
91 79 64 10 97 2
60 91 8 25 60 10
62 64 65 88 3 14
75 83 69 1 80 81
10 78 21 2 88 52
84 77 86 8 1 91
81 93 6 54 12 91
8 26 70 3 45 3
53 52 1 69 57 9
48 72 70 81 8 21
68 42 56 55 15 30
78 96 58 2 32 76
46 43 38 8 21 6
77 86 5 93 37 9
13 7 54 29 63 50
54 36 16 70 95 2
23 86 93 84 56 1
78 55 3 1 96 87
51 11 26 85 65 97
84 11 14 70 40 58
90 90 99 2 74 52
4 12 48 97 8 2
65 73 73 57 65 1
35 24 32 16 19 24
28 19 6 85 71 80
60 72 3 21 4 88
89 51 74 61 1 98
24 20 23 11 18 45
63 15 11 96 53 54
57 4 58 12 83 83
22 16 80 53 58 58
32 27 4 36 20 43
100 87 13 1 57 4
81 64 56 26 25 2
99 26 12 74 38 65
100 58 78 2 61 73
91 31 97 67 21 14
53 8 92 78 4 76
6 22 46 27 91 4
79 10 63 7 78 42
18 87 1 52 7 57
8 62 91 64 73 1
79 63 52 1 72 78
5 53 21 97 44 13
37 31 4 93 24 38
61 86 76 10 57 2
53 1 76 63 36 29
52 5 73 75 54 39
41 52 5 72 9 51
32 32 34 32 29 21
79 78 23 71 10 34
48 19 6 62 68 71
71 59 82 52 58 1
82 33 49 69 88 1
71 29 5 93 8 76
52 73 63 4 74 72
30 99 16 22 47 8
10 52 16 46 86 27
97 9 97 2 71 74
92 61 20 87 7 15
56 2 89 67 3 68
70 35 3 8 45 16
6 19 95 90 100 16
57 80 10 7 27 60
61 3 97 54 5 2
65 32 91 68 38 8
3 20 85 94 88 78
49 30 66 6 73 54
1 96 69 81 2 56
17 16 26 35 23 26
97 13 68 74 76 3
95 22 7 13 3 85
16 16 87 97 4 87
63 38 90 73 4 8
91 80 51 72 4 11
75 95 70 59 73 1
19 21 3 42 24 31
58 82 8 6 96 87
72 26 65 3 52 39
78 18 55 76 11 93
57 60 51 2 79 96
6 51 87 50 39 37
44 16 19 40 14 5
72 52 88 2 53 90
22 83 52 67 1 42
71 4 58 8 91 5
60 20 98 59 3 55
20 48 28 23 97 29
17 13 65 21 69 100
78 59 1 80 54 100
25 1 53 53 21 14
28 36 31 2 77 58
16 52 35 53 27 25
66 71 4 23 18 81
71 90 2 4 73 85
68 44 84 24 63 1
73 72 12 6 87 63
51 100 95 37 93 1
12 24 16 72 8 48
34 92 23 74 14 39
14 83 6 67 68 75
84 4 86 28 81 59
2 49 51 56 86 3
1 55 53 90 8 96
50 12 22 50 23 11
90 85 4 97 1 72
56 74 79 26 62 2
70 96 23 35 88 4
65 94 53 60 96 1
39 43 76 31 16 2
84 4 74 62 20 13
41 99 19 67 33 3
78 39 3 52 12 95
98 12 86 87 92 2
59 4 83 52 7 92
43 22 39 27 26 39
51 25 72 92 6 87
26 16 30 95 12 92
2 27 81 7 66 94
72 3 19 66 85 71
86 1 13 95 90 91
82 4 82 3 82 97
3 4 42 48 28 24
9 20 22 72 32 59
1 82 81 72 69 25
69 75 81 59 53 1
79 1 93 50 67 70
47 32 36 3 62 42
54 88 1 7 54 83
80 10 76 39 40 1
51 65 15 7 73 43
9 94 60 92 79 2
37 88 50 53 1 100
63 74 1 91 51 80
76 26 37 27 40 21
68 61 2 25 88 50
75 3 18 79 89 89
7 23 3 82 26 49
72 8 21 64 62 65
20 17 98 56 5 92
16 79 81 56 1 82
40 25 7 14 29 89
56 25 84 92 2 6
89 50 83 10 20 36
100 33 26 87 4 4
89 17 61 1 83 56
97 76 93 1 16 25
30 17 87 60 82 9
70 30 2 65 74 57
61 68 2 7 95 78
72 25 1 82 87 73
1 18 55 29 32 48
91 82 38 67 7 4
89 70 45 10 73 5
51 2 59 10 76 82
6 16 33 68 81 79
7 3 65 77 58 86
96 37 20 7 86 14
