300 6
25 17 82 5 9 28
58 94 9 83 77 3
74 55 54 55 85 93
26 2 52 49 3 27
10 17 36 7 66 29
49 92 49 37 61 88
58 50 33 13 12 39
60 73 20 54 63 70
37 33 11 26 24 64
69 65 100 2 90 90
16 76 91 69 23 60
86 67 70 25 3 9
7 71 75 63 74 72
21 25 47 70 8 26
59 69 16 30 53 47
62 79 36 5 51 69
46 29 5 48 36 83
18 7 11 55 25 89
59 73 99 89 84 22
42 88 32 14 41 19
95 60 79 90 9 2
55 64 57 73 50 18
19 32 19 31 42 48
58 68 95 53 71 11
74 37 37 17 33 15
94 81 5 84 94 59
13 94 4 46 29 63
10 47 35 20 6 17
77 22 36 16 64 98
4 93 87 61 94 54
81 4 11 73 72 80
21 14 79 96 65 9
94 95 28 76 58 30
83 69 35 77 52 12
96 92 11 13 56 76
1 25 21 33 60 10
98 8 66 26 57 86
77 65 1 59 51 88
47 89 35 12 50 36
40 27 76 35 50 5
39 34 11 29 27 36
78 84 49 26 1 75
63 88 63 5 19 77
88 59 3 69 50 91
19 22 7 37 26 4
100 83 26 96 8 63
82 64 68 67 76 2
37 75 52 13 9 7
94 1 64 91 82 100
74 12 25 10 7 95
100 27 37 4 17 68
87 63 34 99 7 74
6 15 49 23 23 58
72 77 81 57 21 2
67 51 82 91 87 2
6 11 20 58 24 28
88 8 95 95 79 21
6 46 36 9 64 32
78 26 41 91 10 91
64 54 75 14 92 1
73 41 31 15 99 52
53 70 9 3 31 89
57 30 77 12 59 87
56 6 20 99 86 62
60 64 9 27 52 82
85 52 5 89 52 77
8 94 22 55 1 28
2 86 53 43 56 59
15 49 16 6 15 20
57 47 74 72 7 16
57 94 88 1 17 63
19 80 79 5 51 76
6 38 38 28 4 48
59 97 56 89 18 3
36 88 5 91 100 95
81 65 55 79 9 9
42 62 4 87 32 12
72 71 5 84 77 58
8 84 30 48 10 84
58 68 85 80 65 1
37 86 9 3 46 70
22 16 3 30 6 43
89 44 5 22 56 61
33 42 60 55 2 89
64 69 92 4 56 55
9 81 76 60 2 63
27 43 46 20 32 94
94 1 99 85 62 75
93 79 31 14 22 3
69 55 26 4 70 43
9 4 26 96 76 52
85 59 2 27 90 94
29 15 24 97 43 19
90 15 40 6 41 82
53 74 64 77 46 1
58 8 36 98 70 65
3 76 3 88 91 21
54 75 73 5 75 50
17 10 19 12 14 33
84 92 17 27 87 13
72 1 21 89 69 70
16 71 5 59 95 82
78 87 1 62 82 64
2 71 79 52 9 100
26 77 58 23 10 11
89 5 39 21 39 30
68 92 5 81 95 16
36 8 71 37 8 11
71 61 67 5 41 58
1 3 61 95 35 19
73 87 1 54 87 100
9 44 88 32 49 24
64 56 70 47 1 84
98 13 17 87 88 57
8 45 52 23 19 73
1 58 73 12 88 93
17 10 45 4 50 21
5 92 80 31 53 88
71 74 63 8 50 14
43 93 95 24 3 19
81 78 73 52 18 6
87 71 23 2 61 61
59 4 34 86 77 57
38 32 31 20 41 20
3 27 88 86 24 89
35 44 1 55 78 53
84 9 55 81 98 14
14 12 80 36 80 7
56 85 5 19 53 66
53 55 6 26 99 36
51 8 51 97 54 77
88 38 27 29 26 14
73 21 87 5 85 1
65 2 59 18 57 84
64 15 52 80 55 11
17 1 9 86 13 60
9 98 3 51 46 93
29 95 87 1 49 17
67 3 59 21 1 77
65 73 69 47 64 1
2 5 57 59 25 79
24 9 5 34 59 95
56 57 60 97 1 53
35 6 46 6 76 63
41 29 78 26 22 7
1 93 45 16 83 18
51 55 79 4 39 54
1 66 75 77 53 99
25 4 76 85 97 98
19 95 50 1 3 47
1 18 43 52 99 45
81 66 52 66 83 2
15 58 43 64 78 7
98 93 56 4 34 83
2 14 43 81 10 17
1 79 54 68 22 45
46 20 1 15 98 14
99 54 51 95 7 9
27 56 10 15 55 98
81 60 100 1 13 51
51 52 27 47 4 71
36 26 98 15 95 4
95 45 5 52 74 13
87 84 6 3 63 46
85 83 55 98 62 1
5 97 77 52 46 98
62 15 44 28 41 17
21 65 3 95 53 56
79 94 52 87 7 14
2 26 24 24 40 96
88 1 5 96 74 53
80 17 11 77 54 24
19 73 83 2 21 83
60 80 5 34 69 34
43 68 7 98 7 11
9 22 11 47 73 98
5 3 38 63 50 73
91 18 81 2 63 89
78 76 66 59 2 73
52 77 67 83 98 3
20 5 46 8 98 20
70 53 79 29 76 5
44 3 37 38 30 71
96 38 41 4 96 95
98 61 58 3 27 83
66 63 49 11 73 19
8 87 13 83 77 84
18 43 39 5 26 33
80 1 60 85 62 94
92 70 22 2 49 51
56 85 4 92 28 20
64 7 87 16 64 92
10 35 49 78 35 21
48 88 65 8 57 7
52 85 36 76 2 7
15 70 15 76 91 87
42 13 51 1 80 59
75 4 52 14 33 69
55 28 40 5 100 87
2 69 27 78 59 95
25 24 48 43 19 23
55 4 2 67 86 60
51 1 83 51 99 57
11 39 13 93 42 34
23 79 1 90 99 79
84 95 68 10 77 4
13 28 48 45 3 31
86 1 59 85 81 14
59 33 37 27 89 13
76 67 6 4 47 7
24 1 86 70 34 84
90 78 13 23 37 81
70 1 51 34 16 99
50 10 76 11 12 95
2 60 91 98 5 9
74 10 2 23 99 92
49 87 19 79 3 99
39 36 3 62 80 29
68 5 82 18 89 40
66 96 59 10 57 17
4 54 80 15 99 67
49 73 60 42 23 2
95 80 3 98 63 17
52 73 4 52 96 24
90 19 18 12 64 30
5 76 34 60 54 52
79 70 38 51 73 3
70 12 89 3 62 68
9 65 14 61 41 55
69 6 2 92 6 56
4 74 58 71 52 69
48 45 86 17 53 8
37 27 8 42 1 22
93 46 42 65 68 1
2 51 87 26 61 66
94 13 52 58 1 78
61 82 43 2 59 87
3 15 10 36 32 34
82 56 62 15 53 9
95 55 80 3 73 64
22 57 89 32 75 9
21 39 23 6 20 7
80 88 54 26 28 1
58 76 12 1 54 52
34 14 32 77 22 32
35 78 92 15 3 95
94 5 78 9 79 56
58 53 58 3 72 74
1 84 10 89 83 71
10 14 21 13 25 4
58 83 6 12 52 68
9 51 95 21 58 95
18 56 9 79 98 58
3 32 48 12 47 26
96 1 55 65 76 9
57 54 18 70 13 14
2 75 72 74 32 34
19 7 61 32 67 67
100 27 35 3 67 92
21 72 5 11 36 85
98 89 1 82 47 78
38 14 86 2 61 3
56 9 76 4 8 83
76 25 59 78 1 67
33 62 1 43 24 56
1 66 16 81 63 16
73 23 53 3 27 52
79 3 96 93 83 2
35 48 58 2 66 65
94 55 83 93 66 3
41 97 39 4 4 23
56 23 52 41 92 3
51 57 7 3 78 71
55 38 82 75 88 1
27 34 16 1 21 97
91 88 86 2 11 75
68 25 8 12 94 74
44 90 46 14 3 81
2 20 28 93 100 84
15 52 63 21 69 2
100 69 13 89 61 1
77 17 2 57 74 100
47 35 3 4 34 36
86 4 75 58 78 4
1 3 82 55 53 4
59 1 100 51 51 59
80 52 2 20 23 39
4 92 82 1 89 89
50 9 6 73 2 97
57 1 99 27 69 70
69 6 54 52 91 4
78 8 41 47 73 60
48 17 18 45 8 14
19 8 33 29 80 68
5 13 66 94 58 17
96 28 10 10 36 87
13 33 52 63 2 29
58 68 51 23 1 67
61 38 72 13 7 11
93 7 60 11 39 83
