20 9
0.31 0.57 0.48 0.77 0.34 0.85 0.20 0.70 0.63
0.23 0.98 0.64 0.69 0.28 0.22 0.20 0.87 0.77
0.42 0.65 0.77 0.61 0.39 0.03 0.80 0.17 0.10
0.99 0.38 0.94 0.40 0.47 0.63 0.52 0.39 0.36
0.99 0.48 0.41 0.32 0.31 0.73 0.23 0.47 0.60
0.42 0.74 0.38 0.98 0.99 0.10 0.78 0.19 0.74
0.66 0.90 0.09 0.42 0.01 0.75 0.05 0.57 0.39
0.99 0.46 0.79 0.88 0.47 0.88 0.44 0.60 0.78
0.67 0.75 0.96 0.89 0.62 0.66 0.11 0.04 0.29
0.09 0.57 0.89 0.39 0.45 0.64 0.42 0.45 0.55
0.07 0.02 0.73 0.30 0.19 0.10 0.78 0.26 0.18
1.00 0.36 0.27 0.70 0.37 0.50 0.90 0.20 0.25
0.96 0.86 0.03 0.44 0.96 0.04 0.85 0.49 0.48
0.30 0.11 0.62 0.46 0.31 0.17 0.63 0.11 0.77
0.24 0.40 0.91 0.31 0.61 0.70 0.41 0.87 0.28
0.63 0.71 0.80 0.78 0.03 0.89 0.67 0.96 0.59
0.95 0.08 0.15 0.74 0.62 0.17 0.52 0.98 0.89
0.96 0.63 0.39 0.17 0.55 0.92 0.26 0.01 0.12
0.14 0.24 0.32 1.00 0.42 0.87 0.24 0.12 0.28
0.32 0.96 0.50 0.33 0.62 0.55 0.21 0.35 0.38
