20 9
0.41 0.19 0.00 0.04 0.31 0.37 0.37 0.96 0.05
0.70 0.37 0.81 0.39 0.55 0.71 0.77 0.36 0.74
0.29 0.12 0.49 0.66 0.98 0.51 0.00 0.76 0.76
0.68 0.98 0.49 0.84 0.05 0.85 0.95 0.87 0.08
0.79 0.26 0.27 0.03 0.03 0.35 0.90 0.34 0.52
0.62 0.04 0.96 0.55 0.37 0.49 0.20 0.48 0.42
0.87 0.24 0.71 0.57 0.61 0.48 0.62 0.13 0.29
0.98 0.50 1.00 0.56 0.72 0.70 0.73 0.56 0.10
0.75 0.68 0.17 0.00 0.23 0.27 0.69 0.94 0.01
0.98 0.52 0.60 0.98 0.25 0.24 0.70 0.80 0.78
0.59 0.48 0.11 0.93 0.95 0.70 0.14 0.84 0.71
0.00 0.28 0.28 0.24 0.41 0.25 0.32 0.36 0.84
0.98 0.51 0.78 0.45 0.23 0.17 0.82 0.38 0.27
0.57 0.50 0.63 0.46 0.72 0.86 0.94 0.01 0.48
0.33 0.75 0.63 0.66 0.17 0.26 0.12 0.13 0.80
0.79 0.41 0.36 0.12 0.93 0.37 0.15 0.74 0.83
0.33 0.64 0.26 0.32 0.39 0.87 0.55 0.10 0.57
0.64 1.00 0.82 0.24 0.95 0.36 0.15 0.27 0.41
0.43 0.60 0.54 0.82 0.10 0.37 0.66 0.71 0.59
0.75 0.03 0.25 0.45 0.19 0.70 0.52 0.66 0.25
