20 9
0.63 0.54 0.86 0.94 0.40 0.78 0.09 0.56 0.90
0.56 0.25 0.37 0.55 0.37 0.52 0.36 0.17 0.89
0.62 0.44 0.58 0.77 0.10 0.92 0.34 0.96 0.97
0.34 0.62 0.04 0.36 0.83 0.20 0.11 0.46 0.74
0.04 0.17 0.93 0.37 0.29 0.09 0.14 0.43 0.41
0.92 0.77 0.16 0.93 0.65 0.59 0.02 0.85 0.63
0.40 0.22 0.32 0.13 0.83 0.41 0.05 0.19 0.78
0.08 0.18 0.68 0.22 0.65 0.25 0.62 0.28 0.47
0.88 0.15 0.92 0.21 0.49 0.61 0.42 0.38 0.53
0.39 0.55 0.46 0.81 0.27 0.99 0.21 1.00 0.12
0.06 0.05 0.29 0.10 0.86 0.24 0.41 0.88 0.30
0.26 0.86 0.65 0.69 0.48 0.15 0.41 0.45 0.33
0.39 0.52 0.54 0.30 0.17 0.28 0.51 0.22 0.18
0.06 0.17 0.64 0.74 0.98 0.22 0.62 0.21 0.00
0.50 0.30 0.65 0.38 0.61 0.42 0.42 0.66 0.28
0.01 0.92 0.32 0.85 0.09 0.75 0.10 0.66 0.60
0.99 0.75 0.13 0.19 0.55 0.69 0.06 0.33 0.85
0.14 0.77 0.13 0.63 0.88 0.68 0.30 0.32 0.21
0.33 0.00 0.05 0.29 0.99 0.92 0.39 0.79 0.79
0.23 0.94 0.18 0.07 0.66 0.60 0.34 0.58 0.13
