20 9
0.68 0.94 0.81 0.10 0.28 0.99 0.25 0.55 0.57
0.76 0.91 0.07 0.60 0.84 0.96 0.32 0.72 0.41
0.83 0.02 0.32 0.48 0.97 0.36 0.14 0.09 0.34
0.07 1.00 0.07 0.63 0.44 0.19 0.09 0.98 0.23
0.02 0.25 0.55 0.04 0.05 0.57 0.11 0.78 0.26
0.48 0.65 0.46 0.34 0.44 0.42 0.56 0.43 1.00
0.68 0.25 0.32 0.14 0.60 0.44 0.74 0.17 0.46
0.15 0.47 0.61 0.24 0.34 0.23 0.43 0.04 0.30
0.84 0.03 0.09 0.66 0.02 0.51 0.53 0.75 0.29
0.12 0.16 0.95 0.71 0.20 0.67 0.14 0.77 0.08
0.58 0.88 0.68 0.79 0.00 0.90 0.50 0.23 0.03
0.10 0.41 0.20 0.76 0.54 0.57 0.84 0.18 0.74
0.04 0.20 0.83 0.97 0.51 0.05 0.83 0.85 0.24
0.22 0.79 0.78 0.67 0.00 0.45 0.67 0.71 0.18
0.01 0.82 0.05 0.20 0.31 0.92 0.88 0.98 0.98
0.09 0.82 0.39 0.85 0.32 0.10 0.97 0.50 0.18
0.20 0.32 0.13 0.23 0.12 0.19 0.84 0.34 0.47
0.02 0.49 0.04 0.76 0.12 0.40 0.03 0.17 0.70
0.20 0.26 0.39 0.80 0.75 0.54 0.34 0.30 0.03
0.41 0.92 0.83 0.11 0.66 0.18 0.70 0.89 0.11
