20 9
0.23 0.53 0.22 0.02 0.68 0.41 0.62 0.29 0.00
0.30 0.54 0.90 1.00 0.17 0.23 0.13 0.46 0.67
0.28 0.82 0.15 0.01 0.06 0.03 0.13 0.84 0.23
0.15 0.23 0.76 0.73 0.21 0.64 0.36 0.49 0.60
0.11 0.94 0.57 0.86 0.62 0.58 0.86 0.79 0.93
0.61 0.02 0.14 0.78 0.50 0.23 0.01 0.34 0.13
0.09 0.00 0.41 0.13 0.55 0.54 0.06 0.92 0.19
0.01 0.02 0.93 0.32 0.86 0.67 0.49 0.57 0.24
0.29 0.12 0.49 0.34 0.04 0.32 0.38 0.96 0.59
0.26 0.61 0.04 0.52 0.78 0.49 0.19 0.82 0.34
0.12 0.27 0.80 0.69 0.81 0.29 0.79 0.36 0.98
0.61 0.44 0.35 0.18 0.49 0.47 0.09 0.11 0.90
0.41 0.80 0.91 0.48 0.89 0.23 0.87 0.31 0.72
0.36 0.41 0.51 0.08 0.64 0.85 0.91 0.82 0.18
0.96 0.73 0.30 0.87 0.04 0.80 0.62 0.08 0.86
0.96 0.54 0.55 0.71 0.52 0.92 0.36 0.73 0.60
0.52 0.47 0.67 0.50 0.72 0.82 0.41 0.81 0.42
0.45 0.87 0.46 0.43 0.01 0.36 0.07 0.86 0.32
0.31 0.64 0.65 0.96 0.48 0.62 0.23 0.80 0.11
0.82 0.43 0.28 0.30 0.74 0.68 0.76 0.89 0.37
