20 15
0.77 0.42 0.07 0.46 0.35 0.49 0.64 0.17 0.47 0.85 0.23 0.22 0.57 0.43 0.88
0.59 0.32 0.37 0.85 0.64 0.51 0.96 0.89 0.23 0.15 0.57 0.16 0.14 0.55 0.14
0.04 0.21 0.67 0.75 0.41 0.04 0.83 0.42 0.84 0.29 0.70 0.21 0.94 0.76 0.73
0.25 0.67 0.40 0.70 0.92 0.88 0.84 0.55 0.41 0.90 0.06 0.02 0.46 0.04 0.10
0.96 0.23 0.66 0.99 0.43 0.07 0.61 0.50 0.45 0.92 0.11 0.97 1.00 0.52 0.81
0.01 0.32 0.25 0.62 0.66 0.90 0.98 0.59 0.12 0.52 0.92 0.06 0.45 1.00 0.51
0.49 0.07 0.52 0.53 0.03 0.92 0.76 0.69 0.80 0.04 0.31 0.12 0.66 0.81 0.96
0.29 0.28 0.80 0.31 0.09 0.59 0.55 0.99 0.12 0.21 0.25 0.76 0.04 0.48 0.47
0.69 0.32 0.20 0.28 0.05 0.87 0.17 0.76 0.80 0.95 0.50 0.16 0.53 0.70 0.08
0.24 0.31 0.59 0.66 0.31 0.55 0.60 0.94 0.96 0.32 0.19 0.59 0.70 0.10 0.95
0.98 0.96 0.89 0.78 0.74 0.41 0.55 0.70 0.90 0.07 0.35 0.25 0.93 0.69 0.03
0.38 0.89 0.54 0.96 0.75 0.73 0.80 0.59 0.45 0.96 0.03 0.34 0.98 0.32 0.81
0.58 0.64 0.78 0.38 0.77 0.61 0.96 0.04 0.06 0.08 0.64 0.19 0.13 0.15 0.56
0.76 0.02 0.06 0.63 0.67 0.41 0.29 0.64 0.40 0.33 0.92 0.32 0.52 0.29 0.63
0.96 0.09 0.30 0.97 0.13 0.47 0.41 0.00 0.74 0.49 0.24 0.72 0.02 0.27 0.62
0.23 0.32 0.34 0.67 0.65 0.52 0.21 0.19 0.57 0.75 0.09 0.08 1.00 0.56 0.31
0.84 0.74 0.46 0.53 0.42 0.99 0.49 0.21 0.42 0.36 0.84 0.53 0.40 0.08 0.37
0.27 0.81 0.60 0.13 0.72 0.89 0.76 0.06 0.93 0.19 0.50 0.71 0.23 0.03 0.79
0.53 0.37 0.21 0.30 0.89 0.42 0.97 0.65 0.13 0.90 0.66 0.38 0.19 0.89 0.71
0.05 0.44 0.87 0.25 0.33 0.57 0.43 0.53 0.38 0.83 0.90 0.84 0.33 0.43 0.09
