20 15
0.56 0.97 0.74 0.34 0.24 0.58 0.50 0.01 0.50 0.18 0.57 0.34 0.09 0.41 0.35
0.43 0.10 0.73 0.26 0.16 0.75 0.50 0.63 0.47 0.39 0.67 0.90 0.53 0.09 0.22
0.59 0.71 0.11 0.82 0.40 0.10 0.98 0.21 0.15 0.36 0.14 0.61 0.40 0.26 0.86
0.21 0.71 0.29 0.37 0.53 0.97 0.61 0.60 0.06 0.64 0.25 0.71 0.22 0.32 0.48
0.63 0.75 0.15 0.04 1.00 0.74 0.40 0.71 0.60 0.54 0.87 0.34 0.36 1.00 0.34
0.60 0.59 0.20 0.74 0.63 0.72 0.01 0.12 0.54 0.61 0.69 0.77 0.08 0.67 0.04
0.66 0.67 0.62 0.05 0.70 0.05 0.41 0.59 0.92 0.89 0.65 0.79 0.02 0.75 0.43
0.11 0.75 0.70 0.61 0.02 0.22 0.71 0.58 0.22 0.83 0.35 0.68 0.74 0.26 0.90
0.10 0.08 0.10 0.65 0.35 0.36 0.86 0.41 0.78 0.46 0.19 0.86 0.77 0.30 0.30
0.45 0.24 0.96 0.42 0.73 0.90 0.10 0.76 0.04 0.28 0.72 0.24 0.28 0.19 0.19
0.40 0.42 0.09 0.25 0.88 0.04 0.89 0.65 0.46 0.64 0.51 0.16 0.01 0.98 0.55
0.27 0.39 0.50 0.82 0.72 0.35 0.77 0.38 0.92 0.74 0.32 0.16 0.41 0.67 0.89
0.39 0.44 0.07 0.81 0.75 0.98 0.37 0.59 0.34 0.39 0.08 0.11 0.92 0.57 0.13
0.68 0.13 0.20 1.00 0.86 0.76 0.93 0.85 0.20 0.69 0.72 0.65 0.12 0.87 0.55
0.81 0.99 0.94 0.32 0.52 0.77 0.94 0.37 0.76 0.00 0.02 0.07 0.03 0.52 0.20
0.91 0.73 0.63 0.99 0.70 0.81 0.22 0.50 0.13 0.57 0.16 0.24 0.62 0.67 0.11
0.49 0.73 0.87 0.81 0.38 0.96 0.74 0.89 0.13 0.98 0.17 0.29 0.34 0.23 0.13
0.97 0.92 0.89 0.23 0.01 0.97 0.41 0.87 0.86 0.16 0.90 0.25 0.93 0.38 0.74
0.76 0.70 0.52 0.52 0.06 0.03 0.30 0.29 0.22 0.88 0.95 0.71 0.71 0.24 0.54
0.55 0.51 0.64 0.14 0.63 0.31 0.16 0.74 0.79 0.71 0.14 0.99 0.67 0.23 0.37
