20 15
0.83 0.31 0.55 0.91 0.32 0.33 0.87 0.54 0.00 0.96 0.20 0.08 0.87 0.01 0.06
0.39 0.77 0.20 0.90 0.48 0.85 0.98 0.37 0.48 0.12 0.23 0.54 0.35 0.15 0.54
0.30 0.66 0.86 0.41 0.41 0.41 0.21 0.02 0.23 0.97 0.85 0.67 0.34 0.23 0.49
0.17 0.66 0.34 0.78 0.89 0.26 0.21 0.31 0.97 0.62 0.24 0.82 0.16 0.47 0.50
0.39 0.29 0.25 0.26 0.05 0.32 0.37 0.75 0.19 0.48 0.10 0.76 0.75 0.93 0.91
0.65 0.28 0.23 0.17 0.77 0.29 0.21 0.82 0.00 0.20 0.28 0.02 0.28 0.41 0.76
0.73 0.51 0.02 0.51 0.89 0.66 0.47 0.51 0.44 0.49 0.73 0.99 0.51 0.39 0.52
0.39 1.00 0.63 0.91 0.97 0.98 0.27 0.48 0.12 0.95 0.96 0.33 0.69 0.03 0.35
0.90 0.99 0.48 0.46 0.82 0.12 0.00 0.52 0.02 0.55 0.67 0.23 0.56 0.68 0.75
0.33 0.44 0.01 0.45 0.00 0.30 0.97 0.64 0.73 0.34 0.51 0.70 0.94 0.06 0.56
0.06 0.05 0.47 0.31 0.40 0.32 0.34 0.71 1.00 0.38 0.00 0.11 0.62 0.37 0.07
0.93 0.28 0.04 0.68 0.13 0.11 0.51 0.00 1.00 0.95 0.48 0.02 0.43 0.67 0.24
0.69 0.79 1.00 0.12 0.70 0.17 0.80 0.44 0.08 0.67 0.77 0.69 0.59 0.25 1.00
0.45 0.97 0.96 0.03 0.47 0.71 1.00 0.76 0.85 0.53 0.30 0.10 0.38 0.89 0.95
0.77 0.31 0.28 0.48 0.16 0.39 0.90 0.06 0.53 0.72 0.42 0.74 0.43 0.12 0.93
0.00 0.88 0.67 0.96 0.98 0.37 0.42 0.50 0.98 0.43 0.26 0.92 1.00 0.24 0.36
0.98 0.96 0.60 0.44 0.27 0.64 0.25 0.81 0.96 0.16 0.32 0.39 0.48 0.06 0.54
0.16 0.28 0.86 0.71 0.70 0.94 0.59 0.02 1.00 0.18 0.44 0.95 0.06 0.24 0.54
0.95 0.42 0.00 0.49 0.69 0.75 0.95 0.92 0.65 0.09 0.44 0.81 0.06 0.60 0.69
0.62 0.95 0.04 0.87 0.78 0.08 0.03 0.78 0.26 0.07 0.61 0.65 0.49 0.80 0.77
