20 15
0.93 0.91 0.44 0.06 0.68 0.62 0.78 0.02 0.01 0.90 0.46 0.00 0.59 0.98 0.91
0.77 0.06 0.30 0.94 0.23 0.82 0.12 0.79 0.81 0.70 0.21 0.10 0.09 0.31 0.81
0.80 0.78 0.18 0.31 0.89 0.06 0.44 0.47 0.75 0.08 0.39 0.24 0.43 0.29 0.45
0.78 0.73 0.18 0.48 0.49 0.75 0.83 0.40 0.94 0.01 0.60 0.77 0.06 0.13 0.05
0.39 0.77 0.29 0.09 0.98 0.16 0.23 0.76 0.45 0.70 0.34 0.58 0.17 0.54 0.51
0.11 0.23 0.12 0.50 0.27 0.62 0.41 0.27 0.89 0.96 0.46 0.41 0.13 0.88 0.75
0.23 0.08 0.13 0.89 0.12 0.70 0.78 0.97 0.17 0.30 0.72 0.70 0.09 0.19 0.31
0.23 0.74 0.24 0.49 0.52 0.06 0.01 0.38 0.12 0.44 0.88 0.83 0.76 0.50 0.86
0.13 0.75 0.00 0.61 0.19 0.77 0.36 0.48 0.16 0.01 0.74 0.05 0.09 0.31 0.73
0.33 0.24 0.71 0.80 0.52 0.93 0.39 0.70 0.42 0.21 0.68 0.11 0.88 0.53 0.67
0.39 0.68 0.02 0.54 0.48 0.10 0.28 0.71 0.84 0.47 0.75 0.96 1.00 0.83 0.13
0.97 0.94 0.49 0.49 0.53 0.48 0.58 0.06 0.86 0.68 0.27 0.22 0.95 0.66 0.25
0.77 0.90 0.96 0.87 0.69 0.86 0.95 0.81 0.43 0.54 0.77 0.74 0.75 0.36 0.70
0.29 0.51 0.05 1.00 0.17 0.76 0.28 0.41 0.71 0.43 0.31 0.07 0.78 0.50 0.13
0.99 0.20 0.80 0.97 0.29 0.03 0.40 0.36 0.03 0.41 0.71 0.80 0.89 0.50 0.61
0.35 0.99 0.56 0.59 0.89 0.60 0.59 0.31 0.31 0.07 0.99 0.74 0.22 0.39 0.31
0.18 0.82 0.85 0.51 0.18 0.45 0.43 0.53 0.89 0.07 0.18 0.21 1.00 0.85 0.60
0.84 0.99 0.46 0.81 0.35 0.95 0.48 0.01 0.82 0.08 0.59 0.24 0.97 0.05 0.06
0.33 0.81 0.36 0.58 0.89 0.70 0.89 0.14 0.46 0.29 0.96 0.12 0.72 0.55 0.35
0.52 0.43 0.96 0.92 1.00 0.50 0.85 0.53 0.31 0.01 0.83 0.25 0.48 0.56 0.74
