20 15
0.06 0.30 0.04 0.20 0.20 0.99 0.05 0.18 0.57 0.30 0.79 0.21 0.80 0.78 0.03
0.78 0.99 0.61 0.67 0.78 0.64 0.53 0.53 0.16 0.48 0.65 0.84 0.96 0.72 0.96
0.54 0.09 0.41 0.00 0.42 0.71 0.80 0.25 0.13 0.19 0.50 0.16 0.98 0.33 0.01
0.28 0.33 0.33 0.10 0.98 0.35 0.23 0.70 0.93 0.70 0.63 0.24 0.47 0.62 0.72
0.78 0.82 0.80 0.89 0.97 0.99 0.92 0.38 0.29 0.72 0.88 0.08 0.36 0.62 0.75
0.00 0.75 0.21 0.73 0.45 0.86 0.61 0.99 0.04 0.96 0.09 0.34 0.61 0.62 0.05
0.18 0.10 0.62 0.77 0.13 0.00 0.21 0.95 0.74 0.36 0.46 0.25 0.89 0.43 0.31
0.17 0.15 0.71 0.79 0.43 0.88 0.25 0.04 0.90 0.45 0.23 0.93 0.35 0.59 0.81
0.85 0.51 0.95 0.91 0.61 0.73 0.64 0.26 0.23 0.59 0.24 0.16 0.19 0.52 0.53
0.31 0.30 0.31 0.67 0.67 1.00 0.87 0.44 0.40 0.35 0.29 0.23 0.32 0.95 0.93
0.81 0.26 0.63 0.10 0.86 0.46 0.93 0.22 0.53 0.80 0.73 0.70 0.59 1.00 0.18
0.63 0.47 0.16 0.49 0.63 0.89 0.77 0.17 0.97 0.00 0.75 0.73 0.75 0.51 0.56
0.08 0.25 0.71 0.85 0.72 0.97 0.26 0.08 0.13 0.10 0.25 0.32 0.43 0.44 0.55
0.97 0.36 0.37 0.43 0.89 0.39 0.22 0.86 0.37 0.65 0.04 0.53 0.40 0.01 0.14
0.53 0.96 0.56 0.43 0.90 0.24 0.83 0.49 0.14 0.77 0.01 0.63 0.29 0.32 0.83
0.61 0.51 0.85 0.18 0.68 0.29 0.38 0.78 0.24 0.65 0.08 0.87 0.29 0.91 0.38
0.81 0.83 0.07 0.76 0.32 0.67 0.10 0.17 0.17 0.54 0.08 0.99 0.14 0.73 0.69
0.41 0.91 0.23 0.27 0.34 0.06 0.72 0.72 0.20 0.02 0.64 0.27 0.36 0.79 0.79
0.03 0.35 0.68 0.02 0.96 0.68 0.81 0.44 0.98 0.59 0.23 0.29 0.88 0.37 0.95
0.99 0.51 0.49 0.57 1.00 0.98 0.99 0.62 0.70 0.70 0.23 0.76 0.21 0.87 0.74
