300 5
42 67 89 24 4
75 99 17 69 85
89 81 63 96 86
20 90 48 17 26
68 21 38 65 37
49 1 20 69 30
90 100 6 92 93
35 9 46 45 9
10 36 73 95 84
8 7 7 54 35
52 62 4 61 52
17 75 29 60 12
82 63 62 16 98
73 6 68 49 37
97 83 39 30 100
73 80 86 25 62
8 48 37 51 97
85 28 84 16 75
32 62 92 49 98
96 75 7 33 97
71 92 4 60 95
43 31 88 22 32
36 85 94 4 92
45 34 5 48 2
92 94 70 9 9
1 13 99 35 8
89 76 83 3 62
79 5 16 32 32
95 65 23 7 52
50 21 96 12 13
66 21 88 19 50
82 93 62 9 62
29 9 94 14 67
40 30 29 42 44
67 79 71 6 91
77 52 4 91 17
76 60 4 73 63
93 17 32 11 53
24 21 79 27 48
12 85 81 58 21
98 67 71 16 22
8 13 92 44 7
1 96 100 88 6
84 74 81 1 86
40 5 1 28 93
11 84 12 54 31
37 50 16 24 89
20 59 20 64 8
15 62 60 26 68
57 76 61 9 57
50 29 7 18 24
57 31 21 18 18
36 60 82 15 80
53 82 74 14 92
81 61 1 74 72
84 17 47 33 28
1 54 87 7 92
47 1 11 7 43
17 73 24 41 47
25 17 63 51 80
8 5 59 35 3
39 78 42 54 28
1 20 55 65 57
91 88 55 47 6
6 95 40 65 47
51 55 75 7 10
70 69 9 9 90
7 85 51 65 60
93 60 58 5 84
65 52 69 5 86
26 23 44 64 29
94 79 90 1 68
34 91 95 10 33
14 9 41 30 17
2 17 71 76 82
55 96 44 25 22
82 60 4 69 27
59 8 43 78 26
48 56 42 6 64
43 17 72 28 40
1 26 87 5 66
35 55 49 76 7
72 5 6 49 54
92 50 1 51 16
80 68 67 70 1
62 2 56 1 93
18 61 18 46 71
59 96 3 82 51
71 22 100 6 85
2 60 78 35 95
7 76 29 67 89
7 92 38 49 89
98 51 94 2 77
21 20 6 48 15
71 27 3 94 67
73 38 56 10 3
5 58 58 97 56
43 85 75 2 87
92 3 91 74 29
70 78 4 77 35
1 68 66 63 77
62 81 54 4 55
35 2 68 34 42
41 62 58 10 60
1 65 46 98 54
41 37 21 35 8
5 78 64 63 48
89 1 44 92 28
25 40 1 99 48
60 98 46 3 69
65 74 80 3 52
26 3 54 75 41
6 31 81 60 39
57 19 86 6 49
21 73 5 79 64
4 57 63 35 55
71 37 5 11 48
69 78 61 5 34
2 88 22 90 31
30 76 4 62 29
8 15 34 42 69
88 20 76 22 40
3 6 84 85 95
17 70 4 88 99
84 89 82 2 51
71 72 2 28 58
40 100 89 6 13
10 99 54 88 10
54 5 83 11 20
2 33 69 59 80
54 57 2 81 68
8 81 14 81 20
34 80 73 3 58
47 48 73 6 89
69 96 53 6 22
94 20 55 2 35
7 78 32 58 63
6 41 88 98 30
77 66 78 6 63
3 73 48 1 77
66 79 91 11 1
10 3 85 54 7
37 63 23 15 83
71 67 3 51 61
50 13 32 70 7
3 53 74 50 98
5 10 38 94 1
13 92 51 28 74
2 54 72 92 42
56 91 55 20 17
1 71 52 75 87
29 65 12 46 70
48 13 11 25 17
63 75 42 1 38
74 39 56 9 32
92 97 85 54 1
1 21 85 44 40
64 6 30 94 16
77 90 1 65 59
90 92 68 2 25
62 3 6 82 92
22 80 60 13 26
52 66 57 1 94
31 22 22 16 23
2 65 79 40 4
100 81 8 12 46
7 52 23 83 3
8 66 2 85 81
74 30 3 61 37
31 69 72 6 72
12 68 58 58 23
70 4 6 88 81
30 100 23 42 89
91 27 57 7 28
65 74 2 26 67
43 82 14 29 18
22 79 18 32 77
24 61 2 52 78
53 73 64 20 13
97 99 7 2 91
11 47 3 26 35
73 72 56 3 73
55 38 74 3 71
67 56 62 4 20
5 56 73 14 54
75 6 58 66 20
96 58 5 6 52
87 26 2 88 76
90 11 1 67 23
93 2 54 86 21
30 52 42 20 56
5 85 9 51 43
81 57 82 1 69
3 51 44 76 90
4 100 34 58 38
15 58 60 4 55
66 17 56 41 3
82 3 6 56 61
3 51 21 80 41
68 54 74 6 61
84 49 51 1 34
6 96 59 33 67
7 31 54 89 64
5 75 64 21 56
78 86 19 84 1
16 2 92 77 80
63 96 2 40 56
9 80 48 2 11
90 26 4 27 100
73 71 27 7 18
71 57 1 68 55
11 71 51 14 99
3 64 56 2 95
87 4 9 25 38
8 84 42 31 96
5 51 9 98 75
53 89 97 23 8
51 64 1 64 61
22 2 9 3 40
7 86 60 64 39
77 33 30 38 14
61 3 88 52 16
87 53 65 3 29
80 97 8 25 12
36 84 55 1 69
77 23 80 2 73
6 1 85 89 95
64 68 87 17 1
92 79 36 2 78
7 6 28 83 59
4 62 33 88 31
61 57 99 32 6
7 76 47 21 86
71 31 71 17 12
76 13 53 64 1
63 5 7 91 58
10 77 97 58 1
17 56 2 42 12
93 62 7 4 52
51 8 42 27 14
2 70 56 97 53
12 66 30 15 58
31 69 94 45 2
46 65 12 1 51
54 65 79 60 1
58 12 2 30 77
42 62 1 62 73
7 35 36 99 45
52 10 91 2 71
92 1 98 79 24
92 46 66 1 51
2 6 79 64 59
24 69 97 18 37
78 59 2 5 62
76 58 4 3 39
69 89 44 18 15
19 68 62 21 3
4 81 32 88 7
84 80 1 84 21
39 8 64 23 14
55 51 100 1 84
3 84 16 35 5
66 57 65 15 6
5 58 50 73 99
86 2 55 92 7
2 64 53 79 79
6 73 39 66 83
39 19 10 9 17
98 19 69 1 87
62 57 71 20 14
18 4 41 76 68
85 1 79 46 21
71 63 55 89 1
6 49 68 55 17
55 9 93 6 7
9 73 32 21 82
6 46 83 83 3
88 100 13 34 11
96 87 1 97 8
93 74 55 15 10
3 51 83 19 50
51 3 54 56 28
6 33 28 61 51
72 8 7 63 2
89 7 26 76 21
2 77 61 83 4
56 49 90 68 1
36 84 2 21 77
92 100 57 63 1
63 2 85 94 21
76 15 6 7 60
64 75 57 16 9
76 51 67 8 36
7 56 7 71 81
82 1 56 20 32
64 90 58 28 4
4 70 71 55 54
6 22 33 5 46
69 68 62 3 1
24 1 77 9 26
