300 5
8 60 27 55 87
75 85 43 53 17
56 39 34 95 80
58 11 22 82 51
97 1 10 40 60
2 10 1 31 19
68 60 54 20 79
27 52 17 6 65
40 44 66 65 13
22 33 89 2 10
55 72 63 5 53
19 34 10 23 35
77 88 65 74 1
92 96 93 67 2
19 10 90 90 17
79 9 94 56 54
25 29 26 69 2
70 92 69 20 32
83 65 77 2 58
31 2 5 24 32
4 66 2 5 68
67 4 53 61 31
65 70 30 7 41
53 70 97 1 76
97 75 92 30 3
29 8 12 44 12
23 42 84 52 4
4 64 56 1 89
20 97 90 16 54
59 77 59 26 28
95 70 60 68 9
40 6 5 23 28
53 1 22 49 62
100 59 7 19 64
88 15 100 19 100
78 68 54 6 42
96 3 52 86 4
6 20 6 3 44
88 92 14 2 29
18 91 84 46 17
20 77 71 44 12
80 7 36 17 59
62 73 59 6 31
12 92 7 1 81
84 26 92 61 8
72 15 51 19 78
100 86 60 2 83
99 99 87 21 22
59 77 100 7 8
76 33 68 98 1
2 3 57 85 72
61 90 79 20 18
51 15 94 15 77
93 85 86 84 1
89 36 24 4 36
51 1 100 30 82
20 73 74 44 17
80 94 69 19 27
77 91 38 67 2
65 72 55 82 1
29 98 13 40 16
60 100 57 24 6
58 18 61 15 59
25 37 17 27 9
73 25 3 21 53
56 15 77 7 57
98 82 72 12 1
77 13 79 12 58
91 58 69 19 1
95 74 52 42 3
81 9 43 94 7
14 35 57 56 3
94 65 56 59 8
2 20 58 38 8
86 15 50 4 100
89 12 58 11 58
4 50 63 9 28
47 65 54 58 5
15 56 56 51 2
51 72 52 10 23
84 3 66 5 63
12 53 48 43 15
28 63 4 57 4
1 82 15 90 100
4 87 68 29 14
55 21 87 95 7
11 8 36 67 76
77 74 63 23 11
61 2 51 98 1
95 26 11 10 9
72 94 59 10 3
54 5 86 61 2
78 90 51 1 60
39 6 26 70 18
92 6 53 14 90
76 32 98 31 7
71 73 59 2 54
47 22 73 27 8
3 82 14 13 70
7 18 78 73 15
97 5 2 64 57
54 99 1 76 18
16 6 51 71 66
43 17 47 5 45
21 4 81 84 93
63 81 50 2 92
76 64 26 49 4
67 15 74 20 88
63 47 10 2 65
27 92 74 25 14
72 83 97 1 49
64 93 69 22 17
3 74 11 7 47
82 64 78 47 2
44 93 62 78 1
96 71 40 3 34
13 87 86 8 15
65 75 36 26 26
4 60 41 4 49
71 51 23 71 2
62 26 77 83 1
71 52 52 53 7
53 90 68 11 4
43 100 84 2 80
3 5 78 65 74
35 12 60 82 6
94 3 16 66 15
18 67 5 16 25
19 6 81 61 32
52 85 42 39 2
79 64 63 23 19
79 94 54 52 1
19 55 29 42 9
75 13 72 6 80
6 59 94 100 2
53 60 77 21 3
20 60 20 12 37
69 85 93 78 1
24 3 73 94 35
71 71 16 30 16
55 9 62 16 65
45 90 51 27 1
70 49 68 40 2
91 56 3 12 98
65 28 73 52 3
1 62 91 81 68
20 70 25 41 14
1 96 80 42 78
27 74 98 1 68
1 76 83 80 73
48 76 98 11 5
83 3 88 81 21
51 69 67 7 40
9 69 1 36 9
67 3 1 68 83
85 55 91 1 87
8 8 23 42 35
13 29 56 95 15
59 6 54 2 32
59 41 9 64 10
18 93 79 1 62
68 46 57 7 20
27 2 30 95 77
6 4 36 58 96
64 82 22 59 1
88 16 35 7 56
37 1 61 83 54
1 61 58 13 79
62 98 10 54 4
53 94 66 10 9
37 24 84 15 24
1 4 76 29 99
11 80 94 87 5
100 2 60 3 62
25 1 66 90 33
50 34 88 3 15
25 87 51 66 2
52 13 54 12 72
66 38 49 25 21
93 51 65 15 18
52 84 3 17 65
3 88 83 6 53
89 6 82 66 8
3 98 3 16 88
1 75 54 74 58
14 8 98 3 97
56 76 64 24 4
51 67 52 14 5
21 93 61 8 8
5 82 58 17 9
1 35 95 89 98
28 2 82 77 1
1 47 78 3 56
98 84 23 28 8
86 81 9 19 22
85 42 39 56 3
86 89 57 48 1
1 64 31 97 96
78 78 65 68 1
1 84 61 40 76
29 100 33 54 3
2 91 52 19 69
14 1 60 93 59
72 99 31 8 39
81 81 1 11 29
5 9 65 63 95
6 66 30 52 18
48 6 75 20 36
58 66 38 75 1
52 84 5 80 2
94 24 29 6 13
87 2 14 12 94
2 58 87 1 81
97 2 84 75 19
54 56 71 9 19
100 8 56 1 73
5 35 88 82 4
1 52 37 48 63
78 1 8 84 81
15 2 58 71 97
98 17 19 71 5
60 53 4 92 15
55 7 56 80 14
74 8 4 11 91
99 2 98 39 26
87 5 55 12 60
82 61 79 1 73
1 97 14 81 97
12 98 72 49 1
4 82 88 3 9
31 1 60 31 25
2 72 70 25 11
1 54 58 55 51
48 96 75 2 72
1 63 52 81 59
62 64 99 1 35
90 81 88 1 24
29 2 11 22 12
76 59 53 8 7
46 72 75 4 19
63 16 16 4 76
92 95 5 56 5
58 78 9 1 61
65 3 54 1 78
51 12 76 16 56
86 56 8 1 75
70 51 22 70 2
18 33 97 12 25
11 63 48 2 96
23 2 68 57 95
55 49 43 63 1
3 59 72 22 68
52 1 33 58 58
76 22 23 18 32
52 3 86 7 59
84 72 56 2 19
69 13 71 63 6
6 79 99 16 6
85 80 6 73 1
71 84 2 69 8
27 2 84 77 51
92 19 47 11 39
75 62 21 16 15
93 4 9 48 1
19 4 100 57 80
43 79 83 4 38
65 56 62 8 3
43 16 78 21 75
93 19 61 9 6
63 39 56 35 7
25 4 64 40 100
61 92 1 83 6
89 18 83 5 31
1 75 69 59 26
98 91 5 6 60
78 93 1 5 93
91 29 74 14 14
60 54 14 75 8
10 89 65 69 1
80 9 4 82 69
9 2 88 71 52
8 68 53 83 11
47 81 71 80 1
14 87 54 81 7
2 99 52 15 82
1 25 39 13 7
33 8 7 99 13
72 71 26 1 38
15 9 32 10 55
78 54 39 71 1
1 24 98 95 54
3 2 91 74 97
64 60 87 1 67
57 9 48 6 40
69 2 93 4 12
60 56 45 11 41
63 5 73 18 80
100 5 40 3 69
67 25 91 2 15
86 82 61 19 4
