300 5
0.58 1.00 0.82 0.52 0.02
0.76 0.90 0.92 0.65 0.61
0.61 0.65 0.91 0.53 0.96
0.31 0.49 0.10 0.42 0.54
0.82 0.18 0.30 0.12 0.50
0.39 0.33 0.59 0.29 0.08
0.52 0.36 0.34 0.46 0.54
0.10 0.50 0.42 0.43 0.25
0.59 0.07 0.43 0.11 0.32
0.18 0.31 0.91 0.59 0.31
0.33 0.30 0.16 0.23 0.51
0.56 0.84 0.52 0.13 0.34
0.70 0.85 0.82 0.74 0.07
0.50 0.45 0.04 0.46 0.41
0.87 0.89 0.68 0.39 0.01
0.36 0.10 0.09 0.23 0.37
0.55 0.73 0.23 0.05 0.99
0.55 0.83 0.08 0.17 0.80
0.90 0.96 0.67 0.32 0.06
0.12 0.09 0.35 0.72 0.83
0.37 0.96 0.98 0.01 0.53
0.92 0.95 0.07 0.38 0.09
0.52 0.70 0.89 0.22 0.81
0.39 0.84 0.06 0.67 0.93
0.44 0.09 0.27 0.83 0.31
0.54 0.95 0.90 0.01 0.78
0.08 0.55 0.52 0.86 0.55
0.29 0.55 0.08 0.79 0.65
0.13 0.98 0.68 0.30 0.56
0.38 0.38 0.44 0.05 0.11
0.06 0.88 0.50 0.77 0.07
0.36 0.43 0.97 0.05 0.73
0.49 0.08 0.81 0.82 0.56
0.01 0.99 0.56 0.83 0.94
0.07 0.22 0.74 0.63 0.78
0.12 0.28 0.06 0.74 0.24
0.98 0.35 0.95 0.72 0.03
0.57 0.92 0.18 0.13 0.93
0.56 0.86 0.02 0.43 0.24
0.03 0.56 0.92 0.64 1.00
0.26 0.64 0.50 0.42 0.03
0.77 0.79 0.10 0.10 0.92
0.89 0.02 0.29 0.62 0.43
0.33 0.85 0.26 0.18 0.53
0.85 0.60 0.21 0.96 0.20
0.17 0.16 0.61 0.47 0.73
0.58 0.87 0.34 0.52 0.04
0.28 0.63 0.79 0.28 0.07
0.13 0.39 0.36 0.23 0.82
0.02 0.59 0.90 0.81 0.90
0.85 0.93 0.23 0.89 0.01
0.08 0.38 0.99 0.96 0.54
0.32 0.59 0.82 0.28 0.74
0.28 0.47 0.69 0.53 0.55
0.73 0.52 0.11 0.50 0.01
0.86 0.08 0.80 0.67 0.27
0.49 0.84 0.28 0.60 0.01
0.17 0.70 0.54 0.06 0.79
0.26 0.54 0.75 0.11 0.65
0.30 0.28 0.87 0.40 0.29
0.04 0.56 0.87 0.67 0.51
0.91 0.19 0.02 0.46 0.65
0.29 0.51 0.18 0.72 0.61
0.68 0.53 0.23 0.66 0.10
0.09 0.28 0.69 0.80 0.62
0.03 0.35 0.43 0.97 0.86
0.09 0.21 0.83 0.65 0.56
0.22 0.43 0.48 0.13 0.52
0.38 0.05 0.52 0.96 0.65
0.77 0.34 1.00 0.10 0.79
0.25 0.15 0.81 0.57 0.84
0.34 0.35 0.38 0.04 0.88
0.80 0.76 0.64 0.02 0.81
0.30 0.90 0.84 0.24 0.35
0.50 0.39 0.02 0.68 0.73
0.41 0.04 0.17 0.27 0.78
0.05 0.40 0.86 0.52 0.91
0.92 0.99 0.72 0.17 0.07
0.94 0.23 0.73 0.05 0.75
0.09 0.36 0.39 0.94 0.30
0.76 0.93 0.27 0.27 0.05
0.15 0.49 0.99 0.06 0.44
0.19 0.99 0.16 0.70 0.45
0.62 0.53 0.83 0.03 0.57
0.21 0.34 0.99 0.13 0.36
0.76 0.97 0.77 0.03 0.71
0.02 0.11 0.52 0.75 0.85
0.69 0.80 0.27 0.53 0.25
0.11 1.00 0.83 0.75 0.22
0.05 0.19 0.39 0.72 0.81
0.54 0.88 0.19 0.14 0.54
0.44 0.70 0.93 0.02 0.84
0.03 0.54 0.02 0.52 0.29
0.51 0.01 0.42 0.56 0.60
0.47 0.02 0.29 0.55 0.89
0.36 0.22 0.23 0.35 0.30
0.25 0.68 0.78 0.65 0.01
0.56 0.68 0.04 0.15 0.49
0.53 0.55 0.40 0.04 0.77
0.71 0.56 0.01 0.61 0.37
0.07 0.52 0.95 0.78 0.70
0.37 0.08 0.44 0.01 0.25
0.02 0.89 0.82 0.72 0.76
0.09 0.63 0.34 0.12 0.78
0.29 0.23 0.48 0.69 0.93
0.13 0.35 0.70 0.56 0.07
0.74 0.04 0.16 0.88 0.40
0.02 0.85 0.71 0.73 0.82
0.43 0.04 0.26 0.66 0.51
0.07 0.54 0.51 0.20 0.98
0.09 0.01 0.83 0.61 0.68
0.24 0.10 0.83 0.56 0.74
0.92 0.14 0.05 0.69 0.01
0.20 0.51 0.40 0.42 0.38
0.71 0.03 0.69 0.18 0.73
0.09 0.78 0.88 0.24 0.57
0.05 0.14 0.99 0.95 0.72
0.09 0.74 0.89 1.00 0.19
0.91 0.92 0.78 0.09 0.04
0.26 0.34 0.58 0.57 0.94
0.69 0.01 0.88 0.34 0.51
0.02 0.07 0.77 0.38 0.36
0.08 0.52 0.71 0.66 0.55
0.30 0.33 0.02 0.32 0.34
0.14 0.77 0.28 0.51 1.00
0.21 0.89 0.96 0.02 0.87
0.51 0.15 0.34 0.74 0.14
0.54 0.65 0.34 0.15 0.52
0.58 0.72 0.20 0.73 0.17
0.29 0.04 0.54 0.78 0.90
0.73 0.90 0.36 0.25 0.36
0.14 0.89 0.68 0.23 0.22
0.63 0.03 0.72 0.32 0.97
0.39 0.07 0.67 0.91 0.39
0.17 0.94 0.41 0.15 0.53
0.31 0.17 0.73 0.87 0.64
0.04 0.18 0.72 0.89 0.77
0.41 0.03 0.41 0.95 0.80
0.86 0.80 0.93 0.07 0.03
0.33 0.56 0.35 0.64 0.26
0.79 0.66 0.04 0.19 0.45
0.67 0.76 0.81 0.54 0.02
0.38 0.43 0.15 0.97 0.13
0.62 0.94 0.06 0.61 0.15
0.55 0.89 0.63 0.24 0.04
0.77 0.31 0.74 1.00 0.03
0.17 0.69 0.70 0.18 0.54
0.37 0.25 0.36 0.21 1.00
0.17 0.57 0.58 0.39 0.79
0.91 0.01 0.22 0.54 0.84
0.02 0.53 0.31 0.91 1.00
0.05 0.36 0.44 0.08 0.19
0.24 0.04 0.93 0.95 0.61
0.83 0.17 0.80 0.69 0.20
0.88 0.33 0.75 0.66 0.03
0.89 0.29 0.98 0.63 0.08
0.89 0.98 0.04 0.31 0.17
0.18 0.52 0.80 0.07 0.83
0.08 0.10 0.46 0.98 0.78
0.33 0.54 0.85 0.55 0.02
0.17 0.04 0.84 0.72 0.64
0.27 0.05 0.51 0.43 0.17
0.87 0.13 0.77 0.72 0.01
0.60 0.85 0.08 0.09 1.00
0.17 1.00 0.89 0.59 0.04
0.15 0.19 0.12 0.89 0.05
0.72 0.59 0.54 0.62 0.02
0.02 0.60 0.35 0.29 0.45
0.77 0.11 0.78 0.66 0.07
0.62 0.02 0.07 0.24 0.59
0.65 0.02 0.63 0.52 0.53
0.12 0.05 1.00 0.34 0.20
0.66 0.97 0.01 0.85 0.86
0.86 0.04 0.40 0.23 0.22
0.89 0.21 0.01 0.94 0.61
0.15 0.20 0.12 0.54 0.89
0.11 0.23 0.04 0.54 0.11
0.14 0.09 0.57 0.88 0.74
0.73 0.85 0.03 0.14 0.53
0.55 0.52 0.53 0.75 0.01
0.51 0.52 0.04 0.75 0.06
0.36 0.14 0.62 0.20 0.22
0.73 0.82 0.54 0.27 0.04
0.01 0.02 0.79 0.78 0.33
0.63 0.07 0.69 0.87 0.14
0.09 0.02 0.87 0.72 0.52
0.82 0.57 0.29 0.16 0.52
0.69 0.01 0.44 0.07 0.04
0.08 1.00 0.43 0.03 0.44
0.41 0.81 0.27 0.95 0.03
0.13 0.88 0.03 0.39 0.12
0.81 0.87 0.82 0.14 0.01
0.54 0.54 0.92 0.35 0.04
0.66 0.39 0.82 0.91 0.04
0.57 0.05 0.84 0.43 0.13
0.51 0.65 0.01 0.94 0.53
0.11 0.14 0.70 0.93 0.66
0.02 0.99 0.71 0.67 0.31
0.31 0.90 0.19 0.06 0.86
0.67 0.84 0.33 0.04 0.92
0.92 0.97 0.23 0.03 0.51
0.09 0.22 0.24 0.67 0.47
0.55 0.94 0.09 0.09 0.60
0.83 0.77 0.43 0.02 0.68
0.58 0.02 0.18 0.91 0.73
0.11 0.22 0.14 0.86 0.54
0.25 0.15 0.59 0.99 0.43
0.23 0.59 0.29 0.23 0.56
0.61 0.08 0.24 0.59 0.40
0.52 0.65 0.27 0.45 0.14
0.45 0.05 0.60 0.20 0.30
0.36 0.20 0.83 0.16 0.89
0.87 0.83 0.12 0.13 0.75
0.92 1.00 0.14 0.03 0.76
0.54 0.86 0.13 0.03 0.62
0.93 0.34 0.22 0.18 0.98
0.73 0.83 0.01 0.28 0.93
0.74 0.08 0.20 0.56 0.40
0.24 0.80 0.67 0.06 0.71
0.65 0.94 0.41 0.09 0.03
0.68 0.51 0.03 0.29 0.55
0.27 0.79 0.70 0.03 0.68
0.02 0.04 0.36 0.82 0.99
0.46 0.20 0.05 0.56 0.56
0.55 0.06 0.91 0.93 0.05
0.51 0.17 0.04 0.73 0.94
0.94 0.07 0.04 0.67 0.32
0.03 0.30 0.60 0.93 0.38
0.51 0.81 0.29 0.03 0.73
0.74 0.51 0.01 0.17 0.88
0.12 0.15 0.36 0.65 0.51
0.68 0.05 0.27 0.55 0.57
0.43 0.03 0.78 0.95 0.71
0.05 0.22 0.68 0.44 0.94
0.12 0.82 0.60 0.69 0.09
0.54 0.25 0.39 0.39 0.07
0.33 0.56 0.88 0.06 0.27
0.02 0.35 0.63 0.70 0.68
0.99 0.74 0.77 0.17 0.03
0.01 0.31 0.83 0.50 0.97
0.90 0.96 0.23 0.26 0.36
0.46 0.03 0.36 0.75 1.00
0.58 0.29 0.41 0.05 0.88
0.03 0.10 0.89 0.33 0.34
0.01 0.78 0.78 0.89 0.85
0.01 1.00 0.23 0.61 0.35
0.79 0.05 0.24 0.60 0.29
0.55 0.59 0.25 0.18 0.67
0.15 0.09 0.96 0.28 0.01
0.05 0.82 0.26 0.66 0.25
0.10 0.05 0.52 0.90 0.92
0.23 0.34 0.95 0.17 0.90
0.51 0.57 0.24 0.05 0.78
0.08 0.04 0.74 0.35 0.79
0.54 0.49 0.31 0.19 0.51
0.36 0.07 0.68 0.67 0.14
0.05 0.13 0.73 0.80 0.51
0.31 0.01 0.80 0.28 0.71
0.30 0.24 0.47 0.43 0.14
0.03 0.57 0.68 0.29 0.79
0.01 0.87 0.44 0.69 0.45
0.64 0.57 0.13 0.10 0.64
0.16 0.58 0.42 0.05 0.84
0.58 0.07 0.63 0.17 0.62
0.63 0.01 0.78 0.48 0.58
0.55 0.01 0.60 0.84 0.56
0.66 0.98 0.01 0.70 0.52
0.46 0.52 0.41 0.66 0.10
0.06 0.53 0.20 0.39 0.58
0.62 0.62 0.05 0.22 0.71
0.20 0.90 0.96 0.01 0.77
0.31 0.17 0.35 0.30 0.78
0.91 0.83 0.42 0.11 0.62
0.01 0.91 0.14 0.87 0.71
0.76 0.06 0.36 0.74 0.27
0.87 0.48 0.94 0.02 0.13
0.63 0.39 0.85 0.92 0.01
0.68 0.66 0.35 0.02 0.62
0.59 0.13 0.37 0.53 0.21
0.02 0.80 0.65 0.77 0.43
0.05 0.52 0.15 0.88 0.73
0.99 0.55 0.31 0.16 0.13
0.89 0.87 0.12 0.38 0.30
0.50 0.68 0.32 0.77 0.03
0.39 0.02 0.26 0.89 0.99
0.99 0.82 0.19 0.18 0.43
0.01 0.46 0.60 0.26 0.91
1.00 0.29 0.22 0.06 0.78
0.21 0.65 0.32 0.18 0.56
0.70 0.08 0.84 0.73 0.02
0.24 0.08 0.63 0.72 0.98
0.22 0.98 0.69 0.93 0.01
0.34 0.13 0.36 0.53 0.96
0.62 0.58 0.30 0.04 0.22
0.35 0.16 0.56 0.75 0.04
0.64 0.53 0.16 0.64 0.03
0.60 0.22 0.63 0.70 0.07
0.81 0.10 0.03 0.82 0.89
0.99 0.08 0.06 0.28 0.22
0.14 0.61 0.51 0.06 0.57
