300 5
58 100 82 52 2
76 90 92 65 61
61 65 91 53 96
31 49 10 42 54
82 18 30 12 50
39 33 59 29 8
52 36 34 46 54
10 50 42 43 25
59 7 43 11 32
18 31 91 59 31
33 30 16 23 51
56 84 52 13 34
70 85 82 74 7
50 45 4 46 41
87 89 68 39 1
36 10 9 23 37
55 73 23 5 99
55 83 8 17 80
90 96 67 32 6
12 9 35 72 83
37 96 98 1 53
92 95 7 38 9
52 70 89 22 81
39 84 6 67 93
44 9 27 83 31
54 95 90 1 78
8 55 52 86 55
29 55 8 79 65
13 98 68 30 56
38 38 44 5 11
6 88 50 77 7
36 43 97 5 73
49 8 81 82 56
1 99 56 83 94
7 22 74 63 78
12 28 6 74 24
98 35 95 72 3
57 92 18 13 93
56 86 2 43 24
3 56 92 64 100
26 64 50 42 3
77 79 10 10 92
89 2 29 62 43
33 85 26 18 53
85 60 21 96 20
17 16 61 47 73
58 87 34 52 4
28 63 79 28 7
13 39 36 23 82
2 59 90 81 90
85 93 23 89 1
8 38 99 96 54
32 59 82 28 74
28 47 69 53 55
73 52 11 50 1
86 8 80 67 27
49 84 28 60 1
17 70 54 6 79
26 54 75 11 65
30 28 87 40 29
4 56 87 67 51
91 19 2 46 65
29 51 18 72 61
68 53 23 66 10
9 28 69 80 62
3 35 43 97 86
9 21 83 65 56
22 43 48 13 52
38 5 52 96 65
77 34 100 10 79
25 15 81 57 84
34 35 38 4 88
80 76 64 2 81
30 90 84 24 35
50 39 2 68 73
41 4 17 27 78
5 40 86 52 91
92 99 72 17 7
94 23 73 5 75
9 36 39 94 30
76 93 27 27 5
15 49 99 6 44
19 99 16 70 45
62 53 83 3 57
21 34 99 13 36
76 97 77 3 71
2 11 52 75 85
69 80 27 53 25
11 100 83 75 22
5 19 39 72 81
54 88 19 14 54
44 70 93 2 84
3 54 2 52 29
51 1 42 56 60
47 2 29 55 89
36 22 23 35 30
25 68 78 65 1
56 68 4 15 49
53 55 40 4 77
71 56 1 61 37
7 52 95 78 70
37 8 44 1 25
2 89 82 72 76
9 63 34 12 78
29 23 48 69 93
13 35 70 56 7
74 4 16 88 40
2 85 71 73 82
43 4 26 66 51
7 54 51 20 98
9 1 83 61 68
24 10 83 56 74
92 14 5 69 1
20 51 40 42 38
71 3 69 18 73
9 78 88 24 57
5 14 99 95 72
9 74 89 100 19
91 92 78 9 4
26 34 58 57 94
69 1 88 34 51
2 7 77 38 36
8 52 71 66 55
30 33 2 32 34
14 77 28 51 100
21 89 96 2 87
51 15 34 74 14
54 65 34 15 52
58 72 20 73 17
29 4 54 78 90
73 90 36 25 36
14 89 68 23 22
63 3 72 32 97
39 7 67 91 39
17 94 41 15 53
31 17 73 87 64
4 18 72 89 77
41 3 41 95 80
86 80 93 7 3
33 56 35 64 26
79 66 4 19 45
67 76 81 54 2
38 43 15 97 13
62 94 6 61 15
55 89 63 24 4
77 31 74 100 3
17 69 70 18 54
37 25 36 21 100
17 57 58 39 79
91 1 22 54 84
2 53 31 91 100
5 36 44 8 19
24 4 93 95 61
83 17 80 69 20
88 33 75 66 3
89 29 98 63 8
89 98 4 31 17
18 52 80 7 83
8 10 46 98 78
33 54 85 55 2
17 4 84 72 64
27 5 51 43 17
87 13 77 72 1
60 85 8 9 100
17 100 89 59 4
15 19 12 89 5
72 59 54 62 2
2 60 35 29 45
77 11 78 66 7
62 2 7 24 59
65 2 63 52 53
12 5 100 34 20
66 97 1 85 86
86 4 40 23 22
89 21 1 94 61
15 20 12 54 89
11 23 4 54 11
14 9 57 88 74
73 85 3 14 53
55 52 53 75 1
51 52 4 75 6
36 14 62 20 22
73 82 54 27 4
1 2 79 78 33
63 7 69 87 14
9 2 87 72 52
82 57 29 16 52
69 1 44 7 4
8 100 43 3 44
41 81 27 95 3
13 88 3 39 12
81 87 82 14 1
54 54 92 35 4
66 39 82 91 4
57 5 84 43 13
51 65 1 94 53
11 14 70 93 66
2 99 71 67 31
31 90 19 6 86
67 84 33 4 92
92 97 23 3 51
9 22 24 67 47
55 94 9 9 60
83 77 43 2 68
58 2 18 91 73
11 22 14 86 54
25 15 59 99 43
23 59 29 23 56
61 8 24 59 40
52 65 27 45 14
45 5 60 20 30
36 20 83 16 89
87 83 12 13 75
92 100 14 3 76
54 86 13 3 62
93 34 22 18 98
73 83 1 28 93
74 8 20 56 40
24 80 67 6 71
65 94 41 9 3
68 51 3 29 55
27 79 70 3 68
2 4 36 82 99
46 20 5 56 56
55 6 91 93 5
51 17 4 73 94
94 7 4 67 32
3 30 60 93 38
51 81 29 3 73
74 51 1 17 88
12 15 36 65 51
68 5 27 55 57
43 3 78 95 71
5 22 68 44 94
12 82 60 69 9
54 25 39 39 7
33 56 88 6 27
2 35 63 70 68
99 74 77 17 3
1 31 83 50 97
90 96 23 26 36
46 3 36 75 100
58 29 41 5 88
3 10 89 33 34
1 78 78 89 85
1 100 23 61 35
79 5 24 60 29
55 59 25 18 67
15 9 96 28 1
5 82 26 66 25
10 5 52 90 92
23 34 95 17 90
51 57 24 5 78
8 4 74 35 79
54 49 31 19 51
36 7 68 67 14
5 13 73 80 51
31 1 80 28 71
30 24 47 43 14
3 57 68 29 79
1 87 44 69 45
64 57 13 10 64
16 58 42 5 84
58 7 63 17 62
63 1 78 48 58
55 1 60 84 56
66 98 1 70 52
46 52 41 66 10
6 53 20 39 58
62 62 5 22 71
20 90 96 1 77
31 17 35 30 78
91 83 42 11 62
1 91 14 87 71
76 6 36 74 27
87 48 94 2 13
63 39 85 92 1
68 66 35 2 62
59 13 37 53 21
2 80 65 77 43
5 52 15 88 73
99 55 31 16 13
89 87 12 38 30
50 68 32 77 3
39 2 26 89 99
99 82 19 18 43
1 46 60 26 91
100 29 22 6 78
21 65 32 18 56
70 8 84 73 2
24 8 63 72 98
22 98 69 93 1
34 13 36 53 96
62 58 30 4 22
35 16 56 75 4
64 53 16 64 3
60 22 63 70 7
81 10 3 82 89
99 8 6 28 22
14 61 51 6 57
