300 5
0.23 0.42 0.97 0.40 0.05
0.97 0.95 0.94 0.88 0.40
0.70 0.96 0.79 0.53 0.90
0.22 0.37 0.53 0.43 0.08
0.78 0.29 0.84 0.45 0.52
0.77 0.73 0.58 0.30 0.54
0.05 0.26 0.74 0.93 0.39
0.35 0.27 0.68 0.93 0.89
0.17 0.89 0.38 0.83 0.53
0.94 0.63 0.90 0.47 0.04
0.17 0.39 0.33 0.10 0.17
0.25 0.22 0.64 0.16 0.68
0.57 0.85 0.07 0.25 0.50
0.49 0.23 0.36 0.49 0.35
0.57 0.82 0.51 0.51 0.03
0.80 0.94 0.03 0.66 0.56
0.16 0.04 0.76 0.87 0.46
0.44 0.08 0.32 0.12 0.05
0.74 0.35 0.14 0.52 0.66
0.33 0.18 0.03 0.23 0.63
0.75 0.55 0.05 0.09 0.76
0.19 0.25 0.82 0.48 0.96
0.12 0.61 0.72 0.62 0.29
0.81 0.75 0.14 0.98 0.59
0.52 0.99 0.05 0.07 0.26
1.00 0.06 0.51 0.81 0.31
0.59 0.15 0.07 0.51 0.67
0.25 0.97 0.16 0.80 0.47
0.27 0.28 0.88 0.56 0.58
0.64 0.06 0.86 0.77 0.09
0.16 0.60 0.03 0.27 0.53
0.04 0.51 0.51 0.97 0.61
0.95 0.13 0.13 0.59 0.91
0.05 0.86 0.25 0.02 0.57
0.40 0.63 0.71 0.10 0.05
0.97 0.83 0.26 1.00 0.02
0.37 0.11 0.79 0.51 0.73
0.75 0.97 0.20 0.71 0.10
0.09 0.40 0.94 0.71 0.80
0.01 0.63 0.98 0.63 0.83
0.05 0.81 0.23 0.21 0.40
0.30 0.45 0.22 0.51 0.78
0.07 0.61 1.00 0.83 0.92
0.88 0.01 0.44 0.71 0.68
0.86 0.57 0.12 0.23 0.55
0.06 0.63 0.26 0.62 0.81
0.54 0.26 0.90 0.06 0.76
0.67 0.43 0.27 0.86 0.27
0.10 0.52 0.77 0.82 0.97
0.08 0.49 0.18 0.27 0.72
0.55 0.26 0.75 0.01 0.08
0.06 0.28 0.49 0.07 0.68
0.24 0.11 0.30 0.28 0.33
0.76 0.36 0.12 0.56 0.34
0.09 0.38 0.46 0.08 0.79
1.00 0.93 0.10 0.18 0.73
0.96 0.56 0.17 0.63 0.18
0.62 0.11 0.77 0.06 0.95
0.99 0.01 0.21 0.60 0.42
0.20 0.31 0.17 0.76 0.29
0.11 0.03 0.60 0.38 0.96
0.98 0.28 0.09 0.64 0.02
0.13 0.34 0.97 0.69 0.67
0.86 0.23 0.18 0.60 0.53
0.03 0.73 0.91 0.71 0.53
1.00 0.12 0.76 0.03 0.89
0.37 0.07 0.89 0.31 0.69
0.07 0.86 0.68 0.93 0.34
0.70 0.04 0.96 0.17 0.52
0.59 0.65 0.15 0.15 0.43
0.61 0.01 0.43 0.88 0.73
0.38 0.92 0.89 0.54 0.07
0.22 0.53 0.10 0.93 0.82
1.00 0.20 0.27 0.82 0.33
0.02 0.57 0.87 0.88 0.24
0.99 0.53 0.11 0.09 0.92
0.03 0.22 0.65 0.86 0.07
0.60 0.38 0.34 0.05 0.61
0.05 0.02 0.41 0.79 0.97
0.76 0.80 0.24 0.05 0.94
0.66 0.53 0.12 0.53 0.59
0.88 0.66 0.04 0.57 0.32
0.32 0.01 0.15 0.93 0.15
0.14 0.66 0.61 0.92 0.41
0.13 0.56 0.07 0.89 0.18
0.11 0.82 0.05 0.76 0.96
0.66 0.64 0.65 0.05 0.25
0.03 0.24 0.12 0.36 0.28
0.12 0.22 0.59 0.80 0.44
0.75 0.55 0.11 0.36 0.32
0.13 0.12 0.73 0.76 0.84
0.02 0.74 0.98 0.87 0.43
0.76 0.03 0.72 0.79 0.08
0.40 0.85 0.90 0.03 0.56
0.69 0.88 0.02 0.91 0.51
0.24 0.06 0.46 0.19 0.11
0.84 0.68 0.19 0.10 0.57
0.01 0.98 0.22 0.98 0.50
0.42 0.72 0.30 0.15 0.13
0.39 0.71 0.11 0.79 0.42
0.87 0.05 0.04 0.87 0.76
0.69 0.84 0.02 0.68 0.72
0.53 0.75 0.62 0.07 0.53
0.14 0.38 0.15 0.07 0.15
0.49 0.88 0.69 0.78 0.04
0.04 0.37 0.19 0.11 0.86
0.52 0.06 0.27 0.51 0.24
0.08 0.14 0.71 0.21 0.18
0.88 0.05 0.62 0.60 0.67
0.60 0.02 0.81 0.55 0.69
0.60 0.50 0.04 0.07 0.93
0.74 0.59 0.71 0.42 0.04
0.06 0.92 0.61 0.52 0.22
0.05 0.94 0.46 0.55 0.13
0.33 0.05 0.94 0.71 0.90
0.05 0.96 0.92 0.65 0.09
0.52 0.57 0.59 0.36 0.01
0.70 0.59 0.53 0.82 0.02
0.40 0.09 0.09 0.44 0.36
0.71 0.30 0.29 0.07 0.99
0.12 0.18 0.68 0.78 0.87
0.67 0.84 0.26 0.04 0.93
0.67 0.02 0.68 0.81 0.92
0.53 0.05 0.16 0.73 0.81
0.94 0.17 0.12 0.22 0.23
0.58 0.02 0.96 0.46 0.61
0.70 0.55 0.73 0.02 0.32
0.19 0.19 0.54 0.58 0.93
0.52 0.44 0.77 0.76 0.04
0.52 0.58 0.04 0.20 0.54
0.10 0.69 0.81 0.60 0.15
0.29 0.48 0.36 0.03 0.12
0.48 0.74 0.22 0.74 0.07
0.47 0.81 0.46 0.02 0.03
0.63 0.07 0.19 0.87 0.07
0.85 0.85 0.10 0.85 0.09
0.75 0.03 0.97 0.30 0.76
0.74 0.04 0.27 0.02 0.60
0.25 0.16 0.02 0.88 0.68
0.34 0.62 0.94 0.14 0.03
0.18 0.56 0.16 0.01 0.11
0.10 0.13 0.91 0.82 0.52
0.38 0.69 0.05 0.84 0.41
0.51 0.62 0.34 0.94 0.04
0.73 0.92 0.92 0.06 0.01
0.01 0.87 0.95 0.58 0.73
0.73 0.37 0.02 0.88 0.41
0.96 0.03 0.89 0.60 0.27
0.41 0.13 1.00 0.86 0.10
0.18 0.83 0.02 0.86 1.00
0.84 0.70 0.22 0.55 0.02
0.01 0.48 0.98 0.63 0.70
0.84 0.41 0.05 0.86 0.30
0.17 0.85 0.01 0.08 0.82
0.70 0.81 0.13 0.23 0.51
0.94 0.02 0.96 0.04 0.91
0.42 0.38 0.01 0.81 0.47
0.60 0.54 0.24 1.00 0.06
0.02 0.16 0.95 0.91 0.58
0.40 0.42 0.94 0.07 0.05
0.81 0.87 0.07 0.22 0.52
0.55 0.01 0.83 0.57 0.60
0.89 0.69 0.06 0.04 0.93
0.17 0.04 0.30 0.50 0.26
0.03 0.06 0.75 0.63 0.80
0.52 0.15 0.94 0.04 0.63
0.67 0.83 0.45 0.82 0.03
0.04 0.94 0.80 0.61 0.03
0.60 0.35 0.70 0.72 0.02
0.46 0.22 0.33 0.09 0.04
0.52 0.90 0.07 0.01 0.67
0.10 0.12 0.14 0.10 0.90
0.99 0.04 0.13 0.57 0.56
0.87 0.02 0.43 0.81 0.03
0.09 0.34 0.05 0.96 0.97
0.55 0.01 0.57 0.68 0.83
0.42 0.52 0.02 0.60 0.67
0.04 0.11 0.96 0.80 0.61
0.61 0.59 0.04 0.93 0.04
1.00 0.22 0.08 0.38 0.16
0.56 0.78 0.02 0.05 0.89
0.13 0.74 0.03 0.95 0.57
0.17 0.07 0.92 0.10 0.71
0.83 0.02 0.65 0.10 0.56
0.18 0.75 0.93 0.62 0.07
0.12 0.75 0.83 0.71 0.11
0.17 0.85 0.02 0.73 0.68
0.61 0.01 0.46 0.25 0.29
0.10 0.02 0.41 0.78 0.67
0.90 0.74 0.02 0.67 0.59
0.85 0.04 0.07 0.42 0.94
0.01 0.55 0.50 0.57 0.97
0.92 0.03 0.92 0.26 0.20
0.12 0.20 0.53 0.77 0.55
0.82 0.12 0.02 0.64 0.88
0.20 0.20 0.41 0.37 0.28
0.53 0.07 0.92 0.73 0.06
0.83 0.26 0.51 0.81 0.03
0.30 0.42 0.54 0.04 0.92
0.02 0.85 0.96 0.14 0.33
0.02 0.57 0.50 0.61 0.96
0.48 0.61 0.02 0.01 0.77
0.03 0.52 0.56 0.03 0.63
0.96 0.56 0.09 0.12 0.69
0.44 0.76 0.84 0.98 0.01
0.21 0.59 0.54 0.54 0.04
0.65 0.85 0.14 0.76 0.13
0.42 0.31 0.28 0.03 0.05
0.02 0.52 0.91 0.68 0.08
0.03 0.84 0.86 0.73 0.14
0.09 0.91 0.71 0.54 0.06
0.02 0.84 0.22 0.96 0.80
0.85 0.11 0.30 0.58 0.12
0.58 0.27 0.54 0.02 0.84
0.90 0.37 0.21 0.24 0.57
0.67 0.92 0.03 0.61 0.39
1.00 0.99 0.01 0.53 0.15
0.20 0.34 0.01 0.57 0.15
0.67 0.26 0.85 0.61 0.03
0.02 0.73 0.11 0.82 0.78
0.44 0.01 0.71 0.66 1.00
0.43 0.07 0.09 0.01 0.47
0.08 0.92 0.80 0.68 0.14
0.63 0.06 0.07 0.20 0.42
0.34 0.35 0.71 0.66 0.04
0.64 0.24 0.08 0.65 0.02
0.72 0.52 0.91 0.47 0.03
0.01 0.68 0.63 0.56 0.80
0.12 0.07 0.04 0.64 0.77
0.05 0.01 0.84 0.81 0.93
0.13 0.84 0.47 0.15 0.14
0.06 0.56 0.40 0.22 0.76
0.24 0.51 0.70 0.02 0.99
0.01 0.70 0.74 0.83 0.45
0.69 0.05 0.83 0.84 0.04
0.69 0.32 0.13 0.57 0.05
0.94 0.01 0.45 0.52 0.89
0.45 0.71 0.53 0.54 0.01
0.02 0.83 0.61 0.70 0.17
0.02 0.63 0.39 0.62 0.63
0.87 0.52 0.41 0.60 0.01
0.04 0.91 0.58 0.29 0.17
0.17 0.60 0.05 0.91 0.45
0.89 0.60 0.92 0.14 0.03
0.18 0.51 0.10 0.80 0.76
0.44 0.19 0.13 0.54 0.29
0.78 0.52 0.15 0.32 0.11
0.89 0.03 0.28 0.77 0.53
0.71 0.12 0.67 0.84 0.02
0.80 0.64 0.06 0.61 0.14
0.64 0.51 0.01 0.13 0.58
0.05 0.89 0.03 0.91 0.69
0.38 0.02 0.04 0.83 0.26
0.34 0.02 0.98 0.86 0.45
0.65 0.63 0.04 0.58 0.07
0.02 0.61 0.53 0.51 0.81
0.05 0.21 0.79 0.48 0.53
0.09 0.78 0.11 0.78 0.52
0.11 0.83 0.63 0.95 0.15
0.13 0.01 0.21 0.44 0.46
0.29 1.00 0.66 0.21 0.10
0.06 0.20 0.01 0.62 0.80
0.04 0.57 0.01 0.92 0.96
0.98 0.51 0.16 0.06 0.08
0.05 0.79 0.96 0.04 0.60
0.03 0.75 0.52 0.76 0.18
0.46 0.06 0.64 0.96 0.02
0.42 0.30 0.01 0.73 0.46
0.61 0.71 0.10 0.85 0.10
0.57 0.90 0.17 0.16 0.02
0.51 0.01 0.83 0.15 0.30
0.22 0.56 0.78 0.45 0.05
0.41 0.25 0.96 0.07 0.70
0.07 0.85 0.74 0.66 0.07
0.01 0.83 0.51 0.66 0.70
0.17 0.45 0.10 0.67 0.76
0.01 0.69 0.61 0.55 0.75
0.33 0.40 0.54 0.93 0.02
0.12 0.06 0.11 0.56 0.97
0.19 0.12 0.67 0.09 0.14
0.13 0.01 0.05 0.51 0.65
0.18 0.91 0.83 0.48 0.01
0.55 0.77 0.19 0.21 0.05
0.69 0.06 0.47 0.14 0.29
0.05 0.68 0.06 0.80 0.61
0.27 0.41 0.01 0.51 0.03
0.01 0.60 0.81 0.99 0.76
0.66 0.53 0.57 0.01 0.05
0.15 0.98 0.02 0.91 0.34
0.63 0.21 0.49 0.01 0.44
0.05 0.34 0.53 0.09 1.00
0.49 0.01 0.97 0.21 0.75
0.13 0.32 0.98 0.05 0.80
0.20 0.64 0.28 0.79 0.06
0.03 0.05 0.77 1.00 0.75
0.13 0.87 0.73 0.24 0.13
0.16 0.85 0.32 0.81 0.14
0.57 0.74 0.01 0.37 0.39
0.26 0.58 0.11 0.26 0.58
0.03 0.33 0.93 0.13 0.90
