400 4
0.91 0.55 0.06 0.58
0.91 0.78 0.79 0.53
0.17 0.99 0.71 0.99
0.82 0.64 0.66 0.78
0.68 0.70 0.54 0.97
0.85 0.53 0.80 0.80
0.99 0.92 0.59 0.52
0.68 1.00 0.58 0.52
0.81 0.85 0.81 0.84
0.80 0.79 0.52 0.65
0.72 0.81 0.99 0.75
0.77 0.54 0.88 0.69
0.55 0.71 0.94 0.82
0.67 0.74 0.73 0.21
0.73 0.75 0.69 0.49
0.98 0.89 0.58 0.56
0.58 0.63 0.94 0.65
0.58 0.82 0.91 0.93
0.81 0.71 0.67 0.96
0.77 0.64 0.53 0.85
0.52 0.85 0.51 0.56
0.72 0.69 0.82 0.93
0.91 0.53 0.87 0.61
0.55 0.65 0.67 0.65
0.58 0.63 0.84 0.70
0.77 0.73 0.41 0.99
0.60 0.80 0.93 0.55
0.81 0.53 0.67 0.93
0.58 0.63 0.72 0.70
0.52 0.79 0.77 0.62
0.62 0.45 0.62 0.96
0.61 0.68 0.55 0.82
0.71 0.73 0.60 0.54
0.81 0.81 0.51 0.72
0.51 0.58 0.68 1.00
0.51 0.64 0.52 0.98
0.75 0.92 0.53 0.54
0.93 0.52 0.57 0.82
0.51 0.58 0.69 0.78
0.63 0.83 0.96 0.51
0.53 0.53 0.93 0.66
0.76 0.64 0.57 0.60
0.53 0.52 0.54 0.81
0.57 0.62 0.94 0.65
0.73 0.70 0.86 0.58
0.58 0.72 0.33 0.97
0.75 0.71 0.95 0.57
0.54 0.71 0.80 0.62
0.62 0.90 0.86 0.06
0.87 0.67 0.80 0.55
0.97 0.66 1.00 0.55
0.66 0.71 0.99 0.51
0.78 0.67 0.74 0.58
0.52 0.72 0.93 0.55
0.67 0.69 0.63 0.70
0.60 0.58 0.96 0.65
0.84 0.62 0.61 0.63
0.63 0.68 0.62 0.51
0.56 0.54 0.93 0.58
1.00 0.53 0.52 0.66
0.89 0.52 0.94 0.78
0.54 0.53 0.92 0.77
0.87 0.63 0.52 0.92
0.83 0.58 0.51 0.88
0.59 0.58 0.58 0.59
0.51 0.99 0.44 0.93
0.70 0.76 0.71 0.04
0.53 0.72 0.51 0.62
0.98 0.39 0.72 0.83
0.52 0.68 0.61 0.53
0.73 0.82 0.61 0.51
0.77 0.62 0.63 0.55
0.51 0.80 0.55 0.93
0.60 0.56 0.91 0.52
0.64 0.52 0.71 0.51
0.56 0.76 0.63 0.51
0.64 0.51 0.87 0.64
0.58 0.54 0.99 0.55
0.65 0.52 0.64 0.66
0.66 0.62 0.69 0.58
0.85 0.63 0.51 0.74
0.88 0.78 0.53 0.51
0.63 0.67 0.83 0.52
0.34 0.64 0.66 0.65
0.90 0.58 0.52 0.77
1.00 0.51 0.68 0.56
0.52 0.78 0.52 0.55
0.64 0.57 0.51 0.65
0.62 0.51 0.97 0.68
0.52 0.89 0.85 0.51
0.67 0.51 0.57 0.62
0.75 0.13 0.55 0.94
0.52 0.61 0.68 0.81
0.57 0.63 0.72 0.53
0.52 0.79 0.61 0.52
0.62 0.95 0.58 0.53
0.76 0.59 0.62 0.19
0.51 0.79 0.57 0.56
0.82 0.51 0.95 0.61
0.52 0.18 0.60 0.88
0.75 0.41 0.80 0.68
0.52 0.59 0.94 0.76
0.65 0.54 0.57 0.73
0.56 0.59 0.81 0.61
0.56 0.69 0.54 0.56
0.54 0.62 0.68 0.65
0.62 0.61 0.52 0.77
0.66 0.27 0.88 0.77
0.51 0.53 0.60 0.85
0.72 0.79 0.53 0.53
0.08 0.56 0.53 0.72
0.77 0.71 0.52 0.55
0.67 0.78 0.68 0.12
0.85 0.53 0.53 0.99
0.64 0.52 0.62 0.51
0.53 0.63 0.89 0.71
0.65 0.93 0.54 0.54
0.45 0.90 0.80 0.56
0.81 0.01 0.55 0.74
0.93 0.51 0.27 0.75
0.76 0.76 0.56 0.51
0.53 0.58 0.66 0.65
0.56 0.65 0.73 0.64
0.46 0.53 0.69 0.80
0.51 0.84 0.65 0.51
0.98 0.73 0.53 0.53
0.57 0.51 0.85 0.53
0.51 0.51 0.95 0.99
0.54 0.64 0.97 0.61
0.52 0.98 0.45 0.57
0.59 0.52 0.61 0.76
0.59 0.67 0.52 0.52
0.61 0.51 0.53 0.87
0.06 0.53 0.80 0.55
0.57 0.51 0.51 0.60
0.97 0.67 0.56 0.51
0.54 0.72 0.53 0.59
0.71 0.54 0.57 0.57
0.72 0.62 0.28 0.63
0.52 0.53 0.68 0.65
0.12 0.52 0.82 0.59
0.71 0.57 0.79 0.26
0.54 0.53 0.54 0.57
0.57 0.98 0.03 0.94
0.65 0.06 0.70 0.93
0.63 0.27 0.57 0.67
0.53 0.78 0.57 0.54
0.73 0.76 0.51 0.52
0.56 0.59 0.51 0.63
0.51 0.78 0.73 0.58
0.73 0.51 0.69 0.55
0.80 0.02 0.99 0.66
0.60 0.52 0.67 0.55
0.61 0.90 0.10 0.77
0.56 0.67 0.58 0.56
0.55 0.52 0.72 0.64
0.54 0.53 0.97 0.51
0.92 0.56 0.58 0.53
0.54 0.61 0.85 0.54
0.55 0.67 0.76 0.55
0.69 0.57 0.52 0.56
0.58 0.52 0.75 0.53
0.53 0.52 0.62 0.80
0.95 0.59 0.94 0.09
0.17 0.79 0.93 0.52
0.78 0.64 0.61 0.54
0.90 0.70 0.51 0.55
0.53 0.62 0.74 0.62
0.79 0.69 0.57 0.51
0.75 0.78 0.60 0.32
0.74 0.20 0.66 0.74
0.55 0.74 0.71 0.52
0.51 0.53 0.69 0.15
0.58 0.55 0.55 0.56
0.59 0.74 0.62 0.28
0.94 0.57 0.56 0.54
0.53 0.62 0.57 0.47
0.63 0.91 0.53 0.51
0.08 0.58 0.94 0.52
1.00 0.09 0.82 0.63
0.83 0.88 0.02 0.85
0.73 0.65 0.52 0.53
0.64 0.69 0.33 0.89
0.51 0.76 0.67 0.53
0.30 0.89 0.64 0.71
0.75 0.51 0.60 0.56
0.91 0.58 0.54 0.54
0.77 0.28 0.55 0.66
0.55 0.91 0.56 0.52
0.56 0.52 0.81 0.59
0.52 0.57 0.57 0.70
0.03 0.77 0.53 0.99
0.58 0.96 0.14 0.98
0.82 0.66 0.51 0.56
0.55 0.29 0.69 0.61
0.79 0.79 0.46 0.53
0.59 0.71 0.48 0.93
0.75 0.58 0.52 0.53
0.58 0.59 0.64 0.51
0.70 0.62 0.42 0.89
0.63 0.57 0.58 0.55
0.53 0.54 0.63 0.51
0.55 0.68 0.56 0.55
0.55 0.61 0.16 0.91
0.43 0.80 0.52 0.92
0.74 0.65 0.54 0.52
0.79 0.35 0.52 0.73
0.95 0.51 0.93 0.52
0.79 0.81 0.53 0.51
0.68 0.82 0.51 0.54
0.79 0.62 0.51 0.56
0.80 0.66 0.52 0.51
0.62 0.82 0.51 0.51
0.16 0.98 0.63 0.55
0.77 0.65 0.61 0.40
0.51 0.56 0.66 0.52
0.94 0.54 0.61 0.53
0.54 0.58 0.20 0.94
0.53 0.52 0.62 0.76
0.76 0.51 0.52 0.57
0.03 0.62 0.75 0.79
0.73 0.57 0.59 0.52
0.90 0.74 0.11 0.70
0.66 0.80 0.29 0.66
0.55 0.70 0.52 0.87
0.51 0.73 0.57 0.65
0.58 0.52 0.72 0.56
0.60 0.51 0.81 0.51
0.99 0.75 0.51 0.54
0.79 0.69 0.51 0.53
0.59 0.51 0.78 0.55
0.89 0.78 0.55 0.49
0.53 0.71 0.61 0.01
0.76 0.74 0.51 0.53
0.64 0.65 0.53 0.04
0.08 0.63 0.89 0.51
0.53 0.52 0.71 0.62
0.65 0.75 0.48 0.75
0.88 0.25 0.66 0.71
0.57 0.65 0.63 0.31
1.00 0.14 0.65 0.53
0.63 0.57 0.23 0.69
0.54 0.61 0.51 0.91
0.66 0.30 0.56 0.84
0.63 0.52 0.63 0.57
0.86 0.52 0.58 0.54
0.88 0.57 0.52 0.52
0.61 0.89 0.56 0.04
0.74 0.72 0.51 0.59
0.62 0.47 0.64 0.58
0.52 0.52 0.55 0.59
0.61 0.52 0.68 0.54
0.64 0.11 0.65 0.54
0.95 0.69 0.30 0.51
0.66 0.73 0.51 0.59
0.04 0.68 0.64 0.82
0.53 0.82 0.56 0.51
0.52 0.83 0.45 0.98
0.82 0.51 0.65 0.53
0.61 0.58 0.53 0.56
0.06 0.97 0.63 0.56
0.51 0.73 0.54 0.65
0.58 0.61 0.53 0.51
0.30 0.73 0.43 0.96
0.93 0.52 0.21 0.87
0.51 0.99 0.67 0.48
0.29 0.87 0.61 0.57
0.61 0.89 0.51 0.55
0.67 0.52 0.55 0.52
1.00 0.85 0.04 0.39
0.61 0.84 0.14 0.74
0.73 0.51 0.25 0.93
0.56 0.57 0.52 0.94
0.93 0.69 0.17 0.56
0.67 0.57 0.53 0.58
0.51 0.85 0.53 0.55
0.59 0.52 0.54 0.51
0.67 0.60 0.75 0.09
0.66 0.77 0.51 0.52
0.60 0.59 0.53 0.59
0.51 0.65 0.63 0.24
0.51 0.63 0.54 0.60
0.91 0.33 0.74 0.52
0.56 0.02 1.00 0.91
0.67 0.52 0.28 0.65
0.75 0.65 0.14 0.58
1.00 0.51 0.61 0.53
0.51 0.55 0.64 0.64
0.81 0.65 0.09 0.55
0.51 0.97 0.51 0.94
0.80 0.01 0.78 0.83
0.65 0.53 0.35 0.52
0.56 0.58 0.52 0.84
0.53 0.52 0.72 0.20
0.81 0.59 0.53 0.03
0.76 0.03 0.64 0.71
0.58 0.08 0.81 1.00
0.36 0.57 0.60 0.68
0.53 0.51 0.96 0.82
0.04 0.59 0.79 0.67
0.03 0.58 0.97 0.81
0.88 0.98 0.07 0.53
0.82 0.42 0.98 0.53
0.64 0.08 0.90 0.61
0.51 0.70 0.61 0.51
0.03 0.55 0.83 0.90
0.66 0.89 0.03 0.67
0.73 0.06 0.67 0.57
0.78 0.64 0.21 0.87
0.32 0.68 0.52 0.81
0.52 0.52 0.57 0.54
0.66 0.02 0.88 0.72
0.51 0.51 0.74 0.85
0.99 0.61 0.89 0.02
0.53 0.58 0.52 0.88
0.58 0.72 0.52 0.54
0.06 0.73 0.53 0.58
0.08 0.59 0.70 0.55
0.61 0.98 0.02 0.57
0.51 0.95 0.54 0.53
0.58 0.11 0.95 0.74
0.56 0.69 0.01 0.81
0.52 0.66 0.53 0.71
0.54 0.51 0.89 0.69
0.71 0.96 0.05 0.66
0.57 0.59 0.54 0.51
0.79 0.71 0.11 0.63
0.73 0.59 0.68 0.01
0.55 0.80 0.53 0.52
0.53 0.55 0.53 0.97
0.21 0.69 0.52 0.71
0.42 0.07 0.56 0.98
0.55 0.92 0.40 0.83
0.93 0.15 0.10 0.51
0.51 0.60 0.52 0.80
0.51 0.57 0.58 0.61
0.51 0.97 0.53 0.53
0.54 0.67 0.51 0.69
0.56 0.51 0.52 0.77
0.53 0.61 0.55 0.58
0.56 0.62 0.54 0.55
0.51 0.53 0.59 0.59
0.56 0.51 0.63 0.56
0.73 0.36 0.52 0.58
0.51 0.92 0.52 0.57
0.52 0.53 0.57 0.46
0.56 0.68 0.56 0.54
0.75 0.51 0.57 0.55
0.18 0.51 0.97 0.62
0.79 0.51 0.55 0.01
0.55 0.63 0.55 0.52
0.54 0.17 0.56 0.92
0.51 0.67 0.51 0.98
0.65 0.43 0.53 0.90
0.52 0.51 0.65 0.62
0.03 0.79 0.71 0.70
0.52 0.70 0.51 0.60
0.59 0.55 0.32 0.74
0.54 0.57 0.49 0.61
0.65 0.16 0.57 0.66
0.63 0.01 0.91 0.89
0.52 0.66 0.51 0.66
0.68 0.72 0.52 0.29
0.56 0.06 0.69 0.65
0.59 0.56 0.07 0.53
0.78 0.05 0.66 0.69
0.86 0.70 0.50 0.34
0.06 0.70 0.74 0.58
0.51 0.51 0.73 0.93
0.55 0.51 0.52 0.95
0.58 0.60 0.12 0.54
0.65 0.52 0.69 0.09
0.61 0.87 0.52 0.51
0.51 0.52 0.75 0.70
0.89 0.71 0.05 0.64
0.01 0.54 0.65 0.51
0.51 0.87 0.51 0.66
0.52 0.61 0.52 0.66
0.51 0.54 0.52 0.98
0.51 0.52 0.58 0.83
0.02 0.65 0.52 0.99
0.98 0.57 0.01 0.95
0.71 0.57 0.79 0.04
0.51 0.54 0.51 0.88
0.52 0.51 0.71 0.57
0.83 0.65 0.52 0.51
0.18 0.65 0.55 0.60
0.76 0.76 0.51 0.51
0.78 0.32 0.61 0.51
0.51 0.60 0.15 0.81
0.51 0.93 0.60 0.54
0.55 0.57 0.05 0.72
0.92 0.02 0.55 0.66
0.61 0.40 0.61 0.78
0.56 0.67 0.52 0.38
0.62 0.55 0.51 0.52
0.55 0.55 0.53 0.78
0.08 0.52 0.81 0.52
0.58 0.42 0.56 0.91
0.53 0.61 0.53 0.64
