400 4
400 4
76 100 43 50
57 57 95 62
60 93 53 66
66 87 80 83
55 55 92 84
57 53 62 81
76 68 57 73
92 51 56 84
70 57 88 75
53 63 83 93
84 67 76 69
98 71 86 52
56 70 71 51
92 52 56 69
51 77 95 87
58 60 96 53
54 67 53 77
62 72 61 70
56 90 51 58
67 61 85 59
72 65 64 68
98 66 57 68
83 58 52 71
55 51 78 94
61 71 43 62
85 59 84 63
57 75 66 61
62 68 61 75
90 84 67 53
72 79 56 52
97 60 51 51
58 61 83 58
69 57 65 74
62 66 80 74
62 64 79 65
70 58 57 53
55 66 72 85
63 66 55 90
88 56 77 58
43 66 68 66
66 68 81 57
96 55 85 52
56 62 90 93
93 59 51 89
71 51 81 63
58 81 52 59
62 77 53 51
28 84 69 83
56 61 79 86
62 51 64 90
53 92 66 60
55 55 64 91
79 52 79 67
68 60 73 52
85 53 78 68
52 65 96 98
85 52 61 100
55 1 97 57
53 100 53 71
92 55 53 84
54 52 71 87
55 70 65 58
56 68 72 62
58 51 70 84
63 51 67 70
51 59 61 88
61 53 93 77
64 59 73 7
52 55 64 77
94 54 72 62
54 78 97 65
70 57 100 54
75 56 75 68
56 51 75 88
52 71 75 58
66 52 96 54
70 52 89 65
58 59 52 87
56 59 66 52
58 63 53 74
66 52 82 67
86 56 91 52
79 57 61 97
53 56 64 73
75 52 73 55
34 72 68 72
56 80 54 76
52 57 92 51
76 51 61 57
69 58 51 66
80 71 13 70
83 73 55 59
51 85 69 65
63 63 60 65
59 54 55 97
71 61 56 53
55 94 33 59
52 91 51 68
56 81 52 70
26 78 51 94
60 58 52 60
51 58 83 96
64 100 18 92
55 72 53 62
69 76 62 53
51 54 60 85
72 56 68 51
73 62 58 51
53 71 56 98
53 85 52 61
69 10 66 86
55 77 55 59
60 58 75 57
61 51 55 95
66 52 88 64
63 72 50 61
51 53 94 56
57 69 70 51
31 79 74 78
55 73 63 53
53 54 76 70
54 55 5 63
60 63 56 58
53 82 52 89
67 54 82 65
54 71 79 55
60 58 87 22
87 52 58 62
51 55 63 82
52 89 67 61
68 66 53 52
52 85 61 68
98 84 61 9
52 82 58 77
65 52 69 56
51 73 60 74
84 49 93 58
51 83 61 52
75 51 26 66
62 52 54 77
60 93 52 55
9 99 76 71
71 30 69 61
53 53 52 98
67 63 58 51
65 51 65 58
51 71 52 67
68 58 77 53
68 53 64 70
98 11 79 73
57 53 76 71
96 20 51 78
55 74 51 54
54 76 67 61
93 6 61 98
65 59 61 57
99 52 60 55
61 52 65 77
52 77 62 55
80 55 64 53
91 51 81 54
34 70 77 90
55 78 91 28
53 51 71 72
11 86 95 90
18 92 77 89
99 54 84 52
68 62 62 48
48 64 76 64
55 91 54 53
97 54 57 63
59 71 82 16
54 52 36 100
4 84 71 83
64 55 80 52
59 66 60 60
63 56 60 51
53 73 65 65
57 90 63 17
54 54 69 51
71 14 59 70
51 60 76 68
73 56 54 56
61 91 53 52
52 67 79 61
56 64 54 53
62 57 60 51
27 88 72 70
66 60 55 55
62 99 97 11
90 54 57 56
78 76 9 52
53 19 99 81
87 28 53 64
74 53 53 78
78 53 58 63
94 52 77 53
53 71 31 53
24 95 69 81
61 31 88 64
57 66 63 52
95 51 59 54
51 74 57 51
54 27 58 66
34 73 95 52
85 56 59 53
61 15 66 58
59 51 55 52
7 95 58 64
52 69 80 55
58 89 55 51
52 62 57 62
53 63 53 59
89 41 66 51
1 80 68 65
74 52 81 29
62 70 2 72
87 70 23 51
41 56 81 53
14 66 68 80
84 55 87 8
55 60 59 53
80 33 54 91
52 51 93 60
8 73 57 58
53 51 63 75
81 57 53 61
52 30 76 70
52 64 54 60
59 88 61 30
66 66 2 83
100 10 55 52
63 74 58 0
92 57 22 58
52 76 52 59
51 90 54 57
66 51 21 81
93 55 52 60
58 51 73 52
97 52 52 52
70 65 52 53
91 98 52 23
64 52 53 94
68 61 53 51
71 51 51 70
69 53 51 60
52 97 16 90
53 58 59 66
56 67 99 20
13 59 92 82
59 51 53 33
91 5 53 60
52 59 55 96
82 61 7 51
95 60 51 53
96 58 51 52
78 63 1 83
51 61 93 52
53 54 97 54
65 58 52 53
53 80 96 6
52 56 72 33
51 52 57 91
52 53 59 80
52 51 52 74
52 55 92 53
51 55 87 61
53 81 27 76
52 56 69 67
41 70 68 68
39 79 64 52
37 56 80 53
64 13 66 89
9 93 94 52
59 6 75 79
95 78 53 30
57 62 58 53
53 54 81 66
42 92 85 20
38 64 55 91
74 10 67 78
14 66 56 66
55 52 96 53
52 58 65 52
98 59 61 31
51 60 63 70
62 59 51 54
53 55 72 60
51 7 53 78
53 53 80 53
53 54 77 58
80 57 81 24
51 55 52 84
23 59 88 51
53 67 15 95
51 69 41 75
20 90 55 95
72 47 84 57
74 59 1 61
51 51 90 60
56 52 58 64
60 56 87 25
52 70 52 70
68 100 45 52
51 67 56 52
16 78 68 51
49 57 75 89
87 8 58 51
85 53 67 14
56 52 52 54
51 58 79 52
51 52 100 54
52 7 74 55
18 100 54 60
36 53 79 56
26 52 87 97
56 51 71 57
51 99 54 52
56 83 63 42
53 80 10 92
51 65 69 64
53 61 54 63
99 0 84 69
51 61 61 57
65 56 75 10
60 25 66 63
53 53 67 51
53 71 52 49
75 98 0 53
57 94 62 47
20 63 63 63
58 54 51 92
68 17 90 53
62 56 51 53
69 65 50 62
51 54 62 77
15 63 100 67
33 73 54 91
5 94 100 5
53 64 51 91
96 62 52 18
28 59 58 84
51 90 51 61
52 59 56 58
51 51 65 54
58 75 86 24
78 64 41 54
81 66 16 56
56 13 61 69
64 66 67 23
61 51 51 81
63 3 77 89
53 52 51 92
65 85 51 51
52 61 21 82
63 12 54 56
89 92 0 82
53 65 52 61
69 4 92 60
52 60 56 57
57 81 65 10
72 72 51 52
0 54 56 79
55 3 86 90
75 62 72 13
51 85 51 53
64 88 41 51
51 77 53 62
8 76 60 56
52 51 62 56
93 82 56 3
54 65 61 55
51 55 57 0
45 34 93 3
31 52 99 93
77 70 50 53
67 72 4 66
93 60 8 54
51 61 9 65
6 66 68 57
70 4 87 75
63 96 54 13
69 52 33 77
62 0 87 54
96 0 92 53
67 79 1 90
17 27 97 89
54 52 54 68
65 51 11 58
51 87 52 51
80 66 52 28
90 1 92 52
24 81 49 87
59 32 100 53
45 61 51 90
51 64 55 56
51 53 60 65
63 5 51 89
64 8 73 74
9 86 52 60
