400 4
0.72 0.80 0.19 0.63
0.56 0.79 0.59 0.75
0.54 0.91 0.57 0.98
0.70 0.91 0.70 0.56
0.60 0.88 0.59 0.71
0.80 0.56 0.57 0.96
0.84 0.78 0.72 0.84
0.61 0.83 0.58 0.77
0.67 0.90 0.55 0.61
0.96 0.68 0.96 0.92
0.81 0.59 0.76 0.90
0.69 0.89 0.94 0.54
0.66 0.68 0.80 0.54
0.85 0.57 0.76 0.90
0.78 0.58 0.84 0.90
0.57 0.95 0.65 0.72
0.86 0.55 0.98 0.90
0.33 0.64 0.62 0.96
0.94 0.56 0.70 0.81
0.97 0.58 0.15 0.94
0.68 0.91 0.65 0.48
0.57 0.83 0.75 0.67
1.00 0.68 0.72 0.56
0.75 0.56 0.75 0.72
0.70 0.81 0.56 0.58
0.52 0.90 0.91 0.81
0.63 0.54 0.67 0.57
0.70 1.00 0.51 0.92
0.86 0.35 0.97 0.55
0.55 0.88 0.59 1.00
0.93 0.72 0.65 0.87
0.97 0.88 0.57 0.54
0.52 0.86 0.65 0.84
0.53 0.77 0.82 0.93
0.93 0.72 0.62 0.64
0.97 0.63 0.85 0.17
0.56 1.00 0.51 0.54
0.60 0.81 0.51 0.57
0.99 0.59 0.06 0.55
0.59 0.90 0.64 0.51
0.58 0.88 0.93 0.52
0.78 0.53 0.71 0.74
0.74 0.58 0.55 0.90
0.60 0.73 0.66 0.71
0.65 0.53 0.46 0.85
0.94 0.67 0.64 0.67
0.92 0.82 0.79 0.52
0.83 0.71 0.26 0.56
0.54 0.77 0.52 0.84
0.58 0.83 0.57 0.79
0.52 0.64 0.96 0.63
0.89 0.51 0.72 0.75
0.54 0.70 0.59 0.71
0.52 0.65 0.94 0.91
0.59 0.57 0.70 0.89
0.52 0.64 0.95 0.92
0.82 0.55 0.89 0.56
0.58 0.67 0.84 0.65
0.95 0.53 0.59 0.77
0.80 0.51 0.92 0.83
0.67 0.52 0.89 0.86
0.68 0.52 0.78 0.79
0.62 0.65 0.83 0.73
0.75 0.51 0.87 0.61
0.75 0.59 0.74 0.55
0.60 0.53 0.61 0.94
0.59 0.74 0.71 0.55
0.53 0.58 0.80 0.86
0.56 0.78 0.78 0.70
0.62 0.57 0.93 0.87
0.58 0.56 0.62 0.66
0.56 0.61 0.99 0.78
0.58 0.74 0.53 0.76
0.16 0.61 0.98 0.54
0.71 0.55 0.65 0.59
0.86 0.65 0.58 0.70
0.92 0.63 0.54 0.84
0.85 0.96 0.55 0.52
0.83 0.59 0.76 0.54
0.82 0.53 0.88 0.58
0.94 0.12 1.00 0.63
0.96 0.68 0.86 0.51
0.89 0.79 0.84 0.53
0.92 0.51 0.63 0.91
0.81 0.52 0.80 0.57
0.02 0.83 0.94 0.63
0.57 0.76 0.88 0.61
0.63 0.93 0.61 0.53
0.61 0.53 0.91 0.93
0.64 0.51 0.70 0.87
0.54 0.95 0.84 0.58
0.60 0.53 0.70 0.65
0.93 0.64 0.68 0.51
0.63 0.53 0.56 0.84
0.87 0.70 0.58 0.69
0.58 0.55 0.87 0.58
0.52 0.70 0.57 0.53
0.83 0.51 0.70 0.83
0.51 0.68 0.70 0.86
0.67 0.51 0.91 0.76
0.86 0.65 0.57 0.79
0.78 0.55 0.81 0.51
0.92 0.67 0.55 0.83
0.78 0.53 0.73 0.51
0.54 0.74 0.84 0.52
0.80 0.57 0.52 0.68
0.87 0.55 0.63 0.82
0.67 0.58 0.54 0.67
0.91 0.97 0.63 0.21
0.55 0.58 0.84 0.52
0.52 0.51 0.97 0.59
0.81 0.51 0.98 0.53
0.55 0.57 0.55 0.84
0.28 0.84 0.59 0.97
0.74 0.51 0.95 0.68
0.32 1.00 0.53 0.70
0.77 0.11 0.74 0.52
0.54 0.69 0.53 0.81
0.97 0.61 0.51 0.77
0.51 0.70 0.61 0.52
0.59 0.63 0.63 0.51
0.62 0.59 0.68 0.65
0.69 0.89 0.51 0.53
0.55 0.52 0.69 0.80
0.58 0.05 0.68 0.78
0.52 0.90 0.90 0.48
0.67 0.51 0.61 0.64
0.55 0.79 0.53 0.77
0.55 0.64 0.79 0.54
0.74 0.82 0.69 0.39
0.77 0.65 0.54 0.64
0.88 0.58 0.58 0.65
0.54 0.72 0.54 0.63
0.56 0.95 0.51 0.62
0.79 0.55 0.64 0.60
0.51 0.57 0.77 0.81
0.52 0.77 0.59 0.52
0.85 0.55 0.59 0.52
0.76 0.71 0.52 0.62
0.80 0.52 0.30 0.74
0.54 0.69 0.52 0.49
0.56 0.60 0.17 0.83
0.62 0.58 0.52 0.74
0.66 0.57 0.62 0.65
0.59 0.54 0.92 0.59
0.94 0.88 0.51 0.54
0.52 0.60 0.96 0.70
0.81 0.55 0.57 0.63
0.23 0.55 0.64 0.69
0.87 0.66 0.56 0.54
0.52 0.51 0.65 0.99
0.69 0.54 0.59 0.54
0.51 0.65 0.59 0.85
0.51 0.55 0.75 0.62
0.93 0.54 0.53 0.60
0.48 0.96 0.66 0.64
0.72 0.11 0.53 0.74
0.54 0.68 0.60 0.82
0.55 0.56 0.58 0.61
0.82 0.53 0.56 0.55
0.53 0.58 0.58 0.92
0.51 0.54 0.92 0.57
0.67 0.65 0.52 0.72
0.64 0.55 0.86 0.55
0.84 0.51 0.62 0.30
0.87 0.54 0.52 0.71
0.61 0.55 0.89 0.54
0.83 0.04 0.63 0.51
0.57 0.60 0.59 0.58
0.56 0.63 0.54 0.66
0.53 0.27 0.99 0.61
0.75 0.53 0.85 0.57
0.58 0.68 0.52 0.80
0.64 0.58 0.57 0.62
0.52 0.52 0.55 0.59
0.51 0.52 0.56 0.99
0.53 0.51 0.67 0.93
0.54 0.84 0.51 0.81
0.58 0.68 0.53 0.54
0.84 0.65 0.55 0.23
0.58 0.57 0.52 0.99
0.66 0.77 0.26 0.51
0.22 1.00 0.65 0.99
0.17 0.62 0.61 0.53
0.76 1.00 0.06 0.61
0.91 0.51 0.59 0.73
0.71 0.63 0.53 0.52
0.58 0.61 0.77 0.57
0.60 0.82 0.96 0.39
0.93 0.51 0.60 0.52
0.60 0.70 0.93 0.31
0.86 0.89 0.17 0.76
0.94 0.52 0.10 0.56
0.61 0.54 0.57 0.56
0.62 0.83 0.72 0.12
0.51 0.67 0.21 0.78
0.76 0.27 0.52 0.72
0.55 0.58 0.51 0.53
0.10 0.96 0.64 0.48
0.20 0.93 0.60 0.66
0.44 0.65 0.58 0.86
0.51 0.97 0.58 0.77
0.98 0.60 0.68 0.21
0.64 0.51 0.65 0.79
0.53 0.71 0.48 0.54
0.78 0.51 0.23 0.90
0.56 0.57 0.51 0.75
0.69 0.51 0.55 0.97
0.51 0.74 0.59 0.59
0.78 0.79 0.98 0.02
0.67 0.04 0.68 0.70
0.51 0.75 0.98 0.51
0.57 0.25 0.92 0.76
0.64 0.68 0.53 0.51
0.95 0.32 0.55 0.62
0.60 0.55 0.51 0.78
0.34 0.02 0.71 0.53
0.78 0.07 0.39 0.86
0.63 0.56 0.54 0.70
0.42 0.63 0.52 0.58
0.60 0.51 0.54 0.85
0.63 0.65 0.56 0.51
0.59 0.66 0.87 0.15
0.67 0.57 0.52 0.52
0.98 0.64 0.06 0.56
0.36 0.68 0.52 0.69
0.93 0.77 0.69 0.09
0.70 0.52 0.52 0.57
0.55 0.96 0.54 0.35
0.68 0.53 0.57 0.52
0.68 0.54 0.52 0.63
0.95 0.51 0.53 0.57
0.56 0.54 0.55 0.52
0.67 0.99 0.72 0.07
0.53 0.87 0.75 0.51
0.13 0.63 0.80 0.89
0.70 0.01 0.92 0.99
0.12 0.93 0.91 0.89
0.53 0.94 0.51 0.52
0.72 0.52 0.85 0.51
0.32 0.74 0.92 0.51
0.73 0.52 0.54 0.55
0.87 0.67 0.23 0.70
0.77 0.60 0.51 0.52
0.52 0.51 0.51 0.92
0.70 0.13 0.64 0.71
0.56 0.63 0.60 0.51
0.69 0.11 0.66 0.89
0.72 0.68 0.03 0.97
0.08 0.54 0.58 0.63
0.58 0.52 0.52 0.56
0.57 0.64 0.53 0.52
0.90 0.55 0.53 0.55
0.56 0.52 0.61 0.53
0.52 0.84 0.51 0.72
0.53 0.51 0.55 0.74
0.07 0.85 0.90 0.57
0.77 0.62 0.86 0.19
0.70 0.63 0.33 0.62
0.60 0.51 0.61 0.53
0.72 0.54 0.80 0.51
0.75 0.57 0.79 0.51
0.82 0.06 0.66 0.56
0.01 0.91 0.52 0.68
0.51 0.71 0.83 0.06
0.65 0.95 0.33 0.53
0.79 0.54 0.54 0.53
0.05 0.84 0.92 0.78
0.71 0.55 0.30 0.51
0.69 0.51 0.69 0.18
0.64 0.62 0.61 0.40
0.54 0.53 0.52 0.66
0.89 0.66 0.15 0.71
0.75 0.51 0.52 0.72
0.63 0.54 0.89 0.43
0.77 0.51 0.60 0.56
0.02 0.65 0.60 0.74
0.41 0.19 0.98 0.46
0.51 0.60 0.85 0.35
0.64 0.24 0.59 0.57
0.51 0.85 0.16 0.69
0.54 0.54 0.52 0.60
0.69 0.74 0.58 0.38
0.53 0.55 0.82 0.52
0.63 0.60 0.53 0.30
0.61 0.84 0.79 0.14
0.86 0.59 0.56 0.06
0.87 0.66 0.02 0.71
0.75 0.27 0.55 0.58
0.64 0.51 0.61 0.52
0.68 0.51 0.21 0.70
0.51 0.56 0.51 0.90
0.87 0.24 0.51 0.80
0.57 0.65 0.26 0.66
0.80 0.53 0.52 0.52
0.74 0.98 0.63 0.25
0.71 0.78 0.03 0.59
0.76 0.55 0.60 0.49
0.55 0.53 0.54 0.54
0.53 0.82 0.52 0.47
0.50 0.78 0.79 0.51
0.28 0.52 0.97 0.60
0.66 0.51 0.02 0.63
0.54 0.52 0.51 0.84
0.95 0.12 0.61 0.71
0.56 0.56 0.51 0.83
0.22 0.51 0.74 0.57
0.60 0.62 0.62 0.45
0.54 0.54 0.55 0.54
0.54 0.59 0.51 0.74
0.15 0.61 0.81 0.51
0.60 0.60 0.69 0.51
0.55 0.51 0.69 0.57
0.64 0.59 0.71 0.51
0.61 0.05 0.69 0.65
0.52 0.94 0.54 0.51
0.81 0.79 0.53 0.03
0.51 0.55 0.56 0.77
0.65 1.00 0.12 0.74
0.29 0.52 0.52 0.58
0.06 0.86 0.89 0.72
0.51 0.55 0.93 0.52
0.66 0.62 0.09 0.61
0.06 0.64 0.93 0.52
0.56 0.52 0.55 0.53
0.64 0.55 0.51 0.65
0.61 0.16 0.64 0.80
0.07 0.79 0.59 0.64
0.56 0.74 0.22 0.68
0.53 0.52 0.63 0.51
0.38 0.48 0.69 0.59
0.90 0.92 0.01 0.71
0.57 0.30 0.77 0.51
0.60 0.54 0.22 0.63
0.96 0.51 0.55 0.54
0.94 0.09 0.55 0.80
0.56 0.52 0.58 0.52
0.67 0.01 0.78 0.80
0.62 0.56 0.51 0.54
0.56 0.51 0.51 0.67
0.68 0.57 0.06 0.57
0.60 0.53 0.41 0.64
0.54 0.68 0.82 0.33
0.95 0.92 0.52 0.27
0.94 0.81 0.95 0.01
0.76 0.54 0.21 0.61
0.55 0.54 0.51 0.61
0.89 0.51 0.51 0.44
0.57 0.88 0.45 0.51
0.51 0.72 0.80 0.51
0.65 0.87 0.08 0.73
0.53 0.57 0.51 0.54
0.96 0.57 0.51 0.43
0.69 0.56 0.62 0.25
0.69 0.11 0.62 0.86
0.61 0.72 0.14 0.64
0.96 0.01 0.63 0.86
0.52 0.66 0.60 0.53
0.02 0.77 0.94 0.69
0.51 0.61 0.58 0.57
0.51 0.58 0.51 0.81
0.52 0.65 0.78 0.51
0.51 0.77 0.52 0.52
0.23 0.70 0.51 0.82
0.55 0.53 0.32 0.81
0.76 0.67 0.61 0.09
0.73 0.72 0.61 0.09
0.87 0.78 0.75 0.01
0.59 1.00 0.69 0.07
0.54 0.32 0.61 0.94
0.70 0.53 0.51 0.54
0.69 0.16 0.55 0.87
0.65 0.90 0.73 0.10
0.89 0.84 0.03 0.57
0.53 0.67 0.52 0.51
0.70 0.93 0.63 0.20
0.62 0.23 0.58 0.80
0.60 0.52 0.51 0.62
0.76 0.64 0.90 0.02
0.59 0.89 0.02 0.72
0.02 0.85 0.85 0.58
0.54 0.21 0.66 0.58
0.56 0.63 0.06 0.51
0.74 0.63 0.54 0.07
0.47 0.63 0.55 0.57
0.51 0.55 0.51 0.84
0.52 0.76 0.51 0.66
0.52 0.61 0.04 0.63
0.09 0.55 0.87 0.61
0.03 0.56 0.59 0.66
0.53 0.89 0.55 0.24
0.79 0.63 0.85 0.01
0.34 0.51 0.64 0.56
0.53 0.41 0.53 0.92
0.69 0.23 0.98 0.36
0.79 0.15 0.55 0.64
0.58 0.51 0.26 0.77
0.79 0.52 0.53 0.52
0.51 0.67 0.34 0.51
0.50 0.19 0.62 0.91
