400 4
72 80 19 63
56 79 59 75
54 91 57 98
70 91 70 56
60 88 59 71
80 56 57 96
84 78 72 84
61 83 58 77
67 90 55 61
96 68 96 92
81 59 76 90
69 89 94 54
66 68 80 54
85 57 76 90
78 58 84 90
57 95 65 72
86 55 98 90
33 64 62 96
94 56 70 81
97 58 15 94
68 91 65 48
57 83 75 67
100 68 72 56
75 56 75 72
70 81 56 58
52 90 91 81
63 54 67 57
70 100 51 92
86 35 97 55
55 88 59 100
93 72 65 87
97 88 57 54
52 86 65 84
53 77 82 93
93 72 62 64
97 63 85 17
56 100 51 54
60 81 51 57
99 59 6 55
59 90 64 51
58 88 93 52
78 53 71 74
74 58 55 90
60 73 66 71
65 53 46 85
94 67 64 67
92 82 79 52
83 71 26 56
54 77 52 84
58 83 57 79
52 64 96 63
89 51 72 75
54 70 59 71
52 65 94 91
59 57 70 89
52 64 95 92
82 55 89 56
58 67 84 65
95 53 59 77
80 51 92 83
67 52 89 86
68 52 78 79
62 65 83 73
75 51 87 61
75 59 74 55
60 53 61 94
59 74 71 55
53 58 80 86
56 78 78 70
62 57 93 87
58 56 62 66
56 61 99 78
58 74 53 76
16 61 98 54
71 55 65 59
86 65 58 70
92 63 54 84
85 96 55 52
83 59 76 54
82 53 88 58
94 12 100 63
96 68 86 51
89 79 84 53
92 51 63 91
81 52 80 57
2 83 94 63
57 76 88 61
63 93 61 53
61 53 91 93
64 51 70 87
54 95 84 58
60 53 70 65
93 64 68 51
63 53 56 84
87 70 58 69
58 55 87 58
52 70 57 53
83 51 70 83
51 68 70 86
67 51 91 76
86 65 57 79
78 55 81 51
92 67 55 83
78 53 73 51
54 74 84 52
80 57 52 68
87 55 63 82
67 58 54 67
91 97 63 21
55 58 84 52
52 51 97 59
81 51 98 53
55 57 55 84
28 84 59 97
74 51 95 68
32 100 53 70
77 11 74 52
54 69 53 81
97 61 51 77
51 70 61 52
59 63 63 51
62 59 68 65
69 89 51 53
55 52 69 80
58 5 68 78
52 90 90 48
67 51 61 64
55 79 53 77
55 64 79 54
74 82 69 39
77 65 54 64
88 58 58 65
54 72 54 63
56 95 51 62
79 55 64 60
51 57 77 81
52 77 59 52
85 55 59 52
76 71 52 62
80 52 30 74
54 69 52 49
56 60 17 83
62 58 52 74
66 57 62 65
59 54 92 59
94 88 51 54
52 60 96 70
81 55 57 63
23 55 64 69
87 66 56 54
52 51 65 99
69 54 59 54
51 65 59 85
51 55 75 62
93 54 53 60
48 96 66 64
72 11 53 74
54 68 60 82
55 56 58 61
82 53 56 55
53 58 58 92
51 54 92 57
67 65 52 72
64 55 86 55
84 51 62 30
87 54 52 71
61 55 89 54
83 4 63 51
57 60 59 58
56 63 54 66
53 27 99 61
75 53 85 57
58 68 52 80
64 58 57 62
52 52 55 59
51 52 56 99
53 51 67 93
54 84 51 81
58 68 53 54
84 65 55 23
58 57 52 99
66 77 26 51
22 100 65 99
17 62 61 53
76 100 6 61
91 51 59 73
71 63 53 52
58 61 77 57
60 82 96 39
93 51 60 52
60 70 93 31
86 89 17 76
94 52 10 56
61 54 57 56
62 83 72 12
51 67 21 78
76 27 52 72
55 58 51 53
10 96 64 48
20 93 60 66
44 65 58 86
51 97 58 77
98 60 68 21
64 51 65 79
53 71 48 54
78 51 23 90
56 57 51 75
69 51 55 97
51 74 59 59
78 79 98 2
67 4 68 70
51 75 98 51
57 25 92 76
64 68 53 51
95 32 55 62
60 55 51 78
34 2 71 53
78 7 39 86
63 56 54 70
42 63 52 58
60 51 54 85
63 65 56 51
59 66 87 15
67 57 52 52
98 64 6 56
36 68 52 69
93 77 69 9
70 52 52 57
55 96 54 35
68 53 57 52
68 54 52 63
95 51 53 57
56 54 55 52
67 99 72 7
53 87 75 51
13 63 80 89
70 1 92 99
12 93 91 89
53 94 51 52
72 52 85 51
32 74 92 51
73 52 54 55
87 67 23 70
77 60 51 52
52 51 51 92
70 13 64 71
56 63 60 51
69 11 66 89
72 68 3 97
8 54 58 63
58 52 52 56
57 64 53 52
90 55 53 55
56 52 61 53
52 84 51 72
53 51 55 74
7 85 90 57
77 62 86 19
70 63 33 62
60 51 61 53
72 54 80 51
75 57 79 51
82 6 66 56
1 91 52 68
51 71 83 6
65 95 33 53
79 54 54 53
5 84 92 78
71 55 30 51
69 51 69 18
64 62 61 40
54 53 52 66
89 66 15 71
75 51 52 72
63 54 89 43
77 51 60 56
2 65 60 74
41 19 98 46
51 60 85 35
64 24 59 57
51 85 16 69
54 54 52 60
69 74 58 38
53 55 82 52
63 60 53 30
61 84 79 14
86 59 56 6
87 66 2 71
75 27 55 58
64 51 61 52
68 51 21 70
51 56 51 90
87 24 51 80
57 65 26 66
80 53 52 52
74 98 63 25
71 78 3 59
76 55 60 49
55 53 54 54
53 82 52 47
50 78 79 51
28 52 97 60
66 51 2 63
54 52 51 84
95 12 61 71
56 56 51 83
22 51 74 57
60 62 62 45
54 54 55 54
54 59 51 74
15 61 81 51
60 60 69 51
55 51 69 57
64 59 71 51
61 5 69 65
52 94 54 51
81 79 53 3
51 55 56 77
65 100 12 74
29 52 52 58
6 86 89 72
51 55 93 52
66 62 9 61
6 64 93 52
56 52 55 53
64 55 51 65
61 16 64 80
7 79 59 64
56 74 22 68
53 52 63 51
38 48 69 59
90 92 1 71
57 30 77 51
60 54 22 63
96 51 55 54
94 9 55 80
56 52 58 52
67 1 78 80
62 56 51 54
56 51 51 67
68 57 6 57
60 53 41 64
54 68 82 33
95 92 52 27
94 81 95 1
76 54 21 61
55 54 51 61
89 51 51 44
57 88 45 51
51 72 80 51
65 87 8 73
53 57 51 54
96 57 51 43
69 56 62 25
69 11 62 86
61 72 14 64
96 1 63 86
52 66 60 53
2 77 94 69
51 61 58 57
51 58 51 81
52 65 78 51
51 77 52 52
23 70 51 82
55 53 32 81
76 67 61 9
73 72 61 9
87 78 75 1
59 100 69 7
54 32 61 94
70 53 51 54
69 16 55 87
65 90 73 10
89 84 3 57
53 67 52 51
70 93 63 20
62 23 58 80
60 52 51 62
76 64 90 2
59 89 2 72
2 85 85 58
54 21 66 58
56 63 6 51
74 63 54 7
47 63 55 57
51 55 51 84
52 76 51 66
52 61 4 63
9 55 87 61
3 56 59 66
53 89 55 24
79 63 85 1
34 51 64 56
53 41 53 92
69 23 98 36
79 15 55 64
58 51 26 77
79 52 53 52
51 67 34 51
50 19 62 91
