400 4
0.88 0.79 0.25 0.98
0.84 0.64 0.79 0.59
0.76 0.57 0.60 0.56
0.99 0.95 0.74 0.51
0.19 0.77 0.93 0.98
0.74 0.93 0.82 0.69
0.61 0.54 0.78 0.56
0.55 0.99 0.66 0.81
0.65 0.90 0.84 0.54
0.67 0.92 0.76 0.63
0.78 0.71 0.72 0.52
0.76 0.80 0.58 0.70
0.86 0.52 0.74 0.72
0.64 0.67 0.87 0.54
0.64 0.61 0.75 0.91
0.58 0.75 0.93 0.59
0.64 0.64 0.75 0.66
0.88 0.81 0.55 0.74
0.66 0.52 0.92 0.94
0.52 0.65 0.67 0.97
0.82 0.64 0.59 0.74
0.65 0.64 0.71 0.91
1.00 0.67 0.51 0.65
0.66 0.89 0.60 0.82
0.76 0.83 0.84 0.53
0.82 0.87 0.55 0.91
0.56 0.64 0.69 0.55
0.69 0.53 0.97 0.82
0.96 0.93 0.53 0.58
0.65 0.87 0.55 0.57
0.51 0.73 1.00 0.62
0.55 0.55 0.76 0.78
0.52 0.78 0.57 0.65
0.94 0.71 0.58 0.99
0.78 0.96 0.54 0.97
0.52 0.60 0.61 0.73
0.67 0.73 0.56 0.83
0.96 0.58 0.58 0.81
0.41 1.00 0.53 0.79
0.52 0.76 0.88 0.64
0.97 0.62 0.58 0.60
0.97 0.76 0.69 0.04
0.71 0.89 0.81 0.53
0.54 0.67 0.70 0.57
0.98 0.52 0.57 0.78
0.99 0.75 0.52 0.88
0.80 0.56 0.66 0.85
0.70 0.57 0.52 0.72
0.83 0.56 0.64 0.71
0.66 0.52 0.79 0.52
0.79 0.51 0.84 0.85
0.92 0.96 0.51 0.96
0.75 0.81 0.51 0.85
0.57 0.61 0.72 0.49
0.97 0.72 0.55 0.51
0.60 0.65 0.51 0.95
0.85 0.54 0.61 0.94
0.85 0.72 0.51 0.59
0.89 0.63 0.58 0.59
0.60 0.85 0.51 0.69
0.68 0.48 0.64 0.60
0.67 0.84 0.72 0.15
0.70 0.65 0.66 0.56
0.85 0.76 0.71 0.51
0.51 0.60 0.68 0.75
0.62 0.51 0.60 0.53
0.83 0.64 0.46 0.58
0.68 0.56 0.52 0.66
0.65 0.85 0.51 0.63
0.79 0.67 0.58 0.62
0.75 0.58 0.13 0.84
0.88 0.55 0.97 0.28
0.52 0.53 0.51 0.91
0.89 0.54 0.55 0.58
0.52 0.54 0.91 0.78
0.90 0.53 0.80 0.24
0.75 0.63 0.36 0.54
0.55 0.54 0.91 0.70
0.65 0.52 0.54 0.59
0.60 0.65 0.56 0.89
0.52 0.71 0.56 0.87
0.52 0.52 0.77 0.63
0.69 0.80 0.57 0.58
0.67 0.93 0.52 0.55
0.74 0.83 0.56 0.54
0.61 0.19 0.67 0.99
0.86 0.57 0.87 0.01
0.71 0.61 0.90 0.09
0.63 0.70 0.59 0.61
0.68 0.89 0.52 0.52
0.56 0.57 0.63 0.90
0.63 0.85 0.67 0.23
0.55 0.65 0.78 0.55
0.60 0.58 0.59 0.79
0.58 1.00 0.58 0.63
0.60 0.54 0.69 0.80
0.43 0.69 0.84 0.93
0.51 0.95 0.61 0.67
0.75 0.59 0.18 0.73
0.90 0.79 0.56 0.52
0.69 0.86 0.51 0.55
0.52 0.57 0.75 0.73
0.87 0.12 0.94 0.86
0.35 0.64 0.91 0.94
0.66 0.69 0.51 0.60
0.63 0.81 0.57 0.57
1.00 0.26 0.79 0.79
0.50 0.87 0.70 0.90
0.51 0.56 0.67 0.71
0.01 0.68 0.84 0.82
0.64 0.68 0.56 0.72
0.72 0.59 0.11 0.66
0.71 0.51 0.52 0.59
0.61 0.57 0.58 0.54
0.59 0.53 0.51 0.79
0.59 0.71 0.68 0.62
0.56 0.94 0.61 0.55
0.73 0.75 0.56 0.56
0.57 0.52 0.65 0.60
0.89 0.53 0.63 0.52
0.99 0.56 0.35 1.00
0.55 0.86 0.68 0.63
0.55 0.64 0.57 0.52
0.53 0.71 0.58 0.54
0.55 0.51 0.85 0.55
0.59 0.68 0.70 0.51
0.56 0.54 0.70 0.84
0.58 0.52 0.55 0.83
0.53 0.60 0.55 0.63
0.67 0.92 0.61 0.51
0.59 0.51 0.83 0.58
0.51 0.63 0.61 0.63
0.51 0.90 0.60 0.59
0.56 0.52 0.51 0.78
0.67 0.57 0.51 0.70
0.76 0.58 0.77 0.51
0.66 0.06 0.93 0.74
0.51 0.86 0.56 0.58
0.60 0.79 0.48 0.90
0.59 0.53 0.61 0.72
0.55 0.95 0.59 0.30
0.99 0.17 0.67 0.56
0.70 0.97 0.26 0.75
0.68 0.81 0.55 0.52
0.45 0.97 0.55 0.51
0.79 0.65 0.54 0.52
0.83 0.55 0.88 0.51
0.24 0.79 0.95 0.72
0.81 0.54 0.55 0.53
0.64 0.78 0.35 0.80
0.53 0.91 0.71 0.53
0.22 0.53 0.57 0.70
0.71 0.58 0.08 0.78
0.91 0.83 0.52 0.53
0.59 0.60 0.51 0.69
0.48 0.61 0.56 0.74
0.51 0.57 0.80 0.53
0.79 0.54 0.99 0.51
0.30 0.76 0.56 0.99
0.55 0.73 0.92 0.02
0.55 0.52 0.55 0.88
0.69 0.57 0.52 0.51
0.62 0.53 0.54 0.62
0.51 0.66 0.53 0.90
0.87 0.51 0.56 0.54
0.54 0.66 0.75 0.58
0.53 0.60 0.74 0.54
0.65 0.56 0.69 0.52
0.51 0.52 0.96 0.97
0.53 0.88 0.51 0.56
0.51 0.56 0.64 0.68
0.53 0.62 0.67 0.60
0.51 0.52 0.74 0.84
0.96 0.90 0.02 0.72
0.75 0.10 0.66 0.93
0.72 0.52 0.45 0.98
0.51 0.04 0.74 0.80
0.60 0.54 0.61 0.61
0.51 0.55 0.91 0.61
0.55 0.51 0.70 0.55
0.90 0.45 0.55 0.89
0.73 0.81 0.70 0.24
0.93 0.54 0.52 0.51
0.66 0.51 0.57 0.51
0.34 0.70 0.72 0.56
0.62 0.35 0.71 0.98
0.84 0.23 0.53 0.93
0.55 0.77 0.48 0.99
0.52 0.53 0.56 0.86
0.52 0.86 0.70 0.53
0.63 0.85 0.54 0.57
0.57 0.54 0.52 0.75
0.51 0.57 0.21 0.68
0.65 0.51 0.65 0.13
0.54 0.62 0.64 0.57
0.51 0.79 0.59 0.55
0.52 0.71 0.69 0.23
0.62 0.77 0.67 0.51
0.90 0.47 0.70 0.75
0.63 0.59 0.92 0.51
0.51 0.07 0.63 0.81
0.66 0.82 0.06 0.94
0.66 0.41 0.92 0.54
0.10 0.87 0.70 0.60
0.56 0.56 0.52 0.57
0.51 0.63 0.57 0.66
0.18 0.61 0.54 0.96
0.78 0.58 0.51 0.62
0.79 0.53 0.54 0.54
0.63 0.52 0.52 0.58
0.58 0.86 0.55 0.56
0.52 0.61 0.69 0.65
0.76 0.45 0.76 0.74
0.63 0.81 0.45 0.67
0.52 0.92 0.53 0.67
0.52 0.76 0.56 0.54
0.92 0.41 0.88 0.73
0.78 0.51 0.33 0.65
0.54 0.70 0.78 0.53
0.91 0.80 0.58 0.41
0.56 0.60 0.60 0.53
0.51 0.66 0.53 0.62
0.56 0.54 0.51 0.63
0.35 0.82 0.52 0.90
0.58 0.52 0.57 0.69
0.95 0.33 0.62 0.88
0.84 0.19 0.54 0.57
0.52 0.51 0.58 0.81
0.62 0.32 0.52 0.74
0.62 0.51 0.71 0.51
0.68 0.86 0.90 0.07
0.63 0.60 0.67 0.52
0.94 0.70 0.51 0.53
0.52 0.51 0.92 0.68
0.57 0.54 0.92 0.52
0.56 0.92 0.09 0.96
0.51 0.80 0.97 0.51
0.57 0.97 0.55 0.27
0.63 0.57 0.55 0.51
0.51 0.52 0.59 0.55
0.81 0.29 0.83 0.77
0.56 0.04 0.57 0.66
0.60 0.86 0.64 0.51
0.19 0.95 0.82 0.52
0.51 0.74 0.66 0.51
0.67 0.85 0.04 0.58
0.51 0.55 0.77 0.51
0.53 0.67 0.78 0.14
0.65 0.74 0.03 0.81
0.66 0.55 0.56 0.52
0.66 0.83 0.51 0.54
0.56 0.82 0.33 0.67
0.62 0.67 0.58 0.25
0.66 0.57 0.47 0.11
0.26 0.60 0.51 0.57
0.52 0.52 0.82 0.54
0.24 0.61 0.68 0.26
0.59 0.62 0.53 0.56
0.51 0.27 0.68 0.72
0.62 0.62 0.57 0.51
0.98 0.79 0.01 0.61
0.54 0.60 0.62 0.53
0.61 0.76 0.01 0.90
0.38 0.95 0.98 0.08
0.90 0.01 0.76 0.61
0.57 0.63 0.56 0.53
0.91 0.58 0.07 0.75
0.64 0.54 0.54 0.56
0.13 0.52 0.95 0.72
0.56 0.93 0.56 0.51
0.62 0.80 0.51 0.54
0.51 0.84 0.61 0.54
0.60 0.54 0.74 0.54
1.00 0.52 0.54 0.54
0.17 0.64 0.53 0.91
0.57 0.59 0.57 0.54
0.53 0.51 0.82 0.65
0.14 0.60 0.81 0.76
0.65 0.48 0.58 0.55
0.56 0.51 0.91 0.51
0.08 0.80 0.97 0.56
0.13 0.78 0.52 0.79
0.60 0.53 0.52 0.64
0.02 0.92 0.78 0.69
0.05 0.63 0.89 0.64
0.52 0.85 0.14 0.56
0.52 0.85 0.64 0.51
0.37 0.68 0.52 0.54
0.84 0.08 0.85 0.57
0.60 0.65 0.73 0.01
0.53 0.58 0.70 0.11
0.60 0.76 0.66 0.10
0.51 0.56 0.26 0.84
0.53 0.52 0.72 0.12
0.69 0.05 0.52 0.60
0.60 0.03 0.97 0.99
0.52 0.77 0.54 0.53
0.91 0.27 0.92 0.55
0.59 0.88 0.68 0.23
0.97 0.51 0.52 0.55
0.52 0.52 0.45 0.63
0.07 0.88 0.56 0.78
0.62 0.88 0.08 0.62
0.26 0.51 0.81 0.53
0.61 0.54 0.64 0.52
0.01 0.59 0.83 0.68
0.79 0.52 0.53 0.55
0.52 0.51 0.61 0.79
0.04 0.97 0.69 0.67
0.98 0.55 0.60 0.40
0.63 0.13 0.55 0.69
0.51 0.55 0.54 0.55
0.90 0.03 0.69 0.60
0.15 0.77 0.79 0.57
0.52 0.51 0.56 0.75
0.71 0.92 0.03 0.58
0.57 0.26 0.73 0.64
0.84 0.02 0.62 0.83
0.35 0.57 0.64 0.61
0.51 0.57 0.75 0.48
0.57 0.59 0.51 0.60
0.58 0.51 0.56 0.58
0.84 0.06 0.65 0.51
0.96 0.68 0.56 0.03
0.84 0.02 0.61 0.71
0.12 0.79 0.68 0.79
0.78 0.33 0.51 0.83
0.59 0.98 0.51 0.53
0.76 0.51 0.26 0.53
0.71 0.56 0.51 0.60
0.52 0.53 0.11 0.70
0.94 0.56 0.60 0.38
0.01 0.82 0.57 0.71
0.54 0.65 0.59 0.54
0.52 0.62 0.64 0.51
0.67 0.68 0.28 0.54
0.56 0.73 0.57 0.05
0.93 0.58 0.15 0.58
0.60 0.51 0.68 0.54
0.59 0.75 0.20 0.58
0.37 0.55 0.70 0.53
0.70 0.96 0.01 0.53
0.68 0.34 0.97 0.54
0.54 0.06 0.73 0.54
0.24 0.68 0.66 0.12
0.55 0.59 0.50 0.57
0.98 0.52 0.71 0.03
0.54 0.80 0.56 0.51
0.22 0.98 0.65 0.51
0.61 0.54 0.52 0.62
0.58 0.60 0.53 0.14
0.51 0.13 0.58 0.80
0.70 0.51 0.01 0.65
0.65 0.46 0.67 0.06
0.51 0.59 0.82 0.24
0.51 0.25 0.92 0.71
0.57 0.83 0.22 0.60
0.51 0.64 0.57 0.54
0.69 0.68 0.05 0.64
0.57 0.65 0.57 0.16
0.52 0.81 0.61 0.26
0.91 0.64 0.22 0.61
0.97 0.41 0.54 0.51
0.54 0.03 0.92 0.89
0.87 0.87 0.02 0.29
0.90 0.01 0.58 0.78
0.63 0.67 0.51 0.52
0.51 0.13 0.66 0.79
0.53 0.96 0.34 0.51
0.56 0.55 0.53 0.61
0.52 0.66 0.54 0.29
0.57 0.86 0.01 0.78
0.28 0.96 0.60 0.54
0.55 0.54 0.70 0.53
0.60 0.07 0.52 0.70
0.19 0.66 0.68 0.82
0.65 0.80 0.41 0.52
0.89 0.76 0.19 0.56
0.54 0.63 0.55 0.52
0.78 0.01 0.55 0.70
0.77 0.65 0.17 0.52
0.61 0.51 0.61 0.42
0.69 0.25 0.72 0.54
0.02 0.59 0.55 0.64
0.04 0.91 0.68 0.54
0.53 0.08 0.52 0.89
0.19 0.83 0.62 0.57
0.52 0.66 0.51 0.54
0.67 0.53 0.54 0.26
0.73 0.09 0.87 0.51
0.68 0.55 0.10 0.55
0.65 0.51 0.38 0.96
0.56 0.83 0.52 0.53
0.80 0.40 0.76 0.51
0.68 0.36 0.53 0.67
0.59 0.88 0.14 0.51
0.86 0.21 0.62 0.54
0.56 0.01 0.89 0.95
0.55 0.60 0.65 0.51
0.55 0.74 0.59 0.23
