400 4
88 79 25 98
84 64 79 59
76 57 60 56
99 95 74 51
19 77 93 98
74 93 82 69
61 54 78 56
55 99 66 81
65 90 84 54
67 92 76 63
78 71 72 52
76 80 58 70
86 52 74 72
64 67 87 54
64 61 75 91
58 75 93 59
64 64 75 66
88 81 55 74
66 52 92 94
52 65 67 97
82 64 59 74
65 64 71 91
100 67 51 65
66 89 60 82
76 83 84 53
82 87 55 91
56 64 69 55
69 53 97 82
96 93 53 58
65 87 55 57
51 73 100 62
55 55 76 78
52 78 57 65
94 71 58 99
78 96 54 97
52 60 61 73
67 73 56 83
96 58 58 81
41 100 53 79
52 76 88 64
97 62 58 60
97 76 69 4
71 89 81 53
54 67 70 57
98 52 57 78
99 75 52 88
80 56 66 85
70 57 52 72
83 56 64 71
66 52 79 52
79 51 84 85
92 96 51 96
75 81 51 85
57 61 72 49
97 72 55 51
60 65 51 95
85 54 61 94
85 72 51 59
89 63 58 59
60 85 51 69
68 48 64 60
67 84 72 15
70 65 66 56
85 76 71 51
51 60 68 75
62 51 60 53
83 64 46 58
68 56 52 66
65 85 51 63
79 67 58 62
75 58 13 84
88 55 97 28
52 53 51 91
89 54 55 58
52 54 91 78
90 53 80 24
75 63 36 54
55 54 91 70
65 52 54 59
60 65 56 89
52 71 56 87
52 52 77 63
69 80 57 58
67 93 52 55
74 83 56 54
61 19 67 99
86 57 87 1
71 61 90 9
63 70 59 61
68 89 52 52
56 57 63 90
63 85 67 23
55 65 78 55
60 58 59 79
58 100 58 63
60 54 69 80
43 69 84 93
51 95 61 67
75 59 18 73
90 79 56 52
69 86 51 55
52 57 75 73
87 12 94 86
35 64 91 94
66 69 51 60
63 81 57 57
100 26 79 79
50 87 70 90
51 56 67 71
1 68 84 82
64 68 56 72
72 59 11 66
71 51 52 59
61 57 58 54
59 53 51 79
59 71 68 62
56 94 61 55
73 75 56 56
57 52 65 60
89 53 63 52
99 56 35 100
55 86 68 63
55 64 57 52
53 71 58 54
55 51 85 55
59 68 70 51
56 54 70 84
58 52 55 83
53 60 55 63
67 92 61 51
59 51 83 58
51 63 61 63
51 90 60 59
56 52 51 78
67 57 51 70
76 58 77 51
66 6 93 74
51 86 56 58
60 79 48 90
59 53 61 72
55 95 59 30
99 17 67 56
70 97 26 75
68 81 55 52
45 97 55 51
79 65 54 52
83 55 88 51
24 79 95 72
81 54 55 53
64 78 35 80
53 91 71 53
22 53 57 70
71 58 8 78
91 83 52 53
59 60 51 69
48 61 56 74
51 57 80 53
79 54 99 51
30 76 56 99
55 73 92 2
55 52 55 88
69 57 52 51
62 53 54 62
51 66 53 90
87 51 56 54
54 66 75 58
53 60 74 54
65 56 69 52
51 52 96 97
53 88 51 56
51 56 64 68
53 62 67 60
51 52 74 84
96 90 2 72
75 10 66 93
72 52 45 98
51 4 74 80
60 54 61 61
51 55 91 61
55 51 70 55
90 45 55 89
73 81 70 24
93 54 52 51
66 51 57 51
34 70 72 56
62 35 71 98
84 23 53 93
55 77 48 99
52 53 56 86
52 86 70 53
63 85 54 57
57 54 52 75
51 57 21 68
65 51 65 13
54 62 64 57
51 79 59 55
52 71 69 23
62 77 67 51
90 47 70 75
63 59 92 51
51 7 63 81
66 82 6 94
66 41 92 54
10 87 70 60
56 56 52 57
51 63 57 66
18 61 54 96
78 58 51 62
79 53 54 54
63 52 52 58
58 86 55 56
52 61 69 65
76 45 76 74
63 81 45 67
52 92 53 67
52 76 56 54
92 41 88 73
78 51 33 65
54 70 78 53
91 80 58 41
56 60 60 53
51 66 53 62
56 54 51 63
35 82 52 90
58 52 57 69
95 33 62 88
84 19 54 57
52 51 58 81
62 32 52 74
62 51 71 51
68 86 90 7
63 60 67 52
94 70 51 53
52 51 92 68
57 54 92 52
56 92 9 96
51 80 97 51
57 97 55 27
63 57 55 51
51 52 59 55
81 29 83 77
56 4 57 66
60 86 64 51
19 95 82 52
51 74 66 51
67 85 4 58
51 55 77 51
53 67 78 14
65 74 3 81
66 55 56 52
66 83 51 54
56 82 33 67
62 67 58 25
66 57 47 11
26 60 51 57
52 52 82 54
24 61 68 26
59 62 53 56
51 27 68 72
62 62 57 51
98 79 1 61
54 60 62 53
61 76 1 90
38 95 98 8
90 1 76 61
57 63 56 53
91 58 7 75
64 54 54 56
13 52 95 72
56 93 56 51
62 80 51 54
51 84 61 54
60 54 74 54
100 52 54 54
17 64 53 91
57 59 57 54
53 51 82 65
14 60 81 76
65 48 58 55
56 51 91 51
8 80 97 56
13 78 52 79
60 53 52 64
2 92 78 69
5 63 89 64
52 85 14 56
52 85 64 51
37 68 52 54
84 8 85 57
60 65 73 1
53 58 70 11
60 76 66 10
51 56 26 84
53 52 72 12
69 5 52 60
60 3 97 99
52 77 54 53
91 27 92 55
59 88 68 23
97 51 52 55
52 52 45 63
7 88 56 78
62 88 8 62
26 51 81 53
61 54 64 52
1 59 83 68
79 52 53 55
52 51 61 79
4 97 69 67
98 55 60 40
63 13 55 69
51 55 54 55
90 3 69 60
15 77 79 57
52 51 56 75
71 92 3 58
57 26 73 64
84 2 62 83
35 57 64 61
51 57 75 48
57 59 51 60
58 51 56 58
84 6 65 51
96 68 56 3
84 2 61 71
12 79 68 79
78 33 51 83
59 98 51 53
76 51 26 53
71 56 51 60
52 53 11 70
94 56 60 38
1 82 57 71
54 65 59 54
52 62 64 51
67 68 28 54
56 73 57 5
93 58 15 58
60 51 68 54
59 75 20 58
37 55 70 53
70 96 1 53
68 34 97 54
54 6 73 54
24 68 66 12
55 59 50 57
98 52 71 3
54 80 56 51
22 98 65 51
61 54 52 62
58 60 53 14
51 13 58 80
70 51 1 65
65 46 67 6
51 59 82 24
51 25 92 71
57 83 22 60
51 64 57 54
69 68 5 64
57 65 57 16
52 81 61 26
91 64 22 61
97 41 54 51
54 3 92 89
87 87 2 29
90 1 58 78
63 67 51 52
51 13 66 79
53 96 34 51
56 55 53 61
52 66 54 29
57 86 1 78
28 96 60 54
55 54 70 53
60 7 52 70
19 66 68 82
65 80 41 52
89 76 19 56
54 63 55 52
78 1 55 70
77 65 17 52
61 51 61 42
69 25 72 54
2 59 55 64
4 91 68 54
53 8 52 89
19 83 62 57
52 66 51 54
67 53 54 26
73 9 87 51
68 55 10 55
65 51 38 96
56 83 52 53
80 40 76 51
68 36 53 67
59 88 14 51
86 21 62 54
56 1 89 95
55 60 65 51
55 74 59 23
