400 4
0.97 0.92 0.87 0.08
0.60 0.91 0.55 0.64
0.87 0.72 0.59 0.69
0.88 0.65 0.60 0.60
0.68 0.65 0.54 0.67
0.97 0.59 0.63 1.00
0.66 0.06 0.79 0.94
0.80 0.58 0.58 0.97
0.75 0.71 0.81 0.60
0.56 0.99 1.00 0.83
0.72 0.54 0.73 0.84
0.65 0.70 0.97 0.91
0.42 0.58 0.56 0.90
0.97 0.60 0.70 0.58
0.65 0.71 0.76 0.81
0.59 0.80 0.66 0.80
0.69 0.58 0.60 0.61
0.73 0.66 0.51 0.98
0.85 0.57 0.64 0.64
0.77 0.97 0.84 0.54
0.83 0.69 0.68 0.57
0.61 0.51 0.78 0.98
0.63 0.60 0.86 0.59
0.65 0.63 0.74 0.62
0.66 0.79 0.85 0.61
0.79 0.56 0.17 0.60
0.76 0.51 0.59 0.63
0.51 1.00 0.98 0.81
0.59 0.79 0.87 0.62
0.99 0.64 0.32 0.55
0.70 0.53 0.74 0.83
0.09 0.95 1.00 0.61
0.54 0.60 0.57 0.87
0.72 0.97 0.72 0.56
0.77 0.60 0.56 0.77
0.79 0.84 0.83 0.53
0.73 0.62 0.79 0.58
0.67 0.71 0.66 0.81
0.04 0.56 0.98 0.63
0.56 0.82 0.95 0.76
0.96 0.60 0.82 0.55
0.66 0.95 0.78 0.57
0.56 0.65 0.59 0.25
0.66 0.59 0.52 0.65
0.62 0.60 0.65 0.61
0.58 0.62 0.64 0.59
0.61 0.54 0.58 0.92
0.73 0.78 0.58 0.63
0.60 0.55 0.81 0.93
0.67 0.80 0.55 0.60
0.56 0.52 0.74 0.76
0.62 0.58 0.55 0.72
0.64 0.56 0.68 0.85
0.63 0.71 0.53 0.81
0.66 0.26 0.54 0.61
0.58 0.51 0.57 0.77
0.54 0.82 0.52 1.00
0.69 0.56 0.72 0.55
0.19 0.59 0.64 0.54
0.52 0.72 0.56 0.60
0.95 0.60 0.90 0.52
0.58 0.61 0.58 0.66
0.72 0.79 0.55 0.58
0.55 0.55 0.80 0.91
0.65 0.71 0.27 0.54
0.85 0.51 0.72 0.53
0.65 0.65 0.51 0.93
0.75 0.53 0.75 0.58
0.11 0.53 0.82 0.82
0.57 0.94 0.55 0.84
0.56 0.77 0.51 0.61
0.82 0.54 0.58 0.58
0.63 0.53 0.74 0.72
0.21 0.64 0.52 0.84
0.52 0.95 0.54 0.62
0.55 0.71 1.00 0.51
0.78 0.63 0.59 0.52
0.52 0.62 0.99 0.51
0.56 0.55 0.60 0.60
0.51 0.55 0.67 0.53
0.87 0.91 0.04 0.80
0.31 0.54 0.52 1.00
0.72 0.64 0.53 0.63
0.65 0.52 0.66 0.74
0.54 0.78 0.78 0.52
0.95 0.55 0.51 0.80
0.65 0.53 0.18 0.58
0.51 0.69 0.57 0.72
0.55 0.92 0.60 0.54
0.98 0.54 0.69 0.55
0.76 0.62 0.58 0.55
0.53 0.76 0.43 0.85
0.60 0.92 0.57 0.54
0.92 0.74 0.56 0.53
0.59 0.56 0.53 0.68
0.61 0.51 0.82 0.58
0.63 0.58 0.96 0.51
0.56 0.10 0.69 0.94
0.79 0.58 0.58 0.51
0.56 0.72 0.55 0.64
0.53 0.51 0.93 0.86
0.57 0.54 0.80 0.61
0.04 0.74 0.86 0.60
0.58 0.86 0.69 0.22
0.09 0.70 0.70 0.85
1.00 0.94 0.55 0.39
0.75 0.01 0.97 0.84
0.59 0.56 0.52 0.78
0.77 0.85 0.55 0.52
0.59 0.75 0.54 0.65
0.87 0.57 0.82 0.52
0.62 0.54 0.80 0.55
0.87 0.55 0.56 0.56
0.67 0.51 0.65 0.57
0.52 0.57 0.57 0.88
0.63 0.59 0.59 0.62
0.51 0.52 0.89 0.51
0.61 0.53 0.68 0.57
0.52 0.83 0.51 0.94
0.67 0.55 0.63 0.52
0.54 0.51 0.76 0.60
0.64 0.84 0.58 0.51
0.65 0.51 0.54 0.93
0.39 0.54 0.59 0.66
0.66 0.09 0.98 0.85
0.53 0.76 0.87 0.51
0.55 0.13 0.80 0.75
0.06 0.65 0.84 0.94
0.57 0.74 0.18 0.51
0.81 0.57 0.54 0.53
0.70 0.51 0.53 0.88
0.53 0.94 0.76 0.52
0.75 0.51 0.52 0.61
0.86 0.97 0.96 0.12
0.61 0.69 0.55 0.13
0.59 0.64 0.09 0.58
0.72 0.28 0.84 0.59
0.52 0.89 0.51 0.73
0.56 0.53 0.59 0.51
0.62 0.12 0.87 0.67
0.51 0.81 0.58 0.55
0.66 0.67 0.93 0.15
0.56 0.63 0.55 0.77
0.51 0.51 0.51 0.95
0.61 0.51 0.61 0.68
0.38 0.65 0.60 0.80
0.52 0.53 0.56 0.94
0.63 0.60 0.57 0.29
0.93 0.52 0.68 0.55
0.51 0.60 0.56 0.69
0.77 0.58 0.52 0.57
0.73 0.53 0.51 0.35
0.54 0.78 0.32 0.85
0.52 0.56 0.57 0.85
0.68 0.16 0.68 0.62
0.30 0.73 0.62 0.82
0.93 0.20 0.63 0.75
0.55 0.70 0.51 0.73
0.54 0.51 0.60 0.57
0.89 0.52 0.84 0.52
0.07 0.52 0.63 0.74
0.52 0.57 0.59 0.58
0.86 0.78 0.80 0.11
0.64 0.54 0.56 0.89
0.16 0.97 0.66 0.59
0.21 0.55 0.53 0.65
0.69 0.68 0.85 0.01
0.56 0.58 0.54 0.60
0.60 0.53 0.51 0.73
0.56 0.52 0.69 0.55
0.56 0.53 0.14 0.83
0.51 0.77 0.58 0.58
0.62 0.65 0.56 0.56
0.61 0.04 0.62 0.90
0.71 0.54 0.53 0.53
0.54 0.51 0.52 0.91
0.58 0.65 0.72 0.19
0.68 0.59 0.53 0.01
0.51 0.51 0.97 0.15
0.51 0.96 0.67 0.51
0.62 0.51 0.85 0.52
0.55 0.73 0.80 0.52
0.60 0.53 0.56 0.60
0.53 0.51 0.55 0.77
0.61 0.40 0.70 0.66
0.89 0.52 0.51 0.62
0.83 0.15 0.64 0.53
0.55 0.52 0.53 0.59
0.55 0.70 0.53 0.58
0.58 0.40 0.73 0.67
0.52 0.01 0.59 0.73
0.01 0.59 0.77 0.70
0.72 0.53 0.56 0.54
0.54 0.74 0.56 0.56
0.45 0.95 0.86 0.42
0.62 0.20 0.67 0.56
0.90 0.03 0.76 0.53
0.56 0.74 0.51 0.52
0.51 0.54 0.52 0.92
0.52 0.90 0.35 0.81
0.55 0.99 0.44 0.72
1.00 0.31 0.51 0.84
0.65 0.69 0.52 0.52
0.05 0.99 0.65 0.77
0.71 0.51 0.59 0.60
0.52 0.77 0.79 0.45
0.65 0.34 0.86 0.55
0.54 0.79 0.54 0.54
0.93 0.57 0.64 0.13
0.75 0.11 0.75 0.70
0.46 0.51 0.59 0.92
0.72 0.57 0.75 0.47
0.68 0.57 0.10 0.92
0.93 0.14 0.61 0.66
0.51 0.81 0.81 0.52
0.63 0.63 0.53 0.47
0.86 0.51 0.51 0.81
0.54 0.53 0.67 0.55
0.52 0.65 0.99 0.05
0.82 0.45 0.52 0.86
0.55 0.63 0.52 0.32
0.67 0.52 0.51 0.79
0.55 0.99 0.72 0.08
0.15 0.61 0.68 0.65
0.97 0.67 0.39 0.57
0.59 0.62 0.52 0.62
0.88 0.52 0.05 0.51
0.63 0.51 0.52 0.64
0.62 0.97 0.05 0.82
0.58 0.54 0.14 0.75
0.52 0.52 0.51 0.78
0.51 0.51 0.54 0.82
0.61 0.57 0.58 0.55
0.51 0.34 0.94 0.99
0.98 0.54 0.67 0.09
0.58 0.55 0.54 0.57
0.45 0.70 0.51 0.57
0.64 0.51 0.66 0.52
0.51 0.56 0.52 0.74
0.56 0.53 0.26 0.78
0.51 0.66 0.87 0.51
0.52 0.57 0.54 0.54
0.64 0.11 0.23 0.70
0.52 0.55 0.60 0.55
0.56 0.85 0.60 0.15
0.07 0.78 0.71 0.62
0.63 0.51 0.53 0.63
0.51 0.59 0.59 0.53
0.51 0.92 0.64 0.52
0.51 0.63 0.34 0.86
0.27 0.72 0.52 0.69
0.51 0.97 0.25 0.52
0.61 0.55 0.73 0.07
0.55 0.87 0.13 0.80
0.54 0.66 0.92 0.01
0.63 0.33 0.93 0.55
0.54 0.52 0.56 0.64
0.54 0.56 0.79 0.52
0.55 0.78 0.08 0.90
0.28 0.86 0.77 0.51
0.98 0.67 0.01 0.79
0.55 0.52 0.55 0.53
0.03 0.66 0.61 0.88
0.52 0.54 0.12 0.70
0.62 0.51 0.54 0.76
0.73 0.85 0.04 0.56
0.60 0.52 0.51 0.71
0.66 0.51 0.52 0.61
0.53 0.53 0.78 0.51
0.53 0.59 0.65 0.09
0.56 0.52 0.53 0.54
0.53 0.52 0.87 0.72
0.51 0.70 0.81 0.51
0.18 0.98 0.62 0.86
0.71 0.51 0.58 0.54
0.59 0.74 0.64 0.12
0.51 0.66 0.73 0.51
0.67 0.89 0.01 0.59
0.51 0.61 0.51 0.68
0.75 0.52 0.38 0.65
0.08 0.91 0.69 0.59
0.18 0.91 0.57 0.64
0.54 0.51 0.52 0.69
0.55 0.51 0.58 0.52
0.85 0.24 0.61 0.68
1.00 0.04 0.75 0.72
1.00 0.48 0.87 0.23
0.52 0.89 0.28 0.53
0.52 0.72 0.65 0.52
0.33 0.51 0.54 0.89
0.12 0.90 0.56 0.68
0.51 0.55 0.51 0.68
0.63 0.17 0.80 0.17
0.62 0.36 0.55 0.66
0.52 0.52 0.69 0.67
0.54 0.52 0.81 0.55
0.51 0.67 0.64 0.51
0.51 0.71 0.20 0.56
0.53 0.51 0.77 0.53
0.09 0.78 0.52 0.65
0.79 0.63 0.14 0.56
0.90 0.53 0.71 0.30
0.03 0.64 0.79 0.63
0.53 0.59 0.64 0.01
0.76 0.52 0.52 0.57
0.83 0.52 0.52 0.55
0.58 0.57 0.51 0.23
0.51 0.51 0.94 0.57
0.79 0.85 0.51 0.06
0.57 0.27 0.86 0.62
0.51 0.51 0.87 0.52
0.54 0.57 0.32 0.62
0.51 0.71 0.96 0.35
0.57 0.63 0.03 0.90
0.56 0.51 0.54 0.67
0.39 0.16 0.76 0.71
0.55 0.89 0.06 0.79
0.85 0.87 0.02 0.77
0.41 0.91 0.56 0.56
0.91 0.77 0.51 0.05
0.87 0.68 0.02 0.68
0.57 0.48 0.57 0.82
0.99 0.39 0.59 0.55
0.59 0.23 0.85 0.53
0.87 0.01 0.54 0.60
0.57 0.60 0.52 0.52
0.98 0.66 0.41 0.25
0.52 0.63 0.54 0.53
0.81 0.55 0.72 0.16
0.09 0.78 0.51 0.61
0.10 0.73 0.98 0.51
0.72 0.51 0.68 0.51
0.63 0.51 0.51 0.80
0.42 0.63 0.53 0.56
0.74 0.52 0.52 0.59
0.04 0.87 0.62 0.66
0.72 0.51 0.24 0.64
0.55 0.36 0.84 0.65
0.51 0.55 0.54 0.58
0.53 0.83 0.53 0.55
0.55 0.11 0.83 0.55
0.50 0.80 0.63 0.51
0.55 0.66 0.05 0.69
0.86 0.52 0.53 0.26
0.53 0.52 0.56 0.68
0.32 0.91 0.52 0.54
0.06 0.60 0.58 0.93
0.69 0.15 0.53 0.55
0.56 0.63 0.51 0.54
0.51 0.51 0.68 0.72
0.02 0.85 0.95 0.59
0.67 0.63 0.13 0.65
0.57 0.51 0.54 0.62
0.51 0.79 0.54 0.51
0.51 0.60 0.55 0.52
0.51 0.79 0.51 0.55
0.26 0.89 0.70 0.52
0.94 0.11 0.61 0.55
0.54 0.60 0.53 0.58
0.76 0.89 0.51 0.11
0.54 0.76 0.58 0.51
0.77 0.51 0.42 0.52
0.55 0.21 0.56 0.56
0.75 0.11 0.69 0.61
0.52 0.52 0.66 0.70
0.98 0.55 0.02 0.74
0.38 0.55 0.55 0.58
0.51 0.74 0.63 0.51
0.51 0.51 0.54 0.63
0.51 0.55 0.61 0.57
0.52 0.52 0.61 0.61
0.03 0.84 0.65 0.61
0.60 0.94 0.04 0.87
0.84 0.05 0.92 0.68
0.39 0.71 0.85 0.51
0.49 0.84 0.62 0.55
0.58 0.54 0.52 0.57
0.72 0.52 0.09 0.78
0.52 0.60 0.51 0.66
0.17 0.88 0.73 0.58
0.02 0.95 0.76 0.51
0.88 0.54 0.81 0.16
0.69 0.10 0.58 0.52
0.52 0.84 0.52 0.54
0.51 0.64 0.51 0.61
0.69 0.51 0.06 0.94
0.07 0.64 0.75 0.64
0.64 0.01 0.64 0.70
0.55 0.51 0.51 0.58
0.51 0.54 0.48 0.56
0.20 0.52 0.56 0.77
0.64 0.55 0.58 0.51
0.25 0.52 0.83 0.62
0.53 0.70 0.16 0.54
0.67 0.56 0.71 0.49
0.03 0.56 0.90 0.54
0.51 0.15 0.80 0.95
0.83 0.51 0.02 0.77
0.53 0.52 0.65 0.57
0.01 0.93 0.66 0.90
