400 4
0.98 0.11 0.64 0.81
0.68 1.00 0.55 0.89
0.96 0.85 0.67 0.85
0.60 0.98 0.84 0.87
0.62 0.84 0.71 1.00
0.53 0.69 0.74 0.70
0.89 0.55 0.81 0.92
0.56 0.62 0.58 0.90
0.71 0.88 0.64 0.51
0.88 0.53 0.68 0.82
0.85 0.94 0.52 0.73
0.58 0.52 0.70 0.69
0.60 0.72 0.59 0.72
0.70 0.07 0.72 0.61
0.76 0.86 0.78 0.60
0.82 0.57 0.69 0.55
0.51 0.91 0.89 0.52
0.80 0.58 0.61 0.55
0.56 0.66 0.72 0.61
0.79 0.73 0.88 0.53
0.68 0.76 0.71 0.52
0.51 0.93 0.82 0.61
0.94 0.70 0.60 0.74
0.77 0.75 0.91 0.58
0.72 0.67 0.53 0.92
0.88 0.81 0.57 0.70
0.70 0.53 0.88 0.56
0.64 0.66 1.00 0.01
0.55 0.94 0.67 0.92
0.77 0.70 0.05 0.77
0.67 0.97 0.81 0.51
0.74 0.98 0.54 0.72
0.97 0.51 0.61 0.84
0.81 0.84 0.54 0.52
0.97 0.64 0.56 0.58
0.66 0.51 0.65 0.55
0.52 0.95 0.57 0.67
0.81 0.75 0.69 0.53
0.51 0.88 0.74 0.79
0.85 0.67 0.58 0.76
0.65 0.60 0.62 0.60
0.68 0.98 0.55 0.54
0.66 0.64 0.17 0.55
0.57 0.98 0.59 0.55
0.72 0.54 0.98 0.51
0.55 0.92 0.57 0.86
0.52 0.62 1.00 0.56
0.61 0.63 0.52 0.70
0.53 0.58 0.61 0.71
0.64 0.84 0.69 0.63
0.65 0.64 0.97 0.59
0.52 0.67 0.72 0.56
0.75 0.58 0.56 0.56
0.59 0.28 0.68 0.95
0.59 0.57 0.60 0.03
0.54 0.75 0.70 0.65
0.54 0.73 0.63 0.67
0.71 0.51 0.61 0.85
0.52 0.57 0.93 0.84
0.66 0.62 0.54 0.66
0.98 0.53 0.53 0.77
0.71 0.53 0.59 0.61
0.63 0.83 0.56 0.60
0.56 0.61 0.95 0.63
0.84 0.58 0.53 0.53
0.59 0.70 0.54 0.59
0.51 0.99 0.69 0.65
0.55 0.89 0.83 0.54
0.57 0.86 0.59 0.70
0.66 0.57 0.56 0.79
0.51 0.66 0.53 0.72
0.74 0.52 0.60 0.64
0.56 0.68 0.53 0.65
0.96 0.53 0.64 0.54
0.79 0.44 0.67 1.00
0.59 0.55 0.40 0.77
0.53 0.79 0.51 0.85
0.71 0.51 0.88 0.51
0.57 0.65 0.92 0.57
0.77 0.54 0.52 0.62
0.44 0.71 0.92 0.54
0.51 0.66 0.82 0.66
0.71 0.95 0.59 0.52
0.55 0.65 0.75 0.60
0.61 0.56 0.75 0.51
0.53 0.52 0.82 0.74
0.55 0.65 0.94 0.56
0.52 0.64 0.78 0.95
0.56 0.97 0.34 0.89
0.92 0.34 0.64 0.78
0.54 0.52 0.69 1.00
0.64 0.60 0.53 0.53
0.70 0.52 0.64 0.52
0.54 0.63 0.97 0.61
0.72 0.52 0.97 0.15
0.60 0.56 0.58 0.65
0.51 0.56 0.89 0.75
0.53 0.67 0.64 0.63
0.51 0.51 0.60 0.93
0.82 0.84 0.04 0.86
0.82 0.53 0.52 0.96
0.57 0.52 0.97 0.53
0.51 0.79 0.57 0.67
0.60 0.76 0.47 0.71
0.53 0.53 0.61 0.89
0.84 0.74 0.52 0.52
0.80 0.54 0.62 0.57
0.53 0.99 0.05 0.71
0.55 0.54 0.65 0.65
0.58 0.52 0.76 0.64
0.53 0.51 0.88 0.65
0.58 0.63 0.55 0.61
0.49 0.95 0.72 0.94
0.56 0.55 0.94 0.57
0.52 0.74 0.79 0.55
0.53 0.61 0.98 0.52
0.65 0.69 0.51 0.73
0.57 0.97 0.71 0.54
0.57 0.82 0.67 0.62
0.91 0.52 0.62 0.58
0.41 0.73 0.71 0.97
0.82 0.54 0.90 0.25
0.55 0.60 0.78 0.63
0.66 0.56 0.52 0.59
0.51 0.91 0.78 0.59
0.32 0.54 0.69 0.69
0.51 0.59 0.61 0.63
0.65 0.52 0.34 0.59
0.58 0.68 0.76 0.53
0.84 0.51 0.54 0.64
0.60 0.64 0.51 0.72
0.53 0.55 0.53 1.00
0.62 0.20 0.63 0.60
0.53 0.64 0.52 0.70
0.84 0.88 0.52 0.51
0.54 0.77 0.62 0.51
0.52 0.93 0.54 0.70
0.60 0.51 0.63 0.84
0.55 0.61 0.54 0.82
0.58 0.54 0.72 0.58
0.14 0.72 0.97 0.69
0.64 0.84 0.32 0.72
0.60 0.12 0.86 0.91
0.57 0.61 0.58 0.75
0.52 0.52 0.64 0.55
0.63 0.51 0.22 0.80
0.58 0.03 0.97 0.60
1.00 0.53 0.22 0.75
0.53 0.83 0.93 0.51
0.57 0.65 0.72 0.52
0.84 0.04 0.79 0.55
0.05 0.57 0.97 0.74
0.52 0.84 0.67 0.18
0.58 0.57 0.70 0.52
0.42 0.64 0.71 0.59
0.57 0.56 0.52 0.82
0.52 0.82 0.52 0.68
0.51 0.76 0.52 0.60
0.71 0.84 0.16 0.85
0.51 0.64 0.62 0.57
0.53 0.71 0.67 0.51
0.27 0.81 0.72 0.60
0.48 0.89 0.66 0.55
0.55 0.93 0.57 0.52
0.56 0.67 0.51 0.96
0.79 0.96 0.02 0.72
0.60 0.51 0.58 0.89
0.55 0.58 0.54 0.71
0.54 0.61 0.81 0.53
0.55 0.54 0.56 0.74
0.28 0.76 0.80 0.99
0.52 0.48 0.56 0.53
0.57 0.69 0.51 0.88
0.62 0.93 0.53 0.59
0.51 0.55 0.95 0.56
0.37 0.61 0.84 0.62
0.55 0.68 0.59 0.31
0.51 0.84 0.77 0.52
0.56 0.64 0.79 0.51
0.62 0.51 0.51 0.60
0.51 0.52 0.65 0.64
0.66 0.54 0.85 0.51
0.53 0.41 0.87 0.70
0.40 0.83 0.55 0.83
0.51 0.93 0.51 0.69
0.45 1.00 0.72 0.57
0.04 0.94 0.67 0.82
0.26 0.90 0.67 0.92
0.51 0.60 0.71 0.10
0.75 0.66 0.54 0.52
0.56 0.78 0.25 0.80
0.53 0.31 0.83 0.89
0.78 0.54 0.51 0.48
0.10 0.72 0.68 0.85
0.52 0.58 0.54 0.83
0.53 0.73 0.19 0.98
0.53 0.66 0.51 0.81
0.60 0.60 0.55 0.67
0.56 0.69 0.55 0.32
0.69 0.66 0.59 0.51
0.52 0.09 0.99 0.67
0.20 0.77 0.76 0.81
0.55 0.94 0.51 0.55
0.52 0.62 0.51 0.89
0.54 0.85 0.51 0.62
0.90 0.61 0.57 0.18
0.96 0.07 0.67 0.74
0.69 0.68 0.58 0.31
0.56 0.32 0.55 0.53
0.56 0.87 0.13 0.95
0.08 0.89 0.66 0.90
0.66 0.55 0.79 0.51
0.62 0.86 0.52 0.53
0.46 0.60 0.93 0.52
0.85 0.53 0.63 0.52
0.57 0.89 0.53 0.52
0.52 0.75 0.65 0.52
0.60 0.70 0.54 0.52
0.18 0.59 0.84 0.62
0.59 0.64 0.12 0.61
0.51 0.57 0.63 0.67
0.84 0.55 0.16 0.98
0.74 0.38 0.51 0.57
0.51 0.78 0.61 0.53
0.73 0.56 0.54 0.54
0.69 0.68 0.08 0.59
0.85 0.25 0.60 0.93
0.54 0.72 0.01 0.87
0.82 0.56 0.63 0.41
0.54 0.54 0.54 0.91
0.63 0.64 0.52 0.56
0.70 0.03 0.80 0.81
0.23 0.68 0.69 0.71
0.57 0.62 0.53 0.71
0.51 0.62 0.68 0.52
0.58 0.54 0.54 0.57
0.71 0.56 0.57 0.51
0.55 0.67 0.51 0.61
0.38 0.75 0.51 0.80
0.51 0.51 0.67 0.54
0.57 0.73 0.53 0.58
0.54 0.72 0.52 0.59
0.31 0.52 0.61 0.98
0.66 0.82 0.14 0.52
0.57 0.25 0.61 0.68
0.05 0.90 0.80 0.96
0.55 0.14 0.97 0.97
0.54 0.72 0.55 0.51
0.61 0.89 0.52 0.54
0.70 0.63 0.54 0.52
0.96 0.19 0.70 0.59
0.51 0.65 0.51 0.89
0.51 0.55 0.93 0.53
0.55 0.16 0.69 0.58
0.54 0.58 0.53 0.87
0.83 0.11 0.85 0.59
0.16 0.77 0.91 0.53
0.72 0.63 0.51 0.56
0.93 0.18 0.77 0.52
0.63 0.58 0.43 0.73
0.38 0.51 0.94 0.83
0.53 0.63 0.52 0.59
0.65 0.68 0.54 0.51
0.56 0.51 0.19 0.82
0.61 0.54 0.64 0.52
0.24 0.72 0.62 0.77
0.21 0.80 0.59 0.79
0.53 0.71 0.57 0.51
0.59 0.60 0.15 0.63
0.57 0.52 0.54 0.71
0.26 0.94 0.77 0.53
0.72 0.72 0.54 0.12
0.93 0.94 0.78 0.02
0.52 0.77 0.52 0.58
0.52 0.82 0.59 0.51
0.12 0.72 0.65 0.85
0.62 0.53 0.54 0.54
0.64 0.05 0.72 0.91
0.43 0.58 0.65 0.91
0.60 0.52 0.81 0.51
0.56 0.52 0.52 0.62
0.36 0.54 1.00 0.53
0.19 0.53 0.80 0.87
0.51 0.51 0.59 0.88
0.60 0.15 0.54 0.74
0.51 0.57 0.74 0.51
0.11 0.68 0.72 0.94
0.51 0.66 0.52 0.69
0.32 0.47 0.62 0.83
0.67 0.99 0.54 0.50
0.52 0.18 0.79 0.90
0.63 0.21 0.52 0.96
0.11 0.84 0.53 0.87
0.10 0.81 1.00 0.54
0.57 0.66 0.06 0.58
0.53 0.53 0.51 0.87
0.51 0.56 0.92 0.52
0.64 0.81 0.36 0.57
0.84 0.51 0.51 0.51
0.51 0.63 0.53 0.56
0.03 0.76 0.67 0.63
0.25 1.00 0.86 0.61
0.53 0.63 0.13 0.99
0.72 0.57 0.53 0.52
0.51 0.56 0.75 0.53
0.66 0.68 0.51 0.53
0.52 0.60 0.51 0.51
0.38 0.99 0.80 0.52
0.51 0.57 0.54 0.59
0.01 0.87 0.99 0.57
0.51 0.51 0.64 0.63
0.51 0.55 0.55 0.93
0.34 0.81 0.61 0.65
0.90 0.61 0.59 0.02
0.60 0.56 0.54 0.36
0.80 0.11 0.71 0.54
0.07 0.62 0.81 0.94
0.87 0.99 0.01 0.85
0.73 0.58 0.53 0.35
0.67 0.02 0.54 0.72
0.67 0.52 0.31 0.57
0.05 0.82 0.50 0.61
0.16 0.65 0.71 0.97
0.72 0.60 0.58 0.25
0.61 0.52 0.53 0.54
0.22 0.73 0.83 0.67
0.53 0.64 0.48 0.65
0.65 0.54 0.77 0.51
0.56 0.56 0.37 0.81
0.03 0.64 0.73 0.91
0.60 0.53 0.15 0.94
0.28 0.67 0.56 0.59
0.53 0.87 0.24 0.85
0.20 0.53 0.82 0.84
0.54 0.51 0.76 0.51
0.23 0.52 0.61 0.94
0.65 0.53 0.63 0.51
0.27 0.91 0.89 0.59
0.33 0.96 0.67 0.54
0.52 0.72 0.27 0.85
0.67 0.52 0.90 0.21
0.65 0.79 0.56 0.09
0.07 0.55 0.86 0.51
0.54 0.59 0.52 0.62
0.79 0.64 0.32 0.51
0.61 0.53 0.59 0.03
0.58 0.54 0.78 0.20
0.51 0.53 0.52 0.99
0.81 0.49 0.93 0.52
0.51 0.61 0.51 0.63
0.69 0.54 0.51 0.29
0.81 0.75 0.10 0.53
0.08 0.62 0.78 0.87
0.51 0.63 0.56 0.52
0.23 0.79 0.65 0.54
0.67 0.59 0.51 0.54
0.14 0.81 0.60 0.81
0.51 0.53 0.53 0.66
0.65 0.04 0.57 0.67
0.77 0.31 0.82 0.52
0.53 0.38 0.56 0.58
0.68 0.52 0.11 0.62
0.28 0.59 0.53 0.93
0.51 0.41 0.58 0.95
0.20 0.67 0.02 1.00
0.64 0.54 0.12 0.53
0.23 0.53 0.65 0.60
0.81 0.02 0.83 0.53
0.03 0.73 0.65 0.87
0.75 0.89 0.05 0.65
0.53 0.54 0.80 0.52
0.55 0.78 0.70 0.29
0.85 0.31 0.17 0.56
0.53 0.53 0.82 0.51
0.54 0.58 0.52 0.59
0.63 0.13 0.93 0.84
0.18 0.52 0.60 0.91
0.61 0.61 0.50 0.52
0.51 0.52 0.41 0.81
0.53 0.51 0.75 0.46
0.71 0.51 0.73 0.52
0.58 0.26 0.52 0.77
0.06 0.57 0.97 0.71
0.95 0.59 0.03 0.51
0.55 0.53 0.52 0.59
0.61 0.17 0.63 0.15
0.14 0.68 0.71 0.97
0.31 0.66 0.10 0.51
0.88 0.42 0.55 0.52
0.51 0.85 0.68 0.16
0.74 0.05 0.98 0.51
0.83 0.53 0.58 0.52
0.60 0.57 0.51 0.65
0.11 1.00 0.54 0.53
0.54 0.01 0.54 0.90
0.96 0.71 0.01 0.83
0.19 0.64 0.67 0.60
0.73 0.94 0.04 0.63
0.51 0.56 0.51 0.57
0.72 0.26 0.53 0.71
