400 4
0.95 0.07 0.29 0.92
0.84 0.71 0.77 0.93
0.65 0.91 0.78 0.85
0.82 0.58 0.56 0.68
0.77 0.96 0.66 0.63
0.76 0.74 0.90 0.91
0.99 0.87 0.06 0.81
0.54 0.92 0.77 0.64
0.58 0.57 0.58 0.71
0.64 0.56 0.71 0.64
0.88 0.62 0.79 0.60
0.52 0.96 0.77 0.77
0.57 0.86 0.57 0.70
0.53 0.60 0.58 0.82
0.78 0.81 0.70 0.64
0.81 0.81 0.66 0.60
0.72 0.72 0.52 0.92
0.85 0.56 0.70 0.84
0.86 0.59 0.54 0.59
0.87 0.81 0.54 0.57
0.68 0.90 0.98 0.63
0.60 0.92 0.84 0.57
0.99 0.58 0.62 0.52
0.90 0.54 0.99 0.86
0.59 0.95 0.86 0.61
0.92 0.53 1.00 0.65
0.99 0.51 0.60 0.68
0.69 0.89 0.55 0.74
0.66 0.55 0.97 0.78
0.80 0.86 0.53 0.90
0.61 0.74 0.93 0.63
0.62 0.89 0.46 0.65
0.73 0.84 0.91 0.55
0.82 0.94 0.61 0.53
0.89 0.78 0.78 0.53
0.71 0.57 0.88 0.60
0.53 0.71 0.99 0.74
0.56 0.91 0.60 0.54
0.60 0.74 0.57 0.73
0.62 0.65 0.52 0.88
0.84 0.55 0.73 0.71
0.59 0.51 0.52 0.96
0.69 0.51 0.61 0.70
0.97 0.56 0.52 0.82
0.69 0.98 0.61 0.52
1.00 0.55 0.85 0.64
0.91 0.93 0.68 0.51
0.60 0.77 0.90 0.57
0.75 0.53 0.78 0.63
0.77 0.64 0.55 0.60
0.68 0.54 0.87 0.70
0.52 0.99 0.93 0.51
0.54 0.64 0.68 0.74
0.82 0.84 0.52 0.76
0.77 0.69 0.86 0.58
0.79 0.56 0.55 0.62
0.87 0.52 0.89 0.52
0.78 0.51 0.55 0.85
0.67 0.53 0.79 0.82
0.65 0.51 0.91 0.82
0.64 0.58 0.67 0.65
0.53 0.95 0.74 0.68
0.62 0.56 0.73 0.74
0.54 0.71 0.53 0.53
0.67 0.73 0.18 0.64
0.97 0.60 0.69 0.57
0.89 0.52 0.62 0.68
0.78 0.56 0.60 0.73
0.89 0.60 0.51 0.59
0.71 0.70 0.53 0.78
0.95 0.77 0.61 0.18
0.56 0.88 0.52 0.86
0.79 0.56 0.52 0.54
0.65 0.51 0.59 0.84
0.58 0.61 0.89 0.69
0.61 0.51 0.95 0.75
0.66 0.94 0.51 0.61
0.56 0.61 0.86 0.75
0.65 0.63 0.93 0.61
0.71 0.56 0.83 0.51
0.52 0.57 0.59 0.88
0.52 0.94 0.72 0.60
0.72 0.54 0.86 0.66
0.51 0.78 0.99 0.79
0.52 0.64 0.94 0.64
0.53 0.78 0.99 0.52
0.49 0.73 0.79 0.96
0.58 0.66 0.78 0.68
0.81 0.72 0.75 0.51
1.00 0.53 0.56 0.69
0.88 0.69 0.53 0.52
0.77 0.94 0.10 0.96
0.58 0.59 0.87 0.67
0.83 0.69 0.51 0.84
0.78 0.55 0.95 0.56
0.93 0.61 0.64 0.16
0.53 0.74 0.90 0.66
0.78 0.52 0.71 0.62
0.60 0.68 0.40 0.79
0.62 0.52 0.66 0.77
0.90 0.19 0.54 0.97
0.61 0.61 0.55 0.86
0.90 0.98 0.51 0.56
0.85 0.52 0.56 0.52
0.20 0.95 0.88 0.56
0.59 0.84 0.74 0.19
0.84 0.53 0.59 0.83
0.56 0.56 0.88 0.60
0.57 0.59 0.72 0.76
0.65 0.54 0.74 0.58
0.70 0.67 0.89 0.35
0.89 0.47 0.92 0.81
0.61 0.55 0.56 0.75
0.62 0.69 0.51 0.78
0.55 0.55 0.73 0.67
0.84 0.66 0.17 0.56
0.69 0.53 0.93 0.22
0.64 0.74 0.61 0.51
0.97 0.43 0.58 0.87
0.74 0.86 0.59 0.52
0.13 0.85 0.73 0.53
0.75 0.69 0.55 0.69
0.13 0.83 0.75 0.74
0.64 0.91 0.66 0.50
0.74 0.93 0.06 0.55
0.66 0.52 0.78 0.59
0.68 0.66 0.54 0.76
0.70 0.54 0.79 0.56
0.73 0.69 0.59 0.53
0.51 0.76 0.66 0.94
0.52 0.95 0.53 0.61
0.52 0.59 0.79 0.69
0.60 0.56 0.52 0.70
0.84 0.55 0.91 0.53
0.64 0.56 0.64 0.63
0.54 0.51 0.99 0.87
0.62 0.51 0.51 0.54
0.56 0.54 0.77 0.81
0.67 0.59 0.60 0.51
0.56 0.56 0.57 0.63
0.59 0.55 0.59 0.59
0.51 0.65 0.85 0.52
0.62 0.63 0.23 0.99
0.54 0.93 0.53 0.52
0.71 0.60 0.81 0.46
0.53 0.84 0.61 0.62
0.51 0.17 0.76 0.99
0.54 0.84 0.51 0.56
0.52 0.92 0.57 0.76
0.51 0.57 0.84 0.51
0.52 0.65 0.83 0.54
0.54 0.74 0.62 0.52
0.61 0.56 0.51 0.76
0.57 0.52 0.82 0.77
0.33 0.97 0.60 0.74
0.65 0.59 0.64 0.53
0.85 0.59 0.44 0.53
0.59 0.89 0.52 0.53
0.60 0.64 0.51 0.73
0.53 0.57 0.53 0.52
0.33 0.63 0.68 0.71
0.53 0.55 0.95 0.67
0.72 0.28 0.78 0.63
0.64 0.10 0.88 0.52
0.51 0.88 0.72 0.05
0.54 0.96 0.69 0.22
0.54 0.53 0.76 0.56
0.60 0.56 0.78 0.53
0.63 0.59 0.44 0.54
0.54 0.56 0.59 0.66
0.56 0.51 0.97 0.62
0.56 0.51 0.96 0.76
0.51 0.15 0.86 0.55
0.53 0.64 0.52 0.77
0.96 0.46 0.85 0.62
0.70 0.71 0.94 0.20
0.53 0.55 0.68 0.66
0.67 0.55 0.69 0.51
0.52 0.78 0.65 0.67
0.63 0.62 0.74 0.51
0.51 0.56 0.67 0.70
0.79 0.82 0.52 0.42
0.99 0.70 0.55 0.51
0.54 0.52 0.64 0.96
0.52 0.58 0.56 0.65
0.72 0.09 0.72 0.53
0.65 0.88 0.56 0.12
0.57 0.61 0.35 0.91
0.81 0.08 0.83 0.80
0.64 0.81 0.76 0.44
0.53 0.55 0.88 0.52
0.92 0.16 0.67 0.51
0.98 0.59 0.06 0.09
0.05 0.69 0.73 0.51
0.51 0.53 0.82 0.90
0.15 0.61 0.84 0.97
0.10 0.83 0.27 0.85
0.53 0.54 0.65 0.54
0.51 0.97 0.60 0.56
0.89 0.56 0.52 0.52
0.82 0.59 0.72 0.33
0.55 0.27 0.77 0.75
0.55 0.75 0.51 0.73
0.53 0.55 0.60 0.67
0.71 0.69 0.62 0.38
0.51 0.87 0.54 0.80
0.82 0.86 0.99 0.15
0.51 0.96 0.51 0.77
0.57 0.51 0.84 0.53
0.51 0.52 0.83 0.58
0.97 0.41 0.56 0.85
0.51 0.94 0.63 0.71
0.90 0.30 0.57 0.53
0.56 0.60 0.51 0.58
0.35 0.62 0.93 0.69
0.60 0.14 0.57 0.96
0.78 0.57 0.52 0.53
0.88 0.78 0.16 0.55
0.54 0.74 0.20 0.92
0.63 0.71 0.62 0.51
0.90 0.66 0.07 0.95
0.02 0.62 0.76 0.89
0.83 0.53 0.71 0.51
0.58 0.76 0.53 0.51
0.81 0.58 0.91 0.22
0.58 0.52 0.60 0.64
0.96 0.67 0.62 0.12
0.93 0.67 0.57 0.51
0.51 0.94 0.06 0.58
0.74 0.83 0.54 0.49
0.56 0.37 0.57 0.63
0.46 0.57 0.78 0.59
0.51 0.80 0.62 0.75
0.52 0.55 0.97 0.51
0.61 0.52 0.65 0.58
0.55 0.57 0.52 0.67
0.72 0.72 0.04 0.81
0.52 0.65 0.66 0.55
0.60 0.76 0.40 0.57
0.61 0.52 0.57 0.62
0.61 0.21 0.53 0.96
0.58 0.56 0.56 0.88
0.52 0.05 0.98 0.67
0.83 0.60 0.56 0.51
0.58 0.27 0.54 0.78
0.52 0.53 0.97 0.52
0.51 0.55 0.65 0.82
0.53 0.93 0.51 0.55
0.54 0.78 0.16 0.91
0.34 0.61 0.54 0.66
0.76 0.70 0.52 0.29
0.52 0.56 0.53 0.89
0.61 0.68 0.25 0.65
0.51 0.52 0.71 0.63
0.51 0.60 0.58 0.90
0.53 0.53 0.59 0.81
0.06 0.79 0.68 0.61
0.23 0.53 0.75 0.94
0.63 0.66 0.73 0.51
0.63 0.52 0.09 0.65
0.80 0.52 0.74 0.51
0.97 0.53 0.70 0.31
0.53 0.62 0.52 0.74
0.60 0.71 0.84 0.33
0.51 0.20 0.68 0.06
0.85 0.01 0.29 0.74
0.12 0.65 0.69 0.94
0.53 0.52 0.18 0.58
0.86 0.56 0.57 0.02
0.51 0.90 0.60 0.65
0.88 0.54 0.53 0.52
0.92 0.83 0.07 0.40
0.51 0.61 0.61 0.54
0.52 0.63 0.23 0.80
0.52 0.65 0.54 0.51
0.33 0.63 0.37 0.67
0.51 0.56 0.13 0.59
0.52 0.69 0.27 0.52
0.57 0.56 0.58 0.56
0.61 0.74 0.99 0.02
0.76 0.84 0.03 0.54
0.57 0.09 0.97 0.58
0.01 0.80 0.99 0.56
0.33 0.59 0.63 0.52
0.31 0.56 0.98 0.51
0.83 0.23 0.59 0.85
0.40 0.55 0.80 0.53
0.76 0.24 0.58 0.94
0.51 0.74 0.59 0.58
0.71 0.01 0.57 0.71
0.53 0.21 0.66 0.60
0.79 0.23 0.58 0.62
0.51 0.71 0.57 0.51
0.52 0.01 0.82 0.72
0.59 0.80 0.09 0.74
0.03 0.78 0.97 0.74
0.54 0.01 0.82 0.69
0.72 0.98 0.04 0.59
0.75 0.51 0.83 0.02
0.79 0.68 0.67 0.40
0.65 0.59 0.53 0.51
0.09 0.63 0.61 0.75
0.73 0.86 0.54 0.17
0.70 0.97 0.51 0.51
0.62 0.67 0.52 0.52
0.79 0.54 0.03 0.66
0.40 0.57 0.51 0.77
0.22 0.65 0.80 0.54
0.07 0.58 0.83 0.87
0.51 0.54 0.51 0.77
0.61 0.09 0.61 0.80
0.55 0.53 0.63 0.55
0.52 0.57 0.56 0.57
0.52 0.55 0.03 0.76
0.01 0.99 0.70 0.62
0.72 0.51 0.65 0.10
0.69 0.04 0.58 0.88
0.37 0.54 0.74 0.84
0.60 0.07 0.64 0.96
0.72 0.65 0.52 0.53
0.61 0.20 0.62 0.59
0.55 0.51 0.51 0.68
0.54 0.51 0.65 0.79
0.53 0.51 0.60 0.83
0.91 0.55 0.46 0.51
0.78 0.55 0.59 0.52
0.22 0.86 0.56 0.80
0.62 0.84 0.02 0.79
0.34 0.90 0.51 0.53
0.52 0.65 0.52 0.58
0.21 0.83 0.63 0.54
0.03 0.92 0.59 0.56
0.81 0.51 0.23 0.82
0.88 0.52 0.53 0.51
0.34 0.59 0.62 0.82
0.73 0.59 0.92 0.04
0.67 0.51 0.61 0.53
0.54 0.64 0.58 0.51
0.55 0.47 0.54 0.71
0.68 0.61 0.65 0.09
0.34 0.71 0.01 0.95
0.15 0.74 0.66 0.58
0.59 0.03 0.65 0.66
0.51 0.58 0.67 0.51
0.01 0.67 0.93 0.56
0.91 0.06 0.81 0.52
0.92 0.84 0.56 0.13
0.71 0.59 0.62 0.20
0.54 0.51 0.55 0.64
0.57 0.72 0.57 0.38
0.02 0.76 0.92 0.52
0.56 0.84 0.54 0.43
0.89 0.97 0.51 0.50
0.91 0.73 0.89 0.01
0.17 0.53 0.94 0.67
0.03 0.72 0.53 0.56
0.32 0.89 0.63 0.52
0.02 0.67 0.52 0.78
0.51 0.74 0.55 0.55
0.67 0.36 0.54 0.53
0.96 0.02 0.58 0.63
0.60 0.56 0.62 0.54
0.58 0.56 0.54 0.55
0.52 0.54 0.52 0.56
0.44 0.57 0.56 0.75
0.68 0.69 0.97 0.05
0.90 0.89 0.43 0.51
0.89 0.51 0.03 0.95
0.55 0.13 0.78 0.82
0.76 0.60 0.66 0.06
0.80 0.10 0.63 0.57
0.05 0.54 0.65 0.66
0.84 0.94 0.51 0.51
0.60 0.60 0.51 0.54
0.61 0.01 0.80 0.66
0.69 0.53 0.54 0.03
0.79 0.40 0.53 0.67
0.62 0.87 0.63 0.24
0.61 0.69 0.53 0.47
0.63 0.69 0.52 0.50
0.52 0.63 0.57 0.55
0.77 0.01 0.78 0.69
0.54 0.56 0.56 0.54
0.63 0.62 0.64 0.51
0.58 0.02 0.55 0.86
0.56 0.90 0.51 0.46
0.04 0.71 0.77 0.66
0.29 0.52 0.59 0.76
0.75 0.22 0.53 0.76
0.51 0.53 0.52 0.54
0.75 0.13 0.70 0.55
0.11 0.51 0.96 0.94
0.02 0.79 0.91 0.69
0.55 0.54 0.67 0.53
0.89 0.53 0.51 0.52
0.55 0.03 0.86 0.51
0.53 0.51 0.66 0.52
0.07 0.79 0.51 0.63
0.54 0.16 0.79 0.80
0.51 0.52 0.53 0.61
