400 4
95 7 29 92
84 71 77 93
65 91 78 85
82 58 56 68
77 96 66 63
76 74 90 91
99 87 6 81
54 92 77 64
58 57 58 71
64 56 71 64
88 62 79 60
52 96 77 77
57 86 57 70
53 60 58 82
78 81 70 64
81 81 66 60
72 72 52 92
85 56 70 84
86 59 54 59
87 81 54 57
68 90 98 63
60 92 84 57
99 58 62 52
90 54 99 86
59 95 86 61
92 53 100 65
99 51 60 68
69 89 55 74
66 55 97 78
80 86 53 90
61 74 93 63
62 89 46 65
73 84 91 55
82 94 61 53
89 78 78 53
71 57 88 60
53 71 99 74
56 91 60 54
60 74 57 73
62 65 52 88
84 55 73 71
59 51 52 96
69 51 61 70
97 56 52 82
69 98 61 52
100 55 85 64
91 93 68 51
60 77 90 57
75 53 78 63
77 64 55 60
68 54 87 70
52 99 93 51
54 64 68 74
82 84 52 76
77 69 86 58
79 56 55 62
87 52 89 52
78 51 55 85
67 53 79 82
65 51 91 82
64 58 67 65
53 95 74 68
62 56 73 74
54 71 53 53
67 73 18 64
97 60 69 57
89 52 62 68
78 56 60 73
89 60 51 59
71 70 53 78
95 77 61 18
56 88 52 86
79 56 52 54
65 51 59 84
58 61 89 69
61 51 95 75
66 94 51 61
56 61 86 75
65 63 93 61
71 56 83 51
52 57 59 88
52 94 72 60
72 54 86 66
51 78 99 79
52 64 94 64
53 78 99 52
49 73 79 96
58 66 78 68
81 72 75 51
100 53 56 69
88 69 53 52
77 94 10 96
58 59 87 67
83 69 51 84
78 55 95 56
93 61 64 16
53 74 90 66
78 52 71 62
60 68 40 79
62 52 66 77
90 19 54 97
61 61 55 86
90 98 51 56
85 52 56 52
20 95 88 56
59 84 74 19
84 53 59 83
56 56 88 60
57 59 72 76
65 54 74 58
70 67 89 35
89 47 92 81
61 55 56 75
62 69 51 78
55 55 73 67
84 66 17 56
69 53 93 22
64 74 61 51
97 43 58 87
74 86 59 52
13 85 73 53
75 69 55 69
13 83 75 74
64 91 66 50
74 93 6 55
66 52 78 59
68 66 54 76
70 54 79 56
73 69 59 53
51 76 66 94
52 95 53 61
52 59 79 69
60 56 52 70
84 55 91 53
64 56 64 63
54 51 99 87
62 51 51 54
56 54 77 81
67 59 60 51
56 56 57 63
59 55 59 59
51 65 85 52
62 63 23 99
54 93 53 52
71 60 81 46
53 84 61 62
51 17 76 99
54 84 51 56
52 92 57 76
51 57 84 51
52 65 83 54
54 74 62 52
61 56 51 76
57 52 82 77
33 97 60 74
65 59 64 53
85 59 44 53
59 89 52 53
60 64 51 73
53 57 53 52
33 63 68 71
53 55 95 67
72 28 78 63
64 10 88 52
51 88 72 5
54 96 69 22
54 53 76 56
60 56 78 53
63 59 44 54
54 56 59 66
56 51 97 62
56 51 96 76
51 15 86 55
53 64 52 77
96 46 85 62
70 71 94 20
53 55 68 66
67 55 69 51
52 78 65 67
63 62 74 51
51 56 67 70
79 82 52 42
99 70 55 51
54 52 64 96
52 58 56 65
72 9 72 53
65 88 56 12
57 61 35 91
81 8 83 80
64 81 76 44
53 55 88 52
92 16 67 51
98 59 6 9
5 69 73 51
51 53 82 90
15 61 84 97
10 83 27 85
53 54 65 54
51 97 60 56
89 56 52 52
82 59 72 33
55 27 77 75
55 75 51 73
53 55 60 67
71 69 62 38
51 87 54 80
82 86 99 15
51 96 51 77
57 51 84 53
51 52 83 58
97 41 56 85
51 94 63 71
90 30 57 53
56 60 51 58
35 62 93 69
60 14 57 96
78 57 52 53
88 78 16 55
54 74 20 92
63 71 62 51
90 66 7 95
2 62 76 89
83 53 71 51
58 76 53 51
81 58 91 22
58 52 60 64
96 67 62 12
93 67 57 51
51 94 6 58
74 83 54 49
56 37 57 63
46 57 78 59
51 80 62 75
52 55 97 51
61 52 65 58
55 57 52 67
72 72 4 81
52 65 66 55
60 76 40 57
61 52 57 62
61 21 53 96
58 56 56 88
52 5 98 67
83 60 56 51
58 27 54 78
52 53 97 52
51 55 65 82
53 93 51 55
54 78 16 91
34 61 54 66
76 70 52 29
52 56 53 89
61 68 25 65
51 52 71 63
51 60 58 90
53 53 59 81
6 79 68 61
23 53 75 94
63 66 73 51
63 52 9 65
80 52 74 51
97 53 70 31
53 62 52 74
60 71 84 33
51 20 68 6
85 1 29 74
12 65 69 94
53 52 18 58
86 56 57 2
51 90 60 65
88 54 53 52
92 83 7 40
51 61 61 54
52 63 23 80
52 65 54 51
33 63 37 67
51 56 13 59
52 69 27 52
57 56 58 56
61 74 99 2
76 84 3 54
57 9 97 58
1 80 99 56
33 59 63 52
31 56 98 51
83 23 59 85
40 55 80 53
76 24 58 94
51 74 59 58
71 1 57 71
53 21 66 60
79 23 58 62
51 71 57 51
52 1 82 72
59 80 9 74
3 78 97 74
54 1 82 69
72 98 4 59
75 51 83 2
79 68 67 40
65 59 53 51
9 63 61 75
73 86 54 17
70 97 51 51
62 67 52 52
79 54 3 66
40 57 51 77
22 65 80 54
7 58 83 87
51 54 51 77
61 9 61 80
55 53 63 55
52 57 56 57
52 55 3 76
1 99 70 62
72 51 65 10
69 4 58 88
37 54 74 84
60 7 64 96
72 65 52 53
61 20 62 59
55 51 51 68
54 51 65 79
53 51 60 83
91 55 46 51
78 55 59 52
22 86 56 80
62 84 2 79
34 90 51 53
52 65 52 58
21 83 63 54
3 92 59 56
81 51 23 82
88 52 53 51
34 59 62 82
73 59 92 4
67 51 61 53
54 64 58 51
55 47 54 71
68 61 65 9
34 71 1 95
15 74 66 58
59 3 65 66
51 58 67 51
1 67 93 56
91 6 81 52
92 84 56 13
71 59 62 20
54 51 55 64
57 72 57 38
2 76 92 52
56 84 54 43
89 97 51 50
91 73 89 1
17 53 94 67
3 72 53 56
32 89 63 52
2 67 52 78
51 74 55 55
67 36 54 53
96 2 58 63
60 56 62 54
58 56 54 55
52 54 52 56
44 57 56 75
68 69 97 5
90 89 43 51
89 51 3 95
55 13 78 82
76 60 66 6
80 10 63 57
5 54 65 66
84 94 51 51
60 60 51 54
61 1 80 66
69 53 54 3
79 40 53 67
62 87 63 24
61 69 53 47
63 69 52 50
52 63 57 55
77 1 78 69
54 56 56 54
63 62 64 51
58 2 55 86
56 90 51 46
4 71 77 66
29 52 59 76
75 22 53 76
51 53 52 54
75 13 70 55
11 51 96 94
2 79 91 69
55 54 67 53
89 53 51 52
55 3 86 51
53 51 66 52
7 79 51 63
54 16 79 80
51 52 53 61
