20 10 
54 99 10 74 61 15 72 5 24 44
19 90 96 78 75 12 93 94 65 98
41 40 64 28 63 23 33 89 66 65
59 38 23 99 99 48 94 83 63 49
80 59 4 9 48 19 76 4 49 8
38 60 33 78 95 69 20 42 63 22
59 42 74 19 18 13 94 54 75 22
41 49 86 46 88 95 64 28 27 92
4 63 87 12 33 77 1 54 44 41
70 65 8 27 85 44 75 22 79 57
96 70 18 32 55 89 20 85 56 35
56 79 92 25 0 61 56 40 99 93
21 68 70 91 87 28 73 10 41 36
84 16 26 2 87 19 91 73 88 11
43 75 94 37 0 62 12 46 92 79
7 21 43 37 60 92 22 95 100 20
46 44 97 42 52 25 2 10 64 40
47 3 61 13 13 8 93 99 28 22
14 46 20 21 42 98 32 13 79 83
53 59 20 4 38 91 72 69 41 4
