20 10 
31 90 60 36 18 35 7 75 96 56
61 20 6 2 53 1 94 3 89 44
10 28 30 22 51 77 28 20 3 6
42 91 18 42 19 39 86 59 74 43
3 44 75 84 16 6 25 64 83 49
12 68 99 2 97 28 100 48 88 91
64 38 3 45 9 73 28 99 87 28
83 7 74 55 51 62 80 52 27 82
54 9 60 37 49 5 24 73 11 65
68 60 34 63 97 6 60 42 60 10
52 33 11 40 5 66 16 2 36 92
0 2 55 0 45 22 83 25 98 71
3 82 78 73 52 18 71 61 92 30
33 31 35 6 56 22 81 79 14 38
36 20 3 95 65 7 87 53 69 28
73 20 52 83 67 66 45 19 97 19
53 17 77 81 48 94 67 28 27 22
77 47 99 66 9 75 26 84 59 38
2 30 13 0 12 42 68 65 22 60
1 59 28 21 49 24 26 43 98 100
