20 10 
66 12 34 25 47 55 87 18 82 31
78 10 52 63 64 77 66 61 2 65
49 74 82 26 20 62 47 36 6 40
15 5 50 95 36 55 39 84 88 1
61 74 89 53 95 59 16 38 67 33
62 45 10 14 44 32 68 98 61 17
25 15 75 56 99 27 23 28 69 12
86 39 49 35 52 77 20 34 71 5
49 59 24 54 24 14 49 100 0 95
83 63 32 56 59 9 75 57 66 35
10 33 75 90 59 79 27 75 22 5
85 52 94 93 69 0 27 28 55 8
23 22 64 36 59 12 38 100 55 63
98 97 46 24 41 8 68 31 83 96
14 0 25 98 12 69 97 34 14 18
88 10 75 87 47 45 28 21 15 5
82 73 42 72 7 22 31 66 72 22
12 13 51 85 25 45 28 43 64 4
72 88 79 97 73 36 60 98 24 38
7 36 72 44 45 91 87 13 72 6
