20 10 
84 95 87 32 25 56 83 78 67 28
42 19 37 39 51 38 59 21 33 61
28 95 95 27 41 100 0 67 27 5
28 7 86 65 17 86 23 63 34 35
51 44 76 44 0 72 19 9 19 69
96 17 61 3 33 66 10 14 72 36
89 69 65 97 48 79 35 80 56 16
87 41 4 9 97 81 70 59 21 14
20 45 3 97 0 80 86 84 28 36
4 6 1 96 90 8 77 59 87 36
74 25 15 36 62 59 26 21 31 97
41 37 21 99 98 39 92 14 45 25
98 13 57 50 18 30 88 56 11 5
46 6 67 91 56 37 5 61 20 6
97 50 65 15 85 39 56 43 31 8
16 60 47 84 71 13 40 97 49 41
27 79 37 24 37 98 82 99 49 14
65 3 96 2 62 75 89 15 23 49
36 47 35 28 51 41 94 21 18 71
79 81 73 11 65 69 37 18 34 11
