200 7
0.77 0.09 0.42 0.70 0.82 0.60 0.41
0.98 0.84 0.13 0.81 0.77 0.75 0.64
0.64 0.69 0.57 0.76 0.98 0.84 0.90
0.76 0.96 0.26 0.77 0.94 0.74 0.96
0.76 0.86 0.54 0.61 0.65 0.78 0.59
0.95 0.12 0.55 0.82 0.80 0.81 0.76
0.60 0.60 0.60 0.56 0.07 0.18 0.71
0.88 0.77 0.67 0.55 0.14 0.66 0.62
0.92 0.53 0.70 1.00 0.73 0.84 0.76
0.53 0.14 0.70 0.71 0.84 0.71 0.83
0.91 0.71 0.09 0.88 0.80 0.92 0.20
0.09 0.61 0.60 0.27 0.81 0.90 0.57
0.72 0.65 0.39 1.00 0.02 0.17 0.56
0.89 0.95 0.55 0.56 0.44 0.54 0.69
0.78 0.45 0.56 0.65 0.08 1.00 0.97
0.73 0.74 0.60 0.55 0.19 0.46 0.83
0.04 1.00 0.59 0.55 0.67 0.16 0.77
0.57 0.65 0.19 0.87 0.78 0.43 0.12
0.27 0.52 0.96 0.76 0.06 0.74 0.38
0.51 0.64 0.53 0.01 0.71 0.86 0.59
0.55 0.68 0.02 0.72 0.54 0.66 0.90
0.38 0.74 0.21 0.03 0.91 0.71 0.19
0.67 0.65 0.92 0.04 0.30 0.86 0.29
0.04 0.78 0.61 0.17 0.98 0.69 0.81
0.67 0.01 0.95 0.74 0.51 0.84 0.54
0.92 0.10 0.67 0.73 0.60 0.86 0.82
0.90 0.72 0.81 0.84 0.17 0.86 0.69
0.92 0.61 0.83 0.33 0.48 0.86 1.00
0.73 0.63 0.72 0.17 0.92 0.27 0.55
0.73 0.61 0.57 0.52 0.66 0.91 0.97
0.28 0.99 0.88 0.84 0.90 0.77 0.61
0.59 0.90 0.59 0.93 0.66 0.47 1.00
0.48 0.29 0.51 0.65 0.66 0.27 1.00
0.58 0.99 0.99 0.30 0.95 0.41 0.52
0.53 0.68 0.60 0.67 0.61 0.76 0.56
0.12 0.61 0.89 0.57 0.36 0.58 0.38
0.53 0.90 0.75 0.41 0.12 0.42 0.96
0.68 0.95 0.94 0.19 0.82 0.85 0.26
0.03 0.62 0.50 0.80 0.83 0.23 0.57
0.59 0.30 0.51 0.58 0.76 0.01 0.87
0.73 0.55 0.84 0.65 0.32 0.80 0.26
0.26 0.19 0.51 0.37 0.19 0.96 0.63
0.19 0.63 0.73 0.88 0.91 0.86 0.56
0.98 0.85 0.56 0.48 0.90 0.55 0.78
0.08 0.69 0.96 0.42 0.59 0.58 0.58
0.43 0.62 0.59 0.68 0.18 0.49 0.81
0.90 0.96 0.77 0.25 0.80 0.10 0.61
0.93 0.54 0.87 0.60 0.71 0.84 0.88
0.86 0.48 0.85 0.13 0.14 0.72 0.58
0.55 0.87 0.63 0.73 0.71 0.83 0.36
0.94 0.07 0.63 0.83 0.02 0.74 0.88
0.02 0.59 0.91 0.54 0.70 0.66 0.82
0.77 0.59 0.67 0.85 0.38 0.79 0.04
0.09 0.59 0.54 0.79 0.88 0.19 0.95
0.68 0.56 0.65 0.66 0.65 0.88 0.94
0.49 1.00 0.57 0.35 0.95 0.56 0.82
0.76 0.46 0.36 0.74 0.84 0.97 0.36
0.74 0.87 0.08 0.70 0.61 0.25 0.72
0.40 0.34 0.59 0.58 0.83 0.09 0.78
0.24 0.71 0.65 0.76 0.94 0.83 0.66
0.55 0.52 0.53 0.68 0.75 0.92 0.26
0.47 0.80 0.97 0.84 0.29 0.60 0.71
0.14 0.88 0.81 0.82 0.93 0.31 0.12
0.72 0.35 0.62 0.53 0.81 0.65 0.84
0.61 0.88 0.14 0.77 0.33 0.71 0.78
0.83 0.35 0.56 0.81 0.58 0.81 0.79
0.58 0.53 0.94 0.69 0.98 0.50 0.72
0.62 0.98 0.13 0.80 0.37 0.56 0.94
0.41 0.05 0.95 0.58 0.89 1.00 0.20
0.06 0.88 0.84 0.98 0.59 0.69 0.64
0.63 0.53 0.65 0.06 0.76 0.52 0.75
0.44 0.47 0.87 0.92 0.49 0.60 0.59
0.82 0.67 0.54 0.71 0.54 0.87 0.20
0.89 0.13 0.12 0.44 0.48 0.57 0.68
0.89 0.14 0.53 0.03 0.42 0.67 0.60
0.63 0.75 0.98 0.64 0.39 0.67 0.19
0.07 0.14 0.64 0.90 0.17 0.58 0.16
0.70 0.81 0.99 0.13 0.32 0.03 0.83
0.63 0.90 0.03 0.62 0.78 0.83 0.36
0.59 0.74 0.08 0.65 0.95 0.26 0.61
0.57 0.26 0.67 0.78 0.17 0.67 0.76
0.87 0.90 0.91 0.11 0.70 0.14 0.67
0.81 0.48 0.15 0.85 0.74 1.00 0.67
0.95 0.98 0.16 0.11 0.73 0.50 0.65
0.06 0.07 0.95 0.65 0.04 0.53 0.95
0.41 0.26 0.64 0.91 0.25 0.03 0.74
0.25 0.37 0.54 0.54 0.82 0.41 0.84
0.85 0.26 0.99 0.81 0.81 0.10 0.16
0.56 0.06 0.73 0.91 0.90 0.70 0.16
0.97 0.04 0.86 0.75 0.62 0.70 0.82
0.59 0.26 0.87 0.80 0.29 0.41 0.70
0.83 0.43 0.55 0.46 0.76 0.18 0.65
0.74 0.88 0.95 0.24 0.90 0.59 0.67
0.67 0.66 0.66 0.55 0.72 0.76 0.31
0.55 0.15 0.72 0.66 0.70 0.76 0.99
0.65 0.84 0.14 0.72 0.80 0.62 0.65
0.26 0.09 0.43 0.66 0.72 0.55 0.04
0.26 0.91 0.61 0.91 0.65 0.25 0.70
0.71 0.81 0.17 1.00 0.71 0.69 0.39
0.28 0.70 0.29 0.89 0.58 0.69 0.61
0.49 0.80 0.66 0.53 0.64 0.60 0.14
0.05 0.26 0.46 0.75 0.99 0.27 0.50
0.99 0.80 0.52 0.92 0.65 0.39 0.95
0.63 0.83 0.39 0.33 0.46 0.73 0.56
0.87 0.91 0.96 0.28 0.05 0.93 0.75
0.88 0.92 0.42 0.51 0.80 0.55 0.79
0.64 0.71 0.54 0.08 0.61 0.80 0.68
0.03 0.77 0.38 0.86 0.33 0.70 0.17
0.63 0.31 0.71 0.49 0.55 0.29 0.62
1.00 0.63 0.81 0.66 0.60 0.78 0.45
0.53 0.82 0.80 0.83 0.57 0.61 0.24
0.88 0.15 0.65 0.09 0.80 0.73 0.33
0.74 0.99 0.57 0.60 0.59 0.58 0.80
0.02 0.81 0.69 0.75 0.14 0.48 0.86
0.55 1.00 0.55 0.64 0.42 0.54 0.85
0.54 0.79 0.77 0.13 0.38 0.76 0.45
0.74 0.64 0.63 1.00 0.16 0.16 0.84
0.63 0.57 0.36 0.58 1.00 0.54 0.14
0.54 0.04 0.70 0.75 0.65 0.88 0.67
0.32 0.44 0.53 0.32 0.96 0.76 0.33
0.01 0.07 0.24 0.62 0.93 0.55 0.53
0.06 0.88 0.95 0.24 0.79 0.79 0.88
0.14 1.00 0.92 0.67 0.65 0.54 0.34
0.11 0.76 0.84 0.85 0.58 0.51 0.06
0.92 0.13 0.53 0.83 0.67 0.03 0.78
0.51 0.54 0.41 0.10 0.84 0.38 0.75
0.82 0.03 0.21 0.77 0.83 0.85 1.00
0.12 0.15 0.98 0.36 0.60 0.75 0.03
0.80 0.77 0.89 0.02 0.64 0.92 0.53
0.63 0.52 0.20 0.18 0.91 0.98 0.86
0.06 0.91 0.70 0.93 0.48 0.33 0.02
0.55 1.00 0.86 0.09 0.92 0.62 0.56
0.57 0.58 0.95 0.09 0.65 0.79 0.60
0.58 0.29 0.56 0.65 0.90 0.56 0.85
0.65 0.48 0.77 0.28 0.65 0.97 0.96
0.34 0.79 0.33 0.34 0.87 0.16 0.84
0.19 0.91 0.65 0.76 0.74 0.78 0.68
0.61 0.64 0.49 0.71 0.51 0.76 0.42
0.21 0.45 0.94 0.78 0.62 0.30 0.83
0.56 0.98 0.52 0.70 0.18 0.45 0.99
0.59 0.90 0.66 0.34 0.39 0.78 0.59
0.30 0.80 0.60 0.55 0.15 0.75 0.82
0.63 0.09 0.67 0.71 0.73 0.45 0.74
0.37 0.84 0.43 0.88 0.87 0.46 0.63
0.51 0.94 0.19 0.79 0.06 0.53 0.06
0.73 0.68 0.59 0.68 0.10 0.62 0.61
0.53 0.07 0.63 0.16 0.19 0.10 0.95
0.77 0.10 0.18 0.81 0.97 0.72 0.61
0.52 0.91 0.32 0.48 0.43 0.85 0.73
0.98 0.91 0.54 0.79 0.94 0.04 0.28
0.50 0.31 0.95 0.29 0.73 0.88 0.86
0.08 0.99 0.04 0.71 0.23 0.94 0.82
0.75 0.97 0.56 0.16 0.41 0.53 0.07
0.06 0.79 0.71 0.92 0.19 0.64 0.99
0.60 0.90 0.90 0.21 0.71 0.64 0.56
0.70 0.99 0.99 0.59 0.52 0.70 0.24
0.43 0.80 0.63 0.81 0.13 0.71 0.54
0.52 0.90 0.53 0.81 0.55 0.73 0.48
0.29 0.81 0.72 0.66 0.54 0.37 0.10
0.53 0.06 0.55 0.51 0.78 0.17 0.45
0.87 0.74 0.64 0.57 0.58 0.52 0.13
0.13 0.56 0.33 0.77 0.58 0.86 0.94
0.41 0.88 0.10 0.20 0.90 0.55 0.85
0.48 0.23 0.87 0.52 0.65 0.89 0.80
0.70 0.11 0.84 0.78 0.31 0.82 0.65
0.75 0.51 0.16 0.52 0.85 0.92 1.00
0.86 0.29 0.82 0.68 0.10 0.80 0.19
0.89 0.67 0.81 0.66 0.68 0.65 0.52
0.64 0.75 0.90 0.26 0.54 0.72 0.60
0.51 0.65 0.17 0.12 0.92 0.52 0.67
0.77 0.59 0.05 0.85 0.69 0.90 0.94
0.41 0.52 1.00 0.39 0.34 0.13 0.62
0.73 0.93 0.96 0.35 0.71 0.92 0.04
0.44 0.11 0.37 0.71 0.65 0.01 0.17
0.10 0.01 0.81 0.94 0.34 0.25 0.94
0.94 0.93 0.78 0.79 0.44 0.16 0.09
0.02 0.51 0.63 0.17 0.95 0.64 0.38
0.82 0.70 0.16 0.82 0.07 0.69 0.66
0.92 0.87 0.82 0.26 0.62 0.62 0.84
0.90 0.77 0.11 0.76 0.51 0.63 0.36
0.51 0.76 0.29 0.57 0.55 0.40 0.60
0.62 0.61 0.92 0.12 0.66 0.89 0.04
0.82 0.65 0.33 0.11 0.57 0.95 0.66
0.73 0.43 0.85 0.13 0.60 0.61 0.98
0.71 0.21 0.36 0.20 0.14 0.17 0.85
0.05 0.65 0.86 0.80 0.96 0.51 0.41
0.96 0.93 0.69 0.63 0.40 0.57 0.69
0.60 0.10 0.40 0.79 0.85 0.83 0.63
0.41 0.82 0.64 0.08 0.28 0.89 0.91
0.68 0.09 0.14 0.56 0.97 0.95 0.51
0.53 0.58 0.69 0.26 0.51 0.62 0.80
0.70 0.72 0.82 0.16 0.52 0.86 0.83
0.54 0.59 0.77 0.96 0.61 0.60 0.15
0.52 0.34 0.93 0.64 0.64 0.40 0.96
0.94 0.81 0.68 0.19 0.56 0.58 0.76
0.32 0.50 0.75 0.38 0.82 0.90 0.93
0.84 0.91 0.82 0.58 0.24 0.65 0.40
0.30 0.93 0.10 0.40 0.09 0.80 1.00
0.20 0.66 0.69 0.27 0.73 0.80 0.18
0.49 0.94 0.78 0.32 0.81 0.74 0.89
