200 7
77 9 42 70 82 60 41
98 84 13 81 77 75 64
64 69 57 76 98 84 90
76 96 26 77 94 74 96
76 86 54 61 65 78 59
95 12 55 82 80 81 76
60 60 60 56 7 18 71
88 77 67 55 14 66 62
92 53 70 100 73 84 76
53 14 70 71 84 71 83
91 71 9 88 80 92 20
9 61 60 27 81 90 57
72 65 39 100 2 17 56
89 95 55 56 44 54 69
78 45 56 65 8 100 97
73 74 60 55 19 46 83
4 100 59 55 67 16 77
57 65 19 87 78 43 12
27 52 96 76 6 74 38
51 64 53 1 71 86 59
55 68 2 72 54 66 90
38 74 21 3 91 71 19
67 65 92 4 30 86 29
4 78 61 17 98 69 81
67 1 95 74 51 84 54
92 10 67 73 60 86 82
90 72 81 84 17 86 69
92 61 83 33 48 86 100
73 63 72 17 92 27 55
73 61 57 52 66 91 97
28 99 88 84 90 77 61
59 90 59 93 66 47 100
48 29 51 65 66 27 100
58 99 99 30 95 41 52
53 68 60 67 61 76 56
12 61 89 57 36 58 38
53 90 75 41 12 42 96
68 95 94 19 82 85 26
3 62 50 80 83 23 57
59 30 51 58 76 1 87
73 55 84 65 32 80 26
26 19 51 37 19 96 63
19 63 73 88 91 86 56
98 85 56 48 90 55 78
8 69 96 42 59 58 58
43 62 59 68 18 49 81
90 96 77 25 80 10 61
93 54 87 60 71 84 88
86 48 85 13 14 72 58
55 87 63 73 71 83 36
94 7 63 83 2 74 88
2 59 91 54 70 66 82
77 59 67 85 38 79 4
9 59 54 79 88 19 95
68 56 65 66 65 88 94
49 100 57 35 95 56 82
76 46 36 74 84 97 36
74 87 8 70 61 25 72
40 34 59 58 83 9 78
24 71 65 76 94 83 66
55 52 53 68 75 92 26
47 80 97 84 29 60 71
14 88 81 82 93 31 12
72 35 62 53 81 65 84
61 88 14 77 33 71 78
83 35 56 81 58 81 79
58 53 94 69 98 50 72
62 98 13 80 37 56 94
41 5 95 58 89 100 20
6 88 84 98 59 69 64
63 53 65 6 76 52 75
44 47 87 92 49 60 59
82 67 54 71 54 87 20
89 13 12 44 48 57 68
89 14 53 3 42 67 60
63 75 98 64 39 67 19
7 14 64 90 17 58 16
70 81 99 13 32 3 83
63 90 3 62 78 83 36
59 74 8 65 95 26 61
57 26 67 78 17 67 76
87 90 91 11 70 14 67
81 48 15 85 74 100 67
95 98 16 11 73 50 65
6 7 95 65 4 53 95
41 26 64 91 25 3 74
25 37 54 54 82 41 84
85 26 99 81 81 10 16
56 6 73 91 90 70 16
97 4 86 75 62 70 82
59 26 87 80 29 41 70
83 43 55 46 76 18 65
74 88 95 24 90 59 67
67 66 66 55 72 76 31
55 15 72 66 70 76 99
65 84 14 72 80 62 65
26 9 43 66 72 55 4
26 91 61 91 65 25 70
71 81 17 100 71 69 39
28 70 29 89 58 69 61
49 80 66 53 64 60 14
5 26 46 75 99 27 50
99 80 52 92 65 39 95
63 83 39 33 46 73 56
87 91 96 28 5 93 75
88 92 42 51 80 55 79
64 71 54 8 61 80 68
3 77 38 86 33 70 17
63 31 71 49 55 29 62
100 63 81 66 60 78 45
53 82 80 83 57 61 24
88 15 65 9 80 73 33
74 99 57 60 59 58 80
2 81 69 75 14 48 86
55 100 55 64 42 54 85
54 79 77 13 38 76 45
74 64 63 100 16 16 84
63 57 36 58 100 54 14
54 4 70 75 65 88 67
32 44 53 32 96 76 33
1 7 24 62 93 55 53
6 88 95 24 79 79 88
14 100 92 67 65 54 34
11 76 84 85 58 51 6
92 13 53 83 67 3 78
51 54 41 10 84 38 75
82 3 21 77 83 85 100
12 15 98 36 60 75 3
80 77 89 2 64 92 53
63 52 20 18 91 98 86
6 91 70 93 48 33 2
55 100 86 9 92 62 56
57 58 95 9 65 79 60
58 29 56 65 90 56 85
65 48 77 28 65 97 96
34 79 33 34 87 16 84
19 91 65 76 74 78 68
61 64 49 71 51 76 42
21 45 94 78 62 30 83
56 98 52 70 18 45 99
59 90 66 34 39 78 59
30 80 60 55 15 75 82
63 9 67 71 73 45 74
37 84 43 88 87 46 63
51 94 19 79 6 53 6
73 68 59 68 10 62 61
53 7 63 16 19 10 95
77 10 18 81 97 72 61
52 91 32 48 43 85 73
98 91 54 79 94 4 28
50 31 95 29 73 88 86
8 99 4 71 23 94 82
75 97 56 16 41 53 7
6 79 71 92 19 64 99
60 90 90 21 71 64 56
70 99 99 59 52 70 24
43 80 63 81 13 71 54
52 90 53 81 55 73 48
29 81 72 66 54 37 10
53 6 55 51 78 17 45
87 74 64 57 58 52 13
13 56 33 77 58 86 94
41 88 10 20 90 55 85
48 23 87 52 65 89 80
70 11 84 78 31 82 65
75 51 16 52 85 92 100
86 29 82 68 10 80 19
89 67 81 66 68 65 52
64 75 90 26 54 72 60
51 65 17 12 92 52 67
77 59 5 85 69 90 94
41 52 100 39 34 13 62
73 93 96 35 71 92 4
44 11 37 71 65 1 17
10 1 81 94 34 25 94
94 93 78 79 44 16 9
2 51 63 17 95 64 38
82 70 16 82 7 69 66
92 87 82 26 62 62 84
90 77 11 76 51 63 36
51 76 29 57 55 40 60
62 61 92 12 66 89 4
82 65 33 11 57 95 66
73 43 85 13 60 61 98
71 21 36 20 14 17 85
5 65 86 80 96 51 41
96 93 69 63 40 57 69
60 10 40 79 85 83 63
41 82 64 8 28 89 91
68 9 14 56 97 95 51
53 58 69 26 51 62 80
70 72 82 16 52 86 83
54 59 77 96 61 60 15
52 34 93 64 64 40 96
94 81 68 19 56 58 76
32 50 75 38 82 90 93
84 91 82 58 24 65 40
30 93 10 40 9 80 100
20 66 69 27 73 80 18
49 94 78 32 81 74 89
