200 7
0.67 0.22 0.29 0.26 0.31 0.13 0.72
0.03 0.08 0.96 0.58 0.57 0.97 0.66
0.65 0.68 0.57 0.92 0.06 0.97 0.80
0.54 0.83 0.10 0.77 0.51 0.96 0.51
0.57 0.78 0.88 0.67 0.73 0.72 0.02
0.66 0.08 0.54 0.99 0.83 0.95 0.62
0.15 0.86 0.59 0.90 0.67 0.86 0.88
0.81 0.48 0.88 0.26 0.54 0.90 0.53
0.52 0.79 0.95 0.95 0.05 0.93 0.61
0.07 0.21 0.99 0.75 0.67 0.65 0.85
0.22 0.52 0.79 0.99 0.94 0.88 0.76
0.66 0.67 0.53 0.89 0.86 0.53 0.93
0.59 0.70 0.70 0.40 0.15 0.46 0.10
0.98 0.85 0.63 0.09 0.65 0.92 0.69
0.99 0.12 0.81 0.96 0.47 0.76 0.64
0.94 0.27 0.67 0.98 0.94 0.16 0.29
0.24 0.73 0.95 0.88 0.77 0.68 0.74
0.98 0.83 0.54 0.88 0.60 0.94 0.59
0.56 0.32 0.29 0.78 0.75 0.77 0.65
0.76 0.56 0.52 0.81 0.77 0.40 0.51
0.86 0.33 0.97 0.88 0.60 0.18 0.03
0.05 0.76 0.44 0.68 0.97 0.61 0.80
0.12 0.95 0.94 0.78 0.89 0.46 0.41
0.12 0.75 0.83 0.94 0.28 0.90 0.76
0.70 0.88 0.67 0.75 0.10 0.80 0.82
0.84 0.15 0.51 0.99 0.65 0.80 0.68
0.87 0.12 0.73 0.52 0.65 0.61 0.94
0.53 0.79 0.59 0.10 0.45 0.53 0.44
0.84 0.87 0.10 0.82 0.76 0.58 0.57
0.71 0.36 0.29 0.77 0.64 0.58 0.56
0.53 0.97 0.45 0.54 0.27 0.45 0.51
0.87 0.69 0.25 0.89 0.68 0.96 0.87
0.55 0.59 0.57 0.97 0.63 0.63 0.30
0.70 0.66 0.45 0.68 0.78 0.53 0.62
0.54 0.56 0.69 0.55 0.70 0.17 0.95
0.18 0.58 0.78 0.96 0.35 0.55 0.66
0.76 0.51 0.81 0.69 0.82 0.87 0.50
0.88 0.58 1.00 0.74 0.53 0.72 0.29
0.89 0.59 0.55 0.15 0.43 0.22 0.84
0.04 0.35 0.87 0.01 0.60 0.69 0.94
0.69 0.60 0.56 0.91 0.75 0.80 0.29
0.80 0.92 0.06 0.60 0.94 0.98 0.52
0.31 0.81 0.71 0.76 0.54 0.83 0.89
0.49 0.81 0.41 0.81 0.55 0.56 0.99
0.75 0.17 0.71 0.68 0.43 0.53 0.78
0.12 0.92 0.17 0.97 0.03 0.37 0.98
0.02 0.98 0.86 0.02 0.57 0.90 0.66
0.63 0.09 0.76 0.89 0.52 0.21 0.07
0.93 0.99 0.33 0.47 0.93 0.87 0.59
0.73 0.51 0.98 0.98 0.32 0.57 0.63
0.06 0.84 0.05 0.96 0.61 0.60 0.96
0.14 0.42 0.98 0.63 0.02 0.83 0.63
0.95 0.49 1.00 0.67 0.53 0.92 0.62
0.10 0.24 0.55 0.73 0.59 1.00 0.26
0.43 0.40 0.47 0.72 0.65 0.78 0.89
0.08 0.48 0.71 0.93 0.75 0.64 0.76
0.17 0.35 0.62 0.68 0.89 0.60 0.70
0.85 0.76 0.56 0.33 0.42 0.04 0.56
0.47 0.14 0.06 0.39 0.75 1.00 0.80
0.51 0.28 0.55 0.67 0.73 0.97 0.60
0.82 0.01 0.59 0.80 0.78 0.78 0.52
0.75 0.60 0.08 0.80 0.36 0.44 0.92
0.65 0.87 0.22 1.00 0.55 0.81 0.88
0.51 0.49 0.94 0.77 0.35 0.51 0.85
1.00 0.82 0.72 0.51 0.81 0.01 0.94
0.29 0.87 0.90 0.70 0.91 0.56 0.71
0.66 0.84 0.48 0.72 0.76 0.19 0.72
0.56 0.80 0.78 0.66 0.59 0.23 0.07
0.63 0.42 0.72 0.62 0.59 0.53 0.76
0.87 0.88 0.35 0.57 0.72 0.05 0.25
0.42 0.76 0.26 0.14 0.95 0.64 0.19
0.20 0.61 0.48 0.84 0.59 0.59 0.93
0.50 0.68 0.62 0.70 0.62 0.74 0.95
0.67 0.05 0.69 0.48 0.68 1.00 0.68
0.92 0.63 0.60 0.90 0.53 0.39 0.07
0.80 0.80 0.92 0.70 0.76 0.08 0.91
0.84 0.67 0.84 0.76 0.64 0.50 0.51
0.80 0.81 0.16 0.11 0.80 0.48 0.74
0.68 0.78 0.53 0.64 0.57 0.22 0.36
0.58 0.88 0.57 0.60 0.73 0.66 0.32
0.74 0.30 0.65 0.92 1.00 0.92 0.08
0.50 0.96 0.31 0.58 0.79 0.35 0.61
0.52 0.90 0.58 0.18 0.13 0.49 0.23
0.89 0.34 0.53 0.30 0.79 0.73 0.55
0.83 0.78 0.21 0.65 0.75 1.00 0.60
0.85 0.65 0.28 0.90 0.87 0.76 0.04
0.46 0.52 0.66 0.75 0.75 0.41 0.53
0.55 0.56 0.51 0.36 0.73 0.98 0.76
0.84 0.31 0.07 0.54 0.78 0.32 0.87
0.26 0.46 0.63 0.27 0.17 0.83 0.43
0.47 0.68 0.25 0.50 0.98 0.82 0.81
0.67 1.00 0.19 0.80 0.79 0.02 0.79
0.97 0.85 0.48 0.04 0.97 0.85 0.82
0.29 0.30 0.94 0.03 0.61 1.00 0.91
0.68 0.25 0.05 0.97 0.88 0.58 0.07
0.85 0.71 0.82 0.48 0.29 0.14 0.86
0.04 0.80 0.32 0.64 0.60 0.52 0.65
0.53 0.53 0.03 0.59 0.26 0.87 0.79
0.51 0.84 0.71 0.21 0.57 0.69 0.70
0.56 0.82 0.13 0.71 0.03 0.95 0.67
0.68 0.94 0.56 0.73 0.59 0.12 0.56
0.66 0.84 0.22 0.45 0.80 0.96 0.68
0.72 0.99 0.33 0.74 0.39 0.63 0.71
0.67 0.24 0.62 0.80 0.57 0.85 0.21
0.25 0.45 0.59 0.85 1.00 0.55 0.94
0.46 0.56 0.60 0.64 0.11 0.28 0.59
0.19 0.50 0.19 0.87 0.90 0.75 0.63
0.34 0.76 0.36 0.82 0.93 0.67 0.77
0.68 0.46 0.54 0.13 0.72 0.75 0.94
0.19 0.04 0.53 0.22 0.05 0.03 0.87
0.23 0.59 0.51 0.29 0.05 0.96 0.87
0.65 0.64 0.97 0.48 0.83 0.59 0.69
0.05 0.45 0.52 0.99 0.59 0.56 0.23
0.60 0.82 0.68 0.19 0.93 0.14 0.32
0.87 0.65 0.84 0.82 1.00 0.98 0.04
0.59 0.22 0.92 0.78 0.73 0.96 0.41
0.66 0.08 0.59 0.61 0.59 0.92 0.46
0.36 0.51 0.85 0.75 0.70 0.19 0.73
0.60 0.66 0.05 0.81 0.82 0.95 0.25
0.65 0.79 0.33 0.18 0.43 0.62 0.66
0.97 0.11 0.04 0.64 0.57 0.97 0.61
0.92 0.69 0.55 0.21 0.40 0.95 0.25
0.72 0.71 0.53 0.30 0.83 0.27 0.45
0.36 0.85 0.87 0.26 0.82 0.01 0.89
0.60 1.00 0.44 0.11 0.99 0.54 0.98
0.98 0.56 0.88 0.96 0.96 0.91 0.05
0.44 1.00 0.83 0.80 0.83 0.29 0.52
0.78 0.58 0.12 1.00 0.71 0.91 0.30
0.71 0.80 0.50 0.64 0.86 0.74 0.61
0.68 0.59 0.15 0.91 0.51 0.55 0.59
0.62 0.77 0.25 0.20 0.51 0.82 0.53
0.90 0.78 0.23 0.53 1.00 0.90 0.53
0.64 0.04 0.75 0.67 0.72 0.64 0.16
0.21 0.96 0.25 0.69 0.22 0.75 0.60
0.63 0.72 0.91 0.12 0.82 0.20 0.14
0.81 0.70 0.86 0.11 0.69 0.66 0.99
0.19 0.85 0.99 0.17 0.72 0.31 0.83
0.78 0.03 0.53 0.58 0.84 0.58 0.11
0.09 0.73 0.11 0.83 0.19 0.60 0.35
0.65 0.16 0.76 0.45 1.00 0.04 0.76
0.92 0.57 0.97 0.43 0.65 0.61 0.08
0.81 0.88 0.29 0.63 0.15 0.55 0.32
0.55 0.34 0.75 0.65 0.09 0.95 0.67
0.60 0.59 0.76 0.38 0.80 0.25 0.75
0.89 0.31 0.41 0.36 0.88 0.33 0.53
0.84 0.83 0.57 0.79 0.34 0.68 0.66
0.15 0.72 0.62 0.10 0.90 0.89 0.54
0.54 0.54 0.31 0.66 0.62 0.01 0.86
0.78 0.80 0.56 0.97 0.55 0.72 0.01
0.65 0.90 0.40 0.06 0.77 0.94 0.93
0.83 0.77 0.56 0.94 0.02 0.30 0.76
0.10 0.58 0.72 0.77 0.51 0.94 0.55
0.88 0.04 0.99 0.86 0.04 0.12 0.83
0.94 0.59 0.52 0.63 0.69 0.57 0.62
0.60 0.95 0.53 0.64 0.55 0.76 0.36
0.66 0.61 0.93 0.51 0.86 0.45 0.12
0.64 0.81 0.32 0.80 0.55 0.70 0.87
0.94 0.37 0.87 0.97 0.34 0.14 0.54
0.28 0.70 0.87 0.92 0.86 0.79 0.81
0.02 0.64 0.82 0.97 0.53 0.59 0.54
0.08 0.56 0.80 0.62 0.80 0.40 0.17
0.49 0.14 0.79 0.99 0.83 0.74 0.30
0.82 0.35 0.65 0.66 0.69 0.93 0.26
0.23 0.75 0.66 0.66 0.76 0.53 0.70
0.99 0.38 0.53 0.84 0.89 0.13 0.22
0.10 0.67 0.02 0.84 0.69 0.51 0.60
0.67 0.86 0.89 0.67 0.69 0.22 0.16
0.24 0.03 0.40 0.90 0.87 0.49 0.39
0.01 0.87 0.04 0.84 0.72 0.80 0.51
0.78 0.37 0.16 0.19 0.09 0.94 0.90
0.36 0.85 0.25 0.08 0.75 0.58 0.68
0.57 0.19 0.85 0.57 0.65 0.19 0.71
0.80 0.32 0.59 0.15 0.66 0.89 0.54
0.71 0.42 0.69 0.88 0.38 0.65 0.32
0.70 0.88 0.98 0.98 0.01 0.73 0.36
0.96 0.30 0.12 0.64 0.85 0.87 0.72
0.99 0.79 0.14 0.42 0.18 0.20 0.03
0.97 0.77 0.70 0.01 0.05 0.26 0.33
0.56 0.38 0.59 0.75 0.63 0.53 0.03
0.96 0.09 0.88 0.71 0.91 0.51 0.72
0.88 0.84 0.84 0.04 0.42 0.71 0.91
0.57 0.79 0.03 1.00 0.68 0.92 0.10
0.65 0.35 0.20 0.22 0.85 0.95 0.83
0.08 0.89 0.98 0.46 0.50 0.66 0.55
0.72 0.57 0.94 0.06 0.90 0.92 0.92
0.14 0.69 0.66 0.72 0.57 0.65 0.31
0.09 0.78 0.64 0.67 0.54 0.70 0.80
0.69 0.52 0.03 0.93 0.64 0.42 0.01
0.07 0.29 0.30 0.71 0.95 0.94 0.62
0.83 0.55 0.80 0.77 0.56 0.54 0.22
0.46 0.87 0.61 0.64 0.94 0.61 0.30
0.48 0.86 0.26 0.68 0.36 0.56 0.16
0.95 0.66 0.25 0.51 0.89 0.65 0.40
0.50 0.98 0.07 0.58 0.75 0.86 0.65
0.59 0.77 0.54 0.53 0.61 0.51 0.56
0.71 0.87 0.06 0.84 0.51 0.10 0.52
0.79 0.46 0.66 0.68 0.70 0.57 0.67
0.18 0.91 0.80 0.96 0.66 0.43 0.52
0.64 0.87 0.72 0.75 0.11 0.17 0.79
0.67 0.10 0.86 0.25 0.72 0.92 0.35
