200 7
67 22 29 26 31 13 72
3 8 96 58 57 97 66
65 68 57 92 6 97 80
54 83 10 77 51 96 51
57 78 88 67 73 72 2
66 8 54 99 83 95 62
15 86 59 90 67 86 88
81 48 88 26 54 90 53
52 79 95 95 5 93 61
7 21 99 75 67 65 85
22 52 79 99 94 88 76
66 67 53 89 86 53 93
59 70 70 40 15 46 10
98 85 63 9 65 92 69
99 12 81 96 47 76 64
94 27 67 98 94 16 29
24 73 95 88 77 68 74
98 83 54 88 60 94 59
56 32 29 78 75 77 65
76 56 52 81 77 40 51
86 33 97 88 60 18 3
5 76 44 68 97 61 80
12 95 94 78 89 46 41
12 75 83 94 28 90 76
70 88 67 75 10 80 82
84 15 51 99 65 80 68
87 12 73 52 65 61 94
53 79 59 10 45 53 44
84 87 10 82 76 58 57
71 36 29 77 64 58 56
53 97 45 54 27 45 51
87 69 25 89 68 96 87
55 59 57 97 63 63 30
70 66 45 68 78 53 62
54 56 69 55 70 17 95
18 58 78 96 35 55 66
76 51 81 69 82 87 50
88 58 100 74 53 72 29
89 59 55 15 43 22 84
4 35 87 1 60 69 94
69 60 56 91 75 80 29
80 92 6 60 94 98 52
31 81 71 76 54 83 89
49 81 41 81 55 56 99
75 17 71 68 43 53 78
12 92 17 97 3 37 98
2 98 86 2 57 90 66
63 9 76 89 52 21 7
93 99 33 47 93 87 59
73 51 98 98 32 57 63
6 84 5 96 61 60 96
14 42 98 63 2 83 63
95 49 100 67 53 92 62
10 24 55 73 59 100 26
43 40 47 72 65 78 89
8 48 71 93 75 64 76
17 35 62 68 89 60 70
85 76 56 33 42 4 56
47 14 6 39 75 100 80
51 28 55 67 73 97 60
82 1 59 80 78 78 52
75 60 8 80 36 44 92
65 87 22 100 55 81 88
51 49 94 77 35 51 85
100 82 72 51 81 1 94
29 87 90 70 91 56 71
66 84 48 72 76 19 72
56 80 78 66 59 23 7
63 42 72 62 59 53 76
87 88 35 57 72 5 25
42 76 26 14 95 64 19
20 61 48 84 59 59 93
50 68 62 70 62 74 95
67 5 69 48 68 100 68
92 63 60 90 53 39 7
80 80 92 70 76 8 91
84 67 84 76 64 50 51
80 81 16 11 80 48 74
68 78 53 64 57 22 36
58 88 57 60 73 66 32
74 30 65 92 100 92 8
50 96 31 58 79 35 61
52 90 58 18 13 49 23
89 34 53 30 79 73 55
83 78 21 65 75 100 60
85 65 28 90 87 76 4
46 52 66 75 75 41 53
55 56 51 36 73 98 76
84 31 7 54 78 32 87
26 46 63 27 17 83 43
47 68 25 50 98 82 81
67 100 19 80 79 2 79
97 85 48 4 97 85 82
29 30 94 3 61 100 91
68 25 5 97 88 58 7
85 71 82 48 29 14 86
4 80 32 64 60 52 65
53 53 3 59 26 87 79
51 84 71 21 57 69 70
56 82 13 71 3 95 67
68 94 56 73 59 12 56
66 84 22 45 80 96 68
72 99 33 74 39 63 71
67 24 62 80 57 85 21
25 45 59 85 100 55 94
46 56 60 64 11 28 59
19 50 19 87 90 75 63
34 76 36 82 93 67 77
68 46 54 13 72 75 94
19 4 53 22 5 3 87
23 59 51 29 5 96 87
65 64 97 48 83 59 69
5 45 52 99 59 56 23
60 82 68 19 93 14 32
87 65 84 82 100 98 4
59 22 92 78 73 96 41
66 8 59 61 59 92 46
36 51 85 75 70 19 73
60 66 5 81 82 95 25
65 79 33 18 43 62 66
97 11 4 64 57 97 61
92 69 55 21 40 95 25
72 71 53 30 83 27 45
36 85 87 26 82 1 89
60 100 44 11 99 54 98
98 56 88 96 96 91 5
44 100 83 80 83 29 52
78 58 12 100 71 91 30
71 80 50 64 86 74 61
68 59 15 91 51 55 59
62 77 25 20 51 82 53
90 78 23 53 100 90 53
64 4 75 67 72 64 16
21 96 25 69 22 75 60
63 72 91 12 82 20 14
81 70 86 11 69 66 99
19 85 99 17 72 31 83
78 3 53 58 84 58 11
9 73 11 83 19 60 35
65 16 76 45 100 4 76
92 57 97 43 65 61 8
81 88 29 63 15 55 32
55 34 75 65 9 95 67
60 59 76 38 80 25 75
89 31 41 36 88 33 53
84 83 57 79 34 68 66
15 72 62 10 90 89 54
54 54 31 66 62 1 86
78 80 56 97 55 72 1
65 90 40 6 77 94 93
83 77 56 94 2 30 76
10 58 72 77 51 94 55
88 4 99 86 4 12 83
94 59 52 63 69 57 62
60 95 53 64 55 76 36
66 61 93 51 86 45 12
64 81 32 80 55 70 87
94 37 87 97 34 14 54
28 70 87 92 86 79 81
2 64 82 97 53 59 54
8 56 80 62 80 40 17
49 14 79 99 83 74 30
82 35 65 66 69 93 26
23 75 66 66 76 53 70
99 38 53 84 89 13 22
10 67 2 84 69 51 60
67 86 89 67 69 22 16
24 3 40 90 87 49 39
1 87 4 84 72 80 51
78 37 16 19 9 94 90
36 85 25 8 75 58 68
57 19 85 57 65 19 71
80 32 59 15 66 89 54
71 42 69 88 38 65 32
70 88 98 98 1 73 36
96 30 12 64 85 87 72
99 79 14 42 18 20 3
97 77 70 1 5 26 33
56 38 59 75 63 53 3
96 9 88 71 91 51 72
88 84 84 4 42 71 91
57 79 3 100 68 92 10
65 35 20 22 85 95 83
8 89 98 46 50 66 55
72 57 94 6 90 92 92
14 69 66 72 57 65 31
9 78 64 67 54 70 80
69 52 3 93 64 42 1
7 29 30 71 95 94 62
83 55 80 77 56 54 22
46 87 61 64 94 61 30
48 86 26 68 36 56 16
95 66 25 51 89 65 40
50 98 7 58 75 86 65
59 77 54 53 61 51 56
71 87 6 84 51 10 52
79 46 66 68 70 57 67
18 91 80 96 66 43 52
64 87 72 75 11 17 79
67 10 86 25 72 92 35
