200 7
91 33 69 22 42 17 14
72 61 93 5 70 78 11
100 5 61 77 90 66 62
84 71 2 64 100 66 71
96 10 78 97 72 82 71
54 58 81 99 21 83 54
66 67 100 38 96 9 99
91 95 61 80 90 77 83
86 73 88 56 87 88 58
27 20 93 94 83 96 62
76 67 8 87 78 47 54
92 24 12 1 5 61 51
88 76 54 89 66 53 51
63 65 84 58 87 54 61
98 20 45 83 83 40 94
88 74 87 76 52 76 85
82 91 66 58 41 23 65
98 63 52 97 2 55 87
8 31 72 90 39 21 65
74 75 22 49 37 61 71
80 63 59 85 86 97 81
55 89 77 6 3 67 18
30 41 74 47 95 58 98
90 42 58 51 96 45 60
84 87 14 51 95 100 37
24 85 2 71 70 71 83
62 77 26 63 53 96 66
14 57 2 55 57 86 77
89 55 57 16 44 11 82
89 93 59 41 51 22 4
22 75 13 63 51 61 55
67 61 98 87 17 42 6
85 71 88 67 59 39 77
88 57 62 58 75 66 56
73 51 84 47 87 84 10
84 53 68 90 70 98 61
73 88 54 70 41 93 31
20 79 98 68 54 12 75
29 91 57 42 65 92 84
90 3 52 60 1 51 65
58 64 85 69 54 53 76
38 52 54 64 75 69 63
82 57 62 12 86 26 73
99 82 37 85 91 54 92
55 56 87 52 68 69 31
66 6 4 73 81 66 48
89 52 68 39 79 76 99
86 31 96 51 20 81 94
74 67 22 78 46 96 76
89 59 66 23 57 14 45
87 36 13 23 96 91 73
38 71 11 76 57 60 97
69 69 19 71 80 57 80
96 64 75 90 40 81 40
6 20 22 81 90 35 7
69 71 59 56 57 76 50
37 53 94 60 87 76 67
85 70 23 52 62 55 42
75 64 58 79 78 99 49
8 5 28 73 94 64 91
24 52 36 55 92 5 95
37 26 53 58 81 54 2
54 70 55 86 43 89 58
30 47 32 26 88 99 3
73 48 74 50 56 51 79
98 54 7 64 58 94 79
52 51 58 69 78 99 56
71 59 81 26 44 72 38
77 62 68 31 95 78 7
71 90 91 6 60 35 56
57 10 57 86 96 69 64
13 84 58 55 22 66 64
29 40 90 65 89 31 56
58 88 9 87 56 22 39
65 32 96 30 96 59 97
67 70 73 41 97 96 34
76 95 31 62 20 91 86
58 54 29 64 80 75 88
7 51 13 52 76 38 36
81 89 70 92 5 59 59
72 84 49 42 97 83 98
55 53 50 35 14 12 73
3 70 76 82 78 17 89
25 74 52 51 99 37 18
69 9 64 49 78 83 64
98 5 63 54 62 53 48
94 54 98 62 64 7 93
54 29 96 99 87 26 54
15 88 5 52 7 73 90
60 57 71 78 71 16 50
67 19 74 69 100 17 89
88 18 65 84 70 61 34
89 76 26 48 18 14 95
54 66 97 17 68 26 50
49 61 51 87 6 20 62
67 15 49 83 56 89 94
86 55 86 13 100 83 52
52 67 58 17 96 66 84
85 56 27 61 97 95 3
57 11 18 19 88 75 56
65 57 34 82 54 85 84
21 52 53 45 96 51 37
50 98 68 39 63 72 89
71 4 55 52 95 62 9
53 79 32 41 47 85 42
11 10 69 54 57 97 25
56 4 94 84 82 98 94
98 52 61 32 86 67 50
31 88 59 51 71 93 73
52 41 52 24 62 74 92
28 67 82 87 77 3 85
75 44 59 81 14 69 40
92 83 63 91 55 2 63
16 25 53 18 45 68 5
2 84 96 76 65 84 16
100 93 56 96 83 6 56
20 18 82 92 47 57 56
66 76 3 51 64 68 50
73 60 90 61 56 46 29
42 61 98 28 44 9 6
70 63 90 76 35 3 87
62 68 86 39 1 5 33
36 71 65 65 61 58 44
11 69 4 91 78 81 95
16 92 20 39 51 94 94
97 8 74 41 77 51 81
53 92 65 67 29 78 24
58 57 55 8 41 85 56
14 51 52 100 95 19 85
17 86 17 59 28 91 91
48 21 92 92 100 32 96
23 64 69 52 3 56 56
65 69 39 87 72 8 78
71 76 3 71 26 66 80
60 19 62 61 96 63 82
27 45 84 82 4 79 81
2 66 57 87 99 84 59
6 63 58 73 58 33 81
27 56 69 25 12 63 91
87 41 73 85 62 52 91
78 20 40 56 88 33 72
81 51 51 11 72 97 14
26 88 65 52 79 34 51
53 14 90 95 85 68 13
75 63 80 73 96 11 65
82 31 90 53 68 41 70
92 58 2 60 67 61 71
7 95 95 94 52 79 62
19 45 81 9 88 87 77
36 44 3 86 10 60 99
85 52 53 95 82 19 66
58 41 7 47 71 63 7
53 19 59 91 86 79 98
45 67 38 28 66 2 90
78 53 99 75 65 57 59
90 58 16 96 53 79 65
55 89 80 6 18 54 45
72 68 82 87 1 76 48
38 71 67 12 3 54 37
82 92 79 58 64 76 3
51 87 80 61 19 16 35
8 93 53 58 63 77 8
1 74 87 76 57 87 61
59 63 46 94 42 92 92
78 58 19 81 45 74 17
65 24 71 54 28 60 99
80 67 41 41 51 86 100
55 22 66 8 61 73 83
100 28 85 57 56 13 89
70 10 84 73 65 81 71
55 22 13 91 79 64 74
64 95 51 58 62 53 54
84 52 72 62 71 53 79
65 61 38 3 90 63 37
95 88 14 5 15 40 38
65 8 89 56 69 63 75
56 67 84 96 70 65 55
88 93 84 30 92 10 34
97 5 81 97 56 71 63
60 24 93 24 10 80 96
47 63 86 35 63 4 76
14 65 80 30 84 45 92
58 5 92 67 62 51 53
89 33 61 7 82 70 85
65 81 4 72 75 80 55
47 8 73 93 62 63 68
64 6 83 64 87 55 77
52 47 78 57 72 56 62
70 66 14 83 32 72 95
1 73 66 62 92 51 51
58 62 85 88 36 87 11
56 59 93 53 7 98 22
69 58 81 100 69 5 80
40 26 95 88 16 4 23
84 30 73 74 54 63 55
17 22 68 55 96 7 53
62 19 73 87 64 95 96
9 91 87 70 26 70 78
10 64 83 80 74 29 94
52 42 41 67 33 35 87
