200 7
0.44 0.20 0.00 0.02 0.06 0.30 0.53
0.75 0.59 0.74 0.56 0.89 0.67 0.14
0.12 0.75 0.88 0.55 0.94 0.92 0.37
0.17 0.68 0.68 0.67 0.64 0.86 0.76
0.29 0.86 0.63 0.73 0.59 0.78 0.79
0.74 0.08 0.78 0.64 0.58 0.79 0.96
0.23 0.51 0.66 0.98 0.57 0.43 0.70
0.59 0.18 0.51 0.68 0.85 0.92 0.56
0.76 0.28 0.98 0.77 0.81 0.26 0.60
0.55 0.64 0.75 0.72 0.29 0.15 0.84
0.12 0.77 0.02 0.71 0.85 0.21 0.74
0.67 0.09 0.79 0.89 0.54 0.96 0.93
0.02 0.92 0.52 0.24 0.32 0.71 0.79
0.24 0.98 0.97 0.75 0.21 0.69 0.67
0.69 0.14 0.45 0.73 0.69 0.76 0.43
0.85 0.97 0.75 0.61 0.86 0.74 0.51
0.86 0.68 0.47 0.61 0.23 0.16 0.94
0.58 0.94 0.87 0.85 0.01 0.58 0.52
0.73 0.07 0.68 0.73 0.84 0.87 0.84
0.68 0.33 0.09 0.84 0.69 0.17 0.97
0.85 0.11 0.90 0.88 0.65 0.84 0.16
0.12 0.68 0.96 0.74 0.66 0.96 0.71
0.53 0.57 0.78 0.49 0.51 0.51 0.44
0.19 0.88 0.54 0.93 0.51 0.56 0.52
0.68 0.08 0.53 0.94 0.78 0.57 1.00
0.62 0.66 0.71 0.01 0.94 0.97 0.61
0.19 0.73 0.68 0.90 0.56 0.84 0.15
0.78 0.85 0.63 0.24 0.82 0.55 0.45
0.71 0.56 0.63 0.79 0.83 0.13 0.56
0.79 0.74 0.27 0.23 0.89 0.07 0.69
0.37 0.89 0.21 0.80 0.73 0.96 0.53
0.94 0.59 0.52 0.86 0.89 0.63 0.52
0.70 0.03 0.69 0.26 0.75 0.79 0.78
0.52 0.18 1.00 0.94 0.77 0.64 0.61
0.60 0.17 0.81 0.42 0.05 0.57 0.90
0.68 0.18 0.62 0.77 0.61 0.81 0.40
0.24 0.81 0.67 0.44 0.96 0.88 0.66
0.69 0.08 0.84 0.91 0.87 0.80 0.94
1.00 0.93 0.13 0.32 0.80 0.23 0.19
0.99 0.14 0.60 0.19 1.00 0.84 0.84
0.30 0.88 0.51 0.74 0.62 0.43 0.98
0.20 0.92 0.85 0.02 0.98 0.96 0.54
0.99 0.01 0.10 0.59 0.34 0.47 0.18
0.82 0.62 0.62 0.75 0.67 0.77 0.52
0.13 0.80 0.98 0.22 0.66 0.67 0.85
0.76 0.04 0.05 0.80 0.56 0.61 0.59
0.99 0.56 0.99 0.41 0.60 0.22 0.76
0.99 0.80 0.45 0.97 0.10 0.61 0.19
0.98 0.72 0.79 0.61 0.64 0.73 0.23
0.68 0.93 0.97 0.60 0.55 0.66 0.25
0.35 0.50 0.63 0.67 0.60 0.56 0.58
0.66 0.56 0.03 0.51 0.58 0.81 0.38
0.84 0.68 0.61 0.83 0.89 0.73 0.23
0.47 1.00 0.31 0.87 0.62 0.92 0.21
0.52 0.74 0.60 0.85 0.68 0.22 0.87
0.75 0.58 0.09 0.10 0.04 0.21 0.79
0.72 0.11 0.71 0.94 0.65 0.74 0.79
0.67 0.92 0.99 0.69 0.90 0.11 0.73
0.61 0.13 0.65 0.90 0.68 0.81 0.57
0.86 0.55 0.64 0.53 0.68 0.88 0.13
0.79 0.70 0.67 0.35 0.78 0.77 0.49
0.95 0.54 0.77 0.95 0.89 0.97 0.08
0.89 0.81 0.19 0.65 0.91 0.34 0.24
0.66 0.07 0.90 0.79 0.51 0.89 0.87
0.74 0.91 0.73 0.73 0.91 0.64 0.04
0.76 0.19 0.04 0.57 0.86 0.95 0.10
0.88 0.71 0.62 0.86 0.73 0.60 0.22
0.92 0.57 0.94 0.37 0.04 0.81 0.45
0.86 0.28 0.79 0.50 0.34 0.87 0.30
0.28 0.55 0.57 0.21 0.79 0.87 0.51
0.72 0.99 0.32 0.53 0.83 0.03 0.66
0.29 0.73 0.95 0.70 0.26 0.80 0.89
0.74 0.75 0.47 0.72 0.64 0.16 0.68
0.58 0.56 0.79 0.24 0.99 0.27 0.28
0.74 0.11 0.62 0.62 0.51 0.58 0.15
0.42 0.92 0.60 0.37 0.73 0.68 0.50
0.06 0.70 0.75 0.01 0.73 0.66 0.86
0.65 0.84 0.65 0.59 0.79 0.16 0.81
0.59 0.70 0.72 0.14 0.20 0.87 0.13
0.95 0.86 0.59 0.72 0.51 0.22 0.11
0.69 0.02 0.21 0.34 0.86 0.94 0.63
0.16 0.73 0.70 0.34 0.65 0.10 0.59
0.40 0.87 0.69 0.76 0.57 0.12 0.98
0.79 0.58 0.65 0.73 0.54 0.19 0.39
0.67 0.32 0.81 0.72 0.10 0.46 0.51
0.25 0.62 0.96 0.59 0.58 0.80 0.58
0.52 0.71 0.58 0.78 0.84 0.13 0.88
0.02 0.97 0.63 0.87 0.81 0.58 0.13
0.77 0.74 0.54 0.76 0.90 0.12 0.55
0.92 0.53 0.48 0.72 0.98 0.16 0.67
0.96 0.15 0.97 0.27 0.94 0.63 0.75
0.76 0.95 0.80 0.45 0.02 0.91 0.52
0.02 0.55 1.00 0.56 0.58 0.68 0.27
0.35 0.58 0.02 0.72 0.15 0.94 0.98
0.82 0.85 0.64 0.87 0.57 0.98 0.13
0.81 0.70 0.71 0.26 0.60 0.13 0.43
0.05 0.90 0.30 0.23 0.89 0.78 0.96
0.67 0.19 0.76 0.05 0.52 0.57 0.71
0.88 0.06 0.80 0.48 0.62 0.62 0.77
0.27 0.55 0.71 0.91 0.74 0.96 0.80
0.23 0.24 0.15 0.65 0.60 0.22 0.99
0.14 0.95 0.22 0.20 0.88 0.44 0.71
0.61 0.22 0.55 0.81 0.66 0.25 0.61
0.58 0.36 0.95 0.71 0.62 0.57 0.30
0.32 0.80 0.66 0.93 0.79 0.28 0.36
0.68 0.80 0.75 0.86 0.68 0.07 0.60
0.02 0.41 0.85 0.57 0.78 0.89 0.33
0.09 0.98 0.59 0.85 0.87 0.57 0.59
0.19 0.25 0.79 0.86 0.62 0.86 0.76
0.31 0.25 0.94 0.30 0.38 0.48 0.96
0.45 0.93 0.97 0.91 0.53 0.97 0.51
0.51 0.31 0.34 0.82 0.38 0.04 0.91
0.39 0.75 0.55 0.74 0.66 0.98 0.78
0.54 0.32 0.58 0.29 0.99 0.89 0.12
0.26 0.81 0.96 0.52 0.56 0.74 0.66
0.62 0.76 0.36 0.10 0.61 0.13 0.58
0.54 0.90 0.52 0.52 0.72 0.91 0.52
0.25 0.77 0.69 0.70 0.53 0.91 0.69
0.13 0.93 0.81 0.99 0.71 0.13 0.67
0.14 0.42 0.92 0.34 0.09 0.87 0.81
0.09 0.61 0.68 0.84 0.91 0.60 0.76
0.59 0.38 0.86 0.67 0.93 0.91 0.40
0.27 0.54 0.84 0.80 0.48 0.16 0.85
0.61 0.64 0.71 0.88 0.58 0.03 0.74
0.54 0.64 0.63 0.42 0.96 0.48 0.31
0.78 0.99 0.74 0.54 0.83 0.79 0.26
0.65 0.22 0.57 0.69 0.01 0.68 1.00
0.72 0.79 0.84 0.36 0.45 0.76 0.35
0.25 0.67 0.65 0.72 0.88 1.00 0.62
0.66 0.58 0.91 0.53 0.95 0.66 0.41
0.52 0.14 0.04 0.81 0.73 0.15 0.77
0.73 0.70 0.60 0.96 0.57 0.03 0.91
0.86 0.15 1.00 0.18 0.73 0.88 0.41
0.22 0.62 0.96 0.18 0.99 0.64 0.39
0.26 0.60 0.69 0.71 0.17 0.66 0.26
0.54 0.09 0.82 0.81 0.62 0.79 0.99
0.67 0.41 0.89 0.75 0.02 0.58 0.52
0.73 0.56 0.86 0.54 0.02 0.91 0.30
0.65 0.03 0.51 0.65 0.60 0.43 0.67
0.56 0.07 0.12 0.96 0.63 0.80 0.97
0.92 0.01 0.77 0.80 0.78 0.59 0.06
0.72 0.35 0.93 0.63 0.69 0.08 0.77
0.56 0.15 0.68 0.65 0.93 0.76 0.88
0.40 0.77 0.73 0.90 0.34 0.22 0.88
0.95 0.59 0.90 0.65 0.62 0.73 0.03
0.52 0.88 0.08 0.37 0.97 0.28 0.93
0.30 0.91 1.00 0.42 0.87 0.62 0.55
0.33 0.75 0.41 0.16 0.44 0.86 0.86
1.00 0.85 0.68 0.51 0.43 0.54 0.03
0.71 0.09 0.84 0.22 0.80 0.99 0.61
0.53 0.77 0.59 0.86 0.49 0.90 0.50
0.87 0.66 0.71 0.82 0.48 0.87 0.17
0.01 0.72 0.98 0.96 0.44 0.56 0.98
0.13 0.31 0.58 0.76 0.04 0.83 0.90
0.27 0.95 0.97 0.77 0.51 0.55 0.69
0.88 0.60 0.95 0.66 0.57 0.01 0.12
0.85 0.73 0.14 0.09 0.59 0.10 0.12
0.83 0.07 0.87 0.51 0.71 0.73 0.58
0.40 0.99 0.91 0.48 0.81 0.77 0.28
0.66 0.84 0.76 0.73 0.11 0.01 0.52
0.55 0.86 0.73 0.51 0.62 0.66 0.33
0.63 0.25 0.98 0.68 0.65 0.45 0.40
0.18 0.50 0.60 0.78 0.74 0.45 0.48
0.76 0.26 0.40 0.65 0.66 0.01 0.02
0.13 0.43 0.33 0.32 0.62 0.09 0.31
0.59 1.00 0.95 0.48 0.48 0.76 0.38
0.54 0.19 0.68 0.24 0.94 0.71 0.66
0.40 0.30 0.81 0.70 0.95 0.58 0.19
0.97 0.63 0.23 0.52 0.52 0.19 0.68
0.05 0.88 0.71 0.48 0.77 0.62 0.04
0.25 0.46 0.99 0.52 0.52 0.68 0.77
0.12 0.86 0.65 0.81 0.67 0.76 0.92
0.91 0.19 0.64 0.54 0.77 0.61 0.97
0.42 0.39 0.81 0.36 0.57 0.91 0.89
0.29 1.00 0.66 0.52 0.58 0.76 0.53
0.46 0.07 0.78 0.84 0.73 0.62 0.57
0.29 0.52 0.99 0.14 0.87 0.70 0.77
0.91 0.97 0.58 0.94 0.01 0.63 0.92
0.64 0.56 0.88 0.71 0.58 0.22 0.24
0.98 0.10 0.77 0.97 0.53 0.75 0.60
0.01 0.97 0.48 0.92 0.41 0.53 0.81
0.03 0.99 0.70 0.71 0.88 0.57 0.71
0.93 0.30 0.13 0.01 0.85 0.41 0.15
0.73 0.55 0.52 0.83 0.51 0.98 0.42
0.51 0.75 0.95 0.26 0.92 0.82 0.21
0.82 0.84 0.03 0.66 0.05 1.00 0.96
0.63 0.96 0.62 0.70 0.38 0.82 0.17
0.62 0.58 0.62 0.77 0.88 0.52 0.13
0.72 0.72 0.48 0.85 0.70 0.91 0.17
0.31 0.95 0.49 0.07 0.09 0.53 0.99
0.58 0.16 0.99 0.94 0.51 0.64 0.63
0.22 0.58 0.97 0.61 0.57 0.80 0.21
0.90 0.94 0.66 0.54 0.57 0.65 0.21
0.35 0.56 0.48 0.83 0.87 0.79 0.01
0.79 0.34 0.56 0.60 1.00 0.64 0.07
0.30 0.73 0.49 0.16 0.78 0.83 0.79
0.52 0.18 1.00 0.78 0.77 0.50 0.78
0.75 0.33 0.98 0.59 0.56 0.37 0.43
0.52 0.84 0.05 0.89 0.86 0.81 0.07
0.01 0.89 0.90 0.78 0.83 0.67 0.79
