200 7
0.25 0.93 1.00 0.27 0.19 0.78 0.69
0.98 0.69 0.51 0.27 0.60 0.66 0.92
0.91 0.66 0.96 0.86 0.91 0.88 0.73
0.61 0.89 0.51 0.63 0.63 0.65 0.53
0.93 0.52 0.66 0.68 0.65 0.83 0.53
0.58 0.92 0.74 0.81 0.59 0.78 0.99
0.88 0.70 0.41 0.51 0.87 0.56 0.95
0.93 0.64 0.37 0.51 0.62 0.78 0.86
0.89 0.94 0.61 0.88 0.88 0.51 0.83
0.82 0.72 0.78 0.61 0.57 0.72 0.93
0.91 0.54 0.90 0.26 0.91 0.96 0.59
0.99 0.78 1.00 0.81 0.92 0.56 0.32
0.56 0.78 0.66 0.85 0.57 0.92 0.88
0.67 0.93 0.70 0.10 0.55 0.78 0.62
0.60 0.97 0.89 0.67 0.85 0.99 0.71
0.52 0.72 0.96 0.54 0.90 0.98 0.86
0.56 0.78 0.63 1.00 0.75 0.81 0.85
0.78 0.21 0.63 0.13 0.89 0.65 0.77
0.02 0.80 0.08 0.55 0.75 0.61 0.78
0.27 0.66 0.78 0.96 0.12 0.32 0.63
0.66 0.45 0.02 0.79 0.78 0.74 0.11
0.70 0.31 0.21 0.83 0.80 0.67 0.28
0.39 0.51 0.90 0.64 0.83 0.94 0.44
0.93 0.74 0.73 0.55 0.61 0.88 0.72
0.11 0.84 0.55 0.58 0.93 0.97 0.67
0.56 0.68 0.70 0.67 0.88 0.65 0.52
0.91 0.38 0.91 0.59 0.95 0.84 0.59
0.59 0.78 0.54 0.08 0.75 0.97 0.74
0.70 0.57 0.11 0.56 0.93 0.78 0.04
0.04 0.12 0.62 0.63 0.82 0.79 0.41
0.69 0.18 0.44 0.10 0.55 0.69 0.53
0.66 0.61 0.97 0.79 0.57 0.88 0.83
0.56 0.56 0.87 0.25 0.70 0.13 0.78
0.95 0.87 0.97 0.77 0.99 0.59 0.62
0.92 0.92 0.97 0.52 0.19 0.71 0.52
0.98 0.61 0.81 0.82 0.27 0.79 0.67
0.67 0.72 0.63 0.79 0.64 0.35 0.52
0.03 0.19 0.69 0.64 0.97 0.54 0.03
0.46 0.37 0.43 0.41 0.67 0.84 0.94
0.63 0.66 0.08 0.71 0.76 0.24 0.68
0.73 0.30 0.42 0.64 0.16 0.97 0.54
0.61 0.92 0.64 0.56 0.70 0.89 0.83
0.65 0.68 0.95 0.60 0.62 0.20 0.58
0.59 0.88 0.52 0.76 0.64 0.58 0.89
0.83 0.45 0.59 0.76 0.73 0.04 0.92
0.91 0.26 0.51 0.60 0.26 0.58 0.52
0.06 0.74 0.95 0.63 0.51 1.00 0.71
0.77 0.12 0.56 0.66 0.65 0.21 0.22
0.69 0.51 0.82 0.98 0.95 0.59 0.89
1.00 0.76 0.64 0.02 0.95 1.00 0.87
0.68 0.28 0.68 0.26 0.17 0.22 0.92
0.89 0.11 0.72 0.52 0.97 0.60 0.95
0.78 0.23 0.66 0.57 0.70 0.26 0.48
0.05 0.51 0.67 0.58 0.78 0.14 0.61
0.60 0.55 0.63 0.55 0.79 0.71 0.97
0.27 0.77 0.01 0.75 0.69 0.82 0.99
0.37 0.47 0.99 0.95 0.69 0.90 0.72
0.49 0.11 0.76 0.90 0.90 0.01 0.44
0.62 0.83 0.86 0.38 0.60 0.52 0.56
0.43 0.64 0.65 1.00 0.23 0.84 0.98
0.90 0.68 0.03 0.55 0.13 1.00 0.63
0.92 0.73 0.90 0.33 0.75 0.39 0.73
0.78 0.93 0.55 0.15 0.38 0.95 0.60
0.98 0.18 0.37 0.30 0.95 0.67 0.08
0.63 0.25 0.64 0.74 0.56 0.78 0.88
0.68 0.63 0.71 0.60 0.74 0.94 0.41
0.22 0.42 0.78 0.48 0.74 0.48 0.90
0.94 0.04 0.19 0.61 0.78 0.34 0.36
0.52 0.59 0.59 0.76 0.71 0.77 0.70
0.71 0.49 0.62 0.72 0.81 0.36 0.55
0.52 0.24 0.69 0.78 0.44 0.31 0.94
0.75 0.56 0.68 1.00 0.37 0.78 0.69
0.57 0.44 0.21 0.77 0.94 0.12 0.54
0.82 0.88 0.66 0.78 0.55 0.49 0.52
0.39 0.53 0.52 0.45 0.65 0.65 0.99
0.73 0.69 0.36 0.55 0.75 0.95 0.55
0.66 0.42 0.45 0.70 0.92 0.51 0.57
0.83 0.68 0.16 0.77 0.61 0.47 0.42
0.27 0.84 0.13 0.06 0.88 0.94 0.52
0.71 0.82 0.82 0.86 0.41 0.89 0.63
0.69 0.87 0.04 0.61 0.99 0.88 0.57
0.31 0.31 0.58 0.95 0.89 0.56 0.87
0.57 0.89 0.16 0.60 0.63 0.58 0.81
0.65 0.92 0.14 0.74 0.68 0.95 0.57
0.35 0.72 0.51 0.55 0.74 0.81 1.00
0.43 1.00 0.90 0.37 0.71 0.52 0.80
0.66 0.60 0.55 0.53 0.90 0.76 0.57
0.53 0.69 0.56 0.75 0.19 0.39 0.78
0.51 0.62 0.55 0.28 0.97 0.62 0.90
0.39 0.09 0.70 0.75 0.48 0.61 0.83
0.37 0.73 0.59 0.79 0.68 0.42 0.92
0.32 0.59 0.67 0.95 0.65 0.91 0.90
0.88 0.44 0.91 0.30 0.58 0.10 0.61
0.56 0.69 0.86 0.30 0.90 0.49 1.00
0.03 0.85 0.68 0.31 0.88 0.99 0.63
0.52 0.79 0.78 0.11 0.70 0.70 0.66
0.99 0.85 0.78 0.09 0.72 0.96 0.70
0.92 0.71 0.96 0.15 0.54 0.69 0.81
0.46 0.95 0.71 0.92 0.53 0.56 0.63
0.67 0.56 0.85 0.26 0.62 0.50 0.55
0.92 0.59 0.51 0.81 0.48 0.58 0.31
0.38 0.32 0.34 0.06 0.94 0.72 0.97
0.52 0.28 0.93 0.56 0.82 0.76 0.75
0.13 0.63 0.90 0.64 0.66 0.80 0.30
0.95 0.92 0.72 0.58 0.26 0.05 0.53
0.87 0.06 0.68 0.16 0.51 0.18 0.91
0.53 0.76 0.80 0.67 0.69 0.05 0.97
0.54 0.59 0.38 0.78 0.91 0.94 0.94
0.58 0.63 0.85 0.37 0.57 0.50 0.09
0.74 0.51 0.77 0.98 0.16 0.88 0.68
0.67 0.53 0.11 0.56 0.99 0.36 0.26
0.75 0.45 0.56 0.70 0.01 0.92 0.94
0.53 0.67 0.66 0.82 0.84 0.09 0.81
0.36 0.87 1.00 0.96 0.29 0.85 0.36
0.16 0.98 0.13 0.85 0.51 0.48 0.40
0.63 0.69 0.41 0.04 0.71 0.55 0.61
0.72 0.66 0.94 0.56 0.78 0.48 0.59
0.62 0.96 0.74 0.06 0.48 0.68 0.87
0.67 0.61 0.33 0.80 0.67 0.40 0.42
0.64 0.81 0.45 0.78 0.75 0.60 0.58
0.98 0.39 0.70 0.03 0.47 0.48 0.70
0.69 0.08 0.71 0.19 0.71 0.69 0.59
0.97 0.97 0.69 0.33 0.52 0.66 0.27
0.68 0.90 0.70 0.92 0.42 0.92 0.35
0.80 0.04 0.90 0.53 0.83 0.18 0.38
0.75 0.55 0.63 0.47 0.46 0.53 0.93
0.74 0.87 0.08 0.78 0.66 0.09 0.55
0.76 0.64 0.78 0.34 0.35 0.59 0.76
0.83 0.97 0.04 0.68 0.85 0.64 0.09
0.88 0.79 0.20 0.71 0.02 0.74 0.85
0.75 0.80 0.40 0.72 0.71 0.57 0.02
0.09 0.30 0.32 0.24 0.84 0.09 0.08
0.79 0.87 0.44 0.35 0.35 0.32 0.91
0.67 0.61 0.95 0.62 0.24 0.68 0.76
0.76 0.42 0.32 0.09 0.52 0.51 0.92
0.52 0.70 0.80 0.72 0.63 0.58 0.82
0.68 0.22 0.96 0.27 0.79 0.56 0.88
0.57 0.36 0.51 0.05 0.72 0.87 0.96
0.71 0.15 0.72 0.52 0.30 0.52 0.88
0.61 0.37 0.49 0.95 0.24 0.67 0.88
0.54 0.17 0.89 0.78 0.57 0.83 0.79
0.65 0.12 0.75 0.48 0.33 0.83 0.46
0.51 0.17 0.53 0.31 0.85 0.53 0.72
0.73 0.71 0.30 0.57 0.21 0.87 0.99
0.91 0.22 0.86 0.70 0.57 0.02 0.72
0.22 0.56 0.13 0.30 0.80 0.13 0.51
0.42 0.66 0.96 0.06 0.98 0.93 0.88
0.73 0.56 0.54 0.71 0.61 0.55 0.25
0.23 0.09 0.19 0.60 0.06 0.57 0.85
0.54 0.76 0.74 0.85 0.14 0.48 0.21
0.66 0.98 0.57 0.21 0.54 0.90 0.02
0.39 0.65 0.70 0.85 0.18 0.56 0.57
0.70 0.62 0.78 0.95 0.23 0.18 0.65
0.58 1.00 0.61 0.51 0.36 0.31 0.82
0.71 0.62 0.83 0.54 0.67 0.81 0.05
0.75 0.36 0.40 0.04 0.76 0.27 0.57
0.22 0.90 0.66 0.92 0.77 0.13 0.55
0.30 0.62 0.11 0.98 0.56 0.95 0.67
0.04 0.50 0.95 0.80 0.55 0.95 0.39
0.40 0.80 0.47 0.21 0.92 0.51 0.60
0.52 0.67 0.39 0.89 0.01 0.59 0.33
0.52 0.54 0.93 0.72 0.44 0.64 0.67
0.67 0.98 0.92 0.14 0.11 0.13 0.84
0.99 0.92 0.78 0.95 0.24 0.83 0.20
0.25 0.65 0.62 0.94 0.68 0.20 0.94
0.53 0.72 0.24 0.50 0.21 0.68 0.92
0.85 0.74 0.67 0.25 0.73 1.00 0.13
0.63 0.53 0.52 0.67 0.70 0.81 0.79
0.65 0.53 0.98 0.07 0.88 0.44 0.38
0.72 0.31 0.99 0.95 0.33 0.37 0.63
0.61 0.95 0.60 0.34 0.09 0.54 0.75
0.51 0.78 0.15 0.88 0.57 0.68 0.55
0.91 0.71 0.78 0.06 0.87 0.24 0.73
0.52 0.84 0.72 0.34 0.73 0.29 0.61
0.17 0.93 0.36 0.95 0.02 0.61 0.73
0.93 0.40 0.84 0.21 0.93 0.18 0.21
0.06 0.72 0.64 0.29 0.94 0.57 0.84
0.70 0.66 0.62 0.14 0.50 0.02 0.88
0.94 0.86 0.02 0.91 0.74 0.80 0.96
0.04 0.92 0.58 0.69 0.54 0.89 0.52
0.47 0.81 0.53 0.62 0.65 0.73 0.07
0.15 0.62 0.47 0.99 0.83 0.70 0.73
0.32 0.71 0.72 0.66 0.04 0.98 0.55
0.66 0.31 0.97 0.86 0.39 0.76 0.64
0.72 0.72 0.51 0.24 0.64 0.70 0.40
0.76 0.75 0.06 0.34 0.87 0.85 0.66
0.84 0.91 0.94 0.87 0.02 0.91 0.67
0.64 0.62 1.00 0.33 0.42 0.36 0.97
0.60 0.73 0.10 0.85 0.93 0.78 0.78
0.39 0.80 0.54 0.65 0.56 0.29 0.10
0.11 0.58 0.26 0.47 0.98 0.72 0.34
0.82 0.17 0.40 0.92 0.61 0.94 0.11
0.47 0.54 0.94 0.21 0.37 0.52 0.57
0.08 0.63 0.61 0.79 0.47 0.92 0.90
0.75 0.52 0.88 0.97 0.05 0.80 0.60
0.53 0.24 0.21 0.69 0.70 0.67 0.60
0.68 0.28 0.84 0.32 0.45 0.52 0.68
0.86 0.78 0.17 0.62 0.02 0.93 0.86
0.82 0.54 0.89 0.50 0.96 0.59 0.06
0.54 0.93 0.37 0.20 0.90 0.21 0.84
