200 7
25 93 100 27 19 78 69
98 69 51 27 60 66 92
91 66 96 86 91 88 73
61 89 51 63 63 65 53
93 52 66 68 65 83 53
58 92 74 81 59 78 99
88 70 41 51 87 56 95
93 64 37 51 62 78 86
89 94 61 88 88 51 83
82 72 78 61 57 72 93
91 54 90 26 91 96 59
99 78 100 81 92 56 32
56 78 66 85 57 92 88
67 93 70 10 55 78 62
60 97 89 67 85 99 71
52 72 96 54 90 98 86
56 78 63 100 75 81 85
78 21 63 13 89 65 77
2 80 8 55 75 61 78
27 66 78 96 12 32 63
66 45 2 79 78 74 11
70 31 21 83 80 67 28
39 51 90 64 83 94 44
93 74 73 55 61 88 72
11 84 55 58 93 97 67
56 68 70 67 88 65 52
91 38 91 59 95 84 59
59 78 54 8 75 97 74
70 57 11 56 93 78 4
4 12 62 63 82 79 41
69 18 44 10 55 69 53
66 61 97 79 57 88 83
56 56 87 25 70 13 78
95 87 97 77 99 59 62
92 92 97 52 19 71 52
98 61 81 82 27 79 67
67 72 63 79 64 35 52
3 19 69 64 97 54 3
46 37 43 41 67 84 94
63 66 8 71 76 24 68
73 30 42 64 16 97 54
61 92 64 56 70 89 83
65 68 95 60 62 20 58
59 88 52 76 64 58 89
83 45 59 76 73 4 92
91 26 51 60 26 58 52
6 74 95 63 51 100 71
77 12 56 66 65 21 22
69 51 82 98 95 59 89
100 76 64 2 95 100 87
68 28 68 26 17 22 92
89 11 72 52 97 60 95
78 23 66 57 70 26 48
5 51 67 58 78 14 61
60 55 63 55 79 71 97
27 77 1 75 69 82 99
37 47 99 95 69 90 72
49 11 76 90 90 1 44
62 83 86 38 60 52 56
43 64 65 100 23 84 98
90 68 3 55 13 100 63
92 73 90 33 75 39 73
78 93 55 15 38 95 60
98 18 37 30 95 67 8
63 25 64 74 56 78 88
68 63 71 60 74 94 41
22 42 78 48 74 48 90
94 4 19 61 78 34 36
52 59 59 76 71 77 70
71 49 62 72 81 36 55
52 24 69 78 44 31 94
75 56 68 100 37 78 69
57 44 21 77 94 12 54
82 88 66 78 55 49 52
39 53 52 45 65 65 99
73 69 36 55 75 95 55
66 42 45 70 92 51 57
83 68 16 77 61 47 42
27 84 13 6 88 94 52
71 82 82 86 41 89 63
69 87 4 61 99 88 57
31 31 58 95 89 56 87
57 89 16 60 63 58 81
65 92 14 74 68 95 57
35 72 51 55 74 81 100
43 100 90 37 71 52 80
66 60 55 53 90 76 57
53 69 56 75 19 39 78
51 62 55 28 97 62 90
39 9 70 75 48 61 83
37 73 59 79 68 42 92
32 59 67 95 65 91 90
88 44 91 30 58 10 61
56 69 86 30 90 49 100
3 85 68 31 88 99 63
52 79 78 11 70 70 66
99 85 78 9 72 96 70
92 71 96 15 54 69 81
46 95 71 92 53 56 63
67 56 85 26 62 50 55
92 59 51 81 48 58 31
38 32 34 6 94 72 97
52 28 93 56 82 76 75
13 63 90 64 66 80 30
95 92 72 58 26 5 53
87 6 68 16 51 18 91
53 76 80 67 69 5 97
54 59 38 78 91 94 94
58 63 85 37 57 50 9
74 51 77 98 16 88 68
67 53 11 56 99 36 26
75 45 56 70 1 92 94
53 67 66 82 84 9 81
36 87 100 96 29 85 36
16 98 13 85 51 48 40
63 69 41 4 71 55 61
72 66 94 56 78 48 59
62 96 74 6 48 68 87
67 61 33 80 67 40 42
64 81 45 78 75 60 58
98 39 70 3 47 48 70
69 8 71 19 71 69 59
97 97 69 33 52 66 27
68 90 70 92 42 92 35
80 4 90 53 83 18 38
75 55 63 47 46 53 93
74 87 8 78 66 9 55
76 64 78 34 35 59 76
83 97 4 68 85 64 9
88 79 20 71 2 74 85
75 80 40 72 71 57 2
9 30 32 24 84 9 8
79 87 44 35 35 32 91
67 61 95 62 24 68 76
76 42 32 9 52 51 92
52 70 80 72 63 58 82
68 22 96 27 79 56 88
57 36 51 5 72 87 96
71 15 72 52 30 52 88
61 37 49 95 24 67 88
54 17 89 78 57 83 79
65 12 75 48 33 83 46
51 17 53 31 85 53 72
73 71 30 57 21 87 99
91 22 86 70 57 2 72
22 56 13 30 80 13 51
42 66 96 6 98 93 88
73 56 54 71 61 55 25
23 9 19 60 6 57 85
54 76 74 85 14 48 21
66 98 57 21 54 90 2
39 65 70 85 18 56 57
70 62 78 95 23 18 65
58 100 61 51 36 31 82
71 62 83 54 67 81 5
75 36 40 4 76 27 57
22 90 66 92 77 13 55
30 62 11 98 56 95 67
4 50 95 80 55 95 39
40 80 47 21 92 51 60
52 67 39 89 1 59 33
52 54 93 72 44 64 67
67 98 92 14 11 13 84
99 92 78 95 24 83 20
25 65 62 94 68 20 94
53 72 24 50 21 68 92
85 74 67 25 73 100 13
63 53 52 67 70 81 79
65 53 98 7 88 44 38
72 31 99 95 33 37 63
61 95 60 34 9 54 75
51 78 15 88 57 68 55
91 71 78 6 87 24 73
52 84 72 34 73 29 61
17 93 36 95 2 61 73
93 40 84 21 93 18 21
6 72 64 29 94 57 84
70 66 62 14 50 2 88
94 86 2 91 74 80 96
4 92 58 69 54 89 52
47 81 53 62 65 73 7
15 62 47 99 83 70 73
32 71 72 66 4 98 55
66 31 97 86 39 76 64
72 72 51 24 64 70 40
76 75 6 34 87 85 66
84 91 94 87 2 91 67
64 62 100 33 42 36 97
60 73 10 85 93 78 78
39 80 54 65 56 29 10
11 58 26 47 98 72 34
82 17 40 92 61 94 11
47 54 94 21 37 52 57
8 63 61 79 47 92 90
75 52 88 97 5 80 60
53 24 21 69 70 67 60
68 28 84 32 45 52 68
86 78 17 62 2 93 86
82 54 89 50 96 59 6
54 93 37 20 90 21 84
