200 7
0.41 0.44 0.74 0.95 0.12 0.32 0.70
0.93 0.95 0.55 0.85 0.58 0.71 0.48
0.90 0.92 0.74 0.87 0.80 0.72 0.68
0.66 0.97 0.71 0.52 0.16 0.83 0.62
0.82 0.86 0.55 0.59 0.59 0.58 0.62
0.46 0.87 0.81 0.88 0.86 0.59 0.96
0.66 0.69 0.63 0.25 0.83 0.84 0.94
0.81 0.99 0.56 0.61 0.76 0.77 0.64
0.71 0.84 0.70 0.60 0.94 1.00 0.75
0.87 0.62 0.82 0.74 0.65 0.90 0.56
0.55 0.55 0.96 0.89 0.64 0.73 0.38
0.18 0.53 0.97 0.62 1.00 0.63 0.19
0.81 0.53 0.94 0.41 0.62 0.78 0.97
0.63 0.84 0.93 0.57 0.97 0.64 0.99
0.92 0.93 0.91 0.69 0.81 0.69 0.51
0.53 0.90 0.66 0.94 0.57 0.69 0.70
0.91 0.88 0.94 0.94 0.61 0.83 0.53
0.73 0.99 0.67 0.74 0.87 0.61 0.55
0.64 0.78 0.52 0.63 0.37 0.80 0.51
0.70 0.75 0.88 0.52 0.61 0.62 0.80
0.63 0.83 0.71 0.55 0.94 0.67 0.97
0.93 0.54 0.70 0.01 0.66 0.51 0.36
0.87 0.71 0.70 1.00 0.06 0.52 0.82
0.77 0.51 0.56 0.66 0.74 0.68 0.99
0.84 0.79 0.61 0.83 0.93 0.52 0.96
0.85 0.86 0.57 0.89 0.75 0.86 0.07
0.76 0.75 0.77 0.69 0.55 0.89 0.92
0.77 0.42 0.63 0.64 0.86 0.83 0.59
0.10 0.71 0.74 0.93 0.85 0.60 0.90
0.59 0.12 0.28 0.56 0.52 0.30 0.45
0.47 0.21 0.83 0.25 0.73 0.57 0.49
0.63 0.94 0.70 0.93 0.17 0.95 0.70
0.68 0.15 0.02 0.77 0.85 0.58 0.15
0.50 0.64 0.87 0.82 0.66 0.86 0.55
0.93 0.13 0.66 0.71 0.04 0.64 0.91
0.88 0.51 0.66 0.97 0.74 0.54 0.40
0.71 0.75 0.56 0.31 0.96 0.76 1.00
0.96 0.15 0.54 0.71 0.80 0.95 0.23
0.56 0.96 0.90 0.29 0.70 0.99 0.33
0.27 0.46 0.58 0.83 0.53 0.20 0.71
0.68 0.96 0.55 0.55 0.84 0.04 0.72
0.22 0.30 0.07 0.84 0.73 0.94 0.84
0.87 0.10 0.60 0.80 0.73 0.68 0.57
0.96 0.84 0.43 0.66 0.21 0.33 0.80
0.90 0.38 0.55 0.51 0.82 0.93 0.97
0.95 0.59 0.76 0.85 0.98 0.01 0.88
0.58 0.79 0.75 0.64 0.24 0.31 0.66
0.54 0.12 0.77 0.91 0.59 0.51 0.50
0.74 0.65 0.79 0.44 1.00 0.77 0.62
0.54 0.82 0.43 0.66 0.41 0.32 0.90
0.55 0.54 0.83 0.62 0.03 0.84 0.96
0.99 0.64 0.34 0.61 0.26 0.92 0.64
0.89 0.71 0.03 0.52 0.41 0.62 0.03
0.78 1.00 0.66 0.16 0.08 0.88 0.94
0.93 0.33 0.58 0.93 0.60 0.02 0.42
0.98 0.60 0.10 0.60 0.80 0.29 0.94
0.79 0.62 0.59 0.14 0.57 0.18 0.95
0.29 0.87 0.94 0.81 0.84 0.81 0.16
0.81 0.56 0.90 0.52 0.23 0.66 0.77
0.52 0.52 0.05 0.87 0.98 0.85 0.57
0.53 0.76 0.62 0.70 0.82 0.61 0.09
0.81 0.05 0.91 0.23 0.53 0.35 0.67
0.54 0.04 0.73 0.55 0.57 0.86 0.73
0.56 0.85 0.02 0.53 0.78 0.72 0.71
0.91 0.86 0.61 0.31 0.82 0.85 0.06
0.88 0.05 0.64 0.04 0.66 0.55 0.75
0.52 0.67 0.53 0.04 0.23 0.32 0.80
0.93 0.07 0.48 0.87 0.34 0.12 0.97
0.76 0.67 0.40 0.81 0.23 0.59 0.62
0.63 0.61 0.88 0.97 0.09 0.85 0.48
0.17 0.75 0.87 0.12 0.69 0.71 0.31
0.71 0.50 0.45 0.25 1.00 0.74 0.89
0.02 0.83 0.35 0.38 1.00 0.74 0.93
0.19 0.77 0.32 0.99 0.70 0.47 0.98
0.78 0.05 0.81 0.72 0.47 0.98 0.58
0.74 0.81 0.54 0.88 0.27 0.95 0.02
0.33 0.28 0.23 0.72 0.81 0.52 0.40
0.53 0.60 0.82 0.91 0.67 0.72 0.61
0.11 0.93 0.17 0.75 0.59 0.97 0.98
0.71 0.99 0.98 0.35 0.81 0.35 0.68
0.73 0.32 0.91 0.47 0.66 0.04 0.70
0.95 0.78 0.91 0.61 0.55 0.08 0.63
0.47 0.09 0.71 0.97 0.23 0.68 0.67
0.96 0.68 0.85 0.22 0.21 0.94 0.47
0.67 0.01 0.84 0.53 0.13 0.51 0.79
0.31 0.57 0.71 0.54 1.00 0.85 0.73
0.95 0.77 0.04 0.62 0.80 0.61 0.93
0.37 0.55 0.68 0.82 0.36 0.99 0.81
0.24 0.98 0.27 0.59 0.37 0.87 0.84
0.52 0.79 0.64 0.56 0.68 0.59 0.07
0.74 0.85 0.06 0.77 0.35 0.29 0.01
0.12 0.61 0.95 0.93 0.83 0.74 0.68
0.69 0.83 0.99 0.38 0.59 0.62 0.12
0.74 0.72 0.27 0.38 0.89 0.19 0.52
0.72 0.80 0.71 0.64 0.52 0.28 0.81
0.90 0.93 0.28 0.80 0.33 0.69 0.86
0.65 0.57 0.40 0.26 0.67 0.24 0.22
0.08 0.61 0.71 0.53 0.71 0.86 0.26
0.59 0.67 0.71 0.01 0.81 0.91 0.36
0.73 0.11 0.70 0.98 0.30 0.84 0.28
0.91 0.74 0.02 0.54 0.03 0.95 0.90
0.13 0.77 0.89 0.66 0.15 0.97 0.93
0.20 0.85 0.65 0.91 0.15 0.29 0.18
0.91 0.08 0.62 0.59 0.83 0.73 0.68
0.84 0.68 0.99 0.23 0.76 0.77 0.27
0.52 0.53 0.11 0.30 0.89 0.69 0.95
0.13 0.28 0.96 0.60 0.94 0.79 0.93
0.93 0.96 0.88 0.05 0.12 0.73 0.86
0.54 0.55 0.55 0.22 0.67 0.76 0.68
0.86 0.61 0.75 0.38 0.58 0.87 0.85
0.30 0.45 0.74 0.67 0.86 0.39 0.85
0.82 0.70 0.38 0.80 0.06 0.07 0.64
0.74 0.81 0.92 0.65 0.07 0.34 0.60
0.85 0.83 0.85 0.66 0.27 0.86 0.64
0.62 0.80 0.91 0.65 0.93 0.37 0.23
0.74 0.91 0.27 0.87 0.73 0.21 0.62
0.58 0.80 0.78 0.83 0.02 0.94 0.67
0.84 0.80 0.19 0.73 0.69 0.03 0.54
0.55 0.10 0.84 0.02 0.33 0.98 0.74
0.63 0.10 0.05 0.71 0.18 0.83 0.44
0.60 0.12 0.62 0.48 0.44 0.11 0.61
0.78 0.61 0.77 0.79 0.03 0.31 0.89
0.13 0.57 0.32 1.00 0.89 0.05 0.78
0.55 0.65 0.18 0.70 0.02 0.98 0.76
0.53 0.41 0.74 0.65 0.58 0.16 0.20
0.97 0.55 0.30 0.12 0.66 0.39 0.76
0.16 0.64 0.01 0.04 0.97 0.94 0.69
0.84 0.17 0.66 0.44 0.63 0.66 0.01
0.29 0.97 0.11 0.92 0.68 0.58 0.87
0.63 0.93 0.89 0.29 0.68 0.99 0.66
0.66 0.98 0.86 0.82 0.54 0.58 0.34
0.50 0.67 0.83 0.11 0.60 0.35 0.66
0.37 0.89 0.84 0.07 0.33 0.37 0.65
0.57 0.76 0.18 0.55 0.40 0.78 0.68
0.74 0.91 0.24 0.63 0.50 0.56 0.33
0.93 0.13 0.10 0.74 0.72 0.66 0.19
0.76 0.06 0.60 1.00 0.34 0.76 0.26
0.79 0.88 0.70 0.72 0.58 0.95 0.14
0.98 0.52 0.42 0.10 0.53 0.91 0.64
0.33 0.42 0.30 0.67 0.58 0.51 0.54
0.51 0.09 0.61 0.64 0.67 1.00 0.55
0.05 0.89 0.65 0.50 0.77 0.79 0.66
0.29 0.97 0.41 0.89 0.64 0.37 0.60
0.24 0.73 0.80 0.31 0.53 0.57 0.77
0.81 0.78 0.71 0.18 0.62 0.68 0.53
0.80 0.17 0.55 0.95 0.68 0.18 0.28
0.86 0.56 0.52 0.17 0.55 0.32 0.07
0.56 0.75 0.66 0.89 0.14 0.18 0.46
0.86 0.14 0.12 0.51 0.64 0.65 0.81
0.97 0.58 0.07 0.81 0.59 0.94 0.40
0.84 0.54 0.61 0.19 0.57 0.88 0.96
0.75 0.82 0.01 0.72 0.34 0.45 0.74
0.95 0.38 0.97 0.36 0.71 0.29 0.97
0.57 0.81 0.88 0.76 0.54 1.00 0.17
0.58 0.63 0.77 0.32 0.92 0.85 0.65
0.76 0.58 0.07 0.79 0.22 0.06 0.71
0.80 0.03 0.46 0.65 0.98 0.55 0.73
0.87 0.74 0.26 0.22 0.98 0.79 0.53
0.71 0.82 0.02 0.44 0.74 0.41 0.73
0.65 0.67 0.95 0.54 0.75 0.23 0.39
0.67 0.61 0.05 0.93 0.96 0.71 0.52
0.72 0.95 0.58 0.89 0.60 0.85 0.23
0.60 0.64 0.60 0.24 0.65 0.66 0.50
0.95 0.77 0.75 0.61 0.29 0.92 0.79
0.59 0.22 0.93 0.23 0.62 0.58 0.76
0.87 0.72 0.86 0.17 0.51 0.87 0.68
0.41 0.69 0.61 0.49 0.95 0.99 0.95
0.73 0.18 0.45 0.77 0.40 0.62 0.80
0.25 0.11 0.69 0.90 0.14 0.36 0.51
0.28 0.95 0.72 0.51 0.06 0.83 0.71
0.59 0.07 0.74 0.46 0.76 0.53 0.53
0.13 0.55 0.87 0.77 0.69 0.03 0.78
0.28 0.53 0.93 0.94 0.96 0.94 0.23
0.60 0.88 0.88 0.68 0.06 0.94 0.93
0.87 0.79 0.95 0.14 0.17 0.12 0.70
0.42 0.96 0.55 0.27 0.96 0.59 0.08
0.70 0.85 0.13 0.94 0.25 1.00 0.15
0.77 0.24 0.37 0.95 0.19 0.40 0.26
1.00 0.08 0.73 0.78 0.46 0.14 0.72
0.90 0.07 0.33 0.62 0.55 0.16 0.26
0.12 0.45 0.26 0.80 0.95 0.94 0.80
0.91 0.54 0.32 0.40 0.45 0.58 0.74
0.38 0.69 0.52 0.59 0.63 0.97 0.85
0.81 0.89 0.05 0.63 0.58 0.58 0.54
0.64 0.54 0.83 0.16 0.91 0.77 0.77
0.73 0.38 0.96 0.81 0.99 0.14 0.52
0.52 0.31 0.83 0.81 0.64 0.56 0.02
0.61 0.88 0.52 0.61 0.23 0.72 0.06
0.58 0.69 0.39 0.85 0.74 0.82 0.13
0.10 0.70 1.00 0.37 0.63 0.48 0.51
0.88 0.97 0.02 0.22 0.78 0.56 0.74
0.02 0.34 0.58 0.29 0.85 0.54 0.64
0.64 0.08 0.36 0.74 0.63 0.91 0.66
0.48 0.83 0.06 0.13 0.56 0.65 0.18
0.94 0.79 0.79 0.75 0.82 0.09 0.82
0.21 0.41 0.51 0.15 0.69 0.47 0.37
0.58 0.40 0.59 0.80 0.73 0.66 0.89
0.62 0.07 0.83 0.79 0.34 0.91 0.89
0.82 0.66 0.83 0.06 0.98 1.00 0.62
0.57 0.11 0.84 0.63 0.06 0.75 0.25
