200 7
41 44 74 95 12 32 70
93 95 55 85 58 71 48
90 92 74 87 80 72 68
66 97 71 52 16 83 62
82 86 55 59 59 58 62
46 87 81 88 86 59 96
66 69 63 25 83 84 94
81 99 56 61 76 77 64
71 84 70 60 94 100 75
87 62 82 74 65 90 56
55 55 96 89 64 73 38
18 53 97 62 100 63 19
81 53 94 41 62 78 97
63 84 93 57 97 64 99
92 93 91 69 81 69 51
53 90 66 94 57 69 70
91 88 94 94 61 83 53
73 99 67 74 87 61 55
64 78 52 63 37 80 51
70 75 88 52 61 62 80
63 83 71 55 94 67 97
93 54 70 1 66 51 36
87 71 70 100 6 52 82
77 51 56 66 74 68 99
84 79 61 83 93 52 96
85 86 57 89 75 86 7
76 75 77 69 55 89 92
77 42 63 64 86 83 59
10 71 74 93 85 60 90
59 12 28 56 52 30 45
47 21 83 25 73 57 49
63 94 70 93 17 95 70
68 15 2 77 85 58 15
50 64 87 82 66 86 55
93 13 66 71 4 64 91
88 51 66 97 74 54 40
71 75 56 31 96 76 100
96 15 54 71 80 95 23
56 96 90 29 70 99 33
27 46 58 83 53 20 71
68 96 55 55 84 4 72
22 30 7 84 73 94 84
87 10 60 80 73 68 57
96 84 43 66 21 33 80
90 38 55 51 82 93 97
95 59 76 85 98 1 88
58 79 75 64 24 31 66
54 12 77 91 59 51 50
74 65 79 44 100 77 62
54 82 43 66 41 32 90
55 54 83 62 3 84 96
99 64 34 61 26 92 64
89 71 3 52 41 62 3
78 100 66 16 8 88 94
93 33 58 93 60 2 42
98 60 10 60 80 29 94
79 62 59 14 57 18 95
29 87 94 81 84 81 16
81 56 90 52 23 66 77
52 52 5 87 98 85 57
53 76 62 70 82 61 9
81 5 91 23 53 35 67
54 4 73 55 57 86 73
56 85 2 53 78 72 71
91 86 61 31 82 85 6
88 5 64 4 66 55 75
52 67 53 4 23 32 80
93 7 48 87 34 12 97
76 67 40 81 23 59 62
63 61 88 97 9 85 48
17 75 87 12 69 71 31
71 50 45 25 100 74 89
2 83 35 38 100 74 93
19 77 32 99 70 47 98
78 5 81 72 47 98 58
74 81 54 88 27 95 2
33 28 23 72 81 52 40
53 60 82 91 67 72 61
11 93 17 75 59 97 98
71 99 98 35 81 35 68
73 32 91 47 66 4 70
95 78 91 61 55 8 63
47 9 71 97 23 68 67
96 68 85 22 21 94 47
67 1 84 53 13 51 79
31 57 71 54 100 85 73
95 77 4 62 80 61 93
37 55 68 82 36 99 81
24 98 27 59 37 87 84
52 79 64 56 68 59 7
74 85 6 77 35 29 1
12 61 95 93 83 74 68
69 83 99 38 59 62 12
74 72 27 38 89 19 52
72 80 71 64 52 28 81
90 93 28 80 33 69 86
65 57 40 26 67 24 22
8 61 71 53 71 86 26
59 67 71 1 81 91 36
73 11 70 98 30 84 28
91 74 2 54 3 95 90
13 77 89 66 15 97 93
20 85 65 91 15 29 18
91 8 62 59 83 73 68
84 68 99 23 76 77 27
52 53 11 30 89 69 95
13 28 96 60 94 79 93
93 96 88 5 12 73 86
54 55 55 22 67 76 68
86 61 75 38 58 87 85
30 45 74 67 86 39 85
82 70 38 80 6 7 64
74 81 92 65 7 34 60
85 83 85 66 27 86 64
62 80 91 65 93 37 23
74 91 27 87 73 21 62
58 80 78 83 2 94 67
84 80 19 73 69 3 54
55 10 84 2 33 98 74
63 10 5 71 18 83 44
60 12 62 48 44 11 61
78 61 77 79 3 31 89
13 57 32 100 89 5 78
55 65 18 70 2 98 76
53 41 74 65 58 16 20
97 55 30 12 66 39 76
16 64 1 4 97 94 69
84 17 66 44 63 66 1
29 97 11 92 68 58 87
63 93 89 29 68 99 66
66 98 86 82 54 58 34
50 67 83 11 60 35 66
37 89 84 7 33 37 65
57 76 18 55 40 78 68
74 91 24 63 50 56 33
93 13 10 74 72 66 19
76 6 60 100 34 76 26
79 88 70 72 58 95 14
98 52 42 10 53 91 64
33 42 30 67 58 51 54
51 9 61 64 67 100 55
5 89 65 50 77 79 66
29 97 41 89 64 37 60
24 73 80 31 53 57 77
81 78 71 18 62 68 53
80 17 55 95 68 18 28
86 56 52 17 55 32 7
56 75 66 89 14 18 46
86 14 12 51 64 65 81
97 58 7 81 59 94 40
84 54 61 19 57 88 96
75 82 1 72 34 45 74
95 38 97 36 71 29 97
57 81 88 76 54 100 17
58 63 77 32 92 85 65
76 58 7 79 22 6 71
80 3 46 65 98 55 73
87 74 26 22 98 79 53
71 82 2 44 74 41 73
65 67 95 54 75 23 39
67 61 5 93 96 71 52
72 95 58 89 60 85 23
60 64 60 24 65 66 50
95 77 75 61 29 92 79
59 22 93 23 62 58 76
87 72 86 17 51 87 68
41 69 61 49 95 99 95
73 18 45 77 40 62 80
25 11 69 90 14 36 51
28 95 72 51 6 83 71
59 7 74 46 76 53 53
13 55 87 77 69 3 78
28 53 93 94 96 94 23
60 88 88 68 6 94 93
87 79 95 14 17 12 70
42 96 55 27 96 59 8
70 85 13 94 25 100 15
77 24 37 95 19 40 26
100 8 73 78 46 14 72
90 7 33 62 55 16 26
12 45 26 80 95 94 80
91 54 32 40 45 58 74
38 69 52 59 63 97 85
81 89 5 63 58 58 54
64 54 83 16 91 77 77
73 38 96 81 99 14 52
52 31 83 81 64 56 2
61 88 52 61 23 72 6
58 69 39 85 74 82 13
10 70 100 37 63 48 51
88 97 2 22 78 56 74
2 34 58 29 85 54 64
64 8 36 74 63 91 66
48 83 6 13 56 65 18
94 79 79 75 82 9 82
21 41 51 15 69 47 37
58 40 59 80 73 66 89
62 7 83 79 34 91 89
82 66 83 6 98 100 62
57 11 84 63 6 75 25
