400 4
0.27 0.71 0.08 0.62
0.65 0.62 0.77 0.89
0.76 0.56 0.94 0.91
0.99 0.78 0.82 0.59
0.75 0.52 0.58 0.55
0.66 0.60 0.60 0.75
0.81 0.24 0.79 0.66
0.67 0.58 0.72 0.65
0.69 0.52 0.63 0.95
0.61 0.95 0.85 0.61
0.74 0.51 0.64 0.53
0.73 0.68 0.70 0.72
0.07 0.51 0.79 0.71
0.56 0.86 0.81 0.56
0.61 0.60 0.57 0.91
0.70 0.68 0.58 0.76
0.69 0.83 0.92 0.54
0.78 0.99 0.66 0.51
0.61 0.51 0.92 0.53
0.89 0.69 0.56 0.51
0.63 0.56 0.67 0.81
0.54 0.75 0.67 0.55
0.63 0.10 0.78 0.85
0.60 0.93 0.56 0.54
0.68 0.55 0.81 0.64
0.64 0.46 0.61 0.79
0.71 0.74 0.82 0.55
0.96 0.91 0.52 0.60
0.68 0.51 0.55 0.84
0.64 0.71 0.87 0.52
0.05 0.60 0.77 0.88
1.00 0.78 0.53 0.56
0.76 0.51 0.83 0.52
0.96 0.87 0.54 0.58
0.75 0.55 0.56 0.69
0.52 1.00 0.77 0.55
0.87 0.51 0.56 0.57
0.87 0.51 0.54 0.84
0.73 0.67 0.57 0.65
0.58 0.69 0.57 0.52
0.66 0.70 0.94 0.51
0.51 0.57 0.69 0.83
0.64 0.63 0.67 0.56
0.80 0.65 0.53 0.51
0.59 0.74 0.90 0.12
0.70 0.51 0.54 0.84
0.53 0.66 0.63 0.87
0.56 0.82 1.00 0.53
0.13 0.48 0.56 0.51
0.64 0.66 0.53 0.81
0.64 0.88 0.53 0.61
0.59 0.59 0.55 0.64
0.64 0.17 0.76 0.73
0.71 0.65 0.54 0.62
0.96 0.22 0.82 0.60
1.00 0.53 0.55 0.73
0.62 0.82 0.51 0.61
0.81 0.64 0.51 0.85
0.86 0.30 0.97 0.57
0.57 0.73 0.54 0.54
0.63 0.61 0.64 0.50
0.79 0.93 0.71 0.13
0.73 0.64 0.42 0.91
0.58 0.03 0.53 0.55
0.95 0.91 0.05 0.67
0.90 0.43 0.61 0.51
0.60 0.54 0.27 0.95
0.39 0.65 0.55 0.77
0.86 0.56 0.70 0.19
0.74 0.84 0.72 0.03
0.90 0.02 0.69 0.50
0.85 0.88 0.52 0.59
0.53 0.70 0.53 0.56
0.79 0.85 0.51 0.56
0.54 0.58 0.06 0.72
0.64 0.73 0.95 0.14
0.73 0.54 0.66 0.17
0.53 0.80 0.91 0.34
0.88 0.56 0.46 0.85
0.93 0.54 0.15 0.66
0.56 0.52 0.39 0.87
0.95 0.28 0.35 0.99
0.73 0.73 0.51 0.59
0.75 0.59 0.16 0.63
0.55 0.19 0.85 0.97
0.16 0.11 0.87 0.94
0.04 0.64 0.54 0.72
0.87 0.91 0.18 0.58
0.24 0.37 0.68 1.00
0.13 0.14 0.71 0.92
0.95 0.67 0.51 0.61
0.10 0.14 0.54 0.77
0.95 0.91 0.01 0.51
0.75 0.19 0.52 0.74
0.83 0.62 0.66 0.11
0.65 0.58 0.94 0.22
0.53 0.44 0.66 0.74
0.73 0.83 0.99 0.02
0.04 0.77 0.54 0.68
0.55 0.71 0.76 0.26
0.93 0.51 0.51 0.52
0.70 0.60 0.95 0.19
0.03 0.86 0.07 0.80
0.92 0.70 0.52 0.57
0.71 0.59 0.10 0.60
0.95 0.52 1.00 0.44
0.91 0.68 0.50 0.54
0.79 0.13 0.67 0.53
0.01 0.64 0.82 0.52
0.02 0.65 0.53 0.95
0.56 0.62 0.54 0.54
0.79 0.69 0.52 0.45
0.86 0.80 0.61 0.43
0.81 0.75 0.15 0.54
0.81 0.51 0.51 0.73
0.69 0.96 0.52 0.54
0.62 0.96 0.57 0.13
0.97 0.34 0.98 0.29
0.60 0.96 0.58 0.25
0.84 0.54 0.64 0.16
0.70 0.80 0.73 0.33
0.51 0.08 0.78 0.57
0.70 0.56 0.51 0.77
0.06 0.73 0.78 0.52
0.77 0.63 0.75 0.15
0.60 0.63 0.75 0.05
0.65 0.55 0.07 0.01
0.80 0.53 0.51 0.73
0.69 0.20 0.51 0.98
0.09 0.51 0.58 0.87
0.34 0.50 0.54 0.61
0.53 0.79 0.99 0.26
0.52 0.81 0.05 0.55
0.84 0.42 0.67 0.51
0.81 0.34 0.99 0.19
0.03 0.51 0.73 0.86
0.88 0.71 0.05 0.59
0.59 0.62 0.53 0.51
0.59 0.60 0.50 0.70
0.63 0.12 0.67 0.09
0.56 0.51 0.51 0.96
0.53 0.51 0.51 0.69
0.10 0.99 0.51 0.67
0.82 0.65 0.01 0.52
0.52 0.69 0.34 0.85
0.01 0.83 0.72 0.76
0.68 0.65 0.04 0.56
0.05 0.52 1.00 0.31
0.54 0.83 0.04 0.56
0.32 0.77 0.51 0.53
0.65 0.54 0.54 0.51
0.52 0.63 0.77 0.33
0.02 0.53 0.61 0.94
0.01 0.65 0.58 0.72
0.52 0.67 0.64 0.16
0.64 0.70 0.35 0.61
0.63 0.84 0.23 0.54
0.16 0.67 0.56 0.41
0.40 0.62 0.96 0.24
0.58 0.62 0.96 0.12
0.56 0.58 0.77 0.20
0.49 0.60 0.43 0.77
0.52 0.51 0.52 0.66
0.82 0.53 0.35 0.55
0.51 0.58 0.67 0.49
0.60 0.78 0.97 0.04
0.70 0.85 0.01 0.88
0.81 0.63 0.01 0.75
0.56 0.77 0.95 0.04
0.55 0.70 0.51 0.51
0.57 0.66 0.52 0.65
0.10 0.52 0.67 0.54
0.09 0.78 0.51 0.69
0.53 0.63 0.63 0.08
0.56 0.68 0.58 0.12
0.54 0.61 0.20 0.63
0.53 0.55 0.54 0.55
0.85 0.01 0.55 0.92
0.92 0.51 0.60 0.14
0.54 0.58 0.47 0.53
0.83 0.54 0.15 0.68
0.60 0.52 0.11 0.92
0.58 0.31 0.10 0.64
0.40 0.73 0.10 0.41
0.10 0.86 0.55 0.54
0.80 0.14 0.53 0.51
0.37 0.12 0.84 0.78
0.68 0.61 0.01 0.64
0.69 0.50 0.52 0.63
0.55 0.26 0.78 0.56
0.51 0.75 0.52 0.03
0.06 0.59 0.67 0.85
0.02 0.56 0.87 0.71
0.23 0.28 0.59 0.74
0.78 0.36 0.04 0.96
0.64 0.58 0.24 0.51
0.63 0.62 0.59 0.38
0.59 0.22 0.66 0.52
0.37 0.12 0.59 0.88
0.53 0.60 0.45 0.61
0.48 0.60 0.82 0.20
0.56 0.58 0.68 0.15
0.01 0.54 0.63 0.63
0.10 0.41 0.60 0.71
0.57 0.57 0.85 0.36
0.55 0.07 0.62 0.62
0.73 0.67 0.01 0.61
0.65 0.56 0.06 0.74
0.17 0.69 0.18 0.08
0.63 0.54 0.51 0.63
0.55 0.67 0.30 0.53
0.04 0.87 0.58 0.59
0.58 0.68 0.55 0.51
0.81 0.54 0.51 0.54
0.55 0.94 0.04 0.54
0.09 0.76 0.56 0.52
0.09 0.55 0.60 0.51
0.03 0.66 0.53 0.69
0.64 0.52 0.51 0.51
0.53 0.84 0.04 0.63
0.99 0.53 0.06 0.72
0.54 0.42 0.74 0.62
0.42 0.70 0.08 0.62
0.57 0.53 0.18 0.96
0.55 0.71 0.09 0.58
0.81 0.01 0.93 0.73
0.52 0.96 0.86 0.01
0.09 0.72 0.52 0.73
0.56 0.54 0.53 0.61
0.69 0.51 0.51 0.56
0.94 0.53 0.52 0.48
0.62 0.65 0.60 0.33
0.51 0.58 0.51 0.63
0.59 0.02 0.09 0.67
0.52 0.53 0.55 0.37
0.75 0.52 0.30 0.51
0.52 0.56 0.44 0.59
0.51 0.63 0.54 0.53
0.51 0.60 0.86 0.14
0.53 0.55 0.51 0.67
0.51 0.23 0.75 0.59
0.62 0.67 0.52 0.51
0.53 0.54 0.14 0.96
0.56 0.59 0.84 0.01
0.03 0.15 0.83 0.94
0.87 0.01 0.84 0.64
0.44 0.61 0.54 0.59
0.60 0.69 0.62 0.05
0.54 0.51 0.14 0.92
0.56 0.67 0.51 0.06
0.57 0.11 0.59 0.94
0.70 0.56 0.04 0.79
0.95 0.52 0.06 0.92
0.59 0.55 0.73 0.34
0.51 0.23 0.61 0.08
0.52 0.52 0.51 0.96
0.63 0.53 0.52 0.54
0.51 0.55 0.51 0.70
0.84 0.51 0.96 0.04
0.55 0.53 0.29 0.62
0.11 0.62 0.51 0.62
0.60 0.82 0.05 0.54
0.54 0.83 0.75 0.01
0.30 0.06 0.54 0.93
0.52 0.66 0.08 0.81
0.51 0.61 0.53 0.57
1.00 0.53 0.02 0.98
0.57 0.05 0.97 0.64
0.54 0.66 0.58 0.05
0.59 0.58 0.31 0.05
0.52 0.87 0.04 0.64
0.80 0.56 0.04 0.73
0.62 0.59 0.16 0.59
0.55 0.08 0.84 0.16
0.37 0.59 0.51 0.69
0.53 0.62 0.05 0.58
0.51 0.02 0.64 0.97
0.61 0.84 0.02 0.92
0.64 0.51 0.02 0.64
0.62 0.53 0.52 0.55
0.53 0.28 0.56 0.61
0.96 0.01 0.69 0.60
0.68 0.51 0.51 0.58
0.52 0.56 0.27 0.67
0.54 0.01 0.76 0.94
1.00 0.39 0.52 0.62
0.52 0.35 0.14 0.65
0.89 0.54 0.55 0.34
0.08 0.65 0.83 0.51
0.59 0.88 0.03 0.76
0.82 0.54 0.26 0.62
0.16 0.56 0.63 0.21
0.52 0.57 0.53 0.57
0.66 0.79 0.04 0.60
0.79 0.51 0.54 0.52
0.56 0.59 0.34 0.53
0.60 0.52 0.54 0.54
0.76 0.18 0.58 0.53
0.10 0.58 0.53 0.97
0.76 0.02 0.67 0.54
0.48 0.28 0.83 0.58
0.01 0.72 0.56 0.86
0.62 0.52 0.52 0.15
0.53 0.68 0.02 0.81
0.53 0.53 0.51 0.22
0.02 0.99 0.52 0.69
0.59 0.02 0.52 0.52
0.52 0.53 0.54 0.51
0.53 0.45 0.60 0.53
0.83 0.01 0.54 0.95
0.52 0.63 0.53 0.52
0.57 0.31 0.51 0.55
0.53 0.67 0.52 0.04
0.79 0.01 0.99 0.63
0.63 0.59 0.15 0.53
0.59 0.57 0.43 0.53
0.77 0.01 0.88 0.91
0.47 0.57 0.53 0.83
0.67 0.01 0.87 0.67
0.36 0.60 0.99 0.16
0.66 0.53 0.52 0.04
0.51 0.11 0.75 0.67
0.11 0.53 0.64 0.58
0.07 0.96 0.59 0.58
0.51 0.57 0.17 0.75
0.84 0.55 0.04 0.51
0.53 0.03 0.97 0.51
0.51 0.51 0.52 0.93
0.02 0.64 0.53 0.74
0.51 0.63 0.51 0.53
0.85 0.01 0.52 0.72
0.91 0.51 0.48 0.63
0.53 0.66 0.54 0.03
0.69 0.53 0.29 0.56
0.05 0.63 0.47 0.60
0.52 0.62 0.07 0.51
0.47 0.52 0.46 0.95
0.77 0.01 0.75 0.83
0.51 0.54 0.26 0.76
0.07 0.61 0.52 0.69
0.52 0.27 0.52 0.63
0.73 0.64 0.02 0.51
0.56 0.64 0.74 0.06
0.51 0.80 0.60 0.02
0.06 0.67 0.74 0.55
0.54 0.59 0.48 0.51
0.84 0.54 0.18 0.54
0.05 0.55 0.98 0.57
0.04 0.70 0.51 0.89
0.09 0.65 0.03 0.51
0.91 0.51 0.51 0.32
0.43 0.51 0.53 0.67
0.07 0.43 0.55 0.56
0.52 0.53 0.34 0.58
0.61 0.01 0.94 0.73
0.69 0.54 0.06 0.62
0.96 0.54 0.13 0.60
0.71 0.25 0.15 0.57
0.06 0.51 0.54 0.90
0.06 0.86 0.79 0.51
0.65 0.01 0.62 0.55
0.51 0.56 0.51 0.60
0.18 0.61 0.54 0.63
0.68 0.51 0.12 0.52
0.52 0.08 0.74 0.74
0.76 0.01 0.53 0.77
0.01 0.85 0.66 0.52
0.52 0.53 0.59 0.36
0.55 0.25 0.60 0.71
0.06 0.60 0.62 0.63
0.51 0.52 0.51 0.93
0.02 0.53 0.72 0.68
0.55 0.52 0.51 0.54
0.55 0.09 0.59 0.92
0.97 0.51 0.06 0.52
0.11 0.52 0.52 0.91
0.54 0.74 0.84 0.02
0.57 0.91 0.58 0.01
0.03 0.52 0.72 0.93
0.50 0.25 0.62 0.68
0.52 0.04 0.62 0.75
0.71 0.02 0.78 0.29
0.52 0.03 0.94 0.55
1.00 0.16 0.51 0.54
0.53 0.01 0.81 0.57
0.68 0.52 0.51 0.29
0.51 0.57 0.53 0.54
0.58 0.60 0.25 0.53
0.54 0.52 0.55 0.51
0.75 0.06 0.51 0.61
0.56 0.03 0.73 0.51
0.50 0.52 0.51 0.71
0.53 0.56 0.26 0.64
0.64 0.52 0.20 0.55
0.51 0.10 0.54 0.69
0.52 0.07 0.68 0.61
0.52 0.57 0.55 0.34
0.70 0.72 0.02 0.60
0.55 0.09 0.83 0.54
0.51 0.53 0.53 0.66
