400 4
27 71 8 62
65 62 77 89
76 56 94 91
99 78 82 59
75 52 58 55
66 60 60 75
81 24 79 66
67 58 72 65
69 52 63 95
61 95 85 61
74 51 64 53
73 68 70 72
7 51 79 71
56 86 81 56
61 60 57 91
70 68 58 76
69 83 92 54
78 99 66 51
61 51 92 53
89 69 56 51
63 56 67 81
54 75 67 55
63 10 78 85
60 93 56 54
68 55 81 64
64 46 61 79
71 74 82 55
96 91 52 60
68 51 55 84
64 71 87 52
5 60 77 88
100 78 53 56
76 51 83 52
96 87 54 58
75 55 56 69
52 100 77 55
87 51 56 57
87 51 54 84
73 67 57 65
58 69 57 52
66 70 94 51
51 57 69 83
64 63 67 56
80 65 53 51
59 74 90 12
70 51 54 84
53 66 63 87
56 82 100 53
13 48 56 51
64 66 53 81
64 88 53 61
59 59 55 64
64 17 76 73
71 65 54 62
96 22 82 60
100 53 55 73
62 82 51 61
81 64 51 85
86 30 97 57
57 73 54 54
63 61 64 50
79 93 71 13
73 64 42 91
58 3 53 55
95 91 5 67
90 43 61 51
60 54 27 95
39 65 55 77
86 56 70 19
74 84 72 3
90 2 69 50
85 88 52 59
53 70 53 56
79 85 51 56
54 58 6 72
64 73 95 14
73 54 66 17
53 80 91 34
88 56 46 85
93 54 15 66
56 52 39 87
95 28 35 99
73 73 51 59
75 59 16 63
55 19 85 97
16 11 87 94
4 64 54 72
87 91 18 58
24 37 68 100
13 14 71 92
95 67 51 61
10 14 54 77
95 91 1 51
75 19 52 74
83 62 66 11
65 58 94 22
53 44 66 74
73 83 99 2
4 77 54 68
55 71 76 26
93 51 51 52
70 60 95 19
3 86 7 80
92 70 52 57
71 59 10 60
95 52 100 44
91 68 50 54
79 13 67 53
1 64 82 52
2 65 53 95
56 62 54 54
79 69 52 45
86 80 61 43
81 75 15 54
81 51 51 73
69 96 52 54
62 96 57 13
97 34 98 29
60 96 58 25
84 54 64 16
70 80 73 33
51 8 78 57
70 56 51 77
6 73 78 52
77 63 75 15
60 63 75 5
65 55 7 1
80 53 51 73
69 20 51 98
9 51 58 87
34 50 54 61
53 79 99 26
52 81 5 55
84 42 67 51
81 34 99 19
3 51 73 86
88 71 5 59
59 62 53 51
59 60 50 70
63 12 67 9
56 51 51 96
53 51 51 69
10 99 51 67
82 65 1 52
52 69 34 85
1 83 72 76
68 65 4 56
5 52 100 31
54 83 4 56
32 77 51 53
65 54 54 51
52 63 77 33
2 53 61 94
1 65 58 72
52 67 64 16
64 70 35 61
63 84 23 54
16 67 56 41
40 62 96 24
58 62 96 12
56 58 77 20
49 60 43 77
52 51 52 66
82 53 35 55
51 58 67 49
60 78 97 4
70 85 1 88
81 63 1 75
56 77 95 4
55 70 51 51
57 66 52 65
10 52 67 54
9 78 51 69
53 63 63 8
56 68 58 12
54 61 20 63
53 55 54 55
85 1 55 92
92 51 60 14
54 58 47 53
83 54 15 68
60 52 11 92
58 31 10 64
40 73 10 41
10 86 55 54
80 14 53 51
37 12 84 78
68 61 1 64
69 50 52 63
55 26 78 56
51 75 52 3
6 59 67 85
2 56 87 71
23 28 59 74
78 36 4 96
64 58 24 51
63 62 59 38
59 22 66 52
37 12 59 88
53 60 45 61
48 60 82 20
56 58 68 15
1 54 63 63
10 41 60 71
57 57 85 36
55 7 62 62
73 67 1 61
65 56 6 74
17 69 18 8
63 54 51 63
55 67 30 53
4 87 58 59
58 68 55 51
81 54 51 54
55 94 4 54
9 76 56 52
9 55 60 51
3 66 53 69
64 52 51 51
53 84 4 63
99 53 6 72
54 42 74 62
42 70 8 62
57 53 18 96
55 71 9 58
81 1 93 73
52 96 86 1
9 72 52 73
56 54 53 61
69 51 51 56
94 53 52 48
62 65 60 33
51 58 51 63
59 2 9 67
52 53 55 37
75 52 30 51
52 56 44 59
51 63 54 53
51 60 86 14
53 55 51 67
51 23 75 59
62 67 52 51
53 54 14 96
56 59 84 1
3 15 83 94
87 1 84 64
44 61 54 59
60 69 62 5
54 51 14 92
56 67 51 6
57 11 59 94
70 56 4 79
95 52 6 92
59 55 73 34
51 23 61 8
52 52 51 96
63 53 52 54
51 55 51 70
84 51 96 4
55 53 29 62
11 62 51 62
60 82 5 54
54 83 75 1
30 6 54 93
52 66 8 81
51 61 53 57
100 53 2 98
57 5 97 64
54 66 58 5
59 58 31 5
52 87 4 64
80 56 4 73
62 59 16 59
55 8 84 16
37 59 51 69
53 62 5 58
51 2 64 97
61 84 2 92
64 51 2 64
62 53 52 55
53 28 56 61
96 1 69 60
68 51 51 58
52 56 27 67
54 1 76 94
100 39 52 62
52 35 14 65
89 54 55 34
8 65 83 51
59 88 3 76
82 54 26 62
16 56 63 21
52 57 53 57
66 79 4 60
79 51 54 52
56 59 34 53
60 52 54 54
76 18 58 53
10 58 53 97
76 2 67 54
48 28 83 58
1 72 56 86
62 52 52 15
53 68 2 81
53 53 51 22
2 99 52 69
59 2 52 52
52 53 54 51
53 45 60 53
83 1 54 95
52 63 53 52
57 31 51 55
53 67 52 4
79 1 99 63
63 59 15 53
59 57 43 53
77 1 88 91
47 57 53 83
67 1 87 67
36 60 99 16
66 53 52 4
51 11 75 67
11 53 64 58
7 96 59 58
51 57 17 75
84 55 4 51
53 3 97 51
51 51 52 93
2 64 53 74
51 63 51 53
85 1 52 72
91 51 48 63
53 66 54 3
69 53 29 56
5 63 47 60
52 62 7 51
47 52 46 95
77 1 75 83
51 54 26 76
7 61 52 69
52 27 52 63
73 64 2 51
56 64 74 6
51 80 60 2
6 67 74 55
54 59 48 51
84 54 18 54
5 55 98 57
4 70 51 89
9 65 3 51
91 51 51 32
43 51 53 67
7 43 55 56
52 53 34 58
61 1 94 73
69 54 6 62
96 54 13 60
71 25 15 57
6 51 54 90
6 86 79 51
65 1 62 55
51 56 51 60
18 61 54 63
68 51 12 52
52 8 74 74
76 1 53 77
1 85 66 52
52 53 59 36
55 25 60 71
6 60 62 63
51 52 51 93
2 53 72 68
55 52 51 54
55 9 59 92
97 51 6 52
11 52 52 91
54 74 84 2
57 91 58 1
3 52 72 93
50 25 62 68
52 4 62 75
71 2 78 29
52 3 94 55
100 16 51 54
53 1 81 57
68 52 51 29
51 57 53 54
58 60 25 53
54 52 55 51
75 6 51 61
56 3 73 51
50 52 51 71
53 56 26 64
64 52 20 55
51 10 54 69
52 7 68 61
52 57 55 34
70 72 2 60
55 9 83 54
51 53 53 66
