400 4
94 44 25 71
72 59 100 53
62 60 97 57
57 84 80 61
100 73 96 67
69 97 52 93
92 72 12 78
78 65 96 93
59 64 98 93
51 74 51 46
86 54 54 80
87 64 67 66
64 63 94 84
62 65 56 88
52 56 74 100
74 62 65 98
74 73 79 58
5 73 73 60
78 69 86 81
80 59 53 62
73 69 93 65
58 63 54 58
93 53 62 66
89 57 81 54
71 59 91 60
74 57 66 91
97 60 76 58
82 55 97 59
57 54 64 68
55 66 60 58
73 55 60 85
87 72 81 53
90 52 84 60
90 85 10 51
88 51 70 80
53 70 79 92
78 52 85 53
64 66 52 100
8 100 58 52
60 51 84 87
79 53 79 61
100 51 81 56
54 69 75 68
61 70 71 53
81 40 81 97
60 60 61 81
95 55 54 63
21 52 72 57
100 23 76 65
54 64 67 88
54 66 86 56
44 72 26 83
65 58 73 56
77 52 71 71
54 59 80 56
81 53 66 69
53 59 52 57
81 51 87 65
65 52 59 85
85 73 71 51
78 5 57 52
51 54 66 84
74 94 96 3
84 81 97 45
59 96 18 67
81 74 83 23
60 61 43 94
86 40 54 53
76 47 82 66
19 85 60 90
51 70 64 83
64 58 51 74
97 45 60 11
46 95 64 69
89 71 51 61
87 73 36 52
72 55 55 69
77 57 96 52
96 57 70 40
72 28 77 65
56 61 51 16
57 55 60 91
65 37 71 53
52 68 59 18
62 24 64 67
51 75 51 16
55 36 68 63
55 61 14 61
51 29 88 99
73 65 62 15
61 35 99 71
62 40 82 56
96 53 13 58
23 61 40 70
57 54 64 51
54 55 62 61
42 55 91 55
77 17 69 56
83 68 25 60
83 56 53 80
50 53 12 86
19 69 54 90
92 53 31 80
100 53 56 51
60 51 67 67
51 71 51 51
51 70 56 61
35 73 53 58
63 26 62 89
56 58 60 60
52 51 68 5
55 52 55 74
51 51 94 90
52 55 51 64
60 16 91 88
75 51 54 75
52 24 72 74
12 59 81 67
71 51 51 58
27 63 84 51
53 52 49 99
64 53 67 65
78 58 62 51
68 52 51 52
2 68 57 63
64 56 60 13
52 54 60 64
70 51 52 90
35 67 62 56
4 65 53 74
97 58 7 59
69 91 4 81
12 53 57 56
70 13 53 64
58 52 60 54
64 51 52 54
80 98 4 70
1 59 76 100
99 55 27 28
5 68 58 51
45 64 65 53
51 30 65 65
71 12 99 62
67 53 43 9
100 63 60 4
68 83 1 61
87 79 12 52
77 60 32 73
80 67 12 52
1 88 76 79
44 38 80 77
51 58 63 35
25 45 52 78
31 58 64 38
90 96 72 2
83 86 45 1
58 7 7 72
60 58 62 4
40 79 13 80
1 57 56 100
87 2 44 99
51 73 85 17
56 24 68 71
10 81 1 80
64 46 52 63
33 52 55 70
63 99 22 17
56 9 56 90
66 5 67 70
74 73 18 59
67 9 71 62
73 4 71 90
55 52 27 81
51 52 57 10
62 1 51 68
18 78 4 87
70 77 16 54
97 60 21 45
64 56 23 69
69 32 54 67
9 53 58 85
99 20 56 59
81 51 30 60
62 56 56 63
51 34 60 79
92 10 89 2
72 69 64 1
33 40 70 84
9 65 85 60
66 63 12 69
63 53 51 54
53 26 62 89
58 72 21 53
83 47 56 51
86 22 56 59
95 51 41 59
91 11 61 26
26 71 2 94
60 12 52 36
7 59 98 86
53 72 1 70
4 57 97 37
76 83 59 8
97 1 84 30
52 3 76 86
78 77 1 52
15 99 51 68
57 45 84 51
10 71 54 71
84 85 24 37
1 67 93 77
51 40 69 54
54 66 46 61
64 55 52 27
1 56 59 100
69 94 92 3
73 51 57 35
50 56 53 66
55 63 12 56
50 51 61 30
51 13 85 98
5 66 70 64
83 51 2 79
20 52 74 58
12 96 52 60
51 53 53 71
53 54 55 67
65 76 4 53
10 87 93 22
90 43 64 27
13 54 53 83
70 3 72 65
31 66 52 51
80 99 10 51
24 57 32 95
20 61 59 54
74 51 6 64
59 78 52 14
54 17 97 73
61 51 44 41
5 57 60 81
20 45 97 84
70 71 80 2
86 69 24 15
48 65 55 51
60 51 51 54
52 45 65 52
58 54 56 55
54 90 22 66
88 76 22 51
2 81 72 59
54 65 53 54
54 14 98 56
19 80 52 10
32 55 75 52
61 53 4 93
52 53 51 72
55 2 90 87
55 57 25 70
16 66 52 68
76 59 5 73
53 100 31 62
55 56 55 56
58 59 4 87
74 52 51 38
99 10 53 57
51 14 63 68
56 55 53 57
53 52 51 59
61 64 43 54
54 51 51 84
71 8 60 66
21 33 66 92
87 2 58 55
76 4 74 55
51 62 9 89
62 1 65 56
60 51 58 6
45 97 51 57
79 5 52 58
52 59 51 55
77 73 1 56
55 77 21 51
51 63 53 53
56 82 70 2
46 65 56 64
55 5 72 72
18 67 77 51
55 56 53 58
51 61 56 65
52 66 51 52
45 70 63 10
62 65 3 83
59 78 55 1
78 98 54 6
67 60 10 53
53 19 61 88
81 39 15 63
55 44 61 59
54 30 72 57
56 93 60 8
32 70 1 75
53 64 56 51
80 18 12 60
99 34 60 3
6 57 69 69
65 77 57 5
69 3 57 58
52 55 55 51
9 62 59 57
53 53 52 56
59 51 53 28
97 2 52 60
31 53 59 53
89 51 1 76
29 63 54 65
41 75 63 44
54 98 76 4
54 52 53 57
55 2 98 14
75 75 2 56
64 59 2 83
54 3 62 81
57 53 66 3
25 61 55 69
95 54 30 57
56 51 51 64
52 57 56 18
59 10 58 67
52 57 54 60
6 56 57 55
23 76 53 59
57 60 51 53
29 55 60 51
46 51 89 69
79 99 53 8
60 55 5 58
55 2 83 58
52 79 57 3
52 6 57 51
54 52 34 61
2 54 69 58
1 90 51 56
100 5 51 67
45 51 60 63
51 8 72 68
98 59 52 6
52 67 72 3
66 52 23 70
67 20 86 13
80 9 5 94
4 75 54 53
48 15 91 89
51 51 60 62
56 55 3 51
56 4 60 95
12 66 53 65
56 40 53 88
55 51 57 46
58 5 67 75
13 66 58 53
56 51 56 55
51 53 1 80
3 94 51 54
52 83 13 61
12 52 66 99
3 72 98 56
54 36 53 58
31 66 15 60
51 54 52 74
57 68 59 5
52 60 51 54
90 56 51 7
69 54 24 66
53 90 23 56
73 53 39 18
1 62 64 57
54 66 7 66
2 75 52 56
5 51 53 73
55 100 16 53
17 61 80 30
98 62 98 1
54 21 51 81
52 63 55 4
74 73 51 8
51 53 56 54
51 35 52 86
57 1 91 54
63 46 22 62
63 90 2 66
92 66 2 73
6 78 51 61
32 57 56 60
51 55 56 51
7 43 99 97
73 42 51 55
5 51 99 51
51 95 67 8
62 70 54 9
