400 4
0.28 0.53 0.41 0.83
1.00 0.84 0.66 0.60
0.64 0.53 0.66 0.71
0.97 0.68 0.64 0.81
0.96 0.54 0.56 0.81
0.83 0.55 0.72 0.60
0.53 0.51 0.92 0.79
0.88 0.86 0.68 0.61
0.70 0.55 0.99 0.61
0.61 0.93 0.94 0.67
0.58 0.91 0.93 0.60
0.95 0.82 0.61 0.54
0.55 0.77 0.56 0.80
0.92 0.71 0.72 0.20
0.56 0.79 0.61 0.60
0.60 0.71 0.99 0.73
0.61 0.82 1.00 0.59
0.53 0.58 0.62 0.78
0.72 0.58 0.59 0.67
0.82 0.58 0.58 0.61
0.60 0.54 0.99 0.76
0.56 0.78 0.91 0.58
0.64 0.79 0.69 0.57
0.55 0.72 0.62 0.55
0.55 0.52 0.77 0.59
0.97 0.54 0.53 0.66
0.92 0.78 0.64 0.51
0.85 0.67 0.57 0.55
0.13 0.80 0.80 0.77
0.92 0.70 0.51 0.78
0.52 0.83 0.66 0.53
0.53 0.57 0.83 0.60
0.86 0.89 0.55 0.60
0.55 0.70 0.51 0.54
0.81 0.67 0.56 0.57
0.52 0.85 0.62 0.59
0.74 0.58 0.58 0.59
0.56 0.27 0.82 0.95
0.77 0.52 0.78 0.57
0.67 0.51 0.93 0.60
0.71 0.51 0.80 0.87
0.98 0.30 0.56 0.64
0.52 0.62 0.73 0.61
0.85 0.80 0.68 0.52
0.79 0.52 0.61 0.92
0.80 0.66 0.07 0.56
0.85 0.51 0.80 0.62
0.54 0.52 0.72 0.98
0.87 0.77 0.87 0.03
0.78 0.51 0.64 0.96
0.70 0.83 0.65 0.53
0.57 0.63 0.55 0.54
0.60 0.57 0.60 0.51
0.16 0.91 0.65 0.59
0.71 0.55 0.86 0.53
0.87 0.56 0.66 0.60
0.57 0.99 0.84 0.51
0.52 0.58 0.86 0.57
0.94 0.61 0.54 0.55
0.71 0.19 0.83 0.71
0.51 0.86 0.86 0.51
0.94 0.96 0.51 0.51
0.91 0.73 0.72 0.26
0.70 0.66 0.24 0.88
0.51 0.59 0.93 0.79
0.60 0.51 0.83 0.70
0.58 0.52 0.66 0.75
0.56 0.67 0.91 0.55
0.63 0.46 0.79 0.81
0.57 0.60 0.57 0.59
0.54 0.51 0.54 0.58
0.66 0.87 0.52 0.51
0.67 0.97 0.29 0.98
0.56 0.55 0.81 0.57
0.54 0.25 0.57 0.90
0.51 0.55 0.92 0.69
0.51 0.52 0.76 0.88
0.85 0.86 0.56 0.53
0.55 0.53 0.89 0.56
0.68 0.62 0.52 0.74
0.21 0.77 0.94 0.67
0.89 0.52 0.80 0.33
0.58 0.68 0.91 0.52
1.00 0.13 0.91 0.60
0.07 0.88 0.65 0.82
0.64 0.64 0.52 0.54
0.90 0.83 0.76 0.42
0.54 0.60 0.05 0.89
0.79 0.46 0.56 0.95
0.24 0.62 0.66 0.53
0.71 0.79 0.86 0.07
0.84 0.68 0.61 0.25
0.15 0.62 0.88 0.93
0.66 0.36 0.67 0.66
0.76 0.78 0.87 0.32
0.54 0.52 0.69 0.39
0.08 0.75 0.69 0.63
0.16 0.65 0.87 0.91
0.63 0.88 0.89 0.17
0.72 0.17 0.89 0.67
0.45 0.52 0.57 0.64
0.63 0.38 0.62 0.80
0.57 0.55 0.77 0.27
0.07 0.65 0.87 0.99
0.60 0.62 0.59 0.56
0.55 0.64 0.52 0.73
0.73 0.52 0.56 0.52
0.60 0.18 0.88 0.99
0.81 0.01 0.74 0.74
0.65 0.91 0.09 0.61
0.15 0.56 0.87 0.67
0.56 0.85 0.67 0.01
0.76 0.92 0.56 0.36
0.95 0.60 0.36 0.84
0.60 0.43 0.61 0.70
0.06 0.61 0.85 0.97
0.73 0.99 0.63 0.14
0.95 0.51 0.51 0.73
0.69 0.58 0.73 0.35
0.80 0.59 1.00 0.21
0.58 0.49 0.91 0.58
0.55 0.31 0.58 0.79
0.36 0.82 0.11 0.77
0.02 0.73 0.69 0.86
0.89 0.07 0.89 0.70
0.57 0.82 0.37 0.68
0.54 0.50 0.57 0.67
0.76 0.59 0.51 0.56
0.94 0.53 0.51 0.73
0.64 0.22 0.97 0.86
0.57 0.07 1.00 0.90
0.69 0.72 0.45 0.48
0.73 0.52 0.16 0.39
0.81 0.14 0.63 0.98
0.81 0.18 0.64 0.59
0.51 0.95 0.63 0.58
0.23 0.78 0.54 0.72
0.97 0.68 0.66 0.04
0.80 0.32 0.61 0.52
0.76 0.20 0.78 0.98
0.30 0.86 0.54 0.62
0.57 0.52 0.59 0.26
0.15 0.92 0.59 0.88
0.26 0.94 0.53 0.51
0.69 0.32 0.85 0.58
0.62 0.46 0.74 0.12
0.55 0.51 0.52 0.89
0.53 0.56 0.56 0.80
0.70 0.96 0.51 0.32
0.90 0.91 0.06 0.78
0.58 0.88 0.41 0.66
0.22 0.57 0.17 0.19
0.08 0.52 0.95 0.60
0.51 0.42 0.91 0.95
0.07 0.79 0.95 0.59
0.93 0.70 0.62 0.05
0.70 0.28 0.55 0.90
0.53 0.86 0.54 0.17
0.72 0.26 0.57 0.53
0.64 0.21 0.89 0.95
0.48 0.52 0.93 0.63
0.79 0.35 0.53 0.46
0.61 0.52 0.53 0.78
0.06 0.82 0.28 0.53
0.95 0.93 0.62 0.02
0.86 0.06 0.60 0.87
0.34 0.56 0.95 0.57
0.64 0.53 0.80 0.07
0.58 0.21 0.67 0.82
0.58 0.32 0.87 0.58
0.83 0.66 0.55 0.12
0.12 0.35 0.66 0.58
0.75 0.16 0.72 0.89
0.83 0.94 0.65 0.07
0.76 0.50 0.52 0.69
0.78 0.84 0.14 0.71
0.52 0.51 0.22 0.66
0.81 0.64 0.07 0.77
0.76 0.13 0.61 0.54
0.54 0.48 0.89 0.54
0.64 0.32 0.22 0.92
0.53 0.99 0.08 0.84
0.58 0.31 0.55 0.82
0.95 0.40 0.88 0.30
0.91 0.09 0.66 0.85
0.51 0.55 0.74 0.02
0.84 0.09 0.81 0.66
0.85 0.10 0.67 0.71
0.91 0.56 0.13 0.92
0.09 0.62 0.94 0.86
0.85 0.01 0.75 0.67
0.01 0.90 0.62 0.53
0.63 0.19 0.53 0.88
0.88 0.11 0.59 0.82
0.19 0.51 0.53 0.72
0.11 0.68 0.65 0.51
0.89 0.53 0.63 0.16
0.70 0.10 0.66 0.58
0.78 0.72 0.05 0.62
0.54 0.54 0.61 0.55
0.04 0.58 0.90 0.90
0.51 0.16 0.86 0.57
0.55 0.37 0.86 0.53
0.58 0.71 0.16 0.75
0.70 0.86 0.05 0.87
0.52 0.10 0.74 0.54
0.12 0.54 0.61 0.62
0.58 0.42 0.53 0.60
0.04 0.63 0.52 0.68
0.56 0.17 0.53 0.99
0.66 0.82 0.69 0.16
0.90 0.63 0.11 0.84
0.64 0.41 0.52 0.70
0.53 0.96 0.16 0.56
0.56 0.40 0.56 0.64
0.05 0.76 0.80 0.54
0.55 0.80 0.04 0.66
0.61 0.23 0.71 0.53
0.60 0.38 0.52 0.73
0.86 0.77 0.03 0.75
0.78 0.82 0.67 0.10
0.02 0.74 0.84 0.80
0.12 0.57 0.67 0.24
0.97 0.73 0.60 0.06
0.58 0.56 0.18 0.89
0.60 0.54 0.40 0.55
0.69 0.09 0.80 0.90
0.66 0.04 0.99 0.95
0.54 0.84 0.15 0.59
0.51 0.64 0.05 0.89
0.52 0.54 0.56 0.61
0.96 0.33 0.54 0.69
0.18 0.18 0.58 0.80
0.86 0.03 0.70 0.63
0.51 0.54 0.07 0.85
0.66 0.24 0.63 0.75
0.05 0.75 0.73 0.04
0.56 0.03 0.90 0.75
0.53 0.53 0.58 0.58
0.47 0.56 0.85 0.54
0.63 0.52 0.21 0.87
0.51 0.14 0.84 0.80
0.19 0.76 0.55 0.55
0.53 0.52 0.58 0.60
0.98 0.21 0.57 0.84
0.68 0.35 0.56 0.03
0.69 0.03 0.51 0.16
0.54 0.56 0.52 0.65
0.07 0.77 0.54 0.66
0.51 0.20 0.53 0.56
0.04 0.60 0.96 0.62
0.93 0.51 0.16 0.61
0.60 0.06 0.81 0.23
0.36 0.52 0.52 0.56
0.51 0.49 0.90 0.48
0.64 0.01 0.93 0.69
0.53 0.55 0.07 0.71
0.20 0.02 0.44 0.90
0.20 0.58 0.62 0.59
0.83 0.82 0.07 0.48
0.62 0.92 0.06 0.60
0.56 0.58 0.10 0.54
0.74 0.97 0.52 0.08
0.68 0.10 0.77 0.51
0.17 0.43 0.59 0.89
0.65 0.51 0.95 0.05
0.04 0.81 0.60 0.55
0.66 0.59 0.08 0.53
0.71 0.56 0.17 0.56
0.08 0.53 0.81 0.92
0.07 0.75 0.60 0.65
0.03 0.67 0.82 0.62
0.59 0.28 0.52 0.76
0.02 0.56 0.74 0.88
0.59 0.56 0.54 0.52
0.62 0.51 0.52 0.65
0.60 0.15 0.55 0.73
0.13 0.60 0.59 0.94
0.05 0.67 0.75 0.67
0.56 0.15 0.73 0.65
0.65 0.51 0.51 0.56
0.67 0.92 0.03 0.56
0.54 0.54 0.99 0.18
0.06 0.73 0.76 0.52
0.01 0.65 0.78 0.72
0.44 0.53 0.56 0.52
0.93 0.51 0.11 0.77
0.64 0.97 0.03 0.98
0.54 0.52 0.83 0.15
0.62 0.13 0.72 0.77
0.80 0.55 0.06 0.58
0.56 0.20 0.89 0.51
0.33 0.49 0.74 0.52
0.52 0.99 0.02 0.52
0.05 0.61 0.59 0.98
0.65 0.93 0.57 0.05
0.58 0.51 0.60 0.53
0.66 0.84 0.58 0.06
0.52 0.04 0.76 0.65
0.62 0.56 0.53 0.53
0.58 0.55 0.52 0.52
0.51 0.54 0.80 0.13
0.65 0.51 0.57 0.51
0.60 0.68 0.63 0.05
0.80 0.01 0.62 1.00
0.99 0.33 0.52 0.06
0.54 0.52 0.62 0.53
0.05 0.51 0.57 1.00
0.64 0.82 0.08 0.64
0.55 0.57 0.11 0.65
0.59 0.85 0.03 0.69
0.96 0.54 0.08 0.84
0.63 0.08 0.68 0.55
0.33 0.54 0.52 0.64
0.06 0.70 0.72 0.62
0.76 0.78 0.06 0.59
0.65 0.56 0.56 0.43
0.53 0.52 0.51 0.52
0.41 0.55 0.67 0.52
0.64 0.67 0.52 0.03
0.64 0.92 0.57 0.01
0.77 0.66 0.04 0.76
0.01 0.86 0.54 0.94
0.73 0.55 0.08 0.55
0.97 0.46 0.17 0.79
0.52 0.55 0.55 0.51
0.25 0.52 1.00 0.53
0.61 0.54 0.52 0.24
0.63 0.51 0.54 0.53
0.62 0.51 0.53 0.55
0.57 0.54 0.65 0.03
0.59 0.54 0.57 0.51
0.94 0.87 0.04 0.54
0.55 0.58 0.67 0.11
0.58 0.53 0.56 0.51
0.72 0.53 0.31 0.62
0.87 0.63 0.90 0.01
0.51 0.76 0.08 0.57
0.02 0.55 0.87 0.87
0.56 0.66 0.59 0.01
0.88 0.58 0.04 0.87
0.55 0.51 0.88 0.51
0.58 0.51 1.00 0.07
0.44 0.52 0.57 0.54
0.91 0.66 0.04 0.65
0.04 0.54 0.68 0.83
0.03 0.70 0.62 0.82
0.62 0.53 0.14 0.67
0.56 0.13 0.54 0.53
0.23 0.54 0.64 0.51
0.65 0.53 0.53 0.51
0.51 0.34 0.67 0.51
0.92 0.92 0.01 0.89
0.59 0.59 0.56 0.05
0.11 0.70 0.64 0.64
0.97 0.65 0.05 0.67
0.06 0.60 0.48 0.88
0.04 0.52 0.84 0.74
0.51 0.53 0.81 0.08
0.01 0.73 0.59 0.97
0.54 0.53 0.02 0.58
0.01 0.61 0.71 0.92
0.26 0.53 0.85 0.52
0.92 0.02 0.68 0.78
0.89 0.75 0.54 0.01
0.04 0.84 0.51 0.54
0.91 0.99 0.40 0.06
0.09 0.53 0.87 0.69
0.17 0.98 0.60 0.38
0.06 0.60 0.64 0.87
0.76 0.82 0.56 0.01
0.52 0.13 0.59 0.89
0.52 0.63 0.09 0.76
0.56 0.84 0.28 0.03
0.57 0.81 0.57 0.18
0.09 0.82 0.57 0.52
0.88 0.72 0.02 0.56
0.76 0.85 0.01 0.77
0.61 0.51 0.03 0.67
0.64 0.52 0.94 0.07
0.66 0.02 0.64 0.54
0.02 0.20 0.78 0.53
0.77 0.59 0.51 0.09
0.85 0.59 0.01 0.68
0.58 0.80 0.15 0.52
0.01 0.88 0.78 0.71
0.47 0.51 0.70 0.52
0.08 0.72 0.60 0.52
0.55 0.01 0.57 0.69
0.63 0.51 0.57 0.51
0.54 0.35 0.63 0.52
0.68 0.51 0.28 0.65
0.56 0.52 0.23 0.21
0.51 0.56 0.51 0.81
0.51 0.19 0.68 0.60
0.55 0.63 0.61 0.17
0.74 0.80 0.01 0.64
0.95 0.18 0.47 0.71
0.99 0.65 0.74 0.01
0.51 0.97 0.61 0.14
