400 4
28 53 41 83
100 84 66 60
64 53 66 71
97 68 64 81
96 54 56 81
83 55 72 60
53 51 92 79
88 86 68 61
70 55 99 61
61 93 94 67
58 91 93 60
95 82 61 54
55 77 56 80
92 71 72 20
56 79 61 60
60 71 99 73
61 82 100 59
53 58 62 78
72 58 59 67
82 58 58 61
60 54 99 76
56 78 91 58
64 79 69 57
55 72 62 55
55 52 77 59
97 54 53 66
92 78 64 51
85 67 57 55
13 80 80 77
92 70 51 78
52 83 66 53
53 57 83 60
86 89 55 60
55 70 51 54
81 67 56 57
52 85 62 59
74 58 58 59
56 27 82 95
77 52 78 57
67 51 93 60
71 51 80 87
98 30 56 64
52 62 73 61
85 80 68 52
79 52 61 92
80 66 7 56
85 51 80 62
54 52 72 98
87 77 87 3
78 51 64 96
70 83 65 53
57 63 55 54
60 57 60 51
16 91 65 59
71 55 86 53
87 56 66 60
57 99 84 51
52 58 86 57
94 61 54 55
71 19 83 71
51 86 86 51
94 96 51 51
91 73 72 26
70 66 24 88
51 59 93 79
60 51 83 70
58 52 66 75
56 67 91 55
63 46 79 81
57 60 57 59
54 51 54 58
66 87 52 51
67 97 29 98
56 55 81 57
54 25 57 90
51 55 92 69
51 52 76 88
85 86 56 53
55 53 89 56
68 62 52 74
21 77 94 67
89 52 80 33
58 68 91 52
100 13 91 60
7 88 65 82
64 64 52 54
90 83 76 42
54 60 5 89
79 46 56 95
24 62 66 53
71 79 86 7
84 68 61 25
15 62 88 93
66 36 67 66
76 78 87 32
54 52 69 39
8 75 69 63
16 65 87 91
63 88 89 17
72 17 89 67
45 52 57 64
63 38 62 80
57 55 77 27
7 65 87 99
60 62 59 56
55 64 52 73
73 52 56 52
60 18 88 99
81 1 74 74
65 91 9 61
15 56 87 67
56 85 67 1
76 92 56 36
95 60 36 84
60 43 61 70
6 61 85 97
73 99 63 14
95 51 51 73
69 58 73 35
80 59 100 21
58 49 91 58
55 31 58 79
36 82 11 77
2 73 69 86
89 7 89 70
57 82 37 68
54 50 57 67
76 59 51 56
94 53 51 73
64 22 97 86
57 7 100 90
69 72 45 48
73 52 16 39
81 14 63 98
81 18 64 59
51 95 63 58
23 78 54 72
97 68 66 4
80 32 61 52
76 20 78 98
30 86 54 62
57 52 59 26
15 92 59 88
26 94 53 51
69 32 85 58
62 46 74 12
55 51 52 89
53 56 56 80
70 96 51 32
90 91 6 78
58 88 41 66
22 57 17 19
8 52 95 60
51 42 91 95
7 79 95 59
93 70 62 5
70 28 55 90
53 86 54 17
72 26 57 53
64 21 89 95
48 52 93 63
79 35 53 46
61 52 53 78
6 82 28 53
95 93 62 2
86 6 60 87
34 56 95 57
64 53 80 7
58 21 67 82
58 32 87 58
83 66 55 12
12 35 66 58
75 16 72 89
83 94 65 7
76 50 52 69
78 84 14 71
52 51 22 66
81 64 7 77
76 13 61 54
54 48 89 54
64 32 22 92
53 99 8 84
58 31 55 82
95 40 88 30
91 9 66 85
51 55 74 2
84 9 81 66
85 10 67 71
91 56 13 92
9 62 94 86
85 1 75 67
1 90 62 53
63 19 53 88
88 11 59 82
19 51 53 72
11 68 65 51
89 53 63 16
70 10 66 58
78 72 5 62
54 54 61 55
4 58 90 90
51 16 86 57
55 37 86 53
58 71 16 75
70 86 5 87
52 10 74 54
12 54 61 62
58 42 53 60
4 63 52 68
56 17 53 99
66 82 69 16
90 63 11 84
64 41 52 70
53 96 16 56
56 40 56 64
5 76 80 54
55 80 4 66
61 23 71 53
60 38 52 73
86 77 3 75
78 82 67 10
2 74 84 80
12 57 67 24
97 73 60 6
58 56 18 89
60 54 40 55
69 9 80 90
66 4 99 95
54 84 15 59
51 64 5 89
52 54 56 61
96 33 54 69
18 18 58 80
86 3 70 63
51 54 7 85
66 24 63 75
5 75 73 4
56 3 90 75
53 53 58 58
47 56 85 54
63 52 21 87
51 14 84 80
19 76 55 55
53 52 58 60
98 21 57 84
68 35 56 3
69 3 51 16
54 56 52 65
7 77 54 66
51 20 53 56
4 60 96 62
93 51 16 61
60 6 81 23
36 52 52 56
51 49 90 48
64 1 93 69
53 55 7 71
20 2 44 90
20 58 62 59
83 82 7 48
62 92 6 60
56 58 10 54
74 97 52 8
68 10 77 51
17 43 59 89
65 51 95 5
4 81 60 55
66 59 8 53
71 56 17 56
8 53 81 92
7 75 60 65
3 67 82 62
59 28 52 76
2 56 74 88
59 56 54 52
62 51 52 65
60 15 55 73
13 60 59 94
5 67 75 67
56 15 73 65
65 51 51 56
67 92 3 56
54 54 99 18
6 73 76 52
1 65 78 72
44 53 56 52
93 51 11 77
64 97 3 98
54 52 83 15
62 13 72 77
80 55 6 58
56 20 89 51
33 49 74 52
52 99 2 52
5 61 59 98
65 93 57 5
58 51 60 53
66 84 58 6
52 4 76 65
62 56 53 53
58 55 52 52
51 54 80 13
65 51 57 51
60 68 63 5
80 1 62 100
99 33 52 6
54 52 62 53
5 51 57 100
64 82 8 64
55 57 11 65
59 85 3 69
96 54 8 84
63 8 68 55
33 54 52 64
6 70 72 62
76 78 6 59
65 56 56 43
53 52 51 52
41 55 67 52
64 67 52 3
64 92 57 1
77 66 4 76
1 86 54 94
73 55 8 55
97 46 17 79
52 55 55 51
25 52 100 53
61 54 52 24
63 51 54 53
62 51 53 55
57 54 65 3
59 54 57 51
94 87 4 54
55 58 67 11
58 53 56 51
72 53 31 62
87 63 90 1
51 76 8 57
2 55 87 87
56 66 59 1
88 58 4 87
55 51 88 51
58 51 100 7
44 52 57 54
91 66 4 65
4 54 68 83
3 70 62 82
62 53 14 67
56 13 54 53
23 54 64 51
65 53 53 51
51 34 67 51
92 92 1 89
59 59 56 5
11 70 64 64
97 65 5 67
6 60 48 88
4 52 84 74
51 53 81 8
1 73 59 97
54 53 2 58
1 61 71 92
26 53 85 52
92 2 68 78
89 75 54 1
4 84 51 54
91 99 40 6
9 53 87 69
17 98 60 38
6 60 64 87
76 82 56 1
52 13 59 89
52 63 9 76
56 84 28 3
57 81 57 18
9 82 57 52
88 72 2 56
76 85 1 77
61 51 3 67
64 52 94 7
66 2 64 54
2 20 78 53
77 59 51 9
85 59 1 68
58 80 15 52
1 88 78 71
47 51 70 52
8 72 60 52
55 1 57 69
63 51 57 51
54 35 63 52
68 51 28 65
56 52 23 21
51 56 51 81
51 19 68 60
55 63 61 17
74 80 1 64
95 18 47 71
99 65 74 1
51 97 61 14
