400 4
41 40 97 66
90 53 62 71
80 57 93 83
78 62 60 74
91 58 71 60
72 66 66 98
67 91 57 89
88 57 93 67
68 56 77 93
60 57 92 90
11 92 58 73
78 96 68 71
64 59 75 68
83 51 59 98
56 68 67 70
53 86 83 56
86 65 63 65
59 93 51 83
69 61 57 89
51 91 57 53
63 94 52 76
65 40 72 58
67 81 68 51
64 94 21 94
55 79 53 89
52 56 57 57
61 56 61 51
51 83 94 95
82 54 69 86
60 82 57 53
91 54 96 56
85 96 56 61
54 74 82 53
51 67 76 91
68 78 51 88
93 81 60 54
65 99 53 75
67 52 60 88
87 71 39 53
63 53 92 62
63 62 56 97
75 2 64 91
61 52 60 74
66 38 85 81
4 84 77 73
58 82 68 56
51 51 73 68
69 73 53 74
92 54 55 69
99 51 89 51
92 65 55 56
83 62 69 13
56 71 33 58
9 78 51 77
78 66 51 92
99 57 36 92
65 51 51 73
91 77 16 97
56 65 79 38
85 2 92 81
54 76 66 52
65 40 62 66
74 79 27 97
78 7 58 90
80 2 63 60
41 69 81 92
9 100 54 62
58 47 90 18
65 53 87 53
56 53 100 58
55 84 67 51
84 65 51 68
52 61 81 56
83 86 51 51
51 86 78 58
59 55 59 87
54 77 54 69
51 60 90 67
60 80 62 52
51 55 77 67
99 62 52 65
61 53 67 54
42 63 75 70
32 87 54 52
53 67 53 64
69 79 60 53
57 57 63 54
89 63 56 56
78 55 85 52
58 61 83 8
51 66 77 60
32 67 97 80
52 87 97 9
85 63 56 67
52 97 68 51
63 52 61 71
52 54 75 67
85 84 60 52
53 70 57 56
94 67 52 63
58 71 96 1
89 70 100 1
41 60 66 74
18 64 64 38
6 53 89 97
98 87 4 55
54 59 83 42
51 74 96 31
48 86 3 91
83 66 55 35
71 75 20 99
68 63 9 80
9 28 53 78
11 94 75 21
96 44 51 62
2 52 79 69
40 89 46 99
61 100 45 34
85 54 54 64
67 34 91 68
58 81 8 63
66 51 77 50
56 66 62 51
65 3 63 59
94 60 53 53
92 84 59 33
60 71 23 81
29 53 61 64
51 53 78 58
4 67 93 66
63 7 74 100
88 53 52 57
96 64 54 34
69 56 9 92
79 49 84 52
1 81 69 55
54 6 84 95
71 15 56 57
78 61 98 4
58 57 32 78
60 57 52 60
55 59 38 87
58 100 62 16
84 85 51 5
74 54 6 41
62 76 54 57
57 78 58 51
29 51 95 63
52 74 83 31
52 94 12 75
93 64 65 21
19 70 52 57
75 82 69 26
64 80 55 52
30 62 55 69
80 3 7 61
79 59 86 6
92 51 55 57
55 58 78 52
51 75 54 52
88 55 84 37
59 53 51 64
96 81 83 6
2 92 55 72
52 37 80 61
54 51 77 57
53 5 53 69
83 55 56 36
62 57 84 9
84 50 41 52
11 80 51 72
60 64 63 52
37 68 5 71
58 93 58 5
62 57 28 73
75 72 36 16
54 54 53 62
51 61 70 51
11 91 51 62
96 65 79 9
56 38 89 51
99 74 60 11
78 2 93 53
58 63 72 8
81 21 52 51
20 56 31 87
89 23 29 54
5 58 45 95
99 82 52 10
60 52 59 68
59 6 69 50
56 90 31 53
72 72 36 57
72 85 18 17
82 21 51 59
52 75 79 14
72 57 60 53
98 35 92 37
64 51 52 61
33 71 18 99
67 39 19 79
69 89 60 40
24 56 67 69
59 72 2 96
51 100 15 56
98 24 97 11
6 56 56 74
54 49 79 55
9 70 77 58
61 73 29 65
63 56 8 99
71 84 36 14
67 59 65 43
5 65 100 60
95 52 80 38
61 39 69 8
58 73 23 65
59 73 17 1
58 54 60 50
1 52 76 96
62 64 61 25
61 45 56 55
1 75 90 81
65 15 28 97
52 54 88 51
4 58 51 74
51 51 78 58
65 81 7 65
23 63 58 68
55 88 57 51
52 36 70 77
52 61 54 61
55 89 51 62
38 67 58 62
16 53 100 67
61 53 68 51
8 57 64 73
68 53 96 7
51 67 52 58
38 58 91 59
80 70 58 7
58 73 3 67
47 80 75 14
59 56 95 14
54 56 7 90
52 54 58 70
76 69 63 17
58 53 51 66
57 62 51 58
55 53 61 63
51 73 75 35
81 71 85 5
60 54 56 56
47 7 55 96
55 83 51 55
53 53 52 59
53 61 51 70
53 52 48 28
52 52 64 73
52 51 55 58
73 51 67 53
51 56 53 57
55 41 63 55
2 52 64 57
51 91 57 28
87 55 63 26
51 53 56 55
59 2 65 53
72 59 41 58
52 67 53 56
85 13 59 58
59 51 60 56
51 60 28 64
69 64 57 13
52 58 12 82
53 65 5 89
76 52 43 77
87 2 51 100
35 58 59 71
71 96 4 61
18 77 55 70
67 81 3 52
91 52 31 51
58 40 71 64
52 85 4 56
53 53 65 12
80 65 71 1
53 17 93 52
7 58 60 68
56 18 71 57
57 86 37 55
8 95 95 53
99 72 3 71
52 59 80 53
67 26 60 57
84 60 2 90
54 89 93 4
47 63 29 63
57 69 23 52
25 62 51 59
3 74 63 63
51 51 98 56
55 64 19 79
61 54 9 67
78 53 7 72
52 52 51 68
52 59 88 23
52 65 7 76
51 61 51 55
58 58 2 60
23 54 57 70
46 79 54 51
73 47 60 53
51 61 66 53
61 1 64 58
3 54 97 16
75 53 5 82
6 3 90 20
89 65 52 16
98 11 39 16
52 71 2 75
56 91 2 39
52 72 47 52
54 55 29 57
51 86 74 3
59 51 52 95
52 51 85 53
51 51 77 65
91 97 1 93
71 60 75 6
1 59 77 59
93 14 78 12
56 7 80 62
48 25 68 68
58 37 89 54
54 66 1 77
17 90 65 55
40 56 51 62
69 56 98 4
25 74 74 31
32 10 68 73
81 51 80 5
53 53 44 83
85 19 53 56
86 71 53 18
71 51 55 51
15 21 80 83
67 48 50 59
51 62 80 12
99 2 19 79
15 77 63 56
63 46 68 51
96 53 58 26
26 100 8 54
77 18 29 94
55 4 74 74
60 54 72 10
13 88 57 56
100 1 78 51
55 83 52 22
57 10 81 49
12 56 32 57
54 57 85 2
53 61 66 3
64 63 20 5
58 51 4 91
83 61 3 54
1 53 85 67
93 55 61 5
84 62 64 10
72 51 7 52
57 72 2 53
56 96 65 5
18 89 17 86
57 62 64 7
76 98 14 3
30 51 65 62
2 52 59 83
52 51 61 1
12 90 89 53
2 86 62 49
5 80 61 64
71 45 53 60
74 22 1 51
55 23 60 56
16 65 86 53
7 51 59 75
61 67 44 54
50 62 57 56
29 57 82 53
51 54 53 30
55 4 53 55
79 1 59 77
4 68 88 53
51 82 52 54
6 78 70 52
52 30 51 56
51 51 64 68
64 52 12 67
62 51 54 54
