400 4
6 65 55 72
52 84 94 56
76 78 94 70
77 71 52 75
74 78 72 57
100 55 56 60
64 88 56 66
57 57 87 89
59 53 84 83
71 61 83 99
88 53 56 94
84 52 82 71
68 67 82 64
58 58 93 84
62 69 96 57
61 52 95 82
50 66 60 54
55 62 65 75
82 55 71 62
65 35 75 81
65 52 69 95
78 64 96 55
87 65 81 55
51 63 87 80
54 58 54 63
95 79 56 56
53 83 52 97
59 74 92 21
51 57 97 69
66 69 35 55
55 60 66 54
79 59 71 52
43 58 87 51
98 71 69 52
72 54 98 58
52 52 79 78
63 98 64 53
80 14 35 95
80 70 75 51
94 68 51 82
94 72 37 53
93 54 95 69
69 54 66 87
71 52 59 65
78 64 51 71
96 67 52 70
61 89 52 73
56 52 69 68
82 51 54 58
74 52 52 88
56 51 67 100
69 54 92 65
65 52 58 96
54 75 94 20
72 56 58 62
76 51 61 64
53 61 72 70
67 65 11 55
93 51 57 55
52 58 73 82
29 98 92 58
97 35 66 80
55 58 52 83
68 90 66 10
59 3 97 81
52 94 54 71
90 14 53 93
67 52 88 59
51 42 91 93
30 92 74 66
65 56 97 54
27 70 68 71
80 58 50 77
65 69 25 56
60 58 51 98
77 62 100 32
77 16 73 51
85 60 28 53
60 69 53 66
90 57 69 54
63 55 65 95
68 70 69 51
55 94 53 62
63 79 51 68
60 54 65 68
77 84 52 52
58 89 17 83
69 52 58 75
51 54 54 92
94 59 53 72
74 52 100 51
63 51 61 98
62 55 70 66
91 53 60 56
73 56 83 58
99 63 9 65
60 92 59 60
56 16 60 53
52 58 77 52
93 59 90 38
98 55 52 60
65 66 52 64
66 6 80 52
53 51 56 67
59 65 53 68
69 96 58 54
92 53 59 55
51 51 76 75
58 65 52 63
61 51 60 52
55 90 53 81
64 69 77 51
16 88 90 71
60 24 52 80
53 85 51 83
94 85 55 51
55 79 51 66
66 83 52 52
61 71 51 87
68 52 51 86
54 53 89 60
88 75 72 29
51 69 63 51
47 57 62 97
55 74 53 70
78 62 41 68
70 51 57 55
53 66 55 56
52 53 71 80
91 80 65 42
78 54 52 55
67 72 89 18
63 94 34 58
55 80 78 18
57 97 62 25
62 76 54 52
56 73 11 60
80 84 91 9
66 11 71 63
51 57 85 71
91 60 64 51
51 98 15 52
92 53 52 78
51 55 63 54
61 60 53 79
87 82 61 51
62 88 52 53
80 52 53 72
75 60 51 72
53 61 52 81
53 62 55 68
61 85 52 58
75 56 51 85
1 69 61 85
22 87 86 65
50 89 75 14
58 62 53 78
7 21 62 75
1 56 87 65
75 62 43 51
72 64 92 42
1 79 84 69
37 53 93 62
16 85 10 58
65 72 53 48
53 27 63 61
9 63 51 51
53 57 54 61
87 100 56 32
75 52 95 15
16 54 95 70
80 53 26 79
52 53 55 94
79 4 64 67
4 54 72 57
82 13 51 54
67 43 55 77
6 53 98 89
66 57 85 30
60 13 87 82
72 7 57 80
51 51 26 71
66 52 59 52
59 58 52 65
97 55 56 52
73 73 7 90
84 66 51 4
55 69 78 17
75 10 54 75
64 63 95 12
40 61 56 89
56 53 55 61
97 84 15 51
79 71 53 2
68 97 54 11
82 79 12 53
72 60 78 2
51 89 51 20
56 19 13 94
93 12 61 64
87 54 61 15
71 53 51 58
52 90 32 52
53 94 65 9
52 63 53 50
73 93 60 8
76 77 52 17
17 86 63 22
33 58 58 66
77 65 77 7
89 66 1 78
7 76 64 66
73 3 49 67
73 16 97 51
66 95 46 42
53 59 63 51
69 62 56 30
57 54 78 51
85 45 43 84
85 77 83 1
80 55 86 6
36 83 53 5
82 65 5 67
58 71 55 5
70 63 82 16
69 56 53 66
73 70 51 2
66 58 71 18
81 67 1 55
67 9 75 72
54 6 33 53
54 23 15 97
51 52 52 63
40 57 63 65
61 69 22 71
73 18 9 53
83 38 72 11
33 52 89 51
80 53 63 5
4 66 94 39
56 54 64 51
86 34 87 40
55 98 62 4
10 72 14 84
11 56 58 68
62 70 9 59
71 66 73 13
51 58 60 55
69 60 69 46
5 72 93 52
69 35 31 68
64 66 72 23
70 57 93 4
31 65 30 93
63 51 9 61
10 1 55 75
55 58 76 4
76 3 77 60
11 52 90 56
41 60 23 56
76 55 8 60
80 68 53 21
70 51 79 51
31 55 28 83
64 54 97 44
53 65 94 24
66 99 4 74
65 17 8 63
92 54 54 2
53 35 63 55
3 61 89 62
52 51 70 56
32 30 92 68
54 60 88 36
68 70 7 64
64 54 49 4
68 35 92 4
56 95 46 51
51 74 67 30
100 24 96 16
99 57 12 31
62 53 100 27
26 55 41 69
65 71 6 94
43 68 65 10
57 54 61 52
1 55 56 55
86 95 80 1
47 4 93 68
62 59 72 31
52 53 81 51
91 82 43 49
82 59 6 57
18 5 77 67
1 67 51 82
52 14 74 64
8 71 79 51
2 65 74 33
78 91 4 73
58 55 84 15
57 6 66 51
52 59 13 97
86 95 3 52
53 26 66 69
86 77 29 52
55 65 70 45
52 66 68 3
30 65 11 73
38 49 65 67
83 20 67 1
27 10 82 62
6 29 89 90
85 94 38 16
60 57 23 64
98 52 6 68
54 54 67 43
54 61 75 5
70 46 67 41
55 56 62 31
52 59 86 38
54 63 22 51
56 26 26 91
92 60 14 30
55 73 55 18
84 17 84 25
51 53 68 61
64 52 7 59
53 55 68 37
5 68 34 97
52 57 8 82
56 60 64 4
12 65 1 56
76 3 93 51
32 58 8 81
76 64 6 62
83 59 3 99
4 91 54 80
2 83 64 53
57 52 5 91
7 77 71 53
6 51 73 90
97 51 60 42
90 95 16 51
56 74 53 40
2 52 72 68
62 52 70 47
57 59 8 71
11 99 94 19
95 60 4 66
73 62 6 55
13 51 91 69
93 52 58 5
86 22 58 35
65 57 81 2
91 64 12 51
58 8 25 84
55 70 95 1
35 77 61 34
61 51 70 24
53 39 54 21
70 22 54 40
65 76 18 55
47 62 75 54
82 54 40 39
35 60 70 53
80 1 33 84
52 63 81 43
54 74 51 39
15 52 86 55
75 5 59 56
85 79 7 52
68 5 74 71
56 53 8 71
78 57 2 76
68 66 56 3
79 52 71 2
81 52 51 24
96 4 88 52
87 68 35 35
91 57 6 67
51 54 71 57
52 57 51 51
51 15 52 61
52 51 56 55
88 12 7 100
55 58 97 1
88 61 14 51
100 4 54 57
52 79 60 16
86 69 18 8
52 57 90 15
54 59 62 20
63 1 80 70
48 53 61 67
60 53 100 15
12 59 53 90
56 71 81 2
51 52 63 57
8 54 57 72
1 57 81 52
