400 4
0.92 0.96 0.38 0.63
0.54 0.92 0.57 0.60
0.53 0.78 0.90 0.55
0.54 0.65 0.56 0.54
0.77 0.64 0.84 0.81
0.88 0.54 0.74 0.85
0.51 0.97 0.67 0.72
0.58 0.54 0.71 0.94
0.51 0.91 0.75 0.80
0.69 0.61 0.94 0.70
0.90 0.57 0.81 0.54
0.61 0.51 0.97 0.53
0.54 0.07 0.71 0.96
0.87 0.19 0.88 0.78
0.86 0.54 0.90 0.54
0.96 0.58 0.57 0.97
0.82 0.56 0.64 0.97
0.99 0.44 0.81 0.51
0.70 0.63 0.68 0.95
0.88 0.64 0.80 0.72
0.87 0.52 0.62 0.85
0.82 0.58 0.96 0.51
0.84 0.67 0.53 0.92
0.82 0.66 0.52 0.95
1.00 0.94 0.58 0.03
0.80 0.75 0.55 0.74
0.51 0.70 0.94 0.92
0.90 0.62 0.54 0.94
1.00 0.89 0.54 0.89
0.66 0.36 0.57 0.66
0.53 0.86 0.79 0.92
0.54 0.41 0.59 0.79
0.82 0.63 0.90 0.59
0.24 0.77 0.53 0.94
0.76 0.64 0.87 0.59
0.98 0.69 0.57 0.53
0.51 0.62 0.66 0.30
0.50 0.83 0.88 0.90
0.71 0.61 0.55 0.89
0.53 0.61 0.79 0.62
0.54 0.71 0.54 0.81
0.84 0.96 0.51 0.80
0.65 0.82 0.53 0.87
0.64 0.61 0.66 0.56
0.92 0.72 0.61 0.53
0.65 0.64 0.57 0.86
0.65 0.81 0.58 0.51
0.87 0.62 0.56 0.69
0.90 0.95 0.13 0.59
0.47 0.87 1.00 0.67
0.72 0.82 0.51 0.90
0.72 0.54 0.82 0.65
0.65 0.57 0.51 0.75
0.46 0.84 0.68 0.78
0.90 0.03 0.90 0.62
0.74 0.10 0.90 0.60
0.12 0.91 0.72 0.99
0.80 0.61 0.55 0.62
0.74 0.66 0.65 0.52
0.22 0.89 0.64 0.98
0.75 0.56 0.16 0.94
0.24 0.81 0.04 0.81
0.90 0.97 0.03 0.73
0.77 0.60 0.80 0.61
0.48 0.64 0.71 0.98
0.91 0.11 0.81 0.70
0.88 0.54 0.70 0.61
0.13 0.68 0.90 0.71
0.69 0.59 0.51 0.65
0.79 0.88 0.45 0.76
0.99 0.73 0.84 0.17
0.29 0.97 0.89 0.67
0.62 0.17 0.76 0.78
0.61 0.76 0.29 0.61
0.99 0.52 0.56 0.40
0.79 0.89 0.78 0.24
0.92 0.15 0.65 0.76
0.75 0.63 0.56 0.61
0.22 0.83 0.56 0.68
0.88 0.98 0.78 0.05
0.64 0.61 0.58 0.91
0.68 0.88 0.39 0.53
0.41 0.60 0.94 0.84
0.85 0.52 0.38 0.61
0.52 0.61 0.58 0.86
0.51 0.99 0.62 0.56
0.57 0.51 0.89 0.16
0.59 0.67 0.53 0.95
0.94 0.51 0.47 0.71
0.77 0.54 0.77 0.59
0.65 0.52 0.53 0.74
0.96 0.52 0.75 0.28
0.75 0.81 0.53 0.52
0.73 0.52 0.69 0.61
0.52 0.58 0.86 0.98
0.11 0.82 0.52 0.93
0.59 0.65 0.61 0.51
0.83 0.78 0.47 0.55
0.69 0.49 0.73 0.59
0.55 0.93 0.53 0.66
0.52 0.55 0.87 0.74
0.52 0.41 0.80 0.54
0.44 0.99 0.89 0.59
0.78 0.62 0.45 0.56
0.69 0.57 0.10 0.68
0.91 0.92 0.60 0.31
0.69 0.58 0.66 0.52
0.59 0.54 0.57 0.92
0.84 0.61 0.56 0.02
0.59 0.19 0.51 0.53
0.53 0.74 0.60 0.51
0.58 0.54 0.65 0.70
0.71 0.09 0.48 0.96
0.58 0.58 0.54 0.69
0.20 0.96 0.84 0.85
0.52 0.79 0.65 0.60
0.72 0.77 0.12 0.52
0.16 0.92 0.67 0.64
0.02 0.98 0.54 0.81
0.71 0.54 0.12 0.29
0.54 0.01 0.59 0.87
0.51 0.88 0.14 0.61
0.06 0.67 0.62 0.86
0.92 0.14 0.77 0.84
0.30 0.87 0.60 0.67
0.66 0.64 0.19 0.99
0.52 0.58 0.57 0.78
0.12 0.77 0.78 0.75
0.67 0.55 0.61 0.51
0.08 0.30 0.56 0.76
0.50 0.81 0.58 0.66
0.08 0.84 0.56 0.57
0.48 0.62 0.95 0.58
0.65 0.73 0.03 0.68
0.33 0.83 0.93 0.52
0.99 0.53 0.55 0.40
0.57 0.91 0.53 0.59
1.00 0.18 0.57 0.75
0.74 0.13 0.76 0.61
0.60 0.73 0.15 0.64
0.05 0.89 0.90 0.64
0.87 0.58 0.87 0.16
0.26 0.95 0.59 0.47
0.93 0.06 0.77 0.58
0.57 0.58 0.87 0.53
0.57 0.58 0.74 0.67
0.52 0.77 0.35 0.83
0.52 0.61 0.69 0.66
0.70 0.67 0.59 0.52
0.56 0.69 0.28 0.92
0.54 0.35 0.63 0.67
0.88 0.34 0.56 0.51
0.63 0.76 0.09 0.70
0.78 0.86 0.87 0.17
0.67 0.89 0.61 0.29
0.88 0.06 0.81 0.65
0.39 0.71 0.63 0.52
0.58 0.68 0.52 0.80
0.85 0.18 0.64 0.51
0.54 0.96 0.20 0.57
0.94 0.81 0.11 0.05
0.65 0.64 0.54 0.51
0.97 0.57 0.68 0.08
0.56 0.99 0.88 0.11
0.79 0.59 0.04 0.92
0.92 0.04 0.74 0.77
0.63 0.56 0.56 0.51
0.66 0.06 0.69 0.52
0.50 0.69 0.54 0.91
0.31 0.51 0.94 0.60
0.55 0.63 0.60 0.74
0.17 0.81 0.95 0.63
0.32 0.69 0.84 0.39
0.52 0.52 0.62 0.60
0.82 0.64 0.65 0.21
0.52 0.97 0.55 0.59
0.98 0.05 0.63 0.39
0.67 0.65 0.18 0.74
0.57 0.67 0.68 0.19
0.51 0.61 0.95 0.32
0.91 0.51 0.54 0.52
0.52 0.60 0.25 0.63
0.03 0.60 0.96 0.93
0.94 0.05 0.72 0.68
0.67 0.59 0.75 0.49
0.77 0.57 0.55 0.18
0.29 0.65 0.75 0.69
0.75 0.52 0.82 0.14
0.51 0.60 0.79 0.42
0.08 0.95 0.62 0.04
0.22 0.81 0.69 0.61
0.21 0.80 0.85 0.72
0.85 0.91 0.11 0.65
0.70 0.11 0.59 0.54
0.49 0.66 0.66 0.51
0.32 0.24 0.58 0.82
0.53 0.60 0.73 0.52
0.66 0.93 0.86 0.04
0.26 0.81 0.80 0.56
0.42 0.57 0.87 0.75
0.60 0.53 0.75 0.31
0.95 0.01 0.62 0.65
0.79 0.06 0.64 0.58
0.17 0.93 0.84 0.51
0.52 0.57 0.59 0.62
0.05 0.74 0.76 0.69
0.51 0.58 0.83 0.52
0.26 0.68 0.74 0.75
0.71 0.79 0.75 0.05
0.07 0.62 0.71 0.79
0.64 0.66 0.69 0.12
0.05 0.51 0.87 0.76
0.53 0.58 0.29 0.81
0.66 0.97 0.61 0.19
0.55 0.70 0.51 0.61
0.70 0.54 0.38 0.88
0.52 0.53 0.44 0.53
0.69 0.98 0.52 0.38
0.64 0.05 0.60 0.53
0.28 0.59 0.68 0.63
0.01 0.49 0.60 0.47
0.27 0.59 0.58 0.60
0.66 0.06 0.80 0.51
0.58 0.88 0.04 0.59
0.77 0.70 0.57 0.10
0.13 0.80 0.59 0.67
0.67 0.79 0.65 0.09
0.51 0.90 0.58 0.55
0.75 0.65 0.39 0.12
0.77 0.66 0.70 0.07
0.82 0.04 0.95 0.42
0.69 0.08 0.30 0.95
0.70 0.61 0.41 0.57
0.90 0.56 0.72 0.03
0.79 0.99 0.35 0.01
0.07 0.64 0.53 0.61
0.50 0.78 0.62 0.29
0.78 0.35 0.91 0.13
0.84 0.01 0.97 0.38
0.68 0.91 0.19 0.50
0.62 0.13 0.78 0.62
0.92 0.63 0.55 0.01
0.62 0.05 0.99 0.78
0.58 0.56 0.25 0.08
0.86 0.51 0.48 0.73
0.51 0.54 0.57 0.68
0.11 0.82 0.98 0.26
0.98 0.64 0.03 0.80
0.74 0.61 0.64 0.05
0.52 0.04 0.69 0.62
0.86 0.57 0.04 0.95
0.11 0.68 0.51 0.89
0.09 0.77 0.52 0.55
0.73 0.53 0.08 0.67
0.08 0.60 0.53 0.61
0.55 0.35 0.98 0.61
0.66 0.03 0.86 0.74
0.57 0.86 0.10 0.43
0.79 0.57 0.04 0.77
0.60 0.67 0.21 0.69
0.73 0.18 0.52 0.57
0.71 0.96 0.08 0.53
0.94 0.85 0.51 0.02
0.78 0.69 0.10 0.62
0.56 0.52 0.66 0.01
0.37 0.85 0.83 0.18
0.51 0.54 0.55 0.90
0.55 0.61 0.03 0.91
0.89 0.02 0.89 0.78
0.88 0.66 0.10 0.60
0.90 0.82 0.11 0.52
0.72 0.55 0.06 0.79
0.67 0.78 0.02 0.88
0.64 0.02 0.59 0.77
0.83 0.09 0.59 0.53
0.69 0.53 0.52 0.52
0.57 0.76 0.11 0.89
0.82 0.51 0.80 0.19
0.63 0.05 0.54 0.69
0.28 0.90 0.25 0.70
0.51 0.75 0.52 0.75
0.58 0.37 0.51 0.82
0.12 0.62 0.54 0.54
0.54 0.55 0.58 0.51
0.59 0.52 0.08 0.58
0.51 0.76 0.51 0.77
0.54 0.80 0.97 0.02
0.56 0.73 0.02 0.86
0.90 0.60 0.02 0.76
0.62 0.30 0.65 0.51
0.54 0.52 0.53 0.82
0.56 0.52 0.52 0.78
0.68 0.55 0.53 0.52
0.53 0.52 0.54 0.58
0.24 0.52 0.52 0.64
0.67 0.76 0.02 0.82
0.58 0.01 0.82 0.55
0.76 0.55 0.04 1.00
0.51 0.75 0.51 0.68
0.58 0.66 0.20 0.57
0.58 0.47 0.71 0.58
0.57 0.20 0.63 0.83
0.55 0.25 0.64 0.81
0.84 0.52 0.58 0.52
0.57 0.71 0.56 0.52
0.63 0.65 0.10 0.56
0.51 0.51 0.52 0.73
0.40 0.60 0.52 0.52
0.52 0.82 0.24 0.55
0.14 0.55 0.95 0.16
0.86 0.87 0.04 0.57
0.54 0.78 0.84 0.20
0.91 0.05 0.53 0.91
0.55 0.62 0.56 0.29
0.54 0.99 0.53 0.51
0.58 0.63 0.18 0.52
0.54 0.69 0.52 0.34
0.66 0.50 0.76 0.11
0.69 0.04 0.52 0.93
0.70 0.73 0.02 0.82
0.54 0.90 0.91 0.08
0.52 0.36 0.65 0.72
0.54 0.51 0.54 0.71
0.54 0.61 0.82 0.15
0.82 0.51 0.75 0.36
0.64 0.60 0.62 0.01
0.56 0.92 0.04 0.66
0.84 0.53 0.06 0.97
0.53 0.85 0.20 0.73
0.72 0.96 0.60 0.03
0.57 0.03 0.93 0.79
0.63 0.18 0.52 0.84
0.01 0.90 0.51 0.61
0.57 0.80 0.21 0.80
0.65 0.71 0.07 0.64
0.04 0.75 0.57 0.91
0.56 0.59 0.64 0.37
0.51 0.70 0.12 0.95
0.51 0.60 0.54 0.51
0.59 0.89 0.53 0.06
0.95 0.51 0.37 0.58
0.74 0.06 0.58 0.67
0.54 0.58 0.73 0.01
0.61 0.13 0.73 0.61
0.82 0.01 0.78 0.80
0.57 0.52 0.64 0.32
0.18 0.30 0.99 0.71
0.95 0.03 0.61 0.75
0.58 0.53 0.59 0.52
0.96 0.57 0.07 0.57
0.56 0.63 0.58 0.02
0.59 0.50 0.87 0.37
0.52 0.81 0.53 0.38
0.93 0.78 0.04 0.53
1.00 0.53 0.05 0.79
0.57 0.54 0.05 0.84
0.53 0.42 0.80 0.52
0.51 0.89 0.52 0.51
0.52 0.62 0.23 0.77
0.94 0.52 0.06 0.68
0.68 0.97 0.51 0.04
0.92 0.10 0.78 0.28
0.89 0.79 0.04 0.60
0.93 0.66 0.09 0.55
0.55 0.44 0.61 0.60
0.60 0.97 0.01 0.81
0.14 0.53 0.56 0.70
0.51 0.53 0.54 0.53
0.14 0.08 0.99 0.91
0.17 0.59 0.54 0.86
0.52 0.69 0.02 0.64
0.58 0.51 0.44 0.92
0.55 0.67 0.16 0.80
0.52 0.53 0.57 0.51
0.71 0.02 0.64 0.71
0.64 0.84 0.17 0.52
0.59 0.20 0.43 0.78
0.54 0.53 0.43 0.98
0.58 0.17 0.66 0.69
0.62 0.51 0.25 0.60
0.88 0.07 0.55 0.54
0.76 0.71 0.09 0.19
0.52 0.66 0.83 0.16
0.51 0.81 0.21 0.51
0.72 0.03 0.61 0.65
0.54 0.91 0.14 0.51
0.84 0.53 0.05 0.63
0.88 0.03 0.52 0.88
0.57 0.51 0.57 0.55
0.42 0.80 0.44 0.58
0.59 0.67 0.03 0.65
0.55 0.69 0.53 0.24
0.53 0.51 0.58 0.68
0.73 0.52 0.27 0.56
0.76 0.52 0.05 0.77
0.87 0.67 0.08 0.57
0.53 0.54 0.02 0.89
0.52 0.36 0.52 0.95
0.59 0.16 0.83 0.54
0.90 0.92 0.01 0.69
