400 4
0.19 0.65 0.87 0.91
0.59 0.96 0.80 0.84
0.57 0.68 0.76 0.88
0.56 0.81 0.77 0.91
0.74 0.89 0.75 0.53
0.75 0.78 0.74 0.97
0.81 0.94 0.62 0.96
0.61 0.84 0.73 0.84
0.54 0.52 0.77 0.56
0.56 0.62 0.77 0.54
0.82 0.74 0.76 0.83
0.86 0.52 0.70 0.84
0.97 0.98 0.67 0.54
0.67 0.70 0.73 0.96
0.84 0.55 0.68 0.98
0.67 0.83 0.58 0.87
0.73 0.66 0.60 0.52
0.81 0.84 0.52 0.56
0.83 0.56 0.76 0.53
1.00 0.60 0.59 0.65
0.98 0.55 0.57 0.90
0.73 0.53 0.47 0.89
0.54 1.00 0.62 0.74
0.60 0.97 0.56 0.77
0.57 1.00 0.52 0.69
0.71 0.97 0.61 0.76
0.53 0.84 0.84 0.76
0.96 0.56 0.58 0.68
0.52 0.68 0.51 0.93
0.68 0.64 0.60 0.76
0.55 0.95 0.72 0.72
0.69 0.92 0.65 0.57
0.72 0.91 0.53 0.69
0.67 0.86 0.60 0.54
0.65 0.62 0.56 1.00
0.55 0.70 0.67 0.76
0.61 0.85 0.58 0.51
0.52 0.81 0.78 0.78
0.89 0.64 0.70 0.61
0.77 0.56 0.71 0.57
0.87 0.69 0.67 0.51
0.71 0.52 0.59 0.74
0.60 0.60 0.54 0.98
0.75 0.67 0.52 0.52
0.54 0.56 0.55 0.83
0.58 0.98 0.71 0.19
0.53 0.67 0.68 0.61
0.69 0.63 0.53 0.78
0.51 0.55 0.97 0.86
0.75 0.56 0.93 0.51
0.55 0.56 0.51 0.70
0.52 0.55 0.53 0.85
0.51 0.75 0.81 0.70
0.53 0.96 0.64 0.57
0.52 0.89 0.52 0.76
0.58 0.74 0.55 0.57
0.84 0.65 0.17 0.66
0.87 0.52 0.57 0.51
0.59 0.52 0.70 0.69
0.68 0.71 0.72 0.55
0.83 0.52 0.93 0.54
0.53 0.93 0.52 0.52
0.86 0.53 0.89 0.54
0.54 0.88 0.49 0.80
0.58 0.56 0.62 0.60
0.83 0.27 0.90 0.66
0.99 0.55 0.51 0.56
0.52 0.88 0.72 0.78
0.72 0.28 0.95 0.95
0.55 0.51 0.53 0.83
0.56 0.73 0.71 0.54
0.77 0.62 0.52 0.63
0.73 0.86 0.53 0.57
0.06 0.97 0.90 0.62
0.68 0.73 0.91 0.51
0.84 0.92 0.82 0.19
0.52 0.64 0.69 0.61
0.71 0.54 0.56 0.57
0.58 0.30 0.84 0.72
0.90 0.74 0.40 0.65
0.86 0.53 0.64 0.62
0.57 0.52 0.63 0.74
0.52 0.84 0.51 0.88
0.97 0.57 0.53 0.55
0.54 0.66 0.56 0.79
0.73 0.09 0.81 0.68
0.97 0.54 0.55 0.55
0.51 0.87 0.66 1.00
0.54 0.52 0.69 0.70
0.96 0.78 0.66 0.01
0.23 0.62 0.70 0.97
0.70 0.89 0.40 0.93
0.65 0.54 0.51 0.86
0.61 0.23 0.22 0.82
0.77 0.62 0.35 0.22
0.52 0.48 0.85 0.91
0.05 0.83 0.55 0.93
0.63 0.57 0.46 0.79
0.56 0.84 0.63 0.58
0.86 0.53 0.83 0.55
0.80 0.19 0.95 0.50
0.82 0.61 0.66 0.55
0.91 0.48 0.72 0.60
0.06 0.58 0.55 0.65
0.60 0.90 0.61 0.56
0.70 0.51 0.98 0.69
0.56 0.29 0.69 0.51
0.76 0.99 0.51 0.60
0.53 0.91 0.32 0.64
0.74 0.84 0.57 0.51
0.76 0.52 0.56 0.81
0.12 0.78 0.67 0.60
0.98 0.57 0.51 0.66
0.53 0.91 0.65 0.63
0.73 0.52 0.58 0.53
0.59 0.58 0.58 0.64
0.53 0.77 0.50 0.68
0.85 0.52 0.55 0.56
0.51 0.82 0.53 0.77
0.51 0.66 0.51 0.77
0.06 0.59 0.67 0.61
0.52 0.76 0.81 0.53
0.62 0.26 0.69 0.52
0.55 0.77 0.68 0.30
0.53 0.53 0.66 0.52
0.39 0.85 0.53 0.69
0.51 0.55 0.57 0.55
0.58 0.51 0.57 0.71
0.96 0.51 0.55 0.55
0.65 0.86 0.54 0.67
0.53 0.70 0.51 0.61
0.59 0.62 0.54 0.58
0.73 0.59 0.10 0.71
0.46 1.00 0.53 0.60
0.82 0.52 0.54 0.73
0.87 0.51 0.54 0.60
0.51 0.80 0.74 0.15
0.99 0.02 0.92 0.54
0.84 0.60 0.74 0.46
0.88 0.55 0.56 0.55
0.38 0.81 0.65 0.64
0.70 0.77 0.63 0.51
0.55 0.94 0.51 0.52
0.55 0.73 0.52 0.59
0.59 0.06 0.55 0.78
0.33 0.66 0.48 0.75
0.82 0.51 0.66 0.67
0.63 0.13 0.70 0.61
0.56 0.52 0.56 0.69
0.40 0.53 1.00 0.46
0.64 0.71 0.68 0.51
0.63 0.51 0.59 0.69
0.49 0.86 0.66 0.58
0.85 0.21 0.53 0.97
0.69 0.10 0.56 0.55
0.57 0.87 0.61 0.51
0.87 0.05 0.79 0.85
0.52 0.72 0.52 0.56
0.54 0.25 0.87 0.82
0.88 0.54 0.24 0.53
0.55 0.85 0.29 0.82
0.71 0.70 0.80 0.12
0.74 0.19 0.99 0.52
0.52 0.54 0.64 0.70
0.81 0.02 0.52 0.70
0.98 0.93 0.11 0.53
0.77 0.84 0.56 0.07
0.29 0.37 0.90 0.86
0.16 0.60 0.05 0.84
0.01 0.83 0.97 0.76
0.52 0.84 0.64 0.54
0.59 0.19 0.78 0.65
0.34 0.95 0.59 0.55
0.66 0.68 0.60 0.37
0.70 0.74 0.63 0.16
0.89 0.22 0.42 0.29
0.26 0.08 0.62 0.76
0.52 0.77 0.55 0.44
0.86 0.58 0.20 0.60
0.54 0.56 0.51 0.67
0.10 0.99 0.59 0.58
0.85 0.58 0.16 0.51
0.58 0.64 0.63 0.52
0.65 0.52 0.61 0.53
0.51 0.36 0.66 0.58
0.17 0.93 0.67 0.09
0.58 0.49 0.51 0.68
0.31 0.68 0.54 0.38
0.54 0.64 0.51 0.62
0.69 0.05 0.71 0.51
0.41 1.00 0.96 0.05
0.60 0.59 0.64 0.51
0.90 0.16 0.09 0.82
0.36 0.55 0.68 0.69
0.70 0.66 0.59 0.33
0.54 0.56 0.89 0.51
0.51 0.15 0.52 0.48
0.68 0.79 0.69 0.17
0.90 0.63 0.13 0.20
0.23 0.98 0.53 0.70
0.81 0.90 0.27 0.65
1.00 0.70 0.86 0.07
0.95 0.92 0.12 0.63
0.74 0.87 0.50 0.54
0.86 1.00 0.79 0.04
0.98 0.62 0.69 0.04
0.82 0.57 0.13 0.86
0.17 0.54 0.96 0.50
0.70 0.56 0.82 0.44
0.30 0.64 0.57 0.38
0.50 0.58 0.96 0.49
0.78 0.97 0.22 0.68
0.72 0.62 0.08 0.60
0.80 0.28 0.51 0.78
0.07 0.54 0.90 0.76
0.21 0.90 0.57 0.62
0.90 0.04 0.98 0.63
0.39 0.94 0.10 0.60
0.69 0.59 0.32 0.63
0.03 0.75 0.90 0.59
0.88 0.10 0.58 0.54
0.63 0.71 0.60 0.37
0.45 0.52 0.61 0.78
0.64 0.99 0.17 0.52
0.14 0.53 0.64 0.99
0.72 0.78 0.52 0.40
0.89 0.93 0.05 0.60
0.61 0.51 0.57 0.40
0.75 0.73 0.02 0.72
0.80 1.00 0.04 0.35
0.63 0.51 0.02 0.77
0.52 0.54 0.51 0.58
0.92 0.03 0.62 0.59
0.64 0.80 0.34 0.64
0.91 0.97 0.15 0.10
0.51 0.56 0.26 0.61
0.62 0.15 0.51 0.77
0.30 0.54 0.71 0.38
0.93 0.51 0.84 0.12
0.75 0.51 0.53 0.29
0.53 0.53 1.00 0.15
0.70 0.71 0.44 0.57
0.97 0.78 0.03 0.66
0.81 0.59 0.08 0.73
0.65 0.62 0.97 0.09
0.80 0.60 0.51 0.55
0.77 0.53 0.85 0.13
0.68 0.67 0.06 0.69
0.88 0.51 0.76 0.09
0.66 0.88 0.24 0.02
0.29 0.61 0.53 0.80
0.01 0.61 1.00 0.58
0.05 0.53 0.98 0.64
0.51 0.66 0.30 0.60
0.60 0.71 0.83 0.18
0.45 0.61 0.53 0.18
0.65 0.69 0.54 0.04
0.59 0.99 0.79 0.07
0.60 0.61 0.84 0.07
0.84 0.89 0.18 0.50
0.59 0.92 0.14 0.77
0.01 0.91 0.69 0.95
0.19 0.72 0.71 0.57
0.18 0.99 0.54 0.65
0.53 0.60 0.79 0.11
0.92 0.21 0.98 0.32
0.55 0.55 0.40 0.59
0.70 0.66 0.08 0.63
0.75 0.53 0.52 0.21
0.73 0.03 0.97 1.00
0.58 0.71 0.81 0.06
0.96 0.67 0.75 0.02
0.04 0.70 0.75 0.93
0.80 0.58 0.63 0.14
0.87 0.54 0.87 0.12
0.44 0.78 0.04 0.68
0.78 0.57 0.03 0.67
0.74 0.07 0.60 0.54
0.70 0.88 0.05 0.64
0.63 0.67 0.67 0.15
0.62 1.00 0.70 0.01
0.58 0.65 0.51 0.57
0.51 0.51 0.76 0.31
0.96 0.02 0.51 0.89
0.51 0.31 0.91 0.20
0.89 0.04 0.85 0.69
0.61 0.10 0.65 0.64
0.39 0.12 0.72 0.54
0.19 0.32 0.92 1.00
0.28 0.61 0.90 0.55
0.85 0.89 0.03 0.63
0.53 0.02 0.93 0.76
0.80 0.03 0.80 0.72
0.80 0.55 0.28 0.54
0.69 0.04 0.70 0.88
0.48 0.54 0.55 0.83
0.52 0.57 0.20 0.85
0.74 0.51 0.39 0.75
0.52 0.51 0.14 0.56
0.58 0.52 0.10 0.83
0.62 0.80 0.80 0.04
0.26 0.58 0.78 0.57
0.61 0.75 0.64 0.03
0.12 0.51 0.95 0.93
0.35 0.66 0.56 0.57
0.01 0.89 0.81 0.65
0.24 0.52 0.56 0.55
0.76 0.51 0.07 0.74
0.13 0.94 0.98 0.54
0.02 0.98 0.29 0.71
0.63 0.93 0.61 0.08
0.60 0.76 0.73 0.14
0.81 0.72 0.92 0.01
0.07 0.79 0.65 0.54
0.02 0.92 0.52 0.61
0.01 0.51 0.69 0.92
0.65 0.90 0.67 0.01
0.94 0.13 0.33 0.73
0.63 0.81 0.45 0.55
0.51 0.23 0.51 0.55
0.59 0.98 0.41 0.51
0.62 1.00 0.63 0.16
0.36 0.63 0.54 0.64
0.79 0.67 0.06 0.61
0.61 0.12 0.51 0.73
0.67 0.09 0.90 0.74
0.53 0.99 0.54 0.13
0.98 0.97 0.06 0.53
0.60 0.54 0.51 0.51
0.55 0.06 0.80 0.96
0.58 0.08 0.93 0.55
0.63 0.02 0.60 0.54
0.69 0.03 0.51 0.54
0.54 0.05 0.82 0.78
0.21 0.54 0.45 0.51
0.79 0.57 0.06 0.66
0.54 0.91 0.72 0.12
0.11 0.94 1.00 0.51
0.02 0.80 0.54 0.79
0.51 0.51 0.53 0.04
0.80 0.57 0.43 0.52
0.76 0.55 0.07 0.64
0.02 0.62 0.53 0.58
0.20 0.53 0.80 0.84
0.77 0.42 0.16 0.94
0.74 0.78 0.19 0.51
0.59 0.63 0.98 0.02
0.99 0.76 0.01 0.62
0.01 0.69 0.04 0.63
0.53 0.85 0.06 0.57
0.55 0.88 0.02 0.57
0.05 0.63 0.54 0.56
0.14 0.67 0.15 0.60
0.93 0.97 0.08 0.54
0.63 0.75 0.03 0.66
0.58 0.63 0.71 0.03
0.98 0.78 0.02 0.66
0.74 0.64 0.30 0.54
0.03 0.74 0.87 0.53
0.72 0.66 0.25 0.53
0.08 0.45 0.87 0.63
0.70 0.95 0.13 0.52
0.51 0.02 0.70 0.88
0.89 0.81 0.02 0.58
0.53 0.05 0.90 0.79
0.08 0.51 0.66 0.87
0.60 0.63 0.52 0.03
0.51 0.09 0.84 0.54
0.58 0.90 0.43 0.55
0.11 0.66 0.75 0.51
0.54 0.62 0.13 0.58
0.52 0.95 0.41 0.16
0.78 0.01 0.72 0.73
0.11 0.63 0.90 0.55
0.61 0.53 0.80 0.03
0.08 0.52 0.63 0.56
0.19 0.28 0.65 0.95
0.70 0.93 0.02 0.47
0.79 0.53 0.46 0.24
0.56 0.26 0.69 0.04
0.01 0.64 0.71 0.82
0.96 0.52 0.01 0.73
0.01 0.52 0.52 0.76
0.43 0.66 0.23 0.59
0.57 0.07 0.65 0.94
0.70 0.27 0.87 0.02
0.26 0.16 0.93 0.58
0.61 0.65 0.02 0.26
0.14 0.75 1.00 0.10
0.02 0.53 0.57 0.67
0.37 0.51 0.78 0.62
0.17 0.71 0.67 0.53
0.05 0.80 0.51 0.54
0.72 0.59 0.52 0.09
0.57 0.77 0.51 0.45
0.23 0.82 0.51 0.26
0.69 0.58 0.12 0.74
0.07 0.67 0.75 0.53
0.53 0.93 0.03 0.55
0.05 0.66 0.60 0.54
