41 63 4 41
59 55 98 65
81 14 80 83
63 60 73 15
52 61 93 69
98 55 62 57
77 54 56 55
39 76 86 66
59 58 55 54
83 59 51 58
72 56 52 79
89 46 58 83
74 53 62 57
35 95 65 80
80 56 54 73
77 51 70 100
68 53 83 85
56 60 79 80
69 52 74 97
55 57 53 73
88 52 62 62
74 51 65 70
77 98 87 13
88 54 42 86
86 13 99 80
81 54 51 51
17 73 92 57
53 56 64 57
97 51 60 56
77 69 83 8
28 77 51 61
95 52 55 70
54 73 78 16
81 53 52 54
89 52 96 57
87 8 81 83
18 60 69 97
58 59 52 59
51 55 53 66
66 53 74 51
85 52 87 67
97 43 99 57
52 51 56 33
59 56 55 54
75 57 6 65
68 52 52 78
79 51 54 65
68 60 51 60
38 60 68 55
69 9 67 70
82 54 77 13
95 51 52 97
2 87 87 75
54 27 99 85
52 55 52 89
75 60 54 54
6 82 80 85
93 38 60 78
1 70 85 58
9 95 54 57
56 54 41 67
64 52 54 67
81 97 54 30
61 68 91 24
83 49 52 72
10 62 83 65
51 51 65 90
0 69 56 78
51 52 62 56
62 52 51 73
89 65 56 16
57 53 53 100
64 37 90 92
51 62 61 63
88 33 53 59
55 56 52 70
80 55 52 66
61 57 51 60
47 57 22 75
54 52 14 66
59 58 51 62
5 95 92 54
51 62 57 52
26 97 52 87
60 13 63 82
59 22 51 65
39 56 54 76
34 67 81 22
51 53 54 4
90 51 52 58
52 51 54 96
33 99 100 51
64 50 88 57
55 51 55 92
91 3 78 51
61 54 52 62
84 64 52 2
88 53 51 59
52 29 66 51
39 67 52 79
78 1 86 87
0 70 78 62
52 81 1 50
99 25 67 4
82 55 33 64
59 7 83 66
91 4 72 27
83 96 62 1
5 63 71 89
14 65 70 73
90 3 67 60
45 57 4 40
33 82 83 51
46 55 52 54
54 56 25 60
76 6 58 58
17 61 59 59
23 59 81 98
5 76 56 77
70 26 54 51
38 33 39 87
35 43 64 57
94 56 37 18
5 65 62 85
58 1 93 90
12 69 40 89
77 24 52 64
56 93 80 3
2 56 59 84
54 22 70 54
92 91 0 59
41 95 76 25
72 9 100 54
75 58 3 73
69 51 59 16
28 52 88 54
54 78 0 92
71 2 87 72
25 21 98 91
26 66 40 53
58 51 52 81
3 55 66 99
16 78 52 70
68 67 3 89
52 64 26 22
18 56 100 32
3 78 59 69
85 4 53 73
54 87 0 51
91 54 37 12
60 56 51 56
1 6 65 75
88 64 77 1
83 53 51 56
55 5 51 76
57 26 98 51
15 64 53 78
95 56 0 63
64 12 54 73
52 49 52 78
66 57 67 3
51 56 51 70
88 51 72 13
90 56 4 92
59 3 93 54
20 97 55 53
51 55 52 51
77 59 2 60
25 64 65 58
27 61 66 57
25 56 58 79
45 54 63 76
18 55 76 70
52 5 95 53
80 68 0 90
54 33 58 58
51 51 57 72
5 72 1 84
11 59 54 54
81 2 91 58
77 91 53 19
65 94 65 0
7 73 70 60
65 55 30 65
29 36 56 57
98 72 3 51
80 18 65 56
58 65 88 1
13 91 71 13
59 53 51 54
99 6 64 11
51 52 19 90
30 63 53 52
80 57 77 2
76 20 87 51
70 68 51 0
65 52 51 60
55 55 51 53
79 34 75 47
51 52 73 53
59 88 57 2
4 72 65 60
52 15 63 51
61 95 80 1
95 53 53 52
25 88 53 52
7 54 52 63
56 15 59 62
58 53 52 58
68 36 51 55
83 14 51 62
58 51 55 72
91 1 68 92
77 4 83 88
36 51 55 57
3 54 55 62
51 52 57 54
68 3 88 72
21 98 53 52
51 51 68 54
61 71 87 2
100 71 1 54
95 3 72 51
61 54 25 1
81 74 1 72
57 52 55 56
63 13 55 55
80 3 93 52
13 63 53 55
7 97 55 53
52 69 80 2
74 84 0 57
57 61 89 0
17 68 66 51
79 51 5 84
80 1 53 67
63 51 53 29
5 67 61 57
80 52 1 83
58 42 54 72
6 60 97 54
21 75 23 67
18 52 60 59
26 52 86 50
15 72 56 37
21 71 57 53
97 42 17 93
15 57 90 58
51 32 91 68
51 50 97 53
33 52 51 58
56 27 57 75
19 51 60 71
1 68 61 60
74 5 59 71
3 58 54 76
57 62 53 29
90 55 90 0
25 54 68 55
55 53 51 55
54 51 52 71
79 0 80 66
60 70 1 72
78 10 71 53
56 51 55 50
3 100 33 70
55 6 83 70
53 3 65 56
14 53 74 57
51 3 85 96
52 4 60 63
77 31 51 60
36 57 51 55
62 51 51 58
66 52 51 57
23 53 53 4
89 51 14 71
73 3 60 86
93 76 0 61
60 32 56 55
0 77 60 67
68 1 58 81
58 52 51 53
78 8 57 67
75 51 52 54
51 52 84 51
73 9 87 52
98 51 43 58
73 2 70 68
8 52 55 85
67 52 59 27
60 81 53 1
73 21 0 53
59 8 7 75
85 19 54 54
5 72 54 73
54 9 56 76
0 73 92 58
76 51 60 12
65 2 76 0
8 84 78 53
4 79 67 51
71 0 68 76
51 41 52 60
51 47 55 57
56 0 91 75
58 4 56 62
57 76 2 73
52 5 88 52
55 25 2 70
6 65 71 54
52 44 90 13
63 52 92 8
56 90 70 2
71 13 57 53
56 53 76 1
67 53 72 3
1 59 82 65
0 96 64 63
0 69 64 72
2 93 52 90
99 0 71 75
65 2 75 95
66 51 52 53
17 64 91 52
71 0 77 68
55 54 25 56
73 3 51 98
51 51 83 53
21 57 63 52
59 4 62 52
7 53 57 55
65 20 53 63
13 51 74 64
86 1 90 61
0 88 55 72
2 78 64 57
2 61 75 61
51 21 71 55
56 51 13 64
21 68 51 65
0 67 87 89
0 74 55 96
64 51 52 54
9 51 61 94
100 0 57 86
53 52 55 55
0 78 55 82
56 0 63 67
18 66 55 53
26 55 37 92
63 5 56 55
60 51 54 57
28 51 71 70
16 53 20 78
75 7 53 5
51 35 51 54
51 56 1 95
78 0 57 93
18 60 98 51
85 52 51 51
52 56 26 53
52 51 82 22
55 0 72 92
9 51 15 74
54 17 52 65
51 53 9 55
58 28 57 51
53 52 24 50
4 53 71 65
54 76 2 55
56 8 55 65
60 32 52 57
69 62 3 33
5 59 53 80
55 1 56 98
53 60 58 3
86 100 22 21
19 60 26 54
18 53 77 54
89 0 62 52
85 51 60 2
0 35 53 97
98 4 57 55
7 54 13 85
55 11 95 34
52 56 31 51
0 66 91 80
69 1 87 51
99 3 51 90
69 55 19 52
7 80 52 55
86 0 72 65
71 59 7 12
3 52 57 92
62 2 67 57
16 64 51 66
97 13 51 71
58 52 61 0
87 0 75 64
24 73 51 51
1 57 74 58
57 54 96 0
71 51 52 51
52 7 71 60
19 51 79 62
57 37 96 28
57 4 54 88
59 51 54 26
70 51 31 54
13 71 78 46
58 13 51 51
55 2 53 63
28 67 2 65
81 0 89 54
56 51 75 30
54 85 66 0
1 81 54 77
53 56 78 2
68 2 55 58
11 64 92 10
51 51 64 53
69 51 56 17
51 44 83 52
9 54 65 52
1 73 53 66
0 85 91 55
1 58 72 54
51 1 62 65
68 0 53 82
81 0 64 57
0 58 80 85
53 52 7 58
51 10 85 58
96 3 51 58
52 61 67 3
85 2 51 64
12 53 58 51
61 0 57 90
51 33 54 72
64 0 55 53
60 58 2 53
42 24 72 60
29 18 53 63
21 53 55 70
13 52 54 66
13 60 56 51
9 97 53 52
17 52 75 56
19 56 92 23
27 52 68 58
100 52 52 24
6 71 59 58
67 52 1 70
53 2 88 55
51 59 70 2
55 51 70 1
5 62 77 53
82 3 51 83
11 62 51 54
62 3 58 55
57 55 1 58
59 62 0 61
6 77 91 51
15 52 51 68
0 60 76 90
0 76 69 51
63 59 55 0
68 6 52 70
78 0 54 72
0 65 94 79
19 51 71 61
53 53 0 52
27 52 99 40
51 52 70 52
57 28 60 57
53 70 72 0
60 74 52 8
13 8 91 62
58 0 61 74
62 3 69 52
78 10 51 64
52 13 61 56
47 17 59 60
6 52 87 68
53 11 77 53
55 17 16 63
65 3 62 51
61 1 72 61
10 52 72 66
0 55 91 53
3 52 66 67
55 51 53 51
59 0 54 72
54 52 4 91
53 60 71 0
75 7 52 56
18 77 54 37
54 22 30 51
4 51 100 54
58 2 59 58
71 94 23 10
52 36 6 82
56 51 52 27
64 4 52 99
24 52 95 51
5 53 52 62
8 12 10 80
8 71 61 52
2 74 62 55
2 56 54 62
6 57 51 53
51 55 6 51
53 4 55 69
51 51 55 52
4 55 86 51
32 55 51 57
3 93 55 51
32 30 87 56
19 55 55 54
0 65 93 51
98 2 65 51
57 3 61 56
55 55 69 1
15 52 60 58
2 75 60 59
14 51 54 71
1 9 52 79
0 89 51 60
5 64 51 87
62 3 51 76
94 8 19 67
63 51 63 22
53 2 56 63
87 7 35 72
9 55 56 60
57 14 77 51
4 68 78 51
83 12 51 55
6 57 67 51
27 52 81 51
61 12 57 58
72 3 51 58
13 52 61 51
78 5 54 53
52 100 0 61
53 51 61 12
0 69 54 76
21 60 71 11
9 51 86 52
66 51 66 7
100 1 51 58
16 71 19 67
53 2 73 61
55 82 65 2
52 54 51 45
51 20 78 59
63 42 96 15
57 90 59 0
8 51 57 63
13 52 61 11
9 91 56 52
28 51 81 59
32 27 88 60
51 11 74 52
11 52 54 53
58 4 100 53
48 87 0 53
52 2 55 95
57 18 57 62
52 8 70 59
52 70 51 6
95 86 0 51
41 52 59 51
1 73 51 62
6 97 31 72
7 81 63 34
0 80 68 54
52 4 56 54
7 78 66 51
56 52 1 79
54 1 76 62
46 51 91 8
0 68 72 59
84 12 19 57
12 55 58 40
64 52 0 100
60 2 61 7
4 67 83 51
53 86 69 1
59 0 72 55
59 61 51 0
4 53 96 59
58 63 51 28
28 5 74 54
52 52 53 52
51 4 93 53
2 52 73 74
64 2 53 53
93 10 5 65
