250 6
0.11 0.21 0.88 0.73 0.89 0.80
0.51 0.66 0.73 0.95 0.47 0.85
0.47 0.26 0.27 0.11 0.79 0.44
0.68 0.19 0.34 0.46 0.12 0.31
0.42 0.04 0.44 0.03 0.11 0.41
0.30 0.83 0.84 0.53 0.23 0.27
0.46 0.10 0.45 0.03 0.29 0.21
0.18 0.08 0.51 0.98 0.78 0.04
0.41 0.95 0.63 0.31 0.44 0.22
0.44 0.42 0.33 0.48 0.24 0.32
0.76 0.13 0.41 0.20 0.38 0.34
0.15 0.43 0.60 0.50 0.37 0.50
0.78 0.17 0.10 0.04 0.16 0.45
0.07 0.47 0.37 0.61 0.02 0.98
0.15 0.80 0.45 0.13 0.38 0.06
0.38 0.06 0.34 0.28 0.34 0.44
0.12 0.94 0.17 0.30 0.85 0.13
0.14 0.32 0.14 0.83 0.65 0.02
0.32 0.10 0.58 0.53 0.44 0.29
1.00 0.04 0.11 0.56 0.37 0.64
0.95 0.29 0.08 0.11 0.73 0.52
0.33 0.36 0.20 0.40 0.58 0.08
0.35 0.25 0.55 0.23 0.23 0.78
0.16 0.08 0.42 0.02 0.22 0.45
0.81 0.47 0.08 0.84 0.19 0.24
0.19 0.88 0.67 0.03 0.30 0.26
0.05 0.07 0.41 0.38 0.18 0.20
0.77 0.43 0.50 0.31 0.04 0.84
0.70 0.59 0.28 0.93 0.12 0.64
0.42 0.10 0.12 0.43 0.24 0.40
0.54 0.72 0.93 0.11 0.09 0.24
0.36 0.06 0.42 0.45 0.28 0.15
0.96 0.42 0.61 0.88 0.10 0.27
0.36 0.02 0.38 0.02 0.18 0.14
0.49 0.23 0.06 0.85 0.28 0.11
0.16 0.25 0.84 0.13 0.99 0.10
0.44 0.36 0.06 0.16 0.09 0.94
0.39 0.30 0.13 0.21 0.77 0.50
0.21 0.06 0.37 0.20 0.49 0.18
0.52 0.29 0.21 0.06 0.20 0.19
0.15 0.36 0.11 0.84 0.55 0.84
0.43 0.33 0.39 0.29 0.06 0.31
0.32 0.99 0.79 0.38 0.01 0.40
0.38 0.82 0.42 0.44 0.13 0.36
0.23 0.73 0.27 0.48 0.02 0.42
0.17 0.31 0.65 0.01 0.58 0.46
0.07 0.17 0.79 0.20 0.29 0.03
0.03 0.22 0.46 0.13 0.06 0.48
0.08 0.32 0.58 0.50 0.30 0.18
0.23 0.09 0.30 0.41 0.24 0.36
0.26 0.34 0.20 0.33 0.61 0.14
0.17 0.02 0.65 0.82 0.49 0.26
0.34 0.33 0.22 0.65 0.15 0.30
0.28 0.94 0.39 0.08 0.64 0.28
0.60 0.33 0.06 0.21 0.52 0.12
0.28 0.70 0.11 0.05 0.48 0.09
0.19 0.64 0.43 0.06 0.28 0.19
0.25 0.91 0.06 0.02 0.40 0.32
0.29 0.76 0.29 0.41 0.33 0.45
0.27 0.96 0.36 0.26 0.38 0.38
0.47 0.19 0.07 0.31 0.36 0.41
0.06 0.13 0.42 0.11 0.18 0.31
0.42 0.28 0.24 0.41 0.11 0.06
0.96 0.16 0.41 0.94 0.14 1.00
0.16 0.44 0.13 0.46 0.86 0.29
0.99 0.35 0.32 0.38 0.43 0.16
0.83 0.17 0.28 0.41 0.29 0.13
0.23 0.32 0.02 0.01 0.41 0.27
0.09 0.79 0.62 0.07 0.70 0.35
0.14 0.34 0.82 0.06 0.50 0.05
0.19 0.36 0.24 0.08 0.45 0.30
0.29 0.64 0.33 0.27 0.36 0.11
0.14 0.26 0.23 0.51 0.37 0.40
0.45 0.46 0.07 0.71 0.33 0.15
0.09 0.30 0.07 0.86 0.30 0.18
0.02 0.44 0.18 0.57 0.19 0.35
0.58 0.09 0.25 0.15 0.19 0.21
0.07 0.10 0.03 0.17 0.45 0.73
0.78 0.83 0.27 0.31 0.02 0.38
1.00 0.48 0.21 0.24 0.02 0.33
0.21 0.28 0.69 0.28 0.24 0.23
0.38 0.30 0.27 0.09 0.36 0.23
0.28 0.14 0.40 0.27 0.22 0.82
0.14 0.39 0.35 0.48 0.10 0.24
0.10 0.13 0.54 0.26 0.01 0.92
0.79 0.27 0.31 0.24 0.28 0.05
0.33 0.24 0.12 0.76 0.33 0.03
0.76 0.40 0.10 0.20 0.32 0.24
0.91 0.44 0.18 0.08 0.29 0.25
0.30 0.10 0.18 0.91 0.33 0.90
0.05 0.83 0.19 0.05 0.24 0.62
0.44 0.08 0.62 0.49 0.16 0.40
0.69 0.94 0.37 0.37 0.14 0.62
0.25 0.28 0.15 0.05 0.70 0.44
0.29 0.20 0.04 0.38 0.25 0.04
0.24 0.22 0.53 0.60 0.45 0.18
0.40 0.04 0.06 0.28 0.18 0.36
0.43 0.01 0.17 0.92 0.51 0.26
0.16 0.60 0.24 0.74 0.23 0.11
0.17 0.73 0.15 0.27 0.40 0.51
0.25 0.67 0.01 0.47 0.01 1.00
0.19 0.17 0.04 0.47 0.45 0.35
0.05 0.02 0.84 0.39 0.65 0.04
1.00 0.43 0.34 0.09 0.36 0.09
0.32 0.37 0.13 0.24 0.59 0.10
0.11 0.44 0.57 0.13 0.35 0.18
0.07 0.04 0.63 0.74 0.01 0.41
0.16 0.26 0.24 0.88 0.74 0.16
0.18 0.13 0.34 0.33 0.05 0.54
0.17 0.33 0.24 0.67 0.19 0.89
0.17 0.24 0.30 0.43 0.05 0.42
0.45 0.12 0.22 0.16 0.63 0.74
0.58 0.33 0.12 0.35 0.43 0.10
0.04 0.07 0.56 0.68 0.19 0.17
0.56 0.78 0.05 0.85 0.14 0.03
0.06 0.35 0.18 0.13 0.04 0.61
0.15 0.03 0.48 0.91 0.43 0.57
0.34 1.00 0.44 0.96 0.12 0.22
0.15 0.18 0.49 0.30 0.13 0.06
0.33 0.23 0.22 0.29 0.28 0.79
0.48 0.15 0.49 0.12 0.10 0.26
0.17 0.92 0.11 0.28 0.86 0.31
0.20 0.78 0.46 0.04 0.05 0.48
0.79 0.26 0.02 0.33 0.12 0.56
0.52 0.51 0.45 0.05 0.34 0.06
0.53 0.03 0.73 0.12 0.13 0.28
0.77 0.65 0.45 0.09 0.07 0.33
0.23 0.42 0.29 0.94 0.14 0.56
0.49 0.69 0.77 0.15 0.32 0.08
0.30 0.14 0.07 0.34 0.30 0.74
0.53 0.34 0.11 0.27 0.20 0.23
0.48 0.50 0.99 0.17 0.09 0.47
0.23 0.14 0.64 0.10 0.24 0.21
0.28 0.13 0.94 0.21 0.33 0.19
0.23 0.20 0.27 0.24 0.80 0.14
0.32 0.28 0.45 0.32 0.25 0.20
0.45 0.16 0.32 0.08 0.73 0.16
0.25 0.79 0.80 0.83 0.17 0.02
0.01 0.22 0.79 0.59 0.36 0.12
1.00 0.14 0.29 0.90 0.34 0.10
0.04 0.45 0.58 0.79 0.14 0.43
0.07 0.13 0.07 0.59 0.41 0.20
0.34 0.04 0.72 0.30 0.14 0.47
0.72 0.06 0.44 0.21 0.03 0.30
0.20 0.27 0.11 0.07 0.43 0.03
0.56 0.45 0.01 0.13 0.36 0.14
0.61 0.16 0.42 0.07 0.10 0.30
0.06 0.93 0.40 0.04 0.62 0.36
0.40 0.10 0.12 0.45 0.08 0.43
0.38 0.08 0.04 0.04 0.36 0.63
0.17 0.53 0.26 0.01 0.79 0.14
0.09 0.07 0.85 0.04 0.91 0.98
0.06 0.48 0.01 0.56 0.65 0.96
0.79 0.10 0.21 0.91 0.01 0.16
0.32 0.39 0.21 0.01 0.27 0.45
0.27 0.44 0.10 0.66 0.28 0.51
0.45 0.86 0.45 0.28 0.21 0.09
0.35 0.53 1.00 0.21 0.26 0.20
0.54 0.13 0.29 0.25 0.34 0.43
0.39 0.74 0.65 0.74 0.05 0.26
0.93 0.83 0.15 0.14 0.20 0.07
0.70 0.76 0.47 0.38 0.01 0.47
0.24 0.26 0.16 0.74 0.06 0.14
0.42 0.47 0.45 0.48 0.10 0.18
0.39 0.01 0.40 0.48 0.08 0.60
0.15 0.23 0.06 0.07 0.23 0.15
0.33 0.10 0.16 0.03 0.68 0.26
0.12 0.13 0.78 0.50 0.04 0.24
0.07 0.24 0.10 0.21 0.02 0.42
0.14 0.22 0.25 0.73 0.16 0.87
0.05 0.86 0.30 0.06 0.29 0.36
0.16 0.26 0.32 0.21 0.33 0.13
0.14 0.32 0.20 0.21 0.85 0.35
0.61 0.44 0.03 0.04 0.17 0.12
0.14 0.46 0.30 0.27 0.46 0.37
0.06 0.53 0.35 0.08 0.29 0.53
0.88 0.79 0.07 0.87 0.10 0.42
0.24 0.97 0.82 0.19 0.16 0.40
0.11 0.09 0.05 0.31 0.37 0.26
0.17 0.02 0.60 0.63 0.98 0.34
0.09 0.88 0.18 0.76 0.39 0.16
0.24 0.41 0.03 0.19 0.35 0.69
0.31 0.28 0.01 0.22 0.48 0.08
0.48 0.13 0.29 0.88 0.70 0.05
0.10 0.40 0.31 0.26 0.33 0.31
0.04 0.27 0.05 0.15 0.24 0.49
0.63 0.58 0.45 0.22 0.11 0.11
0.32 0.04 0.06 0.39 0.09 0.11
0.45 0.22 0.29 0.88 0.27 0.01
0.65 0.05 0.81 0.13 0.03 0.44
0.34 0.61 0.19 0.03 0.18 0.43
0.48 0.01 0.29 0.14 0.46 0.35
0.32 0.36 0.17 0.06 0.30 0.93
0.33 0.22 0.42 0.42 0.01 0.71
0.27 0.15 0.70 0.74 0.57 0.02
0.28 0.06 0.01 0.38 0.61 0.10
0.39 0.37 0.20 0.44 0.11 0.08
0.67 0.04 0.04 0.03 0.84 0.34
0.85 0.92 0.17 0.14 0.13 0.08
0.03 0.35 0.07 0.24 0.69 0.18
0.18 0.06 0.14 0.94 0.11 0.08
0.26 0.36 0.01 0.75 0.56 0.19
0.97 0.57 0.18 0.34 0.36 0.04
0.43 0.30 0.47 0.25 0.10 0.15
0.29 0.09 0.27 0.08 0.04 0.36
0.13 0.43 0.01 0.39 0.22 0.32
0.25 0.78 0.92 0.20 0.17 0.35
0.48 0.16 0.20 0.12 0.43 0.42
0.06 0.98 0.20 0.15 0.39 0.07
0.08 0.42 0.39 0.85 0.09 0.10
0.09 0.33 0.19 0.74 0.01 0.07
0.21 0.17 0.32 0.36 0.33 0.61
0.25 0.14 0.72 0.05 0.45 0.43
0.33 0.02 0.05 0.90 0.16 0.50
0.39 0.02 0.64 0.01 0.92 0.29
0.33 0.14 0.09 0.10 0.07 0.25
0.70 0.37 0.04 0.10 0.22 0.08
0.20 0.41 0.01 0.08 0.09 0.08
0.36 0.62 0.38 0.03 0.05 0.12
0.28 0.20 0.19 0.21 0.20 0.71
0.17 0.49 0.89 0.02 0.29 0.25
0.45 0.05 0.85 0.22 0.11 0.19
0.01 0.41 0.22 0.25 0.45 0.02
0.39 0.10 0.38 0.29 0.08 0.18
0.25 0.24 0.18 0.56 0.94 0.02
0.48 0.03 0.20 0.44 0.95 0.17
0.10 0.52 0.25 0.57 0.02 0.12
0.49 0.03 0.03 0.50 0.08 0.47
0.40 0.40 0.35 0.17 0.03 0.30
0.37 0.92 0.23 0.37 0.60 0.01
0.35 0.01 0.56 0.22 0.11 0.12
0.32 0.10 0.12 0.23 0.45 0.01
0.16 0.95 0.37 0.49 0.07 0.40
0.04 0.32 0.20 0.32 0.45 0.36
0.12 0.19 0.60 0.24 0.02 0.60
0.82 0.06 0.37 0.02 0.28 0.49
0.05 0.53 0.13 0.12 0.28 0.84
0.49 0.39 0.10 0.26 0.42 0.03
0.07 0.33 0.19 0.11 0.54 0.55
0.50 0.13 0.02 0.90 0.40 0.85
0.03 0.41 0.41 0.30 0.38 0.27
0.45 0.33 0.03 0.29 0.08 0.33
0.45 0.06 0.12 0.06 0.03 0.18
0.06 0.78 0.11 0.34 0.13 0.62
0.12 0.12 0.18 0.06 0.77 0.40
0.17 0.15 0.25 0.49 0.49 0.21
0.01 0.06 0.05 0.93 0.21 0.47
0.03 0.09 0.99 0.23 0.08 0.03
0.38 0.19 0.44 0.20 0.17 0.17
0.36 0.51 0.12 0.79 0.08 0.01
