250 6
11 21 88 73 89 80
51 66 73 95 47 85
47 26 27 11 79 44
68 19 34 46 12 31
42 4 44 3 11 41
30 83 84 53 23 27
46 10 45 3 29 21
18 8 51 98 78 4
41 95 63 31 44 22
44 42 33 48 24 32
76 13 41 20 38 34
15 43 60 50 37 50
78 17 10 4 16 45
7 47 37 61 2 98
15 80 45 13 38 6
38 6 34 28 34 44
12 94 17 30 85 13
14 32 14 83 65 2
32 10 58 53 44 29
100 4 11 56 37 64
95 29 8 11 73 52
33 36 20 40 58 8
35 25 55 23 23 78
16 8 42 2 22 45
81 47 8 84 19 24
19 88 67 3 30 26
5 7 41 38 18 20
77 43 50 31 4 84
70 59 28 93 12 64
42 10 12 43 24 40
54 72 93 11 9 24
36 6 42 45 28 15
96 42 61 88 10 27
36 2 38 2 18 14
49 23 6 85 28 11
16 25 84 13 99 10
44 36 6 16 9 94
39 30 13 21 77 50
21 6 37 20 49 18
52 29 21 6 20 19
15 36 11 84 55 84
43 33 39 29 6 31
32 99 79 38 1 40
38 82 42 44 13 36
23 73 27 48 2 42
17 31 65 1 58 46
7 17 79 20 29 3
3 22 46 13 6 48
8 32 58 50 30 18
23 9 30 41 24 36
26 34 20 33 61 14
17 2 65 82 49 26
34 33 22 65 15 30
28 94 39 8 64 28
60 33 6 21 52 12
28 70 11 5 48 9
19 64 43 6 28 19
25 91 6 2 40 32
29 76 29 41 33 45
27 96 36 26 38 38
47 19 7 31 36 41
6 13 42 11 18 31
42 28 24 41 11 6
96 16 41 94 14 100
16 44 13 46 86 29
99 35 32 38 43 16
83 17 28 41 29 13
23 32 2 1 41 27
9 79 62 7 70 35
14 34 82 6 50 5
19 36 24 8 45 30
29 64 33 27 36 11
14 26 23 51 37 40
45 46 7 71 33 15
9 30 7 86 30 18
2 44 18 57 19 35
58 9 25 15 19 21
7 10 3 17 45 73
78 83 27 31 2 38
100 48 21 24 2 33
21 28 69 28 24 23
38 30 27 9 36 23
28 14 40 27 22 82
14 39 35 48 10 24
10 13 54 26 1 92
79 27 31 24 28 5
33 24 12 76 33 3
76 40 10 20 32 24
91 44 18 8 29 25
30 10 18 91 33 90
5 83 19 5 24 62
44 8 62 49 16 40
69 94 37 37 14 62
25 28 15 5 70 44
29 20 4 38 25 4
24 22 53 60 45 18
40 4 6 28 18 36
43 1 17 92 51 26
16 60 24 74 23 11
17 73 15 27 40 51
25 67 1 47 1 100
19 17 4 47 45 35
5 2 84 39 65 4
100 43 34 9 36 9
32 37 13 24 59 10
11 44 57 13 35 18
7 4 63 74 1 41
16 26 24 88 74 16
18 13 34 33 5 54
17 33 24 67 19 89
17 24 30 43 5 42
45 12 22 16 63 74
58 33 12 35 43 10
4 7 56 68 19 17
56 78 5 85 14 3
6 35 18 13 4 61
15 3 48 91 43 57
34 100 44 96 12 22
15 18 49 30 13 6
33 23 22 29 28 79
48 15 49 12 10 26
17 92 11 28 86 31
20 78 46 4 5 48
79 26 2 33 12 56
52 51 45 5 34 6
53 3 73 12 13 28
77 65 45 9 7 33
23 42 29 94 14 56
49 69 77 15 32 8
30 14 7 34 30 74
53 34 11 27 20 23
48 50 99 17 9 47
23 14 64 10 24 21
28 13 94 21 33 19
23 20 27 24 80 14
32 28 45 32 25 20
45 16 32 8 73 16
25 79 80 83 17 2
1 22 79 59 36 12
100 14 29 90 34 10
4 45 58 79 14 43
7 13 7 59 41 20
34 4 72 30 14 47
72 6 44 21 3 30
20 27 11 7 43 3
56 45 1 13 36 14
61 16 42 7 10 30
6 93 40 4 62 36
40 10 12 45 8 43
38 8 4 4 36 63
17 53 26 1 79 14
9 7 85 4 91 98
6 48 1 56 65 96
79 10 21 91 1 16
32 39 21 1 27 45
27 44 10 66 28 51
45 86 45 28 21 9
35 53 100 21 26 20
54 13 29 25 34 43
39 74 65 74 5 26
93 83 15 14 20 7
70 76 47 38 1 47
24 26 16 74 6 14
42 47 45 48 10 18
39 1 40 48 8 60
15 23 6 7 23 15
33 10 16 3 68 26
12 13 78 50 4 24
7 24 10 21 2 42
14 22 25 73 16 87
5 86 30 6 29 36
16 26 32 21 33 13
14 32 20 21 85 35
61 44 3 4 17 12
14 46 30 27 46 37
6 53 35 8 29 53
88 79 7 87 10 42
24 97 82 19 16 40
11 9 5 31 37 26
17 2 60 63 98 34
9 88 18 76 39 16
24 41 3 19 35 69
31 28 1 22 48 8
48 13 29 88 70 5
10 40 31 26 33 31
4 27 5 15 24 49
63 58 45 22 11 11
32 4 6 39 9 11
45 22 29 88 27 1
65 5 81 13 3 44
34 61 19 3 18 43
48 1 29 14 46 35
32 36 17 6 30 93
33 22 42 42 1 71
27 15 70 74 57 2
28 6 1 38 61 10
39 37 20 44 11 8
67 4 4 3 84 34
85 92 17 14 13 8
3 35 7 24 69 18
18 6 14 94 11 8
26 36 1 75 56 19
97 57 18 34 36 4
43 30 47 25 10 15
29 9 27 8 4 36
13 43 1 39 22 32
25 78 92 20 17 35
48 16 20 12 43 42
6 98 20 15 39 7
8 42 39 85 9 10
9 33 19 74 1 7
21 17 32 36 33 61
25 14 72 5 45 43
33 2 5 90 16 50
39 2 64 1 92 29
33 14 9 10 7 25
70 37 4 10 22 8
20 41 1 8 9 8
36 62 38 3 5 12
28 20 19 21 20 71
17 49 89 2 29 25
45 5 85 22 11 19
1 41 22 25 45 2
39 10 38 29 8 18
25 24 18 56 94 2
48 3 20 44 95 17
10 52 25 57 2 12
49 3 3 50 8 47
40 40 35 17 3 30
37 92 23 37 60 1
35 1 56 22 11 12
32 10 12 23 45 1
16 95 37 49 7 40
4 32 20 32 45 36
12 19 60 24 2 60
82 6 37 2 28 49
5 53 13 12 28 84
49 39 10 26 42 3
7 33 19 11 54 55
50 13 2 90 40 85
3 41 41 30 38 27
45 33 3 29 8 33
45 6 12 6 3 18
6 78 11 34 13 62
12 12 18 6 77 40
17 15 25 49 49 21
1 6 5 93 21 47
3 9 99 23 8 3
38 19 44 20 17 17
36 51 12 79 8 1
