250 6
98 49 2 58 37 17
24 94 86 75 50 44
21 32 13 35 16 36
43 25 31 59 34 72
5 80 43 49 10 90
46 7 54 22 50 8
5 37 23 48 47 36
22 41 57 14 86 94
51 32 21 16 34 3
12 50 48 13 30 48
88 6 31 32 52 42
17 3 44 37 82 35
10 37 6 48 97 92
16 7 41 49 73 47
56 50 46 10 12 91
17 44 8 9 21 37
28 21 47 25 1 26
37 85 33 6 13 17
13 42 47 72 19 47
43 9 63 8 17 18
4 73 18 96 38 92
2 50 12 2 14 30
3 16 50 35 97 12
3 6 45 43 38 9
9 35 47 3 28 51
95 26 8 12 98 86
27 74 36 53 8 46
1 56 4 15 12 27
28 18 8 24 77 69
2 20 63 87 62 93
18 65 9 53 37 4
23 41 25 10 74 20
94 11 42 32 48 57
28 75 46 9 5 36
12 67 42 25 70 17
25 23 66 88 21 17
41 61 38 22 28 12
73 86 21 2 70 20
38 27 3 41 13 7
24 37 48 2 67 11
24 80 20 93 4 7
45 16 77 30 8 7
17 6 1 19 45 41
43 95 46 65 3 23
23 29 20 2 3 67
12 10 45 29 25 22
7 81 35 39 3 77
32 27 14 34 38 91
21 2 71 12 32 10
6 13 40 36 22 72
92 31 32 1 31 13
6 36 30 6 24 34
17 26 1 40 22 85
14 22 100 2 33 47
36 31 10 12 2 8
9 6 91 24 4 82
37 45 91 1 37 1
26 4 96 31 27 12
3 50 88 94 36 11
22 55 26 50 79 20
89 1 41 22 42 26
15 51 43 3 89 3
42 18 26 58 61 1
46 34 71 80 44 6
5 71 23 23 3 86
37 8 49 18 47 32
22 16 31 4 95 81
97 25 14 47 15 54
25 100 20 47 10 9
31 15 81 21 30 39
14 42 39 73 1 21
7 32 42 36 24 43
33 13 100 62 12 41
83 27 14 48 6 8
2 13 17 42 48 38
22 42 67 43 35 2
66 3 37 67 8 31
88 21 35 12 34 41
83 14 35 22 47 30
14 4 21 20 79 12
32 38 75 85 45 5
40 28 30 20 43 1
17 1 88 36 10 33
76 1 45 29 85 45
19 8 60 32 29 8
77 95 12 14 78 1
32 89 24 44 53 6
5 43 1 22 15 1
66 9 34 12 38 47
56 10 32 11 59 44
5 21 98 29 47 93
35 4 46 33 73 19
83 10 46 2 81 92
41 2 1 54 4 80
19 9 20 35 1 89
38 9 4 78 5 80
29 23 8 2 68 83
64 8 4 31 100 2
47 7 29 32 37 41
47 34 20 33 88 1
40 33 5 6 23 57
23 10 21 1 54 24
95 26 41 15 41 6
39 21 25 48 27 38
91 10 17 16 38 60
81 19 10 44 6 34
20 16 58 50 14 37
63 15 74 2 38 17
5 43 37 30 14 46
19 31 98 21 5 51
50 1 74 25 81 50
11 21 26 15 15 13
5 19 98 39 22 17
5 81 37 52 9 9
62 16 17 39 6 11
23 46 41 40 2 16
8 50 89 7 94 24
7 33 95 36 15 47
36 93 12 1 39 34
11 25 41 14 44 56
15 26 20 19 45 81
39 67 30 11 6 6
44 3 40 5 36 7
18 89 16 2 10 42
14 16 10 4 39 42
22 80 15 34 1 42
13 86 90 14 17 18
79 2 38 4 19 37
20 18 40 41 20 37
38 8 12 19 16 44
13 13 44 38 9 11
43 21 41 33 10 29
28 1 26 17 64 24
32 3 5 41 16 30
71 84 6 12 28 26
98 17 1 68 37 15
35 6 65 9 66 40
35 21 5 86 57 15
26 37 7 44 21 38
7 9 5 5 36 2
2 47 47 46 27 9
3 5 97 37 19 3
86 11 6 13 10 52
75 5 26 76 4 36
17 16 80 7 2 53
88 24 95 44 5 7
46 83 95 31 13 1
88 75 7 16 72 1
20 3 68 15 79 23
36 6 30 10 50 64
43 6 68 40 31 25
31 42 33 62 13 38
5 37 50 62 71 6
94 35 41 43 31 5
97 29 11 12 21 40
24 31 12 97 29 20
2 71 24 77 16 9
53 11 38 32 22 24
18 74 33 2 3 2
15 56 42 4 32 1
2 18 49 7 90 19
47 30 12 13 13 75
61 6 38 61 55 17
36 31 7 4 9 13
15 20 31 45 24 6
7 12 23 31 9 87
92 50 26 16 17 7
12 17 5 32 28 29
8 18 17 22 25 92
2 87 99 20 75 1
11 1 10 21 5 71
23 35 60 45 8 10
32 7 44 76 6 57
26 8 34 93 52 29
34 12 4 10 74 65
9 4 71 48 5 44
23 33 19 48 2 72
53 29 6 31 7 71
55 55 27 1 40 2
12 9 22 14 14 23
41 59 71 1 31 46
90 34 1 76 11 36
2 11 39 1 35 69
1 8 44 21 40 25
24 10 12 7 22 78
40 2 31 17 58 35
3 7 26 1 26 50
1 21 14 17 45 7
32 28 3 16 4 1
57 31 3 55 1 36
6 32 35 100 12 84
50 4 45 65 9 44
20 11 89 80 3 26
18 12 19 50 35 46
10 47 17 7 27 60
82 22 2 69 41 30
11 88 82 26 6 63
66 40 6 8 11 93
48 29 2 19 44 56
17 1 35 46 11 35
68 83 1 21 20 28
1 90 16 7 1 8
17 41 21 46 13 1
39 17 90 42 75 1
11 71 49 1 21 57
41 5 23 24 76 66
41 2 43 19 44 48
4 71 25 72 43 21
20 20 81 89 8 39
1 1 6 40 13 43
25 28 7 41 18 33
2 12 11 100 43 8
7 48 37 2 36 8
50 25 16 22 23 34
25 40 9 25 12 84
6 6 38 97 9 39
18 57 19 19 19 7
29 10 1 4 10 12
26 67 36 31 10 48
28 14 42 4 10 7
16 27 92 13 28 10
20 16 12 35 14 31
10 6 25 3 44 98
32 100 43 1 100 20
75 7 34 2 41 13
17 6 23 64 33 36
17 58 36 76 5 13
20 71 46 64 5 35
26 87 6 37 7 50
13 35 3 19 36 32
28 64 6 5 22 46
9 16 2 38 4 70
4 55 80 63 16 12
10 38 73 28 10 32
73 7 68 93 2 36
42 4 88 12 14 7
10 40 17 23 6 24
17 30 4 13 10 66
2 31 46 22 34 34
40 4 36 7 23 78
62 16 64 28 2 56
15 86 6 66 4 57
8 19 4 4 12 6
45 9 33 13 15 36
49 50 15 11 2 57
16 63 18 78 5 27
4 68 7 4 96 18
1 9 76 30 18 7
22 49 62 4 72 1
6 50 36 21 37 26
