250 6
0.63 0.77 0.58 0.61 0.94 0.53
1.00 0.37 0.25 0.91 0.89 0.13
0.90 0.39 0.48 0.38 0.39 0.11
0.95 0.33 0.15 0.29 0.48 0.01
0.84 0.58 0.05 0.56 0.16 0.33
0.31 0.71 0.80 0.37 0.25 0.37
0.49 0.56 0.27 0.75 0.84 0.06
0.40 0.83 0.15 0.17 0.29 0.12
0.63 0.18 0.16 0.03 0.61 0.49
0.35 0.28 0.89 0.49 0.01 0.30
0.29 0.99 0.37 0.48 0.76 0.44
0.21 0.28 0.20 0.39 0.25 0.77
0.82 0.29 0.32 0.44 0.02 0.33
0.14 0.19 0.05 0.41 0.29 0.08
0.90 0.44 0.05 0.22 0.72 0.45
0.43 0.06 0.88 0.02 0.35 0.43
0.25 0.12 0.25 0.28 0.25 0.92
0.16 0.18 0.42 0.42 0.12 0.36
0.23 0.65 0.08 0.63 0.22 0.27
0.12 0.04 0.02 0.60 0.99 0.96
0.92 0.27 0.61 0.04 0.41 0.22
0.68 0.40 0.20 0.42 0.22 0.01
0.48 0.11 0.63 0.35 0.03 0.02
0.97 0.78 0.01 0.34 0.66 0.39
0.44 0.11 0.60 0.53 0.27 0.16
0.40 0.41 0.34 0.19 0.22 0.49
0.53 0.73 0.81 0.10 0.23 0.21
0.93 0.82 0.42 0.36 0.34 0.47
0.27 1.00 0.10 0.08 0.37 0.72
0.07 0.20 0.08 0.09 0.45 0.06
0.65 0.07 0.08 0.39 0.36 0.52
0.18 0.21 0.18 0.61 0.15 0.38
0.19 0.02 0.10 0.17 0.07 0.10
0.11 0.28 0.28 0.11 0.01 0.15
0.46 0.36 0.02 0.25 0.04 0.61
0.47 0.13 0.47 0.21 0.42 0.03
0.02 0.50 0.05 0.55 0.85 0.01
0.21 0.17 0.20 0.07 0.42 0.21
0.06 0.75 0.28 0.23 0.63 0.17
0.23 0.49 0.06 0.25 0.75 0.33
0.98 0.15 0.02 0.41 0.02 0.01
0.23 0.07 0.38 0.03 0.39 0.41
0.15 0.47 0.07 0.33 0.07 0.12
0.43 0.15 0.10 0.06 0.36 0.61
0.05 0.23 0.49 0.32 0.22 0.67
0.81 0.48 0.22 0.02 0.02 0.53
0.06 0.35 0.25 0.65 0.05 0.14
0.23 0.68 0.05 0.02 0.64 0.49
0.40 0.04 0.66 0.53 0.48 0.04
0.52 0.04 0.01 0.27 0.37 0.22
0.30 0.23 0.03 0.47 0.47 0.29
0.08 0.33 0.52 0.05 0.31 0.31
0.50 0.41 0.36 0.31 0.21 0.05
0.18 0.05 0.01 0.10 0.60 0.19
0.07 0.29 0.13 0.27 0.30 0.11
0.20 0.01 0.38 0.08 0.43 0.66
0.45 0.37 0.41 0.03 0.29 0.02
0.03 0.35 0.53 0.04 0.59 0.04
0.71 0.06 0.94 0.12 0.45 0.22
0.62 0.58 0.86 0.06 0.12 0.54
0.87 0.44 0.59 0.07 0.03 0.02
0.91 0.25 0.38 0.26 0.15 0.02
0.36 0.76 0.31 0.10 0.11 0.67
0.74 0.15 0.18 0.04 0.58 0.42
0.42 0.21 0.80 0.13 0.23 0.18
0.24 0.60 0.15 0.21 0.01 0.05
0.12 0.24 0.38 0.27 0.28 0.93
0.65 0.35 0.01 0.65 0.32 0.59
0.54 0.36 0.03 0.34 0.34 0.45
0.05 0.07 0.18 0.35 0.60 0.31
0.23 0.07 0.02 0.73 0.24 0.64
0.39 0.45 0.31 0.07 0.47 0.10
0.28 0.29 0.18 0.04 0.26 0.17
0.08 0.18 0.04 0.11 0.93 0.28
0.36 0.63 0.29 0.40 0.14 0.03
0.05 0.60 0.30 0.49 0.16 0.84
0.13 0.10 0.02 0.52 0.54 0.74
0.71 0.17 0.31 0.36 0.05 0.34
0.22 0.06 0.56 0.32 0.04 0.72
0.37 0.25 0.17 0.04 0.21 0.34
0.35 0.48 0.27 0.03 0.91 0.51
0.37 0.57 0.30 0.15 0.46 0.05
0.08 0.50 0.69 0.69 0.16 0.04
0.90 0.68 0.05 0.38 0.68 0.12
0.37 0.19 0.89 0.97 0.05 0.20
0.22 0.13 0.42 0.08 0.20 0.23
0.38 0.49 0.30 0.24 0.33 0.07
0.24 0.01 0.28 0.13 0.02 0.68
0.36 0.26 0.26 0.07 0.26 0.63
0.55 0.87 0.02 0.83 0.20 0.06
0.07 0.53 0.60 0.23 0.24 0.84
0.50 0.20 0.09 0.21 0.08 0.98
0.01 1.00 0.47 0.81 0.52 0.64
0.58 0.09 0.02 0.20 0.40 0.81
0.35 0.65 0.27 0.13 0.36 0.04
0.17 0.02 0.79 0.03 0.79 0.68
0.38 0.22 0.28 0.21 0.06 0.08
0.02 0.98 0.55 0.94 0.04 0.93
0.47 0.27 0.25 0.19 0.01 0.91
0.45 0.48 0.03 0.06 0.72 0.45
0.19 0.89 0.23 0.08 0.76 0.53
0.03 0.41 0.26 0.39 0.84 0.28
0.01 1.00 0.03 0.41 0.74 0.24
0.01 0.06 0.27 0.15 0.29 0.68
0.23 0.12 0.60 0.04 0.33 0.08
0.11 0.81 0.16 0.37 0.38 0.04
0.24 0.30 0.23 0.02 0.59 0.32
0.30 0.14 0.24 0.13 0.25 0.33
0.37 0.45 0.02 0.94 0.47 0.54
0.83 0.67 0.84 0.05 0.14 0.38
0.06 0.20 0.65 0.54 0.41 0.26
0.75 0.11 0.68 0.12 0.72 0.02
0.29 0.25 0.09 0.31 0.10 0.23
0.14 0.40 0.56 0.07 0.26 0.61
0.43 0.47 0.46 0.76 0.06 0.02
0.03 0.57 0.32 0.40 0.70 0.51
0.65 0.08 0.97 0.06 0.03 0.90
0.04 0.49 0.61 0.74 0.14 0.38
0.01 0.43 0.30 0.12 0.96 0.33
0.35 0.18 0.01 0.05 0.22 0.09
0.15 0.96 0.27 0.16 0.23 0.46
0.09 0.58 0.15 0.51 0.11 0.03
0.21 0.36 0.18 0.07 0.30 0.46
0.50 0.05 0.20 0.47 0.02 0.90
0.04 0.12 0.77 0.75 0.42 0.53
0.15 0.20 0.41 0.09 0.41 0.38
0.13 0.26 0.75 0.18 0.11 0.14
0.07 0.18 0.17 0.32 0.24 0.25
0.50 0.16 0.51 0.18 0.41 0.03
0.47 0.54 0.02 0.10 0.12 0.14
0.37 0.08 0.21 0.04 0.22 0.15
0.26 0.34 0.86 0.01 0.15 0.10
0.06 0.08 0.39 0.44 0.30 0.44
0.04 0.09 0.82 0.50 0.22 0.06
0.02 0.02 0.56 0.35 0.27 0.26
0.28 0.30 0.27 0.89 0.74 0.01
0.18 0.45 0.10 0.30 0.20 0.09
0.25 0.40 0.06 0.67 0.04 0.44
0.36 0.12 0.20 0.25 0.28 0.08
0.33 0.07 0.30 0.47 0.68 0.01
0.67 0.49 0.11 0.26 0.22 0.02
0.04 0.77 0.28 0.08 0.75 0.28
0.22 0.84 0.09 0.16 0.06 0.31
0.01 0.08 0.81 0.29 0.19 0.38
0.38 0.10 0.76 0.21 0.04 0.26
0.03 0.74 0.50 0.02 0.50 0.65
0.49 0.07 0.46 0.21 0.22 0.07
0.13 0.19 0.11 0.56 0.12 0.47
0.19 0.44 0.16 0.08 0.82 0.54
0.05 0.38 0.08 0.02 0.36 0.30
0.83 0.31 0.03 0.04 0.63 0.46
0.15 0.74 0.41 0.05 0.32 0.15
0.10 0.36 0.28 0.90 0.19 0.05
0.15 0.50 0.13 0.25 0.31 0.35
0.38 0.19 0.02 0.15 0.12 0.18
0.21 0.04 0.44 0.10 0.25 0.92
0.08 0.66 0.10 0.34 0.06 0.99
0.20 0.03 0.25 0.32 0.79 0.03
0.01 0.28 0.20 0.97 0.96 0.45
0.06 0.18 0.39 0.58 0.14 0.34
0.47 0.93 0.20 0.13 0.04 0.21
0.86 0.70 0.20 0.33 0.09 0.04
0.06 0.13 0.76 0.94 0.24 0.27
0.24 0.17 0.03 0.82 0.18 0.93
0.08 0.03 0.12 0.07 0.42 0.31
0.68 0.28 0.02 0.30 0.98 0.04
0.18 0.03 0.56 0.40 0.25 0.25
0.04 0.08 0.99 0.22 0.35 0.12
0.75 0.95 0.25 0.03 0.19 0.32
0.08 0.57 0.54 0.62 0.82 0.03
0.11 0.69 0.02 0.69 0.08 0.20
0.33 0.40 0.08 0.15 0.05 0.46
0.07 0.54 0.93 0.83 0.08 0.03
0.34 0.82 0.48 0.03 0.50 0.29
0.91 0.95 0.50 0.07 0.04 0.12
0.15 0.46 0.13 0.18 0.12 0.41
0.10 0.39 0.14 0.17 0.28 0.20
0.03 0.74 0.35 0.94 0.15 0.50
0.45 0.08 0.24 0.45 0.26 0.02
0.46 0.55 0.19 0.12 0.93 0.02
0.28 0.34 0.04 0.53 0.51 0.28
0.17 0.89 0.89 0.38 0.06 0.02
0.06 0.50 0.24 0.05 0.42 0.01
0.11 0.17 0.58 0.21 0.01 0.39
0.08 0.17 0.40 0.09 0.48 0.27
0.01 0.04 0.01 0.10 0.54 0.02
0.12 0.15 0.05 0.95 0.43 0.07
0.23 0.09 0.31 0.23 0.01 0.03
0.18 0.03 0.03 0.05 0.48 0.13
0.68 0.11 0.25 0.06 0.02 0.22
0.08 0.08 0.39 0.04 0.29 0.72
0.86 0.01 0.44 0.34 0.80 0.07
0.11 0.11 0.25 0.01 0.92 0.23
0.09 0.81 0.18 0.14 0.14 0.82
0.12 0.17 0.07 0.20 0.20 0.52
0.45 0.12 0.50 0.03 0.79 0.16
0.42 0.03 0.93 0.34 0.34 0.06
0.02 0.16 0.17 0.48 0.10 0.32
0.83 0.32 0.03 0.46 0.08 0.63
0.01 0.76 0.21 0.08 0.26 0.33
0.25 0.09 0.12 0.01 0.95 0.23
0.43 0.15 0.02 0.05 0.22 0.19
0.03 0.33 0.47 0.16 0.08 0.47
0.03 0.30 0.46 0.22 0.23 0.41
0.06 0.42 0.89 0.03 0.27 0.70
0.76 0.67 0.04 0.03 0.47 0.27
0.03 0.23 0.64 0.07 0.09 0.26
0.86 0.11 0.01 0.32 0.26 0.70
0.03 0.41 0.40 0.10 0.35 0.08
0.04 0.13 0.08 0.20 0.11 0.36
0.37 0.10 0.09 0.13 0.22 0.62
0.46 0.01 0.30 0.43 0.18 0.35
0.05 0.98 0.02 0.32 0.43 0.03
0.21 0.34 0.59 0.93 0.16 0.09
0.49 0.01 0.68 0.11 0.21 0.13
0.75 0.22 0.44 0.47 0.26 0.01
0.34 0.02 0.33 0.05 0.08 0.04
0.33 0.43 0.60 0.07 0.53 0.01
0.43 0.09 0.11 0.93 0.35 0.02
0.47 0.03 0.02 0.29 0.22 0.59
0.32 0.18 0.59 0.04 0.27 0.94
0.48 0.19 0.02 0.25 0.44 0.05
0.86 0.12 0.22 0.22 0.44 0.08
0.31 0.33 0.13 0.15 0.11 0.45
0.69 0.45 0.78 0.02 0.77 0.20
0.16 0.36 0.02 0.44 0.26 0.10
0.05 0.33 0.03 0.67 0.47 0.33
0.24 0.16 0.01 0.82 0.06 0.18
0.05 0.02 0.28 0.09 0.01 0.44
0.09 0.14 0.21 0.03 0.66 0.75
0.34 0.59 0.22 0.86 0.26 0.02
0.68 0.50 0.16 0.04 0.04 0.95
0.43 0.08 0.04 0.46 0.30 0.47
0.13 0.10 0.76 0.07 0.60 0.27
0.21 0.39 0.15 0.46 0.38 0.05
0.99 0.12 0.45 0.02 0.21 0.47
0.11 0.19 0.07 0.53 0.23 0.02
0.12 0.18 0.76 0.01 0.22 0.35
0.66 0.08 0.18 0.25 0.06 0.25
0.14 0.27 0.72 0.03 0.08 0.28
0.33 0.88 0.43 0.08 0.14 0.35
0.35 0.14 0.50 0.03 0.38 0.03
0.21 0.18 0.23 0.69 0.02 0.23
0.28 0.06 0.51 0.08 0.25 0.12
0.08 0.66 0.65 0.48 0.03 0.12
0.45 0.10 0.03 0.93 0.04 0.12
0.17 0.12 0.48 0.45 0.52 0.11
0.01 0.03 0.45 0.39 0.84 0.51
0.15 0.38 0.08 0.17 0.10 0.10
0.13 0.27 0.58 0.35 0.07 0.32
