250 6
63 77 58 61 94 53
100 37 25 91 89 13
90 39 48 38 39 11
95 33 15 29 48 1
84 58 5 56 16 33
31 71 80 37 25 37
49 56 27 75 84 6
40 83 15 17 29 12
63 18 16 3 61 49
35 28 89 49 1 30
29 99 37 48 76 44
21 28 20 39 25 77
82 29 32 44 2 33
14 19 5 41 29 8
90 44 5 22 72 45
43 6 88 2 35 43
25 12 25 28 25 92
16 18 42 42 12 36
23 65 8 63 22 27
12 4 2 60 99 96
92 27 61 4 41 22
68 40 20 42 22 1
48 11 63 35 3 2
97 78 1 34 66 39
44 11 60 53 27 16
40 41 34 19 22 49
53 73 81 10 23 21
93 82 42 36 34 47
27 100 10 8 37 72
7 20 8 9 45 6
65 7 8 39 36 52
18 21 18 61 15 38
19 2 10 17 7 10
11 28 28 11 1 15
46 36 2 25 4 61
47 13 47 21 42 3
2 50 5 55 85 1
21 17 20 7 42 21
6 75 28 23 63 17
23 49 6 25 75 33
98 15 2 41 2 1
23 7 38 3 39 41
15 47 7 33 7 12
43 15 10 6 36 61
5 23 49 32 22 67
81 48 22 2 2 53
6 35 25 65 5 14
23 68 5 2 64 49
40 4 66 53 48 4
52 4 1 27 37 22
30 23 3 47 47 29
8 33 52 5 31 31
50 41 36 31 21 5
18 5 1 10 60 19
7 29 13 27 30 11
20 1 38 8 43 66
45 37 41 3 29 2
3 35 53 4 59 4
71 6 94 12 45 22
62 58 86 6 12 54
87 44 59 7 3 2
91 25 38 26 15 2
36 76 31 10 11 67
74 15 18 4 58 42
42 21 80 13 23 18
24 60 15 21 1 5
12 24 38 27 28 93
65 35 1 65 32 59
54 36 3 34 34 45
5 7 18 35 60 31
23 7 2 73 24 64
39 45 31 7 47 10
28 29 18 4 26 17
8 18 4 11 93 28
36 63 29 40 14 3
5 60 30 49 16 84
13 10 2 52 54 74
71 17 31 36 5 34
22 6 56 32 4 72
37 25 17 4 21 34
35 48 27 3 91 51
37 57 30 15 46 5
8 50 69 69 16 4
90 68 5 38 68 12
37 19 89 97 5 20
22 13 42 8 20 23
38 49 30 24 33 7
24 1 28 13 2 68
36 26 26 7 26 63
55 87 2 83 20 6
7 53 60 23 24 84
50 20 9 21 8 98
1 100 47 81 52 64
58 9 2 20 40 81
35 65 27 13 36 4
17 2 79 3 79 68
38 22 28 21 6 8
2 98 55 94 4 93
47 27 25 19 1 91
45 48 3 6 72 45
19 89 23 8 76 53
3 41 26 39 84 28
1 100 3 41 74 24
1 6 27 15 29 68
23 12 60 4 33 8
11 81 16 37 38 4
24 30 23 2 59 32
30 14 24 13 25 33
37 45 2 94 47 54
83 67 84 5 14 38
6 20 65 54 41 26
75 11 68 12 72 2
29 25 9 31 10 23
14 40 56 7 26 61
43 47 46 76 6 2
3 57 32 40 70 51
65 8 97 6 3 90
4 49 61 74 14 38
1 43 30 12 96 33
35 18 1 5 22 9
15 96 27 16 23 46
9 58 15 51 11 3
21 36 18 7 30 46
50 5 20 47 2 90
4 12 77 75 42 53
15 20 41 9 41 38
13 26 75 18 11 14
7 18 17 32 24 25
50 16 51 18 41 3
47 54 2 10 12 14
37 8 21 4 22 15
26 34 86 1 15 10
6 8 39 44 30 44
4 9 82 50 22 6
2 2 56 35 27 26
28 30 27 89 74 1
18 45 10 30 20 9
25 40 6 67 4 44
36 12 20 25 28 8
33 7 30 47 68 1
67 49 11 26 22 2
4 77 28 8 75 28
22 84 9 16 6 31
1 8 81 29 19 38
38 10 76 21 4 26
3 74 50 2 50 65
49 7 46 21 22 7
13 19 11 56 12 47
19 44 16 8 82 54
5 38 8 2 36 30
83 31 3 4 63 46
15 74 41 5 32 15
10 36 28 90 19 5
15 50 13 25 31 35
38 19 2 15 12 18
21 4 44 10 25 92
8 66 10 34 6 99
20 3 25 32 79 3
1 28 20 97 96 45
6 18 39 58 14 34
47 93 20 13 4 21
86 70 20 33 9 4
6 13 76 94 24 27
24 17 3 82 18 93
8 3 12 7 42 31
68 28 2 30 98 4
18 3 56 40 25 25
4 8 99 22 35 12
75 95 25 3 19 32
8 57 54 62 82 3
11 69 2 69 8 20
33 40 8 15 5 46
7 54 93 83 8 3
34 82 48 3 50 29
91 95 50 7 4 12
15 46 13 18 12 41
10 39 14 17 28 20
3 74 35 94 15 50
45 8 24 45 26 2
46 55 19 12 93 2
28 34 4 53 51 28
17 89 89 38 6 2
6 50 24 5 42 1
11 17 58 21 1 39
8 17 40 9 48 27
1 4 1 10 54 2
12 15 5 95 43 7
23 9 31 23 1 3
18 3 3 5 48 13
68 11 25 6 2 22
8 8 39 4 29 72
86 1 44 34 80 7
11 11 25 1 92 23
9 81 18 14 14 82
12 17 7 20 20 52
45 12 50 3 79 16
42 3 93 34 34 6
2 16 17 48 10 32
83 32 3 46 8 63
1 76 21 8 26 33
25 9 12 1 95 23
43 15 2 5 22 19
3 33 47 16 8 47
3 30 46 22 23 41
6 42 89 3 27 70
76 67 4 3 47 27
3 23 64 7 9 26
86 11 1 32 26 70
3 41 40 10 35 8
4 13 8 20 11 36
37 10 9 13 22 62
46 1 30 43 18 35
5 98 2 32 43 3
21 34 59 93 16 9
49 1 68 11 21 13
75 22 44 47 26 1
34 2 33 5 8 4
33 43 60 7 53 1
43 9 11 93 35 2
47 3 2 29 22 59
32 18 59 4 27 94
48 19 2 25 44 5
86 12 22 22 44 8
31 33 13 15 11 45
69 45 78 2 77 20
16 36 2 44 26 10
5 33 3 67 47 33
24 16 1 82 6 18
5 2 28 9 1 44
9 14 21 3 66 75
34 59 22 86 26 2
68 50 16 4 4 95
43 8 4 46 30 47
13 10 76 7 60 27
21 39 15 46 38 5
99 12 45 2 21 47
11 19 7 53 23 2
12 18 76 1 22 35
66 8 18 25 6 25
14 27 72 3 8 28
33 88 43 8 14 35
35 14 50 3 38 3
21 18 23 69 2 23
28 6 51 8 25 12
8 66 65 48 3 12
45 10 3 93 4 12
17 12 48 45 52 11
1 3 45 39 84 51
15 38 8 17 10 10
13 27 58 35 7 32
