250 6
38 44 72 20 15 11
14 40 12 49 79 57
79 4 30 28 42 12
40 26 31 32 38 100
48 12 16 33 29 37
50 39 5 28 8 29
49 85 14 10 24 59
44 36 39 87 95 27
37 13 6 23 13 95
33 47 57 43 50 34
50 8 8 46 75 47
8 34 43 43 8 19
26 47 3 3 99 67
3 30 45 2 12 46
5 47 36 11 4 29
64 1 22 49 93 55
29 22 34 16 50 31
10 33 47 66 28 7
90 42 68 6 1 58
75 40 96 84 38 6
24 3 2 86 43 7
23 36 45 44 4 16
93 54 95 43 67 7
4 29 39 17 46 35
34 45 42 47 30 6
11 5 91 81 34 22
6 18 29 1 73 5
20 90 96 3 18 16
31 21 57 50 37 42
21 66 9 47 37 2
41 50 21 10 39 42
25 14 18 30 16 28
31 65 20 64 3 2
43 89 22 22 21 69
80 76 26 24 96 35
72 6 47 19 36 61
57 46 8 11 73 30
12 27 70 29 46 41
21 10 87 27 3 16
28 30 32 43 97 4
43 45 57 43 3 20
23 1 4 100 71 11
9 18 34 15 63 76
94 3 70 13 14 4
19 85 54 2 36 23
79 67 14 1 69 50
43 24 21 16 85 60
39 30 2 2 18 76
47 54 52 24 13 2
28 9 35 41 80 61
33 64 16 4 63 21
16 39 28 50 16 90
94 17 40 27 74 46
65 83 17 21 3 96
31 20 28 40 28 10
45 36 43 18 7 53
35 14 33 15 11 28
15 24 9 100 37 99
14 45 18 42 68 47
46 30 28 76 13 15
12 10 12 32 6 12
12 6 23 19 43 86
1 44 16 20 8 1
60 67 15 27 5 2
5 33 23 12 2 55
53 13 32 12 28 47
17 5 42 91 20 60
25 23 26 58 37 10
24 88 72 3 34 35
3 16 70 7 34 3
12 71 11 14 90 72
18 9 33 20 38 90
49 9 50 56 44 40
7 66 14 21 29 72
20 35 29 13 26 3
12 4 17 8 7 29
9 26 23 67 50 50
4 34 33 40 36 56
8 9 5 5 21 71
99 1 19 13 45 7
5 40 3 29 26 25
18 13 20 16 83 19
45 4 37 59 4 93
88 17 5 17 43 24
42 25 71 99 4 67
94 25 20 24 22 23
35 14 4 40 25 82
48 15 20 3 51 73
58 48 76 15 3 48
84 18 16 17 52 32
48 18 10 24 91 27
82 53 7 1 37 10
83 12 40 8 62 16
49 28 49 23 8 8
37 60 16 13 16 48
50 52 82 7 9 10
7 17 60 31 13 42
41 9 62 1 6 9
38 39 9 36 35 16
65 56 32 6 10 83
43 48 14 31 49 13
46 9 5 38 34 38
65 35 5 78 13 58
5 22 90 62 1 59
76 17 36 15 27 15
92 1 41 85 88 14
41 20 46 25 5 28
12 94 7 6 33 45
60 1 82 20 66 47
35 28 93 6 42 13
36 5 41 13 39 25
6 32 8 40 37 1
2 66 37 18 3 41
18 29 1 1 32 40
5 40 15 86 48 1
8 23 13 33 37 64
84 57 26 13 4 50
19 37 50 37 69 8
60 29 41 43 5 39
11 35 41 18 60 12
46 1 39 89 14 6
2 7 26 80 27 54
45 72 32 17 7 11
21 1 29 56 24 40
19 27 83 16 30 17
17 42 2 26 57 11
61 100 10 6 83 19
17 60 5 7 2 31
24 1 2 59 4 17
47 11 15 5 14 23
10 43 7 85 59 10
91 15 45 1 33 4
64 11 94 49 86 7
24 6 49 1 54 73
46 34 74 99 3 2
69 22 46 13 19 6
21 26 13 4 50 56
10 24 43 56 19 8
17 15 4 18 4 37
40 2 35 45 61 10
44 39 28 1 42 29
70 9 50 55 19 5
33 23 4 27 81 10
70 18 21 16 1 53
33 31 33 1 1 26
5 43 47 41 12 15
72 8 54 52 54 10
46 7 23 79 26 6
20 33 4 47 46 13
85 10 4 27 19 49
8 27 17 35 19 62
36 27 16 13 19 54
8 28 81 15 32 31
8 45 2 47 85 96
21 12 29 2 39 21
55 8 12 91 96 4
41 8 27 3 8 92
64 3 16 34 50 12
43 4 26 27 8 17
3 16 2 66 50 70
45 14 85 73 4 15
10 86 67 1 38 24
3 43 27 21 34 96
6 65 99 13 2 17
31 44 40 13 14 10
23 14 9 26 39 70
19 3 25 6 43 8
8 40 31 78 4 53
51 5 5 17 92 58
32 24 6 16 67 46
16 12 13 78 97 10
42 53 21 67 1 39
49 7 6 28 30 94
13 7 13 22 50 68
88 25 55 22 3 7
33 3 98 51 21 39
32 7 59 23 2 100
67 27 11 29 34 35
8 10 18 39 19 18
35 2 40 59 72 13
8 7 25 3 44 2
39 62 1 40 41 33
6 30 23 74 22 10
39 81 65 17 37 1
4 28 96 49 10 36
50 19 6 46 24 31
6 66 25 2 62 68
5 38 50 32 70 27
88 59 37 21 6 17
31 27 34 71 27 11
55 1 23 92 86 4
6 12 70 41 35 68
12 45 10 25 12 79
26 17 52 13 29 15
75 26 47 3 37 46
97 65 5 19 24 20
5 11 23 37 96 47
6 42 17 8 14 14
41 54 15 26 53 2
23 78 38 4 27 10
89 41 59 21 86 1
17 23 31 5 12 12
11 81 47 6 4 38
19 28 64 16 8 23
8 20 38 11 41 19
4 34 20 36 90 26
16 19 47 99 21 1
28 18 50 27 15 2
92 44 10 38 58 10
37 27 24 21 44 6
27 2 78 51 47 16
97 44 14 72 34 6
17 44 28 4 26 16
48 32 45 46 26 4
14 26 16 14 29 13
58 39 33 24 9 25
15 8 37 56 16 12
3 5 6 56 2 8
14 31 14 21 16 42
1 92 48 35 3 48
43 18 7 24 60 25
38 47 12 54 18 10
25 29 75 17 19 3
29 43 2 16 39 21
49 2 79 50 37 15
88 1 5 40 61 35
27 1 69 49 4 35
94 7 15 13 48 84
2 49 3 3 90 20
24 5 72 48 18 6
7 2 16 21 29 25
3 26 22 43 93 5
2 28 44 16 40 35
9 51 13 16 81 27
3 78 9 47 70 80
7 6 12 28 13 90
14 99 15 28 20 14
19 11 4 44 14 54
37 88 17 10 29 1
3 36 42 18 78 21
34 2 84 33 22 59
27 28 12 12 23 58
7 11 40 7 43 93
37 12 96 40 9 11
44 2 22 15 49 3
37 14 59 17 3 12
60 20 1 17 35 66
25 47 69 18 24 9
14 2 44 26 44 14
10 42 7 23 2 1
