250 6
92 68 39 40 13 68
71 14 16 19 96 78
46 92 40 56 73 71
6 26 82 88 8 92
10 48 9 7 4 27
36 15 31 62 21 81
1 45 2 4 78 71
76 56 48 33 27 1
10 31 49 23 54 53
65 6 19 29 99 41
25 75 88 39 46 8
43 67 93 5 53 32
41 3 97 85 16 57
87 28 24 22 33 22
15 43 34 46 4 39
72 33 81 14 4 40
63 29 3 47 8 49
26 40 7 49 70 1
48 31 12 50 7 39
43 1 15 69 59 38
27 30 79 56 75 65
53 18 49 40 5 30
26 39 37 47 6 20
45 71 40 45 21 19
26 12 3 73 15 21
26 37 10 43 63 42
24 25 45 29 20 43
54 13 49 5 77 64
42 30 8 50 66 13
86 7 20 80 13 100
50 31 18 74 3 46
29 13 42 35 22 26
21 43 60 67 36 13
56 35 49 80 24 17
85 33 19 12 20 14
33 16 7 26 73 27
87 17 23 54 47 42
33 38 1 3 11 41
7 49 49 74 29 27
47 8 23 7 45 25
6 52 12 82 79 2
46 91 98 24 7 5
59 6 8 35 17 93
15 8 37 100 32 40
58 16 17 16 24 62
33 13 21 85 6 19
12 9 42 15 63 57
7 14 42 3 31 24
4 23 15 5 1 64
53 37 27 17 55 6
35 43 18 38 3 57
26 34 23 19 49 10
23 27 29 47 20 24
47 56 33 1 22 14
6 38 19 97 12 33
13 38 34 27 62 28
94 71 39 2 35 7
4 14 10 35 55 2
44 13 4 38 24 27
73 75 88 38 30 10
2 58 1 7 47 27
20 22 12 42 18 5
80 4 63 22 45 55
13 13 23 98 35 66
58 11 30 61 10 4
46 98 22 33 16 1
88 35 17 4 2 90
36 37 36 13 3 50
39 3 42 32 68 54
80 31 27 28 13 20
96 1 35 6 40 39
37 26 94 15 20 10
14 12 44 15 23 80
13 29 4 50 95 95
7 72 35 96 42 40
25 69 36 2 32 63
12 2 13 84 45 10
2 13 18 11 99 49
21 7 34 23 76 48
32 57 48 9 26 18
49 34 3 9 21 59
9 5 11 89 27 13
22 8 35 15 5 75
31 17 99 43 47 14
39 19 34 1 9 46
83 12 58 32 11 52
2 62 50 38 26 5
31 87 3 26 45 6
8 53 49 75 24 41
54 5 30 3 83 44
4 4 82 56 14 48
23 10 37 97 11 42
23 80 76 1 82 44
27 1 19 45 47 34
33 35 19 15 41 30
11 84 10 6 90 50
47 50 59 11 6 8
30 85 48 25 44 23
49 21 24 13 52 18
17 30 96 2 27 5
21 2 17 86 25 8
17 11 43 44 13 60
45 12 22 25 31 32
27 41 21 14 43 46
97 63 72 6 17 7
92 20 6 1 58 64
9 15 11 41 32 17
50 10 71 2 87 9
55 17 10 1 29 2
38 33 79 12 23 43
35 40 29 11 8 34
50 27 88 76 16 3
64 25 1 31 59 19
2 5 80 51 5 41
5 12 48 9 32 48
23 11 19 49 15 22
5 57 46 46 48 36
4 2 57 85 17 89
49 46 71 23 44 15
2 1 8 88 16 20
24 68 30 46 22 2
19 29 40 34 12 24
17 9 35 1 2 2
9 46 11 31 9 34
98 16 22 71 27 5
5 1 86 7 22 9
8 42 81 49 5 43
10 66 42 37 39 9
37 41 16 47 8 56
5 18 79 60 43 44
41 27 25 15 18 9
28 70 25 36 17 1
10 26 77 31 66 16
42 33 18 17 53 46
36 4 40 33 48 34
71 31 18 2 14 26
15 45 14 19 44 14
4 12 20 32 53 36
7 30 69 47 7 50
36 7 36 23 8 42
63 5 21 19 72 24
58 93 3 68 9 23
70 19 3 32 9 46
90 72 39 28 1 57
93 16 34 52 5 11
65 3 49 18 43 75
43 43 15 50 9 24
34 11 11 28 2 57
1 94 70 18 100 13
1 81 70 40 50 22
4 43 31 42 44 27
55 19 10 97 6 33
31 2 9 39 35 78
1 38 38 16 81 80
10 71 73 20 3 53
29 20 21 28 94 23
93 4 18 43 72 25
54 26 30 24 34 46
1 32 35 46 50 35
22 69 21 50 3 11
4 56 11 26 39 43
42 9 27 69 11 49
28 3 20 72 9 42
46 20 6 47 44 25
5 3 32 61 17 76
22 1 92 81 8 22
25 43 29 5 91 47
13 26 68 96 15 10
2 9 30 9 36 63
71 1 7 45 67 89
16 45 6 32 33 62
49 38 39 98 71 1
59 12 11 23 25 81
31 11 14 30 50 31
7 4 47 23 25 35
7 1 4 16 11 39
15 99 37 23 14 20
40 77 8 74 32 8
4 27 69 5 5 5
20 19 28 1 74 25
5 12 94 29 75 3
8 30 20 26 53 8
2 24 9 64 45 45
5 22 24 48 24 44
19 39 1 66 47 40
14 7 3 40 38 86
8 23 8 43 2 36
39 48 33 30 3 14
2 8 33 83 4 28
42 51 28 87 11 17
75 7 10 25 20 19
9 57 38 24 10 27
1 9 6 100 77 45
58 67 8 10 68 25
7 25 81 34 84 4
10 51 37 29 13 1
40 5 2 66 89 35
32 1 1 8 7 21
26 33 2 86 30 56
16 56 1 7 28 17
6 50 33 32 54 3
58 31 2 50 96 4
33 53 9 30 4 11
12 47 6 68 4 69
8 57 4 15 64 9
21 8 1 27 2 19
16 46 40 77 8 12
88 90 9 25 37 4
1 17 93 33 26 78
28 32 24 15 14 3
2 49 47 41 26 2
16 24 2 57 18 18
2 48 17 40 18 39
35 32 2 9 61 16
29 2 28 41 86 27
5 9 26 35 29 58
10 26 15 11 44 1
7 24 3 36 30 27
29 16 13 36 8 8
71 100 13 21 13 11
64 6 20 50 4 26
8 16 63 26 55 1
2 48 85 50 60 26
47 58 34 8 2 31
34 5 72 7 45 40
26 69 3 5 40 28
52 6 35 74 29 19
3 80 56 17 5 14
32 65 9 6 1 61
41 77 3 33 53 12
9 19 50 25 17 8
42 29 3 5 67 63
48 5 55 37 36 15
10 13 48 96 2 20
2 27 2 7 34 82
39 4 2 2 91 22
10 5 80 3 33 34
11 22 14 29 73 37
18 49 1 63 49 49
33 4 9 13 99 3
18 85 7 21 17 28
11 8 11 4 26 46
13 38 2 74 18 40
69 16 17 5 40 7
2 2 18 39 33 23
1 17 39 44 23 14
5 15 53 52 27 42
45 32 6 94 38 5
37 29 30 2 32 73
11 11 49 9 26 41
