250 6
0.51 0.74 0.99 0.80 0.50 0.39
0.68 0.67 0.76 0.60 0.10 0.90
0.90 0.42 0.17 0.92 0.05 0.29
0.81 0.12 0.47 0.44 0.05 0.42
0.16 0.32 0.08 0.13 0.09 0.41
0.10 0.21 0.49 0.17 0.35 0.27
0.01 0.22 0.59 0.42 0.45 0.33
0.02 0.10 0.16 0.93 0.82 0.51
0.20 0.11 0.76 0.05 0.51 0.03
0.40 0.46 0.46 0.28 0.28 0.06
0.38 0.04 0.41 0.03 0.04 0.06
0.29 0.31 0.18 0.30 0.40 0.28
0.04 0.28 0.78 0.02 0.19 0.36
0.16 0.13 0.49 0.67 0.86 0.20
0.21 0.57 0.23 0.41 0.14 0.33
0.26 0.36 0.36 0.41 0.58 0.04
0.93 0.35 0.27 0.29 0.48 0.27
0.26 0.65 0.12 0.62 0.27 0.10
0.17 0.38 0.47 0.70 0.07 0.62
0.34 0.21 0.30 0.04 0.70 0.92
0.38 0.33 0.01 0.15 0.82 0.65
0.21 0.18 0.34 0.93 0.23 0.64
0.04 0.35 0.02 0.27 0.80 0.08
0.37 0.96 0.35 0.14 0.49 0.13
0.58 0.19 0.41 0.01 0.18 0.38
0.44 0.23 0.22 0.36 0.22 0.82
0.70 0.27 0.30 0.89 0.13 0.30
0.16 0.43 0.06 0.26 0.19 0.79
0.34 0.61 0.92 0.54 0.10 0.15
0.04 0.94 0.90 0.32 0.31 0.08
0.24 0.51 0.69 0.02 0.36 0.14
0.21 0.87 0.09 0.24 0.31 0.04
0.42 0.26 0.07 0.49 0.86 0.16
0.24 0.12 0.13 0.16 0.34 0.52
0.14 0.76 0.37 0.82 0.16 0.22
0.97 0.26 0.48 0.23 0.41 0.03
0.23 0.20 0.58 0.78 0.21 0.74
0.20 0.15 0.32 0.96 0.34 0.20
0.15 0.68 0.17 0.24 0.03 0.34
0.10 0.06 0.99 0.46 0.34 0.23
0.67 0.53 0.29 0.31 0.76 0.25
0.19 0.28 0.08 0.60 0.38 0.32
0.13 0.60 0.04 0.26 0.39 0.43
0.40 0.10 0.09 0.31 0.44 0.34
0.32 0.58 0.09 0.91 0.94 0.02
0.34 0.12 0.95 0.05 0.36 0.35
0.27 0.22 0.04 0.99 0.03 0.08
0.07 0.11 0.32 0.05 0.33 0.09
0.64 0.09 0.09 0.62 0.72 0.98
0.85 0.35 0.09 0.76 0.34 0.01
0.29 0.38 0.35 0.27 0.11 0.09
0.86 0.25 0.23 0.73 0.77 0.08
0.34 0.47 0.76 0.26 0.05 0.43
0.74 0.40 0.02 0.41 0.27 0.90
0.25 0.49 0.44 0.28 0.06 0.46
0.44 0.31 0.40 0.13 0.10 0.59
0.20 0.43 0.26 0.87 0.02 0.25
0.69 0.02 0.06 0.47 0.22 0.41
0.54 0.76 0.28 0.36 0.03 0.05
0.17 0.34 0.48 0.18 0.03 0.98
0.50 0.19 0.11 0.34 0.35 0.32
0.32 0.35 0.05 0.57 0.06 0.07
0.41 0.69 0.38 0.03 0.59 0.07
0.32 0.58 0.06 0.23 0.25 0.44
0.80 0.33 0.05 0.81 0.39 0.44
0.36 0.46 0.32 0.10 0.16 0.95
0.14 0.35 0.11 0.63 0.39 0.55
0.43 0.57 0.72 0.44 0.08 0.01
0.48 0.47 0.26 0.51 0.07 0.06
0.46 0.20 0.37 0.41 0.23 0.79
0.19 0.62 0.37 0.12 0.13 0.59
0.24 0.46 0.30 0.09 0.11 0.10
0.20 0.41 0.23 0.36 0.19 0.10
0.26 0.13 0.01 0.10 0.99 0.90
0.03 0.88 0.02 0.23 0.37 0.31
0.05 0.18 0.45 0.32 0.23 0.09
0.48 0.36 0.43 0.78 0.01 0.12
0.17 0.30 0.20 0.45 0.63 0.22
0.07 0.40 0.30 0.16 0.40 0.23
0.14 0.94 0.18 0.28 0.01 0.78
0.06 0.16 0.63 0.93 0.17 0.15
0.97 0.49 0.23 0.55 0.13 0.25
0.18 0.47 0.16 0.08 0.40 0.23
0.36 0.35 0.07 0.16 0.68 0.29
0.23 0.25 0.98 0.68 0.21 0.30
0.44 0.27 0.16 0.51 0.30 0.41
0.05 0.75 0.09 0.46 0.45 0.78
0.49 0.41 0.22 0.49 0.01 0.05
0.90 0.28 0.30 0.50 0.49 0.11
0.01 0.10 0.58 0.43 0.84 0.65
0.28 0.04 0.34 0.92 0.21 0.46
0.01 0.06 0.09 0.97 0.03 0.33
0.97 0.82 0.12 0.81 0.04 0.44
0.73 0.23 0.09 0.47 0.05 0.03
0.28 0.58 0.71 0.36 0.31 0.05
0.03 0.07 0.06 0.01 0.38 0.09
0.36 0.47 0.04 0.12 0.47 0.45
0.87 0.33 0.06 0.39 0.08 0.01
0.42 0.07 0.10 0.17 0.13 0.12
0.14 0.18 0.66 0.17 0.01 0.23
0.46 0.32 0.15 0.47 0.74 0.08
0.47 0.61 0.29 0.29 0.13 0.08
0.32 0.39 0.15 0.42 0.22 0.20
0.58 0.28 0.33 0.22 0.43 0.07
0.15 0.11 0.33 0.40 0.18 0.20
0.13 0.46 0.35 0.48 0.38 0.08
0.06 0.69 0.36 0.78 0.04 0.15
0.76 0.03 0.22 0.32 0.95 0.25
0.88 0.46 0.27 0.11 0.04 0.60
0.66 0.34 0.03 0.11 0.02 0.14
0.31 0.72 0.05 0.05 0.44 0.52
0.39 0.04 0.07 0.24 0.71 0.63
0.14 0.93 0.12 0.81 0.06 0.47
0.40 0.46 0.72 0.64 0.05 0.03
0.11 0.17 0.87 0.16 0.03 0.97
0.34 0.39 0.21 0.10 0.22 0.49
0.12 0.04 0.48 0.99 0.04 0.20
0.60 0.98 0.11 0.35 0.16 0.09
0.17 0.95 0.34 0.02 0.25 0.49
0.02 0.97 0.33 0.42 0.83 0.42
0.10 0.07 0.44 0.92 0.27 0.13
0.12 0.22 0.18 0.59 0.86 0.06
0.06 0.12 0.38 0.32 0.96 0.03
0.02 0.18 0.45 0.26 0.56 0.70
0.49 0.22 0.14 0.47 0.12 0.44
0.35 0.23 0.09 0.31 0.02 0.47
0.01 0.78 0.76 0.10 0.11 0.38
0.36 0.16 0.66 0.38 0.24 0.86
0.70 0.19 0.12 0.42 0.05 0.25
0.09 0.23 0.03 0.76 0.60 0.21
0.43 0.87 0.02 0.56 0.79 0.63
0.14 0.08 0.21 0.50 0.26 0.74
0.07 0.36 0.23 0.20 0.04 0.95
0.02 0.67 0.27 0.60 0.33 0.81
0.35 0.44 0.62 0.76 0.30 0.04
0.20 0.05 0.16 0.11 0.48 0.17
0.81 0.60 0.03 0.10 0.21 0.09
0.02 0.72 0.29 0.45 0.90 0.69
0.35 0.71 0.34 0.07 0.23 0.47
0.40 0.03 0.39 0.48 0.03 0.24
0.77 0.81 0.14 0.03 0.18 0.39
0.41 0.48 0.19 0.42 0.50 0.05
0.83 0.17 0.02 0.78 0.33 0.33
0.30 0.12 0.28 0.62 0.04 0.37
0.28 0.03 0.08 0.16 0.33 0.03
0.73 0.17 0.22 0.35 0.06 0.30
0.09 0.60 0.24 0.11 0.01 0.13
0.19 0.18 0.03 0.28 0.44 0.68
0.31 0.03 0.41 0.29 0.21 0.12
0.72 0.63 0.02 0.71 0.59 0.36
0.24 0.21 0.05 0.47 0.81 0.45
0.18 0.39 0.58 0.60 0.14 0.03
0.22 0.48 0.50 0.40 0.12 0.05
0.14 0.34 0.14 0.31 0.21 0.45
0.12 0.21 0.23 0.27 0.02 0.15
0.50 0.23 0.17 0.09 0.16 0.63
0.10 0.35 0.44 0.27 0.18 0.82
0.12 0.68 0.17 0.38 0.35 0.83
0.67 0.22 0.24 0.97 0.12 0.06
0.29 0.19 0.01 0.06 0.07 0.78
0.79 0.92 0.03 0.02 0.22 0.18
0.02 0.35 0.50 0.04 0.93 0.43
0.25 0.26 0.12 0.31 0.15 0.34
0.42 0.01 0.92 0.14 0.38 0.09
0.31 0.20 0.20 0.63 0.24 0.08
0.02 0.16 0.44 0.08 0.34 0.09
0.28 0.39 0.47 0.02 0.15 0.88
0.98 0.12 0.98 0.07 0.01 0.07
0.04 0.32 0.01 0.03 0.04 0.43
0.02 0.09 0.54 0.10 0.10 0.14
0.20 0.44 0.40 0.05 0.18 0.34
0.35 0.15 0.13 0.47 0.28 0.23
0.47 0.02 0.15 0.41 0.08 0.21
0.16 0.90 0.01 0.29 0.31 0.09
0.14 0.75 0.20 0.08 0.21 0.03
0.43 0.69 0.06 0.25 0.59 0.04
0.42 0.49 0.30 0.08 0.37 0.08
0.27 0.29 0.21 0.15 0.18 0.17
0.37 0.02 0.61 0.59 0.93 0.01
1.00 0.15 0.01 0.08 0.93 0.95
0.31 0.23 0.08 0.73 1.00 0.01
0.25 0.01 0.81 0.28 0.43 0.27
0.52 0.23 0.35 0.20 0.23 0.09
0.02 0.09 0.10 0.46 0.03 0.13
0.02 0.17 0.30 0.40 0.94 0.32
0.35 0.04 0.43 0.13 0.10 0.96
0.15 0.21 0.02 0.40 0.25 0.37
0.04 0.93 0.31 0.42 0.91 0.01
0.18 0.48 0.03 0.98 0.13 0.33
0.48 0.52 0.38 0.65 0.08 0.04
0.02 0.27 0.38 0.30 0.01 0.17
0.06 0.77 0.39 0.54 0.33 0.08
0.20 0.06 0.34 0.42 0.32 0.01
0.13 0.44 0.03 0.24 0.41 0.32
0.06 0.08 0.29 0.49 0.14 0.50
0.19 0.15 0.18 0.19 0.91 0.06
0.08 0.65 0.48 0.53 0.33 0.01
0.11 0.01 0.23 0.36 0.13 0.60
0.46 0.60 0.03 0.56 0.74 0.20
0.34 0.03 0.03 0.07 0.52 0.03
0.33 0.16 0.07 0.30 0.13 0.90
0.22 0.35 0.49 0.62 0.21 0.06
0.02 0.20 0.07 0.87 0.48 0.24
0.01 0.50 0.38 0.46 0.02 0.45
0.72 0.26 0.01 0.15 0.26 0.21
0.03 0.02 0.07 0.10 0.86 0.38
0.72 0.36 0.16 0.79 0.01 0.55
0.31 0.35 0.01 1.00 0.28 0.27
0.44 0.18 0.42 0.76 0.23 0.04
0.14 0.09 0.14 0.29 0.43 0.02
0.27 0.44 0.10 0.05 0.24 0.22
0.35 0.03 0.02 0.04 0.01 0.39
0.21 0.16 0.05 0.17 0.28 0.07
0.12 0.06 0.53 0.95 0.15 0.56
0.18 0.36 0.41 0.06 0.32 0.35
0.76 0.36 0.02 0.10 0.12 0.19
0.03 0.15 0.41 0.26 0.20 0.16
0.12 0.07 0.19 0.33 0.82 0.04
0.64 0.07 0.01 0.38 0.91 0.79
0.26 0.24 0.95 0.15 0.01 0.03
0.05 0.84 0.14 0.28 0.25 0.10
0.49 0.12 0.29 0.14 0.17 0.36
0.02 0.20 0.10 0.01 0.49 0.50
0.61 0.14 0.25 0.03 0.04 0.86
0.01 0.42 0.34 0.17 0.37 0.17
0.04 0.51 0.91 0.26 0.03 0.65
0.28 0.22 0.54 0.03 0.30 0.92
0.16 0.03 0.88 0.04 0.45 0.26
0.85 0.87 0.36 0.01 0.12 0.01
0.23 0.73 0.14 0.60 0.03 0.04
0.10 0.29 0.48 0.12 0.13 0.22
0.05 0.45 0.13 0.40 0.02 0.11
0.01 0.06 0.66 0.34 0.34 0.39
0.39 0.37 0.47 0.18 0.02 0.23
0.11 0.44 0.73 0.03 0.43 0.04
0.08 0.05 0.22 0.03 0.36 0.69
0.78 0.07 0.39 0.71 0.02 0.01
0.51 0.01 0.09 0.01 0.68 0.66
0.19 0.36 0.22 0.27 0.08 0.23
0.40 0.19 0.10 0.04 0.23 0.26
0.26 0.35 0.03 0.26 0.07 0.04
0.30 0.23 0.86 0.08 0.27 0.63
0.02 0.11 0.14 0.23 0.17 0.43
0.49 0.29 0.79 0.26 0.22 0.05
0.22 0.06 0.03 0.31 0.33 0.40
0.03 0.94 0.01 0.20 0.06 0.94
0.03 0.66 0.56 0.22 0.02 0.16
0.20 0.89 0.02 0.16 0.43 0.17
0.26 0.99 0.01 0.23 0.70 0.21
0.07 0.11 0.02 0.42 0.63 0.42
