250 6
51 74 99 80 50 39
68 67 76 60 10 90
90 42 17 92 5 29
81 12 47 44 5 42
16 32 8 13 9 41
10 21 49 17 35 27
1 22 59 42 45 33
2 10 16 93 82 51
20 11 76 5 51 3
40 46 46 28 28 6
38 4 41 3 4 6
29 31 18 30 40 28
4 28 78 2 19 36
16 13 49 67 86 20
21 57 23 41 14 33
26 36 36 41 58 4
93 35 27 29 48 27
26 65 12 62 27 10
17 38 47 70 7 62
34 21 30 4 70 92
38 33 1 15 82 65
21 18 34 93 23 64
4 35 2 27 80 8
37 96 35 14 49 13
58 19 41 1 18 38
44 23 22 36 22 82
70 27 30 89 13 30
16 43 6 26 19 79
34 61 92 54 10 15
4 94 90 32 31 8
24 51 69 2 36 14
21 87 9 24 31 4
42 26 7 49 86 16
24 12 13 16 34 52
14 76 37 82 16 22
97 26 48 23 41 3
23 20 58 78 21 74
20 15 32 96 34 20
15 68 17 24 3 34
10 6 99 46 34 23
67 53 29 31 76 25
19 28 8 60 38 32
13 60 4 26 39 43
40 10 9 31 44 34
32 58 9 91 94 2
34 12 95 5 36 35
27 22 4 99 3 8
7 11 32 5 33 9
64 9 9 62 72 98
85 35 9 76 34 1
29 38 35 27 11 9
86 25 23 73 77 8
34 47 76 26 5 43
74 40 2 41 27 90
25 49 44 28 6 46
44 31 40 13 10 59
20 43 26 87 2 25
69 2 6 47 22 41
54 76 28 36 3 5
17 34 48 18 3 98
50 19 11 34 35 32
32 35 5 57 6 7
41 69 38 3 59 7
32 58 6 23 25 44
80 33 5 81 39 44
36 46 32 10 16 95
14 35 11 63 39 55
43 57 72 44 8 1
48 47 26 51 7 6
46 20 37 41 23 79
19 62 37 12 13 59
24 46 30 9 11 10
20 41 23 36 19 10
26 13 1 10 99 90
3 88 2 23 37 31
5 18 45 32 23 9
48 36 43 78 1 12
17 30 20 45 63 22
7 40 30 16 40 23
14 94 18 28 1 78
6 16 63 93 17 15
97 49 23 55 13 25
18 47 16 8 40 23
36 35 7 16 68 29
23 25 98 68 21 30
44 27 16 51 30 41
5 75 9 46 45 78
49 41 22 49 1 5
90 28 30 50 49 11
1 10 58 43 84 65
28 4 34 92 21 46
1 6 9 97 3 33
97 82 12 81 4 44
73 23 9 47 5 3
28 58 71 36 31 5
3 7 6 1 38 9
36 47 4 12 47 45
87 33 6 39 8 1
42 7 10 17 13 12
14 18 66 17 1 23
46 32 15 47 74 8
47 61 29 29 13 8
32 39 15 42 22 20
58 28 33 22 43 7
15 11 33 40 18 20
13 46 35 48 38 8
6 69 36 78 4 15
76 3 22 32 95 25
88 46 27 11 4 60
66 34 3 11 2 14
31 72 5 5 44 52
39 4 7 24 71 63
14 93 12 81 6 47
40 46 72 64 5 3
11 17 87 16 3 97
34 39 21 10 22 49
12 4 48 99 4 20
60 98 11 35 16 9
17 95 34 2 25 49
2 97 33 42 83 42
10 7 44 92 27 13
12 22 18 59 86 6
6 12 38 32 96 3
2 18 45 26 56 70
49 22 14 47 12 44
35 23 9 31 2 47
1 78 76 10 11 38
36 16 66 38 24 86
70 19 12 42 5 25
9 23 3 76 60 21
43 87 2 56 79 63
14 8 21 50 26 74
7 36 23 20 4 95
2 67 27 60 33 81
35 44 62 76 30 4
20 5 16 11 48 17
81 60 3 10 21 9
2 72 29 45 90 69
35 71 34 7 23 47
40 3 39 48 3 24
77 81 14 3 18 39
41 48 19 42 50 5
83 17 2 78 33 33
30 12 28 62 4 37
28 3 8 16 33 3
73 17 22 35 6 30
9 60 24 11 1 13
19 18 3 28 44 68
31 3 41 29 21 12
72 63 2 71 59 36
24 21 5 47 81 45
18 39 58 60 14 3
22 48 50 40 12 5
14 34 14 31 21 45
12 21 23 27 2 15
50 23 17 9 16 63
10 35 44 27 18 82
12 68 17 38 35 83
67 22 24 97 12 6
29 19 1 6 7 78
79 92 3 2 22 18
2 35 50 4 93 43
25 26 12 31 15 34
42 1 92 14 38 9
31 20 20 63 24 8
2 16 44 8 34 9
28 39 47 2 15 88
98 12 98 7 1 7
4 32 1 3 4 43
2 9 54 10 10 14
20 44 40 5 18 34
35 15 13 47 28 23
47 2 15 41 8 21
16 90 1 29 31 9
14 75 20 8 21 3
43 69 6 25 59 4
42 49 30 8 37 8
27 29 21 15 18 17
37 2 61 59 93 1
100 15 1 8 93 95
31 23 8 73 100 1
25 1 81 28 43 27
52 23 35 20 23 9
2 9 10 46 3 13
2 17 30 40 94 32
35 4 43 13 10 96
15 21 2 40 25 37
4 93 31 42 91 1
18 48 3 98 13 33
48 52 38 65 8 4
2 27 38 30 1 17
6 77 39 54 33 8
20 6 34 42 32 1
13 44 3 24 41 32
6 8 29 49 14 50
19 15 18 19 91 6
8 65 48 53 33 1
11 1 23 36 13 60
46 60 3 56 74 20
34 3 3 7 52 3
33 16 7 30 13 90
22 35 49 62 21 6
2 20 7 87 48 24
1 50 38 46 2 45
72 26 1 15 26 21
3 2 7 10 86 38
72 36 16 79 1 55
31 35 1 100 28 27
44 18 42 76 23 4
14 9 14 29 43 2
27 44 10 5 24 22
35 3 2 4 1 39
21 16 5 17 28 7
12 6 53 95 15 56
18 36 41 6 32 35
76 36 2 10 12 19
3 15 41 26 20 16
12 7 19 33 82 4
64 7 1 38 91 79
26 24 95 15 1 3
5 84 14 28 25 10
49 12 29 14 17 36
2 20 10 1 49 50
61 14 25 3 4 86
1 42 34 17 37 17
4 51 91 26 3 65
28 22 54 3 30 92
16 3 88 4 45 26
85 87 36 1 12 1
23 73 14 60 3 4
10 29 48 12 13 22
5 45 13 40 2 11
1 6 66 34 34 39
39 37 47 18 2 23
11 44 73 3 43 4
8 5 22 3 36 69
78 7 39 71 2 1
51 1 9 1 68 66
19 36 22 27 8 23
40 19 10 4 23 26
26 35 3 26 7 4
30 23 86 8 27 63
2 11 14 23 17 43
49 29 79 26 22 5
22 6 3 31 33 40
3 94 1 20 6 94
3 66 56 22 2 16
20 89 2 16 43 17
26 99 1 23 70 21
7 11 2 42 63 42
