20 11
0.95 0.94 0.05 0.52 0.22 0.43 0.51 0.48 0.29 0.38 0.81
0.04 0.74 0.58 0.02 0.75 0.04 0.58 0.93 0.54 0.64 0.36
0.10 0.40 0.18 0.08 0.51 0.44 0.75 0.78 0.88 0.43 0.50
0.71 0.79 0.24 0.86 0.61 0.13 0.39 0.52 0.56 0.13 0.86
0.69 0.27 0.69 0.04 0.53 0.11 0.52 0.97 0.51 0.53 0.32
0.92 0.11 0.98 0.74 0.67 0.09 0.34 0.84 0.89 0.22 0.59
0.76 0.09 0.66 0.65 0.19 0.31 0.80 0.66 0.57 0.15 0.20
0.71 0.85 0.08 0.56 0.00 0.50 0.92 0.21 0.84 0.03 0.44
0.14 0.81 0.78 0.31 0.66 0.07 0.80 0.95 1.00 0.14 0.06
0.69 0.20 0.97 0.34 0.74 0.37 0.55 0.00 0.75 0.87 0.60
0.05 0.59 0.02 0.00 0.07 0.72 0.55 0.33 0.22 0.36 0.19
0.02 0.74 0.41 0.40 0.17 0.50 0.34 0.55 0.91 0.67 0.26
0.47 0.70 0.20 0.42 0.27 0.29 0.25 0.23 0.17 0.35 0.98
0.35 0.27 0.53 0.86 0.10 0.64 0.30 0.49 0.22 0.42 0.26
0.16 0.64 0.62 0.85 0.35 0.88 0.34 0.51 0.75 0.29 0.58
0.07 0.83 0.18 0.75 0.14 0.61 0.54 0.54 0.38 0.15 0.98
0.10 0.22 0.31 0.54 0.16 0.69 0.05 0.60 0.30 0.64 0.31
0.04 0.80 0.32 0.99 0.36 0.45 0.55 0.05 0.80 0.15 0.58
0.36 0.98 0.11 0.22 0.38 0.78 0.28 0.23 0.17 0.34 0.02
0.86 0.00 1.00 0.03 0.69 0.51 0.04 0.08 0.78 0.38 0.07
