20 11
0.08 0.13 0.39 0.00 0.26 0.43 0.28 0.99 0.81 0.94 0.49
0.77 0.72 0.85 0.51 0.02 0.30 0.82 0.30 0.89 0.14 0.85
0.00 0.21 0.36 0.10 0.95 0.05 0.75 0.79 0.90 0.02 0.93
0.42 0.88 0.27 0.94 0.67 0.23 0.60 0.36 0.37 0.43 0.16
0.63 0.35 0.57 0.81 0.96 0.33 0.38 0.99 0.55 0.38 0.61
0.17 0.61 0.97 0.03 0.02 0.99 0.14 0.46 0.65 0.81 0.86
0.74 0.32 0.99 0.31 0.65 0.83 0.58 0.82 0.89 0.58 0.92
0.89 0.92 0.98 1.00 0.17 0.09 0.41 0.51 0.81 0.47 0.69
0.91 0.79 0.93 0.02 0.32 0.51 0.81 0.57 0.65 0.21 0.60
0.57 0.94 0.51 0.25 0.45 0.45 0.96 0.26 0.94 0.77 0.42
0.32 0.19 0.48 0.28 0.84 0.73 0.61 0.57 0.64 0.06 0.99
0.38 0.52 0.21 0.88 0.26 0.48 0.53 0.50 0.44 0.31 0.20
0.73 0.18 0.65 0.97 0.98 0.52 0.84 0.11 0.45 0.25 0.48
0.83 0.84 0.35 0.71 0.47 0.17 0.81 0.31 0.52 0.90 0.29
0.25 0.19 0.44 0.93 0.80 0.43 0.74 0.24 0.35 0.84 0.20
0.56 0.71 0.60 0.40 0.78 0.19 0.78 0.22 0.81 0.85 0.82
0.75 0.29 0.79 0.59 0.62 0.32 0.59 0.81 0.66 0.07 0.05
0.66 0.22 0.95 0.60 0.34 0.91 0.02 0.59 0.44 0.67 0.04
0.75 0.43 0.47 0.23 0.69 0.67 0.80 0.57 0.36 0.01 0.33
0.37 0.48 0.84 0.61 0.20 0.16 0.54 0.94 0.20 0.18 0.36
