20 11
0.49 0.84 0.53 0.53 0.75 0.70 0.85 0.64 0.61 0.22 0.44
0.75 0.91 0.01 0.48 0.02 0.90 0.20 0.81 0.25 0.02 0.04
0.49 0.47 0.40 0.95 0.67 0.55 0.68 0.23 0.39 0.07 0.35
0.52 0.11 0.33 0.79 0.29 0.64 0.70 0.28 0.80 0.33 0.58
0.88 0.30 0.02 0.80 0.24 0.69 0.02 0.34 0.85 0.29 0.98
0.40 0.54 0.41 0.65 0.90 0.55 0.96 0.54 0.72 0.44 0.99
0.97 0.17 0.57 0.92 0.46 0.13 0.91 0.70 0.72 0.66 0.85
0.14 0.87 0.17 0.67 0.07 0.99 0.58 0.70 0.32 0.80 0.11
0.93 0.71 0.76 0.03 0.60 0.34 0.64 0.28 0.28 0.58 0.15
0.69 0.16 0.64 0.48 0.55 0.02 0.26 0.27 0.23 0.62 0.21
0.68 0.20 0.78 0.04 0.11 0.99 0.76 0.44 0.84 0.88 0.07
0.63 0.67 0.81 0.93 0.71 0.35 0.11 0.87 0.41 0.98 0.30
0.39 0.02 0.98 0.43 0.54 0.83 0.55 0.45 0.45 0.67 0.34
0.67 0.78 0.71 0.46 0.71 0.98 0.67 0.70 0.60 0.16 0.26
0.32 0.78 0.41 0.20 0.60 0.55 0.90 0.96 0.91 0.29 0.12
0.63 0.44 0.31 0.68 0.01 0.15 0.38 0.24 0.62 0.95 0.63
0.85 0.40 0.31 1.00 0.14 0.86 0.14 0.35 0.23 0.58 0.52
0.95 0.77 0.45 0.09 0.49 0.50 0.75 0.19 0.79 0.10 0.30
0.24 0.62 0.15 0.13 0.78 0.36 0.83 0.70 0.83 0.51 0.09
0.95 0.67 0.30 0.05 0.50 0.47 0.81 0.39 0.49 0.85 0.91
