20 10 
14 6 55 76 46 12 82 90 43 47 24 4 16 26 22 67
34 15 4 33 55 10 77 98 86 19 44 81 70 62 74 72
65 50 78 39 30 32 57 51 42 65 0 99 48 72 23 30
56 55 48 82 46 37 25 53 65 6 68 36 16 94 93 27
100 4 40 47 50 24 96 87 34 65 70 97 90 45 69 6
84 56 75 43 49 89 32 98 56 7 63 51 12 98 79 42
31 80 13 66 80 19 17 56 97 90 33 12 31 56 94 92
21 14 71 28 62 19 1 99 41 28 51 15 23 7 4 16
96 15 46 27 12 18 3 87 37 43 12 49 88 87 44 21
71 7 6 16 9 46 16 23 16 71 61 76 6 56 11 1
94 60 12 85 87 1 65 35 68 80 26 51 54 65 28 53
92 74 35 4 66 62 100 40 15 73 93 55 40 47 12 13
8 39 62 39 42 11 30 69 38 22 60 88 100 79 35 47
38 97 23 23 84 41 10 99 83 48 97 81 20 12 69 79
67 20 16 92 49 90 71 48 23 43 82 69 98 1 100 1
32 8 80 22 47 46 87 67 88 78 100 24 22 28 47 57
71 76 62 8 60 79 1 54 3 33 83 22 88 96 1 23
72 26 40 30 17 90 99 81 42 66 18 80 26 89 7 21
6 17 36 66 20 69 40 91 6 67 61 1 20 76 35 66
38 69 64 17 53 49 37 18 70 91 76 0 2 21 48 23
