20 10 
98 82 84 66 45 23 85 86 66 28 53 83 50 66 10 33
51 0 53 87 62 90 79 0 80 65 56 68 81 51 93 68
13 53 10 7 90 59 87 80 66 84 64 39 67 25 64 35
50 51 19 31 17 28 65 96 84 25 62 99 74 71 53 22
45 79 43 41 57 95 47 48 75 17 0 53 76 12 13 77
37 31 55 72 61 25 26 93 12 70 27 6 41 64 79 79
89 86 26 31 44 92 86 0 60 34 66 25 10 65 64 23
59 30 32 36 81 56 56 81 52 95 92 65 57 57 53 28
69 86 28 94 42 82 25 84 64 56 48 10 31 69 31 15
5 64 68 1 88 59 24 25 54 63 54 71 8 43 41 4
6 46 0 11 83 82 42 90 18 71 7 81 61 31 6 53
56 4 0 39 18 85 56 4 80 44 41 96 40 0 6 93
28 86 61 63 95 81 24 66 59 31 94 65 7 95 56 8
34 24 45 43 51 46 32 45 4 20 64 98 66 86 95 22
56 32 50 23 91 99 65 7 7 89 10 19 71 11 12 51
18 17 12 99 89 51 10 87 55 25 79 22 68 74 60 2
65 12 5 55 61 14 28 57 96 16 35 70 57 37 6 92
67 59 92 56 21 14 6 72 9 28 95 28 67 86 37 83
20 27 41 97 60 16 90 87 49 78 56 32 48 69 49 30
56 60 92 70 86 70 40 53 93 91 84 75 56 97 57 13
