20 10 
2 22 59 70 54 69 87 91 72 41 27 38 52 74 48 71
60 47 81 36 25 21 28 32 17 17 62 12 59 28 57 42
56 37 68 64 81 45 89 99 20 12 24 96 32 0 50 69
88 85 37 98 63 71 100 38 4 16 41 95 97 53 65 74
75 2 63 93 62 3 65 11 10 39 94 47 93 76 37 80
93 43 69 11 91 88 67 55 52 91 1 92 61 38 11 8
89 47 90 94 71 12 11 86 89 26 71 64 90 46 32 81
61 42 71 15 15 67 84 36 22 94 74 70 72 97 56 100
70 76 10 36 95 92 42 53 71 47 83 83 26 18 26 0
77 13 14 26 42 22 30 9 96 9 80 38 48 67 45 57
26 60 93 76 15 76 9 95 81 66 47 86 95 45 16 69
72 24 12 11 12 14 80 43 89 6 71 85 65 72 91 78
25 38 60 73 47 12 47 82 78 46 27 24 14 52 89 97
5 99 32 77 91 30 85 12 93 92 59 57 80 96 52 18
36 39 84 70 50 93 41 3 13 44 0 30 60 71 54 70
68 61 25 90 85 80 77 34 64 34 25 61 3 59 74 12
11 57 92 21 98 22 12 80 82 51 12 78 40 78 34 30
28 13 56 14 26 49 8 80 62 71 81 0 50 94 17 20
28 8 53 40 50 69 99 100 95 14 63 70 4 19 63 28
61 54 35 71 19 24 8 81 94 45 41 11 48 16 22 74
