20 10 
45 85 57 69 84 55 75 1 34 18 82 46 64 53 70 38
52 70 11 3 33 52 38 32 100 16 75 79 49 78 83 69
68 80 10 32 24 19 73 70 3 28 67 11 44 89 98 92
24 94 51 80 81 77 77 48 35 68 91 91 0 1 33 14
34 48 84 47 92 24 37 51 83 38 30 72 17 45 62 80
50 48 83 79 11 34 34 76 1 47 18 77 89 76 47 40
30 62 54 49 21 5 23 32 53 0 7 22 92 54 36 97
56 43 31 22 10 22 6 56 76 7 19 46 26 45 33 2
53 28 97 60 90 9 24 27 70 49 76 72 43 53 93 100
80 89 93 79 63 80 84 12 22 28 3 95 72 26 7 54
68 90 1 1 12 36 3 35 59 65 34 9 64 28 73 48
87 56 59 43 51 56 100 11 98 52 40 73 39 38 8 51
70 14 92 57 91 83 89 17 8 81 49 35 85 3 83 83
69 73 68 63 21 47 57 27 7 43 95 0 88 75 28 31
76 21 10 31 88 77 17 76 1 31 1 12 33 33 14 80
48 53 33 7 30 73 64 71 34 39 89 37 14 73 30 24
62 22 43 8 92 59 85 6 91 28 40 0 32 32 75 50
72 97 44 67 0 40 8 84 48 60 1 27 64 12 32 74
96 23 53 93 90 45 16 62 25 32 8 61 92 39 8 76
62 32 47 40 28 79 30 34 72 6 81 63 34 5 37 33
