0.44 0.32 0.47 0.12 0.32 0.51
0.06 0.97 0.65 0.25 0.51 0.97
0.84 0.84 0.20 0.87 0.46 0.91
0.50 0.48 0.35 0.27 0.28 0.35
0.51 0.94 0.85 0.03 0.46 0.80
0.41 0.90 0.96 0.89 0.53 0.82
0.22 0.38 0.59 0.67 0.38 0.73
0.12 0.59 0.40 0.25 0.01 0.11
0.11 0.20 0.18 0.04 0.12 0.29
0.88 0.56 0.82 0.76 0.68 0.20
0.14 0.42 0.12 0.70 0.61 0.73
0.22 0.71 0.06 0.61 0.84 0.99
0.66 0.72 0.55 0.41 0.75 0.07
0.58 0.70 0.16 0.15 0.96 0.75
0.64 0.15 0.84 0.70 0.16 0.54
0.05 0.87 0.75 0.62 0.96 0.46
0.92 0.72 0.03 0.22 0.74 0.39
0.64 0.89 0.16 0.75 0.23 0.07
0.19 0.33 0.38 0.83 0.12 0.02
0.77 0.56 0.82 0.79 0.41 0.12
0.29 0.70 0.13 0.74 0.35 0.89
1.00 0.88 0.86 0.72 0.55 0.03
0.90 0.94 0.10 0.60 0.93 0.18
0.04 0.59 0.15 0.06 0.47 0.79
0.85 0.67 0.99 0.17 0.11 0.59
0.40 0.20 0.75 0.20 0.47 0.10
0.57 0.40 0.47 0.03 0.01 0.78
0.68 0.09 0.59 0.68 0.50 0.65
0.08 0.36 0.44 0.35 0.24 0.28
0.05 0.71 0.54 0.82 0.91 0.17
0.05 0.50 0.67 0.99 0.82 0.97
0.11 0.04 0.21 0.12 0.05 0.56
0.57 0.89 0.12 0.23 0.62 0.26
0.61 0.58 0.82 0.07 0.66 0.09
0.81 0.40 0.17 0.78 0.12 0.72
0.62 0.75 0.32 0.92 0.73 0.24
0.03 0.49 0.06 0.27 0.16 0.36
0.62 0.77 0.53 0.66 0.95 0.05
0.12 0.61 0.03 0.34 0.67 0.22
0.14 0.97 0.62 0.01 0.63 0.80
0.54 0.16 0.96 0.83 0.60 0.54
0.07 0.61 0.12 0.27 0.14 0.42
0.99 0.32 0.27 0.91 0.84 0.25
0.51 0.01 0.77 0.08 0.35 0.80
0.82 0.98 0.33 0.64 0.67 0.14
0.14 0.12 0.34 0.54 0.03 0.05
0.78 1.00 0.29 0.47 0.45 0.16
0.65 0.86 0.15 0.13 0.68 0.55
0.85 0.15 0.87 0.27 0.95 0.37
0.23 0.73 1.00 0.12 0.62 0.05
0.53 0.83 0.96 0.10 0.03 0.80
0.06 0.07 0.95 0.06 0.83 0.83
0.70 0.76 0.05 0.32 0.77 0.04
0.33 0.73 0.68 0.01 0.45 0.82
0.08 0.39 0.72 0.97 0.20 0.70
0.25 0.53 0.68 0.76 0.44 0.03
0.36 0.17 0.90 0.53 0.78 0.40
0.92 0.28 0.02 0.62 0.71 0.56
0.73 0.11 0.21 0.54 0.70 0.54
0.89 0.24 0.27 0.46 0.26 0.02
0.96 0.55 0.08 0.94 0.68 0.08
0.02 0.51 0.57 0.55 0.82 0.67
0.34 0.36 0.39 0.46 0.50 0.22
0.67 0.01 0.74 0.95 0.40 0.02
0.66 0.72 0.97 0.02 0.24 0.70
0.07 0.07 0.19 0.33 0.35 0.72
0.24 0.79 0.16 0.78 0.46 0.03
0.66 0.82 0.83 0.16 0.11 0.42
0.61 0.92 0.79 0.01 0.81 0.71
0.93 0.05 0.64 0.96 0.61 0.55
0.49 0.13 0.28 0.28 0.51 0.31
0.66 0.48 0.92 0.01 0.62 0.64
0.79 0.17 0.40 0.15 0.47 0.11
0.01 0.68 0.74 0.88 0.60 0.59
0.14 0.23 0.07 0.32 0.46 0.34
0.84 0.33 0.08 0.95 0.16 0.27
0.71 0.99 0.22 0.85 0.04 0.56
0.01 0.79 0.01 0.63 0.74 0.95
0.25 0.45 0.14 0.31 0.39 0.31
0.67 0.20 0.17 1.00 0.78 0.39
0.78 0.06 0.13 0.71 0.62 0.63
0.86 0.88 0.22 0.20 0.62 0.05
0.59 0.75 0.28 0.90 0.95 0.04
0.08 0.61 0.54 0.66 0.58 0.05
0.10 0.37 0.45 0.18 0.07 0.91
0.79 0.61 0.76 0.02 0.85 0.04
0.29 0.97 0.02 0.82 0.50 0.06
0.05 0.01 0.21 0.82 0.94 0.87
0.58 0.15 0.28 0.91 0.57 0.20
0.88 0.66 0.61 0.88 0.02 0.01
0.28 0.32 0.43 0.28 0.48 0.25
0.91 0.87 0.73 0.01 0.81 0.71
0.59 0.16 0.24 0.75 0.08 0.23
0.65 0.93 0.83 0.12 0.07 0.53
0.56 0.13 0.14 0.80 0.42 0.86
0.62 0.75 0.05 0.77 0.53 0.74
0.03 0.18 0.17 0.05 0.64 0.27
0.62 0.31 0.92 0.93 0.96 0.02
0.04 0.44 0.28 0.66 0.13 0.51
0.01 0.64 0.51 0.82 0.61 0.84
0.74 0.04 0.66 0.16 0.03 0.42
0.71 0.47 0.17 0.04 0.65 0.18
0.67 0.55 0.82 0.04 0.18 0.24
0.39 0.74 0.08 0.34 0.85 0.17
0.06 0.47 0.52 0.64 0.89 0.10
0.72 0.11 0.23 0.69 0.82 0.51
0.12 0.12 0.73 0.76 0.04 0.77
0.68 0.90 0.04 0.95 0.58 0.89
0.38 0.43 0.17 0.37 0.44 0.43
0.70 0.30 0.01 0.44 0.31 0.85
0.28 0.77 0.77 0.02 0.88 0.39
0.43 0.29 0.04 0.81 0.95 0.30
0.58 0.63 0.37 0.20 0.88 0.14
0.76 0.85 0.35 0.11 0.90 0.05
0.04 0.71 0.67 0.14 0.65 0.05
0.05 0.07 0.99 0.73 0.86 0.84
0.83 0.04 0.55 0.68 0.90 0.42
0.62 0.88 0.68 0.55 0.90 0.03
0.39 0.14 0.40 0.03 0.60 0.80
0.29 0.52 0.16 0.13 0.17 0.89
0.60 0.56 0.86 0.02 0.58 0.52
0.60 0.53 0.19 0.10 0.24 0.05
0.06 0.24 0.15 0.37 0.63 0.87
0.01 0.87 0.85 0.73 0.61 0.66
0.22 0.25 0.16 0.45 0.11 0.53
0.77 0.87 0.66 0.01 0.72 0.64
0.39 0.40 0.07 0.14 0.19 0.28
0.66 0.66 0.96 0.51 0.62 0.04
0.51 0.65 0.14 0.01 0.31 0.55
0.42 0.29 0.31 0.89 0.53 0.01
0.02 0.84 0.95 0.05 0.73 0.80
0.81 0.59 0.82 0.57 0.49 0.03
0.06 0.70 0.32 0.26 0.45 0.22
0.02 0.78 0.04 0.68 0.71 0.89
0.33 0.15 0.04 0.22 0.12 0.18
0.01 0.88 0.30 0.78 0.81 0.10
0.92 0.51 0.80 0.07 0.06 0.64
0.58 0.56 0.89 0.20 0.57 0.06
0.60 0.19 0.84 0.02 0.15 0.65
0.82 0.62 0.52 0.27 0.19 0.10
0.65 0.89 0.22 0.75 0.04 0.90
0.47 0.24 0.13 0.08 0.45 0.42
0.25 0.88 0.96 0.02 0.60 0.90
0.99 0.20 0.54 0.61 0.75 0.04
0.62 0.02 0.75 0.67 0.19 0.62
0.02 0.54 0.22 0.24 0.34 0.46
0.91 0.03 0.45 0.87 0.71 0.52
0.13 0.51 0.89 0.90 0.02 0.80
0.01 0.31 0.16 0.16 0.37 0.16
0.94 0.37 0.10 0.07 0.89 0.95
0.86 0.59 0.65 0.02 0.19 0.65
0.08 0.89 0.67 0.28 0.07 0.36
0.27 0.55 0.90 0.49 0.55 0.15
0.63 0.07 0.60 0.59 0.88 0.24
0.55 0.71 0.98 0.09 0.05 0.52
0.14 0.20 0.11 0.97 0.66 0.58
0.84 0.01 0.70 0.77 0.63 0.75
0.24 0.91 0.29 0.39 0.34 0.21
0.98 0.81 0.03 0.88 0.29 0.28
0.02 0.01 0.84 0.59 0.89 0.86
0.16 0.21 0.28 0.22 0.96 0.17
0.78 0.10 0.92 0.58 0.42 0.37
0.65 0.79 0.15 0.73 0.95 0.03
0.82 0.05 0.11 0.67 0.81 0.80
0.23 0.16 0.13 0.67 0.15 0.83
0.99 0.87 0.20 0.99 0.08 0.90
0.42 0.38 0.48 0.01 0.50 0.39
0.50 0.57 0.60 0.54 0.01 0.86
0.29 0.81 0.89 0.13 0.73 0.09
0.90 0.97 0.02 0.08 0.93 0.98
0.46 0.41 0.02 0.27 0.87 0.10
0.82 0.04 0.01 0.74 0.60 0.75
0.59 0.77 0.52 0.50 0.78 0.09
0.48 0.14 0.50 0.24 0.20 0.36
0.97 0.21 0.94 0.67 0.35 0.02
0.11 0.70 0.61 0.12 0.81 0.14
0.14 0.04 0.72 0.20 0.56 0.02
0.35 0.61 0.65 0.52 0.84 0.04
0.79 0.52 0.03 0.33 0.66 0.28
0.60 0.78 0.53 0.59 0.71 0.01
0.03 0.96 0.13 0.76 0.63 0.29
0.09 0.48 0.42 0.95 0.12 0.68
0.63 0.55 0.32 0.64 0.02 0.40
0.94 0.01 0.47 0.89 0.64 0.01
0.01 0.96 0.50 0.04 0.96 0.88
0.46 0.88 0.01 0.57 0.85 0.17
0.94 0.81 0.14 0.84 0.05 0.63
0.96 0.02 0.55 0.61 0.64 0.95
0.28 0.01 0.07 0.06 1.00 0.39
0.87 0.80 0.53 0.58 0.02 0.09
0.18 0.41 0.33 0.49 0.99 0.03
0.85 0.31 0.41 0.13 0.93 0.07
0.64 0.90 0.09 0.73 0.60 0.09
0.94 0.65 0.62 0.72 0.87 0.01
0.73 0.86 0.89 0.15 0.66 0.02
0.91 0.82 0.02 0.51 0.84 0.54
0.83 0.56 0.86 0.02 0.67 0.29
0.44 1.00 0.02 0.58 0.81 0.74
0.18 0.78 0.42 0.02 0.34 0.23
0.43 0.03 0.73 0.87 0.59 0.95
0.61 0.02 0.72 0.91 0.79 0.57
0.01 0.06 0.50 0.45 0.46 0.50
0.69 0.98 0.09 0.01 0.80 0.93
0.11 0.86 0.86 0.92 0.53 0.11
0.01 0.22 0.25 0.06 0.20 0.37
0.21 0.77 0.77 0.03 0.74 0.18
0.65 0.02 0.53 0.34 0.71 0.84
0.97 0.97 0.51 0.18 0.01 0.54
0.55 0.81 0.29 0.75 0.88 0.07
0.32 0.44 0.92 0.27 0.09 0.02
0.02 0.72 0.69 0.81 0.04 0.52
0.21 0.67 0.90 1.00 0.81 0.01
0.38 0.87 0.08 0.01 0.33 0.20
0.53 0.61 0.90 0.14 0.66 0.15
0.35 0.51 0.14 0.58 0.02 0.97
0.93 0.06 0.74 0.17 0.90 0.34
0.75 0.01 0.95 0.10 0.78 0.59
0.11 0.77 0.31 0.42 0.31 0.23
0.65 0.52 0.72 0.10 0.81 0.19
0.53 0.01 0.39 0.64 0.52 0.28
0.10 0.18 0.27 0.86 0.82 0.09
0.52 0.15 0.65 0.34 0.66 0.04
0.76 0.15 0.64 0.17 0.91 0.27
0.96 0.30 0.62 0.02 0.64 1.00
0.28 0.01 0.70 0.97 0.85 0.63
0.33 0.19 0.49 0.15 0.15 0.22
0.31 0.02 0.45 0.51 0.08 0.84
0.58 0.52 0.63 0.97 0.02 0.75
0.56 0.59 0.85 0.24 0.17 0.06
0.68 0.32 0.51 0.56 0.46 0.02
