44 32 47 12 32 51
6 97 65 25 51 97
84 84 20 87 46 91
50 48 35 27 28 35
51 94 85 3 46 80
41 90 96 89 53 82
22 38 59 67 38 73
12 59 40 25 1 11
11 20 18 4 12 29
88 56 82 76 68 20
14 42 12 70 61 73
22 71 6 61 84 99
66 72 55 41 75 7
58 70 16 15 96 75
64 15 84 70 16 54
5 87 75 62 96 46
92 72 3 22 74 39
64 89 16 75 23 7
19 33 38 83 12 2
77 56 82 79 41 12
29 70 13 74 35 89
100 88 86 72 55 3
90 94 10 60 93 18
4 59 15 6 47 79
85 67 99 17 11 59
40 20 75 20 47 10
57 40 47 3 1 78
68 9 59 68 50 65
8 36 44 35 24 28
5 71 54 82 91 17
5 50 67 99 82 97
11 4 21 12 5 56
57 89 12 23 62 26
61 58 82 7 66 9
81 40 17 78 12 72
62 75 32 92 73 24
3 49 6 27 16 36
62 77 53 66 95 5
12 61 3 34 67 22
14 97 62 1 63 80
54 16 96 83 60 54
7 61 12 27 14 42
99 32 27 91 84 25
51 1 77 8 35 80
82 98 33 64 67 14
14 12 34 54 3 5
78 100 29 47 45 16
65 86 15 13 68 55
85 15 87 27 95 37
23 73 100 12 62 5
53 83 96 10 3 80
6 7 95 6 83 83
70 76 5 32 77 4
33 73 68 1 45 82
8 39 72 97 20 70
25 53 68 76 44 3
36 17 90 53 78 40
92 28 2 62 71 56
73 11 21 54 70 54
89 24 27 46 26 2
96 55 8 94 68 8
2 51 57 55 82 67
34 36 39 46 50 22
67 1 74 95 40 2
66 72 97 2 24 70
7 7 19 33 35 72
24 79 16 78 46 3
66 82 83 16 11 42
61 92 79 1 81 71
93 5 64 96 61 55
49 13 28 28 51 31
66 48 92 1 62 64
79 17 40 15 47 11
1 68 74 88 60 59
14 23 7 32 46 34
84 33 8 95 16 27
71 99 22 85 4 56
1 79 1 63 74 95
25 45 14 31 39 31
67 20 17 100 78 39
78 6 13 71 62 63
86 88 22 20 62 5
59 75 28 90 95 4
8 61 54 66 58 5
10 37 45 18 7 91
79 61 76 2 85 4
29 97 2 82 50 6
5 1 21 82 94 87
58 15 28 91 57 20
88 66 61 88 2 1
28 32 43 28 48 25
91 87 73 1 81 71
59 16 24 75 8 23
65 93 83 12 7 53
56 13 14 80 42 86
62 75 5 77 53 74
3 18 17 5 64 27
62 31 92 93 96 2
4 44 28 66 13 51
1 64 51 82 61 84
74 4 66 16 3 42
71 47 17 4 65 18
67 55 82 4 18 24
39 74 8 34 85 17
6 47 52 64 89 10
72 11 23 69 82 51
12 12 73 76 4 77
68 90 4 95 58 89
38 43 17 37 44 43
70 30 1 44 31 85
28 77 77 2 88 39
43 29 4 81 95 30
58 63 37 20 88 14
76 85 35 11 90 5
4 71 67 14 65 5
5 7 99 73 86 84
83 4 55 68 90 42
62 88 68 55 90 3
39 14 40 3 60 80
29 52 16 13 17 89
60 56 86 2 58 52
60 53 19 10 24 5
6 24 15 37 63 87
1 87 85 73 61 66
22 25 16 45 11 53
77 87 66 1 72 64
39 40 7 14 19 28
66 66 96 51 62 4
51 65 14 1 31 55
42 29 31 89 53 1
2 84 95 5 73 80
81 59 82 57 49 3
6 70 32 26 45 22
2 78 4 68 71 89
33 15 4 22 12 18
1 88 30 78 81 10
92 51 80 7 6 64
58 56 89 20 57 6
60 19 84 2 15 65
82 62 52 27 19 10
65 89 22 75 4 90
47 24 13 8 45 42
25 88 96 2 60 90
99 20 54 61 75 4
62 2 75 67 19 62
2 54 22 24 34 46
91 3 45 87 71 52
13 51 89 90 2 80
1 31 16 16 37 16
94 37 10 7 89 95
86 59 65 2 19 65
8 89 67 28 7 36
27 55 90 49 55 15
63 7 60 59 88 24
55 71 98 9 5 52
14 20 11 97 66 58
84 1 70 77 63 75
24 91 29 39 34 21
98 81 3 88 29 28
2 1 84 59 89 86
16 21 28 22 96 17
78 10 92 58 42 37
65 79 15 73 95 3
82 5 11 67 81 80
23 16 13 67 15 83
99 87 20 99 8 90
42 38 48 1 50 39
50 57 60 54 1 86
29 81 89 13 73 9
90 97 2 8 93 98
46 41 2 27 87 10
82 4 1 74 60 75
59 77 52 50 78 9
48 14 50 24 20 36
97 21 94 67 35 2
11 70 61 12 81 14
14 4 72 20 56 2
35 61 65 52 84 4
79 52 3 33 66 28
60 78 53 59 71 1
3 96 13 76 63 29
9 48 42 95 12 68
63 55 32 64 2 40
94 1 47 89 64 1
1 96 50 4 96 88
46 88 1 57 85 17
94 81 14 84 5 63
96 2 55 61 64 95
28 1 7 6 100 39
87 80 53 58 2 9
18 41 33 49 99 3
85 31 41 13 93 7
64 90 9 73 60 9
94 65 62 72 87 1
73 86 89 15 66 2
91 82 2 51 84 54
83 56 86 2 67 29
44 100 2 58 81 74
18 78 42 2 34 23
43 3 73 87 59 95
61 2 72 91 79 57
1 6 50 45 46 50
69 98 9 1 80 93
11 86 86 92 53 11
1 22 25 6 20 37
21 77 77 3 74 18
65 2 53 34 71 84
97 97 51 18 1 54
55 81 29 75 88 7
32 44 92 27 9 2
2 72 69 81 4 52
21 67 90 100 81 1
38 87 8 1 33 20
53 61 90 14 66 15
35 51 14 58 2 97
93 6 74 17 90 34
75 1 95 10 78 59
11 77 31 42 31 23
65 52 72 10 81 19
53 1 39 64 52 28
10 18 27 86 82 9
52 15 65 34 66 4
76 15 64 17 91 27
96 30 62 2 64 100
28 1 70 97 85 63
33 19 49 15 15 22
31 2 45 51 8 84
58 52 63 97 2 75
56 59 85 24 17 6
68 32 51 56 46 2
