0.15 0.76 0.75 0.48 0.69 0.10
0.15 0.28 0.78 0.87 0.70 0.81
0.35 0.21 0.83 0.81 0.96 0.88
0.51 0.67 0.68 0.46 0.74 0.95
0.96 0.10 0.93 0.60 0.52 0.78
0.89 0.36 0.62 0.75 0.90 0.11
0.39 0.62 0.01 0.56 0.59 0.89
0.54 0.62 0.37 0.60 0.57 0.79
0.92 0.77 0.52 0.14 0.57 0.88
0.05 0.50 0.57 0.05 0.02 0.77
0.61 0.90 0.41 0.96 0.50 0.46
0.03 0.08 0.09 0.19 0.17 0.25
0.01 0.29 0.46 0.93 0.25 0.11
0.53 0.41 0.20 0.34 0.11 0.08
0.10 0.84 0.37 0.29 0.57 0.21
0.20 0.20 0.49 0.59 0.39 0.22
0.11 0.62 0.09 0.35 0.22 0.12
0.22 0.46 0.07 0.34 0.13 0.06
0.97 0.97 0.95 0.64 0.77 0.05
0.67 0.84 0.94 0.11 0.41 0.21
0.87 0.69 0.95 0.17 0.86 0.29
0.85 0.21 0.71 0.16 0.23 0.91
0.09 0.06 0.29 0.11 0.01 0.32
0.98 0.54 0.01 0.94 0.77 0.77
0.25 0.43 0.76 0.58 0.71 0.10
0.87 0.90 0.04 0.98 0.51 0.57
1.00 0.09 0.47 0.24 0.92 0.16
0.43 0.21 0.50 0.55 0.52 0.07
0.65 0.28 0.27 0.95 0.13 0.65
0.28 0.25 0.01 0.31 0.12 0.11
0.51 0.97 0.95 0.03 0.72 0.67
0.76 0.81 0.66 0.68 0.51 0.05
0.31 0.57 0.19 0.09 0.29 0.10
0.63 0.35 0.82 0.70 0.99 0.05
0.66 0.31 0.31 0.90 0.86 0.08
0.35 0.05 0.97 0.83 0.71 0.40
0.60 0.85 0.72 0.04 0.82 0.52
0.68 0.29 0.22 0.07 0.25 0.88
0.75 0.84 0.88 0.06 0.84 0.65
0.38 0.05 0.37 0.67 0.11 0.58
0.03 0.84 0.02 0.14 0.47 0.10
0.07 0.72 0.65 0.11 0.83 0.18
0.12 0.65 0.72 0.93 0.72 0.03
0.62 0.02 0.72 0.62 0.13 0.96
0.21 0.03 0.30 0.32 0.23 0.09
0.04 0.79 0.32 0.59 0.68 0.05
0.57 0.02 0.82 0.93 0.60 1.00
0.11 0.23 0.42 0.30 0.37 0.20
0.99 0.80 0.19 0.90 0.05 0.90
0.64 0.57 0.87 0.08 0.85 0.62
0.25 0.91 0.45 0.03 0.09 0.16
0.66 0.70 0.52 0.79 0.77 0.04
0.12 0.50 0.16 0.30 0.35 0.09
0.57 0.40 0.26 0.04 0.62 0.99
0.78 0.53 0.70 0.90 0.60 0.02
0.80 0.42 0.14 0.03 0.01 0.04
0.12 0.74 0.04 0.63 0.98 0.55
0.70 0.80 1.00 0.03 0.56 0.70
0.46 0.49 0.10 0.08 0.22 0.15
0.88 0.54 0.79 0.01 0.77 0.96
0.63 0.02 0.92 0.17 0.55 0.75
0.33 0.27 0.09 0.23 0.27 0.04
0.14 0.10 0.71 0.04 0.39 0.92
0.85 0.98 0.71 0.55 0.61 0.01
0.21 0.95 0.79 0.09 0.99 0.73
0.67 0.10 0.05 0.80 0.16 0.77
0.57 0.01 0.12 0.65 0.36 0.07
0.02 0.53 0.87 0.87 0.99 0.52
0.45 0.20 0.29 0.06 0.28 0.03
0.44 0.76 0.23 0.82 0.05 0.65
0.02 0.53 0.37 0.69 0.62 0.82
0.67 0.23 0.20 0.15 0.66 1.00
0.02 0.19 0.95 0.71 0.90 0.98
0.63 0.57 0.06 0.29 0.56 0.98
0.18 0.32 0.35 0.38 0.41 0.08
0.75 0.75 0.80 0.69 0.06 0.17
0.55 0.87 0.52 0.03 0.84 0.90
0.07 0.12 0.40 0.04 0.49 0.28
0.97 0.85 0.61 0.73 0.47 0.01
0.41 0.56 0.74 0.33 0.05 0.15
0.06 0.66 0.05 0.28 0.83 0.58
0.59 0.77 0.72 0.59 0.83 0.01
0.21 0.10 0.12 1.00 0.13 0.86
0.12 0.64 0.08 0.99 0.77 0.88
0.72 0.41 0.02 0.07 0.85 0.25
0.20 0.63 0.18 0.76 0.14 0.18
0.95 0.87 0.67 0.02 0.16 0.72
0.30 0.48 0.24 0.03 0.08 0.93
1.00 0.74 0.64 0.02 0.06 0.82
0.82 0.51 0.83 0.96 0.64 0.02
0.67 0.97 0.69 0.02 0.79 0.57
0.15 0.71 0.05 0.35 0.40 0.40
0.02 0.58 0.77 0.57 0.16 0.83
0.96 0.01 0.12 0.10 0.42 0.48
0.64 0.76 0.65 0.04 0.56 0.16
0.55 0.03 0.36 0.21 0.81 0.78
0.17 0.89 0.58 0.03 0.75 0.69
0.13 0.39 0.08 0.06 0.38 0.46
0.95 0.02 0.54 0.79 0.25 0.72
0.02 0.90 0.84 0.94 0.99 0.02
0.54 0.16 0.03 0.46 0.76 0.95
0.01 0.89 0.69 0.63 0.85 0.82
0.41 0.53 0.51 0.33 0.20 0.02
0.39 0.04 0.13 0.32 0.04 0.33
0.76 0.81 0.14 0.28 0.02 0.68
0.38 0.97 0.47 0.17 0.75 0.03
0.33 0.97 0.03 0.05 0.84 0.68
0.67 0.44 0.07 0.36 0.69 0.10
0.58 0.95 0.83 0.01 0.75 0.97
0.08 0.95 0.01 0.05 0.53 0.31
0.05 0.06 0.56 0.50 0.76 0.94
0.86 0.26 0.16 0.11 0.91 0.79
0.72 0.29 0.64 0.01 0.15 0.79
0.85 0.02 0.66 0.77 0.32 0.24
0.48 0.01 0.71 0.80 0.77 0.95
0.02 0.50 0.96 0.81 0.12 0.67
0.89 0.18 0.27 0.18 0.61 0.70
0.92 0.89 0.31 0.02 0.85 0.92
0.57 0.37 0.62 0.90 0.14 0.05
0.09 0.83 0.04 0.88 0.71 0.63
0.97 0.23 0.04 0.87 0.91 0.73
0.50 0.49 0.41 0.03 0.20 0.84
0.53 0.78 0.29 0.05 0.90 0.87
0.07 0.42 0.82 0.81 0.01 0.10
0.21 0.55 0.60 0.09 0.90 0.12
0.39 0.71 0.06 0.02 0.67 0.56
0.01 0.27 0.93 0.96 0.94 0.29
0.96 0.96 0.02 0.14 0.01 0.55
0.22 0.28 0.55 0.52 0.87 0.04
0.85 0.50 0.01 0.10 0.88 0.45
0.43 0.18 0.09 0.70 0.66 0.23
0.89 0.51 0.56 0.84 0.61 0.02
0.03 0.90 0.36 0.06 0.03 0.40
0.17 0.95 0.47 0.02 0.80 0.91
0.54 0.94 0.54 0.78 0.08 0.16
0.55 0.57 0.24 0.02 0.31 0.53
0.75 0.70 0.57 0.02 0.74 0.06
0.02 0.09 0.43 0.05 0.44 0.29
0.01 0.22 0.86 0.58 0.36 0.79
0.52 0.21 0.08 0.04 0.56 0.90
0.45 0.02 0.53 0.77 0.08 0.54
0.89 0.02 0.61 0.52 0.75 1.00
1.00 0.80 0.20 0.90 0.30 0.03
0.84 0.21 0.48 0.02 0.63 0.69
0.60 0.87 0.36 0.14 0.53 0.01
0.20 0.20 0.04 0.58 0.86 0.52
0.39 0.11 0.87 0.87 0.19 0.15
0.54 0.77 0.93 0.24 0.24 0.12
1.00 0.03 0.01 0.95 0.86 0.71
0.03 0.58 0.22 0.92 0.39 0.02
0.55 0.90 0.99 0.80 0.59 0.01
0.17 0.52 0.27 0.17 0.36 0.03
0.64 0.74 0.27 0.22 0.14 0.80
0.62 0.54 0.98 0.01 0.77 0.84
0.86 0.13 0.74 0.10 0.68 0.13
0.14 0.55 0.82 0.08 0.15 0.34
0.62 0.91 0.02 0.07 0.83 0.89
0.24 0.15 0.21 0.67 0.07 0.01
0.12 0.05 0.32 0.54 0.73 0.84
0.73 0.53 0.63 0.01 0.93 0.59
0.10 0.23 0.20 0.81 0.95 0.23
0.59 0.06 0.05 0.94 0.81 0.60
0.01 0.22 0.26 0.06 0.34 0.15
0.73 0.83 0.01 0.17 0.84 0.28
0.70 0.92 0.51 0.69 0.01 0.03
0.92 0.59 0.03 0.60 0.09 0.84
0.07 0.08 0.80 0.80 0.12 0.45
0.01 0.58 0.67 0.43 0.01 0.58
0.61 0.02 0.88 0.52 0.82 0.37
0.56 0.87 0.01 0.03 0.87 0.75
0.46 0.09 0.40 0.32 0.38 0.06
0.55 0.06 0.02 0.96 0.17 0.59
0.71 0.51 0.12 0.78 0.03 0.96
0.77 0.02 0.60 0.39 0.58 0.63
0.02 0.68 0.69 0.86 0.51 0.05
0.38 0.04 0.06 0.07 0.15 0.06
0.86 0.92 0.13 0.01 0.60 0.43
0.78 0.62 0.01 0.61 0.01 0.70
0.01 0.96 0.51 0.59 0.32 0.81
0.69 0.89 0.53 0.04 0.26 0.57
0.29 0.21 0.15 0.17 0.53 0.53
0.89 0.70 0.01 0.66 0.01 0.04
0.01 0.05 0.95 0.85 0.83 0.02
0.08 0.81 0.60 0.92 0.53 0.01
0.10 0.62 0.13 0.37 0.12 0.15
0.55 0.01 0.65 0.67 0.97 0.59
0.22 0.38 0.63 0.06 0.84 0.07
0.82 0.87 0.15 0.13 0.10 0.03
0.29 0.87 0.71 0.03 0.21 0.99
0.09 0.10 0.04 0.97 0.85 0.84
0.90 0.48 0.50 0.62 0.28 0.01
0.53 0.68 0.13 0.02 0.98 0.33
0.02 0.63 0.16 0.50 0.74 0.51
0.67 0.74 0.24 0.53 0.03 0.28
0.94 0.01 0.60 0.23 0.74 0.55
0.73 0.72 0.68 0.17 0.12 0.22
0.58 0.02 0.35 0.52 0.79 0.67
0.12 0.85 0.61 0.02 0.63 0.54
0.29 0.55 0.45 0.06 0.18 0.35
0.96 0.04 0.52 0.06 0.80 0.82
0.01 0.26 0.56 0.85 0.72 0.07
0.81 0.01 0.63 0.08 0.88 0.54
0.42 0.45 0.12 0.18 0.13 0.98
0.09 0.21 0.63 0.03 0.84 0.87
0.57 0.71 0.45 0.72 0.02 0.24
0.88 0.76 0.64 0.60 0.41 0.01
0.13 0.60 0.96 0.53 0.58 0.07
0.23 0.17 0.44 0.54 0.80 0.05
0.90 0.71 0.02 0.16 0.31 0.03
0.64 0.43 0.55 0.01 0.28 0.35
0.13 0.05 0.66 0.11 0.61 0.92
0.08 0.60 0.71 0.41 0.05 0.64
0.44 0.86 0.68 0.04 0.17 0.75
0.03 0.06 0.16 1.00 0.59 0.58
0.13 0.66 0.95 0.82 0.78 0.07
0.67 0.22 0.93 0.03 0.69 0.58
0.52 0.51 0.87 0.53 0.91 0.01
0.48 0.43 0.12 0.02 0.02 0.23
0.01 0.20 0.52 0.93 0.78 0.57
0.13 0.01 0.89 0.80 0.61 0.91
0.41 0.11 0.06 0.33 0.22 0.01
0.95 0.95 1.00 0.22 0.49 0.02
0.08 0.88 0.11 0.89 0.12 0.92
0.10 0.93 0.57 0.72 0.67 0.04
0.17 0.81 0.26 0.13 0.16 0.98
0.09 0.96 0.01 0.61 0.39 0.12
0.93 0.02 0.91 0.56 0.78 0.57
0.63 0.51 0.46 0.02 0.84 0.05
0.79 0.94 0.53 0.01 0.92 0.77
0.04 0.04 0.62 0.10 0.32 0.32
