15 76 75 48 69 10
15 28 78 87 70 81
35 21 83 81 96 88
51 67 68 46 74 95
96 10 93 60 52 78
89 36 62 75 90 11
39 62 1 56 59 89
54 62 37 60 57 79
92 77 52 14 57 88
5 50 57 5 2 77
61 90 41 96 50 46
3 8 9 19 17 25
1 29 46 93 25 11
53 41 20 34 11 8
10 84 37 29 57 21
20 20 49 59 39 22
11 62 9 35 22 12
22 46 7 34 13 6
97 97 95 64 77 5
67 84 94 11 41 21
87 69 95 17 86 29
85 21 71 16 23 91
9 6 29 11 1 32
98 54 1 94 77 77
25 43 76 58 71 10
87 90 4 98 51 57
100 9 47 24 92 16
43 21 50 55 52 7
65 28 27 95 13 65
28 25 1 31 12 11
51 97 95 3 72 67
76 81 66 68 51 5
31 57 19 9 29 10
63 35 82 70 99 5
66 31 31 90 86 8
35 5 97 83 71 40
60 85 72 4 82 52
68 29 22 7 25 88
75 84 88 6 84 65
38 5 37 67 11 58
3 84 2 14 47 10
7 72 65 11 83 18
12 65 72 93 72 3
62 2 72 62 13 96
21 3 30 32 23 9
4 79 32 59 68 5
57 2 82 93 60 100
11 23 42 30 37 20
99 80 19 90 5 90
64 57 87 8 85 62
25 91 45 3 9 16
66 70 52 79 77 4
12 50 16 30 35 9
57 40 26 4 62 99
78 53 70 90 60 2
80 42 14 3 1 4
12 74 4 63 98 55
70 80 100 3 56 70
46 49 10 8 22 15
88 54 79 1 77 96
63 2 92 17 55 75
33 27 9 23 27 4
14 10 71 4 39 92
85 98 71 55 61 1
21 95 79 9 99 73
67 10 5 80 16 77
57 1 12 65 36 7
2 53 87 87 99 52
45 20 29 6 28 3
44 76 23 82 5 65
2 53 37 69 62 82
67 23 20 15 66 100
2 19 95 71 90 98
63 57 6 29 56 98
18 32 35 38 41 8
75 75 80 69 6 17
55 87 52 3 84 90
7 12 40 4 49 28
97 85 61 73 47 1
41 56 74 33 5 15
6 66 5 28 83 58
59 77 72 59 83 1
21 10 12 100 13 86
12 64 8 99 77 88
72 41 2 7 85 25
20 63 18 76 14 18
95 87 67 2 16 72
30 48 24 3 8 93
100 74 64 2 6 82
82 51 83 96 64 2
67 97 69 2 79 57
15 71 5 35 40 40
2 58 77 57 16 83
96 1 12 10 42 48
64 76 65 4 56 16
55 3 36 21 81 78
17 89 58 3 75 69
13 39 8 6 38 46
95 2 54 79 25 72
2 90 84 94 99 2
54 16 3 46 76 95
1 89 69 63 85 82
41 53 51 33 20 2
39 4 13 32 4 33
76 81 14 28 2 68
38 97 47 17 75 3
33 97 3 5 84 68
67 44 7 36 69 10
58 95 83 1 75 97
8 95 1 5 53 31
5 6 56 50 76 94
86 26 16 11 91 79
72 29 64 1 15 79
85 2 66 77 32 24
48 1 71 80 77 95
2 50 96 81 12 67
89 18 27 18 61 70
92 89 31 2 85 92
57 37 62 90 14 5
9 83 4 88 71 63
97 23 4 87 91 73
50 49 41 3 20 84
53 78 29 5 90 87
7 42 82 81 1 10
21 55 60 9 90 12
39 71 6 2 67 56
1 27 93 96 94 29
96 96 2 14 1 55
22 28 55 52 87 4
85 50 1 10 88 45
43 18 9 70 66 23
89 51 56 84 61 2
3 90 36 6 3 40
17 95 47 2 80 91
54 94 54 78 8 16
55 57 24 2 31 53
75 70 57 2 74 6
2 9 43 5 44 29
1 22 86 58 36 79
52 21 8 4 56 90
45 2 53 77 8 54
89 2 61 52 75 100
100 80 20 90 30 3
84 21 48 2 63 69
60 87 36 14 53 1
20 20 4 58 86 52
39 11 87 87 19 15
54 77 93 24 24 12
100 3 1 95 86 71
3 58 22 92 39 2
55 90 99 80 59 1
17 52 27 17 36 3
64 74 27 22 14 80
62 54 98 1 77 84
86 13 74 10 68 13
14 55 82 8 15 34
62 91 2 7 83 89
24 15 21 67 7 1
12 5 32 54 73 84
73 53 63 1 93 59
10 23 20 81 95 23
59 6 5 94 81 60
1 22 26 6 34 15
73 83 1 17 84 28
70 92 51 69 1 3
92 59 3 60 9 84
7 8 80 80 12 45
1 58 67 43 1 58
61 2 88 52 82 37
56 87 1 3 87 75
46 9 40 32 38 6
55 6 2 96 17 59
71 51 12 78 3 96
77 2 60 39 58 63
2 68 69 86 51 5
38 4 6 7 15 6
86 92 13 1 60 43
78 62 1 61 1 70
1 96 51 59 32 81
69 89 53 4 26 57
29 21 15 17 53 53
89 70 1 66 1 4
1 5 95 85 83 2
8 81 60 92 53 1
10 62 13 37 12 15
55 1 65 67 97 59
22 38 63 6 84 7
82 87 15 13 10 3
29 87 71 3 21 99
9 10 4 97 85 84
90 48 50 62 28 1
53 68 13 2 98 33
2 63 16 50 74 51
67 74 24 53 3 28
94 1 60 23 74 55
73 72 68 17 12 22
58 2 35 52 79 67
12 85 61 2 63 54
29 55 45 6 18 35
96 4 52 6 80 82
1 26 56 85 72 7
81 1 63 8 88 54
42 45 12 18 13 98
9 21 63 3 84 87
57 71 45 72 2 24
88 76 64 60 41 1
13 60 96 53 58 7
23 17 44 54 80 5
90 71 2 16 31 3
64 43 55 1 28 35
13 5 66 11 61 92
8 60 71 41 5 64
44 86 68 4 17 75
3 6 16 100 59 58
13 66 95 82 78 7
67 22 93 3 69 58
52 51 87 53 91 1
48 43 12 2 2 23
1 20 52 93 78 57
13 1 89 80 61 91
41 11 6 33 22 1
95 95 100 22 49 2
8 88 11 89 12 92
10 93 57 72 67 4
17 81 26 13 16 98
9 96 1 61 39 12
93 2 91 56 78 57
63 51 46 2 84 5
79 94 53 1 92 77
4 4 62 10 32 32
