0.10 0.83 0.18 0.25 0.68 0.29
0.21 0.86 0.09 0.48 0.91 0.29
0.89 0.41 0.94 0.63 0.61 0.64
0.69 0.60 0.73 0.79 0.53 0.75
0.58 0.19 0.53 0.71 0.89 0.51
0.28 0.35 0.45 0.14 0.43 0.98
0.28 0.22 0.31 0.01 0.18 0.16
0.40 0.15 0.98 0.62 0.59 0.59
0.09 0.53 0.75 0.51 0.84 0.69
0.10 0.13 0.47 0.09 0.15 0.25
0.07 0.60 0.53 0.80 1.00 0.54
0.01 0.62 0.87 0.83 0.82 0.75
0.65 0.21 0.07 0.98 0.85 0.57
0.78 0.17 0.02 0.33 0.34 0.06
0.68 0.79 0.15 0.38 0.97 0.40
0.75 0.17 0.25 0.62 0.15 0.26
0.02 0.07 0.56 0.65 0.53 0.51
0.12 0.62 0.44 0.82 0.81 0.79
0.71 0.03 0.23 0.81 0.39 0.83
0.96 0.81 0.25 0.02 0.90 0.93
0.12 0.52 0.28 0.41 0.01 0.32
0.94 0.13 0.93 0.33 0.43 0.14
0.08 0.10 0.39 0.40 0.90 0.02
0.05 0.70 0.96 0.77 0.40 0.68
0.09 0.66 0.22 0.33 0.49 0.91
0.55 0.85 0.12 0.77 0.86 0.81
0.05 0.41 0.32 0.14 0.33 0.43
0.58 0.90 0.17 1.00 0.69 0.92
0.07 0.11 0.39 0.22 0.05 0.48
0.15 0.20 0.07 0.90 0.61 0.29
0.51 0.20 0.10 0.52 0.91 0.62
0.52 0.77 0.09 0.65 0.94 0.56
0.96 0.58 0.11 0.64 0.09 0.56
0.09 0.20 0.06 0.22 0.02 0.21
0.06 0.55 0.66 0.03 0.93 0.65
0.61 0.16 0.34 0.78 0.56 0.68
0.36 0.91 0.61 0.03 0.87 0.15
0.65 0.10 0.87 0.74 0.50 0.59
0.38 0.09 0.71 0.45 0.06 0.49
0.60 0.08 0.92 0.75 0.24 0.53
0.99 0.91 0.05 0.77 0.30 0.51
0.15 0.04 1.00 0.05 0.24 0.01
0.98 0.85 0.36 0.60 0.79 0.03
0.46 0.02 0.71 0.84 0.11 0.80
0.57 0.03 0.62 0.62 0.89 0.59
0.49 0.25 0.34 0.07 0.05 0.24
0.78 0.99 0.05 0.17 0.64 0.64
0.58 0.63 0.54 0.41 0.06 0.17
0.26 0.17 0.13 0.52 0.62 0.90
0.95 0.52 0.64 0.89 0.51 0.04
0.03 0.34 0.45 0.35 0.17 0.94
0.57 0.64 0.18 0.40 0.83 0.18
0.79 1.00 0.02 0.96 0.11 0.76
0.24 0.19 0.22 0.75 0.15 0.07
0.54 0.57 0.02 0.69 0.53 0.51
0.08 0.39 0.31 0.50 0.19 0.34
0.98 0.91 0.95 0.05 0.12 0.68
0.24 0.66 0.02 0.03 0.81 0.99
0.70 0.95 0.82 0.86 0.68 0.04
0.81 0.10 0.47 0.42 0.05 0.21
0.74 0.90 0.84 0.21 0.02 0.76
0.73 0.10 0.14 0.72 0.78 0.74
0.50 0.09 0.35 0.63 0.80 0.29
0.22 0.01 0.14 0.40 0.76 0.69
0.30 0.18 0.21 0.71 0.26 0.54
0.74 0.94 0.03 0.44 0.85 0.63
0.68 0.19 0.23 0.15 0.78 0.57
0.94 0.83 0.99 0.23 0.61 0.07
0.69 0.57 0.60 0.51 0.40 0.02
0.95 0.02 0.34 0.78 0.16 0.82
0.49 0.14 0.48 0.29 0.31 0.02
0.04 0.88 0.51 0.40 0.83 0.64
0.94 0.52 0.03 0.12 0.54 0.58
0.57 0.55 0.04 0.73 0.93 0.77
0.35 0.04 0.25 0.12 0.32 0.38
0.31 0.85 0.14 0.95 0.52 0.01
0.72 0.52 0.90 0.09 0.93 0.02
0.15 0.31 0.01 0.27 0.11 0.72
0.80 0.68 0.29 0.04 0.82 0.12
0.85 0.06 0.54 1.00 0.67 0.15
0.69 0.74 0.07 0.08 0.27 0.68
0.02 0.66 0.93 0.90 0.79 0.34
0.81 0.47 0.87 0.25 0.69 0.15
0.79 0.52 0.04 0.09 0.80 0.69
0.33 0.09 0.07 0.08 0.26 0.15
0.22 0.27 0.46 0.72 0.52 0.09
0.02 0.81 0.75 0.78 1.00 0.07
0.05 0.61 0.01 0.55 0.83 0.97
0.25 0.55 0.36 0.10 0.86 0.88
0.16 0.70 0.12 0.06 0.91 0.55
0.50 0.87 0.24 0.75 0.09 0.10
0.40 0.74 0.15 0.05 0.82 0.88
0.21 0.19 0.26 0.99 0.62 0.11
1.00 0.96 0.77 0.18 0.98 0.11
0.97 0.20 0.47 0.56 0.26 0.04
0.61 0.82 0.08 0.97 0.28 0.04
0.53 0.48 0.96 0.23 0.16 0.16
0.82 0.05 0.02 0.63 0.57 0.80
0.84 0.88 0.02 1.00 0.03 0.51
0.09 0.64 0.97 0.31 1.00 0.18
0.93 0.07 0.10 0.52 0.82 0.23
0.08 0.95 0.16 1.00 0.64 0.95
0.01 0.51 0.81 0.03 0.97 0.27
0.61 0.06 0.26 0.87 0.62 0.22
0.60 0.83 0.01 0.98 0.70 0.42
0.23 0.28 0.51 0.03 0.58 0.63
0.54 0.03 0.95 0.18 0.10 0.71
0.53 0.70 0.01 0.22 0.78 0.59
0.07 0.28 0.45 0.53 0.21 0.42
0.65 0.86 0.97 0.84 0.84 0.01
0.39 0.65 0.96 0.18 0.14 0.96
0.18 0.44 0.27 0.16 0.30 0.42
0.16 0.26 0.56 0.03 0.93 0.08
0.97 0.07 0.93 0.02 0.66 0.55
0.14 0.94 0.65 0.76 0.57 0.12
0.22 0.99 0.82 0.70 0.69 0.20
0.57 0.03 0.62 0.96 0.51 0.16
0.37 0.74 0.03 0.19 0.09 0.40
0.69 0.65 0.02 0.82 0.87 0.12
0.03 0.99 0.53 0.91 0.69 0.88
0.20 0.57 0.01 0.37 0.27 0.13
0.70 0.01 0.76 0.07 0.69 0.76
0.43 0.01 0.71 0.34 0.14 0.55
0.66 0.04 0.77 0.64 0.01 0.94
0.37 0.49 0.13 0.81 0.46 0.09
0.95 0.53 0.79 0.03 0.05 0.56
0.72 0.56 0.19 0.85 0.51 0.02
0.23 0.85 0.34 0.34 0.35 0.03
0.68 0.12 0.65 0.65 0.01 0.80
0.01 0.89 0.74 0.90 0.99 0.99
0.40 0.38 0.01 0.49 0.97 0.40
0.56 0.78 0.17 0.81 0.96 0.05
0.03 0.23 0.08 0.07 0.05 0.44
0.01 0.79 0.56 0.40 0.79 0.07
0.05 0.56 0.97 0.95 0.75 0.39
0.07 0.96 0.73 0.76 0.09 0.20
0.61 0.93 0.91 0.02 0.13 0.80
0.69 0.35 0.04 0.92 0.78 0.40
0.14 0.02 0.68 0.81 0.23 0.49
0.52 0.72 0.07 0.54 0.48 0.04
0.64 0.01 0.52 0.60 0.63 0.63
0.11 0.38 0.27 0.43 0.90 0.16
0.05 0.70 0.71 0.04 0.80 0.01
0.23 0.70 0.59 0.55 0.65 0.04
0.69 0.03 0.65 0.33 0.23 0.93
0.83 0.98 0.43 0.66 0.14 0.10
0.60 0.23 0.28 0.86 0.53 0.02
0.61 0.01 0.51 0.33 0.60 0.56
0.28 0.07 0.47 0.46 0.09 0.77
0.52 0.59 0.08 0.82 0.57 0.11
0.70 0.97 0.08 0.01 0.98 0.67
0.05 0.02 0.46 0.63 0.07 0.89
0.94 0.54 0.01 0.07 0.64 0.33
0.73 1.00 0.93 0.01 0.06 0.55
0.03 0.21 0.50 0.01 0.41 0.01
0.01 0.55 0.69 0.84 0.62 0.60
0.41 0.67 0.08 0.41 0.91 0.02
0.88 0.58 0.06 0.21 0.28 0.83
0.29 0.01 0.62 0.60 0.17 0.60
0.99 0.01 0.37 0.52 0.37 0.40
0.06 0.76 0.64 0.66 0.26 0.13
0.23 0.82 0.91 0.03 0.11 0.52
0.96 0.02 0.65 0.36 0.60 0.25
0.21 0.66 0.04 0.03 0.86 0.86
0.57 0.87 0.90 0.02 0.16 0.78
0.82 0.07 0.19 0.26 0.48 0.87
0.65 0.94 0.02 0.10 0.79 0.90
0.06 0.13 0.54 0.51 0.88 0.51
0.72 0.59 0.19 0.98 0.64 0.01
0.26 0.16 0.35 0.13 0.13 0.12
0.73 0.89 0.02 0.56 0.62 0.02
0.01 0.78 0.86 0.99 0.65 0.52
0.83 0.23 0.08 0.17 0.30 0.08
0.63 0.96 0.97 0.22 0.11 0.08
0.94 0.03 0.54 0.58 0.47 0.95
0.90 0.07 0.55 0.67 0.59 0.23
0.16 0.04 0.14 0.10 0.49 0.03
0.02 0.26 0.52 0.83 0.47 0.76
0.57 0.22 0.03 0.90 0.86 0.51
0.74 0.86 0.18 0.68 0.58 0.01
0.02 0.05 0.67 0.68 0.60 0.55
0.85 0.46 0.44 0.42 0.03 0.20
0.76 0.04 0.08 0.87 0.80 0.85
0.05 0.10 0.94 0.64 0.92 0.84
0.45 0.42 0.25 0.54 0.03 0.12
0.56 0.68 0.37 0.68 0.83 0.01
0.42 0.88 0.02 0.49 0.20 0.69
0.09 0.86 0.93 0.53 0.29 0.19
0.97 1.00 0.21 0.05 0.42 0.90
0.08 0.80 0.34 0.60 0.79 0.02
0.71 0.30 0.74 0.04 0.08 0.91
0.48 0.71 0.82 0.11 0.01 0.87
0.53 0.28 0.53 0.53 0.01 0.81
0.72 0.51 0.02 0.56 0.53 0.05
0.04 0.39 0.46 0.30 0.35 0.41
0.35 0.70 0.02 0.62 0.26 0.39
0.28 0.33 0.90 0.72 0.07 0.09
0.04 0.72 0.03 0.96 0.98 0.92
0.84 0.08 0.78 0.79 0.01 0.52
0.95 0.52 0.01 0.20 0.83 0.65
0.04 0.87 0.81 0.72 0.20 0.31
0.75 0.81 0.08 0.63 0.52 0.02
0.02 0.55 0.66 0.21 0.02 0.92
0.58 0.93 0.22 0.38 0.01 0.81
0.98 0.54 0.01 0.61 0.93 0.31
0.36 0.47 0.49 0.08 0.04 0.10
0.02 0.51 0.24 0.48 0.99 0.27
0.71 0.69 0.21 0.04 0.79 0.85
0.01 0.85 0.65 0.52 0.63 0.94
0.56 0.80 0.05 0.87 0.69 0.09
0.67 0.43 0.48 0.46 0.30 0.02
0.02 0.82 0.01 0.83 0.01 0.36
0.20 0.02 0.53 0.38 0.91 0.55
0.01 0.12 0.26 0.56 0.80 0.33
0.04 0.85 0.02 0.58 0.64 0.97
0.01 0.26 0.67 0.98 0.71 0.57
0.62 0.10 0.95 0.86 0.16 0.07
0.98 0.98 0.22 0.03 0.61 0.71
0.06 0.03 0.76 0.68 0.71 0.51
0.28 0.30 0.32 0.41 0.25 0.14
0.72 0.03 0.93 0.02 0.53 0.71
0.40 0.93 0.35 0.72 0.53 0.02
0.80 0.53 0.17 0.03 0.52 0.02
0.01 0.68 1.00 0.80 0.77 0.98
0.32 0.03 0.19 0.34 0.48 0.96
0.58 0.62 0.90 0.59 0.02 0.01
0.02 0.95 0.43 0.74 0.47 0.90
0.01 0.67 0.83 0.75 0.76 0.18
0.12 0.42 0.43 0.02 0.05 0.17
1.00 0.11 0.38 0.64 0.01 0.81
