0.86 0.28 0.61 0.53 0.62 0.34
0.83 0.59 0.87 0.16 0.12 0.05
0.91 0.67 0.21 0.89 0.88 0.75
0.18 0.68 0.28 0.95 0.39 0.88
0.03 0.48 0.07 0.79 0.92 0.11
0.58 0.05 0.39 0.83 0.38 0.26
0.15 0.08 0.04 0.44 0.07 0.30
0.64 0.99 0.11 0.36 0.69 0.86
0.92 0.93 0.72 0.91 0.73 0.20
0.79 0.87 0.03 0.82 0.83 0.93
0.31 0.92 0.30 0.27 0.19 0.16
0.68 0.68 0.91 0.43 0.20 0.84
0.49 0.37 0.93 0.28 0.12 0.40
1.00 0.52 0.89 0.76 0.01 0.70
0.02 0.80 0.21 0.95 0.95 0.53
0.44 0.16 0.95 0.04 0.10 0.32
1.00 0.96 0.48 0.10 0.41 0.60
0.61 0.29 0.09 0.54 0.02 0.75
0.57 0.58 0.65 0.25 0.70 0.91
0.13 0.04 0.18 0.82 0.18 0.07
0.53 0.06 0.29 0.18 0.47 0.33
0.92 0.05 0.55 0.58 0.58 0.55
0.24 0.48 0.43 0.04 0.14 0.34
0.02 0.53 0.97 0.80 0.59 0.39
0.69 0.56 0.44 0.21 0.37 0.04
0.09 0.55 0.21 0.71 0.75 0.85
0.39 0.67 0.54 0.63 0.02 0.70
0.93 0.61 0.39 0.17 0.10 0.69
0.79 0.88 0.03 0.43 0.53 0.54
0.73 0.16 0.93 0.08 0.28 0.31
0.85 0.59 0.22 0.18 0.10 0.83
0.08 0.33 0.49 0.69 1.00 0.34
0.71 0.03 0.01 0.80 0.67 0.91
0.22 0.73 0.59 0.22 0.69 0.79
0.37 0.31 0.49 0.23 0.06 0.20
0.08 0.67 0.76 0.94 0.76 0.25
0.79 0.94 0.13 0.78 0.74 0.22
0.99 0.06 0.88 0.14 0.77 0.87
0.39 0.43 0.29 0.35 0.39 0.72
0.09 0.78 0.96 0.98 0.24 0.56
0.98 0.91 0.71 0.75 0.88 0.01
0.40 0.34 0.63 0.65 0.93 0.04
0.83 0.15 0.41 0.36 0.12 0.62
0.32 0.17 0.50 0.28 0.58 0.24
0.08 0.71 0.71 0.81 0.59 0.70
0.90 0.28 0.55 0.17 0.45 0.20
0.05 0.92 0.26 0.38 1.00 0.32
0.63 0.65 0.60 0.69 0.02 0.12
0.14 1.00 0.30 0.09 0.20 0.46
0.14 0.70 0.73 0.77 0.56 0.81
0.34 0.51 0.22 0.09 0.46 0.36
0.04 0.14 0.65 0.84 0.54 0.53
0.98 0.71 0.53 0.02 0.73 0.73
0.02 0.62 0.31 0.29 0.29 0.47
0.51 0.90 0.90 0.02 0.94 0.83
0.65 0.58 0.42 0.25 0.24 0.63
0.84 0.70 0.54 0.39 0.02 0.55
0.20 0.50 0.08 0.08 0.19 0.28
0.46 0.75 0.85 0.39 0.01 0.55
0.97 0.95 0.52 0.02 0.93 0.85
0.02 0.57 0.99 0.52 0.80 0.96
0.49 0.09 0.18 0.16 0.03 0.25
0.73 1.00 0.02 0.31 0.05 0.59
0.58 0.79 0.95 0.69 0.71 0.03
0.83 0.29 1.00 0.58 0.55 0.18
0.41 0.12 0.41 0.39 0.44 0.14
0.46 0.52 0.63 0.09 0.81 0.24
0.99 0.02 0.54 0.80 0.23 0.57
0.89 0.88 0.92 0.08 0.23 0.27
0.81 0.74 0.03 0.42 0.58 0.08
0.22 0.71 0.80 0.34 0.78 0.20
0.62 0.63 0.17 0.11 0.76 0.25
0.72 0.53 0.84 0.19 1.00 0.11
0.84 0.52 0.71 0.10 0.10 0.57
0.41 0.32 0.41 0.80 0.32 0.29
0.63 0.65 0.98 0.02 0.53 0.74
0.20 0.48 0.09 0.27 0.06 0.29
0.47 0.60 0.79 0.58 0.88 0.10
0.25 0.92 0.93 0.02 0.89 0.38
0.81 0.06 0.53 0.09 0.53 0.68
0.41 0.95 0.54 0.73 0.77 0.03
0.17 0.11 0.08 0.09 0.30 0.32
0.18 0.95 0.64 0.07 0.67 0.07
0.55 0.03 0.58 0.84 0.79 0.78
0.62 0.77 0.43 0.88 0.02 0.60
0.51 0.69 0.60 0.30 0.19 0.09
0.72 0.41 0.52 0.86 0.01 0.83
0.42 0.45 0.62 0.57 0.20 0.06
0.82 0.03 0.85 0.81 0.37 0.94
0.50 0.74 0.15 0.07 0.18 0.49
0.75 0.03 0.97 0.26 0.79 0.91
0.06 0.42 0.99 0.22 0.08 0.23
0.42 0.44 0.70 0.01 0.77 0.55
0.02 0.90 0.17 0.89 0.86 0.60
0.09 0.95 0.26 0.59 0.58 0.75
0.01 0.07 0.24 0.21 0.46 0.17
0.38 0.02 0.61 0.89 0.10 0.58
0.64 0.63 0.11 0.83 0.61 0.05
0.35 0.31 0.94 0.04 0.36 0.29
0.71 0.89 0.06 0.03 1.00 0.75
0.78 0.16 0.91 0.81 0.26 0.19
0.18 0.97 0.02 0.78 0.63 0.60
0.62 0.01 0.09 0.35 0.09 0.26
0.30 0.01 0.91 0.39 0.47 0.18
0.82 0.26 0.93 0.48 0.98 0.02
0.62 0.93 0.65 0.02 0.95 1.00
0.75 0.64 0.63 0.90 0.81 0.01
0.50 0.75 0.01 0.09 0.44 0.48
0.06 0.05 0.03 0.84 0.82 0.67
0.77 0.74 0.79 0.02 0.76 0.98
0.22 0.26 0.01 0.47 0.27 0.07
0.15 0.66 0.08 0.10 0.87 0.74
0.52 0.59 0.01 0.94 0.18 0.68
0.58 0.84 0.55 0.64 0.01 0.71
0.13 0.34 0.39 0.50 0.31 0.24
0.54 0.92 1.00 0.82 0.89 0.03
0.28 0.08 0.67 0.32 0.07 0.97
0.72 0.80 0.85 0.05 0.13 0.63
0.21 0.33 0.27 0.10 0.36 0.29
0.04 0.08 0.03 0.56 0.69 0.24
0.64 0.17 0.55 0.01 0.53 0.58
0.59 0.58 0.13 0.97 0.64 0.01
0.44 0.02 0.64 0.72 0.78 0.89
0.40 0.61 0.15 0.07 0.60 0.20
0.40 0.56 1.00 0.65 0.01 0.51
0.58 0.72 0.96 0.81 0.57 0.01
0.88 0.44 0.36 0.39 0.20 0.10
0.68 0.96 0.60 0.93 0.39 0.04
0.33 0.66 0.80 0.78 0.20 0.11
0.47 0.09 0.46 0.09 0.27 0.06
0.06 0.40 0.57 0.35 0.01 0.74
0.21 1.00 0.25 0.59 0.02 0.08
0.54 0.65 0.17 0.65 0.07 0.28
0.94 0.99 0.02 0.46 0.12 0.23
0.81 0.86 0.51 0.03 0.70 0.57
0.01 0.21 0.53 0.24 0.04 0.70
0.01 0.81 0.14 0.72 0.74 0.02
0.79 0.79 0.53 0.74 0.02 0.35
0.94 1.00 0.58 0.02 0.60 0.28
0.09 0.85 0.22 0.67 0.44 0.64
0.55 0.01 0.22 0.63 0.59 0.65
0.15 0.59 0.43 0.07 0.71 0.44
0.05 0.76 0.51 0.57 0.06 0.58
0.12 0.93 0.11 0.13 0.66 0.70
0.08 0.95 0.16 0.79 0.05 0.72
0.98 0.18 0.01 0.58 0.95 0.55
0.59 0.86 0.43 0.98 0.01 0.57
0.81 0.48 0.15 0.38 0.27 0.07
0.06 0.67 0.29 0.98 0.02 0.63
0.93 0.63 0.02 0.58 0.16 0.89
0.04 0.99 0.99 0.09 0.26 0.95
0.14 0.93 0.97 0.99 0.22 0.01
0.27 0.82 0.55 0.91 0.03 0.98
0.67 0.79 0.05 0.13 0.91 0.24
0.62 0.61 0.09 0.17 0.67 0.24
1.00 0.44 0.81 0.08 0.53 0.08
0.58 0.07 0.20 0.62 0.32 0.73
0.79 0.14 0.04 0.24 0.53 0.75
0.54 0.47 0.05 0.35 0.79 0.70
0.06 0.65 0.59 0.05 0.65 0.69
0.31 0.12 0.01 0.64 0.36 0.26
0.54 0.62 0.05 0.06 0.91 0.62
0.05 0.29 0.73 0.05 0.84 0.96
0.02 0.81 0.94 0.18 0.68 0.76
0.17 0.16 0.36 0.24 0.27 0.12
0.23 0.31 0.72 0.29 0.69 0.03
0.71 0.55 0.33 0.97 0.01 0.68
0.03 0.73 0.12 0.75 0.20 0.79
0.51 0.56 0.55 0.83 0.86 0.03
0.97 0.42 0.70 0.25 0.72 0.03
0.93 0.41 0.53 0.08 0.70 0.02
0.45 0.56 0.72 0.78 0.33 0.02
0.53 0.55 0.88 0.77 0.59 0.01
0.20 0.08 0.37 0.09 0.18 0.10
0.23 0.73 0.14 0.22 0.78 0.05
0.67 0.06 0.66 0.81 0.99 0.10
0.99 0.52 0.03 0.77 0.20 0.79
0.62 0.02 0.95 0.01 0.81 0.95
0.50 0.25 0.95 0.06 0.30 0.06
0.89 0.24 0.72 0.60 0.53 0.05
0.13 0.64 0.03 0.55 0.79 0.59
0.26 0.41 0.01 0.28 0.43 0.12
0.33 0.85 0.61 0.31 0.04 0.68
0.80 0.02 0.51 0.19 1.00 0.95
0.91 0.91 0.52 0.08 0.56 0.23
0.96 0.63 0.07 0.18 0.88 0.50
0.54 0.62 0.70 0.70 0.97 0.03
0.25 0.28 0.09 0.28 0.04 0.28
0.58 0.05 0.77 0.58 0.49 0.75
0.36 0.82 0.31 0.06 0.67 0.67
0.01 0.86 0.20 0.52 0.88 0.23
0.87 0.66 0.72 0.06 0.86 0.07
0.88 0.03 0.13 0.91 0.02 0.01
0.66 0.34 0.17 0.03 0.98 0.89
0.08 0.61 0.98 0.21 0.31 0.97
0.55 0.94 0.98 0.33 0.02 0.94
0.31 0.40 0.34 0.26 0.31 0.14
0.03 0.20 0.16 0.35 0.43 0.57
0.73 0.06 0.89 0.33 0.58 0.25
0.90 0.71 0.12 0.66 0.01 0.93
0.60 0.55 0.19 0.37 0.84 0.02
0.56 0.62 0.01 0.96 0.66 0.06
0.75 0.29 0.75 0.53 0.15 0.05
0.62 0.20 0.35 0.57 0.71 0.10
0.06 0.04 0.70 0.01 0.69 0.81
0.59 0.82 0.70 0.63 0.13 0.02
0.30 0.13 0.59 0.82 0.03 0.82
0.87 0.10 0.53 0.02 0.92 0.72
0.07 0.21 0.88 0.99 0.50 0.11
0.56 0.02 0.58 0.26 0.23 0.84
0.88 0.02 0.70 0.58 0.62 0.08
0.07 0.93 0.55 0.57 0.58 0.01
0.19 0.24 0.44 0.41 1.00 0.05
0.75 0.30 0.34 0.04 0.90 0.12
0.81 0.05 0.85 0.14 0.99 0.74
0.74 0.52 0.03 0.34 0.12 0.21
0.73 0.81 0.99 0.64 0.71 0.02
0.76 0.13 0.96 0.21 0.01 0.47
0.63 0.79 0.01 0.06 0.91 0.66
0.53 0.01 0.17 0.56 0.72 0.91
0.04 0.13 0.47 0.41 0.42 0.23
0.87 0.51 1.00 0.49 0.05 0.24
0.09 0.53 0.57 0.16 0.02 0.57
0.54 0.79 0.49 0.77 0.64 0.01
0.45 0.43 0.52 0.94 0.72 0.03
0.07 0.16 0.13 0.52 0.78 0.95
0.27 0.77 0.76 0.01 0.74 0.62
0.53 0.51 0.01 0.07 0.85 0.61
0.07 0.12 0.77 0.44 0.19 0.99
0.91 0.05 0.77 0.10 0.86 0.75
