86 28 61 53 62 34
83 59 87 16 12 5
91 67 21 89 88 75
18 68 28 95 39 88
3 48 7 79 92 11
58 5 39 83 38 26
15 8 4 44 7 30
64 99 11 36 69 86
92 93 72 91 73 20
79 87 3 82 83 93
31 92 30 27 19 16
68 68 91 43 20 84
49 37 93 28 12 40
100 52 89 76 1 70
2 80 21 95 95 53
44 16 95 4 10 32
100 96 48 10 41 60
61 29 9 54 2 75
57 58 65 25 70 91
13 4 18 82 18 7
53 6 29 18 47 33
92 5 55 58 58 55
24 48 43 4 14 34
2 53 97 80 59 39
69 56 44 21 37 4
9 55 21 71 75 85
39 67 54 63 2 70
93 61 39 17 10 69
79 88 3 43 53 54
73 16 93 8 28 31
85 59 22 18 10 83
8 33 49 69 100 34
71 3 1 80 67 91
22 73 59 22 69 79
37 31 49 23 6 20
8 67 76 94 76 25
79 94 13 78 74 22
99 6 88 14 77 87
39 43 29 35 39 72
9 78 96 98 24 56
98 91 71 75 88 1
40 34 63 65 93 4
83 15 41 36 12 62
32 17 50 28 58 24
8 71 71 81 59 70
90 28 55 17 45 20
5 92 26 38 100 32
63 65 60 69 2 12
14 100 30 9 20 46
14 70 73 77 56 81
34 51 22 9 46 36
4 14 65 84 54 53
98 71 53 2 73 73
2 62 31 29 29 47
51 90 90 2 94 83
65 58 42 25 24 63
84 70 54 39 2 55
20 50 8 8 19 28
46 75 85 39 1 55
97 95 52 2 93 85
2 57 99 52 80 96
49 9 18 16 3 25
73 100 2 31 5 59
58 79 95 69 71 3
83 29 100 58 55 18
41 12 41 39 44 14
46 52 63 9 81 24
99 2 54 80 23 57
89 88 92 8 23 27
81 74 3 42 58 8
22 71 80 34 78 20
62 63 17 11 76 25
72 53 84 19 100 11
84 52 71 10 10 57
41 32 41 80 32 29
63 65 98 2 53 74
20 48 9 27 6 29
47 60 79 58 88 10
25 92 93 2 89 38
81 6 53 9 53 68
41 95 54 73 77 3
17 11 8 9 30 32
18 95 64 7 67 7
55 3 58 84 79 78
62 77 43 88 2 60
51 69 60 30 19 9
72 41 52 86 1 83
42 45 62 57 20 6
82 3 85 81 37 94
50 74 15 7 18 49
75 3 97 26 79 91
6 42 99 22 8 23
42 44 70 1 77 55
2 90 17 89 86 60
9 95 26 59 58 75
1 7 24 21 46 17
38 2 61 89 10 58
64 63 11 83 61 5
35 31 94 4 36 29
71 89 6 3 100 75
78 16 91 81 26 19
18 97 2 78 63 60
62 1 9 35 9 26
30 1 91 39 47 18
82 26 93 48 98 2
62 93 65 2 95 100
75 64 63 90 81 1
50 75 1 9 44 48
6 5 3 84 82 67
77 74 79 2 76 98
22 26 1 47 27 7
15 66 8 10 87 74
52 59 1 94 18 68
58 84 55 64 1 71
13 34 39 50 31 24
54 92 100 82 89 3
28 8 67 32 7 97
72 80 85 5 13 63
21 33 27 10 36 29
4 8 3 56 69 24
64 17 55 1 53 58
59 58 13 97 64 1
44 2 64 72 78 89
40 61 15 7 60 20
40 56 100 65 1 51
58 72 96 81 57 1
88 44 36 39 20 10
68 96 60 93 39 4
33 66 80 78 20 11
47 9 46 9 27 6
6 40 57 35 1 74
21 100 25 59 2 8
54 65 17 65 7 28
94 99 2 46 12 23
81 86 51 3 70 57
1 21 53 24 4 70
1 81 14 72 74 2
79 79 53 74 2 35
94 100 58 2 60 28
9 85 22 67 44 64
55 1 22 63 59 65
15 59 43 7 71 44
5 76 51 57 6 58
12 93 11 13 66 70
8 95 16 79 5 72
98 18 1 58 95 55
59 86 43 98 1 57
81 48 15 38 27 7
6 67 29 98 2 63
93 63 2 58 16 89
4 99 99 9 26 95
14 93 97 99 22 1
27 82 55 91 3 98
67 79 5 13 91 24
62 61 9 17 67 24
100 44 81 8 53 8
58 7 20 62 32 73
79 14 4 24 53 75
54 47 5 35 79 70
6 65 59 5 65 69
31 12 1 64 36 26
54 62 5 6 91 62
5 29 73 5 84 96
2 81 94 18 68 76
17 16 36 24 27 12
23 31 72 29 69 3
71 55 33 97 1 68
3 73 12 75 20 79
51 56 55 83 86 3
97 42 70 25 72 3
93 41 53 8 70 2
45 56 72 78 33 2
53 55 88 77 59 1
20 8 37 9 18 10
23 73 14 22 78 5
67 6 66 81 99 10
99 52 3 77 20 79
62 2 95 1 81 95
50 25 95 6 30 6
89 24 72 60 53 5
13 64 3 55 79 59
26 41 1 28 43 12
33 85 61 31 4 68
80 2 51 19 100 95
91 91 52 8 56 23
96 63 7 18 88 50
54 62 70 70 97 3
25 28 9 28 4 28
58 5 77 58 49 75
36 82 31 6 67 67
1 86 20 52 88 23
87 66 72 6 86 7
88 3 13 91 2 1
66 34 17 3 98 89
8 61 98 21 31 97
55 94 98 33 2 94
31 40 34 26 31 14
3 20 16 35 43 57
73 6 89 33 58 25
90 71 12 66 1 93
60 55 19 37 84 2
56 62 1 96 66 6
75 29 75 53 15 5
62 20 35 57 71 10
6 4 70 1 69 81
59 82 70 63 13 2
30 13 59 82 3 82
87 10 53 2 92 72
7 21 88 99 50 11
56 2 58 26 23 84
88 2 70 58 62 8
7 93 55 57 58 1
19 24 44 41 100 5
75 30 34 4 90 12
81 5 85 14 99 74
74 52 3 34 12 21
73 81 99 64 71 2
76 13 96 21 1 47
63 79 1 6 91 66
53 1 17 56 72 91
4 13 47 41 42 23
87 51 100 49 5 24
9 53 57 16 2 57
54 79 49 77 64 1
45 43 52 94 72 3
7 16 13 52 78 95
27 77 76 1 74 62
53 51 1 7 85 61
7 12 77 44 19 99
91 5 77 10 86 75
