0.31 0.27 0.98 0.16 0.37 0.17
0.31 0.16 0.85 0.23 0.82 0.12
0.77 0.52 0.61 0.69 0.82 0.22
0.54 0.34 0.93 0.54 0.76 0.76
0.79 0.90 0.55 1.00 0.71 0.91
0.81 0.75 0.46 0.54 0.56 0.78
0.36 0.81 0.52 0.57 0.95 0.74
0.27 0.09 0.62 0.79 0.97 0.66
0.82 0.80 0.61 0.82 0.57 0.51
0.76 0.10 0.84 0.12 0.91 0.50
0.04 0.74 0.39 0.39 0.11 0.38
0.06 0.28 0.20 0.66 0.17 0.65
0.36 0.30 0.70 0.07 0.27 1.00
0.57 0.14 0.47 0.05 0.85 0.65
0.32 0.42 0.37 0.72 0.41 0.59
0.31 0.30 0.08 0.02 0.01 0.01
0.26 0.35 0.09 0.23 0.28 0.66
0.33 0.42 0.05 0.35 0.42 0.34
0.37 0.13 0.85 1.00 0.75 0.03
0.07 0.54 0.69 0.43 0.93 0.34
0.59 0.09 0.53 0.78 0.87 0.59
0.10 0.11 0.22 0.72 0.38 0.42
0.55 0.14 0.60 0.76 0.24 0.43
0.27 0.89 0.92 0.13 0.69 0.77
0.62 0.29 0.58 0.45 0.82 0.52
0.03 0.49 0.16 0.13 0.64 0.04
0.05 0.78 0.11 0.62 0.16 0.62
0.58 0.27 0.70 0.13 0.66 0.77
0.55 0.11 0.94 0.57 0.97 0.78
0.93 0.29 0.47 0.44 0.69 0.10
0.75 0.18 0.18 0.20 0.44 0.50
0.11 0.19 0.93 0.67 0.38 1.00
0.02 0.59 0.66 0.77 0.75 0.52
0.10 0.03 0.22 0.27 0.39 0.38
0.05 0.28 0.76 0.73 0.64 0.80
0.04 0.89 0.68 0.19 0.58 0.64
0.09 0.38 0.31 0.67 0.26 0.04
0.71 0.36 0.04 0.61 0.45 0.80
0.84 0.17 0.15 0.73 0.96 0.38
0.79 0.98 0.04 0.78 0.78 0.65
0.17 1.00 0.61 0.13 0.12 0.70
0.70 0.11 0.19 0.79 0.68 0.58
0.39 0.37 0.01 0.31 0.07 0.39
0.54 0.26 0.72 0.63 0.11 0.83
0.01 0.64 0.79 0.94 0.53 0.23
0.85 0.13 0.19 0.41 0.59 0.93
0.73 0.19 0.78 0.72 0.60 0.23
0.06 0.34 0.87 0.15 0.46 0.20
0.61 0.10 0.77 0.84 0.78 0.02
0.62 0.15 0.85 0.01 0.78 0.08
0.36 0.28 0.71 0.66 0.83 0.05
0.91 0.04 0.37 0.61 0.89 0.36
0.88 0.03 0.44 0.71 0.20 0.14
0.03 0.72 0.87 0.13 0.58 0.77
0.27 0.79 0.21 0.02 1.00 0.98
0.81 0.06 0.33 0.59 0.09 0.84
0.89 0.15 0.28 0.14 0.52 0.65
0.01 0.52 0.74 0.85 0.87 0.28
0.01 0.42 0.97 0.25 0.10 0.20
0.59 0.26 0.33 0.99 0.02 0.94
0.53 0.02 0.54 1.00 0.77 0.43
0.13 0.62 0.55 0.06 0.55 0.47
0.25 0.59 0.64 0.09 0.37 0.53
0.35 0.07 0.54 0.64 0.96 0.20
0.83 0.27 0.62 0.93 0.46 0.09
0.77 0.29 0.95 0.27 0.69 0.31
0.81 0.02 0.97 0.26 0.61 0.74
0.08 0.09 0.03 0.17 0.19 0.04
0.67 0.06 0.94 1.00 0.37 0.81
0.59 0.04 0.32 0.01 0.15 0.94
0.78 0.55 0.04 0.04 0.87 0.20
0.28 0.64 0.58 0.04 0.51 0.97
0.07 0.67 0.78 0.83 0.12 0.99
0.79 0.99 0.04 0.14 0.68 0.72
0.11 0.41 0.42 0.16 0.46 0.05
0.62 0.24 0.01 0.87 0.26 0.68
0.21 0.81 0.86 0.26 0.06 0.12
0.88 0.69 0.04 0.91 0.02 0.56
0.05 0.72 0.90 0.30 0.55 0.89
0.15 0.67 0.56 0.41 0.09 0.95
0.20 0.56 0.67 0.05 0.53 0.52
0.96 0.04 0.51 0.63 0.12 0.65
0.02 0.43 0.49 0.46 0.19 0.44
0.27 0.19 0.85 0.90 0.12 0.61
0.01 0.94 0.96 0.13 0.74 0.66
0.58 0.76 0.06 0.54 0.26 0.02
0.13 0.64 0.72 0.64 0.10 0.58
0.16 0.93 0.91 0.86 0.01 0.51
0.04 0.67 0.44 0.09 0.35 0.05
0.62 0.01 0.86 0.63 0.82 0.26
0.50 0.11 0.41 0.52 0.04 0.42
0.56 0.02 0.87 0.78 0.69 0.95
0.26 0.01 0.16 0.62 0.64 0.53
0.12 0.37 0.34 0.10 0.89 0.81
0.05 0.51 0.06 0.95 0.52 0.96
0.18 0.37 0.12 0.24 0.04 0.36
0.69 0.68 0.01 0.71 0.17 0.37
0.53 0.84 0.69 0.01 0.12 0.86
0.35 0.06 0.09 0.68 0.75 0.55
0.72 0.03 0.75 0.57 0.09 0.70
0.04 0.01 0.62 0.31 0.64 0.60
0.04 0.08 1.00 0.67 0.56 0.43
0.97 0.04 0.60 0.86 0.30 0.02
0.38 0.55 0.93 0.01 0.76 0.65
0.73 0.07 0.49 0.28 0.20 0.04
0.98 0.34 0.64 0.01 0.53 0.79
0.59 0.14 0.53 0.14 0.74 0.85
0.01 0.87 0.29 0.05 0.27 0.32
0.86 0.02 0.71 0.40 0.62 0.69
0.02 0.95 0.04 0.72 0.10 0.65
0.90 0.05 0.10 0.79 0.66 0.87
0.41 0.82 0.01 0.42 0.85 0.26
0.02 0.88 0.94 0.58 0.08 0.87
0.02 0.04 0.38 0.02 0.22 0.21
0.08 0.57 0.83 0.86 0.03 0.54
0.74 0.21 0.80 0.77 0.03 0.31
0.03 0.83 0.15 0.94 0.55 0.39
0.59 0.06 0.89 0.93 0.20 0.42
0.65 0.40 0.01 0.41 0.61 0.32
0.80 0.84 0.86 0.01 0.32 0.67
0.01 0.51 0.89 0.89 0.55 0.89
0.17 0.35 0.23 0.06 0.06 0.20
0.13 0.98 0.84 0.49 0.08 0.20
0.66 0.62 0.01 0.96 0.62 0.04
0.03 0.87 0.56 0.92 0.01 0.99
0.14 0.05 0.19 0.87 0.77 0.65
0.02 0.97 0.05 0.78 0.55 0.52
0.81 0.95 0.61 0.01 0.92 0.37
0.39 0.04 0.16 0.82 0.36 0.10
0.74 0.09 0.11 0.58 0.10 0.63
0.76 0.16 0.58 0.02 0.64 0.15
0.10 0.35 0.82 0.36 0.03 0.78
0.71 0.04 0.87 0.64 0.12 1.00
0.22 0.76 0.83 0.48 0.90 0.01
0.04 0.48 0.95 0.53 0.02 0.43
0.08 0.95 0.39 0.86 0.14 0.16
0.04 0.82 0.79 0.85 0.07 0.82
0.83 0.02 0.65 0.40 0.17 0.47
0.73 0.03 0.90 0.34 0.16 0.19
0.10 0.79 0.74 0.63 0.05 0.64
0.10 0.59 0.82 0.59 0.06 0.37
0.06 0.90 0.95 0.90 0.79 0.01
0.09 0.64 0.02 0.29 0.53 0.86
0.06 0.36 0.23 0.95 0.73 0.58
0.61 0.94 0.28 0.01 0.60 0.05
0.73 0.28 0.35 0.70 0.06 0.98
0.26 0.67 0.78 0.76 0.15 0.08
0.22 0.08 0.43 0.15 0.49 0.15
0.10 0.72 0.99 0.95 0.15 0.09
0.65 0.05 0.71 0.91 0.14 0.69
0.52 0.95 0.93 0.01 0.62 0.20
0.01 0.72 0.75 0.95 0.75 0.59
0.87 0.09 0.55 0.52 0.70 0.03
0.06 0.56 0.63 0.97 0.03 0.58
0.01 0.38 0.08 0.41 0.98 1.00
0.87 0.02 0.93 0.14 0.90 0.90
0.65 0.16 0.46 0.22 0.16 0.27
0.54 0.93 0.96 0.01 0.57 0.53
0.02 0.42 0.04 0.56 0.06 0.49
0.55 0.65 0.06 0.52 0.02 0.51
0.61 0.06 0.09 0.46 0.97 0.54
0.69 0.46 0.55 0.01 0.72 0.70
0.02 0.28 0.13 0.44 0.41 0.75
0.06 0.81 0.98 0.59 0.36 0.04
0.01 0.91 0.67 0.81 0.77 0.18
0.53 0.02 0.60 0.94 0.52 0.60
0.66 0.01 0.85 0.08 0.93 0.04
0.02 0.30 0.03 0.08 0.49 0.18
0.54 0.76 0.14 0.01 0.86 0.56
0.01 0.68 0.85 0.67 0.84 0.75
0.86 0.24 0.36 0.26 0.01 0.87
0.47 0.07 0.50 0.66 0.15 0.41
0.13 0.53 0.30 0.07 0.75 0.62
0.52 0.02 0.13 0.42 0.70 0.89
0.94 0.19 0.35 0.68 0.04 0.51
0.76 0.01 0.61 0.92 0.51 0.58
0.25 0.31 0.95 0.21 0.04 0.42
0.01 0.09 0.88 0.56 0.92 0.28
0.42 0.08 0.11 0.75 0.73 0.59
0.63 0.02 0.58 0.97 0.63 0.71
0.01 0.76 0.18 0.11 0.21 0.98
0.63 0.90 0.01 0.04 0.66 0.94
0.02 0.20 0.66 0.27 0.13 0.63
0.44 0.02 0.78 0.98 0.40 0.76
0.34 0.28 0.91 0.89 0.08 0.63
0.91 0.01 0.81 0.90 0.62 0.66
0.03 0.08 0.10 0.45 0.72 0.08
0.89 0.28 0.52 0.63 0.12 0.29
0.54 0.03 0.78 0.88 0.50 0.36
0.30 0.32 0.94 0.83 0.02 0.54
0.10 0.92 0.02 0.73 0.62 0.03
0.86 0.17 0.80 0.69 0.82 0.02
0.76 0.22 0.30 0.42 0.02 0.68
0.78 0.08 0.69 0.67 0.06 0.60
0.86 0.14 0.35 0.05 0.09 0.31
0.02 0.52 0.87 0.70 0.13 0.23
0.79 0.06 0.83 0.61 0.03 0.62
0.67 0.01 0.74 0.54 0.52 0.02
0.87 0.23 0.10 0.42 0.04 0.06
0.78 0.08 0.87 0.94 0.18 0.14
0.15 0.86 0.71 0.75 0.18 0.23
0.52 0.04 0.17 0.96 0.23 0.53
0.01 0.88 0.79 0.85 0.52 0.29
0.53 0.72 0.98 0.01 0.67 0.78
0.20 0.47 0.09 0.01 0.24 0.33
0.15 0.03 0.78 0.78 0.34 0.17
0.66 0.90 0.05 0.02 0.67 0.42
0.15 0.44 0.53 0.55 0.17 0.67
0.01 0.73 0.87 0.63 1.00 0.37
0.54 0.03 1.00 0.98 0.07 0.89
0.28 0.76 0.73 0.94 0.01 0.55
0.01 0.93 0.17 0.41 0.46 0.42
0.95 0.01 0.68 0.69 0.59 0.34
0.05 0.54 0.05 0.53 0.13 0.95
0.78 0.06 0.25 0.22 0.53 0.57
0.06 0.01 0.93 0.62 0.84 0.56
0.01 0.09 0.06 0.24 0.17 0.53
0.03 0.02 0.41 0.76 0.09 0.87
0.76 0.01 0.61 0.92 0.91 0.33
0.89 0.02 0.51 0.98 0.60 0.74
0.06 0.70 0.21 0.13 0.37 0.31
0.01 0.91 0.24 0.47 0.12 0.68
0.07 0.79 0.14 0.88 0.67 0.12
0.89 0.62 0.01 0.86 0.25 0.37
0.52 0.82 0.02 0.04 0.26 0.63
0.48 0.02 0.56 0.89 0.06 0.75
0.02 1.00 0.61 0.93 0.83 0.01
0.99 0.97 0.04 0.74 0.95 0.01
0.51 0.02 0.99 1.00 0.92 0.30
0.58 0.03 0.94 0.60 0.47 0.15
