0.37 0.43 0.16 0.66 0.96 0.52
0.91 0.01 0.31 0.51 0.52 0.94
0.88 0.81 0.27 0.63 0.17 0.61
0.87 0.41 0.22 0.32 0.89 0.16
0.42 0.77 0.27 0.03 0.07 0.57
0.13 0.02 0.91 0.45 0.09 0.29
0.21 0.68 0.75 0.93 0.91 0.48
0.72 0.55 0.25 0.95 0.51 0.81
0.80 0.11 0.70 0.54 0.70 0.56
0.28 0.11 0.35 0.24 0.23 0.42
0.08 0.78 0.84 0.36 0.26 0.54
0.87 0.76 0.51 0.98 0.12 0.27
0.19 0.06 0.81 0.57 0.61 0.45
0.18 0.48 1.00 0.82 0.63 0.09
0.08 0.48 0.39 0.04 1.00 0.24
0.94 0.62 0.09 0.38 0.62 0.78
0.53 0.56 0.76 0.80 0.60 0.30
1.00 0.47 0.30 0.91 0.29 0.23
0.83 0.08 0.12 0.63 0.06 0.33
0.20 0.54 0.61 0.58 0.77 0.67
0.13 0.30 0.57 0.22 0.20 0.34
0.92 0.40 0.54 0.46 0.83 0.38
0.85 0.71 0.75 0.12 0.58 0.55
0.46 0.48 0.20 0.38 0.31 0.31
1.00 0.45 0.89 0.97 0.77 0.16
0.18 0.13 0.07 0.95 0.20 0.12
0.28 0.49 0.93 0.10 0.99 0.81
0.33 0.85 0.38 0.31 0.08 0.36
0.85 0.79 0.53 0.32 0.97 0.39
0.44 0.84 0.86 0.47 0.74 0.29
0.71 0.16 0.04 0.44 0.17 0.99
0.97 0.39 0.35 0.76 0.70 0.12
0.65 0.64 0.16 0.96 0.09 0.82
0.14 0.78 0.96 0.35 0.17 0.32
0.09 0.57 0.83 0.16 0.78 0.53
0.20 0.77 0.54 0.84 0.05 0.43
0.07 0.40 0.69 0.21 0.54 0.98
0.75 0.72 0.70 0.48 0.71 0.25
0.78 0.34 0.78 0.99 0.05 0.81
0.94 0.28 0.87 0.14 0.68 0.99
0.02 0.68 0.63 0.67 0.03 0.61
0.18 0.91 0.93 0.48 0.49 0.19
0.64 0.07 0.37 0.93 0.52 0.44
0.06 0.79 0.21 0.66 0.34 1.00
0.96 0.20 0.05 0.96 0.38 0.65
0.98 0.65 0.10 0.66 0.61 0.56
0.65 0.24 0.49 0.23 0.50 0.18
0.94 0.06 0.65 0.84 0.95 0.59
0.41 0.31 0.38 0.50 0.03 0.52
0.98 0.42 0.68 0.66 0.37 0.15
0.29 0.65 0.03 0.22 0.87 0.58
0.29 0.77 0.75 0.59 0.81 0.26
0.91 0.05 0.78 0.02 0.31 0.79
0.67 0.60 0.46 0.45 0.36 0.22
0.41 0.10 0.70 0.85 0.71 0.80
0.82 0.02 0.41 0.69 0.87 0.71
0.22 0.40 0.05 0.49 0.44 0.04
0.91 0.04 0.82 0.32 0.57 0.65
0.01 0.26 0.32 0.90 0.41 0.35
0.53 0.68 0.01 0.23 0.58 0.44
0.66 1.00 0.09 0.13 0.19 0.93
0.67 0.21 0.04 0.28 0.53 0.07
0.05 0.85 0.15 0.66 0.92 0.84
0.91 0.28 0.03 0.42 0.52 0.54
0.64 0.59 0.93 0.74 0.39 0.22
0.19 0.11 0.09 0.54 0.97 0.77
0.62 0.59 0.02 0.73 0.97 0.69
0.64 0.58 0.63 0.12 0.81 0.76
0.10 0.93 0.80 0.75 0.90 0.20
0.53 0.53 0.79 0.14 0.15 0.49
0.32 0.05 0.27 0.33 0.04 0.15
0.80 0.15 0.05 0.98 0.93 0.65
0.97 0.56 0.92 0.02 0.77 0.62
0.13 0.46 0.99 0.08 0.32 0.79
0.77 0.58 0.76 0.37 0.51 0.04
0.11 0.60 0.88 0.51 0.56 0.88
0.13 0.43 0.42 0.40 0.25 0.79
0.61 0.74 0.99 0.30 0.72 0.22
0.29 0.75 0.02 0.14 0.58 0.54
0.64 0.39 0.03 0.36 0.15 0.45
0.74 0.53 0.61 0.72 0.01 0.98
0.28 0.26 0.43 0.53 0.13 0.17
0.02 0.12 0.72 0.06 0.04 0.27
0.30 0.83 0.57 0.01 0.66 0.71
0.72 0.63 0.06 0.10 0.33 0.81
0.57 0.66 0.92 0.04 0.67 0.90
0.71 0.15 0.38 0.20 1.00 0.17
0.44 0.27 0.05 0.11 0.14 0.17
0.15 0.94 0.66 0.88 0.82 0.04
0.80 0.55 0.67 0.99 0.56 0.01
0.29 0.48 0.39 0.35 0.25 0.22
0.98 0.04 0.05 0.97 0.76 0.55
0.24 0.98 0.07 0.20 0.26 0.19
0.55 0.28 0.70 0.61 0.01 0.68
0.85 0.62 0.36 0.64 0.63 0.01
0.56 0.84 0.17 0.38 0.13 0.20
0.42 0.54 0.85 0.45 0.63 0.13
0.61 0.02 0.57 0.78 0.68 0.86
0.08 0.74 0.34 0.01 0.38 0.45
0.52 0.92 0.19 0.78 0.07 0.74
0.58 0.12 0.41 0.01 0.08 0.30
0.82 0.02 0.32 0.97 0.77 0.26
0.57 0.07 0.94 0.22 0.66 0.56
0.58 0.32 0.76 0.66 0.91 0.04
0.12 0.20 0.47 0.10 0.98 0.48
0.96 0.26 0.22 0.68 0.01 0.50
0.48 0.83 0.79 0.46 0.10 0.11
0.93 0.38 0.89 0.56 0.90 0.04
0.65 0.21 0.82 0.22 0.73 0.10
0.72 0.76 0.71 0.18 0.32 0.03
0.62 0.34 0.96 0.82 0.67 0.12
0.14 0.62 0.56 0.72 0.72 0.76
0.25 0.30 0.14 0.35 0.60 0.45
0.21 0.97 0.30 0.01 0.84 0.71
0.12 0.22 0.56 0.45 0.97 0.73
0.53 0.08 0.67 0.31 0.57 0.28
0.11 0.69 0.41 0.24 0.81 0.84
0.30 0.87 0.68 0.14 0.97 0.37
0.22 0.42 0.64 0.90 0.14 0.71
0.65 0.55 0.23 0.54 0.10 0.74
0.56 0.28 0.95 0.57 0.11 0.14
0.88 0.72 0.08 0.64 0.06 0.68
0.26 0.91 0.25 0.06 0.74 0.09
0.96 0.05 0.94 0.55 0.73 0.09
0.21 0.14 0.31 0.15 0.46 0.27
0.26 0.93 0.56 0.86 0.28 0.03
0.70 0.64 0.02 0.55 0.58 0.61
0.14 0.04 0.37 0.07 0.20 0.87
0.18 0.72 0.96 0.04 0.32 0.55
0.31 0.69 0.04 0.79 0.78 0.93
0.77 0.87 0.05 0.09 0.74 0.55
0.26 0.56 0.38 0.63 0.20 0.71
0.06 0.56 0.68 0.32 0.60 0.57
0.23 0.10 0.40 0.22 0.91 0.74
0.72 0.97 0.86 0.03 0.88 0.12
0.67 0.47 0.32 0.02 0.46 0.12
0.18 0.77 0.58 0.95 0.13 0.56
0.19 0.02 0.57 0.86 0.59 0.70
0.19 0.76 0.17 0.08 0.39 0.69
0.07 0.84 0.63 0.29 0.95 0.41
0.26 0.23 0.12 0.61 0.54 0.38
0.48 0.01 0.17 0.63 0.65 0.79
0.87 0.35 0.72 0.87 0.34 0.11
0.28 0.63 0.27 0.38 0.11 0.56
0.34 0.67 0.78 0.27 0.84 0.24
0.06 0.56 0.83 0.71 0.78 0.17
0.87 0.94 0.57 0.08 0.02 0.84
0.46 0.81 0.93 0.26 0.97 0.15
0.03 0.75 0.64 0.82 0.92 0.40
0.13 0.93 0.33 0.32 0.69 0.40
0.57 0.97 0.21 0.73 0.11 0.62
0.30 0.20 0.44 0.04 0.45 0.11
0.74 0.07 0.95 0.31 0.96 0.54
0.73 0.68 0.72 0.22 0.02 0.75
0.11 1.00 0.20 0.61 0.84 0.77
0.27 0.02 0.42 0.01 0.79 0.62
0.70 0.70 0.87 0.96 0.13 0.07
0.27 0.01 0.42 0.49 0.08 0.37
0.12 0.38 0.22 0.62 0.82 0.74
0.65 0.04 0.65 0.85 0.03 0.89
0.73 0.74 0.18 0.03 0.86 0.87
0.08 0.75 0.13 0.05 0.70 0.98
0.06 0.67 0.17 0.82 0.59 0.39
0.02 0.64 0.51 0.66 0.80 0.99
0.32 0.07 0.40 0.20 0.18 0.40
0.13 0.58 0.41 0.85 0.90 0.73
0.58 0.99 0.01 0.84 0.14 0.22
0.66 0.91 0.38 0.08 0.60 0.22
0.27 0.10 0.74 0.79 0.01 0.88
0.54 0.79 0.57 0.05 0.11 0.53
0.30 0.08 0.08 0.16 0.27 0.32
0.62 0.56 0.01 0.57 0.86 0.81
0.75 0.73 0.74 0.78 0.09 0.09
0.48 0.36 0.95 0.09 0.13 0.21
0.55 0.75 0.84 0.79 0.10 0.01
0.85 0.95 0.50 0.91 0.09 0.11
0.65 0.17 0.64 0.84 0.83 0.07
0.20 0.12 0.81 0.35 0.49 0.13
0.23 0.91 0.15 0.54 0.14 0.68
0.04 0.28 0.69 0.82 0.49 0.63
0.68 0.27 0.09 0.10 0.79 0.16
0.53 0.20 0.51 0.19 0.50 0.09
0.97 0.35 0.50 0.07 1.00 0.07
0.01 0.81 0.97 0.80 0.94 0.94
0.94 0.57 0.51 0.08 0.42 0.07
0.56 0.58 0.01 0.72 0.90 0.81
0.10 0.88 0.50 0.92 0.61 0.14
0.71 0.04 0.03 0.71 0.94 0.99
0.22 0.73 0.38 0.14 0.56 0.34
0.97 0.96 0.79 0.05 0.79 0.08
0.27 0.21 0.13 0.17 0.91 0.40
0.32 0.19 0.60 0.75 0.74 0.04
0.97 0.05 0.08 0.97 0.07 0.82
0.84 0.19 0.41 0.81 0.85 0.04
0.63 0.06 0.77 0.87 0.78 0.02
0.01 0.81 0.89 0.78 0.82 0.18
0.30 0.11 0.07 0.04 0.19 0.81
0.49 0.66 0.72 0.17 0.36 0.14
0.56 0.62 0.02 0.88 0.53 0.10
0.24 0.15 0.65 0.57 0.03 0.31
0.02 0.89 0.55 0.73 0.60 0.15
0.06 0.86 0.22 0.71 0.13 0.89
0.30 0.43 0.04 0.94 0.27 0.47
0.15 0.80 0.58 0.96 0.61 0.13
0.04 0.74 0.60 0.68 0.34 0.95
0.77 1.00 0.90 0.01 0.79 0.20
0.04 0.62 0.66 0.58 0.52 0.56
0.42 0.74 0.33 0.21 0.39 0.11
0.84 0.11 0.71 0.32 0.96 0.05
0.65 0.80 0.04 0.60 0.97 0.08
0.26 0.26 0.56 0.34 0.43 0.06
0.97 0.58 0.60 0.70 0.82 0.01
0.29 0.14 0.02 0.30 0.01 0.18
0.19 0.70 0.53 0.85 0.22 0.71
0.07 0.74 0.05 0.63 0.87 0.66
0.60 0.64 0.99 0.81 0.34 0.06
0.01 0.41 0.39 0.66 0.52 0.24
0.14 1.00 0.86 0.03 0.04 0.71
0.20 0.56 0.56 0.01 0.66 0.53
0.15 0.45 0.37 0.49 0.50 0.04
0.09 0.03 0.67 0.96 0.24 0.71
0.22 0.02 0.22 0.41 0.89 0.85
0.19 0.04 0.56 0.95 0.88 0.01
0.01 0.85 0.75 0.65 0.70 0.97
0.60 0.97 0.54 0.53 0.21 0.08
0.56 0.12 0.58 0.20 0.60 0.23
0.58 0.88 0.30 0.03 0.56 0.40
0.01 0.58 0.93 0.11 0.94 0.47
0.95 0.85 0.92 0.78 0.29 0.02
0.52 0.73 0.02 0.11 0.33 0.20
