53 7 99 90 43 86
58 80 17 89 98 58
1 98 62 24 34 23
72 3 45 8 65 24
51 61 44 97 97 93
5 12 100 20 9 69
37 41 73 87 8 91
48 45 25 38 27 23
23 54 82 69 46 65
35 3 34 41 19 49
95 88 21 96 83 5
64 90 70 77 5 94
56 95 66 31 92 61
9 48 4 61 33 17
79 91 33 64 26 97
29 20 14 48 13 38
34 66 96 15 95 19
58 53 50 2 96 86
77 31 35 38 18 98
24 89 56 7 42 81
88 74 28 41 84 7
19 85 83 53 4 93
29 77 56 7 45 92
23 85 4 96 20 52
67 2 62 59 85 59
92 98 10 66 4 14
39 88 24 83 65 14
62 32 39 11 56 28
51 13 7 41 90 55
97 15 55 46 12 76
90 88 58 2 52 17
14 45 27 53 54 17
28 7 89 57 81 49
69 86 81 9 100 55
92 78 50 15 10 98
38 3 63 22 5 42
63 83 75 96 22 21
91 71 68 95 40 2
16 30 29 30 49 24
86 13 58 9 51 62
27 51 99 55 6 36
76 59 26 12 67 67
85 1 63 74 36 93
35 51 62 26 66 97
6 35 34 33 7 10
1 64 85 67 64 5
58 10 26 28 90 75
44 97 53 21 98 95
53 80 89 9 97 56
35 9 47 9 41 90
93 55 47 22 62 11
74 62 35 31 28 96
24 55 87 8 1 86
20 11 23 98 10 38
58 38 9 76 15 84
62 8 29 51 10 34
59 74 38 92 3 93
24 45 4 89 86 86
6 54 21 86 91 90
50 44 66 1 61 40
10 33 37 33 7 12
87 89 17 45 7 46
81 39 52 57 1 8
96 82 57 19 43 63
3 86 50 60 97 76
96 72 58 13 59 13
54 60 68 64 63 8
18 99 26 43 44 4
60 89 52 9 56 34
63 53 67 4 4 60
88 72 3 58 65 88
22 16 32 58 1 57
46 69 37 30 30 17
7 16 50 21 26 60
45 71 15 51 1 82
61 72 99 3 53 75
6 25 24 44 69 16
68 1 48 73 79 63
13 85 19 84 16 60
66 64 8 51 25 96
16 56 2 20 32 23
84 91 28 4 88 73
9 2 66 82 96 8
73 45 14 37 4 77
50 59 26 18 81 74
32 84 48 17 80 65
11 70 32 52 64 100
76 48 16 29 54 7
59 43 63 91 65 7
31 14 98 18 16 3
18 64 92 30 76 12
81 100 42 57 3 71
53 87 98 64 94 2
95 4 55 15 9 33
90 17 7 50 3 25
70 97 11 59 37 11
16 73 93 89 99 1
16 14 10 2 60 40
96 88 97 51 39 5
52 98 98 4 30 95
6 92 10 32 93 100
12 21 40 49 18 92
6 97 71 6 74 75
80 51 1 2 48 68
65 5 13 95 90 56
11 49 35 26 34 15
71 81 53 13 25 69
56 17 84 15 61 23
15 5 99 36 57 52
20 96 57 3 38 52
96 65 5 82 90 15
66 80 64 17 15 54
44 83 3 97 42 22
63 23 7 54 50 66
73 59 52 62 77 2
10 3 2 54 15 1
1 42 96 55 62 63
41 31 64 55 12 15
2 67 45 52 84 91
14 13 10 3 33 49
6 75 13 69 100 59
1 75 76 62 100 72
49 46 10 58 4 20
27 70 65 20 3 43
31 79 84 10 57 15
3 91 70 96 45 67
29 99 24 56 1 61
68 78 24 61 2 55
3 78 100 82 61 65
80 15 31 2 4 25
100 3 60 35 63 77
2 8 55 74 27 96
20 81 63 81 4 92
85 99 21 96 1 79
44 16 16 28 33 46
10 76 34 3 59 98
33 79 69 1 67 68
3 67 87 47 100 85
62 57 40 52 4 91
50 33 10 49 1 27
22 1 62 84 96 63
84 2 91 53 59 84
11 3 17 31 28 6
17 14 51 62 2 38
78 87 35 15 18 57
97 60 44 52 5 5
62 1 55 95 90 54
10 4 92 46 57 63
78 77 50 20 17 92
9 99 88 51 51 5
56 20 74 25 43 1
62 99 1 46 11 98
1 90 53 78 55 73
13 1 4 88 31 55
4 74 70 78 55 60
49 37 18 12 14 32
53 91 1 98 1 77
32 1 93 66 15 77
13 94 70 26 4 66
2 85 56 95 30 74
79 12 36 60 4 23
23 98 8 10 78 24
2 60 80 65 81 69
36 29 11 40 72 35
89 99 29 2 51 11
53 74 94 17 3 72
23 3 82 22 51 66
30 100 94 5 8 86
78 1 74 89 67 30
15 9 41 27 7 41
87 84 38 13 75 16
5 69 82 48 77 89
5 34 63 62 89 100
8 8 99 53 98 81
48 13 26 10 24 14
41 3 91 12 97 94
53 84 94 4 57 41
3 5 73 60 56 93
2 91 46 51 16 4
93 73 2 92 5 85
72 58 85 12 45 1
15 56 93 22 78 43
2 64 88 62 35 98
2 65 19 86 29 17
3 87 63 63 75 62
22 42 88 23 71 17
20 45 91 5 37 34
80 92 61 12 96 9
4 21 67 71 73 94
24 6 24 22 32 12
2 56 86 34 80 36
11 72 55 75 3 6
59 97 90 7 88 8
70 95 17 13 27 100
53 93 51 70 11 4
1 4 59 60 54 80
31 50 26 39 15 26
17 94 39 77 1 62
84 78 73 85 8 3
85 74 84 12 92 7
82 51 7 45 73 29
8 8 95 27 40 58
7 24 18 80 72 21
58 97 73 8 7 54
57 26 9 30 82 77
2 88 25 61 88 79
2 51 89 23 87 87
16 6 46 34 18 23
9 94 12 24 91 63
4 35 82 45 71 78
23 22 4 96 2 5
30 83 67 1 17 84
98 11 99 9 80 22
52 51 63 28 11 14
94 98 62 1 64 17
74 98 28 1 76 52
96 8 26 9 96 92
12 57 63 66 2 58
53 5 91 1 21 61
14 51 27 21 78 45
5 54 80 59 100 85
6 19 68 69 62 33
15 53 53 100 14 2
72 1 87 58 78 84
42 28 37 26 21 16
5 8 77 84 80 29
35 78 57 51 2 69
93 1 14 82 15 92
13 62 65 8 79 69
12 70 30 30 55 97
