20 10

0.92 0.82 0.11 0.62 0.48 0.33 0.93 0.55 0.37 0.72
0.04 0.06 0.21 0.03 0.08 0.18 0.01 0.01 0.13 0.16
0.22 0.03 0.20 0.04 0.02 0.22 0.01 0.14 0.09 0.18
0.22 0.17 0.18 0.11 0.07 0.23 0.23 0.09 0.05 0.07
0.24 0.14 0.06 0.14 0.13 0.23 0.08 0.04 0.17 0.15
0.00 0.98 0.17 0.02 0.14 0.20 0.04 0.19 0.03 0.04
0.24 0.11 0.16 0.05 0.11 0.06 0.01 0.15 0.24 0.07
0.07 0.01 0.03 0.15 0.12 0.05 0.16 0.16 0.24 0.17
0.06 0.24 0.21 0.22 0.04 0.22 0.01 0.12 0.21 0.19
0.17 0.04 0.21 0.13 0.22 0.96 0.08 0.12 0.19 0.00
0.03 0.11 0.12 0.00 0.11 0.97 0.19 0.17 0.01 0.17
0.04 0.07 0.12 0.18 0.23 0.02 0.10 0.16 0.22 0.18
0.07 0.06 0.13 0.12 0.23 0.12 0.19 0.12 0.14 0.18
0.21 0.23 0.96 0.20 0.23 0.11 0.17 0.08 0.22 0.09
0.17 0.18 0.04 0.15 0.22 0.13 0.18 0.05 0.08 0.10
0.11 0.07 0.08 0.05 0.02 0.00 0.12 0.24 0.07 0.16
0.12 0.22 0.03 0.13 0.13 0.08 0.06 0.14 0.09 0.23
0.01 0.11 0.07 0.08 0.22 0.23 0.15 0.14 0.06 0.00
0.15 0.16 0.20 0.20 0.21 0.04 0.14 0.10 0.97 0.04
0.04 0.19 0.13 0.09 0.95 0.19 0.05 0.21 0.18 0.08
