20 10 
14 90 68 2 42 14 69 42 46
56 87 51 49 11 30 36 73 65
24 44 69 41 8 69 49 84 1
78 44 82 30 63 25 47 27 22
43 72 28 21 98 38 7 9 48
34 40 95 70 22 57 59 55 91
70 14 3 84 66 9 9 18 13
70 53 15 72 96 82 44 70 90
4 63 30 95 69 72 28 21 41
64 88 84 73 82 51 30 45 28
64 33 45 36 73 24 69 21 57
74 87 8 53 68 14 21 37 32
1 45 70 80 76 64 30 57 68
67 0 62 63 37 23 79 40 22
79 48 18 28 46 8 33 10 3
73 93 46 76 91 81 24 53 50
57 1 59 85 34 96 53 50 76
5 69 65 36 28 69 13 3 10
59 65 3 8 96 17 100 97 18
79 36 48 79 85 74 46 77 84
