20 10 
20 90 100 0 44 27 1 67 82
12 60 41 54 40 1 60 68 55
50 7 3 80 10 11 84 73 76
38 22 9 3 45 62 23 77 79
22 68 81 2 49 51 3 16 91
3 30 46 81 1 26 96 26 76
78 3 56 50 52 86 57 77 80
26 97 16 8 49 69 90 64 93
85 56 90 33 23 56 47 74 46
45 82 72 83 4 48 28 60 35
28 5 97 2 36 82 7 89 74
5 54 49 89 23 81 77 96 76
1 77 45 0 70 10 91 52 80
2 47 32 85 4 5 97 9 57
6 78 7 53 80 47 6 66 97
20 66 94 89 66 84 6 71 60
13 75 64 88 50 40 71 72 33
4 54 54 67 83 23 16 48 22
23 93 93 17 4 62 47 25 95
0 47 48 93 74 20 6 76 83
