20 10 
41 19 0 4 31 37 37 96 5
70 37 81 39 55 71 77 36 74
28 12 49 66 98 51 0 76 76
68 98 49 84 5 85 95 87 8
79 26 27 3 3 35 90 34 52
62 4 96 55 37 49 20 48 42
87 24 71 56 61 48 62 13 28
98 50 100 56 72 70 73 56 10
75 68 17 0 23 27 69 94 1
98 52 60 98 25 24 70 80 78
59 48 11 93 95 70 14 84 71
0 28 28 24 41 25 32 36 84
98 51 78 45 23 17 82 38 27
56 50 63 46 72 86 94 1 48
33 75 63 66 17 26 12 13 80
79 41 36 12 93 37 15 74 83
33 64 26 32 39 87 55 10 56
64 100 82 24 95 36 15 27 41
43 60 54 82 10 37 66 71 59
75 3 25 45 19 70 52 66 25
