20 10 
8 18 28 11 55 91 16 41 10
53 30 50 54 82 88 92 78 97
0 36 23 81 62 1 33 40 80
87 84 49 92 51 75 66 38 59
31 89 69 99 67 79 85 91 7
19 61 5 3 62 81 81 56 92
11 69 11 2 66 0 62 46 59
28 42 35 30 16 3 70 82 41
93 19 61 75 70 27 2 87 46
16 84 6 19 92 94 18 43 44
43 56 84 43 28 83 47 48 13
80 15 81 64 31 98 18 51 97
36 24 60 52 46 57 78 92 49
78 23 11 19 61 26 36 94 75
68 77 17 52 36 71 74 72 55
11 77 96 51 30 42 85 99 26
53 84 95 88 48 56 50 96 64
53 99 42 96 81 26 0 94 56
45 51 93 98 34 93 78 12 45
61 23 0 46 10 92 20 88 40
