20 14
0.50 0.11 0.40 0.16 0.73 0.31 0.22 0.55 0.70 0.63 0.71 0.63 0.24 0.63
0.62 0.42 0.87 0.43 0.91 0.64 0.91 0.84 0.01 0.53 0.40 0.80 0.80 0.08
0.36 0.73 0.68 0.88 0.34 0.05 0.54 0.50 0.34 0.24 0.97 0.80 0.67 0.29
0.62 0.61 0.73 0.67 0.26 0.58 1.00 0.96 0.77 0.81 0.63 0.61 0.61 0.08
0.74 0.89 0.42 0.30 0.22 0.33 0.22 0.04 0.98 0.34 0.48 0.44 0.85 0.03
0.03 0.95 0.59 0.16 0.71 0.45 0.67 0.96 0.84 0.31 0.18 0.93 0.62 0.43
0.75 0.02 0.69 0.39 0.15 0.21 0.61 0.49 0.68 0.98 0.91 0.75 0.57 0.73
0.66 0.74 0.37 0.30 0.52 0.07 0.14 0.14 0.51 0.53 0.64 0.80 0.99 0.96
0.16 0.34 0.39 0.29 0.43 0.13 0.66 0.28 0.97 0.58 0.66 0.04 0.99 0.35
0.23 0.69 0.09 0.17 0.61 0.13 0.33 0.03 0.66 0.35 0.14 0.66 0.62 0.44
0.20 0.80 0.54 0.83 0.00 0.30 0.59 0.56 0.63 0.56 0.43 0.52 0.33 0.15
0.16 0.29 0.06 0.97 0.38 0.39 0.33 0.28 0.08 0.06 0.86 0.00 0.46 0.30
0.38 0.77 0.61 0.65 0.22 0.78 0.56 0.13 0.20 0.62 0.60 0.54 0.33 0.91
0.13 0.94 0.91 0.27 0.36 0.01 0.11 0.16 1.00 0.80 0.49 0.08 0.21 0.50
0.95 0.21 0.78 0.68 0.83 0.30 0.43 0.94 0.29 0.53 0.12 0.96 0.61 0.40
0.29 0.53 0.78 0.63 0.74 0.61 0.04 0.68 0.10 0.89 1.00 0.01 0.41 0.55
0.59 0.63 0.18 0.62 0.24 0.33 0.47 0.13 0.18 0.10 0.18 0.02 0.94 0.32
0.86 0.53 0.50 0.33 0.18 0.88 0.69 0.88 0.92 0.46 0.02 0.05 0.71 0.44
0.68 0.61 0.92 0.45 0.88 0.61 0.04 0.19 0.00 0.80 0.78 0.65 0.63 0.02
0.73 0.81 0.44 0.54 0.39 0.03 0.97 0.99 0.73 0.37 0.00 0.63 0.28 0.90
