20 14
0.32 0.14 0.34 0.17 0.60 0.98 0.21 0.77 0.23 0.99 0.11 0.41 0.39 0.90
0.59 0.11 0.28 0.66 0.79 0.53 0.67 0.50 0.47 0.84 0.83 0.93 0.98 0.49
0.49 1.00 0.17 0.43 0.20 0.57 0.81 0.81 0.32 0.38 0.48 0.90 0.09 0.59
0.75 0.74 0.63 0.51 0.81 0.09 0.07 0.48 0.68 0.88 0.38 0.98 0.16 0.51
0.23 0.06 0.65 0.86 0.98 0.99 0.83 0.62 0.41 0.77 0.28 0.75 0.39 0.77
0.19 0.06 0.26 0.05 0.24 0.47 0.60 0.00 0.62 0.00 0.28 0.56 0.99 0.92
0.80 0.93 0.55 0.98 0.79 0.96 0.95 0.38 0.90 0.48 0.15 0.57 0.86 0.63
0.93 0.29 0.89 0.20 0.06 0.62 0.15 0.47 0.31 0.62 0.89 0.87 0.55 0.90
0.02 0.29 0.76 0.98 0.37 0.15 0.87 0.77 0.83 0.26 0.54 0.15 0.47 0.65
0.85 0.63 0.45 0.67 0.46 0.82 0.23 0.92 0.59 0.56 0.09 0.52 0.39 0.18
0.39 0.52 0.36 0.07 0.55 0.07 0.16 0.60 0.14 0.19 0.50 0.83 0.08 0.20
0.40 0.13 0.31 0.48 0.73 0.26 0.66 0.11 0.56 0.42 0.37 0.84 0.06 0.21
0.89 0.47 0.54 0.55 0.53 0.16 0.41 0.91 0.29 0.82 0.04 0.38 0.25 0.64
0.89 0.80 0.43 0.93 0.26 0.24 0.06 0.90 0.53 0.60 0.62 0.41 0.97 0.20
0.06 0.96 0.98 0.50 0.07 0.97 0.55 0.14 0.36 0.09 0.20 0.95 0.17 0.84
0.57 0.01 0.70 0.74 0.99 0.25 0.28 0.16 0.20 0.18 0.85 0.06 0.99 0.52
0.45 0.57 0.35 0.08 0.68 0.60 0.90 0.90 0.47 0.35 0.74 0.82 0.00 0.27
0.74 0.68 0.97 0.00 0.92 0.65 0.51 0.46 0.25 0.51 0.84 0.33 0.16 0.99
0.08 0.98 0.42 0.94 0.66 0.78 0.91 0.23 0.95 0.68 0.54 0.09 0.56 0.58
0.52 0.20 0.84 0.65 0.86 0.70 0.28 0.72 0.81 0.50 0.21 0.44 0.66 0.29
