20 14
0.79 0.88 0.77 0.57 0.89 0.46 0.51 0.48 0.06 0.02 0.18 0.64 0.08 0.05
0.07 0.88 0.13 0.91 1.00 0.47 0.73 0.32 0.93 0.99 0.82 0.10 0.61 0.89
0.75 0.95 0.26 0.28 0.52 0.25 0.00 0.90 0.90 0.93 0.52 0.14 0.67 0.60
0.14 1.00 0.21 0.55 0.03 0.97 0.28 0.06 0.77 0.74 0.68 0.38 0.93 0.11
0.31 0.50 0.56 0.93 0.60 0.69 0.32 0.64 0.90 0.80 0.75 0.44 0.75 0.90
0.34 0.72 0.43 0.22 0.76 0.37 0.12 0.96 0.63 0.61 0.18 0.25 0.58 0.50
0.96 0.07 0.71 0.11 0.56 0.46 0.86 0.37 0.77 0.19 0.15 0.20 0.94 0.15
0.79 0.32 0.20 0.39 0.90 0.24 0.39 0.95 0.72 0.83 0.36 0.75 0.76 0.33
0.32 0.99 0.63 0.49 0.16 0.03 0.65 0.32 0.33 0.79 0.01 0.94 0.84 0.95
0.06 0.76 0.91 0.00 0.90 0.19 0.47 0.40 0.49 0.42 0.58 0.83 0.49 0.59
0.98 0.40 0.38 0.76 0.27 0.56 0.50 0.58 0.40 0.66 0.42 0.10 0.07 0.95
0.04 0.51 0.41 0.29 0.96 0.81 0.89 0.97 0.18 0.84 0.07 0.65 0.81 0.66
0.36 0.27 0.74 0.81 0.66 0.72 0.82 0.40 0.10 0.57 0.26 0.94 0.92 0.40
0.21 0.26 0.20 0.36 0.91 0.48 0.35 0.11 0.58 0.07 0.28 0.04 0.48 0.42
0.27 0.44 0.14 0.86 0.68 0.83 0.53 0.76 0.96 0.08 0.47 0.68 0.58 0.05
0.71 0.98 0.74 0.84 0.50 0.09 0.65 0.82 0.67 0.36 0.53 0.04 0.66 0.27
0.28 1.00 0.13 0.65 0.14 0.55 0.60 0.71 0.21 0.27 0.64 0.42 0.22 0.34
0.54 0.98 0.11 0.16 0.12 0.02 0.87 0.83 0.52 0.25 0.53 0.80 0.54 0.87
0.11 0.01 0.84 0.73 0.85 0.96 0.59 0.15 0.23 0.52 0.96 0.09 0.91 0.83
0.68 0.84 0.30 0.64 0.80 0.51 0.58 0.82 0.60 0.98 0.58 0.04 0.28 0.81
