20 14
0.03 0.36 0.26 0.80 0.42 0.89 0.17 0.31 0.15 0.25 0.83 0.14 0.20 0.95
0.24 0.23 0.47 0.10 0.62 0.14 0.52 0.90 0.73 0.61 0.33 0.85 0.81 0.35
0.87 0.59 0.00 0.80 0.62 0.31 0.74 0.71 0.29 0.94 0.18 0.40 0.58 0.03
0.58 0.94 0.23 0.89 0.56 0.18 0.95 0.73 0.29 0.26 0.33 0.72 0.61 0.61
0.13 0.52 0.06 0.98 0.18 0.31 0.07 0.47 0.30 0.65 0.08 0.08 0.62 0.86
0.99 0.08 0.92 0.71 0.86 0.54 0.46 0.05 0.20 0.35 0.13 0.28 0.66 0.59
0.36 0.35 0.52 1.00 0.33 0.49 0.58 0.07 0.70 0.08 0.40 0.96 0.98 0.83
0.14 0.70 0.39 0.65 0.33 0.65 0.98 0.57 0.47 0.45 0.49 0.42 0.56 0.46
0.41 0.45 0.22 0.27 0.75 0.01 0.61 0.86 0.98 0.35 0.25 0.91 0.48 0.14
0.05 0.25 0.93 0.19 0.17 0.24 0.09 0.73 0.53 0.77 0.21 0.74 0.93 0.94
0.87 0.53 0.15 0.97 0.35 0.06 0.33 0.87 0.00 0.04 0.27 0.74 0.81 0.98
0.11 0.58 0.84 0.70 0.84 0.18 0.70 0.75 0.15 0.38 0.46 0.30 0.95 0.11
0.31 0.82 0.07 0.87 0.71 0.16 0.50 0.19 0.35 0.41 0.75 0.53 0.10 0.86
0.82 0.36 0.76 0.29 0.72 0.69 0.46 0.43 0.52 0.20 0.60 0.35 0.48 0.66
0.29 0.97 0.63 0.66 0.49 0.19 0.14 0.87 0.47 0.46 0.61 0.80 0.40 0.40
0.48 0.13 0.32 0.00 0.39 0.70 0.64 0.37 0.31 0.43 0.95 0.85 0.16 0.60
0.90 0.14 0.06 0.63 0.81 0.09 0.72 0.75 0.03 0.95 0.06 0.96 0.33 0.65
0.62 0.08 0.54 0.15 0.70 1.00 0.85 0.80 0.19 0.16 0.50 0.82 0.34 0.18
0.80 0.76 0.78 0.39 0.75 0.17 0.53 0.83 0.58 0.38 0.89 0.32 0.26 0.29
0.80 0.60 0.10 0.61 0.13 0.04 0.97 0.57 0.30 0.65 0.26 0.68 0.20 0.30
