250 6
0.72 0.77 0.38 0.69 0.59 0.16
0.13 0.91 0.60 0.67 0.35 0.69
0.57 1.00 0.23 0.32 0.76 0.50
0.43 0.50 0.32 0.38 0.09 0.93
0.39 0.37 0.04 0.56 0.60 0.04
0.78 0.93 0.50 0.30 0.45 0.23
0.38 0.92 0.54 0.46 0.40 0.35
0.46 0.78 0.12 0.49 0.09 0.46
0.51 0.32 0.50 0.60 0.35 0.61
0.17 0.47 0.41 0.07 0.66 0.47
0.04 0.19 0.58 0.24 0.32 0.52
0.37 0.12 0.76 0.01 0.40 0.63
0.53 0.27 0.05 0.15 0.01 0.91
0.20 0.95 0.44 0.26 0.62 0.66
0.22 0.42 0.05 0.01 0.16 0.20
0.06 0.46 0.21 0.56 0.01 0.57
0.49 0.40 0.28 0.82 0.49 0.13
0.53 0.48 0.25 0.22 0.07 0.41
0.92 0.50 0.44 0.34 0.59 0.08
0.57 0.91 0.16 0.23 0.07 0.17
0.06 0.39 0.17 0.19 0.29 0.05
0.93 0.33 0.42 0.36 0.78 0.04
0.45 0.82 0.60 0.03 0.02 0.58
0.05 0.41 0.04 0.21 0.44 0.25
0.75 0.28 0.04 0.42 0.40 0.56
0.87 0.28 0.06 0.16 0.02 0.70
0.96 0.13 0.37 0.19 0.77 0.23
0.41 0.01 0.11 0.14 0.83 0.95
0.81 0.16 0.97 0.12 0.92 0.62
0.65 0.91 0.10 0.88 0.14 0.29
0.26 0.63 0.03 0.63 0.21 0.08
0.28 0.03 0.41 0.62 0.34 1.00
0.02 0.02 0.81 0.95 0.86 0.76
0.58 0.53 0.96 0.51 0.56 0.03
0.38 0.18 0.74 0.68 0.45 0.83
0.31 0.93 0.06 0.52 0.90 0.11
0.84 0.10 1.00 0.47 0.94 0.32
0.76 0.57 0.46 0.84 0.05 0.09
0.85 0.18 0.71 0.25 0.84 0.51
0.70 0.15 0.30 0.89 0.94 0.54
0.22 0.28 0.57 0.39 0.74 0.82
0.76 0.20 0.12 0.13 0.98 0.60
0.87 0.59 0.57 0.06 0.03 0.68
0.63 0.68 0.27 0.51 0.20 0.16
0.37 0.35 0.18 0.38 0.36 0.72
0.73 0.55 0.02 0.51 0.45 0.94
0.23 0.06 0.11 0.46 0.34 0.26
0.97 0.79 0.27 0.52 0.06 0.53
0.21 0.34 0.24 0.98 0.69 0.70
0.90 0.66 0.05 0.83 0.10 0.52
0.14 0.52 0.95 0.11 0.14 0.18
0.17 0.65 0.49 0.02 0.10 0.05
0.04 0.83 0.63 0.15 0.46 0.78
0.25 0.03 0.91 0.33 0.53 0.40
0.81 0.10 0.84 0.81 0.54 0.19
0.83 0.04 0.12 0.22 0.45 0.17
0.73 0.04 0.30 0.68 0.96 0.92
0.47 0.28 0.41 0.37 0.52 0.77
0.34 0.91 0.47 0.13 0.14 0.42
0.63 0.20 0.59 0.37 0.52 0.20
0.38 0.58 0.03 0.34 0.55 0.59
0.89 0.04 0.82 0.14 0.25 0.60
0.32 0.25 0.43 0.43 0.26 0.79
0.55 0.08 0.24 0.01 0.30 0.76
0.81 0.35 0.16 0.06 0.14 0.35
0.63 0.59 0.52 0.92 0.06 0.22
0.66 0.49 0.22 0.82 0.11 0.18
0.67 0.24 0.51 0.37 0.10 0.20
0.81 0.88 0.09 0.86 0.06 0.47
0.66 0.45 0.32 0.18 0.10 0.51
0.74 0.25 0.74 0.06 0.93 0.12
0.50 0.45 0.27 0.46 0.21 0.19
0.98 0.64 0.52 0.23 0.08 0.10
0.62 0.38 0.72 0.85 0.29 0.76
0.06 0.14 0.91 0.36 0.85 0.61
0.24 0.84 0.53 0.19 0.83 0.04
0.92 0.45 0.44 0.80 0.17 0.08
0.60 0.10 0.52 0.80 0.24 0.67
0.98 0.12 0.84 0.92 0.62 0.14
0.62 0.04 0.17 0.50 0.57 0.60
0.04 0.27 0.06 0.73 0.78 0.85
0.63 0.32 0.17 0.16 0.36 0.71
0.09 0.10 0.55 0.49 0.28 0.20
0.47 0.38 0.20 0.18 0.46 0.27
0.51 0.31 0.45 0.25 0.65 1.00
1.00 0.65 0.03 0.59 0.93 0.41
0.64 0.01 0.90 0.22 0.90 0.65
0.28 0.46 0.42 0.12 0.21 0.17
0.39 0.01 0.61 0.49 0.47 0.28
0.95 0.46 0.06 0.55 0.15 0.43
0.54 0.40 0.80 0.23 0.01 0.32
0.62 0.64 0.98 0.04 0.80 0.14
0.86 0.06 0.62 0.87 0.03 0.53
0.57 0.92 0.02 0.78 0.02 0.85
0.20 0.49 0.16 0.73 0.03 0.20
0.79 0.82 0.25 0.50 0.17 0.14
0.40 0.88 0.15 0.32 0.30 0.02
0.03 0.10 0.34 0.78 0.55 0.76
0.06 0.51 0.10 0.45 0.41 0.67
0.55 0.54 0.02 0.66 0.51 0.18
0.33 0.04 0.70 0.19 0.39 0.61
0.04 0.25 0.71 0.48 0.16 0.38
0.51 0.18 0.01 0.39 0.77 0.89
0.03 0.08 0.21 0.44 0.63 0.14
0.19 0.55 0.86 0.32 0.20 0.72
0.56 0.05 0.18 0.15 0.64 0.97
0.72 0.51 0.70 0.63 0.07 0.10
0.35 0.21 0.17 0.02 0.24 0.36
0.74 0.21 0.69 0.97 0.10 0.22
0.18 0.05 0.19 0.73 0.96 0.80
0.16 0.78 0.01 0.45 0.18 0.62
0.51 0.10 0.37 0.43 0.84 0.26
0.86 0.04 0.85 0.25 0.25 0.09
0.41 0.83 0.04 0.15 0.99 0.93
0.60 0.09 0.04 0.60 0.11 0.75
0.93 0.55 0.73 0.61 0.86 0.01
0.68 0.37 0.33 0.38 0.16 0.42
0.79 0.40 0.12 0.80 0.10 0.63
0.17 0.53 0.81 0.56 0.13 0.42
0.53 0.01 0.76 0.42 0.67 0.36
0.06 0.89 0.20 0.18 0.38 0.88
0.02 0.32 0.40 0.89 0.19 0.39
0.25 0.04 0.28 1.00 0.80 0.49
0.33 0.40 0.77 0.13 0.38 0.11
0.04 0.67 0.75 0.98 0.99 0.01
0.38 0.73 0.66 0.67 0.07 0.56
0.39 0.05 0.39 0.51 0.74 0.49
0.39 0.30 0.13 0.44 0.21 0.35
0.11 0.50 0.57 0.18 0.12 0.78
0.81 0.33 0.59 0.34 0.97 0.29
0.53 0.51 0.68 0.39 0.81 0.03
0.49 0.38 0.61 0.21 0.36 0.07
0.21 0.06 0.57 0.21 0.62 0.80
0.21 0.79 0.02 0.79 0.84 0.42
0.41 0.01 0.30 0.60 0.40 0.86
0.03 0.74 0.15 0.84 0.14 0.52
0.09 0.68 0.07 0.05 0.30 0.18
0.81 0.52 0.65 0.16 0.63 0.05
0.10 0.36 0.75 0.38 0.43 0.03
0.71 0.86 0.23 0.33 0.04 0.33
0.96 0.82 0.24 0.17 0.86 0.17
0.54 0.16 0.10 0.57 0.89 0.76
0.78 0.34 0.88 0.59 0.06 0.16
0.25 0.15 0.41 0.71 0.34 0.19
0.14 0.04 0.50 0.16 1.00 0.96
0.03 0.59 0.46 0.76 0.42 0.50
0.04 0.98 0.20 0.56 0.65 0.77
0.59 0.57 0.03 0.02 0.01 0.36
0.40 0.12 0.29 0.40 0.58 0.55
0.86 0.22 0.31 0.22 0.75 0.01
0.04 0.14 0.58 0.79 0.03 0.34
0.48 0.77 0.71 0.30 0.02 0.95
0.31 0.40 0.15 0.29 0.38 0.31
0.01 0.52 0.97 0.60 0.66 0.87
0.01 0.09 0.32 0.89 0.27 0.14
0.21 0.02 0.12 0.06 0.42 0.63
0.24 0.28 0.35 0.45 0.03 0.47
0.39 0.07 0.79 0.83 0.62 0.13
0.62 0.79 0.92 0.39 0.03 0.30
0.31 0.26 0.01 0.36 0.02 0.06
0.98 0.73 0.61 0.51 0.70 0.02
0.11 0.02 0.52 0.55 0.30 0.36
0.21 0.17 0.74 0.54 0.08 0.06
0.02 0.93 0.57 0.67 0.80 0.62
0.96 0.19 0.08 0.32 0.56 0.02
0.91 0.01 0.18 0.15 0.26 0.05
0.72 0.02 0.53 0.07 0.31 0.39
0.51 0.03 0.79 0.42 0.17 0.08
0.39 0.05 0.69 0.06 0.54 0.15
0.88 0.04 0.65 0.88 0.13 0.65
0.01 0.22 0.39 0.39 0.25 0.36
0.43 0.15 0.13 0.32 0.61 0.58
0.01 0.93 0.21 0.53 0.75 0.95
0.91 0.11 0.62 0.54 0.07 0.72
0.01 0.10 0.22 0.45 0.25 0.44
0.33 0.22 0.03 0.50 0.61 0.23
0.86 0.01 0.79 0.86 0.51 0.09
0.19 0.83 0.12 0.62 0.15 0.39
0.89 0.72 0.98 0.73 0.68 0.02
0.90 0.11 0.25 0.20 0.02 0.84
0.08 0.27 0.82 0.65 0.21 0.24
0.31 0.03 0.39 0.02 0.14 0.83
0.08 0.69 0.69 0.25 0.04 0.83
0.03 0.91 0.66 0.07 0.59 0.75
0.30 0.15 0.60 0.01 0.12 0.14
0.58 0.17 0.27 0.57 0.89 0.11
0.02 0.32 0.97 0.45 0.04 0.42
0.01 0.33 0.69 0.32 0.75 0.45
0.08 0.04 0.65 0.98 0.96 0.72
0.76 0.09 0.63 0.10 0.33 0.29
0.96 0.95 0.99 0.93 0.61 0.01
0.18 0.09 0.34 0.78 0.36 0.21
0.36 0.15 0.06 0.67 0.16 0.37
0.76 0.73 0.35 0.93 0.04 0.02
0.26 0.06 0.47 0.17 0.27 0.54
0.37 0.07 0.08 0.85 0.96 1.00
0.01 0.55 0.78 0.05 0.37 0.72
0.03 0.28 0.29 0.38 0.12 0.58
0.77 0.39 0.57 0.65 0.82 0.01
0.74 0.18 0.50 0.61 0.27 0.20
0.61 0.17 0.47 0.75 0.65 0.07
0.06 0.15 0.01 0.03 0.99 0.19
0.73 0.16 0.71 0.51 0.52 0.02
0.23 0.23 0.24 0.14 0.40 0.87
0.04 0.07 0.61 0.03 0.91 0.59
0.47 0.65 0.62 0.11 0.07 0.91
0.56 0.41 0.36 0.93 0.22 0.05
0.79 0.21 0.24 0.29 0.16 0.41
0.65 0.64 0.79 0.24 0.90 0.04
0.18 0.03 0.27 0.16 0.48 0.60
0.07 0.35 0.10 0.78 0.86 0.23
0.74 0.16 0.64 0.37 0.01 0.80
0.65 0.05 0.80 0.21 0.18 0.55
0.37 0.06 0.90 0.63 0.15 0.74
0.38 0.28 0.25 0.57 0.89 0.02
0.66 0.80 0.60 0.88 0.76 0.01
0.34 0.24 0.58 0.77 0.01 0.46
0.81 0.26 0.30 0.05 0.67 0.07
0.94 0.50 0.41 0.12 0.46 0.01
0.13 0.31 0.06 0.06 0.32 0.94
0.59 0.24 0.27 0.50 0.06 0.61
0.31 0.18 0.10 0.99 0.80 0.53
0.68 0.06 0.96 0.33 0.16 0.70
0.70 0.32 0.96 0.03 0.70 0.02
0.05 0.28 0.14 0.54 0.33 0.36
0.06 0.69 0.53 0.85 0.55 0.03
0.43 0.02 0.27 0.15 0.40 0.24
0.95 0.64 0.08 0.21 0.89 0.16
0.04 0.86 0.74 0.36 0.05 0.18
0.17 0.01 0.23 0.30 0.18 0.10
0.05 0.44 0.95 0.06 0.56 0.67
0.33 0.71 0.13 0.09 0.30 0.16
1.00 0.22 0.58 0.53 0.12 0.69
0.13 0.68 0.65 0.03 0.84 0.64
0.31 0.77 0.30 0.22 0.14 0.74
0.94 0.04 0.11 0.70 0.67 0.63
0.71 0.06 0.28 0.08 0.54 0.44
0.69 0.43 0.40 0.54 0.23 0.05
0.03 0.81 0.18 0.83 0.52 0.79
0.17 0.49 0.24 0.26 0.19 0.40
0.02 0.41 0.52 0.66 0.41 0.03
0.19 0.21 1.00 0.27 0.81 0.32
0.02 0.51 0.95 0.05 0.92 0.21
0.67 0.11 0.77 0.95 0.95 0.04
0.17 0.58 0.02 0.33 0.86 0.67
0.74 0.18 0.03 0.39 0.25 0.60
0.45 0.63 0.66 0.52 0.26 0.04
0.21 0.57 0.10 0.80 0.22 0.43
0.61 0.95 0.01 0.40 0.97 0.04
0.77 0.02 0.78 0.34 0.31 0.02
