250 6
72 77 38 69 59 16
13 91 60 67 35 69
57 100 23 32 76 50
43 50 32 38 9 93
39 37 4 56 60 4
78 93 50 30 45 23
38 92 54 46 40 35
46 78 12 49 9 46
51 32 50 60 35 61
17 47 41 7 66 47
4 19 58 24 32 52
37 12 76 1 40 63
53 27 5 15 1 91
20 95 44 26 62 66
22 42 5 1 16 20
6 46 21 56 1 57
49 40 28 82 49 13
53 48 25 22 7 41
92 50 44 34 59 8
57 91 16 23 7 17
6 39 17 19 29 5
93 33 42 36 78 4
45 82 60 3 2 58
5 41 4 21 44 25
75 28 4 42 40 56
87 28 6 16 2 70
96 13 37 19 77 23
41 1 11 14 83 95
81 16 97 12 92 62
65 91 10 88 14 29
26 63 3 63 21 8
28 3 41 62 34 100
2 2 81 95 86 76
58 53 96 51 56 3
38 18 74 68 45 83
31 93 6 52 90 11
84 10 100 47 94 32
76 57 46 84 5 9
85 18 71 25 84 51
70 15 30 89 94 54
22 28 57 39 74 82
76 20 12 13 98 60
87 59 57 6 3 68
63 68 27 51 20 16
37 35 18 38 36 72
73 55 2 51 45 94
23 6 11 46 34 26
97 79 27 52 6 53
21 34 24 98 69 70
90 66 5 83 10 52
14 52 95 11 14 18
17 65 49 2 10 5
4 83 63 15 46 78
25 3 91 33 53 40
81 10 84 81 54 19
83 4 12 22 45 17
73 4 30 68 96 92
47 28 41 37 52 77
34 91 47 13 14 42
63 20 59 37 52 20
38 58 3 34 55 59
89 4 82 14 25 60
32 25 43 43 26 79
55 8 24 1 30 76
81 35 16 6 14 35
63 59 52 92 6 22
66 49 22 82 11 18
67 24 51 37 10 20
81 88 9 86 6 47
66 45 32 18 10 51
74 25 74 6 93 12
50 45 27 46 21 19
98 64 52 23 8 10
62 38 72 85 29 76
6 14 91 36 85 61
24 84 53 19 83 4
92 45 44 80 17 8
60 10 52 80 24 67
98 12 84 92 62 14
62 4 17 50 57 60
4 27 6 73 78 85
63 32 17 16 36 71
9 10 55 49 28 20
47 38 20 18 46 27
51 31 45 25 65 100
100 65 3 59 93 41
64 1 90 22 90 65
28 46 42 12 21 17
39 1 61 49 47 28
95 46 6 55 15 43
54 40 80 23 1 32
62 64 98 4 80 14
86 6 62 87 3 53
57 92 2 78 2 85
20 49 16 73 3 20
79 82 25 50 17 14
40 88 15 32 30 2
3 10 34 78 55 76
6 51 10 45 41 67
55 54 2 66 51 18
33 4 70 19 39 61
4 25 71 48 16 38
51 18 1 39 77 89
3 8 21 44 63 14
19 55 86 32 20 72
56 5 18 15 64 97
72 51 70 63 7 10
35 21 17 2 24 36
74 21 69 97 10 22
18 5 19 73 96 80
16 78 1 45 18 62
51 10 37 43 84 26
86 4 85 25 25 9
41 83 4 15 99 93
60 9 4 60 11 75
93 55 73 61 86 1
68 37 33 38 16 42
79 40 12 80 10 63
17 53 81 56 13 42
53 1 76 42 67 36
6 89 20 18 38 88
2 32 40 89 19 39
25 4 28 100 80 49
33 40 77 13 38 11
4 67 75 98 99 1
38 73 66 67 7 56
39 5 39 51 74 49
39 30 13 44 21 35
11 50 57 18 12 78
81 33 59 34 97 29
53 51 68 39 81 3
49 38 61 21 36 7
21 6 57 21 62 80
21 79 2 79 84 42
41 1 30 60 40 86
3 74 15 84 14 52
9 68 7 5 30 18
81 52 65 16 63 5
10 36 75 38 43 3
71 86 23 33 4 33
96 82 24 17 86 17
54 16 10 57 89 76
78 34 88 59 6 16
25 15 41 71 34 19
14 4 50 16 100 96
3 59 46 76 42 50
4 98 20 56 65 77
59 57 3 2 1 36
40 12 29 40 58 55
86 22 31 22 75 1
4 14 58 79 3 34
48 77 71 30 2 95
31 40 15 29 38 31
1 52 97 60 66 87
1 9 32 89 27 14
21 2 12 6 42 63
24 28 35 45 3 47
39 7 79 83 62 13
62 79 92 39 3 30
31 26 1 36 2 6
98 73 61 51 70 2
11 2 52 55 30 36
21 17 74 54 8 6
2 93 57 67 80 62
96 19 8 32 56 2
91 1 18 15 26 5
72 2 53 7 31 39
51 3 79 42 17 8
39 5 69 6 54 15
88 4 65 88 13 65
1 22 39 39 25 36
43 15 13 32 61 58
1 93 21 53 75 95
91 11 62 54 7 72
1 10 22 45 25 44
33 22 3 50 61 23
86 1 79 86 51 9
19 83 12 62 15 39
89 72 98 73 68 2
90 11 25 20 2 84
8 27 82 65 21 24
31 3 39 2 14 83
8 69 69 25 4 83
3 91 66 7 59 75
30 15 60 1 12 14
58 17 27 57 89 11
2 32 97 45 4 42
1 33 69 32 75 45
8 4 65 98 96 72
76 9 63 10 33 29
96 95 99 93 61 1
18 9 34 78 36 21
36 15 6 67 16 37
76 73 35 93 4 2
26 6 47 17 27 54
37 7 8 85 96 100
1 55 78 5 37 72
3 28 29 38 12 58
77 39 57 65 82 1
74 18 50 61 27 20
61 17 47 75 65 7
6 15 1 3 99 19
73 16 71 51 52 2
23 23 24 14 40 87
4 7 61 3 91 59
47 65 62 11 7 91
56 41 36 93 22 5
79 21 24 29 16 41
65 64 79 24 90 4
18 3 27 16 48 60
7 35 10 78 86 23
74 16 64 37 1 80
65 5 80 21 18 55
37 6 90 63 15 74
38 28 25 57 89 2
66 80 60 88 76 1
34 24 58 77 1 46
81 26 30 5 67 7
94 50 41 12 46 1
13 31 6 6 32 94
59 24 27 50 6 61
31 18 10 99 80 53
68 6 96 33 16 70
70 32 96 3 70 2
5 28 14 54 33 36
6 69 53 85 55 3
43 2 27 15 40 24
95 64 8 21 89 16
4 86 74 36 5 18
17 1 23 30 18 10
5 44 95 6 56 67
33 71 13 9 30 16
100 22 58 53 12 69
13 68 65 3 84 64
31 77 30 22 14 74
94 4 11 70 67 63
71 6 28 8 54 44
69 43 40 54 23 5
3 81 18 83 52 79
17 49 24 26 19 40
2 41 52 66 41 3
19 21 100 27 81 32
2 51 95 5 92 21
67 11 77 95 95 4
17 58 2 33 86 67
74 18 3 39 25 60
45 63 66 52 26 4
21 57 10 80 22 43
61 95 1 40 97 4
77 2 78 34 31 2
