250 6
56 46 82 25 85 43
42 90 89 64 54 77
62 54 89 54 87 35
77 20 1 65 44 29
52 33 2 70 81 45
31 7 27 42 22 76
4 97 60 10 90 50
16 53 24 45 48 40
47 1 74 32 26 60
49 42 9 62 40 97
38 13 13 7 22 22
4 3 79 68 88 14
22 91 37 13 12 40
79 49 83 89 2 43
23 18 88 43 49 98
56 19 27 85 17 82
77 7 48 13 35 40
17 22 95 25 9 11
80 2 11 93 8 85
49 44 9 74 61 55
27 50 36 5 48 46
18 41 9 34 4 43
95 9 20 91 27 85
77 90 2 73 37 37
11 72 31 36 57 46
71 79 6 51 88 71
41 28 53 36 17 21
54 16 36 11 15 95
95 76 81 5 39 52
18 77 3 31 8 63
54 64 58 65 64 4
34 86 97 14 1 74
36 2 88 36 48 28
24 37 66 6 5 36
42 7 23 38 23 74
5 14 95 50 51 48
9 35 22 80 22 19
3 21 13 40 42 46
54 26 62 64 31 10
12 78 10 21 60 46
1 97 81 43 56 90
12 40 23 3 12 18
71 36 77 69 71 3
45 48 21 1 18 5
76 28 4 68 51 51
78 89 17 5 100 24
100 69 37 94 4 40
74 83 20 73 61 12
20 70 2 78 57 79
58 92 99 79 58 1
82 13 50 24 21 1
74 8 56 42 2 30
36 7 18 28 40 74
64 30 13 81 2 61
1 27 98 67 52 74
81 35 4 3 47 94
44 4 15 19 1 97
50 11 48 96 56 52
62 1 6 8 68 11
84 5 59 4 24 95
88 58 3 65 16 67
31 10 33 13 24 39
53 98 15 42 99 14
100 80 16 59 2 59
7 48 74 34 95 45
38 27 46 51 5 68
1 80 88 33 12 71
25 3 44 83 53 26
13 12 10 32 1 75
89 17 9 78 57 48
93 2 78 16 1 58
71 7 99 11 58 12
70 97 95 61 8 7
41 78 12 40 56 34
3 3 15 83 10 41
14 37 23 75 77 11
69 37 7 45 7 3
51 13 51 56 68 19
18 10 75 17 11 20
65 56 1 99 63 9
97 84 86 21 10 3
1 93 77 29 17 20
46 22 57 91 78 9
8 31 1 14 42 54
60 74 56 93 92 3
25 19 50 2 8 35
11 2 26 10 50 60
46 13 23 73 60 7
7 61 42 39 98 55
15 2 49 83 55 19
40 60 76 43 90 5
44 51 80 55 14 17
7 44 74 11 56 6
63 63 2 68 63 19
3 51 20 33 56 25
88 87 69 93 2 2
16 86 59 31 8 94
23 10 47 13 61 19
59 40 6 49 1 37
15 1 19 99 21 79
100 68 83 1 9 75
18 25 76 73 16 16
4 43 12 6 74 48
47 36 9 18 76 24
93 5 86 13 25 86
54 3 77 62 70 50
27 40 12 56 1 70
1 48 60 41 93 84
42 89 34 4 90 1
75 9 17 14 7 38
46 65 97 76 64 3
15 26 27 93 34 31
23 15 80 6 62 66
98 7 82 96 94 4
36 10 32 68 37 75
55 34 15 39 94 8
87 91 4 82 32 25
74 30 25 93 43 11
28 27 13 31 38 50
56 45 93 27 70 1
68 75 2 66 86 38
8 95 5 42 35 49
43 9 4 16 32 22
99 87 17 5 64 21
100 5 20 53 61 96
74 73 88 88 4 28
77 3 71 4 18 18
9 50 37 12 43 22
54 63 93 97 96 2
31 9 64 72 71 9
47 44 34 1 48 64
33 93 1 43 60 39
32 99 23 83 30 8
5 80 45 75 33 57
52 1 15 58 89 42
59 61 50 21 6 57
6 36 19 48 67 41
69 58 2 73 38 76
4 20 12 25 41 19
29 88 8 14 35 93
88 85 71 34 4 22
20 24 11 18 68 83
4 66 8 83 54 68
76 10 89 93 70 8
45 13 92 1 46 71
45 5 86 4 96 47
27 32 20 76 20 41
27 72 41 66 90 11
25 1 63 80 81 84
12 30 9 75 37 67
1 48 69 33 65 84
20 14 33 93 32 17
45 40 96 1 24 95
27 34 77 65 85 10
67 7 64 31 64 37
73 44 15 90 49 2
6 3 96 27 97 43
74 97 7 23 6 72
20 56 1 96 71 21
21 42 6 13 24 44
98 50 53 93 6 15
78 59 61 67 54 1
29 6 8 27 24 40
58 83 8 96 6 70
13 10 92 24 89 9
3 27 27 44 13 9
64 54 12 7 53 78
10 63 42 14 41 26
2 66 63 27 88 77
38 37 53 1 19 21
61 45 25 38 88 11
43 67 90 87 82 5
12 35 23 48 26 14
4 11 44 52 99 10
100 93 18 60 4 12
81 1 63 60 58 37
88 11 82 13 62 5
84 17 49 34 4 58
53 23 7 15 71 12
69 11 77 3 96 98
16 97 10 35 58 27
29 2 62 42 16 70
8 76 56 28 32 20
63 2 79 68 21 58
1 82 29 38 12 18
19 88 12 57 16 17
26 89 13 72 98 15
6 22 3 71 11 37
65 36 100 69 1 48
66 35 95 32 51 1
50 73 5 82 5 86
16 30 20 43 12 15
62 89 57 83 43 3
78 10 68 6 73 94
41 37 8 25 26 43
83 16 61 1 67 45
91 61 10 2 68 12
94 14 29 49 10 31
10 87 59 34 7 1
98 64 1 84 41 51
71 94 6 100 63 8
13 18 19 70 32 43
94 99 6 4 34 38
21 82 56 39 93 1
9 5 98 11 73 49
35 63 45 27 63 9
4 62 70 35 72 10
71 1 97 7 14 21
26 6 43 27 67 11
16 20 5 91 60 9
59 25 78 58 26 18
78 65 55 91 24 1
27 18 31 10 4 95
8 97 61 65 42 1
65 36 15 79 47 2
6 21 64 14 71 2
66 84 7 64 51 8
59 9 31 47 28 35
81 10 27 53 26 21
29 93 61 78 2 69
4 67 59 23 67 83
42 46 2 55 36 1
90 23 13 4 16 38
60 78 3 22 8 84
28 29 2 84 64 85
4 28 10 94 50 87
11 60 53 6 40 36
18 28 80 5 83 98
22 52 44 100 57 4
75 8 7 17 30 59
2 64 95 15 50 80
60 45 15 2 12 29
32 14 2 83 72 96
50 4 66 72 15 96
37 16 70 20 10 19
65 92 4 3 99 7
32 75 97 64 3 68
26 19 22 40 66 1
2 55 10 78 46 66
74 17 3 22 57 60
39 12 99 12 28 38
65 59 5 3 44 80
12 10 1 27 27 82
30 4 12 53 88 96
69 55 12 3 54 52
32 14 15 38 6 19
74 27 1 45 97 60
53 27 59 33 86 2
27 75 89 77 33 7
21 97 48 75 28 4
