250 6
0.25 0.95 0.95 0.46 0.43 0.55
0.55 0.55 0.67 0.09 0.71 0.09
0.55 0.21 0.45 0.47 0.13 0.51
0.09 0.27 0.40 0.21 0.08 0.33
0.56 0.17 0.01 0.08 0.44 0.24
0.93 0.28 0.84 0.10 0.36 0.44
0.19 0.33 0.03 0.03 0.62 0.25
0.74 0.58 0.25 0.03 0.19 0.49
0.68 0.35 0.25 0.24 0.37 0.73
0.82 0.03 0.02 0.14 0.98 0.01
0.61 0.38 0.11 0.57 0.30 0.63
0.08 0.33 0.39 0.67 0.76 0.03
0.03 0.19 0.45 0.67 0.54 0.91
0.87 0.82 0.29 0.58 0.90 0.17
0.13 0.19 0.42 0.03 0.50 0.11
0.04 0.87 0.53 0.75 0.75 0.01
0.51 0.02 0.79 0.80 0.94 0.44
0.24 0.09 0.29 0.88 0.81 0.76
0.68 0.21 0.17 0.03 0.50 0.85
0.45 0.60 0.39 0.39 0.11 0.27
0.28 0.51 0.15 0.93 0.59 0.50
0.67 0.15 0.68 0.56 0.51 0.65
0.16 0.48 0.21 0.12 0.43 0.73
0.97 0.14 0.64 0.58 0.51 0.63
0.02 0.20 0.32 0.13 0.54 0.03
0.63 0.59 0.02 0.03 0.60 0.53
0.32 0.61 0.42 0.07 0.31 0.23
0.11 0.19 0.12 0.70 0.49 0.37
0.20 0.21 0.16 0.53 0.51 0.46
0.91 0.07 0.63 0.73 0.82 0.80
0.74 0.11 0.06 0.60 0.84 0.98
0.31 0.86 0.62 0.10 0.20 0.15
0.39 0.78 0.36 0.29 0.14 0.10
0.91 1.00 0.13 0.12 0.63 0.14
0.04 0.06 0.45 0.93 0.58 0.02
0.93 0.87 0.73 0.99 0.49 0.07
0.93 0.63 0.89 0.91 0.07 0.79
1.00 0.86 0.42 0.02 0.85 0.64
0.35 0.36 0.18 0.90 0.29 0.50
0.46 0.26 0.09 0.73 0.32 0.22
0.19 0.81 0.96 0.52 0.23 0.31
0.19 0.88 0.26 0.37 0.23 0.16
0.26 0.03 0.59 0.09 0.04 0.02
0.95 0.09 0.08 0.28 0.11 0.54
0.43 0.05 0.40 0.06 0.12 0.69
0.66 0.82 0.67 0.06 0.46 0.66
0.13 0.08 0.94 0.36 0.90 0.60
0.76 1.00 0.09 0.75 0.19 0.14
0.02 0.87 0.67 0.54 0.31 0.96
0.48 0.33 0.38 0.49 0.04 0.36
0.83 0.33 0.72 0.07 0.24 0.14
0.11 0.98 0.11 0.61 0.68 0.71
0.73 0.40 0.14 0.06 0.18 0.01
0.19 0.09 0.69 0.73 0.54 0.98
0.60 0.98 0.05 0.55 0.32 0.35
0.74 0.76 0.14 0.03 0.52 0.05
0.02 0.13 0.14 0.30 0.43 0.49
0.60 0.88 0.63 0.01 0.75 0.06
0.33 0.16 0.49 0.47 0.52 0.06
0.31 0.14 0.04 0.24 0.72 0.94
0.65 0.77 0.82 0.03 0.46 0.84
0.01 0.49 0.42 0.02 0.24 0.79
0.52 0.15 0.34 0.67 0.38 0.24
0.56 0.36 0.36 0.50 0.32 0.06
0.03 0.25 0.55 0.80 0.40 0.96
0.72 0.70 0.20 0.01 0.43 1.00
0.40 0.62 0.56 0.13 0.21 0.51
0.02 0.46 0.01 0.83 0.79 0.70
0.42 0.02 0.08 0.48 0.87 0.26
0.84 0.01 0.56 0.55 0.92 0.96
0.02 0.02 0.17 0.46 0.06 0.15
0.77 1.00 0.05 0.48 0.70 0.15
0.30 0.13 0.40 0.07 0.15 0.13
0.23 0.85 0.14 0.01 0.83 0.53
0.72 0.19 0.15 0.07 0.65 0.83
0.25 0.07 0.79 0.35 0.55 0.90
0.41 0.23 0.06 0.90 0.59 0.82
0.45 0.41 0.01 0.75 0.23 0.02
0.37 0.55 0.64 0.01 0.83 0.01
0.19 0.18 0.66 0.64 0.81 0.04
0.26 0.35 0.39 0.26 0.11 0.10
0.07 0.10 0.61 0.21 0.75 0.93
0.28 0.54 0.41 0.26 0.46 0.06
0.08 0.59 0.56 0.12 0.82 0.56
0.01 0.32 0.93 1.00 0.56 1.00
0.74 0.04 0.14 0.26 0.83 1.00
0.52 0.43 0.23 0.33 0.03 0.72
0.78 0.52 0.16 0.21 0.09 0.47
0.20 0.63 0.96 0.07 0.34 0.74
0.32 0.50 0.36 0.02 0.60 0.55
0.10 0.29 0.04 0.27 0.40 0.09
0.03 0.68 0.06 0.31 0.56 0.09
0.24 0.09 0.56 0.11 0.12 0.19
0.08 0.05 0.99 0.41 0.79 0.33
0.23 0.17 0.93 0.67 0.01 0.49
0.70 0.57 0.27 0.60 0.22 0.01
0.33 0.41 0.27 0.77 0.86 0.01
0.45 0.86 0.06 0.36 0.21 0.52
0.06 0.04 1.00 0.16 0.55 0.80
0.02 0.69 0.76 0.28 0.21 0.70
0.69 0.58 0.82 0.32 0.61 0.01
0.42 0.14 0.30 0.18 0.73 0.20
0.33 0.18 0.39 0.12 0.85 0.09
0.54 0.11 0.04 0.69 0.16 0.58
0.04 0.01 0.68 0.64 0.96 0.71
0.56 0.15 0.39 0.07 0.78 0.46
0.24 0.81 0.82 0.54 0.29 0.10
0.31 0.08 0.11 0.09 0.72 0.45
0.90 0.01 0.56 0.19 0.70 0.21
0.03 0.28 0.26 0.15 0.20 0.27
0.02 0.68 0.02 0.57 0.93 0.39
0.79 0.90 0.13 0.66 0.10 0.49
0.30 0.39 0.51 0.01 0.93 0.62
0.69 0.01 0.62 0.79 0.55 0.39
0.86 0.40 0.35 0.16 0.08 0.61
0.15 0.31 0.86 0.20 0.09 0.52
0.25 0.12 0.02 0.59 0.35 0.09
0.73 0.57 0.36 0.84 0.08 0.01
0.53 0.52 0.12 0.71 0.32 0.86
0.29 0.12 0.22 0.01 0.04 0.04
0.32 0.01 0.31 0.42 0.86 0.41
0.72 0.79 0.09 0.48 0.16 0.64
0.90 0.03 0.21 0.45 0.91 0.71
0.90 0.32 0.02 0.99 0.03 0.53
0.08 0.18 0.01 0.67 0.63 0.64
0.71 0.78 0.68 0.68 0.02 0.73
0.13 0.02 0.83 0.11 0.32 0.08
0.19 0.25 0.06 0.17 0.29 0.51
0.68 0.05 0.47 0.18 0.38 0.07
0.25 0.56 0.64 0.02 0.97 0.57
0.11 0.63 0.60 0.35 0.06 0.05
0.51 0.01 0.67 0.19 0.97 0.54
0.22 0.11 0.38 0.30 0.41 0.05
0.83 0.64 0.98 0.29 0.03 0.91
0.64 0.83 0.12 0.22 0.11 0.61
0.05 0.05 0.66 0.50 0.01 0.42
0.07 0.33 0.13 0.10 0.69 0.56
0.21 0.13 1.00 0.06 0.85 0.50
0.01 0.67 0.76 0.72 0.56 0.46
0.74 0.22 0.02 0.21 0.41 0.84
0.11 0.04 0.70 0.23 0.26 0.77
0.42 0.26 0.04 0.43 0.84 0.91
0.07 0.37 0.94 0.02 0.57 0.14
0.68 0.72 0.65 0.61 0.01 0.84
0.17 0.47 0.45 0.06 0.20 0.19
0.92 0.59 0.21 0.72 0.09 0.11
0.11 0.58 0.77 0.62 0.94 0.02
0.15 0.45 0.08 0.61 0.27 0.66
0.59 1.00 0.19 0.29 0.28 0.75
0.31 0.48 0.04 0.06 0.14 0.45
0.05 0.76 0.86 0.03 0.44 0.04
0.97 0.47 0.05 0.18 0.23 0.33
0.30 0.01 0.96 0.68 0.78 0.66
0.51 0.02 0.76 0.55 0.66 0.06
0.01 0.50 0.17 0.24 0.58 0.13
0.05 0.36 0.60 0.49 0.93 0.02
0.35 0.75 0.17 0.68 0.96 0.03
0.54 0.72 0.02 0.51 0.65 0.95
0.12 0.94 0.03 0.15 0.10 0.94
1.00 0.67 0.03 0.41 0.13 0.11
0.10 0.57 0.32 0.11 0.21 0.30
0.16 0.23 0.63 0.14 0.42 0.35
0.91 0.27 0.60 0.19 0.01 0.71
0.43 0.47 0.12 0.51 0.26 0.38
0.80 0.69 0.37 0.96 0.01 0.96
0.26 0.73 0.02 0.54 0.69 0.99
0.09 0.03 0.42 0.45 0.34 0.27
0.52 0.25 0.01 0.41 0.86 0.66
0.12 0.45 0.50 0.09 0.77 0.69
0.59 0.03 0.04 0.01 0.32 0.75
0.62 0.12 0.03 0.51 0.30 0.24
0.01 0.75 0.76 0.92 0.53 0.11
0.76 0.05 0.56 0.53 0.98 0.04
0.21 0.42 0.17 0.22 0.57 0.37
0.62 0.04 0.49 0.38 1.00 0.62
0.42 0.45 0.04 0.54 0.03 0.61
0.57 0.58 0.02 0.34 0.17 0.40
0.98 0.22 0.01 0.03 0.88 0.04
0.84 0.67 0.79 0.17 0.01 0.73
0.26 0.68 0.55 0.55 0.03 0.73
0.54 0.63 0.02 0.47 0.44 0.96
0.25 0.32 0.94 0.24 0.12 0.18
0.97 0.03 0.09 0.95 0.56 0.61
0.09 0.65 0.23 0.16 0.37 0.11
0.27 0.71 0.87 0.21 0.03 0.75
0.05 0.41 0.97 0.95 0.27 0.02
0.93 0.50 0.16 0.73 0.03 0.11
0.35 0.09 0.08 0.74 0.23 0.74
0.15 0.16 0.82 0.67 0.99 0.01
0.25 0.15 0.66 0.08 0.41 0.11
0.16 0.87 0.12 0.26 0.84 0.51
0.82 0.04 0.09 0.68 0.86 0.68
0.23 0.19 0.47 0.17 0.01 0.77
0.68 0.01 0.10 0.88 0.28 0.88
0.01 0.85 0.84 0.99 0.28 0.76
0.20 0.03 0.07 0.10 0.58 0.95
0.19 0.17 0.12 0.45 0.53 0.17
0.55 0.85 0.02 0.58 0.79 0.14
0.02 0.21 0.65 0.45 0.25 0.44
0.94 0.74 0.74 0.42 0.01 0.13
0.86 0.99 0.11 0.88 0.12 0.56
0.42 0.07 0.06 0.94 0.47 0.04
0.67 0.34 0.25 0.49 0.02 0.16
0.85 0.01 0.82 0.64 0.52 0.12
0.53 0.04 0.30 0.43 0.45 0.51
0.32 0.59 0.01 0.95 0.67 0.55
0.36 0.76 0.13 0.29 0.26 0.24
0.20 0.28 0.33 0.35 0.08 0.45
0.89 0.02 0.87 0.06 0.72 0.32
0.16 0.72 0.95 0.60 0.03 0.10
0.08 0.40 0.07 0.57 0.52 1.00
0.01 0.31 0.83 0.98 0.73 0.27
0.48 0.02 0.05 0.64 0.06 0.81
0.17 0.41 0.01 0.31 0.64 0.75
0.42 0.04 0.29 0.52 0.05 0.96
0.55 0.01 0.73 0.63 0.70 0.04
0.13 0.41 0.07 0.79 0.28 0.84
0.07 0.19 0.01 0.46 0.23 0.36
0.77 0.45 0.24 0.05 0.02 0.98
0.01 0.19 1.00 0.04 0.43 0.11
0.11 0.03 0.52 0.20 0.65 0.92
0.30 0.34 0.20 0.08 0.02 0.62
0.01 0.89 0.07 0.79 0.44 0.07
0.91 0.01 0.71 0.30 0.80 0.19
0.15 0.60 0.41 0.17 0.06 0.73
0.93 0.01 0.53 0.85 0.56 0.60
0.70 0.61 0.12 0.34 0.32 0.25
0.72 0.11 0.03 0.08 0.25 0.70
0.20 0.01 0.64 0.23 0.31 0.79
0.42 0.08 0.04 0.77 0.88 0.70
0.83 0.73 0.71 0.01 0.14 0.02
0.14 0.10 0.63 0.33 0.88 0.65
0.39 0.07 0.09 0.87 0.44 0.40
0.63 0.61 0.05 0.71 0.01 0.60
0.10 0.87 0.67 0.10 0.63 0.39
0.28 0.88 0.54 0.88 0.03 0.39
0.45 0.80 0.71 0.08 0.11 0.01
0.08 0.56 0.07 0.41 0.50 0.19
0.36 0.41 0.18 0.03 0.15 0.97
0.12 0.67 0.64 0.04 0.76 0.17
0.22 0.74 0.45 0.03 0.93 0.03
0.68 0.13 0.08 0.48 0.95 0.19
0.79 0.17 0.32 0.72 0.93 0.02
0.02 0.07 0.58 0.56 0.52 0.09
0.06 0.54 0.70 0.97 0.53 0.02
0.02 0.15 0.15 0.79 0.56 0.29
0.63 1.00 0.66 0.91 0.03 0.23
0.13 0.78 0.28 0.43 0.29 0.21
0.69 0.31 0.56 0.45 0.61 0.01
0.36 0.84 0.57 0.19 0.01 0.32
