250 6
13 51 95 62 49 100
23 58 62 29 71 100
30 34 88 23 96 17
31 60 67 19 40 57
83 12 31 23 36 22
44 35 59 51 26 41
54 87 90 99 62 17
97 84 33 43 89 9
39 20 12 10 27 35
14 37 14 31 97 31
88 4 18 18 70 77
26 25 85 90 56 98
25 7 18 21 2 10
63 30 9 77 38 53
65 58 63 62 29 1
86 72 9 38 65 84
38 49 37 38 27 9
18 4 1 13 3 11
9 35 89 85 87 75
37 17 18 12 26 18
82 17 99 8 86 65
1 97 47 31 18 93
91 1 61 76 47 76
12 33 93 55 48 1
5 46 59 47 98 19
9 96 70 46 63 69
27 39 82 6 89 93
62 9 64 2 16 27
20 21 68 35 41 3
98 22 38 1 33 39
5 32 44 94 89 72
17 47 1 40 54 49
14 79 34 55 66 100
16 19 43 36 13 82
77 1 40 76 86 41
99 66 59 69 91 8
37 1 78 26 16 21
1 37 55 87 33 25
13 85 96 43 17 22
30 48 66 20 67 1
39 75 29 3 73 92
16 41 32 29 42 35
9 39 29 30 76 72
70 64 68 18 2 55
3 50 92 64 87 65
5 79 60 64 4 31
11 18 17 6 52 16
4 27 25 93 39 41
67 11 70 83 1 75
22 17 57 34 1 100
10 62 36 48 74 81
17 20 43 23 19 25
4 63 62 41 33 100
66 20 22 32 58 8
2 45 53 88 80 79
5 64 31 39 86 15
40 19 48 35 60 6
4 85 63 78 87 60
89 20 15 48 79 5
7 33 34 61 14 10
64 1 70 91 56 16
6 27 45 35 68 15
3 36 36 82 30 42
17 61 95 59 7 87
14 65 91 49 13 5
1 91 73 22 63 18
23 11 68 28 24 8
3 82 14 94 84 98
39 98 5 18 48 4
9 28 95 27 90 86
28 19 31 70 62 9
48 80 55 1 77 97
23 1 80 28 23 21
84 84 82 99 28 3
68 49 41 5 40 43
53 95 11 9 48 79
90 47 14 10 32 18
10 78 21 89 88 54
33 49 20 57 5 8
6 40 9 27 29 93
1 64 98 74 58 81
35 35 4 69 83 4
7 94 36 23 7 74
23 63 15 77 55 3
58 73 26 68 49 7
3 24 45 75 27 34
9 13 69 96 93 92
83 70 26 7 12 90
7 23 43 5 9 7
2 66 86 82 90 90
49 1 81 14 1 10
7 48 12 40 45 30
51 16 87 5 3 95
9 20 34 65 49 69
16 18 44 56 23 54
41 28 22 49 75 9
66 83 83 1 52 91
71 13 26 57 42 6
93 3 52 69 94 95
49 23 83 4 27 7
4 78 22 84 45 20
72 90 58 3 59 100
1 16 5 23 81 24
60 24 65 35 46 2
66 70 42 2 14 5
86 52 40 1 59 32
4 18 25 3 12 34
4 87 10 20 84 29
98 1 72 86 51 56
18 30 67 2 88 2
16 17 84 82 10 20
76 97 11 3 7 91
3 15 39 4 43 30
67 47 79 1 67 93
51 59 79 56 1 85
94 18 14 75 1 46
8 93 3 96 50 84
23 52 30 2 51 8
35 6 15 11 12 13
35 22 6 11 48 5
14 3 54 25 64 7
39 99 1 10 87 86
49 10 51 95 35 2
12 65 94 52 8 47
4 54 78 69 11 40
4 67 75 81 29 2
18 57 61 38 54 1
51 10 84 94 6 6
87 9 5 92 2 74
14 21 48 91 40 30
31 40 12 39 91 1
19 95 27 94 2 79
87 56 11 64 2 56
7 5 76 75 75 79
8 18 33 63 83 15
6 3 18 38 2 11
10 87 34 32 53 2
97 2 77 15 54 92
79 68 93 8 6 89
21 56 21 37 57 2
7 86 11 80 46 27
75 23 19 5 16 39
60 44 40 5 16 25
77 97 27 1 61 90
55 1 28 49 9 100
65 77 12 5 60 73
59 2 37 16 97 5
32 26 13 33 100 4
1 88 7 34 26 73
9 57 8 60 90 17
89 90 68 9 5 85
1 43 100 52 57 68
10 37 7 100 32 71
2 1 40 79 69 24
40 3 11 48 13 47
9 85 4 53 18 92
4 68 9 56 21 87
2 65 95 41 68 95
10 43 25 10 37 33
8 99 77 88 67 1
71 41 2 6 28 5
99 52 13 95 54 3
15 34 13 14 48 37
11 65 1 47 60 78
36 33 69 42 1 61
2 58 83 11 79 72
59 98 88 1 85 75
39 45 43 14 27 5
52 52 4 8 76 29
27 47 27 11 39 21
91 41 82 1 82 90
1 82 65 55 60 38
63 77 11 10 42 42
36 39 23 1 14 22
17 10 6 96 2 87
97 66 46 61 1 24
19 71 3 6 81 42
67 7 11 3 6 80
1 12 14 80 39 55
14 17 87 96 85 5
22 97 57 3 4 85
100 53 52 66 1 69
8 47 20 19 35 92
5 17 25 100 71 53
38 11 3 4 10 8
55 44 2 10 72 17
18 60 31 53 1 3
1 34 32 8 1 69
11 94 40 73 41 3
74 92 10 90 2 68
28 35 82 2 65 79
29 92 99 10 72 5
4 26 61 82 6 69
1 4 72 62 10 72
4 25 19 74 64 28
100 56 61 6 15 1
15 86 22 2 70 41
86 55 1 7 18 82
1 78 40 16 79 56
45 2 88 57 92 12
4 32 81 23 50 9
33 57 75 19 48 1
48 32 29 59 72 3
1 60 12 62 57 36
94 1 31 3 92 39
44 56 7 59 74 3
3 55 26 33 43 64
4 81 7 94 48 27
32 82 22 75 11 1
65 75 26 88 28 1
49 9 41 9 56 5
24 14 67 4 74 52
22 77 17 93 73 8
21 64 36 10 74 3
12 25 11 93 99 11
52 1 70 45 79 12
10 8 3 14 60 71
51 69 48 38 53 3
2 61 94 73 13 43
75 5 14 7 6 96
3 79 87 97 95 5
64 10 39 13 40 8
65 45 1 8 76 76
60 87 1 48 14 3
51 21 76 59 84 2
4 31 32 41 5 37
4 97 1 9 62 93
5 25 5 97 50 16
53 40 86 28 37 2
25 99 26 75 13 2
70 8 95 9 48 77
46 87 57 63 83 1
19 1 98 4 76 63
69 48 54 45 59 3
2 91 4 56 44 67
28 87 38 1 3 42
85 16 55 1 29 59
10 29 17 22 26 48
24 8 24 95 62 2
14 13 66 23 79 35
84 58 11 49 1 4
2 22 54 64 56 74
57 1 77 78 47 48
24 34 64 35 56 4
89 100 8 66 80 2
93 2 48 68 88 87
15 95 4 6 43 66
66 6 24 67 39 7
1 89 41 91 11 2
3 57 21 48 13 23
