250 6
0.04 0.60 0.60 0.57 0.75 0.53
0.17 0.46 0.48 0.90 0.56 0.78
0.06 0.05 0.21 0.90 0.42 0.13
0.01 0.21 0.16 0.03 0.49 0.69
0.49 0.25 0.20 0.24 0.02 0.24
0.39 0.37 0.33 0.73 0.73 0.22
0.57 0.17 0.34 0.17 0.18 0.70
0.38 0.49 0.28 0.09 0.18 0.37
0.13 0.15 0.20 0.39 0.24 0.62
0.58 0.69 0.20 0.13 0.72 0.54
0.41 0.41 0.13 0.57 0.21 0.48
0.36 0.48 0.13 0.48 0.84 0.07
0.39 0.97 0.10 0.42 0.42 0.04
0.61 0.21 0.05 0.14 0.36 0.05
0.29 0.24 0.58 0.31 0.79 0.38
0.48 0.20 0.11 0.43 0.45 0.86
0.82 0.72 0.17 0.27 0.20 0.18
0.07 0.98 0.76 0.43 0.95 0.68
0.92 0.11 0.64 0.72 0.39 0.17
0.51 0.24 0.89 0.97 0.18 0.61
0.86 0.88 0.70 0.04 0.47 0.37
0.79 0.07 0.86 0.63 0.72 0.88
0.20 0.85 0.15 0.81 0.46 0.79
0.60 0.72 0.50 0.06 0.95 0.21
0.01 0.09 0.34 0.77 0.24 0.45
0.35 0.13 0.98 0.52 0.70 0.69
0.49 0.07 0.85 0.37 0.95 0.73
0.45 0.16 0.07 0.26 0.49 0.35
0.83 0.92 0.06 0.99 0.44 0.03
0.67 0.19 0.89 0.63 0.98 0.25
0.75 0.94 0.87 0.85 0.62 0.03
0.15 0.24 0.23 0.32 0.09 0.50
0.30 0.45 0.81 0.24 0.42 0.23
0.42 0.86 0.93 0.95 0.03 0.87
0.68 0.01 0.20 0.48 0.36 0.62
0.14 0.18 0.20 0.10 0.52 0.94
0.55 0.80 0.15 0.84 0.78 0.31
0.19 0.02 0.30 0.47 0.08 0.41
0.95 0.71 0.85 0.07 0.07 0.68
0.80 0.15 0.99 0.38 0.88 0.69
0.07 0.24 0.28 0.53 0.31 0.87
0.39 0.10 0.34 0.82 0.50 0.37
0.02 0.47 0.62 0.74 0.67 0.48
0.99 0.97 0.41 0.23 0.15 0.69
0.83 0.05 0.06 0.58 0.49 0.34
0.06 0.02 0.02 0.27 0.92 0.13
0.20 0.82 0.62 0.75 0.75 0.30
0.52 0.71 0.18 0.12 0.58 0.18
0.70 0.91 0.06 0.45 0.29 0.23
0.04 0.82 0.73 0.13 0.81 0.62
0.31 0.72 0.75 0.04 0.77 0.60
0.23 0.01 0.50 0.58 0.20 0.50
0.03 0.24 0.54 0.02 0.74 0.94
0.53 0.48 0.86 0.20 0.74 0.04
0.23 0.10 0.06 0.12 0.30 0.44
0.50 0.89 0.02 0.61 0.59 0.77
0.41 0.01 0.46 0.29 0.40 0.29
0.93 0.88 0.78 0.03 0.45 0.68
0.02 0.18 0.35 0.27 0.16 0.71
0.97 0.95 0.03 0.67 0.06 0.49
0.39 0.48 0.14 0.56 0.82 0.39
0.69 0.26 0.18 0.27 0.23 0.38
0.18 0.65 0.34 0.94 0.02 0.88
0.12 0.54 0.71 0.76 0.61 0.50
0.28 0.13 0.06 0.04 0.34 0.49
0.16 0.50 0.61 0.84 0.51 0.21
0.54 0.32 0.05 0.08 0.28 0.68
0.65 0.13 0.01 0.11 0.02 0.59
0.16 0.86 0.78 0.36 0.52 0.18
0.62 0.47 0.07 0.72 0.23 0.92
0.44 0.40 0.81 0.71 0.16 0.05
0.96 0.22 0.37 0.45 0.50 0.01
0.42 0.31 0.07 0.14 0.38 0.36
0.23 0.07 0.35 0.01 0.95 0.50
0.33 0.05 0.18 0.25 0.32 0.08
0.65 0.91 0.01 0.60 0.59 0.51
0.87 0.20 0.35 0.57 0.01 0.35
0.14 0.66 0.55 0.14 0.30 0.75
0.44 0.38 0.05 0.07 0.51 0.66
0.51 0.14 0.96 0.67 0.19 0.15
0.32 0.30 0.94 0.40 0.44 0.02
0.04 0.41 1.00 0.30 0.35 0.41
0.17 0.10 0.39 0.02 0.49 0.58
0.70 0.82 0.67 0.53 0.21 0.09
0.15 0.31 0.02 0.15 0.86 0.23
0.32 0.04 0.86 0.44 0.77 0.53
0.09 0.95 0.44 0.76 0.70 0.25
0.52 0.84 0.44 0.10 0.49 0.25
0.02 0.48 0.61 0.56 0.35 0.25
0.77 0.03 0.88 0.24 0.94 0.16
0.62 0.68 0.91 0.04 0.18 0.75
0.70 0.03 0.04 0.34 0.68 0.36
0.90 0.84 0.77 0.15 0.23 0.23
0.38 0.41 0.63 0.27 0.25 0.07
0.01 0.14 0.84 0.57 0.04 0.09
0.22 0.72 0.58 0.19 0.62 0.41
0.80 0.07 0.25 0.07 0.09 0.57
0.39 0.47 0.16 0.17 0.37 0.02
0.63 0.20 0.78 1.00 0.04 0.69
0.56 0.03 0.55 0.75 0.25 0.33
0.84 0.61 0.86 0.52 0.04 0.09
0.37 0.50 0.05 0.12 0.31 0.38
0.20 0.88 0.37 0.21 0.05 0.36
0.08 0.92 0.35 0.80 0.20 0.32
0.25 0.97 0.53 0.99 0.04 0.16
0.38 0.98 0.10 0.01 1.00 0.40
0.73 0.67 0.54 0.46 0.31 0.09
0.17 0.72 0.09 0.86 0.15 0.75
0.68 0.05 0.82 0.17 0.66 0.12
0.17 0.71 0.62 0.71 0.32 0.13
0.76 0.39 0.07 0.81 0.49 0.02
1.00 0.16 0.46 0.92 0.01 0.56
0.30 0.74 0.64 0.91 0.68 0.09
0.21 0.33 0.68 0.19 0.34 0.01
0.43 0.23 0.69 0.07 0.61 0.26
0.22 0.93 0.34 0.72 0.07 0.95
0.12 0.25 0.18 0.52 0.98 0.04
0.52 0.79 0.18 0.11 0.49 0.03
0.78 0.90 0.48 0.80 0.03 0.12
0.09 1.00 0.25 0.64 0.20 0.04
0.96 0.04 0.73 0.80 0.05 0.87
0.23 0.74 0.30 0.92 0.59 0.05
0.97 0.38 0.85 0.01 0.52 0.53
0.73 0.15 0.99 0.25 0.99 0.06
0.34 0.23 0.36 0.23 0.53 0.04
0.97 0.88 0.71 0.05 0.03 0.44
0.14 0.78 0.55 0.25 0.75 0.23
0.54 0.02 0.25 0.78 0.68 0.99
0.29 0.38 0.03 1.00 0.71 0.77
0.19 0.26 0.94 0.47 0.96 0.09
0.52 0.89 0.56 0.64 0.20 0.09
0.44 0.45 0.27 0.10 0.57 0.29
0.59 0.80 0.59 0.07 0.18 0.52
0.75 0.68 0.55 0.79 0.27 0.22
0.08 0.88 0.02 0.23 0.70 0.79
0.07 0.14 0.80 0.84 0.90 0.42
0.09 0.95 0.35 0.53 0.19 0.14
0.70 0.01 0.26 0.07 0.09 0.75
0.99 0.17 0.61 0.75 0.18 0.40
0.27 0.89 0.59 0.94 0.85 0.02
0.02 0.49 0.66 0.16 0.43 0.62
0.21 0.34 0.16 0.35 0.67 0.09
0.09 0.99 0.71 0.45 0.69 0.02
0.07 0.81 0.35 0.32 0.12 0.62
0.32 0.04 0.58 0.63 0.78 0.01
0.69 0.42 0.51 0.67 0.24 0.02
0.42 0.39 0.10 0.31 0.18 0.46
0.14 0.88 0.83 0.94 0.61 0.01
0.64 0.55 0.85 0.04 0.19 0.99
0.01 0.38 0.26 0.79 0.44 0.03
0.59 0.57 0.99 0.03 0.57 0.26
0.14 0.01 0.57 0.28 0.08 0.90
0.14 0.48 0.56 0.93 0.16 0.49
0.31 0.19 0.02 0.18 0.16 0.11
0.21 0.89 0.06 0.37 0.67 0.69
0.02 0.31 0.34 0.58 0.72 0.62
0.20 0.82 0.47 0.86 1.00 0.01
0.30 0.39 0.12 0.25 0.27 0.78
0.09 0.05 0.55 0.85 0.54 0.42
0.05 0.06 0.08 0.87 0.60 0.39
0.60 0.99 0.09 0.91 0.93 0.09
0.40 0.40 0.49 0.16 0.23 0.23
0.97 0.02 0.32 0.73 0.30 0.38
0.12 0.29 0.13 0.83 0.84 0.52
0.55 0.12 0.98 0.11 0.61 0.47
0.33 0.24 0.86 0.40 0.08 0.76
0.08 0.87 0.55 0.15 0.88 0.66
0.35 0.29 0.15 0.32 0.01 0.17
0.89 0.96 0.01 0.68 0.26 0.58
0.67 0.04 0.18 0.84 0.61 0.54
0.08 0.07 0.01 0.12 0.24 0.82
0.90 0.84 0.37 0.03 0.06 0.65
0.45 0.10 0.12 0.75 0.02 0.48
0.89 0.19 0.04 0.57 0.77 0.07
0.79 0.07 0.04 0.58 0.12 0.99
0.01 0.04 0.99 0.75 0.88 0.12
0.94 0.01 0.41 0.13 0.20 0.52
0.05 0.07 0.78 0.46 0.15 0.09
0.56 0.90 0.54 0.95 0.31 0.02
0.20 0.98 0.20 0.70 0.46 0.43
0.57 0.54 0.16 0.02 0.29 0.94
0.16 0.01 0.09 0.58 0.16 0.88
0.73 0.29 0.39 0.03 0.48 0.78
0.74 0.06 0.93 0.84 0.15 0.11
0.25 0.08 0.04 0.09 0.35 0.93
0.56 0.14 0.19 0.03 0.71 0.08
0.85 0.60 0.06 0.04 0.12 0.28
0.74 0.39 0.81 0.10 0.41 0.43
0.73 0.31 0.01 0.69 0.90 0.57
0.21 0.71 0.25 0.53 0.54 0.44
0.06 0.53 0.69 0.19 0.36 0.40
0.76 0.08 0.83 0.68 0.58 0.05
0.08 0.09 0.17 0.08 0.26 0.12
0.20 0.06 1.00 0.88 0.70 0.30
0.67 0.74 0.05 0.44 0.09 0.44
0.23 0.95 0.33 0.87 0.03 0.44
0.71 0.37 0.10 0.05 0.04 0.85
0.46 0.08 0.85 0.31 0.19 0.49
0.16 0.62 0.65 0.05 0.05 0.66
0.90 0.53 0.56 0.66 0.31 0.04
0.10 0.61 0.32 0.34 0.67 0.04
0.06 0.95 0.10 0.05 0.04 0.68
0.01 0.05 0.69 0.68 0.49 0.69
0.69 0.03 0.97 0.01 0.72 0.70
0.17 0.69 0.02 0.64 0.47 0.21
0.56 0.01 0.85 0.29 0.26 0.57
0.50 0.19 0.80 0.14 0.10 0.26
0.97 0.54 0.71 0.02 0.66 0.02
0.14 0.39 0.59 0.14 0.44 0.05
0.37 0.06 0.78 0.15 0.75 0.35
0.21 0.05 0.08 0.11 0.83 0.69
0.02 0.99 0.07 0.12 0.99 0.10
0.61 0.28 0.90 0.12 0.07 0.73
0.16 0.22 0.16 0.38 0.52 0.60
0.42 0.82 0.66 0.03 0.26 0.89
0.59 0.94 0.03 0.04 0.90 0.82
0.37 0.15 0.10 0.51 0.03 0.04
0.02 0.95 0.73 0.58 0.92 0.22
0.41 0.03 0.81 0.24 0.29 0.39
0.41 0.42 0.59 0.19 0.23 0.09
0.72 0.93 0.08 0.07 0.73 0.21
0.57 0.78 0.02 0.65 0.07 0.45
0.95 0.52 0.73 0.01 0.83 0.66
0.30 0.11 0.19 0.48 0.69 0.09
0.56 0.03 0.23 0.84 0.57 0.20
0.23 0.67 0.02 1.00 0.37 0.12
0.29 0.05 0.28 0.27 0.52 0.69
0.47 0.74 0.23 0.06 0.50 0.23
0.65 0.66 0.59 0.07 0.54 0.47
0.84 0.94 0.04 0.83 0.08 0.30
0.56 0.40 0.12 0.03 0.29 0.19
0.11 0.90 0.88 0.27 0.60 0.04
0.19 0.35 0.65 0.01 0.62 0.70
0.05 0.07 0.20 0.28 0.80 0.87
0.92 0.38 0.94 0.01 0.61 0.63
0.17 0.46 0.46 0.76 0.06 0.14
0.96 0.14 0.18 0.21 0.11 0.39
0.95 0.32 0.05 0.18 0.06 0.46
0.65 0.43 0.33 0.03 0.03 0.15
0.52 0.14 0.61 0.51 0.03 0.79
0.20 0.23 0.92 0.26 0.18 0.56
0.05 0.23 0.87 0.04 0.33 0.91
0.60 0.27 0.96 0.79 0.34 0.03
0.66 0.95 0.78 0.61 0.07 0.03
0.12 0.04 0.11 0.93 0.32 0.89
0.34 0.33 0.52 0.67 0.01 0.96
0.99 0.52 0.74 0.11 0.56 0.08
0.19 0.50 0.06 0.46 0.03 0.24
0.88 0.04 0.89 0.24 0.53 0.02
0.13 0.60 0.67 0.05 0.12 0.81
