250 6
0.09 0.49 0.86 0.28 0.07 0.20
0.98 0.92 0.53 0.85 0.99 0.99
0.09 0.46 0.61 0.90 0.35 0.48
0.78 0.91 0.79 0.84 0.95 0.85
0.57 0.95 0.69 0.90 0.02 0.47
0.88 0.30 0.28 0.34 0.92 0.20
0.25 0.84 0.77 0.39 0.37 0.83
0.90 0.04 0.78 0.35 0.22 0.39
0.82 0.99 0.46 0.16 0.15 0.06
0.10 0.13 0.42 0.28 0.15 0.07
0.57 0.65 0.41 0.78 0.98 0.34
0.77 0.93 0.07 0.93 0.29 0.43
0.06 0.01 0.37 0.43 0.45 0.43
0.10 0.84 0.63 0.06 0.06 0.51
0.43 0.97 0.12 0.61 0.07 0.18
0.40 0.14 0.17 0.35 0.13 0.53
0.15 0.03 0.38 0.96 0.65 0.09
0.87 0.41 0.08 0.30 0.59 0.46
0.38 0.17 0.13 0.29 0.39 0.03
0.10 0.85 0.10 0.82 0.88 0.53
0.64 0.61 0.75 0.17 0.40 0.75
0.97 0.07 0.86 0.19 0.05 0.18
0.28 0.71 0.40 0.42 0.36 0.14
0.59 0.51 0.57 0.22 0.34 0.67
0.02 0.20 0.28 0.24 0.15 0.82
0.55 0.58 0.53 0.54 0.11 0.47
0.08 0.34 0.54 0.53 0.23 0.31
0.03 0.08 0.76 0.75 0.45 0.38
0.09 0.23 0.59 0.47 0.35 0.17
0.02 0.30 0.75 0.96 0.36 0.13
0.10 0.07 1.00 0.90 0.08 0.06
0.76 0.69 0.69 0.13 0.88 0.68
0.98 0.62 0.27 0.23 0.66 0.13
0.58 0.62 0.79 0.30 0.99 0.01
0.37 1.00 0.47 0.30 0.01 0.49
0.77 0.02 0.08 0.06 0.45 0.73
0.40 0.22 0.22 0.71 0.22 0.23
0.06 0.94 0.54 0.15 0.92 0.87
0.45 0.28 0.28 0.31 0.02 0.15
0.84 0.75 0.02 0.89 0.41 0.67
0.44 0.11 0.19 0.06 0.02 0.61
0.72 0.17 0.34 0.13 0.33 0.33
0.68 0.70 0.05 0.75 0.40 0.98
1.00 0.15 0.16 0.53 0.88 0.17
0.21 0.03 0.61 0.04 0.70 0.09
0.08 0.27 0.09 0.51 0.58 0.82
0.35 0.41 0.10 0.91 0.92 0.16
0.12 0.35 0.57 0.40 0.26 0.01
0.61 0.60 0.07 0.59 0.17 0.63
0.40 0.95 0.53 0.17 0.25 0.76
0.54 0.35 0.01 0.51 0.11 0.32
0.42 0.86 0.17 0.54 0.10 0.50
0.33 0.19 0.05 0.41 0.57 0.50
0.01 0.37 0.75 0.55 0.86 0.81
0.53 0.42 1.00 0.59 0.07 0.07
0.23 0.26 0.21 0.46 0.31 0.50
0.34 0.24 0.69 0.27 0.55 0.01
0.91 0.50 0.04 0.93 0.43 0.13
0.32 0.91 0.17 0.61 0.11 0.93
0.04 0.55 0.18 0.64 0.70 0.17
0.78 0.27 0.91 0.64 0.09 0.35
0.20 0.02 0.11 0.32 0.07 0.23
0.99 0.64 0.96 0.02 0.95 0.08
0.02 0.93 0.16 0.20 0.93 0.14
0.55 0.68 0.62 0.17 0.63 0.49
0.67 0.55 0.08 0.03 0.45 0.86
0.11 0.23 0.33 0.76 0.53 0.44
0.44 0.06 0.40 0.07 0.14 0.79
0.18 0.74 0.31 0.80 0.18 0.77
0.04 0.43 0.20 0.81 0.06 0.23
0.81 0.82 0.51 0.20 0.83 0.29
0.63 0.48 0.12 0.10 0.34 0.78
0.47 0.22 0.04 0.53 0.41 0.76
0.09 0.94 0.28 0.67 0.58 0.80
0.41 0.51 0.32 0.27 0.41 0.32
0.64 0.09 0.77 0.86 0.01 0.71
0.01 0.36 0.71 0.46 0.26 0.25
0.19 0.10 0.37 0.47 0.03 0.33
0.52 0.04 0.01 0.36 0.19 0.81
0.63 0.69 0.11 0.01 0.27 0.52
0.89 0.73 0.65 0.23 0.02 0.13
0.39 0.36 0.01 0.10 0.80 0.63
0.41 0.42 0.91 0.14 0.24 0.69
0.08 0.64 0.62 0.06 0.85 0.98
0.22 0.78 0.73 0.05 0.10 0.78
0.05 0.19 0.63 0.83 0.73 0.34
0.49 0.18 0.94 0.16 0.13 0.42
0.19 0.24 0.62 0.16 0.72 0.54
0.56 0.84 0.97 0.07 0.74 0.06
0.31 0.33 0.09 0.41 0.79 0.31
0.56 0.96 0.53 0.05 0.90 0.81
0.03 0.32 0.05 0.38 0.35 0.38
0.30 0.23 0.22 0.17 0.01 0.30
0.55 0.24 0.23 0.61 0.52 0.01
0.99 0.49 0.07 0.79 0.74 0.22
0.78 0.70 0.52 0.15 0.28 0.03
0.20 0.83 0.51 0.15 0.98 0.28
0.05 0.30 0.82 0.28 0.47 0.55
0.19 0.93 0.03 0.64 0.14 0.76
0.15 0.25 0.04 0.30 0.39 0.61
0.62 0.07 0.04 0.38 0.98 0.68
0.61 0.47 0.09 0.79 0.39 0.25
0.60 0.66 0.33 0.23 0.84 0.19
0.42 0.69 0.97 0.06 0.08 0.98
0.04 0.44 0.33 0.67 0.08 0.50
0.77 0.14 0.70 0.51 0.87 0.04
0.70 0.21 0.84 0.25 0.06 0.41
0.03 0.85 0.67 0.78 0.42 0.08
0.87 0.48 0.42 0.01 0.42 0.17
0.38 0.67 0.54 0.10 0.25 0.26
0.78 0.08 0.10 0.97 0.34 0.11
0.80 0.82 0.18 0.09 0.60 0.14
0.26 0.72 0.47 0.81 0.38 0.01
0.06 0.29 0.34 0.94 0.03 0.95
0.60 0.04 0.07 0.51 0.63 0.57
0.14 0.75 0.40 0.75 0.93 0.08
0.02 0.16 0.60 0.30 0.97 0.45
0.05 0.52 0.99 0.39 0.17 0.17
0.71 0.73 0.90 0.02 0.89 0.08
0.12 0.02 0.21 0.24 0.30 0.19
0.60 0.62 0.63 0.72 0.14 0.08
0.19 0.38 0.14 0.14 0.76 0.88
0.17 0.49 0.05 0.10 0.69 0.31
0.75 0.49 0.01 0.18 0.68 0.99
0.36 0.07 0.39 0.93 0.32 0.11
0.12 0.67 0.23 0.34 0.10 0.18
0.87 0.01 0.97 0.92 0.97 0.14
0.63 0.80 0.03 0.92 0.56 0.05
0.97 0.05 0.64 0.93 0.02 0.63
0.27 0.97 0.35 0.17 0.19 0.14
0.83 0.64 0.21 0.12 0.66 0.02
0.33 0.41 0.14 0.26 0.23 0.20
0.65 0.77 0.25 0.08 0.76 0.22
0.35 0.83 0.06 0.96 0.18 0.95
0.28 0.71 0.82 0.10 0.65 0.81
0.11 0.36 0.49 0.22 0.11 0.11
0.19 0.76 0.75 0.18 0.56 0.38
0.97 0.63 0.63 0.05 0.33 0.92
0.99 0.41 0.26 0.15 0.48 0.06
0.08 0.74 0.26 0.86 0.05 0.78
0.02 0.04 0.60 0.34 0.30 0.52
0.17 0.95 0.34 0.14 0.64 0.63
0.27 0.32 0.11 0.53 0.69 0.16
0.39 0.38 0.99 0.15 0.69 0.45
0.43 0.34 0.05 0.85 0.55 0.30
0.56 0.79 0.99 0.06 0.49 0.49
0.68 0.64 0.80 0.02 0.80 0.99
0.33 0.07 0.19 0.36 0.07 0.10
0.67 0.67 0.56 0.18 0.26 0.24
0.74 0.11 0.24 0.06 0.13 0.48
0.15 0.60 0.46 0.05 0.76 0.86
0.99 0.18 0.07 0.58 0.10 0.82
0.49 0.20 0.36 0.02 0.76 0.11
0.68 0.39 0.15 0.09 0.85 0.69
0.43 0.54 0.10 0.73 0.67 0.25
0.29 0.63 0.82 0.06 0.55 0.88
0.23 0.69 0.63 0.06 0.41 0.39
0.03 0.10 0.30 0.86 0.82 0.24
0.12 0.05 0.60 0.08 0.22 0.57
0.18 0.27 0.05 0.47 0.18 0.12
0.03 0.85 0.01 0.90 0.43 0.90
0.93 0.59 0.32 0.71 0.15 0.09
0.53 0.92 0.73 0.74 0.06 0.08
0.33 0.49 0.52 0.46 0.95 0.05
0.42 0.40 0.10 0.19 0.14 0.02
0.15 0.02 0.57 1.00 0.12 0.30
0.90 0.37 0.29 0.05 0.56 0.59
0.76 0.03 0.84 0.17 0.86 0.04
0.84 0.74 0.01 0.05 0.91 0.77
0.21 0.41 0.24 0.11 0.56 0.68
0.94 0.54 0.11 0.13 0.40 0.20
0.56 0.83 0.16 0.10 0.11 0.28
0.77 0.76 0.80 0.15 0.10 0.60
0.04 0.97 0.26 0.02 0.39 0.88
0.51 0.13 0.84 0.49 0.35 0.02
0.25 0.82 0.05 0.95 0.11 0.29
0.04 0.17 0.67 0.35 0.50 0.43
0.70 0.13 0.68 0.80 0.70 0.06
0.54 0.91 0.08 0.53 0.05 0.45
0.23 0.86 0.03 0.72 0.24 0.31
0.13 0.18 0.12 0.99 0.21 0.75
0.58 0.56 0.69 0.14 0.24 0.17
0.04 0.27 0.20 0.41 0.41 0.58
0.97 0.12 0.77 0.18 0.66 0.07
0.55 0.27 0.03 0.82 0.40 0.77
0.06 0.30 0.08 0.80 0.96 0.99
0.18 0.61 0.04 0.49 0.20 0.29
0.33 0.33 0.33 0.19 0.51 0.14
0.05 0.14 0.99 0.58 0.28 0.68
0.75 0.81 0.01 0.27 0.88 0.34
0.87 0.01 0.81 0.31 0.58 0.30
0.41 0.16 0.18 0.20 0.54 0.18
0.11 0.32 0.15 0.65 0.83 0.33
0.52 0.69 0.85 0.01 0.71 0.64
0.07 0.33 0.07 0.84 0.03 0.11
0.06 0.19 0.28 0.49 0.73 0.36
0.11 0.67 0.23 0.43 0.17 0.27
0.91 0.94 0.92 0.83 0.02 0.11
0.01 0.79 0.63 0.69 0.82 0.70
0.27 0.01 0.23 0.13 0.16 0.14
0.40 0.81 0.22 0.14 0.55 0.69
0.02 0.53 0.19 0.78 0.03 0.55
0.13 0.54 0.30 0.11 0.72 0.81
0.91 0.65 0.67 0.04 0.29 0.96
0.05 0.11 0.43 0.66 0.24 0.49
0.83 0.56 0.52 0.84 0.03 0.07
0.28 0.29 0.40 0.11 0.23 0.31
1.00 0.48 0.10 0.04 0.41 0.07
0.08 0.11 0.03 0.55 0.81 0.87
0.19 0.29 0.07 0.60 0.02 0.15
0.95 0.31 0.48 0.03 0.64 0.82
0.67 0.04 0.10 0.74 0.59 0.25
0.60 0.89 0.98 0.06 0.22 0.30
0.10 0.84 0.04 0.31 1.00 0.80
0.35 0.85 0.14 0.78 0.15 0.12
0.06 0.51 0.60 0.47 0.02 0.44
0.41 0.59 0.26 0.07 0.33 0.96
0.04 0.79 0.56 0.60 0.67 0.35
0.77 0.66 0.05 0.11 0.53 0.41
0.91 0.22 0.09 0.36 0.54 0.04
0.53 0.01 0.28 0.11 0.84 0.87
0.10 0.60 0.58 0.23 0.50 0.69
0.04 0.60 0.30 0.04 0.08 0.42
0.87 0.79 0.80 0.11 0.73 0.02
0.08 0.38 0.39 0.06 0.43 0.11
0.35 0.33 0.43 0.45 0.64 0.04
0.09 0.87 0.04 0.70 0.65 0.57
0.17 0.88 0.14 0.35 0.08 0.75
0.96 0.88 0.75 0.06 0.61 0.06
0.12 0.10 0.32 0.14 0.49 0.21
0.08 0.92 0.87 0.93 0.31 0.06
0.09 0.77 0.34 0.07 0.80 0.41
0.93 0.08 0.13 0.13 0.24 0.66
0.08 0.04 0.90 0.93 0.23 0.70
0.15 0.44 0.15 0.21 0.92 0.17
0.99 1.00 0.75 0.13 0.61 0.03
0.67 0.53 0.48 0.02 0.73 0.86
0.38 0.13 0.06 0.66 0.85 0.17
0.15 0.79 0.86 0.02 0.51 0.46
0.03 0.71 0.33 0.28 0.23 0.21
0.63 0.22 0.10 0.19 0.49 0.81
0.52 0.74 0.77 0.06 0.14 0.09
0.82 0.24 0.14 0.10 0.25 0.99
0.71 0.62 0.16 0.69 0.47 0.01
0.38 0.09 0.18 0.02 0.71 0.06
0.38 0.27 0.90 0.01 0.30 0.05
0.10 0.18 0.31 0.89 0.80 0.78
0.01 0.97 0.34 0.55 0.37 0.91
0.63 0.14 0.09 0.48 0.88 0.07
0.37 0.79 0.75 0.03 0.61 0.58
