20 12
0.61 0.67 0.94 0.37 0.92 0.93 0.94 0.17 0.42 0.05 0.48 0.33
0.38 0.39 0.32 0.74 0.20 0.27 0.50 0.84 0.08 0.11 0.26 0.78
0.64 0.40 0.37 0.72 0.76 0.08 0.28 0.44 0.80 0.80 0.54 0.22
0.29 0.78 0.52 0.90 0.77 0.57 0.49 0.96 0.39 0.93 0.87 0.04
0.82 0.69 0.15 0.49 0.77 0.43 0.25 0.23 0.60 0.53 0.38 0.16
0.78 0.71 0.17 0.95 0.73 0.67 0.45 0.88 0.96 0.24 0.09 0.27
0.46 0.10 0.79 0.89 0.60 0.98 0.01 0.26 0.75 0.26 0.23 0.20
0.89 0.62 0.57 0.04 0.00 0.53 0.18 0.49 0.25 0.58 0.67 0.54
0.08 0.91 0.11 0.79 0.32 0.12 0.88 0.29 0.71 0.35 0.06 0.39
0.63 0.04 0.78 0.60 0.41 0.92 0.68 0.91 0.74 0.08 0.01 0.19
0.18 0.01 0.81 0.79 0.55 0.56 0.68 0.25 0.65 0.77 0.46 0.45
0.31 0.01 0.84 0.48 1.00 0.77 0.12 0.08 0.39 0.78 0.45 0.48
0.93 0.16 0.26 0.09 0.16 0.69 0.98 0.62 0.57 0.64 0.35 0.65
0.84 0.22 0.95 0.02 0.56 0.97 0.44 0.37 0.60 0.72 0.17 0.08
0.30 0.42 0.03 0.49 0.85 0.92 0.28 0.73 0.76 0.46 0.89 0.54
0.92 0.76 0.18 0.82 0.42 0.14 0.22 0.23 0.43 0.55 0.89 0.25
0.79 0.32 0.39 0.85 0.04 0.99 0.75 0.51 0.07 0.23 0.43 0.68
0.84 0.52 0.89 0.51 0.32 0.54 0.35 0.05 0.52 0.24 0.76 0.17
0.63 0.83 0.17 0.40 0.42 0.23 0.45 0.39 0.01 0.01 0.29 0.63
0.98 0.26 0.71 0.27 0.01 0.43 0.09 0.25 0.26 0.00 0.86 0.23
