20 12
0.74 0.48 0.35 0.92 0.77 0.76 0.37 0.09 0.15 0.90 0.45 0.54
0.00 0.21 0.28 0.41 0.32 0.00 0.25 0.39 0.48 0.51 0.17 0.00
0.98 0.62 0.08 0.59 0.10 0.84 0.84 0.73 0.59 0.12 0.49 0.73
0.97 0.53 0.46 0.10 0.54 0.46 0.27 0.30 0.43 0.08 0.06 0.50
0.55 0.02 0.08 0.09 0.00 0.55 0.90 0.26 0.27 0.91 0.30 0.29
1.00 0.83 0.84 0.78 0.41 0.38 0.17 0.28 0.09 0.55 1.00 0.86
0.63 0.85 0.67 0.90 0.48 0.37 0.47 0.23 0.75 0.74 0.04 0.73
0.94 0.29 0.62 0.61 0.06 0.73 0.33 0.62 0.46 0.94 0.80 0.97
0.33 0.60 0.60 0.02 0.08 0.97 0.93 0.20 0.92 0.50 0.62 0.97
0.98 0.70 0.78 0.41 0.42 0.49 0.18 0.15 0.43 0.25 0.61 0.36
0.28 0.45 0.35 0.04 0.71 0.84 0.15 0.86 0.75 0.77 0.01 0.92
0.64 0.25 0.55 0.36 0.77 0.52 0.50 0.21 0.94 0.34 0.08 0.50
0.42 0.60 0.19 0.80 0.03 0.76 0.86 0.62 0.09 0.74 0.78 0.33
0.29 0.32 0.83 0.01 0.51 0.99 0.77 0.29 0.37 0.55 0.37 0.12
0.76 0.42 1.00 0.06 0.58 0.40 0.71 0.39 0.09 0.48 0.69 0.77
0.84 0.58 0.11 0.35 0.69 0.00 0.48 0.80 0.64 0.88 0.47 0.62
0.15 0.94 0.56 0.62 0.71 0.22 0.36 0.38 0.54 0.16 0.75 0.07
0.57 0.16 0.95 0.26 1.00 0.83 0.01 0.35 0.25 0.11 0.23 0.03
0.50 0.21 0.09 0.25 0.18 0.80 0.11 0.02 0.55 0.09 0.70 0.14
0.91 0.99 0.51 0.12 0.64 0.72 0.60 0.20 0.31 0.28 0.12 0.42
