300 5
9 46 43 8 5
89 25 39 92 66
30 64 19 13 47
1 39 78 17 16
85 43 57 81 26
5 88 12 74 77
96 12 73 78 56
53 14 33 95 49
29 90 22 38 3
7 30 88 14 28
93 27 22 10 34
100 89 1 51 19
87 40 15 6 35
59 13 56 61 24
11 33 11 4 34
71 24 62 46 53
2 13 89 94 70
11 82 65 2 81
30 26 22 23 50
1 2 19 6 19
12 64 10 89 7
51 35 4 51 72
20 95 6 80 90
37 44 13 8 9
55 41 83 21 7
9 63 11 3 83
43 90 27 1 91
75 1 69 70 18
65 38 25 77 9
62 73 51 3 6
100 85 1 87 32
31 46 17 20 31
98 12 8 24 29
51 45 10 34 86
81 43 41 71 4
97 13 4 6 56
92 100 2 95 78
38 70 7 79 97
88 10 82 2 58
76 1 73 66 100
16 4 14 78 49
58 43 39 40 17
75 9 9 100 81
16 22 31 23 10
22 24 53 10 9
11 33 19 85 16
74 100 6 23 47
80 69 75 58 3
79 14 17 44 80
99 1 56 9 56
82 8 75 5 77
30 5 5 46 51
2 73 80 93 1
85 1 37 34 90
47 60 8 26 19
72 42 21 70 5
67 2 22 77 16
83 13 14 54 19
20 65 9 39 71
76 62 77 72 1
15 4 14 16 40
63 84 65 99 3
63 88 2 48 18
23 32 33 4 21
72 64 7 30 4
73 1 66 11 87
90 14 14 33 34
61 34 82 3 87
31 72 37 66 5
40 35 10 5 34
54 8 12 24 60
64 77 2 50 91
8 64 3 69 63
18 14 30 13 7
8 41 21 3 72
85 79 6 96 12
94 7 11 78 47
2 90 95 4 26
86 62 47 66 4
95 29 3 99 73
44 17 1 65 64
73 19 42 5 7
20 8 1 70 62
55 1 78 70 75
11 45 56 63 18
47 9 3 2 75
15 16 18 7 34
53 60 71 60 2
4 74 9 22 30
80 1 69 64 69
74 5 37 1 33
32 8 65 3 11
58 28 9 44 62
73 13 62 45 10
2 5 97 70 15
35 69 49 8 1
10 96 53 79 1
94 50 9 36 48
35 84 2 3 66
15 93 44 97 1
2 16 90 83 7
48 8 58 4 45
1 100 92 81 15
91 87 1 97 12
100 91 6 41 53
2 25 69 5 44
96 60 2 59 86
90 36 2 5 91
22 5 34 5 35
67 75 33 93 2
92 29 28 4 12
67 40 64 42 4
17 81 5 93 43
21 82 54 99 1
1 10 38 9 7
69 1 68 67 97
14 14 21 37 17
6 65 10 97 84
69 35 32 32 2
81 39 6 80 47
96 22 49 92 5
67 83 93 1 51
2 28 37 27 7
84 63 1 63 84
50 51 1 69 3
49 13 7 99 22
90 34 7 73 34
98 5 85 62 2
14 79 88 6 2
83 10 5 17 31
20 44 56 2 25
5 85 48 8 14
1 30 38 92 2
31 21 68 91 4
69 13 100 72 2
89 6 2 40 33
2 9 89 75 4
41 57 27 4 1
46 90 70 3 10
46 90 7 33 59
25 18 8 22 60
32 98 2 75 56
16 88 6 65 76
29 95 20 1 100
68 47 65 84 1
97 1 77 46 60
3 71 17 31 28
56 1 62 58 94
87 13 56 2 11
1 80 80 67 6
22 50 23 12 16
98 2 4 38 3
72 91 45 3 19
39 21 70 88 6
98 56 32 2 74
59 84 1 64 70
21 20 5 98 25
36 66 62 32 1
15 1 53 83 99
25 3 10 35 37
29 78 69 68 3
39 84 7 36 1
83 1 46 32 99
49 87 22 19 4
41 27 24 56 16
90 8 2 21 61
67 36 90 40 2
7 1 98 98 51
76 5 55 53 13
5 64 17 35 67
32 85 8 48 43
7 68 95 54 5
56 11 54 21 6
78 80 5 44 7
95 32 27 95 4
73 11 8 68 47
49 6 84 55 14
9 35 36 76 5
86 98 1 4 98
78 4 3 84 33
22 62 52 56 3
4 73 5 35 32
4 70 6 59 99
31 40 4 15 61
13 63 68 1 79
56 31 88 2 52
2 17 17 34 48
4 18 15 90 46
52 79 19 59 6
56 60 11 60 9
36 80 8 96 27
11 65 13 83 3
56 93 64 1 80
5 38 16 84 33
33 92 31 70 2
21 25 16 93 4
23 83 24 1 95
39 59 10 69 26
22 79 87 50 2
57 98 4 57 51
79 7 47 30 13
25 37 7 24 88
93 12 12 58 5
2 100 12 74 68
76 9 30 25 8
96 17 79 60 3
18 1 26 29 68
45 74 23 73 8
40 28 9 34 13
55 4 4 41 78
71 65 25 31 8
70 20 98 2 38
17 57 7 1 99
32 33 100 46 3
3 32 96 5 30
89 35 29 22 17
77 27 4 35 52
96 5 41 91 2
75 1 5 83 8
17 65 8 59 70
73 66 1 8 23
30 60 65 2 24
32 7 2 31 41
59 4 5 99 41
35 94 7 32 6
13 87 92 44 3
79 4 20 5 47
17 66 4 95 26
15 69 10 61 99
82 53 22 57 8
30 69 14 62 2
66 3 91 81 6
21 96 10 19 88
2 60 3 21 98
2 44 51 86 6
83 50 20 77 7
91 60 5 51 28
85 34 98 68 2
35 69 81 1 61
15 52 4 69 67
26 53 11 63 6
90 93 27 1 11
1 1 72 54 80
4 21 9 99 96
40 56 13 93 2
11 8 58 9 15
21 58 11 88 3
5 44 82 83 6
59 16 16 47 9
19 83 72 52 2
71 93 9 14 31
38 6 83 4 74
29 54 16 58 23
56 94 89 1 46
88 95 6 13 15
16 88 14 73 4
86 64 1 22 51
43 26 22 19 16
70 50 2 76 31
6 85 78 56 4
82 65 1 61 22
63 2 17 48 88
51 7 19 5 26
30 1 15 55 89
80 1 85 37 51
7 86 36 31 1
31 1 9 44 74
42 9 13 58 9
6 63 13 70 25
82 53 7 67 3
4 31 77 91 3
79 15 15 56 1
14 67 5 4 6
51 39 1 15 20
13 1 9 36 88
82 2 11 3 13
69 1 63 5 82
6 71 6 4 51
92 78 24 1 85
6 58 97 38 6
4 61 2 16 31
63 98 2 1 59
6 35 13 88 61
94 1 88 6 57
16 22 54 4 70
95 34 87 47 5
82 72 20 38 1
55 1 3 61 47
56 8 60 89 12
80 1 71 54 35
77 4 66 3 47
16 4 15 92 17
57 21 14 7 68
55 48 50 1 66
5 25 4 49 64
75 4 4 71 1
2 68 2 59 23
2 79 2 42 55
14 7 63 57 1
30 1 29 72 51
