300 5
0.56 0.70 0.18 0.95 0.62
0.36 0.66 0.99 0.20 0.98
0.03 0.47 0.20 0.42 0.56
0.17 0.99 0.28 0.21 0.38
0.80 0.98 0.55 0.70 0.40
0.87 0.50 0.59 0.90 0.09
0.44 0.11 0.82 0.99 0.38
0.85 0.48 0.15 0.15 0.04
0.16 0.24 0.20 0.21 0.99
0.67 0.08 0.02 0.06 0.01
0.49 0.77 0.82 0.62 0.30
0.03 0.46 0.36 0.29 0.21
0.33 0.47 0.11 0.05 0.06
0.38 0.05 0.12 0.88 0.23
0.54 0.09 0.59 0.06 0.31
0.41 0.30 0.35 0.62 0.67
0.59 0.01 0.92 0.67 0.91
0.96 0.07 0.92 0.42 0.72
0.57 0.38 0.40 0.07 0.56
0.39 0.35 0.69 0.12 0.03
0.05 0.07 0.83 0.05 0.60
0.60 0.41 0.37 0.55 0.47
0.50 0.39 0.26 0.28 0.94
0.22 0.15 0.83 0.79 0.08
0.08 0.16 0.69 0.74 0.51
0.02 0.81 0.90 0.98 0.87
0.13 0.16 0.91 0.19 0.20
0.11 0.20 0.26 0.12 0.31
0.94 0.01 0.86 0.59 0.82
0.14 0.79 0.31 0.30 0.24
0.51 0.46 0.03 0.80 0.72
0.32 0.35 0.47 0.20 0.03
0.53 0.03 0.69 0.50 0.86
0.30 0.19 0.14 0.84 0.64
0.28 0.79 0.51 0.84 0.16
0.99 0.43 0.44 0.02 0.51
0.65 0.05 0.94 0.23 0.91
0.37 0.79 0.08 0.31 0.49
0.53 0.97 0.40 0.04 0.48
0.55 0.11 0.40 0.63 0.37
0.02 0.97 0.80 0.97 0.76
0.09 0.35 0.06 0.40 0.64
0.04 0.60 0.29 0.17 0.21
0.66 0.03 0.03 0.48 0.69
0.10 0.15 0.59 0.87 0.60
0.19 0.07 0.21 0.28 0.02
0.46 0.01 0.97 0.16 0.38
0.43 0.58 0.62 0.04 0.68
0.80 0.06 0.98 0.74 0.26
0.62 0.01 0.36 0.84 0.60
0.24 0.60 0.17 0.15 0.90
0.24 0.05 0.43 0.26 0.91
0.73 0.02 0.85 0.51 0.26
0.16 0.79 0.05 0.86 0.83
0.32 0.08 0.58 0.27 0.46
0.70 0.01 0.37 0.10 0.25
0.17 0.65 0.25 0.35 0.04
0.11 0.17 0.57 0.19 0.11
0.02 0.22 0.72 0.72 0.76
0.44 0.83 0.69 0.04 0.16
0.57 0.91 0.03 0.73 1.00
0.34 0.05 0.25 0.08 0.90
0.53 0.56 0.01 0.88 0.59
0.27 1.00 0.35 0.06 0.29
0.02 0.05 0.17 0.15 0.17
0.57 0.22 0.27 0.89 0.01
0.91 0.48 0.33 0.03 0.73
0.40 0.18 0.27 0.05 0.80
0.18 0.04 0.95 0.10 0.21
0.01 0.23 0.79 0.82 0.83
0.32 0.41 0.12 0.59 0.46
0.12 0.15 0.98 0.80 0.12
0.46 0.16 0.14 0.29 0.74
0.29 0.11 0.10 0.56 0.71
0.01 0.82 0.92 0.02 0.97
0.80 0.29 0.93 0.03 0.66
0.79 0.29 0.90 0.02 0.55
0.52 0.10 0.73 0.05 0.33
0.03 0.01 0.57 0.96 0.74
0.54 0.74 0.05 0.26 0.87
0.24 0.17 0.09 0.20 0.02
0.56 0.30 0.05 0.87 0.38
0.23 0.73 0.02 0.81 0.71
0.61 0.03 0.01 0.61 0.99
0.43 0.04 0.20 0.81 0.43
0.27 0.55 0.89 0.01 0.79
0.04 0.75 0.18 0.10 0.45
0.85 0.94 0.92 0.01 0.34
0.12 0.40 0.14 0.08 0.88
0.32 0.94 0.79 0.04 0.63
0.41 0.01 0.69 0.43 0.50
0.01 0.06 0.49 0.28 0.18
0.49 0.37 0.14 0.10 0.97
0.18 0.70 0.09 0.47 0.58
0.92 0.10 0.96 0.01 0.72
0.84 0.02 0.77 0.04 0.57
0.44 0.70 0.02 0.29 0.96
0.63 0.69 0.06 0.33 0.93
0.59 0.04 0.29 0.77 0.78
0.46 0.36 0.15 0.14 0.62
0.10 0.42 0.67 0.56 0.13
0.41 0.95 0.04 0.13 0.91
0.01 0.70 0.48 0.60 0.67
0.02 0.22 0.11 0.15 0.07
0.06 0.16 0.05 0.70 0.87
0.62 0.18 0.04 0.13 0.16
0.32 0.02 0.89 0.77 0.53
0.06 0.55 0.59 0.11 0.29
0.27 0.52 0.52 0.04 0.13
0.25 0.87 0.06 0.25 0.30
0.20 0.31 0.81 0.07 0.65
0.56 0.17 1.00 0.93 0.01
0.06 0.23 0.08 0.05 0.81
0.38 0.09 0.59 0.09 0.61
0.66 0.15 0.12 0.07 0.90
0.03 0.84 0.02 0.72 0.67
1.00 0.25 0.76 0.01 1.00
0.80 0.01 0.17 0.89 0.97
0.07 0.01 0.46 0.01 0.33
0.32 0.91 0.25 0.07 0.04
0.20 0.70 0.01 0.02 0.01
0.01 0.97 0.79 0.24 0.68
0.93 0.04 0.89 0.91 0.12
0.12 0.08 0.88 0.38 0.15
0.96 0.05 0.89 0.02 0.12
0.15 0.41 0.72 0.57 0.06
0.04 0.72 0.58 0.02 0.89
0.38 0.35 0.38 0.02 0.73
0.60 0.22 0.07 0.85 0.67
0.12 0.53 0.59 0.09 0.02
0.13 0.48 0.60 0.45 0.04
0.66 0.03 0.30 0.98 0.58
0.86 0.02 0.26 0.61 0.71
0.05 0.03 0.93 0.52 0.35
0.41 0.39 0.64 0.19 0.01
0.38 0.16 0.04 0.53 0.55
0.06 0.76 0.08 0.53 0.50
0.67 0.04 0.59 0.69 0.28
0.61 0.26 0.07 0.89 0.16
0.26 0.14 0.04 0.15 0.52
0.36 0.96 0.51 0.01 0.19
0.35 0.60 0.42 0.02 0.34
0.01 0.21 0.85 0.20 0.86
0.40 0.58 0.33 0.01 0.21
0.87 0.27 0.26 0.04 0.37
0.74 0.26 0.88 0.05 0.12
0.65 0.42 0.69 0.09 0.07
0.13 0.78 0.01 0.27 0.84
0.14 0.14 0.06 0.08 0.93
0.16 0.30 0.10 0.18 0.55
0.07 0.76 0.08 0.95 0.09
0.73 0.07 0.14 0.55 0.45
0.59 0.16 0.09 0.46 0.05
0.67 0.02 0.11 0.83 0.42
0.12 0.64 0.02 0.85 0.43
0.44 0.13 0.09 0.18 0.58
0.89 0.32 0.27 0.01 0.83
0.55 0.27 0.05 0.53 0.26
0.05 0.12 0.04 0.85 0.87
0.65 0.66 0.09 0.04 0.16
0.82 0.04 0.21 0.65 0.61
0.42 0.13 0.29 0.07 0.87
0.65 0.50 0.03 0.52 0.48
0.34 0.28 0.44 0.07 0.71
0.47 0.39 0.31 0.11 0.51
0.54 0.20 0.31 0.01 0.17
0.62 0.02 0.18 0.56 0.15
0.58 0.60 0.04 0.64 0.47
0.01 0.96 0.28 0.73 0.59
0.01 1.00 0.11 0.21 0.94
0.64 0.12 0.16 0.87 0.45
0.05 0.04 0.58 0.04 0.54
0.06 0.03 0.11 0.94 0.54
0.03 0.85 0.88 0.13 0.17
0.55 0.56 0.01 0.69 0.88
0.01 0.60 0.54 0.21 0.95
0.01 0.74 0.25 0.87 0.80
0.94 0.06 0.09 0.96 0.62
0.09 0.96 0.36 0.02 0.83
0.79 0.04 0.01 0.56 0.65
0.58 0.30 0.01 0.83 0.95
0.03 0.91 0.69 0.04 0.62
0.08 0.28 0.42 0.02 0.68
0.15 0.35 0.72 0.54 0.04
0.01 0.62 0.39 0.56 0.71
0.62 0.44 0.01 0.92 0.14
0.04 0.02 0.72 0.54 0.74
0.21 0.69 0.03 0.28 0.58
0.81 0.01 0.34 0.61 0.82
0.04 0.05 0.12 0.27 0.04
0.25 0.39 0.06 0.92 0.45
0.32 0.46 0.01 0.39 0.85
0.13 0.59 0.42 0.13 0.25
0.65 0.04 0.05 0.95 0.89
0.02 0.48 0.59 0.02 0.83
0.06 0.49 0.01 0.55 0.98
0.03 0.57 0.98 0.11 0.34
0.07 0.55 0.03 0.93 0.08
0.46 0.66 0.58 0.07 0.05
0.58 0.69 0.08 0.14 0.20
0.03 0.89 0.71 0.70 0.03
0.47 0.59 0.01 0.55 0.82
0.92 0.69 0.60 0.03 0.14
0.08 0.09 0.04 0.88 0.51
0.18 0.05 0.06 0.61 0.75
0.15 0.44 0.21 0.13 0.41
0.27 0.51 0.64 0.13 0.15
0.01 0.23 0.88 0.88 0.16
0.15 0.83 0.05 0.58 0.27
0.48 0.49 0.08 0.14 0.55
0.15 0.85 0.27 0.23 0.06
0.39 0.19 0.01 0.75 0.84
0.08 0.30 0.10 0.73 0.60
0.94 0.47 0.79 0.04 0.11
0.11 0.56 0.05 0.22 0.66
0.01 0.08 0.74 0.03 0.89
0.20 0.55 0.37 0.08 0.61
0.87 0.05 0.03 0.32 0.97
0.01 0.65 0.97 0.06 0.74
0.02 0.27 0.04 0.69 0.26
0.63 0.28 0.89 0.38 0.01
0.62 0.15 0.16 0.09 0.62
0.73 0.17 0.74 0.04 0.29
0.86 0.37 0.10 0.05 0.39
0.51 0.16 0.03 0.99 0.78
0.06 0.64 0.05 0.56 0.19
0.81 0.52 0.01 0.81 0.46
0.99 0.67 0.79 0.04 0.07
0.15 0.12 0.04 0.75 0.98
0.62 0.06 0.19 0.05 0.58
0.27 0.08 0.04 0.67 0.75
0.04 0.07 0.60 0.08 0.42
0.05 0.02 0.39 0.91 0.67
0.14 0.16 0.10 0.64 0.62
0.50 0.02 0.84 0.28 0.12
0.31 0.60 0.08 0.10 0.56
0.63 0.68 0.52 0.86 0.01
0.14 0.96 0.02 0.04 0.03
0.56 0.02 0.36 0.88 0.68
0.01 0.94 0.07 0.56 0.70
0.79 0.59 0.07 0.01 0.82
0.54 0.04 0.01 0.53 0.01
0.01 0.75 0.84 0.61 0.10
0.22 0.22 0.18 0.10 0.23
0.49 0.01 0.94 0.47 0.25
0.07 0.79 0.02 0.92 0.36
0.24 0.57 0.10 0.19 0.11
0.03 0.53 0.06 0.55 0.59
0.01 0.77 0.13 0.56 0.90
0.17 0.65 0.05 0.35 0.36
0.52 0.44 0.07 0.20 0.32
0.68 0.03 0.08 0.05 1.00
0.01 0.66 0.20 0.73 0.29
0.10 0.75 0.12 0.74 0.02
0.92 0.01 0.25 0.48 0.22
0.26 0.52 0.01 0.80 0.57
0.03 0.93 0.17 0.14 0.52
0.28 0.35 0.76 0.71 0.01
0.99 1.00 0.81 0.01 0.13
0.25 0.55 0.04 0.61 0.90
0.97 0.02 0.05 0.60 0.82
0.96 0.54 0.14 0.04 0.92
0.22 0.31 0.16 0.71 0.01
0.15 0.12 0.04 0.90 0.38
0.62 0.32 0.27 0.01 0.86
0.12 0.79 0.27 0.09 0.12
0.03 0.02 0.87 0.77 0.38
0.04 0.13 0.04 0.93 0.14
0.45 0.02 0.43 0.15 0.46
0.02 0.85 0.85 0.01 0.67
0.60 0.66 0.03 0.21 0.47
0.84 0.06 0.12 0.19 0.40
0.01 0.93 0.82 0.18 0.61
0.06 0.45 0.60 0.03 0.77
0.21 0.09 0.11 0.53 0.57
0.17 0.06 0.10 0.20 0.70
0.18 0.81 0.25 0.03 0.77
0.53 0.03 0.06 0.70 0.70
0.93 0.01 0.27 0.04 0.11
0.20 0.61 0.73 0.08 0.03
0.30 0.45 0.19 0.19 0.06
0.01 0.73 0.07 0.69 0.25
0.77 0.01 0.13 0.10 0.94
0.26 0.24 0.90 0.09 0.20
0.28 0.47 0.07 0.55 0.45
0.03 0.61 0.03 0.36 0.86
0.04 0.51 0.95 0.08 0.35
0.53 0.59 0.08 0.13 0.44
0.51 0.07 0.11 0.72 0.08
0.38 0.14 0.11 0.68 0.43
0.34 0.97 0.25 0.01 0.85
0.99 0.02 0.05 0.87 0.78
0.15 0.58 0.04 0.53 0.66
0.14 0.17 0.12 0.04 0.60
0.68 0.01 0.24 0.77 0.59
0.44 0.23 0.03 0.55 0.53
0.15 0.60 0.15 0.08 0.07
0.88 0.38 0.01 0.25 1.00
0.18 0.49 0.88 0.07 0.05
0.16 0.09 0.04 0.83 0.53
