300 5
56 70 18 95 62
36 66 99 20 98
3 47 20 42 56
17 99 28 21 38
80 98 55 70 40
87 50 59 90 9
44 11 82 99 38
85 48 15 15 4
16 24 20 21 99
67 8 2 6 1
49 77 82 62 30
3 46 36 29 21
33 47 11 5 6
38 5 12 88 23
54 9 59 6 31
41 30 35 62 67
59 1 92 67 91
96 7 92 42 72
57 38 40 7 56
39 35 69 12 3
5 7 83 5 60
60 41 37 55 47
50 39 26 28 94
22 15 83 79 8
8 16 69 74 51
2 81 90 98 87
13 16 91 19 20
11 20 26 12 31
94 1 86 59 82
14 79 31 30 24
51 46 3 80 72
32 35 47 20 3
53 3 69 50 86
30 19 14 84 64
28 79 51 84 16
99 43 44 2 51
65 5 94 23 91
37 79 8 31 49
53 97 40 4 48
55 11 40 63 37
2 97 80 97 76
9 35 6 40 64
4 60 29 17 21
66 3 3 48 69
10 15 59 87 60
19 7 21 28 2
46 1 97 16 38
43 58 62 4 68
80 6 98 74 26
62 1 36 84 60
24 60 17 15 90
24 5 43 26 91
73 2 85 51 26
16 79 5 86 83
32 8 58 27 46
70 1 37 10 25
17 65 25 35 4
11 17 57 19 11
2 22 72 72 76
44 83 69 4 16
57 91 3 73 100
34 5 25 8 90
53 56 1 88 59
27 100 35 6 29
2 5 17 15 17
57 22 27 89 1
91 48 33 3 73
40 18 27 5 80
18 4 95 10 21
1 23 79 82 83
32 41 12 59 46
12 15 98 80 12
46 16 14 29 74
29 11 10 56 71
1 82 92 2 97
80 29 93 3 66
79 29 90 2 55
52 10 73 5 33
3 1 57 96 74
54 74 5 26 87
24 17 9 20 2
56 30 5 87 38
23 73 2 81 71
61 3 1 61 99
43 4 20 81 43
27 55 89 1 79
4 75 18 10 45
85 94 92 1 34
12 40 14 8 88
32 94 79 4 63
41 1 69 43 50
1 6 49 28 18
49 37 14 10 97
18 70 9 47 58
92 10 96 1 72
84 2 77 4 57
44 70 2 29 96
63 69 6 33 93
59 4 29 77 78
46 36 15 14 62
10 42 67 56 13
41 95 4 13 91
1 70 48 60 67
2 22 11 15 7
6 16 5 70 87
62 18 4 13 16
32 2 89 77 53
6 55 59 11 29
27 52 52 4 13
25 87 6 25 30
20 31 81 7 65
56 17 100 93 1
6 23 8 5 81
38 9 59 9 61
66 15 12 7 90
3 84 2 72 67
100 25 76 1 100
80 1 17 89 97
7 1 46 1 33
32 91 25 7 4
20 70 1 2 1
1 97 79 24 68
93 4 89 91 12
12 8 88 38 15
96 5 89 2 12
15 41 72 57 6
4 72 58 2 89
38 35 38 2 73
60 22 7 85 67
12 53 59 9 2
13 48 60 45 4
66 3 30 98 58
86 2 26 61 71
5 3 93 52 35
41 39 64 19 1
38 16 4 53 55
6 76 8 53 50
67 4 59 69 28
61 26 7 89 16
26 14 4 15 52
36 96 51 1 19
35 60 42 2 34
1 21 85 20 86
40 58 33 1 21
87 27 26 4 37
74 26 88 5 12
65 42 69 9 7
13 78 1 27 84
14 14 6 8 93
16 30 10 18 55
7 76 8 95 9
73 7 14 55 45
59 16 9 46 5
67 2 11 83 42
12 64 2 85 43
44 13 9 18 58
89 32 27 1 83
55 27 5 53 26
5 12 4 85 87
65 66 9 4 16
82 4 21 65 61
42 13 29 7 87
65 50 3 52 48
34 28 44 7 71
47 39 31 11 51
54 20 31 1 17
62 2 18 56 15
58 60 4 64 47
1 96 28 73 59
1 100 11 21 94
64 12 16 87 45
5 4 58 4 54
6 3 11 94 54
3 85 88 13 17
55 56 1 69 88
1 60 54 21 95
1 74 25 87 80
94 6 9 96 62
9 96 36 2 83
79 4 1 56 65
58 30 1 83 95
3 91 69 4 62
8 28 42 2 68
15 35 72 54 4
1 62 39 56 71
62 44 1 92 14
4 2 72 54 74
21 69 3 28 58
81 1 34 61 82
4 5 12 27 4
25 39 6 92 45
32 46 1 39 85
13 59 42 13 25
65 4 5 95 89
2 48 59 2 83
6 49 1 55 98
3 57 98 11 34
7 55 3 93 8
46 66 58 7 5
58 69 8 14 20
3 89 71 70 3
47 59 1 55 82
92 69 60 3 14
8 9 4 88 51
18 5 6 61 75
15 44 21 13 41
27 51 64 13 15
1 23 88 88 16
15 83 5 58 27
48 49 8 14 55
15 85 27 23 6
39 19 1 75 84
8 30 10 73 60
94 47 79 4 11
11 56 5 22 66
1 8 74 3 89
20 55 37 8 61
87 5 3 32 97
1 65 97 6 74
2 27 4 69 26
63 28 89 38 1
62 15 16 9 62
73 17 74 4 29
86 37 10 5 39
51 16 3 99 78
6 64 5 56 19
81 52 1 81 46
99 67 79 4 7
15 12 4 75 98
62 6 19 5 58
27 8 4 67 75
4 7 60 8 42
5 2 39 91 67
14 16 10 64 62
50 2 84 28 12
31 60 8 10 56
63 68 52 86 1
14 96 2 4 3
56 2 36 88 68
1 94 7 56 70
79 59 7 1 82
54 4 1 53 1
1 75 84 61 10
22 22 18 10 23
49 1 94 47 25
7 79 2 92 36
24 57 10 19 11
3 53 6 55 59
1 77 13 56 90
17 65 5 35 36
52 44 7 20 32
68 3 8 5 100
1 66 20 73 29
10 75 12 74 2
92 1 25 48 22
26 52 1 80 57
3 93 17 14 52
28 35 76 71 1
99 100 81 1 13
25 55 4 61 90
97 2 5 60 82
96 54 14 4 92
22 31 16 71 1
15 12 4 90 38
62 32 27 1 86
12 79 27 9 12
3 2 87 77 38
4 13 4 93 14
45 2 43 15 46
2 85 85 1 67
60 66 3 21 47
84 6 12 19 40
1 93 82 18 61
6 45 60 3 77
21 9 11 53 57
17 6 10 20 70
18 81 25 3 77
53 3 6 70 70
93 1 27 4 11
20 61 73 8 3
30 45 19 19 6
1 73 7 69 25
77 1 13 10 94
26 24 90 9 20
28 47 7 55 45
3 61 3 36 86
4 51 95 8 35
53 59 8 13 44
51 7 11 72 8
38 14 11 68 43
34 97 25 1 85
99 2 5 87 78
15 58 4 53 66
14 17 12 4 60
68 1 24 77 59
44 23 3 55 53
15 60 15 8 7
88 38 1 25 100
18 49 88 7 5
16 9 4 83 53
