300 5
0.87 0.14 0.19 0.13 0.01
1.00 0.14 0.08 0.64 0.79
0.71 0.57 0.66 0.95 0.89
0.53 0.01 0.89 0.83 0.54
0.47 0.70 0.37 0.26 0.45
0.24 0.47 0.84 1.00 0.46
0.30 0.46 0.03 0.27 0.13
0.84 0.20 0.26 0.24 0.36
0.39 0.33 0.22 0.48 0.14
0.12 0.02 0.37 0.04 0.30
0.18 0.53 0.30 0.44 0.97
0.51 0.44 0.08 0.39 0.71
0.52 0.29 0.80 0.86 0.20
0.04 0.74 0.23 0.51 0.86
0.07 0.89 0.56 0.17 0.60
0.81 0.01 0.63 0.48 0.67
0.96 0.20 0.08 0.51 0.92
0.11 0.93 0.84 0.57 0.56
0.93 0.01 0.49 0.76 0.75
0.55 0.23 0.55 0.64 0.14
0.26 0.11 0.06 0.25 0.41
0.24 0.75 0.15 0.21 0.76
0.43 0.29 0.09 0.02 0.27
0.86 0.97 0.63 0.66 0.12
0.44 0.01 0.07 0.15 0.36
0.48 0.13 0.58 0.92 0.19
0.92 0.19 0.26 0.12 0.69
0.46 0.51 0.86 0.36 0.03
0.15 0.80 0.74 0.98 0.06
0.43 0.22 0.93 0.60 0.29
0.05 0.74 0.99 0.61 0.28
0.16 0.91 1.00 0.03 0.87
0.64 0.13 0.21 0.09 0.50
0.17 0.37 0.36 0.33 0.44
0.77 0.68 0.73 1.00 0.04
0.57 0.16 0.14 0.25 0.11
0.94 0.50 0.07 0.72 0.06
0.30 0.29 0.50 0.23 0.27
0.60 0.01 0.82 0.59 0.27
0.94 0.54 0.02 0.84 0.53
0.12 0.31 0.91 0.61 0.22
0.09 0.88 0.43 0.71 0.29
0.83 0.09 0.01 0.29 0.28
0.97 0.41 0.02 0.24 0.28
0.45 0.18 0.78 0.01 0.78
0.13 0.54 0.04 0.84 0.13
0.43 0.22 0.28 0.88 0.29
0.04 0.26 0.36 0.39 0.02
0.46 0.75 0.25 0.01 0.92
0.69 0.04 0.04 0.53 0.97
0.27 0.08 0.97 0.58 0.08
0.33 0.05 0.09 0.61 0.30
0.28 0.75 0.06 0.83 0.40
0.11 0.46 0.27 0.48 0.02
0.74 0.21 0.02 0.98 0.43
0.48 0.34 0.92 0.27 0.19
0.97 0.02 0.39 0.60 0.25
0.02 0.04 0.72 0.93 0.77
0.10 0.29 0.29 0.74 0.82
0.03 0.51 0.16 0.46 0.23
0.78 0.30 0.85 0.12 0.11
0.06 0.96 0.51 0.19 0.73
0.80 0.37 0.91 0.12 0.09
1.00 0.13 0.89 0.57 0.19
0.75 0.98 0.89 0.01 0.36
0.54 0.06 0.20 0.74 0.22
0.42 0.88 0.32 0.20 0.84
0.25 0.56 0.99 0.03 0.51
0.82 0.51 0.25 0.71 0.05
0.32 0.30 0.23 0.11 0.39
0.41 0.75 0.06 0.20 0.40
0.57 0.62 0.90 0.07 0.25
0.62 0.41 0.05 0.69 0.61
0.16 0.58 0.31 0.28 0.90
0.35 1.00 0.04 0.03 0.10
0.98 0.06 0.66 0.73 0.03
0.57 0.30 0.87 0.95 0.01
0.35 0.38 0.11 0.30 0.35
0.16 0.87 0.09 0.60 0.88
0.87 0.47 0.95 0.03 0.13
0.64 0.09 0.89 0.63 0.09
0.24 0.66 0.81 0.14 0.06
0.80 0.13 0.12 0.09 0.23
0.03 0.22 0.75 0.84 0.99
0.81 0.85 0.60 0.33 0.07
0.35 0.22 0.25 0.04 0.20
0.11 0.11 0.95 0.89 0.67
0.24 0.83 0.65 0.09 0.09
0.22 0.42 0.26 0.20 0.48
0.25 0.14 0.99 0.78 0.11
0.16 0.43 0.10 0.95 0.73
0.02 0.56 0.94 1.00 0.59
0.96 0.25 0.06 0.23 0.96
0.01 0.81 0.80 0.69 0.88
0.28 0.08 0.31 0.34 0.40
0.18 0.41 0.21 0.66 0.32
0.96 0.87 0.05 0.98 0.06
0.28 0.83 0.20 0.71 0.03
0.14 0.39 0.26 0.20 0.47
0.74 0.08 0.13 0.05 0.76
0.18 0.04 0.67 0.47 0.14
0.41 0.06 0.61 0.92 0.14
0.56 0.23 0.51 1.00 0.06
0.07 0.88 0.77 0.25 0.90
0.22 0.31 0.70 0.03 0.47
0.33 0.12 0.28 0.95 0.06
0.25 0.80 0.15 0.67 0.23
0.07 0.98 0.87 0.32 0.54
0.55 0.26 0.81 0.11 0.18
0.90 0.87 0.04 0.11 0.35
0.46 0.82 0.20 0.01 0.62
0.02 0.69 0.16 0.98 0.07
0.15 0.68 0.29 0.06 0.17
0.18 0.15 0.22 0.87 0.37
0.07 0.20 0.81 0.85 0.67
0.29 0.44 0.24 0.34 0.23
0.92 0.07 0.68 0.39 0.13
0.72 0.44 0.08 0.56 0.32
0.10 0.61 0.13 0.09 0.46
0.08 0.87 0.89 0.14 0.75
0.19 0.31 0.10 0.73 0.56
0.36 0.15 0.04 0.76 0.64
0.75 0.52 0.31 0.08 0.02
0.37 0.85 0.20 0.02 0.22
0.66 0.89 0.94 0.41 0.01
0.08 0.88 0.13 0.91 0.02
0.01 0.23 0.60 0.94 0.17
0.84 0.12 0.24 0.25 0.34
0.65 0.04 0.45 0.96 0.26
0.06 0.52 0.21 0.08 0.55
0.18 0.31 1.00 0.02 0.46
0.20 0.47 0.51 0.02 0.39
0.56 0.60 0.67 0.09 0.17
0.07 0.25 0.57 0.20 0.97
0.05 0.29 0.11 0.12 0.95
0.06 0.80 0.89 0.31 0.09
0.14 0.04 0.05 0.23 0.13
0.31 0.42 0.03 0.05 0.08
0.40 0.90 0.25 0.24 0.05
0.28 0.01 0.53 0.22 0.71
0.67 0.60 0.73 0.96 0.01
0.21 0.99 0.68 0.03 0.33
0.07 0.21 0.34 0.28 0.60
0.19 0.98 0.19 0.11 0.36
0.31 0.87 0.02 0.79 0.14
0.51 0.59 0.02 0.83 0.54
0.37 0.33 0.43 0.02 0.55
0.89 0.09 0.52 0.98 0.10
0.98 0.03 0.71 0.45 0.22
0.68 0.30 0.59 0.02 0.12
0.62 0.40 0.80 0.03 0.13
0.12 0.25 0.27 0.65 0.38
0.04 0.01 0.53 0.39 0.88
0.38 0.70 0.02 0.25 0.55
0.09 0.85 0.12 0.55 0.69
0.96 0.28 0.15 0.17 0.03
0.04 0.73 0.72 0.32 0.51
0.11 0.10 0.71 0.91 0.55
0.69 0.10 0.03 0.21 0.69
0.08 0.52 0.53 0.16 0.17
0.07 0.05 0.26 0.86 0.68
0.51 0.50 0.57 0.06 0.02
0.82 0.16 0.87 0.49 0.03
0.71 0.05 0.88 0.54 0.09
0.37 0.01 0.91 0.08 0.59
0.02 0.87 0.55 0.85 0.78
0.07 0.96 0.05 0.71 0.21
0.75 0.20 0.33 0.14 0.44
0.29 0.14 0.56 0.58 0.04
0.55 0.17 0.19 0.10 0.52
0.88 0.06 0.67 0.01 0.55
0.63 0.03 0.75 0.98 0.29
0.97 0.52 0.02 0.41 0.12
0.06 0.17 0.72 0.05 0.52
0.68 0.15 0.02 0.65 0.90
0.86 0.02 0.19 0.05 0.58
0.23 0.81 0.05 0.08 0.37
0.61 0.22 0.16 0.08 0.78
0.88 0.03 0.01 0.51 0.38
0.27 0.83 0.03 0.26 0.70
0.25 0.02 0.60 0.61 0.18
0.71 0.12 0.93 0.56 0.04
0.86 0.02 0.11 0.25 0.31
0.03 0.14 0.24 0.13 0.93
0.25 0.71 0.97 0.20 0.03
0.83 0.01 0.04 0.90 0.90
0.98 0.02 0.04 0.64 0.93
0.77 0.28 0.89 0.02 0.15
0.01 0.92 0.80 0.97 0.01
1.00 0.50 0.02 0.14 0.03
0.72 0.01 0.95 0.11 0.33
0.27 0.81 0.31 0.05 0.73
0.33 0.15 0.86 0.02 0.50
0.28 0.55 0.67 0.70 0.01
0.76 0.90 0.74 0.01 0.34
0.05 0.45 0.58 0.14 0.52
0.08 0.55 0.66 0.01 0.69
0.74 0.15 0.94 0.04 0.14
0.41 0.61 0.14 0.03 0.53
0.02 0.56 0.46 0.72 0.92
0.50 0.84 0.78 0.09 0.06
0.54 0.14 0.21 0.04 0.90
0.01 0.52 0.11 0.77 0.46
0.11 0.58 0.03 0.55 0.87
0.11 0.01 0.41 0.73 0.58
0.67 0.66 0.04 0.01 0.53
0.70 0.28 0.35 0.02 0.22
0.24 0.91 0.97 0.02 0.36
0.09 0.09 0.99 0.45 0.63
0.05 0.20 0.93 0.20 0.11
0.56 0.83 0.05 0.70 0.02
0.01 0.86 0.14 0.91 0.30
0.90 0.04 0.26 0.80 0.07
0.27 0.21 0.69 0.54 0.06
0.11 0.33 0.18 0.86 0.55
0.61 0.54 0.17 0.11 0.06
0.02 0.92 0.24 0.51 0.64
0.20 0.15 0.20 0.19 0.13
0.31 0.82 0.57 0.03 0.11
0.66 0.52 0.66 0.83 0.01
0.08 0.15 0.76 0.26 0.09
0.16 0.58 0.05 0.22 0.80
0.34 0.23 0.19 0.09 0.28
0.03 0.51 0.31 0.67 0.13
0.11 0.89 0.84 0.08 0.20
0.06 0.81 0.05 0.86 0.16
0.21 0.01 0.92 0.13 0.28
0.07 0.77 0.58 0.06 0.91
0.51 0.72 0.01 0.78 0.23
0.77 0.55 0.01 0.98 0.10
0.45 0.63 0.02 0.54 0.23
0.06 0.74 0.28 0.34 0.40
0.02 0.10 0.39 0.88 0.63
0.19 0.83 0.04 0.05 0.71
0.94 0.01 0.11 0.75 0.10
0.23 0.01 0.29 0.12 0.93
0.03 0.61 0.85 0.28 0.70
0.17 0.09 0.89 0.08 0.19
0.01 0.20 0.90 0.88 0.76
0.76 0.37 0.01 0.62 0.64
0.74 0.18 0.55 0.21 0.04
1.00 0.04 0.70 0.76 0.05
0.30 0.06 0.16 0.14 0.50
0.80 0.51 0.02 0.89 0.41
0.85 0.10 0.23 0.78 0.05
0.44 0.49 0.78 0.87 0.01
0.14 0.54 0.16 0.70 0.01
0.61 0.20 0.68 0.91 0.01
0.80 0.34 0.05 0.13 0.15
0.25 0.01 0.73 0.93 0.40
0.63 0.31 0.02 0.24 0.24
0.01 0.97 0.75 0.23 0.90
0.79 0.98 0.06 0.55 0.04
0.02 0.29 0.28 0.19 0.50
0.73 0.70 0.01 0.97 0.59
0.08 0.12 0.34 0.05 0.47
0.63 0.05 0.89 0.02 0.76
0.24 0.66 0.10 0.04 0.99
0.08 0.78 0.11 0.33 0.56
0.01 0.39 0.35 0.66 0.52
0.06 0.22 0.55 0.55 0.79
0.50 0.28 0.25 0.12 0.05
0.86 0.77 0.01 0.16 0.78
0.02 0.96 0.57 0.54 0.25
0.37 0.03 0.21 0.89 0.58
0.23 0.36 0.12 0.13 0.25
0.33 0.17 0.53 0.89 0.11
0.02 0.39 0.68 1.00 0.12
0.01 0.35 0.34 0.43 0.24
0.68 0.88 0.10 0.59 0.03
0.02 0.84 0.69 0.14 0.12
0.07 0.01 0.65 0.43 0.68
0.06 0.15 0.22 0.74 0.81
0.56 0.08 0.84 0.04 0.25
0.06 0.15 0.06 0.15 0.60
0.01 0.47 0.19 0.11 0.79
0.25 0.04 0.25 0.21 0.76
0.02 0.68 0.07 0.05 0.99
0.18 1.00 0.92 0.63 0.01
0.17 0.02 0.51 0.98 0.18
0.02 0.88 0.93 0.09 0.18
0.11 0.87 0.04 0.02 0.82
0.61 0.97 0.02 0.16 1.00
0.05 0.06 0.37 0.74 0.84
0.11 0.98 0.02 0.97 0.31
0.08 0.17 0.55 0.89 0.11
0.11 0.12 0.93 0.20 0.06
0.86 0.85 0.04 0.82 0.03
0.51 0.95 0.22 0.58 0.02
0.13 0.84 0.99 0.04 0.19
0.53 0.65 0.02 0.44 0.81
0.06 0.16 0.51 0.16 0.28
0.59 0.09 0.06 0.16 0.09
0.26 0.66 0.04 0.62 0.01
0.33 1.00 0.01 0.61 0.78
0.02 0.09 0.20 0.71 0.97
0.01 0.51 0.10 0.88 0.67
0.87 0.45 0.65 0.01 0.87
0.21 0.43 0.01 1.00 0.50
0.09 0.42 0.07 0.57 0.11
