300 5
87 14 19 13 1
100 14 8 64 79
71 57 66 95 89
53 1 89 83 54
47 70 37 26 45
24 47 84 100 46
30 46 3 27 13
84 20 26 24 36
39 33 22 48 14
12 2 37 4 30
18 53 30 44 97
51 44 8 39 71
52 29 80 86 20
4 74 23 51 86
7 89 56 17 60
81 1 63 48 67
96 20 8 51 92
11 93 84 57 56
93 1 49 76 75
55 23 55 64 14
26 11 6 25 41
24 75 15 21 76
43 29 9 2 27
86 97 63 66 12
44 1 7 15 36
48 13 58 92 19
92 19 26 12 69
46 51 86 36 3
15 80 74 98 6
43 22 93 60 29
5 74 99 61 28
16 91 100 3 87
64 13 21 9 50
17 37 36 33 44
77 68 73 100 4
57 16 14 25 11
94 50 7 72 6
30 29 50 23 27
60 1 82 59 27
94 54 2 84 53
12 31 91 61 22
9 88 43 71 29
83 9 1 29 28
97 41 2 24 28
45 18 78 1 78
13 54 4 84 13
43 22 28 88 29
4 26 36 39 2
46 75 25 1 92
69 4 4 53 97
27 8 97 58 8
33 5 9 61 30
28 75 6 83 40
11 46 27 48 2
74 21 2 98 43
48 34 92 27 19
97 2 39 60 25
2 4 72 93 77
10 29 29 74 82
3 51 16 46 23
78 30 85 12 11
6 96 51 19 73
80 37 91 12 9
100 13 89 57 19
75 98 89 1 36
54 6 20 74 22
42 88 32 20 84
25 56 99 3 51
82 51 25 71 5
32 30 23 11 39
41 75 6 20 40
57 62 90 7 25
62 41 5 69 61
16 58 31 28 90
35 100 4 3 10
98 6 66 73 3
57 30 87 95 1
35 38 11 30 35
16 87 9 60 88
87 47 95 3 13
64 9 89 63 9
24 66 81 14 6
80 13 12 9 23
3 22 75 84 99
81 85 60 33 7
35 22 25 4 20
11 11 95 89 67
24 83 65 9 9
22 42 26 20 48
25 14 99 78 11
16 43 10 95 73
2 56 94 100 59
96 25 6 23 96
1 81 80 69 88
28 8 31 34 40
18 41 21 66 32
96 87 5 98 6
28 83 20 71 3
14 39 26 20 47
74 8 13 5 76
18 4 67 47 14
41 6 61 92 14
56 23 51 100 6
7 88 77 25 90
22 31 70 3 47
33 12 28 95 6
25 80 15 67 23
7 98 87 32 54
55 26 81 11 18
90 87 4 11 35
46 82 20 1 62
2 69 16 98 7
15 68 29 6 17
18 15 22 87 37
7 20 81 85 67
29 44 24 34 23
92 7 68 39 13
72 44 8 56 32
10 61 13 9 46
8 87 89 14 75
19 31 10 73 56
36 15 4 76 64
75 52 31 8 2
37 85 20 2 22
66 89 94 41 1
8 88 13 91 2
1 23 60 94 17
84 12 24 25 34
65 4 45 96 26
6 52 21 8 55
18 31 100 2 46
20 47 51 2 39
56 60 67 9 17
7 25 57 20 97
5 29 11 12 95
6 80 89 31 9
14 4 5 23 13
31 42 3 5 8
40 90 25 24 5
28 1 53 22 71
67 60 73 96 1
21 99 68 3 33
7 21 34 28 60
19 98 19 11 36
31 87 2 79 14
51 59 2 83 54
37 33 43 2 55
89 9 52 98 10
98 3 71 45 22
68 30 59 2 12
62 40 80 3 13
12 25 27 65 38
4 1 53 39 88
38 70 2 25 55
9 85 12 55 69
96 28 15 17 3
4 73 72 32 51
11 10 71 91 55
69 10 3 21 69
8 52 53 16 17
7 5 26 86 68
51 50 57 6 2
82 16 87 49 3
71 5 88 54 9
37 1 91 8 59
2 87 55 85 78
7 96 5 71 21
75 20 33 14 44
29 14 56 58 4
55 17 19 10 52
88 6 67 1 55
63 3 75 98 29
97 52 2 41 12
6 17 72 5 52
68 15 2 65 90
86 2 19 5 58
23 81 5 8 37
61 22 16 8 78
88 3 1 51 38
27 83 3 26 70
25 2 60 61 18
71 12 93 56 4
86 2 11 25 31
3 14 24 13 93
25 71 97 20 3
83 1 4 90 90
98 2 4 64 93
77 28 89 2 15
1 92 80 97 1
100 50 2 14 3
72 1 95 11 33
27 81 31 5 73
33 15 86 2 50
28 55 67 70 1
76 90 74 1 34
5 45 58 14 52
8 55 66 1 69
74 15 94 4 14
41 61 14 3 53
2 56 46 72 92
50 84 78 9 6
54 14 21 4 90
1 52 11 77 46
11 58 3 55 87
11 1 41 73 58
67 66 4 1 53
70 28 35 2 22
24 91 97 2 36
9 9 99 45 63
5 20 93 20 11
56 83 5 70 2
1 86 14 91 30
90 4 26 80 7
27 21 69 54 6
11 33 18 86 55
61 54 17 11 6
2 92 24 51 64
20 15 20 19 13
31 82 57 3 11
66 52 66 83 1
8 15 76 26 9
16 58 5 22 80
34 23 19 9 28
3 51 31 67 13
11 89 84 8 20
6 81 5 86 16
21 1 92 13 28
7 77 58 6 91
51 72 1 78 23
77 55 1 98 10
45 63 2 54 23
6 74 28 34 40
2 10 39 88 63
19 83 4 5 71
94 1 11 75 10
23 1 29 12 93
3 61 85 28 70
17 9 89 8 19
1 20 90 88 76
76 37 1 62 64
74 18 55 21 4
100 4 70 76 5
30 6 16 14 50
80 51 2 89 41
85 10 23 78 5
44 49 78 87 1
14 54 16 70 1
61 20 68 91 1
80 34 5 13 15
25 1 73 93 40
63 31 2 24 24
1 97 75 23 90
79 98 6 55 4
2 29 28 19 50
73 70 1 97 59
8 12 34 5 47
63 5 89 2 76
24 66 10 4 99
8 78 11 33 56
1 39 35 66 52
6 22 55 55 79
50 28 25 12 5
86 77 1 16 78
2 96 57 54 25
37 3 21 89 58
23 36 12 13 25
33 17 53 89 11
2 39 68 100 12
1 35 34 43 24
68 88 10 59 3
2 84 69 14 12
7 1 65 43 68
6 15 22 74 81
56 8 84 4 25
6 15 6 15 60
1 47 19 11 79
25 4 25 21 76
2 68 7 5 99
18 100 92 63 1
17 2 51 98 18
2 88 93 9 18
11 87 4 2 82
61 97 2 16 100
5 6 37 74 84
11 98 2 97 31
8 17 55 89 11
11 12 93 20 6
86 85 4 82 3
51 95 22 58 2
13 84 99 4 19
53 65 2 44 81
6 16 51 16 28
59 9 6 16 9
26 66 4 62 1
33 100 1 61 78
2 9 20 71 97
1 51 10 88 67
87 45 65 1 87
21 43 1 100 50
9 42 7 57 11
