300 5
0.95 0.02 0.90 0.56 0.23
0.97 0.96 0.64 0.73 0.05
0.97 0.32 0.37 0.24 0.91
0.18 0.67 0.49 0.67 0.08
0.32 0.48 0.18 0.15 0.42
0.06 0.28 0.10 0.76 0.19
0.75 0.65 0.63 0.52 0.25
0.09 0.71 0.20 0.36 0.12
0.03 0.89 0.72 1.00 0.02
0.99 0.68 0.68 0.12 0.61
0.42 0.37 0.12 0.26 0.20
0.65 0.92 0.37 0.07 0.31
0.08 0.10 0.04 0.15 0.31
0.35 0.82 0.30 0.95 0.04
0.90 0.56 0.80 0.51 0.03
0.99 0.46 0.12 0.64 0.03
0.04 0.95 0.98 0.31 0.90
0.15 0.14 0.25 0.71 0.11
0.05 0.12 0.56 0.55 0.17
0.05 0.71 0.25 0.56 0.82
0.86 0.22 0.38 0.49 0.17
0.03 0.36 0.97 0.90 0.55
0.97 0.60 0.03 0.02 0.30
0.81 0.02 0.72 0.64 0.30
0.37 0.30 0.37 0.21 0.23
0.08 0.08 0.88 0.58 0.15
0.46 0.09 0.13 0.40 0.10
0.06 0.10 0.77 0.83 0.66
0.77 0.66 0.63 0.75 0.08
0.35 0.44 0.18 0.34 0.25
0.06 0.19 0.42 0.94 0.67
0.95 0.06 0.02 0.41 0.71
0.26 0.60 0.12 0.66 0.08
0.55 0.70 0.90 0.05 0.41
0.28 0.46 0.96 0.94 0.10
0.47 0.55 0.40 0.17 0.10
0.72 0.01 0.89 0.78 0.84
0.16 0.17 0.12 0.19 0.11
0.42 0.46 0.81 0.05 0.71
0.88 1.00 0.61 0.05 0.89
0.21 0.02 0.12 0.09 0.94
0.22 0.01 0.13 0.88 0.43
0.65 0.10 0.74 0.06 0.55
0.10 0.02 0.04 0.45 0.77
0.58 0.82 0.82 0.03 0.60
0.17 0.17 0.08 0.53 0.15
0.44 0.36 0.60 0.47 0.06
0.84 0.02 0.96 0.29 0.61
0.11 0.48 0.10 0.71 0.06
0.61 0.65 0.15 0.09 0.68
0.40 0.08 0.40 0.34 0.53
0.78 0.39 0.69 0.05 0.75
0.45 0.85 0.98 0.02 0.10
0.41 0.06 0.99 0.39 0.33
0.79 0.70 0.01 0.80 0.62
0.15 0.65 0.15 0.42 0.25
0.39 0.27 0.91 0.12 0.39
0.35 0.69 0.88 0.01 0.56
0.76 0.11 0.32 0.29 0.15
0.41 0.44 0.02 0.24 0.42
0.05 0.28 0.58 0.25 0.16
0.64 0.35 0.93 0.51 0.08
0.72 0.44 0.65 0.08 0.93
0.83 0.96 0.07 0.40 0.21
0.42 0.87 0.51 0.21 0.09
0.60 0.09 0.99 0.16 0.44
0.88 0.74 0.77 0.03 0.74
0.06 0.35 0.99 0.80 0.05
0.42 0.99 0.02 0.33 0.02
0.36 0.81 0.19 0.01 0.88
0.62 0.21 0.55 0.62 0.07
0.04 0.85 0.73 0.61 0.59
0.44 0.21 0.31 0.25 0.04
0.02 0.46 0.61 0.04 0.28
0.34 0.91 0.07 0.14 0.82
0.03 0.63 0.29 0.09 0.31
0.40 0.10 0.70 0.57 0.10
0.92 0.96 0.83 0.02 0.61
0.14 0.37 0.53 0.04 0.05
0.06 0.05 0.17 0.94 0.34
0.57 0.61 0.20 0.06 0.53
0.89 0.30 0.04 0.43 0.30
0.35 0.58 0.02 0.82 0.89
0.02 0.25 0.48 0.10 0.27
0.01 0.92 0.53 0.32 0.61
0.71 0.77 0.06 0.01 0.58
0.46 0.03 0.65 0.02 0.22
0.66 0.29 0.24 0.01 0.53
0.28 0.06 0.99 0.59 0.73
0.13 0.43 0.46 0.20 0.11
0.49 0.25 0.28 0.08 0.90
0.95 0.67 0.31 0.01 0.37
0.81 0.09 0.64 0.03 0.96
0.52 0.95 0.25 0.88 0.03
0.53 0.03 0.24 0.73 0.45
0.05 0.99 0.62 0.03 0.65
0.11 0.42 0.01 0.23 0.29
0.67 0.14 0.68 0.90 0.05
0.86 0.02 0.37 0.68 0.55
0.20 0.08 0.67 0.87 0.40
0.52 0.02 0.57 0.39 0.45
0.75 0.46 0.19 0.80 0.01
0.08 0.05 0.95 0.27 0.44
0.54 0.13 0.62 0.02 0.80
0.75 0.52 0.09 0.41 0.22
0.12 0.07 0.16 0.41 0.01
0.70 0.93 0.10 0.91 0.02
0.63 0.26 0.55 0.04 0.97
0.32 0.45 0.08 0.08 0.98
0.58 0.07 0.60 0.16 0.01
0.04 0.71 0.17 0.75 0.13
0.06 0.65 0.11 0.67 0.09
0.95 0.01 0.84 0.32 1.00
1.00 0.51 0.18 0.01 0.80
0.16 0.39 0.11 0.39 0.27
0.87 0.57 0.17 0.21 0.05
0.83 0.19 0.04 0.71 0.04
0.77 0.91 0.52 0.12 0.05
0.94 0.29 0.43 0.08 0.20
0.80 0.53 0.12 0.06 0.98
0.17 0.02 0.16 0.09 0.48
0.49 0.37 0.02 0.90 0.67
0.78 0.22 0.01 0.60 0.93
0.05 0.62 0.06 0.16 1.00
0.14 0.79 0.02 0.23 0.01
0.75 0.14 0.13 0.69 0.03
0.07 0.51 0.37 0.51 0.51
0.05 0.24 0.67 0.18 0.54
0.99 0.28 0.03 0.63 0.68
0.54 0.93 0.24 0.01 0.21
0.28 0.07 0.28 0.22 0.18
0.59 0.66 0.15 0.13 0.55
0.02 0.72 0.34 0.65 0.52
0.34 0.06 0.50 0.41 0.42
0.36 0.61 0.01 0.65 0.02
0.57 0.18 0.80 0.16 0.20
0.04 0.29 0.22 0.52 0.72
0.53 0.03 0.51 0.36 0.36
0.76 0.84 0.01 0.15 0.46
0.10 0.96 0.39 0.79 0.02
0.91 0.04 0.51 0.70 0.05
0.11 0.02 0.08 0.86 0.28
0.07 1.00 0.27 0.51 0.17
0.58 0.04 0.30 0.49 0.12
0.30 0.61 0.14 0.01 0.70
0.62 0.76 0.14 0.23 0.06
0.88 0.03 0.71 0.72 0.17
0.69 0.01 0.06 0.91 0.98
0.17 0.70 0.47 0.07 0.45
0.84 0.92 0.12 0.05 0.54
0.67 0.76 0.83 0.01 0.51
0.46 0.31 0.30 0.15 0.02
0.38 0.26 1.00 0.02 0.67
0.12 0.40 0.83 0.06 0.37
0.70 0.04 0.04 1.00 0.26
0.03 0.78 0.02 0.87 0.54
0.19 0.24 0.60 0.06 0.57
0.91 0.36 0.10 0.52 0.20
0.69 0.01 0.63 0.73 0.64
0.79 0.46 0.16 0.07 0.33
0.02 0.63 0.41 0.04 0.48
0.01 0.10 0.98 0.84 0.31
0.82 0.05 0.15 0.85 0.22
0.66 0.03 0.53 0.06 0.73
0.04 0.32 0.37 0.74 0.26
0.09 0.35 0.65 0.02 0.92
0.03 0.56 0.12 0.94 0.07
0.81 0.27 0.18 0.30 0.04
0.07 0.04 0.77 0.17 0.05
0.01 0.81 0.52 0.62 0.70
0.09 0.61 0.32 0.75 0.24
0.46 0.07 0.03 0.70 0.96
0.92 0.60 0.02 0.20 0.96
0.09 0.71 0.02 0.74 0.43
0.59 0.22 0.01 0.14 0.38
0.01 0.85 0.12 0.85 0.97
0.32 0.21 0.27 0.01 0.66
0.78 0.14 0.77 0.01 1.00
0.48 0.93 0.26 0.05 0.47
0.21 0.27 0.57 0.11 0.07
0.01 0.18 0.26 0.54 0.28
0.89 0.74 0.43 0.06 0.10
0.59 0.30 0.02 0.75 0.06
0.10 0.06 0.76 0.77 0.66
0.11 0.02 0.17 0.42 0.69
0.70 0.36 0.03 0.88 0.04
0.43 0.56 0.14 0.14 0.40
0.06 0.45 0.24 0.17 0.78
0.09 0.25 0.82 0.76 0.03
0.89 0.77 0.10 0.07 0.52
0.47 0.69 0.07 0.20 0.27
0.66 0.86 0.12 0.01 0.67
0.77 0.95 0.96 0.02 0.17
0.01 0.08 0.48 0.70 0.31
0.69 0.55 0.03 0.58 0.04
0.86 0.25 0.34 0.16 0.22
0.01 0.52 0.65 0.52 0.60
0.83 0.40 0.03 0.12 0.05
0.91 0.56 0.25 0.11 0.14
0.92 0.01 0.99 0.61 0.46
0.70 0.54 0.07 0.08 0.79
0.63 0.21 0.07 0.11 0.07
0.05 0.10 0.60 0.45 0.84
0.64 0.01 0.84 0.53 0.57
0.08 0.22 0.09 0.20 0.27
0.93 0.12 0.31 0.26 0.03
0.06 0.59 0.14 0.29 0.66
0.89 0.07 0.06 0.44 0.81
0.41 0.75 0.34 0.09 0.01
0.01 0.24 0.15 0.14 0.60
0.81 0.04 0.56 0.08 0.29
0.08 0.09 0.09 0.29 0.72
0.37 0.51 0.03 0.17 0.66
0.02 0.97 0.10 0.22 0.85
0.01 0.63 0.14 0.01 0.93
0.91 0.06 0.02 0.38 0.87
0.44 0.48 0.03 0.08 0.84
0.84 0.60 0.99 0.01 0.38
0.54 0.47 0.08 0.48 0.28
0.87 0.50 0.25 0.26 0.03
0.41 0.01 0.71 0.52 0.46
0.02 0.53 0.26 0.12 0.71
0.62 0.36 0.86 0.03 0.21
0.20 0.02 0.80 0.53 0.03
0.57 0.62 0.09 0.27 0.08
0.81 0.17 0.06 0.76 0.05
0.72 0.59 0.98 0.01 0.31
0.01 0.68 0.15 0.05 0.11
0.02 0.58 0.93 0.88 0.01
0.21 0.60 0.62 0.03 0.93
0.95 0.72 0.04 0.01 0.72
0.53 0.03 0.12 0.58 0.68
0.09 0.19 0.72 0.47 0.02
0.02 0.69 0.06 0.84 0.97
0.61 0.25 0.05 0.68 0.21
0.71 0.94 0.97 0.03 0.16
0.04 0.02 0.89 0.38 0.70
0.76 0.70 0.18 0.04 0.03
0.58 0.38 0.01 0.44 0.87
0.07 0.48 0.76 0.97 0.01
0.02 0.85 0.10 0.31 0.75
0.03 0.44 0.11 0.02 0.24
0.03 0.36 0.09 0.59 0.30
0.63 0.01 0.52 0.69 0.16
0.33 0.68 0.56 0.01 0.54
0.91 0.10 0.12 0.73 0.18
0.08 0.85 0.74 0.76 0.06
0.04 0.91 0.70 0.55 0.02
0.71 0.06 0.14 0.69 0.17
0.90 0.01 0.54 0.05 0.57
0.13 0.35 0.70 0.07 0.52
0.04 0.69 0.07 0.80 0.43
0.90 0.60 0.06 0.03 0.89
0.73 0.15 0.05 0.80 0.04
0.02 0.21 0.18 0.40 0.01
0.65 0.19 0.13 0.10 0.90
0.78 0.03 0.01 0.79 0.30
0.54 0.40 0.10 0.09 0.01
0.13 0.01 0.01 0.97 0.13
0.44 0.37 0.03 0.56 0.69
0.83 0.21 0.10 0.64 0.04
0.05 0.52 0.08 0.89 0.31
0.67 0.16 0.93 0.08 0.04
0.74 0.84 0.59 0.08 0.02
0.81 0.54 0.24 0.02 0.19
0.83 0.36 0.40 0.04 0.13
0.02 0.89 0.08 0.75 0.52
0.01 0.10 0.66 0.51 0.47
0.37 0.41 0.65 0.19 0.04
0.46 0.92 0.87 0.01 0.20
0.44 0.44 0.52 0.04 0.14
0.84 0.32 0.09 0.31 0.04
0.26 0.32 0.56 0.04 0.76
0.51 0.80 0.02 0.16 0.10
0.54 0.23 0.03 0.75 0.29
0.81 0.27 0.24 0.02 0.25
0.41 0.54 0.95 0.36 0.02
0.12 0.02 0.68 0.24 0.71
0.75 0.53 0.02 0.13 0.02
0.30 0.54 0.39 0.06 0.17
0.83 0.35 0.16 0.03 1.00
0.64 0.06 0.61 0.75 0.01
0.55 0.71 0.04 0.58 0.09
1.00 0.01 0.39 0.79 0.86
0.06 0.15 0.30 0.28 0.96
0.58 0.01 0.91 0.51 0.60
0.64 0.59 0.90 0.01 0.08
0.47 0.01 0.79 0.07 0.67
0.70 0.01 0.59 0.67 0.33
0.25 1.00 0.63 0.07 0.04
0.99 0.26 0.29 0.09 0.41
0.67 0.08 0.09 0.02 0.21
0.17 0.07 0.89 0.07 0.58
0.94 0.59 0.47 0.03 0.14
0.56 0.22 0.05 0.95 0.26
0.11 0.79 0.37 0.01 0.44
0.62 0.02 0.53 0.83 0.22
0.01 0.05 0.68 0.56 0.60
0.90 0.02 0.04 0.19 0.29
0.27 0.21 0.88 0.23 0.01
