300 5
0.89 0.12 0.59 0.42 0.83
0.90 0.67 0.72 0.77 0.37
0.21 0.31 0.25 0.40 0.57
0.88 0.58 0.23 0.05 0.50
0.18 0.83 0.80 0.50 0.81
0.45 0.98 0.02 0.61 0.83
0.96 0.23 0.37 0.85 0.40
0.59 0.41 0.09 0.23 0.38
0.49 0.15 0.21 0.55 0.78
0.94 0.48 0.37 0.02 0.33
0.72 0.20 0.59 0.26 0.32
0.15 0.24 0.05 0.37 0.91
0.94 0.74 0.06 0.14 0.28
0.22 0.43 0.02 0.18 0.58
0.95 0.82 0.41 0.83 0.20
0.59 0.91 0.12 0.64 0.32
0.04 0.44 0.50 0.43 0.48
0.24 0.47 0.79 0.13 0.07
0.36 0.88 0.23 0.47 0.03
0.16 0.16 0.17 0.61 0.09
0.02 0.07 0.72 0.15 0.43
0.02 0.38 0.56 0.17 0.70
0.13 0.46 0.87 0.97 0.19
0.05 0.74 0.22 0.66 0.65
0.03 0.49 0.08 0.45 0.60
0.07 0.57 0.99 0.59 0.20
0.25 0.03 0.03 0.71 0.15
0.75 0.82 0.29 0.51 0.17
0.57 0.03 0.31 0.49 0.43
0.54 0.98 0.01 0.29 0.78
0.75 0.28 0.45 0.29 0.68
0.06 0.02 0.86 0.79 0.32
0.60 0.33 0.55 0.46 0.04
0.91 0.13 0.66 0.36 0.55
0.87 0.70 0.58 0.36 0.06
0.18 0.01 0.51 0.16 0.69
0.20 0.19 0.42 0.32 0.98
0.10 0.55 0.04 0.87 0.72
0.27 0.06 0.62 0.80 0.07
0.77 0.44 0.68 0.16 0.61
0.44 0.72 0.14 0.15 0.19
0.99 0.66 0.22 0.02 0.88
0.43 0.70 0.39 0.64 0.01
0.19 0.74 0.21 0.29 0.69
0.28 0.08 0.50 0.49 0.86
0.22 0.12 0.46 0.68 0.39
0.67 0.12 0.14 0.48 0.33
0.33 0.53 0.06 0.56 0.06
0.64 0.99 0.67 0.10 0.09
0.13 0.72 0.11 0.98 0.11
0.64 0.66 0.50 0.17 0.23
0.19 0.89 0.65 0.13 0.59
0.80 0.66 0.33 0.08 0.73
0.65 0.15 0.54 0.19 0.32
0.41 0.22 0.71 0.45 0.02
0.01 0.85 0.65 0.12 0.85
0.83 0.56 0.04 0.48 0.54
0.07 0.85 0.55 0.71 0.13
0.04 0.46 0.02 0.17 0.05
0.06 0.41 0.12 0.85 0.35
1.00 0.53 0.02 0.09 0.31
0.28 0.26 0.55 0.35 0.58
0.18 0.61 0.69 0.01 0.98
0.80 0.41 0.38 0.04 0.54
0.05 0.39 0.43 0.95 0.14
0.27 0.58 0.21 0.14 0.24
0.24 0.24 0.19 0.05 0.69
0.63 0.90 0.15 0.73 0.04
0.02 0.89 0.63 0.54 0.52
0.30 0.27 0.11 0.69 0.12
0.38 0.30 0.12 0.45 0.08
0.01 0.56 0.52 0.45 0.61
0.21 0.38 0.55 0.17 0.67
0.01 0.84 0.01 0.62 0.28
0.58 0.81 0.89 0.08 0.65
0.31 0.21 0.18 0.45 0.73
0.40 0.38 0.64 0.25 0.35
0.17 0.15 0.46 0.37 0.99
0.63 0.46 0.01 0.64 0.53
0.59 0.84 0.51 0.09 0.26
0.81 0.24 0.65 0.09 0.55
0.46 0.15 0.40 0.39 0.62
0.84 0.44 0.04 0.15 0.40
0.29 0.56 0.56 0.98 0.03
0.89 0.59 0.52 0.03 0.99
0.39 0.07 0.70 0.29 0.53
0.91 0.22 0.14 0.35 0.10
0.03 0.17 0.32 0.67 0.64
0.55 0.43 0.10 0.35 0.04
0.93 0.96 1.00 0.11 0.16
0.46 0.38 0.78 0.23 0.35
0.77 0.07 0.21 0.55 0.22
0.60 0.73 0.69 0.05 0.60
0.57 0.41 0.49 0.24 0.65
0.42 0.25 0.19 0.47 0.21
0.80 0.04 0.53 1.00 0.08
0.34 0.72 0.54 0.15 0.23
0.06 0.30 0.46 0.11 0.77
0.14 0.15 0.40 0.60 0.56
0.87 0.10 0.20 0.26 0.66
0.82 0.55 0.91 0.05 0.15
0.66 0.13 0.86 0.23 0.25
0.65 0.03 0.97 0.21 0.67
0.03 0.32 0.17 0.22 0.59
0.61 0.28 0.57 0.24 0.02
0.15 0.34 0.61 0.10 0.18
0.79 0.12 0.60 0.47 0.68
0.68 0.04 0.83 0.53 0.40
0.70 0.19 0.93 0.04 0.73
0.43 0.09 0.54 0.06 0.13
0.88 0.26 0.07 0.38 0.56
0.25 0.56 0.46 0.08 0.08
0.64 0.01 0.23 0.62 0.16
0.81 0.08 0.59 0.71 0.04
0.25 0.04 0.04 0.21 0.75
0.84 0.52 0.46 0.98 0.02
0.22 0.44 0.05 0.33 0.46
0.91 0.56 0.33 0.09 0.14
0.56 0.98 0.03 0.76 0.03
0.33 0.32 1.00 0.22 0.24
0.44 0.56 0.34 0.16 0.66
0.85 0.06 0.58 0.64 0.15
0.02 0.06 0.90 0.24 0.83
0.05 0.35 0.53 0.41 0.49
0.49 0.66 0.91 0.85 0.01
0.69 0.51 0.53 0.13 0.47
0.83 0.71 0.01 0.12 0.63
0.11 0.59 0.48 0.12 0.23
0.19 0.40 0.34 0.13 0.83
0.74 0.01 0.52 0.60 0.25
0.04 0.51 0.13 0.92 0.01
0.05 0.30 0.07 0.13 0.23
0.33 0.19 0.54 0.33 0.32
0.05 0.07 0.39 0.96 0.64
0.32 0.76 0.79 0.04 0.84
0.02 0.12 0.27 0.97 0.81
0.60 0.11 0.60 0.49 0.01
0.47 0.67 0.45 0.05 0.10
0.51 0.28 0.51 0.17 0.57
0.12 0.57 0.69 0.42 0.04
0.66 0.02 0.02 0.18 0.06
0.61 0.70 0.55 0.01 0.93
0.91 0.14 0.97 0.05 0.72
0.47 0.24 0.46 0.02 0.34
0.06 0.79 0.20 0.53 0.02
0.49 0.02 0.49 0.66 0.49
0.14 0.14 0.79 0.98 0.37
0.31 0.06 0.51 0.52 0.57
0.14 0.16 0.71 0.03 0.56
0.04 0.01 0.73 0.54 0.54
0.90 0.26 0.06 0.01 0.36
0.03 0.96 0.24 0.24 0.56
0.55 0.12 0.19 0.03 0.68
0.21 0.38 0.02 0.40 0.86
0.33 0.07 0.63 0.70 0.44
0.96 0.67 0.30 0.02 0.06
0.06 0.92 0.79 0.09 0.98
0.02 0.40 0.99 0.13 0.63
0.12 0.22 0.20 0.20 0.35
0.45 0.07 0.55 0.65 0.51
0.74 0.26 0.73 0.09 0.12
0.70 0.42 0.22 0.01 0.07
0.01 0.03 0.80 0.37 0.90
0.59 0.12 0.93 0.24 0.05
0.33 0.33 1.00 0.01 0.76
0.77 0.06 0.38 0.13 0.39
0.26 0.95 0.45 0.05 0.17
0.58 0.01 0.78 0.11 0.52
0.16 0.02 0.68 0.44 0.75
0.78 0.23 0.82 0.03 0.26
0.31 0.80 0.39 0.11 0.60
0.03 0.39 0.08 0.61 0.07
0.52 0.25 0.73 0.38 0.05
0.58 0.39 0.03 0.61 0.61
0.01 0.83 0.22 0.73 0.77
0.02 0.94 0.25 0.23 0.03
0.33 0.88 0.16 0.08 0.57
0.63 0.10 0.26 0.63 0.01
0.82 0.01 0.15 0.09 0.90
0.24 0.09 0.51 0.80 0.08
0.23 0.14 0.71 0.69 0.23
0.43 0.07 0.51 0.84 0.06
0.95 0.01 0.49 0.55 0.68
0.62 0.07 0.09 0.11 0.86
0.03 0.88 0.86 0.03 0.55
0.31 0.63 0.74 0.44 0.01
0.03 0.66 0.92 0.55 0.08
0.40 0.39 0.58 0.02 0.88
0.01 0.62 0.98 0.07 0.65
0.39 0.14 0.91 0.34 0.17
0.19 0.58 0.66 0.06 0.57
0.98 0.17 0.32 0.08 0.18
0.52 0.70 0.09 0.10 0.26
0.65 0.84 0.74 0.04 0.25
0.85 0.64 0.03 0.09 0.82
0.92 0.25 0.25 0.13 0.20
0.59 0.43 0.37 0.19 0.01
0.81 0.26 0.33 0.13 0.07
0.11 0.03 0.94 0.70 0.32
0.80 0.30 0.05 0.08 0.21
0.01 0.54 0.59 0.13 0.54
0.04 0.26 0.54 0.86 0.02
0.01 0.43 0.75 0.74 0.93
0.59 0.01 0.69 0.05 0.95
0.23 0.17 0.55 0.49 0.62
0.65 0.88 0.71 0.04 0.25
0.51 0.31 0.32 0.15 0.10
0.59 0.11 0.18 0.67 0.06
0.37 0.22 0.82 0.65 0.08
0.45 0.84 0.06 0.12 0.86
0.11 0.11 0.53 0.91 0.26
0.10 0.55 0.61 0.10 0.27
0.13 0.21 0.40 0.24 0.88
0.62 0.13 0.15 0.59 0.34
0.18 0.28 0.70 0.55 0.15
0.14 0.02 0.21 0.66 0.36
0.90 0.90 0.48 0.02 0.03
0.61 0.02 0.90 0.03 0.88
0.27 0.80 0.95 0.86 0.01
0.30 0.86 0.04 0.58 0.03
0.65 0.09 0.22 0.58 0.63
0.44 0.31 0.01 0.36 0.06
0.02 0.06 0.26 0.51 0.34
0.31 0.63 0.47 0.29 0.03
0.09 0.38 0.89 0.79 0.13
0.09 0.58 0.91 0.04 0.98
0.57 0.58 0.80 0.03 0.22
0.66 0.57 0.70 0.01 0.85
0.15 0.03 0.11 0.45 0.43
0.97 0.04 0.77 0.37 0.02
0.15 0.03 0.01 0.64 0.83
0.59 0.69 0.04 0.05 0.78
0.15 0.57 0.87 0.08 0.39
0.66 0.69 0.64 0.04 0.28
0.23 0.22 0.13 0.17 0.45
0.41 0.99 0.86 0.02 0.13
0.91 0.07 0.52 0.07 0.69
0.14 0.30 0.16 0.06 0.87
0.34 0.61 0.58 0.07 0.28
0.03 0.72 0.61 0.03 0.22
0.82 0.06 0.94 0.05 0.30
0.05 0.35 0.83 0.08 0.81
0.63 0.07 0.55 0.13 0.70
0.66 0.23 0.02 0.98 0.01
0.16 0.14 0.43 0.75 0.11
0.28 0.06 0.88 0.14 0.55
0.35 0.17 0.01 0.92 0.75
0.57 0.55 0.99 0.01 0.74
0.21 0.69 0.41 0.60 0.02
0.41 0.33 0.11 0.09 0.11
0.09 0.75 0.99 0.01 0.60
0.71 0.22 0.68 0.13 0.09
0.55 0.82 0.91 0.01 0.42
0.52 0.33 0.12 0.35 0.06
0.12 0.59 0.16 0.08 0.57
0.58 0.10 0.84 0.04 0.73
0.26 0.12 0.20 0.41 0.63
0.89 0.53 0.06 0.02 0.21
0.28 0.95 0.63 0.02 0.47
0.16 0.04 0.47 0.03 0.70
0.02 0.07 0.76 0.04 0.90
0.01 0.66 0.60 0.80 0.35
0.03 0.85 0.88 0.07 0.05
0.39 0.19 0.52 0.15 0.53
0.93 0.01 0.52 0.22 0.64
0.02 0.59 0.49 0.77 0.05
0.09 0.06 0.28 0.41 0.49
0.18 0.59 0.29 0.80 0.03
0.08 0.02 0.28 0.83 0.63
0.60 0.60 0.55 0.01 0.10
0.91 0.14 0.85 0.02 0.01
0.15 0.01 0.93 0.75 0.17
0.55 0.36 0.33 0.04 0.47
0.07 0.18 0.44 0.40 0.17
0.47 0.31 0.37 0.12 0.28
0.17 0.75 0.06 0.56 0.01
0.01 0.54 0.19 0.82 0.73
0.21 0.02 0.85 0.12 0.77
0.59 0.19 0.45 0.58 0.11
0.08 0.71 0.54 0.04 0.81
0.56 0.95 0.86 0.05 0.04
0.01 0.70 0.34 0.61 0.75
0.51 0.01 0.97 0.56 0.41
0.32 0.01 0.86 0.71 0.51
0.02 0.22 0.07 0.24 0.41
0.18 0.95 0.54 0.04 0.45
0.63 0.02 0.31 0.45 0.43
0.58 0.01 0.24 0.68 0.90
0.35 0.02 0.72 0.86 0.05
0.61 0.20 0.66 0.03 0.10
0.09 0.11 0.88 0.83 0.24
0.91 0.18 0.09 0.02 0.70
0.64 0.52 0.28 0.02 0.43
0.06 0.65 0.29 0.03 0.11
0.70 0.17 0.01 0.71 0.64
0.07 0.01 0.06 0.84 0.18
0.61 0.60 0.02 0.04 0.37
0.16 0.08 0.08 0.25 0.12
0.87 0.95 0.60 0.16 0.03
0.75 0.01 0.69 0.32 0.12
