300 5
79 44 68 65 29
94 69 67 45 94
41 77 32 95 5
94 23 86 19 24
57 9 26 39 7
29 49 75 36 5
56 43 73 69 88
71 75 42 27 36
43 66 43 91 76
18 17 60 18 39
34 77 52 53 40
40 64 14 30 6
27 48 15 42 12
80 94 21 43 2
23 5 28 84 14
6 29 78 85 94
91 92 99 7 80
6 25 36 10 58
36 14 19 22 8
46 60 13 95 10
92 78 12 98 37
4 97 6 4 83
59 62 1 35 80
21 2 49 30 6
8 19 100 85 64
16 2 72 11 1
23 52 23 76 28
52 4 32 51 65
59 22 7 68 32
71 59 84 3 84
7 21 75 25 35
1 74 27 33 82
17 20 2 37 100
42 20 48 11 39
4 22 77 57 76
98 99 91 2 64
59 39 8 24 67
91 33 4 94 15
49 9 48 34 30
84 62 56 9 53
81 9 18 62 55
72 34 88 1 78
46 8 43 67 2
8 1 42 38 55
14 37 29 21 14
29 71 1 21 45
10 62 36 73 56
6 56 21 97 84
6 18 46 55 1
92 14 19 2 82
10 2 84 91 34
33 46 82 6 55
11 89 13 66 51
14 47 39 7 62
6 5 95 56 63
41 11 4 92 21
4 27 44 76 6
67 35 62 4 84
58 95 38 8 96
5 4 93 43 32
72 95 47 19 23
58 57 18 38 80
38 12 8 22 35
66 60 5 58 85
11 4 8 18 41
12 94 78 31 12
38 62 42 9 29
1 68 86 7 10
5 69 22 53 63
1 81 64 71 67
37 45 17 36 8
73 61 37 58 5
67 60 14 2 23
1 89 61 80 62
100 26 91 9 58
65 61 12 17 34
1 12 43 96 11
44 3 1 25 59
2 87 42 67 45
9 93 25 10 4
65 65 91 9 7
32 13 29 22 21
83 92 72 2 11
10 51 53 53 25
58 41 10 20 19
9 58 23 15 54
96 82 31 8 10
32 51 3 43 83
91 74 1 99 5
26 26 42 66 22
75 5 91 2 27
5 87 58 26 63
65 88 2 11 18
50 87 36 4 20
8 38 3 33 56
32 86 78 4 79
40 92 70 8 4
2 59 55 68 32
74 9 27 19 18
4 54 12 60 89
52 39 74 8 59
16 32 39 29 34
3 80 58 24 13
67 34 47 4 56
58 85 68 9 11
46 2 39 43 35
98 21 6 89 5
64 41 77 4 72
89 20 14 6 69
71 59 49 1 11
54 84 2 55 4
44 79 11 71 9
46 24 1 11 12
70 2 1 41 99
12 79 55 52 4
2 78 58 31 93
4 80 2 43 41
35 60 6 58 15
7 59 26 7 51
90 14 1 26 20
1 85 75 77 4
32 9 18 59 36
20 83 5 19 88
93 63 10 95 4
39 80 63 46 5
10 89 51 53 27
24 14 23 70 24
53 87 76 2 41
3 12 65 21 92
1 84 20 77 38
6 22 40 5 64
23 6 52 5 83
28 12 60 15 14
4 21 90 90 91
19 24 2 81 96
70 25 67 1 54
97 26 7 9 6
86 1 92 91 33
11 50 5 35 40
2 43 17 35 27
48 80 57 3 59
74 22 5 72 13
25 4 2 98 71
72 49 61 26 6
8 65 5 31 82
79 21 16 16 52
43 6 19 73 10
12 62 16 66 29
97 88 26 76 1
93 47 21 91 1
26 29 34 74 8
81 1 90 96 52
1 85 29 20 64
55 80 10 61 4
60 10 42 3 84
95 22 28 10 56
17 91 33 6 57
6 80 16 96 16
18 33 45 4 91
8 42 16 26 91
4 1 84 62 28
1 64 74 55 80
58 18 53 14 57
16 37 18 17 14
18 1 83 27 63
85 45 76 5 36
2 14 75 54 70
23 5 68 4 57
71 74 2 7 16
2 78 52 12 42
97 76 47 54 1
47 11 45 22 23
8 13 27 76 82
55 70 94 1 44
27 26 2 84 33
65 1 93 73 7
20 88 2 36 72
94 58 89 5 35
14 34 43 79 38
93 96 68 6 5
20 39 20 14 19
80 10 16 16 29
76 38 18 83 6
62 3 96 7 74
88 82 23 100 1
35 80 3 81 38
73 82 31 61 1
36 14 61 8 15
19 6 63 80 34
90 73 18 46 5
32 26 86 1 38
20 89 59 2 68
8 30 55 33 53
1 20 80 27 52
2 12 91 82 97
62 17 47 19 10
51 74 16 4 99
3 37 5 2 70
12 73 9 44 25
90 19 59 5 60
58 58 29 2 61
23 10 34 13 28
77 42 79 1 17
67 65 62 1 47
1 75 55 6 34
9 10 82 94 17
33 15 45 4 65
70 61 18 1 24
1 39 65 60 84
33 1 52 80 7
1 43 55 12 9
1 26 78 85 86
21 60 8 61 20
55 2 6 57 39
60 7 36 9 8
61 86 72 1 66
95 28 12 6 54
3 24 31 46 22
3 4 52 61 31
38 98 13 16 10
10 2 35 85 20
42 93 22 9 26
10 32 51 21 42
17 17 66 3 59
63 40 27 3 45
71 4 27 3 44
15 81 6 62 2
54 59 62 1 66
13 3 95 28 66
73 2 10 43 97
4 70 67 52 3
2 61 11 68 12
2 20 75 21 52
6 11 47 8 25
99 8 13 35 36
42 37 11 35 23
89 77 30 63 5
91 70 3 6 70
16 55 38 3 51
5 88 56 50 5
91 9 25 5 48
64 29 70 5 34
9 21 29 83 11
30 36 69 13 17
9 4 50 7 79
14 18 63 6 61
7 52 64 11 20
36 60 41 2 5
49 100 8 1 91
14 43 81 6 4
45 26 26 15 18
58 27 61 5 55
86 1 70 78 52
53 35 62 3 56
71 54 22 2 68
8 95 20 64 19
4 31 7 18 83
2 49 88 85 7
81 1 57 4 65
25 71 2 54 66
82 55 7 79 11
60 5 68 67 4
8 62 26 64 1
14 90 2 97 8
19 62 4 79 11
72 54 41 3 20
4 12 94 56 79
71 39 30 8 17
7 62 8 18 51
60 91 25 7 62
10 83 92 1 25
30 80 3 85 29
47 53 6 83 1
62 96 14 6 4
61 1 70 38 54
5 98 22 1 4
85 80 4 3 22
42 36 26 6 95
24 16 7 51 72
4 35 9 95 3
20 78 59 37 8
5 7 13 74 97
92 22 1 64 12
2 5 83 86 84
89 8 1 71 1
96 9 1 27 33
38 2 23 89 55
29 15 2 56 61
5 36 95 12 54
70 19 50 7 58
78 79 93 2 3
9 15 2 21 51
28 8 14 78 40
5 12 14 87 4
77 3 17 8 29
18 10 20 89 12
64 66 8 26 6
59 21 1 85 53
31 48 15 8 12
2 19 64 5 25
