20 10 
88 4 46 1 77 33 66 56 97 16 59 77 89 69 86 11 18
43 98 7 66 24 56 92 47 43 4 96 59 97 80 3 96 7
78 56 76 90 97 46 26 37 8 81 8 17 6 6 21 5 28
56 21 26 43 7 52 5 97 68 53 70 54 88 62 63 26 88
78 90 93 46 33 32 42 6 56 63 30 55 23 33 38 12 88
89 87 87 28 62 68 13 68 47 95 52 73 14 77 19 34 60
36 35 97 43 28 56 59 79 1 16 88 39 69 76 92 84 96
77 34 45 86 35 93 40 95 72 94 53 46 75 62 91 88 28
59 43 19 25 2 90 67 21 88 25 85 9 59 46 98 64 53
63 63 8 50 27 25 25 36 74 16 23 46 82 92 47 16 55
33 39 64 0 57 4 86 36 59 3 3 95 0 85 45 71 28
78 1 52 91 51 48 14 88 51 28 4 66 13 76 70 97 72
61 14 55 59 21 39 12 24 45 34 98 98 80 7 1 43 57
35 14 74 5 41 86 91 10 43 28 21 27 65 25 85 57 17
36 31 47 83 20 62 73 85 65 12 92 85 28 77 75 37 30
34 22 34 41 59 3 100 8 76 10 21 11 40 62 28 97 7
59 21 39 67 93 20 63 96 82 31 48 51 8 73 28 15 55
26 84 46 31 50 26 18 11 61 78 83 97 98 0 68 77 70
100 63 36 60 28 39 44 64 46 38 39 8 55 96 76 26 78
36 65 71 51 81 46 69 36 22 92 84 4 54 86 73 20 40
