20 10 
85 38 88 88 96 83 14 94 90 75 41 26 23 5 16 59 64
85 39 76 91 26 70 9 22 47 68 28 28 48 26 21 71 63
7 20 64 35 55 94 87 43 85 75 97 54 84 4 40 69 22
36 41 82 28 1 19 53 23 67 59 48 43 27 36 4 41 62
84 81 84 33 89 57 99 37 55 97 67 16 34 46 25 44 94
14 44 63 65 30 63 41 87 59 61 83 12 18 88 43 60 24
96 66 11 52 18 45 3 12 9 12 80 69 94 80 70 81 49
70 16 57 49 56 77 40 87 51 89 94 87 100 43 55 61 8
19 86 7 86 59 39 77 45 76 33 86 20 4 5 100 75 34
26 67 8 75 3 73 78 20 65 85 68 87 55 30 52 11 66
60 35 28 23 74 90 94 32 99 8 63 50 32 84 75 21 2
9 87 56 18 55 80 97 83 87 28 73 91 0 85 32 1 88
34 98 42 57 11 49 59 2 52 15 61 56 11 82 56 90 77
76 70 49 24 61 93 30 77 73 76 37 44 46 8 7 20 89
75 96 88 35 41 54 16 91 10 55 55 11 88 14 7 66 100
78 8 71 0 64 100 11 100 52 23 8 93 76 76 28 81 18
13 75 54 5 6 17 79 24 85 18 83 59 43 99 3 65 92
17 49 28 91 32 1 22 62 14 28 21 86 28 27 87 21 44
32 71 83 65 68 82 89 63 32 87 72 81 78 88 2 99 18
53 28 49 65 65 10 46 91 95 53 26 60 17 1 96 75 96
