20 10 
78 27 94 83 84 22 81 12 100 31 33 35 34 64 12 9 85
37 92 14 21 68 64 14 91 32 28 47 69 38 22 92 25 99
59 56 51 30 39 85 32 41 1 88 27 97 8 90 80 41 22
91 84 33 95 89 62 15 70 68 2 78 82 12 75 25 76 6
76 64 85 69 43 56 62 52 14 75 97 30 94 69 80 72 46
9 63 100 24 22 6 12 38 20 100 16 7 48 81 78 15 69
44 76 20 23 40 28 64 92 69 17 4 91 13 95 39 23 68
98 25 4 25 49 89 3 35 13 22 5 26 59 100 50 28 50
92 0 36 65 50 38 86 0 5 33 48 49 38 53 48 66 70
49 56 75 65 69 19 17 52 19 78 22 23 91 17 46 28 41
30 37 49 74 46 62 32 35 88 26 11 35 91 80 99 2 56
94 94 57 48 86 4 75 26 95 6 51 43 26 89 89 53 62
82 41 40 34 73 12 98 83 11 91 62 62 61 65 47 50 20
82 1 21 74 48 84 99 77 94 25 69 69 22 66 34 92 44
35 42 87 50 31 0 56 85 23 17 57 76 5 19 72 50 19
64 25 56 52 47 6 94 28 8 77 76 64 56 91 5 72 53
86 46 28 71 42 47 86 76 69 42 26 75 62 28 88 17 32
16 47 41 2 60 41 50 32 4 62 81 28 98 5 7 75 27
55 24 20 50 52 62 79 8 91 72 56 47 45 14 66 37 35
56 66 4 19 41 32 7 62 6 70 98 27 57 0 80 56 49
