20 10 
45 26 26 9 85 10 21 37 16 25 11 1 56 23 49 75 34
10 10 35 59 51 20 81 31 52 39 54 11 91 72 89 4 83
2 36 70 90 80 100 55 60 62 84 31 100 74 14 63 38 64
36 65 47 33 36 37 49 43 17 96 56 66 12 69 27 76 82
31 37 27 57 75 7 8 25 43 3 60 87 11 62 21 98 53
28 31 74 6 67 6 61 99 95 59 39 84 90 63 80 43 93
17 66 25 11 34 43 14 40 8 34 48 75 20 6 53 44 23
31 34 77 54 94 13 61 32 90 90 12 76 1 31 68 56 85
28 97 46 26 69 77 1 31 81 72 81 49 67 37 94 7 9
66 56 60 98 82 7 20 80 82 88 47 45 23 22 39 24 6
30 72 87 57 64 38 5 0 68 72 71 22 47 88 1 6 16
72 37 22 84 54 31 39 47 27 99 20 9 46 31 79 5 77
23 77 61 76 100 1 71 94 54 51 89 35 52 56 94 8 6
0 56 61 83 45 13 57 3 92 87 9 97 71 47 80 0 63
86 80 17 26 0 27 92 75 9 24 34 41 15 86 76 87 22
89 89 66 66 37 13 79 24 94 7 6 51 11 43 79 51 22
78 76 66 34 76 62 78 87 50 67 67 26 54 59 12 46 9
37 50 79 68 71 27 45 20 65 22 59 15 93 93 7 72 57
48 54 10 73 7 60 44 97 56 73 56 85 40 17 67 52 76
8 19 56 88 5 24 53 87 48 77 12 28 9 49 85 22 46
