250 6
0.86 0.93 0.18 0.01 0.15 0.14
0.99 0.59 0.77 0.50 0.06 0.78
0.97 0.86 0.69 0.77 0.10 0.38
0.10 0.22 0.46 0.37 0.50 0.04
0.08 0.30 0.36 0.43 0.76 0.46
0.60 0.56 0.66 0.72 0.15 0.23
0.33 0.83 0.31 0.88 0.73 0.61
0.07 0.92 0.26 0.84 0.59 0.58
0.31 0.16 0.67 0.30 0.50 0.94
0.40 0.32 0.50 0.05 0.02 0.10
0.83 0.04 0.70 0.60 0.77 0.56
0.93 0.28 0.47 0.46 0.09 0.06
0.71 0.29 0.34 0.45 0.09 0.70
0.68 0.96 0.53 0.02 0.38 0.94
0.57 0.48 0.06 0.23 0.44 0.23
0.42 0.11 0.90 0.21 0.29 0.05
0.70 0.12 0.74 0.96 0.54 0.20
0.87 0.27 0.31 0.73 0.28 0.82
0.18 0.62 0.07 0.36 0.75 0.01
0.92 0.79 0.10 0.84 0.23 0.57
0.57 0.40 0.48 0.97 0.15 0.60
0.07 0.53 0.86 0.75 0.85 0.98
0.05 0.72 0.49 0.60 0.22 0.96
0.76 0.02 0.18 0.75 0.15 1.00
0.95 0.86 0.82 0.04 0.12 0.55
0.14 0.86 0.49 0.25 0.01 0.36
0.02 0.22 0.52 0.77 0.83 0.77
0.43 0.38 0.17 0.73 0.04 0.55
0.85 0.04 0.69 0.84 0.73 0.11
0.02 0.21 0.48 0.46 0.21 0.06
0.44 0.84 0.35 0.64 0.64 0.83
0.95 0.88 0.10 0.99 0.12 0.32
0.53 0.72 0.96 0.68 0.69 0.03
0.87 0.83 0.41 0.67 0.03 0.68
0.33 0.88 0.28 0.72 0.32 0.82
0.16 0.94 0.79 0.08 0.71 0.64
0.66 0.02 0.79 0.67 0.86 0.60
0.22 0.58 0.17 0.99 0.90 0.42
0.89 0.15 0.71 0.60 0.73 0.18
0.36 0.21 0.45 0.06 0.35 0.24
0.58 0.10 0.13 0.65 0.76 0.88
0.26 0.08 0.79 0.33 0.77 0.88
0.62 0.20 0.69 0.94 0.56 0.54
0.14 0.41 0.15 0.05 0.46 1.00
0.88 0.38 0.26 0.71 0.54 0.11
0.97 0.05 0.69 0.64 0.58 0.73
0.33 0.34 0.03 0.26 0.15 0.18
0.85 0.10 0.76 0.53 0.55 0.63
0.41 0.08 0.23 0.08 0.47 0.12
0.73 0.07 0.35 0.03 0.91 0.90
0.20 0.82 0.83 0.96 0.17 0.55
0.62 0.87 0.68 0.01 0.47 1.00
0.35 0.50 0.14 0.54 0.13 0.88
0.39 0.30 0.29 0.30 0.32 0.87
0.16 0.18 0.55 0.83 0.39 0.70
0.21 0.78 0.77 0.70 0.20 0.65
0.30 0.23 0.29 0.66 0.54 0.35
0.61 0.06 0.62 0.83 0.68 0.53
0.09 0.04 0.32 0.17 0.21 0.08
0.69 0.99 0.22 0.10 0.85 0.27
0.56 0.77 0.29 0.51 0.49 0.05
0.68 0.52 0.80 0.56 0.20 0.07
0.67 0.66 0.11 0.20 0.67 0.57
0.79 0.30 0.26 0.30 0.15 0.26
0.76 0.19 0.22 0.57 0.23 0.23
0.79 0.03 0.30 0.95 0.74 0.96
0.65 0.33 0.11 0.66 0.59 0.95
0.03 0.58 0.73 0.01 0.23 0.58
0.38 0.70 0.87 0.95 0.66 0.01
0.42 0.01 0.21 0.28 0.21 0.75
0.81 0.75 0.64 0.06 0.01 0.72
0.95 0.54 0.58 0.20 0.90 0.03
0.35 0.50 0.39 0.93 0.03 0.50
0.09 0.06 0.04 0.80 0.63 0.77
0.62 0.33 0.55 0.04 0.74 0.95
0.69 0.02 0.71 0.26 0.72 0.93
0.11 0.97 0.05 0.08 0.03 0.06
0.74 0.88 0.55 0.83 0.62 0.01
0.54 0.18 0.97 0.14 0.18 0.79
0.59 0.38 0.82 0.57 0.70 0.03
0.37 0.11 0.42 0.10 0.53 0.04
0.97 0.27 0.86 0.82 0.09 0.81
0.22 0.27 0.67 0.14 0.55 0.10
0.29 0.34 0.01 1.00 0.12 0.73
0.95 0.21 0.90 0.95 0.16 0.33
0.93 0.20 0.86 0.08 0.19 0.94
0.96 0.16 0.27 0.07 0.60 0.01
0.35 0.80 0.55 0.83 0.04 0.57
0.01 0.91 0.63 0.28 0.35 0.57
0.03 0.93 0.67 0.69 0.12 0.53
0.69 0.89 0.67 0.59 0.54 0.03
0.29 0.26 0.24 0.20 0.98 0.82
0.07 0.45 0.96 0.80 0.02 0.83
0.72 0.94 0.10 0.16 0.77 0.70
0.83 0.07 0.87 0.67 0.07 0.81
0.55 0.92 0.02 0.64 0.90 0.53
0.64 0.25 0.11 0.10 0.92 0.24
0.07 0.69 0.20 0.08 0.27 0.65
0.77 0.42 0.69 0.81 0.63 0.03
0.54 0.16 0.09 0.33 0.38 0.28
0.05 0.54 0.81 0.42 0.82 0.77
1.00 0.65 0.35 0.75 0.01 0.92
0.37 0.04 0.16 0.89 0.39 0.39
0.78 0.10 0.05 0.67 0.70 0.60
0.97 0.65 0.40 0.66 0.05 0.71
0.20 0.14 0.88 0.10 0.10 0.07
0.78 0.92 0.67 0.02 0.89 0.84
0.04 0.43 0.31 0.61 0.06 0.88
0.51 0.81 0.09 0.68 0.62 0.16
0.71 0.21 0.46 0.10 0.25 0.89
0.32 0.36 0.48 0.70 0.02 0.73
0.15 0.50 0.92 0.15 0.71 0.76
0.14 0.03 0.76 0.70 0.60 0.97
0.68 0.02 0.76 0.47 0.91 0.58
0.26 0.02 0.14 0.27 0.07 0.58
0.82 0.83 0.63 0.54 0.28 0.05
0.07 0.48 0.33 0.54 0.88 0.07
0.19 0.50 0.74 0.04 0.52 0.94
0.03 0.56 0.38 0.78 0.87 0.68
0.57 0.75 0.06 0.05 0.80 0.87
0.09 0.32 0.01 0.28 0.20 0.48
0.86 0.53 0.85 0.93 0.01 0.87
0.01 0.83 0.80 0.24 0.71 0.65
0.03 0.13 0.24 0.36 0.10 0.49
0.27 0.72 0.50 0.01 0.69 0.85
0.91 0.01 0.05 0.06 0.99 0.96
0.01 0.54 0.75 0.92 0.68 0.55
0.54 0.80 0.17 0.60 0.58 0.03
0.73 0.56 0.92 0.04 0.63 0.89
0.77 0.22 0.47 0.49 0.10 0.35
0.72 0.49 0.03 0.02 0.71 0.55
0.79 0.80 0.68 0.75 0.55 0.03
0.09 0.47 0.58 0.10 0.71 0.48
0.03 0.08 0.13 0.44 0.25 0.34
0.72 0.10 0.05 0.81 0.14 0.96
0.17 0.67 0.97 0.44 0.73 0.01
0.36 0.01 0.17 0.59 0.77 0.65
0.99 0.11 0.04 0.88 0.60 0.21
0.31 0.02 1.00 0.77 0.19 0.21
0.73 0.21 0.65 0.60 0.18 0.31
0.28 0.94 0.26 0.84 0.05 0.94
0.10 0.13 0.76 0.14 0.11 0.84
0.49 0.07 0.10 0.57 0.70 0.81
0.06 0.07 0.79 0.82 0.87 0.83
0.88 0.58 0.78 0.59 0.94 0.01
0.62 0.87 0.28 0.72 0.11 0.41
0.71 0.70 0.99 0.75 0.58 0.02
0.61 1.00 0.63 0.02 0.54 0.24
0.01 0.02 0.59 0.04 0.92 0.54
0.02 1.00 0.43 0.89 0.81 0.32
0.85 0.11 0.82 0.04 0.75 0.62
0.35 0.47 0.49 0.02 0.17 0.92
0.93 0.86 0.84 0.02 0.99 0.09
0.61 0.61 0.03 0.21 0.01 0.15
0.16 0.82 0.72 0.27 0.10 0.70
0.90 0.13 0.79 0.56 0.04 0.67
0.22 0.01 0.66 0.19 0.60 0.66
0.11 0.02 0.36 0.53 0.72 0.40
0.10 0.75 0.92 0.27 0.04 0.90
0.04 0.29 0.34 0.81 0.72 0.06
0.58 0.69 0.77 0.03 0.93 0.08
0.62 0.58 0.02 0.97 0.42 0.01
0.91 0.72 0.04 0.01 0.56 0.64
0.20 0.96 0.03 0.05 0.84 0.58
0.04 0.56 0.22 0.16 0.67 0.55
0.54 0.78 0.93 0.48 0.58 0.01
0.02 0.48 0.31 0.28 0.32 0.50
0.65 0.03 0.85 0.76 0.93 0.36
0.01 0.64 0.05 0.37 0.33 0.79
0.67 0.04 0.67 0.88 0.07 0.21
0.28 0.93 0.81 0.35 0.11 0.08
0.97 0.80 0.42 0.17 0.34 0.06
0.02 0.43 0.09 0.69 0.56 0.67
0.83 0.63 0.74 0.01 0.71 0.54
0.27 0.29 0.49 0.35 0.13 0.56
0.83 0.45 0.86 0.40 0.62 0.01
0.52 0.98 0.01 0.40 0.01 0.95
0.16 0.64 0.73 0.75 0.88 0.03
0.52 0.58 0.02 0.90 0.80 0.29
0.57 0.60 0.50 0.85 0.55 0.03
0.64 0.04 0.01 0.46 0.66 0.43
0.51 0.22 0.04 0.39 0.51 0.50
0.84 0.54 0.89 0.01 0.95 0.92
0.91 0.96 0.85 0.51 0.68 0.03
0.10 0.17 0.11 0.19 0.06 0.67
0.71 0.55 0.39 0.94 0.06 0.40
0.57 0.02 0.96 0.40 0.73 0.08
0.55 0.27 0.60 0.31 0.02 0.80
0.71 0.77 0.56 0.15 0.54 0.03
0.15 0.69 0.87 0.95 0.85 0.01
0.11 0.09 0.48 0.12 0.13 0.04
0.59 0.01 0.75 0.87 0.23 0.57
0.93 0.56 0.18 0.22 0.54 0.32
0.30 0.19 0.10 0.78 0.64 0.87
0.63 0.77 0.71 0.04 0.86 0.43
0.99 0.55 0.55 0.04 0.70 0.72
0.09 0.29 0.50 0.07 0.39 0.13
0.67 0.59 0.14 0.52 0.10 0.11
0.93 0.31 0.26 0.94 0.01 0.45
0.77 0.06 0.90 0.23 0.53 0.02
0.01 0.77 0.77 0.15 0.82 0.64
0.82 0.77 0.03 0.13 0.57 0.04
0.07 0.56 0.20 0.95 0.88 0.06
0.59 0.63 0.47 0.08 0.10 0.76
0.67 0.53 0.25 0.02 0.51 0.12
1.00 0.04 0.70 0.05 0.01 0.93
0.67 0.65 0.32 0.83 0.28 0.06
0.01 0.82 0.32 0.72 1.00 0.28
0.31 0.11 0.07 0.85 0.48 0.98
0.08 0.05 0.55 0.68 0.99 0.90
0.51 0.52 0.56 0.51 0.79 0.01
0.45 0.23 0.56 0.90 0.02 0.22
0.10 0.73 0.16 0.12 0.40 0.54
0.57 0.02 0.80 0.93 0.64 0.03
0.91 0.11 0.19 0.32 0.91 0.51
0.08 0.76 0.86 0.33 0.59 0.03
0.54 0.26 1.00 0.85 0.08 0.04
0.40 0.25 0.95 0.94 0.02 0.92
0.07 0.02 0.47 0.66 0.61 0.54
0.23 0.59 0.96 0.04 0.19 0.20
0.79 0.12 0.05 0.46 0.33 0.61
0.96 0.01 0.80 0.16 0.84 0.53
0.52 0.58 0.21 0.80 0.99 0.07
0.80 0.04 0.12 0.13 0.83 0.74
0.46 0.87 0.57 0.59 0.60 0.02
0.01 0.53 0.15 0.23 0.19 0.53
0.68 0.25 0.89 0.05 0.86 0.85
0.37 0.47 0.10 0.13 0.40 0.78
0.26 0.24 0.20 1.00 0.55 0.32
0.42 0.94 0.05 0.47 0.12 0.90
0.42 0.26 0.21 0.98 0.23 0.51
0.32 0.43 0.16 0.20 0.69 0.33
0.96 0.59 0.21 0.04 0.01 0.86
0.57 0.90 0.68 0.01 0.45 0.86
0.77 0.48 0.66 0.87 0.67 0.03
0.76 0.12 0.18 0.08 0.64 0.59
0.65 0.56 0.25 0.03 0.98 0.11
0.97 0.37 0.65 0.01 0.71 0.55
0.23 0.68 0.68 0.55 0.03 0.71
0.80 0.32 0.73 0.03 0.79 0.74
0.62 0.76 0.48 0.76 0.02 0.03
0.84 0.06 0.61 0.48 0.14 0.56
0.80 0.87 0.51 0.02 0.94 0.07
0.54 0.58 0.92 0.65 0.01 0.89
0.19 0.43 0.11 0.45 0.34 0.28
0.78 0.52 0.90 0.04 0.55 0.60
0.47 0.10 0.56 0.22 0.01 0.32
0.01 0.81 0.12 0.59 0.60 0.52
0.69 0.53 0.71 0.79 0.73 0.01
0.45 0.13 0.40 0.11 0.13 0.36
