250 6
0.22 0.77 0.84 0.10 0.77 0.49
0.83 0.99 0.97 0.52 0.09 0.84
0.77 0.97 0.10 0.30 0.97 0.92
0.01 0.88 0.42 0.67 0.36 0.82
0.17 0.20 0.64 0.10 0.44 0.43
0.24 0.02 0.50 0.90 0.60 0.01
0.42 0.55 0.38 0.22 0.15 0.19
0.04 0.06 0.93 0.68 0.83 0.73
0.16 0.14 0.68 0.51 0.81 0.73
0.20 0.46 0.27 0.29 0.30 0.05
0.65 0.67 0.09 0.61 0.91 0.40
0.89 0.55 0.13 0.89 0.51 0.28
0.05 0.97 0.76 0.96 0.54 0.54
1.00 0.54 0.33 0.19 0.92 0.41
0.97 0.29 0.91 0.68 0.44 0.35
0.02 0.43 0.53 0.90 0.78 0.70
0.90 0.20 0.07 0.65 0.93 0.90
0.50 0.50 0.26 0.11 0.37 0.29
0.10 0.77 0.76 0.80 0.92 0.52
0.98 0.15 0.54 0.66 0.93 0.68
0.48 0.21 0.04 0.43 0.78 0.86
0.56 0.09 0.02 0.05 0.41 0.01
0.28 0.34 0.10 0.08 0.09 0.23
0.01 0.53 0.47 0.16 0.67 0.96
0.98 0.02 0.27 0.64 0.56 0.63
0.88 0.04 0.92 0.60 0.79 0.69
0.47 0.60 0.07 0.18 0.25 0.15
0.80 1.00 0.81 0.66 0.03 0.29
0.30 0.15 0.11 0.46 0.88 0.34
0.16 1.00 0.32 0.91 0.68 0.61
0.50 0.10 0.44 0.28 0.04 0.23
0.21 0.54 0.19 0.89 0.73 0.87
0.02 0.22 0.77 0.81 0.82 0.94
0.23 0.69 0.70 0.76 0.12 0.95
0.24 0.06 0.02 0.87 0.23 0.44
0.12 0.92 0.65 0.86 0.02 0.88
0.64 0.32 0.72 0.05 0.04 0.09
0.08 0.84 0.17 0.47 0.82 0.64
0.31 0.38 0.96 0.78 0.77 0.01
0.68 0.05 0.74 0.88 0.71 0.93
0.07 0.37 0.86 0.50 0.44 0.42
0.33 0.14 0.03 0.68 0.16 0.95
0.99 0.57 0.71 0.39 0.08 0.11
0.23 0.01 1.00 0.27 0.57 0.74
0.04 0.56 0.82 0.38 0.90 0.83
0.03 0.25 0.09 0.69 0.41 0.58
0.28 0.07 0.93 0.01 0.44 0.86
0.88 0.01 0.60 0.73 0.66 0.56
0.65 0.78 1.00 0.02 0.82 0.62
0.21 0.12 0.31 0.33 0.39 0.55
0.01 0.26 0.63 0.90 0.74 1.00
0.54 0.05 0.89 0.87 0.23 0.80
0.18 0.23 0.56 0.74 0.64 0.11
0.14 0.81 0.91 0.25 0.56 0.19
0.11 0.66 0.13 0.90 0.05 0.38
0.53 0.58 1.00 0.39 0.99 0.03
0.55 0.86 0.92 0.05 0.70 0.81
0.73 0.30 0.14 0.04 0.39 0.34
0.03 0.54 0.99 0.52 0.67 0.61
0.20 0.62 0.46 0.09 0.62 0.46
0.29 0.19 0.58 0.48 0.38 0.39
0.75 0.88 0.52 1.00 0.02 0.63
0.52 0.30 0.05 0.80 0.70 0.10
0.52 0.79 0.95 0.06 0.90 0.78
0.53 0.44 0.26 0.49 0.24 0.05
0.22 0.90 0.23 0.84 0.53 0.52
0.16 0.89 0.51 0.11 0.02 0.91
0.49 0.74 0.85 0.72 0.98 0.02
0.49 0.03 0.15 0.44 0.48 0.38
0.81 0.79 0.92 0.03 0.79 0.40
0.08 0.75 0.67 0.74 0.03 0.63
0.10 0.82 0.40 0.47 0.56 0.71
0.71 0.85 0.95 0.01 0.96 0.18
0.31 0.91 0.32 0.18 0.01 0.47
0.38 0.56 0.95 0.97 0.06 0.14
0.05 0.71 0.99 0.90 0.97 0.57
0.12 0.33 0.04 0.14 0.52 0.27
0.26 0.72 0.07 0.12 0.63 0.88
0.39 0.97 0.02 0.57 0.87 0.73
0.75 0.07 0.88 0.89 0.78 0.13
0.91 0.46 0.10 0.05 0.01 0.29
0.25 0.79 0.73 0.05 0.05 0.24
0.50 0.90 0.63 0.89 0.73 0.02
0.77 0.96 0.12 0.64 0.05 0.08
0.51 0.01 0.82 0.89 0.74 1.00
0.10 0.37 0.32 0.16 0.39 0.82
0.06 0.99 0.42 0.11 0.82 0.66
0.01 0.57 0.12 0.85 0.86 0.45
0.33 0.34 0.54 0.76 0.04 0.84
0.17 0.85 0.39 0.27 0.49 0.78
0.50 0.79 0.57 0.80 0.03 0.25
0.18 0.70 0.90 0.54 0.23 0.76
0.47 0.41 0.03 0.27 0.94 0.58
0.11 0.24 0.68 0.82 0.79 0.63
0.07 0.77 0.05 0.58 0.11 0.92
0.91 0.90 0.32 0.51 0.20 0.17
0.18 0.06 0.73 0.55 0.96 0.66
0.52 0.32 0.06 0.78 0.78 0.06
0.97 0.52 0.81 0.55 0.36 0.04
0.35 0.36 0.06 0.10 0.19 0.33
0.83 0.37 0.38 0.57 0.23 0.03
0.75 0.20 0.93 0.63 0.23 0.13
0.43 0.13 0.93 0.99 0.52 0.17
0.54 0.68 0.04 0.93 0.90 0.22
0.58 0.64 0.91 0.89 0.01 0.90
0.54 0.01 0.75 0.89 0.73 0.42
0.41 0.17 0.08 0.45 0.15 0.65
0.55 0.82 0.54 0.07 0.78 0.83
0.04 0.33 0.51 0.16 0.43 0.04
0.09 0.89 0.57 0.27 0.18 0.49
0.10 0.13 0.72 0.56 0.61 0.71
0.23 0.02 0.49 0.88 1.00 0.75
0.22 0.62 0.96 0.07 0.69 0.72
0.15 0.67 0.54 0.54 0.39 0.56
0.05 0.20 0.60 0.38 0.91 0.60
0.99 0.02 0.39 0.78 0.88 0.58
0.07 0.69 0.04 0.32 0.39 0.31
0.71 0.07 0.45 0.72 0.39 0.85
0.37 0.05 0.51 0.67 0.94 0.90
0.86 0.53 0.01 0.63 0.17 0.99
0.35 0.08 0.32 0.14 0.85 0.19
0.34 0.18 0.07 0.11 0.08 0.39
0.13 0.62 0.86 0.83 0.26 0.58
0.13 0.07 0.34 0.55 0.63 0.61
0.10 0.53 0.53 0.89 0.38 0.73
0.60 0.02 0.58 0.81 0.69 0.12
0.47 0.46 0.09 0.42 0.30 0.28
0.22 0.66 0.52 0.41 0.23 0.07
0.18 0.31 0.54 0.29 0.66 0.79
0.97 0.57 0.66 0.02 0.53 0.71
0.03 0.75 0.85 0.91 0.02 0.59
0.02 0.30 0.68 0.84 0.53 0.72
0.31 0.30 0.82 0.01 0.26 0.05
0.15 0.73 0.42 0.90 0.67 0.03
0.43 0.51 0.73 0.37 0.12 0.11
0.79 0.01 0.86 0.66 0.79 0.83
0.63 0.95 0.10 0.02 0.91 0.48
0.16 0.75 0.95 0.04 0.91 0.98
0.25 0.47 0.16 0.34 0.22 0.50
0.60 0.05 0.38 0.98 0.61 0.37
0.91 0.75 0.73 0.02 0.94 0.81
0.54 0.27 0.56 0.66 0.80 0.02
0.07 0.36 0.03 0.43 0.97 0.41
0.54 0.87 0.03 0.80 0.15 0.63
0.17 0.08 0.94 0.57 0.90 0.52
0.72 0.50 0.21 0.29 0.13 0.16
0.83 0.79 0.11 0.96 0.35 0.07
0.55 0.12 0.17 0.06 0.84 0.96
0.26 0.23 0.04 0.57 0.51 0.40
0.06 0.99 0.31 0.71 0.72 0.03
0.34 0.64 0.02 0.77 0.81 0.76
0.81 0.88 0.69 0.79 0.01 0.51
0.01 0.22 0.33 0.25 0.39 0.35
0.77 0.70 0.27 0.63 0.05 0.33
0.29 0.66 0.57 0.06 0.34 0.70
0.51 0.01 0.92 1.00 0.30 0.81
0.08 0.64 0.15 0.68 0.40 0.82
0.54 0.29 0.56 0.08 0.20 0.94
0.15 0.74 0.94 0.69 0.36 0.98
0.90 0.93 0.27 0.28 0.04 0.85
0.91 0.20 0.70 0.68 0.09 0.08
0.25 0.62 1.00 0.92 0.18 0.84
0.24 0.90 0.50 0.26 0.11 0.34
0.57 0.05 0.91 0.71 0.21 0.91
0.20 0.06 0.58 0.58 0.96 0.57
0.34 0.07 0.44 0.42 0.37 0.74
0.01 0.92 0.78 0.19 0.69 0.79
0.42 0.14 0.63 0.61 0.07 0.46
0.88 0.71 0.71 0.02 0.60 0.75
0.06 0.01 0.65 0.50 0.35 0.29
0.30 0.13 0.05 0.38 0.95 0.54
0.85 0.71 0.70 0.06 0.14 0.84
0.88 0.61 1.00 0.02 0.13 0.59
0.33 0.07 0.93 0.63 0.48 0.10
0.02 0.52 0.54 0.42 0.68 0.24
0.76 0.57 0.15 0.02 0.87 0.17
0.87 0.70 0.01 0.07 0.90 0.53
0.49 0.86 0.56 0.79 0.01 0.84
0.39 0.36 0.01 0.32 0.13 0.46
0.04 0.77 0.87 0.73 0.25 0.70
0.02 0.04 0.54 0.20 0.98 0.68
0.22 0.01 0.53 0.97 0.87 0.01
0.03 0.90 0.94 0.24 0.01 0.35
0.91 0.66 0.13 0.66 0.35 0.03
0.12 0.14 0.07 0.83 0.21 0.53
0.28 0.90 0.94 0.04 0.87 0.13
0.01 0.71 0.31 0.80 0.26 0.71
0.19 0.77 0.20 0.68 0.34 0.88
0.79 0.62 0.05 0.86 0.03 0.85
0.31 0.72 0.76 0.05 0.70 0.58
0.52 0.77 0.96 0.54 0.02 0.58
0.19 0.45 0.43 0.05 0.64 0.37
0.81 0.95 0.02 0.69 0.01 0.95
0.26 0.20 0.90 0.85 0.20 0.73
0.59 0.92 0.14 0.68 0.15 0.20
0.46 0.12 0.75 0.36 0.67 0.28
0.64 0.84 0.04 0.85 0.11 0.74
0.40 0.49 0.16 0.92 0.03 0.28
0.12 0.39 0.98 0.63 0.02 0.73
0.02 0.30 0.25 0.56 0.28 0.83
0.86 0.03 0.01 0.26 0.77 1.00
0.53 0.76 0.29 0.78 0.06 0.22
0.68 0.07 0.60 0.58 0.13 0.61
0.30 0.13 0.86 0.81 0.86 0.23
0.65 0.25 0.99 0.04 0.82 0.69
0.78 0.16 0.86 0.04 0.65 0.84
0.59 0.51 0.70 0.03 0.97 0.65
0.31 0.30 0.10 0.50 0.11 0.91
0.48 0.33 0.95 0.76 0.22 0.29
0.26 0.99 0.01 0.52 0.67 0.79
0.74 0.08 0.79 0.01 0.82 0.61
0.37 0.02 0.06 0.82 0.29 0.28
0.71 0.03 0.59 0.93 0.08 0.98
0.76 0.19 0.29 0.71 0.05 0.68
0.38 0.22 0.84 0.67 0.01 0.81
0.03 0.84 0.16 0.59 0.43 0.75
0.77 0.61 0.40 0.54 0.03 0.85
1.00 0.11 0.34 0.10 0.35 0.28
0.12 0.54 0.60 0.99 0.26 0.25
0.25 1.00 0.85 0.79 0.71 0.03
0.40 0.64 0.04 0.74 0.72 0.05
0.04 0.88 0.23 0.57 0.46 0.51
0.80 0.62 0.01 0.81 1.00 0.15
0.30 0.30 0.28 0.17 0.13 0.43
0.02 0.51 0.38 0.99 0.71 0.03
0.58 0.21 0.23 0.54 0.07 0.89
0.80 0.01 0.80 0.92 0.14 0.65
0.70 0.02 0.27 0.22 0.35 0.22
0.64 0.98 0.75 0.93 0.15 0.08
0.98 0.84 0.65 0.19 0.19 0.22
0.38 0.70 0.56 0.76 0.24 0.04
0.82 0.01 0.17 0.91 0.76 0.41
0.23 0.74 0.82 0.72 0.18 0.96
0.08 0.30 0.77 0.99 0.70 0.12
0.67 0.02 0.55 0.97 0.04 0.83
0.10 0.53 0.96 0.05 0.93 0.94
0.22 0.65 0.10 0.68 0.07 0.90
0.05 0.34 0.18 0.10 0.26 0.37
0.49 0.07 0.62 0.67 0.06 0.53
0.49 0.93 0.01 0.97 0.80 0.07
0.79 0.78 0.65 0.02 0.20 0.66
0.04 0.82 0.82 0.08 0.59 0.02
0.20 0.88 0.62 0.82 0.23 0.27
0.58 0.05 0.10 0.80 0.55 0.81
0.22 0.01 0.53 0.78 0.74 0.91
0.29 0.28 0.12 0.04 0.64 0.76
0.68 0.84 1.00 0.94 0.08 0.04
0.47 0.83 0.01 0.47 0.45 0.32
0.74 0.81 0.28 0.06 0.28 0.12
0.51 0.88 0.72 0.72 0.02 0.58
