250 6
1.00 0.91 0.80 0.58 0.03 0.66
0.23 0.83 0.60 0.10 0.91 0.54
0.93 0.51 0.73 0.64 0.70 0.95
0.60 0.16 0.47 0.77 0.82 0.66
0.16 0.23 0.19 0.77 0.68 0.33
0.16 0.41 0.77 0.32 0.46 0.96
0.29 0.20 0.36 0.62 0.15 0.31
0.36 0.34 0.11 0.55 0.47 0.28
0.03 0.55 0.66 0.74 0.05 0.52
0.65 0.56 0.52 0.71 0.21 0.23
0.01 0.81 0.14 0.50 0.86 0.60
0.35 0.68 0.01 0.50 0.82 0.42
0.46 0.05 0.14 0.13 0.11 0.11
0.13 0.49 0.43 0.92 0.27 0.70
0.19 0.28 0.84 0.69 0.79 0.78
0.45 0.45 0.29 0.21 0.17 0.39
0.66 0.37 0.77 0.11 0.12 0.82
0.79 0.81 0.14 0.08 0.98 0.10
0.52 0.03 0.32 0.98 0.77 0.73
0.12 0.45 0.29 0.80 0.97 0.88
0.77 0.81 0.05 0.85 0.96 0.15
0.96 0.96 0.53 1.00 0.07 0.08
0.25 0.19 0.57 0.11 0.68 0.55
0.70 0.72 0.85 0.01 0.87 0.05
0.94 0.58 0.13 0.23 0.05 0.01
0.93 0.91 0.05 1.00 0.57 0.68
0.03 0.36 0.30 0.02 0.39 0.09
0.75 0.54 0.85 0.61 0.78 0.08
0.40 0.07 0.08 0.93 0.90 0.22
0.15 0.85 0.05 0.53 0.15 0.93
0.38 0.52 0.02 0.65 0.62 0.58
0.48 0.01 0.13 0.49 0.11 0.74
0.70 0.04 0.75 0.87 0.66 0.56
0.35 0.93 0.15 0.02 0.15 0.09
0.39 0.12 0.33 0.84 0.62 0.20
0.60 0.89 0.13 0.21 0.63 0.98
0.71 0.88 0.08 0.22 0.74 0.75
0.41 0.02 0.38 0.23 0.91 0.26
0.84 0.92 0.61 0.56 0.06 0.48
0.43 0.59 0.58 0.66 0.06 0.60
0.27 0.69 0.14 0.39 0.55 0.81
0.40 0.09 0.60 0.17 0.63 0.47
0.89 0.33 0.68 0.62 0.01 0.59
0.25 0.01 0.50 0.83 0.72 0.92
0.14 0.45 0.29 0.34 0.98 0.01
0.30 1.00 0.48 0.77 0.27 0.26
0.32 0.07 0.89 0.58 0.97 0.72
0.94 0.53 0.02 0.51 0.61 0.68
0.13 0.23 0.22 0.96 0.18 0.39
0.37 0.54 0.62 0.84 0.05 0.67
0.21 0.06 0.09 0.21 0.37 0.26
0.97 0.39 0.08 0.89 0.63 0.99
0.64 0.86 0.74 0.89 0.16 0.01
0.84 0.68 0.06 0.51 0.70 0.74
0.17 0.24 0.45 0.54 0.84 0.09
0.11 0.41 0.64 0.67 0.92 0.08
0.06 0.56 0.05 0.05 0.36 0.15
0.98 0.01 0.73 0.11 0.65 0.93
0.86 0.45 0.99 0.88 0.01 0.67
0.07 0.34 0.05 0.92 0.17 0.88
0.79 0.95 0.14 0.85 0.87 0.04
0.11 0.47 0.12 0.55 0.60 0.49
0.42 0.55 0.78 0.36 0.36 0.88
0.01 0.68 0.85 0.91 0.82 0.92
0.70 0.63 0.71 0.59 0.05 0.66
0.43 0.16 0.34 0.26 0.09 0.93
0.12 0.60 0.94 0.71 0.33 0.53
0.14 0.66 0.11 0.96 0.42 0.03
0.22 0.64 0.57 0.89 0.03 0.72
0.55 0.03 0.64 0.83 0.61 0.71
0.66 0.32 0.78 0.48 0.46 0.01
0.16 0.12 0.56 0.49 0.13 0.96
0.46 0.63 0.52 0.84 0.01 0.09
0.72 0.62 0.69 0.86 0.03 0.48
0.21 0.27 0.48 0.40 0.21 0.29
0.27 0.55 0.81 0.28 0.57 0.02
0.79 0.36 0.02 0.89 0.92 0.96
0.67 0.02 0.79 0.96 0.07 0.76
0.62 0.74 0.04 0.53 0.62 0.99
0.22 0.32 0.95 0.34 0.59 0.15
0.20 0.06 0.20 0.65 0.12 0.37
0.01 0.76 0.04 0.62 0.08 0.16
0.59 0.73 0.60 0.65 0.10 0.21
0.37 0.54 0.56 0.87 0.10 0.87
0.71 0.28 0.64 1.00 0.07 0.57
1.00 0.08 0.10 0.09 0.30 0.35
0.74 0.72 0.93 0.03 0.56 0.01
0.93 0.51 0.63 0.60 0.70 0.04
0.43 0.20 0.74 0.21 0.59 0.10
0.31 0.21 0.09 0.24 0.27 0.25
0.10 0.68 0.10 0.83 0.17 0.88
0.64 0.98 0.69 0.64 0.58 0.06
0.43 0.70 0.72 0.71 0.02 0.50
0.88 0.92 0.05 0.80 0.65 0.01
0.34 0.96 0.37 0.28 0.14 0.16
0.67 0.65 0.11 0.69 0.04 0.87
0.17 0.62 0.99 0.67 0.12 0.53
0.01 0.37 0.14 0.11 0.04 0.09
0.70 0.03 0.75 0.04 0.25 0.54
0.76 0.04 0.11 0.65 0.86 0.39
0.46 0.30 0.02 0.16 0.87 0.58
0.66 0.24 0.93 0.08 0.97 0.69
0.55 0.84 0.01 0.13 0.66 0.72
0.80 0.85 0.79 0.05 0.04 0.73
0.08 0.41 0.09 0.68 1.00 0.20
0.93 0.67 0.56 0.78 0.04 0.03
0.14 0.40 0.11 0.81 0.99 0.53
0.45 0.62 0.29 0.07 0.34 0.49
0.82 0.80 0.67 0.57 0.68 0.08
0.65 0.56 0.14 0.73 0.86 0.08
0.28 0.02 0.64 0.23 0.48 0.13
0.95 0.32 0.30 0.95 0.83 0.07
0.82 0.57 0.62 0.83 0.01 0.97
0.23 0.39 0.14 0.59 0.40 0.08
0.51 0.20 0.52 0.04 0.24 0.70
0.56 0.35 0.60 0.25 0.66 0.03
0.99 0.60 0.57 0.63 0.02 0.86
0.20 0.30 0.14 0.44 0.34 0.15
0.71 0.45 0.08 0.94 0.83 0.66
0.06 0.04 0.92 1.00 0.70 0.71
0.13 0.28 0.77 0.52 0.54 0.53
0.39 0.12 0.17 0.33 0.32 0.11
0.08 0.19 0.54 0.86 0.42 0.69
0.49 0.03 0.99 0.61 0.19 0.67
0.56 0.75 0.60 0.06 0.97 0.07
0.70 0.09 0.03 0.28 0.06 0.64
0.27 0.51 0.71 0.58 0.03 0.82
0.92 0.51 0.05 0.63 0.90 0.48
0.72 0.84 0.02 0.97 0.27 0.96
0.40 0.24 0.98 0.33 0.41 0.01
0.65 0.52 0.85 0.86 0.23 0.07
0.64 0.50 0.66 0.83 0.02 0.53
0.47 0.10 0.27 0.43 0.23 0.07
0.74 0.67 0.01 0.97 0.70 0.65
0.61 0.25 0.57 0.20 0.04 0.76
0.87 0.36 0.07 0.19 0.60 0.55
0.94 0.55 0.01 0.74 0.34 0.22
0.63 0.35 0.06 0.83 0.66 0.58
0.09 0.31 0.21 0.06 0.49 0.04
0.09 0.18 0.73 0.74 0.55 0.61
0.16 0.94 0.04 0.58 0.53 0.57
0.07 0.25 0.63 0.79 0.98 0.94
0.62 0.17 0.22 0.30 0.03 0.33
0.85 0.04 0.72 0.80 0.43 0.57
0.04 0.26 0.50 0.58 0.57 0.52
0.83 0.48 0.10 0.36 0.69 0.11
0.49 0.90 0.57 0.53 0.31 0.01
0.55 0.70 0.81 0.27 0.01 0.63
0.11 0.49 0.02 0.05 0.53 0.75
0.88 0.96 0.03 0.61 0.33 0.53
0.38 0.83 0.03 0.84 0.87 0.30
0.77 0.53 0.08 0.77 0.98 0.23
0.12 0.29 0.13 0.27 0.06 0.02
0.27 0.20 0.85 0.03 0.94 0.77
0.11 0.11 0.82 0.60 0.57 0.90
0.19 0.20 0.79 0.61 0.51 0.95
1.00 0.63 0.06 0.23 0.76 0.10
0.10 0.10 0.84 0.86 0.78 0.70
0.25 0.07 0.46 0.07 0.46 0.08
0.23 0.68 0.75 0.55 0.02 0.22
0.95 0.05 0.99 0.56 0.01 1.00
0.85 0.70 0.01 0.83 0.52 0.85
0.22 0.02 0.01 0.09 0.16 0.33
0.12 0.21 0.95 0.64 0.72 0.01
0.83 0.23 0.95 0.80 0.06 0.25
0.01 0.51 0.97 0.06 0.93 0.65
0.89 0.07 0.81 0.61 0.37 0.03
0.10 0.17 0.52 0.10 0.79 0.74
0.02 0.02 0.44 0.39 0.82 0.85
0.08 0.06 0.18 0.78 0.65 0.60
0.12 0.08 0.55 0.82 0.59 0.62
0.12 0.12 0.19 0.42 0.56 0.68
0.74 0.76 0.12 0.58 0.05 0.03
0.58 0.72 0.80 0.50 0.01 0.33
0.83 0.40 0.85 0.01 0.91 0.94
0.38 0.01 0.74 0.75 0.52 0.52
0.60 0.74 0.66 0.05 0.08 0.19
0.57 0.01 0.61 0.13 0.62 0.76
0.41 0.24 0.11 0.19 0.26 0.04
0.43 0.26 0.83 0.56 0.86 0.03
0.16 0.21 0.61 0.04 0.82 0.64
0.98 0.01 0.11 0.75 0.74 0.91
0.69 0.73 0.75 0.84 0.03 0.04
0.05 0.06 0.99 0.58 0.95 0.79
0.37 0.46 0.31 0.33 0.05 0.08
0.07 0.86 0.52 0.79 0.01 0.64
0.01 0.77 0.88 0.10 0.77 0.80
0.57 0.58 0.70 0.49 0.51 0.01
0.48 0.26 0.43 0.04 0.50 0.17
0.81 0.77 0.61 0.76 0.01 0.71
0.99 0.98 0.75 0.03 0.11 0.12
0.80 0.87 0.59 0.01 0.61 0.56
0.28 0.19 0.49 0.02 0.12 0.05
0.87 0.59 0.55 0.62 0.01 0.55
0.19 0.23 0.45 0.11 0.43 0.05
0.58 0.03 0.53 1.00 0.53 0.25
0.03 0.33 0.81 0.65 0.14 0.61
0.65 0.07 0.80 0.33 0.02 0.93
0.06 0.12 0.18 0.41 0.19 0.64
0.69 0.03 0.90 0.03 0.79 0.72
0.05 0.21 0.72 0.68 0.81 0.93
0.96 0.01 0.50 0.93 0.13 0.51
0.11 0.58 0.83 0.96 0.86 0.01
0.87 0.29 0.66 0.59 0.02 0.64
0.12 0.23 0.45 0.05 0.55 0.22
0.72 0.53 0.97 0.71 0.02 0.42
0.12 0.24 0.58 0.12 0.44 0.67
0.74 0.65 0.05 0.74 0.18 0.11
0.55 0.61 0.69 0.96 0.01 0.68
0.13 0.05 0.23 0.26 0.09 0.40
0.51 0.73 0.80 0.54 0.03 0.13
0.04 0.17 0.52 0.69 0.02 0.65
0.65 0.67 0.09 0.63 0.67 0.07
0.07 0.20 0.79 0.38 0.91 0.68
0.74 0.40 0.52 0.62 0.01 0.52
0.07 0.44 0.10 0.79 0.39 0.54
0.74 0.52 0.69 0.82 0.01 0.03
0.16 0.15 0.39 0.22 0.57 0.23
0.03 0.06 0.95 0.74 0.66 0.84
0.16 0.89 0.91 0.27 0.02 0.33
0.51 0.17 0.80 0.76 0.01 0.55
0.82 0.01 0.52 0.90 0.44 0.63
0.40 0.68 0.03 0.27 0.06 0.49
0.02 0.66 0.52 0.07 0.94 0.80
0.02 0.02 0.71 0.58 0.97 0.54
0.33 0.24 0.07 0.56 0.42 0.10
0.54 0.59 0.36 0.54 0.01 0.68
0.04 0.59 0.11 0.87 0.72 0.71
0.15 0.02 0.38 0.03 0.42 0.27
0.19 0.21 0.08 0.92 0.89 0.66
0.91 0.60 0.10 0.73 0.02 0.72
0.19 0.02 0.07 0.93 0.46 0.54
0.12 0.42 0.03 0.86 0.60 0.81
0.99 0.61 0.01 0.80 0.05 0.54
0.20 0.02 0.89 0.61 0.22 1.00
0.97 0.59 0.80 0.10 0.02 0.08
0.89 0.33 0.27 0.03 0.79 0.85
0.94 0.86 0.10 0.62 0.32 0.06
0.09 0.21 0.89 0.87 0.88 0.06
0.74 0.79 0.23 0.04 0.60 0.66
0.67 0.92 0.41 0.47 0.02 0.67
0.70 0.73 0.41 0.01 0.73 0.96
0.29 0.04 0.32 0.80 0.09 0.69
0.54 0.02 0.34 0.60 0.04 0.65
0.73 0.71 0.03 0.08 0.73 0.31
0.60 0.83 0.06 0.02 0.87 0.98
0.02 0.13 0.09 0.33 0.37 0.24
0.54 0.54 0.04 0.25 0.53 0.31
0.81 0.01 0.87 0.30 0.80 0.54
0.10 0.02 0.95 0.84 0.17 0.28
