250 6
100 91 80 58 3 66
23 83 60 10 91 54
93 51 73 64 70 95
60 16 47 77 82 66
16 23 19 77 68 33
16 41 77 32 46 96
29 20 36 62 15 31
36 34 11 55 47 28
3 55 66 74 5 52
65 56 52 71 21 23
1 81 14 50 86 60
35 68 1 50 82 42
46 5 14 13 11 11
13 49 43 92 27 70
19 28 84 69 79 78
45 45 29 21 17 39
66 37 77 11 12 82
79 81 14 8 98 10
52 3 32 98 77 73
12 45 29 80 97 88
77 81 5 85 96 15
96 96 53 100 7 8
25 19 57 11 68 55
70 72 85 1 87 5
94 58 13 23 5 1
93 91 5 100 57 68
3 36 30 2 39 9
75 54 85 61 78 8
40 7 8 93 90 22
15 85 5 53 15 93
38 52 2 65 62 58
48 1 13 49 11 74
70 4 75 87 66 56
35 93 15 2 15 9
39 12 33 84 62 20
60 89 13 21 63 98
71 88 8 22 74 75
41 2 38 23 91 26
84 92 61 56 6 48
43 59 58 66 6 60
27 69 14 39 55 81
40 9 60 17 63 47
89 33 68 62 1 59
25 1 50 83 72 92
14 45 29 34 98 1
30 100 48 77 27 26
32 7 89 58 97 72
94 53 2 51 61 68
13 23 22 96 18 39
37 54 62 84 5 67
21 6 9 21 37 26
97 39 8 89 63 99
64 86 74 89 16 1
84 68 6 51 70 74
17 24 45 54 84 9
11 41 64 67 92 8
6 56 5 5 36 15
98 1 73 11 65 93
86 45 99 88 1 67
7 34 5 92 17 88
79 95 14 85 87 4
11 47 12 55 60 49
42 55 78 36 36 88
1 68 85 91 82 92
70 63 71 59 5 66
43 16 34 26 9 93
12 60 94 71 33 53
14 66 11 96 42 3
22 64 57 89 3 72
55 3 64 83 61 71
66 32 78 48 46 1
16 12 56 49 13 96
46 63 52 84 1 9
72 62 69 86 3 48
21 27 48 40 21 29
27 55 81 28 57 2
79 36 2 89 92 96
67 2 79 96 7 76
62 74 4 53 62 99
22 32 95 34 59 15
20 6 20 65 12 37
1 76 4 62 8 16
59 73 60 65 10 21
37 54 56 87 10 87
71 28 64 100 7 57
100 8 10 9 30 35
74 72 93 3 56 1
93 51 63 60 70 4
43 20 74 21 59 10
31 21 9 24 27 25
10 68 10 83 17 88
64 98 69 64 58 6
43 70 72 71 2 50
88 92 5 80 65 1
34 96 37 28 14 16
67 65 11 69 4 87
17 62 99 67 12 53
1 37 14 11 4 9
70 3 75 4 25 54
76 4 11 65 86 39
46 30 2 16 87 58
66 24 93 8 97 69
55 84 1 13 66 72
80 85 79 5 4 73
8 41 9 68 100 20
93 67 56 78 4 3
14 40 11 81 99 53
45 62 29 7 34 49
82 80 67 57 68 8
65 56 14 73 86 8
28 2 64 23 48 13
95 32 30 95 83 7
82 57 62 83 1 97
23 39 14 59 40 8
51 20 52 4 24 70
56 35 60 25 66 3
99 60 57 63 2 86
20 30 14 44 34 15
71 45 8 94 83 66
6 4 92 100 70 71
13 28 77 52 54 53
39 12 17 33 32 11
8 19 54 86 42 69
49 3 99 61 19 67
56 75 60 6 97 7
70 9 3 28 6 64
27 51 71 58 3 82
92 51 5 63 90 48
72 84 2 97 27 96
40 24 98 33 41 1
65 52 85 86 23 7
64 50 66 83 2 53
47 10 27 43 23 7
74 67 1 97 70 65
61 25 57 20 4 76
87 36 7 19 60 55
94 55 1 74 34 22
63 35 6 83 66 58
9 31 21 6 49 4
9 18 73 74 55 61
16 94 4 58 53 57
7 25 63 79 98 94
62 17 22 30 3 33
85 4 72 80 43 57
4 26 50 58 57 52
83 48 10 36 69 11
49 90 57 53 31 1
55 70 81 27 1 63
11 49 2 5 53 75
88 96 3 61 33 53
38 83 3 84 87 30
77 53 8 77 98 23
12 29 13 27 6 2
27 20 85 3 94 77
11 11 82 60 57 90
19 20 79 61 51 95
100 63 6 23 76 10
10 10 84 86 78 70
25 7 46 7 46 8
23 68 75 55 2 22
95 5 99 56 1 100
85 70 1 83 52 85
22 2 1 9 16 33
12 21 95 64 72 1
83 23 95 80 6 25
1 51 97 6 93 65
89 7 81 61 37 3
10 17 52 10 79 74
2 2 44 39 82 85
8 6 18 78 65 60
12 8 55 82 59 62
12 12 19 42 56 68
74 76 12 58 5 3
58 72 80 50 1 33
83 40 85 1 91 94
38 1 74 75 52 52
60 74 66 5 8 19
57 1 61 13 62 76
41 24 11 19 26 4
43 26 83 56 86 3
16 21 61 4 82 64
98 1 11 75 74 91
69 73 75 84 3 4
5 6 99 58 95 79
37 46 31 33 5 8
7 86 52 79 1 64
1 77 88 10 77 80
57 58 70 49 51 1
48 26 43 4 50 17
81 77 61 76 1 71
99 98 75 3 11 12
80 87 59 1 61 56
28 19 49 2 12 5
87 59 55 62 1 55
19 23 45 11 43 5
58 3 53 100 53 25
3 33 81 65 14 61
65 7 80 33 2 93
6 12 18 41 19 64
69 3 90 3 79 72
5 21 72 68 81 93
96 1 50 93 13 51
11 58 83 96 86 1
87 29 66 59 2 64
12 23 45 5 55 22
72 53 97 71 2 42
12 24 58 12 44 67
74 65 5 74 18 11
55 61 69 96 1 68
13 5 23 26 9 40
51 73 80 54 3 13
4 17 52 69 2 65
65 67 9 63 67 7
7 20 79 38 91 68
74 40 52 62 1 52
7 44 10 79 39 54
74 52 69 82 1 3
16 15 39 22 57 23
3 6 95 74 66 84
16 89 91 27 2 33
51 17 80 76 1 55
82 1 52 90 44 63
40 68 3 27 6 49
2 66 52 7 94 80
2 2 71 58 97 54
33 24 7 56 42 10
54 59 36 54 1 68
4 59 11 87 72 71
15 2 38 3 42 27
19 21 8 92 89 66
91 60 10 73 2 72
19 2 7 93 46 54
12 42 3 86 60 81
99 61 1 80 5 54
20 2 89 61 22 100
97 59 80 10 2 8
89 33 27 3 79 85
94 86 10 62 32 6
9 21 89 87 88 6
74 79 23 4 60 66
67 92 41 47 2 67
70 73 41 1 73 96
29 4 32 80 9 69
54 2 34 60 4 65
73 71 3 8 73 31
60 83 6 2 87 98
2 13 9 33 37 24
54 54 4 25 53 31
81 1 87 30 80 54
10 2 95 84 17 28
