250 6
0.14 0.03 0.14 0.69 0.65 0.61
0.12 0.73 0.90 0.73 0.99 0.60
0.89 0.47 0.75 0.93 0.90 0.56
0.67 0.14 0.31 0.46 0.41 0.12
0.19 0.49 0.77 0.28 0.08 0.30
0.60 0.50 0.41 0.13 0.44 0.56
0.43 0.46 0.96 0.05 0.04 0.04
0.61 0.24 0.12 0.75 0.38 0.27
0.65 0.93 0.61 1.00 0.31 0.03
0.04 0.75 0.09 0.60 0.67 0.99
0.53 0.03 0.37 0.41 0.68 0.75
0.46 0.18 1.00 0.38 0.06 0.69
0.03 0.41 0.84 0.53 0.62 0.68
0.92 0.05 0.04 0.55 0.88 0.78
0.30 0.71 0.19 0.05 0.31 0.55
0.62 0.75 0.11 0.67 0.79 0.43
0.87 0.10 0.47 0.45 0.62 0.11
0.04 0.13 0.69 0.65 0.99 0.60
0.42 0.35 0.04 0.11 0.14 0.82
0.63 0.63 0.10 0.56 0.87 0.45
0.08 0.77 0.54 0.61 0.86 0.78
0.50 0.33 0.44 0.09 1.00 0.34
0.13 0.28 0.31 0.33 0.37 0.01
0.80 0.56 0.55 0.78 0.23 0.61
0.96 0.03 0.27 0.68 0.97 0.19
0.03 0.05 0.07 0.66 0.94 0.89
0.78 0.90 0.53 0.11 0.91 0.54
0.28 0.30 0.05 0.09 0.27 0.04
0.37 0.22 0.55 0.96 0.40 0.90
0.12 0.02 0.19 0.43 0.59 0.25
0.09 0.88 0.80 0.96 0.69 0.39
0.87 0.01 0.54 0.37 0.99 0.46
0.75 0.78 0.04 0.93 0.84 0.80
0.01 0.43 0.73 0.64 0.48 0.52
0.57 0.79 0.57 0.02 0.95 0.82
0.18 0.02 0.47 0.86 0.22 0.43
0.73 0.87 0.84 0.91 0.36 0.01
0.46 0.01 0.28 0.90 0.49 0.32
0.89 0.60 0.47 0.03 0.82 0.82
0.66 0.09 0.71 0.05 0.83 0.07
0.63 0.22 0.59 0.62 0.48 0.11
0.75 0.32 0.69 0.80 0.15 0.73
0.91 0.25 0.11 0.46 0.22 0.41
0.87 0.52 0.53 0.06 0.38 0.19
0.74 0.85 0.80 0.84 0.07 0.58
0.35 0.27 0.89 0.28 0.31 0.27
0.08 0.20 0.54 0.93 0.62 0.58
0.01 0.88 0.54 0.79 0.79 0.92
0.39 0.31 0.40 0.06 0.49 0.15
0.80 0.71 0.84 0.10 0.07 0.61
0.55 0.86 0.81 0.69 0.07 0.23
0.73 0.24 0.05 0.08 0.98 0.33
0.10 0.43 0.72 0.88 0.85 0.65
0.53 0.33 0.49 0.38 0.10 0.28
0.51 0.18 0.91 0.34 0.65 0.80
0.81 0.74 0.45 0.76 0.20 0.72
0.43 0.64 0.37 0.33 0.03 0.70
0.99 0.62 0.80 0.02 0.99 0.68
0.35 0.06 0.31 0.18 0.93 0.09
0.79 1.00 0.84 0.87 0.05 0.25
0.71 0.85 0.97 0.86 0.02 0.54
0.20 0.67 0.18 0.70 0.73 0.59
0.97 0.04 0.10 0.20 0.42 0.17
0.96 0.83 0.68 0.03 0.60 0.46
0.76 0.02 0.82 0.63 0.65 0.02
0.26 0.35 0.41 0.87 0.26 0.28
0.92 0.61 0.04 0.75 0.85 0.52
0.08 0.33 0.14 0.86 0.06 0.40
0.57 0.19 0.19 0.90 0.82 0.17
0.72 0.63 0.54 0.70 0.06 0.64
0.74 0.50 0.80 0.26 0.19 0.72
0.41 0.29 0.01 0.14 0.50 0.20
0.36 0.72 0.27 0.04 0.84 0.67
0.22 0.83 0.71 0.06 0.86 0.65
0.02 0.66 0.62 0.36 0.86 0.02
0.02 0.56 0.60 0.69 0.70 0.53
0.33 0.09 0.40 0.17 0.11 0.18
0.75 0.07 0.76 0.58 0.56 1.00
0.73 0.71 0.01 0.19 0.35 0.42
0.68 0.54 0.09 0.94 0.91 0.03
0.81 0.16 0.09 0.81 0.92 0.17
0.92 0.07 0.86 0.25 0.89 0.87
0.47 0.40 0.33 0.19 0.05 0.87
0.11 0.70 0.07 0.53 0.58 0.61
0.07 0.88 0.89 0.76 0.03 0.78
0.35 0.01 0.35 0.84 0.15 0.35
0.62 0.05 0.61 0.28 0.70 0.99
0.62 0.58 0.16 0.51 0.04 0.84
0.01 0.84 0.99 0.86 0.89 0.26
0.74 1.00 0.78 0.20 0.09 0.69
0.14 0.44 0.20 0.02 0.50 0.27
0.03 0.36 0.59 0.52 0.78 0.56
0.02 0.65 0.97 0.35 0.70 0.45
0.06 0.79 0.96 0.73 0.52 0.22
0.01 0.49 0.31 0.47 0.45 0.11
0.71 0.71 0.82 0.02 0.52 0.10
0.61 0.17 0.94 0.08 0.93 0.16
0.58 0.91 0.70 0.69 0.02 0.32
0.67 0.61 0.12 0.08 0.06 0.67
0.58 0.06 1.00 0.74 0.57 0.95
0.13 0.34 0.47 0.06 0.46 0.29
0.94 0.52 0.75 0.01 0.61 0.73
0.74 0.15 0.17 1.00 0.46 0.33
0.35 0.17 0.40 0.03 0.13 0.85
0.53 0.63 0.04 0.11 0.97 0.67
0.02 0.30 0.90 0.56 0.76 0.78
0.20 0.07 0.81 0.19 0.45 0.20
0.97 0.59 0.51 0.53 0.05 0.03
0.64 0.12 0.12 0.71 0.87 0.97
0.49 0.18 0.14 0.42 0.26 0.48
0.70 0.59 0.02 0.97 0.43 0.04
0.85 0.14 0.90 0.67 0.07 0.65
0.50 0.91 0.93 0.13 0.24 0.70
0.66 0.01 1.00 0.57 0.05 0.62
0.06 0.85 0.21 0.77 0.87 0.97
0.48 0.09 0.84 0.08 0.22 0.10
0.96 0.03 0.92 0.64 0.55 0.69
0.03 0.42 0.78 0.18 0.32 0.41
0.61 0.06 0.60 0.68 0.56 0.81
0.41 0.76 0.28 0.03 0.25 0.43
0.95 0.58 0.71 0.14 0.23 0.76
0.04 0.36 0.84 0.86 0.59 0.55
0.48 0.06 0.15 0.02 0.28 0.06
0.72 0.95 0.02 0.02 0.57 0.94
0.70 0.05 0.86 0.67 0.57 1.00
0.03 0.21 0.32 0.13 0.28 0.02
0.75 0.02 0.70 0.39 0.31 0.91
0.71 0.27 0.03 0.70 0.97 0.71
0.83 0.81 0.22 0.02 0.04 0.56
0.01 0.68 0.34 0.44 0.33 0.71
0.74 0.59 0.35 0.97 0.19 0.20
0.17 0.41 0.63 0.79 0.08 0.86
0.89 0.52 0.05 0.64 0.18 0.74
0.27 0.71 0.82 0.57 0.17 0.29
0.17 0.97 0.04 0.62 0.97 0.82
1.00 0.10 0.04 0.52 0.88 0.86
0.64 0.41 0.36 0.09 0.13 0.18
0.26 0.54 0.96 0.63 0.27 0.11
0.56 0.33 0.54 0.47 0.13 0.10
0.95 0.78 0.81 0.07 0.07 0.84
0.80 0.93 0.12 0.01 0.57 0.98
0.54 0.99 0.52 0.07 0.09 0.87
0.50 0.42 0.74 0.05 0.10 0.49
0.94 0.67 0.74 0.99 0.02 0.61
0.11 0.36 0.15 0.37 0.40 0.44
0.36 0.70 0.11 0.69 0.25 0.52
0.98 0.52 0.67 0.25 1.00 0.01
0.98 0.34 0.79 0.55 0.05 0.62
0.58 0.32 0.57 0.01 0.87 0.87
0.64 0.28 0.38 0.09 0.15 0.30
0.92 0.24 0.83 0.54 0.02 0.46
0.65 0.89 0.09 0.03 0.85 0.39
0.55 0.01 0.45 0.81 0.87 0.41
0.19 0.20 0.03 0.90 0.39 0.97
0.32 0.21 0.14 0.51 0.26 0.29
0.66 0.55 0.99 0.63 0.02 0.54
0.60 0.03 0.79 0.76 0.92 0.17
0.54 0.66 0.58 0.71 0.03 0.60
0.25 0.85 0.42 0.32 0.24 0.82
0.33 0.23 0.12 0.72 0.88 0.59
0.74 0.93 0.04 0.01 0.73 0.80
0.25 0.26 0.22 0.15 0.92 0.19
0.05 0.08 0.90 0.81 0.54 0.10
0.57 0.31 0.88 0.09 0.15 0.03
0.90 0.49 0.69 0.63 0.01 0.30
0.95 0.04 0.86 0.57 0.58 0.29
0.43 0.56 0.63 0.98 0.03 0.84
0.05 0.64 0.08 0.83 0.42 0.98
0.63 0.04 0.86 0.55 0.51 0.94
0.39 0.15 0.33 0.34 0.82 0.11
0.93 0.03 0.58 0.62 0.62 0.24
0.12 0.76 0.48 0.12 0.73 0.20
0.51 0.69 0.91 0.48 0.18 0.10
0.37 0.57 0.44 0.61 0.10 0.63
0.75 0.47 0.67 0.62 0.08 0.77
0.39 0.23 0.16 0.42 0.42 0.04
0.81 0.15 0.09 0.86 0.46 0.92
0.67 0.37 0.68 0.76 0.05 0.94
0.43 0.15 0.98 0.62 0.63 0.11
0.09 0.07 0.80 0.94 0.51 0.55
0.20 0.53 0.69 0.51 0.18 0.73
0.57 0.15 0.11 0.04 0.44 0.25
0.40 0.66 0.64 0.93 0.01 0.13
0.16 0.91 0.72 0.16 0.01 0.83
0.86 0.62 0.09 1.00 0.06 1.00
0.89 0.29 0.52 0.01 0.89 0.91
0.15 0.11 0.49 0.27 0.41 0.23
0.90 0.82 0.64 0.88 0.03 0.57
0.25 0.69 0.60 0.18 0.05 0.16
0.05 0.59 0.80 0.58 0.08 0.97
0.85 0.13 0.76 0.90 0.09 0.94
0.13 0.91 0.01 0.04 0.44 0.15
0.59 0.25 0.94 0.84 0.03 0.90
0.72 0.17 0.76 0.63 0.35 0.02
0.05 0.11 0.54 0.66 0.91 0.54
0.27 0.41 0.05 0.30 0.19 0.24
0.75 0.04 0.61 0.69 0.98 0.22
0.80 0.12 0.32 0.95 0.09 0.04
0.94 0.21 0.99 0.63 0.01 0.95
0.02 0.58 0.59 0.22 0.51 1.00
0.61 0.79 0.67 0.42 0.09 0.02
0.07 0.02 0.94 0.53 0.03 0.59
0.69 0.35 0.94 0.76 0.07 0.53
0.27 0.03 0.09 0.26 0.87 0.27
0.86 0.04 0.85 0.21 0.99 0.74
0.58 0.81 0.58 0.02 0.17 0.55
0.40 0.91 0.24 0.09 0.21 0.44
0.78 0.03 0.56 0.87 0.31 0.25
0.77 0.95 0.33 0.45 0.15 0.59
0.15 0.47 0.01 0.59 0.55 0.64
1.00 0.30 0.76 0.99 0.05 0.58
0.51 0.05 0.62 0.08 0.89 0.95
0.05 0.88 0.46 0.02 0.64 0.49
0.08 0.68 0.96 0.31 0.07 0.93
0.63 0.90 0.02 0.66 0.31 0.52
0.25 0.20 0.61 0.07 0.38 0.34
0.70 0.88 0.35 0.02 0.17 0.14
0.58 0.92 0.67 0.35 0.10 0.10
0.77 0.58 0.59 0.58 0.05 0.25
0.84 0.02 0.64 0.52 0.07 0.68
0.77 0.44 0.88 0.56 0.03 0.77
0.03 0.27 0.07 0.69 0.37 0.71
0.08 0.17 0.80 0.91 0.56 0.72
0.43 0.11 0.11 0.28 0.10 0.29
0.71 0.86 0.08 0.60 0.06 0.69
0.88 0.61 0.03 0.92 0.62 0.11
0.82 0.94 0.53 0.94 0.03 0.54
0.22 0.13 0.16 0.17 0.13 0.33
0.25 0.57 0.53 0.79 0.06 0.75
0.63 0.25 0.42 0.06 0.09 0.66
0.22 0.87 0.04 0.43 0.69 0.63
0.05 0.47 0.33 0.98 0.27 0.93
0.43 0.57 0.61 0.80 0.08 0.42
0.77 0.83 0.87 0.07 0.04 0.72
0.07 0.10 0.83 0.59 0.64 0.98
0.51 0.05 0.60 0.77 0.90 0.23
0.54 0.17 0.08 0.10 0.41 0.53
0.58 0.77 0.74 0.01 0.07 0.95
0.34 0.45 0.25 0.91 0.16 0.08
0.14 0.90 0.55 0.53 0.01 0.67
0.08 0.22 0.88 0.07 0.87 0.54
0.82 0.96 0.63 0.56 0.04 0.44
0.11 0.30 0.09 0.14 0.30 0.11
0.21 0.84 0.02 0.72 0.45 0.74
0.99 0.16 0.97 0.60 0.71 0.01
0.66 0.61 0.05 0.86 0.20 0.04
0.76 0.07 0.56 0.99 0.10 0.57
0.79 0.84 0.53 0.91 0.02 0.97
0.79 0.98 0.10 0.14 0.43 0.01
0.41 0.11 0.39 0.91 0.34 0.02
