250 6
14 3 14 69 65 61
12 73 90 73 99 60
89 47 75 93 90 56
67 14 31 46 41 12
19 49 77 28 8 30
60 50 41 13 44 56
43 46 96 5 4 4
61 24 12 75 38 27
65 93 61 100 31 3
4 75 9 60 67 99
53 3 37 41 68 75
46 18 100 38 6 69
3 41 84 53 62 68
92 5 4 55 88 78
30 71 19 5 31 55
62 75 11 67 79 43
87 10 47 45 62 11
4 13 69 65 99 60
42 35 4 11 14 82
63 63 10 56 87 45
8 77 54 61 86 78
50 33 44 9 100 34
13 28 31 33 37 1
80 56 55 78 23 61
96 3 27 68 97 19
3 5 7 66 94 89
78 90 53 11 91 54
28 30 5 9 27 4
37 22 55 96 40 90
12 2 19 43 59 25
9 88 80 96 69 39
87 1 54 37 99 46
75 78 4 93 84 80
1 43 73 64 48 52
57 79 57 2 95 82
18 2 47 86 22 43
73 87 84 91 36 1
46 1 28 90 49 32
89 60 47 3 82 82
66 9 71 5 83 7
63 22 59 62 48 11
75 32 69 80 15 73
91 25 11 46 22 41
87 52 53 6 38 19
74 85 80 84 7 58
35 27 89 28 31 27
8 20 54 93 62 58
1 88 54 79 79 92
39 31 40 6 49 15
80 71 84 10 7 61
55 86 81 69 7 23
73 24 5 8 98 33
10 43 72 88 85 65
53 33 49 38 10 28
51 18 91 34 65 80
81 74 45 76 20 72
43 64 37 33 3 70
99 62 80 2 99 68
35 6 31 18 93 9
79 100 84 87 5 25
71 85 97 86 2 54
20 67 18 70 73 59
97 4 10 20 42 17
96 83 68 3 60 46
76 2 82 63 65 2
26 35 41 87 26 28
92 61 4 75 85 52
8 33 14 86 6 40
57 19 19 90 82 17
72 63 54 70 6 64
74 50 80 26 19 72
41 29 1 14 50 20
36 72 27 4 84 67
22 83 71 6 86 65
2 66 62 36 86 2
2 56 60 69 70 53
33 9 40 17 11 18
75 7 76 58 56 100
73 71 1 19 35 42
68 54 9 94 91 3
81 16 9 81 92 17
92 7 86 25 89 87
47 40 33 19 5 87
11 70 7 53 58 61
7 88 89 76 3 78
35 1 35 84 15 35
62 5 61 28 70 99
62 58 16 51 4 84
1 84 99 86 89 26
74 100 78 20 9 69
14 44 20 2 50 27
3 36 59 52 78 56
2 65 97 35 70 45
6 79 96 73 52 22
1 49 31 47 45 11
71 71 82 2 52 10
61 17 94 8 93 16
58 91 70 69 2 32
67 61 12 8 6 67
58 6 100 74 57 95
13 34 47 6 46 29
94 52 75 1 61 73
74 15 17 100 46 33
35 17 40 3 13 85
53 63 4 11 97 67
2 30 90 56 76 78
20 7 81 19 45 20
97 59 51 53 5 3
64 12 12 71 87 97
49 18 14 42 26 48
70 59 2 97 43 4
85 14 90 67 7 65
50 91 93 13 24 70
66 1 100 57 5 62
6 85 21 77 87 97
48 9 84 8 22 10
96 3 92 64 55 69
3 42 78 18 32 41
61 6 60 68 56 81
41 76 28 3 25 43
95 58 71 14 23 76
4 36 84 86 59 55
48 6 15 2 28 6
72 95 2 2 57 94
70 5 86 67 57 100
3 21 32 13 28 2
75 2 70 39 31 91
71 27 3 70 97 71
83 81 22 2 4 56
1 68 34 44 33 71
74 59 35 97 19 20
17 41 63 79 8 86
89 52 5 64 18 74
27 71 82 57 17 29
17 97 4 62 97 82
100 10 4 52 88 86
64 41 36 9 13 18
26 54 96 63 27 11
56 33 54 47 13 10
95 78 81 7 7 84
80 93 12 1 57 98
54 99 52 7 9 87
50 42 74 5 10 49
94 67 74 99 2 61
11 36 15 37 40 44
36 70 11 69 25 52
98 52 67 25 100 1
98 34 79 55 5 62
58 32 57 1 87 87
64 28 38 9 15 30
92 24 83 54 2 46
65 89 9 3 85 39
55 1 45 81 87 41
19 20 3 90 39 97
32 21 14 51 26 29
66 55 99 63 2 54
60 3 79 76 92 17
54 66 58 71 3 60
25 85 42 32 24 82
33 23 12 72 88 59
74 93 4 1 73 80
25 26 22 15 92 19
5 8 90 81 54 10
57 31 88 9 15 3
90 49 69 63 1 30
95 4 86 57 58 29
43 56 63 98 3 84
5 64 8 83 42 98
63 4 86 55 51 94
39 15 33 34 82 11
93 3 58 62 62 24
12 76 48 12 73 20
51 69 91 48 18 10
37 57 44 61 10 63
75 47 67 62 8 77
39 23 16 42 42 4
81 15 9 86 46 92
67 37 68 76 5 94
43 15 98 62 63 11
9 7 80 94 51 55
20 53 69 51 18 73
57 15 11 4 44 25
40 66 64 93 1 13
16 91 72 16 1 83
86 62 9 100 6 100
89 29 52 1 89 91
15 11 49 27 41 23
90 82 64 88 3 57
25 69 60 18 5 16
5 59 80 58 8 97
85 13 76 90 9 94
13 91 1 4 44 15
59 25 94 84 3 90
72 17 76 63 35 2
5 11 54 66 91 54
27 41 5 30 19 24
75 4 61 69 98 22
80 12 32 95 9 4
94 21 99 63 1 95
2 58 59 22 51 100
61 79 67 42 9 2
7 2 94 53 3 59
69 35 94 76 7 53
27 3 9 26 87 27
86 4 85 21 99 74
58 81 58 2 17 55
40 91 24 9 21 44
78 3 56 87 31 25
77 95 33 45 15 59
15 47 1 59 55 64
100 30 76 99 5 58
51 5 62 8 89 95
5 88 46 2 64 49
8 68 96 31 7 93
63 90 2 66 31 52
25 20 61 7 38 34
70 88 35 2 17 14
58 92 67 35 10 10
77 58 59 58 5 25
84 2 64 52 7 68
77 44 88 56 3 77
3 27 7 69 37 71
8 17 80 91 56 72
43 11 11 28 10 29
71 86 8 60 6 69
88 61 3 92 62 11
82 94 53 94 3 54
22 13 16 17 13 33
25 57 53 79 6 75
63 25 42 6 9 66
22 87 4 43 69 63
5 47 33 98 27 93
43 57 61 80 8 42
77 83 87 7 4 72
7 10 83 59 64 98
51 5 60 77 90 23
54 17 8 10 41 53
58 77 74 1 7 95
34 45 25 91 16 8
14 90 55 53 1 67
8 22 88 7 87 54
82 96 63 56 4 44
11 30 9 14 30 11
21 84 2 72 45 74
99 16 97 60 71 1
66 61 5 86 20 4
76 7 56 99 10 57
79 84 53 91 2 97
79 98 10 14 43 1
41 11 39 91 34 2
