250 6
69 9 9 60 6 14
82 4 87 79 83 95
54 34 67 57 14 92
32 66 60 93 74 60
31 91 16 96 26 40
66 76 52 1 77 35
4 39 44 35 91 87
28 44 18 25 31 49
2 90 66 70 91 70
35 24 31 38 14 40
8 59 62 47 78 59
10 69 63 79 13 56
30 50 7 26 60 82
23 60 62 18 45 27
59 61 67 68 6 91
12 6 1 19 16 58
11 63 53 54 68 55
11 40 42 8 55 2
37 56 47 12 43 64
4 6 19 4 45 42
76 54 5 58 95 21
11 95 82 64 18 55
26 21 62 62 84 13
95 65 94 52 5 68
65 44 13 17 33 64
92 96 6 99 76 55
4 22 35 41 26 3
77 94 7 56 93 18
16 83 18 97 76 46
67 81 94 72 52 2
30 15 84 29 3 31
69 63 57 31 7 71
77 19 78 1 37 88
97 76 91 89 1 29
62 27 48 6 64 40
46 95 9 44 37 4
56 55 6 52 68 51
39 23 23 76 5 15
20 61 11 44 61 29
88 1 57 52 67 73
45 38 12 16 6 6
3 39 80 91 86 92
80 37 73 11 24 52
63 92 52 87 87 1
7 1 51 9 17 43
82 76 77 3 55 71
3 41 47 26 16 53
35 56 74 93 7 14
88 74 73 2 44 62
98 51 83 75 96 1
11 15 25 48 7 19
74 3 35 59 86 92
3 95 27 55 93 98
37 60 59 2 31 57
90 59 37 96 54 1
25 14 31 65 35 11
2 91 48 50 64 73
83 76 10 45 82 22
67 45 77 78 96 1
27 13 50 26 74 3
92 68 61 2 11 64
84 22 48 6 30 12
80 88 1 46 54 4
56 18 1 5 87 69
58 93 23 1 92 70
21 26 4 66 58 29
96 7 76 83 76 12
38 53 11 6 32 45
36 28 73 2 84 56
11 87 26 2 84 93
82 60 87 75 2 62
8 56 38 56 5 39
89 84 74 55 4 34
38 10 31 72 4 56
72 51 41 9 94 35
56 64 59 7 1 81
1 62 12 24 49 15
71 54 89 61 2 98
18 20 42 1 88 18
43 93 63 86 3 65
30 36 23 9 9 53
5 2 85 55 95 33
98 97 89 86 58 1
87 4 56 8 44 95
13 50 43 3 13 18
72 54 89 54 15 2
88 53 65 74 5 27
20 40 4 49 50 7
52 57 63 19 8 3
2 67 54 22 72 68
61 99 3 88 74 29
85 53 4 74 41 12
89 26 96 56 10 3
82 89 7 3 61 83
86 4 19 2 57 52
65 2 84 2 83 66
58 98 9 8 47 63
4 55 57 5 29 78
63 71 88 1 34 67
31 75 2 90 54 47
53 6 58 83 88 2
54 77 5 1 93 72
30 36 22 13 23 47
69 94 4 30 5 22
62 21 72 24 76 24
55 80 74 73 1 80
70 58 4 10 66 82
80 15 75 12 85 17
53 15 2 61 93 15
57 49 80 3 72 87
23 2 51 79 77 24
26 34 46 37 18 13
79 54 55 1 7 98
16 82 61 55 19 5
78 17 78 51 26 14
97 21 54 55 1 76
1 90 71 10 57 69
22 1 38 44 27 40
3 88 88 16 83 69
90 70 84 70 2 74
46 67 30 43 3 64
89 10 54 32 84 38
71 2 5 65 77 54
83 46 7 13 50 48
53 9 58 60 63 31
40 24 33 18 49 29
51 24 30 46 12 45
71 5 8 95 50 76
93 91 70 18 2 16
89 68 9 9 55 87
75 73 68 68 92 1
13 17 70 32 94 14
59 89 61 100 30 1
9 21 48 8 31 34
83 68 64 1 51 65
100 22 49 1 24 95
93 70 5 80 7 80
7 92 59 8 15 6
57 45 86 52 2 58
15 95 30 48 3 17
2 85 85 55 46 57
7 74 62 57 5 38
54 89 96 5 26 8
51 61 1 12 95 96
41 42 24 21 1 21
32 85 60 85 4 73
74 8 84 20 61 19
40 12 91 92 2 76
73 35 12 5 9 14
93 90 1 79 51 19
17 97 88 27 2 51
77 7 78 23 67 35
3 62 6 58 80 56
67 68 4 75 1 57
77 27 80 33 65 12
92 33 8 54 67 56
30 50 32 35 28 46
54 53 3 56 91 55
43 85 37 2 56 71
3 75 81 69 73 6
36 30 52 3 33 52
52 78 63 2 3 66
14 57 6 13 42 39
61 88 1 59 98 15
65 37 84 23 73 18
94 9 62 70 86 11
1 29 5 52 54 76
1 92 46 14 73 67
81 61 7 81 94 2
62 38 79 3 6 85
16 51 15 90 64 57
25 41 29 6 20 16
87 18 93 2 39 39
9 18 6 82 96 92
47 84 34 1 44 81
89 3 63 96 55 7
3 61 34 73 75 65
64 37 58 1 46 53
62 68 100 1 33 34
55 9 14 63 90 38
66 10 98 48 71 7
96 98 3 2 1 67
4 61 16 83 99 60
87 91 1 72 6 66
27 2 89 97 88 22
1 9 90 80 70 44
51 94 62 1 34 91
96 2 71 95 74 11
9 95 88 80 1 51
44 52 3 41 4 82
90 22 98 96 24 3
81 84 5 57 92 5
88 2 82 4 77 79
62 30 20 88 9 11
1 22 52 93 86 79
21 19 66 81 66 17
29 87 100 97 3 83
4 8 17 73 63 66
95 35 3 57 91 41
2 57 74 45 65 71
18 11 16 34 35 49
2 55 99 38 38 97
84 63 22 100 1 85
55 51 89 96 5 5
78 58 1 92 9 84
30 33 27 3 20 36
1 70 92 94 55 14
97 6 11 25 29 51
28 57 31 61 69 3
62 55 57 1 84 93
1 29 81 71 80 69
56 34 8 4 11 72
27 61 54 22 15 5
84 11 92 30 53 6
52 66 8 66 98 5
89 97 72 6 99 8
98 9 5 13 49 2
83 74 4 1 78 17
20 13 89 1 47 82
51 80 14 3 98 39
86 55 68 23 3 10
9 75 74 8 7 78
2 90 63 51 89 3
27 67 98 1 59 78
61 1 7 71 29 43
13 4 71 94 76 33
30 42 92 54 16 13
1 14 95 77 8 55
74 71 52 2 19 57
28 86 82 57 71 1
1 43 52 56 53 78
8 36 96 14 41 27
1 88 86 13 78 70
78 5 35 16 59 69
92 7 14 60 78 42
99 57 3 50 96 53
21 8 3 7 40 48
74 97 1 5 70 83
96 73 46 95 91 1
21 58 21 61 3 23
74 7 85 11 15 80
66 3 80 71 20 27
2 23 78 98 74 32
61 12 47 66 71 36
29 94 95 1 97 12
86 1 64 99 60 36
77 1 70 3 48 58
90 3 12 10 92 75
99 77 59 57 5 8
25 76 35 21 25 8
