250 6
41 20 60 2 41 41
53 61 60 80 21 6
97 77 51 58 95 51
16 28 10 71 16 16
10 75 98 52 70 83
66 3 94 67 68 7
15 19 12 73 27 32
2 69 95 1 94 66
38 50 21 42 20 1
26 74 65 37 6 60
41 1 86 59 59 5
13 100 54 32 81 73
84 58 3 73 15 76
30 61 7 10 15 50
56 18 11 18 33 23
78 55 96 31 9 64
64 5 58 86 10 3
12 57 100 90 34 87
24 100 87 69 78 53
38 12 27 39 84 13
37 99 56 71 65 15
7 55 66 73 100 78
49 28 18 44 8 33
13 80 54 56 56 98
44 42 82 36 37 28
69 57 90 32 59 11
13 56 69 19 31 19
28 77 63 68 46 63
82 73 99 12 70 40
36 39 6 81 30 54
64 15 72 56 6 95
30 5 10 28 27 28
71 32 82 1 75 100
8 87 80 88 57 62
16 83 58 37 76 83
13 45 11 32 43 44
3 86 99 58 61 88
58 73 90 27 2 78
70 2 38 38 12 19
3 50 74 10 35 93
93 92 1 36 24 10
95 81 54 3 85 53
8 30 55 81 95 80
100 14 65 23 30 36
83 60 44 6 32 34
100 48 13 93 9 27
87 9 89 23 37 86
62 81 5 56 73 86
3 63 53 100 33 12
85 3 85 86 8 27
8 77 55 73 38 87
26 47 83 35 44 26
57 83 9 7 59 63
97 80 83 73 1 69
1 21 35 6 29 39
16 3 84 98 72 51
30 1 86 14 92 84
1 17 96 10 60 96
10 81 88 1 86 96
7 29 33 46 44 28
73 86 80 99 1 95
71 73 76 22 6 40
95 19 84 41 1 63
51 21 100 95 25 62
40 24 45 67 33 16
64 3 72 26 36 42
20 31 5 15 45 78
87 79 93 17 71 9
13 62 9 56 88 92
58 53 2 79 21 99
62 92 49 5 56 47
65 66 62 46 4 56
69 57 3 88 92 76
40 36 43 2 55 30
27 53 7 88 57 52
43 47 15 46 5 5
61 7 83 68 10 51
74 8 72 8 97 91
70 5 68 18 69 74
64 15 2 48 87 33
79 75 2 51 80 16
23 49 49 1 64 24
35 72 67 59 56 15
68 28 4 42 71 27
78 17 33 21 27 52
65 42 51 62 59 18
33 51 1 94 40 83
20 15 26 77 74 51
75 51 57 92 1 52
16 26 35 27 2 9
65 41 90 16 3 74
91 1 100 53 99 52
24 17 52 40 53 62
21 85 86 14 25 74
46 50 69 22 95 18
75 68 7 92 71 2
21 23 14 63 63 71
7 51 100 61 60 14
3 1 90 69 41 6
83 17 64 79 5 27
98 55 22 16 51 27
77 55 3 91 29 78
39 5 4 31 38 9
37 83 1 68 21 53
18 61 21 55 37 68
39 7 100 27 28 3
8 84 31 61 88 82
77 13 57 11 53 5
100 56 1 89 22 51
8 87 19 79 92 66
42 84 99 9 10 51
52 16 80 97 13 92
63 7 26 82 24 77
77 89 15 85 1 83
39 48 49 10 6 37
89 52 5 100 25 82
64 2 60 63 81 46
61 61 94 1 61 65
36 23 58 10 1 47
96 63 24 94 4 51
11 39 28 38 3 2
17 93 13 58 88 20
83 16 2 60 69 15
5 48 61 79 87 13
27 81 3 99 83 7
1 35 49 90 86 4
11 69 22 56 88 93
35 52 23 55 83 27
81 2 37 94 95 69
46 26 34 23 61 21
24 90 78 3 42 58
95 81 78 1 23 94
12 82 25 76 85 99
94 28 98 79 18 5
30 33 95 60 1 32
16 78 41 20 17 79
76 11 54 51 15 7
57 17 86 12 72 28
87 27 16 57 81 2
83 2 57 23 18 82
61 4 29 15 96 42
48 18 86 13 51 66
5 7 56 46 100 54
99 36 9 8 55 100
7 91 47 59 22 2
48 64 73 14 69 11
95 2 88 38 7 82
53 56 15 66 73 4
11 61 70 2 91 91
12 18 71 71 67 74
4 87 61 100 84 8
56 5 79 66 20 70
56 8 74 27 9 64
16 96 68 2 60 96
23 1 8 18 25 41
81 95 50 12 74 9
53 19 69 12 83 60
2 90 17 90 70 54
84 24 26 74 50 1
77 65 4 17 67 13
71 56 62 5 12 56
2 76 58 96 5 92
32 20 3 19 27 20
58 12 40 22 5 98
60 5 91 63 3 54
55 32 1 9 87 79
73 58 6 3 3 80
90 71 62 10 93 23
9 93 27 50 66 79
12 76 10 85 94 83
71 83 16 5 73 88
16 20 2 24 48 12
81 60 2 63 32 73
4 85 82 67 14 43
71 73 9 5 90 86
97 21 21 55 10 77
37 58 93 5 85 15
8 94 12 95 94 64
42 11 5 12 47 22
98 54 89 30 41 1
92 74 16 1 25 44
60 63 32 5 94 88
7 5 25 5 72 72
62 89 80 7 9 87
53 1 63 88 96 12
8 51 19 65 77 35
59 3 10 71 80 9
6 40 53 71 16 71
10 71 33 94 12 100
21 9 75 57 72 71
1 96 79 100 73 25
47 4 22 46 34 35
65 77 5 80 2 55
27 91 25 36 1 80
6 52 90 77 79 5
91 6 47 16 84 59
5 54 62 95 24 52
4 25 13 57 84 85
98 97 12 20 1 57
68 72 88 11 1 7
25 8 63 90 83 18
82 52 94 5 28 79
12 10 25 26 8 18
91 99 54 18 67 5
66 97 69 67 1 33
66 69 86 18 65 20
10 30 31 41 58 25
99 60 68 66 1 42
88 16 30 51 58 1
83 79 34 95 2 9
52 10 75 8 84 59
26 41 7 23 37 8
59 59 36 30 61 4
85 51 66 12 31 29
83 4 98 3 81 98
7 85 35 7 24 78
5 9 80 60 95 33
89 74 74 20 25 14
8 6 80 95 67 36
6 17 86 66 52 74
7 66 99 66 66 1
12 89 16 79 84 47
14 70 2 52 97 83
23 3 48 31 4 10
75 69 65 7 43 38
7 51 26 4 84 66
57 90 4 66 89 1
57 93 56 7 76 13
93 7 93 9 74 56
17 60 85 2 20 21
29 83 21 54 16 71
52 93 51 3 11 10
92 55 2 3 77 83
36 7 25 2 49 40
73 7 21 53 22 93
41 83 14 99 4 100
57 81 37 11 37 30
46 62 3 13 37 85
81 42 61 13 82 3
85 79 51 2 15 15
62 76 61 81 1 27
30 65 52 4 62 73
82 11 92 61 86 1
97 15 7 92 63 6
17 6 70 69 52 23
59 77 53 1 55 32
38 17 76 85 100 7
61 77 1 90 64 86
13 88 14 45 7 18
66 18 94 1 52 57
