250 6
0.20 0.90 0.46 0.23 1.00 0.34
0.86 0.65 0.87 0.14 0.70 0.99
0.91 0.77 0.05 0.13 0.73 0.81
0.52 0.48 0.59 0.67 0.17 0.62
0.84 0.38 0.75 0.89 0.52 0.91
0.07 0.06 0.36 0.04 0.75 0.30
0.02 0.23 0.16 0.66 0.49 0.74
0.25 0.70 0.54 0.68 0.41 0.73
0.01 0.54 0.36 0.40 0.06 0.01
0.57 0.45 0.68 0.03 0.46 0.87
1.00 0.78 0.66 0.11 0.54 0.65
0.31 0.16 0.49 0.20 0.47 0.26
0.45 0.55 0.21 0.32 0.72 0.73
0.81 0.70 0.22 0.51 0.43 0.09
0.98 0.52 0.45 0.85 0.49 0.08
0.72 0.13 0.51 1.00 0.47 0.68
0.98 0.76 0.22 0.90 0.30 0.22
0.56 0.18 0.97 0.98 0.76 0.08
0.41 0.62 0.13 0.49 0.78 0.19
0.15 0.62 0.54 0.39 0.42 0.66
0.69 0.96 0.09 0.91 0.82 0.45
0.76 0.20 0.16 0.62 0.80 0.89
0.69 0.84 0.85 0.51 0.05 0.36
0.92 0.84 0.79 0.02 0.06 0.62
0.93 0.47 0.13 0.05 0.27 0.45
0.61 0.92 0.11 0.51 0.56 0.82
0.64 0.38 0.12 0.01 0.89 0.67
0.02 0.93 0.01 0.47 0.48 0.29
0.06 0.28 0.10 0.10 0.54 0.20
0.93 0.66 0.94 0.86 0.02 0.52
0.35 0.08 0.15 0.42 0.10 0.45
0.73 0.02 0.86 0.83 0.74 0.60
0.07 0.35 0.38 0.36 0.36 0.50
0.66 0.51 0.69 0.95 0.94 0.13
0.50 1.00 0.48 0.18 0.07 0.36
0.85 0.64 0.58 0.04 0.93 0.28
0.66 0.03 0.48 0.94 0.82 0.80
0.57 0.52 0.04 0.34 0.55 0.92
0.34 0.94 0.29 0.12 0.42 0.24
0.29 0.85 0.61 0.63 0.03 0.40
0.18 0.44 0.51 0.59 0.29 0.71
0.88 0.45 0.81 0.92 0.71 0.07
0.60 0.59 0.14 0.63 0.52 0.52
0.06 0.21 0.51 0.57 0.22 0.45
0.04 0.21 0.23 0.22 0.42 0.63
0.10 0.53 0.65 0.79 0.19 0.90
0.82 0.55 0.33 0.52 0.06 0.75
0.43 0.18 0.11 0.29 0.14 0.48
0.26 0.09 0.70 0.53 0.35 0.58
0.78 0.22 0.57 0.15 0.73 0.98
0.46 0.90 0.08 0.79 1.00 0.12
0.75 0.60 0.05 0.21 0.69 0.70
0.96 0.64 0.02 0.56 0.80 0.55
0.01 0.62 0.29 0.45 0.38 0.18
0.80 0.52 0.69 0.75 0.49 0.20
0.78 0.44 0.08 0.27 0.17 0.25
0.18 0.06 0.23 0.55 0.63 0.06
0.04 0.36 0.50 0.95 0.29 0.54
0.38 0.66 0.66 0.06 0.45 0.82
0.57 0.36 0.86 0.16 0.11 0.86
0.37 0.06 0.75 0.96 0.51 0.60
0.05 0.38 0.53 0.87 0.53 0.41
0.94 0.94 0.78 0.03 0.92 0.46
0.91 0.53 0.95 0.79 0.02 0.54
0.07 0.21 0.32 0.34 0.27 0.02
0.87 0.58 0.52 0.01 0.77 0.60
0.90 0.04 0.71 0.96 0.69 0.77
0.48 0.41 0.34 0.19 0.44 0.05
0.96 0.01 0.93 0.79 0.64 0.59
0.61 0.08 0.01 0.30 0.03 0.28
0.81 0.13 0.71 0.54 0.52 0.10
0.69 0.29 0.64 0.08 0.41 0.40
0.75 0.51 1.00 0.25 0.35 0.29
0.51 0.52 0.86 0.05 0.89 0.24
0.78 0.88 0.71 0.25 0.28 0.38
0.93 0.13 0.26 0.08 0.99 0.92
0.63 0.60 0.72 0.08 0.42 0.66
0.46 0.31 0.28 0.59 0.20 0.30
0.90 0.26 0.67 0.06 0.58 0.32
0.91 0.70 0.71 0.16 0.03 0.93
0.55 0.63 0.05 0.31 0.35 0.94
0.91 0.12 0.27 0.08 0.57 0.64
0.81 0.82 0.36 0.06 0.67 0.47
0.67 0.30 0.15 0.67 0.75 0.11
0.98 0.11 0.64 0.10 0.15 0.10
0.62 0.05 0.73 0.51 0.72 0.81
0.13 0.09 0.46 0.07 0.46 0.14
0.78 0.01 0.93 0.42 0.68 0.34
0.75 0.95 0.92 0.05 0.68 0.82
0.56 0.93 0.86 0.61 0.03 0.05
0.26 0.31 0.24 0.32 0.37 0.43
0.34 0.76 0.02 0.87 0.78 0.34
0.99 0.77 0.89 0.12 0.14 0.72
0.67 0.93 0.04 0.11 0.87 0.83
0.02 0.28 0.91 0.75 0.29 0.69
0.82 0.61 0.75 0.45 0.01 0.99
0.88 0.14 0.77 0.04 0.20 0.45
0.11 0.12 0.59 0.29 0.34 0.89
0.29 0.15 0.18 0.91 0.87 0.90
0.25 0.51 0.72 0.18 0.32 0.68
0.53 0.64 0.95 0.06 0.54 0.97
0.47 0.22 0.31 0.73 0.19 0.17
0.97 0.29 0.62 1.00 0.03 0.13
0.09 0.03 0.93 0.90 0.08 0.87
0.06 0.83 0.08 1.00 1.00 0.66
0.44 0.09 0.91 0.10 0.70 0.05
0.03 0.74 0.08 0.40 0.17 0.82
0.62 0.74 0.54 0.03 0.62 0.62
0.33 0.38 0.29 0.07 0.22 0.20
0.28 0.01 0.99 0.88 0.95 0.89
0.55 0.52 0.08 0.04 0.53 0.81
0.67 0.06 0.73 0.37 0.71 0.58
0.28 0.08 0.35 0.36 0.10 0.65
0.05 0.69 0.29 0.32 0.69 0.41
0.41 0.31 0.30 0.65 0.44 0.27
0.08 0.79 0.07 0.78 0.53 0.93
0.77 0.05 0.81 0.83 0.67 0.78
0.08 0.17 0.82 0.72 0.68 0.01
0.73 0.01 0.24 0.58 1.00 0.74
0.62 0.88 0.52 0.08 0.88 0.01
0.18 0.33 0.97 0.44 0.12 0.50
0.80 0.54 0.43 0.02 0.71 0.77
0.32 0.79 0.19 0.68 0.17 0.65
0.90 0.69 0.68 0.26 0.14 0.63
0.52 0.05 0.35 0.76 0.17 0.34
0.74 0.07 0.67 0.70 0.48 0.53
0.01 0.03 0.98 0.35 0.36 0.21
0.52 0.63 0.09 0.82 0.76 0.54
0.35 0.18 0.08 0.33 0.38 0.23
0.54 0.73 0.86 0.81 0.03 0.93
0.06 0.16 0.91 0.56 0.57 0.79
0.46 0.22 0.29 0.10 0.72 0.28
0.53 0.27 0.48 0.23 0.41 0.80
0.57 0.56 0.11 0.77 0.21 0.01
0.49 0.05 0.89 1.00 0.80 0.77
0.63 0.02 0.66 0.62 0.06 1.00
0.54 0.07 0.58 0.65 0.52 0.89
0.07 0.10 0.44 0.97 0.68 0.33
0.50 0.67 0.04 0.11 0.30 0.27
0.57 0.61 0.02 0.82 0.23 0.85
0.81 0.04 0.02 0.65 0.52 0.58
0.55 0.15 0.29 0.39 0.20 0.11
0.97 0.03 0.03 0.98 0.35 0.59
0.62 0.81 0.06 0.53 0.99 0.09
0.75 0.36 0.12 0.02 0.61 0.77
0.68 0.85 0.95 0.05 0.50 0.45
0.48 0.63 0.64 0.81 0.04 0.84
0.13 0.17 0.40 0.49 0.77 0.29
0.08 0.57 0.05 0.60 0.87 0.82
0.76 0.08 0.62 0.69 0.29 0.02
0.05 0.16 0.86 0.56 0.21 0.29
0.95 0.67 0.10 0.92 0.63 0.08
0.16 0.02 0.55 0.75 0.93 0.93
0.05 0.25 0.10 0.50 0.49 0.56
0.34 0.58 0.53 0.23 0.15 0.53
0.77 0.19 0.69 0.05 0.71 0.69
0.09 0.11 0.95 0.84 0.91 0.09
0.58 0.30 0.02 0.87 0.52 0.68
0.29 0.12 0.02 0.30 0.44 0.07
0.14 0.92 0.03 0.42 0.69 0.59
0.80 0.79 0.80 0.21 0.28 0.01
0.65 0.01 0.55 0.80 0.38 0.57
0.62 0.50 0.57 0.01 1.00 0.56
0.87 0.03 0.63 0.68 0.77 0.12
0.21 0.06 0.35 0.09 0.92 0.37
0.41 0.16 0.02 0.20 0.47 0.20
0.73 0.02 0.64 0.05 0.33 0.70
0.03 0.78 0.12 0.97 0.98 0.73
0.25 0.57 0.98 0.88 0.02 0.84
0.90 0.53 0.69 0.01 0.61 0.77
0.47 0.10 0.68 0.94 0.04 0.87
0.42 0.47 0.74 0.99 0.09 0.87
0.54 0.71 0.83 0.75 0.05 0.62
0.05 0.41 0.39 0.01 0.48 0.12
0.62 0.36 0.51 0.23 0.11 0.59
0.78 0.71 0.61 0.56 0.02 0.53
0.46 0.58 0.18 0.03 0.45 0.42
0.65 0.11 0.94 0.68 0.15 0.13
0.54 0.03 0.63 0.94 0.49 0.77
0.33 0.95 0.95 0.05 0.07 0.83
0.95 0.70 0.08 0.05 0.73 0.69
0.86 0.06 0.74 0.98 0.34 0.20
0.14 0.14 0.71 0.23 0.01 0.71
0.78 0.02 0.51 0.03 0.58 0.99
0.30 0.18 0.32 0.18 0.26 0.17
0.48 0.56 0.81 0.78 0.03 0.07
0.59 0.01 0.94 0.79 0.80 0.67
0.35 0.93 0.28 0.92 0.02 0.57
0.54 0.65 0.88 0.09 0.18 0.59
0.44 0.38 0.11 0.32 0.05 0.35
0.04 0.47 0.89 0.53 0.48 0.13
0.68 0.05 0.27 0.66 0.44 0.98
0.79 0.07 0.63 0.73 0.46 0.96
0.57 0.02 0.60 0.90 0.76 0.62
0.03 0.81 0.87 0.36 0.80 0.48
0.96 0.36 0.79 0.14 0.34 0.23
0.20 0.04 0.39 0.42 0.69 1.00
0.98 0.72 0.65 0.21 0.02 0.55
0.73 0.02 0.64 0.82 0.90 0.55
0.01 0.80 0.35 0.09 0.01 0.30
0.92 0.80 0.92 0.91 0.02 0.09
0.81 0.67 0.70 0.11 0.17 0.63
0.29 0.12 0.49 0.13 0.49 0.07
0.05 0.26 0.74 0.58 0.26 0.93
0.78 0.57 0.01 0.25 0.44 0.78
0.86 0.54 0.15 0.57 0.33 0.23
0.65 0.07 0.16 0.87 0.65 0.28
0.22 0.67 0.94 0.22 0.94 0.05
0.01 0.51 0.90 0.72 0.54 0.51
0.75 0.75 0.85 0.25 0.07 0.67
0.65 0.44 0.21 0.11 0.37 0.32
0.92 0.07 0.87 0.90 0.20 0.30
0.15 0.97 0.89 0.08 0.26 0.57
0.05 0.49 0.39 0.60 0.23 0.87
0.21 0.66 0.08 0.71 0.77 0.63
0.88 0.83 0.02 0.05 0.76 0.47
0.99 0.64 0.55 0.14 0.10 0.65
0.28 0.70 0.09 0.01 0.85 0.67
0.11 0.21 0.87 0.01 0.90 0.58
0.02 0.12 0.85 0.32 0.93 0.33
0.58 0.05 0.31 0.42 0.76 0.97
0.66 0.57 0.64 0.22 0.14 0.55
0.85 0.74 0.64 0.69 0.01 0.32
0.33 0.03 0.34 0.01 0.47 0.84
0.27 0.04 0.51 0.94 0.61 0.56
0.06 0.01 0.53 0.26 0.85 0.94
0.63 0.27 0.82 0.01 0.69 0.76
0.13 0.01 0.71 0.13 0.15 0.57
0.66 0.43 0.54 0.81 0.17 0.21
0.07 0.62 0.31 0.50 0.73 0.13
0.15 0.50 0.68 0.47 0.13 0.51
0.14 0.59 0.56 0.15 0.33 0.63
0.43 0.43 0.29 0.54 0.02 0.73
0.03 0.55 0.75 0.23 0.93 0.64
0.71 0.02 0.90 0.83 0.60 0.34
0.19 0.54 0.61 0.33 0.25 0.01
0.57 0.66 0.04 0.15 0.66 0.57
0.08 0.89 0.09 0.80 0.86 0.64
0.84 0.91 0.15 0.08 0.91 0.45
0.22 0.78 0.94 0.03 0.95 0.05
0.51 0.53 0.87 0.47 0.10 0.10
0.62 0.89 0.82 0.03 0.19 0.65
0.13 0.05 0.16 0.91 0.52 0.44
0.26 0.14 0.09 0.74 0.61 0.64
0.05 0.32 0.98 0.13 0.51 0.73
0.12 0.66 0.20 0.61 0.62 0.17
0.11 0.30 0.80 0.02 0.61 0.77
0.03 0.03 0.93 0.69 0.98 0.89
0.15 0.06 0.67 0.19 0.13 0.32
0.28 0.97 0.26 0.67 0.10 0.11
