250 6
20 90 46 23 100 34
86 65 87 14 70 99
91 77 5 13 73 81
52 48 59 67 17 62
84 38 75 89 52 91
7 6 36 4 75 30
2 23 16 66 49 74
25 70 54 68 41 73
1 54 36 40 6 1
57 45 68 3 46 87
100 78 66 11 54 65
31 16 49 20 47 26
45 55 21 32 72 73
81 70 22 51 43 9
98 52 45 85 49 8
72 13 51 100 47 68
98 76 22 90 30 22
56 18 97 98 76 8
41 62 13 49 78 19
15 62 54 39 42 66
69 96 9 91 82 45
76 20 16 62 80 89
69 84 85 51 5 36
92 84 79 2 6 62
93 47 13 5 27 45
61 92 11 51 56 82
64 38 12 1 89 67
2 93 1 47 48 29
6 28 10 10 54 20
93 66 94 86 2 52
35 8 15 42 10 45
73 2 86 83 74 60
7 35 38 36 36 50
66 51 69 95 94 13
50 100 48 18 7 36
85 64 58 4 93 28
66 3 48 94 82 80
57 52 4 34 55 92
34 94 29 12 42 24
29 85 61 63 3 40
18 44 51 59 29 71
88 45 81 92 71 7
60 59 14 63 52 52
6 21 51 57 22 45
4 21 23 22 42 63
10 53 65 79 19 90
82 55 33 52 6 75
43 18 11 29 14 48
26 9 70 53 35 58
78 22 57 15 73 98
46 90 8 79 100 12
75 60 5 21 69 70
96 64 2 56 80 55
1 62 29 45 38 18
80 52 69 75 49 20
78 44 8 27 17 25
18 6 23 55 63 6
4 36 50 95 29 54
38 66 66 6 45 82
57 36 86 16 11 86
37 6 75 96 51 60
5 38 53 87 53 41
94 94 78 3 92 46
91 53 95 79 2 54
7 21 32 34 27 2
87 58 52 1 77 60
90 4 71 96 69 77
48 41 34 19 44 5
96 1 93 79 64 59
61 8 1 30 3 28
81 13 71 54 52 10
69 29 64 8 41 40
75 51 100 25 35 29
51 52 86 5 89 24
78 88 71 25 28 38
93 13 26 8 99 92
63 60 72 8 42 66
46 31 28 59 20 30
90 26 67 6 58 32
91 70 71 16 3 93
55 63 5 31 35 94
91 12 27 8 57 64
81 82 36 6 67 47
67 30 15 67 75 11
98 11 64 10 15 10
62 5 73 51 72 81
13 9 46 7 46 14
78 1 93 42 68 34
75 95 92 5 68 82
56 93 86 61 3 5
26 31 24 32 37 43
34 76 2 87 78 34
99 77 89 12 14 72
67 93 4 11 87 83
2 28 91 75 29 69
82 61 75 45 1 99
88 14 77 4 20 45
11 12 59 29 34 89
29 15 18 91 87 90
25 51 72 18 32 68
53 64 95 6 54 97
47 22 31 73 19 17
97 29 62 100 3 13
9 3 93 90 8 87
6 83 8 100 100 66
44 9 91 10 70 5
3 74 8 40 17 82
62 74 54 3 62 62
33 38 29 7 22 20
28 1 99 88 95 89
55 52 8 4 53 81
67 6 73 37 71 58
28 8 35 36 10 65
5 69 29 32 69 41
41 31 30 65 44 27
8 79 7 78 53 93
77 5 81 83 67 78
8 17 82 72 68 1
73 1 24 58 100 74
62 88 52 8 88 1
18 33 97 44 12 50
80 54 43 2 71 77
32 79 19 68 17 65
90 69 68 26 14 63
52 5 35 76 17 34
74 7 67 70 48 53
1 3 98 35 36 21
52 63 9 82 76 54
35 18 8 33 38 23
54 73 86 81 3 93
6 16 91 56 57 79
46 22 29 10 72 28
53 27 48 23 41 80
57 56 11 77 21 1
49 5 89 100 80 77
63 2 66 62 6 100
54 7 58 65 52 89
7 10 44 97 68 33
50 67 4 11 30 27
57 61 2 82 23 85
81 4 2 65 52 58
55 15 29 39 20 11
97 3 3 98 35 59
62 81 6 53 99 9
75 36 12 2 61 77
68 85 95 5 50 45
48 63 64 81 4 84
13 17 40 49 77 29
8 57 5 60 87 82
76 8 62 69 29 2
5 16 86 56 21 29
95 67 10 92 63 8
16 2 55 75 93 93
5 25 10 50 49 56
34 58 53 23 15 53
77 19 69 5 71 69
9 11 95 84 91 9
58 30 2 87 52 68
29 12 2 30 44 7
14 92 3 42 69 59
80 79 80 21 28 1
65 1 55 80 38 57
62 50 57 1 100 56
87 3 63 68 77 12
21 6 35 9 92 37
41 16 2 20 47 20
73 2 64 5 33 70
3 78 12 97 98 73
25 57 98 88 2 84
90 53 69 1 61 77
47 10 68 94 4 87
42 47 74 99 9 87
54 71 83 75 5 62
5 41 39 1 48 12
62 36 51 23 11 59
78 71 61 56 2 53
46 58 18 3 45 42
65 11 94 68 15 13
54 3 63 94 49 77
33 95 95 5 7 83
95 70 8 5 73 69
86 6 74 98 34 20
14 14 71 23 1 71
78 2 51 3 58 99
30 18 32 18 26 17
48 56 81 78 3 7
59 1 94 79 80 67
35 93 28 92 2 57
54 65 88 9 18 59
44 38 11 32 5 35
4 47 89 53 48 13
68 5 27 66 44 98
79 7 63 73 46 96
57 2 60 90 76 62
3 81 87 36 80 48
96 36 79 14 34 23
20 4 39 42 69 100
98 72 65 21 2 55
73 2 64 82 90 55
1 80 35 9 1 30
92 80 92 91 2 9
81 67 70 11 17 63
29 12 49 13 49 7
5 26 74 58 26 93
78 57 1 25 44 78
86 54 15 57 33 23
65 7 16 87 65 28
22 67 94 22 94 5
1 51 90 72 54 51
75 75 85 25 7 67
65 44 21 11 37 32
92 7 87 90 20 30
15 97 89 8 26 57
5 49 39 60 23 87
21 66 8 71 77 63
88 83 2 5 76 47
99 64 55 14 10 65
28 70 9 1 85 67
11 21 87 1 90 58
2 12 85 32 93 33
58 5 31 42 76 97
66 57 64 22 14 55
85 74 64 69 1 32
33 3 34 1 47 84
27 4 51 94 61 56
6 1 53 26 85 94
63 27 82 1 69 76
13 1 71 13 15 57
66 43 54 81 17 21
7 62 31 50 73 13
15 50 68 47 13 51
14 59 56 15 33 63
43 43 29 54 2 73
3 55 75 23 93 64
71 2 90 83 60 34
19 54 61 33 25 1
57 66 4 15 66 57
8 89 9 80 86 64
84 91 15 8 91 45
22 78 94 3 95 5
51 53 87 47 10 10
62 89 82 3 19 65
13 5 16 91 52 44
26 14 9 74 61 64
5 32 98 13 51 73
12 66 20 61 62 17
11 30 80 2 61 77
3 3 93 69 98 89
15 6 67 19 13 32
28 97 26 67 10 11
