250 6
26 35 69 69 56 57
60 80 15 92 77 17
76 6 91 31 19 100
46 29 87 48 3 43
28 31 64 94 90 54
21 8 81 6 100 58
73 57 72 62 96 39
91 78 41 71 74 89
39 21 19 15 19 98
47 36 82 40 67 97
84 76 50 77 55 94
16 32 44 19 75 46
44 10 14 87 85 67
80 78 76 64 5 80
15 7 50 26 91 18
73 88 58 100 6 63
42 1 16 18 19 38
96 82 7 31 93 86
47 18 10 59 4 12
58 3 34 45 76 25
51 19 17 11 37 46
50 2 71 60 8 88
33 54 6 70 95 40
56 34 2 94 56 88
40 33 82 73 74 13
15 68 88 67 18 66
74 68 92 88 95 5
22 35 63 91 38 17
8 28 38 43 26 9
86 33 77 81 78 5
6 75 74 63 100 83
34 43 2 34 37 52
53 10 84 3 77 76
96 55 74 5 64 85
4 16 46 95 42 7
2 44 36 39 10 14
100 88 78 60 99 6
1 98 49 84 52 71
45 8 6 13 55 12
81 42 54 4 37 79
67 27 2 72 75 21
99 97 25 92 97 3
3 4 39 1 31 38
59 61 95 3 30 73
84 99 52 6 90 32
63 16 63 6 26 50
81 25 3 52 99 60
19 76 2 90 52 77
37 36 17 30 2 28
10 55 26 59 51 77
7 75 22 26 70 57
97 17 70 84 26 3
79 56 3 52 27 81
80 53 82 11 44 22
83 73 62 43 53 4
45 70 20 15 26 34
85 87 68 5 22 55
92 85 35 58 14 11
53 82 22 4 83 82
15 36 39 4 49 18
60 25 51 34 62 11
100 81 61 25 1 77
91 74 61 85 80 3
39 5 37 24 44 13
20 98 24 25 61 96
100 97 80 58 16 2
29 58 98 19 99 4
77 100 86 69 32 5
57 8 58 90 62 5
46 74 15 51 19 32
79 4 75 58 16 43
37 61 69 2 81 26
11 73 68 91 8 93
7 32 70 58 99 2
60 67 71 53 87 1
14 99 16 82 78 35
8 45 10 23 14 9
80 66 55 94 70 8
26 98 58 23 10 55
66 72 2 98 3 77
24 21 7 80 3 6
1 77 85 94 74 97
30 28 22 77 89 21
44 2 56 95 13 58
29 34 40 67 25 73
72 58 70 8 17 2
75 53 56 41 95 6
40 6 34 55 18 99
2 76 95 30 90 4
96 5 80 99 2 74
82 68 62 10 62 8
57 21 1 19 5 97
38 96 36 19 21 17
36 41 66 66 19 6
61 60 3 75 32 8
33 11 69 87 11 89
1 96 24 75 54 68
44 81 77 1 17 59
15 74 72 3 27 67
23 41 24 66 90 74
90 88 100 25 8 48
1 72 87 69 19 60
80 95 70 53 1 37
5 76 19 61 74 10
62 43 34 8 88 46
42 76 65 91 59 2
60 63 65 56 90 5
43 46 16 22 64 32
62 58 50 41 93 5
99 98 95 4 86 15
41 17 41 62 24 33
19 82 52 96 1 92
56 8 69 91 17 71
78 15 13 15 18 11
2 82 81 32 90 53
57 3 12 70 93 26
15 1 89 62 60 58
29 20 75 82 94 3
16 18 10 56 99 12
66 82 84 100 15 5
82 33 2 59 26 49
24 89 55 64 8 99
86 5 36 41 46 27
1 99 59 100 77 52
16 43 23 50 20 43
98 64 99 83 1 6
99 52 30 3 51 56
84 99 17 19 4 97
62 95 97 35 88 7
38 7 26 17 48 25
27 42 3 97 92 67
66 51 80 55 95 6
64 12 25 23 76 11
81 24 3 29 67 40
88 72 38 66 37 4
54 44 65 77 73 6
30 12 89 98 17 76
53 4 80 97 94 11
2 13 79 62 87 98
37 6 44 16 36 32
13 67 81 19 74 1
66 55 54 13 7 72
56 33 1 83 64 67
11 53 65 95 26 7
55 2 9 59 54 97
10 7 93 9 6 23
23 45 49 56 3 92
81 9 1 53 100 91
3 82 16 70 80 81
65 84 71 43 85 8
29 8 36 47 73 23
56 24 78 69 51 4
71 95 30 9 26 72
6 98 51 18 68 36
96 67 53 53 92 1
81 10 44 31 73 5
1 18 13 38 4 41
79 44 73 15 7 20
9 15 68 15 22 71
55 15 32 4 65 71
77 25 95 5 2 61
85 54 75 66 13 6
7 2 52 82 59 76
37 64 84 61 60 3
78 59 62 1 20 40
18 92 7 49 52 99
37 17 20 77 91 59
11 68 85 66 82 8
92 61 55 75 4 11
1 15 32 10 33 25
18 58 3 99 62 56
78 38 12 16 48 38
54 62 8 2 16 51
80 44 84 53 56 2
23 100 44 18 10 93
62 58 65 24 10 82
94 99 53 92 1 52
78 53 56 4 29 56
93 10 83 35 44 12
65 10 86 10 57 26
53 25 23 2 29 100
14 72 1 92 65 92
4 78 5 59 97 85
1 49 27 5 9 68
84 12 86 13 82 1
60 36 2 58 79 81
65 31 86 3 92 25
18 3 69 84 97 51
23 7 49 2 22 36
31 71 5 36 55 5
49 94 65 57 69 3
25 96 22 6 30 41
10 63 95 1 96 23
69 36 56 53 40 3
14 9 19 56 38 90
99 78 2 75 55 42
17 26 3 52 76 99
72 3 65 74 3 88
100 4 90 95 90 16
53 72 5 4 61 51
32 96 89 83 2 79
74 75 33 2 91 36
42 52 7 20 31 94
36 69 56 83 2 90
96 35 1 99 69 64
19 62 4 21 19 59
70 57 2 55 94 1
32 24 69 46 14 16
26 68 37 64 3 84
1 79 56 93 93 21
45 60 52 75 49 1
43 25 66 54 20 28
14 21 11 65 48 84
87 70 11 5 63 25
80 58 97 36 4 27
38 2 91 83 85 56
42 73 91 29 51 6
18 1 100 83 63 41
63 52 78 12 3 8
90 47 19 9 80 80
5 7 66 96 9 75
58 11 54 32 5 72
14 10 12 89 84 78
64 74 62 82 33 4
5 86 72 82 1 54
11 30 48 4 40 32
63 34 4 74 71 74
92 72 98 68 14 1
31 75 66 59 95 2
61 30 8 47 37 28
70 80 55 22 87 5
61 89 17 23 13 91
48 64 92 1 5 20
13 94 6 79 97 70
41 63 30 69 85 7
86 83 61 87 1 94
36 93 36 24 10 13
57 8 84 38 59 5
32 79 74 32 100 6
60 58 71 59 57 3
45 46 15 18 15 21
63 16 4 88 78 59
65 5 6 74 4 59
60 58 63 51 87 5
34 35 12 45 41 87
59 5 65 5 95 12
1 64 81 85 79 12
5 11 14 40 36 31
36 44 11 61 64 49
17 81 9 71 55 75
