20 17
0.67 0.62 0.85 0.09 0.11 0.25 0.91 0.42 0.71 0.19 0.78 0.46 0.04 0.41 0.07 0.47 0.62
0.74 0.77 0.12 0.31 0.53 0.08 0.06 0.86 0.44 0.59 0.25 0.65 0.79 0.83 0.58 0.82 0.60
0.85 0.01 0.18 0.07 0.23 0.64 0.80 0.08 0.31 0.35 0.16 0.55 0.48 0.05 0.86 0.41 0.53
0.76 0.90 0.74 0.26 0.79 0.12 0.29 0.06 0.24 0.55 0.14 0.27 0.99 0.87 0.47 0.82 0.60
0.93 0.50 0.88 0.28 0.53 0.72 0.02 0.28 0.85 0.14 0.78 0.50 0.70 0.05 0.69 0.82 0.13
0.42 0.61 0.58 0.42 0.91 0.06 0.73 0.89 0.18 0.73 0.10 0.91 0.91 0.54 0.03 0.12 0.56
0.58 0.97 0.96 0.63 0.10 0.38 0.94 0.06 0.91 0.12 0.97 0.57 0.33 0.24 0.14 0.56 0.34
0.69 0.15 0.03 0.37 0.57 0.51 0.09 0.84 0.96 0.64 0.46 0.76 0.47 0.40 0.87 0.73 0.80
0.58 0.05 0.76 0.37 0.70 0.71 0.62 0.95 0.71 0.14 1.00 0.22 0.19 0.17 0.05 0.73 0.59
0.46 0.27 0.37 0.57 0.68 0.17 0.36 0.41 0.09 0.96 0.90 0.68 0.71 0.57 0.80 0.52 0.44
0.26 0.84 0.75 0.18 0.12 0.72 0.60 0.51 0.12 0.16 0.52 0.40 0.85 0.47 0.89 0.22 0.81
0.26 0.14 0.90 0.14 0.37 0.87 0.17 0.31 0.86 0.38 0.73 0.59 0.45 0.80 0.17 0.43 0.50
0.87 0.83 0.31 0.86 0.20 0.48 0.16 0.74 0.41 0.75 0.70 0.35 0.21 0.68 0.81 0.70 0.39
0.91 0.38 0.59 0.54 0.05 0.19 0.44 0.84 0.18 0.11 0.52 0.58 0.59 0.84 0.38 0.16 0.03
0.72 0.92 0.94 0.94 0.65 0.67 0.32 0.51 0.10 0.36 0.13 0.28 0.55 0.56 0.94 0.50 0.38
0.28 0.44 0.53 0.57 0.88 0.60 0.62 0.81 0.99 0.20 0.43 0.21 0.43 0.63 0.84 0.79 0.65
0.31 0.21 0.62 0.02 0.71 0.35 0.59 0.43 0.22 0.49 0.16 0.40 0.46 0.30 0.08 0.91 0.07
0.72 0.54 0.11 0.65 0.90 0.37 0.39 0.06 0.24 0.37 0.08 0.53 0.77 0.68 0.53 0.23 0.67
0.02 0.86 0.96 0.82 0.90 0.94 0.72 0.89 0.11 0.27 0.50 0.87 0.93 0.27 0.31 0.65 0.66
0.96 0.55 0.27 0.85 0.98 0.39 0.63 0.59 0.91 0.56 0.29 0.05 0.92 0.83 0.29 0.52 0.88
