20 17
0.77 0.92 0.00 0.56 0.07 0.08 0.87 0.51 0.19 0.40 0.87 0.69 0.60 0.99 0.23 0.01 0.37
0.45 0.84 0.51 0.67 0.26 0.64 0.89 0.65 0.56 0.16 0.82 0.97 0.76 0.57 0.08 0.59 0.02
0.67 0.75 0.41 0.70 0.69 0.76 0.37 0.67 0.69 0.54 0.76 0.66 0.70 0.64 0.51 0.04 0.57
0.49 0.62 0.50 0.52 0.76 0.55 0.72 0.42 0.28 0.63 0.97 0.60 0.07 0.96 0.24 0.34 0.34
0.54 0.97 0.65 0.65 0.62 0.82 0.17 0.56 0.05 0.13 0.65 0.17 0.36 0.71 0.26 0.96 0.41
0.64 0.25 0.63 0.96 0.69 0.29 0.11 0.12 0.12 0.26 0.60 0.39 0.38 0.25 0.06 0.90 0.07
0.72 0.93 0.83 0.49 0.02 0.65 0.52 0.71 0.99 0.88 0.21 0.33 0.28 0.39 0.55 0.15 0.23
0.23 0.37 0.24 0.18 0.98 0.33 0.83 0.78 0.57 0.31 0.96 0.93 0.67 0.05 0.31 0.67 0.98
0.67 0.35 0.20 0.03 0.18 0.59 0.27 0.54 0.79 0.00 0.05 0.64 0.13 0.82 0.56 0.59 0.19
0.40 0.18 0.03 0.73 0.74 0.34 0.45 0.35 0.11 0.59 0.41 0.22 0.20 0.55 0.57 0.45 0.18
0.17 0.19 0.22 0.69 0.99 0.25 0.12 0.34 0.75 0.49 0.73 0.07 0.45 0.49 0.31 0.99 0.63
0.79 0.82 0.58 0.17 0.90 0.90 0.69 0.61 0.68 0.50 0.99 0.60 0.16 0.94 0.21 0.22 0.39
0.91 0.29 0.44 0.46 0.25 0.29 0.68 0.45 0.85 0.15 0.13 0.54 0.67 0.95 0.15 0.09 0.50
0.84 0.30 0.35 0.29 0.62 0.67 0.09 0.76 0.80 0.01 0.53 0.43 0.29 0.17 0.84 0.60 0.31
0.04 0.89 0.36 0.25 0.08 0.52 0.50 0.69 0.79 0.56 0.34 0.25 0.60 0.38 0.83 0.70 0.54
0.41 0.46 0.37 0.08 0.06 0.53 0.27 0.89 0.45 0.65 0.88 0.53 0.48 0.99 0.93 0.82 0.53
0.31 0.18 0.76 0.98 0.92 0.99 0.98 0.69 0.25 0.29 0.47 0.72 0.16 0.64 0.01 0.03 0.03
0.15 0.58 0.74 0.11 0.98 0.36 0.76 0.73 0.00 0.48 0.78 0.46 0.99 0.34 0.71 0.83 0.27
0.53 0.07 0.21 0.31 0.53 0.04 1.00 0.88 0.09 0.39 0.65 0.15 0.90 0.56 0.94 0.71 0.90
0.80 0.04 0.65 0.42 0.43 0.16 0.29 0.07 0.66 0.44 0.98 0.05 0.14 0.36 0.17 0.68 0.31
