20 17
0.85 0.51 0.86 0.63 0.90 0.83 0.20 0.64 0.67 0.41 0.15 0.02 0.47 0.87 0.40 0.73 0.68
0.99 0.68 0.26 0.68 0.04 0.05 0.42 0.79 0.70 0.43 0.12 0.32 0.56 0.55 0.43 0.35 0.36
0.15 0.80 0.80 0.83 0.30 0.80 0.56 0.41 0.76 0.04 0.82 0.96 0.20 0.58 0.00 0.91 0.38
0.46 0.42 0.49 0.50 0.46 0.12 0.44 0.28 0.49 0.60 1.00 0.27 0.68 0.09 0.90 0.87 0.56
0.74 0.39 0.63 0.06 0.40 0.30 0.16 0.84 0.87 0.41 0.99 0.98 0.95 0.08 0.64 0.73 0.13
0.58 0.40 0.67 0.56 0.93 1.00 0.50 0.49 0.13 0.68 0.27 0.82 0.54 0.47 0.15 0.41 0.87
0.91 0.99 0.97 0.79 0.45 0.39 0.91 0.48 0.23 0.45 0.58 0.86 0.87 0.93 0.81 0.49 0.35
0.58 0.01 0.39 0.20 0.63 0.01 0.78 0.70 0.96 0.67 0.67 0.63 0.82 0.63 0.44 0.76 0.25
0.96 0.75 0.01 0.94 0.60 0.98 0.06 0.98 0.67 0.21 0.00 0.31 0.05 0.00 0.65 0.54 0.84
0.18 0.01 0.20 0.01 0.16 0.93 0.83 0.50 0.83 0.48 0.98 0.64 0.22 0.18 0.67 0.40 0.16
0.65 0.43 0.28 0.49 0.49 0.46 0.14 0.81 0.47 0.66 0.57 0.53 0.05 0.19 0.55 0.13 0.67
0.76 0.88 0.79 0.28 0.46 0.54 0.21 0.06 0.17 0.32 0.07 0.22 0.84 0.59 0.10 0.52 0.06
0.90 0.50 0.49 0.61 0.98 0.34 0.58 0.33 0.21 0.53 0.90 0.85 0.60 0.03 0.27 0.45 0.73
0.12 0.86 0.40 0.22 0.23 0.76 0.89 0.75 0.49 0.69 0.37 0.64 0.67 0.01 0.84 0.73 0.72
0.93 0.82 0.12 0.79 0.87 0.63 0.98 0.02 0.59 0.30 0.71 0.03 0.68 0.34 0.56 0.34 0.47
0.97 0.46 0.95 0.40 0.57 0.45 0.53 1.00 0.08 0.78 0.84 0.91 0.58 0.69 0.68 0.56 0.90
0.75 0.65 0.84 0.22 0.45 0.31 0.60 0.78 0.33 0.00 0.97 0.76 0.99 0.21 0.82 0.13 0.88
0.72 0.72 0.18 0.53 0.82 0.94 0.00 0.25 0.15 0.49 0.50 0.14 0.43 0.04 0.18 0.06 1.00
0.20 0.47 0.61 0.64 0.09 0.74 0.43 0.86 0.05 0.40 0.38 0.52 0.44 0.95 0.66 0.99 0.69
0.13 0.05 0.41 0.59 1.00 0.90 0.64 0.13 0.61 0.96 0.75 0.71 0.52 0.41 0.59 0.57 0.55
