20 17
0.51 0.12 0.11 0.27 0.49 0.43 0.14 0.36 0.32 0.17 0.80 0.84 0.92 0.64 0.86 0.94 0.87
0.72 0.29 0.49 0.30 0.08 0.86 0.54 0.31 0.49 0.84 0.25 0.38 0.04 0.10 0.84 0.40 0.74
0.39 0.97 0.96 0.54 0.17 0.64 0.02 0.21 0.82 0.19 0.83 0.89 0.32 0.11 0.00 0.04 0.36
0.71 0.09 0.53 0.86 0.81 0.28 0.71 0.34 0.84 0.56 0.67 0.85 0.01 0.16 0.40 0.57 0.62
0.09 0.62 0.39 0.16 0.37 0.81 0.06 0.63 1.00 0.84 1.00 0.67 0.55 0.02 0.88 0.87 0.47
0.04 0.71 0.32 0.16 0.79 0.78 0.22 0.04 0.40 0.57 0.59 0.43 0.25 0.93 0.15 0.61 0.43
0.06 0.78 0.80 0.57 0.06 0.91 0.86 0.62 0.76 1.00 0.04 0.91 0.60 0.07 0.41 0.09 0.04
0.60 0.31 0.94 0.22 0.97 0.25 0.53 0.39 0.80 0.05 0.67 0.76 0.62 0.62 0.39 0.95 0.24
0.61 0.01 0.06 0.65 0.33 0.36 0.63 0.70 0.50 0.20 0.42 0.03 0.72 0.20 0.41 0.84 0.29
0.98 0.93 0.70 0.17 0.05 0.81 0.41 0.96 0.81 0.27 0.37 0.46 0.01 0.53 0.53 0.94 0.47
0.06 0.18 0.04 0.85 0.07 0.94 0.82 0.99 0.35 0.85 0.19 0.63 0.07 0.85 0.97 0.50 0.16
0.34 0.02 0.60 0.81 0.39 0.70 0.76 0.06 0.28 0.14 0.77 0.98 0.38 0.40 0.79 0.26 0.93
0.17 0.65 0.41 0.42 0.55 0.42 0.43 0.41 0.83 0.99 0.19 0.36 0.90 0.51 0.50 0.27 0.68
0.86 0.34 0.51 0.34 0.71 0.45 0.76 0.31 0.55 0.39 0.14 0.98 0.35 0.09 0.95 0.26 0.68
0.16 0.23 0.92 0.15 0.34 0.55 0.57 0.53 0.13 0.98 0.86 0.62 0.06 0.06 0.88 0.61 0.63
0.90 0.55 0.35 0.06 0.44 0.50 0.62 0.97 0.18 0.00 0.77 0.83 0.71 0.05 0.59 0.00 0.28
0.68 0.01 0.96 0.33 0.59 0.01 0.01 0.77 0.01 0.43 0.92 0.10 0.53 0.95 0.03 0.38 0.47
0.38 0.52 0.21 0.22 0.52 0.34 0.96 0.60 0.17 0.01 0.52 0.64 0.87 0.37 0.75 0.48 0.57
0.08 0.12 0.93 0.77 0.85 0.07 0.10 0.63 0.95 1.00 0.24 0.80 0.42 0.76 0.48 0.87 0.47
0.44 0.31 0.57 0.08 0.26 0.60 0.97 0.96 0.07 0.99 0.38 0.77 0.36 0.10 0.24 0.89 0.61
