20 17
0.88 0.04 0.46 0.01 0.77 0.33 0.66 0.56 0.97 0.16 0.59 0.77 0.89 0.69 0.86 0.11 0.18
0.43 0.98 0.07 0.66 0.24 0.56 0.92 0.47 0.43 0.04 0.96 0.59 0.97 0.80 0.03 0.96 0.07
0.78 0.57 0.76 0.90 0.97 0.46 0.26 0.37 0.08 0.81 0.08 0.17 0.06 0.06 0.21 0.05 0.28
0.57 0.21 0.26 0.43 0.07 0.52 0.05 0.97 0.68 0.53 0.70 0.54 0.88 0.62 0.63 0.26 0.88
0.78 0.90 0.93 0.46 0.33 0.32 0.42 0.06 0.56 0.63 0.30 0.55 0.23 0.33 0.38 0.12 0.88
0.89 0.87 0.87 0.29 0.62 0.68 0.13 0.68 0.47 0.95 0.52 0.73 0.14 0.77 0.19 0.34 0.60
0.36 0.35 0.97 0.43 0.28 0.57 0.59 0.79 0.01 0.16 0.88 0.39 0.69 0.76 0.92 0.84 0.96
0.77 0.34 0.45 0.86 0.35 0.93 0.40 0.95 0.72 0.94 0.53 0.46 0.75 0.62 0.91 0.88 0.29
0.59 0.43 0.19 0.25 0.02 0.90 0.67 0.21 0.88 0.25 0.85 0.09 0.59 0.46 0.98 0.64 0.53
0.63 0.63 0.08 0.50 0.27 0.25 0.25 0.36 0.74 0.16 0.23 0.46 0.82 0.92 0.47 0.16 0.55
0.33 0.39 0.64 0.00 0.58 0.04 0.86 0.36 0.59 0.03 0.03 0.95 0.00 0.85 0.45 0.71 0.29
0.78 0.01 0.52 0.91 0.51 0.48 0.14 0.88 0.51 0.29 0.04 0.66 0.13 0.76 0.70 0.97 0.72
0.61 0.14 0.55 0.59 0.21 0.39 0.12 0.24 0.45 0.34 0.98 0.98 0.80 0.07 0.01 0.43 0.58
0.35 0.14 0.74 0.05 0.41 0.86 0.91 0.10 0.43 0.29 0.21 0.27 0.65 0.25 0.85 0.58 0.17
0.36 0.31 0.47 0.83 0.20 0.62 0.73 0.85 0.65 0.12 0.92 0.85 0.28 0.77 0.75 0.37 0.30
0.34 0.22 0.34 0.41 0.59 0.03 1.00 0.08 0.76 0.10 0.21 0.11 0.40 0.62 0.28 0.97 0.07
0.59 0.21 0.39 0.67 0.93 0.20 0.63 0.96 0.82 0.31 0.48 0.51 0.08 0.73 0.29 0.15 0.55
0.26 0.84 0.46 0.31 0.50 0.26 0.18 0.11 0.61 0.78 0.83 0.97 0.98 0.00 0.68 0.77 0.70
1.00 0.63 0.36 0.60 0.29 0.39 0.44 0.64 0.46 0.38 0.39 0.08 0.55 0.96 0.76 0.26 0.78
0.36 0.65 0.71 0.51 0.81 0.46 0.69 0.36 0.22 0.92 0.84 0.04 0.54 0.86 0.73 0.20 0.40
