20 17
0.78 0.27 0.94 0.83 0.84 0.22 0.81 0.12 1.00 0.31 0.33 0.35 0.34 0.64 0.12 0.09 0.85
0.37 0.92 0.14 0.21 0.68 0.64 0.14 0.91 0.32 0.28 0.47 0.69 0.38 0.22 0.92 0.25 0.99
0.59 0.56 0.51 0.30 0.39 0.85 0.32 0.41 0.01 0.88 0.27 0.97 0.08 0.90 0.80 0.41 0.22
0.91 0.84 0.33 0.95 0.89 0.62 0.15 0.70 0.68 0.02 0.78 0.82 0.12 0.75 0.25 0.76 0.06
0.76 0.64 0.85 0.69 0.43 0.57 0.62 0.52 0.14 0.75 0.97 0.30 0.94 0.69 0.80 0.72 0.46
0.09 0.63 1.00 0.24 0.22 0.06 0.12 0.38 0.20 1.00 0.16 0.07 0.48 0.81 0.78 0.15 0.69
0.44 0.76 0.20 0.23 0.40 0.29 0.64 0.92 0.69 0.17 0.04 0.91 0.13 0.95 0.39 0.23 0.68
0.98 0.25 0.04 0.25 0.49 0.89 0.03 0.35 0.13 0.22 0.05 0.26 0.59 1.00 0.50 0.29 0.50
0.92 0.00 0.36 0.65 0.50 0.38 0.86 0.00 0.05 0.33 0.48 0.49 0.38 0.53 0.48 0.66 0.70
0.49 0.56 0.75 0.65 0.69 0.19 0.17 0.52 0.19 0.78 0.22 0.23 0.91 0.17 0.46 0.29 0.41
0.30 0.37 0.49 0.74 0.46 0.62 0.32 0.35 0.88 0.26 0.11 0.35 0.91 0.80 0.99 0.02 0.56
0.94 0.94 0.58 0.48 0.86 0.04 0.75 0.26 0.95 0.06 0.51 0.43 0.26 0.89 0.89 0.53 0.62
0.82 0.41 0.40 0.34 0.73 0.12 0.98 0.83 0.11 0.91 0.62 0.62 0.61 0.65 0.47 0.50 0.20
0.82 0.01 0.21 0.74 0.48 0.84 0.99 0.77 0.94 0.25 0.69 0.69 0.22 0.66 0.34 0.92 0.44
0.35 0.42 0.87 0.50 0.31 0.00 0.56 0.85 0.23 0.17 0.58 0.76 0.05 0.19 0.72 0.50 0.19
0.64 0.25 0.56 0.52 0.47 0.06 0.94 0.28 0.08 0.77 0.76 0.64 0.56 0.91 0.05 0.72 0.53
0.86 0.46 0.28 0.71 0.42 0.47 0.86 0.76 0.69 0.42 0.26 0.75 0.62 0.28 0.88 0.17 0.32
0.16 0.47 0.41 0.02 0.60 0.41 0.50 0.32 0.04 0.62 0.81 0.29 0.98 0.05 0.07 0.75 0.27
0.55 0.24 0.20 0.50 0.52 0.62 0.79 0.08 0.91 0.72 0.57 0.47 0.45 0.14 0.66 0.37 0.35
0.56 0.66 0.04 0.19 0.41 0.32 0.07 0.62 0.06 0.70 0.98 0.27 0.58 0.00 0.80 0.56 0.49
