20 17
0.40 0.42 0.03 0.50 0.03 0.00 0.32 0.01 0.33 0.90 0.54 0.48 0.42 0.72 0.40 0.01 0.12
0.99 0.61 0.80 0.82 0.31 0.89 0.62 0.22 0.33 0.36 0.58 0.96 0.16 0.00 0.30 0.76 0.55
0.13 0.57 0.78 0.98 0.62 0.07 0.10 0.24 0.86 0.47 0.82 0.19 0.93 0.36 0.13 0.71 0.42
0.57 0.91 0.72 0.82 0.68 0.02 0.62 0.13 0.27 0.29 0.07 0.99 0.12 0.52 0.47 0.56 0.92
0.84 0.75 0.40 0.31 0.31 0.00 0.81 0.92 0.90 0.80 0.40 0.07 0.94 0.33 0.31 0.14 0.35
0.06 0.95 0.45 0.80 0.87 0.01 0.90 0.76 0.44 0.28 0.16 0.97 0.63 0.17 0.77 0.38 0.52
0.91 0.14 0.55 0.43 0.72 0.07 0.88 0.04 0.38 0.37 0.33 0.78 0.51 0.45 0.16 0.56 0.64
0.87 0.95 0.98 1.00 1.00 0.55 0.55 0.37 0.32 0.31 0.36 0.61 0.98 0.05 0.58 0.00 0.67
0.62 0.53 0.61 0.45 0.83 0.23 0.19 0.04 0.75 0.85 0.76 0.79 0.89 0.29 0.80 0.20 0.57
0.62 0.05 0.42 0.05 0.13 0.64 0.93 0.21 0.27 0.11 0.95 0.64 0.92 0.84 0.95 0.85 0.25
0.91 0.79 0.15 0.10 0.36 0.34 0.89 0.98 0.99 0.46 0.97 0.93 0.07 0.08 0.68 0.88 0.67
0.54 0.73 0.94 0.63 0.19 0.41 0.27 0.09 0.65 0.20 0.05 0.03 0.17 0.56 0.82 0.96 0.45
0.43 0.97 0.66 0.80 0.21 0.70 0.23 0.65 0.37 0.91 0.63 0.68 0.98 0.13 0.57 0.24 0.22
0.80 0.03 0.81 0.77 0.32 0.30 0.74 0.71 0.78 0.53 0.64 0.59 0.55 0.40 0.65 0.37 0.22
0.93 0.77 0.83 0.55 0.39 0.37 0.39 0.64 0.04 0.01 0.76 0.03 0.29 0.84 0.18 0.03 0.89
0.10 0.64 0.70 0.37 0.30 0.00 0.96 0.60 0.68 0.26 0.53 0.35 0.46 0.33 0.27 0.92 0.83
0.77 0.53 0.51 0.06 0.46 0.24 0.78 0.69 0.02 0.52 0.87 0.29 0.67 0.20 0.52 0.42 0.02
0.33 0.70 0.27 0.78 0.37 0.11 0.05 0.93 0.40 0.47 0.41 0.90 0.34 0.02 0.84 0.92 0.11
0.09 0.18 0.21 0.81 0.45 0.63 0.43 0.54 0.12 0.88 0.14 0.13 0.46 0.41 0.18 0.03 0.84
0.17 0.34 0.33 0.10 0.53 0.56 0.97 0.58 0.23 0.22 0.82 0.28 0.31 0.60 0.35 0.89 0.14
