20 17
0.45 0.26 0.26 0.09 0.85 0.10 0.21 0.37 0.16 0.25 0.11 0.01 0.56 0.23 0.49 0.75 0.34
0.10 0.10 0.35 0.59 0.51 0.20 0.81 0.31 0.52 0.39 0.54 0.11 0.91 0.72 0.89 0.04 0.83
0.02 0.36 0.70 0.90 0.80 1.00 0.55 0.60 0.62 0.84 0.31 1.00 0.74 0.14 0.63 0.38 0.64
0.36 0.65 0.47 0.33 0.36 0.37 0.49 0.43 0.17 0.96 0.57 0.66 0.12 0.69 0.27 0.76 0.82
0.31 0.37 0.27 0.58 0.75 0.07 0.08 0.25 0.43 0.03 0.60 0.87 0.11 0.62 0.21 0.98 0.53
0.28 0.31 0.74 0.06 0.67 0.06 0.61 0.99 0.95 0.59 0.39 0.84 0.90 0.63 0.80 0.43 0.93
0.17 0.66 0.25 0.11 0.34 0.43 0.14 0.40 0.08 0.34 0.48 0.75 0.20 0.06 0.53 0.44 0.23
0.31 0.34 0.77 0.54 0.94 0.13 0.61 0.32 0.90 0.90 0.12 0.76 0.01 0.31 0.68 0.56 0.85
0.29 0.97 0.46 0.26 0.69 0.77 0.01 0.31 0.81 0.72 0.81 0.49 0.67 0.37 0.94 0.07 0.09
0.66 0.56 0.60 0.98 0.82 0.07 0.20 0.80 0.82 0.88 0.47 0.45 0.23 0.22 0.39 0.24 0.06
0.30 0.72 0.87 0.58 0.64 0.38 0.05 0.00 0.68 0.72 0.71 0.22 0.47 0.88 0.01 0.06 0.16
0.72 0.37 0.22 0.84 0.54 0.31 0.39 0.47 0.27 0.99 0.20 0.09 0.46 0.31 0.79 0.05 0.77
0.23 0.77 0.61 0.76 1.00 0.01 0.71 0.94 0.54 0.51 0.89 0.35 0.52 0.57 0.94 0.08 0.06
0.00 0.57 0.61 0.83 0.45 0.13 0.58 0.03 0.92 0.87 0.09 0.97 0.71 0.47 0.80 0.00 0.63
0.86 0.80 0.17 0.26 0.00 0.27 0.92 0.75 0.09 0.24 0.34 0.41 0.15 0.86 0.76 0.87 0.22
0.89 0.89 0.66 0.66 0.37 0.13 0.79 0.24 0.94 0.07 0.06 0.51 0.11 0.43 0.79 0.51 0.22
0.78 0.76 0.66 0.34 0.76 0.62 0.78 0.87 0.50 0.67 0.67 0.26 0.54 0.59 0.12 0.46 0.09
0.37 0.50 0.79 0.68 0.71 0.27 0.45 0.20 0.65 0.22 0.59 0.15 0.93 0.93 0.07 0.72 0.58
0.48 0.54 0.10 0.73 0.07 0.60 0.44 0.97 0.57 0.73 0.56 0.85 0.40 0.17 0.67 0.52 0.76
0.08 0.19 0.57 0.88 0.05 0.24 0.53 0.87 0.48 0.77 0.12 0.29 0.09 0.49 0.85 0.22 0.46
