20 8
0.56 0.00 0.47 0.18 0.47 0.73 0.64 0.84
0.09 0.13 0.55 0.70 0.47 0.48 0.18 0.81
0.34 0.22 0.79 0.79 0.96 0.05 0.05 0.41
0.69 0.60 0.30 0.83 0.35 0.94 0.00 0.82
0.50 0.57 0.19 0.01 0.54 0.42 0.79 0.19
0.40 0.75 0.07 0.40 0.62 0.17 0.72 0.00
0.45 0.03 0.95 0.28 0.34 0.96 0.14 0.96
0.78 0.63 0.47 0.58 0.24 0.72 0.55 0.15
0.75 0.63 0.69 0.14 0.96 0.70 0.06 0.64
0.96 0.99 0.76 0.33 0.79 0.09 0.55 0.19
0.03 0.14 0.69 0.86 0.01 0.56 0.44 0.08
0.09 0.61 0.38 0.32 1.00 0.49 0.11 0.70
0.07 0.43 0.17 0.55 0.58 0.07 0.69 0.37
0.41 0.36 0.80 0.54 0.73 0.68 0.43 0.96
0.74 0.34 0.81 0.89 0.16 0.43 0.03 0.77
0.71 0.54 0.50 0.75 0.46 0.76 0.40 0.36
0.70 0.72 0.36 0.15 0.94 0.10 0.76 0.50
0.72 0.93 0.03 0.81 0.40 0.84 0.00 0.67
0.92 0.49 0.64 0.67 0.90 0.62 0.12 0.36
0.34 0.86 0.81 0.75 0.86 0.44 0.79 0.09
