20 8
0.53 0.44 0.30 0.55 0.29 0.26 0.38 0.59
0.86 0.93 0.67 0.68 0.09 0.90 0.60 0.62
0.60 0.42 0.44 0.15 0.42 0.21 0.94 0.08
0.91 0.26 0.50 0.14 0.26 0.76 0.53 0.70
0.00 0.49 0.85 0.48 0.48 1.00 0.08 0.46
0.13 0.42 0.71 0.51 0.15 0.45 0.97 0.50
0.80 0.85 0.83 0.20 0.32 0.84 0.20 0.91
0.38 0.96 0.23 0.16 0.88 0.81 0.76 0.59
0.46 0.89 0.47 0.55 0.01 0.95 0.56 0.22
0.11 0.45 0.52 0.82 0.33 0.42 0.63 0.55
0.24 0.21 0.93 0.35 0.55 0.82 0.42 0.93
0.45 0.49 0.94 0.70 0.91 0.20 0.97 0.99
0.45 0.76 0.58 0.85 0.65 1.00 0.23 0.26
0.18 0.12 0.45 0.11 0.71 0.68 0.54 0.07
0.06 0.34 0.46 0.59 0.83 0.26 0.71 0.07
0.71 0.96 0.14 0.98 0.69 0.79 0.83 0.02
0.34 0.74 0.06 0.54 0.45 1.00 0.67 0.83
0.46 0.63 0.48 0.19 0.20 0.06 0.72 0.86
0.77 0.25 0.87 0.75 0.07 0.49 0.02 0.82
0.53 0.44 0.10 0.45 0.64 0.00 0.95 0.11
