20 8
0.29 0.92 0.68 0.26 0.36 0.51 0.92 0.27
0.05 0.92 0.05 0.27 0.18 0.48 0.16 0.01
0.68 0.74 0.25 0.67 0.76 0.00 0.44 0.36
0.81 0.26 0.27 0.43 0.52 0.15 0.27 0.05
0.03 0.54 0.53 0.58 0.13 0.38 0.50 0.17
0.25 0.86 0.13 0.78 0.47 0.35 0.60 0.68
0.13 0.58 0.44 0.72 0.68 0.38 0.84 0.55
0.69 0.47 0.35 0.07 0.58 0.23 0.02 0.03
0.85 0.02 0.86 0.36 0.35 0.32 0.75 0.64
0.69 0.17 0.30 0.06 0.95 0.37 0.27 0.78
0.25 0.09 0.07 0.55 0.18 0.20 0.94 0.04
0.81 0.38 0.28 0.23 0.91 0.63 0.63 0.08
0.04 0.90 0.32 0.54 1.00 0.43 0.87 0.95
1.00 0.66 0.72 0.99 0.58 0.37 0.12 0.00
0.08 0.55 0.68 0.51 0.43 0.09 0.26 0.29
0.84 0.73 0.34 0.07 0.41 0.52 0.72 0.95
0.63 0.03 0.56 0.92 0.25 0.30 0.03 0.49
0.03 0.44 0.86 0.34 0.24 0.48 0.80 0.67
0.73 0.64 0.07 0.11 0.19 0.11 0.17 0.00
0.80 0.34 0.57 0.16 0.75 0.55 0.45 0.63
