20 8
0.64 0.78 0.62 0.99 0.28 1.00 0.22 0.55
0.78 0.55 0.05 0.06 0.81 0.45 0.31 0.57
0.00 0.42 0.50 0.83 0.95 0.41 0.50 0.95
0.53 0.07 0.39 0.09 0.65 0.23 0.81 0.61
0.22 0.23 0.07 0.06 0.00 0.36 0.80 0.23
0.64 0.49 0.85 0.43 0.95 0.23 0.83 0.42
0.68 0.67 0.59 0.49 0.75 0.84 0.03 0.95
0.97 0.95 0.22 0.97 0.10 1.00 0.98 0.06
0.40 0.32 0.00 0.33 0.62 0.83 1.00 0.64
0.97 0.25 0.73 0.87 0.70 0.42 0.35 0.50
0.05 0.68 0.53 0.82 0.51 0.63 0.65 0.25
0.36 0.81 0.72 0.31 0.76 0.74 0.14 0.95
0.60 1.00 0.79 0.22 0.44 0.69 0.58 0.44
0.23 0.06 0.39 0.29 0.66 0.15 0.43 0.57
0.75 0.03 0.46 0.57 0.92 0.34 0.44 0.89
0.09 0.64 0.39 0.20 0.98 0.93 0.06 0.38
0.20 0.96 0.60 0.12 0.03 0.90 0.37 0.55
0.77 0.65 0.76 0.11 0.81 0.28 0.32 0.38
0.92 0.69 0.12 0.65 0.34 0.57 0.45 0.92
1.00 0.06 0.27 0.23 0.50 0.39 0.50 0.40
