20 8
0.50 0.58 0.98 0.49 0.91 0.02 0.19 0.05
0.07 0.60 0.98 0.08 0.32 0.75 0.63 0.01
0.50 0.90 0.76 0.48 0.65 0.09 0.39 0.67
0.56 0.40 0.64 0.11 0.46 0.78 0.25 0.09
0.75 0.77 0.55 0.22 0.05 0.02 0.73 0.33
0.73 0.36 0.58 0.02 0.56 0.45 0.49 0.69
0.58 0.80 0.15 0.64 0.17 0.09 0.27 0.23
0.88 0.26 1.00 0.53 0.51 0.46 0.93 0.70
0.64 0.20 0.44 0.58 0.15 0.51 0.46 0.58
0.90 0.15 0.34 0.51 0.61 0.63 0.18 0.68
0.78 0.01 0.92 0.11 0.94 0.05 0.15 0.13
0.46 0.09 0.65 0.83 0.46 0.29 0.01 0.95
0.50 0.56 0.82 0.64 0.13 0.94 1.00 0.38
0.11 0.03 0.54 0.09 0.75 0.35 0.95 0.35
0.96 0.05 0.65 0.07 0.11 0.52 0.78 0.83
0.46 0.76 0.16 0.04 0.08 0.13 0.88 0.69
0.21 0.92 0.88 0.13 0.10 0.11 0.81 0.82
0.46 0.25 0.04 0.97 0.85 0.29 1.00 0.92
0.92 0.82 0.63 0.60 0.60 0.53 0.87 0.21
0.98 0.30 0.26 0.17 0.30 0.38 0.49 0.94
