300 6
0.54 0.91 0.11 0.73 0.02 0.53
0.75 0.73 0.93 0.67 0.63 0.84
0.51 0.54 0.23 0.41 0.24 0.49
0.22 0.84 0.89 0.44 0.26 0.91
0.29 0.13 0.03 0.18 0.42 0.01
0.21 1.00 0.52 0.80 0.39 0.15
0.06 0.51 0.65 0.09 0.89 0.07
0.42 0.78 0.32 0.70 0.15 0.67
0.38 0.99 0.01 0.36 0.71 0.77
0.98 0.23 0.32 0.85 0.29 0.83
0.73 0.01 0.89 0.33 0.19 0.17
0.04 0.18 0.23 0.07 0.86 0.33
0.07 0.11 0.40 0.17 0.29 0.49
0.38 0.10 0.36 0.63 0.46 0.39
0.31 0.01 0.89 0.35 0.05 0.16
0.21 0.27 0.08 0.31 0.97 0.39
0.80 0.15 0.86 0.96 0.22 0.92
0.31 0.23 0.29 0.06 0.94 0.45
0.65 0.86 0.62 0.20 0.41 0.34
0.03 0.73 0.98 0.33 0.64 0.92
0.18 0.59 0.10 0.70 0.07 0.33
0.09 0.10 0.32 0.17 0.13 0.70
0.49 0.02 0.69 0.11 0.23 0.04
0.09 0.87 0.80 0.14 0.80 0.75
0.23 0.31 0.36 0.12 0.58 0.33
0.80 0.36 0.69 0.06 0.09 0.46
0.22 0.46 0.03 0.93 0.07 0.54
0.36 0.09 0.69 0.16 0.06 0.73
0.21 0.95 0.80 0.48 0.09 0.59
0.56 0.26 0.22 0.31 0.14 0.45
0.96 0.74 0.47 0.10 0.52 0.85
0.13 0.83 0.30 0.95 0.49 0.26
0.57 0.89 0.74 0.68 0.04 0.67
0.93 0.40 0.06 0.37 0.30 0.21
0.80 0.95 0.72 0.04 0.69 0.61
0.34 0.27 0.41 0.02 0.82 0.63
0.24 0.24 0.27 0.45 0.22 0.19
0.73 0.04 0.69 0.75 0.12 0.50
0.99 0.78 0.19 0.28 0.37 0.67
0.42 0.44 0.75 0.54 0.35 0.12
0.26 0.95 0.24 0.59 0.22 0.62
0.17 0.84 0.17 0.72 0.05 0.17
0.08 0.24 0.37 0.24 0.25 0.21
0.06 0.76 0.70 0.12 0.71 0.78
0.48 0.16 0.61 0.84 0.18 0.51
0.78 0.05 0.62 0.47 0.49 0.76
0.07 0.70 0.45 0.32 0.10 0.21
0.15 0.33 0.22 0.71 0.38 0.70
0.18 0.76 0.11 0.67 0.26 0.39
0.51 0.46 0.60 0.25 0.18 0.14
0.66 0.92 0.68 0.98 0.20 0.01
0.72 0.07 0.02 0.49 0.55 0.44
0.76 0.74 0.11 0.05 0.20 0.51
0.85 0.06 0.62 0.88 0.33 0.38
0.57 0.54 0.99 0.87 0.03 0.36
0.62 0.14 0.35 0.14 0.02 0.13
0.55 0.01 0.71 0.96 0.56 0.97
0.47 0.98 0.62 0.49 0.05 0.86
0.42 0.39 0.49 0.68 0.17 0.54
0.01 0.75 0.22 0.75 0.89 0.84
0.22 0.84 0.01 0.11 0.98 0.74
0.54 0.43 0.29 0.77 0.16 0.16
0.02 0.24 0.33 0.12 0.18 0.49
0.01 0.38 0.28 0.74 0.54 0.23
0.07 0.56 0.60 0.20 0.99 0.23
0.09 0.07 0.89 0.26 0.82 0.20
0.07 0.55 0.13 0.88 0.76 0.42
0.46 0.85 0.14 0.42 0.13 0.97
0.44 0.12 0.09 0.22 0.13 0.38
0.17 0.07 0.71 0.09 0.61 0.62
0.11 0.04 0.17 0.42 0.35 0.82
0.08 0.95 0.57 0.92 0.04 0.53
0.84 0.21 0.27 0.36 0.19 0.01
0.68 0.51 0.86 0.01 0.78 0.84
0.39 0.83 0.04 0.54 0.10 0.15
0.72 0.14 0.28 0.16 0.74 0.17
0.70 0.32 0.14 0.02 0.58 0.55
0.68 0.51 0.13 0.06 0.08 0.35
0.03 0.38 0.06 0.45 0.42 0.85
0.68 0.61 0.08 0.82 0.39 0.96
0.41 0.55 0.91 0.18 0.37 0.34
0.85 0.18 0.39 0.99 0.15 0.09
0.12 0.23 0.57 0.07 0.17 0.37
0.11 0.35 0.24 0.30 0.64 0.93
0.69 0.66 0.84 0.91 0.19 0.11
0.04 0.75 0.11 0.92 0.86 0.47
0.40 0.14 0.28 0.42 0.06 0.50
0.16 0.63 0.37 0.05 0.72 0.21
0.56 0.69 0.43 0.71 0.13 0.29
0.22 0.94 0.04 0.49 0.91 0.58
0.60 0.84 0.36 0.02 0.04 0.54
0.78 0.49 0.58 0.01 0.22 0.69
0.40 0.73 0.03 0.43 0.25 0.12
0.67 0.60 0.36 0.05 0.07 0.54
0.21 0.56 0.28 0.42 0.99 0.18
0.87 0.09 0.09 0.42 0.48 0.62
0.81 0.60 0.01 0.58 0.69 0.66
0.36 0.49 0.27 0.16 0.72 0.90
0.02 0.12 0.77 0.88 0.50 0.07
0.22 0.16 0.86 0.14 0.36 0.02
0.81 0.12 0.53 0.15 0.15 0.47
0.66 0.03 0.62 0.97 0.19 0.89
0.03 0.92 0.09 0.19 0.23 0.86
0.31 0.36 0.65 0.03 0.06 0.92
0.15 0.38 0.11 0.43 0.26 0.30
0.27 0.15 0.86 0.02 0.71 0.83
0.95 0.56 0.04 0.17 0.60 0.62
0.32 0.77 0.52 0.11 0.51 0.65
0.27 0.27 0.02 0.35 0.16 0.03
0.09 0.47 0.51 0.49 0.96 0.05
0.82 0.90 0.46 0.10 0.78 0.04
0.12 0.02 0.48 0.10 0.67 0.52
0.07 0.87 0.92 0.05 0.70 0.17
0.19 0.62 0.73 0.95 0.81 0.10
0.89 0.97 0.07 0.41 0.20 0.01
0.34 0.67 0.26 0.82 0.03 0.07
0.17 0.23 0.90 0.85 0.10 0.60
0.09 0.84 0.24 0.29 0.82 0.77
0.15 0.48 0.48 0.01 0.39 0.38
0.29 0.89 0.88 0.59 0.11 0.07
0.14 0.68 0.74 0.69 0.57 0.16
0.13 0.94 0.93 0.93 0.16 0.20
0.92 0.49 0.30 0.02 0.01 0.16
0.51 0.11 0.34 0.17 0.23 0.34
0.20 0.68 0.01 0.66 0.66 0.22
0.54 0.05 0.26 0.30 0.51 0.81
0.38 0.40 0.06 0.40 0.02 0.59
0.17 0.14 0.88 0.79 0.85 0.38
0.71 0.62 0.87 0.55 0.01 0.98
0.67 0.36 0.38 0.03 0.27 0.29
0.27 0.18 0.46 0.58 0.35 0.17
0.35 0.60 0.08 0.02 0.83 0.95
0.07 0.32 0.33 0.41 0.18 0.40
0.41 0.38 0.79 0.42 0.04 0.95
0.01 0.76 0.34 0.26 0.70 0.59
0.01 0.62 0.76 0.16 0.82 0.55
0.75 0.64 0.56 0.17 0.51 0.07
0.06 0.12 0.67 0.08 0.29 0.35
0.20 0.47 0.05 0.87 0.57 0.96
0.65 0.03 0.16 0.88 0.31 0.10
0.17 0.78 0.06 0.51 0.78 0.82
0.84 0.01 0.29 0.17 0.36 0.70
0.94 0.27 0.27 0.37 0.10 0.07
0.59 0.01 0.41 0.89 0.65 0.76
0.01 0.52 0.37 0.01 0.02 0.18
0.81 0.09 0.67 0.82 0.08 0.94
0.28 1.00 0.65 0.01 0.09 0.04
0.27 0.01 0.40 0.65 0.23 0.89
0.47 0.21 0.48 0.41 0.04 0.35
0.13 0.29 0.78 0.62 0.12 0.95
0.10 0.56 0.17 0.70 0.16 0.87
0.17 0.84 0.65 0.78 0.24 0.13
0.58 0.06 0.99 0.05 0.50 1.00
0.88 0.03 0.92 0.01 0.85 0.06
0.94 0.03 0.27 0.41 0.22 0.89
0.76 0.09 0.16 0.06 0.74 0.91
0.13 0.59 0.09 0.61 0.74 0.13
0.74 0.17 0.34 0.10 0.26 0.08
0.81 0.10 0.63 0.05 0.43 0.53
0.06 0.81 0.86 0.88 0.38 0.01
0.15 0.03 0.58 0.43 0.56 0.04
0.52 0.73 0.37 0.81 0.12 0.06
0.15 0.32 0.10 0.36 0.08 0.54
0.01 0.82 0.02 0.76 0.05 0.78
0.65 0.42 0.37 0.05 1.00 1.00
0.24 0.27 0.12 0.94 0.21 0.39
0.68 0.23 0.22 0.63 0.37 0.11
0.53 0.42 0.24 0.02 0.34 0.56
0.56 0.13 0.22 0.73 0.22 0.22
0.80 0.08 0.58 0.18 0.56 0.82
0.40 0.17 0.01 0.63 0.10 0.83
0.61 0.03 0.54 0.34 0.26 0.69
0.66 0.02 0.33 0.45 0.32 0.34
0.14 0.54 0.14 0.09 0.77 0.52
0.58 0.01 0.49 0.43 0.52 0.39
0.84 0.02 0.96 0.92 0.96 0.01
0.88 0.54 0.55 0.94 0.08 0.07
0.91 0.12 0.08 0.17 0.32 0.44
0.04 1.00 0.11 0.61 0.91 0.23
0.88 0.09 0.02 0.41 0.62 0.24
0.07 0.95 0.81 0.66 0.96 0.06
0.42 0.16 0.35 0.60 0.28 0.33
0.99 0.20 0.84 0.06 0.03 0.22
0.63 0.36 0.01 0.96 0.48 0.53
0.24 0.11 0.06 0.49 0.97 0.72
0.84 0.60 0.94 0.66 0.15 0.05
0.01 0.07 0.19 0.32 0.07 0.63
0.68 0.35 0.14 0.18 0.05 0.52
0.47 0.01 0.03 0.75 0.43 0.80
0.22 0.18 0.81 0.68 0.15 0.53
0.55 0.02 1.00 0.61 0.04 0.52
0.64 0.71 0.11 0.15 0.45 0.21
0.20 0.42 0.27 0.26 0.58 0.17
0.19 0.56 0.72 0.87 0.19 0.04
0.26 0.19 0.18 0.27 0.71 0.19
0.58 0.57 0.36 0.10 0.14 0.30
0.21 0.32 0.05 0.54 0.61 0.87
0.59 0.76 0.04 0.16 0.67 0.63
0.34 1.00 0.38 0.15 0.58 0.07
0.47 0.08 0.37 0.23 0.04 0.16
0.18 0.01 0.58 0.52 0.99 0.68
0.16 0.15 1.00 0.06 0.48 0.53
0.65 0.25 0.92 0.05 0.86 0.15
0.89 0.79 0.05 0.47 0.13 0.82
0.04 0.77 0.01 0.15 0.97 0.11
0.52 0.01 0.62 0.94 0.73 0.77
0.15 0.93 0.02 0.47 0.30 0.04
0.40 0.36 0.01 0.18 0.48 0.91
0.93 0.72 0.01 0.52 0.87 0.76
0.09 0.32 0.13 0.37 0.59 0.36
0.37 0.49 0.01 0.36 0.38 0.11
0.75 0.26 0.25 0.47 0.28 0.24
0.54 0.07 0.65 0.16 0.02 0.55
0.05 0.18 0.26 0.81 0.09 0.13
0.05 0.84 0.32 0.66 0.04 0.83
0.38 0.21 0.63 0.64 0.11 0.54
0.83 0.10 1.00 0.10 0.67 0.19
0.50 0.40 0.14 0.01 0.49 0.65
0.89 0.08 0.16 0.57 0.63 0.34
0.97 0.20 0.29 0.03 0.54 0.93
0.14 0.70 1.00 0.24 0.01 0.64
0.95 0.94 0.86 0.28 0.35 0.02
0.97 0.39 0.65 0.64 0.05 0.10
0.85 0.25 0.15 0.15 0.03 0.83
0.15 0.51 0.24 0.17 0.74 0.20
0.11 0.71 1.00 0.20 0.78 0.07
0.51 0.58 0.01 0.04 0.86 0.31
0.14 0.79 0.15 0.42 0.42 0.49
0.55 0.01 0.04 0.11 0.79 0.14
0.69 0.66 0.05 0.04 0.56 0.87
0.09 0.51 0.25 0.08 0.79 0.54
0.04 0.21 0.68 0.01 0.84 0.07
0.08 0.33 0.39 0.08 0.20 0.15
0.60 0.17 0.37 0.08 0.46 0.83
0.18 0.86 0.01 0.95 0.70 0.85
0.18 0.90 0.07 0.95 0.90 0.25
0.34 0.02 0.08 0.74 0.63 0.64
0.27 0.10 0.54 0.17 0.22 0.17
0.06 0.11 0.88 0.92 0.59 0.19
0.82 0.20 0.57 0.04 0.24 0.78
0.85 0.68 0.32 0.86 0.18 0.02
0.36 0.89 0.26 0.17 0.49 0.71
0.45 0.01 0.05 0.75 0.73 0.30
0.13 0.17 0.67 0.73 0.44 0.04
0.04 0.43 0.74 0.51 0.43 0.36
0.25 0.30 0.71 0.06 0.08 0.63
0.74 0.43 0.23 0.41 0.14 0.24
0.13 0.92 0.66 0.92 0.59 0.09
0.13 0.36 0.03 0.96 0.72 0.68
0.11 0.53 0.01 0.66 0.64 0.98
0.49 0.01 0.21 0.47 0.02 0.29
0.13 0.70 0.19 0.27 0.47 0.92
0.16 0.03 0.32 0.09 0.29 0.38
0.92 0.37 0.32 0.06 0.60 0.09
0.95 0.31 0.62 0.01 0.58 0.72
0.75 0.72 0.02 0.29 0.29 0.59
0.29 0.53 0.96 0.72 0.01 0.84
0.71 0.16 0.02 1.00 0.60 0.93
0.35 0.43 0.36 0.74 0.04 0.47
0.35 0.77 0.96 0.11 0.61 0.02
0.12 0.07 0.25 0.55 0.82 0.20
0.57 0.11 0.81 0.01 0.56 0.40
0.13 0.01 0.04 0.99 0.42 0.65
0.75 0.20 0.78 0.24 0.01 0.63
0.30 0.34 0.22 0.02 0.02 0.39
0.39 0.02 0.39 0.01 0.96 0.72
0.24 0.75 0.21 0.51 0.51 0.11
0.73 0.09 0.39 0.67 0.97 0.09
0.63 0.04 0.75 0.12 0.04 0.85
0.57 0.30 0.60 0.13 0.16 0.79
0.16 0.52 0.13 0.19 0.02 0.41
0.01 0.47 0.29 0.06 0.71 0.40
0.31 0.50 0.01 0.66 0.68 0.51
0.12 0.54 0.29 0.51 0.09 0.58
0.38 0.37 0.14 0.12 0.97 0.47
0.05 0.48 0.33 0.94 0.94 0.01
0.87 0.63 0.26 0.16 0.09 0.05
0.85 0.63 0.01 0.91 0.09 0.69
0.91 0.76 0.12 0.41 0.08 0.14
0.49 0.79 0.98 0.37 0.09 0.09
0.66 0.52 0.34 0.78 0.01 0.27
0.84 0.42 0.66 0.02 0.53 0.14
0.72 0.20 0.67 0.01 0.95 0.67
0.09 0.43 0.72 0.67 0.04 0.95
0.87 0.13 0.50 0.07 0.53 0.03
0.39 0.07 0.59 0.75 0.48 0.23
0.68 0.73 0.07 0.16 0.59 0.55
0.18 0.49 0.34 0.46 0.57 0.04
0.66 0.14 0.32 0.07 0.76 0.66
0.22 0.01 0.29 0.85 0.13 0.62
0.77 0.70 0.81 0.08 0.27 0.06
0.75 0.56 0.13 0.07 0.34 0.25
0.15 0.38 0.29 0.70 0.22 0.12
0.94 0.01 0.28 0.37 0.01 0.39
0.98 0.64 0.20 0.03 0.22 0.38
0.53 0.45 0.02 0.24 0.83 0.79
0.71 0.34 0.08 0.10 0.14 0.98
0.26 0.53 0.23 0.87 0.19 0.02
0.20 0.36 0.02 0.61 0.52 0.32
0.08 0.09 0.84 0.91 0.35 0.04
