300 6
54 91 11 73 2 53
75 73 93 67 63 84
51 54 23 41 24 49
22 84 89 44 26 91
29 13 3 18 42 1
21 100 52 80 39 15
6 51 65 9 89 7
42 78 32 70 15 67
38 99 1 36 71 77
98 23 32 85 29 83
73 1 89 33 19 17
4 18 23 7 86 33
7 11 40 17 29 49
38 10 36 63 46 39
31 1 89 35 5 16
21 27 8 31 97 39
80 15 86 96 22 92
31 23 29 6 94 45
65 86 62 20 41 34
3 73 98 33 64 92
18 59 10 70 7 33
9 10 32 17 13 70
49 2 69 11 23 4
9 87 80 14 80 75
23 31 36 12 58 33
80 36 69 6 9 46
22 46 3 93 7 54
36 9 69 16 6 73
21 95 80 48 9 59
56 26 22 31 14 45
96 74 47 10 52 85
13 83 30 95 49 26
57 89 74 68 4 67
93 40 6 37 30 21
80 95 72 4 69 61
34 27 41 2 82 63
24 24 27 45 22 19
73 4 69 75 12 50
99 78 19 28 37 67
42 44 75 54 35 12
26 95 24 59 22 62
17 84 17 72 5 17
8 24 37 24 25 21
6 76 70 12 71 78
48 16 61 84 18 51
78 5 62 47 49 76
7 70 45 32 10 21
15 33 22 71 38 70
18 76 11 67 26 39
51 46 60 25 18 14
66 92 68 98 20 1
72 7 2 49 55 44
76 74 11 5 20 51
85 6 62 88 33 38
57 54 99 87 3 36
62 14 35 14 2 13
55 1 71 96 56 97
47 98 62 49 5 86
42 39 49 68 17 54
1 75 22 75 89 84
22 84 1 11 98 74
54 43 29 77 16 16
2 24 33 12 18 49
1 38 28 74 54 23
7 56 60 20 99 23
9 7 89 26 82 20
7 55 13 88 76 42
46 85 14 42 13 97
44 12 9 22 13 38
17 7 71 9 61 62
11 4 17 42 35 82
8 95 57 92 4 53
84 21 27 36 19 1
68 51 86 1 78 84
39 83 4 54 10 15
72 14 28 16 74 17
70 32 14 2 58 55
68 51 13 6 8 35
3 38 6 45 42 85
68 61 8 82 39 96
41 55 91 18 37 34
85 18 39 99 15 9
12 23 57 7 17 37
11 35 24 30 64 93
69 66 84 91 19 11
4 75 11 92 86 47
40 14 28 42 6 50
16 63 37 5 72 21
56 69 43 71 13 29
22 94 4 49 91 58
60 84 36 2 4 54
78 49 58 1 22 69
40 73 3 43 25 12
67 60 36 5 7 54
21 56 28 42 99 18
87 9 9 42 48 62
81 60 1 58 69 66
36 49 27 16 72 90
2 12 77 88 50 7
22 16 86 14 36 2
81 12 53 15 15 47
66 3 62 97 19 89
3 92 9 19 23 86
31 36 65 3 6 92
15 38 11 43 26 30
27 15 86 2 71 83
95 56 4 17 60 62
32 77 52 11 51 65
27 27 2 35 16 3
9 47 51 49 96 5
82 90 46 10 78 4
12 2 48 10 67 52
7 87 92 5 70 17
19 62 73 95 81 10
89 97 7 41 20 1
34 67 26 82 3 7
17 23 90 85 10 60
9 84 24 29 82 77
15 48 48 1 39 38
29 89 88 59 11 7
14 68 74 69 57 16
13 94 93 93 16 20
92 49 30 2 1 16
51 11 34 17 23 34
20 68 1 66 66 22
54 5 26 30 51 81
38 40 6 40 2 59
17 14 88 79 85 38
71 62 87 55 1 98
67 36 38 3 27 29
27 18 46 58 35 17
35 60 8 2 83 95
7 32 33 41 18 40
41 38 79 42 4 95
1 76 34 26 70 59
1 62 76 16 82 55
75 64 56 17 51 7
6 12 67 8 29 35
20 47 5 87 57 96
65 3 16 88 31 10
17 78 6 51 78 82
84 1 29 17 36 70
94 27 27 37 10 7
59 1 41 89 65 76
1 52 37 1 2 18
81 9 67 82 8 94
28 100 65 1 9 4
27 1 40 65 23 89
47 21 48 41 4 35
13 29 78 62 12 95
10 56 17 70 16 87
17 84 65 78 24 13
58 6 99 5 50 100
88 3 92 1 85 6
94 3 27 41 22 89
76 9 16 6 74 91
13 59 9 61 74 13
74 17 34 10 26 8
81 10 63 5 43 53
6 81 86 88 38 1
15 3 58 43 56 4
52 73 37 81 12 6
15 32 10 36 8 54
1 82 2 76 5 78
65 42 37 5 100 100
24 27 12 94 21 39
68 23 22 63 37 11
53 42 24 2 34 56
56 13 22 73 22 22
80 8 58 18 56 82
40 17 1 63 10 83
61 3 54 34 26 69
66 2 33 45 32 34
14 54 14 9 77 52
58 1 49 43 52 39
84 2 96 92 96 1
88 54 55 94 8 7
91 12 8 17 32 44
4 100 11 61 91 23
88 9 2 41 62 24
7 95 81 66 96 6
42 16 35 60 28 33
99 20 84 6 3 22
63 36 1 96 48 53
24 11 6 49 97 72
84 60 94 66 15 5
1 7 19 32 7 63
68 35 14 18 5 52
47 1 3 75 43 80
22 18 81 68 15 53
55 2 100 61 4 52
64 71 11 15 45 21
20 42 27 26 58 17
19 56 72 87 19 4
26 19 18 27 71 19
58 57 36 10 14 30
21 32 5 54 61 87
59 76 4 16 67 63
34 100 38 15 58 7
47 8 37 23 4 16
18 1 58 52 99 68
16 15 100 6 48 53
65 25 92 5 86 15
89 79 5 47 13 82
4 77 1 15 97 11
52 1 62 94 73 77
15 93 2 47 30 4
40 36 1 18 48 91
93 72 1 52 87 76
9 32 13 37 59 36
37 49 1 36 38 11
75 26 25 47 28 24
54 7 65 16 2 55
5 18 26 81 9 13
5 84 32 66 4 83
38 21 63 64 11 54
83 10 100 10 67 19
50 40 14 1 49 65
89 8 16 57 63 34
97 20 29 3 54 93
14 70 100 24 1 64
95 94 86 28 35 2
97 39 65 64 5 10
85 25 15 15 3 83
15 51 24 17 74 20
11 71 100 20 78 7
51 58 1 4 86 31
14 79 15 42 42 49
55 1 4 11 79 14
69 66 5 4 56 87
9 51 25 8 79 54
4 21 68 1 84 7
8 33 39 8 20 15
60 17 37 8 46 83
18 86 1 95 70 85
18 90 7 95 90 25
34 2 8 74 63 64
27 10 54 17 22 17
6 11 88 92 59 19
82 20 57 4 24 78
85 68 32 86 18 2
36 89 26 17 49 71
45 1 5 75 73 30
13 17 67 73 44 4
4 43 74 51 43 36
25 30 71 6 8 63
74 43 23 41 14 24
13 92 66 92 59 9
13 36 3 96 72 68
11 53 1 66 64 98
49 1 21 47 2 29
13 70 19 27 47 92
16 3 32 9 29 38
92 37 32 6 60 9
95 31 62 1 58 72
75 72 2 29 29 59
29 53 96 72 1 84
71 16 2 100 60 93
35 43 36 74 4 47
35 77 96 11 61 2
12 7 25 55 82 20
57 11 81 1 56 40
13 1 4 99 42 65
75 20 78 24 1 63
30 34 22 2 2 39
39 2 39 1 96 72
24 75 21 51 51 11
73 9 39 67 97 9
63 4 75 12 4 85
57 30 60 13 16 79
16 52 13 19 2 41
1 47 29 6 71 40
31 50 1 66 68 51
12 54 29 51 9 58
38 37 14 12 97 47
5 48 33 94 94 1
87 63 26 16 9 5
85 63 1 91 9 69
91 76 12 41 8 14
49 79 98 37 9 9
66 52 34 78 1 27
84 42 66 2 53 14
72 20 67 1 95 67
9 43 72 67 4 95
87 13 50 7 53 3
39 7 59 75 48 23
68 73 7 16 59 55
18 49 34 46 57 4
66 14 32 7 76 66
22 1 29 85 13 62
77 70 81 8 27 6
75 56 13 7 34 25
15 38 29 70 22 12
94 1 28 37 1 39
98 64 20 3 22 38
53 45 2 24 83 79
71 34 8 10 14 98
26 53 23 87 19 2
20 36 2 61 52 32
8 9 84 91 35 4
