300 6
28 76 54 6 23 42
53 18 58 90 56 58
2 35 52 52 35 20
45 30 85 95 28 87
38 84 12 68 22 88
41 25 4 42 43 13
24 1 55 5 4 14
33 49 46 96 7 20
7 42 17 14 86 13
31 22 21 24 44 36
24 1 3 32 14 37
1 67 58 25 10 55
4 40 4 42 7 34
79 23 20 28 25 46
21 7 14 80 57 97
40 53 91 53 91 5
100 71 70 3 55 55
45 70 53 86 5 65
32 37 96 98 52 12
21 65 37 97 53 20
54 46 3 100 100 14
16 97 52 8 73 79
12 85 85 81 10 24
82 98 68 1 57 61
82 26 48 69 8 62
77 43 73 7 94 9
19 10 9 17 97 57
47 67 20 19 79 9
38 10 84 57 96 1
79 68 20 11 59 31
42 4 36 11 13 27
71 53 62 51 89 7
11 49 68 54 24 20
57 8 24 58 29 28
97 46 48 24 38 25
10 7 56 70 92 52
31 19 4 18 30 42
95 21 22 6 63 95
14 14 23 40 76 51
46 84 69 100 1 84
19 99 39 13 79 73
56 19 12 61 44 33
38 32 35 10 25 9
1 1 78 30 40 69
86 76 97 70 3 40
72 22 95 48 25 8
6 41 24 33 49 22
95 65 8 2 10 53
71 81 18 34 62 32
31 18 34 82 90 26
58 51 25 66 79 7
50 46 23 75 3 53
33 38 50 45 70 8
68 44 86 69 59 5
19 3 53 2 83 1
18 90 44 18 7 62
58 53 46 7 99 82
3 26 13 14 1 7
60 25 28 46 2 57
52 5 69 93 60 2
51 97 96 78 3 4
19 8 15 40 27 35
19 30 8 43 19 85
6 9 94 4 93 37
62 71 97 2 11 61
100 62 12 35 69 10
94 78 2 90 28 95
34 4 42 2 49 27
17 6 46 73 24 98
52 52 90 4 47 51
28 15 42 34 32 6
55 8 9 7 87 96
66 96 27 6 75 89
29 90 69 4 55 80
2 33 48 24 18 41
37 94 57 1 77 82
31 25 8 6 29 3
14 66 20 7 45 49
6 62 2 84 46 75
96 64 74 3 1 56
78 57 1 86 74 62
17 9 17 67 48 21
32 74 93 30 37 1
8 1 48 10 86 99
74 99 1 57 2 94
22 53 33 9 94 98
11 3 50 18 43 99
75 24 48 13 72 6
42 4 2 59 10 33
84 16 23 50 100 14
30 50 61 87 44 2
32 3 57 54 3 89
16 24 19 21 94 13
42 21 15 45 61 34
1 44 71 5 22 92
100 65 12 56 1 74
5 19 96 11 65 82
74 68 9 56 28 33
17 63 91 11 43 83
2 41 20 12 50 11
42 12 33 22 63 96
56 62 99 85 25 3
58 16 56 30 35 1
69 9 1 60 59 10
1 83 51 8 10 10
10 10 63 15 16 93
70 72 80 4 11 97
98 3 22 77 85 23
20 84 3 75 48 57
23 56 64 2 38 52
7 94 2 14 57 53
9 42 8 16 83 14
57 23 32 90 1 12
72 20 81 31 32 10
36 3 15 63 69 5
51 14 10 22 59 29
2 56 72 93 29 4
53 79 3 68 93 25
12 13 2 94 72 71
15 6 55 45 85 94
9 50 6 33 90 18
6 53 83 7 81 34
4 83 29 9 79 16
51 85 59 11 2 14
47 48 3 54 49 29
67 7 5 71 6 12
4 12 56 92 77 19
14 18 21 16 84 46
28 81 12 28 61 82
14 91 45 25 23 5
85 27 37 7 26 52
88 66 18 77 26 3
52 92 11 17 13 75
80 1 50 12 98 28
86 43 95 75 27 5
2 82 47 69 5 58
98 61 100 30 2 2
87 75 62 2 6 72
45 23 26 28 10 9
5 2 78 89 72 11
67 7 93 96 59 2
4 32 52 11 95 49
24 19 43 19 39 20
6 3 87 64 50 53
34 7 39 74 83 22
21 23 56 34 33 30
74 67 67 1 49 2
5 75 38 6 69 65
59 9 46 27 2 94
82 35 7 14 65 9
72 77 3 9 49 10
70 55 99 99 25 1
9 12 14 20 39 2
28 45 51 11 72 100
49 88 1 61 78 87
86 17 61 50 25 7
8 60 7 49 96 13
14 7 48 61 80 70
52 91 73 3 31 35
79 63 40 5 61 68
22 10 33 11 52 50
16 18 3 54 43 78
2 49 52 88 27 19
96 3 7 25 61 73
96 89 54 3 46 31
88 5 67 56 2 68
6 8 38 100 13 2
78 28 7 14 67 73
85 75 9 42 19 7
15 2 76 40 68 52
22 96 97 57 38 4
5 22 30 15 10 70
11 94 9 73 79 23
8 49 85 13 46 70
75 79 11 19 18 16
70 92 2 9 87 56
8 8 45 36 10 8
6 22 41 76 19 16
65 98 32 5 93 14
24 51 92 2 56 23
22 5 55 74 7 44
83 9 26 64 9 27
13 7 51 13 65 97
82 84 31 3 66 84
21 33 12 75 59 18
27 87 1 89 68 32
21 3 25 99 36 8
57 77 14 93 52 1
95 36 47 23 8 6
49 68 88 1 91 63
66 25 23 20 10 69
80 25 48 35 20 6
2 56 74 1 22 53
57 89 1 70 60 97
37 71 40 28 18 3
91 51 96 72 26 5
25 90 30 11 45 47
11 38 94 4 23 12
55 32 100 2 69 12
16 54 10 8 76 59
100 61 90 99 4 2
30 88 39 30 37 2
22 32 34 8 86 59
61 62 4 58 61 2
23 44 55 5 63 90
99 14 4 19 18 33
51 42 35 3 92 41
86 24 14 15 59 90
16 19 35 27 23 24
1 81 53 34 44 100
47 53 21 9 1 51
72 27 63 2 78 19
25 68 1 91 75 57
18 45 12 47 5 18
63 11 31 13 57 66
67 13 54 89 2 84
10 38 52 6 12 11
3 17 11 86 20 55
80 48 65 4 43 17
17 51 2 27 53 29
57 19 17 6 52 82
98 6 33 78 3 61
1 64 66 67 18 5
48 68 1 81 61 9
16 29 10 46 51 31
17 8 35 70 61 75
4 36 36 11 36 97
1 42 95 81 23 69
81 44 5 15 32 79
74 10 16 5 67 62
58 4 11 88 88 17
6 23 59 51 93 39
15 53 2 49 44 26
84 51 76 59 2 4
15 21 4 30 49 52
88 1 20 48 78 24
25 2 21 21 71 52
88 65 24 7 3 98
26 55 47 1 43 63
67 96 3 80 30 4
26 48 56 1 54 96
7 63 86 83 34 1
23 6 2 32 18 26
42 88 22 3 58 61
28 1 25 30 60 89
21 36 81 3 16 53
62 45 2 23 99 67
70 21 48 83 5 26
1 6 67 95 32 85
16 84 60 2 100 58
32 18 61 63 36 4
14 70 6 8 56 72
91 36 14 59 51 1
27 14 24 12 14 32
7 82 4 86 6 57
87 57 12 89 28 6
52 20 1 43 82 31
80 6 35 27 56 63
45 64 4 28 2 64
5 9 88 7 13 70
85 51 3 14 75 60
10 22 66 11 67 26
62 39 1 19 87 62
10 58 99 78 16 4
3 16 24 27 95 89
1 33 60 71 59 40
94 37 45 1 22 23
73 70 7 34 8 25
7 19 57 40 19 72
15 4 72 14 39 29
85 94 1 18 71 25
57 11 50 64 9 58
83 61 18 4 10 95
3 95 82 46 5 3
90 64 1 41 14 70
96 15 2 85 53 15
44 79 42 3 1 42
15 46 3 78 73 79
98 27 97 87 24 1
58 99 23 67 8 2
7 2 99 16 42 63
22 7 14 31 71 78
35 1 37 88 5 74
52 72 1 65 93 25
87 65 2 21 30 10
56 40 3 78 23 21
18 21 2 82 58 30
30 34 30 22 14 3
20 81 29 5 42 87
1 59 98 84 31 57
64 66 44 4 17 51
20 3 99 11 58 31
96 23 85 66 8 7
59 71 68 4 81 8
16 13 4 12 18 38
60 60 2 26 27 75
46 94 37 2 46 96
69 1 11 87 95 1
7 17 54 69 61 86
34 59 14 1 41 23
