300 6
73 15 96 28 64 25
91 77 85 55 61 92
28 27 46 43 17 30
28 87 20 30 13 13
44 95 1 7 12 77
49 99 47 28 73 50
42 13 93 34 19 28
43 28 95 15 32 32
5 60 53 81 76 97
1 56 21 85 3 26
47 15 46 24 92 1
8 71 8 98 53 57
53 43 3 8 55 23
21 50 10 20 79 80
13 10 6 92 4 28
14 92 46 68 62 75
40 33 89 75 55 7
3 11 26 75 67 46
1 67 13 62 39 4
85 75 40 7 34 75
29 3 8 56 32 8
64 39 3 1 33 53
88 53 50 75 31 13
24 3 46 42 40 97
84 52 60 19 41 35
36 90 30 92 37 6
3 52 18 4 1 44
52 43 80 41 82 55
26 2 52 63 76 20
37 1 21 25 49 73
7 40 1 91 22 94
28 43 11 86 32 37
82 8 85 44 14 93
70 24 79 75 11 67
11 23 44 19 58 40
62 60 58 71 83 6
62 23 9 50 13 36
30 47 34 9 96 55
21 23 17 26 4 19
47 84 88 75 76 2
23 33 89 22 43 21
50 18 20 85 24 34
36 33 1 44 79 47
46 67 58 40 98 9
23 59 2 99 12 54
78 73 99 4 79 31
91 11 7 29 26 99
36 22 83 8 74 37
61 5 71 28 1 39
9 4 93 100 58 10
75 7 54 44 16 97
4 72 8 21 44 58
4 12 16 10 38 86
72 91 66 4 19 4
87 75 99 4 54 40
23 5 55 76 67 96
77 7 83 3 5 15
75 68 6 12 60 16
56 21 2 39 68 68
15 35 27 72 24 32
64 18 53 22 58 83
42 38 33 2 47 96
43 85 50 1 62 57
14 64 14 45 100 91
9 4 38 35 38 13
53 31 71 10 23 75
24 22 79 73 30 21
79 6 74 9 97 70
63 3 54 69 1 95
19 45 46 45 17 23
87 78 11 43 69 6
41 10 62 9 66 87
7 19 40 48 3 67
2 30 92 84 91 19
25 5 10 53 90 69
44 97 28 5 98 31
47 26 35 21 66 73
14 49 4 32 37 13
44 78 2 66 69 41
4 68 7 68 98 58
61 7 52 84 46 3
12 2 25 86 66 36
22 25 3 9 20 41
18 88 27 89 24 24
65 4 77 68 78 6
74 72 3 11 17 41
69 14 4 58 55 84
41 28 12 37 37 8
7 28 77 7 82 91
14 61 87 22 40 36
22 93 69 3 98 60
89 41 76 6 29 81
8 49 50 30 12 81
76 52 28 1 66 25
100 91 76 2 16 62
6 19 54 82 48 67
10 96 7 19 2 82
92 69 75 71 80 1
34 1 72 80 69 60
19 31 26 17 9 8
97 13 38 16 23 87
71 15 75 29 35 35
93 16 66 7 77 52
83 12 31 74 2 68
71 36 68 10 97 30
21 14 75 6 78 27
56 92 49 10 69 13
39 10 3 30 29 19
10 72 3 84 85 62
72 41 57 100 1 36
59 5 57 10 89 92
84 85 65 26 5 2
80 92 1 19 17 50
5 40 75 63 12 39
8 17 30 66 10 60
46 13 29 54 13 49
45 18 75 15 63 18
17 70 29 60 28 3
97 67 82 30 10 4
55 37 4 20 14 92
69 95 56 16 83 12
13 28 89 31 18 50
2 59 11 92 89 59
10 33 91 41 57 10
9 11 27 8 91 31
8 54 20 70 77 2
2 5 77 95 77 79
1 21 91 32 16 63
89 73 83 2 46 9
69 49 21 5 7 15
56 88 57 11 96 7
48 13 86 4 75 22
39 77 39 11 49 34
12 11 6 63 70 56
41 73 11 27 7 27
70 78 4 5 49 12
95 12 28 10 62 59
94 19 91 96 3 5
37 85 70 2 27 81
19 17 99 3 20 4
78 44 64 13 63 14
83 35 27 62 25 6
74 15 77 16 54 71
30 39 28 7 47 16
18 20 66 25 8 90
18 42 49 53 7 25
17 64 8 49 24 79
71 6 61 56 24 27
4 19 71 26 65 5
71 90 12 23 14 37
82 55 94 67 20 5
5 51 69 55 76 60
35 15 10 49 86 16
1 90 18 40 82 45
21 32 81 8 93 12
15 79 65 1 90 71
63 42 58 4 70 92
88 42 96 76 52 2
4 43 70 47 89 5
6 37 85 16 56 1
86 38 25 53 58 5
64 44 7 83 25 17
57 51 20 15 29 16
17 9 30 29 35 50
58 18 83 46 4 82
11 1 9 53 38 59
21 78 2 56 3 15
38 68 67 34 1 19
71 5 10 11 99 19
29 14 2 97 68 51
38 32 15 56 12 40
7 25 35 76 23 71
47 28 17 25 26 18
33 8 62 25 96 92
64 38 21 57 94 7
77 89 2 24 36 60
54 42 13 66 10 39
3 51 34 33 34 56
75 4 48 25 79 70
30 14 2 62 51 58
57 11 36 8 73 3
6 10 55 53 67 88
6 8 94 57 38 55
32 16 66 69 17 87
71 53 15 79 8 55
9 14 4 55 29 90
3 50 89 35 11 10
37 16 88 27 20 100
83 72 17 4 61 27
12 4 37 14 61 81
57 8 52 18 38 30
5 48 51 97 34 53
57 11 78 84 20 91
81 28 42 14 67 34
27 6 44 24 79 44
61 69 3 61 14 84
49 18 90 11 73 82
6 19 5 48 60 35
51 55 79 83 6 18
4 75 5 89 61 80
36 9 50 9 38 95
97 2 16 13 19 92
44 3 9 32 52 37
2 61 96 12 63 3
52 16 96 9 59 2
14 38 83 11 57 84
37 7 46 20 18 23
2 62 85 54 88 1
60 18 41 12 28 39
74 99 6 20 1 30
40 34 27 3 51 30
38 15 90 43 11 83
14 18 87 62 91 9
59 29 1 33 12 72
80 68 95 17 49 2
66 13 7 23 67 74
74 30 5 86 57 10
49 14 78 1 79 23
79 2 43 40 51 48
28 88 76 70 64 2
41 74 67 47 4 7
34 77 11 65 97 1
34 47 11 48 39 15
73 69 64 1 12 3
78 25 8 52 48 7
98 56 76 53 71 4
19 28 1 72 46 53
35 36 91 41 1 8
48 98 3 15 68 26
17 4 2 75 81 52
67 96 1 18 10 53
80 1 52 51 40 18
49 14 19 12 25 67
50 27 91 4 13 27
10 50 68 22 68 77
81 66 4 4 92 51
100 63 9 39 14 13
32 3 90 8 78 95
81 95 16 24 89 11
91 9 66 10 4 31
60 53 68 15 6 43
9 26 11 22 69 28
59 10 41 89 27 40
44 74 14 7 92 20
36 95 55 62 77 1
65 1 69 91 65 3
84 34 77 28 54 1
54 46 61 6 13 79
48 17 13 26 49 23
90 18 32 10 16 50
73 4 15 53 100 33
97 2 70 10 67 11
36 87 14 41 40 10
34 22 64 38 33 38
60 83 86 14 36 32
59 96 84 2 6 97
51 4 88 3 38 81
43 23 2 57 26 13
66 94 6 5 59 33
16 52 47 76 74 11
6 54 78 3 13 85
30 36 31 5 6 37
4 54 74 24 33 24
58 8 80 8 78 41
54 38 90 14 27 35
24 22 89 50 33 25
4 39 72 89 62 36
24 56 10 63 17 43
96 2 60 97 11 78
16 88 57 60 60 11
12 71 6 37 28 3
57 12 99 75 1 51
37 11 77 8 4 37
72 55 60 3 8 10
13 37 76 54 10 28
72 3 98 15 60 66
27 24 5 10 47 37
4 84 64 25 91 5
59 27 15 91 12 93
1 63 80 72 69 80
10 39 20 21 3 54
23 10 59 1 47 8
6 41 64 61 59 55
31 39 33 89 42 3
82 14 68 57 57 7
21 81 1 9 66 92
15 90 20 59 21 10
17 18 36 27 43 35
44 53 56 99 12 5
15 52 90 13 73 16
1 3 86 58 15 9
10 56 45 22 67 7
2 62 7 18 11 99
53 3 3 61 33 89
73 1 81 64 33 70
81 48 5 85 19 34
47 18 36 46 75 8
22 40 28 6 17 1
8 54 65 51 49 38
1 64 72 31 65 82
