300 6
79 87 29 35 86 43
8 68 30 66 63 99
60 76 84 90 81 19
41 45 50 48 15 85
27 52 88 26 90 14
30 36 48 18 3 11
39 39 9 54 10 34
61 51 89 92 15 9
87 8 80 19 63 35
35 17 94 6 31 8
22 32 14 39 26 27
17 91 11 92 84 55
28 51 92 83 24 28
41 17 34 44 37 14
3 85 37 98 13 81
95 92 69 13 98 65
22 51 11 34 3 33
12 29 47 39 78 21
26 70 75 27 51 2
91 88 1 78 90 74
24 45 14 33 3 11
36 66 42 4 5 97
28 12 76 77 69 20
50 49 20 7 74 56
39 29 15 86 78 28
37 53 93 10 45 58
99 6 4 2 39 2
41 35 1 8 37 3
16 99 26 89 64 62
26 9 54 9 6 61
24 84 87 17 25 29
86 3 48 23 63 86
8 5 55 14 99 70
19 40 77 93 13 24
14 56 84 79 23 60
81 5 29 57 100 84
37 2 79 91 18 83
95 27 29 74 95 81
23 12 92 1 43 12
20 32 30 34 20 100
60 3 95 48 4 87
2 95 95 97 32 76
100 16 35 63 9 100
18 30 13 74 96 39
6 80 27 5 20 3
19 44 11 10 25 22
98 16 98 77 75 9
40 21 49 47 15 13
76 88 9 76 3 93
3 45 68 62 70 56
97 6 40 36 15 47
86 4 96 99 35 52
4 27 61 44 31 79
16 5 63 1 67 92
92 8 40 19 95 9
2 42 75 6 44 68
18 12 41 33 81 23
91 6 96 50 56 84
83 33 28 23 35 15
97 89 4 93 22 51
65 14 18 64 54 86
9 47 45 42 73 43
8 35 34 45 39 1
33 38 47 17 97 79
16 56 51 4 75 60
15 23 44 67 83 92
42 99 84 7 10 35
67 50 57 11 1 19
73 4 67 78 19 35
20 96 84 3 1 48
40 1 19 36 51 13
12 48 49 8 73 28
51 71 57 1 85 53
34 95 4 70 86 59
82 14 41 36 5 25
52 34 10 51 85 32
3 22 43 39 87 13
17 25 74 54 45 99
60 26 3 17 64 22
74 7 18 68 71 79
82 93 14 1 15 72
11 21 73 2 3 38
17 20 100 80 15 9
43 46 90 2 96 13
51 34 67 26 37 57
84 11 9 61 63 51
33 87 32 96 52 1
34 50 5 2 79 72
32 27 34 58 94 85
1 45 39 72 11 92
1 94 83 47 23 11
8 34 19 19 92 15
41 11 84 58 30 15
39 8 39 67 67 89
32 4 63 4 76 9
36 54 4 55 98 79
51 77 20 1 1 36
34 44 3 15 64 83
56 9 15 98 8 36
2 56 96 100 18 38
75 2 3 63 3 4
7 19 45 78 36 1
21 2 97 36 2 78
63 20 96 72 78 2
14 12 36 68 53 29
63 26 6 52 54 82
42 21 21 17 36 7
2 53 91 12 55 8
59 71 48 3 54 69
4 66 29 3 21 5
58 55 91 21 12 6
31 6 15 12 5 15
27 16 71 99 47 34
2 24 22 95 69 90
69 63 79 2 32 27
54 72 14 64 8 4
93 73 66 1 56 77
20 37 49 20 35 6
44 14 53 13 1 74
8 38 82 70 7 28
28 83 14 95 72 8
57 76 29 48 2 68
42 17 67 8 2 25
80 88 100 55 8 10
29 20 10 26 80 24
81 13 31 57 61 5
2 68 69 100 14 69
45 62 9 69 28 5
32 31 32 5 11 21
69 28 4 68 47 8
63 30 61 50 3 66
81 80 66 1 47 29
14 80 3 50 88 78
52 37 11 65 32 59
10 35 12 49 25 77
84 72 60 61 2 12
45 12 34 27 31 3
53 71 9 84 3 48
3 51 96 92 40 79
24 7 38 70 100 31
1 29 80 57 15 74
10 62 53 14 11 63
12 18 70 40 61 44
10 19 54 73 98 15
37 26 5 77 37 12
34 53 22 5 9 72
67 70 66 1 68 5
80 7 58 13 78 1
13 14 56 8 65 14
22 7 21 31 45 26
28 6 98 6 70 81
98 66 1 90 7 56
16 1 42 49 40 10
15 17 79 73 94 10
8 33 70 20 5 19
33 7 8 66 7 84
39 33 98 54 81 5
6 16 79 57 96 88
91 11 39 4 73 77
26 11 12 34 85 41
36 10 90 47 86 1
23 89 82 88 4 5
63 62 61 77 21 10
8 1 6 9 89 56
53 16 12 27 22 14
26 30 1 72 28 57
73 84 34 79 2 17
11 13 59 53 12 74
23 98 18 23 9 76
23 76 26 62 84 6
73 69 25 4 49 48
99 69 3 50 14 72
8 26 33 57 78 40
24 95 64 36 14 8
3 33 33 97 54 87
99 74 6 49 21 9
60 7 6 43 65 81
14 7 50 46 23 4
10 17 95 13 31 34
95 30 1 96 37 9
2 71 3 32 57 54
1 2 85 2 41 93
68 55 73 33 17 8
3 6 99 89 67 78
55 3 92 78 12 21
97 4 98 55 33 54
3 100 70 23 16 42
25 29 10 26 8 68
60 23 28 29 4 33
82 20 6 61 12 83
81 1 43 72 6 19
83 70 30 70 81 2
5 9 17 87 63 84
79 58 72 1 41 36
46 24 39 22 31 2
3 37 83 93 12 89
71 27 65 12 26 9
81 76 54 3 16 93
69 28 15 37 53 3
4 72 13 97 37 59
79 77 32 36 3 10
16 78 15 62 63 38
42 33 19 8 4 4
7 74 4 20 81 68
67 6 11 56 27 79
12 53 99 42 90 4
2 64 53 78 100 60
36 10 17 6 21 34
16 97 9 98 49 85
6 43 4 39 82 48
62 5 19 96 25 67
12 12 32 67 84 59
21 90 14 37 41 2
18 92 38 20 5 91
47 75 11 22 21 82
39 64 93 15 96 1
11 61 92 62 6 5
8 73 15 98 48 43
54 19 64 45 3 45
55 64 57 1 61 82
19 1 87 13 84 23
36 46 13 79 9 1
69 49 73 1 7 67
1 39 58 89 70 53
95 40 7 3 5 41
57 62 20 4 64 19
18 92 25 17 49 6
83 91 3 29 11 72
34 33 12 30 2 63
15 52 58 59 13 62
31 48 61 5 66 4
35 97 92 82 1 27
31 15 62 7 53 13
14 3 66 51 67 78
14 90 7 74 4 23
29 51 4 59 21 38
12 36 9 84 77 3
46 35 42 46 22 1
66 94 11 7 42 49
88 2 12 55 9 14
11 97 4 67 60 4
5 53 40 60 4 61
6 31 81 3 50 6
6 41 56 63 62 49
95 54 50 1 53 51
52 100 2 40 29 89
82 57 70 4 66 48
6 26 17 38 48 39
34 3 33 79 78 95
22 23 12 91 32 77
15 11 54 68 73 3
44 75 8 58 32 28
2 53 90 87 79 61
1 10 26 7 30 13
14 39 39 4 8 59
64 49 2 82 27 80
84 5 97 34 66 76
16 32 48 42 26 9
86 3 49 54 89 9
17 29 85 25 87 10
22 40 56 1 71 55
47 60 45 1 27 33
57 7 27 22 6 5
88 15 14 17 28 74
10 80 15 53 99 34
19 70 19 88 24 88
73 2 67 84 24 2
68 8 92 7 35 66
67 2 81 67 59 7
30 4 70 94 27 55
13 61 14 97 64 14
12 69 21 24 58 75
15 8 48 7 28 14
93 73 29 2 84 46
72 3 74 9 18 65
6 45 13 44 6 97
3 32 57 36 92 3
95 12 14 29 20 79
40 39 7 98 76 10
69 11 7 48 68 65
84 5 9 14 60 15
19 13 3 32 66 67
74 4 39 21 49 57
49 5 43 58 37 60
46 16 6 29 76 56
12 3 66 9 65 20
25 24 47 20 23 10
3 77 71 71 20 94
10 57 19 78 72 15
63 2 91 1 91 89
4 64 42 99 22 86
11 53 72 6 91 97
3 73 93 64 9 8
54 85 9 67 8 69
94 41 8 3 42 49
68 46 1 41 2 11
74 66 2 25 17 20
27 48 11 62 75 21
10 92 30 93 9 61
7 1 80 69 63 16
