300 6
0.39 0.63 0.30 0.50 0.37 0.97
0.75 0.81 0.85 0.51 0.90 0.58
0.25 0.25 0.88 0.29 0.33 0.31
0.18 0.02 0.36 0.03 0.37 0.52
0.45 0.47 0.32 0.75 0.01 0.29
0.61 0.53 0.84 0.57 0.61 0.44
0.27 0.47 0.02 0.76 0.17 0.09
0.22 0.91 0.11 0.15 0.35 0.60
0.29 0.73 0.25 0.46 0.70 0.22
0.86 0.02 0.12 0.38 0.45 0.40
0.42 0.19 0.31 0.10 0.22 0.62
0.24 0.69 0.41 0.88 0.55 0.30
0.06 0.10 0.45 0.40 0.42 0.52
0.03 0.58 0.95 0.99 0.14 0.76
0.30 0.66 0.25 0.24 0.25 0.75
0.63 0.87 0.68 0.71 0.32 0.41
0.17 0.21 0.35 0.67 0.98 0.55
0.65 0.13 0.64 0.32 0.25 0.94
0.82 0.44 0.86 0.54 0.77 0.38
0.13 0.02 0.80 0.65 0.37 0.40
0.21 0.33 0.05 0.25 0.78 0.51
0.60 0.83 0.99 0.54 0.17 0.79
0.62 0.60 0.95 0.91 0.47 0.08
0.73 0.90 0.55 0.38 0.27 0.10
0.47 0.15 0.58 0.08 0.11 0.22
0.18 0.47 0.31 0.91 0.13 0.49
0.97 0.20 0.45 0.15 0.90 0.46
0.10 0.55 1.00 0.03 0.79 0.46
0.17 0.17 0.02 0.01 0.84 0.20
0.68 0.06 0.21 0.58 0.25 0.16
0.17 0.10 0.47 0.08 0.37 0.12
0.30 0.94 0.65 0.97 0.05 0.66
0.69 0.51 0.15 0.57 0.96 0.12
0.05 0.60 0.69 0.86 0.79 0.49
0.18 0.88 0.83 0.55 0.84 0.03
0.18 0.29 0.25 0.29 0.41 0.32
0.17 0.49 0.22 0.65 0.31 0.50
0.01 0.11 0.53 0.31 0.63 0.72
0.73 0.15 0.09 0.22 0.57 0.25
0.37 0.36 0.48 0.01 0.18 0.88
0.07 0.34 0.41 0.44 0.56 0.50
0.11 0.96 0.99 0.34 0.67 0.70
0.65 0.14 0.06 0.40 0.76 0.43
0.85 0.64 0.05 0.29 0.81 0.24
0.18 0.63 0.06 0.01 0.07 0.13
0.12 0.85 0.55 0.71 0.65 0.04
0.34 0.57 0.46 0.84 0.50 0.05
0.18 0.21 0.26 0.02 0.66 0.30
0.15 0.91 0.82 0.30 0.22 0.92
0.62 0.88 0.01 0.99 0.47 0.18
0.15 0.35 0.09 0.41 0.01 0.54
0.82 0.01 0.21 0.53 0.76 0.12
0.45 0.35 0.94 0.23 0.32 0.18
0.25 0.27 0.11 0.10 0.32 0.75
0.72 0.93 0.01 0.86 0.94 0.69
0.06 0.82 0.12 0.46 0.06 0.27
0.97 0.62 0.25 0.03 0.72 0.97
0.90 0.72 0.36 0.32 0.69 0.03
0.33 0.78 0.16 0.63 0.23 0.10
0.09 0.22 0.97 0.25 0.85 0.65
0.19 0.38 0.48 0.19 0.03 0.29
0.34 0.57 0.78 0.51 0.43 0.01
0.49 0.23 0.13 0.68 0.79 0.29
0.60 0.12 0.07 0.45 0.69 0.03
0.40 0.02 0.29 0.24 0.42 0.46
0.69 0.19 0.17 0.37 0.12 0.92
0.90 0.01 0.50 0.56 0.55 0.39
0.99 0.07 0.01 1.00 0.62 0.90
0.43 0.27 0.42 0.23 0.09 0.21
0.84 0.02 0.25 0.68 0.10 0.92
0.61 0.08 0.19 0.07 0.50 0.74
0.01 0.51 0.86 0.60 0.23 0.72
0.87 0.34 0.21 0.18 0.37 0.12
0.16 0.84 0.33 0.36 0.73 0.31
0.98 0.11 0.84 0.11 0.26 0.55
0.66 0.20 0.93 0.99 0.03 0.65
0.17 0.24 0.18 0.10 0.18 0.94
0.12 0.18 0.99 0.31 0.50 0.47
0.06 0.52 0.28 0.55 0.38 0.67
0.21 0.45 0.15 0.42 0.61 0.52
0.31 0.07 0.21 0.01 0.88 0.94
0.64 0.09 0.85 0.97 0.57 0.33
0.23 0.43 0.31 0.27 0.45 0.88
0.05 0.65 0.03 0.87 0.92 0.05
0.08 0.39 0.19 0.14 0.77 0.39
0.04 0.01 0.92 0.54 0.99 0.59
0.76 0.91 0.58 0.56 0.22 0.06
0.07 0.07 0.72 0.30 0.84 0.73
0.02 0.89 0.72 0.97 0.79 0.58
0.09 0.01 0.49 0.47 0.14 0.11
1.00 0.09 0.88 0.36 0.58 0.31
0.08 0.42 0.24 0.19 0.74 0.10
0.24 0.25 0.13 0.02 0.30 0.77
0.82 0.67 0.82 0.79 0.15 0.09
0.56 0.99 0.97 0.65 0.16 0.06
0.86 0.58 0.89 0.05 0.26 0.65
0.04 0.13 0.65 0.49 0.49 0.29
0.01 0.03 0.45 0.15 0.20 0.74
0.05 0.80 0.20 0.15 0.72 0.88
0.83 0.19 0.92 0.85 0.55 0.06
0.16 0.73 0.12 0.26 0.41 0.63
0.49 0.14 0.25 0.04 0.35 0.40
0.78 0.55 0.01 0.47 0.86 0.52
0.08 0.66 0.73 0.83 0.06 0.40
0.04 0.38 0.27 0.31 0.41 0.50
0.08 0.69 0.58 0.95 0.09 0.78
0.10 0.33 0.61 0.33 0.46 0.35
0.41 0.71 0.01 0.75 0.82 0.98
0.94 0.03 0.43 0.20 0.99 0.06
0.89 0.86 0.34 0.32 0.03 0.42
0.22 0.54 0.01 0.70 0.51 0.23
0.14 0.43 0.78 0.57 0.01 0.10
0.39 0.42 0.95 0.13 0.26 0.35
0.54 0.34 0.52 0.64 0.04 0.14
0.54 0.58 0.27 0.02 0.59 0.36
0.59 0.18 0.11 0.72 0.69 0.68
0.34 0.33 0.02 0.28 0.27 0.92
0.12 0.18 0.46 0.52 0.25 0.19
0.51 0.99 0.71 0.12 0.65 0.04
0.50 0.11 0.26 0.03 0.01 0.47
0.56 0.02 0.23 0.70 0.70 0.30
0.66 0.79 0.01 0.17 0.13 0.14
0.16 0.32 0.22 0.99 0.51 0.96
0.57 0.33 0.01 0.66 1.00 0.94
0.58 0.46 0.25 0.20 0.44 0.35
0.53 0.14 0.24 0.60 0.98 0.23
0.65 0.93 0.70 0.24 0.89 0.02
0.20 0.96 0.23 0.79 0.33 0.05
0.21 0.02 0.77 0.12 0.87 0.15
0.38 0.58 0.01 0.44 0.36 0.59
0.58 1.00 0.54 0.29 0.81 0.04
0.04 0.15 0.17 0.11 0.18 0.37
0.02 0.18 0.17 0.70 0.95 0.91
0.04 0.50 0.61 0.84 0.17 0.19
0.08 0.75 0.88 0.07 0.92 0.18
0.88 0.64 0.46 0.42 0.87 0.07
0.08 0.08 0.12 0.50 0.28 0.69
0.69 0.10 0.25 0.34 0.81 0.33
0.74 0.08 0.72 0.87 0.54 0.09
0.36 0.26 0.16 0.44 0.89 0.10
0.06 0.52 0.09 0.04 0.93 0.97
0.54 0.18 0.75 0.67 0.10 0.32
0.15 0.20 0.42 0.38 0.17 0.40
0.26 0.38 0.78 0.62 0.76 0.04
0.59 0.01 0.57 0.99 0.09 0.78
0.82 0.09 0.95 0.70 0.69 0.02
0.95 0.31 0.19 0.64 0.62 0.05
0.90 0.71 0.97 0.36 0.35 0.05
0.71 0.39 0.17 0.33 0.24 0.32
0.26 0.18 0.08 0.38 0.38 0.41
0.58 0.03 0.53 0.96 0.68 0.10
0.14 0.47 0.05 1.00 0.02 0.08
0.02 0.28 0.97 0.82 0.93 0.42
0.87 0.97 0.60 0.61 0.11 0.11
0.78 0.11 0.10 0.63 0.05 0.25
0.58 0.37 0.76 0.09 0.26 0.06
0.53 0.08 0.28 0.08 0.28 0.14
0.61 0.09 0.79 0.02 0.46 0.67
0.29 0.45 0.76 0.07 0.14 0.55
0.72 0.25 0.78 0.01 0.54 0.14
0.11 0.30 0.01 0.53 0.86 0.81
0.29 0.07 0.82 0.15 0.04 0.17
0.13 0.71 0.03 0.35 0.39 0.88
0.35 0.29 0.07 0.81 0.65 0.16
0.05 0.32 0.16 0.75 0.52 0.71
0.03 0.45 0.64 0.66 0.78 0.60
0.76 0.33 0.16 0.43 0.98 0.10
0.61 0.04 0.40 0.14 0.27 0.43
0.94 0.47 0.15 0.01 0.35 0.10
1.00 0.91 0.04 0.36 0.08 0.79
0.03 0.75 0.91 0.82 0.61 0.58
0.78 0.19 0.19 0.32 0.14 0.41
0.53 0.87 0.51 0.30 0.97 0.06
0.30 0.26 0.85 0.02 0.16 0.39
0.58 0.62 0.15 0.19 0.15 0.61
0.45 0.63 0.04 0.63 0.68 0.52
0.75 0.19 0.10 0.96 0.34 0.39
0.10 0.36 0.73 0.06 0.12 0.18
0.23 0.25 0.10 0.98 0.17 0.83
0.69 0.13 0.25 0.38 0.23 0.50
0.03 0.58 0.39 0.53 0.61 0.67
0.95 0.19 0.02 0.11 0.29 0.27
0.30 0.17 0.35 0.76 0.63 0.03
0.71 0.41 0.01 0.51 0.75 0.41
0.58 0.88 0.34 0.54 0.74 0.09
0.79 0.32 0.18 0.44 0.12 0.41
0.06 0.03 0.77 0.61 0.11 0.57
0.61 0.06 0.78 0.01 0.16 0.42
0.59 0.09 0.96 0.01 0.93 0.90
0.27 0.10 1.00 0.06 0.43 0.39
0.03 0.69 0.83 0.52 0.73 0.30
0.42 0.21 0.29 0.37 0.44 0.07
0.07 0.96 0.91 0.61 0.12 0.16
0.22 0.52 0.72 0.13 0.82 0.09
0.08 0.96 0.64 0.28 0.20 0.30
0.05 0.57 0.35 0.45 0.51 0.04
0.80 0.53 0.55 0.57 0.25 0.06
0.86 0.80 0.11 0.22 0.16 0.03
0.04 0.62 0.54 0.38 0.28 0.08
0.91 0.45 0.06 0.53 0.70 0.39
0.26 0.32 0.52 0.31 0.13 0.13
0.02 0.75 0.44 0.15 0.40 0.65
0.06 0.52 0.53 0.81 0.35 0.24
0.88 0.66 0.01 0.55 0.91 0.28
0.30 0.41 0.36 0.34 0.26 0.19
0.01 0.49 0.19 0.66 0.55 0.51
0.02 0.46 0.80 0.09 0.52 1.00
0.87 0.33 0.01 0.46 0.85 0.96
0.57 0.67 0.55 0.01 0.03 0.97
0.05 0.71 0.87 0.08 0.88 0.88
0.22 0.47 0.16 0.25 0.59 0.60
0.54 0.57 0.02 0.56 0.44 0.65
0.92 0.24 0.31 0.14 0.19 0.20
0.16 0.85 0.34 0.09 0.75 0.29
0.81 0.46 0.09 0.47 0.33 0.34
0.21 0.31 0.94 0.31 0.13 0.93
0.86 0.14 0.68 0.51 0.05 0.21
0.02 0.81 0.39 0.05 0.55 0.09
0.15 0.70 0.14 0.82 0.66 0.13
0.07 0.89 0.62 0.76 0.27 0.20
0.07 0.70 0.78 0.86 0.03 0.76
0.38 0.39 0.35 0.85 0.08 0.03
0.24 0.06 0.38 0.12 0.48 0.40
0.62 0.32 0.03 0.73 0.75 0.90
0.82 0.09 0.07 0.57 0.85 0.68
0.51 0.66 0.56 0.67 0.16 0.07
0.38 0.58 0.36 0.11 0.10 0.15
0.97 0.05 0.03 0.17 0.44 0.47
0.89 0.55 0.52 0.23 0.59 0.05
0.12 0.70 0.04 0.14 0.02 0.15
0.86 0.62 0.15 0.07 0.38 0.53
0.13 0.15 0.26 0.98 0.87 0.19
0.90 0.34 0.14 0.56 0.38 0.06
0.08 0.33 0.92 0.04 0.76 0.68
0.53 0.49 0.26 0.70 0.32 0.13
0.25 0.74 0.73 0.78 0.84 0.02
0.20 0.23 0.06 0.56 0.48 0.15
0.01 0.12 0.29 0.23 0.06 0.64
0.05 0.13 0.98 0.87 0.18 0.52
0.59 0.80 0.86 0.42 0.95 0.04
0.74 0.50 0.13 0.31 0.19 0.91
0.27 0.96 0.01 0.10 0.79 0.87
0.32 0.20 0.14 0.42 0.13 0.41
0.15 0.44 0.05 0.11 0.66 0.99
0.03 0.63 0.93 0.68 0.45 0.28
0.56 0.42 0.09 0.76 0.26 0.05
0.39 0.66 0.64 0.49 0.10 0.08
0.44 0.04 0.17 0.39 0.81 0.75
0.42 0.52 0.68 0.53 0.04 0.14
0.11 0.61 0.86 0.09 0.03 0.82
0.28 0.11 0.02 0.82 0.59 0.05
0.84 0.78 0.65 0.04 0.52 0.05
0.95 0.03 0.45 0.02 0.24 0.24
0.05 0.30 0.97 0.04 0.85 0.40
0.66 0.07 0.13 0.85 0.79 0.81
0.76 0.71 0.68 0.33 0.85 0.08
0.50 0.78 0.03 0.07 0.24 0.11
0.25 0.31 0.04 0.56 0.76 0.67
0.02 0.62 0.73 0.90 0.04 0.79
0.06 0.20 0.80 0.47 0.07 0.55
0.15 0.05 0.96 0.06 0.93 0.14
0.16 0.41 0.40 0.05 0.20 0.32
0.75 0.06 0.51 0.03 0.83 0.29
0.04 0.50 0.24 0.69 0.25 0.21
0.01 0.81 0.40 0.84 1.00 0.47
0.14 0.20 0.09 0.25 0.30 0.54
0.05 0.97 0.53 0.52 0.44 0.28
0.65 0.94 0.05 0.57 0.01 0.91
0.62 0.63 0.83 0.59 0.23 0.08
0.37 0.55 0.50 0.99 0.05 0.27
0.70 0.22 0.02 0.58 0.37 0.05
0.92 0.16 0.90 0.53 0.64 0.04
0.27 0.03 0.17 0.17 0.13 0.60
0.88 0.16 0.99 0.76 0.61 0.06
0.67 0.09 0.05 0.37 0.05 0.54
0.20 0.36 0.30 0.22 0.35 0.07
0.10 0.53 0.25 0.92 0.62 0.06
0.96 0.13 0.15 0.10 0.79 0.67
0.03 0.70 0.86 0.68 0.46 0.21
0.10 0.22 0.08 0.64 0.32 0.17
0.06 0.92 0.25 0.36 0.71 0.01
0.18 0.12 0.21 0.64 0.87 0.32
0.72 0.50 0.45 0.06 0.12 0.46
0.03 0.10 0.98 0.14 0.51 0.94
0.87 0.45 0.59 0.11 0.06 0.28
0.67 0.77 0.10 0.19 0.97 0.07
0.24 0.45 0.73 0.66 0.16 0.10
0.89 0.76 0.74 0.13 0.62 0.07
0.57 0.54 0.33 0.05 0.79 0.02
0.39 0.03 0.16 0.58 0.51 0.22
0.49 0.59 0.28 0.22 0.06 0.61
0.26 0.70 0.01 0.52 0.96 0.75
0.38 0.11 0.38 0.48 0.27 0.28
0.73 0.08 0.04 0.27 0.18 0.42
0.04 0.02 0.04 0.99 0.75 0.74
0.06 0.70 0.10 0.67 0.99 0.86
0.52 0.42 0.08 0.09 0.58 0.20
0.32 0.61 0.63 0.52 0.25 0.05
0.03 1.00 0.42 0.41 0.83 0.03
0.72 0.10 0.56 0.26 0.03 0.22
