300 6
39 63 30 50 37 97
75 81 85 51 90 58
25 25 88 29 33 31
18 2 36 3 37 52
45 47 32 75 1 29
61 53 84 57 61 44
27 47 2 76 17 9
22 91 11 15 35 60
29 73 25 46 70 22
86 2 12 38 45 40
42 19 31 10 22 62
24 69 41 88 55 30
6 10 45 40 42 52
3 58 95 99 14 76
30 66 25 24 25 75
63 87 68 71 32 41
17 21 35 67 98 55
65 13 64 32 25 94
82 44 86 54 77 38
13 2 80 65 37 40
21 33 5 25 78 51
60 83 99 54 17 79
62 60 95 91 47 8
73 90 55 38 27 10
47 15 58 8 11 22
18 47 31 91 13 49
97 20 45 15 90 46
10 55 100 3 79 46
17 17 2 1 84 20
68 6 21 58 25 16
17 10 47 8 37 12
30 94 65 97 5 66
69 51 15 57 96 12
5 60 69 86 79 49
18 88 83 55 84 3
18 29 25 29 41 32
17 49 22 65 31 50
1 11 53 31 63 72
73 15 9 22 57 25
37 36 48 1 18 88
7 34 41 44 56 50
11 96 99 34 67 70
65 14 6 40 76 43
85 64 5 29 81 24
18 63 6 1 7 13
12 85 55 71 65 4
34 57 46 84 50 5
18 21 26 2 66 30
15 91 82 30 22 92
62 88 1 99 47 18
15 35 9 41 1 54
82 1 21 53 76 12
45 35 94 23 32 18
25 27 11 10 32 75
72 93 1 86 94 69
6 82 12 46 6 27
97 62 25 3 72 97
90 72 36 32 69 3
33 78 16 63 23 10
9 22 97 25 85 65
19 38 48 19 3 29
34 57 78 51 43 1
49 23 13 68 79 29
60 12 7 45 69 3
40 2 29 24 42 46
69 19 17 37 12 92
90 1 50 56 55 39
99 7 1 100 62 90
43 27 42 23 9 21
84 2 25 68 10 92
61 8 19 7 50 74
1 51 86 60 23 72
87 34 21 18 37 12
16 84 33 36 73 31
98 11 84 11 26 55
66 20 93 99 3 65
17 24 18 10 18 94
12 18 99 31 50 47
6 52 28 55 38 67
21 45 15 42 61 52
31 7 21 1 88 94
64 9 85 97 57 33
23 43 31 27 45 88
5 65 3 87 92 5
8 39 19 14 77 39
4 1 92 54 99 59
76 91 58 56 22 6
7 7 72 30 84 73
2 89 72 97 79 58
9 1 49 47 14 11
100 9 88 36 58 31
8 42 24 19 74 10
24 25 13 2 30 77
82 67 82 79 15 9
56 99 97 65 16 6
86 58 89 5 26 65
4 13 65 49 49 29
1 3 45 15 20 74
5 80 20 15 72 88
83 19 92 85 55 6
16 73 12 26 41 63
49 14 25 4 35 40
78 55 1 47 86 52
8 66 73 83 6 40
4 38 27 31 41 50
8 69 58 95 9 78
10 33 61 33 46 35
41 71 1 75 82 98
94 3 43 20 99 6
89 86 34 32 3 42
22 54 1 70 51 23
14 43 78 57 1 10
39 42 95 13 26 35
54 34 52 64 4 14
54 58 27 2 59 36
59 18 11 72 69 68
34 33 2 28 27 92
12 18 46 52 25 19
51 99 71 12 65 4
50 11 26 3 1 47
56 2 23 70 70 30
66 79 1 17 13 14
16 32 22 99 51 96
57 33 1 66 100 94
58 46 25 20 44 35
53 14 24 60 98 23
65 93 70 24 89 2
20 96 23 79 33 5
21 2 77 12 87 15
38 58 1 44 36 59
58 100 54 29 81 4
4 15 17 11 18 37
2 18 17 70 95 91
4 50 61 84 17 19
8 75 88 7 92 18
88 64 46 42 87 7
8 8 12 50 28 69
69 10 25 34 81 33
74 8 72 87 54 9
36 26 16 44 89 10
6 52 9 4 93 97
54 18 75 67 10 32
15 20 42 38 17 40
26 38 78 62 76 4
59 1 57 99 9 78
82 9 95 70 69 2
95 31 19 64 62 5
90 71 97 36 35 5
71 39 17 33 24 32
26 18 8 38 38 41
58 3 53 96 68 10
14 47 5 100 2 8
2 28 97 82 93 42
87 97 60 61 11 11
78 11 10 63 5 25
58 37 76 9 26 6
53 8 28 8 28 14
61 9 79 2 46 67
29 45 76 7 14 55
72 25 78 1 54 14
11 30 1 53 86 81
29 7 82 15 4 17
13 71 3 35 39 88
35 29 7 81 65 16
5 32 16 75 52 71
3 45 64 66 78 60
76 33 16 43 98 10
61 4 40 14 27 43
94 47 15 1 35 10
100 91 4 36 8 79
3 75 91 82 61 58
78 19 19 32 14 41
53 87 51 30 97 6
30 26 85 2 16 39
58 62 15 19 15 61
45 63 4 63 68 52
75 19 10 96 34 39
10 36 73 6 12 18
23 25 10 98 17 83
69 13 25 38 23 50
3 58 39 53 61 67
95 19 2 11 29 27
30 17 35 76 63 3
71 41 1 51 75 41
58 88 34 54 74 9
79 32 18 44 12 41
6 3 77 61 11 57
61 6 78 1 16 42
59 9 96 1 93 90
27 10 100 6 43 39
3 69 83 52 73 30
42 21 29 37 44 7
7 96 91 61 12 16
22 52 72 13 82 9
8 96 64 28 20 30
5 57 35 45 51 4
80 53 55 57 25 6
86 80 11 22 16 3
4 62 54 38 28 8
91 45 6 53 70 39
26 32 52 31 13 13
2 75 44 15 40 65
6 52 53 81 35 24
88 66 1 55 91 28
30 41 36 34 26 19
1 49 19 66 55 51
2 46 80 9 52 100
87 33 1 46 85 96
57 67 55 1 3 97
5 71 87 8 88 88
22 47 16 25 59 60
54 57 2 56 44 65
92 24 31 14 19 20
16 85 34 9 75 29
81 46 9 47 33 34
21 31 94 31 13 93
86 14 68 51 5 21
2 81 39 5 55 9
15 70 14 82 66 13
7 89 62 76 27 20
7 70 78 86 3 76
38 39 35 85 8 3
24 6 38 12 48 40
62 32 3 73 75 90
82 9 7 57 85 68
51 66 56 67 16 7
38 58 36 11 10 15
97 5 3 17 44 47
89 55 52 23 59 5
12 70 4 14 2 15
86 62 15 7 38 53
13 15 26 98 87 19
90 34 14 56 38 6
8 33 92 4 76 68
53 49 26 70 32 13
25 74 73 78 84 2
20 23 6 56 48 15
1 12 29 23 6 64
5 13 98 87 18 52
59 80 86 42 95 4
74 50 13 31 19 91
27 96 1 10 79 87
32 20 14 42 13 41
15 44 5 11 66 99
3 63 93 68 45 28
56 42 9 76 26 5
39 66 64 49 10 8
44 4 17 39 81 75
42 52 68 53 4 14
11 61 86 9 3 82
28 11 2 82 59 5
84 78 65 4 52 5
95 3 45 2 24 24
5 30 97 4 85 40
66 7 13 85 79 81
76 71 68 33 85 8
50 78 3 7 24 11
25 31 4 56 76 67
2 62 73 90 4 79
6 20 80 47 7 55
15 5 96 6 93 14
16 41 40 5 20 32
75 6 51 3 83 29
4 50 24 69 25 21
1 81 40 84 100 47
14 20 9 25 30 54
5 97 53 52 44 28
65 94 5 57 1 91
62 63 83 59 23 8
37 55 50 99 5 27
70 22 2 58 37 5
92 16 90 53 64 4
27 3 17 17 13 60
88 16 99 76 61 6
67 9 5 37 5 54
20 36 30 22 35 7
10 53 25 92 62 6
96 13 15 10 79 67
3 70 86 68 46 21
10 22 8 64 32 17
6 92 25 36 71 1
18 12 21 64 87 32
72 50 45 6 12 46
3 10 98 14 51 94
87 45 59 11 6 28
67 77 10 19 97 7
24 45 73 66 16 10
89 76 74 13 62 7
57 54 33 5 79 2
39 3 16 58 51 22
49 59 28 22 6 61
26 70 1 52 96 75
38 11 38 48 27 28
73 8 4 27 18 42
4 2 4 99 75 74
6 70 10 67 99 86
52 42 8 9 58 20
32 61 63 52 25 5
3 100 42 41 83 3
72 10 56 26 3 22
