300 6
0.22 0.31 0.60 0.72 0.37 0.05
0.02 0.52 0.99 0.80 0.63 0.80
0.20 0.45 0.43 0.64 0.28 0.03
0.34 0.03 0.82 0.29 0.17 0.39
0.12 0.27 0.21 0.29 0.63 0.89
0.56 0.39 0.25 0.32 0.31 0.07
0.60 0.91 0.10 0.35 0.46 0.49
0.48 0.64 0.38 0.44 0.95 0.26
0.05 0.50 0.92 0.84 0.93 0.75
0.33 0.09 0.13 1.00 0.97 0.96
0.56 0.18 0.50 0.80 0.91 0.05
0.62 0.33 0.08 0.76 0.47 0.15
0.70 0.84 0.35 0.47 0.30 0.35
0.67 0.71 0.98 0.28 0.12 0.37
0.90 0.44 0.84 0.03 0.43 0.82
0.51 0.67 0.23 0.88 0.42 0.12
0.19 0.46 0.87 0.97 0.66 0.14
0.37 0.24 0.96 0.48 0.32 0.38
0.35 0.22 0.73 0.43 0.80 0.09
0.99 0.01 0.38 0.55 0.08 0.38
0.56 0.63 0.92 0.24 0.11 0.91
0.50 0.99 0.08 0.95 0.75 0.34
0.64 0.89 0.03 0.15 0.10 0.51
0.05 0.40 0.88 0.75 0.38 0.65
0.24 0.25 0.22 0.24 0.48 0.04
0.67 0.33 0.77 0.05 0.84 0.45
0.17 0.54 0.94 0.50 0.23 0.22
0.16 0.26 0.08 0.14 0.25 0.49
0.39 0.46 0.64 1.00 0.22 0.78
0.59 0.99 0.34 0.01 0.11 0.77
0.21 0.90 0.86 0.03 0.83 0.94
0.07 0.11 0.51 0.30 0.50 0.35
0.40 0.55 0.55 0.60 0.04 0.75
0.68 0.04 0.28 0.36 0.69 0.83
0.14 0.15 0.34 0.24 0.40 0.55
0.65 0.52 0.63 1.00 0.24 0.29
0.69 0.14 0.09 0.19 0.29 0.36
0.73 0.63 0.71 0.84 0.74 0.02
0.43 0.87 0.45 0.10 0.13 0.04
0.22 0.96 0.37 0.82 0.21 0.66
0.17 0.02 0.96 0.86 0.10 0.22
0.33 0.96 0.15 0.69 0.42 0.03
0.07 0.01 0.36 0.19 0.41 0.22
0.98 0.61 0.35 0.05 0.43 0.89
0.53 0.98 0.07 0.82 0.23 0.99
0.73 0.81 0.81 0.05 0.69 0.04
0.94 0.31 0.48 0.04 0.12 0.26
0.47 0.72 0.01 0.43 0.96 0.47
0.14 0.50 0.23 0.01 0.87 0.37
0.09 0.89 0.85 0.13 0.95 0.85
0.36 0.24 0.16 0.64 0.28 0.46
0.82 0.69 0.91 0.62 0.09 0.23
0.01 0.71 0.12 0.77 0.42 0.48
0.10 0.41 0.08 0.37 0.93 0.09
0.32 0.55 0.36 0.57 0.14 0.17
0.80 0.69 0.07 0.08 0.41 0.48
0.25 0.99 0.76 0.49 0.17 0.07
0.72 0.59 0.91 0.50 0.90 0.02
0.14 0.64 0.85 0.57 0.22 0.39
0.03 0.76 0.49 0.40 0.39 0.22
0.85 0.66 0.07 0.27 0.88 0.55
0.06 0.72 0.11 0.41 0.29 0.21
0.18 0.94 0.98 0.19 0.84 0.16
0.48 0.28 0.85 0.03 0.27 0.77
0.13 0.32 0.03 0.22 0.74 0.97
0.63 0.79 0.55 0.09 0.73 0.25
0.15 0.09 0.44 0.30 0.85 0.02
0.36 0.12 0.77 0.15 0.50 0.70
0.26 0.12 0.11 0.17 0.88 0.55
0.94 0.38 0.07 0.58 0.60 0.68
0.80 0.78 0.51 0.44 0.18 0.64
0.89 0.32 0.34 0.98 0.11 0.31
0.49 0.15 0.31 0.07 0.21 0.24
0.07 0.27 0.03 0.84 0.79 0.05
0.21 0.71 0.80 0.56 0.71 0.20
0.42 0.23 1.00 0.63 0.11 0.98
0.08 0.04 0.38 0.14 0.02 0.47
0.59 0.42 0.11 0.13 0.38 0.36
0.90 0.55 0.17 0.81 0.80 0.13
0.39 0.44 0.04 0.48 0.81 0.51
0.96 0.65 0.06 0.94 0.53 0.87
0.44 0.01 0.24 0.81 0.16 0.03
0.37 0.76 0.60 0.48 0.20 0.37
0.36 0.39 0.54 0.67 0.30 0.05
0.54 0.11 0.23 0.02 0.46 0.75
0.31 0.34 0.15 0.68 1.00 0.01
0.65 0.72 0.59 0.31 0.08 0.01
0.18 0.33 0.11 0.44 0.20 0.62
0.74 0.76 0.03 0.40 0.57 0.21
0.94 0.13 0.49 0.73 0.49 0.16
0.73 0.10 0.24 0.63 0.91 0.13
0.06 0.23 0.01 0.96 0.27 0.35
0.78 0.77 0.05 0.18 0.78 0.97
0.50 0.12 0.02 0.33 0.99 0.46
0.82 0.44 0.67 0.62 0.64 0.03
0.65 0.16 0.17 0.46 0.65 0.27
0.92 0.03 0.61 0.43 0.34 0.75
0.03 0.89 0.86 0.22 0.70 0.67
0.73 0.51 0.22 0.15 0.84 0.21
0.08 1.00 0.02 0.07 0.70 0.35
0.12 0.02 0.09 0.69 0.89 0.98
0.21 0.19 0.35 0.51 0.17 0.28
0.53 0.61 0.13 0.31 0.23 0.80
0.27 0.02 0.67 0.67 0.56 0.08
0.06 0.65 0.28 0.80 0.41 0.36
0.84 0.91 0.06 0.70 0.30 0.46
0.16 0.29 0.04 0.56 0.51 0.77
0.11 0.10 0.02 0.28 0.22 0.15
0.92 0.03 0.22 0.58 0.79 0.47
0.43 0.63 0.89 0.11 0.74 0.81
0.73 1.00 0.80 0.70 0.06 0.42
0.20 0.37 0.03 0.05 0.31 0.40
0.99 0.06 0.65 0.02 0.35 0.92
0.06 0.84 1.00 0.74 0.73 0.03
0.42 0.81 0.44 0.15 0.16 0.29
0.81 0.12 0.70 0.01 0.68 0.72
0.16 0.33 0.29 0.16 0.20 0.03
0.53 0.55 0.96 0.79 0.01 0.76
0.09 0.26 0.29 0.80 0.36 0.16
0.27 0.08 0.30 0.26 0.33 0.83
0.11 0.51 0.01 0.87 0.31 0.81
0.42 0.12 0.01 0.37 0.09 1.00
0.68 0.52 0.29 0.65 0.16 0.90
0.67 0.98 0.26 0.84 0.34 0.02
0.15 0.97 0.27 0.25 0.02 0.43
0.08 0.07 0.13 0.88 0.72 0.84
0.78 0.65 0.02 0.96 0.18 0.46
0.02 0.66 0.12 0.50 0.91 0.61
0.49 0.12 0.48 0.69 0.15 0.12
0.06 0.28 0.76 0.54 0.10 0.49
0.70 0.96 0.37 0.03 0.27 0.88
0.05 0.35 0.90 0.33 0.35 0.43
0.40 0.67 0.84 0.63 0.05 0.41
0.89 0.63 0.89 0.06 0.10 0.06
0.71 0.74 0.23 0.38 0.22 0.04
0.03 0.14 0.87 0.68 0.68 0.60
0.19 0.42 0.66 0.01 0.72 0.11
0.15 0.63 0.99 0.21 0.46 0.14
0.64 0.86 0.32 0.30 0.10 0.18
0.02 0.99 0.44 0.27 0.19 0.38
0.01 0.74 0.57 0.66 0.90 0.49
1.00 0.20 0.05 0.19 0.09 0.07
0.27 0.01 0.91 0.76 0.96 0.16
0.02 0.21 0.76 0.12 0.24 0.03
0.26 0.54 0.04 0.21 0.08 0.65
0.76 0.72 0.48 1.00 0.82 0.01
0.93 0.01 0.72 0.51 0.83 0.14
0.54 0.49 0.19 0.71 0.02 0.21
0.42 0.23 0.07 0.13 0.34 0.84
0.49 0.74 0.26 0.06 0.19 0.90
0.02 0.95 0.71 0.90 0.49 0.44
0.02 0.43 0.10 0.08 0.16 0.93
0.03 0.73 0.72 0.67 0.71 0.85
0.72 0.48 0.04 0.27 0.17 0.23
0.19 0.92 0.04 0.70 0.53 0.07
0.58 0.56 0.07 0.03 0.14 0.11
0.61 0.38 0.99 0.96 0.72 0.02
0.50 0.09 0.46 0.13 0.07 0.14
0.01 0.31 0.18 0.63 0.31 0.38
0.14 0.55 0.90 0.10 0.72 0.58
0.96 0.99 0.45 0.01 0.62 0.73
0.98 0.07 0.02 0.57 0.52 0.04
0.57 0.37 0.15 0.91 0.19 0.01
0.36 0.60 0.26 0.81 0.26 0.12
0.34 0.29 0.16 0.26 0.11 0.43
0.06 0.15 0.04 0.94 0.74 0.77
0.63 0.84 0.17 0.52 0.73 0.06
0.56 0.09 0.74 0.44 0.03 0.41
0.47 0.76 0.58 0.37 0.15 0.24
0.29 0.66 0.24 0.96 0.04 0.64
0.62 0.91 0.68 0.65 0.69 0.02
0.34 0.25 0.09 0.15 0.45 0.07
0.93 0.20 0.60 0.91 0.06 0.36
0.89 0.02 0.34 0.19 0.81 0.15
0.15 0.61 0.48 0.03 0.84 0.92
0.01 0.46 0.34 0.45 0.13 0.30
0.14 0.67 0.51 0.55 0.36 0.06
0.73 0.59 0.01 0.32 0.33 0.71
0.49 0.17 0.21 0.87 0.09 0.16
0.14 0.75 0.80 0.07 0.62 0.18
0.33 0.96 0.71 0.02 0.63 0.73
0.02 0.20 0.21 0.66 0.10 0.25
0.14 0.34 0.10 0.05 0.57 0.91
0.54 0.36 0.84 0.79 0.05 0.38
0.10 0.07 0.91 0.58 0.79 0.04
0.51 0.19 0.79 0.59 0.69 0.02
0.26 0.88 0.24 0.08 0.93 0.35
0.22 0.40 0.10 0.39 0.06 0.21
0.03 0.14 0.23 0.88 0.97 0.80
0.77 0.05 0.15 0.73 1.00 0.22
0.45 0.12 0.64 0.05 0.64 0.98
0.98 0.53 0.15 0.48 0.21 0.09
0.15 0.48 0.13 0.11 0.16 0.38
0.93 0.85 0.65 0.27 0.04 0.29
0.27 0.53 0.01 0.56 0.89 0.84
0.63 0.02 0.16 0.86 0.64 0.85
0.35 0.07 0.32 0.08 0.80 0.59
0.29 0.09 0.09 0.19 0.41 0.27
0.88 0.70 0.02 0.38 0.19 0.84
0.60 0.07 0.56 0.18 0.87 0.34
0.69 0.43 0.48 0.03 0.63 0.05
0.72 0.51 0.99 0.80 0.98 0.01
0.62 0.47 0.03 0.09 0.08 0.10
0.44 0.86 0.26 0.16 0.10 0.89
0.91 0.28 0.17 0.10 0.32 0.42
0.12 0.81 0.55 0.04 0.82 0.61
0.06 0.22 0.65 0.51 0.43 0.08
0.34 0.26 0.27 0.10 0.46 0.21
0.35 0.99 0.01 0.75 0.88 0.55
0.54 0.42 0.15 0.06 0.10 0.93
0.66 0.95 0.84 0.07 0.07 0.59
0.48 0.67 0.31 0.11 0.14 0.04
0.48 0.38 0.07 0.71 0.01 0.86
0.17 0.98 0.93 0.02 0.62 0.31
0.03 0.19 0.54 0.14 0.37 0.63
0.54 0.41 0.61 0.03 0.52 0.39
0.07 0.35 0.62 0.94 0.65 0.17
0.29 0.54 0.02 0.04 0.96 0.71
0.84 0.51 0.12 0.50 0.14 0.07
0.27 0.08 0.07 0.46 0.53 0.93
0.04 0.11 0.98 0.49 0.90 0.21
0.86 0.18 0.57 0.98 0.01 0.96
0.33 0.29 0.39 0.41 0.12 0.32
0.83 0.07 0.55 0.07 0.88 0.15
0.02 0.13 0.72 0.54 0.90 0.98
0.12 0.82 0.65 0.71 0.70 0.05
0.08 0.56 0.10 0.21 0.51 0.40
0.20 0.98 0.49 0.04 0.66 0.56
0.05 0.85 0.35 0.04 0.31 0.83
0.86 0.10 0.47 0.06 0.06 0.84
0.42 0.04 0.29 0.15 0.01 0.45
0.54 1.00 0.03 0.52 0.02 0.96
0.88 0.42 0.83 0.13 0.04 0.17
0.21 0.02 0.26 0.18 0.76 0.14
0.77 0.57 0.01 0.44 0.51 0.92
0.95 0.12 0.16 0.98 0.13 0.86
0.04 0.87 0.30 0.31 0.18 0.44
0.43 0.47 0.19 0.16 0.24 0.11
0.24 0.75 0.48 0.11 0.96 0.23
0.97 0.12 0.79 0.11 0.86 0.17
0.41 0.19 0.80 0.36 0.46 0.12
0.76 0.05 0.04 0.78 0.69 0.48
0.35 0.99 0.83 0.93 0.07 0.20
0.37 0.86 0.10 0.92 0.03 0.45
0.94 0.76 0.62 0.05 0.10 0.43
0.05 0.58 0.69 0.81 0.25 0.10
0.01 0.18 0.73 0.94 0.85 0.42
0.39 0.35 0.51 0.15 0.88 0.02
0.37 0.86 0.59 0.26 0.13 0.39
0.36 0.89 0.42 0.05 0.25 0.94
0.05 0.01 0.19 0.13 0.96 0.70
0.12 0.49 0.94 0.10 0.54 0.49
0.27 0.10 0.99 0.06 0.68 0.86
0.21 0.11 0.32 0.25 0.14 0.45
0.18 0.76 0.57 0.60 0.09 0.44
0.69 0.75 0.79 0.55 0.06 0.20
0.67 0.81 0.48 0.27 0.05 0.10
0.99 0.55 0.93 0.03 0.61 0.05
0.50 0.07 0.15 0.28 0.74 0.04
0.81 0.39 0.16 0.91 0.08 0.19
0.05 0.90 0.64 0.55 0.07 0.98
0.92 0.02 0.13 0.42 0.70 0.33
0.57 0.63 0.59 0.08 0.60 0.05
0.04 0.77 0.46 0.16 0.80 0.76
0.26 0.30 0.07 0.18 0.64 0.56
0.02 0.83 0.04 0.28 0.80 0.82
0.79 0.06 0.24 0.52 0.01 0.72
0.48 0.02 0.07 0.10 0.07 0.54
0.78 0.05 0.15 0.71 0.60 0.43
0.26 0.89 0.16 0.20 0.15 0.49
0.73 0.27 0.32 0.01 0.14 0.79
0.19 0.57 0.02 0.85 0.68 0.06
0.09 0.28 0.39 0.78 0.56 0.02
0.83 0.88 0.04 0.03 0.90 0.73
0.27 0.03 0.73 0.18 0.45 0.21
0.87 0.62 0.73 0.05 0.26 0.03
0.83 0.64 0.11 0.01 0.44 0.53
0.17 0.43 0.29 0.04 0.44 0.56
0.67 0.60 1.00 0.01 0.12 0.75
0.37 0.11 0.80 0.11 0.41 0.48
0.90 0.42 0.03 0.23 0.19 0.02
0.12 0.73 0.31 0.57 0.22 0.11
0.05 0.52 0.44 0.35 0.62 0.05
0.15 0.08 0.61 0.40 0.54 0.16
0.10 0.63 0.01 0.71 0.70 0.56
0.77 0.23 0.03 0.91 0.07 0.69
0.21 0.65 0.53 0.02 0.84 0.91
0.72 0.45 0.11 0.49 0.19 0.06
0.02 0.18 0.77 0.58 0.23 0.96
0.53 0.35 0.26 0.03 0.45 0.34
0.67 0.67 1.00 0.02 0.30 0.61
0.08 0.90 0.04 0.93 0.56 0.76
0.46 0.99 0.06 0.24 0.68 0.02
0.07 0.46 0.39 0.02 0.60 0.69
0.73 0.02 0.15 0.74 0.06 0.13
0.50 0.65 0.26 0.48 0.05 0.90
0.34 0.09 0.16 0.04 0.15 0.64
0.19 0.62 1.00 0.75 0.01 1.00
0.63 0.01 0.69 0.89 0.01 0.49
0.02 0.97 0.35 0.08 0.19 0.49
