300 6
22 31 60 72 37 5
2 52 99 80 63 80
20 45 43 64 28 3
34 3 82 29 17 39
12 27 21 29 63 89
56 39 25 32 31 7
60 91 10 35 46 49
48 64 38 44 95 26
5 50 92 84 93 75
33 9 13 100 97 96
56 18 50 80 91 5
62 33 8 76 47 15
70 84 35 47 30 35
67 71 98 28 12 37
90 44 84 3 43 82
51 67 23 88 42 12
19 46 87 97 66 14
37 24 96 48 32 38
35 22 73 43 80 9
99 1 38 55 8 38
56 63 92 24 11 91
50 99 8 95 75 34
64 89 3 15 10 51
5 40 88 75 38 65
24 25 22 24 48 4
67 33 77 5 84 45
17 54 94 50 23 22
16 26 8 14 25 49
39 46 64 100 22 78
59 99 34 1 11 77
21 90 86 3 83 94
7 11 51 30 50 35
40 55 55 60 4 75
68 4 28 36 69 83
14 15 34 24 40 55
65 52 63 100 24 29
69 14 9 19 29 36
73 63 71 84 74 2
43 87 45 10 13 4
22 96 37 82 21 66
17 2 96 86 10 22
33 96 15 69 42 3
7 1 36 19 41 22
98 61 35 5 43 89
53 98 7 82 23 99
73 81 81 5 69 4
94 31 48 4 12 26
47 72 1 43 96 47
14 50 23 1 87 37
9 89 85 13 95 85
36 24 16 64 28 46
82 69 91 62 9 23
1 71 12 77 42 48
10 41 8 37 93 9
32 55 36 57 14 17
80 69 7 8 41 48
25 99 76 49 17 7
72 59 91 50 90 2
14 64 85 57 22 39
3 76 49 40 39 22
85 66 7 27 88 55
6 72 11 41 29 21
18 94 98 19 84 16
48 28 85 3 27 77
13 32 3 22 74 97
63 79 55 9 73 25
15 9 44 30 85 2
36 12 77 15 50 70
26 12 11 17 88 55
94 38 7 58 60 68
80 78 51 44 18 64
89 32 34 98 11 31
49 15 31 7 21 24
7 27 3 84 79 5
21 71 80 56 71 20
42 23 100 63 11 98
8 4 38 14 2 47
59 42 11 13 38 36
90 55 17 81 80 13
39 44 4 48 81 51
96 65 6 94 53 87
44 1 24 81 16 3
37 76 60 48 20 37
36 39 54 67 30 5
54 11 23 2 46 75
31 34 15 68 100 1
65 72 59 31 8 1
18 33 11 44 20 62
74 76 3 40 57 21
94 13 49 73 49 16
73 10 24 63 91 13
6 23 1 96 27 35
78 77 5 18 78 97
50 12 2 33 99 46
82 44 67 62 64 3
65 16 17 46 65 27
92 3 61 43 34 75
3 89 86 22 70 67
73 51 22 15 84 21
8 100 2 7 70 35
12 2 9 69 89 98
21 19 35 51 17 28
53 61 13 31 23 80
27 2 67 67 56 8
6 65 28 80 41 36
84 91 6 70 30 46
16 29 4 56 51 77
11 10 2 28 22 15
92 3 22 58 79 47
43 63 89 11 74 81
73 100 80 70 6 42
20 37 3 5 31 40
99 6 65 2 35 92
6 84 100 74 73 3
42 81 44 15 16 29
81 12 70 1 68 72
16 33 29 16 20 3
53 55 96 79 1 76
9 26 29 80 36 16
27 8 30 26 33 83
11 51 1 87 31 81
42 12 1 37 9 100
68 52 29 65 16 90
67 98 26 84 34 2
15 97 27 25 2 43
8 7 13 88 72 84
78 65 2 96 18 46
2 66 12 50 91 61
49 12 48 69 15 12
6 28 76 54 10 49
70 96 37 3 27 88
5 35 90 33 35 43
40 67 84 63 5 41
89 63 89 6 10 6
71 74 23 38 22 4
3 14 87 68 68 60
19 42 66 1 72 11
15 63 99 21 46 14
64 86 32 30 10 18
2 99 44 27 19 38
1 74 57 66 90 49
100 20 5 19 9 7
27 1 91 76 96 16
2 21 76 12 24 3
26 54 4 21 8 65
76 72 48 100 82 1
93 1 72 51 83 14
54 49 19 71 2 21
42 23 7 13 34 84
49 74 26 6 19 90
2 95 71 90 49 44
2 43 10 8 16 93
3 73 72 67 71 85
72 48 4 27 17 23
19 92 4 70 53 7
58 56 7 3 14 11
61 38 99 96 72 2
50 9 46 13 7 14
1 31 18 63 31 38
14 55 90 10 72 58
96 99 45 1 62 73
98 7 2 57 52 4
57 37 15 91 19 1
36 60 26 81 26 12
34 29 16 26 11 43
6 15 4 94 74 77
63 84 17 52 73 6
56 9 74 44 3 41
47 76 58 37 15 24
29 66 24 96 4 64
62 91 68 65 69 2
34 25 9 15 45 7
93 20 60 91 6 36
89 2 34 19 81 15
15 61 48 3 84 92
1 46 34 45 13 30
14 67 51 55 36 6
73 59 1 32 33 71
49 17 21 87 9 16
14 75 80 7 62 18
33 96 71 2 63 73
2 20 21 66 10 25
14 34 10 5 57 91
54 36 84 79 5 38
10 7 91 58 79 4
51 19 79 59 69 2
26 88 24 8 93 35
22 40 10 39 6 21
3 14 23 88 97 80
77 5 15 73 100 22
45 12 64 5 64 98
98 53 15 48 21 9
15 48 13 11 16 38
93 85 65 27 4 29
27 53 1 56 89 84
63 2 16 86 64 85
35 7 32 8 80 59
29 9 9 19 41 27
88 70 2 38 19 84
60 7 56 18 87 34
69 43 48 3 63 5
72 51 99 80 98 1
62 47 3 9 8 10
44 86 26 16 10 89
91 28 17 10 32 42
12 81 55 4 82 61
6 22 65 51 43 8
34 26 27 10 46 21
35 99 1 75 88 55
54 42 15 6 10 93
66 95 84 7 7 59
48 67 31 11 14 4
48 38 7 71 1 86
17 98 93 2 62 31
3 19 54 14 37 63
54 41 61 3 52 39
7 35 62 94 65 17
29 54 2 4 96 71
84 51 12 50 14 7
27 8 7 46 53 93
4 11 98 49 90 21
86 18 57 98 1 96
33 29 39 41 12 32
83 7 55 7 88 15
2 13 72 54 90 98
12 82 65 71 70 5
8 56 10 21 51 40
20 98 49 4 66 56
5 85 35 4 31 83
86 10 47 6 6 84
42 4 29 15 1 45
54 100 3 52 2 96
88 42 83 13 4 17
21 2 26 18 76 14
77 57 1 44 51 92
95 12 16 98 13 86
4 87 30 31 18 44
43 47 19 16 24 11
24 75 48 11 96 23
97 12 79 11 86 17
41 19 80 36 46 12
76 5 4 78 69 48
35 99 83 93 7 20
37 86 10 92 3 45
94 76 62 5 10 43
5 58 69 81 25 10
1 18 73 94 85 42
39 35 51 15 88 2
37 86 59 26 13 39
36 89 42 5 25 94
5 1 19 13 96 70
12 49 94 10 54 49
27 10 99 6 68 86
21 11 32 25 14 45
18 76 57 60 9 44
69 75 79 55 6 20
67 81 48 27 5 10
99 55 93 3 61 5
50 7 15 28 74 4
81 39 16 91 8 19
5 90 64 55 7 98
92 2 13 42 70 33
57 63 59 8 60 5
4 77 46 16 80 76
26 30 7 18 64 56
2 83 4 28 80 82
79 6 24 52 1 72
48 2 7 10 7 54
78 5 15 71 60 43
26 89 16 20 15 49
73 27 32 1 14 79
19 57 2 85 68 6
9 28 39 78 56 2
83 88 4 3 90 73
27 3 73 18 45 21
87 62 73 5 26 3
83 64 11 1 44 53
17 43 29 4 44 56
67 60 100 1 12 75
37 11 80 11 41 48
90 42 3 23 19 2
12 73 31 57 22 11
5 52 44 35 62 5
15 8 61 40 54 16
10 63 1 71 70 56
77 23 3 91 7 69
21 65 53 2 84 91
72 45 11 49 19 6
2 18 77 58 23 96
53 35 26 3 45 34
67 67 100 2 30 61
8 90 4 93 56 76
46 99 6 24 68 2
7 46 39 2 60 69
73 2 15 74 6 13
50 65 26 48 5 90
34 9 16 4 15 64
19 62 100 75 1 100
63 1 69 89 1 49
2 97 35 8 19 49
