300 6
0.77 0.25 0.62 0.08 0.69 0.36
0.43 0.17 0.68 0.33 0.34 0.04
0.04 0.69 0.45 0.14 0.01 0.76
0.93 0.23 0.33 0.28 0.39 0.66
0.49 0.14 0.11 0.40 0.83 0.82
0.35 0.42 0.70 0.31 0.37 0.21
0.48 0.36 0.69 0.15 0.39 0.34
0.78 0.45 0.66 0.26 0.49 0.47
0.98 0.33 0.43 0.38 0.32 0.22
0.77 0.10 0.10 0.39 0.66 0.16
0.47 0.38 0.48 0.32 0.16 0.12
0.23 0.17 0.27 0.27 0.70 0.67
0.60 0.04 0.25 0.80 0.15 0.72
0.80 0.31 0.34 0.73 0.49 0.91
0.60 0.15 0.74 0.59 0.80 0.96
0.22 0.58 0.34 0.95 0.47 0.81
0.23 0.10 0.12 0.15 0.97 0.73
0.59 0.15 0.30 0.01 0.77 0.11
0.78 0.09 0.48 0.51 0.94 0.46
0.94 0.04 0.10 0.11 0.33 0.47
0.32 0.46 0.72 0.13 0.80 0.77
0.41 0.35 0.06 0.98 0.88 0.20
0.78 0.47 0.19 0.05 0.35 0.13
0.94 0.35 0.16 0.15 0.32 0.42
0.99 0.01 0.55 0.39 0.66 0.18
0.12 0.30 0.68 0.10 0.66 0.96
0.65 0.40 0.26 0.50 0.51 0.78
0.02 0.47 0.50 0.29 0.08 0.32
0.35 0.22 0.02 0.40 0.74 0.80
0.07 0.16 0.40 0.64 0.02 0.20
0.77 0.25 0.10 0.60 0.14 0.38
0.62 0.12 0.30 0.30 0.39 0.05
0.92 0.70 0.08 0.17 0.09 0.74
0.03 0.75 0.46 0.81 0.48 0.19
0.24 0.33 0.44 0.36 0.42 0.34
0.69 0.59 0.24 0.44 0.91 0.43
0.56 0.74 0.16 0.67 0.59 0.20
0.50 0.75 0.17 0.11 0.51 0.55
0.38 0.51 0.35 0.30 0.35 0.32
0.39 0.11 0.24 0.65 0.74 0.04
0.83 0.92 0.60 0.80 0.63 0.04
0.53 0.08 0.93 0.65 0.99 0.91
0.50 0.19 0.22 0.74 0.10 1.00
0.91 0.95 0.80 0.52 0.03 0.74
0.51 0.31 0.91 0.84 0.05 0.17
0.27 0.90 0.19 0.86 0.91 0.87
0.60 0.06 0.78 0.92 0.03 0.62
0.76 0.48 0.61 0.17 0.65 0.53
0.03 0.73 0.62 0.03 0.68 0.07
0.41 0.97 0.31 0.72 0.31 0.64
0.31 0.07 0.14 0.37 0.45 0.71
0.40 0.02 0.97 0.98 0.48 0.09
0.38 0.13 0.89 0.73 0.18 0.36
0.14 0.18 0.65 0.82 0.80 0.12
0.40 0.51 0.01 0.82 0.65 1.00
0.29 0.15 0.19 0.23 0.49 0.35
0.67 0.52 0.16 0.58 0.78 0.53
0.13 0.04 0.36 0.36 0.32 0.07
0.24 0.21 0.16 0.52 0.72 0.59
0.74 0.52 0.02 0.97 0.07 0.29
0.95 0.06 0.26 0.24 0.27 0.77
0.67 0.78 0.09 0.86 0.58 0.67
0.22 0.93 0.30 0.40 0.16 0.06
0.63 0.15 0.28 0.19 0.43 0.05
0.90 0.04 0.71 0.18 0.85 0.70
0.26 0.14 0.01 0.15 0.20 0.85
0.82 0.01 0.62 0.66 0.46 0.65
0.40 0.63 0.10 0.48 0.29 0.05
0.53 0.81 0.93 0.14 0.32 0.19
0.95 0.21 0.68 0.04 0.68 0.16
0.63 0.02 0.75 0.97 0.42 0.21
0.50 0.13 0.12 0.29 0.46 0.61
0.49 0.60 0.20 0.50 0.41 0.26
0.76 0.65 0.52 0.61 0.63 0.04
0.04 0.95 0.02 0.25 0.05 0.38
0.60 0.16 0.33 0.24 0.03 0.93
0.12 0.24 0.50 0.02 0.17 0.17
0.48 0.02 0.81 0.93 0.65 0.11
0.39 0.59 0.22 0.52 0.99 0.11
0.48 0.26 0.13 0.74 0.38 0.35
0.11 0.07 0.21 0.42 0.69 0.66
0.17 0.87 0.14 0.89 0.16 0.56
0.77 0.62 0.46 0.57 0.10 0.65
0.29 0.23 0.65 0.05 0.27 0.07
0.15 0.03 0.80 0.66 0.31 0.67
0.02 0.34 0.96 0.66 0.75 0.98
0.28 0.45 0.39 0.06 0.80 0.24
0.82 0.36 0.44 0.22 0.26 0.72
0.70 0.65 0.73 0.86 0.70 0.02
0.16 0.45 0.32 0.05 0.46 0.44
0.98 0.03 0.98 0.10 0.77 0.26
0.17 0.46 0.12 0.46 0.40 0.36
0.57 0.03 0.87 0.96 0.25 0.95
0.55 0.86 0.02 0.72 0.97 0.31
0.05 0.38 0.35 0.20 0.29 0.31
0.01 0.92 0.67 0.81 0.51 0.11
0.58 0.04 0.33 0.29 0.25 0.88
0.09 0.13 0.02 0.97 0.92 0.27
0.68 0.06 0.73 0.33 0.16 0.17
0.90 0.02 0.93 0.99 0.02 0.51
0.23 0.56 0.04 0.84 0.87 0.60
0.57 0.99 0.09 0.67 0.62 0.33
0.38 0.61 0.03 0.28 0.70 0.55
0.31 0.26 0.35 0.22 0.43 0.26
0.81 0.02 0.65 0.23 0.98 0.77
0.27 0.02 0.63 0.53 0.43 0.71
0.25 0.66 0.09 0.21 0.29 0.46
0.38 0.20 0.31 0.75 0.38 0.05
0.69 0.31 0.96 0.81 0.87 0.03
0.03 0.11 0.28 0.30 0.49 0.76
0.70 0.47 0.84 0.62 0.07 0.71
0.08 0.32 0.04 0.50 0.36 0.10
0.12 0.11 0.65 0.39 0.47 0.46
0.06 0.66 0.14 0.71 0.40 0.68
0.06 0.32 0.96 0.84 0.28 0.79
0.61 0.22 0.80 0.28 0.06 0.69
0.92 0.82 0.86 0.66 0.85 0.01
0.06 0.09 0.23 0.42 0.06 0.38
1.00 0.56 0.02 0.31 0.87 0.81
0.40 0.19 0.26 0.38 0.22 0.58
0.36 0.13 0.22 0.05 0.54 0.83
0.61 0.03 0.07 0.15 0.64 0.94
0.01 0.07 0.28 0.38 0.27 0.59
0.07 0.67 0.83 0.47 0.84 0.05
0.03 0.13 0.59 0.37 0.58 0.54
0.79 0.06 0.34 0.18 0.87 0.18
0.84 0.02 0.86 0.69 0.91 0.23
0.09 0.59 0.15 0.47 0.33 0.01
0.14 0.10 0.83 0.02 0.69 1.00
0.48 0.21 0.25 0.58 0.20 0.21
0.95 0.57 0.43 0.81 0.33 0.01
0.06 0.60 0.15 0.89 0.45 0.52
0.42 0.31 0.14 0.81 0.41 0.26
0.51 0.84 0.64 0.91 0.08 0.19
0.20 0.58 0.28 0.60 0.01 0.49
0.64 0.98 0.89 0.10 0.12 0.66
0.44 0.46 0.22 0.59 0.27 0.64
0.37 0.10 0.17 0.34 0.38 0.31
0.04 0.09 0.01 0.13 0.45 0.97
0.49 0.54 0.93 0.12 0.15 0.53
0.96 0.52 0.20 0.04 0.61 0.50
0.89 0.81 0.79 0.53 0.05 0.67
0.45 0.02 0.69 0.49 0.90 0.42
0.29 0.48 0.26 0.32 0.27 0.21
0.49 0.68 0.41 0.11 0.02 0.44
0.63 0.03 0.38 0.34 0.75 0.20
0.03 0.85 0.18 0.89 0.68 0.63
0.99 0.57 0.99 0.60 0.56 0.02
0.02 0.87 0.53 0.03 0.58 0.74
0.49 0.60 0.86 0.27 0.10 0.62
0.93 0.14 0.27 0.42 0.44 0.03
0.65 0.96 0.01 0.44 0.73 0.21
0.36 0.19 0.06 0.17 0.13 0.62
0.97 0.19 0.26 0.14 0.28 0.70
0.81 0.02 0.12 0.69 0.98 0.11
0.68 0.53 0.19 0.71 0.82 0.04
0.27 0.94 0.32 0.53 0.06 0.13
0.30 0.77 0.83 0.63 0.12 0.21
0.03 0.65 0.16 0.55 0.21 0.35
0.09 0.84 0.02 1.00 0.38 0.68
0.21 0.36 0.45 0.35 0.33 0.33
0.65 0.10 0.28 0.70 0.82 0.15
0.69 0.10 0.85 0.18 0.49 0.48
0.30 0.06 0.08 0.24 0.91 0.87
0.90 0.11 0.01 0.70 0.90 0.56
0.17 0.43 0.99 0.16 0.86 0.02
0.85 0.05 0.34 0.06 0.14 0.25
0.96 0.71 0.72 0.37 0.05 0.39
0.70 0.84 0.16 0.85 0.13 0.43
0.90 0.92 0.01 0.57 0.83 0.11
0.51 0.46 0.11 0.06 1.00 0.87
0.67 0.36 0.18 0.49 0.01 0.56
0.47 0.10 0.19 0.29 0.38 0.48
0.73 0.16 0.24 0.75 0.04 0.58
0.94 0.94 0.03 0.31 0.15 0.19
0.62 0.76 0.03 0.29 0.60 0.42
0.33 0.65 0.47 0.21 0.17 0.96
0.64 0.58 0.66 0.71 0.83 0.03
0.10 0.40 0.57 0.17 0.62 0.35
0.90 0.21 0.17 0.05 0.31 0.91
0.28 0.79 0.36 0.17 0.21 0.58
0.02 0.71 0.23 0.82 0.11 0.44
0.01 0.93 0.34 0.32 0.78 0.93
0.44 0.13 0.11 0.09 0.38 0.18
0.35 0.01 0.81 0.32 0.45 0.78
0.14 0.64 0.16 0.10 0.18 0.44
0.77 0.98 0.50 0.52 0.14 0.02
0.67 0.09 0.63 0.41 0.18 0.74
0.84 0.03 0.54 0.39 0.84 0.09
0.88 0.82 0.07 0.26 0.07 0.57
0.84 0.09 0.01 0.58 0.47 0.74
0.45 0.09 0.83 0.71 0.05 0.57
0.43 0.75 0.68 0.01 0.95 0.02
0.73 0.03 0.64 0.06 0.74 0.13
0.45 0.46 0.38 0.02 0.67 0.71
0.17 0.32 0.86 0.26 0.09 0.17
0.02 0.91 0.61 0.97 0.99 0.10
0.26 0.08 0.31 0.07 0.31 0.45
0.46 0.70 0.16 0.05 0.77 0.45
0.80 0.95 0.72 0.28 0.41 0.04
0.63 0.53 0.63 0.89 0.01 0.76
0.90 0.05 0.79 0.33 0.14 0.18
0.52 0.30 0.32 0.10 0.29 0.80
0.81 0.32 0.17 1.00 0.23 0.03
0.04 0.74 0.01 0.37 0.53 0.95
0.06 0.38 0.22 0.91 0.98 0.13
0.99 0.76 0.88 0.03 0.62 0.14
0.16 0.70 0.12 0.88 0.08 0.18
0.31 0.16 0.34 1.00 0.12 0.08
0.41 1.00 0.21 0.07 0.50 0.15
0.03 0.35 0.36 0.25 0.85 0.90
0.36 0.01 0.96 0.42 0.78 0.31
0.82 0.51 0.61 0.06 0.09 0.80
0.67 0.62 0.38 0.08 0.24 0.60
0.21 0.91 0.13 0.41 0.10 0.99
0.76 0.03 0.86 0.68 0.11 0.76
0.03 0.48 0.52 0.46 0.34 0.24
0.31 0.44 0.20 0.07 0.90 0.01
0.17 0.02 0.91 0.63 0.69 0.38
0.71 0.71 0.20 0.16 0.33 0.27
0.65 0.87 0.07 0.58 0.87 0.08
0.06 0.01 0.13 0.17 0.39 0.34
0.64 0.68 0.37 0.28 0.08 0.90
0.18 0.67 0.34 0.23 0.83 0.28
0.64 0.57 1.00 0.30 0.79 0.01
0.33 0.53 0.51 0.35 0.49 0.09
0.81 0.48 0.67 0.36 0.60 0.01
0.45 0.22 0.17 0.34 0.04 0.91
0.96 0.16 0.37 0.60 0.02 0.91
0.50 0.52 0.20 0.88 0.32 0.51
0.96 0.07 0.58 0.03 0.76 0.33
0.02 0.19 0.48 0.02 0.12 0.76
0.98 0.82 0.16 0.42 0.10 0.56
0.02 0.97 0.88 0.95 0.35 0.01
0.18 0.10 0.42 0.01 0.25 0.32
0.03 0.82 0.56 0.18 0.94 0.31
0.34 0.53 0.02 0.76 0.78 0.21
0.44 0.94 0.63 0.16 0.12 0.66
1.00 0.30 0.86 0.03 0.13 0.40
0.01 0.80 0.84 0.58 0.62 0.56
0.22 0.76 0.96 0.28 0.26 0.10
0.29 0.52 0.77 0.24 0.93 0.06
0.37 0.18 0.33 0.02 0.02 0.72
0.08 0.23 0.21 0.29 0.80 0.13
0.41 0.62 0.87 0.12 0.11 0.06
0.34 0.33 0.09 0.14 0.09 0.01
0.81 0.13 0.90 0.69 0.10 0.01
0.89 0.02 0.13 0.92 0.12 0.63
0.63 0.15 0.48 0.83 0.73 0.03
0.40 0.94 0.13 0.01 0.92 0.63
0.78 0.80 0.26 0.06 0.11 0.66
0.98 0.74 0.12 0.83 0.04 0.51
0.02 0.11 0.45 0.72 0.08 0.43
0.01 0.35 0.90 0.59 0.99 0.40
0.73 0.42 0.07 0.22 0.09 0.15
0.94 0.56 0.48 0.29 0.07 0.50
0.01 0.11 0.79 0.62 0.19 0.22
0.98 0.61 0.64 0.06 0.14 0.17
0.21 0.83 0.05 0.65 0.11 0.72
0.99 0.94 0.05 0.19 0.89 0.63
0.07 0.29 0.31 0.04 0.17 0.31
0.39 0.10 0.84 0.98 0.02 0.64
0.72 0.03 0.57 0.90 0.85 0.15
0.28 0.36 0.20 0.62 0.02 0.01
0.79 0.46 0.02 0.36 0.70 0.62
0.77 0.05 0.57 0.05 0.91 0.80
0.82 0.02 0.04 0.70 0.87 0.81
0.46 0.39 0.02 0.40 0.86 0.56
0.27 0.16 0.34 0.32 0.85 0.22
0.38 0.39 0.29 0.02 0.20 0.50
0.65 0.90 0.15 0.02 0.93 0.88
0.28 0.61 0.12 0.17 0.32 0.41
0.73 0.87 0.01 0.59 0.97 0.74
0.57 0.01 0.34 0.52 0.95 0.13
0.54 0.71 0.02 0.80 0.38 0.21
0.23 0.41 0.24 0.14 0.18 0.98
0.77 1.00 0.86 0.24 0.08 0.43
0.02 0.85 0.90 0.64 0.69 0.21
0.09 0.09 0.72 0.05 0.26 0.38
0.12 0.41 0.14 0.17 0.77 0.22
0.20 0.06 0.47 0.26 0.10 0.26
0.50 0.57 0.72 0.05 1.00 0.03
0.18 0.63 0.14 0.08 0.69 0.74
0.65 0.66 0.03 0.76 0.01 0.25
0.08 0.41 0.51 0.02 0.92 0.13
0.02 0.94 0.27 0.60 0.66 0.68
0.58 0.23 0.11 0.62 0.95 0.15
0.24 0.77 0.09 0.25 0.60 0.23
0.10 0.88 0.42 0.20 0.02 0.12
0.17 0.77 0.12 0.03 0.41 0.54
0.64 0.10 0.98 0.89 0.10 0.17
0.18 0.45 0.09 0.15 0.38 0.33
0.92 0.02 0.47 0.21 0.97 0.15
0.06 0.91 0.57 0.37 0.53 0.28
0.56 0.32 0.23 0.05 0.06 0.78
0.05 0.87 0.60 0.78 0.38 0.12
0.23 0.60 0.53 0.65 0.15 0.12
0.40 0.07 0.72 0.67 0.08 0.88
0.65 0.91 0.05 0.08 0.57 0.55
0.41 0.03 0.14 0.79 0.07 0.08
