300 6
0.79 0.89 0.54 0.68 0.42 0.11
0.72 0.75 0.85 0.54 0.87 0.65
0.48 0.49 0.95 0.90 0.38 0.13
0.05 0.33 0.82 0.92 0.41 0.72
0.21 0.27 0.08 0.49 0.98 0.37
0.16 1.00 0.77 0.21 0.28 0.38
0.47 0.13 0.38 0.15 0.18 0.19
0.05 0.35 0.04 0.14 0.26 0.44
0.20 0.15 0.02 0.25 0.70 0.40
0.30 0.43 0.05 0.67 0.98 0.03
0.13 0.12 0.14 0.45 0.72 0.01
0.91 0.10 0.76 0.16 0.77 0.96
0.01 0.61 0.69 0.62 0.11 0.73
0.07 0.21 0.44 0.14 0.75 0.23
1.00 0.04 0.81 0.73 0.21 0.61
0.55 0.02 0.63 0.58 0.72 0.86
0.32 0.08 0.18 0.26 0.14 0.54
0.71 0.26 0.29 0.04 0.55 0.22
0.04 0.50 0.86 0.87 0.18 0.95
0.99 0.07 0.90 0.03 0.25 0.93
0.98 0.59 0.51 0.02 0.05 0.27
0.28 0.40 0.03 0.12 0.48 0.30
0.02 0.31 0.16 0.07 0.36 0.91
0.55 0.04 0.95 0.65 1.00 0.70
0.04 0.43 0.40 0.61 0.38 0.12
0.43 0.68 0.56 0.34 0.11 0.95
0.40 0.76 0.91 0.13 0.14 0.34
0.36 0.30 0.49 0.03 0.85 0.10
0.14 0.62 0.82 0.16 0.78 0.12
0.89 0.06 0.30 0.13 0.06 0.61
0.87 0.10 0.25 0.90 0.72 0.02
0.33 0.30 0.08 1.00 0.48 0.93
0.52 0.99 0.92 0.06 0.42 0.82
0.03 0.25 0.94 0.53 0.19 0.84
0.29 0.16 0.19 0.06 0.02 0.66
0.07 0.87 0.95 0.57 0.64 0.33
0.36 0.31 0.25 0.42 0.49 0.24
0.82 0.53 0.34 0.69 0.20 0.07
0.53 0.05 0.95 0.05 0.09 0.82
0.02 0.20 0.24 0.77 0.20 0.16
0.78 0.63 0.77 0.72 0.01 0.32
0.39 0.60 0.08 0.13 0.63 0.12
0.36 0.27 0.88 0.47 0.16 0.34
0.27 0.01 0.50 0.51 0.91 0.55
0.94 0.74 0.89 0.02 0.96 0.88
0.25 0.20 0.26 0.21 0.56 0.24
0.35 0.45 0.25 0.11 0.33 0.43
0.99 0.49 0.81 0.99 0.22 0.08
0.75 0.10 0.56 0.44 0.19 0.11
0.01 0.92 0.74 0.68 0.49 0.31
0.93 0.05 0.80 0.76 0.46 0.46
0.57 0.88 0.80 0.55 0.03 0.65
0.25 0.32 0.09 0.43 0.37 0.81
0.77 0.18 0.23 0.76 0.01 0.43
0.22 0.29 0.32 0.41 0.23 0.67
0.72 0.46 0.63 0.03 0.37 0.78
0.06 0.94 0.25 0.99 0.19 0.79
0.18 1.00 0.09 0.08 0.34 0.20
0.76 0.30 0.83 0.60 0.63 0.05
0.33 0.46 0.88 0.59 0.25 0.33
0.75 0.03 0.57 0.03 0.94 0.93
0.44 0.76 0.10 0.06 0.12 0.32
0.25 0.62 0.88 0.30 0.01 0.93
0.03 0.20 0.51 0.17 0.39 0.24
0.35 0.13 0.10 0.45 0.35 0.96
0.65 0.33 0.13 0.62 0.56 0.55
0.53 0.75 0.50 0.89 0.05 0.08
0.20 0.39 0.44 0.45 0.08 0.18
0.69 0.67 0.05 0.57 0.95 0.18
0.16 0.56 0.74 0.02 0.48 0.17
0.68 0.85 0.71 0.42 0.50 0.06
0.29 0.66 0.02 0.17 0.94 0.28
0.25 0.64 0.93 0.09 0.30 0.32
0.18 0.77 0.82 0.91 0.16 0.17
0.10 0.22 0.42 0.11 0.16 0.03
0.51 0.33 0.11 0.94 0.96 0.07
0.70 0.50 0.06 0.56 0.05 0.79
0.01 0.93 0.60 0.63 0.67 0.69
0.41 0.11 0.83 0.34 0.58 0.44
0.25 0.02 0.03 0.45 0.46 0.47
0.38 0.42 0.59 0.04 0.01 0.34
0.62 0.13 0.15 0.30 0.28 0.56
0.92 0.76 0.71 0.53 0.61 0.01
0.49 0.21 0.52 0.25 0.83 0.14
0.12 0.51 0.65 0.04 0.03 0.72
0.93 0.07 0.42 0.68 0.61 0.28
0.55 0.07 0.33 0.79 0.17 0.19
0.21 0.45 0.04 0.89 0.70 0.13
0.04 0.05 0.92 0.26 0.82 0.91
0.22 0.45 0.58 0.06 0.51 0.77
0.70 0.58 0.46 0.03 0.37 0.53
0.04 0.59 0.08 0.22 0.08 0.77
0.09 0.52 0.57 0.46 0.42 0.21
0.01 0.06 0.30 1.00 0.26 0.27
0.05 0.01 0.66 0.14 0.60 0.01
0.64 0.85 0.15 0.23 0.77 0.05
0.19 0.14 0.76 0.99 0.34 0.63
0.22 0.45 0.07 0.47 0.60 0.32
0.56 0.56 0.85 0.01 0.67 0.88
0.24 0.28 0.21 0.12 0.86 0.91
0.11 0.08 0.91 0.33 0.46 0.73
0.05 0.97 0.23 0.49 0.24 0.33
0.68 0.76 0.13 0.90 0.04 0.24
0.43 0.17 0.09 0.26 0.28 0.30
0.95 0.52 0.11 0.53 0.05 0.76
0.09 0.58 0.20 0.16 0.17 0.91
0.48 0.35 0.89 0.82 0.12 0.17
0.97 0.90 0.03 0.92 0.21 0.44
0.12 0.04 0.85 0.05 0.49 0.02
0.59 0.61 0.12 0.01 0.99 0.84
0.61 0.01 0.85 0.44 0.12 0.89
0.35 0.43 0.16 0.09 0.20 0.13
0.04 0.82 0.45 0.14 0.44 0.69
0.70 0.14 0.84 0.96 0.57 0.07
0.05 0.41 0.13 0.32 0.14 0.66
0.45 0.18 0.01 0.06 0.92 0.78
0.22 0.11 0.94 0.84 0.41 0.25
0.94 0.50 0.98 0.01 0.09 0.47
0.08 0.80 0.21 0.02 0.68 1.00
0.77 0.54 0.44 0.03 0.89 0.83
0.76 0.88 0.02 0.55 0.67 0.88
0.30 0.17 0.48 0.21 0.42 0.13
0.81 0.42 0.02 0.81 0.79 0.19
0.87 0.88 0.03 0.76 0.03 0.21
0.03 0.96 0.84 0.82 0.15 0.61
0.33 0.43 0.25 0.05 0.78 0.28
0.77 0.72 0.01 0.08 0.62 0.99
0.01 0.18 0.02 0.38 0.92 0.11
0.91 0.20 0.97 0.23 0.07 0.45
0.07 0.13 0.09 0.82 0.59 0.30
0.79 0.08 0.19 0.98 0.11 0.76
0.36 0.07 0.87 0.97 0.38 0.55
0.20 0.22 0.43 0.40 0.02 0.08
0.36 0.88 0.06 0.30 0.20 0.88
0.03 0.20 1.00 0.08 0.69 0.62
0.09 0.87 0.35 0.67 0.81 0.09
0.28 0.65 0.06 0.41 0.05 0.19
0.69 0.57 0.08 0.64 0.69 0.14
0.05 0.91 0.85 0.66 0.16 0.19
0.90 0.05 0.72 0.59 0.13 0.75
0.97 0.26 0.33 0.55 0.40 0.08
0.48 0.58 0.14 0.35 0.03 0.50
0.51 0.04 0.58 0.89 0.71 0.30
0.89 0.80 0.84 0.10 0.47 0.07
0.71 0.21 1.00 0.27 0.03 0.60
0.89 0.63 0.63 0.20 0.07 0.12
0.40 0.41 0.39 0.27 0.69 0.05
0.02 0.70 0.66 0.06 0.98 0.95
0.14 0.65 0.25 0.23 0.34 0.20
0.34 0.22 0.38 0.11 0.67 0.64
0.10 0.89 0.63 0.57 0.87 0.01
0.84 0.45 0.74 0.01 0.38 0.44
0.27 0.73 0.19 0.31 0.10 0.40
0.85 0.16 0.54 0.86 0.14 0.11
0.60 0.99 0.93 0.74 0.12 0.01
0.11 0.98 0.63 0.78 0.10 0.64
0.65 0.02 0.90 0.47 0.09 0.30
0.04 0.03 0.27 0.21 0.32 0.86
0.98 0.22 0.25 0.44 0.11 0.02
0.11 0.90 0.20 0.25 0.90 0.10
0.22 0.93 0.23 1.00 0.27 0.25
0.84 0.08 0.36 0.88 0.13 0.35
0.26 0.15 0.16 0.35 0.05 0.56
0.54 0.58 0.12 0.02 0.81 0.85
0.59 0.17 0.49 0.62 0.01 0.25
0.84 0.85 0.12 0.17 0.58 0.04
0.02 0.62 0.56 0.22 0.55 0.23
0.41 0.01 0.33 0.30 0.75 0.71
0.10 0.05 0.74 0.64 0.30 0.14
0.95 0.64 0.90 0.01 0.94 0.25
0.32 0.34 0.29 0.05 0.32 0.20
0.73 0.01 0.74 0.08 0.09 0.39
0.07 0.44 0.05 0.89 0.90 0.08
0.02 0.77 0.82 0.53 0.44 0.54
0.82 0.50 0.04 0.58 0.02 0.90
0.22 0.51 0.03 0.25 0.68 0.28
0.89 0.27 0.08 1.00 0.73 0.33
0.64 1.00 0.01 0.74 0.60 0.25
0.38 0.57 0.20 0.02 0.64 0.27
0.36 0.72 0.38 0.05 0.28 0.51
0.01 0.60 0.82 0.56 0.81 0.04
0.31 0.48 0.45 0.01 0.48 0.74
0.77 0.07 0.36 0.15 0.30 0.16
0.56 0.56 0.02 0.23 0.83 0.74
0.24 0.98 0.40 0.32 0.23 0.01
0.16 0.72 0.38 0.32 0.88 0.12
0.75 0.28 0.30 0.16 0.42 0.59
0.02 0.58 0.95 0.83 0.72 0.08
0.11 0.37 0.56 0.19 0.11 0.79
0.93 0.88 0.60 0.02 0.11 0.69
0.60 0.49 0.14 0.89 0.66 0.10
0.07 0.59 0.50 0.07 0.33 0.09
0.19 0.47 0.96 0.35 0.08 0.64
0.01 0.70 0.92 0.40 0.90 0.51
0.02 0.93 0.22 0.41 0.47 0.09
0.18 0.31 0.28 0.01 0.13 0.51
0.57 0.18 0.13 0.09 0.95 0.46
0.23 0.14 0.26 0.88 0.03 0.95
0.65 0.52 0.12 0.86 0.05 0.78
0.51 0.67 0.13 0.02 0.68 0.52
0.32 0.41 0.49 0.03 0.08 0.12
0.32 0.61 0.02 0.87 0.49 0.19
0.80 0.99 0.07 0.11 0.72 0.60
0.01 0.56 0.38 0.07 0.37 0.60
0.94 0.57 0.05 0.14 0.90 0.24
0.76 0.94 0.51 0.22 0.87 0.01
0.12 0.06 0.20 0.16 0.53 0.44
0.29 0.03 0.47 0.42 0.46 0.26
0.51 0.08 0.15 0.27 0.63 0.74
0.04 0.80 0.78 0.17 0.01 0.84
0.06 0.86 0.21 0.19 0.10 0.88
0.55 0.11 0.62 0.30 0.61 0.01
0.97 0.13 0.66 0.04 0.96 0.65
0.68 0.04 0.34 0.07 0.85 1.00
0.55 0.08 0.03 0.45 0.14 0.42
0.99 0.88 0.28 0.65 0.03 0.08
0.40 0.02 0.35 0.02 0.32 0.24
0.52 0.81 0.14 0.83 0.41 0.18
0.53 0.03 0.25 0.85 0.36 0.38
0.02 0.66 0.51 0.62 0.31 0.05
0.35 0.06 0.61 0.37 0.01 0.20
0.73 0.71 0.09 0.07 0.72 0.47
0.04 0.22 0.70 0.08 0.93 0.25
0.43 0.38 0.03 0.16 0.87 0.74
0.86 0.08 0.54 0.40 0.73 0.15
0.36 0.10 0.72 0.60 0.15 0.12
0.73 0.71 0.44 0.60 0.30 0.01
0.72 0.20 0.25 0.05 0.75 0.60
0.95 0.92 0.22 0.80 0.01 0.44
0.39 0.21 0.48 0.45 0.18 0.13
0.60 0.98 0.02 0.39 0.85 0.09
0.56 0.30 0.09 0.03 0.67 0.86
0.82 0.03 0.94 0.52 0.04 0.51
0.63 0.01 0.57 0.38 0.75 0.44
0.38 0.34 0.07 0.08 0.06 0.68
0.96 0.95 0.01 0.43 0.55 0.95
0.34 0.26 0.17 0.42 0.59 0.03
0.22 0.54 0.22 0.90 0.37 0.10
0.23 0.01 0.32 0.58 0.98 0.23
0.01 0.55 0.37 0.67 0.84 0.75
0.13 0.16 0.54 0.11 0.80 0.81
0.17 0.64 0.80 0.45 0.13 0.50
0.28 0.07 0.06 0.08 0.59 0.39
0.93 0.61 0.08 0.59 0.35 0.31
0.80 0.03 0.91 0.51 0.54 0.19
0.23 0.16 0.71 0.28 0.24 0.88
0.09 0.22 0.11 0.04 0.21 0.47
0.93 0.08 0.09 0.76 0.36 0.38
0.99 0.45 0.09 0.67 0.16 0.19
0.14 0.03 0.08 0.82 0.77 1.00
0.85 0.50 0.03 0.51 0.03 0.55
0.95 0.89 0.03 0.26 1.00 0.04
0.72 0.55 0.02 0.30 0.84 0.23
0.34 0.21 0.70 0.53 0.12 0.12
0.78 0.24 0.18 0.98 0.02 0.84
0.33 0.71 0.63 0.29 0.01 0.86
0.91 0.55 0.02 0.65 0.04 0.10
0.37 0.73 0.07 0.03 0.29 0.42
0.90 0.89 0.04 0.38 0.37 0.32
0.78 0.01 0.61 0.69 0.75 0.23
0.33 0.30 0.40 0.37 0.76 0.09
0.76 0.92 0.01 0.61 0.06 0.11
0.16 0.03 0.10 0.72 0.43 0.41
0.62 0.07 0.40 0.20 0.27 0.52
0.57 0.80 0.20 0.01 0.55 0.70
0.01 0.53 0.80 0.04 0.54 0.58
0.06 0.84 0.19 0.48 0.77 0.24
0.31 0.43 0.73 0.09 0.43 0.21
0.42 0.66 0.01 0.26 1.00 0.79
0.15 0.09 0.35 0.42 0.17 0.16
0.68 0.09 0.61 0.01 0.93 0.51
0.85 0.15 0.96 0.16 0.06 1.00
0.06 0.31 0.42 0.34 0.96 0.07
0.21 0.64 0.74 0.33 0.06 0.53
0.23 0.06 0.64 0.98 0.98 0.17
0.11 0.59 0.39 0.50 0.02 0.37
0.61 0.77 0.35 0.14 0.20 0.04
0.41 0.53 0.25 0.49 0.31 0.03
0.01 0.77 0.57 0.59 0.66 0.41
0.72 0.36 0.04 0.73 0.45 0.39
0.58 0.50 0.25 0.12 0.03 0.61
0.07 0.55 0.50 0.64 0.29 0.19
0.51 0.79 0.06 0.40 0.51 0.10
0.22 0.05 0.02 0.72 0.85 0.18
0.94 0.65 0.17 0.90 0.46 0.04
0.97 0.18 0.01 0.79 0.43 0.29
0.60 0.96 0.06 0.68 0.03 0.48
0.46 0.65 0.04 0.06 0.82 0.48
0.66 0.25 0.68 0.20 0.13 0.23
0.34 0.25 0.01 0.61 0.43 0.07
0.18 0.91 0.64 0.03 0.96 0.30
1.00 0.97 0.10 0.03 0.05 0.92
0.08 0.56 0.84 0.75 0.17 0.30
0.61 0.07 0.06 0.50 0.52 0.17
0.42 0.54 0.61 0.07 0.77 0.08
0.77 0.05 0.04 0.44 0.05 0.67
0.08 0.82 0.08 0.54 0.72 0.35
0.76 0.09 0.23 0.90 0.64 0.13
1.00 0.01 0.14 0.08 0.51 0.82
0.44 0.57 0.26 0.80 0.11 0.55
