300 6
79 89 54 68 42 11
72 75 85 54 87 65
48 49 95 90 38 13
5 33 82 92 41 72
21 27 8 49 98 37
16 100 77 21 28 38
47 13 38 15 18 19
5 35 4 14 26 44
20 15 2 25 70 40
30 43 5 67 98 3
13 12 14 45 72 1
91 10 76 16 77 96
1 61 69 62 11 73
7 21 44 14 75 23
100 4 81 73 21 61
55 2 63 58 72 86
32 8 18 26 14 54
71 26 29 4 55 22
4 50 86 87 18 95
99 7 90 3 25 93
98 59 51 2 5 27
28 40 3 12 48 30
2 31 16 7 36 91
55 4 95 65 100 70
4 43 40 61 38 12
43 68 56 34 11 95
40 76 91 13 14 34
36 30 49 3 85 10
14 62 82 16 78 12
89 6 30 13 6 61
87 10 25 90 72 2
33 30 8 100 48 93
52 99 92 6 42 82
3 25 94 53 19 84
29 16 19 6 2 66
7 87 95 57 64 33
36 31 25 42 49 24
82 53 34 69 20 7
53 5 95 5 9 82
2 20 24 77 20 16
78 63 77 72 1 32
39 60 8 13 63 12
36 27 88 47 16 34
27 1 50 51 91 55
94 74 89 2 96 88
25 20 26 21 56 24
35 45 25 11 33 43
99 49 81 99 22 8
75 10 56 44 19 11
1 92 74 68 49 31
93 5 80 76 46 46
57 88 80 55 3 65
25 32 9 43 37 81
77 18 23 76 1 43
22 29 32 41 23 67
72 46 63 3 37 78
6 94 25 99 19 79
18 100 9 8 34 20
76 30 83 60 63 5
33 46 88 59 25 33
75 3 57 3 94 93
44 76 10 6 12 32
25 62 88 30 1 93
3 20 51 17 39 24
35 13 10 45 35 96
65 33 13 62 56 55
53 75 50 89 5 8
20 39 44 45 8 18
69 67 5 57 95 18
16 56 74 2 48 17
68 85 71 42 50 6
29 66 2 17 94 28
25 64 93 9 30 32
18 77 82 91 16 17
10 22 42 11 16 3
51 33 11 94 96 7
70 50 6 56 5 79
1 93 60 63 67 69
41 11 83 34 58 44
25 2 3 45 46 47
38 42 59 4 1 34
62 13 15 30 28 56
92 76 71 53 61 1
49 21 52 25 83 14
12 51 65 4 3 72
93 7 42 68 61 28
55 7 33 79 17 19
21 45 4 89 70 13
4 5 92 26 82 91
22 45 58 6 51 77
70 58 46 3 37 53
4 59 8 22 8 77
9 52 57 46 42 21
1 6 30 100 26 27
5 1 66 14 60 1
64 85 15 23 77 5
19 14 76 99 34 63
22 45 7 47 60 32
56 56 85 1 67 88
24 28 21 12 86 91
11 8 91 33 46 73
5 97 23 49 24 33
68 76 13 90 4 24
43 17 9 26 28 30
95 52 11 53 5 76
9 58 20 16 17 91
48 35 89 82 12 17
97 90 3 92 21 44
12 4 85 5 49 2
59 61 12 1 99 84
61 1 85 44 12 89
35 43 16 9 20 13
4 82 45 14 44 69
70 14 84 96 57 7
5 41 13 32 14 66
45 18 1 6 92 78
22 11 94 84 41 25
94 50 98 1 9 47
8 80 21 2 68 100
77 54 44 3 89 83
76 88 2 55 67 88
30 17 48 21 42 13
81 42 2 81 79 19
87 88 3 76 3 21
3 96 84 82 15 61
33 43 25 5 78 28
77 72 1 8 62 99
1 18 2 38 92 11
91 20 97 23 7 45
7 13 9 82 59 30
79 8 19 98 11 76
36 7 87 97 38 55
20 22 43 40 2 8
36 88 6 30 20 88
3 20 100 8 69 62
9 87 35 67 81 9
28 65 6 41 5 19
69 57 8 64 69 14
5 91 85 66 16 19
90 5 72 59 13 75
97 26 33 55 40 8
48 58 14 35 3 50
51 4 58 89 71 30
89 80 84 10 47 7
71 21 100 27 3 60
89 63 63 20 7 12
40 41 39 27 69 5
2 70 66 6 98 95
14 65 25 23 34 20
34 22 38 11 67 64
10 89 63 57 87 1
84 45 74 1 38 44
27 73 19 31 10 40
85 16 54 86 14 11
60 99 93 74 12 1
11 98 63 78 10 64
65 2 90 47 9 30
4 3 27 21 32 86
98 22 25 44 11 2
11 90 20 25 90 10
22 93 23 100 27 25
84 8 36 88 13 35
26 15 16 35 5 56
54 58 12 2 81 85
59 17 49 62 1 25
84 85 12 17 58 4
2 62 56 22 55 23
41 1 33 30 75 71
10 5 74 64 30 14
95 64 90 1 94 25
32 34 29 5 32 20
73 1 74 8 9 39
7 44 5 89 90 8
2 77 82 53 44 54
82 50 4 58 2 90
22 51 3 25 68 28
89 27 8 100 73 33
64 100 1 74 60 25
38 57 20 2 64 27
36 72 38 5 28 51
1 60 82 56 81 4
31 48 45 1 48 74
77 7 36 15 30 16
56 56 2 23 83 74
24 98 40 32 23 1
16 72 38 32 88 12
75 28 30 16 42 59
2 58 95 83 72 8
11 37 56 19 11 79
93 88 60 2 11 69
60 49 14 89 66 10
7 59 50 7 33 9
19 47 96 35 8 64
1 70 92 40 90 51
2 93 22 41 47 9
18 31 28 1 13 51
57 18 13 9 95 46
23 14 26 88 3 95
65 52 12 86 5 78
51 67 13 2 68 52
32 41 49 3 8 12
32 61 2 87 49 19
80 99 7 11 72 60
1 56 38 7 37 60
94 57 5 14 90 24
76 94 51 22 87 1
12 6 20 16 53 44
29 3 47 42 46 26
51 8 15 27 63 74
4 80 78 17 1 84
6 86 21 19 10 88
55 11 62 30 61 1
97 13 66 4 96 65
68 4 34 7 85 100
55 8 3 45 14 42
99 88 28 65 3 8
40 2 35 2 32 24
52 81 14 83 41 18
53 3 25 85 36 38
2 66 51 62 31 5
35 6 61 37 1 20
73 71 9 7 72 47
4 22 70 8 93 25
43 38 3 16 87 74
86 8 54 40 73 15
36 10 72 60 15 12
73 71 44 60 30 1
72 20 25 5 75 60
95 92 22 80 1 44
39 21 48 45 18 13
60 98 2 39 85 9
56 30 9 3 67 86
82 3 94 52 4 51
63 1 57 38 75 44
38 34 7 8 6 68
96 95 1 43 55 95
34 26 17 42 59 3
22 54 22 90 37 10
23 1 32 58 98 23
1 55 37 67 84 75
13 16 54 11 80 81
17 64 80 45 13 50
28 7 6 8 59 39
93 61 8 59 35 31
80 3 91 51 54 19
23 16 71 28 24 88
9 22 11 4 21 47
93 8 9 76 36 38
99 45 9 67 16 19
14 3 8 82 77 100
85 50 3 51 3 55
95 89 3 26 100 4
72 55 2 30 84 23
34 21 70 53 12 12
78 24 18 98 2 84
33 71 63 29 1 86
91 55 2 65 4 10
37 73 7 3 29 42
90 89 4 38 37 32
78 1 61 69 75 23
33 30 40 37 76 9
76 92 1 61 6 11
16 3 10 72 43 41
62 7 40 20 27 52
57 80 20 1 55 70
1 53 80 4 54 58
6 84 19 48 77 24
31 43 73 9 43 21
42 66 1 26 100 79
15 9 35 42 17 16
68 9 61 1 93 51
85 15 96 16 6 100
6 31 42 34 96 7
21 64 74 33 6 53
23 6 64 98 98 17
11 59 39 50 2 37
61 77 35 14 20 4
41 53 25 49 31 3
1 77 57 59 66 41
72 36 4 73 45 39
58 50 25 12 3 61
7 55 50 64 29 19
51 79 6 40 51 10
22 5 2 72 85 18
94 65 17 90 46 4
97 18 1 79 43 29
60 96 6 68 3 48
46 65 4 6 82 48
66 25 68 20 13 23
34 25 1 61 43 7
18 91 64 3 96 30
100 97 10 3 5 92
8 56 84 75 17 30
61 7 6 50 52 17
42 54 61 7 77 8
77 5 4 44 5 67
8 82 8 54 72 35
76 9 23 90 64 13
100 1 14 8 51 82
44 57 26 80 11 55
