250 6
0.20 0.68 0.02 0.20 0.24 0.47
0.93 0.55 0.87 0.61 0.61 0.77
0.07 0.69 0.95 0.71 0.16 0.80
0.81 0.61 0.86 0.82 0.96 0.66
0.54 0.59 0.19 0.83 0.82 1.00
0.83 0.51 0.80 0.76 0.02 0.67
0.99 0.82 0.60 0.98 0.05 0.52
0.91 0.97 0.82 0.82 0.53 0.25
0.64 0.60 0.55 0.73 0.67 0.78
0.04 0.51 0.55 0.86 0.83 0.95
0.72 0.97 0.59 0.96 0.85 0.26
0.23 0.07 0.95 0.83 0.80 0.73
0.67 0.65 0.83 0.84 0.02 0.80
0.88 0.66 0.76 0.56 0.97 0.55
0.87 0.76 0.79 0.63 0.60 0.16
0.57 0.63 0.24 0.57 0.65 0.78
0.98 0.46 0.87 0.72 0.44 0.85
0.71 0.55 0.71 0.99 0.91 0.80
0.65 0.71 0.66 0.87 0.61 0.15
0.77 0.58 0.66 0.95 0.59 0.96
0.59 0.98 0.82 0.14 0.86 0.97
0.71 0.81 0.89 0.08 0.80 0.80
0.76 0.68 0.86 0.56 0.82 0.46
0.20 0.44 0.68 0.79 0.75 0.93
0.75 0.51 0.07 0.58 0.85 0.92
0.51 0.65 0.86 0.87 0.82 0.86
0.92 0.54 0.77 0.29 0.86 0.78
0.46 0.86 0.78 0.01 0.70 0.59
0.55 0.51 0.70 0.51 0.97 0.62
0.95 0.51 0.70 0.57 0.53 0.87
0.69 0.79 0.01 0.76 0.61 0.68
0.68 0.82 0.89 0.29 0.07 0.78
0.78 0.58 0.57 0.52 0.80 0.18
0.01 0.70 0.59 0.97 0.63 0.07
0.94 0.52 0.29 0.58 0.56 0.59
0.55 0.60 0.77 0.67 0.58 0.54
0.71 0.41 0.71 0.90 0.74 0.90
0.34 0.62 0.95 0.66 1.00 0.82
1.00 1.00 0.61 0.16 0.78 0.78
0.63 0.51 0.80 0.66 0.79 0.79
0.89 0.43 0.94 0.84 0.85 0.92
0.01 0.86 0.90 0.93 0.68 0.64
0.97 0.78 0.58 0.52 0.54 0.28
0.43 0.53 0.93 0.67 0.79 0.94
0.91 0.53 0.69 0.79 0.61 0.70
0.68 0.89 0.85 0.60 0.10 0.97
0.75 0.93 0.15 0.93 0.23 0.55
0.98 0.59 0.63 0.76 0.51 0.75
0.85 0.11 0.94 0.78 0.75 0.61
0.71 0.54 0.52 0.57 0.18 0.43
0.77 0.59 0.27 0.76 0.41 0.70
0.64 0.61 0.57 0.58 0.87 0.88
0.90 0.65 0.76 0.69 0.63 0.28
0.57 0.63 0.79 0.81 0.16 0.67
0.56 0.80 0.82 0.63 0.11 0.85
0.51 0.23 0.59 0.94 0.53 0.82
0.70 0.66 0.57 0.73 0.74 0.63
0.62 0.11 0.58 0.91 0.51 0.93
0.54 0.58 0.91 0.62 0.83 0.73
0.59 0.55 0.76 0.77 0.36 0.16
0.64 0.34 0.94 0.72 0.69 0.51
0.84 0.58 0.56 0.95 0.17 0.97
0.54 0.65 0.85 0.69 0.53 0.97
0.68 0.55 0.70 0.81 0.79 0.53
0.77 0.69 0.62 0.69 0.90 0.20
0.90 0.29 0.69 0.86 0.84 0.88
0.57 0.58 0.85 0.89 0.69 0.97
0.54 0.63 0.65 0.54 0.45 0.06
0.42 0.24 0.63 0.64 0.38 0.76
0.78 0.93 0.83 0.59 0.95 0.02
0.46 0.17 0.68 0.71 0.82 0.93
0.63 0.03 0.61 0.51 0.72 0.55
0.43 0.59 0.96 0.99 0.06 0.96
0.53 0.55 0.83 0.71 0.83 0.75
0.78 0.99 0.94 0.77 0.09 0.70
0.72 0.30 0.58 0.75 0.90 0.20
0.63 0.57 0.89 0.95 0.82 0.11
0.77 0.51 0.75 0.94 0.57 0.64
0.94 0.64 0.37 0.83 0.64 0.44
0.76 0.66 0.68 0.60 0.13 0.65
0.53 0.58 0.90 0.33 0.90 0.51
0.92 0.84 0.58 0.65 0.66 0.22
0.97 0.45 0.07 0.99 0.96 0.95
0.71 0.15 0.53 0.96 0.70 0.78
0.66 0.97 0.82 0.70 0.28 0.08
0.98 0.37 0.35 0.97 0.72 0.80
0.81 0.20 0.53 0.61 0.90 0.77
0.68 0.91 0.69 0.51 0.96 0.36
0.90 0.54 0.73 0.11 0.63 0.80
0.83 0.53 0.66 0.14 0.45 0.89
0.04 0.77 0.52 0.74 0.89 0.83
0.96 0.58 0.87 0.53 0.01 0.89
0.68 0.12 0.52 0.68 0.61 0.84
0.75 0.64 0.50 0.55 0.64 0.63
0.63 0.97 0.53 0.16 0.52 0.83
0.40 0.52 0.53 0.40 0.83 0.53
0.57 0.85 0.61 0.67 0.13 0.86
0.38 0.77 0.91 0.06 0.94 0.57
0.68 0.65 0.80 0.52 0.94 0.08
0.98 0.85 0.87 0.06 0.60 0.86
0.82 0.29 0.61 0.81 0.20 0.53
0.92 0.66 0.23 0.73 0.89 0.76
0.62 0.50 0.66 0.62 0.62 0.57
0.61 0.61 0.52 0.71 0.84 0.58
0.66 0.56 0.82 0.67 0.15 0.64
0.86 0.66 0.31 0.63 0.82 0.29
0.53 0.60 0.77 0.72 0.65 0.72
0.80 0.53 0.53 0.79 0.80 0.49
0.70 0.73 0.49 0.11 0.54 0.93
0.62 0.22 0.69 0.51 0.70 0.59
0.10 0.54 0.82 0.93 0.71 0.97
0.79 0.85 0.97 0.78 0.12 0.60
0.61 0.59 0.57 0.30 0.56 0.96
0.72 0.56 0.82 0.89 0.02 0.97
0.98 0.59 0.06 0.95 0.58 0.69
0.02 0.81 0.96 0.65 0.83 0.77
0.64 0.22 0.83 0.60 0.69 0.67
0.53 0.37 0.64 0.59 0.72 0.60
0.72 0.98 0.03 0.06 0.55 0.81
0.51 0.63 0.51 0.66 0.71 0.64
0.58 0.59 0.63 0.59 0.70 0.60
0.61 0.53 0.81 0.63 0.53 0.65
0.51 0.54 0.98 0.97 0.63 0.09
0.57 0.57 0.54 0.36 0.52 0.68
0.53 0.38 0.99 0.63 0.59 0.97
0.62 0.10 0.96 0.25 0.72 0.06
0.61 0.16 0.79 0.71 0.89 0.52
0.53 0.73 1.00 1.00 0.06 0.93
1.00 0.57 0.96 0.01 0.52 0.54
0.32 0.63 1.00 0.53 0.69 0.88
0.75 0.69 0.65 0.92 0.37 0.21
0.14 0.71 0.62 0.83 0.99 0.60
0.51 0.60 0.84 0.53 0.70 0.72
0.17 0.84 0.79 0.72 0.74 0.03
0.87 0.58 0.70 0.12 0.67 0.71
0.95 0.52 0.71 0.62 0.36 0.73
0.61 0.11 0.82 0.81 0.41 0.92
0.60 0.78 0.58 0.81 0.84 0.28
0.54 0.07 0.92 0.76 0.61 0.91
0.18 0.79 0.75 0.56 0.67 0.48
0.53 0.20 0.66 0.72 0.95 0.63
0.70 0.66 0.70 0.40 0.90 0.51
0.93 0.07 0.91 0.51 0.86 0.54
0.17 0.91 0.54 0.08 0.54 0.69
0.78 0.72 0.71 0.04 0.96 0.68
0.06 0.97 0.56 0.61 0.88 0.77
0.52 0.66 0.76 0.73 0.53 0.67
0.69 0.19 0.86 0.21 0.78 0.58
0.98 0.33 0.80 0.75 0.64 0.64
0.21 0.63 0.51 0.72 0.51 0.56
0.98 0.51 0.91 0.01 0.96 0.06
0.93 0.57 0.03 0.54 1.00 0.94
0.17 0.63 0.60 0.70 0.88 0.03
0.69 0.60 0.36 0.76 0.84 0.72
0.88 0.55 0.73 0.68 0.72 0.02
0.93 0.92 0.81 0.65 0.08 0.13
0.03 0.98 0.95 0.92 0.39 0.78
0.64 0.84 0.96 0.90 0.03 0.64
0.60 0.06 0.94 0.69 0.66 0.88
0.38 0.77 0.44 0.23 0.73 0.27
0.86 0.03 0.79 0.85 0.20 0.51
0.93 0.65 0.98 0.62 0.07 0.66
0.85 0.54 0.62 0.02 0.73 0.56
0.14 1.00 0.90 0.70 0.92 0.57
0.85 0.37 0.97 0.62 0.70 0.54
0.62 0.13 0.86 1.00 0.80 0.17
0.63 0.51 0.89 0.58 0.45 0.21
1.00 0.56 0.70 0.91 0.77 0.09
0.01 0.77 0.80 0.86 0.75 0.58
0.67 0.54 0.24 0.92 0.66 0.82
0.51 0.79 0.71 0.10 0.60 0.65
0.34 0.97 0.66 0.82 0.74 0.19
0.06 0.82 0.87 0.58 0.85 0.79
0.80 0.28 0.91 0.54 0.56 0.83
0.68 0.53 0.74 0.78 0.64 0.55
0.59 0.86 0.94 0.53 0.01 0.80
0.95 0.05 0.29 0.95 0.84 0.72
0.51 0.67 0.84 0.78 0.17 0.17
0.24 0.56 0.94 0.79 0.45 0.85
0.95 0.90 0.72 0.01 0.55 0.77
0.99 0.58 0.57 0.54 0.73 0.65
0.85 0.52 0.75 0.32 0.68 0.32
0.92 0.52 0.79 0.52 0.63 0.87
0.92 0.64 0.26 0.99 0.64 0.94
0.82 0.39 0.60 0.71 0.58 0.93
0.55 0.72 0.95 0.77 0.05 0.76
0.01 0.96 0.96 0.58 0.73 0.67
0.67 0.55 0.55 0.22 0.70 0.95
0.13 0.57 0.62 0.83 0.91 0.77
0.36 0.91 0.56 0.90 0.62 0.33
0.83 0.80 0.44 0.96 0.03 0.98
0.72 0.56 0.73 0.24 0.56 0.32
0.64 0.94 0.97 0.09 0.57 0.20
0.51 0.97 0.54 0.64 0.77 0.09
0.97 0.63 0.26 0.76 0.70 0.64
0.60 0.83 0.80 0.96 0.05 0.06
0.97 0.57 0.72 0.28 0.97 0.55
0.74 0.32 0.02 0.69 0.65 0.95
0.27 0.51 0.89 0.86 0.66 0.96
0.55 0.60 0.66 0.10 0.52 0.73
0.54 0.55 0.77 0.51 0.66 0.64
0.69 0.52 0.66 0.62 0.66 0.48
0.54 0.40 0.07 0.95 0.16 0.67
0.61 0.59 1.00 0.62 0.76 0.53
0.70 0.34 0.57 0.69 0.98 0.66
0.62 0.13 0.51 0.96 0.81 0.93
0.54 0.59 0.05 0.91 0.90 0.35
0.94 0.46 0.86 0.59 0.95 0.33
0.48 0.73 0.90 0.58 0.04 0.69
0.60 0.69 0.62 0.15 0.86 0.68
0.68 0.55 0.61 0.80 0.53 0.84
1.00 0.56 0.59 0.32 0.51 0.57
0.82 0.73 0.37 0.74 0.99 0.13
0.96 0.14 0.89 0.56 0.57 0.89
0.91 0.95 0.74 0.35 0.09 0.52
0.99 0.51 0.35 0.54 0.55 0.79
0.70 0.71 0.07 0.10 0.93 0.90
0.92 0.57 0.86 0.51 0.55 0.65
0.84 0.53 0.69 0.68 0.90 0.13
0.51 0.72 0.80 0.74 0.86 0.45
0.61 0.47 0.64 0.15 0.60 0.97
0.54 0.60 0.91 0.41 0.60 0.66
0.73 0.83 0.58 0.75 0.86 0.03
0.76 0.85 0.04 0.62 0.04 0.55
0.83 0.49 0.51 0.51 0.91 0.37
0.86 0.55 0.55 0.16 0.59 0.65
0.75 0.52 0.99 0.07 0.41 0.54
0.84 0.51 0.98 0.56 0.60 0.80
0.33 0.63 0.72 0.53 0.10 0.92
0.96 0.20 0.72 0.81 0.67 0.62
0.85 0.65 0.88 0.51 0.40 0.64
0.95 0.50 0.24 0.62 0.92 0.72
0.77 0.80 0.31 0.99 0.63 0.04
0.94 0.20 0.82 0.07 0.90 0.95
0.87 0.55 0.11 0.75 0.67 0.68
0.12 0.84 0.67 0.40 0.53 0.75
0.79 0.59 0.57 0.77 0.69 0.30
0.73 0.17 0.06 0.68 0.75 0.93
0.63 0.77 0.72 0.54 0.05 0.95
0.73 0.63 0.05 0.53 0.65 0.63
0.67 0.54 0.34 0.57 0.52 0.66
0.90 0.56 0.28 0.73 0.86 0.91
0.56 0.75 0.53 0.76 0.18 0.67
0.29 0.45 0.56 0.79 0.77 0.21
0.51 0.78 0.78 0.16 0.63 0.84
0.42 0.93 0.21 0.51 0.97 0.05
0.21 0.58 0.70 0.80 0.87 0.56
0.78 0.39 0.62 0.85 0.57 0.28
0.89 0.90 0.93 0.13 0.53 0.58
0.72 0.34 0.62 0.68 0.78 0.39
