250 6
34 41 53 93 4 28
76 15 55 61 100 67
23 78 61 93 55 76
77 57 59 75 57 51
65 69 96 77 65 99
51 54 60 67 29 56
86 11 81 53 73 91
72 100 16 62 86 71
77 56 20 99 92 78
62 91 79 58 77 95
65 91 63 57 68 70
84 67 55 86 83 69
7 24 40 54 93 54
24 15 97 33 52 91
11 81 19 98 87 51
93 87 73 58 56 94
81 73 85 54 59 92
62 99 51 86 66 100
91 87 50 56 60 74
2 10 86 50 55 89
43 72 72 61 67 98
27 66 60 87 52 78
80 97 51 98 80 79
93 60 62 61 59 16
73 76 39 72 53 95
81 21 69 54 52 58
93 65 87 67 7 59
64 86 84 51 68 77
92 78 72 56 18 67
79 78 37 99 67 57
99 11 78 87 72 58
1 79 57 72 83 26
90 98 6 69 89 62
97 85 83 43 63 88
79 92 84 19 31 72
56 55 21 94 53 89
58 59 94 73 76 53
77 52 51 62 62 57
35 81 92 78 65 58
52 65 79 24 84 98
79 62 68 60 91 74
62 13 87 49 100 100
99 65 23 68 100 85
72 53 42 61 82 86
78 84 69 53 69 82
57 59 72 63 58 71
55 61 30 90 97 88
94 90 42 91 59 94
77 95 52 40 82 70
53 73 11 51 51 71
71 73 7 99 83 60
4 80 5 92 93 79
91 77 96 66 97 51
63 66 48 71 80 74
78 89 97 23 78 86
81 31 70 91 32 56
99 87 34 100 84 36
52 67 11 74 92 42
65 98 73 58 73 26
36 66 73 55 73 53
12 24 96 12 86 83
67 63 65 49 91 73
94 73 40 76 61 59
59 77 75 80 61 51
63 66 100 32 78 100
16 100 70 96 64 59
51 61 92 27 91 61
27 85 21 67 90 53
93 17 61 9 77 90
89 68 91 63 62 51
65 3 59 52 37 83
88 31 72 69 92 57
73 72 34 80 63 96
87 21 83 91 54 54
95 96 95 30 84 71
6 52 64 81 64 24
67 56 100 45 22 67
79 51 26 75 73 58
85 53 78 76 72 54
68 84 61 84 80 53
44 74 61 88 29 58
57 50 81 67 92 74
59 77 64 79 76 17
57 90 79 53 79 66
51 56 60 63 58 87
66 38 5 50 99 96
66 63 82 1 79 29
90 54 86 62 89 46
44 56 33 79 67 76
61 66 98 14 79 58
65 75 74 61 81 34
2 67 86 6 58 93
68 72 30 71 79 62
38 92 85 82 60 58
72 83 53 66 82 60
100 52 48 53 71 22
89 71 15 60 90 69
97 66 58 13 57 64
58 62 59 33 86 85
87 66 23 95 52 10
40 77 56 58 72 80
95 96 23 75 75 66
88 68 85 84 61 10
60 74 51 49 78 22
99 57 6 67 79 93
88 69 60 63 76 10
12 27 59 58 50 52
71 85 77 45 2 62
95 68 86 55 78 52
54 5 55 61 61 70
55 80 100 64 68 29
89 58 86 61 81 48
96 52 36 77 42 68
23 69 97 61 22 89
98 54 35 57 100 83
53 75 61 72 72 27
84 65 44 83 68 49
28 58 91 7 88 58
77 97 40 30 69 80
63 56 5 92 89 73
69 54 8 60 65 66
61 67 61 14 98 96
91 95 99 57 58 52
92 31 95 33 70 96
64 51 20 61 96 96
99 70 72 53 60 57
78 60 4 58 94 58
60 78 69 96 79 8
89 55 83 52 93 67
98 39 61 96 52 51
63 70 60 44 83 90
29 59 25 78 3 75
62 54 85 29 91 91
85 97 74 62 30 96
50 81 32 67 70 23
72 77 52 91 31 51
52 70 3 43 76 74
88 94 97 58 80 13
55 53 96 28 88 78
21 69 43 82 75 61
63 63 15 73 62 99
51 60 74 45 70 98
88 60 88 28 57 82
60 89 53 91 67 59
84 16 60 63 82 54
74 55 77 73 78 11
64 80 99 24 56 87
74 94 75 51 50 74
39 3 100 59 68 62
29 81 53 57 28 62
96 11 56 54 95 63
77 61 77 61 59 7
68 66 80 73 79 42
53 53 51 98 85 87
66 72 47 52 66 57
62 52 80 83 43 44
24 65 57 95 59 64
60 30 97 15 11 92
100 10 84 59 36 92
4 50 87 67 63 78
59 67 65 53 77 99
80 33 100 91 2 78
51 67 77 89 86 20
82 54 56 59 51 79
81 95 1 77 53 95
100 63 53 93 67 25
99 74 22 14 71 53
56 61 85 58 13 18
84 52 51 73 87 53
84 97 85 87 91 1
13 67 80 89 39 78
71 76 65 19 65 99
70 74 53 57 57 52
65 100 4 51 86 59
96 74 89 10 71 20
41 98 77 55 56 80
3 79 35 98 100 69
87 60 96 24 52 87
59 52 68 63 34 74
57 74 94 19 78 59
43 67 60 4 70 100
87 55 53 31 64 90
67 28 66 84 1 82
94 87 59 73 59 39
68 90 58 2 85 87
98 21 70 65 63 46
72 96 76 56 63 52
91 94 14 92 76 5
56 67 80 77 60 47
89 57 36 50 67 85
87 91 21 85 54 66
55 59 56 63 57 99
73 96 84 64 28 52
93 32 26 83 87 82
83 22 55 96 83 6
79 83 52 52 62 68
52 83 91 54 57 73
75 95 87 56 59 3
56 62 98 42 77 55
65 92 53 79 53 31
60 70 53 58 65 23
79 52 31 59 4 67
77 32 89 83 72 43
61 58 68 74 5 92
87 34 77 51 94 96
74 58 69 71 97 19
78 20 64 1 18 58
72 77 52 11 100 83
86 93 87 32 73 17
73 64 68 52 78 69
86 96 74 2 58 9
69 55 69 17 55 75
79 54 54 59 63 12
92 65 52 97 90 41
81 60 77 96 83 6
71 90 35 60 78 51
53 95 99 61 81 45
80 72 67 52 51 33
53 86 78 58 94 45
71 76 79 2 1 53
9 53 84 73 88 69
56 98 14 55 65 53
56 90 59 12 95 78
76 62 70 14 72 85
81 46 53 46 78 67
74 10 72 90 80 60
95 46 53 65 42 57
60 76 61 46 83 34
75 87 52 73 57 54
99 100 70 59 4 44
98 94 52 64 51 61
62 77 55 52 54 62
71 21 51 51 52 92
58 56 60 55 83 97
10 83 97 84 51 91
94 9 59 95 75 66
51 59 40 70 81 87
58 59 62 64 24 80
28 78 67 53 76 66
3 71 92 66 79 78
44 72 43 46 94 98
58 62 67 35 57 82
93 51 13 62 95 69
76 54 78 57 6 54
27 63 98 47 61 67
95 30 28 67 77 77
70 63 52 100 51 53
59 58 91 16 52 58
87 51 63 53 54 68
28 29 94 50 95 66
