250 6
82 12 45 82 63 20
62 71 91 75 80 72
91 66 74 80 65 66
69 86 98 15 97 75
30 66 3 53 55 55
78 93 81 69 54 43
33 98 83 54 89 50
55 56 98 68 65 84
77 64 16 55 65 65
78 82 53 68 6 95
78 78 86 68 10 76
72 93 73 74 93 53
53 70 89 42 98 69
65 61 85 52 21 69
62 99 83 91 55 10
78 78 85 51 66 85
70 78 98 14 59 87
25 70 56 68 68 74
17 74 69 76 81 13
84 46 69 61 59 73
52 67 51 56 54 92
94 68 78 79 93 27
90 75 83 28 99 70
83 78 83 72 48 99
95 53 14 97 85 77
7 92 71 67 82 99
66 15 65 92 65 9
91 71 64 56 91 15
74 59 26 66 87 84
100 51 59 70 92 72
97 62 96 84 51 61
87 73 78 80 69 6
82 65 57 74 58 64
54 75 88 18 89 94
64 63 85 56 91 88
88 57 80 73 87 72
91 31 87 93 51 84
95 74 77 62 42 99
56 5 76 71 80 63
36 47 86 92 79 9
86 83 63 81 54 86
100 56 91 97 55 46
67 62 56 66 73 97
82 79 77 78 74 21
34 99 65 85 51 69
58 90 100 96 32 89
19 72 70 68 55 98
42 59 69 97 63 86
73 8 62 95 59 76
67 55 60 67 18 12
63 60 55 3 100 56
17 58 98 64 61 33
69 82 91 53 22 25
80 43 93 59 98 29
59 54 56 55 75 56
16 79 80 13 10 93
22 35 89 51 75 84
77 100 30 78 78 42
84 54 39 88 70 87
93 93 72 84 64 11
84 92 98 52 48 59
7 58 89 85 66 13
63 55 75 82 74 78
42 51 72 60 51 63
54 97 57 94 53 29
51 75 55 78 46 82
59 99 23 64 51 66
63 92 60 1 83 95
97 79 69 63 64 54
10 71 89 75 78 85
54 63 70 77 86 100
67 85 31 61 85 52
56 59 83 57 90 64
62 81 73 66 70 38
53 61 84 55 4 99
17 66 67 19 70 59
77 81 90 56 52 62
87 1 69 58 61 89
89 70 72 64 66 54
27 75 83 68 64 86
62 14 79 87 58 81
81 30 75 58 90 72
81 60 54 89 57 68
87 72 77 65 83 52
85 99 59 5 74 58
82 65 62 51 61 64
74 55 9 96 71 26
53 51 96 76 98 44
60 76 87 51 51 84
19 98 55 78 75 72
5 59 91 84 62 89
79 69 82 32 67 86
25 63 63 56 53 93
94 52 77 62 72 54
64 51 91 55 86 82
73 70 81 51 67 94
68 83 89 61 42 46
8 84 91 8 74 98
53 63 67 57 68 58
91 98 59 76 54 64
62 85 52 54 51 54
44 19 85 57 68 55
99 81 81 97 12 67
10 67 88 76 91 78
52 52 69 92 55 53
46 32 41 60 12 92
51 22 37 68 79 94
86 65 82 53 71 60
59 53 45 63 70 77
75 60 84 67 75 6
77 60 65 43 94 78
71 59 87 61 53 43
85 6 70 96 60 59
100 54 44 64 72 85
54 57 24 62 75 51
52 57 57 84 33 77
60 52 59 61 60 88
54 53 84 47 99 32
14 67 75 63 53 97
85 71 61 57 27 93
96 33 100 72 71 6
4 86 57 78 52 89
11 61 88 48 74 72
17 62 54 59 64 88
58 60 52 55 83 68
64 61 67 35 87 76
65 91 59 97 36 54
100 59 78 63 71 55
54 68 57 95 61 12
95 89 97 14 78 37
86 57 95 24 51 28
75 45 40 94 49 100
85 56 93 55 94 3
94 83 1 58 99 73
51 51 59 70 56 83
54 92 61 82 58 12
77 53 65 65 75 64
97 97 17 36 42 49
63 58 72 51 96 93
2 94 52 65 54 70
66 69 65 54 62 25
35 56 72 84 90 93
99 81 52 51 85 19
1 55 61 69 55 79
65 57 82 72 56 51
40 59 73 71 82 51
10 78 99 83 58 55
23 97 62 97 21 100
100 84 60 56 3 52
66 55 75 59 26 77
89 77 72 52 66 58
57 27 54 34 88 84
99 73 76 71 8 76
71 55 69 26 56 86
65 80 57 72 20 80
58 91 71 92 17 87
82 52 13 62 55 93
45 82 58 89 45 64
84 52 71 64 71 53
69 55 68 54 84 89
19 42 72 90 77 86
55 63 82 72 45 86
59 63 74 76 61 58
53 56 28 53 3 7
52 89 99 28 61 90
51 52 80 69 33 57
97 99 86 69 82 4
84 86 51 12 56 77
98 35 65 72 53 83
60 86 64 52 75 94
58 78 98 9 87 56
52 56 55 64 91 68
51 57 60 73 83 51
68 52 70 58 68 72
59 74 3 71 54 75
93 9 52 65 86 91
75 45 59 92 45 70
88 52 81 10 88 35
77 30 75 85 80 53
72 37 71 87 63 75
15 58 88 63 90 61
54 53 66 92 78 82
77 53 57 77 89 75
19 56 64 2 67 74
4 66 57 71 57 55
34 36 94 29 54 57
56 75 57 51 32 87
59 85 1 40 64 38
14 72 43 39 73 52
40 57 51 77 66 57
98 75 85 49 72 52
37 55 66 91 30 77
96 53 43 91 51 40
65 66 63 98 78 2
85 42 61 65 73 74
51 73 62 59 52 62
51 64 55 97 58 50
88 44 51 86 61 79
3 94 72 42 76 91
96 51 64 83 23 61
24 92 83 67 64 64
36 59 94 73 37 53
73 45 72 82 89 50
92 55 23 88 84 56
86 86 1 94 58 86
82 54 99 51 98 54
65 10 94 97 10 83
78 7 68 77 81 86
98 52 39 85 96 60
93 8 53 76 62 85
22 19 69 82 88 7
74 99 77 67 85 4
86 53 70 51 55 84
91 94 93 51 60 58
67 62 56 52 73 70
71 64 46 15 64 56
69 52 62 26 88 70
80 53 47 59 18 18
51 79 74 64 38 71
9 24 21 55 22 97
23 87 51 65 54 81
63 51 90 81 58 7
13 83 73 54 80 47
53 43 63 52 85 60
60 22 63 53 100 82
81 74 98 18 57 93
92 79 61 5 27 81
65 26 33 93 75 83
55 72 43 35 72 73
62 9 86 66 80 71
82 70 86 13 73 61
1 66 51 32 57 91
69 46 71 69 59 57
80 52 60 57 67 87
98 55 66 52 59 59
95 39 89 94 48 77
51 75 71 90 6 69
85 61 13 94 28 65
54 85 51 51 62 62
16 96 52 76 71 69
66 94 97 51 61 35
52 99 78 11 84 53
69 59 17 54 97 93
20 68 63 88 77 53
51 10 76 25 91 59
58 54 54 58 61 65
36 24 73 81 65 62
57 55 64 30 41 83
75 23 55 81 82 63
20 71 69 78 51 96
