250 6
0.09 0.54 0.29 0.49 0.70 0.30
0.71 0.77 0.74 0.11 0.51 0.51
0.96 0.53 0.75 0.84 0.62 0.73
0.83 0.92 0.67 0.54 0.58 0.54
0.92 0.77 0.53 0.64 0.54 0.90
0.57 0.80 0.95 0.80 0.25 0.55
0.87 0.89 0.46 0.59 0.62 0.79
0.90 0.07 0.95 0.73 0.89 0.83
0.86 0.91 0.51 0.16 0.60 0.58
0.80 0.54 0.91 0.33 0.56 0.72
0.53 0.78 0.76 0.75 0.78 0.19
0.91 0.05 0.69 0.61 0.86 0.74
0.06 0.99 0.66 0.55 0.75 0.52
0.95 0.52 0.93 0.65 0.04 0.87
0.94 0.30 0.86 0.81 0.79 0.67
0.68 0.55 0.91 0.31 0.30 0.58
0.33 0.92 0.17 0.68 0.76 0.51
0.82 0.98 0.76 0.56 0.76 0.01
0.99 0.15 0.47 0.84 0.96 0.83
0.86 0.44 0.95 0.62 0.81 0.80
0.86 0.87 0.53 1.00 0.63 0.96
0.74 0.93 0.53 0.83 0.53 0.66
0.75 0.65 0.58 0.71 0.59 0.89
0.68 0.76 0.98 0.12 0.55 0.62
0.37 0.63 0.87 0.66 0.69 0.40
0.59 0.53 0.94 0.97 0.64 0.55
0.51 0.04 0.02 0.90 0.87 0.68
0.71 0.51 0.84 0.98 0.54 0.61
0.89 0.04 0.63 0.49 0.88 0.52
0.79 0.18 0.89 0.97 0.62 0.89
0.67 0.54 0.92 0.52 0.61 0.58
0.82 0.57 0.68 0.65 0.40 0.87
0.55 0.47 0.66 0.58 0.66 0.80
0.33 0.65 0.95 0.77 0.54 0.66
1.00 0.58 0.85 0.62 0.58 0.53
0.03 0.76 0.63 0.67 0.99 0.77
0.98 0.24 0.66 0.49 0.98 0.27
0.54 0.55 0.76 0.64 0.10 0.56
0.91 0.55 0.76 0.60 0.51 0.72
0.54 0.58 0.68 0.67 0.99 0.04
0.70 0.89 0.67 0.57 0.37 0.33
0.87 0.96 0.82 0.75 0.01 0.67
0.58 0.52 0.57 0.81 0.44 0.55
1.00 0.68 0.35 0.68 0.58 0.76
0.91 0.76 0.66 0.39 0.82 0.77
0.71 0.80 0.74 0.75 0.69 0.13
0.71 0.55 0.64 0.91 0.30 0.47
0.98 0.58 0.92 0.09 0.91 0.87
0.60 0.92 0.41 0.70 0.32 0.56
0.64 0.88 0.71 0.76 0.60 0.61
0.64 0.18 0.80 0.92 0.55 0.87
0.70 0.60 0.78 0.96 0.67 0.54
0.97 0.71 0.53 1.00 0.42 0.85
0.84 0.98 0.51 0.86 0.57 0.54
0.74 0.88 0.75 0.56 0.93 0.01
0.53 0.51 0.92 0.69 0.87 0.94
0.46 0.89 0.83 0.36 0.20 0.96
0.07 0.76 0.92 0.83 0.75 0.94
0.63 0.76 0.70 0.94 0.01 0.70
0.91 0.57 0.58 0.07 0.25 0.62
0.88 0.62 0.70 0.62 0.65 0.62
0.55 0.89 0.67 0.04 0.89 0.78
0.96 0.48 0.89 0.65 0.57 0.69
0.82 0.39 0.98 0.56 0.85 0.77
0.67 0.35 0.51 0.83 0.76 0.61
0.16 0.69 0.55 0.65 0.55 0.79
0.90 0.69 0.93 0.08 0.76 0.89
0.53 0.84 0.90 0.89 0.93 0.02
0.74 0.90 0.55 0.85 0.28 0.77
0.70 0.53 0.60 0.59 0.01 0.71
0.47 0.82 0.90 0.92 0.67 0.74
0.54 0.91 0.52 0.68 0.03 0.59
0.02 0.62 0.89 0.71 0.98 0.71
0.59 0.83 0.58 0.68 0.54 0.68
0.69 0.14 0.53 0.56 0.92 0.69
0.71 0.79 0.28 0.72 0.81 0.70
0.53 0.57 1.00 0.78 0.54 0.89
0.57 0.55 0.75 0.66 0.66 0.56
0.96 0.80 0.23 0.56 0.82 0.56
0.94 0.94 0.91 0.73 0.82 0.25
0.72 0.93 0.06 0.05 0.70 0.75
0.52 0.82 0.98 0.82 0.66 0.54
0.77 0.95 0.53 0.58 0.67 0.74
0.53 0.68 0.79 0.85 0.67 0.89
0.60 0.55 0.14 0.40 0.89 0.61
0.61 0.59 0.72 0.11 0.18 0.62
0.80 0.87 0.45 0.57 0.63 0.86
0.65 0.58 0.58 0.05 0.99 0.89
0.50 0.67 0.16 0.95 0.23 0.65
0.88 0.58 0.97 0.54 0.07 0.54
0.86 1.00 0.91 0.57 0.56 0.24
0.77 0.03 0.98 0.72 0.78 0.98
0.26 0.79 0.94 0.66 0.67 0.29
0.44 0.67 0.75 0.78 0.55 0.91
0.66 0.55 0.98 0.31 0.77 0.72
0.20 0.63 0.96 0.78 0.63 0.77
0.80 0.56 0.57 0.66 0.65 0.59
0.51 0.94 0.73 0.07 1.00 0.74
0.55 0.44 0.75 0.54 0.64 0.14
0.70 0.85 0.68 0.59 0.58 0.62
0.13 0.86 0.63 0.98 0.59 0.56
0.79 0.84 0.67 0.27 0.85 0.67
0.71 0.58 0.52 0.76 0.14 0.97
0.83 0.60 0.55 0.57 0.12 0.81
0.69 0.87 0.54 0.95 0.69 0.55
0.80 0.68 0.24 0.84 0.59 0.57
0.53 1.00 0.39 0.75 0.55 1.00
0.70 0.63 0.03 0.53 0.74 0.84
0.71 0.39 0.85 0.62 0.68 0.81
0.38 0.69 0.76 0.31 0.87 0.99
0.72 0.72 0.15 0.87 0.86 0.59
0.93 0.57 0.04 0.67 0.96 0.59
0.89 0.54 0.92 0.96 0.53 0.51
0.41 0.18 0.35 0.53 0.59 0.97
0.50 0.88 0.67 0.83 0.62 0.55
0.73 0.89 0.13 0.70 0.70 0.36
0.07 0.96 0.77 0.40 0.94 0.08
0.08 0.69 0.70 0.87 0.55 0.92
0.76 0.86 0.72 0.83 0.59 0.52
0.55 0.72 0.34 0.62 0.13 0.67
0.90 0.60 0.70 0.71 0.64 0.69
0.19 0.90 0.88 0.92 0.62 0.69
0.67 0.58 0.52 0.58 0.58 0.86
0.03 0.64 0.52 0.98 0.84 0.80
0.99 0.37 0.62 0.87 0.95 0.37
0.08 0.53 0.63 0.77 0.53 0.62
0.70 0.72 0.11 0.53 0.86 0.69
0.73 0.17 0.70 0.62 0.72 0.95
0.81 0.54 0.54 0.58 0.54 0.69
0.05 0.56 0.59 0.59 0.97 0.64
0.63 0.93 0.08 0.62 0.48 0.95
0.84 0.51 0.39 0.86 0.63 0.59
0.84 0.78 0.53 0.60 0.60 0.68
0.71 0.93 0.67 0.30 0.33 0.93
0.85 0.58 0.73 0.32 0.73 0.65
0.56 0.84 0.84 0.89 0.47 0.44
0.57 0.95 0.60 0.51 0.58 0.86
0.62 0.51 0.93 0.67 0.63 0.94
0.57 0.13 0.71 0.70 0.83 0.52
0.40 0.77 0.79 0.62 0.56 0.02
0.87 0.03 0.58 0.96 0.78 0.92
0.97 0.70 0.82 0.21 0.72 0.52
0.69 0.91 0.69 0.66 0.53 0.66
0.59 0.87 0.70 0.92 0.82 0.15
0.68 0.51 0.18 0.87 0.97 1.00
0.78 0.93 0.82 0.03 0.77 0.57
0.66 0.52 0.70 0.80 1.00 0.04
0.74 0.59 0.95 0.81 0.05 0.63
0.50 0.80 0.75 0.60 0.35 0.95
0.05 0.61 0.83 0.82 0.91 0.72
0.84 0.53 0.55 0.80 0.98 0.28
0.61 0.52 0.58 0.70 0.55 0.68
0.57 0.95 0.05 0.78 0.84 0.65
0.67 0.58 0.41 0.69 0.68 0.56
0.06 0.64 0.63 0.13 0.83 0.82
0.57 0.66 0.91 0.46 1.00 0.77
0.65 0.64 0.52 0.76 0.69 0.44
0.92 0.68 0.32 0.62 0.63 0.60
0.68 1.00 0.14 0.51 0.69 0.26
0.05 0.04 0.83 0.66 0.87 0.51
0.90 0.72 0.84 0.65 0.38 0.54
1.00 0.21 0.99 0.42 0.57 0.80
0.72 0.71 0.43 0.57 0.19 0.90
0.15 0.78 0.90 0.94 0.54 0.21
0.88 0.94 0.04 0.35 0.88 0.89
0.61 1.00 0.91 0.70 0.02 0.57
0.78 0.51 0.79 0.92 0.62 0.89
0.19 0.63 0.98 0.92 0.63 0.32
0.96 0.71 0.55 0.53 0.45 0.83
0.81 0.64 0.55 0.30 0.79 0.69
0.87 0.98 0.61 0.64 0.22 0.64
0.71 0.54 0.89 0.17 0.38 0.61
0.52 0.97 0.64 0.46 0.59 0.99
0.71 0.74 0.53 0.73 0.82 0.18
0.58 0.25 0.52 0.77 0.30 0.80
0.89 0.51 0.89 0.19 0.62 0.53
0.12 0.66 0.42 0.72 0.07 0.52
0.54 0.80 0.92 0.02 0.67 0.59
0.04 0.87 0.68 0.98 0.57 0.79
0.76 0.23 0.72 0.94 0.69 0.51
0.83 0.07 0.84 0.60 0.30 0.73
0.94 0.96 0.61 0.55 0.69 0.10
0.86 0.43 0.93 0.26 0.85 0.51
0.74 0.01 0.60 0.99 0.78 1.00
0.70 0.57 0.82 0.04 0.54 0.53
0.91 0.94 0.65 0.61 0.61 0.53
0.51 0.69 0.63 0.91 0.53 0.26
0.74 0.99 0.97 0.92 0.63 0.01
0.28 0.62 0.73 0.55 0.57 0.81
0.88 0.53 0.65 0.52 0.69 0.61
0.69 0.52 0.58 0.04 0.73 0.88
0.90 0.58 0.90 1.00 0.16 0.40
0.55 0.74 0.10 0.86 0.66 0.82
0.59 0.22 0.55 0.62 0.98 0.47
0.55 0.42 0.13 0.54 0.80 0.57
0.99 0.85 0.61 0.93 0.02 0.02
0.57 0.73 0.56 0.84 0.60 0.40
0.65 0.58 0.59 0.69 0.62 0.89
0.51 0.52 0.85 0.40 0.64 0.90
0.54 0.58 0.59 0.75 0.44 0.93
0.58 0.63 0.58 0.32 0.72 0.91
0.87 0.57 0.67 0.54 0.64 0.77
0.57 0.07 0.73 0.80 0.99 0.53
0.80 0.53 0.78 0.58 0.57 0.56
0.54 0.94 0.11 0.62 0.70 0.76
0.55 0.56 0.87 0.62 0.61 0.60
0.71 0.67 0.66 0.60 0.83 0.25
1.00 0.20 0.90 0.03 0.90 0.55
0.81 0.65 0.70 0.53 0.64 0.87
0.66 0.72 0.60 0.17 0.62 0.68
0.57 0.25 0.93 0.94 0.48 0.84
0.67 0.70 0.06 0.52 0.68 0.62
0.60 0.93 0.72 0.60 0.60 0.53
0.61 0.35 0.77 0.84 0.65 0.62
0.87 0.43 0.72 0.62 0.89 0.22
0.25 0.14 0.82 0.93 0.81 0.42
0.55 0.63 0.58 0.19 0.56 0.97
0.66 0.15 0.52 0.54 0.75 0.84
0.05 0.55 0.55 0.92 0.84 0.56
0.64 0.51 0.72 0.51 0.56 0.85
0.51 0.57 0.05 0.64 0.72 0.80
0.22 0.91 0.99 0.53 0.29 0.87
0.86 0.28 0.72 0.11 0.84 0.57
0.63 0.38 0.60 0.82 0.53 0.58
1.00 0.89 0.68 0.23 0.88 0.58
0.99 0.74 0.95 0.61 0.59 0.36
0.78 0.85 0.76 0.62 0.61 0.46
0.67 0.85 0.86 0.69 0.06 0.18
0.91 0.72 0.53 0.02 0.99 0.83
0.72 0.56 0.54 0.53 0.69 0.66
0.54 0.81 0.66 0.60 0.53 0.84
0.30 0.66 0.56 0.79 0.97 0.04
0.69 0.51 0.52 0.94 0.52 0.57
0.55 0.59 0.28 0.86 0.89 0.23
0.67 0.90 0.30 0.91 0.08 0.69
0.96 0.67 0.99 0.89 0.73 0.10
0.89 0.62 0.77 0.82 0.60 0.52
0.72 0.54 0.70 0.71 0.26 0.58
0.57 0.61 0.52 0.14 0.85 0.56
0.85 0.70 0.14 0.88 0.71 0.52
0.90 0.52 0.14 0.88 0.59 0.70
0.62 0.64 0.58 0.69 0.52 0.28
0.96 0.63 0.67 0.75 0.69 0.53
0.72 0.42 0.88 0.52 0.97 0.76
0.53 0.42 0.73 0.64 0.70 0.67
0.25 0.31 0.88 0.34 0.56 0.45
0.08 0.60 0.67 0.52 0.84 0.52
0.96 0.28 0.51 0.65 0.13 0.63
0.98 0.72 0.32 1.00 0.64 0.55
0.64 0.88 0.76 0.74 0.33 0.23
