250 6
9 54 29 49 70 30
71 77 74 11 51 51
96 53 75 84 62 73
83 92 67 54 58 54
92 77 53 64 54 90
57 80 95 80 25 55
87 89 46 59 62 79
90 7 95 73 89 83
86 91 51 16 60 58
80 54 91 33 56 72
53 78 76 75 78 19
91 5 69 61 86 74
6 99 66 55 75 52
95 52 93 65 4 87
94 30 86 81 79 67
68 55 91 31 30 58
33 92 17 68 76 51
82 98 76 56 76 1
99 15 47 84 96 83
86 44 95 62 81 80
86 87 53 100 63 96
74 93 53 83 53 66
75 65 58 71 59 89
68 76 98 12 55 62
37 63 87 66 69 40
59 53 94 97 64 55
51 4 2 90 87 68
71 51 84 98 54 61
89 4 63 49 88 52
79 18 89 97 62 89
67 54 92 52 61 58
82 57 68 65 40 87
55 47 66 58 66 80
33 65 95 77 54 66
100 58 85 62 58 53
3 76 63 67 99 77
98 24 66 49 98 27
54 55 76 64 10 56
91 55 76 60 51 72
54 58 68 67 99 4
70 89 67 57 37 33
87 96 82 75 1 67
58 52 57 81 44 55
100 68 35 68 58 76
91 76 66 39 82 77
71 80 74 75 69 13
71 55 64 91 30 47
98 58 92 9 91 87
60 92 41 70 32 56
64 88 71 76 60 61
64 18 80 92 55 87
70 60 78 96 67 54
97 71 53 100 42 85
84 98 51 86 57 54
74 88 75 56 93 1
53 51 92 69 87 94
46 89 83 36 20 96
7 76 92 83 75 94
63 76 70 94 1 70
91 57 58 7 25 62
88 62 70 62 65 62
55 89 67 4 89 78
96 48 89 65 57 69
82 39 98 56 85 77
67 35 51 83 76 61
16 69 55 65 55 79
90 69 93 8 76 89
53 84 90 89 93 2
74 90 55 85 28 77
70 53 60 59 1 71
47 82 90 92 67 74
54 91 52 68 3 59
2 62 89 71 98 71
59 83 58 68 54 68
69 14 53 56 92 69
71 79 28 72 81 70
53 57 100 78 54 89
57 55 75 66 66 56
96 80 23 56 82 56
94 94 91 73 82 25
72 93 6 5 70 75
52 82 98 82 66 54
77 95 53 58 67 74
53 68 79 85 67 89
60 55 14 40 89 61
61 59 72 11 18 62
80 87 45 57 63 86
65 58 58 5 99 89
50 67 16 95 23 65
88 58 97 54 7 54
86 100 91 57 56 24
77 3 98 72 78 98
26 79 94 66 67 29
44 67 75 78 55 91
66 55 98 31 77 72
20 63 96 78 63 77
80 56 57 66 65 59
51 94 73 7 100 74
55 44 75 54 64 14
70 85 68 59 58 62
13 86 63 98 59 56
79 84 67 27 85 67
71 58 52 76 14 97
83 60 55 57 12 81
69 87 54 95 69 55
80 68 24 84 59 57
53 100 39 75 55 100
70 63 3 53 74 84
71 39 85 62 68 81
38 69 76 31 87 99
72 72 15 87 86 59
93 57 4 67 96 59
89 54 92 96 53 51
41 18 35 53 59 97
50 88 67 83 62 55
73 89 13 70 70 36
7 96 77 40 94 8
8 69 70 87 55 92
76 86 72 83 59 52
55 72 34 62 13 67
90 60 70 71 64 69
19 90 88 92 62 69
67 58 52 58 58 86
3 64 52 98 84 80
99 37 62 87 95 37
8 53 63 77 53 62
70 72 11 53 86 69
73 17 70 62 72 95
81 54 54 58 54 69
5 56 59 59 97 64
63 93 8 62 48 95
84 51 39 86 63 59
84 78 53 60 60 68
71 93 67 30 33 93
85 58 73 32 73 65
56 84 84 89 47 44
57 95 60 51 58 86
62 51 93 67 63 94
57 13 71 70 83 52
40 77 79 62 56 2
87 3 58 96 78 92
97 70 82 21 72 52
69 91 69 66 53 66
59 87 70 92 82 15
68 51 18 87 97 100
78 93 82 3 77 57
66 52 70 80 100 4
74 59 95 81 5 63
50 80 75 60 35 95
5 61 83 82 91 72
84 53 55 80 98 28
61 52 58 70 55 68
57 95 5 78 84 65
67 58 41 69 68 56
6 64 63 13 83 82
57 66 91 46 100 77
65 64 52 76 69 44
92 68 32 62 63 60
68 100 14 51 69 26
5 4 83 66 87 51
90 72 84 65 38 54
100 21 99 42 57 80
72 71 43 57 19 90
15 78 90 94 54 21
88 94 4 35 88 89
61 100 91 70 2 57
78 51 79 92 62 89
19 63 98 92 63 32
96 71 55 53 45 83
81 64 55 30 79 69
87 98 61 64 22 64
71 54 89 17 38 61
52 97 64 46 59 99
71 74 53 73 82 18
58 25 52 77 30 80
89 51 89 19 62 53
12 66 42 72 7 52
54 80 92 2 67 59
4 87 68 98 57 79
76 23 72 94 69 51
83 7 84 60 30 73
94 96 61 55 69 10
86 43 93 26 85 51
74 1 60 99 78 100
70 57 82 4 54 53
91 94 65 61 61 53
51 69 63 91 53 26
74 99 97 92 63 1
28 62 73 55 57 81
88 53 65 52 69 61
69 52 58 4 73 88
90 58 90 100 16 40
55 74 10 86 66 82
59 22 55 62 98 47
55 42 13 54 80 57
99 85 61 93 2 2
57 73 56 84 60 40
65 58 59 69 62 89
51 52 85 40 64 90
54 58 59 75 44 93
58 63 58 32 72 91
87 57 67 54 64 77
57 7 73 80 99 53
80 53 78 58 57 56
54 94 11 62 70 76
55 56 87 62 61 60
71 67 66 60 83 25
100 20 90 3 90 55
81 65 70 53 64 87
66 72 60 17 62 68
57 25 93 94 48 84
67 70 6 52 68 62
60 93 72 60 60 53
61 35 77 84 65 62
87 43 72 62 89 22
25 14 82 93 81 42
55 63 58 19 56 97
66 15 52 54 75 84
5 55 55 92 84 56
64 51 72 51 56 85
51 57 5 64 72 80
22 91 99 53 29 87
86 28 72 11 84 57
63 38 60 82 53 58
100 89 68 23 88 58
99 74 95 61 59 36
78 85 76 62 61 46
67 85 86 69 6 18
91 72 53 2 99 83
72 56 54 53 69 66
54 81 66 60 53 84
30 66 56 79 97 4
69 51 52 94 52 57
55 59 28 86 89 23
67 90 30 91 8 69
96 67 99 89 73 10
89 62 77 82 60 52
72 54 70 71 26 58
57 61 52 14 85 56
85 70 14 88 71 52
90 52 14 88 59 70
62 64 58 69 52 28
96 63 67 75 69 53
72 42 88 52 97 76
53 42 73 64 70 67
25 31 88 34 56 45
8 60 67 52 84 52
96 28 51 65 13 63
98 72 32 100 64 55
64 88 76 74 33 23
