250 6
14 33 40 87 31 20
95 88 67 86 85 96
53 57 17 53 65 44
92 55 81 79 80 80
95 99 26 1 99 96
14 80 87 61 76 86
85 58 65 75 47 84
59 78 95 98 85 11
42 85 80 74 99 58
81 63 78 94 3 100
70 31 74 87 15 53
66 80 39 99 64 96
33 85 57 82 86 75
86 51 99 85 60 52
94 58 75 53 52 62
86 56 28 54 90 73
86 54 87 67 58 72
72 29 54 51 62 74
18 75 65 81 95 100
9 80 98 90 81 54
7 95 62 99 86 65
64 72 52 52 54 76
49 52 10 76 89 58
41 61 56 62 56 55
80 85 90 58 36 56
1 84 58 53 89 70
27 82 67 56 70 52
73 55 82 58 64 60
85 48 83 72 5 33
76 71 97 51 42 92
88 66 84 66 30 98
83 54 60 74 73 71
51 54 84 79 33 95
94 21 89 60 52 51
57 87 42 63 51 78
73 56 54 30 72 98
73 78 71 32 43 95
49 63 77 37 58 72
52 59 7 56 68 81
64 91 87 29 58 87
83 12 82 91 99 83
14 73 23 63 94 63
60 56 76 62 75 69
63 51 52 38 55 74
82 66 57 80 54 100
7 66 89 64 4 81
68 99 81 13 73 71
36 21 66 53 78 62
58 58 4 91 70 32
85 72 74 58 25 85
58 47 43 57 64 66
82 38 66 67 10 59
90 67 12 83 76 66
87 70 71 86 3 95
66 11 58 90 96 63
100 34 65 20 76 52
59 62 24 80 29 60
69 74 55 74 64 57
83 25 37 89 68 58
70 82 23 58 52 89
7 84 58 60 95 60
60 93 79 60 52 59
21 58 86 59 89 59
24 24 53 90 48 67
77 68 64 33 95 52
65 65 62 35 98 97
65 76 70 68 68 14
60 52 60 63 66 55
59 59 70 77 47 78
96 68 3 82 82 53
76 92 75 30 98 83
71 52 23 80 92 12
86 49 51 93 99 1
51 39 28 90 85 68
90 94 100 66 61 51
80 63 63 76 53 100
57 74 84 63 35 66
79 63 67 66 54 90
96 98 73 53 4 14
51 81 7 87 84 86
83 97 75 11 90 42
66 97 100 52 87 55
79 69 71 89 9 62
69 66 91 62 9 95
5 24 66 61 79 96
96 77 62 37 57 61
68 75 67 84 54 37
77 64 94 3 73 61
54 84 97 97 36 12
29 33 26 75 73 100
37 92 12 94 57 56
81 97 56 4 73 78
23 32 98 73 74 90
61 93 71 51 60 77
80 89 66 93 24 86
80 52 76 63 53 84
28 62 55 80 93 75
73 86 2 84 81 71
53 68 46 43 65 73
59 77 85 71 1 65
74 89 74 68 62 46
98 14 99 62 53 72
74 49 63 70 14 75
72 98 72 56 33 88
21 62 68 64 83 70
68 84 98 31 68 71
79 94 33 66 10 70
67 60 5 44 80 70
91 59 83 96 3 65
23 73 85 58 25 97
98 65 69 30 69 38
57 97 89 77 53 55
100 56 56 63 71 24
55 54 56 89 84 13
94 88 42 58 63 62
61 68 6 47 79 98
91 81 76 51 2 65
51 99 81 45 54 53
89 96 51 58 38 75
91 57 63 81 51 61
65 62 90 52 64 66
85 91 68 70 2 72
56 54 88 52 100 60
4 82 89 95 92 57
97 83 76 60 54 61
54 30 64 68 60 79
65 22 32 89 51 59
64 64 96 7 71 96
46 65 11 88 89 96
67 23 59 72 74 92
68 69 94 56 100 5
13 99 86 97 58 46
52 67 96 93 28 64
55 56 66 85 54 83
86 83 86 62 7 96
28 25 56 71 54 72
91 57 82 64 63 33
65 98 20 51 60 64
62 34 34 73 55 74
60 91 78 53 29 83
51 59 57 71 75 64
87 5 80 67 39 39
70 59 3 72 99 51
1 58 51 91 54 72
12 64 28 87 61 7
8 28 76 77 57 65
56 53 84 48 88 67
70 54 65 78 9 80
64 73 62 48 62 51
61 84 69 51 93 56
54 71 79 93 78 3
55 91 62 53 52 75
90 95 46 27 93 68
73 2 81 92 35 93
94 63 63 87 89 1
36 52 58 16 71 81
14 76 87 60 71 97
78 68 46 52 93 55
85 88 81 57 60 61
56 91 58 54 83 22
80 56 59 84 80 59
84 6 36 65 96 92
65 86 55 67 88 24
66 60 84 79 38 94
31 53 98 82 52 59
58 29 80 69 55 81
29 57 74 55 81 75
87 28 61 80 89 37
31 96 62 59 84 66
17 81 74 59 37 55
53 67 73 83 40 55
5 89 62 56 62 100
52 71 63 77 87 54
87 63 74 54 53 65
70 8 86 96 66 34
77 2 100 89 88 65
71 59 9 74 57 97
88 82 80 16 76 53
77 75 58 61 59 65
90 65 81 52 95 60
83 67 98 76 51 51
13 58 83 68 88 51
93 68 69 77 53 56
51 76 99 62 61 51
77 83 74 36 74 72
14 62 75 91 63 13
51 64 96 6 87 87
77 52 61 64 99 45
93 55 70 67 95 32
71 76 76 53 69 29
80 93 52 28 61 73
74 64 74 81 67 41
79 86 53 31 68 93
72 72 91 54 42 95
91 80 60 45 83 54
83 79 61 57 51 70
81 50 98 86 57 56
77 6 44 98 94 61
30 62 98 77 68 64
55 87 94 3 55 98
29 67 10 90 80 52
100 60 73 11 66 100
38 56 22 94 95 97
61 9 57 64 70 97
54 88 83 64 91 42
74 66 4 67 88 32
95 73 25 76 3 57
79 92 66 91 27 56
80 51 7 70 76 70
23 91 96 25 51 85
60 92 52 69 54 63
55 92 65 64 53 58
80 70 60 4 100 72
95 85 93 10 47 54
78 73 57 9 65 91
54 89 68 84 58 19
75 58 55 78 38 71
44 72 66 98 9 68
74 55 91 66 60 58
51 1 68 95 70 67
92 91 26 64 65 41
78 2 73 55 78 100
92 93 52 70 51 77
55 87 41 72 56 97
69 68 53 60 58 41
65 54 79 45 52 74
90 79 60 98 6 58
54 56 24 54 75 31
37 88 57 51 87 77
97 37 80 62 77 72
62 7 86 87 85 89
81 85 61 56 63 67
82 56 97 61 86 5
66 64 82 65 3 69
69 63 65 63 25 17
67 94 81 53 57 33
77 53 72 80 57 55
18 58 61 66 95 56
31 87 72 43 90 95
55 36 77 76 92 61
43 69 58 51 93 14
53 60 88 70 63 64
92 55 26 82 38 69
91 90 86 35 73 65
60 78 83 1 55 51
15 64 66 71 53 62
63 76 52 51 52 64
78 15 67 77 54 96
6 99 52 54 80 97
24 53 91 74 97 62
