250 6
0.09 0.32 0.26 0.79 0.38 0.02
0.91 0.88 0.74 0.25 0.99 0.65
0.88 0.78 0.61 0.78 0.28 0.49
0.80 0.66 0.58 0.55 0.74 0.80
0.76 0.65 0.77 0.63 0.56 0.89
0.43 0.75 0.52 0.59 0.88 0.90
0.53 0.97 0.19 0.80 0.89 0.65
0.74 0.17 0.89 0.64 0.98 0.95
0.66 0.70 0.99 0.73 0.71 0.84
0.90 0.59 0.13 0.81 0.66 0.54
0.75 0.76 0.76 0.67 0.28 0.70
0.78 0.65 0.92 0.62 0.81 0.97
0.77 0.78 0.67 0.53 0.56 0.69
0.87 0.99 0.52 0.64 0.77 0.97
0.64 0.87 0.14 0.84 0.91 0.87
0.82 0.62 0.74 0.09 0.80 0.66
0.83 0.77 0.75 0.88 0.26 0.94
0.72 0.83 0.56 0.44 0.25 0.57
0.89 0.56 0.86 0.61 0.51 0.72
0.61 0.65 0.65 0.60 0.38 0.62
0.46 0.57 0.61 0.54 0.28 0.93
0.91 0.68 0.54 0.73 0.66 0.94
0.75 0.55 0.69 0.77 0.71 0.74
0.20 0.65 0.33 0.54 0.52 0.54
0.58 0.54 0.59 0.97 0.21 0.94
0.52 0.56 0.53 0.54 0.56 0.70
0.75 0.87 0.15 0.54 0.60 0.59
0.95 0.57 0.70 0.08 0.55 0.67
0.65 0.88 0.58 0.58 0.46 0.93
0.33 0.78 0.34 0.52 0.68 0.72
0.89 0.20 0.55 0.85 0.49 0.90
0.77 0.83 0.97 0.73 0.69 0.41
0.37 0.35 0.74 0.52 0.55 0.65
0.56 0.56 0.78 0.70 0.38 0.83
0.55 0.22 0.98 0.98 0.51 0.87
0.71 0.82 0.84 0.19 0.01 1.00
0.17 0.55 0.42 0.67 0.56 0.69
0.24 0.52 0.53 0.57 0.61 0.97
0.80 0.70 1.00 0.20 0.87 0.58
0.78 0.62 0.85 0.56 0.53 0.82
0.61 0.55 0.51 0.65 0.91 1.00
0.69 0.71 0.12 0.65 0.77 0.68
0.71 0.71 0.22 0.79 0.85 0.67
0.51 0.63 1.00 0.01 0.75 0.67
0.84 0.07 0.54 0.76 0.69 0.76
0.69 0.91 0.91 0.66 0.47 0.56
0.56 0.28 0.66 0.63 0.69 0.75
0.62 0.75 0.56 0.61 0.80 0.25
0.80 0.53 0.44 0.17 1.00 0.81
0.58 0.92 0.60 0.77 0.59 0.52
0.74 0.60 0.71 0.47 0.71 0.92
0.82 0.79 0.37 0.28 0.97 0.55
0.61 0.64 0.57 0.65 0.90 0.60
0.56 1.00 0.68 0.85 0.25 0.55
0.55 0.85 0.67 0.85 0.25 0.87
0.90 0.23 0.56 0.61 0.61 0.98
0.69 0.66 0.82 0.66 0.23 0.65
0.75 0.77 0.65 0.97 0.36 0.82
0.71 0.84 0.94 0.53 0.40 0.51
0.95 0.54 0.75 0.81 0.36 0.71
0.79 0.95 0.75 1.00 0.19 0.70
0.71 0.98 0.29 0.15 0.76 0.72
0.84 0.98 0.77 0.55 0.58 0.42
0.61 0.84 0.57 0.64 0.45 0.92
0.26 0.53 0.66 0.57 0.79 0.59
0.58 0.12 0.79 0.66 0.65 0.56
0.51 0.71 0.69 0.05 0.99 0.55
0.72 0.56 0.74 0.71 0.95 0.31
0.08 0.93 0.75 0.24 0.67 0.93
0.77 0.63 0.97 0.61 0.77 0.51
0.82 0.12 0.69 0.45 0.91 0.86
0.28 0.69 0.51 0.84 0.09 0.93
0.88 0.57 0.90 0.23 0.61 0.58
0.97 0.66 0.88 0.62 0.28 0.60
0.81 0.25 0.77 0.81 0.79 0.62
0.57 0.73 0.58 0.51 0.57 0.29
0.54 0.69 0.73 0.37 0.62 0.91
0.96 0.80 0.91 0.53 0.39 0.76
0.52 0.62 0.33 0.68 0.53 0.93
0.95 0.79 0.55 0.53 0.55 0.54
0.60 0.88 0.30 0.20 0.62 0.69
0.76 0.65 0.78 0.38 0.53 0.69
0.42 0.80 0.99 0.72 0.45 0.11
0.05 0.28 0.68 0.82 0.51 0.98
0.78 0.53 0.93 0.05 0.99 0.73
0.71 0.88 0.07 0.88 0.84 0.76
0.72 0.55 0.30 0.01 0.58 0.84
0.83 0.98 0.53 0.38 0.93 0.22
0.85 0.54 0.82 0.06 0.76 0.23
0.78 0.64 0.59 0.58 0.82 0.56
0.65 0.64 0.87 0.58 0.96 0.48
0.80 0.64 0.74 0.66 0.62 0.20
0.98 0.90 1.00 0.65 0.12 0.40
0.20 0.60 0.93 0.93 0.30 0.69
0.80 0.66 0.58 0.60 0.83 0.28
0.69 0.68 0.90 0.04 0.14 0.59
0.66 0.55 0.61 0.30 0.98 0.99
0.82 0.85 0.77 0.65 0.69 0.28
0.66 0.63 0.24 0.87 0.86 0.57
0.50 0.87 0.62 0.87 0.11 0.67
0.85 0.99 0.72 0.54 0.24 0.53
0.84 0.96 0.63 0.23 0.59 0.62
0.73 0.55 0.93 0.98 0.15 0.97
0.72 0.51 0.52 0.67 0.53 0.71
0.82 0.69 0.28 0.14 0.10 0.90
0.05 0.87 0.73 0.02 0.78 0.50
0.91 0.66 0.02 0.91 0.54 0.53
0.79 0.65 0.21 0.83 0.12 0.79
0.72 0.40 0.77 0.67 0.41 0.97
0.69 0.62 0.55 0.02 0.72 0.91
0.32 0.93 0.95 0.86 0.04 0.82
0.04 0.54 0.62 0.54 0.63 0.70
0.69 0.60 0.46 0.56 0.06 0.57
0.32 0.87 0.91 0.16 0.73 0.70
0.59 0.59 0.83 0.41 0.81 0.93
0.85 0.52 0.61 0.09 0.90 0.63
0.53 0.72 0.68 0.53 0.99 0.85
0.69 0.85 0.73 0.22 0.66 0.97
0.60 0.72 0.81 0.57 0.32 0.76
0.60 0.86 0.72 0.46 0.53 0.76
0.79 0.74 0.53 0.51 0.69 0.70
0.82 0.46 0.89 0.65 0.53 0.52
0.76 0.77 0.37 0.64 0.14 0.78
0.82 0.70 0.69 0.49 0.94 0.69
0.57 0.99 0.89 0.66 0.82 0.15
0.63 0.66 0.60 0.64 0.72 0.46
0.94 0.63 0.39 0.70 0.69 0.79
0.56 0.60 0.57 0.60 0.87 0.57
0.67 0.69 0.61 0.02 0.54 0.77
0.77 0.74 0.59 0.02 0.66 0.65
0.68 0.62 0.88 0.59 0.76 0.62
0.88 0.53 0.92 0.60 0.65 0.50
0.62 0.52 0.71 0.22 0.73 0.61
0.80 0.56 0.97 0.05 0.95 0.09
0.57 0.90 0.73 0.62 0.71 0.14
0.77 0.73 0.63 0.92 0.05 0.83
0.64 0.89 0.55 0.68 0.63 0.17
0.84 0.57 0.86 0.54 0.72 0.61
0.79 0.56 0.60 0.07 0.55 0.76
0.56 0.18 0.61 0.64 0.94 0.82
0.61 0.62 0.73 0.39 0.84 0.86
0.03 0.96 0.53 0.87 0.75 0.90
0.99 0.60 0.58 0.69 0.89 0.52
0.64 0.51 0.76 0.51 0.15 0.53
0.35 0.57 0.07 0.84 0.28 0.83
0.71 0.61 0.89 0.27 0.79 0.32
0.27 0.82 0.60 0.52 0.99 0.79
0.37 0.41 0.81 0.01 0.92 0.85
0.97 0.91 0.68 0.03 0.65 0.71
0.57 0.06 0.62 0.13 0.95 0.91
0.68 0.57 0.59 0.31 0.69 0.27
0.64 0.21 0.60 0.59 0.71 0.56
0.34 0.76 0.21 0.62 0.93 0.73
0.74 0.53 0.71 0.51 0.72 0.80
0.15 0.59 0.75 0.54 0.70 0.53
0.83 0.22 0.62 0.55 0.93 0.71
0.14 0.85 0.93 0.73 0.95 0.53
0.67 0.96 0.41 0.19 0.63 0.73
0.57 0.99 0.32 0.67 0.67 0.73
0.57 0.51 0.98 0.76 0.91 0.55
0.58 0.17 0.70 0.93 0.72 0.61
0.65 0.75 0.37 0.81 0.14 0.84
0.73 0.39 0.86 0.76 0.13 0.20
0.53 0.79 0.81 0.46 0.80 0.86
0.36 0.83 0.85 0.74 0.13 0.87
0.52 0.79 0.79 0.66 0.36 0.88
0.93 0.65 0.78 0.61 0.09 0.54
0.97 0.21 0.93 0.52 0.62 0.83
0.70 0.51 0.86 0.30 0.63 0.59
0.75 0.60 0.86 0.27 0.11 0.91
0.97 0.53 0.65 0.58 0.63 0.85
0.90 0.28 0.66 0.38 0.90 0.59
0.94 0.93 0.56 0.39 0.56 0.55
0.67 0.55 0.20 0.97 1.00 0.93
0.61 0.58 0.82 0.51 0.81 0.71
0.99 0.58 0.82 0.02 0.58 0.71
0.15 0.80 0.59 0.62 0.64 0.83
0.89 0.70 0.81 0.38 0.33 0.62
0.58 0.63 0.74 0.68 0.51 0.69
0.64 0.98 0.16 0.88 0.99 0.71
0.60 0.97 0.55 0.59 0.10 0.68
0.08 0.87 0.69 0.32 0.60 0.84
0.61 0.76 0.63 0.14 0.36 0.83
1.00 0.56 0.56 0.48 0.77 0.51
0.60 0.95 0.65 0.59 0.45 0.88
0.77 0.74 0.54 0.70 0.69 0.37
0.88 0.29 0.78 0.57 0.58 0.99
0.75 0.60 0.62 0.60 0.01 1.00
0.73 0.24 1.00 0.53 0.84 0.91
0.54 0.64 0.92 0.51 0.86 0.54
0.25 0.81 0.64 0.50 0.71 0.57
1.00 0.79 0.35 0.70 0.25 0.60
0.75 0.56 0.49 0.56 0.58 0.56
0.51 0.71 0.69 0.77 0.57 0.53
0.85 0.54 0.72 0.62 0.35 0.84
0.90 0.62 0.11 0.87 0.67 0.76
0.66 0.90 0.52 0.69 0.73 0.52
0.93 0.63 0.74 0.63 0.61 0.55
0.19 0.56 0.24 0.56 0.85 0.65
0.52 0.97 0.52 0.17 0.99 0.69
0.95 0.96 0.10 0.58 0.89 0.91
0.67 0.63 0.53 0.60 0.77 0.64
0.82 1.00 0.85 0.44 0.01 0.99
0.64 0.88 0.14 0.76 0.77 0.68
0.31 0.25 0.62 0.71 0.80 0.92
0.79 0.80 0.54 0.24 0.35 0.67
0.30 0.09 0.80 0.59 0.74 0.81
0.60 0.62 0.93 0.41 0.56 0.97
0.94 0.69 0.68 0.57 0.71 0.16
0.99 0.92 0.53 0.69 0.60 0.05
0.65 0.70 0.32 0.66 0.83 0.86
0.09 0.66 0.92 0.53 0.75 0.87
0.55 0.64 0.35 0.30 0.79 0.71
0.28 0.79 0.19 0.76 0.87 0.71
0.78 0.06 0.90 0.68 0.51 0.85
0.54 0.87 0.74 0.52 0.12 0.47
0.94 0.84 0.40 0.41 0.82 0.64
0.78 0.95 0.52 0.51 0.52 0.49
0.72 0.71 0.66 0.45 0.82 0.01
0.10 0.61 0.75 0.61 0.54 0.97
0.96 0.51 0.56 0.18 0.20 0.82
0.54 0.60 0.75 0.77 0.51 0.69
0.67 0.61 0.68 0.74 0.10 0.82
0.86 0.55 0.69 0.04 0.56 0.65
0.77 0.74 0.52 0.63 0.87 0.25
0.79 0.22 0.69 0.69 0.53 0.99
0.71 0.81 0.03 0.68 0.67 0.58
0.59 0.63 0.92 0.62 0.52 0.82
0.72 0.63 0.02 0.92 0.61 0.67
0.83 0.51 0.51 0.76 0.88 0.52
0.29 1.00 0.98 0.52 0.61 0.65
0.97 0.56 0.59 0.54 0.90 0.54
0.57 0.99 0.30 0.57 0.21 0.72
0.67 0.57 0.71 0.75 0.15 0.61
0.37 0.85 0.65 0.76 0.37 0.73
0.61 0.92 0.78 0.08 0.03 0.92
0.12 0.21 0.62 0.89 0.75 0.89
0.66 0.70 0.55 0.45 0.95 0.54
0.59 0.35 0.97 0.01 0.52 0.82
0.39 0.97 0.22 0.60 0.25 0.76
0.77 0.15 0.87 0.85 0.58 0.56
0.94 0.54 0.14 0.08 0.77 0.94
0.49 0.53 0.87 0.67 0.53 0.90
0.58 0.86 0.63 0.25 0.72 0.53
0.67 0.77 0.28 0.77 0.05 0.60
0.60 0.56 0.73 0.20 0.54 0.96
0.48 0.86 0.78 0.73 0.46 0.65
0.70 0.76 0.02 0.47 0.51 0.82
0.89 0.90 0.11 0.54 0.61 0.70
0.99 0.24 0.84 0.58 0.78 0.65
