250 6
0.41 0.34 0.59 0.42 0.63 0.23
0.98 0.38 0.71 0.90 0.60 0.62
0.72 0.87 0.87 1.00 0.42 0.78
0.89 0.29 0.59 0.84 1.00 0.38
1.00 0.63 0.71 0.63 0.58 0.81
0.97 0.52 0.66 0.96 0.54 0.67
0.51 0.77 0.72 0.87 0.55 0.13
0.53 0.89 0.83 0.05 0.70 0.95
0.77 0.87 0.58 0.99 0.79 0.98
0.20 0.62 1.00 0.99 0.54 0.57
0.95 0.56 0.04 0.67 0.85 0.61
0.80 0.93 0.65 0.57 0.52 0.65
0.65 0.62 0.52 0.59 0.69 0.31
0.60 0.76 0.64 0.64 0.60 0.67
0.90 0.87 0.92 0.73 0.48 0.89
0.85 0.08 0.83 0.54 0.79 0.79
0.82 0.85 0.52 0.70 0.53 0.56
1.00 0.47 0.50 0.87 0.81 0.84
0.78 0.51 0.08 0.44 0.99 0.68
0.81 0.59 0.55 0.20 0.66 0.91
0.95 0.88 0.65 0.75 0.59 0.54
0.57 0.62 0.95 0.70 0.13 0.91
0.53 0.67 0.68 0.51 0.59 0.84
0.96 0.80 0.69 0.96 0.54 0.94
0.66 0.78 0.72 0.73 0.85 0.04
0.85 0.61 0.51 0.72 0.59 0.77
0.83 0.89 0.90 0.03 0.61 0.85
0.72 0.64 0.83 0.55 0.60 0.51
0.85 0.54 0.52 0.54 0.51 0.87
0.73 0.94 0.70 0.81 0.56 0.41
0.68 0.90 0.24 0.58 0.79 0.72
0.77 0.59 0.29 0.17 0.20 0.78
0.96 0.51 0.56 1.00 0.72 0.93
0.74 0.97 0.73 0.22 0.95 0.60
0.81 0.99 0.91 0.33 0.94 0.66
0.95 0.18 0.71 0.94 0.92 0.24
0.74 0.89 0.98 0.86 0.52 0.34
0.03 0.69 0.36 0.39 0.93 0.86
0.78 0.12 0.61 0.65 0.60 0.58
0.49 0.87 0.79 0.97 0.68 0.22
0.09 0.52 0.98 0.82 0.67 0.96
0.88 0.72 0.72 0.70 0.56 0.76
0.95 0.97 0.72 0.66 0.26 0.60
0.32 0.76 0.05 0.82 0.49 0.72
0.81 0.66 0.97 0.88 0.03 0.95
0.70 0.73 0.78 0.81 0.52 0.74
0.73 0.75 0.58 0.67 0.37 0.79
0.98 0.66 0.75 0.71 0.53 0.31
0.54 0.91 0.54 0.72 0.25 0.84
0.31 0.69 0.88 0.79 0.91 0.52
0.66 0.62 0.91 0.62 0.62 0.69
0.76 0.87 0.65 0.69 0.57 0.70
0.71 0.58 0.23 0.85 0.63 0.81
0.16 0.84 0.76 0.75 0.61 0.91
0.72 0.81 0.55 0.59 0.52 0.69
0.70 0.86 0.68 0.53 0.52 0.55
0.18 0.12 0.02 0.79 0.94 1.00
0.60 0.80 0.58 0.71 0.58 0.65
0.90 0.37 0.56 0.52 0.77 0.79
0.89 0.72 0.13 0.66 0.86 0.71
0.92 0.74 0.69 0.77 0.51 0.37
0.53 0.85 0.84 0.76 0.98 0.07
0.69 0.60 0.80 0.81 0.61 0.58
0.51 0.55 0.61 0.53 0.05 0.81
0.56 0.71 0.85 0.95 0.55 0.34
0.84 0.53 0.58 0.87 0.73 0.54
0.53 0.69 0.77 0.86 0.59 0.54
0.66 0.77 0.70 0.90 0.04 0.64
0.79 0.59 0.68 0.89 0.51 0.40
1.00 0.97 0.53 0.57 0.82 0.74
0.67 0.89 0.52 0.53 0.59 0.96
0.96 0.82 0.22 0.60 0.74 0.78
0.54 0.54 0.83 0.80 0.59 0.23
0.77 0.72 0.57 0.56 0.03 0.56
0.30 0.83 0.68 0.76 0.71 0.58
0.61 0.85 0.83 0.74 0.61 0.63
0.57 0.26 0.70 0.65 0.54 0.82
0.75 0.64 0.98 0.95 0.56 0.66
0.45 0.66 0.53 0.94 0.86 0.60
0.64 0.79 0.49 0.52 0.03 0.69
0.57 0.98 0.58 0.62 0.66 1.00
0.48 0.83 0.58 0.75 0.85 0.19
0.63 0.87 0.88 0.54 0.57 0.62
0.55 0.54 1.00 0.57 0.54 0.92
0.51 0.84 0.16 0.69 0.87 0.55
0.53 0.55 0.57 0.71 0.65 0.76
0.33 0.63 0.77 0.64 0.87 0.84
0.58 0.55 0.15 0.65 0.79 0.52
0.73 0.62 0.23 0.75 0.63 0.84
0.65 0.99 0.36 0.99 0.52 0.62
0.65 0.13 0.63 0.84 0.72 0.60
0.61 0.64 0.56 0.63 0.76 0.92
0.68 0.57 0.93 0.65 0.81 0.07
0.60 0.80 0.57 0.89 0.68 0.59
0.04 0.83 0.30 0.80 0.75 0.84
0.74 0.64 0.70 0.16 0.40 0.93
0.93 0.69 0.56 0.92 0.02 0.63
0.64 0.93 0.92 0.56 0.03 0.54
0.72 0.92 0.53 0.87 0.67 0.56
0.62 0.81 0.67 0.56 0.52 0.59
0.85 0.73 0.98 0.09 0.14 0.10
0.60 0.83 0.57 0.59 0.80 0.91
0.79 0.86 0.55 0.36 0.94 0.60
0.51 0.06 0.54 0.75 0.32 0.64
0.42 0.20 0.99 0.92 0.60 0.86
0.55 0.66 0.81 0.93 0.27 0.64
0.74 0.02 0.83 0.75 0.70 0.80
0.63 0.55 0.54 0.57 0.70 0.71
0.60 0.67 0.56 0.45 0.76 0.87
0.61 0.84 0.62 0.06 0.67 0.97
0.82 0.57 0.94 0.09 0.60 0.78
0.62 0.63 0.84 1.00 0.32 0.58
0.94 0.53 0.39 0.56 0.56 0.89
0.77 0.54 0.52 0.54 0.92 0.62
0.16 0.65 0.48 0.86 0.71 0.67
0.63 0.63 0.79 0.18 0.79 0.65
0.87 0.22 0.71 0.71 0.89 0.14
0.06 0.71 0.76 0.63 0.32 0.64
0.52 0.68 0.47 0.79 0.61 0.82
1.00 0.90 0.48 0.96 0.73 0.57
0.15 0.80 0.86 0.79 0.20 0.73
0.74 0.58 0.83 0.65 0.56 0.69
0.57 0.78 0.89 0.12 0.52 0.57
1.00 0.37 0.54 0.71 0.97 0.74
0.72 0.31 0.83 0.37 0.54 0.82
0.02 0.83 0.72 0.68 0.04 0.96
0.91 0.21 0.89 0.73 0.60 0.57
0.78 0.89 0.56 0.58 0.78 0.53
0.30 0.89 0.59 0.64 0.81 0.55
0.64 0.93 1.00 0.94 0.01 0.88
0.42 0.49 0.51 0.95 0.64 0.96
0.56 0.69 0.46 0.53 0.08 0.84
0.40 0.57 0.13 0.54 0.15 0.60
0.80 0.89 0.60 0.27 0.09 0.91
0.65 0.54 0.56 0.66 0.74 0.74
0.87 0.56 0.70 0.30 0.88 0.96
0.34 0.90 0.09 0.81 0.91 0.73
0.68 0.92 0.93 0.13 0.62 0.43
0.57 0.92 0.57 0.99 0.54 0.48
0.07 0.58 0.60 0.86 0.41 0.96
0.64 0.80 0.80 0.34 0.87 0.60
0.80 0.57 0.54 0.56 0.12 0.82
0.22 0.61 0.99 0.89 0.68 0.88
0.97 0.59 0.74 0.22 0.59 0.66
0.62 0.69 0.47 0.14 0.77 0.97
0.60 0.55 0.58 0.55 0.88 0.86
0.77 0.19 0.96 0.76 0.24 0.59
0.96 0.97 0.53 0.38 0.58 0.60
0.53 0.86 0.55 0.06 0.14 0.88
0.77 0.79 0.76 0.53 0.56 0.54
0.86 0.86 0.85 0.58 0.60 0.18
0.81 0.01 0.78 0.92 0.66 0.92
0.60 0.55 0.78 0.53 0.04 0.52
0.72 0.94 0.01 0.71 0.58 0.79
0.96 0.76 0.63 0.99 0.59 0.55
0.99 0.79 0.56 0.37 0.55 0.77
0.63 0.64 0.56 1.00 0.85 0.21
0.51 0.28 0.64 0.73 0.58 1.00
0.43 0.55 0.75 0.22 0.44 0.69
0.34 0.64 0.55 0.93 0.97 0.94
0.33 0.72 0.98 0.62 0.66 0.62
0.71 0.92 0.68 0.58 0.49 0.54
0.90 0.83 0.61 0.84 0.53 0.52
0.35 0.85 1.00 0.41 1.00 0.82
0.89 0.62 0.82 0.03 0.44 0.56
0.59 0.68 0.64 0.67 0.51 0.53
0.76 0.80 0.89 0.67 0.01 0.69
0.83 0.81 0.42 0.54 0.07 0.91
0.54 0.64 0.98 0.75 0.56 0.51
0.65 0.05 0.73 0.74 0.64 0.96
0.04 0.23 0.03 0.13 0.94 0.74
0.94 0.96 0.66 0.72 0.08 0.16
0.88 0.67 0.64 0.58 0.58 0.59
0.70 0.30 0.95 0.51 0.34 0.56
0.25 0.60 0.54 0.70 0.69 0.71
0.31 0.55 0.84 0.91 0.98 0.60
0.54 0.56 0.35 0.82 0.54 0.74
0.53 0.77 0.56 0.31 0.60 0.76
0.99 0.53 0.89 0.98 0.70 0.06
0.75 0.75 0.98 0.60 0.88 0.21
0.27 0.53 0.65 0.51 0.52 0.98
0.71 0.96 0.65 0.41 0.68 0.65
0.89 0.89 0.56 0.55 0.57 0.06
0.96 0.15 0.73 0.60 0.88 0.91
0.72 0.72 0.88 0.88 0.13 0.27
0.98 0.73 0.58 0.03 0.56 0.55
0.71 0.02 0.98 0.99 0.94 0.75
0.75 0.02 0.55 0.70 0.80 0.35
0.78 0.74 0.68 0.38 0.79 0.69
0.60 0.51 0.75 0.67 0.59 0.71
0.93 0.79 0.09 0.99 0.91 0.52
0.35 0.68 0.73 0.56 0.88 0.65
0.58 0.19 0.57 0.70 0.62 0.83
0.68 0.53 0.53 0.74 0.90 0.65
0.67 0.53 0.12 0.87 0.84 0.95
0.16 0.97 0.78 0.83 0.63 0.63
0.61 0.66 0.67 0.64 0.20 0.52
0.86 0.74 0.25 0.45 0.86 0.73
0.71 0.66 0.39 0.56 0.54 0.32
0.12 0.80 0.60 0.67 0.99 0.54
0.60 0.11 0.79 0.62 0.72 0.70
0.60 0.72 0.37 0.49 0.77 0.50
0.01 0.95 0.71 0.62 0.56 0.73
0.86 0.02 0.04 0.59 0.53 0.62
0.63 0.64 0.57 0.89 0.06 0.51
0.26 0.68 0.63 0.87 0.58 0.76
0.16 0.57 0.60 0.76 0.57 0.85
0.86 0.88 0.10 0.84 0.10 0.51
0.61 0.12 1.00 0.52 0.70 0.56
0.54 0.35 0.70 0.59 0.62 0.83
0.51 0.79 0.74 0.91 0.14 0.72
0.69 0.56 0.54 0.65 0.58 0.72
0.73 0.92 0.58 0.87 0.56 0.23
0.36 0.55 0.97 0.75 0.95 0.55
0.01 0.78 0.62 0.91 0.89 0.63
0.91 0.07 0.62 0.69 0.91 0.01
0.46 0.58 0.80 0.65 0.63 0.08
0.68 0.79 0.96 0.99 0.54 0.18
0.61 0.91 0.65 0.56 0.59 0.56
0.66 0.86 0.57 0.96 0.60 0.17
0.96 0.23 0.64 0.65 0.65 0.24
0.70 0.54 0.77 0.44 0.22 0.72
0.95 0.70 0.74 0.71 0.11 0.51
0.45 0.52 0.57 0.79 0.60 0.59
0.54 0.50 0.55 0.57 0.65 0.77
0.55 0.78 0.04 0.77 0.53 0.84
0.15 0.51 0.66 0.58 0.69 0.96
0.55 0.74 0.71 0.08 0.73 0.65
0.57 0.96 0.61 0.12 0.76 0.80
0.06 0.90 0.59 0.36 0.61 0.85
0.18 0.67 0.81 1.00 0.64 0.63
0.41 0.55 0.53 0.56 0.46 0.26
0.90 0.02 0.99 0.69 0.51 0.86
0.72 0.54 0.36 0.78 0.59 0.66
0.70 0.11 0.55 0.53 0.73 0.51
0.18 0.91 0.84 0.90 0.97 0.56
0.45 0.54 0.73 0.61 0.02 0.66
0.73 0.55 0.59 0.79 0.77 0.07
0.03 0.58 0.88 0.97 0.09 0.47
0.61 1.00 0.52 0.08 0.54 0.86
0.80 0.51 0.88 0.56 0.89 0.21
0.98 0.11 0.33 0.76 0.54 0.22
0.98 0.57 0.57 0.89 0.52 0.15
0.96 0.93 0.77 0.05 0.67 0.68
0.93 0.86 0.83 0.22 0.09 0.78
0.47 0.91 0.06 0.59 0.70 0.91
0.51 0.56 0.71 0.23 0.14 0.89
0.71 0.76 0.91 0.51 0.51 0.62
0.70 0.65 0.60 0.41 0.82 0.59
0.51 0.90 0.85 0.51 0.57 0.61
