250 6
41 34 59 42 63 23
98 38 71 90 60 62
72 87 87 100 42 78
89 29 59 84 100 38
100 63 71 63 58 81
97 52 66 96 54 67
51 77 72 87 55 13
53 89 83 5 70 95
77 87 58 99 79 98
20 62 100 99 54 57
95 56 4 67 85 61
80 93 65 57 52 65
65 62 52 59 69 31
60 76 64 64 60 67
90 87 92 73 48 89
85 8 83 54 79 79
82 85 52 70 53 56
100 47 50 87 81 84
78 51 8 44 99 68
81 59 55 20 66 91
95 88 65 75 59 54
57 62 95 70 13 91
53 67 68 51 59 84
96 80 69 96 54 94
66 78 72 73 85 4
85 61 51 72 59 77
83 89 90 3 61 85
72 64 83 55 60 51
85 54 52 54 51 87
73 94 70 81 56 41
68 90 24 58 79 72
77 59 29 17 20 78
96 51 56 100 72 93
74 97 73 22 95 60
81 99 91 33 94 66
95 18 71 94 92 24
74 89 98 86 52 34
3 69 36 39 93 86
78 12 61 65 60 58
49 87 79 97 68 22
9 52 98 82 67 96
88 72 72 70 56 76
95 97 72 66 26 60
32 76 5 82 49 72
81 66 97 88 3 95
70 73 78 81 52 74
73 75 58 67 37 79
98 66 75 71 53 31
54 91 54 72 25 84
31 69 88 79 91 52
66 62 91 62 62 69
76 87 65 69 57 70
71 58 23 85 63 81
16 84 76 75 61 91
72 81 55 59 52 69
70 86 68 53 52 55
18 12 2 79 94 100
60 80 58 71 58 65
90 37 56 52 77 79
89 72 13 66 86 71
92 74 69 77 51 37
53 85 84 76 98 7
69 60 80 81 61 58
51 55 61 53 5 81
56 71 85 95 55 34
84 53 58 87 73 54
53 69 77 86 59 54
66 77 70 90 4 64
79 59 68 89 51 40
100 97 53 57 82 74
67 89 52 53 59 96
96 82 22 60 74 78
54 54 83 80 59 23
77 72 57 56 3 56
30 83 68 76 71 58
61 85 83 74 61 63
57 26 70 65 54 82
75 64 98 95 56 66
45 66 53 94 86 60
64 79 49 52 3 69
57 98 58 62 66 100
48 83 58 75 85 19
63 87 88 54 57 62
55 54 100 57 54 92
51 84 16 69 87 55
53 55 57 71 65 76
33 63 77 64 87 84
58 55 15 65 79 52
73 62 23 75 63 84
65 99 36 99 52 62
65 13 63 84 72 60
61 64 56 63 76 92
68 57 93 65 81 7
60 80 57 89 68 59
4 83 30 80 75 84
74 64 70 16 40 93
93 69 56 92 2 63
64 93 92 56 3 54
72 92 53 87 67 56
62 81 67 56 52 59
85 73 98 9 14 10
60 83 57 59 80 91
79 86 55 36 94 60
51 6 54 75 32 64
42 20 99 92 60 86
55 66 81 93 27 64
74 2 83 75 70 80
63 55 54 57 70 71
60 67 56 45 76 87
61 84 62 6 67 97
82 57 94 9 60 78
62 63 84 100 32 58
94 53 39 56 56 89
77 54 52 54 92 62
16 65 48 86 71 67
63 63 79 18 79 65
87 22 71 71 89 14
6 71 76 63 32 64
52 68 47 79 61 82
100 90 48 96 73 57
15 80 86 79 20 73
74 58 83 65 56 69
57 78 89 12 52 57
100 37 54 71 97 74
72 31 83 37 54 82
2 83 72 68 4 96
91 21 89 73 60 57
78 89 56 58 78 53
30 89 59 64 81 55
64 93 100 94 1 88
42 49 51 95 64 96
56 69 46 53 8 84
40 57 13 54 15 60
80 89 60 27 9 91
65 54 56 66 74 74
87 56 70 30 88 96
34 90 9 81 91 73
68 92 93 13 62 43
57 92 57 99 54 48
7 58 60 86 41 96
64 80 80 34 87 60
80 57 54 56 12 82
22 61 99 89 68 88
97 59 74 22 59 66
62 69 47 14 77 97
60 55 58 55 88 86
77 19 96 76 24 59
96 97 53 38 58 60
53 86 55 6 14 88
77 79 76 53 56 54
86 86 85 58 60 18
81 1 78 92 66 92
60 55 78 53 4 52
72 94 1 71 58 79
96 76 63 99 59 55
99 79 56 37 55 77
63 64 56 100 85 21
51 28 64 73 58 100
43 55 75 22 44 69
34 64 55 93 97 94
33 72 98 62 66 62
71 92 68 58 49 54
90 83 61 84 53 52
35 85 100 41 100 82
89 62 82 3 44 56
59 68 64 67 51 53
76 80 89 67 1 69
83 81 42 54 7 91
54 64 98 75 56 51
65 5 73 74 64 96
4 23 3 13 94 74
94 96 66 72 8 16
88 67 64 58 58 59
70 30 95 51 34 56
25 60 54 70 69 71
31 55 84 91 98 60
54 56 35 82 54 74
53 77 56 31 60 76
99 53 89 98 70 6
75 75 98 60 88 21
27 53 65 51 52 98
71 96 65 41 68 65
89 89 56 55 57 6
96 15 73 60 88 91
72 72 88 88 13 27
98 73 58 3 56 55
71 2 98 99 94 75
75 2 55 70 80 35
78 74 68 38 79 69
60 51 75 67 59 71
93 79 9 99 91 52
35 68 73 56 88 65
58 19 57 70 62 83
68 53 53 74 90 65
67 53 12 87 84 95
16 97 78 83 63 63
61 66 67 64 20 52
86 74 25 45 86 73
71 66 39 56 54 32
12 80 60 67 99 54
60 11 79 62 72 70
60 72 37 49 77 50
1 95 71 62 56 73
86 2 4 59 53 62
63 64 57 89 6 51
26 68 63 87 58 76
16 57 60 76 57 85
86 88 10 84 10 51
61 12 100 52 70 56
54 35 70 59 62 83
51 79 74 91 14 72
69 56 54 65 58 72
73 92 58 87 56 23
36 55 97 75 95 55
1 78 62 91 89 63
91 7 62 69 91 1
46 58 80 65 63 8
68 79 96 99 54 18
61 91 65 56 59 56
66 86 57 96 60 17
96 23 64 65 65 24
70 54 77 44 22 72
95 70 74 71 11 51
45 52 57 79 60 59
54 50 55 57 65 77
55 78 4 77 53 84
15 51 66 58 69 96
55 74 71 8 73 65
57 96 61 12 76 80
6 90 59 36 61 85
18 67 81 100 64 63
41 55 53 56 46 26
90 2 99 69 51 86
72 54 36 78 59 66
70 11 55 53 73 51
18 91 84 90 97 56
45 54 73 61 2 66
73 55 59 79 77 7
3 58 88 97 9 47
61 100 52 8 54 86
80 51 88 56 89 21
98 11 33 76 54 22
98 57 57 89 52 15
96 93 77 5 67 68
93 86 83 22 9 78
47 91 6 59 70 91
51 56 71 23 14 89
71 76 91 51 51 62
70 65 60 41 82 59
51 90 85 51 57 61
