200 7
0.96 0.02 0.02 0.54 0.17 0.74 0.44
0.60 0.93 0.87 0.64 0.67 0.56 0.99
0.70 0.76 0.61 0.73 0.62 0.78 0.64
0.93 0.79 0.61 0.96 0.66 0.46 0.99
0.61 0.85 0.69 0.81 0.62 0.75 0.93
0.67 0.58 0.52 0.53 0.97 0.81 0.96
0.98 0.90 0.99 0.81 0.72 0.70 0.79
0.92 1.00 0.61 0.57 0.55 0.57 0.76
0.85 0.32 0.83 0.87 0.61 0.81 0.76
0.68 0.88 0.73 0.94 0.57 0.57 0.58
0.87 0.80 0.97 0.69 0.97 1.00 0.88
0.93 0.59 0.69 0.68 0.88 0.76 0.95
0.47 0.52 0.69 0.88 0.70 0.81 0.60
0.61 0.89 0.57 0.53 0.76 0.90 0.57
0.78 0.98 0.89 0.31 0.99 0.63 0.69
0.59 0.74 0.67 0.65 0.66 0.72 0.57
0.65 0.54 0.83 0.72 0.72 0.87 0.63
0.52 0.95 0.59 0.62 1.00 0.84 0.60
0.79 0.53 0.54 0.89 0.05 0.59 0.78
0.95 0.99 0.72 0.06 0.75 0.56 0.53
0.95 0.67 0.74 0.64 0.66 0.95 1.00
0.59 0.73 0.99 0.58 0.75 0.39 0.63
0.90 0.82 0.61 0.93 0.99 0.66 0.55
0.55 0.79 0.97 0.73 0.96 0.59 0.71
0.60 0.64 0.57 0.75 0.78 0.51 0.95
0.01 0.87 0.57 0.79 0.92 0.60 0.82
0.98 0.52 1.00 0.66 0.23 0.54 0.71
0.56 0.78 0.86 0.05 0.53 0.78 0.56
1.00 0.77 0.78 0.79 0.74 0.26 0.98
0.86 0.69 0.72 0.84 0.51 0.73 0.69
0.54 0.05 0.21 0.71 0.61 0.68 0.98
0.71 0.55 0.63 0.75 0.72 0.78 0.71
0.53 0.61 0.79 0.65 0.68 0.69 0.80
0.98 0.79 0.70 0.66 1.00 0.52 0.78
0.24 0.89 0.86 0.88 0.77 0.51 0.86
0.78 0.69 0.52 0.91 0.67 0.91 0.61
0.86 0.57 0.70 0.79 0.53 0.71 0.86
0.98 0.98 1.00 0.57 0.61 0.24 0.83
0.88 0.66 0.69 0.90 0.66 0.54 0.74
0.60 0.59 0.72 0.98 0.97 0.78 0.83
0.56 0.85 0.72 0.82 0.85 0.74 0.88
0.67 0.54 0.87 0.54 0.72 0.55 0.74
0.54 0.57 0.84 0.63 0.77 0.94 0.68
0.68 0.55 0.84 0.93 0.87 0.57 0.58
0.62 0.60 0.96 0.39 0.83 0.93 0.72
0.94 0.99 0.76 0.54 0.92 0.04 0.57
0.97 0.87 0.79 0.53 0.05 0.61 0.76
0.71 0.93 0.96 0.78 0.74 0.54 0.98
0.94 0.62 0.54 0.88 0.59 0.95 0.86
0.61 0.59 0.64 0.99 0.23 0.78 0.76
0.60 0.67 0.81 0.77 0.91 0.69 0.79
0.98 0.93 0.75 0.61 0.51 0.12 0.89
0.56 0.84 0.86 0.91 0.79 0.30 0.56
0.95 0.90 0.69 0.51 0.86 0.95 0.55
0.97 0.65 0.78 0.60 0.56 0.71 0.52
1.00 0.64 0.74 0.53 1.00 0.89 0.66
0.52 0.58 0.82 0.66 0.96 0.99 0.97
0.99 0.90 0.81 0.32 0.58 0.82 0.98
0.60 0.86 0.99 0.53 0.97 0.66 0.51
0.83 0.66 0.85 0.51 0.64 0.60 0.53
0.59 0.79 0.40 0.73 0.78 0.93 0.93
0.29 0.74 0.87 0.84 0.59 0.38 0.68
0.55 0.52 0.66 0.96 0.89 0.82 0.96
0.87 0.38 0.94 0.60 0.88 0.41 0.91
0.89 1.00 0.73 0.35 0.61 0.72 0.59
0.79 0.35 0.68 0.52 0.86 0.61 0.51
0.82 0.59 0.85 0.51 0.62 0.51 0.96
0.72 0.32 0.83 0.65 0.70 0.83 0.67
1.00 0.92 0.94 0.82 0.70 0.07 0.83
0.62 0.55 0.63 0.92 0.74 0.87 0.93
0.53 0.34 0.72 1.00 0.81 0.66 0.58
0.94 0.66 0.30 0.82 0.71 0.55 0.87
0.85 0.89 0.72 0.70 0.64 0.75 0.28
0.63 0.78 0.52 0.74 0.85 0.61 0.66
0.95 0.64 0.57 0.67 0.74 0.85 0.79
0.87 0.88 0.21 0.96 0.98 0.66 0.78
0.33 0.56 0.88 0.61 0.95 0.60 0.81
0.74 1.00 0.59 0.74 0.74 0.85 0.87
0.57 0.67 0.55 0.95 0.71 0.58 0.83
1.00 0.84 0.81 0.18 0.86 0.77 0.77
0.91 0.90 0.79 0.63 0.52 0.62 0.70
1.00 0.91 0.56 0.62 0.66 0.53 0.52
0.59 0.65 0.71 0.92 0.92 0.69 0.82
0.83 0.73 0.61 0.76 0.89 0.44 0.88
0.61 0.76 0.36 0.58 0.88 0.86 0.96
0.62 0.52 0.65 0.72 0.78 0.52 0.52
0.90 0.92 0.84 0.67 0.62 0.38 0.67
0.64 0.99 0.85 0.51 0.82 0.87 0.78
0.57 0.74 0.95 0.60 0.53 0.64 0.82
0.57 0.74 0.57 0.88 0.35 0.82 0.17
0.87 0.89 0.65 0.78 0.64 0.66 0.84
0.79 0.25 0.63 0.86 0.99 0.19 0.75
0.79 0.62 0.69 0.84 0.58 0.93 0.89
0.11 0.77 0.80 0.85 0.58 0.70 0.65
0.97 0.83 0.68 0.59 0.57 0.58 0.92
0.81 0.73 0.83 0.97 0.74 0.90 0.21
0.85 0.77 0.83 0.21 0.58 0.53 0.95
0.75 0.64 0.61 0.73 0.51 0.24 0.82
0.80 0.05 0.89 0.34 0.93 0.80 0.96
0.79 0.95 0.74 0.31 0.57 0.52 0.83
0.72 0.81 0.59 0.99 0.89 0.52 0.56
0.99 0.75 0.92 0.60 0.66 0.53 0.89
0.55 0.83 0.90 0.88 0.53 0.95 0.58
0.74 0.88 0.59 0.59 0.60 0.62 0.83
0.72 0.83 0.83 0.93 0.69 0.48 0.91
0.53 0.76 0.75 0.54 0.86 0.93 0.98
0.58 0.55 0.52 0.70 0.60 0.75 0.97
0.71 0.85 0.62 0.54 0.71 0.97 0.75
0.51 0.99 0.74 0.76 0.57 0.99 0.77
0.66 0.99 0.77 0.86 0.92 0.64 0.51
0.91 0.99 0.60 0.73 0.55 0.60 1.00
0.70 0.56 0.53 0.81 0.67 0.83 0.94
0.80 0.83 0.87 0.98 0.59 0.54 0.55
0.67 0.97 0.51 0.67 0.69 0.83 0.70
0.44 0.91 0.62 0.64 0.94 0.77 0.60
0.99 0.79 0.66 0.79 0.71 0.58 0.55
0.58 0.92 0.72 0.89 0.65 0.57 0.90
0.53 0.67 0.91 0.83 0.99 0.66 0.76
0.63 0.69 0.71 0.60 0.51 0.63 0.79
0.99 0.51 0.83 0.54 0.91 0.55 0.56
0.90 0.80 0.70 0.77 0.88 0.51 0.57
0.86 0.95 0.81 0.81 0.74 0.59 0.18
0.54 0.82 0.77 0.55 0.85 0.92 0.54
0.92 0.59 0.94 0.43 0.59 0.78 0.92
0.54 0.71 0.81 0.54 0.62 0.81 0.54
0.82 0.58 0.63 0.21 0.64 0.94 0.98
0.94 0.95 0.78 0.85 0.52 0.64 0.55
0.77 0.53 0.61 0.67 0.58 0.71 0.56
0.56 0.88 0.96 0.67 0.80 0.53 0.05
0.56 0.59 0.74 0.61 0.96 0.76 0.78
0.92 0.83 0.76 0.71 0.70 0.62 0.59
0.75 0.73 0.70 0.70 0.54 0.77 0.54
0.63 0.44 0.74 0.74 0.79 0.88 0.53
0.58 0.79 0.86 0.79 0.61 0.60 0.92
0.88 0.76 0.84 0.54 0.57 1.00 0.59
0.53 0.79 0.77 0.83 0.99 0.94 0.91
0.64 0.57 0.57 0.88 0.90 1.00 0.94
0.92 0.67 0.53 0.68 0.94 0.80 0.86
0.61 0.60 0.53 0.93 0.67 0.70 0.77
0.54 1.00 0.84 0.94 0.10 0.54 0.96
0.61 0.82 0.75 0.54 0.83 0.85 0.63
0.80 0.55 0.64 0.77 0.83 0.59 0.82
0.58 0.81 0.95 0.51 0.89 0.70 0.22
0.68 1.00 0.69 0.97 0.64 0.59 0.91
0.52 0.82 0.63 0.85 0.58 0.51 0.92
0.53 1.00 0.77 0.51 0.52 0.88 0.69
0.72 0.56 0.61 0.86 0.61 0.51 0.79
0.53 0.71 0.55 0.94 0.95 0.85 0.83
0.87 0.63 0.69 0.56 0.77 0.52 0.73
0.70 0.57 0.80 0.51 0.73 0.55 0.62
0.73 0.66 0.69 0.87 0.66 0.64 0.66
0.63 0.76 0.81 0.79 0.58 0.54 0.57
0.53 0.82 0.60 0.55 0.90 0.76 0.73
0.75 0.87 0.86 0.66 0.74 0.13 0.75
0.53 0.91 0.62 0.73 0.89 0.93 0.98
0.71 0.93 0.76 0.51 0.92 0.98 0.91
0.54 0.74 0.52 0.57 0.66 0.74 0.94
0.72 0.95 0.65 0.67 0.64 0.81 0.61
0.61 0.86 1.00 0.63 0.74 0.53 0.83
0.66 0.51 0.99 0.51 0.65 0.88 0.71
0.94 0.65 0.91 0.54 0.65 0.66 0.76
0.82 0.57 0.85 0.80 0.57 0.96 0.85
0.92 0.69 0.84 0.60 0.83 0.51 0.95
0.88 0.90 0.57 0.71 0.62 0.59 0.91
0.65 0.77 0.94 0.70 0.58 0.95 0.68
0.57 0.71 0.52 0.97 0.77 0.90 0.58
0.75 0.79 0.51 0.99 0.81 0.72 0.81
0.67 0.90 0.52 0.87 0.74 0.81 0.55
0.63 0.54 0.57 0.55 0.53 0.76 0.67
0.95 0.80 0.51 0.83 0.58 0.77 1.00
0.64 0.86 0.52 0.51 1.00 0.65 0.59
0.64 0.99 0.57 0.76 0.83 0.95 0.51
0.09 1.00 0.97 0.60 0.80 0.75 0.82
0.88 0.59 0.99 0.54 0.55 0.54 0.27
0.93 0.91 0.94 0.55 0.61 0.54 0.94
0.73 0.86 0.71 0.52 0.90 0.54 0.90
0.59 0.73 0.87 0.63 0.83 0.80 0.83
0.58 0.57 0.99 0.59 1.00 0.78 0.95
0.77 0.64 0.56 0.99 0.58 0.68 0.99
0.80 0.61 0.69 0.82 0.66 0.91 0.52
0.56 0.97 0.92 0.88 0.51 0.97 0.91
0.95 0.83 0.85 0.56 0.60 0.61 0.52
0.63 0.70 0.79 0.74 0.71 0.66 0.76
0.61 0.72 0.64 0.69 0.74 0.59 0.77
0.63 0.76 0.82 0.99 0.55 0.79 0.63
0.55 0.52 0.90 0.53 0.53 0.71 0.56
0.65 0.87 0.59 0.97 0.70 0.67 0.55
0.65 0.52 0.92 0.70 0.94 0.52 0.55
0.53 0.95 0.69 0.55 0.87 0.98 0.65
0.72 0.75 0.65 0.56 0.52 0.58 0.86
0.85 0.51 0.85 0.96 0.60 0.81 0.71
0.55 0.97 0.89 0.63 0.98 0.62 0.61
0.81 0.50 0.69 0.53 0.81 0.89 0.88
0.67 0.52 0.62 0.61 0.94 0.48 0.76
0.57 0.55 0.59 0.54 0.71 1.00 0.75
0.61 0.62 0.66 0.85 0.70 0.89 0.68
0.81 0.68 0.51 0.93 0.80 0.62 0.72
0.32 0.64 0.55 0.93 0.96 0.83 0.81
0.51 0.61 0.72 0.94 0.59 0.86 0.73
1.00 0.71 0.68 0.52 0.63 0.94 0.67
