200 7
0.54 0.12 0.15 0.03 0.53 0.90 0.05
0.75 0.77 0.78 0.83 0.59 0.76 0.70
0.96 0.83 0.64 0.52 0.72 0.13 0.66
0.32 0.83 0.63 0.62 0.52 0.80 0.53
0.84 0.57 0.87 0.77 0.13 0.97 0.70
0.54 0.80 0.72 0.84 0.65 0.68 1.00
0.56 0.72 0.75 0.55 0.75 0.49 0.66
0.61 0.81 0.96 0.61 0.84 0.85 0.60
0.65 0.76 0.92 0.54 0.75 0.79 0.62
0.67 0.16 0.77 0.90 0.63 0.89 0.70
0.78 0.56 0.66 0.53 0.72 0.72 0.87
0.51 0.76 0.99 0.56 0.64 0.96 0.71
0.41 0.88 0.56 0.90 0.86 0.74 0.58
0.54 0.91 0.72 0.75 0.86 0.61 0.98
0.63 0.63 0.72 0.74 0.82 0.52 0.83
0.74 1.00 0.67 0.74 0.86 0.62 0.27
0.88 0.57 0.97 0.64 0.75 0.82 0.60
0.21 0.82 0.62 0.69 0.55 0.78 0.99
0.89 0.78 0.79 0.91 0.79 0.66 0.54
0.63 0.81 0.62 0.80 0.21 0.65 0.56
0.52 0.73 0.86 0.51 0.58 0.92 0.93
0.77 0.64 0.22 0.89 0.99 0.17 0.62
0.75 0.73 0.88 0.53 0.53 0.68 0.07
0.31 0.71 0.95 0.88 0.89 0.85 0.82
0.60 0.97 0.51 0.73 0.54 0.65 0.67
0.81 0.93 0.55 0.52 0.97 0.58 0.74
0.61 0.63 0.74 0.95 0.73 0.82 0.69
0.83 0.52 0.73 0.57 0.88 0.51 0.62
0.65 0.69 0.80 0.68 0.99 0.56 0.58
0.79 0.59 0.92 0.80 0.58 0.75 0.68
0.77 0.79 0.68 0.91 0.64 0.82 0.94
0.55 0.85 0.87 0.89 0.58 0.75 0.63
0.77 0.56 0.87 0.91 0.57 0.51 0.65
0.66 0.89 0.55 0.60 0.75 0.73 0.97
0.57 0.59 0.78 0.70 0.96 0.80 0.74
0.70 0.79 1.00 0.58 0.60 0.76 0.72
0.32 0.58 0.77 0.78 0.70 0.61 0.71
0.71 0.93 0.46 0.94 0.82 0.83 0.72
0.72 0.52 0.95 0.76 0.99 0.73 0.89
0.69 0.99 0.86 0.10 0.87 0.86 0.65
0.81 0.71 0.98 0.60 0.98 0.86 0.73
0.58 0.19 0.57 0.69 0.93 0.73 0.59
0.55 0.87 0.60 0.97 0.71 0.85 0.67
0.09 0.96 0.71 0.91 0.56 0.82 0.91
0.94 0.62 0.81 0.75 0.42 0.57 0.99
0.88 0.55 0.66 0.90 0.86 0.70 0.73
0.96 0.70 0.82 0.67 0.57 0.89 0.98
0.96 0.27 0.06 0.80 0.79 0.68 0.67
0.81 0.81 0.93 0.47 0.81 0.65 0.95
0.55 0.96 0.67 0.15 0.72 0.64 0.90
0.55 0.93 0.60 0.79 0.78 0.52 0.98
0.68 0.76 0.78 0.78 0.85 0.58 0.51
0.57 0.96 0.21 0.62 0.81 0.73 0.67
0.65 0.41 0.82 0.71 0.79 0.62 0.19
0.79 0.39 0.63 0.66 0.93 0.51 0.51
0.56 0.68 0.75 0.55 0.96 0.63 0.88
0.65 0.59 0.82 0.94 0.85 0.61 0.63
0.66 0.70 0.82 0.82 0.67 0.78 0.90
0.57 0.97 0.06 0.78 0.58 0.66 0.87
0.67 0.64 0.63 0.78 0.69 0.61 0.88
0.95 0.70 0.65 0.62 0.67 0.64 0.90
0.78 0.92 0.60 0.94 0.52 0.80 0.63
0.78 0.73 0.82 0.95 0.56 0.83 0.58
0.77 0.54 0.73 0.79 0.97 0.60 0.72
0.61 0.63 0.87 0.93 0.23 0.69 0.93
0.81 0.29 0.82 0.86 0.69 0.84 0.64
0.89 0.95 0.61 0.08 0.82 0.56 0.86
0.57 0.99 0.67 0.49 0.73 0.39 0.55
0.54 0.93 0.80 0.90 0.58 0.59 0.82
0.68 0.59 0.88 0.77 0.60 0.81 0.95
0.68 0.79 0.65 0.86 0.81 0.51 0.76
0.59 0.84 0.64 0.59 0.84 0.58 0.56
0.74 0.56 0.80 0.71 0.81 0.75 0.62
0.61 0.65 0.92 0.62 0.70 0.86 0.53
0.69 0.69 0.55 0.82 0.51 0.73 0.73
0.79 0.99 0.57 0.52 0.86 0.18 0.71
0.59 0.80 0.87 0.98 0.62 0.74 0.67
0.98 0.94 0.94 0.69 0.08 0.97 0.97
0.84 0.87 0.53 0.79 0.81 0.03 0.84
0.66 0.73 0.74 0.55 0.84 0.58 0.63
0.87 0.59 0.92 0.54 0.86 0.61 0.79
0.16 0.74 0.59 0.82 0.88 0.55 0.55
0.99 0.92 0.51 0.79 0.89 0.57 0.63
0.74 0.60 0.82 0.52 0.70 0.52 0.63
0.33 0.68 0.96 0.58 0.95 0.77 0.97
0.33 0.85 0.78 0.82 0.68 0.56 0.61
0.98 0.88 0.70 0.52 0.95 0.55 0.57
0.55 0.83 0.54 0.85 0.92 0.61 0.62
0.63 0.67 0.60 1.00 0.62 0.85 0.51
0.82 0.61 0.66 0.77 0.89 0.61 1.00
0.81 0.77 0.83 0.83 0.96 0.54 0.26
0.73 0.66 0.93 0.60 0.47 0.63 0.88
0.12 0.68 0.79 0.92 0.87 0.52 0.71
0.77 0.69 0.65 0.65 0.64 0.68 0.96
0.87 0.78 0.53 0.73 0.77 0.89 0.57
0.67 0.77 0.97 0.96 0.78 0.53 0.54
0.89 0.56 0.59 0.94 0.29 0.60 0.85
0.71 0.76 1.00 0.62 0.77 0.56 0.53
0.80 0.92 0.91 0.84 0.15 0.93 0.96
0.63 0.60 1.00 0.64 0.89 0.01 0.98
0.51 0.31 0.94 0.74 0.56 0.61 0.69
0.73 0.70 0.85 0.62 0.78 0.58 0.59
0.58 0.77 0.92 0.82 0.65 0.79 0.60
0.58 0.73 0.67 0.96 0.67 0.43 0.57
0.52 0.57 0.55 0.61 0.88 0.98 0.54
0.59 0.80 0.88 0.80 0.89 0.61 0.53
0.54 0.78 0.54 0.67 0.37 0.51 0.57
0.60 0.63 0.72 0.62 0.67 0.57 0.59
0.41 0.92 0.70 0.98 0.81 0.69 0.93
0.94 0.86 0.97 0.60 0.56 0.53 0.82
1.00 0.84 0.66 0.85 0.73 0.87 0.43
0.87 0.98 0.95 0.51 0.65 0.64 0.81
0.74 0.74 0.75 0.75 0.77 0.54 0.58
0.94 0.61 0.54 0.71 0.57 0.37 0.68
0.84 0.73 0.52 0.58 0.77 0.51 0.52
0.87 0.90 0.60 0.52 0.69 0.54 0.62
0.08 0.93 0.68 0.94 0.95 0.86 0.22
0.42 0.78 0.82 0.59 0.65 0.89 0.76
0.94 0.67 0.61 0.76 0.69 0.44 0.53
0.73 0.89 0.61 0.58 0.81 0.59 0.79
0.94 0.58 0.81 0.98 0.78 0.06 0.65
0.09 0.80 0.61 0.84 0.63 0.79 0.76
0.62 0.53 0.93 0.57 0.80 0.52 0.83
0.52 0.56 0.81 0.82 0.87 0.93 0.81
0.67 0.65 0.74 0.85 0.67 0.52 0.94
0.72 0.87 0.53 0.53 0.04 0.59 0.60
0.99 0.96 0.50 0.86 0.63 0.60 0.60
0.70 0.55 0.66 0.52 0.59 0.62 0.96
0.95 0.77 0.14 0.74 0.54 0.53 0.75
0.93 0.68 0.59 0.80 0.74 0.85 0.80
0.84 0.69 0.88 0.52 0.64 0.47 0.97
0.85 0.61 1.00 0.24 0.86 0.68 0.95
0.93 0.57 0.67 0.89 0.85 0.78 0.65
0.55 0.58 0.62 0.60 0.87 0.70 0.62
0.67 0.96 0.53 0.78 0.85 0.76 0.65
0.56 0.52 0.51 0.62 0.77 0.68 0.86
0.74 0.58 0.67 0.85 0.62 0.67 0.63
0.90 0.70 0.70 0.93 0.78 0.54 0.85
0.87 0.63 0.65 0.84 0.81 0.20 0.58
0.80 0.65 0.68 0.61 0.85 0.55 0.90
0.21 0.78 0.95 0.63 0.69 0.66 0.81
0.94 0.89 0.68 0.85 0.90 0.84 0.01
0.82 0.82 0.45 0.66 0.84 0.85 0.71
0.52 0.81 0.68 0.79 0.85 0.74 0.73
0.55 0.90 0.61 0.88 0.05 0.74 0.71
0.28 0.97 0.71 0.99 0.73 0.55 0.65
0.53 0.65 0.69 0.91 0.86 0.68 0.69
0.76 0.99 0.68 0.62 0.23 0.52 0.89
0.92 0.63 0.60 0.87 0.67 0.63 0.72
0.80 0.53 0.51 0.74 0.52 0.91 0.70
0.70 0.65 0.65 0.87 0.52 0.81 0.76
0.69 0.98 0.55 0.56 0.89 0.68 0.72
0.66 0.59 0.87 0.54 0.67 0.22 0.65
0.67 0.87 0.73 0.54 0.51 0.16 0.83
0.68 0.64 0.89 0.68 0.97 0.53 0.09
0.55 0.87 0.95 0.53 0.84 0.68 0.67
0.60 0.60 0.25 0.56 0.94 0.72 0.82
0.73 0.84 0.91 0.51 0.52 1.00 0.89
0.68 0.98 0.61 0.06 0.53 0.63 0.77
0.45 0.69 0.86 0.64 0.78 0.92 0.68
0.09 0.60 0.22 0.66 0.59 0.70 0.71
0.47 0.56 0.53 0.97 0.60 0.73 0.60
0.71 0.81 0.86 0.61 0.74 0.79 0.68
0.55 0.92 0.06 0.52 0.39 0.67 0.93
0.89 0.62 0.72 0.90 0.55 0.73 0.91
0.88 0.51 0.97 0.51 0.73 0.65 0.57
0.96 0.57 0.80 0.89 0.82 0.30 0.73
0.85 0.53 0.61 0.81 0.79 0.63 0.61
0.52 0.96 0.99 0.70 0.54 0.59 0.91
0.58 0.87 0.52 0.95 0.88 0.55 0.93
0.69 0.51 0.60 0.75 0.63 0.60 0.78
0.97 0.56 0.61 0.71 0.44 0.86 0.95
0.61 0.92 0.62 0.62 0.77 0.59 0.70
0.99 0.88 0.88 0.75 0.77 0.51 0.51
0.93 0.60 0.53 0.57 0.53 0.72 0.29
0.89 0.73 1.00 0.87 0.77 0.62 0.01
0.73 0.96 0.02 0.82 0.92 0.98 0.78
0.90 0.69 0.57 0.96 0.84 0.56 0.83
0.57 0.68 0.55 0.96 0.94 0.61 0.64
0.88 0.62 0.85 0.71 0.30 0.85 0.80
0.84 0.74 0.87 0.78 0.62 0.64 0.80
0.83 0.80 0.56 0.94 0.79 0.70 0.30
0.59 0.97 0.59 0.20 0.69 0.69 0.82
0.90 0.60 0.63 0.32 0.64 0.70 0.98
0.81 0.63 0.96 0.60 0.66 0.69 0.12
0.79 0.51 0.63 0.66 0.86 0.31 0.97
0.90 0.61 0.69 0.52 0.66 0.51 0.78
0.58 0.63 0.83 0.60 0.94 0.81 0.56
0.53 0.91 0.71 0.88 0.95 0.12 0.85
0.63 0.51 0.60 0.85 0.54 0.84 0.72
0.53 0.97 0.86 0.54 0.86 0.86 0.66
0.91 0.71 0.60 0.60 0.85 0.71 0.67
0.81 0.68 0.24 0.98 0.55 0.88 0.97
0.99 0.74 0.89 0.59 0.66 0.05 0.89
0.89 0.56 0.92 0.75 0.58 0.76 0.84
0.52 0.66 0.79 0.80 0.54 0.67 0.57
0.29 0.44 0.70 0.81 0.52 0.81 1.00
0.76 0.66 0.73 0.98 0.71 0.55 0.58
0.60 0.54 0.82 1.00 0.51 0.69 0.86
0.58 0.10 0.82 0.69 0.61 0.66 0.56
