200 7
54 12 15 3 53 90 5
75 77 78 83 59 76 70
96 83 64 52 72 13 66
32 83 63 62 52 80 53
84 57 87 77 13 97 70
54 80 72 84 65 68 100
56 72 75 55 75 49 66
61 81 96 61 84 85 60
65 76 92 54 75 79 62
67 16 77 90 63 89 70
78 56 66 53 72 72 87
51 76 99 56 64 96 71
41 88 56 90 86 74 58
54 91 72 75 86 61 98
63 63 72 74 82 52 83
74 100 67 74 86 62 27
88 57 97 64 75 82 60
21 82 62 69 55 78 99
89 78 79 91 79 66 54
63 81 62 80 21 65 56
52 73 86 51 58 92 93
77 64 22 89 99 17 62
75 73 88 53 53 68 7
31 71 95 88 89 85 82
60 97 51 73 54 65 67
81 93 55 52 97 58 74
61 63 74 95 73 82 69
83 52 73 57 88 51 62
65 69 80 68 99 56 58
79 59 92 80 58 75 68
77 79 68 91 64 82 94
55 85 87 89 58 75 63
77 56 87 91 57 51 65
66 89 55 60 75 73 97
57 59 78 70 96 80 74
70 79 100 58 60 76 72
32 58 77 78 70 61 71
71 93 46 94 82 83 72
72 52 95 76 99 73 89
69 99 86 10 87 86 65
81 71 98 60 98 86 73
58 19 57 69 93 73 59
55 87 60 97 71 85 67
9 96 71 91 56 82 91
94 62 81 75 42 57 99
88 55 66 90 86 70 73
96 70 82 67 57 89 98
96 27 6 80 79 68 67
81 81 93 47 81 65 95
55 96 67 15 72 64 90
55 93 60 79 78 52 98
68 76 78 78 85 58 51
57 96 21 62 81 73 67
65 41 82 71 79 62 19
79 39 63 66 93 51 51
56 68 75 55 96 63 88
65 59 82 94 85 61 63
66 70 82 82 67 78 90
57 97 6 78 58 66 87
67 64 63 78 69 61 88
95 70 65 62 67 64 90
78 92 60 94 52 80 63
78 73 82 95 56 83 58
77 54 73 79 97 60 72
61 63 87 93 23 69 93
81 29 82 86 69 84 64
89 95 61 8 82 56 86
57 99 67 49 73 39 55
54 93 80 90 58 59 82
68 59 88 77 60 81 95
68 79 65 86 81 51 76
59 84 64 59 84 58 56
74 56 80 71 81 75 62
61 65 92 62 70 86 53
69 69 55 82 51 73 73
79 99 57 52 86 18 71
59 80 87 98 62 74 67
98 94 94 69 8 97 97
84 87 53 79 81 3 84
66 73 74 55 84 58 63
87 59 92 54 86 61 79
16 74 59 82 88 55 55
99 92 51 79 89 57 63
74 60 82 52 70 52 63
33 68 96 58 95 77 97
33 85 78 82 68 56 61
98 88 70 52 95 55 57
55 83 54 85 92 61 62
63 67 60 100 62 85 51
82 61 66 77 89 61 100
81 77 83 83 96 54 26
73 66 93 60 47 63 88
12 68 79 92 87 52 71
77 69 65 65 64 68 96
87 78 53 73 77 89 57
67 77 97 96 78 53 54
89 56 59 94 29 60 85
71 76 100 62 77 56 53
80 92 91 84 15 93 96
63 60 100 64 89 1 98
51 31 94 74 56 61 69
73 70 85 62 78 58 59
58 77 92 82 65 79 60
58 73 67 96 67 43 57
52 57 55 61 88 98 54
59 80 88 80 89 61 53
54 78 54 67 37 51 57
60 63 72 62 67 57 59
41 92 70 98 81 69 93
94 86 97 60 56 53 82
100 84 66 85 73 87 43
87 98 95 51 65 64 81
74 74 75 75 77 54 58
94 61 54 71 57 37 68
84 73 52 58 77 51 52
87 90 60 52 69 54 62
8 93 68 94 95 86 22
42 78 82 59 65 89 76
94 67 61 76 69 44 53
73 89 61 58 81 59 79
94 58 81 98 78 6 65
9 80 61 84 63 79 76
62 53 93 57 80 52 83
52 56 81 82 87 93 81
67 65 74 85 67 52 94
72 87 53 53 4 59 60
99 96 50 86 63 60 60
70 55 66 52 59 62 96
95 77 14 74 54 53 75
93 68 59 80 74 85 80
84 69 88 52 64 47 97
85 61 100 24 86 68 95
93 57 67 89 85 78 65
55 58 62 60 87 70 62
67 96 53 78 85 76 65
56 52 51 62 77 68 86
74 58 67 85 62 67 63
90 70 70 93 78 54 85
87 63 65 84 81 20 58
80 65 68 61 85 55 90
21 78 95 63 69 66 81
94 89 68 85 90 84 1
82 82 45 66 84 85 71
52 81 68 79 85 74 73
55 90 61 88 5 74 71
28 97 71 99 73 55 65
53 65 69 91 86 68 69
76 99 68 62 23 52 89
92 63 60 87 67 63 72
80 53 51 74 52 91 70
70 65 65 87 52 81 76
69 98 55 56 89 68 72
66 59 87 54 67 22 65
67 87 73 54 51 16 83
68 64 89 68 97 53 9
55 87 95 53 84 68 67
60 60 25 56 94 72 82
73 84 91 51 52 100 89
68 98 61 6 53 63 77
45 69 86 64 78 92 68
9 60 22 66 59 70 71
47 56 53 97 60 73 60
71 81 86 61 74 79 68
55 92 6 52 39 67 93
89 62 72 90 55 73 91
88 51 97 51 73 65 57
96 57 80 89 82 30 73
85 53 61 81 79 63 61
52 96 99 70 54 59 91
58 87 52 95 88 55 93
69 51 60 75 63 60 78
97 56 61 71 44 86 95
61 92 62 62 77 59 70
99 88 88 75 77 51 51
93 60 53 57 53 72 29
89 73 100 87 77 62 1
73 96 2 82 92 98 78
90 69 57 96 84 56 83
57 68 55 96 94 61 64
88 62 85 71 30 85 80
84 74 87 78 62 64 80
83 80 56 94 79 70 30
59 97 59 20 69 69 82
90 60 63 32 64 70 98
81 63 96 60 66 69 12
79 51 63 66 86 31 97
90 61 69 52 66 51 78
58 63 83 60 94 81 56
53 91 71 88 95 12 85
63 51 60 85 54 84 72
53 97 86 54 86 86 66
91 71 60 60 85 71 67
81 68 24 98 55 88 97
99 74 89 59 66 5 89
89 56 92 75 58 76 84
52 66 79 80 54 67 57
29 44 70 81 52 81 100
76 66 73 98 71 55 58
60 54 82 100 51 69 86
58 10 82 69 61 66 56
