200 7
0.23 0.83 0.78 1.00 0.21 0.05 0.47
0.99 0.90 0.59 0.69 0.55 0.75 0.74
0.79 0.91 0.51 0.21 0.75 0.74 0.54
0.74 1.00 0.89 0.84 0.68 0.97 0.80
0.80 0.65 0.91 0.60 0.50 0.52 0.97
0.92 0.71 0.97 0.98 0.65 0.24 0.80
0.37 0.92 0.83 0.57 0.90 0.90 0.74
0.82 0.83 0.90 0.99 0.04 0.80 0.34
0.87 0.76 0.73 0.94 0.99 0.86 0.97
0.90 0.85 0.83 0.54 0.56 0.84 0.66
0.98 0.57 0.86 0.71 0.74 0.82 0.52
0.74 0.73 0.90 0.71 0.97 0.58 0.69
0.57 0.73 0.90 0.84 0.74 0.55 0.79
0.62 0.67 0.53 0.59 0.86 0.81 0.99
0.88 0.86 0.80 0.76 0.76 0.55 0.77
0.78 0.61 0.56 0.75 0.58 0.97 0.96
0.79 0.80 0.97 0.94 0.90 0.73 0.62
0.84 0.99 0.58 0.74 0.55 0.55 0.94
0.78 0.89 0.63 0.79 0.53 0.41 0.71
0.93 0.81 0.56 0.67 0.91 0.64 0.39
0.92 0.55 0.99 0.66 0.67 0.26 0.85
1.00 0.55 0.51 0.85 0.56 0.69 0.59
0.76 0.99 0.70 0.77 0.98 0.68 0.91
0.80 0.93 0.72 0.52 0.82 0.70 0.99
0.64 0.94 0.96 0.66 0.50 0.76 0.86
0.62 0.81 0.99 0.72 0.71 0.61 0.85
0.62 0.52 0.71 0.57 0.77 0.86 0.84
0.54 0.88 0.84 0.74 0.92 0.68 0.70
0.89 0.84 0.74 0.69 0.68 0.72 0.78
0.90 0.04 0.90 1.00 0.60 0.61 0.88
0.66 0.62 0.97 0.55 0.75 0.94 0.19
0.92 0.89 0.77 0.82 0.69 0.54 0.69
0.61 0.99 0.76 0.91 0.53 0.87 0.70
0.78 0.74 0.89 0.64 0.75 0.28 0.98
0.53 0.78 0.93 0.60 0.70 0.50 0.77
0.71 0.69 0.66 0.84 0.89 0.90 0.52
0.78 0.72 0.98 0.55 0.62 0.33 0.76
0.72 0.69 0.75 0.53 0.53 0.61 0.83
0.98 0.88 0.75 0.60 0.64 0.54 0.88
0.90 0.95 0.80 0.61 0.86 0.56 0.95
0.98 0.51 0.94 0.75 0.70 0.76 0.67
0.32 0.51 0.84 0.92 0.51 0.94 0.35
0.77 0.87 0.46 0.91 0.28 0.99 0.54
0.88 0.53 0.82 0.55 0.84 0.84 0.87
0.70 1.00 0.34 0.98 0.81 0.81 0.31
0.94 0.53 0.86 0.90 0.77 0.65 1.00
0.58 0.71 0.57 0.81 1.00 0.92 0.03
0.51 0.68 1.00 0.74 0.69 0.88 0.87
0.01 0.98 0.69 0.71 0.52 0.86 0.80
0.71 0.68 0.83 0.74 0.79 0.73 0.84
0.85 0.79 0.74 0.52 0.61 0.89 0.81
0.66 0.70 0.74 0.62 0.87 0.73 0.83
0.74 0.95 0.51 0.92 0.61 0.64 0.69
0.91 0.54 0.65 0.61 0.64 0.79 0.58
0.53 0.92 0.83 0.63 0.79 0.77 0.60
0.77 0.92 0.88 0.87 0.87 0.66 0.67
0.54 0.88 0.59 0.56 0.96 0.71 0.85
0.83 0.64 0.87 0.73 0.87 0.51 0.79
0.89 0.76 0.96 0.95 0.47 0.82 0.91
0.82 0.71 0.67 0.92 0.57 0.22 0.89
0.67 0.53 0.93 0.71 0.90 0.99 0.70
0.74 0.92 0.68 0.78 0.91 0.67 0.73
0.69 0.73 0.66 0.77 0.97 0.64 0.63
0.65 0.68 0.60 0.62 0.66 0.97 0.77
0.59 0.56 0.83 0.36 0.75 0.51 0.99
0.92 0.01 0.89 0.63 0.52 0.61 0.59
0.52 0.58 0.95 0.88 0.88 0.91 0.73
0.72 0.77 0.51 0.80 0.30 0.56 0.94
0.51 0.86 0.52 0.58 0.94 0.58 0.72
0.93 0.61 0.64 0.42 1.00 0.57 0.87
0.90 0.55 0.67 0.68 0.71 0.66 0.70
0.48 0.55 0.88 0.92 0.79 0.56 0.97
0.95 0.60 0.64 1.00 0.38 0.69 0.78
1.00 0.98 0.21 0.58 0.62 0.51 0.91
0.98 0.13 0.95 0.56 0.62 0.60 0.60
0.51 0.74 0.77 0.66 0.55 0.60 0.83
0.98 0.54 0.86 0.66 0.70 0.55 0.79
0.73 0.90 0.77 0.79 0.58 0.88 0.68
0.55 0.68 0.76 0.72 0.69 0.74 0.98
0.68 0.56 0.83 0.88 0.87 0.83 0.60
0.93 0.83 0.56 0.89 0.76 0.79 0.74
0.40 0.80 0.90 0.65 0.96 0.61 0.80
0.95 0.80 0.72 0.51 0.90 0.68 0.82
0.67 0.26 0.79 0.72 0.98 0.83 0.84
0.82 0.75 0.73 0.63 0.56 0.68 0.80
0.92 0.59 0.78 0.78 0.88 0.12 0.78
0.48 0.93 0.51 0.66 0.66 0.79 0.75
0.87 0.85 0.51 0.52 0.75 0.94 0.61
0.65 0.58 0.59 0.55 1.00 0.94 0.90
0.78 0.90 0.96 0.53 0.63 0.65 0.71
0.89 0.42 0.90 0.63 0.59 0.81 0.71
0.60 0.82 0.71 0.52 0.90 0.58 0.78
0.52 0.68 0.71 0.71 0.53 0.64 0.94
0.80 0.82 0.79 0.98 0.56 0.63 0.66
0.63 0.74 0.66 0.64 0.79 0.88 0.61
0.56 0.67 0.67 0.61 0.74 0.88 0.52
0.61 0.64 0.51 0.77 0.93 0.71 0.98
0.43 0.94 0.71 0.56 0.76 0.73 0.05
0.69 0.92 0.93 0.77 0.39 0.57 0.78
0.56 0.75 0.94 0.68 0.29 0.56 0.82
0.76 0.95 0.51 0.57 0.74 0.80 0.71
0.68 0.78 0.64 0.66 0.62 0.54 0.65
0.52 0.11 0.70 0.64 0.92 0.86 0.82
0.74 0.71 0.37 0.99 0.65 0.64 0.77
0.62 0.55 0.97 0.82 0.90 0.93 0.58
0.96 0.87 0.75 0.67 0.54 0.53 0.70
0.73 0.76 0.88 0.96 0.98 0.92 0.51
0.98 0.57 0.74 0.89 0.73 0.64 0.64
0.82 0.97 0.95 0.65 0.62 0.82 0.62
0.86 0.77 0.92 0.69 0.86 0.51 0.84
0.85 0.77 0.51 0.90 0.65 0.99 0.54
0.53 0.75 0.11 0.83 0.54 0.80 0.76
0.87 0.60 0.97 0.73 0.43 0.68 0.75
0.63 0.81 0.56 0.61 0.53 0.42 0.67
0.87 0.79 0.89 0.64 0.70 0.37 0.74
0.89 0.71 0.74 0.58 0.55 0.95 0.66
0.71 0.72 0.57 0.83 0.96 0.54 0.72
0.75 0.54 0.80 0.66 0.69 0.74 0.83
0.65 0.60 0.30 0.52 0.80 0.91 0.60
0.53 0.74 0.51 0.97 0.88 0.75 0.53
0.26 0.56 0.85 0.86 0.58 0.98 0.56
0.75 0.61 0.85 0.76 0.84 0.64 0.78
0.69 0.77 0.90 0.62 0.87 0.71 0.73
0.59 0.54 0.51 0.80 0.70 0.75 0.74
0.97 0.51 0.61 0.78 0.64 0.87 0.62
0.51 0.81 0.68 0.81 0.74 0.84 0.52
0.55 0.61 0.64 0.68 0.74 0.91 0.86
0.92 0.57 0.97 0.58 0.75 0.63 0.82
0.59 0.95 0.78 0.67 0.52 0.89 0.78
0.87 0.56 0.73 0.40 0.88 0.74 0.75
0.96 0.79 0.55 0.54 0.78 0.58 1.00
0.87 0.90 0.66 0.58 0.77 0.54 0.78
0.99 0.09 0.79 0.72 0.59 0.86 0.67
0.56 0.77 0.68 0.66 0.84 0.60 0.90
0.62 0.51 0.75 0.99 0.97 0.59 0.95
0.82 0.68 0.38 0.72 0.78 0.79 0.77
0.91 0.96 0.58 0.52 0.64 0.89 0.59
0.66 0.55 0.90 0.83 0.62 0.60 0.63
0.90 0.59 0.73 0.62 0.73 0.94 0.95
0.57 0.65 0.99 0.61 0.62 0.83 0.65
0.87 1.00 0.34 0.70 0.97 0.86 0.88
1.00 0.77 0.06 0.73 0.84 0.61 0.89
0.67 0.57 0.62 0.56 0.85 0.60 0.96
0.80 0.70 0.31 0.53 0.53 1.00 0.53
0.53 0.72 1.00 0.59 0.98 0.60 0.78
0.59 0.58 0.56 0.52 0.76 0.73 0.61
0.56 0.78 0.91 0.72 0.53 0.65 0.64
0.85 0.96 0.70 0.99 0.09 0.59 0.94
0.78 0.76 0.65 0.80 0.56 0.86 0.52
0.63 0.84 0.23 0.71 0.59 0.72 0.71
0.50 0.73 0.58 0.80 0.98 0.41 0.86
0.94 0.56 0.86 0.53 0.43 0.70 0.90
0.63 0.38 0.84 1.00 0.59 0.54 0.94
0.98 0.57 0.58 0.79 0.93 0.84 0.68
0.65 0.80 0.19 0.55 0.58 0.58 0.99
0.51 0.60 0.84 0.83 0.70 0.86 0.76
0.51 0.79 0.61 0.69 0.59 0.64 1.00
0.66 0.92 0.83 0.57 0.53 0.54 0.26
0.84 0.77 0.86 0.53 0.76 0.60 0.67
0.18 0.52 0.77 0.77 0.98 0.58 0.70
0.74 0.57 0.82 0.94 0.93 0.73 0.77
0.91 0.77 0.66 0.29 0.58 0.75 1.00
0.56 0.63 0.92 0.79 0.58 0.91 0.20
0.52 0.97 0.21 0.91 0.78 0.75 0.82
0.76 0.72 0.65 0.75 0.81 0.87 0.55
0.95 0.53 0.78 0.63 0.63 0.57 0.95
0.79 0.60 0.63 0.56 0.63 0.70 0.87
0.86 0.85 0.52 0.73 0.38 0.90 0.93
0.58 0.90 0.90 0.87 0.93 0.53 0.54
0.99 0.94 0.53 0.62 0.71 0.88 0.69
0.96 0.68 0.51 0.83 0.98 0.90 0.72
0.73 0.74 0.64 0.86 0.23 0.73 0.83
0.69 0.56 0.51 0.89 0.81 0.90 0.68
0.74 0.84 0.79 0.63 0.91 0.60 0.63
0.76 0.70 0.84 0.58 0.52 0.67 0.81
0.63 0.81 0.93 0.76 0.82 0.16 0.78
0.60 0.81 0.69 0.98 0.63 0.64 0.70
0.76 0.79 0.64 0.65 0.85 0.91 0.57
0.56 0.70 0.56 0.72 0.98 0.98 0.59
0.58 0.55 0.79 0.58 0.72 0.85 0.69
0.08 0.86 0.77 0.99 0.64 0.74 0.53
0.54 0.18 0.63 0.68 0.54 0.70 0.51
0.35 0.76 0.95 0.85 0.84 0.79 0.84
0.95 0.51 0.63 0.87 0.04 0.94 0.98
0.52 0.09 0.64 1.00 0.90 0.70 0.66
0.62 0.84 0.89 0.13 0.03 0.95 0.10
0.89 0.74 0.96 0.83 0.51 0.66 0.63
0.96 0.53 0.94 0.59 0.69 0.55 0.97
0.55 0.18 0.79 0.27 0.62 0.85 0.85
0.26 0.83 0.79 0.67 0.52 0.73 0.83
0.68 0.60 0.98 0.21 0.98 0.25 0.70
0.80 0.53 0.78 0.60 0.91 0.75 0.93
0.79 0.60 0.94 0.56 0.51 0.77 0.76
0.74 0.56 0.88 0.68 0.84 0.59 0.71
0.64 0.47 0.80 0.70 0.76 0.41 0.60
0.85 1.00 0.34 0.87 0.98 0.66 0.76
0.73 0.94 0.97 0.98 0.51 0.53 0.83
0.62 0.55 0.88 0.72 0.56 0.07 0.70
0.53 0.89 0.96 0.68 0.52 0.84 0.63
0.80 0.57 0.74 1.00 0.94 0.55 0.84
