200 7
0.23 0.43 0.30 0.09 0.76 0.06 0.35
0.54 0.90 0.79 0.98 0.62 0.86 0.94
0.90 0.25 0.91 0.80 0.67 0.92 0.80
0.39 0.76 0.64 0.84 0.63 0.85 1.00
0.81 0.64 0.97 0.69 0.31 0.59 0.83
0.92 0.52 0.60 0.52 0.53 0.67 0.71
0.60 0.62 0.78 0.59 0.61 0.89 0.86
0.91 0.67 0.59 0.83 0.62 0.96 0.89
0.66 0.81 0.73 0.62 0.52 0.65 0.73
0.75 0.56 0.61 0.61 0.61 0.53 0.89
0.90 0.73 0.98 0.90 0.61 0.54 0.03
0.64 0.75 0.89 0.79 0.71 0.75 0.96
0.79 0.74 0.75 0.87 0.61 0.83 0.20
0.97 0.52 0.94 0.67 0.51 0.86 0.53
0.63 0.65 0.64 0.77 0.71 0.79 0.52
1.00 0.55 0.38 0.64 0.08 0.64 0.63
0.97 0.74 0.95 0.67 0.19 0.37 0.83
0.55 0.83 0.45 0.83 0.28 0.28 0.68
0.01 0.94 0.63 0.66 0.91 0.23 0.89
0.73 0.61 0.86 0.52 0.58 0.59 0.59
0.53 0.82 0.61 1.00 0.16 0.91 0.72
0.93 0.16 0.85 0.68 0.60 0.60 0.59
0.80 0.96 0.56 0.70 0.75 0.86 0.57
0.61 0.78 0.70 0.78 0.55 0.67 0.98
0.68 0.61 0.69 0.70 0.68 0.64 0.63
0.68 0.67 0.83 0.61 0.56 0.57 0.62
0.93 0.95 0.83 0.71 0.45 0.75 0.89
0.63 0.68 0.75 0.97 0.75 0.60 0.53
0.70 0.53 0.81 0.91 0.65 0.70 0.60
0.58 0.60 0.66 0.90 0.54 0.90 0.93
0.55 0.75 0.74 0.70 0.33 0.66 0.54
0.84 0.62 0.51 0.56 0.57 0.51 0.97
0.51 0.61 0.19 0.98 0.77 0.70 0.84
0.25 0.58 0.86 0.99 0.75 0.72 0.86
0.95 0.75 0.23 0.52 0.61 0.67 0.56
0.81 0.88 0.88 0.88 0.70 0.51 0.60
0.51 0.81 0.99 0.03 0.39 0.62 0.73
0.83 0.73 0.67 0.62 0.71 0.63 0.82
0.81 0.78 0.27 0.80 0.72 0.91 0.92
0.51 0.86 0.61 0.83 0.56 0.90 0.85
0.59 0.72 0.60 0.73 0.64 0.85 0.60
0.59 0.63 0.70 0.65 0.66 0.63 0.51
0.63 0.17 0.96 0.86 0.94 0.55 0.53
0.80 0.63 0.79 0.95 0.58 0.60 0.53
0.60 0.86 0.60 0.72 0.54 0.77 0.63
0.69 0.77 0.80 0.74 0.61 0.57 0.87
0.50 0.66 0.60 0.95 0.55 0.72 0.66
0.68 0.89 0.71 0.94 0.16 0.89 0.84
0.77 0.76 0.84 0.64 0.19 0.86 0.67
0.74 0.87 0.49 0.74 0.75 0.61 0.96
0.54 0.61 0.93 0.87 0.55 0.71 0.83
0.92 0.87 0.76 0.60 0.71 0.58 0.06
0.87 0.64 0.85 0.86 0.38 0.83 0.98
0.99 0.89 0.12 0.95 0.54 0.93 0.78
0.59 0.92 0.62 0.58 0.61 0.68 0.64
0.20 0.60 0.58 0.73 1.00 0.56 0.77
0.72 0.88 0.63 0.58 0.52 0.99 0.60
0.36 0.68 0.52 0.57 0.61 0.97 0.91
0.69 0.86 0.64 0.70 0.67 0.69 0.87
0.89 0.64 0.66 0.54 0.92 0.57 0.17
0.51 0.69 0.43 0.84 0.69 0.89 0.83
0.98 0.82 0.78 0.51 0.86 0.81 0.31
0.82 0.27 0.74 0.64 0.52 0.91 0.90
0.93 0.18 0.58 0.92 0.72 0.92 0.57
0.88 0.65 0.56 0.69 0.60 0.66 0.59
0.56 0.75 0.53 0.61 0.72 0.72 0.75
0.95 0.65 0.66 0.51 0.63 0.84 0.92
0.76 0.02 0.95 0.75 0.99 0.63 0.78
0.72 0.51 0.59 0.72 0.74 0.53 0.96
0.81 0.14 0.86 0.63 0.52 0.76 0.92
0.80 0.78 0.87 0.46 0.62 0.66 0.55
0.63 0.61 0.89 0.92 0.71 0.74 0.59
0.84 0.85 0.78 0.58 0.62 0.38 0.77
0.69 0.35 0.16 0.66 0.85 0.53 0.63
0.54 0.86 0.88 0.56 0.68 0.66 0.91
0.68 0.56 0.98 0.69 0.69 0.66 0.85
0.89 0.78 0.75 0.62 0.16 0.88 0.39
0.65 0.57 0.62 0.52 0.03 0.71 0.57
0.91 0.11 0.63 0.65 0.59 0.77 0.67
0.55 0.57 0.81 0.72 0.65 0.75 0.86
0.68 0.51 0.18 0.78 0.80 0.74 0.89
0.71 0.78 0.59 0.73 0.63 0.69 0.94
0.55 0.78 0.95 0.69 0.75 0.74 0.78
0.95 0.74 0.60 0.64 0.11 0.83 0.85
0.78 0.95 0.71 0.82 0.54 0.56 0.51
0.59 0.88 0.84 0.94 0.61 0.55 0.58
0.53 0.39 0.77 0.63 0.45 0.61 0.98
0.73 0.52 0.82 0.78 0.51 0.94 0.81
0.35 0.52 0.55 0.78 0.60 0.53 0.70
0.59 0.86 0.36 0.81 0.73 0.93 0.15
0.94 0.59 0.57 0.54 0.58 0.78 0.10
0.66 0.59 0.90 0.78 0.58 0.55 0.63
0.98 0.94 0.62 0.70 0.58 0.60 0.51
0.69 0.60 0.60 0.61 0.70 0.62 0.88
0.58 0.64 0.70 0.91 0.73 0.53 0.64
0.75 0.97 0.69 0.52 0.52 0.62 0.57
0.71 0.34 0.57 0.75 0.70 0.79 0.81
0.56 0.81 0.79 0.59 0.63 0.82 0.60
0.72 0.53 0.85 0.89 0.04 1.00 0.82
0.74 0.74 0.61 0.90 0.67 0.38 0.86
0.76 0.58 0.99 0.75 0.54 0.25 0.85
0.93 0.15 0.93 0.85 0.71 0.75 0.94
0.12 1.00 0.64 0.73 0.93 0.78 0.60
0.79 0.73 0.50 0.96 0.71 0.41 0.76
0.93 0.30 0.71 0.97 0.93 0.67 0.60
0.75 0.84 0.72 0.87 0.52 0.53 0.55
0.77 0.64 0.75 0.96 0.64 0.52 0.59
0.64 0.79 0.67 0.98 0.56 0.09 0.57
0.91 0.99 0.99 0.85 0.61 0.02 0.92
0.20 0.93 0.79 0.77 0.26 0.85 0.77
0.75 0.78 0.59 0.65 0.57 0.70 0.73
0.94 0.70 0.74 0.92 0.58 0.53 0.75
0.99 0.93 0.74 0.52 0.61 0.56 0.90
0.88 0.98 0.13 0.76 0.66 0.26 0.93
0.96 0.77 0.11 0.64 0.79 0.82 0.51
0.79 0.91 0.99 0.72 0.27 0.50 0.52
0.61 0.51 0.86 0.66 0.74 0.84 0.71
0.94 0.72 0.72 0.55 0.53 0.66 0.87
0.75 0.78 0.98 0.78 0.63 0.54 0.61
0.66 0.50 0.66 0.92 0.57 0.62 0.77
0.72 0.85 0.76 0.72 0.64 0.54 0.93
0.80 0.98 0.80 0.55 0.29 0.69 0.86
0.95 0.82 0.65 0.88 0.51 0.92 0.56
0.64 0.53 0.80 0.55 0.75 0.79 0.85
0.53 0.77 0.87 0.62 0.70 0.80 0.75
0.09 0.98 0.51 0.52 0.57 0.89 0.68
0.51 0.85 0.78 0.84 0.34 0.72 0.57
0.82 0.44 0.56 0.62 0.59 0.70 0.88
1.00 0.78 0.73 0.77 0.54 0.60 0.59
0.92 0.61 0.77 0.53 0.64 0.58 0.65
0.55 0.89 0.68 0.88 0.63 0.20 0.85
0.92 0.83 0.57 0.90 0.56 0.99 0.62
0.18 0.64 0.94 0.91 0.87 0.70 0.61
0.64 0.51 0.71 0.82 0.61 0.75 0.72
0.55 0.59 0.63 0.87 0.65 0.77 0.52
0.65 0.68 0.60 0.66 0.74 0.69 0.98
0.73 0.51 0.18 0.79 0.75 0.79 0.96
0.84 0.94 0.90 0.55 0.56 0.61 0.78
0.86 0.28 0.29 0.82 0.94 0.66 0.64
0.61 0.97 0.76 0.83 0.73 0.59 0.67
0.15 0.30 0.59 0.93 0.59 0.62 0.65
0.62 0.72 0.78 0.73 0.20 0.61 0.90
0.84 0.56 0.28 0.53 0.86 0.89 0.94
0.94 0.59 0.61 0.97 0.52 0.69 0.86
0.74 0.80 0.80 0.69 0.70 0.59 0.70
0.95 0.33 0.51 0.69 0.65 1.00 0.90
0.64 0.63 0.84 0.92 0.32 0.74 1.00
0.51 0.86 0.67 0.53 0.52 0.86 0.52
0.77 0.84 0.47 0.16 1.00 0.71 0.09
0.78 0.57 0.57 0.25 0.69 0.59 0.94
0.63 1.00 0.64 0.02 0.79 0.96 0.72
0.53 0.73 0.65 0.68 0.54 0.57 0.76
0.94 0.54 0.74 0.88 0.04 0.94 0.94
0.96 0.95 0.62 0.74 0.69 0.53 0.87
0.58 0.37 0.87 0.24 0.91 1.00 0.24
0.94 0.84 0.73 0.53 0.57 0.35 0.71
0.04 0.59 1.00 0.70 0.99 0.80 0.94
0.81 0.65 0.54 0.92 0.72 1.00 0.59
0.78 0.59 0.99 0.65 0.68 0.58 0.60
0.03 0.66 0.59 0.38 0.99 0.96 0.54
0.81 0.91 0.34 0.53 0.29 0.13 0.93
0.65 0.54 0.95 0.69 0.60 0.60 0.92
0.52 0.48 1.00 0.98 0.73 0.57 0.65
0.53 0.49 0.54 0.90 0.64 0.54 0.68
0.96 0.56 0.71 0.61 0.54 0.60 0.72
0.61 0.53 0.86 0.90 0.57 0.59 0.60
0.89 0.97 0.88 0.66 0.91 0.85 0.11
0.66 0.68 0.53 0.74 0.56 0.64 0.83
0.93 0.01 0.93 0.68 0.97 0.86 0.78
0.56 1.00 0.81 0.67 0.52 0.70 0.52
0.90 0.83 0.55 0.56 0.53 0.76 0.60
0.71 0.61 0.56 0.53 0.68 0.77 0.96
0.66 0.99 0.97 0.80 0.57 0.54 0.82
0.63 0.92 0.81 0.52 0.75 0.73 0.73
0.29 0.58 0.59 0.65 0.58 0.54 0.21
0.99 1.00 0.55 0.64 0.24 0.55 0.93
0.61 0.54 0.96 0.76 0.52 0.63 0.65
0.82 0.83 0.65 0.55 0.31 0.76 0.41
0.82 0.75 0.55 0.55 0.68 0.77 0.79
0.94 0.61 0.56 0.23 0.53 0.14 0.87
1.00 0.18 0.55 0.88 0.91 0.70 0.19
0.59 0.67 0.73 0.68 0.53 0.13 0.77
0.90 0.58 0.88 0.74 0.74 0.51 0.87
0.65 0.93 0.56 0.82 0.73 0.87 0.56
0.11 0.94 0.57 0.60 0.60 0.83 0.77
0.73 0.90 0.60 0.77 0.53 0.61 0.92
0.72 0.46 0.68 0.98 0.19 0.68 0.01
0.62 0.58 0.77 0.91 0.54 0.53 0.80
0.85 0.85 0.81 0.64 0.54 0.57 0.36
0.66 0.72 0.60 0.66 0.52 1.00 0.63
0.66 0.65 0.55 0.73 0.68 0.64 0.83
0.65 0.78 0.70 0.78 0.69 0.10 0.65
0.88 0.62 0.52 0.82 0.58 0.67 0.85
0.03 0.74 0.83 0.83 0.91 0.53 0.94
0.03 0.52 0.10 0.56 0.95 0.51 0.98
0.64 0.78 0.99 0.56 0.70 0.69 0.32
0.53 0.80 0.75 0.54 0.18 0.57 0.75
0.75 0.60 0.63 0.57 0.60 0.69 0.64
0.68 0.65 0.73 0.60 0.57 0.54 0.89
0.88 0.62 0.59 0.64 0.74 0.56 0.37
