200 7
30 72 77 45 6 78 58
52 97 58 69 52 98 87
96 18 89 89 61 87 78
88 94 42 60 99 59 77
76 83 57 84 89 76 57
91 100 95 89 68 71 81
61 80 75 89 39 91 81
53 79 81 26 88 82 88
60 84 22 84 74 30 99
78 71 71 55 80 91 74
76 73 78 96 59 80 22
75 100 66 88 70 82 85
52 53 48 82 56 82 78
77 81 84 9 83 18 67
69 80 85 76 63 96 51
91 93 61 97 54 61 53
72 62 53 88 52 65 59
68 67 90 83 57 64 78
52 51 82 91 53 83 90
58 64 57 12 60 55 87
54 62 53 51 80 66 85
63 40 38 74 81 98 52
92 73 44 61 67 55 81
60 91 84 83 86 77 71
69 54 69 81 69 72 45
51 95 64 56 84 83 95
87 29 54 1 100 58 81
58 64 38 95 90 89 53
51 73 60 76 59 64 83
55 70 71 66 60 60 81
66 61 66 79 93 94 52
58 73 51 85 53 76 94
79 76 68 70 90 94 78
95 96 54 56 61 96 88
76 100 90 64 86 47 78
92 61 85 73 60 52 87
71 59 80 65 56 89 91
60 99 70 76 99 71 57
60 63 70 88 51 69 77
28 94 73 83 83 52 82
82 72 100 89 21 72 66
71 56 76 96 22 22 68
84 79 71 61 54 61 100
47 99 63 59 58 71 60
89 62 93 67 81 83 66
85 82 77 65 90 63 15
59 74 74 61 58 89 56
53 69 24 94 54 100 69
98 80 74 68 73 69 53
96 29 82 88 59 59 96
15 92 60 96 82 54 94
90 18 78 65 69 100 100
56 96 94 97 80 58 72
57 60 73 66 91 91 100
82 57 96 94 90 58 80
89 63 72 86 71 51 77
64 84 74 75 84 52 54
82 54 21 71 65 77 94
99 61 78 50 55 89 10
94 62 51 58 79 54 56
49 63 90 94 57 70 99
56 52 84 70 53 72 90
55 78 14 100 73 95 85
53 60 54 86 58 88 57
92 55 86 72 51 95 56
64 51 73 96 85 97 12
56 64 97 96 99 14 57
52 54 65 73 100 93 94
56 100 94 57 84 61 70
67 54 52 79 66 92 73
73 74 77 77 78 73 53
66 53 62 77 91 81 98
77 70 81 62 28 100 72
74 52 57 72 64 74 75
94 68 94 39 58 69 98
77 85 70 77 97 54 91
57 100 64 95 84 51 68
53 90 92 52 89 33 72
65 13 32 81 55 87 55
72 65 88 98 16 75 82
87 65 78 90 76 58 60
13 95 80 68 31 92 84
80 70 61 94 80 64 60
72 6 65 66 64 81 83
67 94 83 84 67 59 75
56 64 53 75 62 68 85
89 55 63 70 68 58 95
62 67 100 98 80 95 55
100 98 69 94 75 54 86
90 81 80 88 53 58 68
88 75 25 76 80 67 59
30 92 84 62 58 70 82
83 73 59 60 92 66 60
61 77 100 66 76 97 52
82 65 82 18 83 62 85
83 62 93 79 57 57 75
86 63 95 57 64 73 88
72 70 94 84 79 60 77
61 55 70 70 88 54 92
62 66 84 51 77 22 58
82 73 53 81 77 71 60
52 80 72 69 69 96 88
69 86 51 59 85 66 86
92 71 58 58 73 63 82
74 63 66 49 56 70 73
60 96 93 93 99 75 55
62 80 64 57 64 72 63
84 54 70 94 68 66 85
96 71 68 36 64 81 79
74 59 65 42 79 77 73
69 62 79 61 59 95 80
72 70 90 92 67 1 82
91 45 20 79 53 70 60
66 97 61 96 74 54 94
81 68 98 52 69 71 68
86 58 96 59 68 5 96
100 71 72 47 97 75 60
71 53 68 69 55 95 84
80 53 80 76 53 91 51
81 63 90 55 63 86 72
91 64 70 51 67 69 79
3 52 83 97 63 58 11
86 67 56 60 59 81 19
53 66 71 85 57 78 90
64 20 72 53 54 88 86
61 89 60 53 88 65 80
58 82 81 64 63 74 78
75 85 54 70 66 100 89
96 52 94 73 59 58 77
93 77 65 58 58 96 93
54 56 71 69 59 63 11
70 59 81 53 64 87 64
7 74 92 84 85 76 78
88 92 74 81 52 61 66
93 65 55 100 91 68 52
63 99 60 84 59 69 73
92 87 52 56 78 92 64
67 69 58 63 75 79 80
70 16 62 99 81 18 94
94 53 80 95 68 63 59
80 98 52 82 80 72 11
52 51 61 60 95 58 61
91 99 87 59 78 54 25
93 90 60 59 54 89 91
66 60 60 60 76 82 67
89 66 53 77 87 55 74
99 52 75 64 89 68 55
81 72 63 59 57 67 68
52 91 82 97 64 53 34
64 69 72 52 84 61 73
65 83 53 55 83 66 65
54 78 98 55 61 59 71
80 59 66 54 86 73 62
62 85 64 24 58 97 56
57 86 13 68 51 54 1
75 6 99 61 98 52 84
83 53 59 100 57 70 60
69 71 87 62 53 64 57
92 78 61 72 59 64 85
26 59 64 40 92 90 67
84 48 54 94 80 68 85
52 93 57 54 78 58 79
88 90 61 57 18 97 55
53 68 64 99 72 61 9
58 66 54 70 82 49 80
53 84 73 76 57 68 77
57 55 62 97 59 87 56
70 83 48 72 100 54 97
60 91 70 56 90 55 59
59 99 93 79 32 58 67
93 82 98 97 61 60 52
95 66 67 87 59 74 52
82 82 65 83 78 92 52
60 71 57 64 59 71 96
76 65 60 73 70 52 67
61 64 90 98 77 56 51
51 76 57 86 79 69 76
85 63 73 59 56 100 62
97 66 65 51 56 72 86
98 95 78 96 57 2 52
93 54 73 74 69 98 67
41 88 62 67 89 69 65
76 57 52 97 76 61 60
90 89 76 51 82 82 52
96 94 63 61 56 71 53
60 72 18 17 92 52 78
91 55 73 74 65 58 57
67 47 95 95 96 55 67
87 88 96 51 73 56 77
52 83 59 29 84 74 59
69 59 52 67 94 67 72
87 89 87 67 68 55 51
57 76 88 84 77 81 1
64 84 39 87 61 89 62
64 77 56 75 80 91 56
3 54 80 93 85 51 79
77 60 89 77 59 5 67
87 5 10 69 92 74 96
82 13 76 71 53 59 96
62 55 16 14 76 98 69
