200 7
0.23 0.11 1.00 0.47 0.15 0.44 0.08
0.74 0.77 0.91 0.82 0.87 0.68 0.57
0.74 0.60 0.60 0.89 0.74 0.79 0.73
0.91 0.90 0.80 0.68 0.77 0.65 0.61
0.52 0.73 0.88 0.92 0.65 0.55 0.86
0.88 0.84 0.67 0.96 0.82 0.83 0.66
0.59 0.78 0.92 0.53 0.79 0.72 0.57
0.61 0.83 0.79 0.75 0.91 0.52 0.80
0.56 0.75 0.73 0.74 0.83 0.59 0.69
0.89 0.91 0.69 0.75 0.60 0.71 0.78
0.83 0.59 0.74 0.78 0.96 0.83 0.69
0.96 0.76 0.76 0.71 0.64 0.72 0.73
0.72 0.12 0.97 0.67 0.76 0.52 0.94
0.67 0.68 0.64 0.54 0.98 0.20 0.04
0.65 0.15 0.84 0.78 0.73 0.66 0.82
0.89 0.93 0.87 0.41 0.51 0.55 0.74
0.52 0.52 0.97 0.92 0.84 0.81 0.81
0.58 0.59 0.85 0.92 0.93 0.63 0.59
1.00 0.90 0.61 0.55 0.59 0.52 0.61
0.95 0.82 0.80 0.62 0.57 0.69 0.30
0.73 0.26 0.94 0.78 0.81 0.59 0.42
0.64 0.62 0.74 0.73 0.91 0.08 0.66
0.94 0.84 0.65 0.96 0.74 0.86 0.60
0.84 0.44 0.57 0.73 0.90 0.70 0.51
0.90 0.67 0.74 0.90 0.86 0.63 0.83
0.83 0.69 0.83 0.80 0.67 0.84 0.88
0.87 0.63 0.78 0.87 0.96 0.54 0.51
0.67 0.54 0.95 0.88 0.74 0.32 0.62
0.92 0.87 0.50 0.74 0.60 0.52 0.59
0.52 0.70 0.96 0.78 0.97 0.25 0.91
0.72 0.53 0.14 0.68 0.85 0.85 0.80
0.81 0.99 0.83 0.55 0.73 0.67 0.99
0.68 0.53 0.78 0.55 0.56 0.93 0.89
0.97 0.97 0.84 0.63 0.57 0.63 0.80
0.58 1.00 0.58 0.72 0.58 0.83 0.77
0.56 0.81 0.75 0.58 0.51 0.82 0.96
0.88 0.79 0.83 0.64 0.66 0.90 0.62
0.65 0.87 0.73 0.24 0.77 0.84 0.83
0.65 1.00 0.53 0.52 0.86 0.57 0.76
0.92 0.71 0.74 0.91 0.63 0.95 0.77
0.74 0.56 0.75 0.92 0.57 0.79 0.62
0.51 0.86 0.95 0.67 0.73 0.59 0.86
0.63 0.57 0.54 0.55 0.75 0.82 0.64
0.95 0.58 0.92 0.39 0.63 0.73 0.92
1.00 0.55 0.91 0.62 0.55 0.85 0.90
0.75 0.85 0.66 0.82 0.95 0.86 0.59
0.87 0.67 0.68 1.00 0.52 0.86 0.63
0.93 0.66 0.56 0.97 0.76 0.60 0.55
0.80 0.77 0.79 0.80 0.95 0.96 0.53
0.96 0.54 0.54 0.78 0.52 0.78 0.57
0.86 0.72 0.28 0.63 0.65 0.69 0.51
0.78 0.72 0.59 0.88 0.58 0.92 0.56
0.81 0.60 0.89 0.78 0.75 0.79 0.63
0.52 0.75 0.68 0.50 0.78 0.63 0.97
0.86 0.88 0.60 0.81 0.53 0.53 0.92
0.79 0.83 0.69 0.56 0.66 0.52 0.82
0.96 0.61 0.56 0.86 0.58 0.59 0.53
0.34 0.95 0.92 0.83 0.93 0.86 0.93
0.56 0.81 0.75 0.64 0.54 0.86 0.91
0.90 0.82 0.69 0.51 0.76 0.91 0.85
0.61 0.54 0.85 0.82 0.85 0.29 0.75
0.92 0.91 0.57 0.61 0.27 0.79 0.69
0.66 0.85 0.73 0.73 0.61 0.93 0.63
0.17 0.96 0.72 0.81 0.79 0.70 0.98
0.28 0.78 0.66 0.74 0.91 0.97 0.05
0.92 0.98 0.57 0.58 0.67 0.82 0.54
0.75 0.70 0.59 0.79 0.89 0.92 0.63
0.74 0.79 0.69 0.64 0.69 0.34 0.82
0.99 0.73 0.55 0.94 0.93 0.08 0.64
0.90 0.52 0.77 0.88 0.72 0.98 1.00
0.26 0.63 0.86 1.00 0.62 0.98 0.77
0.89 0.68 0.82 0.65 0.55 0.52 0.59
0.52 0.78 0.54 0.71 0.73 0.84 0.87
0.52 0.63 0.51 0.68 0.58 0.89 0.59
0.51 0.67 0.74 0.62 0.74 0.51 0.72
0.82 0.76 0.99 0.99 0.11 0.52 0.76
0.90 0.53 0.61 0.54 0.33 0.92 0.63
0.74 0.24 0.58 0.97 0.88 0.69 0.72
0.81 0.84 0.91 0.54 0.67 0.51 0.54
0.29 0.65 0.72 0.94 0.71 0.74 0.73
0.69 0.99 0.86 0.55 0.68 0.83 0.94
0.60 0.67 0.91 0.76 0.58 0.73 0.97
0.82 0.57 0.96 0.58 0.93 0.08 0.02
0.98 0.91 0.06 0.98 0.88 0.55 0.92
0.63 0.60 0.51 0.93 0.37 0.55 0.87
0.68 0.75 0.98 0.62 0.62 0.93 0.56
0.61 0.72 0.91 0.53 0.92 0.16 0.56
0.18 0.62 0.51 0.98 0.95 0.84 0.77
0.61 0.66 0.61 0.90 0.93 0.54 0.75
0.83 0.53 0.96 0.95 0.59 1.00 0.86
0.54 0.99 0.91 0.84 0.75 0.74 0.62
0.64 0.19 0.89 0.59 0.82 0.39 0.51
0.24 0.65 0.91 0.96 0.83 0.89 0.74
1.00 0.65 0.64 0.02 0.81 0.78 0.76
0.57 0.61 0.84 0.52 0.74 0.74 0.90
0.67 0.93 0.76 0.70 0.59 0.46 0.91
0.78 0.70 0.71 0.92 0.68 0.87 0.83
0.52 0.62 0.57 0.86 0.76 0.85 0.66
0.56 0.86 0.99 0.20 0.71 0.57 0.74
0.89 0.53 0.73 0.71 0.88 0.62 0.97
0.58 0.76 0.63 0.54 0.69 0.59 0.62
0.80 0.78 0.75 0.61 0.11 0.38 0.77
0.67 0.85 0.57 0.67 0.82 0.81 0.32
0.53 0.62 0.87 0.86 1.00 0.74 0.59
0.74 0.62 0.97 0.69 0.98 0.71 0.23
0.72 0.59 0.52 0.66 0.93 0.86 1.00
0.78 0.65 0.66 0.93 0.94 0.67 0.59
0.62 0.61 0.93 0.58 0.66 0.54 0.56
0.83 0.61 0.52 0.81 0.05 0.72 0.51
0.57 0.43 0.64 0.75 0.92 0.99 0.94
0.83 0.61 0.64 0.77 0.67 0.53 0.96
0.34 0.57 0.78 0.55 0.62 0.96 0.77
0.52 0.96 0.94 0.56 1.00 0.54 0.71
0.81 0.81 0.86 0.70 0.85 0.71 0.21
0.56 0.63 0.63 0.61 0.86 0.76 0.67
0.79 0.93 0.67 0.70 0.54 0.65 0.59
0.73 0.79 0.87 0.94 0.54 0.61 0.51
0.95 0.64 0.63 0.62 0.69 0.71 0.64
0.84 0.68 0.58 0.72 0.85 0.55 0.54
0.59 0.60 0.57 0.53 0.77 0.87 0.94
0.63 0.97 0.54 0.77 0.62 0.60 0.77
0.30 0.87 0.67 0.89 0.83 0.56 0.91
0.57 0.87 0.69 0.53 0.49 0.56 0.67
0.63 0.60 0.70 0.97 0.82 0.16 0.87
0.63 0.81 0.51 0.82 0.75 0.53 0.59
0.70 0.67 0.57 0.65 0.83 0.79 0.88
0.63 0.33 0.81 0.99 0.82 0.70 0.61
0.92 0.65 0.65 0.97 0.54 0.54 0.30
0.75 0.82 0.54 0.78 0.77 0.71 0.70
0.75 0.83 0.53 0.89 0.54 0.72 0.86
0.72 0.90 0.61 0.76 0.59 0.83 0.96
0.67 0.55 0.93 0.79 0.56 0.77 0.84
0.66 0.54 0.98 0.85 0.31 0.64 0.94
0.62 0.59 0.67 0.63 0.86 0.77 0.69
0.54 0.68 0.61 0.84 0.58 0.60 0.76
0.70 0.66 0.55 0.70 0.54 0.61 0.66
0.07 0.56 0.99 0.92 0.63 0.72 0.79
0.60 0.63 0.90 0.64 0.81 0.57 0.51
0.61 0.54 0.81 0.95 0.63 0.97 0.78
0.54 0.04 0.52 0.61 1.00 0.93 0.54
0.12 0.59 0.59 0.93 0.75 0.74 0.85
0.31 0.71 0.31 0.62 0.70 0.59 0.58
0.81 0.78 0.88 0.55 0.67 0.80 0.51
0.90 0.64 0.95 0.74 0.80 0.51 0.79
0.03 0.57 0.96 0.83 0.98 0.58 0.56
0.60 0.65 0.96 0.33 0.69 0.58 0.79
0.75 1.00 0.62 0.93 0.77 0.13 0.54
0.99 0.72 0.57 0.16 0.97 0.56 0.94
0.58 0.69 0.93 0.90 0.94 0.76 0.59
0.72 0.88 0.97 0.63 0.81 0.28 0.60
0.96 0.85 0.69 0.53 0.53 0.69 0.98
0.89 0.76 0.19 0.77 0.60 0.77 0.90
0.93 0.74 0.89 0.72 0.69 0.54 0.54
0.85 0.86 0.10 0.77 0.95 0.68 0.58
0.95 0.54 0.53 0.97 0.53 0.51 0.62
0.68 0.83 0.52 0.62 0.67 0.88 0.70
0.57 0.59 0.27 0.77 0.85 0.80 0.69
0.56 0.55 0.26 0.94 0.99 0.25 0.59
0.70 0.77 0.90 0.60 0.63 0.73 0.60
0.48 0.51 0.81 0.78 0.97 0.47 0.59
0.62 0.80 0.95 0.55 0.63 0.66 1.00
0.77 0.78 0.55 0.93 0.60 0.57 0.64
1.00 0.52 0.66 0.97 0.78 0.94 0.84
0.52 0.94 0.62 0.57 0.52 0.72 0.68
0.87 0.56 0.66 0.61 0.74 0.54 0.78
0.97 0.72 0.86 0.08 0.52 0.52 0.85
0.19 0.78 0.82 0.89 0.12 0.93 0.52
0.57 0.62 0.73 0.54 0.81 1.00 0.79
0.73 0.57 0.69 0.71 0.92 0.73 0.74
0.61 0.51 0.61 0.90 0.74 0.82 0.93
0.73 0.56 0.94 0.85 0.62 0.59 0.97
0.92 0.53 0.73 0.83 0.71 0.66 0.90
0.61 0.64 0.82 0.89 0.11 0.81 0.68
0.72 0.42 0.65 0.81 0.82 0.86 0.68
0.75 0.96 0.90 0.61 0.60 0.44 0.88
0.67 0.82 0.61 0.71 0.81 0.60 0.55
0.65 0.53 0.73 0.71 0.96 0.97 0.95
0.54 0.83 0.53 0.77 0.62 0.83 0.71
0.95 0.68 0.77 0.14 0.84 0.64 0.85
0.58 0.52 0.97 0.90 0.52 1.00 0.98
1.00 0.68 0.82 0.58 0.83 0.65 0.95
0.70 0.59 0.53 0.94 0.84 0.66 0.52
0.65 0.83 0.66 0.55 0.58 0.97 0.71
0.97 0.81 0.85 0.57 0.68 0.68 0.77
0.74 0.66 0.88 0.62 0.73 0.74 0.95
0.65 0.80 0.65 0.56 0.53 0.87 0.58
0.70 0.55 0.65 0.82 0.73 0.02 0.91
0.91 0.97 0.80 0.63 0.76 0.65 0.41
0.65 0.53 0.84 1.00 0.54 0.92 0.89
0.58 0.56 0.83 0.90 0.68 0.34 0.95
0.85 0.82 0.57 0.51 0.51 0.54 0.58
0.55 0.67 0.91 0.76 0.68 0.78 0.96
0.51 0.61 0.88 0.95 0.63 0.61 0.59
0.61 0.81 0.81 0.66 0.74 0.85 0.54
0.67 0.82 0.89 0.63 0.54 0.62 0.78
0.61 0.93 0.65 0.83 0.90 0.94 0.56
0.91 0.82 0.91 0.01 0.96 0.51 0.93
0.58 0.78 0.64 0.53 0.51 0.94 0.93
0.57 0.99 0.65 0.82 0.60 0.86 0.49
0.63 0.58 0.86 0.93 0.96 0.98 0.60
