200 7
0.92 0.85 0.59 0.22 0.98 0.74 0.07
0.61 0.57 0.77 0.55 0.70 0.60 0.68
0.65 0.64 0.85 0.96 0.60 0.83 0.83
0.99 0.81 0.58 0.56 0.53 0.52 0.20
0.58 0.77 0.65 0.76 0.84 0.71 0.66
0.58 0.72 0.64 0.54 0.92 0.79 0.64
0.73 0.34 0.60 0.94 0.83 0.72 0.99
0.64 0.70 0.61 0.50 0.95 0.31 0.94
0.83 0.95 0.57 0.66 0.67 0.78 0.89
0.80 0.68 0.54 0.82 0.90 0.81 0.76
0.81 0.92 0.59 0.95 0.63 0.66 0.64
0.99 0.63 0.95 0.53 0.84 0.61 0.95
0.77 0.79 0.83 0.92 0.67 0.77 0.68
0.86 0.95 0.88 0.71 0.59 0.58 0.55
0.93 0.86 0.85 0.63 0.60 0.68 0.99
0.78 0.83 0.95 0.60 0.52 0.93 0.71
0.71 0.33 0.86 0.37 0.86 0.88 0.60
0.87 0.67 0.99 0.72 0.64 0.82 0.84
0.74 0.57 0.70 0.81 0.76 0.74 0.87
0.63 0.92 0.53 0.65 0.66 0.68 0.78
0.90 0.77 0.61 0.99 0.84 0.62 0.60
0.87 0.63 0.64 0.97 0.88 0.90 0.98
0.73 0.93 0.73 0.92 0.78 0.62 0.90
0.69 0.96 0.67 0.68 0.64 0.90 0.61
0.90 0.80 0.81 0.73 0.54 0.85 0.67
0.84 0.92 0.85 0.67 0.60 0.62 0.95
0.61 0.65 0.72 0.81 0.51 0.94 0.65
0.89 0.68 0.90 0.53 0.65 0.75 0.65
0.86 0.87 0.68 0.85 0.90 0.56 0.54
0.63 0.79 0.29 0.51 0.35 0.78 0.71
0.50 0.88 0.87 0.51 0.71 0.60 0.58
0.97 0.75 0.56 0.56 0.92 0.80 0.66
0.57 0.51 0.58 0.71 0.96 0.75 1.00
0.83 0.64 0.63 0.70 0.65 1.00 0.92
0.76 0.24 0.52 0.83 0.65 0.73 0.89
0.92 0.79 0.80 0.55 0.90 0.98 0.64
0.69 0.61 0.85 0.65 0.13 0.80 0.51
0.68 0.62 0.61 0.74 0.59 0.78 0.78
0.99 0.80 0.77 0.96 0.89 0.77 0.55
0.84 0.16 0.93 0.69 0.92 0.74 0.55
0.78 0.74 0.57 0.90 0.93 0.51 0.59
0.95 0.62 0.80 0.78 0.97 0.80 0.58
0.94 0.63 0.99 0.51 0.74 0.74 0.89
0.63 0.64 0.95 0.79 0.68 0.73 0.93
0.54 0.90 0.74 0.62 0.51 0.82 0.63
0.54 0.85 0.15 0.37 0.77 0.60 0.90
0.61 0.80 0.79 0.51 0.54 0.67 0.87
0.85 0.74 0.63 0.67 0.70 0.79 0.68
0.55 0.88 0.60 0.46 0.99 0.72 0.04
0.48 0.61 0.65 0.91 0.66 0.61 0.90
0.78 0.92 0.62 0.67 0.56 0.57 0.82
0.58 0.87 0.73 0.71 0.85 0.54 0.15
0.86 0.82 0.73 0.96 0.74 0.85 0.56
0.73 0.33 0.54 0.51 0.81 0.57 0.63
0.61 0.74 0.92 0.74 0.33 0.96 0.89
0.88 0.81 0.64 0.75 0.83 1.00 0.55
0.66 0.77 0.76 0.63 0.70 0.73 0.98
0.66 0.62 0.64 0.66 0.59 0.67 0.49
0.66 0.97 0.55 0.78 0.75 0.98 0.30
0.66 0.64 0.57 0.63 0.84 0.83 0.78
0.86 0.93 0.53 0.32 0.99 0.85 0.59
0.79 0.26 0.73 0.87 0.91 0.97 0.82
0.69 0.82 0.75 0.71 0.72 0.56 0.99
0.82 0.76 0.57 0.64 0.55 0.51 0.64
0.52 0.62 0.27 0.85 0.19 0.81 1.00
0.61 0.95 0.37 0.61 0.64 0.69 0.45
0.38 0.69 0.80 0.86 0.71 0.73 0.75
0.86 0.81 0.82 0.88 0.70 0.99 0.10
1.00 0.78 0.52 1.00 0.65 0.57 0.68
0.02 0.61 0.78 0.96 0.69 0.62 0.73
0.80 0.60 0.73 0.58 0.52 0.91 0.97
0.82 0.69 0.87 0.72 0.69 0.53 0.75
0.74 0.96 0.89 0.55 0.69 0.55 0.56
0.94 0.56 0.60 0.92 0.90 0.52 0.88
0.79 0.96 0.26 0.88 0.69 0.94 0.65
0.90 0.85 0.54 0.97 0.62 0.82 0.69
0.69 0.61 0.75 0.82 0.12 0.69 0.98
0.95 1.00 0.74 0.34 0.78 0.99 0.95
0.96 0.61 0.55 0.84 0.28 0.93 0.60
0.99 0.52 0.58 0.92 0.63 0.62 0.59
0.52 0.73 0.86 0.68 0.01 0.60 0.13
0.57 0.94 0.80 0.54 0.65 0.90 0.57
0.86 0.81 0.73 0.72 0.68 0.55 0.60
0.86 0.15 0.99 0.84 0.54 0.55 0.78
0.51 0.24 0.64 0.95 0.60 0.65 0.58
0.78 0.59 0.70 0.84 0.58 0.71 1.00
0.95 0.97 0.41 0.70 0.84 0.52 0.98
0.52 0.52 0.86 0.54 0.59 0.82 0.11
0.82 0.81 0.86 0.01 0.70 0.96 0.57
0.94 0.59 0.95 0.86 0.57 0.90 0.82
0.69 0.83 0.65 0.56 0.04 0.64 0.90
0.13 0.57 0.52 0.56 0.78 0.86 0.34
0.92 0.72 0.74 0.26 0.39 0.51 0.69
0.94 0.70 0.72 0.91 0.62 0.56 0.61
0.97 0.79 0.82 0.89 0.60 0.63 0.53
0.93 0.93 0.60 0.08 0.54 0.66 0.57
0.61 0.66 0.60 0.90 0.95 0.76 0.85
0.93 0.64 0.52 0.89 0.63 0.75 0.64
0.83 0.52 0.66 0.74 0.18 0.85 0.60
0.85 0.90 0.53 0.69 0.77 0.89 0.61
0.27 0.78 0.88 0.71 0.56 0.76 0.87
0.47 0.62 0.78 0.69 0.63 0.83 0.62
0.99 0.60 0.72 0.91 0.84 0.70 0.01
0.97 0.58 0.90 0.59 0.60 0.61 0.87
0.76 0.13 0.72 0.94 0.72 0.12 0.88
0.66 0.78 0.53 0.72 0.90 0.80 0.87
0.80 0.91 0.73 0.52 0.77 0.54 0.72
0.56 1.00 0.54 0.66 0.97 0.46 0.68
0.80 0.91 0.76 0.90 0.57 0.66 0.72
0.75 0.94 0.64 0.63 0.84 0.63 0.09
0.74 0.90 0.84 0.72 0.85 0.53 0.53
0.97 0.63 0.56 0.93 0.61 0.79 0.87
0.41 0.50 0.99 0.78 0.67 0.97 0.86
0.84 0.70 0.88 0.54 0.84 0.80 0.50
0.53 0.84 0.58 0.89 0.67 0.94 0.78
0.59 0.57 0.86 0.38 0.64 0.56 0.83
0.75 0.51 0.93 0.14 0.99 0.52 0.96
0.86 0.67 0.66 0.74 0.85 0.12 0.83
0.52 0.57 0.71 0.63 0.87 0.59 0.67
0.63 0.64 0.96 0.54 0.29 0.80 0.81
0.51 0.73 0.74 0.64 0.59 0.87 0.53
0.58 0.60 0.80 0.52 0.56 0.94 0.61
0.95 0.18 0.74 0.90 0.84 0.68 0.67
0.06 0.78 0.55 0.95 0.62 0.86 0.79
0.34 0.76 0.70 0.89 0.74 0.58 0.63
0.63 0.53 0.93 0.95 0.88 0.75 0.54
0.04 0.91 0.51 0.69 0.84 0.69 0.57
0.74 0.66 0.99 0.58 0.72 0.78 0.01
0.71 0.51 0.54 0.98 0.79 0.97 0.74
0.60 0.90 0.82 0.66 0.60 0.70 0.81
0.93 0.88 0.70 0.52 0.58 0.57 0.77
0.73 0.62 0.60 0.87 0.56 0.51 0.76
0.71 0.95 0.99 0.61 0.92 0.52 0.57
0.12 0.59 0.92 0.91 0.65 0.81 0.82
0.95 0.69 0.61 0.75 0.76 0.86 0.65
0.96 0.50 0.06 0.61 0.64 0.51 0.82
0.07 0.59 0.62 0.94 0.76 0.93 0.14
0.95 0.48 0.40 0.68 0.71 0.75 0.80
0.79 0.64 0.67 0.63 0.74 0.75 0.56
0.84 0.60 0.62 0.85 0.57 0.99 0.99
0.75 0.56 0.85 0.63 0.71 0.62 0.60
0.65 0.31 0.87 0.86 0.80 0.69 0.63
0.56 0.56 0.63 0.73 0.73 0.61 0.70
0.54 0.78 0.95 0.62 0.91 0.53 0.59
0.51 0.82 0.80 0.54 0.61 0.73 0.58
0.56 0.61 0.61 0.71 0.82 0.89 0.24
0.91 0.73 0.84 0.88 0.65 0.62 0.73
0.59 0.89 0.73 0.88 0.74 0.62 0.62
0.79 0.64 0.52 0.38 0.67 0.57 0.85
0.14 0.84 0.58 0.54 0.90 0.71 0.51
0.56 0.63 0.98 0.99 0.51 0.22 0.93
0.57 0.60 0.94 0.53 0.80 0.81 0.76
0.69 0.51 0.73 0.57 0.86 0.77 0.86
0.79 0.64 0.84 0.86 0.61 0.63 0.68
0.70 0.78 0.69 0.96 0.97 0.51 0.89
0.96 0.77 0.11 0.87 0.79 0.66 0.60
0.85 0.84 0.59 0.59 0.70 0.99 0.51
0.80 0.86 0.81 0.54 0.44 0.74 1.00
0.59 0.89 0.83 0.86 0.60 0.58 0.51
0.60 0.52 0.74 0.97 0.92 0.74 0.51
0.74 0.95 0.71 0.59 0.59 0.67 0.60
0.63 0.94 0.44 0.69 0.83 0.34 0.89
0.55 0.77 0.63 0.52 0.51 0.97 0.86
0.96 0.70 0.53 0.06 0.83 0.59 0.22
0.56 0.92 0.80 0.12 0.85 0.84 0.72
0.73 0.57 0.65 0.34 0.58 0.60 0.72
0.82 0.52 0.59 0.82 0.69 0.84 0.87
0.61 0.51 0.54 0.52 0.79 1.00 0.62
0.02 0.57 0.85 0.69 0.67 0.91 0.63
0.77 0.65 0.76 0.65 0.72 0.77 0.31
0.01 0.61 0.75 0.93 0.58 0.57 0.94
0.91 0.51 0.52 0.82 0.58 0.78 0.79
0.96 0.89 0.13 0.62 0.99 0.51 0.57
0.54 0.68 0.93 0.61 0.62 0.57 0.54
0.54 0.85 0.73 0.73 0.72 0.84 0.94
0.77 0.63 0.40 0.57 0.85 0.80 0.92
0.59 0.66 0.57 0.58 0.94 0.76 0.55
0.58 0.94 0.54 0.60 0.83 0.58 0.97
0.79 0.73 0.53 0.66 0.69 0.78 0.67
0.78 0.64 1.00 0.53 0.53 0.31 0.79
0.52 0.80 0.66 0.76 0.55 0.75 0.68
0.58 0.52 0.97 0.81 0.64 0.18 0.68
0.19 0.57 0.72 0.55 0.93 0.79 0.78
0.95 0.85 0.55 0.64 0.52 0.61 0.62
0.09 1.00 0.77 1.00 0.55 1.00 0.54
1.00 0.60 0.42 0.61 0.61 0.99 0.54
0.97 0.56 0.41 0.63 0.56 0.65 0.90
0.09 0.76 0.54 0.81 0.68 0.74 0.67
0.60 0.94 0.54 0.79 0.66 0.93 0.68
0.74 0.66 0.65 0.97 0.52 0.68 0.53
0.71 0.93 0.54 0.81 0.95 0.52 0.81
0.72 0.85 0.83 0.78 0.62 0.54 0.72
0.68 0.77 0.51 0.68 0.88 0.97 0.86
0.42 0.56 0.62 0.82 0.56 0.99 0.64
0.53 0.84 0.92 0.66 0.52 0.62 0.87
0.54 0.87 0.78 0.67 0.55 0.82 0.89
0.96 0.85 0.64 0.60 0.68 0.60 0.72
0.59 0.59 0.70 0.99 0.75 0.56 0.72
0.86 0.90 0.82 0.74 0.69 0.65 0.51
0.58 0.92 0.63 0.76 0.76 0.90 0.67
