200 7
70 11 85 77 19 67 88
3 65 81 96 92 72 81
58 58 96 69 54 99 77
78 58 97 71 81 96 58
75 88 67 98 96 91 51
56 79 97 67 56 16 78
93 51 55 76 8 26 86
84 85 62 26 55 82 51
67 67 68 87 99 94 95
87 76 99 96 50 58 86
95 100 71 59 66 80 59
95 68 56 80 76 85 80
71 88 87 56 90 55 21
71 78 78 64 58 95 95
45 54 93 87 95 77 42
83 54 59 65 88 51 52
73 94 76 100 67 93 80
78 92 56 62 83 19 73
63 61 52 94 81 90 81
56 78 62 68 73 51 77
64 57 63 76 82 83 37
82 88 65 99 67 72 100
73 52 79 54 53 73 65
57 54 53 66 76 82 99
66 78 59 60 68 83 52
82 90 96 21 56 27 87
72 80 48 74 68 68 72
61 28 55 82 87 98 52
54 76 52 12 73 73 71
94 53 63 87 68 67 62
94 61 58 75 58 58 99
58 79 53 63 83 63 63
62 84 95 52 71 91 82
87 85 67 65 54 86 59
85 80 98 51 76 87 55
2 49 70 90 55 56 68
100 59 89 67 69 54 65
61 81 57 82 83 88 59
60 72 54 64 78 90 82
57 85 71 93 72 66 62
65 66 97 65 58 95 60
96 74 100 69 64 61 64
55 80 51 42 55 83 61
66 56 100 84 70 83 86
68 56 97 61 94 67 80
60 64 51 61 85 38 93
92 61 67 96 73 59 91
89 66 58 66 79 97 66
67 92 58 52 71 98 51
71 60 93 62 54 92 82
95 58 71 53 76 53 83
97 89 95 80 53 53 53
65 25 96 66 66 100 54
52 68 97 90 64 74 58
69 96 34 70 72 80 35
20 65 82 65 60 96 90
63 61 89 79 52 41 74
76 86 59 79 73 55 63
81 74 55 95 4 80 96
55 69 46 80 56 52 88
84 74 58 88 76 90 57
88 51 61 77 85 57 72
67 79 100 74 67 64 74
52 83 15 22 98 61 65
2 98 86 84 94 56 94
78 91 85 84 59 92 54
65 92 22 54 92 53 92
89 84 92 90 64 37 82
57 67 13 45 57 57 91
57 2 89 97 78 9 60
63 87 54 88 65 54 51
51 94 65 71 74 77 100
77 53 51 55 90 71 71
88 57 66 70 74 51 52
72 62 69 92 68 82 97
44 92 58 63 70 59 72
75 100 65 67 60 62 71
63 71 86 66 70 69 26
97 88 10 91 96 94 53
73 86 83 61 52 59 56
53 86 79 61 56 82 67
91 56 64 90 54 71 98
62 29 93 79 85 63 88
69 73 69 54 85 64 62
62 78 87 91 80 56 51
86 77 54 71 90 55 89
61 79 70 54 94 99 61
70 59 53 92 56 75 73
74 63 65 80 77 93 70
57 66 52 70 63 91 82
75 56 84 69 54 76 60
52 100 62 98 81 93 61
65 61 72 65 27 56 82
87 96 74 85 45 51 94
70 52 60 69 95 76 90
1 59 78 8 63 51 100
1 86 96 79 98 97 96
75 55 100 72 64 52 13
77 51 14 64 74 92 63
78 70 95 97 57 70 64
56 12 84 98 53 93 56
51 61 61 97 80 75 90
72 64 85 72 73 85 75
52 98 55 64 89 54 32
75 81 94 75 65 57 22
73 59 95 83 100 61 98
87 53 63 96 98 52 86
86 78 55 59 65 67 27
61 96 91 92 56 61 65
55 69 80 51 76 79 68
77 84 67 93 69 81 51
71 71 93 63 90 53 76
80 78 83 100 57 70 65
88 81 77 100 51 63 71
44 98 78 81 96 98 61
59 78 93 59 61 73 3
72 77 47 93 92 87 63
70 74 73 90 25 58 77
67 59 56 87 57 76 69
71 53 81 82 94 74 57
87 61 54 91 71 92 89
99 72 55 67 51 96 78
93 61 67 68 92 93 41
87 74 51 76 97 82 70
50 90 80 9 91 62 69
81 57 78 56 82 93 74
92 65 94 64 78 69 78
53 51 98 57 87 64 70
70 54 58 75 98 75 74
76 55 51 87 76 87 81
58 51 76 80 51 93 51
23 54 17 77 99 93 75
64 93 56 2 58 71 21
79 65 52 60 55 94 56
54 70 60 54 30 74 97
70 83 85 66 78 79 55
87 75 51 94 54 63 94
72 98 84 22 71 51 62
68 74 53 99 86 30 82
65 60 35 88 97 69 100
52 59 81 78 95 79 79
21 86 56 77 63 56 69
65 78 29 97 79 51 75
67 100 84 99 80 17 37
53 52 82 60 90 82 64
70 52 48 67 77 99 76
64 69 54 58 98 55 61
92 91 100 58 8 34 85
77 67 70 68 91 53 86
59 84 68 63 63 52 79
100 51 77 79 60 99 70
51 56 70 56 66 77 75
4 72 55 52 87 90 59
78 81 92 36 87 67 61
62 55 83 85 67 64 45
96 88 55 69 78 3 61
95 58 100 14 92 65 58
77 71 69 55 67 51 86
93 70 63 54 69 86 44
88 67 58 55 69 100 86
2 95 69 70 91 55 90
92 55 98 55 40 98 66
96 54 95 95 95 75 38
81 76 65 61 80 53 14
92 57 52 53 73 52 57
58 84 75 62 94 87 35
89 61 60 81 79 63 69
99 60 60 30 65 68 82
51 75 61 56 97 95 58
91 55 65 73 41 64 62
88 66 83 68 28 57 77
81 89 66 59 56 74 13
54 90 51 59 73 91 72
79 91 72 65 51 52 85
55 79 60 51 60 72 55
98 53 81 75 81 30 98
60 62 96 100 18 79 67
100 82 70 68 81 34 73
84 78 65 90 60 59 63
51 92 68 62 81 67 74
92 88 54 78 63 54 69
51 52 88 77 82 96 93
54 14 91 69 72 53 64
81 53 39 64 83 93 32
69 66 98 52 56 78 94
60 48 84 95 5 92 100
78 76 84 82 87 79 53
72 99 83 99 57 73 59
85 68 70 78 63 67 84
65 74 6 90 73 73 64
79 82 53 97 99 63 61
60 33 50 88 98 93 70
2 66 94 58 91 65 36
74 54 53 100 60 68 97
97 92 82 51 53 85 93
87 96 89 89 55 12 69
97 74 21 56 44 100 88
46 51 69 67 84 70 84
98 56 81 65 15 64 98
56 65 57 91 66 65 100
