1212
8
0 05 02 06 03 0 07 0 
12 02 0 04 07 02 03 03 
0 22 01 1 04 09 07 02 
0 04 0 01 04 05 04 05 
29 06 02 05 03 01 04 0 
0 01 17 11 08 01 15 02 
12 0 0 09 17 2 05 3 
12 02 0 09 08 05 02 15 
47 23 28 1 04 01 0 0 
18 02 02 22 06 05 01 07 
24 01 0 38 0 03 43 0 
0 05 0 38 0 07 07 1 
0 01 08 03 2 02 16 02 
0 17 05 01 08 01 15 0 
0 01 02 04 3 14 08 03 
0 03 03 02 0 02 01 0 
0 12 05 38 0 0 05 02 
0 08 28 05 23 01 0 07 
0 0 0 06 21 07 12 3 
18 0 0 08 0 04 02 15 
0 44 02 02 0 2 04 0 
18 1 02 3 0 01 0 25 
12 1 03 3 0 03 0 1 
29 18 07 1 0 0 0 02 
0 02 03 08 0 02 41 08 
0 28 05 23 06 24 0 02 
29 0 0 0 0 43 35 1 
06 0 05 31 0 1 01 32 
0 29 0 07 6 12 01 05 
0 0 13 37 0 02 03 38 
06 01 2 05 18 0 21 02 
0 04 0 37 0 05 23 05 
0 09 72 37 0 11 0 0 
0 04 18 03 0 01 0 12 
0 01 18 07 2 01 0 07 
0 04 02 38 09 1 05 0 
06 35 03 05 08 01 0 27 
06 06 0 06 07 05 0 33 
0 06 02 06 11 01 01 02 
47 01 11 09 06 03 0 3 
06 0 13 0 06 02 39 07 
24 0 05 35 15 02 02 13 
0 13 03 0 0 01 02 05 
06 06 08 0 0 01 01 0 
18 0 0 0 0 02 26 17 
06 01 08 3 0 04 03 02 
06 04 1 0 0 11 0 02 
0 02 02 12 0 01 11 1 
06 27 0 0 0 06 0 28 
0 1 0 0 0 05 01 12 
0 01 07 0 0 0 11 37 
47 01 16 27 0 15 0 0 
53 0 11 08 0 15 0 12 
0 03 03 07 0 17 0 23 
0 11 01 01 15 06 07 03 
29 04 0 27 0 01 0 32 
0 0 54 27 0 1 05 03 
0 06 0 13 0 07 03 0 
0 01 0 03 2 07 02 18 
0 0 1 17 13 05 11 05 
0 04 02 17 13 09 09 0 
65 01 0 08 15 01 01 28 
0 07 11 07 0 0 01 38 
0 16 0 27 0 01 22 05 
0 09 0 03 05 01 16 1 
0 04 02 19 06 09 0 08 
12 11 02 14 02 02 01 0 
12 24 0 17 06 03 13 0 
12 01 03 12 14 01 01 27 
06 06 0 02 01 1 0 07 
0 04 0 17 02 02 29 03 
06 27 07 06 02 0 01 0 
24 01 52 27 14 01 04 0 
0 11 0 27 14 02 03 12 
06 38 05 04 14 03 0 02 
35 0 21 3 09 0 01 1 
06 0 11 0 0 11 2 0 
0 17 25 01 04 46 0 0 
0 0 04 2 07 01 04 03 
41 0 02 28 17 21 0 25 
18 02 12 01 13 0 04 03 
29 24 14 06 36 0 0 0 
0 0 02 1 38 03 12 28 
06 22 01 0 0 07 08 0 
24 08 02 0 0 03 09 0 
06 0 17 0 0 0 1 12 
06 0 04 0 0 01 11 37 
18 04 01 17 11 05 0 02 
12 0 01 0 0 14 08 25 
24 0 16 41 0 29 03 02 
06 01 12 27 38 01 12 02 
0 1 01 0 0 24 04 02 
0 27 1 07 11 02 0 02 
0 28 02 01 51 01 11 02 
0 04 08 04 07 0 08 02 
12 02 08 09 05 06 01 03 
12 03 25 03 08 01 11 0 
12 0 07 15 11 32 02 0 
47 0 1 18 07 03 01 07 
0 04 05 01 14 0 47 02 
0 02 02 18 07 09 01 43 
53 01 05 17 07 02 01 05 
18 04 0 12 07 02 04 02 
0 02 03 02 07 05 01 17 
0 01 61 18 07 03 06 03 
0 04 02 18 07 04 0 05 
12 01 03 0 06 03 13 03 
12 01 0 1 25 03 05 03 
0 22 0 1 05 04 01 02 
47 46 03 0 0 0 02 0 
06 0 08 0 0 56 03 05 
41 01 11 0 0 02 02 02 
12 2 02 0 0 11 0 03 
06 0 08 0 0 06 08 05 
0 22 02 02 07 01 42 02 
0 03 02 1 06 07 01 13 
18 0 07 33 15 08 03 05 
0 23 25 01 05 03 02 0 
12 01 25 07 04 0 28 03 
35 03 0 02 15 06 02 05 
06 01 0 33 15 01 1 02 
0 04 0 33 15 02 04 3 
0 24 07 0 01 0 05 03 
06 04 66 33 15 0 0 05 
0 02 07 08 07 01 1 02 
0 01 02 18 05 19 14 0 
0 04 03 23 25 18 0 02 
0 01 05 42 0 16 01 08 
06 24 07 0 0 03 05 0 
12 07 02 37 08 09 01 0 
18 09 0 41 15 13 0 05 
41 02 01 0 0 04 03 05 
47 01 09 39 13 05 01 0 
24 08 01 0 0 11 21 0 
06 0 03 14 06 08 01 13 
24 09 11 0 06 0 0 32 
0 06 02 12 01 0 38 05 
0 12 01 05 07 18 03 03 
0 07 02 06 15 04 01 0 
0 07 0 09 22 05 13 0 
0 02 0 01 03 05 12 18 
0 41 0 01 1 16 0 1 
06 02 02 04 22 04 02 02 
0 36 11 27 0 02 0 02 
18 0 11 13 06 33 0 02 
0 03 0 0 0 18 17 02 
12 06 03 0 0 04 0 05 
12 01 02 0 0 02 08 38 
0 07 13 3 0 0 02 02 
41 0 1 26 14 01 02 28 
06 0 18 0 0 01 16 05 
0 02 05 0 0 07 01 02 
06 01 03 0 0 01 03 18 
18 03 48 0 0 01 0 0 
06 15 05 0 0 01 0 12 
35 09 0 0 0 64 03 0 
24 01 0 0 0 0 03 07 
18 01 61 3 0 47 0 02 
12 03 0 0 0 45 0 2 
0 02 0 15 12 08 04 02 
0 07 08 14 01 0 05 07 
06 35 03 38 0 0 0 13 
0 02 03 38 0 01 01 03 
06 07 13 3 0 09 0 0 
59 03 15 01 0 06 0 07 
18 01 1 0 0 01 01 37 
12 02 07 24 0 01 0 02 
12 02 05 0 0 05 02 02 
0 01 02 0 0 18 01 18 
0 12 15 0 0 13 01 0 
18 01 11 0 0 06 0 28 
06 0 02 19 21 01 12 25 
18 04 1 07 0 01 0 02 
06 15 07 12 14 01 03 0 
0 06 11 04 34 0 03 05 
06 01 02 06 37 09 0 0 
0 13 02 06 57 11 0 0 
0 05 01 04 11 02 02 02 
0 04 02 14 08 02 05 05 
0 02 05 0 0 0 27 47 
18 1 15 0 0 05 0 0 
12 01 03 14 21 03 0 05 
18 01 06 14 04 0 0 27 
12 29 08 0 0 01 0 02 
06 19 0 32 21 01 0 03 
24 5 16 3 0 0 02 0 
29 25 07 0 0 01 02 0 
0 17 13 0 0 01 0 07 
0 1 0 25 09 09 0 12 
0 5 03 03 09 04 0 0 
12 37 0 25 09 01 26 0 
18 01 0 25 09 02 25 17 
06 03 0 09 01 01 31 08 
12 0 15 0 11 0 16 22 
0 02 0 23 2 02 15 43 
0 04 03 09 02 1 0 15 
06 04 0 12 0 09 07 0 
06 02 08 23 2 0 06 03 
0 25 0 14 04 01 05 03 
06 02 18 17 01 01 13 02 
0 27 02 15 09 02 0 03 
06 24 0 1 13 03 0 03 
18 31 02 32 0 01 03 0 
18 2 0 32 0 01 0 4 
06 03 03 1 0 01 1 02 
06 5 05 07 33 0 0 05 
0 45 1 01 56 02 0 1 
0 4 02 14 12 08 0 0 
53 0 0 01 0 11 01 3 
35 02 03 19 08 05 02 02 
0 32 07 01 04 15 0 03 
0 04 0 06 03 02 17 05 
29 14 0 35 0 2 01 0 
24 25 66 0 0 0 01 0 
0 32 04 0 0 09 0 05 
29 02 0 0 0 1 0 25 
06 08 0 0 0 14 05 0 
0 1 0 03 08 0 45 32 
06 42 0 1 0 03 0 4 
12 17 0 03 21 01 0 05 
0 36 02 28 0 0 07 03 
0 66 1 03 0 01 0 35 
41 01 0 35 15 04 0 2 
0 01 11 0 0 0 4 13 
0 04 02 18 0 02 01 67 
06 0 2 0 0 26 01 12 
0 06 03 0 0 02 12 05 
0 07 18 0 0 01 01 08 
06 01 0 41 1 06 01 08 
0 21 16 0 0 01 04 02 
29 01 11 0 0 02 01 32 
06 01 2 0 0 04 03 03 
0 07 02 41 1 0 0 03 
29 01 16 3 2 01 04 0 
24 0 25 0 0 02 35 0 
29 0 0 06 0 1 14 32 
06 03 2 19 1 0 05 02 
18 02 33 19 1 23 0 0 
41 0 23 36 13 13 0 03 
06 02 16 13 02 0 04 1 
0 12 05 03 0 1 0 25 
0 01 11 02 03 06 1 02 
29 2 0 16 08 01 02 0 
06 14 02 0 0 0 06 0 
41 05 02 13 06 0 0 07 
0 02 02 09 06 08 03 03 
06 0 05 3 05 16 03 05 
12 0 34 05 0 0 02 57 
18 0 16 0 0 03 26 05 
24 05 0 23 08 11 0 17 
0 06 02 0 27 03 06 02 
47 01 04 05 0 12 0 32 
06 0 01 02 0 06 02 07 
41 0 06 0 21 02 05 25 
06 01 09 03 0 03 17 0 
0 07 02 1 03 17 03 0 
18 03 0 09 03 06 02 08 
0 27 0 26 14 06 0 07 
0 05 02 04 03 03 14 15 
12 07 0 12 04 11 03 0 
0 01 05 0 1 09 04 0 
0 18 0 22 0 02 16 02 
0 01 2 2 1 03 18 0 
0 04 02 1 1 1 21 0 
06 02 1 02 1 0 11 08 
35 02 05 01 0 05 01 08 
06 16 0 3 0 17 02 0 
0 06 02 02 0 02 24 03 
06 02 02 08 0 01 09 1 
41 0 11 1 1 0 02 17 
12 02 03 22 01 01 25 0 
0 08 1 01 3 07 02 0 
0 02 0 07 3 03 04 0 
18 02 02 24 15 27 0 08 
18 01 05 25 18 24 0 03 
0 02 0 13 18 08 21 02 
29 01 0 43 3 03 03 02 
0 25 0 0 0 02 04 23 
0 01 0 0 0 02 34 33 
0 11 0 0 0 04 0 32 
0 0 18 07 14 17 01 35 
06 0 2 07 03 2 01 03 
06 01 08 11 1 18 0 22 
12 05 13 13 12 0 03 0 
06 02 0 13 12 04 03 02 
24 03 0 05 08 05 01 05 
0 02 1 32 08 0 02 02 
35 44 02 0 0 0 0 25 
0 07 07 04 04 0 3 05 
06 02 16 03 21 0 28 03 
06 1 03 02 07 02 0 25 
06 03 08 0 12 03 1 0 
12 0 02 0 21 04 14 0 
0 02 02 0 09 0 0 12 
06 13 1 05 01 0 0 07 
47 0 08 02 0 0 11 18 
06 04 07 07 13 01 01 05 
24 02 08 11 06 02 01 0 
0 03 13 06 04 0 05 25 
0 01 07 05 21 01 01 07 
06 31 05 25 0 02 0 02 
0 46 0 25 0 02 06 12 
0 13 01 0 0 0 01 08 
18 0 11 02 0 04 0 3 
24 02 08 06 23 03 02 02 
0 23 07 0 0 24 0 05 
41 01 03 32 0 26 0 1 
0 02 77 46 17 04 01 0 
0 03 13 0 02 39 01 0 
0 0 21 04 12 03 03 03 
29 01 08 05 07 08 0 15 
0 19 0 0 0 64 01 02 
59 11 0 0 0 0 0 08 
0 01 7 25 04 56 0 02 
0 13 0 0 0 48 05 02 
0 22 0 0 0 54 29 0 
0 18 03 19 04 07 0 17 
0 47 0 16 1 0 09 15 
0 0 02 02 06 0 13 05 
0 16 48 01 08 14 0 0 
18 0 1 22 0 01 03 38 
12 13 01 04 15 18 0 05 
12 01 02 1 0 02 02 15 
12 0 07 22 0 03 02 42 
06 01 0 13 0 04 05 0 
0 01 0 09 02 1 01 02 
06 06 0 11 09 1 02 0 
06 0 08 0 01 09 03 02 
0 01 03 15 08 2 12 0 
0 05 14 03 04 26 0 03 
0 13 02 18 0 21 02 0 
0 2 0 07 05 05 08 0 
18 02 03 01 04 01 12 0 
06 02 28 04 07 14 0 02 
06 0 1 11 0 02 05 03 
06 01 0 43 19 0 29 05 
0 27 03 13 12 02 0 0 
0 1 0 15 0 03 01 02 
06 15 0 13 08 03 0 0 
06 03 03 05 1 01 07 02 
06 02 07 05 09 01 0 08 
06 09 03 0 01 05 0 0 
0 01 25 05 03 27 01 07 
0 45 0 01 12 1 16 0 
53 06 0 12 1 14 0 02 
0 09 0 12 1 03 08 38 
06 0 44 13 06 15 03 0 
06 01 1 17 14 18 0 15 
06 01 0 04 13 05 01 18 
53 0 0 02 01 1 01 27 
12 02 05 05 01 03 0 05 
24 01 03 24 13 14 0 22 
35 07 0 29 23 01 08 0 
06 0 0 09 13 01 18 23 
76 0 1 04 01 07 01 07 
0 25 02 0 08 04 04 0 
53 04 0 29 23 01 07 0 
06 0 02 03 01 02 04 0 
0 29 07 13 19 0 04 0 
0 32 02 05 03 0 29 0 
0 14 03 02 13 01 17 02 
0 34 1 03 12 07 0 07 
0 23 01 13 03 03 03 03 
0 05 0 02 05 16 06 0 
0 2 03 03 17 03 0 03 
0 18 02 01 12 15 07 0 
06 03 03 0 0 66 0 78 
06 42 02 28 05 02 03 0 
06 03 05 0 0 12 37 0 
0 0 11 23 09 08 0 2 
0 01 0 29 14 05 04 1 
0 05 08 0 0 04 04 0 
0 03 05 02 0 0 12 08 
06 02 2 14 04 0 16 05 
06 23 13 04 01 0 0 18 
06 01 02 01 02 01 02 03 
0 19 49 0 0 12 0 02 
06 01 18 25 21 0 01 3 
0 01 2 25 04 03 01 02 
18 03 2 21 0 01 04 03 
0 01 07 11 18 03 03 02 
12 04 15 12 03 01 02 02 
06 01 03 38 0 03 16 07 
06 01 13 14 04 03 02 02 
0 27 02 0 0 01 18 0 
0 05 05 44 12 14 0 0 
12 0 08 0 0 02 09 08 
0 16 0 0 0 27 01 07 
0 1 0 0 0 11 05 03 
65 0 0 3 0 02 11 05 
29 0 56 49 15 0 06 03 
06 14 61 0 0 01 0 02 
06 26 0 0 0 07 01 0 
12 02 0 0 0 08 0 3 
06 0 1 05 05 01 09 07 
0 14 0 09 04 01 16 17 
06 0 07 0 06 28 17 02 
06 0 05 0 0 07 26 05 
0 01 08 0 0 09 04 02 
35 01 08 05 0 03 05 0 
35 0 2 19 0 02 03 03 
0 0 07 42 0 22 13 03 
06 16 07 0 0 19 03 0 
0 14 05 0 08 02 09 0 
0 0 23 01 05 01 03 22 
0 02 03 12 13 0 03 1 
24 02 05 05 09 08 0 02 
12 23 0 21 06 06 0 05 
06 31 03 01 24 04 0 05 
12 2 03 22 03 04 0 0 
0 01 0 4 09 0 02 17 
0 07 08 01 01 01 01 12 
29 05 02 4 09 01 0 08 
0 05 0 02 05 01 17 17 
06 01 05 09 08 01 16 0 
06 13 03 12 16 0 02 0 
0 04 05 07 16 01 17 02 
24 02 15 0 0 01 04 03 
0 18 16 17 11 0 01 0 
12 03 21 0 0 08 03 0 
0 03 52 0 0 06 19 0 
0 05 02 0 18 06 23 03 
18 01 02 12 0 03 0 23 
0 13 0 05 04 07 08 0 
24 03 02 0 0 02 01 25 
0 04 0 0 0 05 38 03 
06 02 03 0 0 0 04 23 
0 03 02 0 0 16 01 6 
24 02 03 4 0 0 05 03 
0 02 57 0 0 02 0 02 
59 02 08 02 0 02 0 28 
0 06 49 25 0 09 0 02 
18 01 08 06 27 0 11 02 
47 01 16 08 01 04 01 05 
29 02 2 08 01 01 08 0 
35 46 38 08 22 0 0 03 
06 0 0 02 12 02 12 0 
0 05 0 3 12 03 01 0 
0 01 0 04 08 05 31 2 
12 0 05 15 16 05 01 02 
0 02 08 15 04 0 13 13 
0 09 02 2 06 0 01 32 
47 0 02 13 05 01 02 2 
06 04 0 0 07 02 21 08 
06 01 03 45 16 02 03 02 
0 03 07 21 02 0 08 27 
06 18 1 1 0 05 0 03 
0 07 05 25 0 12 0 0 
0 09 03 09 2 0 0 02 
59 0 0 11 06 05 16 12 
0 01 23 01 04 35 01 02 
18 01 02 0 0 04 01 12 
24 0 18 0 0 05 0 07 
06 03 02 0 0 04 02 02 
29 0 16 0 0 15 01 03 
0 12 05 12 01 0 06 0 
18 0 31 2 11 0 09 17 
12 0 05 08 09 1 03 0 
29 0 69 33 12 0 0 23 
0 08 1 02 12 0 08 0 
06 01 13 05 0 0 04 4 
18 0 18 07 21 01 02 25 
0 27 0 05 38 07 06 02 
24 0 2 07 04 03 02 07 
0 0 03 32 0 05 05 05 
35 01 07 04 14 0 02 47 
0 02 04 0 0 06 13 02 
12 2 0 18 01 03 03 0 
0 34 0 23 0 01 14 05 
06 01 0 11 21 0 21 28 
0 01 02 01 24 06 23 05 
12 12 0 27 0 02 0 02 
12 01 02 27 0 01 04 42 
0 16 02 15 0 02 07 0 
06 01 15 27 0 01 09 03 
0 12 0 11 43 13 0 03 
06 18 0 03 39 02 0 13 
06 03 02 02 22 07 09 0 
06 0 05 01 19 11 15 0 
06 21 0 31 0 02 1 0 
06 02 0 23 13 02 05 02 
12 07 02 23 13 05 0 02 
24 01 07 12 13 04 01 02 
29 02 02 03 13 02 0 1 
0 23 0 04 07 01 15 35 
12 04 07 06 0 0 01 03 
06 0 15 24 0 01 02 45 
0 02 1 06 0 08 01 0 
0 11 02 05 14 01 0 05 
0 01 0 11 06 05 19 03 
06 08 0 24 0 09 0 17 
06 02 15 41 0 01 05 0 
0 03 0 17 57 02 11 07 
12 01 08 06 19 01 01 23 
0 02 23 01 11 08 3 0 
47 01 02 04 09 15 0 02 
18 32 0 0 24 03 0 05 
12 03 02 3 0 09 0 02 
0 02 02 0 0 03 04 27 
06 04 0 0 0 06 03 05 
0 4 0 0 0 01 1 05 
24 03 0 0 0 0 06 02 
06 0 1 36 14 24 0 15 
0 05 0 3 0 03 03 12 
12 0 0 0 0 15 07 17 
24 01 61 0 0 01 15 0 
0 34 0 19 15 01 06 02 
18 0 07 0 0 02 03 07 
29 36 0 01 21 04 0 08 
0 02 02 15 15 12 08 0 
18 03 03 2 34 01 02 02 
06 24 07 04 09 01 0 0 
06 01 1 03 0 0 39 03 
0 45 13 05 2 01 02 02 
06 18 02 13 05 06 0 02 
24 01 02 05 06 0 04 02 
12 02 16 19 4 0 01 0 
18 14 0 05 03 04 0 08 
06 01 0 04 03 03 05 15 
29 01 07 01 11 02 1 02 
0 06 02 27 03 02 04 07 
0 01 03 27 03 07 09 03 
0 03 05 05 33 01 01 07 
0 0 05 17 07 06 02 18 
47 07 05 06 0 0 0 38 
12 02 21 07 16 01 0 05 
0 02 2 09 2 03 04 02 
18 01 25 26 0 1 01 0 
0 01 16 0 15 15 0 03 
0 23 01 01 04 07 08 03 
0 14 07 26 0 01 07 02 
06 05 13 01 13 01 11 0 
0 01 07 01 1 02 01 12 
24 04 13 12 06 0 01 0 
0 19 02 06 04 04 0 05 
12 14 43 0 0 03 0 03 
12 02 16 3 12 09 0 0 
06 01 21 09 12 08 0 03 
12 15 08 3 12 0 0 02 
0 03 16 3 12 02 0 02 
35 0 0 36 24 08 01 35 
24 01 0 36 24 0 01 33 
06 01 08 36 24 07 0 03 
0 01 02 01 24 07 11 0 
0 17 0 4 0 01 12 48 
0 36 0 01 33 04 01 12 
0 16 03 08 0 01 14 02 
29 0 03 08 21 08 01 03 
06 0 1 4 0 02 01 05 
06 01 05 3 0 0 25 12 
35 02 23 0 0 0 0 05 
41 11 18 0 0 0 0 1 
24 02 15 0 0 02 03 02 
47 15 0 0 0 0 2 0 
59 0 08 4 0 21 28 0 
0 11 07 28 17 0 01 0 
06 01 15 0 0 01 01 37 
18 03 03 0 0 03 0 08 
18 01 13 15 15 28 0 02 
06 02 02 01 24 06 0 03 
0 02 02 3 02 01 05 35 
12 01 79 0 0 31 0 08 
12 02 2 0 0 02 0 65 
29 28 02 0 0 01 0 0 
0 0 16 32 1 02 01 22 
0 43 0 18 12 01 0 18 
12 17 03 0 0 08 0 03 
41 15 03 0 0 0 0 05 
06 03 03 02 1 01 12 02 
06 02 0 08 09 01 04 05 
06 04 14 09 05 0 07 0 
06 04 0 05 06 01 09 05 
06 01 49 19 06 05 01 0 
0 1 08 03 14 0 35 02 
12 4 11 0 0 0 0 23 
06 01 02 31 0 01 0 18 
35 0 0 22 0 02 39 05 
24 17 0 0 0 0 03 0 
0 03 0 12 0 13 02 22 
06 02 0 03 0 02 04 03 
06 03 31 27 0 42 0 02 
59 07 02 17 0 01 0 17 
71 02 07 03 0 01 0 43 
12 0 03 0 0 09 01 05 
0 11 02 27 0 01 04 07 
59 05 02 2 0 01 0 0 
0 14 0 23 16 02 03 18 
18 13 02 0 0 05 06 0 
12 23 02 11 0 05 01 0 
41 01 02 0 0 01 04 0 
12 01 05 0 0 12 0 1 
12 04 08 0 0 09 04 0 
0 0 02 4 25 01 2 02 
0 01 05 03 04 03 29 1 
06 37 1 16 02 02 0 03 
12 17 05 23 14 01 0 0 
12 01 7 3 39 0 06 07 
06 17 0 02 11 03 0 05 
0 02 03 18 0 1 11 02 
12 01 07 47 07 01 07 0 
06 03 26 47 07 03 0 03 
18 03 15 19 0 0 34 0 
06 01 03 08 06 1 03 0 
0 09 07 06 18 03 0 02 
24 0 02 19 2 02 02 1 
0 01 56 21 2 0 06 08 
06 02 03 04 03 01 17 02 
0 03 9 31 0 0 2 02 
47 01 05 43 08 04 02 02 
47 0 03 43 08 0 08 08 
0 1 0 03 13 2 0 07 
41 01 13 0 0 0 02 25 
71 11 15 31 0 0 04 0 
47 0 08 36 0 2 02 02 
0 0 05 0 0 03 23 27 
06 05 0 0 0 0 01 02 
06 01 07 02 12 0 11 23 
0 1 15 07 16 0 02 03 
18 01 1 12 07 0 07 15 
47 06 0 01 12 17 0 1 
41 0 0 13 25 03 04 02 
0 36 0 0 08 01 0 3 
06 04 02 02 0 0 12 05 
35 03 03 08 0 01 05 02 
06 01 12 15 04 01 01 1 
0 19 0 09 05 03 09 03 
53 01 15 04 14 01 0 32 
35 01 03 0 0 01 01 1 
12 01 05 27 0 0 04 3 
0 08 16 0 0 41 0 07 
06 02 02 0 0 03 01 45 
18 03 0 0 0 05 05 23 
0 01 0 39 13 0 17 45 
0 02 11 01 04 03 3 03 
18 22 0 11 09 02 34 0 
0 03 15 02 02 01 15 02 
0 14 05 0 13 0 17 0 
0 22 03 05 1 01 02 03 
12 02 03 02 0 06 0 07 
06 04 0 08 0 0 02 25 
0 01 0 02 11 11 14 18 
53 05 0 02 14 06 0 33 
06 08 03 12 0 1 0 02 
0 02 05 07 0 09 14 0 
06 26 02 02 1 19 0 02 
06 23 07 24 05 01 05 0 
12 1 0 11 0 1 11 0 
12 03 02 0 0 01 01 73 
06 0 18 0 0 07 0 4 
0 05 13 0 0 0 05 62 
0 38 03 0 0 11 01 0 
06 04 11 0 0 03 0 58 
12 0 16 05 06 01 06 03 
0 01 03 0 0 17 02 52 
0 01 02 2 0 04 02 25 
59 0 02 26 14 1 0 33 
0 03 02 4 0 14 0 02 
24 03 15 0 0 0 01 25 
35 0 05 0 0 0 34 2 
47 0 02 0 0 02 05 35 
12 07 0 0 0 02 0 17 
24 18 02 0 0 03 0 0 
06 02 0 0 0 03 17 3 
24 01 08 0 0 01 22 0 
12 02 0 0 0 0 11 02 
0 02 05 0 0 01 03 12 
06 02 03 0 0 01 01 15 
12 01 07 0 0 05 06 03 
18 0 02 0 0 03 0 38 
0 01 1 4 0 03 08 02 
24 0 64 0 0 01 04 03 
0 1 02 0 0 01 05 03 
06 0 1 12 19 1 02 05 
41 0 03 1 02 06 01 13 
12 09 01 17 15 01 0 07 
0 01 07 22 0 21 51 02 
06 2 0 0 04 04 18 0 
18 22 0 0 0 12 31 0 
18 02 05 0 0 03 05 07 
12 02 0 0 0 01 04 28 
06 01 07 0 0 03 01 2 
0 01 1 14 11 1 01 0 
12 1 0 18 08 03 16 0 
18 11 02 11 08 01 0 2 
35 02 02 0 0 09 0 0 
53 0 08 2 12 05 01 32 
12 0 0 19 02 24 24 07 
0 01 11 03 03 01 12 03 
0 04 06 15 06 04 0 0 
0 15 1 0 11 0 02 03 
0 01 01 22 0 11 01 17 
06 0 11 02 0 04 54 05 
0 0 28 28 01 19 21 03 
12 01 2 05 09 0 12 05 
24 25 0 0 0 06 02 0 
06 0 07 19 0 0 06 47 
12 16 28 19 0 02 0 03 
0 05 0 05 17 11 0 27 
0 29 0 0 0 33 03 02 
0 23 0 0 0 17 09 02 
0 33 0 0 0 23 25 0 
06 0 03 2 17 12 01 02 
06 06 0 0 0 13 0 22 
06 02 05 24 0 03 02 0 
0 11 05 0 0 05 05 0 
06 02 07 0 0 08 0 03 
06 0 0 32 0 22 04 03 
0 13 0 1 27 0 05 27 
06 04 02 16 27 02 03 02 
24 0 05 03 19 07 0 08 
0 14 03 11 08 0 02 03 
0 03 16 09 19 01 04 02 
35 02 07 02 0 0 01 2 
24 03 11 08 11 01 0 03 
24 1 1 0 24 01 0 07 
06 04 03 04 11 13 0 1 
12 02 13 16 12 03 01 0 
24 0 0 17 23 02 07 05 
53 0 07 14 22 05 0 28 
12 02 0 0 16 02 23 0 
12 02 08 0 0 0 04 13 
18 01 13 35 0 0 05 02 
12 0 28 12 0 01 1 0 
12 11 26 0 0 05 0 02 
12 01 2 0 0 0 09 27 
24 0 1 24 0 01 04 03 
24 01 02 0 0 06 02 07 
0 03 02 3 0 09 0 03 
06 1 07 0 0 1 14 0 
0 01 0 32 0 08 07 43 
0 01 03 0 18 01 08 15 
06 07 0 03 2 02 01 0 
06 1 03 05 08 03 0 02 
24 08 02 09 15 0 0 07 
29 0 02 36 0 0 11 02 
06 0 03 16 0 01 07 1 
24 0 0 36 0 09 05 13 
12 02 25 12 32 04 01 03 
0 23 13 07 0 0 1 02 
24 09 0 16 1 24 01 0 
12 01 08 04 3 09 0 03 
24 0 13 01 34 01 09 37 
06 38 1 01 23 03 0 05 
0 03 02 04 04 03 04 1 
0 16 0 31 34 01 0 2 
06 2 07 0 34 03 0 03 
12 02 1 11 0 02 08 0 
47 0 11 26 07 0 02 33 
12 11 03 16 07 0 0 15 
12 01 0 02 07 05 38 2 
0 54 02 37 0 0 02 07 
24 56 13 37 0 0 02 0 
29 01 08 01 3 0 26 05 
53 05 0 35 0 03 19 0 
24 02 0 0 0 02 07 03 
0 01 07 0 0 01 02 05 
12 12 0 45 23 04 0 0 
12 06 0 0 0 17 0 13 
12 0 18 06 0 19 0 15 
0 12 0 3 0 01 29 02 
0 15 02 11 1 07 0 05 
06 1 02 0 0 09 0 05 
18 03 05 0 0 23 0 05 
06 03 05 0 0 04 0 08 
06 0 26 09 16 11 01 25 
0 13 28 03 34 0 03 02 
0 14 03 0 23 01 24 02 
18 01 02 06 0 3 02 0 
18 04 2 38 0 01 04 0 
0 03 02 38 0 02 1 42 
06 08 05 03 1 08 0 02 
0 09 08 17 0 0 07 5 
0 22 0 17 0 02 2 02 
06 01 03 18 0 02 01 08 
06 01 05 35 0 0 17 25 
06 0 02 0 0 06 02 25 
0 12 03 0 0 0 0 45 
18 0 01 0 0 16 07 08 
18 0 01 0 0 08 13 05 
0 02 02 12 0 12 02 12 
0 05 02 0 0 15 09 03 
0 01 06 0 0 1 02 15 
12 26 03 28 0 01 0 2 
82 0 03 18 11 0 11 32 
06 01 05 08 05 07 01 0 
06 04 11 02 0 0 19 03 
12 0 1 0 03 04 15 03 
0 24 0 13 0 1 01 07 
29 0 0 3 12 06 06 13 
06 03 0 0 12 03 09 03 
12 02 08 07 04 0 05 02 
12 03 02 3 12 0 05 0 
06 03 08 05 12 0 06 03 
0 02 03 0 0 01 01 27 
18 01 08 09 0 04 03 02 
18 01 15 07 21 0 0 2 
06 01 02 02 15 02 11 02 
12 01 0 05 12 01 28 03 
35 01 1 39 0 01 01 02 
29 01 0 04 0 01 12 05 
0 02 2 0 06 0 41 03 
0 03 07 01 08 05 04 02 
06 31 0 02 14 04 04 0 
0 55 1 0 02 01 04 0 
12 0 0 05 01 03 06 2 
18 03 08 01 02 0 03 08 
0 0 2 04 17 13 11 0 
0 15 1 14 03 0 03 07 
0 21 0 12 0 06 0 08 
0 24 0 0 0 03 07 17 
12 12 02 04 04 01 0 03 
12 41 03 01 12 03 0 02 
06 12 0 34 04 03 04 0 
0 01 07 08 08 01 34 02 
06 0 08 2 03 01 37 05 
18 01 11 2 17 0 06 12 
24 0 13 2 17 0 01 38 
0 02 02 07 05 18 09 03 
0 23 0 1 09 09 0 02 
12 21 08 25 11 0 0 02 
0 02 05 11 02 04 04 02 
0 34 0 08 08 1 02 1 
06 02 02 02 08 15 18 0 
06 01 08 3 16 0 1 15 
06 08 0 0 0 04 0 32 
12 0 0 0 0 11 09 42 
0 08 0 09 25 02 09 07 
41 01 23 36 11 07 0 02 
12 28 21 03 45 04 0 02 
06 01 48 36 11 01 05 02 
06 03 15 36 11 0 01 0 
0 03 05 01 11 0 12 03 
06 04 1 0 0 03 04 0 
06 04 67 0 0 19 0 0 
12 0 1 2 0 0 23 33 
41 03 03 2 0 0 02 03 
47 0 02 2 0 05 07 02 
18 01 05 14 0 01 29 07 
0 0 03 16 0 03 25 03 
06 0 13 19 0 04 14 0 
06 0 05 0 22 02 01 4 
0 01 03 04 05 19 27 02 
0 28 03 01 06 09 08 0 
06 47 0 15 05 22 0 03 
18 04 08 05 11 01 06 0 
06 01 0 18 02 03 07 02 
0 04 0 44 11 02 12 08 
41 0 07 27 0 07 0 32 
0 02 0 13 06 0 23 03 
12 13 12 07 0 05 0 03 
0 29 09 2 0 16 0 02 
0 01 03 3 14 04 04 05 
24 01 0 02 1 04 18 03 
29 05 02 0 03 07 03 0 
12 0 1 3 14 03 03 08 
06 13 56 3 14 0 01 0 
12 0 02 12 0 02 29 22 
0 05 02 07 01 08 03 05 
12 04 05 18 14 0 04 03 
0 08 2 02 17 14 0 08 
06 01 0 0 0 07 01 02 
41 0 0 0 0 11 03 22 
18 32 0 0 0 05 0 02 
0 43 0 03 11 01 02 28 
06 04 0 1 03 01 09 02 
18 01 0 27 1 02 05 17 
06 09 1 27 1 0 0 03 
0 09 0 08 1 01 11 0 
18 22 02 11 11 04 01 0 
06 0 07 13 0 1 01 05 
0 08 07 18 0 1 0 03 
0 06 14 12 3 01 0 0 
0 02 04 08 0 01 0 05 
29 13 0 02 0 02 0 07 
06 02 08 1 1 05 02 02 
0 33 49 22 0 0 02 05 
18 02 0 0 0 01 09 22 
53 03 05 0 0 01 0 15 
06 36 07 0 0 02 05 0 
12 07 05 0 0 06 04 0 
18 02 07 0 0 03 09 03 
06 01 07 3 0 0 12 07 
0 08 11 0 0 01 03 03 
0 31 05 0 0 17 0 05 
0 07 03 0 0 0 1 1 
0 08 02 0 0 0 13 03 
0 1 1 11 0 0 07 08 
18 03 03 0 0 03 01 0 
0 02 05 12 0 0 14 07 
0 02 05 0 0 04 21 02 
0 03 03 0 0 01 14 2 
29 01 1 0 0 06 17 02 
06 07 03 1 13 08 0 0 
06 5 25 15 06 01 0 0 
12 14 02 29 0 31 0 0 
35 0 0 4 12 03 04 05 
06 01 0 0 13 03 2 03 
06 02 21 04 12 09 01 0 
24 17 0 25 0 0 0 33 
0 13 15 08 56 05 0 0 
06 0 05 02 38 02 05 12 
18 09 0 15 0 03 03 0 
29 0 52 23 0 0 05 18 
12 26 21 23 0 18 0 0 
06 07 0 12 0 06 07 0 
0 06 02 12 02 03 01 03 
0 05 03 01 1 07 28 03 
41 03 0 18 11 11 0 18 
06 02 0 14 08 0 01 12 
12 13 0 14 08 05 02 0 
0 08 0 19 03 02 09 02 
18 06 02 05 05 18 02 0 
35 15 03 27 0 0 04 0 
12 13 11 39 0 09 0 0 
18 17 0 0 0 03 0 15 
24 09 03 2 0 0 0 07 
0 04 02 0 0 06 01 33 
0 08 01 0 0 31 0 13 
12 03 61 0 0 0 0 2 
18 18 16 0 0 0 0 42 
0 2 05 0 0 16 0 23 
06 06 02 27 0 07 0 17 
0 09 03 0 0 01 09 1 
06 37 1 0 0 01 0 1 
12 15 05 0 0 03 0 07 
12 21 02 12 07 0 0 05 
12 49 05 1 13 0 0 0 
06 0 11 0 0 12 1 02 
12 03 46 0 0 0 08 03 
18 0 3 0 0 02 01 53 
06 0 46 0 0 03 14 02 
0 38 0 11 43 0 11 12 
0 32 0 27 0 01 02 02 
0 27 03 24 0 01 0 18 
0 0 02 0 0 04 04 07 
06 01 13 26 02 21 01 0 
0 01 49 24 0 39 0 08 
0 03 0 0 0 45 08 13 
41 07 0 0 0 48 07 0 
18 14 0 0 0 49 0 02 
0 06 08 06 07 06 0 08 
12 0 52 25 08 14 0 25 
12 01 0 05 13 0 02 2 
0 09 05 07 04 04 0 03 
0 26 0 04 05 11 02 03 
06 36 0 19 03 01 27 0 
0 05 07 08 08 01 03 03 
0 07 05 06 08 01 01 02 
0 05 0 12 18 01 04 07 
18 03 03 0 0 0 06 07 
35 11 02 29 0 01 1 0 
29 01 1 18 0 06 01 07 
0 0 26 06 0 06 03 32 
06 01 07 18 0 31 0 05 
06 0 1 0 0 11 18 03 
0 23 0 0 0 0 16 07 
12 02 02 0 0 02 11 0 
18 06 02 32 0 03 06 0 
0 18 01 15 01 02 11 03 
0 01 0 04 09 12 14 0 
0 13 02 01 17 11 01 0 
12 24 0 0 0 49 0 03 
12 08 0 11 03 22 0 02 
12 03 0 22 1 12 0 08 
06 75 02 01 4 06 0 02 
06 15 05 0 25 03 0 1 
06 04 0 42 4 0 25 02 
0 0 1 13 26 01 01 2 
41 01 57 02 1 0 02 2 
06 01 15 3 0 09 0 08 
06 01 21 0 0 0 03 18 
35 01 05 25 22 02 01 07 
18 01 07 27 0 0 0 03 
0 01 13 16 05 1 07 0 
35 09 0 03 0 19 0 0 
24 0 07 07 0 04 37 02 
12 43 02 08 27 12 0 02 
0 0 0 0 0 53 05 02 
29 0 8 0 0 26 03 02 
59 13 0 0 0 11 03 0 
12 14 54 0 0 01 0 2 
59 02 0 0 0 04 0 08 
06 04 02 0 0 03 07 02 
12 02 0 3 0 09 0 08 
0 01 2 0 0 41 0 03 
0 04 0 0 0 13 01 13 
0 0 0 29 0 1 2 08 
06 12 05 0 0 49 01 0 
0 05 08 0 0 16 0 13 
0 26 03 11 06 01 06 0 
12 16 0 01 0 07 03 0 
24 02 0 0 0 0 02 07 
53 0 0 01 13 15 0 22 
06 04 02 22 09 15 01 0 
12 0 04 05 0 0 25 28 
0 06 01 01 0 01 07 13 
0 03 01 26 0 07 09 27 
0 0 11 15 15 0 01 58 
06 19 14 26 0 07 0 02 
35 15 01 0 17 0 0 17 
0 04 01 03 0 06 05 42 
0 59 1 32 0 1 0 02 
06 01 26 39 0 01 04 03 
0 01 13 0 0 04 0 1 
24 32 23 3 21 0 0 0 
0 04 15 0 0 0 05 0 
24 0 03 24 17 01 03 03 
0 33 02 4 06 11 0 02 
0 53 08 01 3 13 0 02 
0 01 0 15 21 0 04 12 
0 0 15 15 21 0 09 02 
06 04 05 14 21 0 09 02 
0 26 03 05 16 0 12 02 
0 01 02 04 19 1 23 02 
0 01 05 14 0 1 16 05 
06 15 08 28 0 07 0 02 
12 14 51 28 0 01 0 0 
0 15 1 12 27 0 0 0 
0 02 0 08 27 0 16 17 
18 16 08 05 06 0 0 07 
12 01 05 27 27 01 05 02 
06 0 08 01 07 03 08 3 
0 28 13 02 55 0 04 02 
0 0 02 05 02 08 23 03 
0 05 0 17 08 0 08 02 
06 01 05 25 08 01 01 27 
29 02 02 07 08 01 01 08 
12 03 14 0 04 02 03 03 
0 01 0 55 0 08 12 12 
29 01 23 18 0 1 03 0 
12 01 04 32 1 18 0 08 
0 04 01 32 19 02 11 07 
0 03 02 42 0 02 18 0 
0 11 02 18 05 19 0 3 
24 0 11 02 11 14 14 0 
47 0 0 0 0 34 01 55 
12 06 05 0 0 01 1 0 
18 03 05 02 01 04 0 02 
12 0 08 35 17 04 0 07 
0 0 13 0 02 04 02 02 
06 0 18 09 18 13 01 08 
24 01 16 2 32 01 01 02 
0 02 7 2 32 03 03 0 
0 01 02 09 12 05 02 72 
12 01 04 27 12 01 0 38 
06 17 09 03 12 04 0 03 
12 0 12 11 31 01 06 03 
0 01 2 0 26 03 02 03 
12 0 7 27 12 02 02 02 
12 04 0 27 0 01 02 02 
12 07 0 03 0 04 0 12 
0 07 0 05 0 0 44 0 
0 02 0 01 01 09 12 02 
06 01 03 34 15 0 13 03 
35 04 0 19 04 29 0 1 
06 0 16 12 0 27 04 02 
12 0 03 3 0 15 0 27 
0 05 1 0 0 0 06 55 
12 01 11 01 15 0 07 18 
0 07 05 01 09 01 08 05 
0 23 0 12 03 09 11 0 
06 06 08 03 04 04 0 05 
06 01 0 01 15 01 21 03 
24 03 0 11 04 04 01 23 
06 09 02 04 08 0 06 0 
18 03 0 0 15 0 02 13 
0 02 01 09 08 13 12 0 
0 03 16 03 04 19 0 03 
0 15 01 12 0 14 02 0 
06 15 0 33 0 15 0 03 
18 01 07 01 19 0 13 07 
18 03 03 09 0 01 06 0 
0 01 03 06 0 03 0 42 
12 04 05 01 0 02 01 07 
0 09 05 33 0 0 05 23 
0 22 07 02 19 09 0 03 
29 0 11 08 04 0 05 05 
0 26 1 0 0 0 06 02 
0 49 1 0 0 03 0 08 
0 03 15 0 06 01 23 02 
29 03 05 02 0 02 0 08 
06 0 07 08 0 1 05 02 
12 27 11 0 0 01 0 1 
06 01 11 0 0 02 05 0 
24 03 1 0 0 01 04 03 
12 0 21 46 15 58 01 02 
06 0 16 29 14 02 03 02 
0 09 69 0 0 01 02 02 
53 0 13 08 0 04 0 28 
06 05 0 17 14 23 01 0 
12 01 1 11 0 02 02 03 
0 01 18 16 0 05 17 03 
53 0 0 13 48 12 01 03 
06 01 0 07 34 06 03 12 
0 06 1 01 27 02 01 03 
53 02 03 03 28 02 03 02 
29 15 02 01 04 01 0 03 
0 09 07 08 01 0 06 02 
06 01 13 02 01 0 0 43 
0 31 19 03 11 08 0 05 
0 09 02 04 0 01 08 05 
06 03 05 27 0 01 08 0 
29 01 16 0 13 03 04 02 
12 01 07 04 0 05 01 15 
18 0 07 43 09 14 0 32 
29 08 0 43 09 0 0 32 
12 01 02 43 09 1 0 03 
06 38 05 04 24 01 0 03 
0 01 08 02 06 0 11 13 
29 0 05 43 09 06 0 15 
0 04 02 14 09 06 17 03 
0 09 0 14 07 04 0 47 
12 03 04 11 02 19 0 0 
0 11 05 02 09 01 22 0 
18 18 13 32 0 0 05 0 
0 05 14 07 04 02 0 02 
18 54 02 01 0 01 0 0 
06 2 02 16 0 08 0 02 
18 02 0 24 0 04 01 17 
0 11 0 11 0 07 15 0 
0 05 0 0 0 22 13 07 
24 07 05 05 03 01 03 0 
0 3 02 0 05 01 06 0 
0 07 0 06 8 12 11 0 
18 04 02 0 0 02 0 02 
0 06 02 27 0 06 05 02 
59 01 03 0 0 08 0 18 
59 01 02 2 0 06 0 08 
0 02 02 26 14 0 02 0 
29 04 07 0 0 0 04 05 
29 05 02 0 0 1 0 0 
29 01 05 0 0 04 02 05 
12 11 02 0 0 06 06 0 
0 07 02 0 0 02 01 02 
06 0 1 0 0 03 37 13 
0 01 13 1 04 0 37 02 
24 01 03 29 25 02 01 05 
0 16 01 04 21 1 12 0 
18 01 1 04 03 03 01 05 
06 25 0 01 07 03 23 0 
12 0 02 35 23 0 08 63 
12 0 05 35 23 0 0 02 
0 0 05 03 2 15 0 0 
06 01 05 11 02 12 0 28 
12 01 05 03 23 0 1 13 
18 1 0 35 23 11 0 03 
12 0 08 0 0 04 01 38 
0 01 0 29 0 11 04 37 
76 0 07 23 14 05 0 25 
0 38 11 13 05 15 0 02 
12 06 0 09 05 15 09 0 
0 18 01 03 02 22 01 02 
0 0 0 14 06 09 02 02 
06 04 0 0 11 06 12 03 
0 1 0 11 08 02 14 13 
06 01 0 03 27 04 09 02 
06 0 13 03 23 01 21 0 
29 01 07 0 0 08 0 3 
06 07 02 0 0 06 0 2 
18 04 15 39 0 16 0 0 
0 04 0 23 09 08 03 1 
18 01 07 2 0 07 0 07 
65 01 08 0 0 11 0 0 
76 09 02 0 0 03 0 0 
35 01 03 0 0 07 0 35 
18 01 03 0 0 03 01 17 
0 21 11 15 05 01 05 0 
06 01 0 19 01 03 23 03 
0 04 05 2 12 04 0 03 
35 0 03 12 19 02 01 3 
0 02 0 03 4 01 1 08 
0 1 0 03 54 06 14 02 
0 02 02 07 08 08 05 03 
12 01 03 18 23 0 12 08 
18 02 02 15 15 0 01 05 
0 11 05 04 01 01 01 05 
0 01 02 16 15 06 02 15 
06 01 05 08 0 04 04 0 
12 01 03 22 0 0 12 35 
06 02 02 03 0 0 01 12 
18 03 0 15 0 04 01 22 
0 05 0 15 0 03 09 32 
0 21 0 32 0 01 24 03 
0 15 08 32 0 0 03 05 
0 0 05 32 0 0 19 12 
12 02 03 28 14 04 0 0 
0 0 11 08 14 08 07 02 
12 15 02 07 05 0 03 0 
06 14 02 13 02 03 0 33 
06 0 13 15 18 01 0 03 
12 11 05 17 02 03 0 02 
35 0 11 13 02 01 01 13 
12 02 03 26 08 04 01 03 
0 01 66 31 06 19 02 0 
18 01 05 03 59 0 62 03 
06 12 07 0 66 04 58 0 
0 07 07 0 55 0 88 0 
12 01 03 0 0 11 01 0 
18 0 03 32 18 0 13 02 
0 02 1 0 0 04 06 03 
12 06 02 23 15 01 06 0 
06 05 1 0 0 01 0 25 
06 01 05 0 0 01 07 15 
0 01 07 21 02 15 17 0 
18 01 11 14 17 01 11 02 
06 0 0 05 04 14 09 03 
06 04 02 17 12 21 0 05 
12 04 03 02 01 01 01 05 
0 15 62 0 0 11 03 0 
0 06 0 0 0 04 03 05 
06 22 1 13 04 0 04 0 
53 05 03 03 05 0 0 38 
