500 4
0.01 0.61 0.47 0.74
0.72 0.74 0.36 0.66
0.94 0.28 0.97 0.90
0.86 0.66 0.68 0.72
0.85 0.55 0.53 0.73
0.71 0.51 0.76 1.00
0.99 0.13 0.54 0.92
0.93 0.67 0.86 0.54
0.66 0.63 0.84 0.72
0.81 0.88 0.79 0.60
0.77 0.56 0.93 0.78
0.65 0.56 0.80 0.59
0.54 0.61 0.80 0.61
0.90 0.91 0.84 0.53
0.69 0.78 0.76 0.66
0.97 0.53 0.92 0.59
0.79 0.92 0.52 0.35
0.57 0.51 0.92 0.83
0.73 0.87 0.58 0.65
0.87 0.73 0.60 0.62
0.58 0.52 0.96 0.69
0.93 0.53 0.71 0.55
0.69 0.73 0.28 0.52
0.91 0.56 0.55 0.72
0.64 0.65 0.68 0.63
0.66 0.52 0.89 0.70
0.67 0.93 0.59 0.47
0.98 0.86 0.64 0.03
0.81 0.33 0.82 0.87
0.57 0.75 0.64 0.56
0.30 0.53 0.71 0.74
0.72 0.69 0.68 0.52
0.38 0.81 0.51 0.59
0.87 0.70 0.60 0.66
0.94 0.78 0.95 0.04
0.86 0.94 0.27 0.87
0.94 0.53 0.62 0.87
0.63 0.73 0.91 0.15
0.78 0.59 0.60 0.97
0.52 0.83 0.59 0.57
0.75 0.56 0.52 0.71
0.58 0.63 0.60 0.64
0.81 0.55 0.66 0.93
0.55 0.65 0.54 0.69
0.78 0.60 0.97 0.55
0.88 0.87 0.77 0.24
0.81 0.61 0.97 0.51
0.97 0.58 0.57 0.45
0.58 0.59 0.56 0.77
0.68 0.51 0.91 0.80
0.61 0.26 0.81 0.78
0.92 0.84 0.17 1.00
0.92 0.51 0.72 0.88
0.55 0.77 0.05 0.62
0.77 0.89 0.53 0.51
0.54 0.68 0.78 0.59
0.58 0.64 0.61 0.20
0.99 0.51 0.72 0.85
0.63 0.33 0.85 0.58
0.56 0.52 0.51 0.63
0.06 0.70 0.73 0.70
0.89 0.53 0.53 0.52
0.52 0.79 0.54 0.52
0.64 0.05 0.74 0.83
0.54 0.51 0.85 0.51
0.62 0.59 0.51 0.54
0.70 0.51 0.63 0.70
0.78 0.81 0.63 0.18
0.79 0.03 0.72 0.82
0.80 0.37 0.71 0.56
0.74 0.91 0.59 0.51
0.61 0.80 0.29 0.02
0.54 0.33 0.54 0.61
1.00 0.67 0.14 0.78
0.23 0.48 0.60 0.79
0.58 0.65 0.06 0.60
0.54 0.55 0.36 0.64
0.92 0.54 0.10 0.99
0.53 0.64 0.90 0.56
0.65 0.90 0.04 0.65
0.72 0.56 0.53 0.55
0.58 0.78 0.21 0.51
0.28 0.95 0.92 0.63
0.52 0.83 0.43 0.76
0.53 0.70 0.85 0.60
0.65 0.56 0.84 0.58
0.61 0.61 0.37 0.43
0.86 0.35 0.81 0.54
0.51 0.67 0.52 0.64
0.53 0.91 0.73 0.43
0.52 0.66 0.09 0.53
0.19 0.57 0.99 0.62
0.51 0.59 0.71 0.72
0.56 0.62 0.67 0.52
0.70 0.72 0.79 0.03
0.66 0.54 0.53 0.37
0.89 0.52 0.57 0.59
0.56 0.73 0.75 0.08
0.51 0.66 0.72 0.67
0.88 0.38 0.61 0.53
0.58 0.77 0.08 0.54
0.46 0.69 0.94 0.62
0.51 0.35 0.80 0.69
0.99 0.51 0.95 0.16
0.58 0.57 0.83 0.52
0.57 0.63 0.66 0.60
0.84 0.53 0.64 0.09
0.64 0.03 0.77 0.66
0.81 0.53 0.64 0.29
0.61 0.08 0.90 0.70
0.95 0.55 0.31 0.78
0.51 0.55 0.52 0.93
0.83 0.27 0.57 0.61
0.51 0.88 0.36 0.44
0.57 0.51 0.40 0.88
0.87 0.66 0.14 0.51
0.69 0.78 0.16 0.52
0.79 0.61 0.74 0.01
0.33 0.86 0.12 0.35
0.80 0.65 0.52 0.27
0.82 0.17 0.51 0.71
0.51 0.39 0.54 0.57
0.53 0.60 0.80 0.55
0.99 0.18 0.66 0.60
0.26 0.52 0.95 0.69
0.59 0.55 0.33 0.74
0.64 0.60 0.13 0.74
0.83 0.53 0.57 0.52
0.52 0.14 0.86 0.57
0.59 0.13 0.83 0.96
0.91 0.09 0.58 0.81
0.40 0.79 0.66 0.52
0.52 0.07 0.87 0.77
0.49 0.57 0.54 0.74
0.77 0.61 0.12 0.55
0.09 0.59 0.73 0.65
0.32 0.58 0.57 0.93
0.07 0.55 0.77 0.99
0.91 0.55 0.24 0.35
0.26 0.68 0.57 0.64
0.88 0.64 0.04 0.63
0.62 0.05 0.94 0.94
0.96 0.54 0.45 0.72
0.03 0.68 0.57 0.58
0.53 0.57 0.72 0.54
0.82 0.07 0.68 0.54
0.54 0.65 0.55 0.51
0.72 0.70 0.55 0.07
0.09 0.90 0.31 0.55
0.07 0.94 0.94 0.51
0.08 0.55 0.77 0.73
0.55 0.51 0.53 0.74
0.73 0.32 0.72 0.56
0.57 0.95 0.14 0.19
0.85 0.09 0.98 0.20
0.52 0.58 0.97 0.21
0.33 0.52 0.79 0.68
0.52 0.51 0.50 0.61
0.14 0.68 0.54 0.60
0.63 0.20 0.82 0.75
0.94 0.02 0.67 0.69
0.92 0.52 0.03 0.55
0.99 0.15 0.55 0.86
0.66 0.60 0.08 0.12
0.51 0.54 0.53 0.69
0.61 0.51 0.71 0.17
0.64 0.55 0.67 0.09
0.70 0.99 0.01 0.95
0.98 0.34 0.91 0.51
0.51 0.70 0.59 0.56
0.52 0.51 0.63 0.25
0.75 0.51 0.05 0.80
0.83 0.52 0.59 0.56
0.63 0.34 0.81 0.52
0.75 0.16 0.68 0.60
0.65 0.32 0.52 0.62
0.16 0.59 0.57 0.78
0.08 0.69 0.60 0.27
0.79 0.56 0.13 0.68
0.76 0.17 0.75 0.52
0.78 0.17 0.52 0.64
0.68 0.51 0.59 0.09
0.45 0.03 0.91 0.89
0.83 0.33 0.15 0.62
0.07 0.59 0.94 0.78
0.62 0.05 0.52 0.64
0.70 0.23 0.87 0.26
0.27 0.55 0.51 0.51
0.63 0.72 0.67 0.03
0.71 0.77 0.04 0.63
0.57 0.18 0.58 0.59
0.80 0.01 0.92 0.71
0.82 0.06 0.65 0.54
0.55 0.64 0.21 0.95
0.57 0.20 0.90 0.21
0.55 0.20 0.66 0.86
0.15 0.38 0.86 0.82
0.86 0.47 0.58 0.52
0.64 0.54 0.22 0.83
0.52 0.79 0.88 0.12
0.59 0.10 0.83 0.52
0.47 0.24 0.97 0.18
0.56 0.03 0.77 0.73
0.52 0.06 0.57 0.61
0.95 0.04 0.65 0.90
0.55 0.73 0.58 0.31
0.63 0.75 0.03 0.85
0.83 0.22 0.54 0.58
0.87 0.95 0.65 0.01
0.70 0.52 0.42 0.83
0.83 0.77 0.02 0.88
0.52 0.62 0.55 0.02
0.31 0.51 0.83 0.52
0.70 0.95 0.01 0.75
0.80 0.04 0.59 0.81
0.78 0.15 0.91 0.50
0.61 0.57 0.19 0.96
0.12 0.41 0.79 0.54
0.92 0.02 0.58 0.65
0.78 0.53 0.53 0.33
0.54 0.73 0.54 0.12
0.63 0.61 0.23 0.62
0.17 0.65 0.51 0.67
0.60 0.64 0.08 0.65
0.99 0.51 0.53 0.26
0.04 0.29 0.65 0.80
0.01 0.52 0.55 0.58
0.20 0.60 0.09 0.63
0.57 0.52 0.38 0.66
0.61 0.47 0.14 0.53
0.58 0.57 0.99 0.16
0.55 0.22 0.66 0.14
0.67 0.60 0.94 0.03
0.51 0.38 0.56 0.82
0.23 0.55 0.55 0.52
0.96 0.31 0.16 0.66
0.76 0.23 0.54 0.05
0.83 0.27 0.52 0.58
0.02 0.60 0.97 0.55
0.93 0.03 1.00 0.64
0.66 0.67 0.02 0.56
0.90 0.31 0.22 0.24
0.53 0.54 0.07 0.74
0.78 0.39 0.51 0.63
0.58 0.06 0.49 0.92
0.53 0.51 0.54 0.38
0.72 0.63 0.07 0.60
0.87 0.83 0.01 0.54
0.52 0.54 0.66 0.09
0.55 0.18 0.74 0.55
0.65 0.56 0.15 0.52
0.18 0.75 0.51 0.51
0.65 0.80 0.01 0.92
0.52 0.56 0.05 0.82
0.62 0.38 0.54 0.54
0.60 0.84 0.03 0.56
0.32 0.41 0.62 0.98
0.56 0.53 0.40 0.96
0.89 0.10 0.59 0.55
0.64 0.27 0.39 0.59
0.08 0.58 0.60 0.55
0.57 0.62 0.53 0.14
0.55 0.55 0.23 0.57
0.54 0.80 0.39 0.52
0.85 0.24 0.25 0.81
0.05 0.87 0.82 0.57
0.83 0.09 0.59 0.59
0.61 0.43 0.53 0.28
0.76 0.03 0.80 0.58
0.58 0.02 0.51 0.63
0.07 0.88 0.94 0.51
0.45 0.85 0.99 0.23
0.98 0.47 0.02 0.77
0.27 0.67 0.57 0.10
0.65 0.32 0.58 0.51
0.51 0.08 0.65 0.93
0.08 0.25 0.61 0.83
0.51 0.27 0.73 0.69
0.53 0.52 0.26 0.99
0.51 0.53 0.44 0.56
0.90 0.57 0.96 0.01
0.49 0.84 0.08 0.05
0.48 0.66 0.51 0.44
0.05 0.61 0.70 0.07
0.86 0.01 0.99 0.31
0.69 0.12 0.99 0.31
0.73 0.05 0.91 0.53
0.92 0.52 0.74 0.01
0.79 0.30 0.23 0.51
0.47 0.13 0.84 0.68
0.88 0.22 0.64 0.52
0.55 0.53 0.13 0.65
0.27 0.55 0.55 0.08
0.68 0.77 0.01 0.85
0.75 0.26 0.61 0.52
0.72 0.52 0.58 0.04
0.57 0.08 0.69 0.52
0.19 0.60 0.44 0.60
0.51 0.08 0.69 0.62
0.48 0.95 0.08 0.86
0.53 0.53 0.23 0.65
0.51 0.53 0.40 1.00
0.69 0.55 0.47 0.51
0.66 0.12 0.64 0.37
0.53 0.96 0.07 0.61
0.55 0.51 0.03 0.19
0.79 0.77 0.01 0.79
0.64 0.12 0.86 0.05
0.44 0.87 0.01 0.51
0.52 0.66 0.23 0.21
0.76 0.22 0.22 0.72
0.76 0.02 0.65 0.54
0.67 0.53 0.01 0.24
0.56 0.40 0.52 0.90
0.47 0.77 0.17 0.06
0.79 0.12 0.65 0.14
0.08 0.23 0.88 0.84
0.97 0.52 0.01 0.97
0.99 0.45 0.09 0.98
0.37 0.78 0.03 0.84
0.64 0.05 0.99 0.58
0.55 0.50 0.16 0.83
0.90 0.08 0.10 0.59
0.45 0.32 0.51 0.72
0.51 0.52 0.54 0.54
0.87 0.04 0.26 0.75
0.22 0.74 0.52 0.14
0.51 0.08 0.85 0.51
0.51 0.51 0.45 0.99
0.64 0.90 0.21 0.04
0.45 0.83 0.60 0.07
0.57 0.08 0.77 0.51
0.74 0.15 0.36 0.56
0.53 0.66 0.21 0.16
0.29 0.22 1.00 0.92
0.54 0.89 0.97 0.01
0.39 0.56 0.11 0.88
0.55 0.02 0.59 0.66
0.54 0.01 0.93 0.84
0.10 0.82 0.45 0.55
0.77 0.20 0.62 0.55
0.51 0.51 0.10 0.60
0.02 0.82 0.04 0.89
0.18 0.21 0.93 0.58
0.86 0.01 0.67 0.99
0.99 0.02 0.64 0.42
0.53 0.69 0.04 0.56
1.00 0.59 0.51 0.10
0.54 0.55 0.58 0.07
0.26 0.66 0.26 0.01
0.85 0.27 0.09 0.67
0.32 0.43 0.66 0.54
0.92 0.06 0.57 0.58
0.87 0.44 1.00 0.03
0.44 0.79 0.23 0.52
0.62 0.01 0.62 0.70
0.22 0.54 0.13 0.93
0.67 0.25 0.55 0.61
0.17 0.63 0.54 0.68
0.75 0.09 0.47 0.46
0.85 0.36 0.34 0.15
0.31 0.09 0.98 0.92
0.53 0.26 0.71 0.56
0.18 0.54 0.72 0.31
0.17 0.78 0.03 0.56
0.55 0.33 0.53 0.63
0.71 0.25 0.56 0.56
0.64 0.31 0.63 0.57
0.17 0.52 0.52 0.84
0.05 0.28 0.82 0.51
0.58 0.13 0.55 0.59
0.86 0.08 0.63 0.58
0.01 0.75 0.33 0.30
0.53 0.22 0.75 0.54
0.55 0.41 0.57 0.53
0.89 0.01 0.60 0.79
0.34 0.07 0.74 1.00
0.51 0.53 0.64 0.47
0.99 0.05 0.64 0.19
0.56 0.42 0.18 0.57
0.69 0.51 0.53 0.17
0.59 0.20 0.58 0.42
0.71 0.57 0.69 0.01
0.54 0.14 0.77 0.03
0.06 0.66 0.96 0.01
0.30 0.48 0.56 0.72
0.82 0.01 0.57 0.92
0.32 0.29 0.63 0.81
0.45 0.28 0.75 0.77
0.25 0.69 0.06 0.59
0.58 0.27 0.61 0.05
0.72 0.01 0.86 0.62
0.62 0.10 0.04 0.78
0.60 0.12 0.56 0.51
0.27 0.04 0.63 0.67
0.25 0.63 0.08 0.84
0.69 0.01 0.02 0.80
0.13 0.94 0.15 0.53
0.57 0.06 0.83 0.54
0.85 0.09 0.01 0.93
0.08 0.54 0.52 0.85
0.89 0.07 0.88 0.19
0.64 0.83 0.01 0.59
0.62 0.03 0.19 0.72
0.17 0.73 0.53 0.63
0.68 0.02 0.49 0.99
0.56 0.04 0.54 0.64
0.73 0.27 0.21 0.68
0.55 0.07 0.79 0.20
0.53 0.28 0.51 0.73
0.57 0.76 0.01 0.96
0.12 0.51 0.72 0.53
0.56 0.14 0.52 0.97
0.38 0.68 0.07 0.80
0.55 0.28 0.53 0.55
0.58 0.20 0.54 0.56
0.18 0.56 0.42 0.58
0.86 0.10 0.75 0.03
0.92 0.94 0.25 0.01
0.57 0.40 0.51 0.51
0.60 0.03 0.84 0.52
0.61 0.80 0.01 0.53
0.78 0.52 0.23 0.05
0.09 0.52 0.70 0.54
0.61 0.78 0.01 0.88
0.51 0.05 0.69 0.65
0.54 0.41 0.56 0.56
0.59 0.80 0.14 0.04
0.76 0.01 0.61 0.57
0.84 0.57 0.59 0.01
0.15 0.21 0.20 0.82
0.93 0.01 0.86 0.40
0.81 0.01 0.57 0.62
0.77 0.04 0.54 0.14
0.24 0.51 0.11 0.94
0.97 0.53 0.67 0.02
0.28 0.74 0.14 0.55
0.69 0.09 0.13 0.52
0.55 0.45 0.51 0.56
0.50 0.60 0.17 0.15
0.51 0.31 0.81 0.57
0.25 0.13 0.20 0.52
0.10 0.93 0.66 0.15
0.52 0.81 0.06 0.51
0.24 0.14 0.59 0.83
0.04 0.60 0.83 0.54
0.17 0.23 0.26 0.72
0.81 0.17 0.05 0.54
0.14 0.63 0.51 0.54
0.58 0.05 0.97 0.52
0.46 0.53 0.59 0.51
0.18 0.81 0.26 0.51
0.20 0.13 1.00 0.51
0.17 0.59 0.21 0.34
0.76 0.04 0.61 0.15
0.71 0.14 0.76 0.32
0.51 0.58 0.51 0.17
0.66 0.26 0.69 0.04
0.02 0.39 0.55 0.33
0.04 0.65 0.87 0.15
0.12 0.71 0.10 0.83
0.74 0.01 0.52 0.63
0.96 0.27 0.63 0.02
0.80 0.75 0.03 0.09
0.60 0.49 0.77 0.01
0.41 0.03 0.96 0.68
0.92 0.51 0.76 0.02
0.58 0.11 0.56 0.57
0.70 0.10 0.03 0.55
0.08 0.25 0.65 0.58
0.12 0.26 1.00 0.53
0.97 0.26 0.08 0.52
0.56 0.20 0.60 0.24
0.21 0.04 0.54 0.55
0.20 0.91 0.76 0.05
0.79 0.11 0.56 0.05
0.66 0.46 0.58 0.17
0.60 0.24 0.04 0.76
0.07 0.14 0.52 0.59
0.02 0.95 0.68 0.25
0.55 0.13 0.52 0.24
0.52 0.02 0.85 0.80
0.59 0.78 0.01 0.82
0.02 0.69 0.79 0.02
0.74 0.21 0.57 0.17
0.53 0.02 0.90 0.73
0.70 0.63 0.32 0.10
0.70 0.05 0.84 0.24
0.28 0.53 0.94 0.32
0.01 0.23 0.80 0.64
0.01 0.84 0.52 0.24
0.93 0.24 0.96 0.01
0.53 0.04 0.83 0.51
0.54 0.58 0.24 0.51
0.58 0.03 0.93 0.52
0.64 0.75 0.02 0.94
0.61 0.15 0.18 0.76
0.54 0.01 0.91 0.58
0.35 0.52 0.64 0.04
0.54 0.61 0.83 0.01
