500 4
1 61 47 74
72 74 36 66
94 28 97 90
86 66 68 72
85 55 53 73
71 51 76 100
99 13 54 92
93 67 86 54
66 63 84 72
81 88 79 60
77 56 93 78
65 56 80 59
54 61 80 61
90 91 84 53
69 78 76 66
97 53 92 59
79 92 52 35
57 51 92 83
73 87 58 65
87 73 60 62
58 52 96 69
93 53 71 55
69 73 28 52
91 56 55 72
64 65 68 63
66 52 89 70
67 93 59 47
98 86 64 3
81 33 82 87
57 75 64 56
30 53 71 74
72 69 68 52
38 81 51 59
87 70 60 66
94 78 95 4
86 94 27 87
94 53 62 87
63 73 91 15
78 59 60 97
52 83 59 57
75 56 52 71
58 63 60 64
81 55 66 93
55 65 54 69
78 60 97 55
88 87 77 24
81 61 97 51
97 58 57 45
58 59 56 77
68 51 91 80
61 26 81 78
92 84 17 100
92 51 72 88
55 77 5 62
77 89 53 51
54 68 78 59
58 64 61 20
99 51 72 85
63 33 85 58
56 52 51 63
6 70 73 70
89 53 53 52
52 79 54 52
64 5 74 83
54 51 85 51
62 59 51 54
70 51 63 70
78 81 63 18
79 3 72 82
80 37 71 56
74 91 59 51
61 80 29 2
54 33 54 61
100 67 14 78
23 48 60 79
58 65 6 60
54 55 36 64
92 54 10 99
53 64 90 56
65 90 4 65
72 56 53 55
58 78 21 51
28 95 92 63
52 83 43 76
53 70 85 60
65 56 84 58
61 61 37 43
86 35 81 54
51 67 52 64
53 91 73 43
52 66 9 53
19 57 99 62
51 59 71 72
56 62 67 52
70 72 79 3
66 54 53 37
89 52 57 59
56 73 75 8
51 66 72 67
88 38 61 53
58 77 8 54
46 69 94 62
51 35 80 69
99 51 95 16
58 57 83 52
57 63 66 60
84 53 64 9
64 3 77 66
81 53 64 29
61 8 90 70
95 55 31 78
51 55 52 93
83 27 57 61
51 88 36 44
57 51 40 88
87 66 14 51
69 78 16 52
79 61 74 1
33 86 12 35
80 65 52 27
82 17 51 71
51 39 54 57
53 60 80 55
99 18 66 60
26 52 95 69
59 55 33 74
64 60 13 74
83 53 57 52
52 14 86 57
59 13 83 96
91 9 58 81
40 79 66 52
52 7 87 77
49 57 54 74
77 61 12 55
9 59 73 65
32 58 57 93
7 55 77 99
91 55 24 35
26 68 57 64
88 64 4 63
62 5 94 94
96 54 45 72
3 68 57 58
53 57 72 54
82 7 68 54
54 65 55 51
72 70 55 7
9 90 31 55
7 94 94 51
8 55 77 73
55 51 53 74
73 32 72 56
57 95 14 19
85 9 98 20
52 58 97 21
33 52 79 68
52 51 50 61
14 68 54 60
63 20 82 75
94 2 67 69
92 52 3 55
99 15 55 86
66 60 8 12
51 54 53 69
61 51 71 17
64 55 67 9
70 99 1 95
98 34 91 51
51 70 59 56
52 51 63 25
75 51 5 80
83 52 59 56
63 34 81 52
75 16 68 60
65 32 52 62
16 59 57 78
8 69 60 27
79 56 13 68
76 17 75 52
78 17 52 64
68 51 59 9
45 3 91 89
83 33 15 62
7 59 94 78
62 5 52 64
70 23 87 26
27 55 51 51
63 72 67 3
71 77 4 63
57 18 58 59
80 1 92 71
82 6 65 54
55 64 21 95
57 20 90 21
55 20 66 86
15 38 86 82
86 47 58 52
64 54 22 83
52 79 88 12
59 10 83 52
47 24 97 18
56 3 77 73
52 6 57 61
95 4 65 90
55 73 58 31
63 75 3 85
83 22 54 58
87 95 65 1
70 52 42 83
83 77 2 88
52 62 55 2
31 51 83 52
70 95 1 75
80 4 59 81
78 15 91 50
61 57 19 96
12 41 79 54
92 2 58 65
78 53 53 33
54 73 54 12
63 61 23 62
17 65 51 67
60 64 8 65
99 51 53 26
4 29 65 80
1 52 55 58
20 60 9 63
57 52 38 66
61 47 14 53
58 57 99 16
55 22 66 14
67 60 94 3
51 38 56 82
23 55 55 52
96 31 16 66
76 23 54 5
83 27 52 58
2 60 97 55
93 3 100 64
66 67 2 56
90 31 22 24
53 54 7 74
78 39 51 63
58 6 49 92
53 51 54 38
72 63 7 60
87 83 1 54
52 54 66 9
55 18 74 55
65 56 15 52
18 75 51 51
65 80 1 92
52 56 5 82
62 38 54 54
60 84 3 56
32 41 62 98
56 53 40 96
89 10 59 55
64 27 39 59
8 58 60 55
57 62 53 14
55 55 23 57
54 80 39 52
85 24 25 81
5 87 82 57
83 9 59 59
61 43 53 28
76 3 80 58
58 2 51 63
7 88 94 51
45 85 99 23
98 47 2 77
27 67 57 10
65 32 58 51
51 8 65 93
8 25 61 83
51 27 73 69
53 52 26 99
51 53 44 56
90 57 96 1
49 84 8 5
48 66 51 44
5 61 70 7
86 1 99 31
69 12 99 31
73 5 91 53
92 52 74 1
79 30 23 51
47 13 84 68
88 22 64 52
55 53 13 65
27 55 55 8
68 77 1 85
75 26 61 52
72 52 58 4
57 8 69 52
19 60 44 60
51 8 69 62
48 95 8 86
53 53 23 65
51 53 40 100
69 55 47 51
66 12 64 37
53 96 7 61
55 51 3 19
79 77 1 79
64 12 86 5
44 87 1 51
52 66 23 21
76 22 22 72
76 2 65 54
67 53 1 24
56 40 52 90
47 77 17 6
79 12 65 14
8 23 88 84
97 52 1 97
99 45 9 98
37 78 3 84
64 5 99 58
55 50 16 83
90 8 10 59
45 32 51 72
51 52 54 54
87 4 26 75
22 74 52 14
51 8 85 51
51 51 45 99
64 90 21 4
45 83 60 7
57 8 77 51
74 15 36 56
53 66 21 16
29 22 100 92
54 89 97 1
39 56 11 88
55 2 59 66
54 1 93 84
10 82 45 55
77 20 62 55
51 51 10 60
2 82 4 89
18 21 93 58
86 1 67 99
99 2 64 42
53 69 4 56
100 59 51 10
54 55 58 7
26 66 26 1
85 27 9 67
32 43 66 54
92 6 57 58
87 44 100 3
44 79 23 52
62 1 62 70
22 54 13 93
67 25 55 61
17 63 54 68
75 9 47 46
85 36 34 15
31 9 98 92
53 26 71 56
18 54 72 31
17 78 3 56
55 33 53 63
71 25 56 56
64 31 63 57
17 52 52 84
5 28 82 51
58 13 55 59
86 8 63 58
1 75 33 30
53 22 75 54
55 41 57 53
89 1 60 79
34 7 74 100
51 53 64 47
99 5 64 19
56 42 18 57
69 51 53 17
59 20 58 42
71 57 69 1
54 14 77 3
6 66 96 1
30 48 56 72
82 1 57 92
32 29 63 81
45 28 75 77
25 69 6 59
58 27 61 5
72 1 86 62
62 10 4 78
60 12 56 51
27 4 63 67
25 63 8 84
69 1 2 80
13 94 15 53
57 6 83 54
85 9 1 93
8 54 52 85
89 7 88 19
64 83 1 59
62 3 19 72
17 73 53 63
68 2 49 99
56 4 54 64
73 27 21 68
55 7 79 20
53 28 51 73
57 76 1 96
12 51 72 53
56 14 52 97
38 68 7 80
55 28 53 55
58 20 54 56
18 56 42 58
86 10 75 3
92 94 25 1
57 40 51 51
60 3 84 52
61 80 1 53
78 52 23 5
9 52 70 54
61 78 1 88
51 5 69 65
54 41 56 56
59 80 14 4
76 1 61 57
84 57 59 1
15 21 20 82
93 1 86 40
81 1 57 62
77 4 54 14
24 51 11 94
97 53 67 2
28 74 14 55
69 9 13 52
55 45 51 56
50 60 17 15
51 31 81 57
25 13 20 52
10 93 66 15
52 81 6 51
24 14 59 83
4 60 83 54
17 23 26 72
81 17 5 54
14 63 51 54
58 5 97 52
46 53 59 51
18 81 26 51
20 13 100 51
17 59 21 34
76 4 61 15
71 14 76 32
51 58 51 17
66 26 69 4
2 39 55 33
4 65 87 15
12 71 10 83
74 1 52 63
96 27 63 2
80 75 3 9
60 49 77 1
41 3 96 68
92 51 76 2
58 11 56 57
70 10 3 55
8 25 65 58
12 26 100 53
97 26 8 52
56 20 60 24
21 4 54 55
20 91 76 5
79 11 56 5
66 46 58 17
60 24 4 76
7 14 52 59
2 95 68 25
55 13 52 24
52 2 85 80
59 78 1 82
2 69 79 2
74 21 57 17
53 2 90 73
70 63 32 10
70 5 84 24
28 53 94 32
1 23 80 64
1 84 52 24
93 24 96 1
53 4 83 51
54 58 24 51
58 3 93 52
64 75 2 94
61 15 18 76
54 1 91 58
35 52 64 4
54 61 83 1
