500 4
0.11 0.83 0.83 0.18
0.96 0.80 0.87 0.54
0.86 0.84 0.64 0.74
0.82 0.88 0.53 0.58
0.54 0.82 0.88 0.98
0.84 0.69 0.88 0.66
0.95 0.53 0.62 0.97
0.74 0.70 0.83 0.89
0.83 0.67 0.83 0.81
0.77 0.76 0.62 0.95
0.75 0.97 0.54 0.61
0.01 0.89 0.58 0.62
0.51 0.85 0.68 0.76
0.79 0.93 0.54 0.61
0.89 0.80 0.77 0.54
0.92 0.79 0.71 0.86
0.91 0.53 0.63 0.72
0.83 0.67 0.59 0.94
0.54 0.60 0.87 0.37
0.68 0.60 0.64 0.79
0.73 0.55 0.94 0.89
0.84 0.89 0.51 0.35
0.82 0.09 0.77 0.87
0.70 0.90 0.48 0.94
0.71 0.77 0.84 0.65
0.60 0.14 0.92 0.51
0.67 0.64 0.65 0.66
0.63 0.87 0.55 0.90
0.60 0.93 0.78 0.51
0.53 0.59 0.65 0.86
0.85 0.87 0.51 0.32
0.52 0.90 0.82 0.56
0.61 0.85 0.60 0.92
0.86 0.82 0.60 0.61
1.00 0.99 0.38 0.86
0.35 0.76 0.86 0.99
0.97 0.53 0.39 0.69
0.51 0.47 0.89 0.56
0.88 0.46 0.74 0.70
0.97 0.64 0.82 0.61
0.88 0.86 0.54 0.82
0.99 0.62 0.75 0.54
0.66 0.51 0.76 0.60
0.81 0.33 0.71 0.75
0.88 0.70 0.60 0.65
0.56 0.55 0.66 0.68
0.79 0.67 0.66 0.26
0.83 0.82 0.63 0.83
0.54 0.65 0.76 0.62
0.53 0.98 0.51 0.74
0.84 0.67 0.21 0.52
0.80 0.87 0.82 0.22
0.54 0.55 0.59 0.57
0.62 0.60 0.58 0.70
0.26 0.53 0.54 0.80
0.85 0.54 0.52 0.90
0.84 0.62 0.60 0.53
0.77 0.74 0.56 0.77
0.63 0.52 0.64 0.88
0.53 0.89 0.52 0.81
0.68 0.67 0.70 0.04
0.53 0.57 0.97 0.51
0.76 0.74 0.51 0.83
0.53 0.93 0.51 0.82
0.72 0.05 0.60 0.97
0.91 0.63 0.77 0.19
0.60 0.86 0.67 0.51
0.76 0.83 0.48 0.78
0.05 0.83 0.85 0.64
0.83 0.51 0.58 0.54
0.66 0.51 0.65 0.89
0.81 0.79 0.39 0.60
0.61 0.77 0.43 0.79
0.46 0.29 0.85 0.68
0.67 0.70 0.81 0.56
0.79 0.15 0.73 0.63
0.49 0.95 0.58 0.58
0.52 0.51 0.81 0.67
0.73 0.36 0.59 0.85
0.51 0.63 0.54 0.56
0.01 0.47 0.72 0.90
0.80 0.59 0.38 0.76
0.76 0.54 0.73 0.61
0.52 0.49 0.51 0.65
0.82 0.62 0.56 0.10
0.71 0.73 0.15 0.48
0.55 0.51 0.33 0.69
0.96 0.92 0.14 0.81
0.72 0.69 0.76 0.03
0.63 0.92 0.90 0.15
0.60 0.66 0.58 0.53
0.58 0.71 0.71 0.53
0.74 0.60 0.69 0.55
0.56 0.52 0.51 0.62
0.80 0.59 0.09 0.73
0.74 0.05 0.22 0.64
0.74 0.63 0.84 0.52
0.37 0.76 0.81 0.60
0.60 0.78 0.19 0.76
0.38 0.83 0.36 0.71
0.57 0.68 0.67 0.53
0.85 0.66 0.17 0.58
0.78 0.52 0.68 0.59
0.60 0.27 0.88 0.58
0.83 0.35 0.61 0.53
0.62 0.13 0.54 0.55
0.64 0.59 0.79 0.53
0.84 0.09 0.94 0.52
0.21 0.71 0.57 0.76
0.81 0.66 0.53 0.58
0.96 0.61 0.53 0.51
0.56 1.00 0.76 0.51
0.57 0.25 0.54 0.90
0.74 0.69 0.67 0.52
0.70 0.57 0.25 0.68
0.91 0.47 0.71 0.28
0.53 0.73 0.07 0.67
0.70 0.66 0.80 0.51
0.53 0.07 0.84 0.86
0.53 0.68 0.76 0.54
0.63 0.75 0.74 0.37
0.61 0.53 0.86 0.34
0.69 0.61 0.71 0.54
0.31 1.00 0.34 0.64
0.77 0.52 0.45 0.60
0.05 0.65 0.82 0.56
0.58 0.18 0.54 0.52
0.06 0.35 0.66 0.68
0.54 0.53 0.15 0.64
0.61 0.06 0.68 0.93
0.54 0.58 0.61 0.20
0.54 0.87 0.56 0.15
0.56 0.40 0.53 0.51
0.36 0.98 0.74 0.52
0.88 0.51 0.90 0.03
0.63 0.65 0.50 0.27
0.74 0.58 0.06 1.00
0.73 0.06 0.94 0.69
0.87 0.95 0.53 0.04
0.34 0.74 0.40 0.65
0.18 0.69 0.65 0.84
0.54 0.54 0.73 0.61
0.70 0.59 0.42 0.62
0.90 0.42 0.92 0.15
0.06 0.90 0.12 0.07
0.52 0.69 0.62 0.55
0.56 0.71 0.44 0.02
0.29 0.71 0.70 0.55
0.21 0.07 0.66 0.25
0.21 0.72 0.54 0.54
0.54 0.54 0.82 0.10
0.96 0.04 0.97 0.68
0.71 0.65 0.01 0.67
0.93 0.57 0.13 0.55
0.55 0.69 0.07 0.82
0.93 0.53 0.71 0.04
0.52 0.87 0.63 0.19
0.03 0.76 0.87 0.59
0.73 0.56 0.05 0.74
0.17 0.77 0.74 0.64
0.64 0.63 0.07 0.82
0.51 0.77 0.56 0.45
0.77 0.53 0.70 0.23
0.15 0.51 0.52 0.54
0.32 0.18 0.54 1.00
0.75 0.03 0.52 0.61
0.57 0.51 0.51 0.54
0.05 0.79 0.73 0.80
0.84 0.69 0.70 0.01
0.52 0.56 0.51 0.64
0.68 0.68 0.51 0.13
0.65 0.13 0.61 0.54
0.77 0.51 0.04 0.24
0.27 0.57 0.31 0.72
0.53 0.53 0.22 0.88
0.75 0.05 0.99 0.60
0.10 0.65 0.78 0.67
0.14 0.81 0.56 0.85
0.65 0.52 0.21 0.56
0.71 0.12 0.56 0.82
0.64 0.60 0.08 0.55
0.85 0.30 0.52 0.42
0.03 0.51 0.66 0.99
0.67 0.64 0.04 0.77
0.54 0.72 0.54 0.51
0.56 0.67 0.58 0.35
0.09 0.12 0.79 0.82
0.64 0.01 0.52 0.61
0.13 0.52 0.86 0.59
0.52 0.71 0.08 0.88
0.17 0.26 0.94 0.71
0.80 0.06 0.61 0.05
0.53 0.80 0.35 0.51
0.62 0.55 0.49 0.36
0.08 0.25 0.91 0.98
0.57 0.71 0.05 0.93
0.01 0.75 0.92 0.55
0.87 0.51 0.03 0.66
0.85 0.05 0.76 0.07
0.63 0.55 0.66 0.05
0.03 0.58 0.71 0.79
0.21 0.89 0.56 0.53
0.05 0.99 0.33 0.63
0.56 0.04 0.84 0.55
0.53 0.60 0.61 0.30
0.68 0.39 0.54 0.11
0.62 0.59 0.66 0.09
0.69 0.10 0.62 0.54
0.36 0.84 0.55 0.51
0.99 0.89 0.60 0.01
0.52 0.01 0.81 0.56
0.80 0.39 0.11 0.62
0.89 0.02 0.51 0.62
0.62 0.83 0.30 0.51
0.55 0.02 0.51 0.96
0.85 0.59 0.92 0.02
0.64 0.58 0.62 0.08
0.63 0.22 0.16 0.69
0.24 0.43 0.52 0.91
0.74 0.92 0.03 0.54
0.10 0.74 0.59 0.62
0.57 0.83 0.22 0.58
0.36 0.29 0.55 0.67
0.53 0.52 0.29 0.89
0.56 0.66 0.56 0.48
0.03 0.68 0.82 0.68
0.52 0.81 0.26 0.68
0.43 0.84 0.65 0.39
0.77 0.37 0.26 0.62
0.03 0.65 0.77 0.67
0.51 0.70 0.26 0.92
0.51 0.65 0.51 0.71
0.54 0.10 0.58 0.85
0.58 0.11 0.36 0.54
0.68 0.71 0.07 0.51
0.56 0.20 0.49 0.72
0.55 0.65 0.09 0.82
0.52 0.78 0.61 0.27
0.53 0.36 0.54 0.88
0.29 0.87 0.18 0.81
0.63 0.65 0.44 0.53
0.08 0.67 0.80 0.65
0.03 0.96 0.52 0.84
0.60 0.02 0.80 0.54
0.57 0.65 0.14 0.58
0.85 0.69 0.34 0.04
0.12 0.58 0.62 0.85
0.52 0.57 0.52 0.53
0.82 0.64 0.54 0.02
0.56 0.06 0.80 0.54
0.56 0.16 0.56 0.82
0.86 0.35 0.07 0.71
0.08 0.58 0.96 0.67
0.04 0.51 0.91 0.61
0.09 0.51 0.52 0.79
0.17 0.56 0.76 0.06
0.31 0.69 0.15 0.58
0.51 0.84 0.05 0.84
0.05 0.67 0.96 0.03
0.59 0.64 0.51 0.52
0.53 0.65 0.22 0.71
0.02 0.69 0.61 0.75
0.52 0.18 0.58 0.95
0.77 0.44 0.08 0.71
0.67 0.50 0.55 0.39
0.53 0.87 0.74 0.02
0.01 0.79 0.67 0.96
0.41 0.32 0.17 0.88
0.09 0.79 0.72 0.66
0.08 0.65 0.51 0.66
0.01 0.65 0.70 0.69
0.69 0.59 0.15 0.52
0.79 0.87 0.66 0.01
0.87 0.71 0.01 0.52
0.87 0.25 0.07 0.84
0.80 0.03 0.28 0.69
0.52 0.81 0.76 0.05
0.92 0.80 0.60 0.01
0.80 0.50 0.34 0.60
0.36 0.61 0.55 0.18
0.19 0.71 0.28 0.60
0.62 0.98 0.10 0.56
0.04 0.72 0.52 0.55
0.84 0.07 0.52 0.13
0.44 0.67 0.57 0.03
0.73 0.76 0.57 0.01
0.53 0.60 0.55 0.39
0.55 0.63 0.52 0.52
0.11 0.62 0.96 0.57
0.29 0.95 0.96 0.01
0.51 0.98 0.55 0.03
0.15 0.38 0.61 0.76
0.16 0.39 0.80 0.59
0.83 0.63 0.92 0.03
0.03 0.62 0.84 0.62
0.01 0.76 0.76 0.14
0.80 0.35 0.10 0.53
0.92 0.33 0.59 0.11
0.03 0.56 0.51 0.98
0.51 0.62 0.40 0.64
0.22 0.62 0.51 0.53
0.97 0.15 0.02 0.60
0.56 0.51 0.38 0.53
0.53 0.53 0.56 0.51
0.56 0.58 0.12 0.66
0.78 0.71 0.01 0.64
0.84 0.63 0.86 0.02
0.51 0.82 0.02 0.75
0.51 0.80 0.03 0.66
0.81 0.56 0.53 0.06
0.03 0.40 0.82 0.70
0.49 0.60 0.58 0.44
0.65 0.53 0.61 0.07
0.35 0.84 0.59 0.09
0.79 0.72 0.01 0.62
0.04 0.64 0.65 0.67
0.74 0.48 0.15 0.63
0.60 0.10 0.59 0.61
0.52 0.43 0.82 0.12
0.83 0.85 0.03 0.46
0.77 0.08 0.55 0.57
0.14 0.52 0.29 0.65
0.75 0.10 0.53 0.53
0.58 0.54 0.06 1.00
0.65 0.91 0.01 0.86
0.57 0.05 0.60 0.59
0.01 0.69 0.76 0.60
0.70 0.53 0.90 0.02
0.81 0.59 0.02 0.52
0.01 0.84 0.29 0.86
0.54 0.62 0.63 0.15
0.86 0.57 0.01 0.51
0.62 0.72 0.33 0.55
0.87 0.66 0.25 0.16
0.71 0.53 0.53 0.21
0.84 0.54 0.25 0.06
0.52 0.68 0.54 0.42
0.51 0.80 0.53 0.36
0.01 0.62 0.68 0.97
0.57 0.55 0.06 0.66
0.29 0.46 0.39 0.74
0.74 0.85 0.05 0.58
0.79 0.60 0.78 0.01
0.64 0.64 0.06 0.55
0.56 0.43 0.87 0.11
0.70 1.00 0.26 0.04
0.65 0.55 0.53 0.21
0.64 0.51 0.14 0.85
0.60 0.55 0.31 0.56
0.40 0.11 0.61 0.62
0.68 0.61 0.05 0.55
0.52 0.03 0.09 0.55
0.05 0.69 0.15 0.51
0.08 0.36 0.70 0.65
0.79 0.56 0.01 0.74
0.66 0.81 0.82 0.01
0.89 0.53 0.01 0.59
0.45 0.85 0.12 0.61
0.51 0.57 0.61 0.33
0.69 0.76 0.09 0.44
0.06 0.55 0.55 0.64
0.64 0.16 0.57 0.13
0.52 0.63 0.05 0.96
0.83 0.01 0.32 0.79
0.51 0.11 0.58 0.52
0.65 0.72 0.10 0.18
0.05 0.54 0.86 0.10
0.57 0.31 0.64 0.01
0.57 0.69 0.01 0.18
0.01 0.84 0.58 0.78
0.01 0.75 0.52 0.62
0.94 0.01 0.40 0.66
0.99 0.52 0.57 0.01
0.63 0.55 0.60 0.19
0.05 0.06 0.90 0.84
0.40 0.81 0.29 0.09
0.18 0.86 0.04 0.79
0.60 0.02 0.55 0.60
0.02 0.62 0.66 0.71
0.06 0.65 0.73 0.19
0.01 0.51 0.92 0.89
0.08 0.03 0.94 0.11
0.53 0.55 0.07 0.62
0.54 0.99 0.06 0.59
0.58 0.63 0.52 0.51
0.52 0.64 0.69 0.13
0.84 0.53 0.19 0.04
0.54 0.41 0.01 0.58
0.18 0.67 0.60 0.51
0.22 0.64 0.15 0.50
0.04 0.13 0.93 0.62
0.01 0.87 0.72 0.51
0.67 0.54 0.55 0.27
0.51 0.93 0.01 0.87
0.02 0.95 0.09 0.68
0.12 0.61 0.61 0.61
0.89 0.81 0.10 0.01
0.64 0.61 0.14 0.19
0.61 0.01 0.60 0.96
0.52 0.61 0.51 0.53
0.99 0.02 0.69 0.54
0.60 0.67 0.32 0.45
0.80 0.36 0.53 0.48
0.35 0.11 0.62 0.14
0.55 0.20 0.94 0.08
0.18 0.64 0.27 0.51
0.51 0.91 0.03 0.60
0.53 0.83 0.54 0.08
0.15 0.03 0.87 0.88
0.04 0.64 0.60 0.97
0.81 0.61 0.01 0.56
0.15 0.67 0.07 0.62
0.56 0.54 0.97 0.04
0.12 0.35 0.53 0.56
0.05 0.54 0.71 0.86
0.02 0.55 0.87 0.72
0.65 0.02 0.61 0.58
0.16 0.83 0.02 0.88
0.53 0.63 0.06 0.60
0.15 0.53 0.66 0.50
0.65 0.02 0.70 0.56
0.72 0.18 0.53 0.51
0.03 0.20 0.88 0.77
0.02 0.66 0.55 0.59
0.61 0.53 0.06 0.42
0.08 0.74 0.59 0.48
0.80 0.53 0.03 0.51
0.60 0.62 0.54 0.28
0.53 0.51 0.81 0.09
0.50 0.52 0.12 0.67
0.08 0.37 0.69 0.52
0.11 0.80 0.09 0.81
0.58 0.01 0.60 0.72
0.57 0.58 0.42 0.25
0.12 0.59 0.11 0.67
0.04 0.64 0.97 0.51
0.76 0.52 0.52 0.13
0.52 0.12 0.14 0.51
0.53 0.63 0.02 0.84
0.07 0.58 0.31 0.77
0.57 0.28 0.59 0.13
0.76 0.31 0.08 0.72
0.43 0.87 0.63 0.06
0.02 0.63 0.62 0.70
0.69 0.24 0.66 0.11
0.08 0.55 0.21 0.98
0.56 0.53 0.60 0.24
0.41 0.59 0.04 0.76
0.55 0.08 0.65 0.28
0.10 0.52 0.60 0.51
0.06 0.52 0.66 0.57
0.57 0.69 0.55 0.16
0.59 0.58 0.56 0.18
0.22 0.51 0.51 0.94
0.67 0.02 0.07 0.03
0.48 0.56 0.60 0.06
0.52 0.74 0.52 0.40
0.06 0.17 0.58 0.78
0.89 0.04 0.01 0.68
0.02 0.53 0.97 0.52
0.45 0.85 0.11 0.57
0.61 0.01 0.01 0.67
0.51 0.64 0.85 0.02
0.05 0.04 0.77 0.75
0.56 0.79 0.09 0.51
0.80 0.01 0.64 0.57
0.24 0.57 0.61 0.12
0.09 0.10 0.14 0.60
0.02 0.56 0.58 0.97
0.40 0.97 0.03 0.75
0.51 0.61 0.01 0.75
0.55 0.59 0.48 0.10
0.56 0.05 0.80 0.53
0.53 1.00 0.06 0.51
0.02 0.42 0.51 0.82
0.51 0.75 0.52 0.01
0.55 0.06 0.62 0.53
0.37 0.76 0.11 0.53
0.60 0.66 0.33 0.24
0.85 0.72 0.26 0.02
0.58 0.60 0.05 0.10
0.24 0.60 0.55 0.47
0.58 0.55 0.07 0.50
0.61 0.05 0.72 0.53
0.52 0.02 0.65 0.98
0.17 0.43 0.62 0.53
0.52 0.63 0.08 0.66
0.03 0.67 0.74 0.56
0.01 0.67 0.55 0.88
0.58 0.56 0.56 0.45
0.51 0.60 0.37 0.57
0.14 0.17 0.72 0.59
0.54 0.79 0.20 0.45
0.63 0.70 0.57 0.02
0.01 0.39 0.51 0.99
0.77 0.24 0.85 0.02
0.07 0.82 0.59 0.09
0.01 0.75 0.70 0.51
0.42 0.93 0.12 0.04
0.03 0.52 0.81 0.80
