500 4
11 83 83 18
96 80 87 54
86 84 64 74
82 88 53 58
54 82 88 98
84 69 88 66
95 53 62 97
74 70 83 89
83 67 83 81
77 76 62 95
75 97 54 61
1 89 58 62
51 85 68 76
79 93 54 61
89 80 77 54
92 79 71 86
91 53 63 72
83 67 59 94
54 60 87 37
68 60 64 79
73 55 94 89
84 89 51 35
82 9 77 87
70 90 48 94
71 77 84 65
60 14 92 51
67 64 65 66
63 87 55 90
60 93 78 51
53 59 65 86
85 87 51 32
52 90 82 56
61 85 60 92
86 82 60 61
100 99 38 86
35 76 86 99
97 53 39 69
51 47 89 56
88 46 74 70
97 64 82 61
88 86 54 82
99 62 75 54
66 51 76 60
81 33 71 75
88 70 60 65
56 55 66 68
79 67 66 26
83 82 63 83
54 65 76 62
53 98 51 74
84 67 21 52
80 87 82 22
54 55 59 57
62 60 58 70
26 53 54 80
85 54 52 90
84 62 60 53
77 74 56 77
63 52 64 88
53 89 52 81
68 67 70 4
53 57 97 51
76 74 51 83
53 93 51 82
72 5 60 97
91 63 77 19
60 86 67 51
76 83 48 78
5 83 85 64
83 51 58 54
66 51 65 89
81 79 39 60
61 77 43 79
46 29 85 68
67 70 81 56
79 15 73 63
49 95 58 58
52 51 81 67
73 36 59 85
51 63 54 56
1 47 72 90
80 59 38 76
76 54 73 61
52 49 51 65
82 62 56 10
71 73 15 48
55 51 33 69
96 92 14 81
72 69 76 3
63 92 90 15
60 66 58 53
58 71 71 53
74 60 69 55
56 52 51 62
80 59 9 73
74 5 22 64
74 63 84 52
37 76 81 60
60 78 19 76
38 83 36 71
57 68 67 53
85 66 17 58
78 52 68 59
60 27 88 58
83 35 61 53
62 13 54 55
64 59 79 53
84 9 94 52
21 71 57 76
81 66 53 58
96 61 53 51
56 100 76 51
57 25 54 90
74 69 67 52
70 57 25 68
91 47 71 28
53 73 7 67
70 66 80 51
53 7 84 86
53 68 76 54
63 75 74 37
61 53 86 34
69 61 71 54
31 100 34 64
77 52 45 60
5 65 82 56
58 18 54 52
6 35 66 68
54 53 15 64
61 6 68 93
54 58 61 20
54 87 56 15
56 40 53 51
36 98 74 52
88 51 90 3
63 65 50 27
74 58 6 100
73 6 94 69
87 95 53 4
34 74 40 65
18 69 65 84
54 54 73 61
70 59 42 62
90 42 92 15
6 90 12 7
52 69 62 55
56 71 44 2
29 71 70 55
21 7 66 25
21 72 54 54
54 54 82 10
96 4 97 68
71 65 1 67
93 57 13 55
55 69 7 82
93 53 71 4
52 87 63 19
3 76 87 59
73 56 5 74
17 77 74 64
64 63 7 82
51 77 56 45
77 53 70 23
15 51 52 54
32 18 54 100
75 3 52 61
57 51 51 54
5 79 73 80
84 69 70 1
52 56 51 64
68 68 51 13
65 13 61 54
77 51 4 24
27 57 31 72
53 53 22 88
75 5 99 60
10 65 78 67
14 81 56 85
65 52 21 56
71 12 56 82
64 60 8 55
85 30 52 42
3 51 66 99
67 64 4 77
54 72 54 51
56 67 58 35
9 12 79 82
64 1 52 61
13 52 86 59
52 71 8 88
17 26 94 71
80 6 61 5
53 80 35 51
62 55 49 36
8 25 91 98
57 71 5 93
1 75 92 55
87 51 3 66
85 5 76 7
63 55 66 5
3 58 71 79
21 89 56 53
5 99 33 63
56 4 84 55
53 60 61 30
68 39 54 11
62 59 66 9
69 10 62 54
36 84 55 51
99 89 60 1
52 1 81 56
80 39 11 62
89 2 51 62
62 83 30 51
55 2 51 96
85 59 92 2
64 58 62 8
63 22 16 69
24 43 52 91
74 92 3 54
10 74 59 62
57 83 22 58
36 29 55 67
53 52 29 89
56 66 56 48
3 68 82 68
52 81 26 68
43 84 65 39
77 37 26 62
3 65 77 67
51 70 26 92
51 65 51 71
54 10 58 85
58 11 36 54
68 71 7 51
56 20 49 72
55 65 9 82
52 78 61 27
53 36 54 88
29 87 18 81
63 65 44 53
8 67 80 65
3 96 52 84
60 2 80 54
57 65 14 58
85 69 34 4
12 58 62 85
52 57 52 53
82 64 54 2
56 6 80 54
56 16 56 82
86 35 7 71
8 58 96 67
4 51 91 61
9 51 52 79
17 56 76 6
31 69 15 58
51 84 5 84
5 67 96 3
59 64 51 52
53 65 22 71
2 69 61 75
52 18 58 95
77 44 8 71
67 50 55 39
53 87 74 2
1 79 67 96
41 32 17 88
9 79 72 66
8 65 51 66
1 65 70 69
69 59 15 52
79 87 66 1
87 71 1 52
87 25 7 84
80 3 28 69
52 81 76 5
92 80 60 1
80 50 34 60
36 61 55 18
19 71 28 60
62 98 10 56
4 72 52 55
84 7 52 13
44 67 57 3
73 76 57 1
53 60 55 39
55 63 52 52
11 62 96 57
29 95 96 1
51 98 55 3
15 38 61 76
16 39 80 59
83 63 92 3
3 62 84 62
1 76 76 14
80 35 10 53
92 33 59 11
3 56 51 98
51 62 40 64
22 62 51 53
97 15 2 60
56 51 38 53
53 53 56 51
56 58 12 66
78 71 1 64
84 63 86 2
51 82 2 75
51 80 3 66
81 56 53 6
3 40 82 70
49 60 58 44
65 53 61 7
35 84 59 9
79 72 1 62
4 64 65 67
74 48 15 63
60 10 59 61
52 43 82 12
83 85 3 46
77 8 55 57
14 52 29 65
75 10 53 53
58 54 6 100
65 91 1 86
57 5 60 59
1 69 76 60
70 53 90 2
81 59 2 52
1 84 29 86
54 62 63 15
86 57 1 51
62 72 33 55
87 66 25 16
71 53 53 21
84 54 25 6
52 68 54 42
51 80 53 36
1 62 68 97
57 55 6 66
29 46 39 74
74 85 5 58
79 60 78 1
64 64 6 55
56 43 87 11
70 100 26 4
65 55 53 21
64 51 14 85
60 55 31 56
40 11 61 62
68 61 5 55
52 3 9 55
5 69 15 51
8 36 70 65
79 56 1 74
66 81 82 1
89 53 1 59
45 85 12 61
51 57 61 33
69 76 9 44
6 55 55 64
64 16 57 13
52 63 5 96
83 1 32 79
51 11 58 52
65 72 10 18
5 54 86 10
57 31 64 1
57 69 1 18
1 84 58 78
1 75 52 62
94 1 40 66
99 52 57 1
63 55 60 19
5 6 90 84
40 81 29 9
18 86 4 79
60 2 55 60
2 62 66 71
6 65 73 19
1 51 92 89
8 3 94 11
53 55 7 62
54 99 6 59
58 63 52 51
52 64 69 13
84 53 19 4
54 41 1 58
18 67 60 51
22 64 15 50
4 13 93 62
1 87 72 51
67 54 55 27
51 93 1 87
2 95 9 68
12 61 61 61
89 81 10 1
64 61 14 19
61 1 60 96
52 61 51 53
99 2 69 54
60 67 32 45
80 36 53 48
35 11 62 14
55 20 94 8
18 64 27 51
51 91 3 60
53 83 54 8
15 3 87 88
4 64 60 97
81 61 1 56
15 67 7 62
56 54 97 4
12 35 53 56
5 54 71 86
2 55 87 72
65 2 61 58
16 83 2 88
53 63 6 60
15 53 66 50
65 2 70 56
72 18 53 51
3 20 88 77
2 66 55 59
61 53 6 42
8 74 59 48
80 53 3 51
60 62 54 28
53 51 81 9
50 52 12 67
8 37 69 52
11 80 9 81
58 1 60 72
57 58 42 25
12 59 11 67
4 64 97 51
76 52 52 13
52 12 14 51
53 63 2 84
7 58 31 77
57 28 59 13
76 31 8 72
43 87 63 6
2 63 62 70
69 24 66 11
8 55 21 98
56 53 60 24
41 59 4 76
55 8 65 28
10 52 60 51
6 52 66 57
57 69 55 16
59 58 56 18
22 51 51 94
67 2 7 3
48 56 60 6
52 74 52 40
6 17 58 78
89 4 1 68
2 53 97 52
45 85 11 57
61 1 1 67
51 64 85 2
5 4 77 75
56 79 9 51
80 1 64 57
24 57 61 12
9 10 14 60
2 56 58 97
40 97 3 75
51 61 1 75
55 59 48 10
56 5 80 53
53 100 6 51
2 42 51 82
51 75 52 1
55 6 62 53
37 76 11 53
60 66 33 24
85 72 26 2
58 60 5 10
24 60 55 47
58 55 7 50
61 5 72 53
52 2 65 98
17 43 62 53
52 63 8 66
3 67 74 56
1 67 55 88
58 56 56 45
51 60 37 57
14 17 72 59
54 79 20 45
63 70 57 2
1 39 51 99
77 24 85 2
7 82 59 9
1 75 70 51
42 93 12 4
3 52 81 80
