500 4
81 52 97 88
92 96 78 60
98 87 67 79
63 70 83 77
64 68 53 69
71 99 52 76
97 53 88 59
86 67 95 83
81 57 51 89
76 67 53 71
57 82 69 85
39 92 61 68
88 54 80 85
76 80 3 70
51 56 20 73
92 54 97 37
54 56 93 68
55 55 97 64
83 68 85 54
57 53 75 58
51 55 15 76
15 51 88 78
88 68 51 66
42 77 70 84
66 78 98 55
31 61 80 87
98 54 57 52
60 92 56 63
69 66 62 68
36 71 94 72
15 53 73 77
81 51 70 55
84 86 63 64
80 75 86 37
79 83 81 54
64 4 96 84
66 94 67 55
54 65 88 59
51 26 56 97
62 5 71 87
66 18 62 67
64 79 55 63
52 90 84 59
14 88 52 81
40 71 68 98
45 63 69 78
67 75 86 54
61 51 68 54
52 88 75 57
60 42 7 83
72 95 77 51
5 92 67 100
96 61 58 54
60 63 84 56
46 59 54 60
99 59 52 10
89 54 16 74
59 53 58 85
35 94 14 83
76 41 66 52
64 100 54 4
69 51 30 70
62 24 95 33
89 73 55 56
4 73 75 33
71 57 20 69
81 68 11 80
53 28 64 96
86 36 58 31
23 100 33 60
69 79 45 53
70 12 91 79
61 53 51 65
93 100 19 65
79 51 9 36
4 92 66 83
93 54 79 15
57 88 6 99
95 14 64 61
72 52 74 44
54 53 69 2
11 56 78 34
56 58 50 72
20 75 73 51
29 57 66 95
3 74 70 79
58 8 91 86
12 3 61 74
58 80 14 54
63 74 38 51
90 6 90 69
78 76 57 7
12 64 56 83
51 55 51 71
53 75 57 58
62 13 55 55
41 49 57 83
73 63 15 58
97 71 66 12
60 70 51 51
53 51 55 59
74 85 10 67
57 20 59 90
81 19 63 51
54 84 51 60
59 78 51 51
20 90 51 61
55 99 54 23
65 96 13 70
65 71 63 7
81 66 4 63
54 58 29 55
58 52 53 66
24 52 93 67
85 1 58 97
51 21 96 52
90 90 51 34
4 69 67 53
95 9 55 27
77 7 92 73
17 95 2 20
59 56 61 53
9 72 69 51
54 71 64 27
51 43 67 60
21 64 75 51
58 70 52 19
52 31 83 58
62 1 95 91
90 62 64 10
49 65 65 59
73 62 6 79
5 51 83 70
53 53 73 52
76 51 43 60
69 51 65 27
92 19 78 23
57 69 57 54
19 58 60 83
60 55 56 15
55 51 12 66
61 77 9 67
51 54 57 67
56 76 51 51
17 55 70 65
2 81 76 65
60 94 1 97
100 72 1 96
81 49 53 63
15 93 66 58
56 57 11 75
66 52 83 11
72 3 74 58
52 61 73 58
25 64 53 61
57 52 96 51
53 77 18 69
87 63 1 95
57 9 80 5
82 67 57 7
16 72 60 80
55 41 65 60
42 80 65 31
52 83 62 42
27 53 57 88
55 12 53 56
77 57 21 21
51 53 52 93
34 68 67 30
51 5 80 56
17 81 65 62
85 88 58 6
76 93 62 12
67 34 41 62
90 11 23 66
99 81 4 62
51 53 63 54
3 60 84 83
62 16 45 79
55 60 9 28
61 53 19 51
97 2 60 57
52 55 96 50
71 58 50 5
28 58 65 62
52 74 59 51
69 99 1 83
44 72 29 84
53 74 65 32
44 57 59 71
54 77 1 60
15 25 74 53
72 65 6 63
24 79 53 95
90 55 8 56
90 3 70 73
61 93 58 3
90 1 69 55
23 55 79 27
1 77 96 86
78 25 11 56
26 90 23 61
63 77 22 2
78 57 1 64
4 72 55 57
54 66 56 21
88 50 68 22
92 18 65 41
97 55 5 64
10 77 52 97
21 69 54 74
87 9 73 56
55 45 52 91
18 61 60 56
43 59 60 24
75 9 37 91
14 52 62 52
13 68 69 63
3 59 59 64
52 65 91 5
53 70 81 23
62 13 49 81
29 16 58 92
71 27 48 74
78 7 85 52
46 77 34 76
52 21 76 70
74 8 70 5
17 60 60 63
2 55 84 72
52 72 57 28
4 64 82 59
58 55 60 54
95 10 33 55
28 80 39 72
58 3 58 99
44 88 59 55
71 7 53 54
56 76 3 90
7 73 96 24
55 56 37 51
71 1 71 100
2 67 71 84
8 65 9 100
86 20 50 70
55 4 84 60
40 57 12 59
27 53 12 85
78 62 4 52
54 56 55 8
2 89 68 58
13 83 26 34
49 70 51 27
98 4 59 75
86 15 20 81
85 53 62 34
56 4 13 73
1 72 68 93
56 67 2 67
12 53 70 64
56 83 63 2
3 83 53 73
42 51 35 71
1 34 92 75
80 12 51 53
69 65 67 1
70 5 100 54
87 2 98 87
53 21 57 65
57 52 11 67
77 31 52 71
51 89 5 62
56 1 89 57
14 53 61 73
97 54 64 12
70 53 61 39
63 34 78 52
55 55 9 83
25 55 59 82
53 81 51 18
66 66 51 9
80 2 66 88
52 14 60 68
6 64 57 58
60 56 14 65
63 42 29 61
70 60 5 94
3 73 52 87
61 54 15 62
55 54 66 51
7 48 74 66
39 77 63 51
59 1 73 80
49 68 52 53
10 74 64 56
79 60 52 2
3 52 59 16
27 44 64 53
77 74 1 86
60 30 1 78
50 61 52 54
58 82 8 55
72 10 69 53
1 58 55 82
5 79 24 90
86 40 6 75
1 53 59 70
78 3 55 98
68 51 61 51
60 72 44 12
3 22 90 19
64 37 67 52
56 88 47 10
44 23 90 18
52 66 11 84
28 5 58 98
56 51 61 53
55 88 56 1
53 36 33 76
56 51 53 55
72 1 57 53
41 87 11 84
80 70 2 59
21 51 60 61
2 70 72 58
56 2 54 83
98 53 53 32
62 50 53 55
41 23 71 52
66 2 86 54
18 47 11 90
92 14 53 19
51 58 53 37
8 93 53 66
53 14 79 62
73 45 59 52
51 34 56 58
60 53 52 14
62 10 78 52
89 4 73 52
56 84 7 57
44 70 86 1
19 13 44 46
87 68 4 51
65 51 74 20
76 58 64 1
67 23 78 2
84 74 3 30
95 55 57 3
21 55 63 10
57 51 17 60
53 67 23 47
91 14 6 52
70 25 70 10
64 38 14 62
54 57 52 22
74 33 62 39
56 15 42 55
54 62 65 2
10 100 12 90
66 5 55 68
45 51 8 77
27 61 88 1
31 63 25 75
65 65 5 76
66 31 52 26
98 61 57 1
7 79 10 97
33 57 7 88
11 76 56 56
64 23 69 37
11 51 37 54
1 84 88 62
3 67 52 68
2 52 51 20
67 61 51 5
57 11 52 64
53 83 10 24
53 63 52 8
33 80 20 79
54 81 31 21
7 53 2 78
67 1 55 75
70 6 71 14
53 75 80 6
67 4 88 52
57 56 9 67
97 66 5 51
53 51 27 65
10 78 97 6
96 4 73 19
97 53 57 13
10 43 45 44
94 60 39 6
54 81 27 36
74 66 4 62
51 84 7 68
12 42 56 89
3 17 67 62
57 2 64 7
52 2 64 76
65 6 59 61
66 57 51 11
57 63 5 55
94 25 5 65
88 53 2 58
60 54 55 11
95 27 66 1
91 6 55 51
56 53 2 62
66 64 1 75
75 2 25 67
69 73 2 58
33 62 65 8
82 80 18 13
85 63 2 59
51 54 76 8
7 51 86 10
99 50 64 3
74 77 4 57
52 56 16 70
43 6 54 51
75 1 76 52
10 93 69 14
52 41 27 82
7 58 24 70
8 100 10 59
1 94 58 11
97 41 59 13
55 57 11 67
57 65 7 53
55 4 81 52
96 53 57 6
25 59 5 51
88 51 6 62
92 51 1 63
94 53 56 6
60 52 36 28
14 61 70 6
1 64 52 58
9 65 48 62
55 60 60 4
69 4 61 60
89 3 52 52
6 100 18 66
56 51 80 16
78 52 4 57
44 5 52 78
68 51 3 72
71 33 33 64
53 51 85 15
59 85 52 6
79 1 95 28
9 48 51 82
6 84 80 8
6 15 85 60
52 59 66 3
29 81 31 44
61 80 24 20
21 59 54 2
93 2 15 14
65 51 84 2
49 80 19 26
77 84 11 7
62 48 36 67
68 1 91 54
25 66 12 30
24 61 34 52
89 57 63 4
85 57 43 6
55 54 18 28
51 34 57 23
79 53 64 4
72 57 6 51
86 9 54 16
53 51 58 16
28 5 53 95
56 55 17 51
31 53 9 60
56 1 80 99
11 84 58 12
91 64 27 1
62 58 65 2
61 51 8 61
53 58 27 57
8 51 54 100
57 73 3 57
74 94 18 21
76 55 80 1
54 9 3 35
71 85 24 1
20 2 61 82
1 81 58 53
99 8 79 3
82 12 52 22
70 53 82 1
73 61 1 56
16 74 12 64
52 11 40 68
70 2 53 54
