500 4
0.40 0.53 0.06 0.95
0.96 0.65 0.96 0.92
0.89 0.80 0.83 0.67
0.51 0.91 0.54 0.59
0.96 0.60 0.97 0.54
0.60 0.94 0.13 0.70
0.85 0.78 0.82 0.83
0.56 0.58 0.74 0.91
0.84 0.78 0.72 0.53
0.59 0.58 0.87 0.89
0.62 0.60 0.73 0.65
0.92 0.51 0.37 0.53
0.55 0.51 0.61 0.77
0.77 1.00 0.77 0.58
0.69 0.62 0.55 0.76
0.78 0.62 0.82 0.06
0.57 0.74 0.62 0.52
0.59 0.63 0.51 0.74
0.95 0.41 0.98 0.52
0.73 0.92 0.53 0.53
0.66 0.92 0.88 0.51
0.89 0.63 0.54 0.50
0.58 0.73 0.58 0.79
0.79 0.66 0.59 0.59
0.06 0.68 0.57 0.51
0.57 0.14 0.63 0.52
0.55 0.89 0.52 0.60
0.64 0.59 0.52 0.91
0.96 0.12 0.90 0.88
0.62 0.62 0.66 0.51
0.74 0.98 0.51 0.55
0.34 0.56 0.52 0.65
0.13 0.66 0.53 0.65
0.70 0.75 0.43 0.88
0.79 0.94 0.68 0.27
0.58 0.90 0.56 0.52
0.88 0.30 0.17 0.59
0.74 0.71 0.98 0.48
0.51 0.94 0.41 0.63
0.60 0.74 0.94 0.13
0.76 0.81 0.51 0.46
0.69 0.01 0.65 0.79
0.96 0.54 0.83 0.08
0.54 0.55 0.80 0.56
0.01 0.85 0.96 0.61
0.73 0.74 0.68 0.46
0.84 0.78 0.02 0.77
0.57 0.82 0.26 0.77
0.78 0.51 0.52 0.75
0.91 0.69 0.35 0.53
0.13 0.57 0.66 0.65
0.01 0.67 0.58 0.64
0.63 0.05 0.77 0.65
0.67 0.73 0.68 0.04
0.56 0.60 0.67 0.63
0.71 0.67 0.44 0.57
0.82 0.58 0.96 0.28
0.78 0.69 0.53 0.56
0.73 0.76 0.19 0.89
0.43 0.52 0.82 1.00
0.73 0.66 0.88 0.31
0.06 0.83 0.53 0.99
0.79 0.96 0.51 0.45
0.72 0.95 0.09 0.67
0.58 0.74 0.54 0.61
0.65 0.10 0.65 0.88
0.70 0.52 0.54 0.63
0.38 0.40 0.74 0.70
0.55 0.63 0.89 0.54
0.86 0.03 0.60 0.67
0.52 0.98 0.72 0.21
0.53 0.44 0.54 0.35
0.05 0.53 0.74 0.53
0.14 0.61 0.58 0.59
0.63 0.67 0.12 0.77
1.00 0.19 0.53 0.96
0.55 0.70 0.13 0.77
0.52 0.15 0.62 0.88
0.72 0.64 0.28 0.92
0.10 0.72 0.51 0.75
0.76 0.63 0.50 0.89
0.62 0.48 0.32 0.71
0.82 0.73 0.40 0.69
0.52 0.04 0.62 0.73
0.76 0.03 0.79 0.61
0.77 0.67 0.89 0.28
1.00 0.62 0.05 0.29
0.95 0.64 0.51 0.32
0.78 0.77 0.62 0.14
0.25 0.12 0.86 0.64
0.80 0.68 0.04 0.77
0.57 0.05 0.81 0.61
0.35 0.78 0.47 0.70
0.51 0.55 0.53 0.61
0.58 0.85 0.39 0.64
0.99 0.51 0.10 0.76
0.98 0.53 0.08 0.84
0.57 0.99 0.61 0.32
0.81 0.32 0.29 0.71
0.93 0.72 0.53 0.51
0.56 0.68 0.51 0.94
0.82 0.08 0.59 0.96
0.91 0.64 0.52 0.56
0.88 0.52 0.60 0.16
0.42 0.58 0.51 0.79
0.17 0.54 0.59 0.85
0.65 0.13 0.61 0.84
0.01 0.51 0.65 0.96
0.67 0.05 0.52 0.84
0.58 0.02 0.64 1.00
0.88 0.11 0.70 0.65
0.84 0.31 0.59 0.22
0.02 0.88 0.65 0.62
0.41 0.15 0.53 0.60
0.68 0.63 0.86 0.28
0.70 0.63 0.52 0.62
0.78 0.16 0.52 0.71
0.51 0.58 0.51 0.57
0.87 0.64 0.51 0.53
0.24 0.67 0.32 0.90
0.33 0.51 0.61 0.89
0.66 0.47 0.01 0.91
0.96 0.04 0.80 0.58
0.62 0.69 0.70 0.28
0.96 0.72 0.74 0.05
0.22 0.64 0.55 0.54
0.54 0.62 0.50 0.76
0.78 0.02 0.89 0.69
0.83 0.56 0.51 0.53
0.63 0.75 0.51 0.12
0.17 0.52 0.51 0.97
0.52 0.68 0.48 0.51
0.88 0.51 0.77 0.10
0.25 0.59 0.67 0.60
0.63 0.60 0.27 0.70
0.57 0.51 0.56 0.25
0.09 0.62 0.61 0.72
0.79 0.72 0.37 0.54
0.55 0.54 0.14 0.87
0.01 0.61 0.69 0.95
0.51 0.61 0.52 0.24
0.66 0.47 0.52 0.83
0.77 0.82 0.29 0.52
0.40 0.93 0.54 0.59
0.42 0.51 0.51 0.93
0.93 0.70 0.60 0.10
0.65 0.50 0.04 0.59
0.53 0.60 0.46 0.94
0.61 0.66 0.05 0.70
0.68 0.26 0.51 0.65
0.59 0.60 0.53 0.55
0.93 1.00 0.03 0.53
0.62 0.98 0.77 0.11
0.90 0.89 0.12 0.55
0.60 0.01 0.84 0.72
0.35 0.01 0.93 0.65
0.74 0.70 0.32 0.51
0.55 0.16 0.77 0.20
0.53 0.66 0.03 0.97
0.85 0.56 0.29 0.58
0.89 0.97 0.01 0.80
0.71 0.03 0.68 0.57
0.23 0.51 0.10 0.75
0.77 0.12 0.64 0.67
0.97 0.77 0.19 0.30
0.90 0.60 0.52 0.24
0.81 0.92 0.18 0.51
0.52 0.56 0.93 0.36
0.72 0.56 0.52 0.46
0.56 0.38 0.39 0.73
0.60 0.97 0.84 0.02
0.63 0.89 0.18 0.56
0.95 0.84 0.01 0.71
0.18 0.52 0.51 0.78
0.89 0.58 0.66 0.12
0.16 0.76 0.51 0.57
0.64 0.18 0.52 0.90
0.91 0.09 0.65 0.47
0.98 0.72 0.96 0.02
0.57 0.13 0.74 0.54
0.91 0.15 0.99 0.33
0.92 0.52 0.99 0.05
0.57 0.81 0.37 0.60
0.59 0.94 0.17 0.59
0.12 0.53 0.52 0.61
0.72 0.66 0.32 0.37
0.04 0.60 0.53 0.77
0.71 0.71 0.73 0.15
0.68 0.80 0.64 0.07
0.54 0.91 0.02 0.66
0.51 0.72 0.31 0.54
0.63 0.65 0.22 0.69
0.81 0.75 0.12 0.18
0.98 0.19 0.59 0.51
0.73 0.94 0.11 0.57
0.70 0.42 0.17 0.54
0.69 0.56 0.55 0.23
0.25 0.93 0.53 0.49
0.76 0.78 0.04 0.39
0.29 0.39 0.85 0.56
0.58 0.80 0.89 0.07
0.71 0.60 0.84 0.14
0.59 0.52 0.51 0.53
0.61 0.52 0.73 0.03
0.56 0.67 0.51 0.56
0.10 0.63 0.72 0.52
0.53 0.58 0.40 0.51
0.66 0.55 0.69 0.02
0.54 0.64 0.01 0.73
0.94 0.52 0.02 0.73
0.77 0.69 1.00 0.01
0.04 0.58 0.78 0.59
0.18 0.51 0.86 0.93
0.77 0.66 0.58 0.09
0.88 0.73 0.55 0.15
0.55 0.82 0.75 0.12
0.77 0.13 0.76 0.53
0.91 0.27 0.89 0.14
0.83 0.60 0.63 0.17
0.69 0.73 0.20 0.56
0.60 0.82 0.65 0.16
0.79 0.77 0.13 0.53
0.89 0.84 0.27 0.08
0.65 0.11 0.59 0.52
0.59 0.65 0.01 0.36
0.69 0.62 0.02 0.71
0.54 0.01 0.75 0.66
0.55 0.64 0.34 0.32
0.22 0.16 0.66 0.51
0.51 0.53 0.60 0.36
0.88 0.59 0.64 0.07
0.51 0.85 0.05 0.83
0.38 0.93 0.83 0.10
0.60 0.07 0.78 0.54
0.52 0.77 0.95 0.13
0.01 0.33 0.46 0.88
0.77 0.75 0.55 0.05
0.41 0.72 0.75 0.46
0.52 0.84 0.92 0.12
0.48 0.76 0.68 0.44
0.62 0.58 0.03 0.64
0.90 0.82 0.92 0.01
0.51 0.91 0.07 0.59
0.85 0.09 0.56 0.71
0.54 0.95 0.76 0.13
0.04 0.84 0.55 0.71
0.98 0.44 0.38 0.51
0.66 0.78 0.54 0.10
0.99 0.51 0.04 0.55
0.49 0.61 0.24 0.52
0.70 0.59 0.08 0.57
0.70 0.56 0.51 0.51
0.69 0.33 0.24 0.60
0.53 0.65 0.68 0.17
1.00 0.52 0.64 0.01
0.91 0.76 0.64 0.01
0.77 0.10 0.58 0.56
0.76 0.07 0.98 0.53
0.06 0.21 0.67 0.71
0.51 0.58 0.52 0.23
0.30 0.98 0.65 0.07
0.10 0.57 0.64 0.70
0.66 0.53 0.53 0.36
0.56 0.78 0.92 0.07
0.04 0.98 0.71 0.51
0.57 0.99 0.95 0.04
0.45 0.60 0.66 0.50
0.74 0.03 0.26 0.82
0.61 0.03 0.58 0.62
0.07 0.53 0.59 0.51
0.29 0.53 0.51 0.54
0.61 0.59 0.67 0.08
0.02 0.94 0.51 0.87
0.88 0.05 0.89 0.52
0.02 0.70 0.78 0.62
0.56 0.74 0.04 0.36
0.55 0.30 0.51 0.70
0.24 0.52 0.63 0.68
0.45 0.12 0.56 0.72
0.51 0.60 0.08 0.73
0.88 0.20 0.72 0.47
0.86 0.01 0.93 0.56
0.48 0.60 0.16 0.69
0.56 0.55 0.10 0.55
0.66 0.55 0.13 0.39
0.83 0.62 0.10 0.51
0.60 0.17 0.52 0.74
0.51 0.91 0.79 0.03
0.57 0.01 0.59 0.74
0.65 0.85 0.82 0.01
0.29 0.60 0.54 0.51
0.81 0.52 0.55 0.15
0.19 0.59 0.36 0.56
0.52 0.80 0.44 0.51
0.54 0.53 0.90 0.09
0.89 0.13 0.59 0.28
0.02 0.54 0.58 0.75
0.55 0.93 0.54 0.13
0.52 0.02 0.54 0.75
0.61 0.24 0.05 0.17
0.98 0.57 0.04 0.53
0.52 0.86 0.05 0.61
0.54 0.77 0.69 0.03
0.52 0.51 0.57 0.57
0.52 0.13 0.78 0.58
0.59 0.56 0.58 0.01
0.57 0.29 0.52 0.66
0.68 0.04 0.95 0.61
0.77 0.13 0.75 0.15
0.82 0.57 0.51 0.02
0.53 0.75 0.04 0.75
0.33 0.01 0.96 0.91
0.12 0.58 0.52 0.54
0.38 0.05 0.60 0.58
0.17 0.55 0.56 0.57
0.66 0.52 0.58 0.11
0.01 0.77 0.68 0.55
0.28 0.83 0.71 0.25
0.17 0.94 0.76 0.30
0.47 0.57 0.15 0.71
0.98 0.10 0.55 0.13
0.62 0.87 0.16 0.03
0.52 0.51 0.59 0.52
0.53 0.53 0.77 0.21
0.71 0.01 0.10 0.69
0.66 0.53 0.60 0.05
0.51 0.81 0.02 0.79
0.67 0.58 0.02 0.83
0.51 0.75 0.51 0.34
0.54 0.18 0.09 0.97
0.57 0.35 0.57 0.54
0.19 0.75 0.23 0.56
0.11 0.04 0.73 0.97
0.54 0.40 0.35 0.68
0.05 0.99 0.51 0.74
0.49 0.56 0.72 0.16
0.55 0.58 0.34 0.57
0.53 0.57 0.26 0.51
0.31 0.98 0.02 0.57
0.22 0.68 0.51 0.53
0.06 0.62 0.73 0.62
0.22 0.69 0.59 0.47
0.58 0.18 0.51 0.56
0.59 0.03 0.62 0.56
0.70 0.05 0.82 0.55
0.84 0.02 0.80 0.55
0.10 0.52 0.44 0.67
0.51 0.52 0.49 0.66
0.30 0.99 0.17 0.65
0.51 0.51 0.51 0.68
0.09 0.60 0.33 0.96
0.51 0.60 0.24 0.68
0.51 0.02 0.09 0.57
0.05 0.51 0.99 0.76
0.25 0.08 0.73 0.54
0.99 0.52 0.70 0.06
0.99 0.63 0.01 0.75
0.78 0.96 0.02 0.04
0.78 0.04 0.57 0.51
0.84 0.01 0.70 0.64
0.58 0.87 0.03 0.68
0.53 0.68 0.01 0.25
0.89 1.00 0.32 0.01
0.27 0.06 0.89 0.78
0.23 0.95 0.08 0.95
0.64 0.67 0.51 0.06
0.95 0.72 0.41 0.08
0.74 0.14 0.07 0.79
0.65 0.10 0.96 0.51
0.63 0.58 0.01 0.48
0.08 0.43 0.55 0.64
0.52 0.57 0.61 0.12
0.59 0.72 0.51 0.12
0.76 0.51 0.85 0.02
0.54 0.58 0.04 0.70
0.58 0.53 0.53 0.51
0.76 0.77 0.53 0.01
0.55 0.56 0.01 0.98
0.51 0.65 0.22 0.56
0.05 1.00 0.30 0.64
0.16 0.78 0.76 0.47
0.15 0.68 0.08 0.55
0.58 0.95 0.81 0.02
0.65 0.24 0.84 0.13
0.51 0.88 0.89 0.15
0.33 0.82 0.02 0.80
0.06 0.59 0.53 0.77
0.84 0.37 0.61 0.07
0.10 0.94 0.67 0.24
0.07 0.49 0.57 0.85
0.51 0.54 0.58 0.48
0.22 0.36 0.65 0.68
0.20 0.79 0.57 0.13
0.54 0.37 0.58 0.55
0.05 0.96 0.71 0.54
0.65 0.05 0.61 0.05
0.13 0.94 0.55 0.37
0.18 0.09 0.51 0.75
0.04 0.21 0.90 0.78
0.20 0.53 0.20 0.52
0.25 0.59 0.03 0.83
0.51 0.79 0.04 0.69
0.01 0.53 0.57 0.66
0.10 0.78 0.11 0.55
0.69 0.14 0.56 0.45
0.05 0.97 0.19 0.98
0.65 0.06 0.57 0.56
0.05 0.61 0.51 0.05
0.62 0.69 0.54 0.02
0.07 0.89 0.76 0.03
0.52 0.52 0.57 0.12
0.05 0.01 0.64 0.65
0.52 0.57 0.56 0.27
0.90 0.01 1.00 0.53
0.54 0.41 0.35 0.52
0.17 0.60 0.51 0.63
0.68 0.26 0.70 0.02
0.05 0.83 0.33 0.74
0.53 0.34 0.71 0.38
0.56 0.73 0.53 0.02
0.03 0.92 0.80 0.16
0.16 0.51 0.77 0.54
0.19 0.15 0.80 0.55
0.52 0.13 0.74 0.53
0.94 0.23 0.42 0.53
0.37 0.56 0.90 0.32
0.01 0.60 0.79 0.51
0.55 0.25 0.53 0.55
0.83 0.18 0.80 0.02
0.03 0.62 0.55 0.84
0.29 0.18 0.60 0.69
0.53 0.22 0.58 0.29
0.89 0.13 0.55 0.52
0.52 0.54 0.53 0.34
0.86 0.03 0.04 0.81
0.07 0.79 0.38 0.61
0.79 0.67 0.50 0.07
0.51 0.56 0.68 0.28
0.60 0.20 0.61 0.53
0.48 0.55 0.54 0.51
0.53 0.54 0.43 0.51
0.52 0.81 0.05 0.63
0.54 0.16 0.79 0.19
0.05 0.51 0.61 0.73
0.52 0.72 0.07 0.62
0.56 0.87 0.87 0.01
0.15 0.03 0.24 0.62
0.72 0.56 0.01 0.79
0.12 0.51 0.54 0.85
0.09 0.57 0.45 0.59
0.11 0.90 0.95 0.02
0.51 0.51 0.61 0.56
0.46 0.24 0.59 0.54
0.53 0.14 0.84 0.46
0.03 0.23 0.75 0.67
0.39 0.75 0.84 0.01
0.51 0.55 0.06 0.79
0.57 0.65 0.09 0.56
0.51 0.06 0.59 0.55
1.00 0.55 0.51 0.06
0.02 0.54 0.68 0.11
0.69 0.09 0.98 0.04
0.23 0.97 0.54 0.02
0.52 0.64 0.48 0.11
0.21 0.10 0.72 0.60
0.57 0.66 0.19 0.10
0.13 0.54 0.31 0.58
0.70 0.04 0.52 0.54
0.52 0.57 0.45 0.35
0.05 0.94 0.02 0.70
0.81 0.85 0.50 0.06
0.73 0.52 0.02 0.78
0.86 0.33 0.59 0.14
0.58 0.59 0.28 0.39
0.09 0.46 0.37 0.52
0.01 0.94 0.99 0.39
0.13 0.06 0.18 0.66
0.55 0.05 0.89 0.47
0.52 0.87 0.66 0.02
0.52 0.86 0.01 0.95
0.51 0.42 0.78 0.11
0.61 0.29 0.55 0.10
0.06 0.57 0.78 0.09
0.51 0.52 0.06 0.55
0.67 0.01 0.53 0.95
0.86 0.18 0.13 0.27
0.55 0.53 0.04 1.00
0.16 0.02 0.59 0.95
0.04 0.86 0.65 0.58
0.01 0.86 0.66 0.28
0.04 0.86 0.52 0.82
0.86 0.01 0.62 0.63
0.56 0.58 0.06 0.51
0.60 0.94 0.07 0.06
0.82 0.51 0.02 0.58
0.52 0.08 0.84 0.45
0.57 0.10 0.56 0.53
0.04 0.91 0.56 0.55
0.55 0.60 0.53 0.20
0.26 0.83 0.82 0.04
