500 4
40 53 6 95
96 65 96 92
89 80 83 67
51 91 54 59
96 60 97 54
60 94 13 70
85 78 82 83
56 58 74 91
84 78 72 53
59 58 87 89
62 60 73 65
92 51 37 53
55 51 61 77
77 100 77 58
69 62 55 76
78 62 82 6
57 74 62 52
59 63 51 74
95 41 98 52
73 92 53 53
66 92 88 51
89 63 54 50
58 73 58 79
79 66 59 59
6 68 57 51
57 14 63 52
55 89 52 60
64 59 52 91
96 12 90 88
62 62 66 51
74 98 51 55
34 56 52 65
13 66 53 65
70 75 43 88
79 94 68 27
58 90 56 52
88 30 17 59
74 71 98 48
51 94 41 63
60 74 94 13
76 81 51 46
69 1 65 79
96 54 83 8
54 55 80 56
1 85 96 61
73 74 68 46
84 78 2 77
57 82 26 77
78 51 52 75
91 69 35 53
13 57 66 65
1 67 58 64
63 5 77 65
67 73 68 4
56 60 67 63
71 67 44 57
82 58 96 28
78 69 53 56
73 76 19 89
43 52 82 100
73 66 88 31
6 83 53 99
79 96 51 45
72 95 9 67
58 74 54 61
65 10 65 88
70 52 54 63
38 40 74 70
55 63 89 54
86 3 60 67
52 98 72 21
53 44 54 35
5 53 74 53
14 61 58 59
63 67 12 77
100 19 53 96
55 70 13 77
52 15 62 88
72 64 28 92
10 72 51 75
76 63 50 89
62 48 32 71
82 73 40 69
52 4 62 73
76 3 79 61
77 67 89 28
100 62 5 29
95 64 51 32
78 77 62 14
25 12 86 64
80 68 4 77
57 5 81 61
35 78 47 70
51 55 53 61
58 85 39 64
99 51 10 76
98 53 8 84
57 99 61 32
81 32 29 71
93 72 53 51
56 68 51 94
82 8 59 96
91 64 52 56
88 52 60 16
42 58 51 79
17 54 59 85
65 13 61 84
1 51 65 96
67 5 52 84
58 2 64 100
88 11 70 65
84 31 59 22
2 88 65 62
41 15 53 60
68 63 86 28
70 63 52 62
78 16 52 71
51 58 51 57
87 64 51 53
24 67 32 90
33 51 61 89
66 47 1 91
96 4 80 58
62 69 70 28
96 72 74 5
22 64 55 54
54 62 50 76
78 2 89 69
83 56 51 53
63 75 51 12
17 52 51 97
52 68 48 51
88 51 77 10
25 59 67 60
63 60 27 70
57 51 56 25
9 62 61 72
79 72 37 54
55 54 14 87
1 61 69 95
51 61 52 24
66 47 52 83
77 82 29 52
40 93 54 59
42 51 51 93
93 70 60 10
65 50 4 59
53 60 46 94
61 66 5 70
68 26 51 65
59 60 53 55
93 100 3 53
62 98 77 11
90 89 12 55
60 1 84 72
35 1 93 65
74 70 32 51
55 16 77 20
53 66 3 97
85 56 29 58
89 97 1 80
71 3 68 57
23 51 10 75
77 12 64 67
97 77 19 30
90 60 52 24
81 92 18 51
52 56 93 36
72 56 52 46
56 38 39 73
60 97 84 2
63 89 18 56
95 84 1 71
18 52 51 78
89 58 66 12
16 76 51 57
64 18 52 90
91 9 65 47
98 72 96 2
57 13 74 54
91 15 99 33
92 52 99 5
57 81 37 60
59 94 17 59
12 53 52 61
72 66 32 37
4 60 53 77
71 71 73 15
68 80 64 7
54 91 2 66
51 72 31 54
63 65 22 69
81 75 12 18
98 19 59 51
73 94 11 57
70 42 17 54
69 56 55 23
25 93 53 49
76 78 4 39
29 39 85 56
58 80 89 7
71 60 84 14
59 52 51 53
61 52 73 3
56 67 51 56
10 63 72 52
53 58 40 51
66 55 69 2
54 64 1 73
94 52 2 73
77 69 100 1
4 58 78 59
18 51 86 93
77 66 58 9
88 73 55 15
55 82 75 12
77 13 76 53
91 27 89 14
83 60 63 17
69 73 20 56
60 82 65 16
79 77 13 53
89 84 27 8
65 11 59 52
59 65 1 36
69 62 2 71
54 1 75 66
55 64 34 32
22 16 66 51
51 53 60 36
88 59 64 7
51 85 5 83
38 93 83 10
60 7 78 54
52 77 95 13
1 33 46 88
77 75 55 5
41 72 75 46
52 84 92 12
48 76 68 44
62 58 3 64
90 82 92 1
51 91 7 59
85 9 56 71
54 95 76 13
4 84 55 71
98 44 38 51
66 78 54 10
99 51 4 55
49 61 24 52
70 59 8 57
70 56 51 51
69 33 24 60
53 65 68 17
100 52 64 1
91 76 64 1
77 10 58 56
76 7 98 53
6 21 67 71
51 58 52 23
30 98 65 7
10 57 64 70
66 53 53 36
56 78 92 7
4 98 71 51
57 99 95 4
45 60 66 50
74 3 26 82
61 3 58 62
7 53 59 51
29 53 51 54
61 59 67 8
2 94 51 87
88 5 89 52
2 70 78 62
56 74 4 36
55 30 51 70
24 52 63 68
45 12 56 72
51 60 8 73
88 20 72 47
86 1 93 56
48 60 16 69
56 55 10 55
66 55 13 39
83 62 10 51
60 17 52 74
51 91 79 3
57 1 59 74
65 85 82 1
29 60 54 51
81 52 55 15
19 59 36 56
52 80 44 51
54 53 90 9
89 13 59 28
2 54 58 75
55 93 54 13
52 2 54 75
61 24 5 17
98 57 4 53
52 86 5 61
54 77 69 3
52 51 57 57
52 13 78 58
59 56 58 1
57 29 52 66
68 4 95 61
77 13 75 15
82 57 51 2
53 75 4 75
33 1 96 91
12 58 52 54
38 5 60 58
17 55 56 57
66 52 58 11
1 77 68 55
28 83 71 25
17 94 76 30
47 57 15 71
98 10 55 13
62 87 16 3
52 51 59 52
53 53 77 21
71 1 10 69
66 53 60 5
51 81 2 79
67 58 2 83
51 75 51 34
54 18 9 97
57 35 57 54
19 75 23 56
11 4 73 97
54 40 35 68
5 99 51 74
49 56 72 16
55 58 34 57
53 57 26 51
31 98 2 57
22 68 51 53
6 62 73 62
22 69 59 47
58 18 51 56
59 3 62 56
70 5 82 55
84 2 80 55
10 52 44 67
51 52 49 66
30 99 17 65
51 51 51 68
9 60 33 96
51 60 24 68
51 2 9 57
5 51 99 76
25 8 73 54
99 52 70 6
99 63 1 75
78 96 2 4
78 4 57 51
84 1 70 64
58 87 3 68
53 68 1 25
89 100 32 1
27 6 89 78
23 95 8 95
64 67 51 6
95 72 41 8
74 14 7 79
65 10 96 51
63 58 1 48
8 43 55 64
52 57 61 12
59 72 51 12
76 51 85 2
54 58 4 70
58 53 53 51
76 77 53 1
55 56 1 98
51 65 22 56
5 100 30 64
16 78 76 47
15 68 8 55
58 95 81 2
65 24 84 13
51 88 89 15
33 82 2 80
6 59 53 77
84 37 61 7
10 94 67 24
7 49 57 85
51 54 58 48
22 36 65 68
20 79 57 13
54 37 58 55
5 96 71 54
65 5 61 5
13 94 55 37
18 9 51 75
4 21 90 78
20 53 20 52
25 59 3 83
51 79 4 69
1 53 57 66
10 78 11 55
69 14 56 45
5 97 19 98
65 6 57 56
5 61 51 5
62 69 54 2
7 89 76 3
52 52 57 12
5 1 64 65
52 57 56 27
90 1 100 53
54 41 35 52
17 60 51 63
68 26 70 2
5 83 33 74
53 34 71 38
56 73 53 2
3 92 80 16
16 51 77 54
19 15 80 55
52 13 74 53
94 23 42 53
37 56 90 32
1 60 79 51
55 25 53 55
83 18 80 2
3 62 55 84
29 18 60 69
53 22 58 29
89 13 55 52
52 54 53 34
86 3 4 81
7 79 38 61
79 67 50 7
51 56 68 28
60 20 61 53
48 55 54 51
53 54 43 51
52 81 5 63
54 16 79 19
5 51 61 73
52 72 7 62
56 87 87 1
15 3 24 62
72 56 1 79
12 51 54 85
9 57 45 59
11 90 95 2
51 51 61 56
46 24 59 54
53 14 84 46
3 23 75 67
39 75 84 1
51 55 6 79
57 65 9 56
51 6 59 55
100 55 51 6
2 54 68 11
69 9 98 4
23 97 54 2
52 64 48 11
21 10 72 60
57 66 19 10
13 54 31 58
70 4 52 54
52 57 45 35
5 94 2 70
81 85 50 6
73 52 2 78
86 33 59 14
58 59 28 39
9 46 37 52
1 94 99 39
13 6 18 66
55 5 89 47
52 87 66 2
52 86 1 95
51 42 78 11
61 29 55 10
6 57 78 9
51 52 6 55
67 1 53 95
86 18 13 27
55 53 4 100
16 2 59 95
4 86 65 58
1 86 66 28
4 86 52 82
86 1 62 63
56 58 6 51
60 94 7 6
82 51 2 58
52 8 84 45
57 10 56 53
4 91 56 55
55 60 53 20
26 83 82 4
