500 4
0.54 0.48 0.75 0.74
0.72 0.92 0.90 0.59
0.90 0.51 0.34 0.70
0.69 0.74 0.73 0.57
0.63 0.52 0.97 0.51
0.23 0.64 0.01 0.82
0.13 0.93 0.83 0.66
0.99 0.90 0.53 0.69
0.82 0.96 0.48 0.65
0.69 0.51 0.84 0.56
0.64 0.48 0.78 0.26
0.60 0.60 0.86 0.52
0.59 0.35 0.68 1.00
0.63 0.61 0.53 0.66
0.58 0.59 0.58 0.64
0.37 0.53 0.90 0.75
0.33 0.56 0.95 0.45
0.28 0.56 0.98 0.66
0.83 0.54 0.76 0.66
0.47 0.65 0.65 0.78
0.60 0.61 0.54 0.60
0.87 0.47 0.68 0.77
0.58 0.87 0.55 0.57
0.54 0.85 0.71 0.74
0.08 0.57 0.82 0.45
0.58 0.65 0.66 0.59
0.59 0.76 0.71 0.53
0.62 0.86 0.51 0.74
0.67 0.59 0.65 0.59
0.15 0.59 0.62 0.57
0.05 0.61 0.70 0.97
0.83 0.22 0.72 0.89
0.54 0.71 0.59 0.52
0.72 0.52 0.53 0.59
0.60 0.52 0.60 0.74
0.93 1.00 0.69 0.28
0.53 0.52 0.90 1.00
0.72 0.58 0.69 0.53
0.92 0.79 0.73 0.33
0.79 0.01 0.83 0.83
0.92 0.35 0.08 0.57
0.99 0.07 0.65 0.67
0.81 0.54 0.63 0.57
0.72 0.08 0.76 0.53
1.00 0.54 0.66 0.18
0.54 0.60 0.51 0.71
0.38 0.55 0.75 0.86
0.53 0.36 0.83 0.67
0.78 0.51 0.12 0.56
0.89 0.59 0.70 0.37
0.09 0.60 0.69 0.93
0.55 0.58 0.68 0.51
0.57 0.59 0.20 0.64
0.68 0.70 0.58 0.08
0.66 0.56 0.58 0.56
0.69 0.28 1.00 0.58
0.56 0.54 0.81 0.64
0.59 0.22 0.72 0.78
0.57 0.25 0.80 0.69
0.18 0.87 0.56 0.88
0.60 0.54 0.77 0.55
0.78 0.76 0.88 0.04
0.72 0.66 0.43 0.63
0.73 1.00 0.24 0.53
0.04 0.62 0.75 0.65
0.98 0.11 0.69 0.12
0.64 0.92 0.51 0.43
0.78 0.63 0.65 0.55
0.90 0.78 0.06 0.49
0.78 0.47 0.62 0.67
0.58 0.57 0.97 0.09
0.58 0.64 0.87 0.28
0.93 0.96 0.01 0.57
0.62 0.60 0.54 0.53
0.79 0.41 0.22 0.74
0.86 0.24 0.62 0.66
0.79 0.90 0.70 0.01
0.73 0.60 0.69 0.10
0.58 0.52 0.61 0.85
0.74 0.31 0.68 0.55
0.70 0.54 0.60 0.19
0.53 0.58 0.78 0.61
0.03 0.63 0.81 0.60
0.74 0.59 0.87 0.14
0.64 0.07 0.68 0.71
0.56 0.64 0.55 0.67
0.63 0.53 0.66 0.59
0.17 0.54 0.75 0.83
0.67 0.53 0.52 0.74
0.56 0.77 0.86 0.37
0.24 0.77 0.57 0.51
0.88 0.53 0.59 0.55
0.52 0.52 0.05 0.66
0.65 0.99 1.00 0.02
0.99 0.51 0.62 0.54
0.51 0.71 0.52 0.65
0.65 0.51 0.65 0.99
0.86 0.84 0.51 0.51
0.20 0.78 0.60 0.14
0.65 0.88 0.75 0.13
0.53 0.35 0.78 0.52
0.55 0.79 0.85 0.11
0.74 0.68 0.05 0.63
0.54 0.76 0.12 0.64
0.62 0.18 0.97 0.52
0.62 0.51 0.57 0.61
0.66 0.19 0.69 0.52
0.81 0.63 0.54 0.18
0.01 0.86 0.90 0.54
0.75 0.46 0.60 0.99
0.51 0.61 0.59 0.80
0.90 0.95 0.53 0.26
0.86 0.59 0.34 0.54
0.38 0.55 0.16 0.59
0.86 0.56 0.57 0.55
0.59 0.11 0.57 0.61
0.81 0.55 0.71 0.14
0.16 0.69 0.56 0.92
0.94 0.84 0.01 0.72
0.68 0.26 0.12 0.82
0.60 0.60 0.65 0.50
0.01 0.57 0.56 0.95
0.05 0.92 0.68 0.78
0.98 0.03 0.14 0.80
0.11 0.51 0.62 0.72
0.59 0.79 0.73 0.05
0.11 0.87 0.52 0.63
0.71 0.56 0.52 0.54
0.51 0.04 0.98 0.78
0.59 0.66 0.82 0.16
0.54 0.29 0.71 0.71
0.55 0.62 0.35 0.09
0.44 1.00 0.57 0.43
0.53 0.74 0.97 0.20
0.57 0.52 0.59 0.60
0.55 0.60 0.94 0.08
0.55 0.52 0.79 0.12
0.80 0.67 0.55 0.07
0.75 0.63 0.05 0.64
0.20 0.64 0.52 0.62
0.59 0.61 0.54 0.57
0.07 0.27 0.97 0.96
0.52 0.32 0.82 0.79
0.06 0.89 0.60 0.65
0.53 0.70 0.77 0.51
0.02 0.68 0.84 0.75
0.63 0.95 0.24 0.48
0.01 0.97 0.58 0.52
0.57 0.52 0.68 0.59
0.52 0.54 0.75 0.25
0.59 0.54 0.06 0.62
0.65 0.41 0.53 0.06
0.32 0.34 0.52 0.71
0.15 0.59 0.52 0.79
0.60 0.51 0.47 0.98
0.09 0.71 0.98 0.22
0.33 0.87 0.54 0.55
0.70 0.03 0.62 0.53
0.04 0.55 0.99 0.94
0.31 0.54 0.59 0.71
0.02 0.73 0.55 0.95
0.54 0.37 0.54 0.65
0.90 0.67 0.03 0.73
0.61 0.07 0.88 0.52
0.60 0.53 0.78 0.39
0.41 0.67 0.11 0.76
0.78 0.89 0.59 0.04
0.73 0.01 0.71 0.93
0.21 0.18 0.62 0.64
0.26 0.51 0.54 0.60
0.81 0.55 0.52 0.52
0.14 0.86 0.55 0.79
0.98 0.81 0.02 0.62
0.69 0.22 0.15 0.91
0.03 0.22 0.75 0.85
0.61 0.58 0.66 0.55
0.60 0.64 0.71 0.04
0.04 0.78 0.63 0.90
0.70 0.51 0.05 0.54
0.62 0.57 0.60 0.52
0.89 0.17 0.55 0.95
0.84 0.88 0.28 0.53
0.73 0.97 0.79 0.03
0.86 0.01 0.86 0.53
0.44 0.53 0.78 0.54
0.64 0.31 0.04 0.73
0.71 0.96 0.20 0.53
0.92 0.08 0.67 0.07
0.05 0.61 0.96 0.80
0.66 0.84 0.31 0.53
0.51 0.82 0.54 0.57
0.64 0.06 0.44 0.60
0.11 0.65 0.24 0.78
0.60 0.50 0.58 0.60
0.23 0.54 0.93 0.62
0.59 0.31 0.55 0.61
0.09 0.01 0.92 0.80
0.21 0.95 0.02 0.93
0.24 0.56 0.85 0.41
0.10 0.95 0.52 0.56
0.29 0.60 0.52 0.77
0.51 0.31 0.51 0.51
0.79 0.05 0.54 0.73
0.53 0.80 0.62 0.04
0.10 0.21 0.90 0.74
0.71 0.12 0.07 0.67
0.58 0.10 0.94 0.55
0.15 0.79 0.15 0.77
0.61 0.55 0.73 0.35
0.07 0.64 0.66 0.59
0.63 0.21 0.66 0.04
0.94 0.01 0.81 0.91
0.68 0.04 0.89 0.85
0.75 0.88 0.12 0.53
0.61 0.11 0.53 0.80
0.55 0.29 0.59 0.88
0.67 0.81 0.33 0.58
0.85 0.80 0.77 0.01
0.92 0.74 0.02 0.66
0.35 0.10 0.24 0.55
0.17 0.74 0.60 0.72
0.34 0.61 0.86 0.08
0.79 0.59 0.99 0.01
0.13 0.54 0.94 0.63
0.77 0.56 0.51 0.17
0.86 0.83 0.56 0.04
0.84 0.12 0.02 0.76
0.77 0.11 0.21 0.58
0.87 0.79 0.03 0.59
0.52 0.71 0.04 0.55
0.68 0.03 0.80 0.51
0.87 0.53 0.70 0.01
0.51 0.60 0.97 0.34
0.68 0.05 0.71 0.83
0.82 0.84 0.11 0.52
0.68 0.68 0.01 0.70
0.02 0.43 0.99 0.80
0.57 0.02 0.83 0.18
0.62 0.03 0.57 0.63
0.13 0.62 0.55 0.87
0.53 0.56 0.73 0.40
0.56 0.73 1.00 0.05
0.03 0.72 0.79 0.53
0.01 0.41 0.98 0.89
0.53 0.61 0.74 0.07
0.71 0.02 0.29 0.64
0.63 1.00 0.83 0.01
0.58 0.36 0.15 0.81
0.14 0.53 0.63 0.66
0.34 0.91 0.52 0.60
0.55 0.86 0.08 0.09
0.51 0.54 0.86 0.26
0.86 0.52 0.55 0.04
0.40 0.73 0.64 0.52
0.01 0.68 0.40 0.68
0.58 0.59 0.01 0.77
0.63 0.53 0.63 0.11
0.94 0.86 0.07 0.30
0.47 0.63 0.04 0.92
0.03 0.52 0.95 0.64
0.03 0.51 0.50 0.90
0.49 0.56 0.83 0.03
0.01 0.67 0.54 0.92
0.53 0.65 0.53 0.25
0.85 0.59 0.26 0.53
0.61 0.71 0.02 0.58
0.34 0.53 1.00 0.56
0.77 0.90 0.55 0.01
0.60 0.52 0.61 0.08
0.59 0.62 0.01 0.64
0.63 0.20 0.67 0.18
0.03 0.70 0.98 0.59
0.02 0.58 0.89 0.76
0.90 0.16 0.53 0.52
0.43 0.03 0.71 0.63
0.61 0.83 0.56 0.02
0.33 0.67 0.23 0.54
0.25 0.54 0.46 0.95
0.22 0.59 0.59 0.59
0.57 0.93 0.63 0.01
0.51 0.93 0.42 0.52
0.57 0.51 0.85 0.08
0.97 0.54 0.03 0.57
0.01 0.73 0.93 0.61
0.96 0.58 0.38 0.05
0.13 0.05 0.95 0.55
0.75 0.12 0.71 0.16
0.52 0.04 0.59 0.94
0.75 0.60 0.52 0.07
0.19 0.04 0.69 0.76
0.03 0.32 0.92 0.84
0.76 0.80 0.70 0.03
0.04 0.67 0.59 0.82
0.87 0.03 0.55 0.58
0.18 0.57 0.28 0.52
0.81 0.60 0.90 0.02
0.82 0.57 0.03 0.79
0.57 0.79 0.08 0.11
0.78 0.08 0.52 0.57
0.53 0.59 0.67 0.42
0.41 0.55 0.80 0.08
0.94 0.77 0.27 0.51
0.53 0.65 0.05 0.55
0.90 0.57 0.26 0.51
0.28 0.84 0.27 0.54
0.61 0.59 0.57 0.10
0.61 0.61 0.31 0.46
0.49 0.76 0.70 0.43
0.54 0.56 0.65 0.26
0.80 0.03 0.52 0.61
0.64 0.53 0.55 0.44
0.61 0.51 0.60 0.45
0.54 0.60 0.06 0.08
0.02 0.65 0.86 0.79
0.52 0.05 0.69 0.51
0.16 0.94 0.84 0.19
0.07 0.01 0.72 0.91
0.52 0.94 0.53 0.43
0.64 0.56 0.51 0.18
0.54 0.92 0.04 0.52
0.52 0.03 0.70 0.94
0.24 0.52 0.58 0.73
0.57 0.44 0.22 0.97
0.53 0.20 0.77 0.41
0.61 0.70 0.52 0.05
0.13 0.63 0.61 0.15
0.51 0.23 0.98 0.51
0.65 0.10 0.69 0.13
0.05 0.65 0.92 0.33
0.04 0.60 0.57 0.69
0.47 0.58 0.11 0.64
0.93 0.01 0.85 0.51
0.69 0.33 0.14 0.60
0.10 0.54 0.68 0.65
0.71 0.24 0.53 0.54
0.22 0.55 0.75 0.56
0.51 0.56 0.71 0.33
0.51 0.54 0.82 0.03
0.84 0.14 0.56 0.14
0.30 0.63 0.90 0.08
0.03 0.63 0.79 0.74
1.00 0.01 0.77 0.82
0.93 0.70 0.53 0.03
0.85 0.53 0.24 0.35
0.51 0.86 0.11 0.62
0.09 0.75 0.64 0.67
0.62 0.07 0.53 0.53
0.57 0.21 0.51 0.47
0.89 0.06 0.65 0.52
0.54 0.58 0.55 0.03
0.59 0.52 0.62 0.34
0.33 0.13 0.57 0.75
0.05 0.68 0.69 0.52
0.07 0.57 0.73 0.62
0.07 0.43 0.75 0.75
0.01 0.59 0.55 0.51
0.52 0.70 0.60 0.42
0.60 0.02 0.66 0.85
0.19 0.18 0.92 0.74
0.82 0.01 0.50 0.85
0.53 0.63 0.03 0.86
0.18 0.42 0.75 0.84
0.84 0.53 0.09 0.51
0.32 0.59 0.23 0.53
0.54 0.03 0.84 0.52
0.03 0.87 0.85 0.37
0.87 0.64 0.29 0.05
0.82 0.63 0.70 0.01
0.53 0.59 0.10 0.52
0.92 0.97 0.01 0.39
0.16 0.74 0.58 0.14
0.86 0.05 0.56 0.53
0.48 0.99 0.78 0.03
0.02 0.58 0.76 0.72
0.01 0.52 0.75 0.63
0.13 0.52 0.51 0.81
0.55 0.91 0.21 0.02
0.77 0.05 0.13 0.92
0.27 0.84 0.28 0.40
0.67 0.52 0.69 0.02
0.11 0.57 0.61 0.86
0.94 0.53 0.60 0.03
0.02 0.51 0.69 0.73
0.75 0.40 0.02 0.66
0.68 0.04 0.56 0.75
0.26 0.84 0.31 0.50
0.11 0.84 0.64 0.45
0.33 0.28 0.32 0.97
0.18 0.08 0.64 0.55
0.90 0.58 0.21 0.14
0.45 0.79 0.05 0.65
0.27 0.43 0.57 0.51
0.62 0.33 0.56 0.41
0.09 0.51 0.65 0.67
0.78 0.08 0.13 0.63
0.11 0.71 0.23 0.59
0.56 0.03 0.52 0.66
0.56 0.51 0.04 0.88
0.55 0.56 0.60 0.06
0.59 0.50 0.22 0.58
0.96 0.02 0.80 0.13
0.74 0.90 0.53 0.02
0.38 0.53 0.14 0.74
0.76 0.60 0.58 0.02
0.43 0.86 0.06 0.55
0.19 0.80 0.70 0.03
0.72 0.60 0.04 0.63
0.10 0.60 0.05 0.79
0.90 0.05 0.51 0.57
0.53 0.56 0.63 0.24
0.38 0.76 0.04 0.38
0.89 0.17 0.39 0.51
0.63 0.52 0.51 0.20
0.02 0.16 0.82 1.00
0.75 0.11 0.65 0.11
0.32 0.66 0.07 0.69
0.75 0.02 0.11 0.64
0.16 0.09 0.52 0.82
0.56 0.45 0.16 0.74
0.06 0.64 0.46 0.99
0.24 0.26 0.77 0.02
0.32 0.61 0.12 0.54
0.51 0.77 0.05 0.16
0.51 0.68 0.41 0.28
0.56 0.39 0.69 0.30
0.54 0.05 0.61 0.51
0.13 0.10 0.68 0.88
0.79 0.01 0.86 0.54
0.64 0.06 0.55 0.37
0.94 0.58 0.01 0.80
0.26 0.55 0.61 0.56
0.55 0.02 0.24 0.99
0.87 0.48 0.03 0.51
0.83 0.50 0.17 0.15
0.71 0.61 0.57 0.02
0.62 0.21 0.80 0.27
0.61 0.49 0.52 0.05
0.55 0.29 0.56 0.51
0.78 0.16 0.53 0.51
0.65 0.02 0.67 0.82
0.01 0.57 0.65 0.66
0.34 0.11 0.08 0.72
0.64 0.01 0.64 0.98
0.03 0.73 0.79 0.17
0.14 0.51 0.64 0.54
0.66 0.04 0.54 0.59
0.53 0.58 0.33 0.19
0.61 0.51 0.51 0.26
0.10 0.84 0.87 0.08
1.00 0.05 0.82 0.02
0.71 0.52 0.13 0.53
0.04 0.72 0.51 0.58
0.02 0.56 0.78 0.60
0.97 0.63 0.31 0.05
0.12 0.51 0.53 0.73
0.02 0.56 0.61 0.57
0.02 0.54 0.49 0.77
0.53 0.19 0.72 0.09
0.15 0.51 0.52 0.81
0.52 0.02 0.91 0.88
0.51 0.57 0.12 0.55
0.85 0.71 0.31 0.07
0.09 0.55 0.10 0.75
0.56 0.45 0.23 0.60
0.60 0.23 0.61 0.01
0.52 0.87 0.54 0.04
0.91 0.51 0.55 0.04
0.55 0.01 0.70 0.13
0.62 0.58 0.03 0.90
0.51 0.07 0.87 0.33
0.08 0.85 0.47 0.62
0.58 0.66 0.54 0.04
0.10 0.54 0.51 0.75
0.56 0.53 0.97 0.01
0.87 0.03 0.52 0.60
0.14 0.52 0.63 0.70
0.32 0.84 0.67 0.07
0.01 0.79 0.81 0.30
0.56 0.54 0.02 0.60
0.52 0.94 0.59 0.03
0.04 0.55 0.81 0.62
0.65 0.52 0.29 0.54
0.54 0.52 0.64 0.05
0.60 0.51 0.28 0.54
0.85 0.51 0.21 0.13
0.20 0.43 0.54 0.64
0.53 0.95 0.51 0.14
0.55 0.52 0.59 0.03
0.27 0.77 0.55 0.01
0.04 0.88 0.02 0.64
0.37 0.52 0.74 0.20
0.06 0.37 0.93 0.74
0.69 0.02 0.54 0.76
0.87 0.03 0.57 0.41
0.34 0.03 0.68 0.82
0.79 0.76 0.57 0.01
0.24 0.55 0.59 0.60
0.95 0.64 0.56 0.02
0.93 0.02 0.64 0.58
0.74 0.57 0.25 0.49
