500 4
96 16 43 61
82 93 63 79
67 69 71 71
59 97 91 86
66 80 74 55
56 95 66 77
51 84 78 61
63 51 63 86
61 79 92 51
66 66 89 85
65 65 53 59
86 59 59 73
56 68 63 80
58 52 57 78
72 75 69 57
93 58 51 52
82 58 97 72
52 88 45 63
75 23 74 53
58 51 82 54
74 61 6 71
73 58 56 86
7 85 13 71
54 54 80 63
77 84 61 16
82 55 54 84
68 79 9 53
55 86 95 52
52 66 65 92
61 38 83 81
67 85 37 67
67 60 50 79
28 85 86 55
67 24 85 73
30 79 95 75
95 29 21 70
52 62 86 66
58 57 72 64
54 96 98 42
52 88 53 41
12 83 57 77
68 52 81 68
83 74 52 60
23 79 75 63
65 68 36 69
75 54 55 54
51 60 74 80
59 66 64 62
80 92 7 56
74 58 66 76
47 58 79 77
70 74 73 51
34 81 61 99
52 64 69 68
53 73 82 63
84 62 65 6
63 71 56 71
97 57 65 52
70 78 56 51
57 58 73 56
73 81 61 41
57 41 55 98
55 93 65 39
99 19 89 52
64 55 51 99
81 57 17 72
63 68 57 77
79 53 83 28
5 62 76 64
82 88 97 8
66 83 77 2
51 67 65 63
89 79 55 52
88 68 55 25
71 52 61 56
62 70 61 58
11 59 85 59
37 60 36 88
56 53 73 53
94 54 66 53
60 86 57 53
53 57 52 56
70 52 58 76
71 81 57 27
79 83 76 13
62 56 70 62
56 51 6 52
84 80 53 17
55 51 53 57
51 52 66 54
52 61 54 64
52 17 89 99
100 1 87 83
28 67 58 84
62 82 75 13
8 92 5 91
53 85 57 52
85 13 85 77
51 62 72 52
87 6 62 51
58 48 65 65
57 28 98 8
43 54 87 88
54 77 83 37
30 77 56 77
87 39 90 47
50 57 65 94
55 51 95 48
51 64 13 87
80 13 52 60
78 79 84 9
97 80 98 1
55 56 92 12
13 87 56 70
41 75 69 56
91 3 71 62
20 100 82 51
15 100 76 49
74 80 72 1
77 11 37 86
76 15 84 64
64 80 71 47
94 53 81 22
77 4 73 53
61 65 90 39
47 54 20 97
51 56 61 68
56 48 52 68
54 14 94 74
61 99 67 23
71 72 83 41
51 31 82 75
59 89 5 59
66 60 82 4
16 93 81 58
3 69 68 82
57 74 84 40
82 75 52 51
70 25 77 61
24 58 92 82
51 76 14 81
52 26 83 67
65 22 67 84
58 94 4 91
16 68 62 81
52 84 90 31
55 79 4 71
52 62 52 51
58 20 54 64
36 82 81 61
52 51 52 75
27 76 38 64
80 88 4 58
72 52 62 20
65 76 16 47
79 96 71 1
54 51 65 65
60 55 90 10
45 55 52 92
66 73 76 49
40 71 67 57
54 59 10 87
35 93 51 35
37 58 52 99
51 89 61 55
83 66 52 6
4 57 75 23
53 51 99 53
59 14 100 58
21 75 58 53
79 85 54 39
52 81 72 30
51 60 31 83
7 52 87 62
95 34 79 49
59 53 51 51
89 9 87 10
91 53 87 7
27 66 62 54
15 79 56 62
71 71 2 57
57 77 84 14
100 45 30 61
56 85 86 8
55 93 55 22
95 39 14 63
66 95 71 19
40 61 69 65
62 49 96 28
64 70 55 18
34 61 58 89
81 51 5 62
90 3 72 77
73 22 88 20
55 59 88 18
71 21 67 61
39 59 68 71
55 51 19 75
95 38 68 26
69 57 73 5
53 16 77 53
52 56 99 42
57 50 60 62
93 78 28 29
84 52 100 7
35 60 54 95
68 59 51 35
71 37 56 62
52 56 62 53
54 51 21 72
60 54 4 92
15 79 54 88
8 63 56 60
95 96 54 3
32 93 30 61
12 52 82 61
99 83 62 5
1 39 64 52
51 63 53 56
42 69 48 64
69 6 69 60
56 60 55 23
51 77 18 38
78 95 69 3
51 60 61 65
49 14 99 54
73 47 51 60
14 54 58 63
35 87 5 89
52 63 4 72
51 82 2 69
44 71 53 54
88 95 44 36
53 1 36 54
8 4 96 90
62 53 68 20
87 57 61 20
56 53 60 51
52 56 56 65
66 70 1 59
54 56 93 51
51 61 56 68
70 16 92 8
12 54 52 76
29 71 53 47
51 61 100 21
6 35 86 62
70 64 1 91
83 88 21 13
54 56 51 3
52 11 84 88
51 1 70 63
76 69 99 2
16 73 51 59
83 70 87 2
51 66 40 51
71 44 58 52
25 73 56 28
88 54 79 11
76 22 32 83
93 51 62 5
89 53 4 90
59 52 82 41
90 36 17 96
96 4 62 51
18 55 57 75
72 52 29 25
51 62 56 58
52 97 15 11
77 62 1 73
75 53 85 6
43 95 53 10
72 10 61 26
100 23 17 98
8 2 55 62
59 13 98 53
42 67 52 60
33 51 54 73
33 18 60 55
52 58 84 8
91 45 75 8
90 52 60 1
59 1 63 28
63 30 59 15
56 53 84 10
23 53 63 54
51 60 57 59
9 72 59 52
13 71 24 97
53 85 53 34
10 69 49 60
62 31 34 67
99 91 46 1
3 91 54 99
60 7 21 62
50 37 63 54
24 70 67 31
58 46 74 40
68 52 94 5
13 24 83 52
68 43 56 53
24 76 14 6
34 60 70 51
83 56 4 62
98 51 59 7
51 58 57 52
69 99 5 54
78 50 23 61
54 59 32 60
5 60 63 70
92 53 3 81
54 78 2 76
73 59 5 56
51 58 97 14
63 29 97 11
60 29 9 60
2 75 59 89
27 76 12 58
1 77 60 67
96 53 13 33
52 20 53 60
22 39 51 81
8 66 46 98
52 94 3 56
79 53 68 11
14 86 58 58
31 17 51 54
77 71 69 1
65 44 94 4
4 51 57 90
52 57 37 65
5 59 55 57
52 60 83 6
74 57 3 77
24 62 55 54
21 53 52 96
51 9 80 54
5 52 57 82
52 70 100 4
79 29 88 15
49 69 36 57
80 90 6 7
65 83 78 2
70 29 7 64
70 80 8 17
40 54 18 62
85 74 16 14
56 10 89 46
8 33 7 73
51 57 2 81
71 68 4 70
6 53 63 76
64 57 1 80
3 82 19 54
66 24 16 98
32 54 94 6
53 57 79 9
38 99 74 2
61 54 70 26
76 51 56 24
65 51 51 42
50 60 42 59
65 80 97 1
74 51 77 13
54 56 6 61
53 83 75 1
59 75 1 57
43 99 10 59
15 51 97 22
97 47 51 20
51 58 67 35
85 67 18 30
5 73 51 95
66 24 54 52
50 8 53 92
6 19 51 58
75 55 2 89
87 55 78 9
70 18 53 8
27 55 54 57
65 69 2 66
54 55 68 41
16 10 94 31
60 52 71 6
50 65 14 12
76 78 100 1
18 96 84 5
4 1 79 93
54 55 69 40
13 98 8 65
69 93 13 51
46 9 94 14
77 74 1 54
52 44 44 72
60 55 53 37
2 75 54 76
5 87 93 20
55 63 3 79
55 52 91 10
87 89 22 5
1 10 79 64
84 53 69 4
30 63 68 1
35 72 23 53
36 14 92 54
88 98 64 2
85 70 2 58
2 54 11 57
61 51 53 23
80 7 58 5
55 51 69 7
55 56 1 71
30 62 82 16
87 34 51 12
1 72 53 52
51 83 2 56
55 34 18 36
31 15 63 51
66 53 84 3
88 60 92 2
55 65 45 10
58 83 1 31
51 71 39 10
56 52 1 77
70 67 5 61
60 28 92 12
81 65 24 6
69 18 17 75
5 29 56 83
31 52 51 24
2 52 56 87
96 76 1 52
76 55 52 14
50 59 89 3
60 35 56 8
14 55 68 5
33 72 37 56
51 51 67 16
79 13 75 25
25 88 2 75
59 74 61 2
83 65 8 3
68 99 57 1
60 40 59 3
52 9 4 54
36 59 40 51
55 70 2 68
92 61 5 33
28 75 4 63
83 56 2 62
36 1 90 84
17 64 62 52
28 90 61 4
82 68 7 2
30 61 55 52
83 52 8 51
87 45 1 57
56 97 1 67
64 65 65 1
66 24 79 2
69 6 61 6
92 27 53 7
93 4 7 87
57 64 47 4
68 20 2 51
8 59 55 53
83 60 91 1
93 56 1 54
29 51 69 51
53 53 53 3
60 72 2 62
25 75 3 53
68 59 69 1
6 4 62 61
64 60 32 17
51 7 15 68
62 58 100 2
96 51 87 1
53 51 1 66
78 54 52 8
6 87 70 51
80 71 8 30
54 37 91 43
91 36 65 4
51 3 76 55
11 55 99 46
65 20 86 14
48 13 70 55
33 70 58 13
1 54 53 66
52 98 56 4
3 81 69 6
4 51 51 62
60 54 60 1
52 27 58 53
60 54 30 32
59 61 95 1
14 65 53 32
58 54 72 1
51 54 76 2
