500 4
0.73 0.59 0.06 0.65
0.85 0.04 0.98 0.91
0.68 0.93 0.89 0.82
0.78 0.74 0.74 0.54
0.76 0.20 0.74 0.84
0.84 0.56 0.70 0.70
0.69 0.93 0.82 0.81
0.79 0.54 0.14 0.77
0.53 0.94 0.54 0.73
0.66 0.83 0.81 0.67
0.92 0.51 0.92 0.62
0.97 0.99 0.52 0.52
0.84 0.52 0.54 0.58
0.72 0.58 0.65 0.77
0.51 0.69 0.95 0.70
0.75 0.86 0.92 0.51
0.53 0.59 0.84 0.31
0.85 0.87 0.67 0.52
0.60 0.56 0.85 0.84
0.51 1.00 0.60 0.77
0.82 0.83 0.78 0.51
0.22 0.92 0.51 0.58
0.85 0.93 0.58 0.06
0.67 0.62 0.81 0.53
0.81 0.86 0.82 0.17
0.58 0.70 0.73 0.55
0.94 0.58 0.02 0.81
0.25 0.57 1.00 0.89
0.69 1.00 0.69 0.57
0.34 0.65 0.56 0.99
0.53 0.74 0.53 0.75
0.76 0.51 1.00 0.77
0.88 0.53 0.83 0.55
0.53 0.55 0.54 0.34
0.56 0.53 0.73 0.71
0.53 0.22 0.90 0.59
0.89 0.82 0.03 0.92
0.53 0.53 0.51 0.67
0.66 0.93 0.08 0.73
0.82 0.83 0.96 0.14
0.60 0.12 0.87 0.83
0.95 0.51 0.78 0.83
0.51 0.72 0.68 0.58
0.96 0.51 0.66 0.54
0.04 0.72 0.65 0.94
0.78 0.33 0.85 0.51
0.47 0.54 0.96 0.75
0.25 0.64 0.70 0.71
0.61 0.94 0.16 0.52
0.97 0.51 0.31 0.78
0.54 0.90 0.27 0.77
0.83 0.57 0.51 0.54
0.08 0.76 0.55 0.60
0.59 0.54 0.65 0.62
0.51 0.87 0.52 0.64
0.80 0.23 0.66 0.84
0.15 0.64 0.02 0.94
0.78 0.49 0.65 0.75
0.61 0.53 0.70 0.59
0.82 0.52 0.63 0.81
0.52 0.56 0.66 0.58
0.61 0.52 0.65 0.79
0.64 0.52 0.55 0.61
0.78 0.05 0.62 0.97
0.54 1.00 0.67 0.05
0.51 0.56 0.71 0.98
0.23 0.29 0.07 0.78
0.84 0.31 0.55 0.51
0.93 0.85 0.70 0.08
0.64 0.16 0.68 0.52
0.05 0.69 0.66 0.82
0.31 0.56 0.70 0.58
0.70 0.50 0.67 0.63
0.51 0.67 0.60 0.53
0.51 0.68 0.97 0.52
0.70 0.02 0.89 0.90
0.62 0.57 0.53 0.53
0.97 0.03 0.99 0.65
0.72 0.28 0.57 0.30
0.03 0.61 0.79 0.99
0.31 0.74 0.67 0.33
0.63 0.56 0.84 0.32
0.77 0.59 0.25 0.58
0.33 0.55 0.76 0.61
0.76 0.82 0.92 0.03
0.85 0.91 0.85 0.07
0.63 0.53 0.78 0.56
0.51 0.03 0.87 0.98
0.52 0.01 0.90 0.59
0.60 0.85 0.53 0.66
0.51 0.23 0.72 0.68
0.97 0.60 0.23 0.43
0.64 0.51 0.58 0.63
0.80 0.63 0.99 0.18
0.38 0.66 0.82 0.56
0.03 0.99 0.57 0.58
0.12 0.89 0.85 0.52
0.98 0.85 0.53 0.34
0.44 0.86 0.17 0.51
0.61 0.54 0.53 0.53
0.78 0.67 0.73 0.15
0.08 0.67 0.91 0.53
0.73 0.93 0.63 0.09
0.13 0.99 0.03 0.63
0.69 0.55 0.89 0.04
0.61 0.03 1.00 0.35
0.58 0.54 0.55 0.63
0.60 0.53 0.67 0.62
0.99 0.27 0.82 0.51
0.92 0.88 0.69 0.05
0.87 0.15 0.55 0.53
0.67 0.71 0.43 0.59
0.80 0.78 0.15 0.62
0.69 0.52 0.18 0.51
0.97 0.37 0.64 0.07
0.44 0.59 0.78 0.55
0.51 0.64 0.15 0.52
0.97 0.35 0.93 0.23
0.52 0.76 0.94 0.04
0.78 0.51 0.56 0.70
0.85 0.53 0.54 0.04
0.01 0.81 1.00 0.94
0.67 0.47 0.60 0.66
0.59 0.51 0.77 0.60
0.74 0.76 0.87 0.08
0.80 0.09 0.52 0.77
0.65 0.52 0.02 0.96
0.91 0.38 0.53 0.64
0.02 0.72 0.74 0.79
0.09 0.51 0.90 0.52
0.81 0.76 0.07 0.14
0.82 0.89 0.72 0.03
0.66 0.60 0.22 0.64
0.91 0.57 0.10 0.77
0.58 0.21 0.65 0.46
0.83 0.32 0.54 0.63
0.59 0.51 0.54 0.61
0.93 0.64 0.62 0.01
1.00 0.13 0.62 0.57
1.00 0.01 0.51 0.60
1.00 0.70 0.03 0.73
0.65 0.99 0.78 0.29
0.72 0.51 0.51 0.65
0.95 0.12 0.69 0.55
0.06 0.67 0.66 0.60
0.57 0.53 0.66 0.59
0.57 0.44 0.80 0.55
0.58 0.41 0.92 0.16
0.34 0.59 0.56 0.63
0.53 0.06 0.60 0.84
0.58 0.93 0.54 0.08
0.58 0.82 0.14 0.71
0.64 0.68 0.88 0.27
0.19 0.58 0.89 0.52
0.65 0.82 0.58 0.05
0.60 0.32 0.56 0.10
0.85 0.57 0.51 0.27
0.52 0.10 0.88 0.65
0.87 0.51 0.45 0.60
0.79 0.79 0.72 0.08
0.62 0.52 0.40 0.63
0.61 0.59 0.36 0.64
0.61 0.01 0.54 0.69
0.91 0.09 0.51 0.77
0.84 0.01 0.54 0.60
0.91 0.54 0.29 0.23
0.88 0.20 0.52 0.72
0.62 0.72 0.52 0.10
0.60 0.01 0.89 0.54
0.91 0.94 0.05 0.51
0.52 0.60 0.74 0.06
0.21 0.94 0.63 0.56
0.69 0.53 0.79 0.05
0.48 0.64 0.81 0.27
0.01 0.69 1.00 0.99
0.32 0.89 0.06 0.54
0.47 0.90 0.65 0.23
0.19 0.54 0.58 0.97
0.39 0.53 0.61 0.68
0.68 0.31 0.18 0.68
0.55 0.10 0.52 0.74
0.59 0.53 0.99 0.05
0.10 0.65 0.82 0.94
0.81 0.57 0.05 0.87
0.11 0.57 0.56 0.85
0.64 0.63 0.52 0.55
0.84 0.70 0.94 0.02
0.58 0.54 0.53 0.62
0.02 0.82 0.83 0.53
0.05 0.50 1.00 0.57
0.23 0.52 0.76 0.51
0.07 0.70 0.82 0.53
0.61 0.32 0.51 0.24
0.52 0.02 0.65 0.88
0.05 0.64 0.85 0.52
0.30 0.82 0.95 0.28
0.65 0.55 0.12 0.68
0.76 0.41 0.02 0.75
0.28 0.99 0.84 0.22
0.29 0.52 0.53 0.65
0.06 0.97 0.65 0.60
0.74 0.09 0.73 0.44
0.69 0.58 0.86 0.03
0.57 0.57 0.32 0.58
0.81 0.55 0.05 0.34
0.03 0.90 0.60 0.77
0.51 0.54 0.53 0.24
0.55 0.89 0.01 0.80
0.19 0.59 0.64 0.77
0.20 0.66 0.76 0.59
0.84 0.54 0.52 0.06
0.86 0.51 0.24 0.54
0.64 0.21 0.63 0.51
0.56 0.43 0.92 0.17
0.14 0.67 0.19 0.83
0.55 0.51 0.81 0.51
0.01 0.53 0.79 0.95
0.25 0.97 0.02 0.53
0.37 0.68 0.99 0.37
0.56 0.85 0.94 0.02
0.34 0.75 0.56 0.55
0.81 0.98 0.02 0.43
0.03 0.66 0.54 0.91
0.62 0.87 0.08 0.30
0.61 0.91 0.58 0.08
0.21 0.52 0.51 0.67
0.51 0.84 0.01 0.64
0.62 0.93 0.58 0.06
0.67 0.70 0.60 0.08
0.02 0.16 0.63 0.88
0.92 0.58 0.10 0.15
0.73 0.09 0.74 0.64
0.21 0.80 0.59 0.53
0.85 0.38 0.16 0.53
0.01 0.74 0.77 0.71
0.53 0.53 0.71 0.51
0.37 0.69 0.61 0.55
0.03 0.82 0.76 0.63
0.84 0.56 0.02 0.66
0.70 0.04 0.70 0.60
0.58 0.70 0.75 0.03
0.76 0.91 0.19 0.22
0.51 0.26 0.07 0.51
0.04 0.65 0.66 0.61
0.16 0.61 0.80 0.82
0.78 0.77 0.02 0.60
0.36 0.58 0.75 0.17
0.92 0.71 0.01 0.81
0.05 0.71 0.04 0.67
0.11 0.65 0.59 0.51
0.88 0.61 0.18 0.08
0.07 0.88 0.81 0.59
0.52 0.68 0.66 0.22
0.60 0.67 0.52 0.37
0.67 0.79 0.01 0.40
0.78 0.97 0.51 0.19
0.69 0.08 0.55 0.64
0.51 0.05 0.63 0.97
0.07 0.61 0.54 0.63
0.11 0.90 0.58 0.58
0.73 0.53 0.39 0.16
0.29 0.54 0.71 0.52
0.28 0.99 0.97 0.12
0.62 0.25 0.63 0.62
0.18 0.58 0.51 0.66
0.20 0.57 0.81 0.52
0.06 0.62 0.75 0.84
0.04 0.11 0.62 0.87
0.54 0.03 0.67 0.79
0.59 0.44 0.66 0.44
0.42 0.95 0.01 0.81
0.76 0.19 0.51 0.54
0.03 0.38 0.85 0.79
0.66 0.77 0.61 0.08
0.06 0.77 0.42 0.65
0.58 0.69 0.04 0.56
0.63 0.08 1.00 0.13
0.04 0.52 0.92 0.70
0.03 0.91 0.58 0.67
0.01 0.69 0.77 0.64
0.53 0.06 0.09 0.67
0.45 0.92 0.86 0.13
0.47 0.80 0.53 0.61
0.62 0.98 0.62 0.05
0.81 0.57 0.52 0.02
0.22 0.84 0.51 0.51
0.01 0.80 0.27 0.83
0.36 0.56 0.83 0.06
0.54 0.60 0.06 0.95
0.60 0.02 0.84 0.73
0.61 0.24 0.51 0.56
0.88 0.92 0.51 0.02
0.01 0.77 0.93 0.27
0.68 0.70 0.54 0.14
0.21 0.11 0.93 0.72
0.63 0.66 0.38 0.33
0.01 0.29 0.64 0.60
0.18 0.51 0.72 0.51
0.60 0.04 0.54 0.81
1.00 0.62 0.39 0.01
0.01 0.63 0.52 0.98
0.13 0.83 0.58 0.57
0.52 0.18 0.97 0.55
0.52 0.20 0.60 0.99
0.24 0.62 0.58 0.53
0.78 0.60 0.56 0.07
0.68 0.61 0.80 0.03
0.63 0.54 0.69 0.07
0.14 0.52 0.55 0.71
0.66 0.90 0.10 0.26
0.53 0.05 0.60 0.70
0.19 0.16 1.00 0.62
0.59 0.61 0.93 0.01
0.82 0.70 0.01 0.87
0.36 0.87 0.71 0.25
0.56 0.17 0.73 0.61
0.66 0.65 0.60 0.05
0.59 0.88 0.07 0.33
0.50 0.14 0.82 0.67
0.51 0.02 0.09 0.60
0.59 0.81 0.02 0.67
0.55 0.66 0.52 0.15
0.73 0.64 0.04 0.22
0.07 0.69 0.51 0.78
0.69 0.78 0.01 0.93
0.42 0.61 0.67 0.02
0.55 0.51 0.94 0.36
0.03 0.71 0.58 0.76
0.08 0.97 0.78 0.54
0.26 0.55 0.54 0.55
0.55 0.53 0.94 0.20
0.02 0.98 0.09 0.95
0.11 0.56 0.61 0.91
0.59 0.58 0.06 0.79
0.71 0.52 0.39 0.34
0.87 0.15 0.29 0.57
0.16 0.91 0.70 0.32
0.64 0.31 0.71 0.24
0.59 0.01 0.81 0.69
0.65 0.71 0.64 0.06
0.02 0.92 0.54 0.64
0.06 0.80 0.62 0.55
0.79 0.67 0.51 0.13
0.01 0.66 0.88 0.58
0.21 0.21 0.55 0.95
0.64 0.82 0.48 0.18
0.58 0.17 0.67 0.36
0.08 0.98 0.37 0.65
0.51 0.74 0.58 0.02
0.49 0.67 0.55 0.43
0.80 0.17 0.87 0.34
0.01 0.56 0.51 0.99
0.54 0.53 0.02 0.57
0.20 0.50 0.72 0.53
0.36 0.81 0.51 0.57
0.22 0.07 0.65 0.65
0.05 0.82 0.68 0.54
0.85 0.54 0.61 0.03
0.53 0.73 0.51 0.32
0.25 0.52 0.56 0.59
0.65 0.07 0.92 0.35
0.03 0.72 0.57 0.69
0.74 0.69 0.03 0.51
0.43 0.28 0.52 0.94
0.54 0.69 0.62 0.15
0.87 0.51 0.01 0.70
0.32 0.92 0.91 0.07
0.08 0.53 0.04 0.79
0.41 0.25 0.38 0.84
0.76 0.55 0.48 0.11
0.98 0.06 0.90 0.19
0.17 0.56 0.58 0.61
0.57 0.71 0.01 0.93
0.97 0.52 0.05 0.51
0.62 0.17 0.51 0.18
0.69 0.71 0.19 0.05
0.79 0.60 0.35 0.14
0.92 0.13 0.88 0.32
0.89 0.07 0.64 0.56
0.46 0.40 0.51 0.70
0.79 0.01 0.52 0.67
0.66 0.77 0.91 0.01
0.57 0.12 0.66 0.51
0.57 0.51 0.01 0.36
0.05 0.35 0.67 0.54
0.50 0.07 0.51 0.86
0.22 0.60 0.52 0.52
0.15 1.00 0.62 0.01
0.30 0.53 0.94 0.48
0.90 0.46 0.51 0.14
0.35 0.55 0.64 0.06
0.12 0.88 0.69 0.19
0.35 0.53 0.02 0.93
0.02 0.51 0.55 0.91
0.83 0.72 0.89 0.01
0.17 0.99 0.67 0.46
0.55 0.60 0.59 0.14
0.83 0.69 0.24 0.07
0.04 0.71 0.70 0.58
0.02 0.92 0.51 0.63
0.96 0.20 0.98 0.13
0.53 0.54 0.65 0.11
0.90 0.57 0.51 0.08
0.70 0.01 0.82 0.68
0.04 0.53 0.63 0.71
0.04 0.60 0.53 0.13
0.10 0.59 0.66 0.52
0.59 0.08 0.59 0.24
0.74 0.06 0.69 0.52
0.84 0.01 0.78 0.03
0.46 0.22 0.61 0.61
0.01 0.16 0.77 0.55
0.10 0.57 0.63 0.61
0.56 0.19 0.89 0.52
0.47 0.58 0.28 0.74
0.58 0.96 0.15 0.11
0.37 0.36 0.54 0.74
0.01 0.73 0.97 0.32
0.73 0.01 0.86 0.32
0.52 0.52 0.77 0.03
0.54 0.73 0.99 0.01
0.08 0.52 0.61 0.69
0.68 0.53 0.55 0.02
0.78 0.89 0.79 0.01
0.22 0.02 0.81 0.92
0.82 0.43 0.04 0.63
0.54 0.96 0.37 0.45
0.54 0.55 0.01 0.63
0.96 0.88 0.45 0.04
0.92 0.10 0.62 0.19
0.12 0.57 0.54 0.72
0.56 0.01 0.68 0.90
0.31 0.69 0.01 0.85
0.33 0.64 0.98 0.06
0.90 0.79 0.83 0.01
0.15 0.29 0.82 0.23
0.25 0.04 0.58 0.55
0.05 0.04 0.51 0.54
0.05 0.56 1.00 0.52
0.57 0.73 0.64 0.01
0.66 0.67 0.32 0.04
0.89 0.55 0.23 0.24
0.20 0.01 0.85 0.60
0.73 0.05 0.22 0.54
0.87 0.58 0.54 0.01
0.03 1.00 0.30 0.68
0.52 0.20 0.74 0.09
0.52 0.51 0.60 0.07
0.66 0.87 0.14 0.27
0.13 0.53 0.39 0.60
0.14 0.84 0.01 0.76
0.01 0.94 0.59 0.75
0.56 0.57 0.93 0.02
0.87 0.15 0.76 0.13
0.70 0.05 0.77 0.52
0.89 0.92 0.40 0.02
0.51 0.52 0.74 0.31
0.09 0.30 0.13 0.71
0.54 0.69 0.52 0.38
0.76 0.04 0.77 0.45
0.41 0.91 0.62 0.10
0.58 0.51 0.54 0.08
0.47 0.57 0.24 0.57
0.60 0.02 0.58 0.34
0.53 0.66 0.58 0.05
0.58 0.98 0.05 0.14
0.85 0.55 0.17 0.24
0.61 0.86 0.41 0.33
0.01 0.83 0.54 0.64
0.98 0.21 0.46 0.53
0.16 0.75 0.30 0.65
0.50 0.52 0.64 0.52
0.54 0.30 0.67 0.07
0.08 0.51 0.53 0.53
0.73 0.72 0.11 0.07
0.80 0.19 0.80 0.02
0.62 0.93 0.60 0.01
0.07 0.72 0.08 0.58
0.07 0.59 0.87 0.51
0.84 0.68 0.02 0.02
0.03 0.58 0.53 0.79
0.73 0.55 0.53 0.15
0.23 0.98 0.50 0.57
0.03 0.72 0.53 0.52
0.99 0.15 0.08 0.51
0.37 0.58 0.54 0.09
0.97 0.51 0.21 0.35
0.63 0.60 0.53 0.04
0.54 0.59 0.66 0.03
0.07 0.76 0.91 0.05
0.87 0.13 0.53 0.51
0.65 0.73 0.51 0.12
0.04 0.71 0.52 0.94
0.83 0.21 0.08 0.71
0.01 0.72 0.94 0.23
0.18 0.69 0.19 0.67
0.17 0.03 1.00 0.09
0.03 0.91 0.51 0.68
0.02 0.86 0.73 0.55
0.01 0.82 0.60 0.73
