500 4
73 59 6 65
85 4 98 91
68 93 89 82
78 74 74 54
76 20 74 84
84 56 70 70
69 93 82 81
79 54 14 77
53 94 54 73
66 83 81 67
92 51 92 62
97 99 52 52
84 52 54 58
72 58 65 77
51 69 95 70
75 86 92 51
53 59 84 31
85 87 67 52
60 56 85 84
51 100 60 77
82 83 78 51
22 92 51 58
85 93 58 6
67 62 81 53
81 86 82 17
58 70 73 55
94 58 2 81
25 57 100 89
69 100 69 57
34 65 56 99
53 74 53 75
76 51 100 77
88 53 83 55
53 55 54 34
56 53 73 71
53 22 90 59
89 82 3 92
53 53 51 67
66 93 8 73
82 83 96 14
60 12 87 83
95 51 78 83
51 72 68 58
96 51 66 54
4 72 65 94
78 33 85 51
47 54 96 75
25 64 70 71
61 94 16 52
97 51 31 78
54 90 27 77
83 57 51 54
8 76 55 60
59 54 65 62
51 87 52 64
80 23 66 84
15 64 2 94
78 49 65 75
61 53 70 59
82 52 63 81
52 56 66 58
61 52 65 79
64 52 55 61
78 5 62 97
54 100 67 5
51 56 71 98
23 29 7 78
84 31 55 51
93 85 70 8
64 16 68 52
5 69 66 82
31 56 70 58
70 50 67 63
51 67 60 53
51 68 97 52
70 2 89 90
62 57 53 53
97 3 99 65
72 28 57 30
3 61 79 99
31 74 67 33
63 56 84 32
77 59 25 58
33 55 76 61
76 82 92 3
85 91 85 7
63 53 78 56
51 3 87 98
52 1 90 59
60 85 53 66
51 23 72 68
97 60 23 43
64 51 58 63
80 63 99 18
38 66 82 56
3 99 57 58
12 89 85 52
98 85 53 34
44 86 17 51
61 54 53 53
78 67 73 15
8 67 91 53
73 93 63 9
13 99 3 63
69 55 89 4
61 3 100 35
58 54 55 63
60 53 67 62
99 27 82 51
92 88 69 5
87 15 55 53
67 71 43 59
80 78 15 62
69 52 18 51
97 37 64 7
44 59 78 55
51 64 15 52
97 35 93 23
52 76 94 4
78 51 56 70
85 53 54 4
1 81 100 94
67 47 60 66
59 51 77 60
74 76 87 8
80 9 52 77
65 52 2 96
91 38 53 64
2 72 74 79
9 51 90 52
81 76 7 14
82 89 72 3
66 60 22 64
91 57 10 77
58 21 65 46
83 32 54 63
59 51 54 61
93 64 62 1
100 13 62 57
100 1 51 60
100 70 3 73
65 99 78 29
72 51 51 65
95 12 69 55
6 67 66 60
57 53 66 59
57 44 80 55
58 41 92 16
34 59 56 63
53 6 60 84
58 93 54 8
58 82 14 71
64 68 88 27
19 58 89 52
65 82 58 5
60 32 56 10
85 57 51 27
52 10 88 65
87 51 45 60
79 79 72 8
62 52 40 63
61 59 36 64
61 1 54 69
91 9 51 77
84 1 54 60
91 54 29 23
88 20 52 72
62 72 52 10
60 1 89 54
91 94 5 51
52 60 74 6
21 94 63 56
69 53 79 5
48 64 81 27
1 69 100 99
32 89 6 54
47 90 65 23
19 54 58 97
39 53 61 68
68 31 18 68
55 10 52 74
59 53 99 5
10 65 82 94
81 57 5 87
11 57 56 85
64 63 52 55
84 70 94 2
58 54 53 62
2 82 83 53
5 50 100 57
23 52 76 51
7 70 82 53
61 32 51 24
52 2 65 88
5 64 85 52
30 82 95 28
65 55 12 68
76 41 2 75
28 99 84 22
29 52 53 65
6 97 65 60
74 9 73 44
69 58 86 3
57 57 32 58
81 55 5 34
3 90 60 77
51 54 53 24
55 89 1 80
19 59 64 77
20 66 76 59
84 54 52 6
86 51 24 54
64 21 63 51
56 43 92 17
14 67 19 83
55 51 81 51
1 53 79 95
25 97 2 53
37 68 99 37
56 85 94 2
34 75 56 55
81 98 2 43
3 66 54 91
62 87 8 30
61 91 58 8
21 52 51 67
51 84 1 64
62 93 58 6
67 70 60 8
2 16 63 88
92 58 10 15
73 9 74 64
21 80 59 53
85 38 16 53
1 74 77 71
53 53 71 51
37 69 61 55
3 82 76 63
84 56 2 66
70 4 70 60
58 70 75 3
76 91 19 22
51 26 7 51
4 65 66 61
16 61 80 82
78 77 2 60
36 58 75 17
92 71 1 81
5 71 4 67
11 65 59 51
88 61 18 8
7 88 81 59
52 68 66 22
60 67 52 37
67 79 1 40
78 97 51 19
69 8 55 64
51 5 63 97
7 61 54 63
11 90 58 58
73 53 39 16
29 54 71 52
28 99 97 12
62 25 63 62
18 58 51 66
20 57 81 52
6 62 75 84
4 11 62 87
54 3 67 79
59 44 66 44
42 95 1 81
76 19 51 54
3 38 85 79
66 77 61 8
6 77 42 65
58 69 4 56
63 8 100 13
4 52 92 70
3 91 58 67
1 69 77 64
53 6 9 67
45 92 86 13
47 80 53 61
62 98 62 5
81 57 52 2
22 84 51 51
1 80 27 83
36 56 83 6
54 60 6 95
60 2 84 73
61 24 51 56
88 92 51 2
1 77 93 27
68 70 54 14
21 11 93 72
63 66 38 33
1 29 64 60
18 51 72 51
60 4 54 81
100 62 39 1
1 63 52 98
13 83 58 57
52 18 97 55
52 20 60 99
24 62 58 53
78 60 56 7
68 61 80 3
63 54 69 7
14 52 55 71
66 90 10 26
53 5 60 70
19 16 100 62
59 61 93 1
82 70 1 87
36 87 71 25
56 17 73 61
66 65 60 5
59 88 7 33
50 14 82 67
51 2 9 60
59 81 2 67
55 66 52 15
73 64 4 22
7 69 51 78
69 78 1 93
42 61 67 2
55 51 94 36
3 71 58 76
8 97 78 54
26 55 54 55
55 53 94 20
2 98 9 95
11 56 61 91
59 58 6 79
71 52 39 34
87 15 29 57
16 91 70 32
64 31 71 24
59 1 81 69
65 71 64 6
2 92 54 64
6 80 62 55
79 67 51 13
1 66 88 58
21 21 55 95
64 82 48 18
58 17 67 36
8 98 37 65
51 74 58 2
49 67 55 43
80 17 87 34
1 56 51 99
54 53 2 57
20 50 72 53
36 81 51 57
22 7 65 65
5 82 68 54
85 54 61 3
53 73 51 32
25 52 56 59
65 7 92 35
3 72 57 69
74 69 3 51
43 28 52 94
54 69 62 15
87 51 1 70
32 92 91 7
8 53 4 79
41 25 38 84
76 55 48 11
98 6 90 19
17 56 58 61
57 71 1 93
97 52 5 51
62 17 51 18
69 71 19 5
79 60 35 14
92 13 88 32
89 7 64 56
46 40 51 70
79 1 52 67
66 77 91 1
57 12 66 51
57 51 1 36
5 35 67 54
50 7 51 86
22 60 52 52
15 100 62 1
30 53 94 48
90 46 51 14
35 55 64 6
12 88 69 19
35 53 2 93
2 51 55 91
83 72 89 1
17 99 67 46
55 60 59 14
83 69 24 7
4 71 70 58
2 92 51 63
96 20 98 13
53 54 65 11
90 57 51 8
70 1 82 68
4 53 63 71
4 60 53 13
10 59 66 52
59 8 59 24
74 6 69 52
84 1 78 3
46 22 61 61
1 16 77 55
10 57 63 61
56 19 89 52
47 58 28 74
58 96 15 11
37 36 54 74
1 73 97 32
73 1 86 32
52 52 77 3
54 73 99 1
8 52 61 69
68 53 55 2
78 89 79 1
22 2 81 92
82 43 4 63
54 96 37 45
54 55 1 63
96 88 45 4
92 10 62 19
12 57 54 72
56 1 68 90
31 69 1 85
33 64 98 6
90 79 83 1
15 29 82 23
25 4 58 55
5 4 51 54
5 56 100 52
57 73 64 1
66 67 32 4
89 55 23 24
20 1 85 60
73 5 22 54
87 58 54 1
3 100 30 68
52 20 74 9
52 51 60 7
66 87 14 27
13 53 39 60
14 84 1 76
1 94 59 75
56 57 93 2
87 15 76 13
70 5 77 52
89 92 40 2
51 52 74 31
9 30 13 71
54 69 52 38
76 4 77 45
41 91 62 10
58 51 54 8
47 57 24 57
60 2 58 34
53 66 58 5
58 98 5 14
85 55 17 24
61 86 41 33
1 83 54 64
98 21 46 53
16 75 30 65
50 52 64 52
54 30 67 7
8 51 53 53
73 72 11 7
80 19 80 2
62 93 60 1
7 72 8 58
7 59 87 51
84 68 2 2
3 58 53 79
73 55 53 15
23 98 50 57
3 72 53 52
99 15 8 51
37 58 54 9
97 51 21 35
63 60 53 4
54 59 66 3
7 76 91 5
87 13 53 51
65 73 51 12
4 71 52 94
83 21 8 71
1 72 94 23
18 69 19 67
17 3 100 9
3 91 51 68
2 86 73 55
1 82 60 73
