300 5
52 19 24 93 46
69 25 72 9 73
90 19 59 66 2
24 32 44 15 6
23 83 16 84 72
17 86 13 50 66
84 71 66 83 5
90 24 16 4 89
57 41 4 16 67
71 8 6 39 1
16 90 35 2 72
39 9 29 98 46
41 50 20 31 79
7 20 8 5 21
12 29 55 18 16
47 59 3 5 41
92 14 18 1 20
91 6 19 44 10
35 2 12 11 56
25 5 15 40 39
63 59 7 72 23
55 29 47 41 12
22 1 6 66 96
7 89 6 42 46
49 3 35 21 24
87 25 5 38 37
97 10 17 31 1
9 2 81 32 21
21 20 20 70 2
23 2 21 2 13
11 8 73 34 75
45 11 5 21 22
2 100 11 79 53
3 27 17 15 41
8 43 5 65 1
11 37 72 3 71
53 8 97 79 8
45 49 3 2 19
80 29 2 53 25
58 33 1 21 95
4 100 72 61 32
16 3 99 73 5
90 1 67 53 63
42 15 3 26 65
6 49 8 10 33
49 52 95 4 9
78 91 54 1 90
30 1 24 40 16
19 16 61 42 46
19 16 34 77 40
36 6 3 22 19
62 32 55 85 1
26 89 99 36 2
50 90 31 28 9
5 7 24 34 40
64 32 12 99 1
33 56 3 29 56
42 34 22 14 3
27 13 9 79 90
2 47 68 28 53
71 85 47 1 96
37 55 2 44 8
27 7 2 34 68
8 16 19 34 31
2 20 2 62 62
86 69 51 35 2
9 1 22 43 100
19 11 39 65 15
88 61 67 1 50
3 9 20 43 7
1 66 50 12 65
30 9 9 61 4
12 99 2 55 68
8 18 10 24 14
46 14 88 60 5
30 82 81 59 4
3 31 14 20 60
6 58 44 29 15
50 24 3 48 13
7 33 27 34 4
21 97 67 30 3
1 65 64 99 86
52 20 2 11 47
28 50 12 5 7
93 3 87 1 6
1 44 19 10 27
63 90 94 1 81
33 16 9 11 37
25 9 10 98 85
6 8 29 16 59
5 8 66 96 25
12 50 22 4 39
77 6 93 74 7
16 60 37 4 28
51 36 1 63 64
1 18 26 73 49
15 45 6 31 90
48 62 59 33 2
60 4 5 51 9
46 7 1 44 39
7 76 83 1 68
24 45 7 42 78
7 50 68 30 10
29 28 27 19 6
63 6 63 97 1
22 58 1 85 80
8 93 70 10 15
1 14 39 16 25
98 5 47 4 6
93 9 40 26 1
20 6 50 62 88
19 8 49 30 6
35 3 8 6 76
1 57 16 54 48
8 38 62 2 62
59 48 1 32 56
6 34 57 7 39
86 15 41 1 47
26 81 1 70 73
29 41 33 33 5
28 72 19 20 3
67 93 81 54 1
66 26 20 18 18
27 18 56 28 5
5 13 1 81 6
79 93 64 1 82
5 80 5 24 34
24 33 7 38 75
27 1 57 45 19
96 10 8 33 7
8 7 17 41 65
66 81 88 3 5
19 15 47 6 31
83 1 23 25 19
63 19 79 1 46
83 47 57 3 8
20 4 78 60 74
21 19 44 69 1
18 77 2 34 12
19 70 46 2 98
6 2 10 60 7
15 3 49 37 56
85 1 57 78 5
21 28 9 42 15
71 1 77 36 60
10 100 3 14 89
3 5 47 48 7
50 2 8 45 26
65 25 2 72 26
32 36 6 66 23
51 1 82 4 82
4 57 18 21 35
33 7 12 49 37
5 66 6 29 99
1 83 46 14 3
4 40 89 23 15
1 66 53 83 9
12 15 9 13 59
92 8 68 1 67
32 7 48 74 4
1 15 39 9 42
92 56 13 11 4
15 83 3 59 58
2 41 8 38 41
26 35 3 53 69
69 1 48 4 32
15 6 86 59 2
44 28 55 30 2
1 73 12 64 60
20 10 48 31 23
42 69 1 54 47
27 44 41 1 65
78 91 36 32 2
55 43 1 29 41
59 8 9 57 17
7 99 20 13 19
96 28 1 2 42
1 32 8 82 75
2 76 9 34 50
55 78 4 90 1
13 2 58 17 9
7 32 22 2 79
41 68 51 45 3
74 25 28 37 12
100 75 1 32 22
76 53 76 17 1
82 67 26 1 23
5 85 46 12 5
14 1 75 69 5
3 17 12 72 25
2 31 31 94 34
4 91 1 61 75
27 29 4 80 53
19 10 49 4 9
37 13 7 84 4
59 12 53 15 2
22 62 40 13 1
71 1 2 10 52
8 87 45 62 3
2 31 86 29 7
20 1 61 30 80
23 1 55 70 69
100 26 50 9 3
6 29 15 1 80
6 13 12 53 73
41 23 22 18 2
22 45 2 55 67
16 75 6 8 52
21 1 4 75 61
26 15 13 50 50
61 90 13 12 6
62 33 6 22 8
83 1 96 3 78
71 2 2 59 7
11 1 4 33 79
87 65 24 1 28
66 17 6 8 87
11 16 37 8 2
11 56 4 7 46
5 4 48 91 100
70 3 5 51 69
27 39 39 54 1
23 83 13 7 16
1 12 20 63 12
9 39 54 1 63
5 25 30 9 20
52 6 2 52 54
27 24 4 34 32
28 35 7 2 65
94 91 1 61 11
43 53 41 26 1
87 60 1 28 7
55 30 83 22 1
11 38 26 4 64
4 6 45 69 63
14 55 3 33 31
77 27 15 9 17
98 95 9 16 2
11 68 67 2 35
12 1 17 46 30
56 72 87 2 5
68 27 1 11 77
25 14 14 10 27
84 9 13 5 88
1 82 93 59 7
40 3 13 48 21
51 4 2 75 91
2 32 22 59 28
76 12 65 1 64
11 10 23 18 90
27 27 11 29 11
30 69 7 31 16
38 11 1 10 69
96 1 85 55 4
10 5 57 22 17
20 48 2 57 42
1 85 15 60 52
41 59 7 14 3
6 14 12 24 81
23 19 2 32 46
17 2 11 9 67
2 5 77 39 59
60 86 55 1 58
9 6 30 28 39
65 63 2 16 2
97 36 1 11 1
77 28 2 7 62
57 21 18 26 3
11 2 56 53 69
4 47 96 20 19
18 80 14 47 4
83 69 24 10 3
15 2 25 6 23
1 62 4 31 77
22 82 33 1 41
79 98 2 12 35
60 71 69 6 4
23 1 100 23 96
28 30 33 56 3
1 15 2 29 3
81 60 40 10 1
65 22 20 13 2
38 11 15 11 17
34 98 4 5 54
61 62 28 6 5
42 1 92 15 88
1 1 80 47 67
35 36 5 9 85
6 90 1 55 22
93 11 63 1 18
6 63 57 23 17
20 9 33 22 18
2 99 9 61 2
4 16 15 2 7
2 2 9 69 80
34 14 6 3 43
77 22 51 1 40
49 3 63 76 6
3 39 20 7 33
3 59 57 1 45
