300 5
34 87 71 83 97
43 80 99 48 33
21 97 96 38 21
58 20 40 31 18
71 81 63 29 8
23 31 7 77 34
17 92 96 85 23
82 25 29 32 45
11 53 28 12 28
50 50 28 20 24
45 14 6 14 79
17 4 67 78 14
42 2 42 1 94
13 37 16 5 66
47 36 76 6 90
98 50 8 38 33
14 37 47 70 51
19 6 31 34 41
32 8 28 57 53
20 29 24 74 28
2 81 9 93 91
60 24 12 84 4
97 35 51 39 10
14 14 5 89 44
5 16 34 77 87
83 7 62 17 12
13 22 31 15 14
73 40 79 81 11
58 91 34 15 9
95 99 17 18 8
5 36 92 76 29
33 7 12 76 45
88 3 95 90 31
12 14 55 38 1
58 43 65 35 1
43 28 1 58 21
29 27 94 12 34
20 41 4 87 46
28 75 3 8 20
71 9 10 37 65
56 49 28 29 2
78 29 11 2 31
29 22 23 56 81
4 82 32 20 35
4 20 29 51 57
50 72 30 37 14
60 41 8 51 31
44 48 30 35 2
18 3 47 6 81
47 13 42 7 23
70 7 8 7 89
7 88 10 10 26
18 33 20 44 34
87 49 28 26 24
98 2 33 53 86
34 46 5 1 57
95 4 19 34 40
12 9 20 60 10
29 16 15 70 63
28 51 11 5 21
15 3 84 45 57
16 39 95 10 33
27 90 76 8 59
24 22 40 30 10
8 59 91 94 47
40 97 17 1 21
22 13 43 11 95
27 81 11 9 90
87 46 4 91 4
11 31 13 72 55
5 96 4 21 50
24 5 30 47 30
74 91 40 10 4
64 14 23 16 3
48 22 18 8 18
6 67 61 72 49
36 41 9 48 30
82 4 49 47 1
5 20 81 61 27
50 10 90 53 21
29 1 86 59 13
21 69 36 4 14
31 49 28 22 48
6 9 70 66 83
19 60 40 5 22
30 98 59 12 7
43 43 28 39 33
58 19 59 7 8
56 66 56 3 18
13 7 60 68 14
59 16 72 4 6
15 73 18 21 63
12 21 38 14 15
29 1 65 29 83
81 61 83 2 26
4 64 48 28 63
40 11 52 19 27
24 29 21 28 94
10 85 74 79 28
42 3 47 56 58
27 2 24 77 36
71 12 68 31 11
72 8 3 42 46
93 28 18 6 50
17 7 24 36 65
17 75 1 29 2
97 63 3 38 33
71 63 19 66 4
43 46 24 2 20
59 69 18 66 16
28 19 29 14 35
2 32 8 50 20
7 5 30 86 14
5 89 44 29 26
5 5 14 8 99
14 64 23 16 20
12 12 68 11 52
9 7 15 44 25
11 21 48 3 59
70 23 1 6 89
87 12 40 44 22
95 74 17 62 2
32 70 64 1 98
1 52 35 45 90
21 19 81 20 42
71 92 2 12 21
15 82 7 3 61
31 4 4 63 14
49 27 20 2 52
18 32 8 11 86
3 4 10 92 16
49 74 38 21 1
44 15 16 15 50
43 1 9 45 15
1 36 76 68 5
83 51 52 4 9
29 37 47 5 24
35 36 39 3 66
49 13 43 5 47
22 30 20 39 24
4 3 95 48 98
39 49 40 89 1
21 54 99 14 12
33 66 1 56 65
81 74 53 9 10
37 3 17 5 51
25 5 37 47 6
94 65 1 5 88
25 10 11 25 21
12 72 80 6 29
35 7 88 18 73
10 19 35 34 16
53 21 5 30 32
38 25 2 92 75
48 1 93 18 51
6 64 9 92 16
41 53 6 54 48
21 11 13 15 28
55 7 83 3 77
27 27 37 35 6
11 44 19 10 90
53 58 15 75 10
85 6 3 3 89
1 26 1 40 21
33 75 54 1 82
32 1 46 27 62
3 37 50 21 73
57 67 2 100 4
83 5 44 82 4
29 2 94 25 53
38 51 5 59 17
83 59 8 8 36
56 75 25 9 6
88 2 82 37 57
26 31 11 89 18
49 66 4 38 22
6 14 76 71 63
32 38 67 8 23
88 42 8 35 21
43 12 6 34 9
6 54 41 28 53
21 31 7 81 15
9 11 58 30 32
65 1 6 67 97
42 2 1 35 12
56 20 76 2 52
24 50 6 27 77
51 88 4 10 18
17 1 14 94 33
19 48 27 95 4
74 96 15 15 12
28 48 54 17 3
2 49 53 22 100
7 8 79 71 22
66 10 67 24 7
20 66 18 8 25
57 27 83 31 5
29 4 60 23 48
4 15 70 92 13
1 23 33 39 33
53 21 87 29 1
37 70 31 4 22
10 37 39 23 46
30 7 4 62 80
16 13 2 63 44
8 10 75 69 62
6 60 97 19 11
5 12 5 92 79
93 16 2 3 44
45 6 9 15 35
1 8 71 59 91
59 23 1 33 60
15 1 69 20 53
15 68 12 77 7
11 41 66 48 13
4 24 31 85 33
2 92 82 2 73
22 22 37 10 70
2 75 68 19 94
17 56 35 82 5
18 65 22 10 41
49 39 50 31 4
11 53 11 38 6
37 30 34 8 3
6 85 85 71 1
87 8 28 80 1
17 15 1 3 67
69 6 35 50 10
19 3 83 87 52
47 54 3 92 10
71 35 26 4 17
15 16 16 28 40
52 32 69 2 4
75 34 90 2 2
29 4 97 14 15
5 84 42 4 27
63 2 16 47 3
3 61 52 4 53
15 33 34 8 63
99 15 5 24 34
9 79 69 2 88
98 11 55 39 9
82 85 66 1 54
2 34 10 33 25
5 1 91 66 99
2 35 6 16 20
10 98 23 87 2
4 27 5 24 27
64 10 28 19 24
17 9 19 46 2
11 8 88 21 70
49 81 99 1 54
83 77 90 1 54
1 40 21 12 25
74 43 14 99 1
28 26 51 35 2
15 4 26 1 14
4 63 92 65 17
9 77 33 37 1
2 76 42 53 16
52 72 4 53 1
25 47 7 1 70
14 24 50 86 8
3 26 11 35 50
80 2 59 6 22
3 19 91 37 8
41 92 5 4 55
91 53 1 1 93
13 26 14 34 33
96 65 1 21 58
93 67 25 13 5
9 14 100 12 9
61 3 3 24 29
8 26 29 17 3
2 81 100 94 1
50 21 20 3 9
62 58 11 56 5
13 77 23 28 19
99 64 10 33 14
23 30 7 13 23
15 87 7 13 1
5 98 19 8 34
61 51 39 17 2
8 12 73 63 68
32 5 54 93 5
11 1 32 87 89
21 25 3 11 37
22 73 2 27 28
13 2 74 65 63
10 12 39 29 35
20 52 8 72 1
50 74 96 5 7
26 4 34 74 5
15 24 48 69 4
7 13 77 41 30
14 84 69 2 74
10 57 94 2 66
94 1 84 26 46
27 46 51 6 3
20 1 42 61 25
