300 5
100 96 81 51 15
25 93 70 79 69
3 14 41 19 77
90 31 35 90 7
50 38 24 79 64
87 59 51 11 100
33 11 35 3 27
17 28 44 3 21
83 73 61 19 7
4 57 2 16 43
88 60 9 32 3
6 72 1 19 50
8 39 74 13 35
58 43 6 45 6
40 5 15 8 49
37 61 33 69 21
29 41 42 87 63
28 94 37 22 35
77 50 44 24 7
3 37 37 7 92
4 14 36 19 68
12 10 40 28 28
86 47 41 35 25
4 52 43 61 36
76 36 48 48 13
73 77 9 3 95
33 19 22 26 48
30 67 68 63 3
2 41 35 42 14
27 35 56 32 5
3 26 28 25 21
7 37 30 1 83
69 83 2 60 30
46 37 11 6 33
5 18 9 14 36
7 12 23 22 20
86 4 23 4 3
18 24 68 8 47
85 52 3 32 70
9 35 6 49 16
49 17 8 4 38
2 84 87 27 59
19 60 48 28 8
71 1 58 93 1
49 74 53 2 58
12 8 45 31 70
2 34 90 68 43
1 11 54 57 48
82 4 54 47 98
41 54 13 78 5
22 6 23 28 32
14 77 31 47 10
13 42 45 15 1
7 11 63 39 54
32 54 37 45 9
18 4 98 59 12
55 1 59 95 6
95 2 91 5 74
19 30 19 2 93
51 9 60 39 20
13 30 31 7 27
2 94 99 39 56
66 17 4 56 31
14 82 28 5 30
4 43 17 27 45
68 66 76 10 8
1 14 69 52 6
1 10 96 41 46
4 5 51 43 57
56 2 10 48 13
27 17 12 69 28
27 90 10 34 34
9 55 1 58 57
41 40 13 14 23
80 31 3 97 63
39 17 93 8 11
1 92 57 89 26
45 14 48 63 17
46 70 6 11 4
8 19 8 45 93
80 30 57 95 12
50 15 4 44 75
13 40 37 94 14
25 4 55 83 4
36 34 49 13 5
7 2 94 21 15
32 4 37 86 58
2 100 29 88 55
95 3 78 31 69
24 2 73 87 63
5 98 75 29 13
79 40 12 1 42
39 15 13 53 25
85 13 70 40 9
3 31 43 73 4
62 40 6 35 97
4 5 38 17 31
37 41 8 33 53
1 41 19 19 24
94 74 58 1 29
19 6 31 47 48
37 6 8 50 74
90 34 1 80 82
39 10 40 13 35
85 30 65 46 13
63 7 13 4 30
25 1 93 98 60
46 3 28 29 76
67 2 42 41 28
22 35 3 42 73
78 18 20 28 2
43 88 16 6 45
97 97 19 78 2
21 14 73 17 11
16 4 1 27 86
3 34 64 10 62
4 51 90 15 51
1 23 14 80 41
2 25 9 15 87
75 4 37 18 23
82 76 4 24 8
54 47 28 8 26
51 5 13 5 76
73 34 33 30 11
2 89 86 14 54
12 6 30 65 38
31 23 30 21 6
1 18 52 48 53
83 2 7 24 92
7 74 97 31 10
39 12 1 44 61
40 95 3 3 31
41 64 4 57 42
86 1 22 1 79
33 41 11 45 2
7 92 100 20 15
23 7 67 83 8
31 16 15 48 38
5 2 72 81 84
23 99 16 10 10
29 10 29 7 19
90 85 70 3 5
1 17 11 67 66
9 9 37 55 5
95 90 4 4 78
40 14 2 71 17
2 3 63 90 89
57 14 11 37 53
42 39 3 21 88
78 69 50 5 8
42 33 54 39 1
22 23 66 2 13
30 46 50 13 1
18 6 14 86 37
2 87 10 58 39
89 2 15 32 40
93 56 82 1 21
74 26 55 5 18
6 26 88 10 51
85 41 57 26 4
72 9 24 3 33
32 31 35 2 80
19 36 81 36 7
21 35 30 33 4
56 1 42 78 52
5 30 57 57 9
96 4 18 16 38
33 19 5 75 20
39 14 26 97 3
48 5 34 4 49
65 8 43 10 27
2 25 85 44 55
64 97 2 2 55
84 47 11 3 3
29 1 7 2 74
38 30 29 69 14
82 15 75 5 10
54 76 3 92 5
12 41 9 31 23
85 2 64 31 52
10 24 73 37 8
10 48 39 30 7
32 96 6 15 36
48 7 3 92 5
57 6 68 66 9
81 15 66 63 1
50 29 17 95 2
1 61 15 95 12
86 30 33 3 12
22 95 18 33 19
54 14 94 45 9
76 61 42 14 1
16 28 2 12 45
73 2 6 85 77
1 19 4 40 25
18 10 1 33 59
54 4 38 31 61
27 21 52 9 91
13 3 73 74 85
29 93 57 4 2
1 21 31 40 5
76 39 27 1 27
14 75 5 19 4
26 97 2 3 75
5 8 54 60 26
31 52 56 7 18
72 63 64 2 47
6 39 16 11 22
91 11 6 20 59
32 70 42 2 19
42 3 2 33 33
60 1 32 84 34
7 8 13 56 50
6 16 65 2 53
73 62 59 1 32
33 63 1 44 19
45 6 4 24 46
31 58 7 78 6
76 18 93 80 3
4 25 25 13 12
53 80 52 2 4
22 6 17 49 34
78 28 2 5 92
23 38 17 21 19
76 48 24 9 28
91 16 3 6 1
67 13 78 51 7
6 74 100 3 52
19 9 27 31 38
19 15 39 65 4
99 50 98 4 1
17 32 1 93 45
75 55 3 3 78
39 36 2 31 29
56 16 1 75 52
5 46 4 19 31
7 57 51 4 60
35 72 29 16 4
44 1 38 64 63
89 9 6 50 32
15 3 17 15 25
81 9 82 30 2
2 70 3 79 96
41 20 1 49 4
6 10 36 20 56
21 79 36 1 79
9 8 1 86 82
50 59 2 14 13
99 1 97 60 67
5 68 24 50 14
7 45 6 33 22
9 97 58 1 12
37 17 35 74 11
31 48 14 6 15
1 79 93 7 79
14 43 28 4 66
20 49 2 25 10
66 55 99 11 5
75 53 1 61 3
14 28 1 23 80
45 20 53 32 17
17 74 12 17 20
3 19 71 33 20
11 3 15 85 15
79 8 62 23 16
1 29 63 8 33
65 1 4 99 94
12 100 51 33 1
6 6 59 58 11
14 1 98 53 77
1 42 47 5 8
64 11 7 10 54
95 38 71 5 1
28 27 71 24 5
100 70 2 76 1
26 36 37 29 6
15 24 25 34 6
27 55 29 76 2
22 18 58 4 83
12 60 37 35 5
63 23 55 75 3
73 22 29 20 2
65 95 40 5 20
21 13 66 41 13
14 32 95 17 11
9 97 7 33 11
29 53 52 12 3
6 4 13 62 75
24 2 86 66 80
3 14 49 14 11
88 3 23 79 10
26 77 9 10 29
57 75 55 1 48
34 2 8 20 18
29 48 4 3 80
3 85 32 4 69
97 9 22 47 7
71 81 7 36 1
7 36 52 12 21
31 1 4 44 11
