300 5
0.07 0.37 0.78 0.69 0.41
0.55 0.36 0.70 0.69 0.47
0.56 0.72 0.50 0.24 0.58
0.64 0.15 0.13 0.48 0.06
0.36 0.14 0.26 0.37 0.01
0.26 0.31 0.64 0.08 0.05
0.21 0.69 0.85 0.16 0.31
0.04 0.42 0.95 0.34 0.88
0.09 0.19 0.41 0.23 0.39
0.76 0.36 0.08 0.22 0.23
0.12 0.41 0.34 0.39 0.73
0.16 0.35 0.39 0.82 0.36
0.01 0.81 0.57 0.03 0.10
0.05 0.21 0.24 0.38 0.05
0.73 0.94 0.36 0.16 0.76
0.36 0.16 0.25 0.27 0.71
0.49 0.73 0.19 0.13 0.34
0.57 0.44 0.17 0.83 0.06
0.24 0.62 0.12 0.71 0.15
0.53 0.13 0.50 0.12 0.38
0.01 0.02 0.25 0.18 0.45
0.42 0.20 0.04 0.05 0.23
0.92 0.03 0.43 0.02 0.18
0.14 0.02 0.04 0.21 0.47
0.25 0.31 0.23 0.41 0.34
0.58 0.27 0.03 0.70 0.98
0.25 0.29 0.61 0.02 0.56
0.24 0.80 0.93 0.80 0.04
0.03 0.88 0.20 0.97 0.37
0.48 0.17 0.01 0.77 0.95
0.02 0.15 0.98 0.25 0.36
0.40 0.71 0.20 0.06 0.19
0.61 0.01 0.37 0.51 0.65
0.20 0.49 0.04 0.10 0.45
0.34 0.05 0.99 0.15 0.59
0.02 0.37 0.64 0.70 0.43
0.81 0.76 1.00 0.02 0.38
0.22 0.11 0.54 0.14 0.93
0.33 0.05 0.12 0.20 0.03
0.02 0.24 0.81 0.34 0.10
0.04 0.47 0.35 0.39 0.15
0.09 0.71 0.54 0.12 0.98
0.74 0.87 0.01 0.13 0.01
0.22 0.32 0.19 0.12 0.46
0.88 0.03 0.93 0.60 0.02
0.01 0.39 0.05 0.46 0.13
0.54 0.59 0.37 0.01 0.37
0.17 0.69 0.24 0.22 0.45
0.83 0.23 0.71 0.23 0.02
0.73 0.11 0.01 0.21 0.62
0.03 0.31 0.80 0.99 0.40
0.36 0.20 0.08 0.03 0.62
0.98 0.34 0.57 0.01 0.05
0.07 0.60 0.71 0.30 0.06
0.55 0.42 0.87 0.02 0.30
0.23 0.20 0.89 0.64 0.24
0.88 0.10 0.39 0.05 0.60
0.12 0.43 0.32 0.18 0.02
0.10 0.20 0.16 0.81 0.66
0.66 0.95 0.05 0.60 0.09
0.23 0.42 0.03 0.35 0.20
0.51 0.03 0.67 0.09 0.61
0.39 0.22 0.45 0.19 0.07
0.73 0.03 0.64 0.96 0.14
0.07 0.40 0.13 0.31 0.36
0.33 0.86 0.01 0.16 0.63
0.16 0.64 0.22 0.11 0.86
0.01 0.43 0.03 0.13 0.02
0.07 0.97 0.42 0.04 0.86
0.01 0.07 0.12 0.79 0.10
0.58 0.03 0.61 0.05 0.83
0.31 0.38 0.01 0.28 1.00
0.81 0.01 0.39 0.81 0.52
0.20 0.13 0.26 0.31 0.20
0.21 0.21 0.89 0.15 0.86
0.68 0.16 0.99 0.03 0.35
0.30 0.81 0.40 0.09 0.63
0.16 0.38 0.06 0.86 0.31
0.75 0.12 0.83 0.04 0.84
0.92 0.16 0.29 0.11 0.24
0.08 0.01 0.96 0.08 0.80
0.02 0.36 0.55 0.17 0.39
0.31 0.99 0.20 0.03 0.81
0.30 0.13 0.09 0.71 0.06
0.22 0.02 0.27 0.18 0.04
0.76 0.15 0.27 0.04 0.58
0.09 0.66 0.93 0.02 0.56
0.35 0.29 0.27 0.24 0.02
0.14 0.40 0.64 0.16 0.78
0.38 0.30 0.11 0.11 0.39
0.89 0.02 0.91 0.01 0.86
0.06 0.45 0.12 0.06 0.16
0.10 0.78 0.76 0.53 0.01
0.23 0.11 0.17 0.26 0.40
0.77 0.14 0.30 0.05 0.78
0.59 0.55 0.70 0.02 0.30
0.43 0.50 0.01 0.26 0.41
0.45 0.45 0.01 0.60 0.56
0.56 0.34 0.02 0.95 0.87
0.32 0.12 0.46 0.66 0.03
0.20 0.33 0.01 0.07 0.44
0.12 0.45 0.65 0.12 0.13
0.68 0.58 1.00 0.06 0.06
0.12 0.18 0.89 0.05 0.09
0.11 0.44 0.01 0.95 0.03
0.51 0.97 0.07 0.10 0.05
0.28 0.09 0.78 0.09 0.84
0.38 0.33 0.01 0.53 0.14
0.12 0.18 0.23 0.56 0.28
0.91 0.01 0.32 0.66 0.67
0.43 0.11 0.12 0.63 0.01
0.37 0.27 0.44 0.28 0.01
0.51 0.02 0.16 0.17 0.88
0.71 0.40 0.55 0.12 0.03
0.08 0.16 0.02 0.61 0.40
0.62 0.76 0.48 0.08 0.09
0.10 0.09 0.76 0.11 0.57
0.78 0.04 0.20 0.85 0.04
0.04 0.30 0.05 0.35 0.65
0.04 0.35 0.13 0.05 0.02
0.07 0.56 0.55 0.02 1.00
0.09 0.23 0.19 0.26 0.26
0.11 0.16 0.07 0.17 0.90
0.48 0.01 0.60 0.55 0.64
0.58 0.09 0.59 0.13 0.43
0.11 0.34 0.07 0.78 0.12
0.26 0.70 0.06 0.06 0.58
0.12 0.28 0.22 0.08 0.35
0.93 0.01 0.07 0.45 0.22
0.05 0.15 0.09 0.95 0.97
0.31 0.59 0.02 0.03 0.26
0.64 0.60 0.02 0.71 0.01
0.14 0.21 0.20 0.74 0.21
0.28 0.02 0.20 0.91 0.42
0.72 0.39 0.60 0.01 0.62
0.07 0.11 0.93 0.25 0.41
0.01 0.53 0.64 0.98 0.01
0.44 0.44 0.30 0.25 0.01
0.71 0.03 0.96 0.08 0.64
0.01 0.10 0.01 0.11 0.54
0.53 0.18 0.34 0.17 0.15
0.07 0.04 0.11 0.43 0.92
0.68 0.56 0.06 0.07 0.04
0.19 0.15 0.36 0.06 0.89
0.87 0.81 0.94 0.02 0.07
0.26 0.19 0.12 0.39 0.13
0.50 0.50 0.85 0.02 0.18
0.09 0.04 0.15 0.16 0.34
0.94 0.11 0.83 0.24 0.01
0.40 0.45 1.00 0.25 0.01
0.77 0.25 0.55 0.04 0.13
0.67 0.02 0.03 0.86 0.24
0.31 0.34 0.41 0.06 0.66
0.07 0.29 0.74 0.07 0.77
0.11 0.45 0.93 0.02 0.56
0.10 0.19 0.43 0.28 0.11
0.03 0.13 0.15 0.71 0.35
0.34 0.01 0.63 0.70 0.83
0.11 0.21 0.25 0.09 0.59
0.54 0.07 0.72 0.93 0.02
0.27 0.03 0.31 0.12 0.04
0.86 0.41 0.03 0.05 0.69
0.66 0.01 0.65 0.59 0.42
0.48 0.11 0.01 0.84 0.45
0.70 0.22 0.10 0.66 0.01
0.42 0.90 0.45 0.02 0.68
0.14 0.18 0.43 0.23 0.02
0.14 0.07 0.94 0.06 0.47
0.70 0.01 0.94 0.46 0.11
0.31 0.29 0.25 0.14 0.12
0.68 0.34 0.23 0.02 0.24
0.51 0.47 0.45 0.02 0.28
0.29 0.80 0.01 0.06 0.93
0.01 0.23 0.59 1.00 0.05
0.12 0.54 0.86 0.04 0.23
0.26 0.32 0.53 0.13 0.18
0.38 0.99 0.89 0.01 0.47
0.54 0.85 0.92 0.01 0.30
0.08 0.46 0.24 0.84 0.01
0.45 0.13 0.07 0.37 0.32
0.07 0.15 0.41 0.85 0.08
0.57 0.73 0.94 0.04 0.14
0.83 0.01 0.81 0.17 0.98
0.15 0.08 0.54 0.11 0.58
0.91 0.30 0.06 0.54 0.08
0.36 0.10 0.14 0.11 0.50
0.39 0.11 0.02 0.49 0.09
0.15 0.37 0.06 0.99 0.08
0.91 0.81 0.59 0.02 0.23
0.10 0.19 0.21 0.07 0.97
0.95 0.16 0.97 0.01 0.79
0.01 0.18 0.17 0.09 0.79
0.09 0.24 0.34 0.07 0.87
0.05 0.02 0.36 0.94 0.12
0.01 0.08 0.61 0.54 0.04
0.03 0.04 0.96 0.22 0.32
0.99 0.52 0.09 0.12 0.02
0.47 0.01 0.73 0.61 0.83
0.30 0.54 0.37 0.04 0.79
0.43 0.13 0.03 0.75 0.07
0.03 0.81 0.39 0.10 0.38
0.03 0.37 0.89 0.14 0.38
0.96 0.08 0.41 0.91 0.02
0.30 0.25 0.08 0.31 0.09
0.56 0.05 0.59 0.01 0.90
0.03 0.47 0.61 0.08 0.24
0.65 0.01 0.58 0.95 0.60
0.23 0.75 0.03 0.12 0.09
0.20 0.06 0.06 0.20 0.40
0.27 0.32 0.06 0.07 0.41
0.69 0.62 0.02 0.60 0.01
0.03 0.21 0.30 0.24 0.41
0.01 0.78 0.64 0.05 0.05
0.74 0.04 0.59 0.08 0.35
0.05 0.09 0.56 0.05 0.88
0.24 0.22 0.38 0.10 0.43
0.04 0.01 0.02 0.18 0.27
0.45 0.51 0.56 0.01 0.53
0.26 0.08 0.03 0.11 0.11
0.64 0.87 0.61 0.04 0.08
0.65 0.26 0.60 0.05 0.14
0.81 0.32 1.00 0.01 0.35
0.02 0.23 0.29 0.59 0.01
0.06 0.35 0.91 0.03 0.69
0.85 0.71 0.07 0.03 0.12
0.35 0.98 0.71 0.01 0.29
0.15 0.37 0.10 0.73 0.08
0.34 0.27 0.81 0.08 0.76
0.28 0.08 0.42 0.29 0.03
0.15 0.90 0.56 0.03 0.91
0.17 0.45 0.10 0.03 0.31
0.20 0.51 0.03 0.06 0.56
0.01 0.10 0.60 0.59 0.15
0.22 0.31 0.02 0.41 0.16
0.27 0.04 0.71 0.09 0.59
0.03 0.15 0.91 0.06 0.97
0.05 0.83 0.63 0.01 0.34
0.97 0.04 0.41 0.06 0.05
0.66 0.89 0.44 0.11 0.01
0.24 0.34 0.19 0.49 0.06
0.19 0.20 0.13 0.03 0.40
0.56 0.01 0.05 0.55 0.03
0.39 0.17 0.70 0.05 0.73
0.17 0.65 0.94 0.03 0.02
0.98 0.07 0.53 0.14 0.01
0.46 0.91 0.43 0.02 0.76
0.52 0.15 0.08 0.04 0.90
0.23 0.14 0.44 0.06 0.46
0.92 0.15 0.20 0.02 0.82
0.87 0.74 0.04 0.01 0.59
0.10 0.02 0.31 0.45 0.19
0.06 0.70 0.14 0.02 0.76
1.00 0.01 0.59 0.06 0.92
0.33 0.01 0.77 0.04 0.36
0.15 0.21 0.15 0.04 0.77
0.73 0.64 0.14 0.50 0.01
0.19 0.34 0.64 0.01 0.94
0.48 0.58 0.19 0.01 0.25
0.07 0.47 0.30 0.02 0.20
0.92 0.75 0.01 0.13 0.02
0.84 0.08 0.56 0.05 0.92
0.58 0.10 0.17 0.07 0.25
0.02 0.41 0.03 0.50 0.37
0.82 0.07 0.41 0.07 0.46
0.89 0.48 0.15 0.02 0.52
0.93 0.44 0.81 0.03 0.09
0.28 0.80 0.01 0.05 0.01
0.79 0.35 0.96 0.04 0.04
0.76 0.93 0.06 0.01 0.72
0.44 0.75 0.24 0.03 0.16
0.04 0.05 0.25 0.11 0.07
0.56 0.05 0.86 0.01 0.85
0.09 0.01 0.72 0.25 0.22
0.14 0.05 0.10 0.35 0.15
0.30 0.10 0.30 0.07 0.28
0.01 0.01 0.47 0.83 0.46
0.38 0.51 0.72 0.01 0.58
0.05 0.24 0.51 0.04 0.63
0.32 0.40 0.83 0.57 0.01
0.54 0.53 0.02 0.26 0.08
0.02 0.25 0.44 0.58 0.40
0.04 0.84 0.31 0.04 0.01
0.72 0.15 0.77 0.10 0.14
0.02 0.46 0.93 0.04 1.00
0.29 0.90 0.06 0.04 0.86
0.74 0.03 0.39 0.07 0.37
0.44 0.98 0.26 0.01 0.52
0.20 0.01 0.27 0.08 0.15
0.87 0.02 0.59 0.03 0.47
0.89 0.18 0.67 0.03 0.33
0.89 0.15 0.48 0.05 0.53
0.21 0.24 0.22 1.00 0.05
0.48 0.15 0.03 1.00 0.04
0.66 0.08 0.58 0.03 0.51
0.44 0.33 0.20 0.07 0.17
0.21 0.04 0.59 0.01 0.62
0.22 0.33 0.28 0.95 0.03
0.56 0.01 0.30 0.07 0.03
0.05 0.91 0.20 0.02 0.17
0.28 0.01 1.00 0.61 0.13
