300 5
0.56 0.98 0.85 0.49 0.63
0.87 0.80 0.72 0.99 0.43
0.57 0.40 0.08 0.15 0.90
0.31 0.34 0.36 0.22 0.91
0.81 0.43 0.17 0.25 0.04
0.11 0.92 0.17 0.15 0.13
0.83 0.22 0.19 0.08 0.15
0.34 0.50 0.49 0.69 0.10
0.83 0.33 0.11 0.20 0.11
0.43 0.10 0.59 0.07 0.07
1.00 0.81 0.05 0.08 0.83
0.35 0.79 0.64 0.20 0.08
0.53 0.16 0.42 0.78 0.17
0.17 0.03 0.61 0.58 0.11
0.36 0.66 0.29 0.57 0.98
0.48 0.08 0.27 0.22 0.55
0.24 0.43 0.35 0.42 0.10
0.12 0.50 0.95 0.25 0.69
0.33 0.67 0.74 0.21 0.23
0.26 0.12 0.14 0.05 0.78
0.41 0.19 0.35 0.80 0.53
0.15 0.35 0.66 0.75 0.03
0.13 0.33 0.92 0.02 0.33
0.22 0.84 0.30 0.32 0.07
0.60 0.40 0.03 0.16 0.03
0.30 0.66 0.32 0.17 0.68
0.47 0.44 0.23 0.32 0.11
0.75 0.01 0.24 0.63 0.17
0.22 0.47 0.14 0.49 0.53
0.91 0.06 0.27 1.00 0.06
0.13 0.85 0.52 0.16 0.01
0.02 0.33 0.54 0.58 0.05
0.06 0.03 0.29 0.60 0.91
0.23 0.06 0.01 0.10 0.46
0.09 0.48 0.06 0.32 0.99
0.37 0.05 0.06 0.76 0.87
0.19 0.24 0.73 0.42 0.22
0.02 0.61 0.08 0.20 0.16
0.21 0.50 0.15 0.49 0.39
0.18 0.42 0.78 0.49 0.38
0.95 0.19 0.29 0.02 0.69
0.64 0.60 0.02 0.72 0.03
0.04 0.50 0.08 0.79 0.26
0.35 0.19 0.20 0.22 0.41
0.07 0.22 0.61 0.37 0.05
0.36 0.25 0.81 0.13 0.03
0.13 0.98 0.26 0.20 0.02
0.66 0.38 0.31 0.47 0.02
0.14 0.69 0.38 0.03 0.01
0.22 0.38 0.71 0.35 0.04
0.57 0.48 0.75 0.05 0.13
0.10 0.10 0.27 0.61 0.18
0.13 0.43 0.41 0.54 0.14
0.33 0.35 0.91 0.09 0.01
0.16 0.40 0.14 0.25 0.14
0.13 0.79 0.21 0.82 0.03
0.22 0.29 0.65 0.25 0.40
0.36 0.12 0.28 0.36 0.05
0.65 0.02 0.34 0.53 0.61
0.41 0.20 0.48 0.02 0.49
0.27 0.64 0.28 0.03 0.48
0.08 0.96 0.01 0.20 0.67
0.84 0.12 0.07 0.03 0.83
0.11 0.09 0.68 0.07 0.87
0.57 0.34 0.21 0.82 0.24
1.00 0.07 0.60 0.42 0.36
0.20 0.04 0.44 0.16 0.13
0.22 0.02 0.81 0.30 1.00
0.59 0.50 0.31 0.16 0.30
0.14 0.45 0.56 0.47 0.50
0.14 0.53 0.51 0.43 0.63
0.88 0.14 0.38 0.16 0.12
1.00 0.42 0.27 0.03 0.11
0.21 0.35 0.24 0.16 0.80
0.74 0.32 0.21 0.85 0.22
0.10 0.46 0.50 0.03 0.50
0.86 0.03 0.79 0.40 0.88
0.27 0.03 0.80 0.05 0.13
0.26 0.69 0.19 0.12 0.17
0.03 0.21 0.02 0.89 0.76
0.15 0.23 0.09 0.06 0.38
0.88 0.08 0.32 0.81 0.14
0.05 0.11 0.73 0.79 0.44
0.79 0.42 0.42 0.06 0.27
0.04 0.42 0.79 0.30 0.58
0.32 0.34 0.28 0.03 0.84
0.87 0.69 0.02 0.65 0.04
0.50 0.04 0.04 0.43 0.46
0.80 0.17 0.39 0.09 0.53
0.32 0.46 0.13 0.98 0.25
0.43 0.04 0.11 0.82 0.98
0.30 0.24 0.33 0.28 0.19
0.89 0.73 0.35 0.80 0.01
0.49 0.45 0.20 0.98 0.06
0.61 0.58 0.56 0.98 0.01
0.19 0.25 0.04 0.86 0.28
0.38 0.78 0.03 0.41 0.27
0.12 0.30 0.08 0.15 0.91
0.42 0.19 0.30 0.23 0.03
0.79 0.21 0.29 0.01 0.91
0.19 0.80 0.10 0.03 0.31
0.07 0.96 0.54 0.18 0.59
0.29 0.24 0.28 0.30 0.30
0.95 0.29 0.04 0.07 0.41
0.21 0.65 0.01 0.24 0.84
0.34 0.66 0.72 0.01 0.16
0.16 0.27 0.71 0.16 0.05
0.65 0.20 0.08 0.06 0.91
0.22 0.03 0.44 0.36 0.05
0.11 0.73 0.02 0.82 0.76
0.74 0.20 0.30 0.21 0.35
0.56 0.02 0.59 0.73 0.18
0.07 0.19 0.97 0.64 0.69
0.05 0.12 0.36 0.06 0.48
0.04 0.73 0.26 0.01 0.97
0.77 0.34 0.02 0.21 0.34
0.02 0.14 0.63 0.85 0.75
0.19 0.16 0.30 0.48 0.30
0.59 0.03 0.01 1.00 0.64
0.99 0.12 0.32 0.09 0.21
0.31 0.31 0.72 0.03 0.53
0.05 0.76 0.14 0.18 0.34
0.53 0.08 0.47 0.08 0.94
0.01 0.24 0.48 0.60 0.58
0.09 0.33 0.20 0.44 0.33
0.08 0.80 0.01 0.29 0.33
0.02 0.99 0.74 0.11 0.53
0.73 0.01 0.64 0.76 0.47
0.21 0.58 0.01 0.88 0.39
0.12 0.07 0.55 0.54 0.28
0.54 0.01 0.75 0.62 0.33
0.12 0.05 0.24 0.28 0.18
0.77 0.38 0.14 0.03 0.82
0.09 0.63 0.91 0.60 0.02
0.03 0.39 0.04 0.42 0.45
0.14 0.02 0.82 0.55 0.94
0.11 0.17 0.25 0.56 0.31
0.50 0.03 0.50 0.21 0.30
0.15 0.52 0.79 0.20 0.15
0.55 0.46 0.13 0.23 0.32
0.08 0.61 0.39 0.91 0.01
0.32 0.86 0.27 0.19 0.01
0.02 0.86 0.72 0.09 0.28
0.23 0.39 0.78 0.11 0.31
0.03 0.53 0.88 0.24 0.39
0.13 0.01 0.75 0.23 0.19
0.19 0.92 0.23 0.57 0.11
0.01 0.05 0.99 0.05 0.18
0.02 0.30 0.36 0.58 0.43
0.58 0.90 0.45 0.01 0.56
0.79 0.19 0.26 0.21 0.42
0.03 1.00 0.64 0.06 0.14
0.73 0.01 0.65 0.89 0.45
0.42 0.45 0.04 0.27 0.27
0.05 0.53 0.78 0.91 0.01
0.02 0.58 0.17 0.38 0.32
0.66 0.08 0.09 0.95 0.29
0.78 0.19 0.28 0.19 0.32
0.60 0.77 0.37 0.97 0.02
0.30 0.12 0.16 0.97 0.09
0.34 0.39 0.12 0.69 0.06
0.97 0.90 0.31 0.06 0.19
0.80 0.33 0.17 0.48 0.19
0.15 0.27 0.02 0.64 0.17
0.50 0.96 0.12 0.01 0.53
0.29 0.38 0.38 0.76 0.03
0.63 0.23 0.69 0.06 0.33
0.01 0.30 0.85 0.26 0.49
0.06 0.61 0.03 0.24 0.66
0.43 0.25 0.21 0.59 0.28
0.25 0.71 0.47 0.01 0.35
0.74 0.53 0.16 0.04 0.26
0.91 0.63 0.81 0.04 0.23
0.54 0.07 0.09 0.32 0.02
0.86 0.93 0.30 0.04 0.05
0.35 0.60 0.31 0.22 0.36
0.57 0.18 0.41 0.24 0.18
0.28 0.07 0.13 0.31 0.43
0.52 0.56 0.48 0.08 0.31
0.12 0.05 0.06 0.36 0.33
0.46 0.04 0.15 0.56 0.99
0.05 0.71 0.60 0.15 0.22
0.19 0.02 0.58 0.81 0.53
0.27 0.16 0.77 0.03 0.71
0.41 0.85 0.15 0.32 0.05
0.14 0.66 0.39 0.16 0.04
0.17 0.60 0.38 0.89 0.03
0.64 0.68 0.10 0.14 0.34
0.18 0.11 0.76 0.02 0.03
0.47 0.60 0.43 0.12 0.13
0.27 0.04 0.37 0.76 0.53
0.47 0.46 0.32 0.06 0.02
0.98 0.78 0.21 0.01 0.62
0.36 0.06 0.12 0.40 0.07
0.04 0.30 0.84 0.27 0.82
0.06 0.83 0.84 0.24 0.02
0.02 0.46 0.40 0.20 0.38
0.14 0.72 0.01 0.89 0.69
0.49 0.62 0.19 0.01 0.40
0.01 0.23 0.72 0.93 0.96
0.01 0.09 0.57 0.75 0.08
0.06 0.28 0.09 0.76 0.36
0.12 0.22 0.24 0.39 0.06
0.17 0.19 0.45 0.82 0.01
0.45 0.63 0.31 0.15 0.27
1.00 0.23 0.66 0.07 0.06
0.01 0.40 0.62 0.68 0.32
0.11 0.49 0.11 0.69 0.36
0.03 0.37 0.85 0.07 0.96
0.78 0.73 0.01 0.66 0.15
0.08 0.01 0.16 0.72 0.57
0.39 0.11 0.17 0.07 0.13
0.72 0.18 0.79 0.01 0.17
0.01 0.05 0.29 0.37 0.47
0.22 0.45 0.04 0.14 0.94
0.14 0.01 0.65 0.66 0.15
0.87 0.66 0.03 0.03 0.87
0.33 0.69 0.24 0.06 0.15
0.02 0.57 0.05 0.96 0.98
0.09 0.04 0.04 0.98 0.05
0.25 0.68 0.13 0.59 0.15
0.22 0.42 0.17 0.39 0.09
0.35 0.37 0.46 0.33 0.09
0.21 0.29 0.05 0.53 0.43
0.07 0.15 0.16 0.65 0.38
0.03 0.53 0.05 0.03 0.10
0.39 0.61 0.30 0.28 0.07
0.32 0.06 0.16 0.80 0.09
0.71 0.07 0.73 0.04 0.56
1.00 0.10 0.60 0.45 0.01
0.43 0.09 0.73 0.83 0.04
0.11 0.86 0.56 0.76 0.02
0.01 0.27 0.11 0.69 0.11
0.40 0.04 0.01 0.96 0.41
0.13 0.51 0.34 0.23 0.57
0.01 0.01 0.61 0.63 0.86
0.23 0.13 0.64 0.10 0.15
0.01 0.94 0.13 0.36 0.24
0.09 0.89 0.87 0.01 0.30
0.40 0.02 0.83 0.03 0.40
0.53 0.33 0.15 0.71 0.06
0.06 0.58 0.22 0.99 0.04
0.40 0.04 0.43 0.62 0.03
0.17 0.43 0.50 0.30 0.06
0.95 0.25 0.20 0.02 0.83
0.03 0.64 0.01 0.87 0.47
0.56 0.56 0.88 0.01 0.34
0.01 0.86 0.20 0.40 0.22
0.31 0.46 0.04 0.49 0.44
0.02 0.66 0.79 0.08 0.71
0.21 0.04 0.55 0.53 0.05
0.46 0.20 0.03 0.93 0.40
0.10 0.20 0.22 0.91 0.20
0.25 0.13 0.07 0.19 0.33
0.25 0.67 0.01 0.33 0.05
0.66 0.02 0.23 0.25 0.04
0.01 0.77 0.76 0.07 0.53
0.93 0.01 0.17 0.60 0.31
0.33 0.01 1.00 0.19 0.06
0.30 0.71 0.27 0.01 0.86
0.35 0.03 0.34 0.59 0.49
0.91 0.78 0.02 0.06 0.85
0.03 0.08 0.45 0.44 0.19
0.61 0.51 0.62 0.39 0.01
0.22 0.27 0.05 0.02 0.65
0.10 0.17 0.30 0.11 0.30
0.01 0.69 0.65 0.31 0.54
0.15 0.44 0.05 0.06 0.04
0.07 0.28 0.47 0.21 0.04
0.90 0.02 0.04 0.97 0.66
0.89 0.08 0.70 0.04 0.37
0.01 0.16 0.19 0.81 0.58
0.21 0.26 0.58 0.02 0.65
0.04 0.24 0.15 0.04 0.61
0.26 0.65 0.67 0.01 0.55
0.11 0.95 0.01 0.35 0.12
0.30 0.09 0.32 0.02 0.02
0.03 0.94 0.87 0.57 0.08
0.78 0.34 0.03 0.01 0.18
0.52 0.18 0.17 0.83 0.05
0.23 0.23 0.23 0.18 0.25
0.86 0.54 0.01 0.09 0.88
0.08 0.16 0.48 0.24 0.41
0.11 0.11 0.02 0.14 1.00
0.91 0.71 0.07 0.99 0.01
0.30 0.06 0.61 0.09 0.47
0.16 0.05 0.62 0.12 0.52
0.26 0.26 0.25 0.03 0.15
0.68 0.02 0.03 0.96 0.33
0.52 0.01 0.11 0.43 0.93
0.06 0.08 0.81 0.12 0.60
0.42 0.02 0.25 0.63 0.18
0.67 0.05 0.57 0.14 0.83
0.20 0.42 0.17 0.27 0.09
0.06 0.08 0.21 0.25 0.36
0.22 0.01 0.67 0.32 0.20
0.07 0.45 0.17 0.56 0.29
0.76 0.18 0.32 0.29 0.01
0.14 0.59 0.01 0.78 0.47
0.02 0.20 0.09 0.64 0.02
