300 5
0.05 0.66 0.92 0.13 0.39
0.20 0.24 0.14 0.70 0.54
0.42 0.21 0.05 0.86 0.25
0.31 0.06 0.46 0.60 0.13
0.11 0.11 0.08 0.10 0.22
0.01 0.10 0.21 0.20 0.20
0.83 0.79 0.04 0.13 0.41
0.61 0.71 0.78 0.57 0.15
0.32 0.41 0.89 0.03 0.27
0.75 0.47 0.06 0.23 0.17
0.17 0.14 0.07 0.31 0.10
0.63 0.41 0.44 0.05 0.72
0.77 0.70 0.47 0.48 0.06
0.20 0.43 0.04 0.32 0.05
0.56 0.67 0.65 0.08 0.28
0.47 0.07 0.26 0.93 0.05
0.07 0.34 0.49 0.97 0.04
0.37 0.09 0.68 0.32 0.32
0.08 0.52 0.98 0.16 0.53
0.39 1.00 0.03 0.11 0.66
0.26 0.94 0.05 0.08 0.92
0.93 0.91 0.86 0.06 0.19
0.68 0.06 0.19 0.70 0.93
0.11 0.23 0.13 0.03 0.14
0.73 0.81 0.61 0.55 0.01
0.58 0.01 0.54 0.28 0.27
0.53 0.36 0.02 0.25 0.30
0.60 0.61 0.04 0.03 0.49
0.29 0.09 0.59 0.78 0.42
0.12 0.38 0.27 0.50 0.02
0.88 0.03 0.17 0.51 0.82
0.57 0.19 0.03 0.23 0.49
0.12 0.33 0.03 0.70 0.10
0.47 0.07 0.29 0.10 0.47
0.43 0.03 0.25 0.02 0.33
0.18 0.05 0.17 0.36 0.44
0.39 0.03 0.02 0.17 0.39
0.48 0.05 0.82 0.68 0.30
0.07 0.69 0.48 0.47 0.08
0.37 0.17 0.03 0.27 0.13
0.66 0.74 0.01 0.84 0.79
0.10 0.63 0.09 0.74 0.07
0.32 0.04 0.45 0.35 0.40
0.28 0.36 0.29 0.01 0.47
0.83 0.61 0.91 0.05 0.09
0.06 0.54 0.89 0.89 0.16
0.10 0.08 0.40 0.83 0.15
0.21 0.09 0.48 0.16 0.72
0.21 0.15 0.06 0.03 0.07
0.51 0.15 0.21 0.67 0.03
0.02 0.22 0.30 0.13 0.11
0.05 0.73 0.07 0.56 0.95
0.33 0.39 0.02 0.04 0.30
0.52 0.42 0.63 0.01 0.26
0.52 0.32 0.92 0.01 0.94
0.41 0.14 0.85 0.24 0.02
0.87 0.65 0.16 0.90 0.02
0.17 0.02 0.15 0.10 0.87
0.47 0.04 0.36 0.17 0.18
0.07 0.41 0.98 0.21 0.08
0.02 0.02 0.74 0.48 0.53
0.09 0.35 0.20 0.31 0.48
0.92 0.18 0.50 0.79 0.02
0.27 0.64 0.04 0.19 0.56
0.14 0.01 0.85 0.30 0.08
0.13 0.80 0.07 0.27 0.20
0.26 0.54 0.01 0.70 0.96
0.14 0.12 0.38 0.26 0.09
0.53 0.54 0.25 0.78 0.02
0.17 0.32 0.27 0.16 0.10
0.52 0.01 0.54 0.08 0.04
0.28 0.32 0.25 0.39 0.06
0.65 0.02 0.27 0.31 0.37
0.03 0.85 0.89 0.25 0.03
0.42 0.35 0.12 0.02 0.30
0.07 0.59 0.91 0.12 0.21
0.85 0.28 0.53 0.32 0.06
0.08 0.07 0.49 0.32 0.01
0.55 0.99 0.01 0.43 0.55
0.71 0.57 0.73 0.07 0.05
0.07 0.50 0.11 0.82 0.58
0.16 0.05 0.09 0.35 0.33
0.08 0.52 0.42 0.05 0.99
0.03 0.22 0.73 0.08 0.16
0.57 0.46 0.01 0.89 0.06
0.08 0.87 0.94 0.11 0.04
0.13 0.05 0.66 0.55 0.50
0.60 0.40 0.77 0.01 0.09
0.66 0.05 0.22 0.05 0.41
0.99 0.80 0.11 0.01 0.05
0.21 0.01 0.72 0.69 0.95
0.78 0.25 0.04 0.11 0.58
0.10 0.72 0.05 0.47 0.15
0.99 0.01 0.25 0.60 0.58
0.43 0.01 0.50 0.52 0.73
0.03 0.12 0.08 0.41 0.25
0.84 0.23 0.23 0.48 0.01
0.02 0.27 0.56 0.05 0.21
0.10 0.13 0.68 0.06 0.08
0.29 0.71 0.03 0.14 0.61
0.06 0.58 0.10 0.37 0.96
0.17 0.23 0.28 0.02 0.31
0.13 0.45 0.01 0.77 0.77
0.75 0.90 0.75 0.05 0.04
0.49 0.58 0.21 0.14 0.05
0.11 0.08 0.30 0.21 0.07
0.16 0.63 0.08 0.68 0.01
0.39 0.02 0.87 0.27 0.20
0.75 0.02 0.05 0.10 0.62
0.93 0.64 0.17 0.27 0.03
0.05 0.06 0.87 0.51 0.36
0.01 0.03 0.66 0.41 0.34
0.17 0.07 0.85 0.04 0.87
0.15 0.06 0.06 0.22 0.93
0.01 0.44 0.04 0.98 0.88
0.07 0.39 0.20 0.30 0.45
0.48 1.00 0.39 0.36 0.02
0.83 0.76 0.01 0.43 0.53
1.00 0.15 0.01 0.96 0.88
0.64 0.02 0.18 0.37 0.48
0.35 0.14 0.10 0.07 0.94
0.12 0.91 0.44 0.11 0.13
0.62 0.02 0.03 0.17 0.97
0.20 0.54 0.11 0.27 0.12
0.92 0.49 0.01 0.24 0.69
0.94 0.34 0.41 0.45 0.01
0.81 0.01 0.13 0.31 0.84
0.11 0.19 0.47 0.04 0.48
0.72 0.96 0.02 0.40 0.22
0.79 0.14 0.26 0.60 0.08
0.01 0.87 0.91 0.15 0.67
0.01 0.63 0.80 0.12 0.33
0.64 0.12 0.49 0.18 0.02
0.32 0.12 0.02 0.49 0.30
0.01 0.74 0.52 0.04 0.80
0.46 0.96 0.01 0.97 0.22
0.16 0.64 0.03 0.39 0.39
0.14 0.17 0.19 0.04 0.52
0.02 1.00 0.99 0.47 0.10
0.21 0.27 0.01 0.51 0.03
0.09 0.88 0.18 0.80 0.12
0.66 0.01 0.51 0.17 0.62
0.33 0.05 0.59 0.04 0.13
0.01 0.07 0.72 0.18 0.39
0.06 1.00 0.15 0.38 0.40
0.04 0.94 0.47 0.09 0.69
0.02 0.60 0.54 0.02 0.73
0.14 0.44 0.10 0.15 0.06
0.06 0.40 0.19 0.01 0.22
0.88 0.05 0.01 0.75 0.91
0.17 0.25 0.18 0.05 0.09
0.04 0.20 0.01 0.64 0.03
0.05 0.28 0.53 0.04 0.32
0.87 0.63 0.01 0.26 0.23
0.18 0.94 0.04 0.26 0.65
0.03 0.64 0.55 0.04 0.28
0.28 0.61 0.29 0.26 0.05
0.05 0.02 0.71 0.94 0.63
0.28 0.67 0.01 0.41 0.69
0.64 0.99 0.01 0.08 0.44
0.29 0.12 0.06 0.09 0.29
0.05 0.11 0.28 0.30 0.19
0.79 0.01 0.19 0.68 0.01
0.01 0.56 0.70 0.10 0.53
0.73 0.51 0.02 0.01 0.89
0.32 0.05 0.05 0.27 0.50
0.55 0.14 0.02 0.78 0.25
0.21 0.08 0.04 0.47 0.12
0.94 0.86 0.03 0.10 0.17
0.75 0.50 0.68 0.02 0.04
0.70 0.75 0.28 0.37 0.04
0.04 0.49 0.56 0.53 0.09
0.08 0.03 0.42 0.48 0.92
0.55 0.35 0.09 0.38 0.06
0.07 0.35 0.07 0.31 0.65
0.72 0.17 0.01 0.60 0.98
0.01 0.32 0.34 0.04 0.03
0.67 0.10 0.31 0.31 0.03
0.05 0.58 0.16 0.38 0.07
0.49 0.02 0.48 0.28 0.11
0.38 0.02 0.07 0.32 0.66
0.10 0.44 0.09 0.38 0.34
0.87 0.01 0.07 0.93 0.07
0.31 0.01 0.49 0.50 0.85
0.85 0.88 0.78 0.03 0.01
0.04 0.11 0.63 0.13 0.75
0.04 0.99 0.06 0.18 0.58
0.67 0.82 0.04 0.07 0.15
0.60 0.01 0.38 0.72 0.79
0.11 0.96 0.08 0.09 0.20
0.56 0.02 0.19 0.26 0.64
0.19 0.07 0.04 0.85 0.53
0.79 0.10 0.35 0.01 0.35
0.04 0.10 0.39 0.79 0.18
0.12 0.80 0.93 0.10 0.02
0.57 0.08 0.33 0.01 0.44
0.69 0.52 0.01 0.46 0.72
0.78 0.02 0.44 0.05 0.20
0.03 0.17 0.28 0.46 0.09
0.06 0.52 0.33 0.94 0.02
0.03 0.18 0.46 0.28 0.11
0.01 0.88 0.15 0.75 0.11
0.18 0.98 0.01 0.51 0.55
0.65 0.72 0.31 0.46 0.01
0.24 0.03 0.40 0.37 0.32
0.76 0.93 0.20 0.38 0.04
0.01 0.52 0.01 0.11 0.74
0.28 0.07 0.29 0.21 0.66
0.43 0.55 0.13 0.94 0.01
0.15 0.38 0.06 0.36 0.32
0.31 0.03 0.62 0.12 0.17
0.10 0.08 0.13 0.52 0.79
0.71 0.10 0.19 0.37 0.26
0.14 0.79 0.30 0.99 0.01
0.73 0.02 0.16 0.34 0.02
0.20 0.13 0.01 0.35 0.69
0.08 0.04 0.46 0.11 0.21
0.67 0.02 0.30 0.15 0.07
0.50 0.43 0.13 0.53 0.01
0.62 0.01 0.21 0.72 0.73
0.43 0.25 0.02 0.08 0.54
0.72 0.37 0.23 0.01 0.17
0.01 0.34 0.08 0.10 0.65
0.50 0.92 0.73 0.01 0.13
0.54 0.55 0.69 0.02 0.02
0.74 0.01 0.31 0.56 0.83
0.54 0.02 0.14 0.04 0.78
0.01 0.91 0.15 0.42 0.03
0.12 0.05 0.95 0.09 0.59
0.83 0.08 0.43 0.05 0.17
0.16 0.08 0.86 0.08 0.48
0.01 0.64 0.05 0.54 0.72
0.02 0.56 0.57 0.99 0.02
0.07 0.20 0.70 0.16 0.08
0.41 0.09 0.02 0.96 0.24
0.03 0.78 0.30 0.90 0.08
0.38 0.01 0.06 0.65 0.79
0.34 0.31 0.02 0.43 0.12
0.07 0.02 0.63 0.54 0.45
0.36 0.03 0.30 0.56 0.69
0.16 0.01 0.17 0.41 0.69
0.87 0.38 0.01 0.23 0.39
0.09 0.08 0.78 0.02 0.66
0.15 0.49 0.01 0.31 0.95
0.48 0.02 0.43 0.06 0.68
0.52 0.69 0.12 0.60 0.02
0.51 0.01 0.46 0.92 0.02
0.83 0.11 0.04 0.15 0.78
0.04 1.00 0.04 0.52 0.13
0.03 0.31 0.20 0.01 0.97
0.12 0.03 0.23 0.56 0.90
0.18 0.22 0.03 0.36 0.42
0.17 0.03 0.64 0.67 0.17
0.61 0.01 0.45 0.16 0.38
0.79 0.03 0.04 0.05 0.26
0.49 0.34 0.42 0.82 0.02
0.29 0.06 0.06 0.93 0.55
0.06 0.04 0.87 0.30 0.62
0.73 0.46 0.01 0.18 0.92
0.14 0.35 0.07 0.08 0.72
0.42 0.08 0.80 0.01 0.02
0.20 0.18 0.99 0.04 0.28
0.20 0.01 0.74 0.36 0.16
0.39 0.02 0.57 0.69 0.54
0.54 0.90 0.90 0.25 0.01
0.14 0.03 0.73 0.13 0.91
0.16 0.24 0.01 0.05 0.76
0.06 0.06 0.23 0.44 0.15
0.84 0.68 0.03 0.53 0.01
0.11 0.32 0.35 0.11 0.01
0.13 0.03 0.31 0.71 0.59
0.01 0.65 0.04 0.56 0.59
0.19 0.12 0.02 0.02 0.33
0.02 0.08 0.51 0.96 0.96
0.89 0.01 0.44 0.06 0.22
0.22 0.58 0.04 0.41 0.02
0.51 0.02 0.38 0.54 0.55
0.19 0.28 0.09 0.16 0.19
0.56 0.23 0.55 0.01 0.86
0.02 0.19 0.73 0.15 0.12
0.15 0.20 0.13 0.01 0.23
0.03 0.27 0.97 0.94 0.04
0.64 0.91 0.01 0.14 0.50
0.51 0.83 0.08 0.01 0.07
0.03 0.11 0.20 0.32 0.73
0.29 0.08 0.10 0.15 0.02
0.25 0.01 0.59 0.51 0.65
0.34 0.71 0.05 0.18 0.11
0.55 0.46 0.01 0.14 0.68
0.05 0.16 0.71 0.05 0.01
0.02 0.39 0.07 0.60 0.16
0.03 0.54 0.75 0.31 0.01
0.40 0.05 0.31 0.15 0.18
0.04 0.19 0.69 0.19 0.43
0.31 0.57 0.38 0.01 0.11
0.34 0.09 0.22 0.09 0.73
0.38 0.02 0.14 0.11 0.59
0.11 0.63 0.07 0.21 0.27
0.05 0.07 0.69 0.56 0.06
0.29 0.54 0.70 0.02 0.12
