300 5
70 28 37 73 68
87 68 69 4 78
94 17 25 82 97
71 85 5 20 67
18 6 52 62 5
47 8 20 45 44
29 30 15 81 14
27 60 32 42 7
39 50 2 7 76
39 74 9 59 55
82 71 18 38 55
75 19 46 26 6
19 41 73 14 37
3 13 40 27 41
77 68 48 4 40
15 12 34 57 36
91 36 38 23 8
32 23 25 44 20
51 34 7 19 4
50 16 40 28 2
13 1 39 41 93
62 6 16 38 77
52 50 37 9 23
35 59 77 22 24
97 21 29 31 74
37 21 30 14 14
6 49 17 36 60
9 12 12 7 90
54 8 7 9 56
92 13 15 17 29
81 10 75 47 7
14 9 37 39 78
39 95 20 50 7
19 50 25 19 3
29 34 85 4 31
69 20 11 23 34
71 6 40 11 23
37 17 9 50 45
18 19 15 19 49
20 28 4 48 40
5 46 71 5 79
8 73 2 1 20
12 6 26 96 58
2 30 43 71 91
41 51 98 1 34
18 67 7 81 71
96 21 83 18 12
10 34 41 94 16
34 48 13 9 58
6 85 2 90 81
5 67 43 25 76
26 58 29 2 30
23 15 27 41 27
12 5 33 19 15
93 11 16 77 19
70 3 20 83 99
30 11 11 75 36
6 10 25 27 39
73 4 69 49 37
30 48 13 51 31
16 9 38 65 13
40 2 37 7 58
92 77 1 49 59
17 10 6 14 13
94 5 32 75 11
7 33 16 5 8
5 93 62 6 55
15 83 1 2 1
73 51 55 4 64
4 48 59 4 41
42 55 2 13 41
28 32 23 23 2
26 32 60 3 31
1 73 69 71 90
22 22 26 29 8
12 13 30 18 7
1 20 62 6 55
4 97 51 11 78
54 64 1 75 80
12 49 5 45 5
2 43 27 30 29
56 18 98 3 23
97 48 2 3 73
2 2 44 49 17
7 73 13 74 99
3 62 17 42 36
28 15 1 3 50
70 57 31 8 4
51 1 46 87 77
79 3 77 57 11
14 7 4 61 62
7 36 7 28 3
28 5 90 15 72
46 48 4 42 45
30 79 20 9 3
17 1 9 7 58
4 17 84 8 51
23 43 28 2 8
11 31 89 57 12
1 100 17 78 85
63 5 43 2 71
90 8 2 87 66
15 12 3 89 62
2 35 4 12 94
27 1 100 87 57
47 5 14 11 17
3 90 50 82 5
16 33 30 4 96
10 73 58 26 1
38 63 5 8 44
62 42 79 2 61
4 42 71 11 1
7 56 5 20 6
36 35 1 11 48
75 79 90 2 3
3 67 3 24 90
2 67 19 5 24
7 48 2 30 30
10 16 77 69 2
1 29 99 52 50
86 1 5 87 93
5 72 54 27 16
4 44 35 33 17
28 48 5 70 18
19 66 2 20 56
7 12 29 48 1
24 2 2 16 67
87 18 96 1 92
19 3 73 7 54
14 24 4 14 8
1 20 53 78 23
92 79 1 82 10
4 50 23 37 13
42 70 1 62 40
1 72 26 29 55
25 35 74 2 62
95 32 1 97 32
64 8 7 43 17
56 4 58 3 79
1 28 13 15 88
1 32 51 88 73
3 50 19 27 58
55 47 44 1 65
57 2 27 63 47
18 7 81 11 34
30 15 1 27 47
63 61 26 1 87
11 13 83 20 47
2 57 15 86 86
36 3 33 11 16
88 14 4 53 26
4 12 3 9 41
56 40 3 96 38
11 5 34 25 19
48 7 97 37 14
1 58 69 33 31
66 1 70 71 4
90 7 53 9 7
63 8 61 8 45
43 16 9 8 44
97 11 51 2 37
3 60 15 63 2
4 83 66 18 21
5 21 28 81 4
90 51 4 3 8
5 2 42 6 42
63 11 54 51 11
2 40 20 98 11
3 37 6 42 64
77 14 2 7 51
3 19 33 70 71
1 87 12 6 7
60 2 65 55 11
10 34 80 1 13
4 41 16 58 2
88 23 2 2 69
42 11 86 39 12
45 21 3 7 46
80 1 82 39 51
86 17 25 29 11
14 6 77 93 14
2 14 5 16 50
16 59 1 85 89
46 5 57 92 7
17 18 24 58 6
64 55 6 1 13
48 65 18 1 88
4 10 30 23 43
61 1 55 56 41
33 20 4 43 18
60 21 94 1 19
2 73 35 1 94
1 64 31 43 19
23 10 54 5 28
44 18 58 2 62
100 27 26 3 1
2 80 71 19 17
14 12 63 18 16
32 20 6 89 10
53 58 9 95 2
5 15 83 42 37
96 14 2 93 28
61 19 96 1 76
11 37 1 56 6
28 1 22 80 47
53 7 24 18 7
82 30 7 79 3
71 21 37 10 21
57 11 64 78 4
12 1 17 93 93
22 41 82 39 1
95 32 14 40 1
1 20 59 11 30
31 35 12 39 1
88 22 2 62 30
71 44 58 1 51
32 46 16 7 2
29 5 16 67 39
41 54 45 1 32
5 64 2 84 7
96 4 55 97 3
2 61 77 10 26
12 21 91 4 9
1 21 32 24 79
1 33 23 65 85
25 32 7 39 5
1 79 72 33 21
64 10 34 86 1
34 8 85 67 4
3 43 45 35 11
58 5 25 66 14
7 26 80 4 94
82 15 67 2 70
92 4 54 96 11
12 28 6 46 11
20 28 18 43 1
8 16 64 2 52
29 35 3 13 6
75 1 5 1 32
76 1 60 38 3
97 45 3 4 4
2 73 4 88 83
1 39 16 62 68
10 23 11 5 9
5 92 5 59 15
91 12 7 26 1
36 33 70 1 41
21 9 27 19 26
45 76 1 2 78
94 58 1 29 32
54 13 5 4 54
59 61 57 1 26
65 6 1 76 74
1 37 19 6 6
10 79 34 2 13
55 2 77 62 15
8 27 48 46 36
37 9 16 18 10
20 21 51 42 2
58 2 72 95 12
40 4 7 24 19
1 85 58 87 3
95 3 32 84 5
71 3 50 79 12
53 9 2 56 56
87 36 18 33 1
38 5 17 90 37
33 2 20 51 1
9 10 19 56 69
26 1 28 68 45
86 30 64 27 1
94 13 16 13 6
46 2 89 5 84
53 18 5 41 2
35 30 91 3 47
60 1 27 65 25
57 55 2 67 3
9 14 99 33 19
51 11 12 12 52
42 19 1 13 47
51 3 4 43 51
80 8 48 36 2
97 35 61 1 19
18 28 2 49 90
50 9 85 1 64
47 39 2 41 42
27 16 1 100 81
23 3 58 2 81
97 20 71 6 4
15 28 2 92 21
26 3 52 57 1
8 45 14 7 39
21 69 2 32 21
16 4 21 72 68
33 16 90 7 12
72 32 83 1 44
92 67 99 3 5
3 90 4 70 7
22 11 64 84 1
52 17 50 19 6
