300 5
0.54 0.66 0.32 0.17 0.70
0.48 0.09 0.89 0.52 0.30
0.27 0.23 0.68 0.66 0.96
0.68 0.78 0.32 0.25 0.53
0.25 0.31 0.21 0.04 0.45
0.31 0.16 0.59 0.47 0.31
0.50 0.23 0.13 0.16 0.93
0.30 0.20 0.66 0.50 0.80
0.86 0.92 0.68 0.68 0.18
0.60 0.65 0.25 0.28 0.33
0.69 0.99 0.21 0.37 0.14
0.27 0.85 0.37 0.41 0.20
0.21 0.17 0.94 0.15 0.49
0.32 0.08 0.11 0.67 0.71
0.77 0.08 0.52 0.27 0.45
0.30 0.13 0.73 0.49 0.12
0.56 0.12 0.28 0.41 0.33
0.60 0.14 0.26 0.48 0.42
0.01 0.02 0.12 0.38 0.20
0.18 0.22 0.36 0.35 0.17
0.27 0.22 0.52 0.20 0.37
0.30 0.67 0.13 0.07 0.41
0.36 0.17 0.06 0.19 0.43
0.02 0.46 0.83 0.32 0.93
0.16 0.32 0.18 0.19 0.89
0.11 0.11 0.07 0.19 0.24
1.00 0.25 0.51 0.54 0.14
0.95 0.50 0.59 0.71 0.16
0.02 0.40 0.46 0.15 0.26
0.57 0.89 0.38 0.28 0.02
0.23 0.33 0.87 0.01 0.44
0.05 0.10 0.35 0.08 0.05
0.37 0.94 0.06 0.21 0.40
0.14 0.07 0.23 0.03 0.68
0.41 0.55 0.16 0.02 0.75
0.24 0.19 0.18 0.72 0.15
0.32 0.23 0.03 0.33 0.77
0.76 0.28 0.34 0.04 0.04
0.46 0.83 0.07 0.03 0.43
0.29 0.07 0.56 0.06 0.30
0.74 0.74 0.04 0.43 0.49
0.35 0.79 0.45 0.06 0.37
0.30 0.60 0.85 0.03 0.40
0.50 0.48 0.13 0.11 0.06
0.62 0.08 0.48 0.06 0.45
0.99 0.42 0.99 0.77 0.02
0.64 0.32 0.19 0.10 0.88
0.11 0.06 0.36 0.09 0.13
0.89 0.65 0.01 0.03 0.96
0.93 0.42 0.06 0.04 0.23
0.37 0.40 0.74 0.03 0.11
0.64 0.33 0.16 0.66 0.01
0.47 0.36 0.11 0.08 0.82
0.27 0.19 0.48 0.03 0.17
0.79 0.36 0.24 0.21 0.05
0.86 0.84 0.03 0.42 0.25
0.03 0.60 0.40 0.16 0.19
0.11 0.19 0.74 0.06 0.18
0.36 0.24 0.87 0.01 0.65
0.36 0.48 0.22 0.67 0.17
0.24 0.14 0.32 0.21 0.19
0.70 0.36 0.11 0.77 0.19
0.17 0.50 0.40 0.06 0.61
0.06 0.02 0.15 0.26 0.08
0.73 0.66 0.09 0.78 0.16
0.15 0.57 0.24 0.13 0.40
0.57 0.34 0.49 0.51 0.02
0.02 0.04 0.30 0.26 0.99
0.03 0.92 0.72 0.06 0.45
0.66 0.04 0.59 0.87 0.07
0.55 0.95 0.05 0.64 0.61
0.02 0.07 0.51 0.23 0.94
0.88 0.21 0.05 0.16 0.93
0.47 0.98 0.89 0.01 0.21
0.81 0.01 0.51 0.79 0.97
0.88 0.22 0.33 0.03 0.14
0.01 0.44 0.55 0.38 0.03
0.75 0.06 0.14 0.49 0.18
0.67 0.70 0.34 0.24 0.02
0.50 0.45 0.19 0.25 0.12
0.15 0.12 0.28 0.17 0.48
0.31 0.76 0.02 0.54 0.65
0.15 0.70 0.16 0.81 0.01
0.28 0.08 0.41 0.02 0.21
0.68 0.18 0.14 0.16 0.97
0.26 0.09 0.69 0.27 0.02
0.94 0.34 0.12 0.61 0.11
0.01 0.39 0.45 0.28 0.24
0.11 0.01 0.26 0.59 0.83
0.08 0.74 0.01 0.79 0.18
0.78 0.51 0.52 0.01 0.48
0.77 0.38 0.66 0.01 0.34
0.23 0.79 0.23 0.08 0.58
0.04 0.48 0.76 0.15 0.09
0.10 0.34 0.14 0.81 0.02
0.85 0.27 0.33 0.13 0.16
0.79 0.04 0.25 0.03 0.30
0.46 0.15 0.29 0.07 0.35
0.01 0.19 0.65 0.44 0.12
0.29 0.54 0.10 0.10 0.62
0.17 0.58 0.08 0.62 0.04
0.79 0.45 0.55 0.56 0.01
0.32 0.42 0.31 0.09 0.03
0.52 0.88 0.05 0.70 0.32
0.22 0.32 0.26 0.35 0.03
0.69 0.33 0.03 0.86 0.37
0.19 0.90 0.90 0.02 0.68
0.09 0.98 0.52 0.35 0.03
0.49 0.95 0.12 0.01 0.56
0.45 0.33 0.55 0.30 0.03
0.07 1.00 0.80 0.03 0.30
0.20 0.03 0.85 0.03 0.30
0.48 0.95 0.06 0.27 0.27
0.82 0.98 0.41 0.10 0.02
0.15 0.47 0.29 0.16 0.06
0.32 0.55 0.05 0.14 0.26
0.07 0.93 0.11 0.01 0.37
0.36 0.03 0.78 0.22 0.96
0.51 0.74 0.03 0.49 0.06
0.97 0.35 0.23 0.13 0.03
0.16 0.16 0.10 0.93 0.21
0.47 0.68 0.78 0.74 0.01
0.04 0.90 0.38 0.08 0.32
0.21 0.22 0.02 0.22 0.08
0.79 0.88 0.04 0.19 0.35
0.91 0.60 0.17 0.09 0.53
0.18 0.05 0.97 0.17 0.21
0.52 0.29 0.39 0.14 0.03
0.71 0.63 0.79 0.06 0.09
0.52 0.03 0.20 0.04 0.44
0.15 0.04 0.06 0.04 0.38
0.99 0.41 0.23 0.08 0.21
0.06 0.88 0.64 0.03 0.61
0.01 0.08 0.27 0.12 0.23
0.01 0.27 0.69 0.11 0.32
0.76 0.01 0.85 0.47 0.77
0.56 0.01 0.17 0.19 0.96
0.45 0.59 0.08 0.03 0.07
0.58 0.92 0.52 0.06 0.03
0.77 0.02 0.11 0.93 0.05
0.04 0.06 0.23 0.29 0.07
0.16 0.69 0.09 0.02 0.19
0.81 0.03 0.06 0.54 0.98
0.18 0.39 0.06 0.09 0.07
0.20 0.12 0.28 0.89 0.01
0.06 0.47 0.06 0.87 0.79
0.90 0.01 0.53 0.04 0.64
0.08 0.39 0.35 0.04 0.09
0.17 0.60 0.06 0.03 0.55
0.08 0.09 0.99 0.27 0.06
0.56 0.66 0.02 0.03 0.85
0.37 0.35 0.22 0.23 0.01
0.68 0.63 0.01 1.00 0.27
0.03 0.55 0.46 0.98 0.08
0.20 0.65 0.05 0.79 0.41
0.02 0.78 0.59 0.17 0.02
0.65 0.99 0.34 0.02 0.16
0.89 0.57 0.01 0.64 0.56
0.04 0.02 0.20 0.05 0.24
0.98 0.76 0.05 0.01 0.74
0.57 0.12 0.51 0.07 0.20
0.13 0.49 0.06 0.34 0.13
0.58 0.65 0.05 0.02 0.87
0.08 0.36 0.08 0.78 0.15
0.12 0.02 0.10 0.17 0.63
0.02 0.21 0.62 0.42 0.06
0.75 0.37 0.01 0.93 0.28
0.92 0.30 0.28 0.19 0.04
0.19 0.55 0.39 0.40 0.03
0.90 0.23 0.75 0.03 0.01
0.94 0.27 0.20 0.83 0.04
0.56 0.36 0.18 0.08 0.19
0.04 0.88 0.21 0.08 0.07
0.08 0.94 0.05 0.50 0.60
0.67 0.52 0.03 0.20 0.08
0.09 0.01 0.42 0.01 0.65
0.67 0.09 0.61 0.55 0.01
0.18 0.22 0.01 0.68 0.83
0.03 0.13 0.84 0.47 0.04
0.51 0.81 0.01 0.01 0.45
0.54 0.50 0.01 0.33 0.33
0.95 0.18 0.03 0.11 0.70
0.24 0.16 0.02 0.17 0.12
0.12 0.27 0.05 0.33 0.16
0.18 0.89 0.04 0.20 0.26
0.23 0.07 0.05 0.68 0.15
0.02 0.80 0.06 0.70 0.95
0.66 0.28 0.01 0.21 0.69
0.89 0.15 0.03 0.57 0.74
0.25 0.20 0.54 0.04 0.02
0.08 0.74 0.08 0.11 0.25
0.14 0.12 0.27 0.19 0.04
0.01 1.00 0.06 0.51 0.37
0.91 0.21 0.07 0.69 0.01
0.84 0.25 0.04 0.14 0.87
0.70 0.22 0.02 0.15 0.33
0.71 0.04 0.07 0.74 0.30
0.82 0.18 0.95 0.14 0.04
0.47 0.08 0.02 0.18 0.32
0.74 0.95 0.03 0.60 0.03
0.38 0.47 0.22 0.02 0.17
0.75 0.62 0.08 0.02 0.75
0.01 0.53 0.53 0.06 0.05
0.43 0.01 0.59 0.97 0.33
0.05 0.87 0.78 0.13 0.02
0.27 0.39 0.49 0.42 0.01
0.07 0.41 0.24 0.11 0.23
0.14 0.58 0.01 0.18 0.51
0.69 0.02 0.94 0.65 0.02
0.20 0.28 0.04 0.38 0.27
0.70 0.88 0.65 0.02 0.10
0.63 0.65 0.14 0.58 0.04
0.03 0.99 0.07 0.78 0.34
0.85 0.50 0.34 0.01 0.10
0.32 0.01 0.31 0.18 0.68
0.03 0.10 0.29 0.54 0.17
0.05 0.04 0.44 0.49 0.01
0.89 0.05 0.33 0.02 0.49
0.08 0.52 0.13 0.17 0.84
0.16 0.48 0.37 0.32 0.03
0.79 0.17 0.27 0.96 0.03
0.72 0.05 0.03 0.56 0.61
0.01 0.38 0.24 0.01 0.18
0.56 0.42 0.04 0.01 0.74
0.57 0.11 0.35 0.96 0.03
0.81 0.20 0.17 0.14 0.05
0.06 0.98 0.02 0.94 0.82
0.62 0.58 0.13 0.50 0.04
0.57 0.04 0.11 0.83 0.22
0.04 0.16 0.10 0.18 0.59
0.10 0.13 0.67 0.21 0.03
0.66 0.13 0.15 0.25 0.01
0.02 0.15 0.37 0.20 0.21
0.43 0.87 0.71 0.01 0.05
0.69 0.71 0.04 0.13 0.66
0.12 0.40 0.04 0.19 0.35
0.12 0.19 0.05 0.62 0.60
0.14 0.33 0.08 0.18 0.10
0.19 0.64 0.04 0.75 0.34
0.63 0.54 0.03 0.25 0.06
0.86 0.03 0.02 0.86 0.74
0.99 0.21 0.11 0.15 0.17
0.05 0.86 0.13 0.28 0.14
0.49 0.61 0.01 0.39 0.14
0.91 0.65 0.22 0.01 0.54
0.05 0.01 0.69 0.99 0.74
0.10 0.13 0.13 0.40 0.16
0.33 0.03 0.05 0.43 0.26
0.04 0.97 0.06 0.77 0.74
0.01 0.07 0.09 0.61 0.23
0.48 0.10 0.27 0.92 0.05
0.01 0.54 0.13 0.15 0.48
0.69 0.60 0.86 0.18 0.01
0.48 0.08 0.05 0.21 0.04
0.81 0.59 0.01 0.10 0.57
0.03 0.23 0.08 0.18 0.34
0.55 0.58 0.19 0.04 0.19
0.45 0.08 0.03 0.12 0.30
0.72 0.02 0.80 0.22 0.21
0.72 0.66 0.08 0.01 0.33
0.94 0.16 1.00 0.01 0.64
0.30 0.53 0.18 0.15 0.04
0.15 0.16 0.27 0.02 0.96
0.26 0.57 0.05 0.01 0.92
0.45 0.36 0.33 0.12 0.15
0.12 0.01 0.18 0.88 0.65
0.82 0.02 0.95 0.01 0.13
0.48 0.16 0.49 0.02 0.19
0.83 0.63 0.38 0.02 0.03
0.14 0.30 0.17 0.25 0.20
0.11 0.10 0.67 0.09 0.02
0.99 0.36 0.61 0.04 0.01
0.97 0.02 0.53 0.36 0.01
0.05 0.72 0.07 0.84 0.35
0.97 0.44 0.29 0.11 0.03
0.02 0.60 0.02 0.94 0.44
0.64 0.76 0.11 0.94 0.01
0.31 0.84 0.80 0.39 0.01
0.11 0.01 0.01 0.62 0.33
0.26 0.08 0.74 0.18 0.10
0.11 0.52 0.03 0.67 0.08
0.40 0.05 0.11 0.45 0.24
0.81 0.92 0.01 0.94 0.12
0.14 0.45 0.42 0.33 0.02
0.70 0.23 0.04 0.54 0.06
0.06 0.51 0.05 0.65 0.81
0.05 0.56 0.20 0.01 0.06
0.32 0.19 0.15 0.06 0.36
0.72 0.17 0.98 0.01 0.18
0.05 0.03 0.42 0.65 0.15
0.81 0.25 0.01 0.52 0.65
0.15 0.39 0.03 0.53 0.35
0.06 0.93 0.06 0.77 0.04
0.34 0.15 0.12 0.39 0.06
0.99 0.10 0.15 0.09 0.16
0.02 0.09 0.52 0.77 0.04
0.84 0.22 0.01 0.34 0.89
0.66 0.78 0.02 0.43 0.06
0.07 0.18 0.09 0.59 0.32
0.23 0.97 0.02 0.16 0.97
