0.90 0.00 0.24 0.73
0.87 0.74 0.24 0.51
0.54 0.94 0.19 0.60
0.19 0.85 0.78 1.00
0.19 0.66 0.81 0.11
0.63 0.76 0.79 0.74
0.95 0.21 0.29 0.18
0.65 0.91 0.80 0.71
0.24 0.74 0.31 0.15
0.37 0.15 0.47 0.02
0.75 0.32 0.46 0.74
0.21 0.74 0.58 0.93
0.13 0.89 0.62 0.75
0.33 0.65 0.76 0.88
0.62 0.03 0.80 0.58
0.98 0.44 0.05 0.77
0.02 0.33 0.35 0.02
0.53 0.53 0.17 0.94
0.96 0.87 0.18 0.60
0.09 0.24 0.58 0.04
0.71 0.18 0.35 0.41
0.03 0.72 0.31 0.83
0.35 0.14 0.88 0.30
0.27 0.79 0.02 0.89
0.66 0.14 0.57 0.24
0.78 0.03 0.79 0.63
0.68 0.04 0.81 0.21
0.90 0.58 0.21 0.15
0.77 0.75 0.13 0.92
0.17 0.01 0.86 0.18
0.66 0.05 0.72 0.93
0.61 0.63 0.15 0.85
0.92 0.17 0.17 0.40
0.63 0.10 0.69 0.60
0.96 0.88 0.18 0.27
0.58 0.75 0.09 0.76
0.71 0.66 0.22 0.11
0.94 0.56 0.03 0.33
0.51 0.07 0.52 0.60
0.87 0.30 0.25 0.94
0.74 0.71 0.10 0.29
0.10 0.04 0.65 0.73
0.02 0.85 0.12 0.81
0.26 0.33 0.32 0.60
0.93 0.11 0.28 0.38
0.82 0.04 0.67 0.28
0.55 0.65 0.34 0.01
0.52 0.93 0.16 0.08
0.68 0.81 0.09 0.52
0.68 0.07 0.37 0.82
0.71 0.60 0.12 0.77
0.76 0.22 0.01 0.86
0.58 0.14 0.43 0.70
0.82 0.03 0.55 0.61
0.88 0.79 0.03 0.75
0.26 0.59 0.24 0.86
0.74 0.22 0.29 0.73
0.21 0.26 0.24 0.89
0.28 0.79 0.17 0.87
0.29 0.18 0.52 0.12
0.60 0.74 0.15 0.65
0.95 0.24 0.28 0.04
0.60 0.62 0.95 0.01
0.52 0.68 0.33 0.16
0.59 0.68 0.24 0.84
0.78 0.60 0.16 0.44
0.72 0.56 0.16 0.54
0.72 0.58 0.29 0.05
0.51 0.91 0.30 0.40
0.01 0.52 0.55 0.29
0.56 0.08 0.10 0.71
0.30 0.66 0.13 0.53
0.97 0.08 0.97 0.10
0.57 0.78 0.10 0.70
0.83 0.06 0.54 0.59
0.17 0.41 0.15 0.76
0.86 0.98 0.11 0.19
0.62 0.01 0.83 0.03
0.56 0.84 0.04 0.62
0.38 0.25 0.45 0.78
0.79 0.08 0.28 0.38
0.83 0.74 0.21 0.09
0.72 0.79 0.09 0.54
0.76 0.08 0.65 0.58
0.13 0.13 0.27 0.11
0.36 0.09 0.32 0.50
0.34 0.89 0.04 0.62
0.53 0.01 0.33 0.07
0.75 0.45 0.06 0.52
0.07 0.13 0.82 0.85
0.18 0.06 0.76 0.62
0.87 0.83 0.13 0.09
0.02 0.53 0.32 0.65
0.68 0.86 0.01 0.96
0.05 0.13 1.00 0.99
0.10 0.72 0.25 0.09
0.54 0.68 0.10 0.15
0.92 0.82 0.03 0.66
0.98 0.21 0.05 0.47
0.19 0.70 0.14 0.95
0.65 0.65 0.13 0.54
0.62 0.03 0.23 0.66
0.56 0.49 0.04 0.58
0.87 0.06 0.13 1.00
0.69 0.91 0.03 0.75
0.43 0.81 0.10 0.62
0.03 0.30 0.60 0.15
0.46 0.67 0.97 0.01
0.65 0.69 0.09 0.11
0.54 0.41 0.14 0.81
0.72 0.04 0.09 0.19
0.94 0.52 0.26 0.14
0.60 0.59 0.16 0.08
0.75 0.28 0.70 0.01
0.01 0.74 0.09 0.62
0.52 0.91 0.34 0.01
0.10 0.18 0.81 0.70
0.71 0.75 0.02 0.93
0.04 0.54 0.03 0.12
0.85 0.24 0.07 0.33
0.03 0.29 0.61 0.65
0.69 0.34 0.19 0.29
0.33 0.01 0.62 0.85
0.64 0.67 0.02 0.82
0.36 0.35 0.21 0.74
0.54 0.07 0.32 0.21
0.50 0.86 0.24 0.03
0.96 0.05 0.06 0.87
0.51 0.06 0.33 0.03
0.25 0.12 0.12 0.03
0.34 0.61 0.24 0.02
0.27 0.09 0.59 0.98
0.91 0.51 0.01 0.54
0.95 0.29 0.02 0.09
0.24 0.12 0.69 0.66
0.11 0.26 0.19 0.70
0.47 0.12 0.10 1.00
0.29 0.41 0.10 0.99
0.51 0.04 0.56 0.44
0.58 0.02 0.01 0.72
0.57 0.06 0.18 0.30
0.55 0.81 0.02 0.56
0.25 0.08 0.60 0.04
0.23 0.03 0.74 0.41
0.27 0.55 0.12 0.02
0.47 0.56 0.03 0.04
0.35 0.53 0.05 0.12
0.31 0.02 0.34 1.00
0.50 0.14 0.10 0.64
0.86 0.61 0.01 0.45
0.62 0.30 0.52 0.01
0.88 0.38 0.03 0.38
0.04 0.16 0.82 0.67
0.47 0.40 0.03 0.56
0.28 0.81 0.09 0.08
0.30 0.06 0.21 0.51
0.33 0.09 0.68 0.02
0.28 0.83 0.02 0.11
0.19 0.52 0.25 0.67
0.64 0.09 0.07 0.53
0.54 0.57 0.86 0.01
0.57 0.62 0.08 0.01
0.09 0.09 0.50 0.88
0.04 0.04 0.83 0.66
0.19 0.08 0.70 0.13
0.54 0.51 0.05 0.41
0.26 0.19 0.07 0.81
0.22 0.63 0.09 0.03
0.39 0.54 0.03 0.08
0.16 0.07 0.62 0.85
0.51 0.10 0.09 0.16
0.95 0.06 0.07 0.17
0.14 0.35 0.20 0.59
0.52 0.93 0.01 0.95
0.83 0.19 0.06 0.67
0.86 0.59 0.02 0.62
0.04 0.22 0.62 0.99
0.03 0.17 0.98 0.01
0.51 0.04 0.84 0.32
0.13 0.08 0.98 0.57
0.45 0.74 0.01 0.96
0.20 0.51 0.97 0.01
0.85 0.86 0.01 0.11
0.15 0.18 0.21 0.54
0.96 0.14 0.11 0.11
0.06 0.07 0.91 0.23
0.51 0.04 0.58 0.42
0.54 0.60 0.47 0.01
0.02 0.08 0.20 1.00
0.56 0.08 0.11 0.62
0.02 0.33 0.18 0.29
0.44 0.01 0.41 0.51
0.05 0.29 0.81 0.53
0.55 0.28 0.04 0.87
0.28 0.04 0.58 0.54
0.56 0.05 0.83 0.03
0.94 0.07 0.06 0.58
0.46 0.04 0.19 0.84
0.13 0.33 0.17 0.78
0.02 0.59 0.32 0.23
0.15 0.05 0.57 0.76
0.41 0.78 0.02 0.78
0.01 0.01 0.94 0.64
0.03 0.10 0.56 0.97
0.48 0.06 0.71 0.21
0.11 0.12 0.35 0.01
0.16 0.03 0.59 0.47
0.04 0.06 0.75 0.64
0.95 0.19 0.03 0.66
0.47 0.74 0.02 0.71
0.81 0.03 0.78 0.03
0.55 0.03 0.27 0.55
0.93 0.10 0.01 0.71
0.01 0.89 0.52 0.09
0.99 0.01 0.22 0.60
0.83 0.73 0.02 0.56
0.02 0.30 0.59 0.69
0.85 0.53 0.04 0.15
0.51 0.04 0.10 0.44
0.01 0.78 0.57 0.17
0.69 0.63 0.01 0.70
0.65 0.89 0.01 0.25
0.02 0.18 0.89 0.63
0.35 0.06 0.84 0.27
0.81 0.55 0.01 0.28
0.72 0.55 0.02 0.31
0.01 0.63 0.60 0.18
0.13 0.04 0.59 0.99
0.67 0.01 0.23 0.92
0.05 0.04 0.96 0.36
0.03 0.28 0.77 0.56
0.11 0.95 0.08 0.01
0.29 0.13 0.05 0.61
0.01 0.11 0.01 1.00
0.01 0.35 0.64 0.54
0.64 0.58 0.02 0.58
0.96 0.49 0.01 0.62
0.07 0.17 0.83 0.63
0.09 0.52 0.06 0.98
0.10 0.01 0.96 0.59
0.14 0.02 0.70 0.78
0.58 0.34 0.10 0.10
0.28 0.08 0.43 0.37
0.17 0.44 0.10 0.73
0.04 0.40 0.05 0.88
0.01 0.15 0.71 0.46
0.14 0.65 0.02 0.03
0.40 0.50 0.10 0.14
0.05 0.84 0.01 0.99
0.02 0.23 0.60 0.92
0.18 0.36 0.22 0.09
0.40 0.01 1.00 0.12
0.39 0.05 0.55 0.94
0.29 0.03 0.56 0.62
0.16 0.09 0.92 0.04
0.41 0.04 0.16 0.33
0.92 0.21 0.01 0.68
0.51 0.03 0.40 0.43
0.32 0.10 0.03 0.11
0.10 0.16 0.90 0.08
0.62 0.04 0.12 0.33
0.01 0.26 0.40 0.90
0.15 0.71 0.01 0.93
0.94 0.08 0.20 0.02
0.05 0.85 0.33 0.07
0.07 0.03 0.75 0.62
0.21 0.24 0.21 0.21
0.08 0.05 0.38 0.77
0.01 0.63 0.99 0.17
0.05 0.16 0.87 0.29
0.03 0.11 0.54 0.39
0.04 0.61 0.32 0.09
0.71 0.07 0.27 0.10
0.12 0.20 0.14 0.65
0.29 0.12 0.19 0.01
0.17 0.12 0.03 0.81
0.04 0.45 0.12 0.58
0.10 0.44 0.11 0.81
0.05 0.22 0.42 0.76
0.99 0.51 0.16 0.02
0.05 0.96 0.18 0.05
0.08 0.14 0.86 0.28
0.91 0.02 0.53 0.03
0.21 0.54 0.05 0.09
0.97 0.84 0.01 0.06
0.13 0.72 0.01 0.98
0.03 0.05 0.52 0.72
0.02 0.64 0.02 0.76
0.27 0.01 0.50 0.64
0.45 0.04 0.14 0.81
0.86 0.30 0.17 0.02
0.17 0.54 0.31 0.09
0.61 0.71 0.01 0.71
0.81 0.57 0.01 0.23
0.09 0.29 0.01 0.86
0.59 0.06 0.66 0.02
0.22 0.02 0.38 0.84
0.06 0.53 0.04 0.93
0.60 0.01 0.28 0.90
0.03 0.62 0.08 0.17
0.07 0.09 0.70 0.44
0.02 0.66 0.11 0.34
0.18 0.72 0.10 0.02
0.01 0.75 0.40 0.32
0.67 0.01 0.26 0.69
0.01 0.73 0.54 0.22
0.25 0.08 0.39 0.12
0.03 0.02 0.53 0.69
0.41 0.24 0.09 0.04
0.56 0.64 0.02 0.67
0.66 0.03 0.57 0.01
0.56 0.01 0.01 0.85
0.02 0.02 0.85 0.74
0.59 0.06 0.63 0.02
0.02 0.16 0.32 0.82
0.39 0.54 0.02 0.53
0.11 0.49 0.16 0.35
0.22 0.07 0.88 0.04
0.63 0.07 0.16 0.20
0.01 0.04 0.37 0.51
0.61 0.59 0.02 0.40
0.01 0.75 0.36 0.19
0.62 0.02 0.15 0.67
0.08 0.30 0.53 0.41
0.54 0.03 0.79 0.03
0.07 0.04 0.36 0.08
0.27 0.02 0.57 0.57
0.14 0.35 0.16 0.16
0.66 0.07 0.28 0.10
0.10 0.85 0.14 0.08
0.01 0.14 0.04 0.78
0.74 0.63 0.01 0.19
0.08 0.05 0.09 0.18
0.40 0.01 0.36 0.22
0.09 0.01 0.30 0.48
0.11 0.59 0.18 0.07
0.33 0.63 0.02 0.51
0.23 0.42 0.08 0.29
0.32 0.13 0.02 0.73
0.72 0.67 0.01 0.55
0.16 0.02 0.96 0.01
0.63 0.54 0.01 0.58
0.94 0.02 0.05 0.58
0.35 0.98 0.01 0.80
0.82 0.44 0.02 0.44
0.58 0.88 0.01 0.01
0.28 0.01 0.19 0.95
0.66 0.54 0.01 0.03
0.06 0.23 0.21 0.23
0.06 0.06 0.17 0.57
0.94 0.53 0.01 0.22
0.02 0.03 0.78 0.14
0.01 0.50 0.71 0.38
0.02 0.13 0.14 0.56
0.52 0.03 0.02 0.81
0.08 0.65 0.01 0.69
0.01 0.70 0.74 0.15
0.90 0.04 0.08 0.65
0.08 0.11 0.66 0.03
0.01 0.90 0.17 0.14
0.77 0.08 0.23 0.15
0.97 0.47 0.01 0.28
0.13 0.89 0.26 0.05
0.07 0.45 0.03 0.74
0.09 0.03 0.12 0.82
0.72 0.01 0.09 0.78
0.05 0.06 0.65 0.11
0.30 0.63 0.02 0.78
0.47 0.66 0.01 0.03
0.42 0.26 0.01 0.93
0.01 0.03 0.31 0.92
0.96 0.01 0.03 0.78
0.70 0.53 0.08 0.01
0.54 0.02 0.21 0.42
0.05 0.01 0.51 0.94
0.01 0.65 0.54 0.25
0.28 0.03 0.08 1.00
0.91 0.03 0.07 0.60
0.40 0.43 0.07 0.04
0.63 0.05 0.19 0.16
0.09 0.06 0.03 0.60
0.02 0.97 0.03 0.74
0.17 0.40 0.07 0.54
0.52 0.53 0.01 0.65
0.80 0.04 0.55 0.04
0.65 0.08 0.08 0.45
0.02 0.04 0.10 0.41
0.02 0.63 0.17 0.35
0.08 0.56 0.01 0.05
0.02 0.45 0.08 0.14
0.97 0.18 0.02 0.65
0.88 0.55 0.02 0.02
0.82 0.08 0.04 0.24
0.16 0.55 0.10 0.04
0.61 0.03 0.26 0.17
0.01 0.54 0.13 0.59
0.01 0.43 0.06 0.68
0.01 0.29 0.27 0.60
0.31 0.77 0.14 0.01
0.97 0.40 0.03 0.07
0.52 0.05 0.06 0.16
0.24 0.54 0.31 0.04
0.01 0.30 0.63 0.17
0.78 0.06 0.03 0.15
0.01 0.02 0.34 0.89
0.91 0.43 0.01 0.28
0.02 0.81 0.07 0.63
0.40 0.02 0.29 0.65
0.32 0.45 0.01 0.46
0.88 0.02 0.14 0.30
0.54 0.08 0.30 0.10
1.00 0.05 0.10 0.02
0.49 0.28 0.01 0.53
0.07 0.93 0.19 0.08
0.89 0.13 0.01 0.60
0.01 0.23 0.75 0.25
0.83 0.23 0.01 0.56
0.54 0.19 0.02 0.55
0.08 0.07 0.03 0.53
0.01 0.53 0.85 0.08
0.01 0.54 0.03 0.85
0.36 0.01 0.10 0.55
0.24 0.11 0.48 0.07
0.01 0.26 0.26 0.51
0.60 0.01 0.03 0.55
0.01 0.24 0.55 0.31
0.52 0.05 0.85 0.07
0.90 0.47 0.08 0.02
0.46 0.63 0.01 0.04
0.10 0.05 0.30 0.10
0.03 0.11 0.73 0.25
0.56 0.34 0.01 0.49
0.61 0.57 0.09 0.03
0.06 0.80 0.01 0.57
0.22 0.03 0.04 0.25
0.02 0.31 0.19 0.20
0.09 0.03 0.60 0.02
0.73 0.01 0.80 0.05
0.01 0.77 0.50 0.17
0.01 0.39 0.02 0.53
0.12 0.22 0.23 0.14
0.88 0.73 0.01 0.02
0.47 0.24 0.11 0.02
0.74 0.01 0.24 0.51
0.01 0.18 0.76 0.02
0.04 0.08 0.78 0.07
0.01 0.37 0.85 0.01
0.06 0.20 0.48 0.15
0.06 0.53 0.70 0.01
0.03 0.09 0.75 0.31
0.11 0.04 0.40 0.01
0.23 0.01 0.69 0.32
0.28 0.02 0.22 0.28
0.63 0.08 0.20 0.08
0.44 0.02 0.03 0.86
0.06 0.01 0.60 0.26
0.04 0.29 0.25 0.11
0.08 0.52 0.29 0.01
0.02 0.05 0.75 0.38
0.63 0.75 0.02 0.02
0.22 0.03 0.05 0.14
0.49 0.12 0.01 0.17
0.74 0.51 0.02 0.08
0.39 0.38 0.02 0.02
0.62 0.08 0.19 0.13
0.01 0.01 0.71 0.86
0.02 0.02 0.64 0.16
0.02 0.33 0.10 0.27
0.75 0.02 0.02 0.42
0.11 0.01 0.54 0.10
0.04 0.13 0.55 0.01
0.01 0.16 0.55 0.47
0.66 0.04 0.28 0.08
0.96 0.02 0.56 0.01
0.03 0.86 0.18 0.11
0.05 0.97 0.01 0.97
0.20 0.03 0.23 0.78
0.06 0.03 0.36 0.70
0.03 0.13 0.31 0.12
0.01 0.60 0.24 0.11
0.33 0.21 0.01 0.45
0.96 0.07 0.15 0.01
0.23 0.33 0.02 0.78
0.05 0.70 0.31 0.07
0.03 0.72 0.01 0.82
0.02 0.23 0.06 0.77
0.17 0.03 0.11 0.25
0.08 0.16 0.54 0.04
0.07 0.13 0.08 0.63
0.50 0.01 0.67 0.01
0.91 0.05 0.10 0.11
0.36 0.02 0.18 0.43
0.01 0.08 0.87 0.19
0.06 0.02 0.55 0.54
0.03 0.76 0.07 0.45
0.66 0.06 0.19 0.13
0.08 0.06 0.64 0.01
0.23 0.02 0.39 0.17
0.22 0.35 0.11 0.01
0.12 0.01 0.14 0.45
0.33 0.03 0.42 0.05
0.08 0.39 0.05 0.34
0.06 0.74 0.30 0.02
0.01 0.60 0.21 0.33
0.02 0.01 0.54 0.92
0.02 0.01 0.54 0.58
0.80 0.19 0.13 0.02
0.88 0.03 0.17 0.07
0.01 1.00 0.06 0.23
0.90 0.04 0.05 0.03
0.96 0.28 0.04 0.05
0.77 0.01 0.44 0.05
0.01 0.38 0.16 0.24
0.18 0.17 0.34 0.02
0.34 0.02 0.04 0.58
0.03 0.14 0.75 0.09
0.17 0.33 0.08 0.21
0.19 0.01 0.36 0.40
0.53 0.06 0.21 0.09
0.01 0.70 0.01 0.06
0.34 0.19 0.02 0.57
0.54 0.01 0.01 0.83
0.17 0.53 0.03 0.16
0.20 0.02 0.11 0.75
0.91 0.01 0.59 0.04
0.09 0.02 0.10 0.05
0.08 0.03 0.24 0.63
0.78 0.02 0.41 0.03
0.12 0.29 0.07 0.31
0.03 0.30 0.09 0.58
0.88 0.02 0.01 0.71
0.64 0.05 0.02 0.14
0.08 0.54 0.16 0.04
0.01 0.20 0.31 0.47
0.01 0.67 0.01 0.85
0.34 0.01 0.65 0.02
0.01 0.55 0.29 0.13
0.02 0.12 0.59 0.22
0.67 0.10 0.31 0.04
0.03 0.30 0.57 0.09
0.07 0.81 0.27 0.05
0.01 0.37 0.31 0.06
0.10 0.24 0.22 0.04
0.25 0.01 0.12 0.67
0.75 0.09 0.05 0.01
0.01 0.68 0.21 0.07
0.20 0.55 0.05 0.02
0.16 0.04 0.09 0.73
0.35 0.01 0.62 0.08
0.15 0.46 0.06 0.11
0.04 0.01 0.47 0.96
0.61 0.04 0.02 0.66
0.16 0.09 0.07 0.28
0.01 0.80 0.02 0.03
0.60 0.29 0.01 0.01
0.01 0.20 0.45 0.10
0.06 0.01 0.24 0.91
0.06 0.12 0.08 0.99
0.06 0.49 0.07 0.23
0.21 0.37 0.04 0.23
0.13 0.79 0.10 0.03
0.01 0.26 0.69 0.01
0.23 0.32 0.01 0.27
0.12 0.36 0.02 0.27
0.56 0.79 0.10 0.01
0.89 0.02 0.12 0.03
0.62 0.02 0.51 0.01
0.01 0.31 0.02 0.99
0.35 0.01 0.52 0.22
0.01 0.13 0.08 0.53
0.02 0.24 0.73 0.01
0.73 0.01 0.64 0.05
0.10 0.15 0.13 0.02
0.02 0.09 0.99 0.07
0.69 0.01 0.22 0.08
0.01 0.58 0.02 0.07
0.13 0.01 0.03 0.29
0.07 0.41 0.02 0.11
0.88 0.09 0.01 0.54
0.64 0.02 0.02 0.15
0.02 0.12 0.17 0.37
0.15 0.06 0.07 0.23
0.04 0.14 0.12 0.39
0.06 0.25 0.19 0.15
0.20 0.08 0.07 0.14
0.04 0.03 0.28 0.19
0.10 0.69 0.03 0.03
0.05 0.21 0.14 0.17
0.98 0.08 0.04 0.10
0.91 0.01 0.14 0.08
0.08 0.36 0.50 0.01
0.15 0.01 0.89 0.02
0.01 0.64 0.67 0.01
0.59 0.17 0.02 0.06
0.16 0.29 0.02 0.58
0.42 0.01 0.53 0.03
0.02 0.25 0.02 0.97
0.03 0.28 0.10 0.05
0.01 0.05 0.84 0.45
0.79 0.08 0.09 0.05
