0.85 0.92 0.32 0.53
0.51 0.55 1.00 0.10
0.55 0.44 0.39 0.33
0.11 0.43 0.11 0.42
0.28 0.06 0.74 0.48
0.38 0.20 0.20 0.11
0.09 0.88 0.44 0.30
0.48 0.63 0.17 0.39
0.03 0.33 0.18 0.52
0.16 0.57 0.48 0.36
0.58 0.06 0.16 0.82
0.66 0.24 0.04 0.76
0.13 0.02 0.48 0.46
0.51 0.07 0.15 0.49
0.09 0.32 0.16 0.06
0.27 0.25 0.12 0.63
0.51 0.06 0.06 0.31
0.02 0.20 0.20 0.94
0.07 0.89 0.19 0.13
0.94 0.24 0.15 0.21
0.09 0.48 0.13 0.12
0.59 0.03 0.21 0.85
0.98 0.43 0.05 0.32
0.38 0.06 0.22 0.29
0.35 0.65 0.05 0.50
0.01 0.24 0.15 0.12
0.25 0.12 0.28 0.95
0.62 0.17 0.42 0.24
0.26 0.20 0.94 0.44
0.87 0.36 0.06 0.14
0.31 0.15 0.21 0.26
0.23 0.17 0.34 0.10
0.17 0.23 0.28 0.88
0.88 0.46 0.03 0.08
0.07 0.19 0.61 0.03
0.60 0.32 0.14 0.18
0.01 0.22 0.47 0.45
0.99 0.03 0.32 0.28
0.29 0.15 0.75 0.38
0.40 0.04 0.34 0.63
0.76 0.10 0.43 0.15
0.34 0.05 0.58 0.12
0.44 0.01 0.37 0.46
0.19 0.32 0.07 0.24
0.17 0.13 0.28 0.49
0.69 0.15 0.10 0.15
0.10 0.17 0.23 0.52
0.13 0.12 0.06 0.85
0.26 0.12 0.38 0.10
0.11 0.10 0.34 0.94
0.42 0.16 0.20 0.41
0.41 0.65 0.05 0.30
0.47 0.07 0.05 0.29
0.07 0.97 0.35 0.11
0.63 0.41 0.20 0.04
0.13 0.07 0.09 0.17
0.02 0.19 0.44 0.11
0.20 0.10 0.45 0.16
0.40 0.56 0.01 0.24
0.41 0.12 0.05 0.15
0.70 0.04 0.11 0.31
0.02 0.40 0.02 0.33
0.67 0.16 0.28 0.14
0.08 0.11 0.37 0.92
0.29 0.99 0.01 0.16
0.12 0.44 0.01 0.55
0.32 0.13 0.26 0.03
0.22 0.10 0.01 0.76
0.99 0.61 0.25 0.01
0.17 0.06 0.24 0.03
0.25 0.02 0.35 0.99
0.06 0.36 0.09 0.89
0.19 0.62 0.07 0.03
0.01 0.84 0.79 0.07
0.44 0.39 0.04 0.41
0.61 0.02 0.02 0.52
0.09 0.08 0.06 0.25
0.48 0.02 0.03 0.35
0.47 0.66 0.92 0.01
0.67 0.02 0.98 0.27
0.40 0.45 0.01 0.06
0.45 0.01 0.92 0.31
0.50 0.01 0.20 0.41
0.71 0.06 0.10 0.08
0.49 0.02 0.29 0.03
0.33 0.05 0.38 0.98
0.04 0.13 0.06 0.06
0.01 0.01 0.50 0.57
0.87 0.19 0.01 0.23
0.32 0.02 0.19 0.73
0.81 0.82 0.57 0.02
0.09 0.07 0.13 0.04
0.01 0.29 0.33 0.02
0.30 0.56 0.01 0.33
0.05 0.11 0.21 0.12
0.50 0.32 0.88 0.01
0.77 0.04 0.06 0.05
0.22 0.04 0.85 0.38
0.21 0.04 0.02 0.32
0.36 0.57 0.59 0.01
0.14 0.61 0.35 0.01
0.33 0.03 0.02 0.12
0.06 0.11 0.18 0.17
0.39 0.02 0.18 0.33
0.15 0.58 0.02 0.04
0.10 0.03 0.70 0.30
0.27 0.03 0.19 0.39
0.62 0.01 0.06 0.43
0.67 0.98 0.25 0.02
0.48 0.75 0.07 0.02
0.08 0.54 0.04 0.07
0.48 0.05 0.04 0.05
0.37 0.02 0.63 0.20
0.09 0.05 0.49 0.50
0.02 0.11 0.38 0.71
0.75 0.35 0.14 0.01
0.17 0.41 0.01 0.88
0.03 0.98 0.02 0.30
0.02 0.09 0.78 0.52
0.31 0.41 0.17 0.02
0.75 0.13 0.77 0.01
0.38 0.02 0.39 0.08
0.44 0.32 0.07 0.05
1.00 0.62 0.13 0.02
0.01 0.10 0.41 0.26
0.09 0.03 0.84 0.51
0.35 0.01 0.15 0.27
0.02 0.06 0.20 0.37
0.03 0.76 0.10 0.10
0.74 0.01 0.19 0.15
0.06 0.01 0.76 0.40
0.29 0.13 0.55 0.01
0.01 0.77 0.04 0.84
0.29 0.02 0.30 0.56
0.15 0.17 0.04 0.64
0.05 0.14 0.03 0.09
0.21 0.01 0.60 0.11
0.25 0.02 0.13 0.52
0.08 0.92 0.90 0.01
0.36 0.46 0.01 0.17
0.17 0.06 0.19 0.73
0.03 0.31 0.12 0.23
0.49 0.02 0.09 0.09
0.42 0.44 0.01 0.13
0.08 0.95 0.62 0.01
0.23 0.02 0.27 0.35
0.11 0.03 0.57 0.05
0.08 0.10 0.20 0.09
0.11 0.04 0.13 0.79
0.63 0.58 0.12 0.02
0.13 0.02 0.20 0.12
0.03 0.02 0.24 0.02
0.71 1.00 0.16 0.01
0.17 0.12 0.01 0.99
0.37 0.51 0.03 0.05
0.04 0.87 0.15 0.01
0.03 0.23 0.11 0.30
0.11 0.22 0.20 0.03
0.02 0.36 0.12 0.75
0.03 0.84 0.03 0.13
0.02 0.18 0.52 0.02
0.42 0.02 0.11 0.23
0.03 0.66 0.02 0.01
0.98 0.01 0.12 0.26
0.15 0.47 0.53 0.01
0.39 0.27 0.02 0.08
0.45 0.29 0.33 0.01
0.01 0.07 0.80 0.53
0.01 0.97 0.14 0.24
0.39 0.16 0.01 0.57
0.17 0.64 0.01 0.38
0.18 0.01 0.18 0.82
0.07 0.01 0.42 0.25
0.01 0.52 0.10 0.58
0.05 0.33 0.01 0.40
0.57 0.08 0.05 0.01
0.09 0.01 0.20 0.76
0.07 0.17 0.02 0.47
0.04 0.76 0.01 0.64
0.15 0.01 0.24 0.12
0.90 0.10 0.01 0.70
0.31 0.01 0.11 0.49
0.08 0.41 0.94 0.01
0.01 0.39 0.10 0.24
0.68 0.56 0.02 0.05
0.12 0.42 0.01 0.23
0.01 0.06 0.42 0.20
0.55 1.00 0.01 0.01
0.31 0.30 0.09 0.01
0.03 0.55 0.01 0.38
0.98 0.01 0.50 0.06
0.58 0.01 0.12 0.45
0.07 0.04 0.12 0.29
0.01 0.72 0.09 0.59
0.10 0.03 0.14 0.36
0.31 0.13 0.01 0.17
0.61 0.01 0.59 0.03
0.29 0.53 0.07 0.05
0.19 0.31 0.17 0.02
0.05 0.64 0.81 0.01
0.36 0.07 0.44 0.01
0.15 0.01 0.14 0.04
0.04 0.39 0.01 0.51
0.78 0.43 0.01 0.02
0.01 0.05 0.41 0.76
0.67 0.28 0.01 0.07
0.35 0.15 0.02 0.11
0.20 0.14 0.16 0.03
0.11 0.21 0.01 0.59
0.03 0.47 0.91 0.01
0.91 0.05 0.12 0.04
0.61 0.13 0.03 0.03
0.01 0.23 0.39 0.94
0.01 0.61 0.04 0.23
0.33 0.55 0.02 0.03
0.97 0.01 0.11 0.36
0.28 0.47 0.04 0.04
0.54 0.09 0.05 0.01
0.18 0.80 0.01 0.10
0.98 0.26 0.01 0.02
0.03 0.01 0.75 0.03
0.31 0.02 0.21 0.01
0.92 0.03 0.01 0.99
0.05 0.13 0.32 0.01
0.07 0.06 0.04 0.57
0.66 0.01 0.02 0.79
0.28 0.01 0.03 0.11
0.10 0.07 0.06 0.38
0.29 0.32 0.03 0.02
0.17 0.12 0.03 0.52
0.04 0.03 0.20 0.33
0.76 0.01 0.86 0.01
0.47 0.01 0.02 0.51
0.15 0.30 0.02 0.11
0.53 0.01 0.02 0.16
0.65 0.12 0.01 0.61
0.13 0.03 0.05 0.43
0.98 0.03 0.05 0.10
0.09 0.28 0.01 0.36
0.01 0.93 0.02 0.62
0.01 0.23 0.14 0.58
0.02 0.12 0.27 0.20
0.04 0.37 0.61 0.01
0.28 0.08 0.08 0.03
0.11 0.20 0.01 0.90
0.13 0.55 0.10 0.04
0.01 0.04 0.35 0.92
0.63 0.04 0.09 0.06
0.40 0.29 0.15 0.01
0.30 0.05 0.40 0.01
0.01 0.57 0.05 0.24
0.62 0.10 0.01 0.10
0.19 0.02 0.05 0.37
0.01 0.06 0.06 0.61
0.42 0.55 0.01 0.01
0.26 0.01 0.04 0.55
0.17 0.48 0.14 0.01
0.21 0.16 0.03 0.01
0.69 0.08 0.01 0.99
0.12 0.04 0.07 0.59
0.02 0.34 0.89 0.01
0.15 0.01 0.04 0.06
0.14 0.11 0.33 0.01
0.16 0.63 0.23 0.01
0.01 0.06 0.18 0.05
0.06 0.17 0.08 0.01
0.08 0.22 0.07 0.04
0.71 0.02 0.03 0.01
0.07 0.08 0.03 0.25
0.03 0.52 0.13 0.02
0.17 0.13 0.18 0.03
0.01 0.66 0.03 0.83
0.11 0.27 0.05 0.04
0.73 0.01 0.46 0.01
0.01 0.01 0.40 0.18
0.05 0.01 0.12 0.57
0.03 0.01 0.36 0.47
0.03 0.76 0.01 0.16
0.94 0.09 0.01 0.48
0.83 0.01 0.01 0.49
0.09 0.32 0.02 0.21
0.24 0.01 0.74 0.01
0.30 0.18 0.01 0.53
0.12 0.08 0.01 0.87
0.02 0.74 0.41 0.01
0.07 0.60 0.02 0.25
0.01 0.56 0.04 0.94
0.01 0.50 0.04 0.76
0.29 0.63 0.01 0.13
0.02 0.03 0.68 0.09
0.08 0.14 0.02 0.55
0.65 0.02 0.06 0.04
0.08 0.12 0.04 0.03
0.19 0.08 0.63 0.01
0.04 0.38 0.02 0.94
0.71 0.15 0.02 0.09
0.02 0.10 0.60 0.02
0.70 0.06 0.01 0.67
0.19 0.48 0.03 0.01
0.73 0.07 0.01 0.48
0.13 0.11 0.05 0.22
0.01 0.05 0.19 0.83
0.76 0.09 0.01 0.09
0.51 0.26 0.01 0.06
0.06 0.03 0.06 0.58
0.01 0.55 0.02 0.81
0.13 0.77 0.01 0.13
0.12 0.38 0.02 0.13
0.02 1.00 0.17 0.04
0.01 0.31 0.07 0.27
0.01 0.59 0.93 0.01
0.11 0.24 0.02 0.35
0.05 0.03 0.20 0.11
0.02 0.13 0.02 0.05
0.01 0.83 0.02 0.75
0.02 0.75 0.01 0.78
0.50 0.08 0.01 0.68
0.17 0.57 0.03 0.04
0.09 0.02 0.08 0.65
0.16 0.67 0.01 0.19
0.08 0.01 0.11 0.07
0.43 0.12 0.01 0.52
0.08 0.57 0.01 0.10
0.02 0.02 0.34 0.80
0.06 0.04 0.19 0.52
0.01 1.00 0.88 0.01
0.02 0.58 0.01 0.62
0.02 0.17 0.52 0.04
0.27 0.02 0.03 0.20
0.02 0.02 0.40 0.10
0.52 0.02 0.01 0.73
0.14 0.04 0.99 0.01
0.23 0.26 0.01 0.19
0.44 0.01 0.09 0.05
0.38 0.54 0.01 0.11
0.01 0.56 0.81 0.01
0.34 0.58 0.01 0.02
0.26 0.12 0.01 0.45
0.01 0.68 0.11 0.17
0.01 0.36 0.04 0.67
0.06 0.12 0.02 0.03
0.02 0.05 0.54 0.06
0.03 0.17 0.42 0.01
0.99 0.08 0.01 0.38
0.66 0.01 0.67 0.02
0.11 0.11 0.01 0.55
0.03 0.41 0.11 0.01
0.04 0.02 0.21 0.94
0.04 0.04 0.03 0.60
0.01 0.62 0.03 0.05
0.73 0.20 0.01 0.03
0.19 0.21 0.01 0.18
0.06 0.05 0.01 0.38
0.01 0.05 0.15 0.98
0.02 0.03 0.03 0.74
0.01 0.02 0.53 0.05
0.25 0.17 0.01 0.26
0.04 0.01 0.13 0.81
0.20 0.10 0.14 0.02
0.26 0.16 0.01 0.32
0.01 0.05 0.15 0.70
0.29 0.01 0.02 0.64
0.04 0.04 0.01 0.92
0.05 0.01 0.70 0.13
0.39 0.04 0.01 0.41
0.64 0.51 0.01 0.02
0.03 0.05 0.30 0.01
0.01 0.81 0.01 0.57
0.01 0.79 0.02 0.77
0.24 0.02 0.02 0.81
0.03 0.53 0.01 0.62
0.88 0.32 0.01 0.02
0.01 0.10 0.08 0.18
0.94 0.01 0.39 0.02
0.01 0.18 0.01 0.01
0.64 0.15 0.02 0.02
0.15 0.01 0.02 0.23
0.73 0.16 0.01 0.07
0.26 0.05 0.03 0.22
0.02 0.05 0.12 0.70
0.13 0.03 0.01 0.96
0.12 0.01 0.08 0.70
0.05 0.06 0.04 0.56
0.95 0.15 0.01 0.04
0.31 0.04 0.18 0.02
0.05 0.05 0.19 0.30
0.05 0.05 0.03 0.13
0.94 0.09 0.01 0.02
0.03 0.04 0.08 0.65
0.04 0.01 0.38 0.03
0.24 0.05 0.01 0.34
0.03 0.03 0.14 0.66
0.76 0.01 0.19 0.03
0.01 0.04 0.02 0.90
0.59 0.02 0.12 0.01
0.15 0.06 0.02 0.06
0.02 0.04 0.02 0.72
0.02 0.11 0.24 0.04
0.01 0.04 0.04 0.59
0.02 0.07 0.03 0.61
