0.37 0.85 0.50 0.33
0.70 0.94 0.28 0.88
0.49 0.80 0.55 0.04
0.23 0.92 0.07 0.67
0.27 0.87 0.44 0.37
0.48 0.75 0.30 0.48
0.17 0.19 0.91 0.23
0.10 0.64 0.94 0.97
0.48 0.55 0.48 0.36
0.05 0.25 0.11 0.19
0.30 0.13 0.12 0.06
0.07 0.21 0.26 0.45
0.29 0.05 0.76 0.12
0.19 0.85 0.09 0.86
0.08 0.37 0.57 0.12
0.77 0.02 0.59 0.12
0.39 0.48 0.01 0.45
0.14 0.08 0.75 0.49
0.50 0.08 0.37 0.46
0.29 0.48 0.02 0.53
0.95 0.59 0.04 0.02
0.19 0.18 0.93 0.14
0.17 0.19 0.06 0.25
0.11 0.50 0.04 0.64
0.29 0.93 0.24 0.18
0.43 0.12 0.48 0.32
0.39 0.03 0.14 0.36
0.02 0.28 0.43 0.98
0.19 0.06 0.16 0.99
0.25 0.03 0.94 0.10
0.19 0.16 0.40 0.01
0.01 0.94 0.13 0.41
0.28 0.76 0.34 0.01
0.68 0.02 0.01 0.76
0.04 0.77 0.23 0.25
0.07 0.96 0.11 0.10
0.04 0.54 0.38 0.27
0.75 0.05 0.24 0.08
0.03 0.25 0.35 0.30
0.27 0.08 0.17 0.08
0.21 0.24 0.03 0.19
0.02 0.33 0.64 0.64
0.15 0.84 0.50 0.13
0.08 0.19 0.80 0.32
0.01 0.39 0.10 0.85
0.86 0.03 0.36 0.22
0.29 0.35 0.02 0.40
0.06 0.20 0.50 0.79
0.11 0.16 0.79 0.47
0.11 0.46 0.06 0.74
0.48 0.03 0.30 0.08
0.30 0.64 0.02 0.10
0.06 0.47 0.45 0.04
0.40 0.40 0.21 0.03
0.20 0.10 0.09 0.23
0.04 0.34 0.52 0.14
0.05 0.24 0.21 0.03
0.14 0.07 0.10 0.68
0.03 0.39 0.18 0.68
0.10 0.07 0.99 0.81
0.88 0.16 0.05 0.37
0.10 0.07 0.08 0.39
0.10 0.24 0.05 0.75
0.15 0.12 0.16 0.31
0.76 0.01 0.06 0.45
0.02 0.46 0.47 0.23
0.38 0.15 0.06 0.89
0.20 0.11 0.28 0.05
0.13 0.46 0.04 0.27
0.07 0.13 0.10 0.72
0.29 0.90 0.01 0.96
0.02 0.01 0.40 0.08
0.15 0.02 0.10 0.82
0.19 0.87 0.17 0.16
0.29 0.04 0.34 0.51
0.64 0.08 0.02 0.24
0.18 0.17 0.31 0.30
0.03 0.07 0.28 0.05
0.24 0.04 0.12 0.41
0.21 0.46 0.29 0.01
0.16 0.23 0.01 0.46
0.11 0.36 0.11 0.11
0.21 0.43 0.01 0.35
0.45 0.33 0.06 0.08
0.42 0.13 0.76 0.04
0.01 0.09 0.99 0.45
0.22 0.37 0.29 0.02
0.24 0.47 0.21 0.01
0.01 0.72 0.94 0.35
0.09 0.01 0.33 0.49
0.60 0.10 0.02 0.61
0.30 0.50 0.01 0.22
0.03 0.77 0.18 0.20
0.15 0.08 0.05 0.43
0.20 0.35 0.09 0.15
0.01 0.63 0.09 0.19
0.65 0.04 0.27 0.03
0.66 0.69 0.04 0.01
0.04 0.11 0.05 0.04
0.02 0.09 0.18 0.05
0.44 0.80 0.10 0.03
0.48 0.36 0.01 0.31
0.69 0.33 0.04 0.09
0.08 0.01 0.09 0.63
0.99 0.39 0.01 0.20
0.01 0.55 0.86 0.63
0.20 0.38 0.08 0.03
0.02 0.89 0.04 0.95
0.49 0.11 0.18 0.02
0.01 0.40 0.82 0.81
1.00 0.45 0.08 0.02
0.29 0.59 0.02 0.26
0.24 0.05 0.25 0.34
0.01 0.88 0.83 0.18
0.96 0.06 0.28 0.02
0.02 0.26 0.79 0.04
0.87 0.04 0.05 0.34
0.80 0.27 0.01 0.07
0.04 0.02 0.01 0.07
0.62 0.13 0.14 0.03
0.06 0.01 0.33 0.19
0.10 0.86 0.36 0.01
0.01 0.61 0.73 0.40
0.09 0.22 0.18 0.03
0.01 0.09 0.60 0.78
0.85 0.90 0.03 0.03
0.01 0.44 0.28 0.35
0.01 0.52 0.24 0.49
0.28 0.49 0.09 0.01
0.10 0.19 0.31 0.02
0.01 0.07 0.58 0.53
0.46 0.09 0.19 0.02
0.01 0.90 0.28 0.04
0.76 0.01 0.25 0.04
0.01 0.29 0.38 0.32
0.45 0.03 0.08 0.05
0.01 0.04 0.30 0.74
0.01 0.22 0.25 0.38
0.05 0.27 0.19 0.02
0.03 0.38 0.04 0.98
0.03 0.02 0.19 0.54
0.01 0.15 0.26 0.11
0.23 0.07 0.45 0.04
0.93 0.07 0.99 0.02
0.50 0.06 0.48 0.03
0.04 0.02 0.43 0.05
0.59 0.06 0.69 0.02
0.02 0.46 0.03 0.98
0.90 0.04 0.81 0.01
0.29 0.31 0.09 0.03
0.01 0.12 0.54 0.19
0.29 0.09 0.43 0.01
0.01 0.43 0.17 0.76
0.19 0.46 0.36 0.01
0.96 0.36 0.11 0.01
0.75 0.01 0.12 0.24
0.03 0.61 0.13 0.64
0.22 0.12 0.25 0.02
0.01 0.15 0.17 0.31
0.26 0.76 0.09 0.01
0.04 0.96 0.75 0.02
0.04 0.08 0.65 0.03
0.24 0.72 0.17 0.02
0.22 0.06 0.11 0.06
0.01 0.45 0.47 0.01
0.67 0.01 0.22 0.26
0.38 0.50 0.04 0.05
0.43 0.04 0.08 0.05
0.49 0.62 0.04 0.04
0.17 0.51 0.02 0.06
0.18 0.06 0.74 0.03
0.02 0.44 0.07 0.21
0.56 0.43 0.32 0.01
0.01 0.06 0.19 0.52
0.03 0.42 0.08 0.71
0.01 0.12 0.06 0.72
0.26 0.07 0.41 0.02
0.02 0.31 0.02 0.57
0.41 0.07 0.53 0.01
0.01 0.01 0.74 0.52
0.01 0.30 0.10 0.41
0.03 0.36 0.05 0.21
0.83 0.30 0.07 0.02
0.74 0.35 0.23 0.01
0.87 0.01 0.27 0.03
0.86 0.01 0.02 0.62
0.46 0.82 0.03 0.02
0.29 0.09 0.25 0.01
0.79 0.14 0.02 0.03
0.15 0.13 0.73 0.01
0.03 0.87 0.17 0.15
0.55 0.07 0.39 0.02
0.08 0.15 0.03 0.04
0.27 0.28 0.09 0.02
0.93 0.06 0.74 0.01
0.40 0.01 0.27 0.09
0.01 0.02 0.41 0.53
0.86 0.19 0.02 0.01
0.13 0.01 0.23 0.45
0.06 0.33 0.57 0.01
0.42 0.05 0.51 0.02
0.12 0.15 0.45 0.03
0.61 0.09 0.04 0.03
0.44 0.02 0.96 0.03
0.25 0.04 0.64 0.04
0.01 0.81 0.04 0.94
0.27 0.47 0.02 0.03
0.01 0.28 0.03 0.81
0.48 0.35 0.13 0.01
0.46 0.03 0.58 0.01
0.02 0.60 0.21 0.03
0.81 0.06 0.23 0.04
0.10 0.05 0.27 0.01
0.43 0.84 0.04 0.01
0.89 0.01 0.01 0.99
0.03 0.36 0.12 0.11
0.03 0.34 0.09 0.06
0.09 0.78 0.27 0.01
0.54 0.10 0.15 0.03
0.02 0.27 0.16 0.61
0.13 0.53 0.17 0.03
0.27 0.01 0.10 0.08
0.81 0.57 0.06 0.02
0.16 0.91 0.01 0.03
0.04 0.16 0.25 0.02
0.66 0.01 0.95 0.07
0.40 0.01 0.22 0.06
0.20 0.34 0.07 0.03
0.77 0.06 0.13 0.04
0.40 0.28 0.19 0.01
0.02 0.81 0.05 0.53
0.34 0.31 0.17 0.01
0.55 0.01 0.07 1.00
0.02 0.24 0.03 0.69
0.02 0.08 0.06 0.11
0.07 0.11 0.50 0.02
0.03 0.77 0.01 0.48
0.14 0.69 0.08 0.02
0.73 0.01 0.01 0.96
0.34 0.19 0.09 0.03
0.24 0.04 0.60 0.03
0.93 0.36 0.01 0.06
0.19 0.16 0.24 0.03
0.60 0.45 0.07 0.02
0.65 0.30 0.03 0.03
0.01 0.61 0.12 0.05
0.09 0.01 0.11 0.49
0.01 0.01 0.56 0.90
0.50 0.21 0.16 0.01
0.87 0.02 0.15 0.02
0.08 0.05 0.82 0.01
0.41 0.06 0.02 0.02
0.35 0.01 0.58 0.07
0.82 0.01 0.03 0.89
0.03 0.72 0.01 0.94
0.88 0.01 0.34 0.02
0.24 0.48 0.10 0.02
0.03 0.30 0.03 0.46
0.01 0.16 0.04 0.36
0.17 0.02 0.21 0.04
0.01 0.94 0.10 0.07
0.74 0.29 0.01 0.03
0.73 0.01 0.09 0.42
0.02 0.64 0.02 0.24
0.08 0.64 0.16 0.02
0.02 0.73 0.03 0.17
0.03 0.12 0.04 0.19
0.03 0.21 0.39 0.01
0.67 0.01 0.01 0.99
0.84 0.01 0.96 0.01
0.05 0.45 0.17 0.01
0.02 0.34 0.39 0.01
0.78 0.03 0.07 0.06
0.01 0.51 0.01 0.84
0.01 0.48 0.42 0.07
0.02 0.02 0.38 0.12
0.10 0.62 0.11 0.03
0.68 0.03 0.42 0.03
0.03 0.67 0.01 0.51
0.68 0.28 0.07 0.01
0.01 0.13 0.21 0.37
0.01 0.20 0.21 0.30
0.05 0.61 0.01 0.05
0.30 0.31 0.17 0.01
0.02 0.94 0.01 0.14
0.09 0.58 0.02 0.02
0.40 0.02 0.07 0.02
0.01 0.31 0.11 0.05
0.01 0.98 0.03 0.74
0.03 0.01 0.23 0.55
0.76 0.76 0.01 0.02
0.01 0.23 0.87 0.01
0.77 0.01 0.01 0.23
0.04 0.05 0.78 0.03
0.01 0.04 0.86 0.30
0.63 0.01 0.19 0.01
0.44 0.01 0.76 0.04
0.19 0.28 0.16 0.01
1.00 0.77 0.01 0.01
0.41 0.01 0.32 0.02
0.02 0.17 0.69 0.01
0.05 0.22 0.01 0.03
0.76 0.12 0.16 0.01
0.85 0.07 0.11 0.01
0.01 0.51 0.10 0.33
0.02 0.98 0.22 0.02
0.02 0.12 0.02 0.75
0.02 0.73 0.01 0.47
0.15 0.11 0.22 0.03
0.16 0.74 0.10 0.01
0.02 0.99 0.35 0.01
0.83 0.27 0.04 0.01
0.84 0.11 0.08 0.01
0.32 0.01 0.96 0.06
0.10 0.63 0.09 0.01
0.01 0.55 0.03 0.37
0.64 0.01 0.04 0.74
0.71 0.01 0.02 0.78
0.15 0.01 0.01 0.64
0.77 0.01 0.11 0.01
0.01 0.34 0.26 0.01
0.01 0.13 0.12 0.07
0.11 0.01 0.08 0.44
0.29 0.02 0.37 0.01
0.22 0.03 0.23 0.02
0.02 0.03 0.11 0.49
0.13 0.04 0.21 0.03
0.03 0.60 0.01 0.79
0.20 0.01 0.03 0.12
0.01 0.52 0.01 0.75
0.23 0.13 0.14 0.03
0.02 0.04 0.32 0.11
0.40 0.54 0.06 0.01
0.06 0.08 0.18 0.04
0.01 0.04 0.53 0.10
0.08 0.01 0.33 0.09
0.02 0.06 0.70 0.01
0.29 0.83 0.07 0.01
0.29 0.02 0.17 0.03
0.23 0.30 0.02 0.02
0.11 0.16 0.06 0.01
0.14 0.04 0.48 0.01
0.01 0.06 0.01 0.67
0.25 0.01 0.59 0.02
0.02 0.02 0.03 0.25
0.19 0.01 0.21 0.33
0.01 0.04 0.03 0.93
0.52 0.04 0.02 0.02
0.02 0.51 0.01 0.58
0.01 0.23 0.06 0.01
0.01 0.01 0.43 0.90
0.80 0.66 0.05 0.01
0.47 0.01 0.07 0.08
0.59 0.38 0.01 0.02
0.25 0.01 0.02 0.63
0.01 0.04 0.44 0.36
0.09 0.01 0.14 0.46
0.63 0.07 0.01 0.02
0.07 0.01 0.05 0.63
0.63 0.53 0.04 0.01
0.36 0.07 0.22 0.01
0.03 0.63 0.02 0.06
0.01 0.32 0.02 0.31
0.02 0.01 0.12 0.61
0.58 0.98 0.03 0.01
0.04 0.01 0.08 0.86
0.32 0.01 0.92 0.01
0.01 0.54 0.04 0.23
0.05 0.03 0.76 0.04
0.01 0.68 0.05 0.11
0.01 0.06 0.07 0.16
0.02 0.15 0.19 0.03
0.56 0.15 0.02 0.01
0.02 0.01 0.28 0.17
0.73 0.05 0.12 0.01
0.26 0.91 0.05 0.01
0.11 0.01 0.26 0.30
0.02 0.10 0.09 0.09
0.01 0.13 0.09 0.14
0.62 0.01 0.23 0.04
0.68 0.14 0.15 0.01
0.03 0.22 0.02 0.01
0.01 0.88 0.01 0.62
0.01 0.18 0.05 0.02
0.02 0.46 0.01 0.45
0.02 0.72 0.04 0.20
0.01 0.01 0.62 0.82
0.31 0.11 0.20 0.02
0.01 0.05 0.29 0.68
0.01 0.02 0.40 0.55
0.07 0.02 0.01 0.01
0.52 0.01 0.61 0.01
0.01 0.03 0.71 0.44
0.03 0.82 0.01 0.14
0.03 0.04 0.78 0.05
0.03 0.02 0.94 0.05
0.02 0.21 0.02 0.20
0.01 0.06 0.46 0.06
0.13 0.01 0.80 0.03
0.01 0.04 0.01 0.52
