400 4
37 85 50 33
70 94 28 88
49 80 55 4
23 92 7 67
27 87 44 37
48 75 30 48
17 19 91 23
10 64 94 97
48 55 48 36
5 25 11 19
30 13 12 6
7 21 26 45
29 5 76 12
19 85 9 86
8 37 57 12
77 2 59 12
39 48 1 45
14 8 75 49
50 8 37 46
29 48 2 53
95 59 4 2
19 18 93 14
17 19 6 25
11 50 4 64
29 93 24 18
43 12 48 32
39 3 14 36
2 28 43 98
19 6 16 99
25 3 94 10
19 16 40 1
1 94 13 41
28 76 34 1
68 2 1 76
4 77 23 25
7 96 11 10
4 54 38 27
75 5 24 8
3 25 35 30
27 8 17 8
21 24 3 19
2 33 64 64
15 84 50 13
8 19 80 32
1 39 10 85
86 3 36 22
29 35 2 40
6 20 50 79
11 16 79 47
11 46 6 74
48 3 30 8
30 64 2 10
6 47 45 4
40 40 21 3
20 10 9 23
4 34 52 14
5 24 21 3
14 7 10 68
3 39 18 68
10 7 99 81
88 16 5 37
10 7 8 39
10 24 5 75
15 12 16 31
76 1 6 45
2 46 47 23
38 15 6 89
20 11 28 5
13 46 4 27
7 13 10 72
29 90 1 96
2 1 40 8
15 2 10 82
19 87 17 16
29 4 34 51
64 8 2 24
18 17 31 30
3 7 28 5
24 4 12 41
21 46 29 1
16 23 1 46
11 36 11 11
21 43 1 35
45 33 6 8
42 13 76 4
1 9 99 45
22 37 29 2
24 47 21 1
1 72 94 35
9 1 33 49
60 10 2 61
30 50 1 22
3 77 18 20
15 8 5 43
20 35 9 15
1 63 9 19
65 4 27 3
66 69 4 1
4 11 5 4
2 9 18 5
44 80 10 3
48 36 1 31
69 33 4 9
8 1 9 63
99 39 1 20
1 55 86 63
20 38 8 3
2 89 4 95
49 11 18 2
1 40 82 81
100 45 8 2
29 59 2 26
24 5 25 34
1 88 83 18
96 6 28 2
2 26 79 4
87 4 5 34
80 27 1 7
4 2 1 7
62 13 14 3
6 1 33 19
10 86 36 1
1 61 73 40
9 22 18 3
1 9 60 78
85 90 3 3
1 44 28 35
1 52 24 49
28 49 9 1
10 19 31 2
1 7 58 53
46 9 19 2
1 90 28 4
76 1 25 4
1 29 38 32
45 3 8 5
1 4 30 74
1 22 25 38
5 27 19 2
3 38 4 98
3 2 19 54
1 15 26 11
23 7 45 4
93 7 99 2
50 6 48 3
4 2 43 5
59 6 69 2
2 46 3 98
90 4 81 1
29 31 9 3
1 12 54 19
29 9 43 1
1 43 17 76
19 46 36 1
96 36 11 1
75 1 12 24
3 61 13 64
22 12 25 2
1 15 17 31
26 76 9 1
4 96 75 2
4 8 65 3
24 72 17 2
22 6 11 6
1 45 47 1
67 1 22 26
38 50 4 5
43 4 8 5
49 62 4 4
17 51 2 6
18 6 74 3
2 44 7 21
56 43 32 1
1 6 19 52
3 42 8 71
1 12 6 72
26 7 41 2
2 31 2 57
41 7 53 1
1 1 74 52
1 30 10 41
3 36 5 21
83 30 7 2
74 35 23 1
87 1 27 3
86 1 2 62
46 82 3 2
29 9 25 1
79 14 2 3
15 13 73 1
3 87 17 15
55 7 39 2
8 15 3 4
27 28 9 2
93 6 74 1
40 1 27 9
1 2 41 53
86 19 2 1
13 1 23 45
6 33 57 1
42 5 51 2
12 15 45 3
61 9 4 3
44 2 96 3
25 4 64 4
1 81 4 94
27 47 2 3
1 28 3 81
48 35 13 1
46 3 58 1
2 60 21 3
81 6 23 4
10 5 27 1
43 84 4 1
89 1 1 99
3 36 12 11
3 34 9 6
9 78 27 1
54 10 15 3
2 27 16 61
13 53 17 3
27 1 10 8
81 57 6 2
16 91 1 3
4 16 25 2
66 1 95 7
40 1 22 6
20 34 7 3
77 6 13 4
40 28 19 1
2 81 5 53
34 31 17 1
55 1 7 100
2 24 3 69
2 8 6 11
7 11 50 2
3 77 1 48
14 69 8 2
73 1 1 96
34 19 9 3
24 4 60 3
93 36 1 6
19 16 24 3
60 45 7 2
65 30 3 3
1 61 12 5
9 1 11 49
1 1 56 90
50 21 16 1
87 2 15 2
8 5 82 1
41 6 2 2
35 1 58 7
82 1 3 89
3 72 1 94
88 1 34 2
24 48 10 2
3 30 3 46
1 16 4 36
17 2 21 4
1 94 10 7
74 29 1 3
73 1 9 42
2 64 2 24
8 64 16 2
2 73 3 17
3 12 4 19
3 21 39 1
67 1 1 99
84 1 96 1
5 45 17 1
2 34 39 1
78 3 7 6
1 51 1 84
1 48 42 7
2 2 38 12
10 62 11 3
68 3 42 3
3 67 1 51
68 28 7 1
1 13 21 37
1 20 21 30
5 61 1 5
30 31 17 1
2 94 1 14
9 58 2 2
40 2 7 2
1 31 11 5
1 98 3 74
3 1 23 55
76 76 1 2
1 23 87 1
77 1 1 23
4 5 78 3
1 4 86 30
63 1 19 1
44 1 76 4
19 28 16 1
100 77 1 1
41 1 32 2
2 17 69 1
5 22 1 3
76 12 16 1
85 7 11 1
1 51 10 33
2 98 22 2
2 12 2 75
2 73 1 47
15 11 22 3
16 74 10 1
2 99 35 1
83 27 4 1
84 11 8 1
32 1 96 6
10 63 9 1
1 55 3 37
64 1 4 74
71 1 2 78
15 1 1 64
77 1 11 1
1 34 26 1
1 13 12 7
11 1 8 44
29 2 37 1
22 3 23 2
2 3 11 49
13 4 21 3
3 60 1 79
20 1 3 12
1 52 1 75
23 13 14 3
2 4 32 11
40 54 6 1
6 8 18 4
1 4 53 10
8 1 33 9
2 6 70 1
29 83 7 1
29 2 17 3
23 30 2 2
11 16 6 1
14 4 48 1
1 6 1 67
25 1 59 2
2 2 3 25
19 1 21 33
1 4 3 93
52 4 2 2
2 51 1 58
1 23 6 1
1 1 43 90
80 66 5 1
47 1 7 8
59 38 1 2
25 1 2 63
1 4 44 36
9 1 14 46
63 7 1 2
7 1 5 63
63 53 4 1
36 7 22 1
3 63 2 6
1 32 2 31
2 1 12 61
58 98 3 1
4 1 8 86
32 1 92 1
1 54 4 23
5 3 76 4
1 68 5 11
1 6 7 16
2 15 19 3
56 15 2 1
2 1 28 17
73 5 12 1
26 91 5 1
11 1 26 30
2 10 9 9
1 13 9 14
62 1 23 4
68 14 15 1
3 22 2 1
1 88 1 62
1 18 5 2
2 46 1 45
2 72 4 20
1 1 62 82
31 11 20 2
1 5 29 68
1 2 40 55
7 2 1 1
52 1 61 1
1 3 71 44
3 82 1 14
3 4 78 5
3 2 94 5
2 21 2 20
1 6 46 6
13 1 80 3
1 4 1 52
