400 4
70 60 41 96
85 82 77 61
50 37 26 18
100 58 8 33
34 94 1 44
11 16 18 71
80 9 92 39
83 9 78 22
95 3 5 90
18 55 29 66
51 11 57 36
53 15 36 11
7 30 38 96
13 48 93 21
2 46 86 43
44 40 6 27
76 47 10 15
99 14 49 22
28 14 15 95
13 78 2 29
16 58 52 41
35 23 94 18
21 38 23 54
7 9 10 11
6 60 85 18
11 47 55 4
33 2 50 32
17 3 6 3
12 94 8 31
15 8 60 28
4 42 1 36
3 45 24 1
99 34 6 1
5 64 12 14
49 43 5 22
74 1 42 66
1 18 68 42
29 59 4 1
45 2 25 96
72 15 35 2
2 50 21 43
1 81 3 83
41 7 43 1
12 85 14 6
18 4 3 2
3 20 13 28
1 21 9 12
34 2 80 7
3 13 18 22
21 2 94 75
71 1 6 30
10 25 2 47
4 1 26 48
7 7 36 25
13 51 4 29
55 1 28 17
93 1 92 8
14 96 12 10
9 89 8 32
20 1 1 30
2 11 25 2
9 46 13 2
4 71 17 8
14 24 17 6
13 34 18 6
7 6 71 30
98 3 62 2
11 17 17 9
12 17 6 66
43 2 35 3
7 3 34 1
5 9 60 15
16 22 2 50
1 10 37 8
1 21 94 5
5 9 6 40
16 2 68 20
10 6 7 23
8 4 9 95
14 20 1 91
34 34 23 1
73 41 1 7
96 2 11 4
5 2 48 32
1 15 6 66
46 16 2 19
6 50 4 1
26 14 1 24
24 2 49 19
3 64 2 15
9 6 5 43
2 23 1 57
27 3 2 2
8 2 16 11
4 12 17 31
17 13 11 2
34 1 29 9
16 2 4 25
1 3 12 35
4 44 3 13
86 1 7 23
5 41 13 7
48 36 10 1
44 87 1 7
1 6 9 60
1 64 1 34
2 1 28 34
6 43 82 1
9 4 4 4
13 2 2 9
61 1 9 26
79 52 1 6
83 1 9 12
13 65 2 4
16 39 1 33
1 5 1 81
49 53 1 11
18 74 1 8
10 43 2 12
3 14 18 4
51 1 79 2
66 56 1 5
12 57 2 1
2 2 18 77
2 6 25 33
7 17 8 36
75 1 70 6
12 34 2 36
4 67 2 12
5 1 69 30
95 1 19 2
7 14 12 2
64 21 7 1
7 2 10 72
1 95 93 7
10 10 3 25
16 21 27 1
2 9 95 3
9 83 1 15
1 73 47 2
26 10 1 14
1 72 55 4
1 3 59 31
61 27 16 1
1 61 2 37
11 1 55 11
3 6 51 6
8 11 16 4
2 33 71 1
78 1 71 3
37 1 61 8
10 2 9 87
9 3 10 9
8 1 24 29
1 69 81 5
78 1 2 14
4 7 14 33
82 17 24 1
1 17 10 53
10 40 10 3
85 20 1 5
3 24 21 3
1 5 90 26
11 78 1 26
3 1 25 67
79 1 15 7
21 62 1 26
5 18 6 9
3 9 19 34
5 1 13 99
1 82 2 22
5 15 3 59
42 1 93 2
1 9 62 27
1 2 97 63
36 2 51 1
30 68 1 5
6 22 87 1
6 12 5 31
61 1 24 18
5 5 32 22
20 37 1 28
33 1 77 1
19 17 1 78
1 69 100 3
13 1 85 7
64 10 14 1
2 55 6 8
6 4 68 26
89 1 4 3
6 39 15 3
7 44 1 7
31 32 4 1
1 4 99 25
74 1 65 3
3 2 17 92
2 53 9 3
2 16 17 27
1 67 21 4
1 79 34 3
3 3 97 3
11 1 10 98
8 10 6 3
3 65 1 28
2 3 53 23
1 24 2 53
7 13 3 11
4 13 11 51
67 28 1 8
3 95 1 19
27 23 1 5
79 14 1 13
22 18 31 1
57 2 30 4
1 2 87 84
90 1 1 1
4 53 1 29
4 5 6 44
2 7 76 20
6 24 5 23
3 30 80 1
38 1 76 6
7 1 18 78
6 26 32 1
2 70 5 8
61 1 43 6
3 5 96 15
58 89 1 1
86 1 67 2
85 3 30 1
52 6 21 1
19 1 15 80
1 14 39 2
7 1 53 24
1 76 3 21
10 2 34 6
3 2 16 49
22 1 47 24
80 74 1 3
2 9 88 16
2 86 50 1
10 2 13 56
11 43 1 4
5 4 93 15
1 80 7 1
7 1 14 67
15 20 1 72
30 2 92 4
1 1 81 78
4 3 48 3
30 8 1 24
30 2 23 8
5 17 34 1
1 52 37 5
16 15 1 54
2 41 4 5
17 2 46 4
5 1 19 70
3 19 23 3
7 2 74 3
4 5 3 77
3 1 6 78
85 51 1 2
58 53 1 2
4 17 1 61
69 1 4 11
1 2 96 14
5 30 2 33
67 54 3 1
35 11 1 11
2 5 82 12
4 25 23 1
1 35 7 39
1 1 93 55
85 1 8 3
2 9 86 5
2 3 89 17
2 2 82 21
9 67 2 2
76 10 1 8
1 56 22 7
50 70 1 3
7 6 24 13
4 4 11 60
3 89 4 1
1 17 32 25
85 5 1 29
7 2 22 7
4 1 93 10
57 6 1 13
15 1 51 16
2 1 83 29
1 1 54 28
33 8 1 2
16 1 4 84
3 10 48 1
8 11 1 29
15 3 25 1
6 11 11 2
85 1 40 1
1 19 12 11
3 93 1 2
1 2 58 16
5 1 17 74
4 2 48 21
3 9 5 56
50 22 18 1
2 7 43 26
2 6 100 11
43 69 1 1
6 24 7 5
2 79 16 2
3 10 2 56
5 4 2 68
4 27 4 16
5 16 13 10
10 10 1 52
15 13 14 1
16 1 24 15
2 32 7 1
10 41 3 8
69 1 5 4
3 1 21 70
1 6 10 51
4 20 6 23
4 2 61 1
1 10 92 6
29 1 3 18
44 24 8 1
2 5 62 14
1 65 7 1
1 13 4 70
2 13 4 45
2 8 31 22
67 32 2 1
46 10 21 1
2 6 2 28
89 15 8 1
4 3 31 33
79 6 2 1
4 5 11 3
76 6 12 1
2 11 1 8
6 9 51 1
31 1 41 10
16 4 1 35
41 28 8 1
81 1 35 2
10 1 96 1
44 1 52 5
10 1 54 15
2 4 6 94
47 2 8 2
12 1 20 27
2 5 85 6
19 1 20 5
14 1 80 4
12 1 14 12
78 1 3 7
59 1 65 2
56 20 7 1
1 43 3 25
8 43 4 2
23 2 59 2
3 7 31 25
11 2 7 63
6 1 53 20
3 9 16 12
11 2 2 69
11 1 93 7
52 28 3 1
1 56 21 4
3 8 51 1
3 4 54 13
59 1 14 1
10 1 85 9
3 7 77 5
15 1 13 44
1 22 6 44
3 3 80 4
3 89 3 4
65 1 2 1
60 17 2 1
6 2 5 100
5 1 82 17
4 4 1 43
1 11 1 65
1 1 52 53
9 1 17 20
15 11 21 1
1 39 6 38
1 7 94 8
3 5 94 1
2 1 25 86
13 1 56 7
10 1 12 16
34 2 6 1
37 1 40 1
1 9 25 23
5 76 2 5
