400 4
50 90 66 98
8 72 5 87
5 46 21 34
34 27 27 1
52 86 20 29
58 16 58 25
25 30 27 100
48 46 10 100
93 37 12 26
51 11 46 36
15 10 18 1
29 76 9 7
3 37 51 42
31 7 27 59
1 34 18 39
41 8 36 30
35 20 14 31
74 1 39 17
75 7 1 45
5 16 43 6
32 12 5 99
93 78 4 35
78 20 7 38
34 3 98 4
11 45 1 47
13 5 79 3
72 38 8 36
25 68 7 10
8 34 23 16
9 50 20 4
47 87 3 25
29 9 18 30
37 7 13 47
18 48 9 37
5 12 2 97
56 39 12 73
24 1 54 11
12 74 6 36
99 2 23 38
48 3 9 12
3 14 54 34
9 44 6 39
2 70 49 7
19 2 17 67
11 28 13 33
46 43 2 27
41 63 2 14
23 7 21 10
35 19 12 23
10 18 22 28
3 30 33 21
11 33 16 12
23 14 15 45
46 7 6 27
66 2 15 73
12 37 8 94
90 2 35 4
93 32 2 1
3 18 10 67
8 76 6 75
25 85 3 18
17 3 23 32
9 12 85 21
5 15 23 32
45 86 2 3
73 1 53 96
4 45 14 62
45 2 20 8
32 4 29 4
44 16 8 11
19 54 6 13
50 17 1 85
49 37 7 6
61 6 53 1
1 5 16 46
7 53 70 1
29 5 31 14
33 22 1 3
7 6 79 26
8 2 60 2
1 99 97 3
1 50 94 20
13 7 15 10
22 7 64 1
12 14 34 18
13 1 75 8
36 10 6 85
73 7 44 3
30 91 2 28
9 32 6 86
58 7 5 68
82 4 14 4
4 20 56 12
4 86 7 71
30 18 9 76
2 92 19 26
6 65 9 61
12 91 10 20
12 21 22 25
8 90 8 9
30 1 13 59
25 32 3 35
80 2 11 39
16 33 7 32
4 66 7 51
3 22 26 44
7 83 3 24
20 19 9 33
90 2 6 95
22 97 2 38
49 2 12 19
18 29 1 51
47 2 10 12
17 88 15 2
1 34 7 60
2 57 71 10
3 54 17 5
11 30 12 3
27 16 8 74
64 3 35 5
7 42 16 8
33 20 15 4
32 63 1 1
4 81 7 6
14 5 2 48
4 10 13 89
74 13 1 94
2 6 92 7
2 73 33 14
3 9 9 34
20 99 2 32
29 38 4 11
41 1 11 88
3 4 76 54
42 3 2 22
2 25 85 30
24 3 47 17
8 12 35 15
28 74 5 2
6 8 1 90
8 1 54 28
74 53 1 1
60 37 11 1
6 19 6 41
1 63 79 14
1 94 48 6
16 12 2 1
14 47 5 17
9 49 1 67
8 59 3 70
37 8 7 5
21 50 1 10
2 69 3 58
83 2 1 38
14 22 38 8
18 6 53 27
15 27 13 4
61 4 1 66
30 4 30 5
1 36 67 8
1 81 37 26
3 22 44 12
9 15 27 28
2 12 52 26
6 28 28 5
20 2 45 50
4 51 6 88
4 3 82 5
9 2 53 84
5 8 2 85
2 69 24 29
9 12 50 14
23 6 5 26
87 1 15 57
53 8 12 3
2 4 11 6
1 35 26 4
5 1 96 58
11 5 3 18
27 98 1 8
2 66 10 14
64 14 1 49
1 6 57 19
43 2 15 23
34 1 9 69
1 6 40 18
1 4 36 62
94 2 3 25
99 4 57 2
4 38 6 38
6 52 9 13
6 2 14 49
11 89 20 2
22 3 38 21
60 3 1 65
1 5 16 29
6 43 3 22
1 46 3 69
64 3 19 8
21 1 13 55
10 18 5 65
77 3 21 4
45 1 57 8
33 1 14 17
90 11 2 16
1 3 75 81
19 3 25 16
8 1 4 34
5 15 98 1
7 12 5 72
12 57 2 42
8 80 2 21
2 1 33 88
6 52 52 2
46 4 1 22
10 64 34 1
38 11 2 16
96 1 1 89
2 70 20 3
14 51 36 1
33 6 17 5
56 6 33 1
11 31 15 1
31 2 46 11
13 42 2 41
63 1 4 6
3 30 2 15
14 24 11 2
7 27 48 5
9 1 68 20
1 3 84 6
56 1 18 2
1 65 20 17
1 12 10 70
54 1 7 1
5 34 57 1
5 78 4 9
9 57 1 38
1 65 1 92
7 1 55 56
53 1 5 20
49 17 1 5
1 100 1 25
2 56 91 2
18 3 50 6
38 2 8 10
21 5 35 1
2 93 8 42
4 59 4 4
5 56 9 10
4 57 82 1
9 46 4 1
5 4 7 69
17 6 39 5
1 62 8 14
1 16 6 87
20 2 3 26
2 3 54 75
20 14 1 41
24 1 53 26
48 3 68 1
37 8 12 2
2 47 76 1
5 2 13 24
4 83 41 2
4 2 55 73
7 34 26 5
8 75 54 1
1 17 10 22
7 19 18 2
4 68 59 3
12 7 34 4
1 51 8 27
81 7 1 4
81 2 1 52
22 33 1 36
3 84 1 46
7 10 9 19
2 82 73 2
1 95 25 13
2 71 1 8
15 27 5 17
55 5 1 9
1 6 32 5
6 5 1 22
23 3 21 5
1 79 1 66
26 8 22 3
1 65 10 11
2 59 5 52
79 2 1 70
2 53 1 34
1 2 39 64
10 5 7 5
2 48 5 41
4 6 3 43
15 16 4 3
39 1 98 5
77 2 2 80
7 1 75 51
2 95 8 7
5 1 81 74
2 3 51 23
2 42 9 29
14 3 23 9
8 26 3 7
3 44 11 2
83 3 3 10
6 1 68 73
2 17 26 5
53 2 6 16
8 3 39 6
12 1 94 11
8 4 2 58
60 1 2 91
10 11 24 4
39 2 54 2
6 30 29 3
80 22 1 2
31 1 13 6
4 2 10 2
3 12 1 38
1 3 26 56
85 5 2 8
7 10 9 13
7 30 17 1
1 1 37 81
5 1 31 94
3 80 56 1
4 94 1 5
6 27 52 1
34 4 5 4
23 1 10 17
4 3 7 49
29 3 66 1
6 77 23 1
1 4 3 18
2 60 69 1
5 1 10 75
5 1 77 74
2 2 52 61
16 3 1 79
3 1 15 81
40 2 1 20
2 67 51 3
6 1 95 65
29 1 19 11
29 3 35 1
3 1 53 65
5 16 5 3
74 1 1 32
14 50 1 16
51 1 98 2
2 34 69 4
52 1 10 12
12 4 1 54
2 2 55 22
1 78 2 42
8 1 82 15
9 1 68 8
16 1 42 18
24 1 40 14
10 13 5 14
3 24 2 23
6 1 27 60
59 3 2 17
13 72 2 1
2 2 2 49
18 1 3 7
25 3 80 1
1 77 2 88
2 99 27 1
2 1 79 51
13 7 5 6
7 3 2 34
14 1 34 18
6 20 61 1
1 76 2 64
1 76 2 25
52 16 1 5
1 1 43 69
3 59 9 8
2 21 9 5
1 72 83 3
39 1 67 2
45 6 17 1
5 1 58 10
1 23 15 5
6 53 45 1
86 10 6 3
2 85 61 2
61 5 1 5
20 3 2 3
80 4 1 15
33 3 33 1
3 3 62 1
15 35 1 21
3 1 53 49
1 60 77 1
2 6 5 8
