400 4
81 41 35 66
47 18 57 49
4 21 33 74
85 35 34 44
19 49 86 66
4 33 41 9
37 53 5 51
6 31 15 48
39 30 20 10
39 23 92 21
28 93 40 38
83 11 42 1
18 17 50 49
57 30 4 98
23 13 4 6
86 60 3 59
38 5 2 1
19 8 11 72
100 3 96 21
15 19 84 4
30 66 8 5
12 20 50 21
5 16 45 27
3 5 78 23
30 2 1 6
4 8 28 61
17 22 1 57
20 71 21 34
19 20 42 15
17 94 25 7
26 12 86 17
26 11 74 39
6 52 40 15
77 1 47 26
40 1 6 75
12 40 26 16
13 16 40 31
18 15 42 23
1 3 50 47
15 2 18 98
11 5 13 89
3 7 56 25
6 15 42 53
5 17 42 16
11 56 2 3
5 22 21 24
7 71 7 27
20 17 34 42
10 15 7 82
22 7 18 65
32 83 1 1
8 13 9 97
2 59 18 48
2 32 2 2
3 7 35 45
5 8 24 6
5 16 22 47
29 3 49 28
12 4 58 44
3 8 38 35
31 1 65 18
27 12 12 15
59 1 54 15
19 10 5 9
10 70 1 60
3 13 23 62
1 41 24 28
23 2 2 20
71 1 19 39
1 39 56 40
6 68 1 24
2 19 15 33
20 1 42 48
1 31 52 3
26 7 58 14
8 59 1 97
25 5 2 3
4 19 23 3
2 86 51 1
1 6 19 11
1 91 15 85
43 1 15 73
12 30 15 22
12 24 62 1
4 17 13 30
39 1 87 7
14 11 4 19
8 23 15 15
17 1 73 78
2 23 1 53
2 5 98 40
21 2 94 26
66 1 12 73
1 63 49 4
4 3 28 43
8 12 16 93
6 20 1 11
1 61 19 9
1 34 7 38
10 16 4 30
10 13 9 73
4 22 83 1
14 1 29 26
46 1 27 18
33 44 46 1
13 2 68 88
6 24 2 3
14 12 6 5
81 1 1 76
20 5 20 72
3 43 36 1
3 84 1 29
14 8 12 51
3 5 70 23
6 18 10 73
51 1 64 14
14 1 13 86
7 2 99 90
3 1 96 81
63 43 1 1
14 5 6 68
9 1 94 91
17 4 19 64
16 5 56 13
1 81 6 33
23 28 11 2
54 2 82 5
12 9 17 1
3 94 29 1
5 21 4 67
1 39 57 2
10 13 10 44
15 5 82 21
11 11 17 68
1 48 17 24
84 1 72 13
13 2 64 3
2 13 8 47
5 11 29 4
74 3 64 1
17 1 59 7
7 2 1 85
1 2 31 36
4 2 62 12
59 1 39 13
14 7 12 10
3 33 1 43
88 1 55 2
4 3 20 97
1 71 5 17
27 3 25 8
41 1 4 36
3 4 46 28
6 2 14 84
1 12 8 46
11 22 80 2
1 80 3 11
25 1 12 57
17 6 14 60
1 5 18 93
2 25 1 22
6 15 5 66
14 1 5 76
7 3 13 58
4 14 99 2
22 11 3 60
1 95 22 2
98 2 26 2
85 1 60 1
1 90 2 41
3 1 60 83
40 2 33 1
6 1 6 91
8 4 30 37
1 33 14 8
1 5 6 57
77 1 59 1
18 8 46 3
15 9 6 43
11 7 1 71
5 7 4 83
7 17 1 50
1 4 80 26
4 12 70 10
3 19 4 52
9 3 55 16
3 1 93 81
6 9 49 4
4 23 21 4
87 1 41 10
10 1 65 81
5 22 7 2
2 17 5 14
3 76 1 10
1 50 2 26
7 27 74 1
13 6 7 48
8 1 49 64
9 6 71 9
52 40 1 2
18 9 2 8
1 36 31 7
1 88 76 1
2 74 69 1
13 45 1 6
51 1 24 17
1 4 1 46
7 14 15 26
4 64 16 1
4 1 9 72
2 94 50 1
51 1 37 4
23 8 5 14
94 3 19 5
18 4 61 2
6 16 4 24
18 13 9 4
81 1 24 7
62 1 62 1
9 9 9 15
10 1 98 10
10 6 80 3
15 9 5 37
4 1 54 68
17 2 16 51
5 13 71 3
12 1 26 66
4 1 8 83
4 5 41 31
7 1 68 52
2 49 4 1
4 2 40 27
4 1 3 56
10 1 1 92
29 1 85 3
1 37 100 1
8 2 5 38
1 1 52 80
11 37 37 1
1 44 49 6
1 52 12 7
52 1 27 15
18 11 10 5
22 2 7 27
3 1 18 17
9 7 6 35
12 5 4 37
2 20 86 6
60 1 2 59
2 2 90 17
17 100 1 5
1 49 9 17
17 1 2 74
2 9 75 6
14 93 1 2
2 28 36 4
3 21 6 5
13 5 85 2
29 91 1 3
1 5 77 30
20 9 1 26
12 17 4 22
14 1 43 5
1 1 70 73
56 1 11 15
66 1 33 7
78 1 32 1
1 1 97 36
13 2 9 25
36 6 17 2
2 2 32 9
17 2 37 3
73 2 5 3
1 71 1 39
13 42 1 7
7 14 1 26
6 4 2 34
50 1 31 11
1 52 3 25
6 3 5 39
2 1 61 59
11 7 85 2
34 1 1 73
11 5 99 3
84 1 30 4
4 9 43 8
28 15 8 2
17 4 28 4
83 1 3 51
3 12 77 4
1 10 16 22
6 12 70 3
14 17 4 13
8 1 72 16
20 2 11 18
22 6 12 11
17 1 8 44
97 1 9 8
3 26 8 3
67 1 18 14
7 10 5 13
7 20 18 6
1 14 15 27
9 7 19 7
1 3 27 58
30 1 12 30
13 3 50 3
9 18 76 2
26 43 11 1
3 27 12 1
72 1 1 51
15 6 27 5
4 16 3 5
1 49 6 14
2 1 93 24
1 29 68 10
2 1 75 31
15 5 70 2
11 10 2 18
68 2 24 5
4 30 10 1
26 55 1 5
1 4 100 17
2 4 3 21
1 29 49 2
6 7 94 3
31 87 1 1
9 3 59 4
8 1 88 12
30 7 58 2
37 15 6 1
4 7 93 2
1 35 10 12
55 13 1 2
3 15 42 8
1 62 21 2
58 4 22 5
49 67 1 1
15 17 7 3
4 1 90 7
5 7 61 5
1 60 12 2
22 5 12 11
21 2 67 2
53 3 7 4
18 1 16 4
35 23 6 1
13 1 97 6
4 4 38 2
17 19 14 2
10 21 25 2
51 29 1 2
30 78 3 1
17 3 13 3
35 44 1 2
43 1 2 51
70 1 4 19
6 4 5 10
4 16 67 1
17 15 1 13
1 2 24 90
30 1 63 3
75 1 6 2
3 1 84 16
5 1 4 36
3 3 4 82
1 93 11 5
9 15 3 20
41 75 1 1
5 1 80 4
90 4 16 1
3 10 6 7
3 2 12 52
17 1 40 7
30 6 1 4
10 2 69 7
4 52 3 1
10 13 1 39
18 16 1 3
1 23 4 36
27 1 1 62
5 12 1 36
1 93 5 1
55 1 51 1
1 77 27 1
88 2 8 1
24 4 76 1
1 96 1 15
66 1 6 9
12 1 89 3
3 24 1 28
70 1 33 2
4 1 55 9
5 6 84 1
1 1 72 62
44 3 21 1
13 6 10 5
1 16 68 7
1 1 14 100
3 18 47 1
