0.70 0.65 0.05 0.45
0.57 0.72 0.54 0.84
0.38 0.43 0.19 0.06
0.27 0.42 0.34 0.28
0.63 0.75 0.02 0.84
0.45 0.23 0.93 1.00
0.03 0.31 0.47 0.92
0.10 0.04 0.45 0.47
0.10 0.04 0.56 0.20
0.04 0.60 0.29 0.38
0.55 0.29 0.08 0.48
0.10 0.76 0.07 0.37
0.40 0.52 0.14 0.05
0.50 0.16 0.40 0.05
0.54 0.12 0.25 0.48
0.16 0.32 0.52 0.32
0.32 0.69 0.27 0.01
0.83 0.31 0.35 0.27
0.77 0.11 0.33 0.29
0.72 0.50 0.17 0.17
0.53 0.05 0.44 0.72
0.15 0.84 0.27 0.12
0.19 0.02 0.73 0.47
0.54 0.41 0.21 0.21
0.83 0.45 0.10 0.23
0.14 0.46 0.28 0.29
0.13 0.91 0.06 0.92
0.64 0.02 0.09 0.85
0.81 0.04 0.30 0.26
0.03 0.26 0.36 0.69
0.13 0.65 0.89 0.12
0.03 0.76 0.33 0.84
0.49 0.17 0.25 0.11
0.30 0.94 0.35 0.01
0.01 0.36 0.18 0.99
0.07 0.10 0.89 0.01
0.02 0.80 0.14 0.36
0.10 0.15 0.45 0.05
0.02 0.40 0.39 0.18
0.62 0.47 0.16 0.01
0.62 0.09 0.46 0.07
0.08 0.49 0.05 0.46
0.43 0.01 0.45 0.02
0.16 0.48 0.37 0.16
0.08 0.23 0.82 0.14
0.11 0.29 0.02 0.15
0.42 0.36 0.83 0.01
0.27 0.10 0.43 0.43
0.96 0.08 0.27 0.42
0.01 0.64 0.70 0.46
0.22 0.08 0.95 0.04
0.04 0.24 0.45 0.84
0.09 0.39 0.16 0.30
0.63 0.14 0.31 0.29
0.96 0.24 0.29 0.07
0.97 0.21 0.05 0.10
0.47 0.50 0.01 0.41
0.36 0.10 0.48 0.25
0.30 0.03 0.54 0.59
0.02 0.75 0.55 0.07
0.02 0.20 0.60 0.16
0.89 0.13 0.02 0.70
0.26 0.17 0.24 0.48
0.10 0.20 0.04 0.12
0.43 0.09 0.38 0.85
0.05 0.29 0.47 0.42
0.25 0.86 0.27 0.08
0.30 0.16 0.41 0.52
0.12 0.11 0.37 0.01
0.22 0.13 0.06 0.26
0.20 0.09 0.35 0.68
0.21 0.05 0.17 0.33
0.14 0.47 0.36 0.10
0.18 0.06 0.05 0.06
0.03 0.61 0.91 0.05
0.16 0.21 0.16 0.10
0.06 0.51 0.14 0.99
0.03 0.62 0.03 0.20
0.08 0.30 0.32 0.40
0.35 0.44 0.12 0.05
0.10 0.40 0.20 0.02
0.02 0.06 0.64 0.37
0.37 0.04 0.41 0.06
0.06 0.36 0.30 0.38
0.02 0.24 0.38 0.20
0.10 0.30 0.35 0.03
0.48 0.32 0.24 0.03
0.33 0.02 0.21 0.41
0.12 0.04 0.36 0.29
0.39 0.49 0.19 0.02
0.08 0.49 0.04 0.90
0.85 0.03 0.16 0.31
0.17 0.08 0.34 0.10
0.13 0.16 0.21 0.52
0.71 0.24 0.18 0.04
0.32 0.05 0.63 0.10
0.06 0.39 0.09 0.03
0.26 0.42 0.01 0.64
0.24 0.42 0.24 0.01
0.29 0.12 0.06 0.04
0.01 0.49 0.42 0.28
0.02 0.46 0.22 0.76
0.09 0.16 0.44 0.17
0.13 0.19 0.02 0.21
0.15 0.02 0.01 0.14
0.34 0.01 0.51 0.32
0.06 0.14 0.27 0.21
0.96 0.03 0.16 0.06
0.01 0.23 0.44 0.61
0.05 0.05 0.23 0.74
0.09 0.10 0.07 0.83
0.10 0.08 0.05 0.02
0.07 0.35 0.37 0.03
0.17 0.02 0.75 0.05
0.10 0.06 0.63 0.07
0.04 0.28 0.45 0.09
0.19 0.01 0.47 0.02
0.28 0.04 0.31 0.01
0.02 0.07 0.93 0.36
0.02 0.71 0.12 0.43
0.01 0.54 0.30 0.32
0.02 0.62 0.15 0.30
0.02 0.15 0.29 0.94
0.05 0.05 0.21 0.34
0.98 0.66 0.02 0.05
0.05 0.22 0.59 0.20
0.43 0.40 0.04 0.10
0.05 0.31 0.26 0.12
0.08 0.20 0.79 0.11
0.02 0.78 0.04 0.13
0.01 0.99 0.94 0.16
0.02 0.08 0.61 0.54
0.02 0.08 0.02 0.42
0.03 0.06 0.07 0.39
0.01 0.90 0.55 0.07
0.07 0.56 0.01 0.30
0.01 0.62 0.77 0.19
0.67 0.01 0.02 0.22
0.68 0.95 0.02 0.13
0.84 0.46 0.01 0.01
0.03 0.03 0.46 0.64
0.06 0.96 0.64 0.02
0.13 0.01 0.84 0.67
0.05 0.08 0.53 0.32
0.40 0.04 0.19 0.12
0.04 0.97 0.25 0.03
0.91 0.02 0.37 0.03
0.25 0.01 0.07 0.50
0.07 0.13 0.84 0.10
0.01 0.46 0.14 0.55
0.01 0.01 0.76 0.86
0.04 0.08 0.48 0.28
0.01 0.39 0.23 0.01
0.07 0.03 0.46 0.12
0.03 0.02 0.15 0.64
0.01 0.88 0.10 0.91
0.08 0.07 0.28 0.16
0.59 0.13 0.19 0.01
0.57 0.55 0.04 0.01
0.38 0.38 0.02 0.01
0.01 0.08 0.96 0.63
0.09 0.04 0.17 0.50
0.65 0.05 0.07 0.12
0.27 0.36 0.04 0.01
0.74 0.83 0.01 0.08
0.03 0.05 0.06 0.23
0.01 0.05 0.38 0.43
0.01 0.83 0.12 0.63
0.50 0.03 0.31 0.04
0.06 0.19 0.61 0.19
0.08 0.02 0.18 0.12
0.45 0.05 0.11 0.09
0.02 0.18 0.35 0.32
0.02 0.17 0.20 0.27
0.01 0.13 0.65 0.08
0.08 0.35 0.79 0.02
0.01 0.71 0.05 0.58
0.34 0.88 0.01 0.02
0.08 0.60 0.02 0.16
0.15 0.96 0.04 0.04
0.09 0.01 0.57 0.88
0.01 0.44 0.13 0.22
0.03 0.22 0.54 0.12
0.01 0.36 0.53 0.42
0.30 0.04 0.13 0.06
0.02 0.31 0.90 0.07
0.41 0.01 0.40 0.24
0.16 0.01 0.78 0.70
0.06 0.01 0.74 0.51
0.02 0.04 0.26 0.18
0.10 0.13 0.19 0.01
0.18 0.01 0.68 0.41
0.77 0.16 0.02 0.09
0.05 0.01 0.35 0.40
0.03 0.88 0.01 0.27
0.26 0.65 0.03 0.02
0.76 0.21 0.03 0.12
0.14 0.01 0.10 0.40
0.14 0.01 0.52 0.17
0.06 0.87 0.19 0.01
0.16 0.04 0.92 0.07
0.44 0.17 0.01 0.10
0.45 0.12 0.03 0.08
0.07 0.02 0.68 0.03
0.11 0.59 0.01 0.08
0.04 0.52 0.14 0.13
0.51 0.43 0.01 0.09
0.25 0.14 0.03 0.13
0.80 0.38 0.01 0.01
0.04 0.63 0.12 0.08
0.42 0.01 0.01 0.20
0.08 0.80 0.04 0.09
0.25 0.08 0.03 0.11
0.01 0.11 0.47 0.30
0.05 0.06 0.14 0.14
0.62 0.55 0.01 0.01
0.09 0.49 0.07 0.09
0.06 0.14 0.68 0.07
0.05 0.38 0.70 0.01
0.04 0.24 0.06 0.14
0.05 0.07 0.66 0.08
0.60 0.04 0.05 0.01
0.01 0.62 0.10 1.00
0.01 0.26 0.13 0.87
0.01 0.18 0.17 0.90
0.20 0.58 0.18 0.01
0.11 0.93 0.04 0.04
0.07 0.15 0.06 0.05
0.78 0.52 0.01 0.08
0.03 0.07 0.94 0.11
0.27 0.01 0.11 0.33
0.06 0.72 0.01 0.19
0.05 0.46 0.01 0.64
0.03 0.32 0.53 0.10
0.04 0.12 0.64 0.08
0.92 0.01 0.09 0.19
0.03 0.12 0.54 0.14
0.05 0.03 0.69 0.23
0.05 0.62 0.13 0.12
0.52 0.03 0.85 0.01
0.18 0.50 0.01 0.01
0.04 0.25 0.23 0.04
0.60 0.03 0.18 0.11
0.02 0.53 0.03 0.02
0.84 0.02 0.03 0.04
0.01 0.27 0.83 0.06
0.04 0.27 0.02 0.38
0.08 0.02 0.50 0.10
0.71 0.01 0.07 0.03
0.02 0.02 0.63 0.79
0.44 0.03 0.03 0.09
0.92 0.03 0.04 0.01
0.47 0.04 0.20 0.04
0.11 0.15 0.01 0.79
0.01 0.27 0.36 0.08
0.55 0.02 0.02 0.03
0.01 0.04 0.42 0.73
0.14 0.05 0.03 0.60
0.01 0.11 0.06 0.61
0.06 0.22 0.75 0.03
0.42 0.06 0.27 0.04
0.98 0.34 0.02 0.02
0.01 0.89 0.01 0.65
0.32 0.02 0.03 0.01
0.18 0.02 0.26 0.08
0.03 0.53 0.01 0.80
0.10 0.07 0.12 0.05
0.01 0.35 0.02 0.17
0.19 0.41 0.01 0.12
0.04 0.02 0.60 0.29
0.02 0.03 0.45 0.31
0.47 0.01 0.68 0.01
0.04 0.31 0.97 0.02
0.22 0.01 0.32 0.14
0.27 0.29 0.01 0.12
0.38 0.01 0.04 0.60
0.06 0.04 0.18 0.56
0.01 0.03 0.60 0.13
0.68 0.01 0.06 0.01
0.05 0.15 0.01 0.55
0.07 0.51 0.14 0.01
0.05 0.21 0.59 0.07
0.56 0.01 0.25 0.18
0.01 0.08 0.11 0.70
0.74 0.02 0.01 0.12
0.13 0.03 0.59 0.03
0.12 0.03 0.07 0.59
0.03 0.29 0.84 0.02
0.01 0.21 0.51 0.22
0.14 0.01 0.53 0.02
0.01 0.04 0.48 0.33
0.30 0.03 0.41 0.02
0.11 0.03 0.21 0.01
0.09 0.21 0.33 0.03
0.01 0.71 0.21 0.09
0.04 0.03 0.13 0.09
0.02 0.24 0.44 0.03
0.07 0.09 0.54 0.04
0.03 0.13 0.95 0.05
0.13 0.50 0.03 0.01
0.10 0.03 0.04 0.25
0.04 0.01 0.20 0.61
0.01 0.65 0.01 0.58
0.01 0.04 0.07 0.90
0.02 0.05 0.55 0.06
0.13 0.01 0.12 0.67
0.07 0.56 0.09 0.01
0.04 0.56 0.01 0.16
0.08 0.02 0.01 0.52
0.14 0.08 0.01 0.21
0.09 0.02 0.40 0.06
0.18 0.01 0.23 0.01
0.03 0.03 0.28 0.55
0.06 0.40 0.19 0.02
0.04 0.02 0.13 0.16
0.05 0.30 0.01 0.51
0.48 0.22 0.02 0.03
0.03 0.01 0.58 0.18
0.03 0.21 0.62 0.05
0.03 0.06 0.87 0.02
0.17 0.25 0.04 0.04
0.60 0.01 0.17 0.19
0.01 0.11 0.17 0.49
0.10 0.01 0.49 0.07
0.01 0.46 0.20 0.15
0.03 0.17 0.19 0.19
0.51 0.33 0.01 0.09
0.02 0.91 0.02 0.12
0.32 0.01 0.04 0.51
0.02 0.15 0.35 0.10
0.07 0.64 0.07 0.01
0.07 0.29 0.03 0.06
0.34 0.01 0.01 0.82
0.02 0.23 0.05 0.07
0.85 0.19 0.01 0.03
0.17 0.26 0.02 0.11
0.07 0.50 0.02 0.07
0.09 0.11 0.11 0.01
0.01 0.31 0.04 0.58
0.04 0.01 0.93 0.16
0.02 0.20 0.24 0.11
0.05 0.17 0.84 0.03
0.01 0.20 0.97 0.02
0.09 0.07 0.25 0.02
0.02 0.01 0.50 0.86
0.01 0.07 0.27 0.30
0.25 0.05 0.15 0.01
0.09 0.01 0.57 0.17
0.08 0.30 0.18 0.02
0.02 0.14 0.08 0.29
0.28 0.02 0.08 0.03
0.02 0.02 0.72 0.59
0.01 0.18 0.16 0.04
0.10 0.91 0.01 0.09
0.05 0.20 0.06 0.20
0.01 0.01 0.95 0.35
0.01 0.01 0.03 0.39
0.06 0.15 0.22 0.08
0.44 0.01 0.22 0.13
0.14 0.07 0.04 0.08
0.43 0.44 0.01 0.06
0.05 0.15 0.47 0.08
0.05 0.47 0.07 0.05
0.01 0.97 0.13 0.13
0.53 0.20 0.01 0.07
0.04 0.55 0.01 0.42
0.06 0.02 0.01 0.59
0.53 0.09 0.02 0.11
0.72 0.09 0.01 0.07
0.07 0.12 0.72 0.02
0.08 0.01 0.02 0.74
0.10 0.08 0.01 0.15
0.22 0.01 0.22 0.05
0.23 0.01 0.05 0.19
0.29 0.08 0.11 0.01
0.02 0.09 0.24 0.31
0.52 0.01 0.14 0.10
0.04 0.05 0.78 0.02
0.01 0.11 0.71 0.12
0.05 0.30 0.02 0.01
0.02 0.19 0.36 0.02
0.01 0.08 0.51 0.22
0.01 0.69 0.01 0.57
0.01 0.96 0.20 0.02
0.02 0.18 0.01 0.90
0.27 0.23 0.02 0.09
0.04 0.05 0.35 0.08
0.03 0.40 0.07 0.03
0.71 0.08 0.01 0.06
0.03 0.56 0.01 0.63
0.52 0.01 0.22 0.03
0.01 0.05 0.53 0.23
0.24 0.24 0.04 0.03
0.07 0.02 0.41 0.02
0.24 0.16 0.01 0.04
0.12 0.01 0.29 0.09
0.01 0.22 0.56 0.01
0.02 0.09 0.64 0.05
0.01 0.57 0.05 0.14
0.04 0.10 0.67 0.01
