400 4
70 65 5 45
57 72 54 84
38 43 19 6
27 42 34 28
63 75 2 84
45 23 93 100
3 31 47 92
10 4 45 47
10 4 56 20
4 60 29 38
55 29 8 48
10 76 7 37
40 52 14 5
50 16 40 5
54 12 25 48
16 32 52 32
32 69 27 1
83 31 35 27
77 11 33 29
72 50 17 17
53 5 44 72
15 84 27 12
19 2 73 47
54 41 21 21
83 45 10 23
14 46 28 29
13 91 6 92
64 2 9 85
81 4 30 26
3 26 36 69
13 65 89 12
3 76 33 84
49 17 25 11
30 94 35 1
1 36 18 99
7 10 89 1
2 80 14 36
10 15 45 5
2 40 39 18
62 47 16 1
62 9 46 7
8 49 5 46
43 1 45 2
16 48 37 16
8 23 82 14
11 29 2 15
42 36 83 1
27 10 43 43
96 8 27 42
1 64 70 46
22 8 95 4
4 24 45 84
9 39 16 30
63 14 31 29
96 24 29 7
97 21 5 10
47 50 1 41
36 10 48 25
30 3 54 59
2 75 55 7
2 20 60 16
89 13 2 70
26 17 24 48
10 20 4 12
43 9 38 85
5 29 47 42
25 86 27 8
30 16 41 52
12 11 37 1
22 13 6 26
20 9 35 68
21 5 17 33
14 47 36 10
18 6 5 6
3 61 91 5
16 21 16 10
6 51 14 99
3 62 3 20
8 30 32 40
35 44 12 5
10 40 20 2
2 6 64 37
37 4 41 6
6 36 30 38
2 24 38 20
10 30 35 3
48 32 24 3
33 2 21 41
12 4 36 29
39 49 19 2
8 49 4 90
85 3 16 31
17 8 34 10
13 16 21 52
71 24 18 4
32 5 63 10
6 39 9 3
26 42 1 64
24 42 24 1
29 12 6 4
1 49 42 28
2 46 22 76
9 16 44 17
13 19 2 21
15 2 1 14
34 1 51 32
6 14 27 21
96 3 16 6
1 23 44 61
5 5 23 74
9 10 7 83
10 8 5 2
7 35 37 3
17 2 75 5
10 6 63 7
4 28 45 9
19 1 47 2
28 4 31 1
2 7 93 36
2 71 12 43
1 54 30 32
2 62 15 30
2 15 29 94
5 5 21 34
98 66 2 5
5 22 59 20
43 40 4 10
5 31 26 12
8 20 79 11
2 78 4 13
1 99 94 16
2 8 61 54
2 8 2 42
3 6 7 39
1 90 55 7
7 56 1 30
1 62 77 19
67 1 2 22
68 95 2 13
84 46 1 1
3 3 46 64
6 96 64 2
13 1 84 67
5 8 53 32
40 4 19 12
4 97 25 3
91 2 37 3
25 1 7 50
7 13 84 10
1 46 14 55
1 1 76 86
4 8 48 28
1 39 23 1
7 3 46 12
3 2 15 64
1 88 10 91
8 7 28 16
59 13 19 1
57 55 4 1
38 38 2 1
1 8 96 63
9 4 17 50
65 5 7 12
27 36 4 1
74 83 1 8
3 5 6 23
1 5 38 43
1 83 12 63
50 3 31 4
6 19 61 19
8 2 18 12
45 5 11 9
2 18 35 32
2 17 20 27
1 13 65 8
8 35 79 2
1 71 5 58
34 88 1 2
8 60 2 16
15 96 4 4
9 1 57 88
1 44 13 22
3 22 54 12
1 36 53 42
30 4 13 6
2 31 90 7
41 1 40 24
16 1 78 70
6 1 74 51
2 4 26 18
10 13 19 1
18 1 68 41
77 16 2 9
5 1 35 40
3 88 1 27
26 65 3 2
76 21 3 12
14 1 10 40
14 1 52 17
6 87 19 1
16 4 92 7
44 17 1 10
45 12 3 8
7 2 68 3
11 59 1 8
4 52 14 13
51 43 1 9
25 14 3 13
80 38 1 1
4 63 12 8
42 1 1 20
8 80 4 9
25 8 3 11
1 11 47 30
5 6 14 14
62 55 1 1
9 49 7 9
6 14 68 7
5 38 70 1
4 24 6 14
5 7 66 8
60 4 5 1
1 62 10 100
1 26 13 87
1 18 17 90
20 58 18 1
11 93 4 4
7 15 6 5
78 52 1 8
3 7 94 11
27 1 11 33
6 72 1 19
5 46 1 64
3 32 53 10
4 12 64 8
92 1 9 19
3 12 54 14
5 3 69 23
5 62 13 12
52 3 85 1
18 50 1 1
4 25 23 4
60 3 18 11
2 53 3 2
84 2 3 4
1 27 83 6
4 27 2 38
8 2 50 10
71 1 7 3
2 2 63 79
44 3 3 9
92 3 4 1
47 4 20 4
11 15 1 79
1 27 36 8
55 2 2 3
1 4 42 73
14 5 3 60
1 11 6 61
6 22 75 3
42 6 27 4
98 34 2 2
1 89 1 65
32 2 3 1
18 2 26 8
3 53 1 80
10 7 12 5
1 35 2 17
19 41 1 12
4 2 60 29
2 3 45 31
47 1 68 1
4 31 97 2
22 1 32 14
27 29 1 12
38 1 4 60
6 4 18 56
1 3 60 13
68 1 6 1
5 15 1 55
7 51 14 1
5 21 59 7
56 1 25 18
1 8 11 70
74 2 1 12
13 3 59 3
12 3 7 59
3 29 84 2
1 21 51 22
14 1 53 2
1 4 48 33
30 3 41 2
11 3 21 1
9 21 33 3
1 71 21 9
4 3 13 9
2 24 44 3
7 9 54 4
3 13 95 5
13 50 3 1
10 3 4 25
4 1 20 61
1 65 1 58
1 4 7 90
2 5 55 6
13 1 12 67
7 56 9 1
4 56 1 16
8 2 1 52
14 8 1 21
9 2 40 6
18 1 23 1
3 3 28 55
6 40 19 2
4 2 13 16
5 30 1 51
48 22 2 3
3 1 58 18
3 21 62 5
3 6 87 2
17 25 4 4
60 1 17 19
1 11 17 49
10 1 49 7
1 46 20 15
3 17 19 19
51 33 1 9
2 91 2 12
32 1 4 51
2 15 35 10
7 64 7 1
7 29 3 6
34 1 1 82
2 23 5 7
85 19 1 3
17 26 2 11
7 50 2 7
9 11 11 1
1 31 4 58
4 1 93 16
2 20 24 11
5 17 84 3
1 20 97 2
9 7 25 2
2 1 50 86
1 7 27 30
25 5 15 1
9 1 57 17
8 30 18 2
2 14 8 29
28 2 8 3
2 2 72 59
1 18 16 4
10 91 1 9
5 20 6 20
1 1 95 35
1 1 3 39
6 15 22 8
44 1 22 13
14 7 4 8
43 44 1 6
5 15 47 8
5 47 7 5
1 97 13 13
53 20 1 7
4 55 1 42
6 2 1 59
53 9 2 11
72 9 1 7
7 12 72 2
8 1 2 74
10 8 1 15
22 1 22 5
23 1 5 19
29 8 11 1
2 9 24 31
52 1 14 10
4 5 78 2
1 11 71 12
5 30 2 1
2 19 36 2
1 8 51 22
1 69 1 57
1 96 20 2
2 18 1 90
27 23 2 9
4 5 35 8
3 40 7 3
71 8 1 6
3 56 1 63
52 1 22 3
1 5 53 23
24 24 4 3
7 2 41 2
24 16 1 4
12 1 29 9
1 22 56 1
2 9 64 5
1 57 5 14
4 10 67 1
