0.33 0.50 0.40 0.15
0.81 0.56 0.22 0.92
0.28 0.77 0.25 0.79
0.66 0.23 0.08 0.45
0.16 0.59 0.32 0.62
0.47 0.45 0.18 0.04
0.35 0.03 0.34 0.88
0.04 0.23 0.12 0.03
0.55 0.21 0.17 0.09
0.18 0.07 0.59 0.37
0.41 0.51 0.04 0.66
0.02 0.48 0.07 0.27
0.12 0.17 0.21 0.25
0.52 0.03 0.30 0.12
0.11 0.19 0.19 0.47
0.45 0.36 0.02 0.04
0.37 0.40 0.06 0.32
0.16 0.38 0.03 0.10
0.63 0.23 0.11 0.48
0.12 0.15 0.88 0.15
0.01 0.74 0.20 0.08
0.01 0.31 0.35 0.81
0.69 0.23 0.06 0.26
0.34 0.44 0.12 0.02
0.07 0.01 0.24 0.53
0.17 0.13 0.21 0.19
0.99 0.23 0.05 0.20
0.90 0.05 0.39 0.04
0.40 0.11 0.14 0.89
0.48 0.12 0.05 0.95
0.11 0.03 0.28 0.27
0.61 0.05 0.31 0.10
0.21 0.08 0.21 0.93
0.08 0.81 0.02 0.67
1.00 0.48 0.02 0.03
0.21 0.02 0.78 0.22
0.92 0.19 0.16 0.43
0.81 0.54 0.05 0.03
0.04 0.07 0.14 0.93
0.47 0.08 0.08 0.17
0.11 0.11 0.37 0.22
0.24 0.17 0.66 0.03
0.10 0.11 0.08 0.34
0.34 0.08 0.13 0.73
0.36 0.18 0.04 0.39
0.08 0.19 0.24 0.47
0.27 0.78 0.02 1.00
0.01 0.22 0.09 0.89
0.01 0.25 0.02 0.33
0.37 0.65 0.01 0.46
0.11 0.45 0.39 0.01
0.03 0.17 0.28 0.50
0.67 0.20 0.23 0.15
0.04 0.15 0.98 0.42
0.01 0.22 0.01 0.46
0.38 0.09 0.19 0.61
0.10 0.11 0.13 0.26
0.18 0.04 0.05 0.20
0.05 0.08 0.15 0.33
0.18 0.45 0.01 0.24
0.57 1.00 0.01 0.06
0.63 0.12 0.72 0.05
0.20 0.14 0.07 0.16
0.06 0.06 0.69 0.80
0.74 0.96 0.09 0.02
0.04 0.02 0.52 0.50
0.01 0.19 0.34 0.15
0.13 0.18 0.04 0.44
0.48 0.30 0.02 0.06
0.88 0.06 0.25 0.10
0.10 0.05 0.10 0.03
0.64 0.04 0.53 0.10
0.02 0.07 0.43 0.54
0.98 0.57 0.01 0.16
0.78 0.70 0.11 0.02
0.37 0.17 0.04 0.89
0.01 0.04 0.30 0.67
0.54 0.18 0.41 0.02
0.37 0.16 0.03 0.38
0.01 0.08 0.76 0.56
0.29 0.37 0.26 0.02
0.21 0.03 0.24 0.47
0.67 0.11 0.04 0.87
0.06 0.36 0.01 0.30
0.76 0.03 0.17 0.28
0.27 0.70 0.06 0.07
0.02 0.54 0.07 0.10
0.09 0.06 0.28 0.13
0.97 0.48 0.28 0.01
0.74 0.02 0.64 0.36
0.10 0.53 0.21 0.02
0.21 0.01 0.49 0.02
0.01 0.38 0.05 0.16
0.78 0.05 0.03 0.55
0.03 0.09 0.11 0.41
0.57 0.94 0.01 0.16
0.02 0.07 0.90 0.26
0.10 0.46 0.06 0.02
0.02 0.36 0.48 0.01
0.10 0.04 0.99 0.24
0.60 0.01 0.20 0.71
0.32 0.06 0.03 0.09
0.70 0.16 0.47 0.01
0.25 0.28 0.02 0.18
0.56 0.09 0.18 0.02
0.04 0.03 0.59 0.18
0.16 0.17 0.06 0.01
0.01 0.07 0.96 0.63
0.02 0.13 0.27 0.05
0.09 0.10 0.84 0.12
0.95 0.93 0.01 0.20
0.26 0.14 0.01 0.34
0.04 0.02 0.90 0.25
0.02 0.55 0.47 0.03
0.40 0.04 0.48 0.16
0.02 0.02 0.69 0.59
0.73 0.16 0.20 0.01
0.01 0.17 0.18 0.07
0.01 0.33 0.70 0.03
0.16 0.03 0.11 0.26
0.57 0.02 0.04 0.67
0.11 0.44 0.05 0.12
0.09 0.04 0.40 0.09
0.88 0.06 1.00 0.01
0.06 0.12 0.03 0.78
0.04 0.02 0.35 0.41
0.12 0.20 0.03 0.35
0.45 0.05 0.06 0.04
0.21 0.02 0.12 0.63
0.59 0.07 0.02 0.63
0.02 0.59 0.03 0.20
0.04 0.42 0.04 0.25
0.79 0.12 0.04 0.05
0.03 0.03 0.38 0.97
0.06 0.70 0.10 0.07
0.34 0.76 0.04 0.05
0.06 0.03 0.38 0.30
0.04 0.07 0.88 0.13
0.11 0.95 0.02 0.25
0.06 0.78 0.12 0.01
0.52 0.01 0.17 0.11
0.01 0.15 0.88 0.49
0.40 0.01 0.08 0.19
0.21 0.02 0.44 0.26
0.70 0.04 0.58 0.01
0.11 0.09 0.79 0.01
0.21 0.36 0.03 0.09
0.02 0.38 0.13 0.13
0.13 0.25 0.38 0.01
0.91 0.02 0.01 0.53
0.06 0.19 0.07 0.74
0.76 0.58 0.01 0.13
0.42 0.08 0.09 0.07
0.01 0.15 0.61 0.66
0.18 0.19 0.03 0.33
0.01 0.19 0.74 0.02
0.37 0.03 0.35 0.23
0.81 0.73 0.01 0.03
0.24 0.01 0.16 0.25
0.14 0.01 0.88 0.51
0.09 0.09 0.02 0.60
0.38 0.45 0.01 0.18
0.63 0.03 0.10 0.06
0.13 0.28 0.09 0.06
0.01 0.02 0.78 0.97
0.24 0.32 0.03 0.15
0.09 0.31 0.01 0.12
0.13 0.06 0.07 0.32
0.16 0.01 0.59 0.21
0.42 0.35 0.03 0.01
0.02 0.07 0.20 0.09
0.08 0.08 0.10 0.16
0.08 0.04 0.18 0.78
0.06 0.51 0.14 0.01
0.62 0.19 0.01 0.12
0.01 0.85 0.68 0.05
0.80 0.06 0.01 0.81
0.08 0.05 0.30 0.10
0.09 0.06 0.07 0.61
0.87 0.12 0.01 0.68
0.04 0.17 0.07 0.46
0.01 0.29 0.59 0.05
0.60 0.84 0.01 0.07
0.24 0.21 0.01 0.93
0.43 0.09 0.02 0.05
0.60 0.04 0.18 0.05
0.53 0.01 0.10 0.14
0.15 0.25 0.06 0.24
0.12 0.03 0.70 0.14
0.42 0.53 0.02 0.02
0.74 0.05 0.05 0.19
0.01 0.04 0.57 0.34
0.36 0.38 0.05 0.01
0.04 0.01 0.30 0.91
0.74 0.03 0.33 0.03
0.18 0.02 0.20 0.01
0.07 0.11 0.03 0.55
0.14 0.18 0.02 0.45
0.67 0.08 0.11 0.01
0.57 0.06 0.04 0.05
0.77 0.01 0.01 0.34
0.58 0.26 0.05 0.01
0.72 0.82 0.01 0.02
0.01 0.41 0.21 0.02
0.07 0.18 0.02 0.78
0.59 0.10 0.01 0.99
0.50 0.01 0.04 0.58
0.30 0.80 0.05 0.03
0.31 0.11 0.01 0.19
0.90 0.15 0.01 0.07
0.44 0.01 0.23 0.17
0.16 0.23 0.05 0.25
0.61 0.71 0.01 0.03
0.11 0.11 0.01 0.56
0.86 0.04 0.01 0.17
0.02 0.04 0.33 0.06
0.28 0.34 0.05 0.03
0.02 0.36 0.08 0.18
0.51 0.53 0.01 0.11
0.96 0.11 0.02 0.04
0.01 0.13 0.15 0.70
0.96 0.03 0.10 0.02
0.79 0.03 0.04 0.09
0.14 0.26 0.07 0.20
0.58 0.04 0.01 0.57
0.19 0.01 0.13 0.30
0.63 0.01 0.02 0.32
0.11 0.83 0.11 0.01
0.04 0.46 0.05 0.15
0.27 0.02 0.18 0.05
0.67 0.08 0.01 0.17
0.19 0.01 0.68 0.20
0.55 0.03 0.14 0.08
0.48 0.01 0.16 0.13
0.56 0.07 0.02 0.67
0.07 0.02 0.97 0.12
0.02 0.01 0.02 0.80
1.00 0.05 0.01 0.10
0.15 0.51 0.07 0.01
0.01 0.27 0.01 0.14
0.96 0.01 0.39 0.01
0.01 0.04 0.36 0.19
0.09 0.86 0.05 0.02
0.01 0.52 0.79 0.01
0.03 0.01 0.05 0.46
0.05 0.87 0.01 0.01
0.75 0.02 0.10 0.01
0.21 0.37 0.01 0.05
0.05 0.50 0.07 0.13
0.89 0.17 0.04 0.03
0.09 0.06 0.10 0.25
0.01 0.02 0.38 0.05
0.68 0.02 0.02 0.20
0.22 0.01 0.30 0.09
0.91 0.02 0.03 0.18
0.37 0.01 0.03 0.17
0.95 0.02 0.01 0.23
0.74 0.33 0.01 0.01
0.15 0.61 0.01 0.08
0.15 0.01 0.85 0.05
0.04 0.08 0.03 0.72
0.53 0.01 0.04 0.06
0.04 0.67 0.06 0.11
0.02 0.03 0.16 0.37
0.05 0.05 0.23 0.30
0.03 0.72 0.16 0.08
0.01 0.28 0.04 0.04
0.56 0.22 0.02 0.04
0.35 0.03 0.09 0.03
0.05 0.80 0.37 0.01
0.45 0.03 0.07 0.16
0.82 0.13 0.05 0.03
0.73 0.17 0.04 0.02
0.11 0.06 0.42 0.01
0.39 0.01 0.21 0.12
0.57 0.03 0.02 0.54
0.12 0.11 0.01 0.44
0.09 0.34 0.41 0.01
0.07 0.01 0.01 0.91
0.70 0.19 0.03 0.01
0.65 0.36 0.01 0.06
0.12 0.01 0.52 0.09
0.07 0.12 0.34 0.04
0.01 0.18 0.12 0.97
0.55 0.22 0.01 0.17
0.22 0.09 0.01 0.72
0.87 0.01 0.72 0.01
0.01 0.12 0.08 0.53
0.06 0.13 0.54 0.02
0.05 0.30 0.65 0.01
0.06 0.04 0.02 0.40
0.14 0.01 0.58 0.05
0.02 0.15 0.04 0.71
0.60 0.20 0.01 0.03
0.18 0.75 0.05 0.03
0.42 0.10 0.06 0.03
0.06 0.80 0.07 0.03
0.02 0.62 0.11 0.02
0.02 0.07 0.09 0.01
0.14 0.19 0.04 0.33
0.37 0.02 0.13 0.01
0.05 0.11 0.01 0.91
0.28 0.15 0.03 0.26
0.27 0.76 0.05 0.02
0.14 0.02 0.29 0.23
0.57 0.02 0.02 0.34
0.59 0.07 0.01 0.18
0.30 0.05 0.01 0.74
0.56 0.20 0.02 0.03
0.28 0.10 0.04 0.35
0.10 0.17 0.01 0.82
0.53 0.13 0.05 0.02
0.61 0.04 0.02 0.26
0.53 0.08 0.01 0.18
0.12 0.82 0.01 0.04
0.57 0.39 0.01 0.04
0.01 0.32 0.67 0.01
0.21 0.67 0.05 0.01
0.09 0.02 0.27 0.22
0.23 0.06 0.03 0.38
0.11 0.03 0.20 0.10
0.03 0.23 0.08 0.02
0.04 0.03 0.24 0.28
0.01 0.14 0.60 0.02
0.28 0.01 0.20 0.04
0.12 0.86 0.04 0.01
0.55 0.33 0.01 0.07
0.28 0.24 0.02 0.18
0.44 0.02 0.06 0.01
0.01 0.08 0.30 0.09
0.01 0.05 0.25 0.64
0.02 0.04 0.91 0.04
0.05 0.06 0.15 0.25
0.29 0.73 0.04 0.02
0.97 0.31 0.01 0.01
0.67 0.63 0.01 0.02
0.39 0.03 0.01 0.86
0.17 0.02 0.14 0.06
0.05 0.73 0.07 0.02
0.01 0.01 0.37 0.68
0.45 0.01 0.01 0.75
0.03 0.03 0.82 0.03
0.08 0.04 0.11 0.10
0.03 0.01 0.54 0.02
0.88 0.01 0.24 0.01
0.95 0.08 0.04 0.04
0.69 0.06 0.02 0.08
0.10 0.52 0.03 0.06
0.31 0.06 0.03 0.02
0.18 0.60 0.01 0.09
0.01 0.06 0.87 0.04
0.13 0.05 0.01 0.78
0.04 0.02 0.34 0.45
0.36 0.21 0.01 0.16
0.16 0.56 0.01 0.05
0.01 0.10 0.07 0.51
0.31 0.63 0.01 0.04
0.28 0.21 0.01 0.17
0.26 0.01 0.51 0.01
0.17 0.31 0.01 0.09
0.03 0.02 0.04 0.04
0.28 0.20 0.01 0.23
0.25 0.14 0.02 0.18
0.10 0.70 0.02 0.10
0.30 0.68 0.02 0.03
0.63 0.03 0.01 0.47
0.31 0.03 0.03 0.64
0.05 0.26 0.03 0.24
0.01 0.23 0.16 0.09
0.40 0.09 0.02 0.37
0.49 0.03 0.01 0.11
0.11 0.66 0.01 0.08
0.04 0.06 0.02 0.08
0.52 0.73 0.01 0.01
0.03 0.05 0.03 0.67
0.38 0.01 0.15 0.09
0.01 0.30 0.68 0.01
0.44 0.05 0.02 0.32
0.30 0.38 0.05 0.01
0.66 0.30 0.01 0.02
0.54 0.01 0.03 0.05
0.14 0.08 0.07 0.01
0.37 0.86 0.02 0.01
0.06 0.43 0.01 0.12
0.43 0.73 0.01 0.03
0.01 0.02 0.03 0.76
0.76 0.07 0.02 0.02
0.01 0.06 0.04 0.57
0.37 0.01 0.40 0.01
0.64 0.62 0.01 0.02
0.02 0.07 0.04 0.20
0.06 0.23 0.03 0.04
0.01 0.02 0.01 0.86
0.01 0.07 0.19 0.48
0.08 0.09 0.01 0.10
0.01 0.10 0.91 0.03
0.04 0.56 0.03 0.01
0.03 0.64 0.01 0.09
0.25 0.60 0.01 0.03
0.27 0.01 0.23 0.18
