1.txt
densidad 0.1975
minimos [0.01 0.01 0.01 0.01]
maximos [1.   1.   1.   0.99]
mean [0.27345  0.245075 0.199    0.298825]
std [0.27535903 0.26469321 0.24173953 0.28919607]
unicos [89, 88, 84, 93]
2.txt
densidad 0.193125
minimos [0.01 0.01 0.01 0.01]
maximos [1.   0.99 0.99 1.  ]
mean [0.26275 0.2834  0.2441  0.2407 ]
std [0.28147458 0.28392946 0.25680964 0.28506755]
unicos [90, 91, 85, 84]
3.txt
densidad 0.184375
minimos [0.01 0.01 0.01 0.01]
maximos [1.   0.96 1.   1.  ]
mean [0.219425 0.21225  0.278675 0.22425 ]
std [0.27176262 0.25412681 0.2997724  0.25104868]
unicos [84, 84, 88, 87]
4.txt
densidad 0.194375
minimos [0.01 0.01 0.01 0.01]
maximos [1.   1.   1.   0.99]
mean [0.215825 0.313325 0.2308   0.262275]
std [0.24764656 0.29698349 0.25490069 0.27815027]
unicos [76, 94, 84, 88]
5.txt
densidad 0.2
minimos [0.01 0.01 0.01 0.01]
maximos [0.99 1.   0.98 1.  ]
mean [0.2217   0.265675 0.245975 0.278275]
std [0.24837494 0.29007679 0.25973746 0.27501232]
unicos [82, 94, 87, 92]
6.txt
densidad 0.176875
minimos [0.01 0.01 0.01 0.01]
maximos [1. 1. 1. 1.]
mean [0.1902   0.186125 0.305525 0.25985 ]
std [0.2308516  0.24243914 0.29349059 0.27223423]
unicos [82, 81, 92, 87]
7.txt
densidad 0.18625
minimos [0.01 0.01 0.01 0.01]
maximos [1.   0.99 1.   1.  ]
mean [0.235925 0.233925 0.3055   0.198225]
std [0.27414621 0.26248685 0.28396611 0.23661593]
unicos [86, 87, 92, 78]
8.txt
densidad 0.181875
minimos [0.01 0.01 0.01 0.01]
maximos [0.98 0.99 0.97 1.  ]
mean [0.20625  0.254575 0.2833   0.242225]
std [0.24678926 0.25882102 0.2661759  0.25795213]
unicos [81, 86, 93, 85]
9.txt
densidad 0.185
minimos [0.01 0.01 0.01 0.01]
maximos [1. 1. 1. 1.]
mean [0.29905  0.2256   0.187825 0.2451  ]
std [0.28274741 0.24735933 0.24261084 0.26690914]
unicos [93, 88, 80, 87]
10.txt
densidad 0.18625
minimos [0.01 0.01 0.01 0.01]
maximos [1. 1. 1. 1.]
mean [0.27205  0.255375 0.234825 0.21115 ]
std [0.27363534 0.25758078 0.28127028 0.25257113]
unicos [89, 87, 87, 84]
