400 4
0.27 0.71 0.27 0.26
0.94 0.28 0.22 0.43
0.65 0.69 0.97 0.87
0.79 0.52 0.75 0.44
0.01 0.99 0.27 0.06
0.68 0.62 0.56 0.53
0.20 0.62 0.86 0.70
0.68 0.51 0.82 0.81
0.82 0.52 0.68 0.51
0.74 0.68 0.88 0.52
0.54 0.56 0.53 0.76
0.54 0.31 0.47 0.94
0.32 0.07 0.56 0.65
0.22 0.53 0.82 0.53
0.73 0.55 0.26 0.69
0.17 0.63 0.85 0.60
0.41 0.01 0.54 0.83
0.65 0.67 0.83 0.30
0.56 0.55 0.67 0.53
0.52 0.90 0.84 0.24
0.05 0.60 0.80 0.94
0.66 0.05 0.57 0.51
0.69 0.70 0.07 0.68
0.18 0.60 0.59 0.61
0.56 0.63 0.34 0.92
0.73 0.56 0.60 0.36
0.87 0.63 0.63 0.26
0.77 0.86 0.56 0.04
0.68 0.67 0.51 0.84
0.63 0.79 0.03 0.64
0.26 0.58 0.42 0.90
0.54 0.62 0.22 0.97
0.07 0.63 0.67 0.69
0.61 0.26 0.32 0.64
0.04 0.91 0.53 0.05
0.52 0.15 0.56 0.15
0.13 0.48 0.93 0.74
0.60 0.91 0.05 0.82
0.52 0.66 0.53 0.76
0.41 0.58 0.30 0.36
0.11 0.54 0.53 0.64
0.03 0.08 0.73 0.82
0.81 0.18 0.99 0.03
0.57 0.01 0.70 0.62
0.05 0.54 0.06 0.71
1.00 0.67 0.09 0.53
0.78 0.93 0.98 0.01
0.11 0.77 0.64 0.56
0.95 0.53 0.05 0.90
0.99 0.82 0.97 0.06
0.54 0.11 0.99 0.61
0.09 0.74 0.71 0.25
0.29 0.18 0.80 0.59
0.30 0.58 0.36 0.14
0.68 0.69 0.28 0.65
0.75 0.20 0.16 0.53
0.52 0.63 0.09 0.41
0.35 0.47 0.70 0.64
0.08 0.59 0.95 0.61
0.95 0.55 0.56 0.01
0.83 0.57 0.31 0.51
0.16 0.53 0.61 0.61
0.71 0.25 0.42 0.11
0.60 0.58 0.73 0.06
0.10 0.62 0.12 0.58
0.48 0.53 0.52 0.88
0.86 0.52 0.86 0.07
0.79 0.66 0.19 0.31
0.65 0.81 0.72 0.09
0.99 0.94 0.08 0.63
0.63 0.68 0.95 0.02
0.64 0.63 0.05 0.56
0.74 0.58 0.96 0.04
0.61 0.68 0.70 0.13
0.65 0.79 0.08 0.52
0.94 0.03 0.98 0.56
0.57 0.98 0.03 0.58
0.22 0.80 0.54 0.57
0.95 0.07 0.64 0.19
0.51 0.56 0.56 0.63
0.68 0.57 0.30 0.69
0.84 0.54 0.08 0.54
0.54 0.93 0.02 0.70
0.60 0.54 0.20 0.65
0.75 0.37 0.88 0.10
0.22 0.62 0.52 0.32
0.93 0.55 0.62 0.03
0.53 0.53 0.28 0.81
0.09 0.70 0.94 0.22
0.07 0.66 0.31 0.68
0.22 0.52 0.59 0.52
0.99 0.65 0.53 0.01
0.96 0.18 0.53 0.75
0.30 0.52 0.59 0.15
0.27 0.56 0.30 0.27
0.04 0.77 0.70 0.59
0.03 0.82 0.75 0.72
0.05 0.63 0.88 0.65
0.79 0.08 0.86 0.31
0.12 0.45 0.54 0.76
0.32 0.51 0.54 0.63
0.94 0.74 0.39 0.04
0.03 0.98 0.73 0.75
0.53 0.52 0.53 0.91
0.54 0.86 0.07 0.69
0.14 0.87 0.60 0.51
0.09 0.19 0.60 0.95
0.20 0.87 0.65 0.28
0.71 0.99 0.51 0.04
0.59 0.61 0.73 0.02
0.02 0.94 0.60 0.89
0.52 0.98 0.01 0.66
0.61 0.54 0.54 0.52
0.01 0.81 0.97 0.86
0.23 0.26 0.91 0.55
0.15 0.37 0.57 0.93
0.85 0.59 0.02 0.59
0.01 0.72 0.74 0.69
0.09 0.60 0.57 0.16
0.34 0.72 0.17 0.23
0.81 0.56 0.07 0.33
0.88 0.91 0.02 0.55
0.95 0.51 0.11 0.75
0.82 0.21 0.08 0.94
0.86 0.19 0.53 0.70
0.72 0.64 0.59 0.03
0.83 0.93 0.01 0.79
1.00 0.02 0.51 0.62
0.55 0.44 0.54 0.12
0.65 0.05 0.96 0.59
0.05 0.76 0.60 0.60
0.80 0.20 0.05 0.64
0.65 0.53 0.52 0.58
0.26 0.29 0.80 0.76
0.88 0.57 0.75 0.06
0.02 0.80 0.71 0.51
0.66 0.15 0.52 0.94
0.75 0.09 0.66 0.09
0.04 0.55 0.56 0.91
0.99 0.06 0.29 0.88
0.04 0.95 0.23 0.95
0.03 0.52 0.64 0.75
0.04 0.71 0.81 0.53
0.58 0.33 0.98 0.05
0.51 0.83 0.80 0.01
0.43 0.24 0.52 0.79
0.58 0.35 0.51 0.69
0.74 0.48 0.69 0.01
0.39 0.52 0.95 0.13
0.62 0.54 0.28 0.55
0.84 0.13 0.55 0.71
0.94 0.02 0.63 0.17
0.55 0.11 0.82 0.60
0.92 0.02 0.55 0.49
0.40 0.12 0.56 0.07
0.64 0.52 0.32 0.62
0.99 0.57 0.36 0.23
0.31 0.20 0.51 0.71
0.84 0.79 0.16 0.09
0.76 0.51 0.27 0.04
0.47 0.47 0.54 0.66
0.12 0.78 0.52 0.53
0.21 0.27 0.75 0.56
0.24 0.13 0.78 0.57
0.37 0.51 0.21 0.75
0.86 0.12 0.51 0.89
0.23 0.08 0.67 0.89
0.34 0.82 0.04 0.95
0.34 0.41 0.59 0.61
0.90 0.07 0.57 0.09
0.97 0.82 0.02 0.44
0.09 0.76 0.52 0.64
0.86 0.23 0.52 0.26
0.03 0.98 0.43 0.07
0.60 0.95 0.03 0.62
0.70 0.52 0.48 0.54
0.11 0.54 0.96 0.53
0.71 0.86 0.01 0.74
0.88 0.02 0.67 0.67
0.69 0.09 0.02 0.84
0.92 0.52 0.16 0.42
0.99 0.90 0.15 0.22
0.56 0.89 0.57 0.05
0.21 0.71 0.76 0.03
0.82 0.08 0.56 0.59
0.02 0.67 0.97 0.85
0.11 0.32 0.28 0.94
0.88 0.68 0.26 0.11
0.19 0.53 0.67 0.56
0.52 0.53 0.09 0.50
0.64 0.16 0.52 0.93
0.09 0.95 0.16 0.67
0.80 0.04 0.52 0.03
0.99 0.12 0.35 0.62
0.11 0.09 0.72 0.83
0.97 0.01 0.92 0.54
0.92 0.08 0.27 0.69
0.58 0.16 0.28 0.95
0.79 0.53 0.01 0.77
0.48 0.54 0.09 0.62
0.08 0.51 0.93 0.61
0.74 0.07 0.30 0.53
0.01 0.42 0.78 0.53
0.71 0.97 0.51 0.07
0.14 0.19 0.77 0.60
0.01 0.86 0.69 0.85
0.66 0.67 0.16 0.29
0.02 0.78 0.68 0.66
0.79 0.61 0.13 0.12
0.61 0.40 0.14 0.84
0.26 0.48 0.61 0.52
0.03 0.22 0.53 0.71
0.70 0.43 0.54 0.04
0.06 0.78 0.22 0.66
0.62 0.52 0.14 0.44
0.68 0.38 0.06 0.57
0.70 0.02 0.67 0.56
0.62 0.75 0.02 0.06
0.54 0.03 0.59 0.14
0.28 0.43 0.34 0.86
0.99 0.02 0.09 0.69
0.29 0.89 0.85 0.01
0.56 0.21 0.27 0.81
0.01 0.78 0.87 0.37
0.59 0.63 0.04 0.73
0.13 0.34 0.55 0.61
0.55 0.52 0.07 0.80
0.28 0.49 0.10 0.80
0.55 0.83 0.31 0.20
0.67 0.55 0.02 0.80
0.86 0.95 0.39 0.01
0.59 0.48 0.53 0.53
0.53 0.01 0.73 0.82
0.23 0.05 0.19 0.71
0.59 0.01 0.58 0.69
0.40 0.06 0.65 0.66
0.51 0.87 0.05 0.77
0.77 0.21 0.16 0.09
0.03 0.97 0.40 0.60
0.76 0.19 0.25 0.57
0.70 0.69 0.07 0.53
0.87 0.35 0.95 0.02
0.20 0.24 0.01 0.80
0.25 0.86 0.34 0.13
0.01 0.52 0.69 0.98
0.85 0.01 0.41 0.70
0.10 0.56 0.75 0.38
0.01 0.06 0.72 0.84
0.94 0.51 0.08 0.49
0.59 0.12 0.33 0.62
0.53 0.55 0.85 0.03
0.55 0.20 0.43 0.53
0.22 0.56 0.16 0.59
0.01 0.60 0.58 0.95
0.04 0.67 0.68 0.69
0.07 0.60 0.77 0.68
0.67 0.62 0.03 0.71
0.10 0.20 0.62 0.22
0.05 0.03 0.73 0.77
0.52 0.63 0.98 0.06
0.02 0.80 0.63 0.86
0.53 0.11 0.55 0.25
0.15 0.90 0.01 0.69
0.52 0.84 0.73 0.03
0.97 0.35 0.02 0.67
0.28 0.29 0.52 0.70
0.26 0.62 0.28 0.33
0.60 0.44 0.27 0.26
0.16 0.59 0.75 0.02
0.58 0.84 0.04 0.68
0.55 0.90 0.55 0.07
0.59 0.67 0.03 0.52
0.08 0.63 0.66 0.64
0.51 0.97 0.09 0.60
0.69 0.15 0.96 0.02
0.62 0.04 0.21 0.73
0.53 0.51 0.53 0.05
0.56 0.03 0.56 0.03
0.52 0.68 0.93 0.01
0.63 0.58 0.87 0.01
0.74 0.04 0.53 0.68
0.04 0.84 0.80 0.05
0.93 0.72 0.05 0.51
0.64 0.16 0.21 0.66
0.36 0.72 0.60 0.03
0.25 0.58 0.88 0.06
0.02 0.82 0.62 0.93
0.52 0.52 0.55 0.55
0.35 0.77 0.71 0.10
0.54 0.35 0.09 0.56
0.56 0.17 0.14 0.38
0.04 0.73 0.52 0.87
0.57 0.15 0.30 0.61
0.27 0.51 0.22 0.15
0.58 0.68 0.41 0.05
0.76 0.15 0.16 0.35
0.57 0.08 0.11 0.95
0.92 0.05 0.38 0.63
0.55 0.11 0.53 0.62
0.25 0.56 0.47 0.21
0.97 0.23 0.02 0.79
0.40 0.50 0.53 0.57
0.65 0.61 0.05 0.60
0.14 0.80 0.84 0.14
0.59 0.60 0.18 0.30
0.13 0.06 0.60 0.87
0.51 0.09 0.83 0.56
0.53 0.56 0.03 0.31
0.67 0.13 0.26 0.70
0.54 0.21 0.18 0.77
0.91 0.55 0.45 0.03
0.91 0.59 0.13 0.08
0.34 0.57 0.10 0.42
0.34 0.10 0.36 0.55
0.05 0.56 0.52 0.58
0.08 0.76 0.89 0.51
0.23 0.78 0.02 0.54
0.94 0.87 0.34 0.01
0.30 0.30 0.52 0.35
0.04 0.65 0.57 0.57
0.02 0.68 0.11 0.70
0.12 0.69 0.08 0.54
0.03 0.60 0.68 0.60
0.09 0.53 0.63 0.64
0.87 0.82 0.59 0.01
0.43 0.01 0.74 0.72
0.01 0.93 0.69 0.71
0.32 0.16 0.56 0.57
0.02 0.77 0.71 0.58
0.95 0.01 0.12 0.79
0.54 0.86 0.29 0.08
0.07 0.69 0.75 0.54
0.04 0.56 0.61 0.44
0.70 0.26 0.07 0.65
0.68 0.52 0.71 0.01
0.52 0.69 0.06 0.41
0.01 0.90 0.65 0.83
0.38 0.58 0.72 0.05
0.54 0.28 0.03 0.12
0.45 0.94 0.55 0.03
0.52 0.45 0.40 0.31
0.94 0.01 0.61 0.02
0.03 0.68 0.89 0.04
0.57 0.02 0.94 0.61
0.29 0.55 0.66 0.14
0.87 0.96 0.01 0.51
0.57 0.03 0.08 0.64
0.60 0.85 0.58 0.01
0.02 0.76 0.88 0.06
0.34 0.08 0.77 0.56
0.08 0.70 0.07 0.55
0.07 0.33 0.01 0.70
0.89 0.66 0.01 0.66
0.52 0.05 0.75 0.12
0.10 0.19 0.71 0.72
0.06 0.41 0.52 0.62
0.10 0.04 0.59 0.78
0.56 0.72 0.55 0.01
0.01 0.79 0.71 0.80
0.24 0.69 0.71 0.06
0.03 0.61 0.67 0.49
0.58 0.01 0.65 0.71
0.03 0.63 0.65 0.63
0.49 0.02 0.05 0.63
0.72 0.63 0.18 0.05
0.84 0.09 0.03 0.59
0.07 0.50 0.76 0.57
0.22 0.64 0.08 0.61
0.20 0.54 0.56 0.54
0.22 0.64 0.55 0.05
0.03 0.72 0.82 0.21
0.65 0.08 0.34 0.57
0.22 0.14 0.98 0.67
0.94 0.01 0.42 0.48
0.85 0.60 0.12 0.02
0.71 0.60 0.65 0.02
0.76 0.24 0.26 0.19
0.07 0.31 0.52 0.73
0.03 0.85 0.01 0.70
0.70 0.42 0.02 0.64
0.01 0.54 0.72 0.69
0.13 0.64 0.26 0.57
0.10 0.35 0.03 0.57
0.01 0.67 0.55 0.73
0.09 0.28 0.99 0.14
0.22 0.05 0.81 0.61
0.19 0.24 0.16 0.97
0.05 0.98 0.30 0.24
0.04 0.06 0.96 0.70
0.58 0.86 0.02 0.51
0.24 0.05 0.53 0.54
0.06 0.16 0.96 0.56
0.29 0.26 0.50 0.70
0.66 0.02 0.89 0.38
0.96 0.18 0.08 0.28
0.77 0.03 0.51 0.59
0.19 0.61 0.53 0.56
0.07 0.53 0.54 0.53
0.05 0.52 0.46 0.73
0.14 0.63 0.41 0.56
