400 4
0.91 0.19 0.28 0.00
0.86 0.61 0.10 0.77
0.74 0.70 0.76 0.72
0.60 0.64 0.59 0.57
0.52 0.55 0.81 0.85
0.36 0.99 0.41 0.89
0.72 0.61 0.72 0.80
0.74 0.53 0.83 0.70
0.52 0.63 0.98 0.79
0.56 0.89 0.19 0.52
0.61 0.12 0.74 0.76
0.51 0.55 0.73 0.60
0.63 0.52 0.98 0.58
0.69 0.90 0.11 0.52
0.65 0.70 0.57 0.85
0.32 0.51 0.96 0.76
0.52 0.73 0.54 0.56
0.70 0.65 0.52 0.76
0.51 0.54 0.76 0.74
0.79 0.71 0.62 0.06
0.26 0.69 0.61 0.77
0.72 0.53 0.98 0.56
0.88 0.61 0.53 0.15
0.11 0.64 0.97 0.66
0.68 0.96 0.74 0.21
0.87 0.59 0.63 0.98
0.27 0.71 0.56 0.95
0.61 0.29 0.69 0.10
1.00 0.11 0.68 0.92
0.71 0.66 0.51 0.64
0.76 0.94 0.66 0.51
0.90 0.56 0.61 0.50
0.57 0.64 0.55 0.90
0.32 0.65 0.68 0.97
0.82 0.60 0.58 0.84
0.74 0.51 0.59 0.81
0.54 0.25 0.88 0.92
0.54 0.46 0.09 0.57
0.09 0.43 0.72 0.95
0.90 0.10 0.89 0.61
0.52 0.58 0.26 0.67
0.52 0.73 0.51 0.10
0.58 0.45 0.66 0.56
0.71 0.36 0.64 0.82
0.66 0.91 0.32 0.39
0.72 0.93 0.57 0.08
0.86 0.61 0.53 0.38
0.38 0.78 0.10 0.97
0.60 0.57 0.51 0.16
0.13 0.75 0.92 0.82
0.02 1.00 0.60 0.77
0.54 0.49 0.53 0.22
0.67 0.73 0.77 0.09
0.67 0.06 0.84 0.94
0.82 0.72 0.06 0.45
0.15 0.63 0.21 0.72
0.22 0.68 0.15 0.89
0.59 0.03 0.79 0.80
0.94 0.10 0.81 0.67
0.51 0.83 0.88 0.53
0.70 0.57 0.38 0.56
0.20 0.66 0.80 0.69
0.59 0.54 0.55 0.19
0.85 0.26 0.71 0.51
0.46 0.99 0.73 0.63
0.51 0.53 0.83 0.52
0.19 0.21 0.95 0.82
0.28 0.74 0.95 0.64
0.72 0.20 0.49 0.83
0.88 0.68 0.02 0.44
0.75 0.64 0.05 0.53
0.73 0.13 0.98 0.58
0.65 0.43 0.58 0.99
0.81 0.27 0.52 0.64
0.14 0.26 0.64 0.68
0.14 0.81 0.03 0.73
0.04 0.06 0.79 0.43
0.51 0.91 0.78 0.52
0.11 0.52 0.58 0.94
0.73 0.29 0.53 0.58
0.68 0.05 0.92 0.54
0.53 0.60 0.57 0.52
0.24 1.00 0.62 0.58
0.83 0.06 0.53 0.60
0.59 0.39 0.33 0.81
0.82 0.53 0.56 0.08
0.87 0.58 0.27 0.54
0.86 0.02 0.63 0.73
0.31 0.57 0.54 0.73
0.22 0.53 0.22 0.91
0.17 0.98 0.56 0.69
0.32 0.99 0.57 0.59
0.51 0.08 0.52 0.57
0.56 0.54 1.00 0.17
0.03 0.54 0.66 0.69
0.51 0.99 0.64 0.36
0.67 0.06 0.70 0.54
0.97 0.33 0.13 0.03
0.93 0.44 0.11 0.89
0.32 0.57 0.73 0.52
0.64 0.72 0.20 0.55
0.52 0.69 0.82 0.34
0.40 0.84 0.93 0.15
0.81 0.24 0.54 0.28
0.29 0.71 0.71 0.01
0.66 0.62 0.05 0.70
0.66 0.41 0.66 0.26
0.41 0.83 0.51 0.63
0.20 0.90 0.87 0.03
0.44 0.70 0.68 0.14
0.59 0.53 0.84 0.05
0.18 0.98 0.63 0.54
0.38 0.64 0.60 0.51
0.77 0.21 0.68 0.56
1.00 0.01 0.56 0.70
0.77 0.27 0.73 0.52
0.28 0.62 0.75 0.58
0.76 0.55 0.52 0.54
0.71 0.54 0.65 0.12
0.92 0.01 0.11 0.73
0.76 0.52 0.08 0.58
0.05 0.52 0.66 0.95
0.60 0.70 0.61 0.08
0.80 0.06 0.18 0.15
0.52 0.59 0.72 0.56
0.11 0.86 0.56 0.85
0.23 0.84 0.77 0.39
0.67 0.51 0.24 0.14
0.20 0.45 0.71 0.58
0.15 0.97 0.91 0.36
0.21 0.54 0.62 0.69
0.84 0.34 0.11 0.52
0.75 0.25 0.09 0.82
0.89 0.04 0.44 0.68
0.12 0.55 0.05 0.18
0.08 0.99 0.53 0.55
0.64 0.16 0.51 0.68
0.70 0.01 0.72 0.62
0.10 0.54 0.44 0.94
0.79 0.31 0.64 0.53
0.06 0.93 0.55 0.80
0.55 0.61 0.37 0.04
0.03 0.73 0.78 0.54
0.86 0.68 0.34 0.01
0.30 0.17 0.72 0.13
0.10 0.21 0.64 0.25
0.74 0.37 0.57 0.56
0.93 0.95 0.22 0.12
0.92 0.52 0.06 0.56
0.75 0.82 0.01 0.53
0.02 0.70 0.95 0.97
0.51 0.22 0.55 0.36
0.74 0.78 0.02 0.82
0.41 0.58 0.04 0.73
0.68 0.27 0.72 0.05
0.74 0.05 0.70 0.54
0.10 1.00 0.07 0.92
0.07 0.90 0.64 0.51
0.04 0.85 0.62 0.55
0.06 0.77 0.60 0.54
0.01 0.65 0.61 0.77
0.09 0.59 0.62 0.98
0.95 0.40 0.19 0.01
0.80 0.01 0.50 0.62
0.73 0.79 0.01 0.82
0.03 0.75 0.52 0.82
0.87 0.58 0.01 0.10
0.18 0.05 0.75 0.86
0.05 0.86 0.51 0.78
0.04 0.95 0.60 0.72
0.71 0.97 0.02 0.70
0.72 0.41 0.53 0.52
0.60 0.19 0.60 0.03
0.42 0.72 0.67 0.03
0.79 0.29 0.12 0.18
0.32 0.04 0.69 0.96
0.88 0.09 0.95 0.08
0.05 0.59 0.59 0.94
0.62 0.11 0.73 0.12
0.57 0.02 0.96 0.93
0.68 0.77 0.01 0.79
0.05 0.51 0.57 0.87
0.09 0.47 0.99 0.24
0.01 0.59 0.79 0.69
0.63 0.01 0.15 0.61
0.03 0.97 0.85 0.07
0.62 0.22 0.29 0.80
0.22 0.87 0.63 0.17
0.42 0.02 0.87 0.61
0.61 0.56 0.03 0.65
0.75 0.87 0.58 0.03
0.51 0.36 0.57 0.04
0.45 0.19 0.53 0.90
0.01 0.75 0.05 0.84
0.48 0.54 0.61 0.70
0.05 0.04 0.13 0.56
0.78 0.97 0.02 0.10
0.03 0.35 0.56 0.61
0.02 0.57 0.87 0.63
0.10 0.67 0.52 0.53
0.01 0.90 0.67 0.58
0.18 0.39 0.74 0.15
0.54 0.26 0.61 0.18
0.08 0.74 0.19 0.38
0.63 0.08 0.55 0.55
0.02 0.92 0.55 0.77
0.33 0.63 0.96 0.10
0.54 0.06 0.78 0.32
0.26 0.81 0.52 0.10
0.32 1.00 0.15 0.14
0.02 0.88 0.74 0.48
0.73 0.59 0.01 0.74
0.77 0.53 0.02 0.87
0.01 0.79 0.57 0.61
0.01 0.45 0.54 0.67
0.04 0.80 0.55 0.58
0.08 0.74 0.87 0.35
0.48 0.09 0.70 0.55
0.54 0.26 0.54 0.20
1.00 0.33 0.02 0.53
0.83 0.03 0.58 0.55
0.95 0.53 0.04 0.82
0.43 0.12 0.97 0.04
0.01 0.56 0.59 0.57
0.06 0.90 0.74 0.25
0.51 0.66 0.01 0.60
0.70 0.55 0.57 0.03
0.83 0.99 0.06 0.01
0.80 0.20 0.54 0.10
0.04 0.65 0.25 0.06
0.57 0.57 0.54 0.06
0.31 0.01 0.76 0.54
0.60 0.76 0.68 0.02
0.75 0.74 0.65 0.01
0.66 0.64 0.59 0.03
0.03 0.88 0.77 0.39
0.77 0.01 0.79 0.07
0.14 0.05 0.09 0.28
0.06 0.47 0.55 0.23
0.09 0.71 0.05 0.72
0.55 0.85 0.09 0.08
0.04 0.57 0.58 0.14
0.75 0.79 0.15 0.05
0.72 0.67 0.01 0.53
0.64 0.51 0.30 0.19
0.96 0.03 0.96 0.04
0.56 0.19 0.28 0.25
0.16 0.73 0.72 0.04
0.85 0.67 0.19 0.01
0.02 0.97 0.52 0.35
0.57 0.99 0.58 0.03
0.03 0.89 0.87 0.09
0.81 0.87 0.02 0.33
0.03 0.81 0.51 0.78
0.62 0.31 0.18 0.07
0.01 0.84 0.09 0.73
0.67 0.58 0.93 0.02
0.55 0.59 0.54 0.07
0.69 0.52 0.06 0.42
0.02 0.92 0.54 0.57
0.77 0.64 0.91 0.01
0.97 0.18 0.08 0.61
0.57 0.01 0.71 0.07
0.79 0.89 0.20 0.02
0.01 0.42 0.89 0.81
0.81 0.52 0.04 0.22
0.03 1.00 0.28 0.01
0.23 0.23 0.55 0.11
0.54 0.01 0.52 0.91
0.62 0.03 0.70 0.52
0.07 0.98 0.12 0.52
0.53 0.53 0.13 0.10
0.75 0.02 0.56 0.35
0.55 0.12 0.01 0.50
0.71 0.02 0.60 0.59
0.53 0.22 0.70 0.24
0.89 0.61 0.30 0.02
0.39 0.01 0.11 0.94
0.07 0.61 0.51 0.10
0.26 0.08 0.72 0.01
0.72 0.67 0.24 0.02
0.57 0.64 0.10 0.10
0.55 0.01 0.56 0.62
0.55 0.64 0.40 0.02
0.58 0.62 0.62 0.02
0.13 0.62 0.61 0.07
0.53 0.54 0.71 0.01
0.05 0.38 0.58 0.08
0.55 0.84 0.23 0.06
0.48 0.40 0.59 0.07
0.76 0.14 0.58 0.02
0.60 0.55 0.61 0.01
0.52 0.25 0.02 0.86
0.57 0.52 0.05 0.12
0.02 0.92 0.01 0.65
0.38 0.21 0.53 0.15
0.86 0.15 0.51 0.14
0.90 0.05 0.52 0.17
0.05 0.62 0.09 0.71
0.54 0.52 0.27 0.04
0.82 0.61 0.25 0.05
0.03 0.60 0.61 0.02
0.34 0.02 0.68 0.67
0.49 0.07 0.67 0.17
0.83 0.19 0.52 0.02
0.07 0.03 0.72 0.51
0.07 0.70 0.04 0.84
0.06 0.93 0.70 0.01
0.81 0.09 0.08 0.96
0.02 0.70 0.13 0.51
0.02 0.59 0.51 0.09
0.17 0.55 0.69 0.05
0.01 0.60 0.59 0.55
0.36 0.45 0.02 0.67
0.56 0.76 0.16 0.02
0.07 0.82 0.66 0.01
0.73 0.03 0.08 0.56
0.79 0.55 0.49 0.01
0.53 0.82 0.01 0.55
0.01 0.61 0.40 0.57
0.51 0.95 0.15 0.11
0.12 0.06 0.94 0.11
0.37 0.64 0.53 0.02
0.52 0.52 0.54 0.04
0.54 0.25 0.51 0.10
0.95 0.01 0.57 0.52
0.53 0.98 0.06 0.16
0.09 0.09 0.62 0.36
0.64 0.08 0.70 0.04
0.08 0.73 0.04 0.52
0.12 0.02 0.74 0.71
0.55 0.03 0.25 0.88
0.94 0.04 0.56 0.32
0.11 0.65 0.15 0.52
0.44 0.68 0.01 0.53
0.54 0.01 0.64 0.50
0.69 0.88 0.58 0.01
0.02 0.22 0.53 0.70
0.11 0.53 0.64 0.02
0.93 0.02 0.13 0.66
0.66 0.09 0.01 0.79
0.74 0.80 0.04 0.43
0.38 0.04 0.52 0.55
0.53 0.06 0.88 0.09
0.34 0.70 0.68 0.01
0.22 0.80 0.01 0.38
0.37 0.37 0.52 0.26
0.07 0.99 0.24 0.27
0.79 0.73 0.01 0.04
0.96 0.08 0.17 0.05
0.04 0.65 0.10 0.14
0.39 0.52 0.56 0.02
0.51 0.03 0.59 0.72
0.64 0.43 0.54 0.01
0.08 0.56 0.01 0.81
0.59 0.72 0.38 0.02
0.62 0.03 0.55 0.67
0.54 0.88 0.04 0.01
0.03 0.51 0.56 0.58
0.77 0.72 0.08 0.11
0.74 0.19 0.55 0.06
0.03 0.18 0.94 0.03
0.01 0.28 0.69 0.76
0.35 0.58 0.04 0.63
0.65 0.04 0.14 0.54
0.13 0.01 0.82 0.76
0.03 0.51 0.11 0.84
0.33 0.44 0.04 0.65
0.17 0.36 0.04 0.80
0.75 0.02 0.51 0.47
0.27 0.04 0.85 0.12
0.10 0.23 0.08 0.64
0.29 0.11 0.02 0.72
0.52 0.57 0.05 0.08
0.68 0.32 0.05 0.22
0.01 0.97 0.34 0.65
0.53 0.63 0.04 0.62
0.55 0.53 0.53 0.02
0.57 0.21 0.08 0.07
0.74 0.02 0.57 0.25
0.65 0.08 0.02 0.78
0.42 0.03 0.17 0.71
0.03 0.33 0.83 0.56
0.08 0.54 0.08 0.81
0.62 0.92 0.02 0.03
0.18 0.31 0.03 0.87
0.23 0.62 0.01 0.16
0.48 0.49 0.52 0.18
0.78 0.07 0.21 0.18
0.02 0.53 0.41 0.61
0.11 0.31 0.60 0.52
0.13 0.76 0.56 0.04
0.73 0.03 0.89 0.04
0.09 0.86 0.52 0.05
0.02 0.51 0.72 0.63
0.77 0.63 0.52 0.02
0.04 0.08 0.55 0.80
0.87 0.22 0.27 0.04
0.05 0.04 0.34 0.53
0.12 0.70 0.04 0.57
