400 4
91 19 28 0
86 61 10 77
74 70 76 72
60 64 59 57
52 55 81 85
36 99 41 89
72 61 72 80
74 53 83 70
52 63 98 79
56 89 19 52
61 12 74 76
51 55 73 60
63 52 98 58
69 90 11 52
65 70 57 85
32 51 96 76
52 73 54 56
70 65 52 76
51 54 76 74
79 71 62 6
26 69 61 77
72 53 98 56
88 61 53 15
11 64 97 66
68 96 74 21
87 59 63 98
27 71 56 95
61 29 69 10
100 11 68 92
71 66 51 64
76 94 66 51
90 56 61 50
57 64 55 90
32 65 68 97
82 60 58 84
74 51 59 81
54 25 88 92
54 46 9 57
9 43 72 95
90 10 89 61
52 58 26 67
52 73 51 10
58 45 66 56
71 36 64 82
66 91 32 39
72 93 57 8
86 61 53 38
38 78 10 97
60 57 51 16
13 75 92 82
2 100 60 77
54 49 53 22
67 73 77 9
67 6 84 94
82 72 6 45
15 63 21 72
22 68 15 89
59 3 79 80
94 10 81 67
51 83 88 53
70 57 38 56
20 66 80 69
59 54 55 19
85 26 71 51
46 99 73 63
51 53 83 52
19 21 95 82
28 74 95 64
72 20 49 83
88 68 2 44
75 64 5 53
73 13 98 58
65 43 58 99
81 27 52 64
14 26 64 68
14 81 3 73
4 6 79 43
51 91 78 52
11 52 58 94
73 29 53 58
68 5 92 54
53 60 57 52
24 100 62 58
83 6 53 60
59 39 33 81
82 53 56 8
87 58 27 54
86 2 63 73
31 57 54 73
22 53 22 91
17 98 56 69
32 99 57 59
51 8 52 57
56 54 100 17
3 54 66 69
51 99 64 36
67 6 70 54
97 33 13 3
93 44 11 89
32 57 73 52
64 72 20 55
52 69 82 34
40 84 93 15
81 24 54 28
29 71 71 1
66 62 5 70
66 41 66 26
41 83 51 63
20 90 87 3
44 70 68 14
59 53 84 5
18 98 63 54
38 64 60 51
77 21 68 56
100 1 56 70
77 27 73 52
28 62 75 58
76 55 52 54
71 54 65 12
92 1 11 73
76 52 8 58
5 52 66 95
60 70 61 8
80 6 18 15
52 59 72 56
11 86 56 85
23 84 77 39
67 51 24 14
20 45 71 58
15 97 91 36
21 54 62 69
84 34 11 52
75 25 9 82
89 4 44 68
12 55 5 18
8 99 53 55
64 16 51 68
70 1 72 62
10 54 44 94
79 31 64 53
6 93 55 80
55 61 37 4
3 73 78 54
86 68 34 1
30 17 72 13
10 21 64 25
74 37 57 56
93 95 22 12
92 52 6 56
75 82 1 53
2 70 95 97
51 22 55 36
74 78 2 82
41 58 4 73
68 27 72 5
74 5 70 54
10 100 7 92
7 90 64 51
4 85 62 55
6 77 60 54
1 65 61 77
9 59 62 98
95 40 19 1
80 1 50 62
73 79 1 82
3 75 52 82
87 58 1 10
18 5 75 86
5 86 51 78
4 95 60 72
71 97 2 70
72 41 53 52
60 19 60 3
42 72 67 3
79 29 12 18
32 4 69 96
88 9 95 8
5 59 59 94
62 11 73 12
57 2 96 93
68 77 1 79
5 51 57 87
9 47 99 24
1 59 79 69
63 1 15 61
3 97 85 7
62 22 29 80
22 87 63 17
42 2 87 61
61 56 3 65
75 87 58 3
51 36 57 4
45 19 53 90
1 75 5 84
48 54 61 70
5 4 13 56
78 97 2 10
3 35 56 61
2 57 87 63
10 67 52 53
1 90 67 58
18 39 74 15
54 26 61 18
8 74 19 38
63 8 55 55
2 92 55 77
33 63 96 10
54 6 78 32
26 81 52 10
32 100 15 14
2 88 74 48
73 59 1 74
77 53 2 87
1 79 57 61
1 45 54 67
4 80 55 58
8 74 87 35
48 9 70 55
54 26 54 20
100 33 2 53
83 3 58 55
95 53 4 82
43 12 97 4
1 56 59 57
6 90 74 25
51 66 1 60
70 55 57 3
83 99 6 1
80 20 54 10
4 65 25 6
57 57 54 6
31 1 76 54
60 76 68 2
75 74 65 1
66 64 59 3
3 88 77 39
77 1 79 7
14 5 9 28
6 47 55 23
9 71 5 72
55 85 9 8
4 57 58 14
75 79 15 5
72 67 1 53
64 51 30 19
96 3 96 4
56 19 28 25
16 73 72 4
85 67 19 1
2 97 52 35
57 99 58 3
3 89 87 9
81 87 2 33
3 81 51 78
62 31 18 7
1 84 9 73
67 58 93 2
55 59 54 7
69 52 6 42
2 92 54 57
77 64 91 1
97 18 8 61
57 1 71 7
79 89 20 2
1 42 89 81
81 52 4 22
3 100 28 1
23 23 55 11
54 1 52 91
62 3 70 52
7 98 12 52
53 53 13 10
75 2 56 35
55 12 1 50
71 2 60 59
53 22 70 24
89 61 30 2
39 1 11 94
7 61 51 10
26 8 72 1
72 67 24 2
57 64 10 10
55 1 56 62
55 64 40 2
58 62 62 2
13 62 61 7
53 54 71 1
5 38 58 8
55 84 23 6
48 40 59 7
76 14 58 2
60 55 61 1
52 25 2 86
57 52 5 12
2 92 1 65
38 21 53 15
86 15 51 14
90 5 52 17
5 62 9 71
54 52 27 4
82 61 25 5
3 60 61 2
34 2 68 67
49 7 67 17
83 19 52 2
7 3 72 51
7 70 4 84
6 93 70 1
81 9 8 96
2 70 13 51
2 59 51 9
17 55 69 5
1 60 59 55
36 45 2 67
56 76 16 2
7 82 66 1
73 3 8 56
79 55 49 1
53 82 1 55
1 61 40 57
51 95 15 11
12 6 94 11
37 64 53 2
52 52 54 4
54 25 51 10
95 1 57 52
53 98 6 16
9 9 62 36
64 8 70 4
8 73 4 52
12 2 74 71
55 3 25 88
94 4 56 32
11 65 15 52
44 68 1 53
54 1 64 50
69 88 58 1
2 22 53 70
11 53 64 2
93 2 13 66
66 9 1 79
74 80 4 43
38 4 52 55
53 6 88 9
34 70 68 1
22 80 1 38
37 37 52 26
7 99 24 27
79 73 1 4
96 8 17 5
4 65 10 14
39 52 56 2
51 3 59 72
64 43 54 1
8 56 1 81
59 72 38 2
62 3 55 67
54 88 4 1
3 51 56 58
77 72 8 11
74 19 55 6
3 18 94 3
1 28 69 76
35 58 4 63
65 4 14 54
13 1 82 76
3 51 11 84
33 44 4 65
17 36 4 80
75 2 51 47
27 4 85 12
10 23 8 64
29 11 2 72
52 57 5 8
68 32 5 22
1 97 34 65
53 63 4 62
55 53 53 2
57 21 8 7
74 2 57 25
65 8 2 78
42 3 17 71
3 33 83 56
8 54 8 81
62 92 2 3
18 31 3 87
23 62 1 16
48 49 52 18
78 7 21 18
2 53 41 61
11 31 60 52
13 76 56 4
73 3 89 4
9 86 52 5
2 51 72 63
77 63 52 2
4 8 55 80
87 22 27 4
5 4 34 53
12 70 4 57
