400 4
27 71 27 26
94 28 22 43
65 69 97 87
79 52 75 44
1 99 27 6
68 62 56 53
20 62 86 70
68 51 82 81
82 52 68 51
74 68 88 52
54 56 53 76
54 31 47 94
32 7 56 65
22 53 82 53
73 55 26 69
17 63 85 60
41 1 54 83
65 67 83 30
56 55 67 53
52 90 84 24
5 60 80 94
66 5 57 51
69 70 7 68
18 60 59 61
56 63 34 92
73 56 60 36
87 63 63 26
77 86 56 4
68 67 51 84
63 79 3 64
26 58 42 90
54 62 22 97
7 63 67 69
61 26 32 64
4 91 53 5
52 15 56 15
13 48 93 74
60 91 5 82
52 66 53 76
41 58 30 36
11 54 53 64
3 8 73 82
81 18 99 3
57 1 70 62
5 54 6 71
100 67 9 53
78 93 98 1
11 77 64 56
95 53 5 90
99 82 97 6
54 11 99 61
9 74 71 25
29 18 80 59
30 58 36 14
68 69 28 65
75 20 16 53
52 63 9 41
35 47 70 64
8 59 95 61
95 55 56 1
83 57 31 51
16 53 61 61
71 25 42 11
60 58 73 6
10 62 12 58
48 53 52 88
86 52 86 7
79 66 19 31
65 81 72 9
99 94 8 63
63 68 95 2
64 63 5 56
74 58 96 4
61 68 70 13
65 79 8 52
94 3 98 56
57 98 3 58
22 80 54 57
95 7 64 19
51 56 56 63
68 57 30 69
84 54 8 54
54 93 2 70
60 54 20 65
75 37 88 10
22 62 52 32
93 55 62 3
53 53 28 81
9 70 94 22
7 66 31 68
22 52 59 52
99 65 53 1
96 18 53 75
30 52 59 15
27 56 30 27
4 77 70 59
3 82 75 72
5 63 88 65
79 8 86 31
12 45 54 76
32 51 54 63
94 74 39 4
3 98 73 75
53 52 53 91
54 86 7 69
14 87 60 51
9 19 60 95
20 87 65 28
71 99 51 4
59 61 73 2
2 94 60 89
52 98 1 66
61 54 54 52
1 81 97 86
23 26 91 55
15 37 57 93
85 59 2 59
1 72 74 69
9 60 57 16
34 72 17 23
81 56 7 33
88 91 2 55
95 51 11 75
82 21 8 94
86 19 53 70
72 64 59 3
83 93 1 79
100 2 51 62
55 44 54 12
65 5 96 59
5 76 60 60
80 20 5 64
65 53 52 58
26 29 80 76
88 57 75 6
2 80 71 51
66 15 52 94
75 9 66 9
4 55 56 91
99 6 29 88
4 95 23 95
3 52 64 75
4 71 81 53
58 33 98 5
51 83 80 1
43 24 52 79
58 35 51 69
74 48 69 1
39 52 95 13
62 54 28 55
84 13 55 71
94 2 63 17
55 11 82 60
92 2 55 49
40 12 56 7
64 52 32 62
99 57 36 23
31 20 51 71
84 79 16 9
76 51 27 4
47 47 54 66
12 78 52 53
21 27 75 56
24 13 78 57
37 51 21 75
86 12 51 89
23 8 67 89
34 82 4 95
34 41 59 61
90 7 57 9
97 82 2 44
9 76 52 64
86 23 52 26
3 98 43 7
60 95 3 62
70 52 48 54
11 54 96 53
71 86 1 74
88 2 67 67
69 9 2 84
92 52 16 42
99 90 15 22
56 89 57 5
21 71 76 3
82 8 56 59
2 67 97 85
11 32 28 94
88 68 26 11
19 53 67 56
52 53 9 50
64 16 52 93
9 95 16 67
80 4 52 3
99 12 35 62
11 9 72 83
97 1 92 54
92 8 27 69
58 16 28 95
79 53 1 77
48 54 9 62
8 51 93 61
74 7 30 53
1 42 78 53
71 97 51 7
14 19 77 60
1 86 69 85
66 67 16 29
2 78 68 66
79 61 13 12
61 40 14 84
26 48 61 52
3 22 53 71
70 43 54 4
6 78 22 66
62 52 14 44
68 38 6 57
70 2 67 56
62 75 2 6
54 3 59 14
28 43 34 86
99 2 9 69
29 89 85 1
56 21 27 81
1 78 87 37
59 63 4 73
13 34 55 61
55 52 7 80
28 49 10 80
55 83 31 20
67 55 2 80
86 95 39 1
59 48 53 53
53 1 73 82
23 5 19 71
59 1 58 69
40 6 65 66
51 87 5 77
77 21 16 9
3 97 40 60
76 19 25 57
70 69 7 53
87 35 95 2
20 24 1 80
25 86 34 13
1 52 69 98
85 1 41 70
10 56 75 38
1 6 72 84
94 51 8 49
59 12 33 62
53 55 85 3
55 20 43 53
22 56 16 59
1 60 58 95
4 67 68 69
7 60 77 68
67 62 3 71
10 20 62 22
5 3 73 77
52 63 98 6
2 80 63 86
53 11 55 25
15 90 1 69
52 84 73 3
97 35 2 67
28 29 52 70
26 62 28 33
60 44 27 26
16 59 75 2
58 84 4 68
55 90 55 7
59 67 3 52
8 63 66 64
51 97 9 60
69 15 96 2
62 4 21 73
53 51 53 5
56 3 56 3
52 68 93 1
63 58 87 1
74 4 53 68
4 84 80 5
93 72 5 51
64 16 21 66
36 72 60 3
25 58 88 6
2 82 62 93
52 52 55 55
35 77 71 10
54 35 9 56
56 17 14 38
4 73 52 87
57 15 30 61
27 51 22 15
58 68 41 5
76 15 16 35
57 8 11 95
92 5 38 63
55 11 53 62
25 56 47 21
97 23 2 79
40 50 53 57
65 61 5 60
14 80 84 14
59 60 18 30
13 6 60 87
51 9 83 56
53 56 3 31
67 13 26 70
54 21 18 77
91 55 45 3
91 59 13 8
34 57 10 42
34 10 36 55
5 56 52 58
8 76 89 51
23 78 2 54
94 87 34 1
30 30 52 35
4 65 57 57
2 68 11 70
12 69 8 54
3 60 68 60
9 53 63 64
87 82 59 1
43 1 74 72
1 93 69 71
32 16 56 57
2 77 71 58
95 1 12 79
54 86 29 8
7 69 75 54
4 56 61 44
70 26 7 65
68 52 71 1
52 69 6 41
1 90 65 83
38 58 72 5
54 28 3 12
45 94 55 3
52 45 40 31
94 1 61 2
3 68 89 4
57 2 94 61
29 55 66 14
87 96 1 51
57 3 8 64
60 85 58 1
2 76 88 6
34 8 77 56
8 70 7 55
7 33 1 70
89 66 1 66
52 5 75 12
10 19 71 72
6 41 52 62
10 4 59 78
56 72 55 1
1 79 71 80
24 69 71 6
3 61 67 49
58 1 65 71
3 63 65 63
49 2 5 63
72 63 18 5
84 9 3 59
7 50 76 57
22 64 8 61
20 54 56 54
22 64 55 5
3 72 82 21
65 8 34 57
22 14 98 67
94 1 42 48
85 60 12 2
71 60 65 2
76 24 26 19
7 31 52 73
3 85 1 70
70 42 2 64
1 54 72 69
13 64 26 57
10 35 3 57
1 67 55 73
9 28 99 14
22 5 81 61
19 24 16 97
5 98 30 24
4 6 96 70
58 86 2 51
24 5 53 54
6 16 96 56
29 26 50 70
66 2 89 38
96 18 8 28
77 3 51 59
19 61 53 56
7 53 54 53
5 52 46 73
14 63 41 56
