400 4
9 80 89 22
72 99 52 87
64 87 68 46
36 78 68 27
71 98 65 74
5 69 33 54
91 63 74 76
96 58 96 61
66 70 91 53
64 68 52 79
94 62 83 82
54 32 58 37
88 57 57 73
100 54 57 97
71 66 12 97
26 64 52 92
17 32 78 3
65 57 33 99
52 61 62 56
65 81 49 3
71 63 29 18
80 54 62 5
77 93 25 91
1 70 57 68
94 86 7 58
11 59 94 59
88 57 35 52
13 51 56 71
87 48 51 61
87 14 55 81
75 25 88 99
51 58 57 60
21 54 32 98
15 42 69 53
63 72 57 44
27 57 64 64
58 96 63 21
70 26 96 81
51 28 74 78
58 26 92 7
55 53 55 68
72 16 85 75
58 71 72 26
29 88 52 52
69 7 21 66
83 17 92 27
56 100 53 24
41 21 76 11
51 83 17 62
62 67 18 94
68 73 61 20
69 62 75 2
80 100 16 84
78 63 15 51
60 20 84 88
77 59 54 53
61 19 78 79
79 5 27 52
55 25 61 19
21 88 68 18
62 53 17 72
78 56 2 57
55 71 25 96
52 18 64 85
70 54 20 57
73 51 56 23
16 54 56 65
52 57 60 4
69 58 10 95
93 2 84 58
11 51 37 27
97 85 2 56
56 17 53 97
76 61 11 69
79 71 9 51
76 23 70 47
71 21 32 57
31 93 23 34
51 8 44 88
9 57 81 59
91 56 53 26
45 25 70 96
53 41 51 86
3 54 77 75
60 21 5 61
66 11 64 70
4 92 96 62
53 5 59 93
4 82 75 60
65 85 27 20
91 75 64 2
52 87 20 46
53 22 59 63
65 15 70 83
74 85 41 8
58 3 82 68
55 8 87 68
53 36 61 42
98 12 65 42
17 43 51 85
96 85 7 26
53 56 60 20
53 34 35 63
2 78 54 99
26 31 95 98
73 78 40 13
67 4 97 54
91 2 68 78
78 47 68 10
47 74 6 91
75 96 2 53
100 4 61 76
11 98 9 59
96 89 21 12
71 1 67 87
87 44 63 13
70 31 51 52
36 75 29 90
47 67 17 53
69 21 4 100
24 4 53 99
66 10 75 64
69 67 52 21
6 90 92 14
89 19 76 28
66 11 90 53
77 3 71 53
12 39 70 95
60 13 86 33
13 22 55 64
3 90 32 60
10 93 68 44
92 2 66 98
55 13 76 74
75 7 59 58
50 2 69 59
72 60 41 13
77 81 8 53
60 79 18 16
51 88 4 63
55 81 11 89
9 63 62 32
59 55 4 77
63 55 55 5
92 70 35 3
59 62 59 14
15 57 26 90
3 76 97 66
69 99 14 51
53 1 68 55
65 70 2 75
55 51 8 71
62 12 59 39
83 93 1 88
36 54 71 21
41 17 88 82
9 55 68 53
52 66 16 57
60 1 54 75
32 67 56 17
14 52 71 11
59 6 57 82
44 92 59 1
7 68 65 97
97 91 100 1
39 2 62 86
5 42 38 94
32 58 24 76
89 4 83 29
80 8 56 27
52 63 35 69
89 2 62 19
7 51 81 67
68 10 79 14
85 84 27 6
28 51 67 4
95 30 2 6
57 67 53 18
3 6 88 59
2 69 98 86
61 2 64 37
77 18 52 51
71 52 57 10
72 63 9 58
52 34 33 56
3 18 86 72
8 78 76 38
65 47 72 12
51 84 84 2
13 92 60 18
74 69 17 28
38 7 61 58
90 66 94 1
42 74 15 73
51 58 22 58
29 83 4 57
26 74 57 20
9 93 59 5
53 26 51 52
30 1 93 69
18 2 39 88
24 40 38 73
98 52 64 1
85 93 16 9
20 28 27 73
8 91 34 51
7 52 68 55
64 9 66 24
76 20 76 8
14 17 75 58
56 71 20 38
72 51 26 53
72 57 22 22
2 93 56 55
66 11 51 85
95 58 52 3
1 69 76 68
92 4 85 17
1 17 100 80
31 18 62 51
83 62 74 2
59 62 26 55
4 73 56 22
21 88 3 55
1 98 100 41
63 51 3 78
97 84 36 1
17 42 62 63
53 62 3 47
93 94 2 26
1 63 84 81
4 15 77 69
87 80 77 1
1 17 57 99
74 20 54 58
62 18 35 10
69 10 55 65
82 2 33 67
98 1 59 60
80 4 3 70
89 74 5 45
96 10 51 5
77 60 6 56
3 19 56 96
65 53 59 3
13 63 7 20
6 87 66 11
77 23 31 60
54 43 24 69
92 5 2 55
89 48 6 55
82 27 77 1
6 83 25 96
91 58 15 37
25 65 5 42
58 77 2 36
67 5 22 99
14 50 54 75
66 71 5 27
80 45 32 12
68 73 71 1
14 46 81 53
91 51 2 52
8 85 20 73
9 29 18 86
70 79 22 14
2 41 72 59
59 35 14 59
89 43 2 80
86 17 39 25
79 18 4 60
38 7 73 44
32 28 27 53
5 61 70 62
84 88 52 1
61 83 85 2
42 70 4 76
54 58 19 63
77 7 38 61
51 8 57 62
72 5 12 80
91 59 65 1
67 69 54 4
85 63 1 93
10 75 79 3
56 52 21 67
79 66 23 15
52 46 9 89
60 6 59 28
85 60 22 5
72 54 16 55
98 2 51 36
87 53 16 58
58 56 2 36
77 1 53 68
68 6 97 18
1 52 52 65
58 1 62 91
64 57 91 2
5 51 70 86
3 56 92 53
57 69 44 1
67 68 45 9
1 67 84 47
72 19 67 8
56 56 58 18
69 35 9 58
67 2 61 65
12 4 62 95
71 32 64 5
13 41 67 62
52 36 61 48
54 51 5 90
65 89 1 85
11 63 74 23
56 5 64 57
17 51 32 73
13 57 62 11
16 74 63 8
86 11 3 54
16 27 53 62
72 68 21 9
4 69 51 86
67 12 53 67
54 10 87 7
14 58 26 77
54 28 10 92
45 52 23 73
55 8 45 10
61 9 7 82
51 20 3 30
5 55 68 62
68 19 24 80
59 55 29 29
93 8 30 1
20 19 72 53
1 52 90 62
8 51 74 55
9 27 66 67
10 17 57 57
39 59 34 7
54 35 60 25
81 4 98 28
93 15 1 75
25 55 5 63
9 10 68 69
12 58 59 9
55 94 58 2
59 5 57 67
74 29 75 1
19 56 30 14
3 77 65 57
66 3 34 85
89 3 6 60
12 52 57 19
67 67 31 2
15 90 5 96
52 66 2 92
59 19 7 65
58 6 18 86
11 84 1 72
1 80 67 24
69 3 55 60
56 53 33 20
2 6 53 89
77 57 57 3
19 68 3 93
70 69 1 76
18 55 22 76
2 23 86 79
25 24 52 74
18 17 52 84
44 54 5 61
54 2 96 52
55 70 1 56
10 56 64 31
59 56 59 3
8 17 70 73
15 24 87 37
77 66 1 58
56 99 1 52
3 63 67 64
52 9 21 59
57 62 19 1
83 52 2 99
86 50 38 8
3 76 14 63
35 22 74 28
52 61 27 13
66 1 51 82
7 48 61 86
16 15 62 48
99 1 52 68
80 1 64 55
76 24 71 7
20 80 58 5
88 99 3 26
92 86 4 18
94 3 5 92
6 95 17 61
