400 4
0.91 0.55 0.19 0.96
0.53 0.68 0.61 0.96
0.96 0.61 0.83 0.60
0.59 0.77 0.97 0.16
0.51 0.53 0.72 0.96
0.73 0.79 0.65 0.71
0.57 0.18 0.75 0.94
0.83 0.83 0.95 0.51
0.78 0.31 0.53 0.88
0.21 0.41 0.93 0.71
0.60 0.12 0.53 0.90
0.87 0.85 0.42 0.76
0.52 0.69 0.06 0.77
0.97 0.96 0.64 0.58
0.15 0.93 0.65 0.58
0.91 0.76 0.62 0.30
0.18 0.51 0.82 0.54
0.32 0.60 0.70 0.84
0.89 0.71 0.60 0.57
0.03 0.90 0.01 0.56
0.62 0.55 0.70 0.55
0.66 0.37 0.15 0.76
0.69 0.83 0.67 0.53
0.87 0.67 0.32 0.71
0.21 0.08 0.79 0.59
0.62 0.74 0.61 0.59
0.54 0.56 0.89 0.13
0.83 0.96 0.58 0.26
0.91 0.70 0.63 0.63
0.58 0.66 0.61 0.98
0.51 0.57 0.13 0.95
0.87 0.86 0.82 0.40
0.04 0.52 0.97 0.68
0.53 0.98 0.65 0.46
0.83 0.68 0.75 0.14
0.24 0.23 0.13 0.85
0.74 0.60 0.71 0.29
0.80 0.64 0.54 0.51
0.54 0.67 0.80 0.55
0.79 0.69 0.69 0.66
0.69 0.61 0.08 0.64
0.71 0.04 0.84 0.92
0.82 0.32 0.93 0.10
0.64 0.69 0.58 0.16
0.57 0.88 0.51 0.72
0.34 0.65 0.70 0.55
0.90 0.54 0.82 0.51
0.54 0.88 0.77 0.21
0.87 0.15 0.62 0.71
0.66 0.72 0.51 0.73
0.52 0.68 0.51 0.56
0.97 0.88 0.53 0.15
0.53 0.70 0.08 0.71
0.55 0.85 0.82 0.52
0.65 0.76 0.54 0.15
0.76 0.80 0.90 0.04
0.70 0.56 0.55 0.58
0.78 0.98 0.39 0.45
0.12 0.30 0.71 0.63
0.30 0.45 0.89 0.55
0.65 0.52 0.52 0.72
0.88 0.59 0.92 0.02
0.34 0.57 0.52 0.55
0.67 0.58 0.56 0.51
0.66 0.04 0.52 0.96
0.56 0.13 0.55 0.61
0.83 0.64 0.69 0.07
0.05 0.76 0.38 0.99
0.96 0.11 0.90 0.52
0.83 0.06 0.32 0.66
0.54 0.41 0.86 0.55
0.03 0.76 0.18 0.56
0.68 0.65 0.60 0.33
0.37 0.56 0.56 0.81
0.30 0.63 0.57 0.54
0.63 0.17 0.50 0.90
0.70 0.86 0.81 0.14
0.69 0.01 0.65 0.98
0.81 0.57 0.36 0.59
0.64 0.35 0.04 0.51
0.83 0.58 0.22 0.48
0.52 0.61 0.12 0.52
0.36 0.62 0.95 0.53
0.72 0.10 0.74 0.71
0.57 0.12 0.25 0.91
0.56 0.28 0.28 0.70
0.94 0.06 0.21 0.64
0.08 0.67 0.66 0.40
0.85 0.98 0.63 0.04
0.59 0.52 0.57 0.57
0.70 0.56 0.88 0.35
0.53 0.33 0.86 0.20
0.55 0.35 0.24 0.54
0.91 0.55 0.72 0.33
0.51 0.11 0.75 0.89
0.65 0.12 0.67 0.85
1.00 0.06 0.86 0.59
0.95 0.96 0.51 0.09
0.09 0.52 0.84 0.97
0.60 0.53 0.64 0.52
0.66 0.85 0.51 0.17
0.03 0.55 0.97 0.74
0.69 0.03 0.58 0.51
0.52 0.66 0.60 0.09
0.74 0.54 0.53 0.37
0.55 0.06 0.96 0.95
0.53 0.16 0.53 0.99
0.21 0.55 0.60 0.54
0.97 0.25 0.73 0.50
0.93 0.56 0.63 0.20
0.78 0.62 0.04 0.19
0.99 0.78 0.55 0.01
0.18 0.46 0.77 0.03
0.11 0.70 0.77 0.07
0.84 0.56 0.54 0.30
0.10 0.72 0.55 0.70
0.34 0.51 0.51 0.59
0.13 0.54 0.93 0.56
0.64 0.61 0.01 0.97
0.71 0.49 0.60 0.06
0.58 0.57 0.17 0.07
0.85 0.66 0.51 0.03
0.16 0.56 0.61 0.71
0.52 0.32 0.75 0.62
0.84 0.09 0.65 0.21
0.40 0.99 0.56 0.40
0.61 0.54 0.68 0.17
0.21 0.66 0.53 0.74
0.37 0.19 0.72 0.63
0.63 0.95 0.24 0.01
0.11 0.63 0.96 0.96
0.73 0.07 0.51 0.90
0.21 0.76 0.71 0.20
0.02 0.54 0.68 0.46
0.38 0.73 0.44 0.67
0.53 0.07 0.74 0.65
0.16 0.67 0.57 0.78
0.01 0.62 0.39 0.59
0.02 0.92 0.10 0.77
0.58 0.07 0.82 0.19
0.64 0.09 0.76 0.58
0.06 0.97 0.87 0.35
0.22 0.74 0.06 0.68
0.23 0.61 0.56 0.14
0.01 0.34 0.61 0.68
0.99 0.71 0.03 0.80
0.51 0.48 0.24 0.81
0.67 0.62 0.88 0.01
0.88 0.01 0.86 0.73
0.23 0.12 0.73 0.64
0.65 0.64 0.01 0.78
0.15 0.44 0.86 0.61
0.60 0.43 0.51 0.17
0.61 0.74 0.11 0.67
0.33 0.13 0.63 0.13
0.68 0.05 0.88 0.54
0.11 0.56 0.54 0.97
0.48 1.00 0.54 0.35
0.96 0.01 0.74 0.79
0.67 0.42 0.51 0.49
0.96 0.94 0.46 0.02
0.84 0.16 0.28 0.84
0.56 0.77 0.01 0.68
0.90 0.06 0.97 0.25
0.83 0.94 0.74 0.04
0.64 0.12 0.55 0.74
0.77 0.59 0.39 0.06
0.63 0.01 0.71 0.97
0.01 0.65 0.58 0.10
0.66 0.70 0.56 0.01
0.58 0.87 0.81 0.01
0.62 0.96 0.76 0.05
0.55 0.53 0.21 0.29
0.55 0.60 0.58 0.16
0.53 0.59 0.01 0.01
0.18 0.23 0.93 0.93
0.97 0.10 0.54 0.56
0.96 0.13 0.12 0.99
0.86 0.06 0.80 0.40
0.72 0.07 0.56 0.92
0.20 0.09 0.86 0.84
0.22 0.55 0.58 0.88
0.98 0.07 0.67 0.46
0.78 0.17 0.01 0.99
0.19 0.57 0.56 0.07
0.97 0.26 0.55 0.54
0.51 0.53 0.23 0.78
0.91 0.01 0.07 0.81
0.51 0.04 0.83 0.98
0.53 0.36 0.58 0.53
0.32 0.37 0.43 0.62
0.37 0.55 0.22 0.82
0.42 0.61 0.38 0.73
1.00 0.18 0.09 0.54
0.04 0.74 0.42 0.08
0.59 0.32 0.52 0.69
0.52 0.87 0.04 0.15
0.15 0.64 0.63 0.51
0.81 0.55 0.16 0.05
0.86 0.30 0.53 0.51
0.35 0.32 0.55 0.67
0.53 0.09 0.54 0.65
0.76 0.55 0.01 0.59
0.08 0.51 0.89 0.52
0.60 0.10 0.61 0.59
0.59 0.01 0.84 0.59
0.12 0.62 0.54 0.53
0.57 0.01 0.85 0.96
0.44 0.86 0.01 0.76
0.82 0.04 0.55 0.75
0.27 0.52 0.17 0.09
0.61 0.56 0.63 0.02
0.28 0.27 0.92 0.56
0.23 0.26 0.65 0.85
0.17 0.85 0.12 0.72
0.74 0.04 0.30 0.54
0.43 0.42 0.60 0.04
0.57 0.13 0.70 0.05
0.54 0.01 0.87 0.81
0.71 0.14 0.52 0.62
0.13 0.52 0.70 0.57
0.68 0.17 0.57 0.56
0.15 0.17 0.62 0.80
0.02 0.62 0.80 0.34
0.53 0.57 0.05 0.79
0.55 0.05 0.83 0.46
0.19 0.42 0.16 0.51
0.59 0.47 0.03 0.61
0.59 0.49 0.49 0.23
0.43 0.94 1.00 0.01
0.54 0.43 0.15 0.74
0.83 0.04 0.78 0.50
0.42 0.03 0.64 0.62
0.27 0.25 0.97 0.47
0.78 0.28 0.17 0.36
0.96 0.56 0.01 0.58
0.53 0.45 0.07 0.88
0.15 0.50 0.53 0.54
0.03 0.71 0.08 0.52
0.08 0.09 0.56 0.88
0.57 0.55 0.06 0.59
0.65 0.01 0.84 0.52
0.13 0.77 0.01 0.74
0.83 0.51 0.72 0.02
0.07 0.42 0.73 0.55
0.57 0.31 0.59 0.51
0.55 0.26 0.51 0.69
0.50 0.19 0.01 0.51
0.74 0.08 0.19 0.79
0.64 0.02 0.40 0.79
0.29 0.04 0.54 0.80
0.03 0.16 0.74 0.92
0.63 0.02 0.58 0.54
0.15 0.33 0.58 0.87
0.81 0.06 0.51 0.52
0.86 0.17 0.01 0.97
0.31 0.05 0.83 0.55
0.63 0.12 0.73 0.52
0.32 0.35 0.58 0.53
0.60 0.18 0.59 0.60
0.97 0.27 0.98 0.02
0.14 0.62 0.51 0.52
0.06 0.43 0.87 0.28
0.17 0.45 0.55 0.97
0.03 0.51 0.81 0.49
0.51 0.01 0.62 0.90
0.55 0.39 0.58 0.42
0.17 0.39 0.61 0.11
0.02 0.48 0.82 0.62
0.28 0.21 0.52 0.37
0.59 0.08 0.40 0.97
0.60 0.33 0.55 0.06
0.76 0.11 0.85 0.05
0.22 0.01 0.79 0.70
0.22 0.80 0.98 0.01
0.13 0.89 0.73 0.01
0.15 0.39 0.64 0.67
0.01 0.22 0.72 0.19
0.19 0.51 0.14 0.71
0.03 0.44 0.63 0.60
0.12 0.34 0.66 0.60
0.66 0.15 0.14 0.96
0.79 0.06 0.51 0.29
0.93 0.03 0.55 0.74
0.06 0.52 0.02 0.40
0.77 0.04 0.29 0.21
0.63 0.20 0.57 0.08
0.06 0.03 0.22 0.91
0.31 0.75 0.52 0.01
0.09 0.28 0.07 0.48
0.82 0.10 0.80 0.03
0.04 0.56 0.23 0.43
0.14 0.09 0.88 0.55
0.15 0.86 0.74 0.07
0.52 0.02 0.75 0.59
0.99 0.01 0.83 0.60
0.09 0.81 0.01 0.54
0.14 0.01 0.77 0.54
0.51 0.03 0.07 0.57
0.58 0.24 0.40 0.09
0.64 0.02 0.39 0.53
0.74 0.05 0.97 0.17
0.08 0.19 0.73 0.43
0.03 0.65 0.21 0.48
0.39 0.11 0.68 0.67
0.79 0.02 0.04 0.63
0.12 0.13 0.54 0.77
0.78 0.55 0.77 0.01
0.83 0.25 0.49 0.03
0.76 0.01 0.53 0.60
0.16 0.04 0.65 0.68
0.65 0.30 1.00 0.04
0.63 0.18 0.55 0.49
0.01 0.22 0.65 0.97
0.05 0.12 0.96 0.74
0.70 0.35 0.13 0.30
0.46 0.30 0.62 0.04
0.08 0.02 0.29 0.75
0.47 0.51 0.54 0.28
0.07 0.05 0.98 0.57
0.01 0.56 0.70 0.26
0.67 0.03 0.60 0.43
0.35 0.16 0.58 0.62
0.71 0.01 0.47 0.61
0.52 0.01 0.67 0.79
0.50 0.03 0.62 0.71
0.14 0.24 0.51 0.66
0.80 0.54 0.13 0.26
0.71 0.34 0.21 0.18
0.57 0.14 0.61 0.56
0.81 0.26 0.63 0.07
0.96 0.21 0.14 0.19
0.51 0.70 0.96 0.01
0.57 0.55 0.57 0.02
0.01 0.24 0.52 0.82
0.95 0.12 0.66 0.11
0.15 0.01 0.57 0.67
0.62 0.04 0.74 0.54
0.79 0.01 0.85 0.05
0.20 0.53 0.59 0.20
0.51 0.03 0.61 0.31
0.54 0.57 0.73 0.01
0.04 0.19 0.76 0.81
0.59 0.39 0.34 0.35
0.71 0.01 0.67 0.40
0.95 0.01 0.71 0.28
0.55 0.51 0.74 0.01
0.92 0.16 0.41 0.06
0.15 0.80 0.78 0.04
0.03 0.52 0.55 0.78
0.64 0.15 0.25 0.54
0.04 0.54 0.22 0.73
0.99 0.07 0.66 0.04
0.98 0.47 0.93 0.02
0.22 0.01 0.56 0.82
0.83 0.01 0.53 0.05
0.02 0.52 0.69 0.47
0.63 0.36 0.28 0.33
0.84 0.39 0.44 0.01
0.06 0.34 0.64 0.53
0.16 0.55 0.98 0.12
0.65 0.43 0.57 0.05
0.03 0.03 0.09 0.98
0.03 0.66 0.97 0.03
0.03 0.38 0.70 0.63
0.03 0.56 0.44 0.57
0.52 0.03 0.81 0.01
0.46 0.03 0.59 0.31
0.32 0.54 0.84 0.01
0.73 0.06 0.34 0.49
0.97 0.29 0.61 0.02
0.55 0.58 0.58 0.02
0.60 0.07 0.04 0.52
0.03 0.02 0.70 0.64
0.82 0.37 0.35 0.06
0.27 0.88 0.68 0.03
0.90 0.01 0.28 0.44
0.11 0.22 0.39 0.52
0.17 0.16 0.47 0.34
0.08 0.34 0.63 0.58
0.22 0.93 0.01 0.52
0.80 0.12 0.72 0.02
0.79 0.55 0.53 0.02
0.21 0.70 0.56 0.05
0.01 0.93 0.37 0.69
0.64 0.15 0.69 0.02
0.07 0.70 0.80 0.02
0.02 0.56 0.10 0.83
0.05 0.16 0.74 0.53
0.11 0.03 0.51 0.72
0.52 0.12 0.02 1.00
0.02 0.57 0.55 0.66
0.52 0.51 0.52 0.14
0.52 0.09 0.53 0.55
0.05 0.63 0.55 0.39
0.20 0.51 0.52 0.30
0.87 0.56 0.28 0.04
0.53 0.14 0.51 0.49
0.93 0.57 0.10 0.24
0.61 0.04 0.54 0.45
