400 4
0.65 0.87 0.78 0.57
0.68 0.51 0.58 0.34
0.96 0.53 0.40 0.53
0.52 0.59 0.77 0.72
0.70 0.08 0.71 0.87
0.60 0.71 0.07 0.67
0.69 0.77 0.57 0.60
0.85 0.81 0.02 0.65
0.64 0.62 0.83 0.19
0.59 0.87 0.65 0.53
0.20 0.80 0.98 0.27
0.56 1.00 0.72 0.55
0.78 0.49 0.20 0.84
0.60 0.93 0.79 0.04
0.61 0.42 0.71 0.99
0.76 0.71 0.77 0.17
0.52 0.90 0.63 0.87
0.44 0.85 0.81 1.00
0.03 0.79 0.53 0.58
0.68 0.01 0.85 0.41
0.58 0.67 0.89 0.59
0.42 0.74 0.61 0.76
0.01 0.51 0.69 0.89
0.52 0.59 0.66 0.97
0.76 0.78 0.42 0.55
0.52 0.81 0.93 0.56
0.59 0.56 0.95 0.87
0.98 0.96 0.17 0.31
0.58 0.57 0.83 0.22
0.59 0.95 0.10 0.89
0.30 0.68 0.72 0.81
0.61 0.26 0.85 0.68
0.77 0.64 0.54 0.57
0.56 0.56 0.69 0.66
0.54 0.58 0.67 0.51
0.99 0.16 0.76 0.69
0.39 0.81 0.53 0.55
0.46 0.17 1.00 0.88
0.72 0.98 0.56 0.43
0.52 0.49 0.71 0.59
0.84 0.19 0.59 0.82
0.84 0.38 0.58 0.51
0.63 0.56 0.70 0.61
0.56 0.55 0.62 0.68
0.64 0.89 0.46 0.64
0.12 0.62 0.95 0.58
0.57 0.46 0.83 0.54
0.61 0.03 0.67 0.98
0.07 0.54 0.65 0.69
0.28 0.58 0.16 0.67
0.68 0.16 0.83 0.72
0.54 0.20 0.88 0.52
0.68 0.94 0.15 0.17
0.76 0.01 0.70 0.85
0.93 0.14 0.66 0.86
0.04 0.54 0.71 0.53
0.01 0.55 0.59 0.63
0.93 0.88 0.52 0.02
0.62 0.62 0.57 0.54
0.80 0.66 0.02 0.69
0.77 0.68 0.70 0.05
0.53 0.21 0.64 0.64
0.56 0.55 0.51 0.67
0.88 0.32 0.36 0.64
0.54 0.56 0.73 0.27
0.70 0.67 0.13 0.63
0.52 0.93 0.15 0.81
0.50 0.30 0.98 0.63
0.25 0.77 0.59 0.60
0.18 0.52 0.90 0.78
0.98 0.03 0.55 0.86
0.66 0.65 0.66 0.51
0.54 0.43 0.72 0.50
0.68 0.82 0.51 0.64
0.36 0.07 0.69 0.85
0.51 0.99 0.65 0.51
0.26 0.25 0.87 0.79
0.48 0.39 0.51 0.14
0.68 0.63 0.10 0.65
0.01 0.58 0.30 0.51
0.30 0.06 0.42 0.66
0.91 0.52 0.13 0.33
0.51 0.21 0.89 0.64
0.24 0.16 0.52 0.25
0.11 0.54 0.73 0.41
0.70 0.78 0.86 0.06
0.71 0.29 0.96 0.07
0.65 0.89 0.43 0.23
0.89 0.15 0.64 0.52
0.60 0.06 0.81 0.52
0.71 0.98 0.04 0.73
0.25 0.87 0.15 0.98
0.22 0.97 0.74 0.28
0.93 0.74 0.06 0.53
0.79 0.15 0.46 0.30
0.59 0.78 0.49 0.47
0.71 0.45 0.13 0.89
0.08 0.58 0.14 0.46
0.64 0.22 0.05 0.79
0.31 0.76 0.12 0.72
0.73 0.03 0.60 0.59
0.83 0.96 0.09 0.59
0.61 0.09 0.22 0.70
0.66 0.90 0.02 0.72
0.98 0.55 0.59 0.04
0.88 0.79 0.09 0.58
0.92 0.93 0.53 0.02
0.59 0.79 0.84 0.06
0.74 0.07 0.78 0.47
0.97 0.77 0.63 0.10
0.54 0.69 0.02 0.53
0.55 0.96 0.61 0.11
0.85 0.53 0.38 0.58
0.95 0.86 0.62 0.11
0.60 0.90 0.24 0.02
0.84 0.13 0.84 0.17
0.58 0.71 0.92 0.03
0.59 0.99 0.69 0.05
0.68 0.07 0.76 0.13
0.61 0.86 0.72 0.01
0.53 0.55 0.14 0.87
0.84 0.65 0.03 0.92
0.95 0.57 0.69 0.13
0.52 0.05 0.86 0.52
0.18 0.54 0.64 0.90
0.46 0.09 0.62 0.54
0.83 0.05 0.45 0.63
0.68 0.68 0.81 0.03
0.52 0.70 0.75 0.07
0.78 0.55 0.36 0.61
1.00 0.40 0.36 0.53
0.89 0.52 0.33 0.63
0.69 0.47 0.86 0.05
0.22 0.42 0.78 0.52
0.81 0.88 0.07 0.47
0.75 0.01 0.53 0.92
0.62 0.85 0.71 0.11
0.56 0.43 0.29 0.55
0.72 0.58 0.02 0.90
0.78 0.78 0.45 0.43
0.58 0.69 1.00 0.13
0.41 0.58 0.53 0.24
0.54 0.60 0.10 0.70
0.23 0.18 0.98 0.84
0.39 0.68 0.97 0.14
0.81 0.12 0.62 0.23
0.82 0.98 0.01 0.88
0.11 0.51 0.67 0.60
0.43 0.04 0.50 0.66
0.95 0.02 0.65 0.14
0.55 1.00 0.44 0.08
0.16 0.91 0.66 0.24
0.51 0.36 0.22 0.86
0.88 0.65 0.99 0.03
0.83 0.75 0.43 0.29
0.51 0.20 0.24 0.66
0.03 0.72 0.78 0.02
0.58 0.08 0.70 0.36
0.12 0.51 0.73 0.57
0.53 0.06 0.71 0.59
0.88 0.27 0.17 0.65
0.27 0.60 0.73 0.10
0.38 0.98 0.09 0.74
0.95 0.82 0.28 0.23
0.94 0.70 0.67 0.10
0.65 0.15 0.35 0.55
0.76 0.01 0.18 0.51
0.33 0.30 0.40 0.69
0.11 0.52 0.59 0.54
0.26 0.72 0.55 0.06
0.11 0.11 0.74 0.56
0.54 0.54 0.38 0.65
0.70 0.59 0.05 0.53
0.96 0.79 0.01 0.54
0.86 0.61 0.01 0.62
0.53 0.98 0.16 0.01
0.68 0.77 0.53 0.12
0.95 0.60 0.98 0.03
0.81 0.63 0.26 0.22
0.09 0.53 0.53 0.77
0.53 0.54 0.23 0.65
0.81 0.77 0.52 0.01
0.94 0.51 0.60 0.03
0.94 0.36 0.01 0.54
0.51 0.98 0.08 0.87
0.29 0.98 0.01 0.81
0.19 0.67 0.15 0.20
0.63 0.54 0.17 0.90
0.89 0.78 0.51 0.05
0.88 0.51 0.15 0.51
0.61 0.63 0.94 0.07
0.75 0.45 0.92 0.09
0.71 0.03 0.58 0.91
0.52 0.63 0.56 0.05
0.65 0.45 0.17 0.76
0.61 0.60 0.08 0.52
0.51 0.57 0.30 0.63
0.01 0.72 0.98 0.16
0.54 0.59 0.14 0.40
0.07 0.10 0.76 0.77
0.88 0.92 0.04 0.18
0.75 0.14 0.66 0.05
0.41 0.91 0.19 0.15
0.37 0.70 0.94 0.05
0.06 0.37 0.64 0.70
0.15 0.62 0.06 0.01
0.04 0.51 0.76 0.81
0.71 0.03 0.69 0.51
0.18 0.01 0.75 0.54
0.58 0.60 0.60 0.11
0.68 0.32 0.62 0.23
0.58 0.02 0.61 0.68
0.61 0.59 0.08 0.69
0.96 0.24 0.57 0.10
0.56 0.22 0.83 0.21
0.23 0.54 0.56 0.68
0.77 0.52 0.18 0.05
0.73 0.64 0.01 0.78
0.41 0.54 0.93 0.03
0.26 0.01 0.52 0.96
0.59 0.32 0.64 0.16
0.32 0.52 0.60 0.03
0.87 0.01 0.90 0.05
0.60 0.28 0.15 0.56
0.61 0.45 0.41 0.21
0.16 0.52 0.52 0.75
0.82 0.25 0.60 0.16
0.58 0.56 0.14 0.76
0.75 0.51 0.07 0.43
0.59 0.52 0.05 0.44
0.57 0.34 0.53 0.04
0.22 0.51 0.52 0.91
0.93 0.17 0.80 0.03
0.73 0.65 0.03 0.76
0.54 0.52 0.02 0.74
0.37 0.73 0.01 0.55
0.26 0.86 0.01 0.57
0.93 0.15 0.14 0.88
0.65 0.27 0.68 0.06
0.73 0.98 0.01 0.53
0.75 0.24 0.03 0.56
0.68 0.12 0.51 0.59
0.53 0.57 0.17 0.58
0.63 0.37 0.12 0.99
0.01 0.48 0.84 0.88
0.57 0.09 0.79 0.06
0.78 0.05 0.55 0.20
0.59 0.59 0.65 0.02
0.19 0.44 0.66 0.53
0.13 0.97 0.59 0.28
0.05 0.02 0.83 0.70
0.77 0.07 0.58 0.25
0.11 0.37 0.05 0.86
0.57 0.01 0.62 0.56
0.52 0.51 0.05 0.64
0.05 0.57 0.53 0.78
0.73 0.04 0.58 0.51
0.64 0.12 0.28 0.55
0.65 0.15 0.53 0.51
0.71 0.56 0.01 0.30
0.81 0.02 0.83 0.01
0.09 0.91 0.13 0.86
0.36 0.57 0.51 0.59
0.18 0.28 0.30 0.59
0.94 0.29 0.59 0.13
0.07 0.53 0.74 0.06
0.12 0.48 0.92 0.46
0.25 0.57 0.55 0.17
0.02 0.54 0.28 0.56
0.99 0.51 0.78 0.01
0.58 0.03 0.59 0.61
0.02 0.18 0.52 0.90
0.27 0.24 0.67 0.16
0.04 0.53 0.72 0.33
0.59 0.05 0.19 0.60
0.41 0.54 0.55 0.15
0.07 0.62 0.73 0.24
0.60 0.07 0.57 0.59
0.13 0.17 0.56 0.58
0.30 0.51 0.29 0.57
0.58 0.19 0.07 0.75
0.30 0.04 0.21 0.57
0.16 0.22 0.54 0.88
0.61 0.51 0.42 0.01
0.52 0.36 0.46 0.56
0.10 0.51 0.72 0.58
0.55 0.04 0.96 0.52
0.78 0.66 0.03 0.04
0.22 0.44 0.61 0.57
0.74 0.61 0.20 0.05
0.73 0.07 0.10 0.98
0.79 0.08 0.63 0.06
0.95 0.15 0.05 0.78
0.09 0.51 0.97 0.55
0.08 0.14 0.60 0.95
0.67 0.24 0.58 0.02
0.61 0.05 0.92 0.05
0.18 0.55 0.82 0.03
0.78 0.11 0.05 0.76
0.07 0.88 0.25 0.11
0.56 0.55 0.92 0.01
0.69 0.02 0.02 0.66
0.65 0.01 0.58 0.87
0.64 0.59 0.03 0.25
0.64 0.87 0.02 0.13
0.04 0.53 0.19 0.61
0.09 0.04 0.79 0.94
0.06 0.47 0.53 0.75
0.55 0.20 0.69 0.09
0.54 0.61 0.40 0.29
0.57 0.55 0.03 0.02
0.70 0.39 0.54 0.01
0.52 0.02 0.13 0.36
0.61 0.41 0.97 0.01
0.20 0.98 0.04 0.76
0.58 0.08 0.15 0.34
0.22 0.57 0.11 0.76
0.07 0.79 0.29 0.52
0.08 0.48 0.79 0.57
0.22 0.47 0.61 0.37
0.54 0.07 0.03 0.78
0.44 0.05 0.04 0.70
0.02 0.83 0.08 0.55
0.45 0.65 0.02 0.87
0.42 0.37 0.09 0.85
0.36 0.29 0.94 0.06
0.05 0.35 0.51 0.52
0.51 0.56 0.09 0.18
0.54 0.38 0.58 0.23
0.04 0.56 0.51 0.54
0.09 0.45 0.83 0.36
0.03 0.27 0.84 0.52
0.07 0.67 0.13 0.61
0.57 0.62 0.01 0.99
0.31 0.55 0.03 0.82
0.40 1.00 0.02 0.52
0.68 0.21 0.15 0.27
0.12 0.44 0.85 0.26
0.76 0.13 0.31 0.14
0.51 0.67 0.04 0.69
0.09 0.06 0.68 0.02
0.23 0.34 0.16 0.70
0.01 0.58 0.61 0.21
0.16 0.32 0.11 0.45
0.05 0.63 0.51 0.25
0.04 0.16 0.57 0.05
0.92 0.41 0.49 0.04
0.60 0.66 0.01 0.18
0.03 0.56 0.70 0.44
0.68 0.21 0.12 0.63
0.36 0.32 0.80 0.01
0.56 0.54 0.04 0.64
0.02 0.29 0.71 0.75
1.00 0.03 0.56 0.02
0.56 0.30 0.02 0.89
0.09 0.97 0.02 0.95
0.52 0.26 0.54 0.14
0.76 0.08 0.08 0.59
0.40 0.09 0.19 0.77
0.57 0.12 0.52 0.13
0.53 0.58 0.33 0.11
0.03 0.06 0.61 0.88
0.25 0.90 0.04 0.54
0.65 0.06 0.04 0.65
0.58 0.52 0.58 0.01
0.02 0.87 0.91 0.01
0.19 0.03 0.93 0.53
0.61 0.14 0.08 0.51
0.58 0.38 0.32 0.30
0.46 0.35 0.67 0.03
0.29 0.72 0.05 0.82
0.60 0.46 0.03 0.62
0.58 0.70 0.01 0.88
0.12 0.42 0.52 0.47
0.03 0.72 0.26 0.79
0.88 0.01 0.81 0.01
0.07 0.99 0.06 0.55
0.94 0.35 0.19 0.18
0.28 0.54 0.01 0.67
0.23 0.04 0.74 0.83
0.59 0.12 0.94 0.01
0.23 0.25 0.38 0.91
0.07 0.84 0.03 0.09
0.04 0.09 0.86 0.79
0.04 0.45 0.29 0.80
0.17 0.53 0.09 0.61
0.03 0.52 0.74 0.54
0.13 0.19 0.12 0.68
0.38 0.07 0.67 0.14
0.53 0.22 0.20 0.33
0.47 0.11 0.02 0.51
0.89 0.28 0.48 0.09
0.20 0.38 0.10 0.76
0.61 0.52 0.01 0.61
0.02 0.57 0.64 0.55
0.25 0.12 0.66 0.60
0.03 0.01 0.64 0.99
0.71 0.01 0.04 0.56
0.01 0.10 0.76 0.85
0.25 0.05 0.64 0.64
