400 4
0.78 0.28 0.31 0.21
0.57 0.44 0.79 0.98
0.34 0.64 0.79 0.92
0.86 0.65 0.27 0.94
0.36 0.72 0.74 0.74
0.64 0.63 0.48 0.91
0.61 0.60 0.75 0.72
0.72 0.80 0.69 0.65
0.60 0.08 0.86 0.55
0.83 0.98 0.18 0.83
0.72 0.94 0.51 0.79
0.58 0.72 0.59 0.82
0.21 0.76 0.56 0.96
0.52 0.77 0.98 0.58
0.14 0.63 0.09 0.66
0.11 0.81 0.99 0.11
0.51 0.97 0.67 0.65
0.76 0.52 0.85 0.55
0.77 0.54 0.52 0.68
0.90 0.70 0.65 0.14
0.31 0.84 0.06 0.90
0.28 0.72 0.60 0.62
0.59 0.81 0.81 0.57
0.54 0.85 0.27 0.59
0.98 0.78 0.07 0.80
0.74 0.89 0.75 0.57
0.51 0.51 0.66 0.54
1.00 0.56 0.27 0.85
0.15 0.79 0.69 0.12
0.75 0.75 0.93 0.17
0.88 0.63 0.99 0.05
0.75 0.69 0.80 0.48
0.67 0.87 0.46 0.02
0.52 0.64 0.30 0.64
0.66 0.93 0.04 0.96
0.13 0.99 0.56 0.32
0.66 0.62 0.64 0.55
0.51 0.54 0.18 0.56
0.97 0.74 0.26 0.33
0.13 0.70 0.61 0.95
0.40 0.54 0.92 0.78
0.74 0.65 0.94 0.53
0.02 0.83 0.98 0.88
0.63 0.51 0.53 0.78
0.57 0.04 0.28 0.78
0.37 0.61 0.81 0.82
0.66 0.59 0.10 0.76
0.27 0.09 0.55 0.91
0.99 0.80 0.06 1.00
0.04 0.86 0.67 0.01
0.07 0.81 0.89 0.46
0.47 0.56 0.96 0.74
0.62 0.53 0.60 0.54
0.69 0.73 0.09 0.39
0.95 0.23 0.85 0.68
0.58 0.64 0.60 0.54
0.54 0.64 0.57 0.55
0.55 0.44 0.56 0.82
0.95 0.03 0.89 0.65
0.74 0.73 0.67 0.03
0.03 0.87 0.83 0.73
0.43 0.76 0.35 0.64
0.34 0.38 0.65 0.72
0.01 0.82 0.75 0.96
0.51 0.30 0.34 0.94
0.53 0.11 0.75 0.69
0.53 0.53 0.54 0.71
0.28 0.77 0.59 0.49
0.57 0.47 0.18 0.65
0.84 0.70 0.59 0.13
0.53 0.61 0.25 0.53
0.73 0.59 0.02 0.54
0.11 0.74 0.78 1.00
0.94 0.13 0.64 0.37
0.21 0.52 1.00 0.88
0.79 0.33 0.13 0.98
0.09 0.56 0.85 0.44
0.65 0.19 0.57 0.64
0.57 0.74 0.68 0.52
0.10 0.60 0.31 0.52
0.55 0.52 0.71 0.51
0.73 0.61 0.82 0.03
0.51 0.77 0.05 0.56
0.56 0.26 0.53 0.88
0.50 0.29 0.93 0.84
0.63 0.05 0.79 0.58
0.91 0.16 0.60 0.73
0.69 0.65 0.68 0.15
0.19 0.23 0.24 0.74
0.89 0.56 0.56 0.09
0.20 0.55 0.73 0.59
0.39 0.13 0.29 0.58
0.31 0.80 0.08 0.62
0.83 0.15 0.27 0.87
0.74 0.10 0.80 0.29
0.72 0.55 0.52 0.51
0.04 0.52 0.29 0.47
0.79 0.61 0.65 0.02
0.72 0.60 0.91 0.33
0.40 0.55 0.71 0.17
0.42 0.91 0.60 0.16
0.94 0.23 0.19 0.65
0.74 0.11 0.78 0.45
0.56 0.22 0.17 0.52
0.20 0.15 0.90 0.99
0.54 0.06 0.64 0.52
0.62 0.58 0.56 0.41
0.56 0.78 0.53 0.21
0.56 0.76 0.03 0.83
0.59 0.74 0.01 0.70
0.55 0.65 0.01 0.84
0.05 0.51 0.78 0.94
0.72 0.73 0.57 0.27
0.03 0.64 0.64 0.91
0.09 0.72 0.01 0.87
0.53 0.69 0.08 0.89
0.77 0.37 0.51 0.18
0.91 0.01 0.62 0.89
0.51 0.27 0.92 0.52
0.04 0.64 0.64 0.26
0.66 0.70 0.96 0.09
0.59 0.05 0.66 0.41
0.51 0.45 0.23 0.92
0.94 0.76 0.53 0.11
0.78 0.21 0.07 0.82
0.21 0.67 0.89 0.04
0.20 0.88 0.54 0.08
0.94 0.92 0.01 0.13
0.71 0.52 0.89 0.36
0.14 0.44 0.68 0.66
0.51 0.56 0.51 0.42
0.67 0.75 0.65 0.16
0.86 0.69 0.11 0.15
0.98 0.11 0.59 0.71
0.57 0.54 0.59 0.14
0.10 0.04 0.90 0.86
0.56 0.73 0.16 0.53
0.70 0.74 0.83 0.02
0.50 0.61 0.05 0.55
0.79 0.15 0.56 0.40
0.09 0.09 0.78 0.95
0.11 0.26 0.82 0.55
0.85 0.78 0.35 0.17
0.68 0.57 0.89 0.10
0.60 0.06 0.58 0.55
0.53 0.02 0.85 0.97
0.16 0.78 0.56 0.13
0.70 0.72 0.57 0.18
0.08 0.30 0.61 0.84
0.59 0.51 0.70 0.19
0.76 0.25 0.33 0.14
0.59 0.83 0.88 0.03
0.88 0.52 0.12 0.65
0.76 0.23 0.82 0.10
0.87 0.63 0.12 0.21
0.50 0.76 0.68 0.08
0.01 0.74 0.07 0.49
0.77 0.32 0.15 0.93
0.13 0.25 0.84 0.53
0.11 0.69 0.07 0.66
0.01 0.65 0.82 0.40
0.77 0.57 0.08 0.60
0.88 0.55 0.04 0.95
0.84 0.05 0.56 0.07
0.61 0.25 0.96 0.11
0.71 0.57 0.36 0.32
0.97 0.04 0.90 0.51
0.54 0.99 0.62 0.03
0.56 0.60 0.25 0.35
0.79 0.79 0.02 0.10
0.76 0.74 0.30 0.27
0.76 0.44 0.80 0.11
0.23 0.59 0.79 0.02
0.99 0.62 0.15 0.50
0.93 0.70 0.09 0.52
0.54 0.51 0.23 0.77
0.02 0.59 0.98 0.69
0.89 0.68 0.62 0.02
0.80 0.60 0.18 0.12
0.77 0.65 0.27 0.13
0.68 0.90 0.29 0.33
0.84 0.82 0.57 0.03
0.59 0.13 0.63 0.32
0.66 0.18 0.81 0.04
0.03 0.64 0.76 0.09
0.63 0.40 0.75 0.23
0.02 0.52 0.84 0.07
0.83 0.01 0.64 0.83
0.07 0.57 0.65 0.22
0.89 0.59 0.10 0.38
0.42 0.01 0.71 0.70
0.89 0.01 0.51 0.63
0.63 0.80 0.62 0.11
0.36 0.50 0.58 0.73
0.01 0.65 0.70 0.64
0.26 0.21 0.95 0.83
0.55 0.63 0.48 0.27
0.66 0.53 0.04 0.48
0.66 0.59 0.53 0.23
0.28 0.61 0.30 0.17
0.65 0.65 0.70 0.01
0.71 0.52 0.13 0.62
0.63 0.67 0.01 0.71
0.90 0.02 0.13 0.74
0.43 0.11 0.80 0.53
0.69 0.76 0.66 0.13
0.62 0.94 0.26 0.19
0.72 0.80 0.68 0.04
0.79 0.03 0.28 0.68
0.76 0.52 0.86 0.01
0.53 0.31 1.00 0.17
0.63 0.14 0.80 0.12
0.75 0.51 0.67 0.05
0.09 0.03 0.38 0.31
0.99 0.86 0.01 0.67
0.68 0.85 0.50 0.07
0.71 0.11 0.06 0.60
0.56 0.53 0.51 0.24
0.69 0.69 0.64 0.07
0.57 0.53 0.58 0.22
0.64 0.56 0.64 0.01
0.53 0.57 0.92 0.03
0.60 0.91 0.42 0.02
0.14 0.59 0.04 0.64
0.24 0.66 0.24 0.48
0.67 0.52 0.72 0.08
0.13 0.34 0.90 0.19
0.65 0.52 0.67 0.22
0.89 0.60 0.02 0.18
0.56 0.53 0.05 0.65
0.06 0.71 0.39 0.27
0.06 0.42 0.93 0.76
0.55 0.68 0.74 0.15
0.70 0.63 0.09 0.35
0.96 0.16 0.30 0.25
0.86 0.01 0.96 0.69
0.83 0.70 0.19 0.07
0.54 0.58 0.52 0.05
0.06 0.25 0.83 0.59
0.57 0.37 0.04 0.91
0.67 0.99 0.01 0.60
0.35 0.73 0.02 0.68
0.55 0.09 0.08 0.97
0.49 0.39 0.81 0.27
0.03 0.72 0.67 0.75
0.08 0.54 0.72 0.37
0.73 0.55 0.30 0.03
0.38 0.33 0.13 0.20
0.76 0.52 0.62 0.01
0.04 0.05 0.99 0.67
0.62 0.02 0.62 0.91
0.68 0.55 0.56 0.12
0.67 0.76 0.01 0.65
0.07 0.42 0.28 0.89
0.55 0.01 0.84 0.53
0.39 0.93 0.60 0.06
0.78 0.35 0.53 0.11
0.89 0.42 0.06 0.59
0.57 0.71 0.76 0.03
0.58 0.84 0.08 0.18
0.52 0.10 0.07 0.69
0.32 0.41 1.00 0.07
0.59 0.02 0.69 0.93
0.01 0.58 0.52 0.92
0.53 0.17 0.25 0.58
0.54 0.76 0.06 0.16
0.03 0.95 0.57 0.07
0.10 0.52 0.17 0.87
0.01 0.79 0.21 0.16
0.80 0.51 0.52 0.10
0.51 0.01 0.69 0.56
0.23 0.01 0.97 0.69
0.85 0.10 0.37 0.49
0.60 0.12 0.32 0.68
0.13 0.79 0.16 0.29
0.88 0.58 0.59 0.02
0.54 0.03 0.09 0.54
0.56 0.20 0.66 0.19
0.20 0.51 0.56 0.11
0.53 0.57 0.69 0.10
0.81 0.69 0.01 0.55
0.02 0.37 0.68 0.88
0.52 0.79 0.80 0.01
0.55 0.02 0.54 0.96
0.61 0.83 0.01 0.26
0.02 0.61 0.75 0.67
0.64 0.19 0.73 0.27
0.02 0.52 0.69 0.67
0.57 0.02 0.84 0.46
0.51 0.60 0.06 0.44
0.52 0.79 0.10 0.36
0.53 0.35 0.67 0.09
0.64 0.07 0.74 0.21
0.59 0.75 0.04 0.51
0.37 0.01 0.94 0.53
0.12 0.61 0.05 0.83
0.03 0.81 0.06 0.09
0.56 0.59 0.03 0.87
0.10 0.02 0.97 0.59
0.39 0.52 0.03 0.68
0.20 0.73 0.21 0.58
0.85 0.69 0.02 0.14
0.27 0.92 0.57 0.01
0.71 0.46 0.01 0.55
0.93 0.97 0.07 0.02
0.86 0.44 0.04 0.66
0.67 0.70 0.06 0.06
0.61 0.63 0.01 0.85
0.62 0.55 0.07 0.03
0.03 0.52 0.55 0.58
0.12 0.68 0.20 0.60
0.94 0.20 0.76 0.06
0.64 0.62 0.01 0.68
0.66 0.34 0.72 0.18
0.29 0.58 0.12 0.66
0.74 0.67 0.02 0.27
0.79 0.22 0.77 0.18
0.51 0.57 0.54 0.14
0.84 0.04 0.25 0.53
0.54 0.68 0.51 0.11
0.52 0.01 0.61 0.13
0.53 0.55 0.97 0.04
0.37 0.54 0.01 0.88
0.04 0.03 0.86 0.51
0.01 0.66 1.00 0.32
0.52 0.57 0.75 0.07
1.00 0.35 0.72 0.04
0.17 0.94 0.61 0.05
0.43 0.05 0.62 0.25
0.95 0.57 0.59 0.01
0.23 0.02 0.88 0.76
0.86 0.72 0.30 0.02
0.51 0.57 0.28 0.19
0.92 0.73 0.54 0.01
0.53 0.83 0.38 0.04
0.68 0.02 0.59 0.85
0.05 0.51 0.72 0.28
0.64 0.70 0.04 0.44
0.09 0.34 0.95 0.06
0.01 0.59 0.68 0.72
0.69 0.01 0.60 0.70
0.63 0.21 0.84 0.05
0.56 0.65 0.01 0.60
0.57 0.54 0.74 0.06
0.07 0.51 0.69 0.24
0.40 0.67 0.03 0.52
0.60 0.64 0.02 0.56
0.33 0.78 0.56 0.05
0.51 0.56 0.09 0.59
0.56 0.75 0.22 0.10
0.83 0.96 0.04 0.05
0.06 0.64 0.22 0.52
0.05 0.51 0.68 0.77
0.57 0.70 0.65 0.02
0.52 0.85 0.02 0.51
0.37 0.54 0.24 0.51
0.56 0.77 0.53 0.01
0.25 0.65 0.08 0.08
0.55 0.01 0.10 0.91
0.26 0.13 0.16 0.22
0.19 0.24 0.37 0.70
0.01 0.67 0.76 0.61
0.75 0.34 0.83 0.02
0.23 0.63 0.86 0.01
0.75 0.03 0.08 0.99
0.85 0.49 0.12 0.39
0.85 0.41 0.05 0.87
0.65 0.72 0.09 0.02
0.50 0.20 0.86 0.19
0.02 0.10 0.43 0.90
0.03 0.61 0.07 0.80
0.11 0.14 0.02 0.69
0.54 0.02 0.06 0.75
0.51 0.90 0.54 0.04
0.81 0.03 0.06 0.72
0.95 0.51 0.78 0.02
0.07 0.51 0.63 0.72
0.71 0.13 0.05 1.00
0.62 0.33 0.04 0.62
0.23 0.53 0.65 0.08
0.77 0.50 0.59 0.12
0.01 0.90 0.98 0.12
0.01 0.73 0.75 0.54
0.54 0.66 0.70 0.04
0.56 0.58 0.93 0.02
0.02 0.51 0.85 0.71
0.15 0.79 0.96 0.01
0.64 0.56 0.03 0.52
0.09 0.24 0.69 0.09
0.55 0.86 0.04 0.26
0.09 0.53 0.09 0.81
0.70 0.01 0.55 0.56
0.20 0.74 0.18 0.09
0.03 0.66 0.70 0.56
0.85 0.28 0.41 0.05
0.62 0.18 0.98 0.10
0.56 0.99 0.52 0.03
0.93 0.01 0.49 0.68
0.56 0.63 0.13 0.07
0.45 0.67 0.06 0.12
