400 4
78 28 31 21
57 44 79 98
34 64 79 92
86 65 27 94
36 72 74 74
64 63 48 91
61 60 75 72
72 80 69 65
60 8 86 55
83 98 18 83
72 94 51 79
58 72 59 82
21 76 56 96
52 77 98 58
14 63 9 66
11 81 99 11
51 97 67 65
76 52 85 55
77 54 52 68
90 70 65 14
31 84 6 90
28 72 60 62
59 81 81 57
54 85 27 59
98 78 7 80
74 89 75 57
51 51 66 54
100 56 27 85
15 79 69 12
75 75 93 17
88 63 99 5
75 69 80 48
67 87 46 2
52 64 30 64
66 93 4 96
13 99 56 32
66 62 64 55
51 54 18 56
97 74 26 33
13 70 61 95
40 54 92 78
74 65 94 53
2 83 98 88
63 51 53 78
57 4 28 78
37 61 81 82
66 59 10 76
27 9 55 91
99 80 6 100
4 86 67 1
7 81 89 46
47 56 96 74
62 53 60 54
69 73 9 39
95 23 85 68
58 64 60 54
54 64 57 55
55 44 56 82
95 3 89 65
74 73 67 3
3 87 83 73
43 76 35 64
34 38 65 72
1 82 75 96
51 30 34 94
53 11 75 69
53 53 54 71
28 77 59 49
57 47 18 65
84 70 59 13
53 61 25 53
73 59 2 54
11 74 78 100
94 13 64 37
21 52 100 88
79 33 13 98
9 56 85 44
65 19 57 64
57 74 68 52
10 60 31 52
55 52 71 51
73 61 82 3
51 77 5 56
56 26 53 88
50 29 93 84
63 5 79 58
91 16 60 73
69 65 68 15
19 23 24 74
89 56 56 9
20 55 73 59
39 13 29 58
31 80 8 62
83 15 27 87
74 10 80 29
72 55 52 51
4 52 29 47
79 61 65 2
72 60 91 33
40 55 71 17
42 91 60 16
94 23 19 65
74 11 78 45
56 22 17 52
20 15 90 99
54 6 64 52
62 58 56 41
56 78 53 21
56 76 3 83
59 74 1 70
55 65 1 84
5 51 78 94
72 73 57 27
3 64 64 91
9 72 1 87
53 69 8 89
77 37 51 18
91 1 62 89
51 27 92 52
4 64 64 26
66 70 96 9
59 5 66 41
51 45 23 92
94 76 53 11
78 21 7 82
21 67 89 4
20 88 54 8
94 92 1 13
71 52 89 36
14 44 68 66
51 56 51 42
67 75 65 16
86 69 11 15
98 11 59 71
57 54 59 14
10 4 90 86
56 73 16 53
70 74 83 2
50 61 5 55
79 15 56 40
9 9 78 95
11 26 82 55
85 78 35 17
68 57 89 10
60 6 58 55
53 2 85 97
16 78 56 13
70 72 57 18
8 30 61 84
59 51 70 19
76 25 33 14
59 83 88 3
88 52 12 65
76 23 82 10
87 63 12 21
50 76 68 8
1 74 7 49
77 32 15 93
13 25 84 53
11 69 7 66
1 65 82 40
77 57 8 60
88 55 4 95
84 5 56 7
61 25 96 11
71 57 36 32
97 4 90 51
54 99 62 3
56 60 25 35
79 79 2 10
76 74 30 27
76 44 80 11
23 59 79 2
99 62 15 50
93 70 9 52
54 51 23 77
2 59 98 69
89 68 62 2
80 60 18 12
77 65 27 13
68 90 29 33
84 82 57 3
59 13 63 32
66 18 81 4
3 64 76 9
63 40 75 23
2 52 84 7
83 1 64 83
7 57 65 22
89 59 10 38
42 1 71 70
89 1 51 63
63 80 62 11
36 50 58 73
1 65 70 64
26 21 95 83
55 63 48 27
66 53 4 48
66 59 53 23
28 61 30 17
65 65 70 1
71 52 13 62
63 67 1 71
90 2 13 74
43 11 80 53
69 76 66 13
62 94 26 19
72 80 68 4
79 3 28 68
76 52 86 1
53 31 100 17
63 14 80 12
75 51 67 5
9 3 38 31
99 86 1 67
68 85 50 7
71 11 6 60
56 53 51 24
69 69 64 7
57 53 58 22
64 56 64 1
53 57 92 3
60 91 42 2
14 59 4 64
24 66 24 48
67 52 72 8
13 34 90 19
65 52 67 22
89 60 2 18
56 53 5 65
6 71 39 27
6 42 93 76
55 68 74 15
70 63 9 35
96 16 30 25
86 1 96 69
83 70 19 7
54 58 52 5
6 25 83 59
57 37 4 91
67 99 1 60
35 73 2 68
55 9 8 97
49 39 81 27
3 72 67 75
8 54 72 37
73 55 30 3
38 33 13 20
76 52 62 1
4 5 99 67
62 2 62 91
68 55 56 12
67 76 1 65
7 42 28 89
55 1 84 53
39 93 60 6
78 35 53 11
89 42 6 59
57 71 76 3
58 84 8 18
52 10 7 69
32 41 100 7
59 2 69 93
1 58 52 92
53 17 25 58
54 76 6 16
3 95 57 7
10 52 17 87
1 79 21 16
80 51 52 10
51 1 69 56
23 1 97 69
85 10 37 49
60 12 32 68
13 79 16 29
88 58 59 2
54 3 9 54
56 20 66 19
20 51 56 11
53 57 69 10
81 69 1 55
2 37 68 88
52 79 80 1
55 2 54 96
61 83 1 26
2 61 75 67
64 19 73 27
2 52 69 67
57 2 84 46
51 60 6 44
52 79 10 36
53 35 67 9
64 7 74 21
59 75 4 51
37 1 94 53
12 61 5 83
3 81 6 9
56 59 3 87
10 2 97 59
39 52 3 68
20 73 21 58
85 69 2 14
27 92 57 1
71 46 1 55
93 97 7 2
86 44 4 66
67 70 6 6
61 63 1 85
62 55 7 3
3 52 55 58
12 68 20 60
94 20 76 6
64 62 1 68
66 34 72 18
29 58 12 66
74 67 2 27
79 22 77 18
51 57 54 14
84 4 25 53
54 68 51 11
52 1 61 13
53 55 97 4
37 54 1 88
4 3 86 51
1 66 100 32
52 57 75 7
100 35 72 4
17 94 61 5
43 5 62 25
95 57 59 1
23 2 88 76
86 72 30 2
51 57 28 19
92 73 54 1
53 83 38 4
68 2 59 85
5 51 72 28
64 70 4 44
9 34 95 6
1 59 68 72
69 1 60 70
63 21 84 5
56 65 1 60
57 54 74 6
7 51 69 24
40 67 3 52
60 64 2 56
33 78 56 5
51 56 9 59
56 75 22 10
83 96 4 5
6 64 22 52
5 51 68 77
57 70 65 2
52 85 2 51
37 54 24 51
56 77 53 1
25 65 8 8
55 1 10 91
26 13 16 22
19 24 37 70
1 67 76 61
75 34 83 2
23 63 86 1
75 3 8 99
85 49 12 39
85 41 5 87
65 72 9 2
50 20 86 19
2 10 43 90
3 61 7 80
11 14 2 69
54 2 6 75
51 90 54 4
81 3 6 72
95 51 78 2
7 51 63 72
71 13 5 100
62 33 4 62
23 53 65 8
77 50 59 12
1 90 98 12
1 73 75 54
54 66 70 4
56 58 93 2
2 51 85 71
15 79 96 1
64 56 3 52
9 24 69 9
55 86 4 26
9 53 9 81
70 1 55 56
20 74 18 9
3 66 70 56
85 28 41 5
62 18 98 10
56 99 52 3
93 1 49 68
56 63 13 7
45 67 6 12
