20 10 
47 56 28 28 17 66 66 3 24 57 28
60 38 47 55 56 45 39 38 85 77 14
33 9 100 45 7 16 68 1 35 74 56
84 11 65 91 100 3 96 45 33 34 28
96 51 24 44 98 56 35 18 40 40 89
33 67 30 76 28 1 51 86 20 89 61
59 94 65 13 77 6 66 74 37 27 27
7 67 86 40 23 62 99 13 66 39 16
26 26 94 43 90 86 79 75 77 78 5
93 17 32 40 33 39 48 38 63 52 72
35 75 72 82 75 17 81 74 85 23 49
69 51 4 62 76 0 48 10 57 62 82
78 35 81 45 45 21 4 76 25 93 30
33 61 45 63 91 15 56 81 64 30 93
20 32 46 42 69 23 54 94 100 57 32
63 7 82 98 87 36 23 48 92 20 76
93 18 27 73 50 56 97 43 59 100 53
85 53 61 86 96 60 40 81 1 56 30
73 44 26 13 14 50 18 6 36 56 0
96 34 88 19 71 76 67 43 74 31 4
