20 10 
95 94 5 52 22 43 51 48 28 38 81
4 74 57 2 75 4 57 93 54 64 36
10 40 18 8 51 44 75 78 88 43 50
71 79 24 86 61 13 39 52 56 13 86
69 27 69 4 53 11 52 97 51 53 32
92 11 98 74 67 9 34 84 89 22 59
76 9 66 65 19 31 80 66 56 15 20
71 85 8 56 0 50 92 21 84 3 44
14 81 78 31 66 7 80 95 100 14 6
69 20 97 34 74 37 55 0 75 87 60
5 59 2 0 7 72 55 33 22 36 19
2 74 41 40 17 50 34 55 91 67 26
47 70 20 42 27 28 25 23 17 35 98
35 27 53 86 10 64 30 49 22 42 26
16 64 62 85 35 88 34 51 75 28 57
7 83 18 75 14 61 54 54 38 15 98
10 22 31 54 16 69 5 60 30 64 31
4 80 32 99 36 45 55 5 80 15 57
36 98 11 22 38 78 28 23 17 34 2
86 0 100 3 69 51 4 8 78 38 7
