20 10 
33 41 23 70 26 10 93 92 11 19 6
31 13 18 4 69 100 65 92 81 85 71
8 52 61 41 8 38 56 69 15 61 39
45 85 94 64 63 52 34 84 6 35 45
0 84 7 54 2 22 100 78 66 95 49
0 54 82 15 36 55 3 12 15 32 20
8 65 57 60 18 7 1 55 74 98 89
85 8 17 2 23 17 36 65 86 93 57
54 40 17 81 82 53 4 87 28 48 64
38 28 46 23 42 93 5 40 35 91 56
100 78 78 46 41 28 37 73 66 26 28
57 32 76 65 98 99 79 72 30 57 88
52 24 15 70 89 25 24 14 21 60 93
22 26 61 39 83 18 71 90 14 52 26
26 56 48 71 35 98 75 7 0 43 75
87 92 99 67 86 45 80 14 30 41 95
4 95 95 96 87 14 38 15 94 24 76
56 16 6 79 86 26 17 72 76 79 4
78 23 54 55 31 98 17 28 43 20 55
54 18 57 13 31 4 94 41 34 64 64
