20 10 
54 66 52 14 87 36 8 98 28 83 12
17 95 86 75 72 25 88 77 87 22 84
92 53 1 44 34 81 26 73 83 10 2
97 74 93 11 86 43 61 32 87 22 56
49 9 71 39 17 89 37 31 82 64 56
11 21 95 6 36 89 68 32 79 79 57
38 100 74 23 66 72 13 38 85 56 56
50 11 3 81 16 14 56 83 41 75 25
65 52 37 1 37 35 42 90 4 67 45
69 80 63 55 62 86 60 25 15 63 60
24 21 62 35 45 34 84 3 81 44 31
19 88 54 53 62 66 15 96 80 77 72
95 22 54 9 94 82 30 11 40 100 73
72 0 65 23 7 83 8 44 48 78 18
10 24 8 44 90 70 93 2 98 83 78
44 85 20 61 37 37 19 26 25 61 80
75 83 94 96 15 95 1 23 59 81 17
99 92 99 39 17 47 97 70 87 83 28
61 28 96 79 39 26 9 11 8 65 82
15 35 1 24 34 100 0 65 4 88 7
