20 10 
49 84 53 53 75 70 85 64 61 22 44
75 91 1 48 2 90 20 81 25 2 4
49 47 40 95 67 55 68 23 39 7 35
52 11 33 79 28 64 70 28 80 33 57
88 30 2 80 24 69 2 34 85 28 98
40 54 41 65 90 55 96 54 72 44 99
97 17 56 92 46 13 91 70 72 66 85
14 87 17 67 7 99 57 70 32 80 11
93 71 76 3 60 34 64 28 28 57 15
69 16 64 48 55 2 26 27 23 62 21
68 20 78 4 11 99 76 44 84 88 7
63 67 81 93 71 35 11 87 41 98 30
39 2 98 43 54 83 55 45 45 67 34
67 78 71 46 71 98 67 70 60 16 26
32 78 41 20 60 55 90 96 91 28 12
63 44 31 68 1 15 38 24 62 95 63
85 40 31 100 14 86 14 35 23 57 52
95 77 45 9 49 50 75 19 79 10 30
24 62 15 13 78 36 83 70 83 51 9
95 67 30 5 50 47 81 39 49 85 91
