20 10 
83 98 12 86 21 89 34 14 25 53 55
90 44 71 18 85 19 20 48 63 61 70
78 57 55 56 16 31 24 8 60 24 93
5 67 64 44 15 77 62 76 64 20 49
83 70 100 73 17 19 34 4 35 95 0
56 28 40 13 3 36 84 51 86 13 49
26 51 59 5 94 72 23 47 68 28 5
66 95 35 68 32 30 5 37 91 36 6
6 4 16 37 39 28 35 5 46 47 13
64 13 57 60 15 8 8 52 28 50 46
59 68 56 14 20 14 51 41 40 94 79
22 88 84 76 19 39 25 35 8 8 33
68 75 96 87 74 47 48 43 26 15 74
28 67 1 19 52 49 96 23 54 42 40
7 76 84 86 56 61 56 87 42 41 77
77 59 20 28 41 65 80 8 56 34 100
99 88 23 72 59 68 77 74 60 2 30
53 26 46 43 70 66 69 91 63 11 87
24 50 43 89 53 70 30 38 69 35 76
24 36 15 61 95 88 98 34 74 40 22
