500 4
0.86 0.96 0.46 0.46
0.67 0.84 0.52 0.56
0.66 0.74 0.78 0.58
0.64 0.99 0.34 0.56
0.58 0.82 0.60 0.41
0.64 0.02 0.78 0.80
0.93 0.95 0.36 0.86
0.73 0.78 0.84 0.54
0.49 0.47 0.96 0.80
0.81 0.95 0.31 0.68
0.72 0.67 0.79 0.78
0.66 0.09 0.21 0.92
0.81 0.60 0.43 0.21
0.52 0.86 0.72 0.94
0.07 0.55 0.76 0.98
0.61 0.81 0.51 0.57
0.06 0.61 0.21 0.56
0.67 0.28 0.59 0.53
0.05 0.60 0.58 0.79
0.32 0.13 1.00 0.78
0.57 0.59 0.80 0.36
0.39 0.90 0.04 0.69
0.37 0.84 0.51 0.34
1.00 0.51 0.66 0.43
0.98 0.52 0.86 0.51
0.53 0.51 0.67 0.77
0.91 0.25 0.90 0.76
0.57 0.86 0.17 0.21
0.64 0.30 0.25 0.16
0.74 0.01 0.72 0.10
0.34 0.48 0.51 0.92
0.79 0.74 0.87 0.06
0.71 0.57 0.20 0.97
0.58 0.57 0.44 0.52
0.97 0.53 0.13 0.77
0.78 0.05 0.40 0.66
0.76 0.58 0.94 0.08
0.58 0.23 0.55 0.26
0.29 0.87 0.12 0.61
0.65 0.02 0.13 0.30
0.36 0.30 0.81 0.99
0.51 0.54 0.72 0.24
0.50 0.31 0.52 0.18
0.16 0.28 0.53 0.88
0.52 0.75 0.35 0.55
0.15 0.58 0.75 0.71
0.61 0.77 0.13 0.92
0.40 0.55 0.06 0.60
0.17 0.59 0.85 0.66
0.06 0.97 0.68 0.28
0.61 0.15 0.83 0.53
0.32 0.13 1.00 0.48
0.41 0.24 0.52 0.92
0.71 0.10 0.95 0.11
0.59 0.53 0.17 0.92
0.50 0.90 0.18 0.48
0.86 0.07 0.08 0.78
0.01 0.71 0.83 0.98
0.37 0.63 0.80 0.16
0.52 0.75 0.05 1.00
0.07 0.26 0.53 0.42
0.87 0.25 0.04 0.12
0.01 0.20 0.87 0.60
0.86 0.87 0.04 0.17
0.63 0.17 0.74 0.54
0.55 0.16 0.57 0.77
0.27 0.44 0.47 0.49
0.84 0.22 0.02 0.72
0.56 0.29 0.34 0.47
0.02 0.37 0.02 0.96
0.46 0.61 0.66 0.14
0.29 0.52 0.89 0.18
0.57 0.70 0.06 0.09
0.64 0.04 0.62 0.73
0.12 0.16 0.60 0.69
0.30 0.55 0.93 0.17
0.31 0.73 0.13 0.89
0.57 0.02 0.64 0.14
0.29 0.38 0.38 0.31
0.08 1.00 0.70 0.24
0.14 0.05 0.79 0.94
0.46 0.46 0.26 0.75
0.12 0.85 0.61 0.11
0.78 0.25 0.04 0.74
0.71 0.12 0.73 0.10
0.13 0.02 0.92 0.75
0.65 0.71 0.49 0.07
0.58 0.45 0.96 0.11
0.03 0.01 0.85 0.09
0.93 0.30 0.63 0.04
0.93 0.77 0.01 0.56
0.17 0.26 0.07 0.92
0.11 0.33 0.04 0.96
0.02 0.71 0.53 0.51
0.53 0.82 0.01 0.85
0.21 0.84 0.55 0.29
0.28 0.55 0.02 0.08
0.83 0.51 0.01 0.06
0.02 0.52 0.61 0.82
0.69 0.28 0.58 0.20
0.72 0.42 0.74 0.01
0.24 0.46 0.08 0.69
0.18 0.93 0.82 0.04
0.15 0.54 0.51 0.62
0.44 0.36 0.25 0.60
0.89 0.72 0.33 0.05
0.11 0.76 0.16 0.93
0.92 0.01 0.06 0.05
0.34 0.10 0.67 0.88
0.05 0.98 0.37 0.73
0.61 0.52 0.73 0.11
0.75 0.24 0.61 0.13
0.24 0.03 0.26 0.22
0.68 0.01 0.55 0.99
0.17 0.20 0.27 0.70
0.11 0.03 0.76 0.59
0.17 0.08 0.70 0.64
0.78 0.53 0.11 0.49
1.00 0.20 0.09 0.04
0.03 0.30 0.37 0.20
0.55 0.64 0.13 0.01
0.15 0.49 0.04 0.20
0.20 0.09 0.55 0.38
0.02 0.68 0.76 0.41
0.23 0.25 0.13 0.69
0.22 0.92 0.03 0.88
0.41 0.40 0.88 0.04
0.81 0.22 0.62 0.15
0.72 0.22 0.02 0.90
0.95 0.41 0.03 0.28
0.82 0.01 0.65 0.49
0.68 0.27 0.69 0.05
0.06 0.57 0.68 0.10
0.07 0.05 0.85 0.08
0.72 0.40 0.12 0.69
0.90 0.08 0.01 0.95
0.15 0.19 0.27 0.46
0.71 0.12 0.07 0.20
0.32 0.09 0.19 0.43
0.12 0.01 0.69 0.62
0.10 0.04 0.84 0.56
0.87 0.58 0.55 0.04
0.11 0.60 0.03 0.76
0.71 0.07 0.01 0.70
0.81 0.04 0.36 0.05
0.40 0.52 1.00 0.04
0.29 0.92 0.66 0.06
0.44 0.43 0.06 0.70
0.12 0.14 0.39 0.67
0.02 0.52 0.26 0.82
0.51 0.91 0.54 0.04
0.59 0.06 0.21 0.63
0.35 0.32 0.18 0.68
0.19 0.86 0.29 0.16
0.01 0.87 0.05 0.24
0.05 0.79 0.41 0.05
0.23 0.15 0.19 0.85
0.06 0.13 0.09 0.69
0.06 0.80 0.14 0.06
0.65 0.53 0.16 0.13
0.54 0.64 0.46 0.02
0.59 0.38 0.97 0.07
0.22 0.65 0.64 0.13
0.54 0.19 0.75 0.20
0.45 0.38 0.66 0.04
0.14 0.37 0.65 0.17
0.57 0.26 0.01 0.85
0.16 0.56 0.99 0.03
0.04 0.90 0.01 0.35
0.90 0.58 0.24 0.04
0.73 0.13 0.32 0.11
0.70 0.52 0.58 0.02
0.89 0.24 0.09 0.16
0.60 0.52 0.59 0.09
0.22 0.25 0.38 0.40
0.82 0.03 0.04 0.85
0.55 0.26 0.58 0.20
0.01 0.60 0.72 0.57
0.14 0.13 0.83 0.51
0.69 0.76 0.10 0.04
0.38 0.99 0.94 0.01
0.74 0.06 0.01 0.72
0.06 0.68 0.76 0.06
0.51 0.46 0.67 0.01
0.74 0.09 0.58 0.04
0.12 0.59 0.43 0.05
0.02 0.12 0.92 0.51
0.09 0.71 0.06 0.83
0.23 0.86 0.01 0.96
0.51 0.13 0.05 0.83
0.67 0.20 0.55 0.14
0.58 0.52 0.62 0.01
0.73 0.60 0.17 0.04
0.84 0.15 0.06 0.43
0.05 0.12 0.62 0.78
0.01 0.52 0.54 0.82
0.57 0.25 0.16 0.64
0.69 0.03 0.70 0.05
0.04 0.57 0.91 0.04
0.65 0.45 0.09 0.52
0.87 0.04 0.21 0.04
0.60 0.51 0.03 0.67
0.03 0.70 0.71 0.05
0.64 0.51 0.35 0.14
0.04 0.03 0.72 0.81
0.51 0.02 0.61 0.99
0.15 0.42 0.16 0.15
0.18 0.70 0.68 0.02
0.98 0.34 0.79 0.01
0.55 0.25 0.54 0.18
0.17 0.07 0.82 0.35
0.54 0.08 0.22 0.04
0.09 0.59 0.19 0.65
0.01 0.35 0.60 0.80
0.56 0.02 0.70 0.52
0.01 0.55 1.00 0.56
0.04 0.73 0.24 0.65
0.20 0.69 0.99 0.01
0.04 0.51 0.64 0.18
0.65 0.16 0.86 0.03
0.56 0.01 0.51 0.81
0.58 0.69 0.04 0.04
0.02 0.51 0.85 0.64
0.10 0.68 0.02 0.87
0.27 0.98 0.91 0.01
0.59 0.07 0.78 0.05
0.43 0.27 0.75 0.05
0.06 0.59 0.01 0.76
0.02 0.64 0.58 0.25
0.01 0.26 0.94 0.33
0.78 0.78 0.01 0.66
0.52 0.88 0.62 0.02
0.03 0.14 0.57 0.51
0.02 0.27 0.53 0.90
0.47 0.02 0.33 0.95
0.07 0.60 0.07 0.61
0.15 0.07 0.58 0.60
0.01 0.56 0.87 0.59
0.15 0.08 0.23 0.25
0.55 0.47 0.01 0.96
0.59 0.89 0.01 0.55
0.60 0.10 0.04 0.60
0.80 0.93 0.02 0.07
0.58 0.68 0.01 0.72
0.87 0.10 0.72 0.02
0.59 0.03 0.17 0.87
0.03 0.57 0.24 0.59
0.63 0.07 0.46 0.21
0.85 0.61 0.54 0.01
0.37 0.18 0.75 0.19
0.71 0.51 0.54 0.02
0.02 0.64 0.05 0.88
0.21 0.12 0.21 0.69
0.11 0.25 0.56 0.51
0.54 0.56 0.66 0.02
0.48 0.02 0.53 0.63
0.04 0.37 0.29 0.30
0.55 0.13 0.92 0.02
0.15 0.04 0.65 0.82
0.56 0.64 0.01 0.49
0.61 0.02 0.54 0.29
0.53 0.13 0.36 0.09
0.10 0.07 0.67 0.78
0.54 0.81 0.37 0.02
0.52 0.28 0.14 0.55
0.06 0.59 0.57 0.11
0.63 0.06 0.97 0.06
0.53 0.53 0.02 0.60
0.68 0.11 0.02 0.95
0.53 0.52 0.57 0.06
0.75 0.53 0.26 0.03
0.20 0.55 0.03 0.85
0.02 0.30 0.86 0.25
0.02 0.36 0.43 0.87
0.56 0.35 0.03 0.63
0.73 0.01 0.99 0.06
0.21 0.54 0.02 0.74
0.10 0.08 0.19 0.68
0.33 0.83 0.64 0.04
0.06 0.08 0.56 0.57
0.60 0.37 0.09 0.58
0.02 0.64 0.26 0.68
0.63 0.03 0.12 0.29
0.74 0.01 0.08 0.80
0.01 0.62 0.16 0.39
0.54 0.02 0.58 0.47
0.59 0.54 0.01 0.64
0.58 0.06 0.43 0.09
0.49 0.93 0.82 0.01
0.59 0.01 0.79 0.06
0.10 0.94 0.62 0.01
0.58 0.11 0.84 0.03
0.61 0.88 0.06 0.02
0.05 0.04 0.71 0.65
0.87 0.30 0.11 0.01
0.51 0.88 0.65 0.02
0.59 0.05 0.09 0.93
0.65 0.05 0.02 0.95
0.13 0.74 0.03 0.65
0.79 0.05 0.01 0.96
0.01 0.53 0.49 0.94
0.72 0.01 0.60 0.73
0.14 0.53 0.56 0.03
0.61 0.01 0.55 0.70
0.02 0.54 0.81 0.79
0.51 0.01 0.57 0.51
0.17 0.30 0.64 0.12
0.10 0.14 0.54 0.47
0.04 0.26 0.16 0.72
0.71 0.45 0.05 0.55
0.19 0.55 0.03 0.60
0.66 0.06 0.05 0.56
0.06 0.17 0.55 0.57
0.02 0.55 0.78 0.79
0.35 0.45 0.13 0.66
0.62 0.57 0.33 0.02
0.79 0.19 0.02 0.55
0.61 0.33 0.14 0.51
0.02 0.73 1.00 0.09
0.07 0.02 0.56 0.76
0.57 0.04 0.53 0.01
0.72 0.01 0.48 0.66
0.75 0.56 0.01 0.41
0.90 0.02 0.12 0.67
0.02 0.54 0.92 0.22
0.67 0.52 0.14 0.10
0.31 0.01 0.82 0.52
0.02 0.66 0.82 0.11
0.09 0.51 0.10 0.58
0.75 0.54 0.02 0.56
0.36 0.51 0.79 0.07
0.32 0.42 0.25 0.10
0.58 0.01 0.51 0.17
0.61 0.07 0.10 0.76
0.39 0.92 0.63 0.02
0.57 0.51 0.20 0.03
0.21 0.94 0.59 0.02
0.01 0.82 0.91 0.36
0.37 0.54 0.51 0.01
0.90 0.01 0.18 0.75
0.08 0.89 0.02 0.52
0.65 0.22 0.03 0.54
0.28 0.41 0.85 0.02
0.74 0.01 0.04 0.93
0.53 0.03 0.57 0.21
0.53 0.02 0.33 0.62
0.86 0.52 0.04 0.02
0.02 0.76 0.58 0.10
0.72 0.56 0.37 0.02
0.04 0.72 0.08 0.64
0.54 0.77 0.41 0.03
0.01 0.52 0.52 0.88
0.82 0.27 0.03 0.28
0.35 0.01 0.61 0.56
0.01 0.76 0.99 0.24
0.76 0.52 0.36 0.01
0.54 0.89 0.01 0.69
0.06 0.77 0.07 0.05
0.12 0.82 0.74 0.03
0.06 0.76 0.31 0.11
0.51 0.52 0.03 0.91
0.78 0.43 0.02 0.60
0.02 0.51 0.77 0.65
0.14 0.54 0.03 0.91
0.01 0.95 0.91 0.23
0.52 0.45 0.11 0.54
0.02 0.34 1.00 0.11
0.30 0.01 0.83 0.57
0.70 0.38 0.05 0.52
0.55 0.43 0.08 0.45
0.66 0.25 0.04 0.38
0.58 0.16 0.02 0.78
0.08 0.97 0.65 0.02
0.43 0.96 0.12 0.02
0.03 0.81 0.66 0.02
0.04 0.68 0.01 0.53
0.13 0.58 0.04 0.58
0.01 0.56 0.58 0.72
0.80 0.52 0.11 0.19
0.11 0.02 0.55 0.75
0.02 0.16 0.52 0.24
0.60 0.01 0.49 0.78
0.04 0.12 0.36 0.91
0.60 0.57 0.01 0.52
0.58 0.10 0.02 0.70
0.03 0.76 0.25 0.18
0.96 0.10 0.01 0.58
0.56 0.02 0.03 0.90
0.07 0.61 0.01 0.06
0.03 0.74 0.51 0.16
0.01 0.53 0.60 0.78
0.54 0.16 0.13 0.53
0.02 0.60 0.41 0.64
0.62 0.02 0.90 0.03
0.52 0.05 0.77 0.07
0.76 0.10 0.07 0.10
0.14 0.17 0.43 0.53
0.48 0.12 0.09 0.90
0.02 0.58 0.50 0.77
0.01 0.55 0.57 0.78
0.28 0.92 0.57 0.01
0.03 0.02 0.66 0.43
0.14 0.56 0.07 0.78
0.12 0.56 0.05 0.78
0.76 0.05 0.01 0.62
0.38 0.26 0.88 0.01
0.01 0.09 0.80 0.66
0.36 0.17 0.06 0.50
0.24 0.02 0.63 0.57
0.53 0.51 0.53 0.04
0.03 0.26 0.37 0.23
0.52 0.60 0.39 0.06
0.22 0.38 0.22 0.56
0.06 0.01 0.65 0.94
0.01 0.95 0.90 0.16
0.52 0.66 0.18 0.05
0.05 0.67 0.13 0.40
0.05 0.55 0.13 0.83
0.09 0.19 0.51 0.65
0.53 0.04 0.10 0.13
0.01 0.56 0.69 0.70
0.65 0.61 0.03 0.03
0.52 0.52 0.02 0.55
0.09 0.12 0.58 0.52
0.51 0.06 0.52 0.11
0.02 0.35 0.29 0.53
0.02 0.69 0.52 0.17
0.12 0.68 0.66 0.01
0.02 0.11 0.79 0.52
0.51 0.26 0.04 0.23
0.13 0.51 0.17 0.56
0.02 0.10 0.68 0.18
0.63 0.74 0.11 0.01
0.23 0.21 0.11 0.62
0.52 0.73 0.16 0.03
0.52 0.02 0.38 0.90
0.06 0.02 0.56 0.56
0.82 0.01 0.46 0.70
0.05 0.64 0.83 0.08
0.02 0.89 0.02 0.62
0.52 0.31 0.20 0.03
0.02 0.68 0.12 0.81
0.68 0.74 0.02 0.04
0.06 0.74 0.63 0.05
0.51 0.25 0.63 0.09
0.67 0.01 0.24 0.54
0.13 0.78 0.58 0.04
0.13 0.01 0.82 0.52
0.04 0.01 0.79 0.90
0.89 0.29 0.03 0.06
0.01 0.57 0.79 0.56
0.24 0.58 0.32 0.03
0.69 0.61 0.12 0.01
0.08 0.46 0.01 0.69
0.14 0.33 0.08 0.76
0.09 0.56 0.67 0.01
0.90 0.01 0.61 0.07
0.38 0.01 0.59 0.61
0.06 0.61 0.83 0.08
0.01 0.60 0.60 0.21
0.16 0.63 0.53 0.01
0.51 0.43 0.65 0.04
0.54 0.59 0.47 0.01
0.01 0.51 0.60 0.72
0.20 0.01 0.58 0.77
0.27 0.52 0.10 0.03
0.59 0.53 0.01 0.62
0.69 0.36 0.03 0.13
0.01 0.11 0.72 0.98
0.08 0.69 0.81 0.05
0.89 0.05 0.03 0.19
0.04 0.58 0.65 0.17
0.05 0.58 0.79 0.02
0.01 0.97 0.59 0.21
0.09 0.59 0.07 0.57
0.51 0.51 0.54 0.01
0.48 0.19 0.23 0.03
0.04 0.72 0.07 0.16
0.82 0.02 0.06 0.54
0.09 0.06 0.62 0.21
0.20 0.56 0.01 0.41
0.81 0.53 0.02 0.48
0.02 0.81 0.07 0.60
0.53 0.01 0.10 0.97
0.01 0.55 0.29 0.70
0.01 0.61 0.59 0.64
0.02 0.55 0.70 0.10
0.02 0.15 0.66 0.75
0.56 0.01 0.36 0.75
0.55 0.02 0.44 0.53
0.53 0.01 0.57 0.21
0.56 0.28 0.18 0.09
0.01 0.11 0.63 0.63
0.01 0.28 0.59 0.89
0.04 0.96 0.54 0.14
0.56 0.07 0.81 0.06
0.01 0.04 0.55 0.56
0.01 0.87 0.61 0.07
0.51 0.15 0.07 0.53
0.07 0.53 0.61 0.05
