500 4
86 96 46 46
67 84 52 56
66 74 78 58
64 99 34 56
58 82 60 41
64 2 78 80
93 95 36 86
73 78 84 54
49 47 96 80
81 95 31 68
72 67 79 78
66 9 21 92
81 60 43 21
52 86 72 94
7 55 76 98
61 81 51 57
6 61 21 56
67 28 59 53
5 60 58 79
32 13 100 78
57 59 80 36
39 90 4 69
37 84 51 34
100 51 66 43
98 52 86 51
53 51 67 77
91 25 90 76
57 86 17 21
64 30 25 16
74 1 72 10
34 48 51 92
79 74 87 6
71 57 20 97
58 57 44 52
97 53 13 77
78 5 40 66
76 58 94 8
58 23 55 26
29 87 12 61
65 2 13 30
36 30 81 99
51 54 72 24
50 31 52 18
16 28 53 88
52 75 35 55
15 58 75 71
61 77 13 92
40 55 6 60
17 59 85 66
6 97 68 28
61 15 83 53
32 13 100 48
41 24 52 92
71 10 95 11
59 53 17 92
50 90 18 48
86 7 8 78
1 71 83 98
37 63 80 16
52 75 5 100
7 26 53 42
87 25 4 12
1 20 87 60
86 87 4 17
63 17 74 54
55 16 57 77
27 44 47 49
84 22 2 72
56 29 34 47
2 37 2 96
46 61 66 14
29 52 89 18
57 70 6 9
64 4 62 73
12 16 60 69
30 55 93 17
31 73 13 89
57 2 64 14
29 38 38 31
8 100 70 24
14 5 79 94
46 46 26 75
12 85 61 11
78 25 4 74
71 12 73 10
13 2 92 75
65 71 49 7
58 45 96 11
3 1 85 9
93 30 63 4
93 77 1 56
17 26 7 92
11 33 4 96
2 71 53 51
53 82 1 85
21 84 55 29
28 55 2 8
83 51 1 6
2 52 61 82
69 28 58 20
72 42 74 1
24 46 8 69
18 93 82 4
15 54 51 62
44 36 25 60
89 72 33 5
11 76 16 93
92 1 6 5
34 10 67 88
5 98 37 73
61 52 73 11
75 24 61 13
24 3 26 22
68 1 55 99
17 20 27 70
11 3 76 59
17 8 70 64
78 53 11 49
100 20 9 4
3 30 37 20
55 64 13 1
15 49 4 20
20 9 55 38
2 68 76 41
23 25 13 69
22 92 3 88
41 40 88 4
81 22 62 15
72 22 2 90
95 41 3 28
82 1 65 49
68 27 69 5
6 57 68 10
7 5 85 8
72 40 12 69
90 8 1 95
15 19 27 46
71 12 7 20
32 9 19 43
12 1 69 62
10 4 84 56
87 58 55 4
11 60 3 76
71 7 1 70
81 4 36 5
40 52 100 4
29 92 66 6
44 43 6 70
12 14 39 67
2 52 26 82
51 91 54 4
59 6 21 63
35 32 18 68
19 86 29 16
1 87 5 24
5 79 41 5
23 15 19 85
6 13 9 69
6 80 14 6
65 53 16 13
54 64 46 2
59 38 97 7
22 65 64 13
54 19 75 20
45 38 66 4
14 37 65 17
57 26 1 85
16 56 99 3
4 90 1 35
90 58 24 4
73 13 32 11
70 52 58 2
89 24 9 16
60 52 59 9
22 25 38 40
82 3 4 85
55 26 58 20
1 60 72 57
14 13 83 51
69 76 10 4
38 99 94 1
74 6 1 72
6 68 76 6
51 46 67 1
74 9 58 4
12 59 43 5
2 12 92 51
9 71 6 83
23 86 1 96
51 13 5 83
67 20 55 14
58 52 62 1
73 60 17 4
84 15 6 43
5 12 62 78
1 52 54 82
57 25 16 64
69 3 70 5
4 57 91 4
65 45 9 52
87 4 21 4
60 51 3 67
3 70 71 5
64 51 35 14
4 3 72 81
51 2 61 99
15 42 16 15
18 70 68 2
98 34 79 1
55 25 54 18
17 7 82 35
54 8 22 4
9 59 19 65
1 35 60 80
56 2 70 52
1 55 100 56
4 73 24 65
20 69 99 1
4 51 64 18
65 16 86 3
56 1 51 81
58 69 4 4
2 51 85 64
10 68 2 87
27 98 91 1
59 7 78 5
43 27 75 5
6 59 1 76
2 64 58 25
1 26 94 33
78 78 1 66
52 88 62 2
3 14 57 51
2 27 53 90
47 2 33 95
7 60 7 61
15 7 58 60
1 56 87 59
15 8 23 25
55 47 1 96
59 89 1 55
60 10 4 60
80 93 2 7
58 68 1 72
87 10 72 2
59 3 17 87
3 57 24 59
63 7 46 21
85 61 54 1
37 18 75 19
71 51 54 2
2 64 5 88
21 12 21 69
11 25 56 51
54 56 66 2
48 2 53 63
4 37 29 30
55 13 92 2
15 4 65 82
56 64 1 49
61 2 54 29
53 13 36 9
10 7 67 78
54 81 37 2
52 28 14 55
6 59 57 11
63 6 97 6
53 53 2 60
68 11 2 95
53 52 57 6
75 53 26 3
20 55 3 85
2 30 86 25
2 36 43 87
56 35 3 63
73 1 99 6
21 54 2 74
10 8 19 68
33 83 64 4
6 8 56 57
60 37 9 58
2 64 26 68
63 3 12 29
74 1 8 80
1 62 16 39
54 2 58 47
59 54 1 64
58 6 43 9
49 93 82 1
59 1 79 6
10 94 62 1
58 11 84 3
61 88 6 2
5 4 71 65
87 30 11 1
51 88 65 2
59 5 9 93
65 5 2 95
13 74 3 65
79 5 1 96
1 53 49 94
72 1 60 73
14 53 56 3
61 1 55 70
2 54 81 79
51 1 57 51
17 30 64 12
10 14 54 47
4 26 16 72
71 45 5 55
19 55 3 60
66 6 5 56
6 17 55 57
2 55 78 79
35 45 13 66
62 57 33 2
79 19 2 55
61 33 14 51
2 73 100 9
7 2 56 76
57 4 53 1
72 1 48 66
75 56 1 41
90 2 12 67
2 54 92 22
67 52 14 10
31 1 82 52
2 66 82 11
9 51 10 58
75 54 2 56
36 51 79 7
32 42 25 10
58 1 51 17
61 7 10 76
39 92 63 2
57 51 20 3
21 94 59 2
1 82 91 36
37 54 51 1
90 1 18 75
8 89 2 52
65 22 3 54
28 41 85 2
74 1 4 93
53 3 57 21
53 2 33 62
86 52 4 2
2 76 58 10
72 56 37 2
4 72 8 64
54 77 41 3
1 52 52 88
82 27 3 28
35 1 61 56
1 76 99 24
76 52 36 1
54 89 1 69
6 77 7 5
12 82 74 3
6 76 31 11
51 52 3 91
78 43 2 60
2 51 77 65
14 54 3 91
1 95 91 23
52 45 11 54
2 34 100 11
30 1 83 57
70 38 5 52
55 43 8 45
66 25 4 38
58 16 2 78
8 97 65 2
43 96 12 2
3 81 66 2
4 68 1 53
13 58 4 58
1 56 58 72
80 52 11 19
11 2 55 75
2 16 52 24
60 1 49 78
4 12 36 91
60 57 1 52
58 10 2 70
3 76 25 18
96 10 1 58
56 2 3 90
7 61 1 6
3 74 51 16
1 53 60 78
54 16 13 53
2 60 41 64
62 2 90 3
52 5 77 7
76 10 7 10
14 17 43 53
48 12 9 90
2 58 50 77
1 55 57 78
28 92 57 1
3 2 66 43
14 56 7 78
12 56 5 78
76 5 1 62
38 26 88 1
1 9 80 66
36 17 6 50
24 2 63 57
53 51 53 4
3 26 37 23
52 60 39 6
22 38 22 56
6 1 65 94
1 95 90 16
52 66 18 5
5 67 13 40
5 55 13 83
9 19 51 65
53 4 10 13
1 56 69 70
65 61 3 3
52 52 2 55
9 12 58 52
51 6 52 11
2 35 29 53
2 69 52 17
12 68 66 1
2 11 79 52
51 26 4 23
13 51 17 56
2 10 68 18
63 74 11 1
23 21 11 62
52 73 16 3
52 2 38 90
6 2 56 56
82 1 46 70
5 64 83 8
2 89 2 62
52 31 20 3
2 68 12 81
68 74 2 4
6 74 63 5
51 25 63 9
67 1 24 54
13 78 58 4
13 1 82 52
4 1 79 90
89 29 3 6
1 57 79 56
24 58 32 3
69 61 12 1
8 46 1 69
14 33 8 76
9 56 67 1
90 1 61 7
38 1 59 61
6 61 83 8
1 60 60 21
16 63 53 1
51 43 65 4
54 59 47 1
1 51 60 72
20 1 58 77
27 52 10 3
59 53 1 62
69 36 3 13
1 11 72 98
8 69 81 5
89 5 3 19
4 58 65 17
5 58 79 2
1 97 59 21
9 59 7 57
51 51 54 1
48 19 23 3
4 72 7 16
82 2 6 54
9 6 62 21
20 56 1 41
81 53 2 48
2 81 7 60
53 1 10 97
1 55 29 70
1 61 59 64
2 55 70 10
2 15 66 75
56 1 36 75
55 2 44 53
53 1 57 21
56 28 18 9
1 11 63 63
1 28 59 89
4 96 54 14
56 7 81 6
1 4 55 56
1 87 61 7
51 15 7 53
7 53 61 5
