500 4
0.53 0.24 0.36 0.07
0.12 0.50 0.79 1.00
0.55 0.73 0.25 0.81
0.57 0.02 0.90 0.25
0.20 0.52 0.60 0.76
0.84 0.11 0.26 0.62
0.13 0.28 0.80 0.72
0.42 0.46 0.23 0.65
0.51 0.60 0.55 0.49
0.33 0.71 0.65 0.33
0.01 0.91 0.71 0.41
0.16 0.21 0.64 0.84
0.67 0.97 0.30 0.57
0.68 0.42 0.09 0.44
0.65 0.08 0.46 0.93
0.59 0.62 0.17 0.44
0.03 0.54 0.65 0.53
0.36 0.10 0.83 0.97
0.14 0.72 0.55 0.94
0.68 0.15 0.31 0.98
0.61 0.87 0.20 0.17
0.30 0.87 0.11 0.97
0.38 0.46 0.81 0.69
0.28 0.46 0.22 0.56
0.34 0.69 0.92 0.11
0.13 0.99 0.84 0.29
0.07 0.88 0.07 0.44
0.22 0.86 0.30 0.60
0.81 0.08 0.59 0.15
0.29 0.86 1.00 0.17
0.39 0.44 0.70 0.64
0.22 0.72 0.58 0.92
0.64 0.15 0.81 0.96
0.58 0.89 0.14 0.26
0.58 0.61 0.04 0.73
0.02 0.82 0.90 0.77
0.10 0.12 0.46 0.83
0.71 0.62 0.22 0.16
0.31 0.90 0.59 0.10
0.33 0.29 0.20 0.65
0.07 0.66 0.36 0.32
0.97 0.81 0.12 0.24
0.01 0.66 0.95 0.63
0.56 0.29 0.67 0.04
0.29 0.93 0.06 0.64
0.29 0.28 0.70 0.51
0.32 0.76 0.32 0.14
0.21 0.85 0.71 0.08
0.38 0.72 0.83 0.15
0.74 0.68 0.04 0.64
0.10 0.17 0.41 0.12
0.84 0.04 0.88 0.86
0.76 0.73 0.72 0.01
0.97 0.07 0.63 0.54
0.96 0.06 0.45 0.96
0.62 0.21 0.24 0.98
0.33 0.55 0.75 0.07
0.61 0.05 0.53 0.89
0.89 0.05 0.47 0.68
0.15 0.10 0.62 0.93
0.68 0.73 0.03 0.91
0.07 0.37 0.49 0.40
0.63 0.56 0.02 0.29
0.78 0.11 0.14 0.63
0.13 0.09 0.98 0.68
0.13 0.37 0.22 0.63
0.10 0.61 0.36 0.60
0.47 0.89 0.03 0.94
0.63 0.83 0.05 0.16
0.55 0.55 0.07 0.60
0.82 0.22 0.08 0.44
0.54 0.89 0.64 0.03
0.27 0.61 0.16 0.63
0.25 0.45 0.14 0.70
0.25 0.55 0.10 0.84
0.51 0.68 0.04 0.88
0.58 0.64 0.03 0.89
0.29 0.02 0.59 0.16
0.56 0.55 0.13 0.56
0.06 0.76 0.96 0.08
0.07 0.56 0.99 0.07
0.81 0.04 0.77 0.01
0.76 0.90 0.19 0.14
0.06 0.21 0.67 0.65
0.21 0.04 1.00 0.69
0.25 0.80 0.38 0.06
0.53 0.68 0.08 0.69
0.66 0.04 0.58 0.77
0.04 0.90 0.67 0.12
0.49 0.65 0.30 0.53
0.39 0.04 0.54 0.81
0.51 0.93 0.03 0.82
0.51 0.73 0.69 0.01
0.15 0.03 0.82 0.43
0.05 0.71 0.50 0.53
0.48 0.88 0.26 0.01
0.70 0.36 0.12 0.88
0.24 0.03 0.65 0.88
0.26 0.37 0.13 0.71
0.01 0.79 0.91 0.80
0.06 0.65 0.49 0.62
0.52 0.54 0.02 0.80
0.02 0.88 0.68 0.04
0.39 0.66 0.22 0.25
0.75 0.22 0.23 0.87
0.25 0.56 0.22 0.20
0.55 0.63 0.64 0.01
0.71 0.41 0.64 0.02
0.78 0.44 0.56 0.03
0.61 0.36 0.33 0.56
0.53 0.81 0.08 0.05
0.53 0.21 0.38 0.48
0.83 0.54 0.23 0.13
0.90 0.55 0.14 0.02
0.01 0.89 0.97 0.48
0.16 0.51 0.36 0.60
0.38 0.37 0.03 0.49
0.57 0.03 0.61 0.01
0.22 0.80 0.17 0.13
0.87 0.21 0.37 0.17
0.71 0.01 0.90 0.63
0.07 0.04 1.00 0.65
0.75 0.93 0.01 0.51
0.05 0.35 0.64 0.57
0.43 0.93 0.58 0.05
0.03 0.36 0.84 0.92
0.06 0.58 0.26 0.04
0.50 0.44 0.23 0.36
0.49 0.74 0.20 0.16
0.54 0.01 0.70 0.76
0.39 0.64 0.24 0.16
0.07 0.34 0.42 0.76
0.77 0.13 0.48 0.05
0.02 0.64 0.71 0.58
0.70 0.02 0.51 0.61
0.68 0.58 0.06 0.10
0.01 0.76 0.90 0.84
0.68 0.34 0.20 0.50
0.27 0.68 0.05 0.75
0.02 0.49 0.84 0.60
0.05 0.63 0.62 0.11
0.53 0.29 0.15 0.63
0.04 0.73 0.21 0.69
0.08 0.22 0.52 0.81
0.78 0.06 0.32 0.83
0.75 0.04 0.25 0.65
0.82 0.21 0.02 0.81
0.02 0.54 0.52 0.62
0.61 0.01 0.81 0.71
0.58 0.01 0.62 0.87
0.86 0.10 0.01 0.59
0.51 0.57 0.03 0.15
0.77 0.20 0.13 0.83
0.03 0.12 0.90 1.00
0.06 0.08 0.86 0.69
0.07 0.38 0.31 0.07
0.81 0.24 0.34 0.02
0.99 0.12 0.58 0.54
0.51 0.59 0.72 0.02
0.05 0.12 0.74 1.00
0.03 0.91 0.07 0.18
0.62 0.96 0.01 0.91
0.47 0.11 0.26 0.62
0.51 0.97 0.01 0.97
0.93 0.03 0.10 0.99
0.30 0.53 0.21 0.08
0.01 0.81 0.54 0.67
0.37 0.68 0.85 0.02
0.17 0.63 0.07 0.97
0.69 0.08 0.16 0.74
0.27 0.50 0.23 0.56
0.08 0.26 0.30 0.60
0.53 0.52 0.01 0.69
0.01 0.34 0.74 0.42
0.01 0.72 0.02 0.69
0.08 0.06 0.88 0.83
0.03 0.63 0.65 0.17
0.20 0.16 0.55 0.51
0.94 0.51 0.18 0.42
0.32 0.72 0.04 0.60
0.70 0.81 0.16 0.02
0.10 0.06 0.62 0.91
0.14 0.10 0.84 0.75
0.06 0.07 0.96 0.72
0.79 0.09 0.08 0.95
0.26 0.06 0.55 0.66
0.98 0.01 0.71 0.71
0.59 0.07 0.27 0.95
0.27 0.89 0.73 0.01
0.74 0.64 0.22 0.06
0.43 0.20 0.23 0.93
0.01 0.54 0.55 0.86
0.73 0.01 0.51 0.61
0.26 0.15 0.76 0.07
0.20 0.03 0.65 0.59
0.58 0.02 0.52 0.81
0.52 0.02 0.51 0.76
0.13 0.87 0.52 0.01
0.17 0.83 0.63 0.03
0.54 0.07 0.34 0.81
0.85 0.21 0.04 0.69
0.53 0.78 0.17 0.02
0.74 0.70 0.56 0.03
0.40 0.55 0.06 0.31
0.24 0.86 0.25 0.06
0.84 0.52 0.07 0.34
0.69 0.16 0.04 0.11
0.03 0.32 0.82 0.91
0.90 0.72 0.59 0.01
0.17 0.36 0.55 0.04
0.58 0.08 0.55 0.65
0.05 0.85 0.59 0.39
0.46 0.29 0.65 0.03
0.54 0.12 0.56 0.57
0.28 0.86 0.08 0.06
0.72 0.10 0.31 0.22
0.08 0.82 0.17 0.68
0.65 0.09 0.30 0.64
0.53 0.95 0.02 0.04
0.56 0.05 0.44 0.83
0.75 0.55 0.51 0.04
0.02 0.70 0.63 0.54
0.98 0.07 0.35 0.60
0.22 0.44 0.27 0.24
0.67 0.13 0.21 0.90
0.79 0.04 0.16 0.81
0.53 0.31 0.32 0.34
0.01 0.23 0.97 0.92
0.01 0.96 0.73 0.40
0.02 0.52 0.59 0.81
0.02 0.67 0.20 0.89
0.32 0.11 0.58 0.63
0.08 0.20 0.05 0.65
0.70 0.51 0.56 0.01
0.13 0.61 0.08 0.58
0.59 0.53 0.18 0.22
0.21 0.70 0.02 0.84
0.85 0.02 0.04 0.92
0.73 0.64 0.19 0.08
0.59 0.84 0.01 0.54
0.75 0.06 0.51 0.54
0.15 0.14 0.44 0.71
0.11 0.12 0.33 0.62
0.01 0.64 0.59 0.70
0.71 0.01 0.74 0.63
0.21 0.11 0.40 0.69
0.05 0.32 0.67 0.84
0.76 0.01 0.87 0.53
0.73 0.01 0.62 0.20
0.04 0.11 0.61 0.60
0.19 0.55 0.59 0.02
0.12 0.16 0.68 0.53
0.37 0.91 0.07 0.06
0.53 0.08 0.48 0.51
0.57 0.18 0.27 0.61
0.80 0.68 0.21 0.03
0.01 0.55 0.54 0.30
0.23 0.01 0.93 0.65
0.02 0.54 0.93 0.40
0.63 0.78 0.01 0.64
0.47 0.13 0.98 0.09
0.66 0.70 0.25 0.05
0.52 0.71 0.86 0.01
0.16 0.14 0.80 0.18
0.02 0.82 0.63 0.23
0.35 0.08 0.13 0.89
0.59 0.75 0.59 0.01
0.40 0.65 0.01 0.46
0.54 0.28 0.55 0.05
0.58 0.24 0.03 0.97
0.23 0.60 0.21 0.61
0.71 0.58 0.01 0.64
0.09 0.69 0.06 0.52
0.51 0.01 0.60 0.61
0.46 0.06 0.13 0.94
0.69 0.02 0.32 0.58
0.92 0.02 0.52 0.40
0.66 0.13 0.09 0.63
0.33 0.65 0.08 0.27
0.05 0.78 0.32 0.68
0.05 0.13 0.78 0.06
0.63 0.61 0.55 0.01
0.67 0.01 0.52 0.18
0.05 0.79 0.21 0.55
0.16 0.51 0.98 0.04
0.55 0.17 0.10 0.60
0.27 0.11 0.70 0.57
0.27 0.71 0.58 0.02
0.66 0.16 0.58 0.08
0.70 0.02 0.06 0.94
0.66 0.34 0.56 0.04
0.45 0.12 0.17 0.55
0.15 0.71 0.60 0.01
0.57 0.04 0.55 0.55
0.05 0.98 0.66 0.02
0.58 0.57 0.52 0.03
0.05 0.83 0.86 0.01
0.03 0.31 0.73 0.17
0.52 0.12 0.55 0.49
0.67 0.25 0.04 0.50
0.98 0.57 0.01 0.57
0.01 0.78 0.22 0.51
0.57 0.01 0.75 0.59
0.79 0.54 0.02 0.59
0.37 0.41 0.42 0.03
0.15 0.04 0.54 1.00
0.65 0.17 0.37 0.03
0.04 0.07 0.92 0.72
0.59 0.03 0.49 0.54
0.02 0.53 0.60 0.66
0.16 0.74 0.52 0.01
0.62 0.52 0.03 0.42
0.03 0.52 0.56 0.80
0.52 0.05 0.57 0.65
0.01 0.52 0.58 0.94
0.56 0.43 0.03 0.38
0.06 0.11 0.52 0.98
0.90 0.03 0.23 0.17
0.55 0.63 0.55 0.01
0.02 0.58 0.12 0.93
0.50 0.53 0.12 0.37
0.72 0.14 0.60 0.09
0.28 0.19 0.72 0.02
0.86 0.01 0.28 0.85
0.96 0.09 0.21 0.63
0.63 0.01 0.57 0.86
0.53 0.10 0.61 0.04
0.26 0.86 0.04 0.61
0.04 0.16 1.00 0.56
0.01 0.26 0.92 0.94
0.59 0.84 0.02 0.25
0.05 0.06 0.91 0.75
0.03 0.84 0.52 0.12
0.61 0.06 0.15 0.63
0.12 0.01 0.50 0.59
0.08 0.28 0.51 0.54
0.64 0.19 0.54 0.02
0.52 0.04 0.53 0.05
0.60 0.06 0.35 0.92
0.20 0.81 0.23 0.25
0.85 0.06 0.07 0.86
0.10 0.28 0.16 0.61
0.55 0.54 0.15 0.11
0.03 0.18 0.94 0.75
0.38 0.16 0.31 0.75
0.10 0.10 0.71 0.52
0.88 0.06 0.02 0.78
0.57 0.04 0.35 0.57
0.07 0.60 0.04 0.86
0.68 0.66 0.01 0.43
0.60 0.56 0.02 0.54
0.01 0.68 0.51 0.86
0.77 0.02 0.51 0.57
0.37 0.67 0.06 0.61
0.03 0.52 0.72 0.51
0.85 0.35 0.22 0.02
0.49 0.55 0.53 0.02
0.69 0.05 0.03 0.66
0.07 0.80 0.97 0.03
0.01 0.03 0.93 0.80
0.54 0.66 0.02 0.30
0.68 0.55 0.21 0.02
0.06 0.76 0.25 0.59
0.25 0.04 0.73 0.53
0.79 0.56 0.01 0.52
0.53 0.17 0.08 0.89
0.97 0.59 0.01 0.49
0.59 0.86 0.51 0.01
0.71 0.46 0.02 0.56
0.51 0.27 0.28 0.43
0.54 0.55 0.21 0.02
0.03 0.52 0.57 0.65
0.11 0.11 0.95 0.50
0.63 0.05 0.19 0.78
0.59 0.01 0.33 0.34
0.79 0.52 0.11 0.10
0.53 0.30 0.54 0.01
0.61 0.77 0.36 0.01
0.03 0.35 0.55 0.67
0.12 0.65 0.16 0.58
0.53 0.76 0.18 0.03
0.60 0.16 0.51 0.14
0.73 0.11 0.58 0.03
0.04 0.89 0.17 0.60
0.68 0.13 0.02 0.81
0.01 0.53 0.57 0.53
0.08 0.14 0.33 0.74
0.02 0.64 0.82 0.26
0.65 0.06 0.13 0.66
0.02 0.30 0.28 0.86
0.55 0.56 0.06 0.19
0.08 0.83 0.15 0.53
0.52 0.03 0.28 0.90
0.21 0.11 0.64 0.54
0.02 0.59 0.86 0.20
0.01 0.44 0.66 0.59
0.52 0.97 0.03 0.03
0.04 0.93 0.05 0.65
0.04 0.57 0.51 0.64
0.68 0.03 0.11 0.70
0.59 0.15 0.16 0.77
0.58 0.24 0.14 0.46
0.02 0.58 0.21 0.55
0.14 0.09 0.60 0.27
0.56 0.74 0.16 0.05
0.90 0.52 0.01 0.56
0.53 0.94 0.01 0.11
0.24 0.04 0.72 0.51
0.30 0.05 0.90 0.01
0.08 0.12 0.95 0.59
0.92 0.08 0.15 0.62
0.21 0.58 0.07 0.54
0.65 0.57 0.14 0.09
0.63 0.11 0.07 0.73
0.18 0.09 0.54 0.58
0.21 0.56 0.08 0.22
0.46 0.57 0.02 0.59
0.05 0.22 0.12 0.82
0.86 0.06 0.01 0.70
0.05 0.74 0.82 0.04
0.70 0.65 0.02 0.01
0.54 0.07 0.54 0.03
0.06 0.60 0.06 0.65
0.07 0.39 0.10 0.82
0.52 0.01 0.60 0.51
0.04 0.83 0.11 0.52
0.37 0.02 0.58 0.58
0.68 0.02 0.16 0.73
0.01 0.52 0.10 0.25
0.57 0.09 0.16 0.80
0.82 0.08 0.05 0.14
0.14 0.03 0.74 0.41
0.37 0.07 0.37 0.88
0.20 0.68 0.07 0.52
0.62 0.02 0.09 0.45
0.81 0.15 0.07 0.15
0.12 0.72 0.02 0.43
1.00 0.64 0.51 0.01
0.56 0.02 0.65 0.06
0.01 0.29 0.77 0.55
0.10 0.83 0.23 0.11
0.02 0.60 0.04 0.91
0.51 0.53 0.04 0.21
0.57 0.04 0.01 0.58
0.76 0.55 0.52 0.01
0.51 0.64 0.02 0.55
0.22 0.18 0.10 0.76
0.79 0.16 0.15 0.04
0.90 0.01 0.86 0.17
0.55 0.90 0.08 0.03
0.58 0.01 0.53 0.57
0.02 0.02 0.54 0.59
0.03 0.06 0.81 0.52
0.71 0.31 0.01 0.19
0.63 0.01 0.99 0.15
0.63 0.12 0.01 0.53
0.04 0.51 0.51 0.24
0.64 0.36 0.04 0.52
0.63 0.04 0.35 0.25
0.28 0.60 0.05 0.63
0.52 0.02 0.07 0.61
0.64 0.88 0.14 0.02
0.84 0.10 0.01 0.51
0.08 0.15 0.26 0.59
0.65 0.77 0.01 0.29
0.03 0.84 0.60 0.09
0.33 0.06 0.52 0.53
0.02 0.52 0.66 0.05
0.29 0.12 0.21 0.53
0.05 0.30 0.51 0.74
0.45 0.46 0.69 0.02
0.01 0.96 0.54 0.20
0.82 0.02 0.03 0.97
0.78 0.12 0.01 0.05
0.03 0.67 0.04 0.82
0.28 0.63 0.01 0.60
0.51 0.04 0.52 0.52
0.68 0.52 0.02 0.46
0.62 0.01 0.98 0.06
0.54 0.02 0.09 0.47
0.03 0.47 0.15 0.86
0.01 0.77 0.92 0.18
0.62 0.52 0.30 0.01
0.01 0.26 0.49 0.82
1.00 0.51 0.04 0.03
0.67 0.26 0.14 0.33
0.51 0.61 0.85 0.01
0.52 0.19 0.57 0.01
0.13 0.55 0.97 0.03
0.44 0.11 0.79 0.04
0.27 0.12 0.31 0.88
0.41 0.55 0.07 0.20
0.70 0.56 0.01 0.52
0.53 0.53 0.04 0.10
0.57 0.01 0.76 0.17
0.85 0.15 0.55 0.01
0.57 0.05 0.60 0.03
0.27 0.59 0.01 0.53
0.88 0.05 0.03 0.52
0.06 0.11 0.53 0.92
