500 4
53 24 36 7
12 50 79 100
55 73 25 81
57 2 90 25
20 52 60 76
84 11 26 62
13 28 80 72
42 46 23 65
51 60 55 49
33 71 65 33
1 91 71 41
16 21 64 84
67 97 30 57
68 42 9 44
65 8 46 93
59 62 17 44
3 54 65 53
36 10 83 97
14 72 55 94
68 15 31 98
61 87 20 17
30 87 11 97
38 46 81 69
28 46 22 56
34 69 92 11
13 99 84 29
7 88 7 44
22 86 30 60
81 8 59 15
29 86 100 17
39 44 70 64
22 72 58 92
64 15 81 96
58 89 14 26
58 61 4 73
2 82 90 77
10 12 46 83
71 62 22 16
31 90 59 10
33 29 20 65
7 66 36 32
97 81 12 24
1 66 95 63
56 29 67 4
29 93 6 64
29 28 70 51
32 76 32 14
21 85 71 8
38 72 83 15
74 68 4 64
10 17 41 12
84 4 88 86
76 73 72 1
97 7 63 54
96 6 45 96
62 21 24 98
33 55 75 7
61 5 53 89
89 5 47 68
15 10 62 93
68 73 3 91
7 37 49 40
63 56 2 29
78 11 14 63
13 9 98 68
13 37 22 63
10 61 36 60
47 89 3 94
63 83 5 16
55 55 7 60
82 22 8 44
54 89 64 3
27 61 16 63
25 45 14 70
25 55 10 84
51 68 4 88
58 64 3 89
29 2 59 16
56 55 13 56
6 76 96 8
7 56 99 7
81 4 77 1
76 90 19 14
6 21 67 65
21 4 100 69
25 80 38 6
53 68 8 69
66 4 58 77
4 90 67 12
49 65 30 53
39 4 54 81
51 93 3 82
51 73 69 1
15 3 82 43
5 71 50 53
48 88 26 1
70 36 12 88
24 3 65 88
26 37 13 71
1 79 91 80
6 65 49 62
52 54 2 80
2 88 68 4
39 66 22 25
75 22 23 87
25 56 22 20
55 63 64 1
71 41 64 2
78 44 56 3
61 36 33 56
53 81 8 5
53 21 38 48
83 54 23 13
90 55 14 2
1 89 97 48
16 51 36 60
38 37 3 49
57 3 61 1
22 80 17 13
87 21 37 17
71 1 90 63
7 4 100 65
75 93 1 51
5 35 64 57
43 93 58 5
3 36 84 92
6 58 26 4
50 44 23 36
49 74 20 16
54 1 70 76
39 64 24 16
7 34 42 76
77 13 48 5
2 64 71 58
70 2 51 61
68 58 6 10
1 76 90 84
68 34 20 50
27 68 5 75
2 49 84 60
5 63 62 11
53 29 15 63
4 73 21 69
8 22 52 81
78 6 32 83
75 4 25 65
82 21 2 81
2 54 52 62
61 1 81 71
58 1 62 87
86 10 1 59
51 57 3 15
77 20 13 83
3 12 90 100
6 8 86 69
7 38 31 7
81 24 34 2
99 12 58 54
51 59 72 2
5 12 74 100
3 91 7 18
62 96 1 91
47 11 26 62
51 97 1 97
93 3 10 99
30 53 21 8
1 81 54 67
37 68 85 2
17 63 7 97
69 8 16 74
27 50 23 56
8 26 30 60
53 52 1 69
1 34 74 42
1 72 2 69
8 6 88 83
3 63 65 17
20 16 55 51
94 51 18 42
32 72 4 60
70 81 16 2
10 6 62 91
14 10 84 75
6 7 96 72
79 9 8 95
26 6 55 66
98 1 71 71
59 7 27 95
27 89 73 1
74 64 22 6
43 20 23 93
1 54 55 86
73 1 51 61
26 15 76 7
20 3 65 59
58 2 52 81
52 2 51 76
13 87 52 1
17 83 63 3
54 7 34 81
85 21 4 69
53 78 17 2
74 70 56 3
40 55 6 31
24 86 25 6
84 52 7 34
69 16 4 11
3 32 82 91
90 72 59 1
17 36 55 4
58 8 55 65
5 85 59 39
46 29 65 3
54 12 56 57
28 86 8 6
72 10 31 22
8 82 17 68
65 9 30 64
53 95 2 4
56 5 44 83
75 55 51 4
2 70 63 54
98 7 35 60
22 44 27 24
67 13 21 90
79 4 16 81
53 31 32 34
1 23 97 92
1 96 73 40
2 52 59 81
2 67 20 89
32 11 58 63
8 20 5 65
70 51 56 1
13 61 8 58
59 53 18 22
21 70 2 84
85 2 4 92
73 64 19 8
59 84 1 54
75 6 51 54
15 14 44 71
11 12 33 62
1 64 59 70
71 1 74 63
21 11 40 69
5 32 67 84
76 1 87 53
73 1 62 20
4 11 61 60
19 55 59 2
12 16 68 53
37 91 7 6
53 8 48 51
57 18 27 61
80 68 21 3
1 55 54 30
23 1 93 65
2 54 93 40
63 78 1 64
47 13 98 9
66 70 25 5
52 71 86 1
16 14 80 18
2 82 63 23
35 8 13 89
59 75 59 1
40 65 1 46
54 28 55 5
58 24 3 97
23 60 21 61
71 58 1 64
9 69 6 52
51 1 60 61
46 6 13 94
69 2 32 58
92 2 52 40
66 13 9 63
33 65 8 27
5 78 32 68
5 13 78 6
63 61 55 1
67 1 52 18
5 79 21 55
16 51 98 4
55 17 10 60
27 11 70 57
27 71 58 2
66 16 58 8
70 2 6 94
66 34 56 4
45 12 17 55
15 71 60 1
57 4 55 55
5 98 66 2
58 57 52 3
5 83 86 1
3 31 73 17
52 12 55 49
67 25 4 50
98 57 1 57
1 78 22 51
57 1 75 59
79 54 2 59
37 41 42 3
15 4 54 100
65 17 37 3
4 7 92 72
59 3 49 54
2 53 60 66
16 74 52 1
62 52 3 42
3 52 56 80
52 5 57 65
1 52 58 94
56 43 3 38
6 11 52 98
90 3 23 17
55 63 55 1
2 58 12 93
50 53 12 37
72 14 60 9
28 19 72 2
86 1 28 85
96 9 21 63
63 1 57 86
53 10 61 4
26 86 4 61
4 16 100 56
1 26 92 94
59 84 2 25
5 6 91 75
3 84 52 12
61 6 15 63
12 1 50 59
8 28 51 54
64 19 54 2
52 4 53 5
60 6 35 92
20 81 23 25
85 6 7 86
10 28 16 61
55 54 15 11
3 18 94 75
38 16 31 75
10 10 71 52
88 6 2 78
57 4 35 57
7 60 4 86
68 66 1 43
60 56 2 54
1 68 51 86
77 2 51 57
37 67 6 61
3 52 72 51
85 35 22 2
49 55 53 2
69 5 3 66
7 80 97 3
1 3 93 80
54 66 2 30
68 55 21 2
6 76 25 59
25 4 73 53
79 56 1 52
53 17 8 89
97 59 1 49
59 86 51 1
71 46 2 56
51 27 28 43
54 55 21 2
3 52 57 65
11 11 95 50
63 5 19 78
59 1 33 34
79 52 11 10
53 30 54 1
61 77 36 1
3 35 55 67
12 65 16 58
53 76 18 3
60 16 51 14
73 11 58 3
4 89 17 60
68 13 2 81
1 53 57 53
8 14 33 74
2 64 82 26
65 6 13 66
2 30 28 86
55 56 6 19
8 83 15 53
52 3 28 90
21 11 64 54
2 59 86 20
1 44 66 59
52 97 3 3
4 93 5 65
4 57 51 64
68 3 11 70
59 15 16 77
58 24 14 46
2 58 21 55
14 9 60 27
56 74 16 5
90 52 1 56
53 94 1 11
24 4 72 51
30 5 90 1
8 12 95 59
92 8 15 62
21 58 7 54
65 57 14 9
63 11 7 73
18 9 54 58
21 56 8 22
46 57 2 59
5 22 12 82
86 6 1 70
5 74 82 4
70 65 2 1
54 7 54 3
6 60 6 65
7 39 10 82
52 1 60 51
4 83 11 52
37 2 58 58
68 2 16 73
1 52 10 25
57 9 16 80
82 8 5 14
14 3 74 41
37 7 37 88
20 68 7 52
62 2 9 45
81 15 7 15
12 72 2 43
100 64 51 1
56 2 65 6
1 29 77 55
10 83 23 11
2 60 4 91
51 53 4 21
57 4 1 58
76 55 52 1
51 64 2 55
22 18 10 76
79 16 15 4
90 1 86 17
55 90 8 3
58 1 53 57
2 2 54 59
3 6 81 52
71 31 1 19
63 1 99 15
63 12 1 53
4 51 51 24
64 36 4 52
63 4 35 25
28 60 5 63
52 2 7 61
64 88 14 2
84 10 1 51
8 15 26 59
65 77 1 29
3 84 60 9
33 6 52 53
2 52 66 5
29 12 21 53
5 30 51 74
45 46 69 2
1 96 54 20
82 2 3 97
78 12 1 5
3 67 4 82
28 63 1 60
51 4 52 52
68 52 2 46
62 1 98 6
54 2 9 47
3 47 15 86
1 77 92 18
62 52 30 1
1 26 49 82
100 51 4 3
67 26 14 33
51 61 85 1
52 19 57 1
13 55 97 3
44 11 79 4
27 12 31 88
41 55 7 20
70 56 1 52
53 53 4 10
57 1 76 17
85 15 55 1
57 5 60 3
27 59 1 53
88 5 3 52
6 11 53 92
