500 4
1.00 0.22 0.03 0.26
0.82 0.52 0.79 0.69
0.60 0.74 0.83 0.81
0.78 0.49 0.66 0.99
0.71 0.27 0.36 0.67
0.98 0.04 0.72 0.92
0.46 0.73 0.63 0.36
0.02 0.57 0.18 0.96
0.22 0.32 0.61 0.42
0.16 0.91 0.08 0.76
0.59 0.02 0.78 0.67
0.91 0.08 0.64 0.68
0.84 0.74 0.16 0.32
0.81 0.86 0.71 0.20
0.72 0.38 0.01 0.80
0.70 0.91 0.68 0.04
0.18 0.47 0.89 0.80
0.15 0.81 0.92 0.85
0.39 0.82 0.09 0.66
0.64 0.83 0.92 0.35
0.77 0.83 0.32 0.18
0.16 0.98 0.27 0.17
0.53 0.01 0.23 0.68
0.49 0.52 0.72 0.34
0.11 0.86 0.44 0.16
0.83 0.79 0.04 0.59
0.02 0.58 0.40 0.27
0.46 0.86 0.52 0.10
0.59 0.29 0.54 0.52
0.15 0.45 1.00 0.41
0.70 0.23 0.75 0.18
0.53 0.75 0.92 0.09
0.29 0.04 0.82 0.05
0.08 0.31 0.77 0.89
0.26 0.60 0.14 0.15
0.52 0.16 0.03 0.86
0.13 0.58 0.93 0.25
0.60 0.96 0.05 0.54
0.01 0.77 0.56 0.51
0.12 0.85 0.34 0.74
0.11 0.41 0.96 0.45
0.57 0.92 0.29 0.10
0.08 0.54 0.15 0.79
0.04 0.86 0.37 0.55
0.19 0.62 0.20 0.73
0.32 0.27 0.78 0.91
0.57 0.57 0.09 0.26
0.88 0.41 0.14 0.79
0.67 0.05 0.05 0.90
0.67 0.25 0.04 0.52
0.16 0.57 0.92 0.57
0.49 0.51 0.45 0.53
0.56 0.70 0.11 0.78
0.11 0.12 0.40 0.04
0.86 0.97 0.01 0.79
0.85 0.19 0.30 0.62
0.05 0.67 0.73 0.07
0.51 0.65 0.01 0.75
0.57 0.57 0.36 0.03
0.64 0.04 0.67 0.57
0.32 0.63 0.04 0.55
0.82 0.27 0.90 0.01
0.43 0.04 0.56 0.62
0.40 0.58 0.37 0.54
0.18 0.78 0.39 0.44
0.59 0.15 0.35 0.48
0.54 0.15 0.06 0.87
0.90 0.05 0.57 0.42
0.91 0.62 0.10 0.04
0.01 0.21 0.80 0.97
0.03 0.15 0.81 0.18
0.67 0.14 0.10 0.64
0.14 0.04 0.32 0.61
0.05 0.18 0.63 0.64
0.44 0.38 0.18 0.72
0.54 0.58 0.28 0.18
0.76 0.91 0.23 0.07
0.03 0.06 0.78 0.25
0.52 0.01 0.62 0.95
0.02 0.32 0.73 0.55
0.75 0.28 0.29 0.31
0.19 0.09 0.75 0.48
0.22 0.53 0.17 0.89
0.59 0.84 0.04 0.21
0.03 0.70 0.75 0.25
0.05 0.36 0.24 0.18
0.06 0.12 0.28 0.09
0.54 0.58 0.11 0.58
0.27 0.45 0.07 0.11
0.04 0.15 0.61 0.71
0.83 0.09 0.72 0.31
0.96 0.02 0.84 0.56
0.93 0.93 0.02 0.60
0.65 0.72 0.10 0.01
0.01 0.27 0.95 0.61
0.20 0.31 0.12 0.13
0.03 0.55 0.12 0.59
0.60 0.11 0.51 0.57
0.50 1.00 0.03 0.88
0.85 0.15 0.94 0.01
0.64 0.60 0.42 0.01
0.59 0.55 0.23 0.04
0.44 0.34 0.05 0.67
0.63 0.97 0.31 0.02
0.55 0.61 0.02 0.52
0.57 0.92 0.02 0.23
0.66 0.09 0.13 0.96
0.09 0.41 0.22 0.51
0.69 0.78 0.01 0.58
0.27 0.77 0.01 0.76
0.88 0.06 0.37 0.60
0.07 0.08 0.59 0.84
0.58 0.60 0.01 0.58
0.47 0.84 0.83 0.03
0.81 0.78 0.02 0.35
0.01 0.46 0.75 0.80
0.36 0.58 0.53 0.02
0.03 0.93 0.03 0.67
0.24 0.75 0.18 0.09
0.01 0.99 0.92 0.29
0.01 0.65 0.57 0.51
0.34 0.05 0.21 0.63
0.57 0.30 0.10 0.64
0.73 0.28 0.38 0.07
0.69 0.44 0.02 0.99
0.65 0.08 0.61 0.02
0.53 0.44 0.03 0.29
0.62 0.21 0.10 0.59
0.03 0.01 0.96 0.88
0.44 0.01 0.53 0.59
0.56 0.55 0.26 0.02
0.23 0.03 0.63 0.69
0.01 0.54 0.98 0.52
0.96 0.16 0.02 0.76
0.56 0.92 0.06 0.12
0.82 0.07 0.70 0.09
0.07 0.91 0.71 0.03
0.17 0.92 0.21 0.58
0.10 0.20 0.20 0.38
0.73 0.98 0.03 0.04
0.01 0.52 0.17 0.57
0.70 0.07 0.63 0.56
0.90 0.02 0.91 0.57
0.46 1.00 0.05 0.48
0.53 0.85 0.01 0.65
0.67 0.52 0.02 0.83
0.60 0.04 0.06 0.74
0.13 0.66 0.04 0.71
0.96 0.03 0.13 0.96
0.77 0.02 0.18 0.41
0.82 0.02 0.62 0.07
0.05 0.63 0.94 0.13
0.23 0.02 0.76 0.92
0.61 0.08 0.66 0.58
0.08 0.05 0.94 0.56
0.55 0.06 0.66 0.53
0.08 0.92 0.11 0.76
0.52 0.26 0.86 0.01
0.14 0.62 0.04 0.20
0.16 0.23 0.13 0.59
0.04 0.67 0.95 0.03
0.85 0.01 0.82 0.53
0.06 0.62 0.06 0.66
0.76 0.09 0.52 0.59
0.13 0.10 0.71 0.83
0.20 0.02 0.70 0.46
0.69 0.21 0.09 0.43
0.11 0.53 0.11 0.79
0.75 0.03 0.86 0.05
0.57 0.91 0.74 0.01
0.84 0.67 0.17 0.08
1.00 0.15 0.13 0.15
0.52 0.18 0.16 0.54
0.65 0.25 0.01 0.51
0.87 0.53 0.53 0.03
0.54 0.52 0.73 0.01
0.32 0.07 0.06 0.62
0.58 0.11 0.60 0.58
0.73 0.85 0.04 0.03
0.04 0.10 0.58 0.97
0.81 0.02 0.94 0.07
0.39 0.35 0.24 0.04
0.60 0.06 0.52 0.57
0.52 0.82 0.19 0.03
0.01 1.00 0.53 0.52
0.16 0.04 0.65 0.52
0.75 0.24 0.11 0.09
0.75 0.05 0.06 0.63
0.13 0.85 0.15 0.28
0.55 0.72 0.49 0.03
0.76 0.52 0.60 0.01
0.69 0.67 0.15 0.08
0.64 0.81 0.04 0.10
0.72 0.60 0.09 0.06
0.08 0.07 0.62 0.87
0.64 0.68 0.23 0.02
0.71 0.01 0.93 0.52
0.91 0.03 0.16 0.17
0.98 0.08 0.04 0.57
0.51 0.96 0.18 0.06
0.69 0.67 0.06 0.08
0.04 0.03 0.83 0.89
0.62 0.97 0.14 0.09
0.02 0.31 0.59 0.75
0.64 0.09 0.21 0.14
0.42 0.02 0.56 0.84
0.89 0.20 0.11 0.56
0.73 0.51 0.10 0.01
0.04 0.87 0.64 0.24
0.25 0.08 0.37 0.52
0.01 0.71 0.74 0.50
0.35 0.01 0.60 0.96
0.50 0.67 0.96 0.01
0.02 0.52 0.68 0.51
0.57 0.01 0.80 0.57
0.83 0.01 0.72 0.56
0.06 0.10 0.52 0.37
0.45 0.56 0.01 0.03
0.66 0.37 0.72 0.01
0.01 0.51 0.63 0.86
0.60 0.26 0.13 0.58
0.10 0.37 0.04 0.69
0.04 0.77 0.88 0.13
0.03 0.16 0.56 0.85
0.08 0.74 0.08 0.59
0.11 0.04 0.84 0.58
0.22 0.09 0.82 0.04
0.04 0.55 0.52 0.56
0.55 0.08 0.58 0.25
1.00 0.54 0.08 0.05
0.66 0.03 0.87 0.37
0.53 0.07 0.66 0.20
0.23 0.69 0.22 0.07
0.48 0.51 0.05 0.66
0.43 0.48 0.03 0.62
0.62 0.02 0.05 0.67
0.07 1.00 0.51 0.02
0.04 0.34 0.60 0.18
0.52 0.99 0.58 0.01
0.17 0.84 0.03 0.99
0.01 0.57 0.80 0.55
0.12 0.02 0.64 0.92
0.17 0.03 0.56 0.80
0.67 0.06 0.52 0.56
0.79 0.19 0.30 0.04
0.31 0.31 0.79 0.02
0.95 0.51 0.02 0.43
0.44 0.80 0.15 0.03
0.54 0.04 0.20 1.00
0.89 0.01 0.63 0.02
0.13 0.88 0.06 0.55
0.01 0.79 0.55 0.54
0.11 0.04 0.77 0.59
0.13 0.63 0.85 0.03
0.59 0.43 0.70 0.03
0.12 0.79 0.11 0.55
0.90 0.20 0.04 0.54
0.40 0.05 0.21 0.23
0.02 0.04 0.94 0.82
0.80 0.01 0.64 0.52
0.61 0.05 0.60 0.07
0.07 0.67 0.15 0.58
0.05 0.67 0.57 0.14
0.01 0.77 0.05 0.61
0.02 0.18 0.90 0.03
0.59 0.01 0.77 0.51
0.95 0.07 0.65 0.01
0.36 0.72 0.72 0.01
0.22 0.72 0.89 0.02
0.61 0.67 0.63 0.01
0.55 0.65 0.57 0.01
0.02 0.46 0.82 0.28
0.02 0.26 0.69 0.72
0.05 0.88 0.03 0.55
0.80 0.29 0.06 0.32
0.08 0.57 0.07 0.78
0.01 0.51 0.60 0.89
0.75 0.90 0.02 0.01
0.06 0.84 0.63 0.04
0.03 0.82 0.60 0.11
0.03 0.80 0.42 0.14
0.06 0.54 0.07 0.73
0.03 0.68 0.64 0.03
0.02 0.43 0.64 0.74
0.13 0.96 0.03 0.15
0.90 0.05 0.05 0.65
0.52 0.04 0.26 0.40
0.50 0.18 0.85 0.03
0.76 0.21 0.20 0.07
0.20 0.12 0.91 0.01
0.81 0.08 0.03 0.54
0.09 0.06 0.55 0.79
0.04 0.83 0.45 0.03
0.01 0.08 0.68 0.99
0.17 0.76 0.99 0.01
0.03 0.61 0.32 0.54
0.54 0.31 0.02 0.52
0.03 0.92 0.14 0.54
0.18 0.55 0.08 0.58
0.14 0.94 0.47 0.01
0.09 0.04 0.64 0.62
0.54 0.53 0.01 0.57
0.53 0.08 0.33 0.04
0.66 0.02 0.66 0.57
0.76 0.02 0.39 0.56
0.55 0.52 0.64 0.01
0.13 0.53 0.09 0.64
0.78 0.04 0.51 0.22
0.81 0.06 0.59 0.21
0.02 0.13 0.86 0.55
0.01 0.79 0.74 0.22
0.40 0.63 0.04 0.03
0.28 0.66 0.03 0.99
0.74 0.02 0.22 0.55
0.10 0.22 0.15 0.91
0.75 0.05 0.18 0.03
0.67 0.04 0.66 0.36
0.08 0.69 0.04 0.88
0.02 0.74 0.80 0.21
0.75 0.01 0.85 0.10
0.27 0.87 0.02 0.60
0.32 0.01 0.67 0.58
0.34 0.04 0.56 0.02
0.90 0.01 0.59 0.51
0.02 0.81 0.06 0.58
0.40 0.73 0.03 0.62
0.20 0.63 0.11 0.18
0.54 0.55 0.11 0.08
0.18 0.18 0.27 0.97
0.14 0.04 0.59 0.36
0.55 0.14 0.12 0.56
0.75 0.01 0.60 0.52
0.13 0.02 0.81 0.87
0.90 0.52 0.06 0.26
0.10 0.73 0.18 0.09
0.01 0.49 0.62 0.62
0.02 0.93 0.64 0.24
0.62 0.01 0.75 0.57
0.74 0.05 0.18 0.61
0.02 0.86 0.20 0.34
0.52 0.76 0.55 0.01
0.58 0.51 0.69 0.01
0.67 0.03 0.75 0.06
0.94 0.12 0.01 0.97
0.33 0.61 0.74 0.01
0.50 0.29 0.18 0.57
0.20 0.03 0.69 0.71
0.03 0.04 0.98 0.71
0.28 0.89 0.71 0.02
0.02 0.79 0.06 0.59
0.52 0.04 0.22 0.55
0.40 0.68 0.03 0.90
0.04 0.69 0.88 0.02
0.90 0.01 0.53 0.53
0.02 0.71 0.59 0.21
0.24 0.79 0.01 0.69
0.79 0.09 0.01 0.81
0.02 0.56 0.58 0.54
0.02 0.33 0.66 0.60
0.72 0.01 0.21 0.75
0.20 0.01 0.56 0.81
0.18 0.07 0.50 0.57
0.03 0.36 0.49 0.59
0.53 0.70 0.11 0.01
0.05 0.41 0.03 0.56
0.52 0.63 0.51 0.02
0.69 0.25 0.07 0.36
0.22 0.06 0.58 0.07
0.51 0.11 0.01 0.74
0.16 0.68 0.02 0.87
0.03 0.29 0.67 0.20
0.03 0.44 0.44 0.81
0.03 0.12 0.26 0.51
0.01 0.63 0.51 0.56
0.30 0.09 0.13 0.57
0.05 0.02 0.95 0.99
0.81 0.17 0.71 0.01
0.80 0.27 0.57 0.01
0.53 0.03 0.63 0.57
0.99 0.04 0.12 0.64
0.01 0.90 0.17 0.53
0.05 0.25 0.31 0.42
0.68 0.02 0.51 0.52
0.43 0.58 0.01 0.87
0.11 0.81 0.73 0.01
0.02 0.65 0.72 0.06
0.59 0.13 0.11 0.52
0.22 0.79 0.60 0.01
0.51 0.76 0.49 0.02
0.04 0.66 0.61 0.16
0.12 0.09 0.61 0.67
0.11 0.01 0.60 0.85
0.49 0.03 0.51 0.66
0.39 0.66 0.16 0.05
0.52 0.01 0.84 0.46
0.01 0.29 0.69 0.59
0.13 0.95 0.54 0.01
0.54 0.01 0.53 0.56
0.52 0.02 0.69 0.57
0.83 0.03 0.45 0.15
0.77 0.02 0.66 0.24
0.73 0.04 0.21 0.65
0.14 0.04 0.27 0.94
0.05 0.10 0.61 0.55
0.50 0.99 0.24 0.02
0.31 0.12 0.07 0.14
0.82 0.04 0.16 0.60
0.53 0.02 0.62 0.07
0.04 0.03 0.62 0.79
0.52 0.01 0.29 0.97
0.06 0.73 0.59 0.04
0.84 0.04 0.03 0.71
0.10 0.62 0.22 0.04
0.01 0.06 0.58 0.63
0.70 0.01 0.79 0.22
0.01 0.80 0.69 0.37
0.02 0.32 0.51 0.92
0.01 0.51 0.54 0.75
0.57 0.01 0.69 0.53
0.01 0.54 0.73 0.52
0.63 0.14 0.02 0.63
0.67 0.06 0.01 0.99
0.03 0.83 0.04 0.07
0.04 0.52 0.11 0.92
0.60 0.34 0.03 0.04
0.84 0.92 0.01 0.02
0.69 0.54 0.51 0.03
0.58 0.18 0.73 0.01
0.30 0.01 0.70 0.57
0.14 0.71 0.14 0.07
0.61 0.26 0.66 0.01
0.31 0.05 0.18 0.85
0.02 0.43 0.55 0.02
0.01 0.05 0.67 0.70
0.34 0.03 0.54 0.92
0.91 0.02 0.04 0.60
0.08 0.02 0.56 0.58
0.60 0.02 0.51 0.65
0.56 0.57 0.10 0.02
0.52 0.06 0.01 0.54
0.01 0.08 0.57 0.67
0.02 0.18 0.82 0.40
0.23 0.15 0.24 0.26
0.60 0.02 0.18 0.83
0.01 0.69 0.79 0.17
0.52 0.02 0.41 0.51
0.52 0.01 0.68 0.53
0.16 0.69 0.51 0.01
0.56 0.02 0.53 0.42
0.36 0.65 0.01 0.51
0.02 0.61 0.51 0.07
0.21 0.66 0.02 0.53
0.20 0.30 0.10 0.78
0.15 0.07 0.28 0.89
0.03 0.78 0.12 0.56
0.53 0.66 0.61 0.01
0.08 0.55 0.02 0.57
0.58 0.01 0.67 0.51
0.27 0.01 0.82 0.55
0.94 0.51 0.01 0.37
0.58 0.44 0.12 0.07
0.34 0.83 0.02 0.13
0.02 0.19 0.80 0.60
0.66 0.01 0.16 0.81
0.97 0.01 0.26 0.48
0.01 0.49 0.71 0.43
0.59 0.01 0.17 0.86
0.82 0.82 0.08 0.01
0.65 0.92 0.01 0.01
0.02 0.62 0.09 0.95
0.02 0.21 0.74 0.58
0.52 0.01 0.58 0.54
0.08 0.19 0.83 0.07
0.02 0.30 0.70 0.51
0.12 0.06 0.41 0.94
0.52 0.03 0.10 0.89
0.18 0.05 0.11 0.65
0.01 0.61 0.04 0.96
0.84 0.02 0.99 0.01
0.86 0.06 0.38 0.02
0.07 0.75 0.05 0.52
0.64 0.01 0.88 0.28
0.01 0.10 0.16 0.75
0.03 0.02 0.93 0.78
0.01 0.67 0.09 0.85
0.65 0.10 0.16 0.44
0.21 0.28 0.07 0.87
0.96 0.01 0.03 0.99
0.32 0.66 0.01 1.00
0.51 0.55 0.76 0.01
0.74 0.01 0.12 0.60
0.16 0.14 0.06 0.53
0.01 0.96 0.59 0.22
0.96 0.25 0.53 0.01
0.63 0.02 0.38 0.57
0.01 0.52 0.94 0.32
0.02 0.94 0.18 0.12
0.07 0.10 0.20 0.73
0.01 0.70 0.54 0.14
0.95 0.05 0.01 0.77
