500 4
0.94 0.08 0.32 0.71
0.69 0.60 0.63 0.68
0.86 0.72 0.80 0.54
0.84 0.15 0.80 0.04
0.91 0.92 0.17 0.09
0.76 0.27 0.88 0.71
0.25 0.98 0.92 1.00
0.74 0.71 0.29 0.74
0.87 0.77 0.65 0.49
0.43 0.95 0.98 0.12
0.56 0.85 0.82 0.75
0.38 0.30 0.65 0.50
0.03 0.95 1.00 0.88
0.91 0.72 0.56 0.11
0.24 0.50 0.70 0.63
0.62 0.12 0.70 0.32
0.47 0.76 0.85 0.29
0.98 0.09 0.76 0.51
0.98 0.43 0.23 0.59
0.13 0.16 0.24 0.99
0.60 0.56 0.51 0.75
0.61 0.45 0.63 0.82
0.91 0.60 0.21 0.81
0.90 0.56 0.03 0.25
0.91 0.36 0.55 0.57
0.63 0.85 0.61 0.46
0.55 0.93 0.70 0.31
0.44 0.85 0.40 0.75
0.17 0.74 0.11 0.67
0.87 0.69 0.52 0.66
0.41 0.51 0.51 0.49
0.22 0.21 0.04 0.22
0.78 0.95 0.58 0.04
0.47 0.07 0.63 0.75
0.07 0.64 0.77 0.67
0.42 0.26 0.60 0.21
0.05 0.93 0.59 0.26
0.84 0.07 0.54 0.52
0.91 0.10 0.55 0.05
0.82 0.98 0.03 0.52
0.07 0.61 0.53 0.54
0.15 0.69 0.68 0.13
0.78 0.10 0.86 0.03
0.88 0.86 0.01 0.15
0.58 0.09 0.52 0.98
0.52 0.57 0.54 0.17
0.19 0.79 0.56 0.14
0.90 0.07 0.54 0.39
0.68 0.02 0.35 0.95
0.92 0.60 0.67 0.02
0.88 0.01 0.67 0.51
0.13 0.84 0.24 0.65
0.35 0.88 0.65 0.11
0.81 0.43 0.84 0.01
0.77 0.17 0.58 0.42
0.33 0.62 0.27 0.18
0.48 0.36 0.51 0.03
0.52 0.23 0.39 0.17
0.80 0.48 0.03 0.73
0.19 0.36 0.55 0.73
0.88 0.11 0.66 0.50
0.02 0.56 0.95 0.85
0.64 0.75 0.20 0.04
0.02 0.40 0.26 0.27
0.41 0.09 0.81 0.81
0.82 0.06 0.09 0.79
0.84 0.31 0.34 0.16
0.69 0.34 0.84 0.04
0.56 0.15 0.58 0.87
0.75 0.89 0.01 0.69
0.05 0.05 0.53 0.94
0.38 0.85 0.94 0.11
0.32 0.01 0.68 0.90
0.23 0.14 0.71 0.51
0.45 0.73 0.53 0.08
0.77 0.18 0.89 0.20
0.14 0.08 0.93 0.43
0.77 0.04 0.27 0.66
0.56 0.15 0.03 0.88
0.73 0.04 0.89 0.83
0.09 0.75 0.51 0.16
0.66 0.23 0.89 0.09
0.11 0.15 0.71 0.86
0.51 0.41 0.71 0.01
0.71 0.89 0.05 0.04
0.66 0.55 0.09 0.02
0.18 0.72 0.52 0.15
0.18 0.36 0.21 0.40
0.49 0.07 0.38 0.93
0.24 0.83 0.62 0.12
0.15 0.22 0.72 0.39
0.31 0.56 0.66 0.08
0.57 0.60 0.09 0.11
0.23 0.06 0.54 0.56
0.22 0.62 0.27 0.09
0.12 0.30 0.41 1.00
0.93 0.03 0.63 0.44
0.87 0.51 0.14 0.06
0.16 0.06 0.13 0.91
0.13 0.65 0.01 0.89
0.17 0.92 0.09 0.53
0.14 0.36 0.57 0.71
0.72 0.65 0.02 0.76
0.13 1.00 0.13 0.52
0.13 0.64 0.89 0.25
0.82 0.01 0.83 0.81
0.18 0.35 0.05 0.87
0.06 0.76 0.18 0.41
0.13 0.16 0.04 0.83
0.94 0.16 0.35 0.28
0.09 0.38 0.97 0.41
0.04 0.32 0.77 1.00
0.99 0.11 0.12 0.64
0.27 0.13 0.02 0.80
0.72 0.98 0.07 0.03
0.72 0.75 0.03 0.41
0.32 0.03 0.83 0.59
0.32 0.05 0.29 0.47
0.08 0.56 0.64 0.05
0.19 0.52 0.95 0.07
0.77 0.29 0.80 0.03
0.22 0.44 0.79 0.04
0.70 0.20 0.97 0.09
0.01 0.72 0.57 1.00
0.02 0.50 0.22 0.87
0.60 0.04 0.22 0.92
0.08 0.27 0.76 0.84
0.40 0.94 0.15 0.19
0.59 0.56 0.01 0.57
0.40 0.17 0.63 0.06
0.05 0.10 0.56 0.78
0.39 0.97 0.02 0.19
0.33 0.10 0.74 0.07
0.90 0.12 0.20 0.31
0.20 0.10 0.36 0.78
0.51 0.06 0.95 0.32
0.01 0.64 0.95 0.53
0.01 0.68 0.94 0.56
0.58 0.84 0.05 0.07
0.18 0.71 0.10 0.72
0.15 0.06 0.29 0.75
0.30 0.03 0.75 0.30
0.64 0.06 0.85 0.01
0.04 0.14 0.82 0.24
0.90 0.02 0.62 0.66
0.73 0.02 0.78 0.71
0.75 0.09 0.26 0.56
0.88 0.16 0.11 0.52
0.63 0.26 0.39 0.11
0.25 0.34 0.49 0.20
0.70 0.08 0.23 0.88
0.71 0.14 0.45 0.42
0.79 0.16 0.10 0.32
0.61 0.02 0.77 0.67
0.68 0.15 0.69 0.38
0.33 0.10 0.57 0.06
0.96 0.19 0.10 0.18
0.78 0.52 0.03 0.60
0.56 0.60 0.44 0.15
0.78 0.14 0.18 0.54
0.02 0.14 0.64 0.98
0.84 0.48 0.03 0.64
0.01 0.54 0.83 0.93
0.55 0.01 0.81 0.60
0.20 0.03 0.98 0.84
0.90 0.70 0.59 0.01
0.47 0.61 0.02 0.51
0.89 0.19 0.06 0.75
0.30 0.14 0.14 0.14
0.05 0.27 0.29 0.94
0.70 0.03 0.53 0.57
0.65 0.17 0.51 0.02
0.13 0.78 0.14 0.52
0.08 0.77 0.36 0.01
0.18 0.12 0.81 0.62
0.01 0.48 0.82 0.95
0.60 0.13 0.96 0.04
0.22 0.75 0.68 0.03
0.51 0.02 0.60 0.44
0.06 0.63 0.57 0.14
0.07 0.10 1.00 0.57
0.01 0.75 0.24 0.70
0.06 0.31 0.21 0.77
0.27 0.51 0.76 0.19
0.01 0.80 0.17 0.65
0.05 0.81 0.70 0.16
0.49 0.20 0.54 0.07
0.70 0.02 0.60 0.33
0.81 0.11 0.03 0.99
0.68 0.59 0.04 0.16
0.01 0.72 0.08 0.88
0.06 0.86 0.01 0.79
0.09 0.55 0.91 0.21
0.97 0.01 0.57 0.53
0.02 0.86 0.95 0.02
0.15 0.92 0.01 0.74
0.87 0.02 0.59 0.81
0.64 0.07 0.25 0.67
0.01 0.58 0.92 0.24
0.01 0.59 0.85 0.58
0.01 0.40 0.68 0.09
0.70 0.90 0.03 0.32
0.97 0.61 0.63 0.01
0.32 0.53 0.56 0.05
0.86 0.01 0.74 0.01
0.26 0.96 0.24 0.08
0.64 0.73 0.70 0.02
0.18 0.23 0.18 0.29
0.47 0.13 0.52 0.09
0.04 0.25 0.60 0.18
0.72 0.42 0.03 0.71
0.01 0.98 0.29 0.53
0.01 0.79 0.60 0.67
0.96 0.55 0.02 0.71
0.11 1.00 0.27 0.04
0.21 0.09 0.83 0.55
0.19 0.09 0.51 0.70
0.01 0.63 0.58 0.74
0.06 0.88 0.69 0.06
0.84 0.06 0.07 0.73
0.73 0.05 0.78 0.09
0.12 0.87 0.08 0.51
0.13 0.56 0.71 0.04
0.60 0.01 0.63 0.59
0.72 0.11 0.01 0.51
0.55 0.49 0.66 0.02
0.69 0.53 0.01 0.98
0.03 0.31 0.66 0.33
0.42 0.10 0.55 0.32
0.51 0.02 0.57 0.67
0.70 1.00 0.03 0.16
0.63 0.04 0.57 0.43
0.79 0.09 0.37 0.17
0.69 0.05 0.12 0.85
0.53 0.81 0.05 0.18
0.48 0.05 0.19 0.96
0.84 0.01 0.61 0.62
0.67 0.72 0.05 0.14
0.01 0.38 0.91 0.72
0.01 0.79 0.65 0.53
0.54 0.21 0.30 0.11
0.03 0.71 0.25 0.82
0.15 0.66 0.25 0.75
0.55 0.07 0.53 0.19
0.12 0.24 0.75 0.68
0.15 0.71 0.20 0.63
0.02 0.33 0.85 0.72
0.75 0.90 0.01 0.03
0.35 0.47 0.83 0.01
0.66 0.61 0.70 0.01
0.80 0.02 0.82 0.14
0.68 0.01 0.82 0.10
0.06 0.64 0.14 0.79
0.92 0.83 0.08 0.05
0.31 0.02 0.57 0.51
0.98 0.57 0.01 0.24
0.01 0.92 0.59 0.61
0.53 0.16 0.01 0.88
0.90 0.65 0.53 0.01
0.10 0.46 0.78 0.04
0.69 0.06 0.11 0.94
0.08 0.68 0.05 0.64
0.05 0.03 0.52 0.99
0.18 0.65 0.09 0.59
0.83 0.26 0.03 0.20
0.89 0.03 0.35 0.94
0.17 0.68 0.60 0.01
0.11 0.04 0.54 0.82
0.01 0.13 0.63 0.84
0.60 0.01 0.56 0.85
0.61 0.52 0.53 0.01
0.56 0.29 0.81 0.03
0.34 0.13 0.43 0.26
0.07 0.78 0.87 0.04
0.81 0.01 0.55 0.23
0.02 0.83 0.73 0.04
0.01 0.70 0.15 0.52
0.95 0.68 0.25 0.01
0.56 0.01 0.69 0.65
0.59 0.30 0.55 0.06
0.17 0.15 0.57 0.70
0.02 0.65 0.83 0.02
0.20 0.88 0.05 0.47
0.08 0.46 0.61 0.11
0.68 0.63 0.28 0.01
0.61 0.14 0.63 0.03
0.67 0.02 0.54 0.60
0.02 0.14 0.91 0.78
0.21 0.56 0.15 0.59
0.43 0.22 0.51 0.11
0.71 0.11 0.06 0.53
0.70 0.12 0.57 0.03
0.01 0.72 0.58 0.07
0.18 0.75 0.02 0.51
0.52 0.02 0.51 0.06
0.64 0.01 0.53 0.95
0.09 0.05 0.62 0.73
0.76 0.01 0.53 0.57
0.86 0.91 0.09 0.01
0.66 0.89 0.04 0.17
0.11 0.16 0.08 0.69
0.41 0.04 0.53 0.87
0.83 0.03 0.10 0.42
0.42 0.04 0.42 0.70
0.01 0.69 0.52 0.51
0.04 0.05 0.53 1.00
0.56 0.03 0.24 0.90
0.67 0.05 0.18 0.68
0.93 0.62 0.04 0.02
0.51 0.67 0.21 0.12
0.61 0.08 0.11 0.29
0.90 0.02 0.14 0.72
0.23 0.02 0.52 0.71
0.66 0.09 0.02 0.64
0.21 0.97 0.01 0.60
0.01 0.97 0.60 0.05
0.66 0.01 0.62 0.52
0.03 0.06 0.02 0.92
0.06 0.67 0.53 0.20
0.16 0.66 0.06 0.58
0.68 0.01 0.42 0.90
0.45 0.01 0.72 0.84
0.01 0.58 0.24 0.76
0.82 0.37 0.29 0.04
0.11 0.59 0.04 0.78
0.06 0.63 0.76 0.06
0.08 0.20 0.22 0.51
0.53 0.01 0.58 0.31
0.78 0.74 0.03 0.22
0.61 0.74 0.26 0.08
0.55 0.67 0.63 0.02
0.72 0.16 0.54 0.03
0.13 0.08 0.85 0.56
0.26 0.19 0.51 0.51
0.40 0.33 0.90 0.04
0.33 0.11 0.52 0.03
0.01 0.67 0.53 0.74
0.69 0.01 0.94 0.07
0.18 0.74 0.56 0.02
0.07 0.82 0.16 0.38
0.89 0.04 0.08 0.74
0.56 0.60 0.01 0.59
0.25 0.11 0.75 0.30
0.06 0.06 0.62 0.34
0.11 0.64 0.06 0.59
0.53 0.51 0.02 0.78
0.09 0.13 0.56 0.53
0.55 0.65 0.05 0.09
0.61 0.82 0.02 0.38
0.02 0.02 0.70 0.62
0.68 0.01 0.02 0.67
0.53 0.51 0.01 0.61
0.81 0.88 0.01 0.30
0.06 0.62 0.31 0.22
0.07 0.16 0.54 0.83
0.02 0.31 0.90 0.55
0.63 0.64 0.17 0.05
0.54 0.09 0.23 0.85
0.51 0.58 0.13 0.04
0.01 0.10 0.84 0.73
0.78 0.60 0.01 0.16
0.59 0.53 0.53 0.01
0.44 0.72 0.09 0.16
0.01 0.56 0.62 0.74
0.53 0.85 0.08 0.07
0.76 0.01 0.52 0.32
0.01 0.36 0.58 0.97
0.32 0.41 0.88 0.08
0.19 0.09 0.55 0.68
0.77 0.23 0.05 0.05
0.04 0.95 0.69 0.01
0.12 0.63 0.03 0.82
0.26 0.01 0.55 0.70
0.90 0.65 0.07 0.04
0.16 0.61 0.19 0.68
0.04 0.56 0.25 0.71
0.95 0.32 0.46 0.04
0.10 0.61 0.03 0.64
0.14 0.32 0.05 0.61
0.72 0.05 0.08 0.62
0.11 0.03 0.96 0.44
0.54 0.67 0.03 0.37
0.01 0.51 0.23 0.53
0.16 0.68 0.88 0.01
0.77 0.01 0.51 0.55
0.06 0.19 0.60 0.60
0.59 0.62 0.03 0.05
0.54 0.09 0.10 0.66
0.05 0.51 0.66 0.17
0.21 0.04 0.66 0.54
0.14 0.52 0.90 0.03
0.61 0.04 0.35 0.54
0.58 0.73 0.03 0.28
0.05 0.43 0.04 0.75
0.61 0.53 0.07 0.01
0.02 0.35 0.09 0.92
0.51 0.51 0.01 0.92
0.63 0.58 0.02 0.08
0.04 0.76 0.12 0.61
0.02 0.04 0.50 0.98
0.55 0.07 0.15 0.78
0.73 0.16 0.13 0.05
0.21 0.03 0.65 0.71
0.56 0.56 0.09 0.12
0.55 0.52 0.09 0.07
0.42 0.62 0.01 0.74
0.40 0.01 0.77 0.53
0.01 0.25 0.68 0.80
0.14 0.10 0.10 0.70
0.50 0.79 0.08 0.21
0.03 0.51 0.11 0.75
0.55 0.14 0.52 0.02
0.03 0.75 0.05 0.84
0.12 0.15 0.38 0.59
0.68 0.55 0.03 0.15
0.06 0.16 0.58 0.61
0.73 0.01 0.52 0.59
0.01 0.46 0.59 0.60
0.15 0.06 0.57 0.72
0.03 0.78 0.38 0.20
0.01 0.55 0.11 0.54
0.55 0.49 0.02 0.06
0.54 0.06 0.12 0.91
0.02 0.61 0.08 0.88
0.62 0.01 0.44 0.64
0.54 0.02 0.04 0.57
0.51 0.61 0.01 0.54
0.29 0.56 0.01 0.56
0.02 0.33 0.87 0.58
0.04 0.30 0.21 0.31
0.09 0.61 0.53 0.20
0.24 0.52 0.09 0.08
0.01 0.81 0.52 0.24
0.09 0.64 0.20 0.53
0.86 0.02 0.01 0.87
0.21 0.57 0.91 0.02
0.62 0.03 0.13 0.51
0.10 0.06 0.55 0.38
0.53 0.59 0.01 0.27
0.44 0.54 0.66 0.01
0.31 0.51 0.19 0.13
0.59 0.44 0.02 0.67
0.81 0.07 0.01 0.54
0.52 0.14 0.15 0.11
0.59 0.72 0.01 0.11
0.53 0.51 0.03 0.54
0.24 0.01 0.96 0.68
0.11 0.54 0.06 0.56
0.08 0.60 0.56 0.26
0.53 0.13 0.12 0.61
0.59 0.14 0.02 0.02
0.55 0.85 0.34 0.02
0.02 0.23 0.12 0.56
0.64 0.06 0.02 0.83
0.03 0.54 0.13 0.51
0.04 0.01 0.73 0.64
0.26 0.57 0.03 0.60
0.36 0.02 0.60 0.49
0.23 0.17 0.75 0.06
0.08 0.66 0.01 0.87
0.04 0.67 0.02 0.57
0.17 0.60 0.62 0.09
0.18 0.01 0.61 0.89
0.01 0.13 0.97 0.58
0.29 0.54 0.03 0.75
0.78 0.01 0.59 0.19
0.14 0.51 0.05 0.52
0.10 0.21 0.61 0.10
0.09 0.04 0.69 0.40
0.01 0.31 0.91 0.53
0.03 0.75 0.02 0.54
0.54 0.04 0.03 0.53
0.48 0.07 0.83 0.25
0.55 0.07 0.82 0.03
0.01 0.22 0.96 0.37
0.52 0.67 0.58 0.02
0.21 0.03 0.53 0.59
0.01 0.62 0.89 0.01
0.53 0.03 0.95 0.04
0.06 0.60 0.60 0.05
0.52 0.01 0.77 0.13
0.02 0.74 0.51 0.21
0.46 0.51 0.02 0.54
0.52 0.12 0.09 0.73
0.07 0.04 0.55 0.58
0.49 0.54 0.01 0.71
0.25 0.55 0.76 0.05
0.03 0.95 0.55 0.02
0.01 0.52 0.27 0.43
0.49 0.54 0.19 0.02
0.14 0.77 0.17 0.50
0.52 0.04 0.97 0.05
0.21 0.55 0.72 0.04
0.51 0.53 0.68 0.01
0.22 0.99 0.02 0.46
0.53 0.70 0.06 0.07
0.59 0.01 0.03 0.74
0.53 0.83 0.01 0.15
0.12 0.75 0.51 0.02
0.12 0.61 0.58 0.08
