500 4
94 8 32 71
69 60 63 68
86 72 80 54
84 15 80 4
91 92 17 9
76 27 88 71
25 98 92 100
74 71 29 74
87 77 65 49
43 95 98 12
56 85 82 75
38 30 65 50
3 95 100 88
91 72 56 11
24 50 70 63
62 12 70 32
47 76 85 29
98 9 76 51
98 43 23 59
13 16 24 99
60 56 51 75
61 45 63 82
91 60 21 81
90 56 3 25
91 36 55 57
63 85 61 46
55 93 70 31
44 85 40 75
17 74 11 67
87 69 52 66
41 51 51 49
22 21 4 22
78 95 58 4
47 7 63 75
7 64 77 67
42 26 60 21
5 93 59 26
84 7 54 52
91 10 55 5
82 98 3 52
7 61 53 54
15 69 68 13
78 10 86 3
88 86 1 15
58 9 52 98
52 57 54 17
19 79 56 14
90 7 54 39
68 2 35 95
92 60 67 2
88 1 67 51
13 84 24 65
35 88 65 11
81 43 84 1
77 17 58 42
33 62 27 18
48 36 51 3
52 23 39 17
80 48 3 73
19 36 55 73
88 11 66 50
2 56 95 85
64 75 20 4
2 40 26 27
41 9 81 81
82 6 9 79
84 31 34 16
69 34 84 4
56 15 58 87
75 89 1 69
5 5 53 94
38 85 94 11
32 1 68 90
23 14 71 51
45 73 53 8
77 18 89 20
14 8 93 43
77 4 27 66
56 15 3 88
73 4 89 83
9 75 51 16
66 23 89 9
11 15 71 86
51 41 71 1
71 89 5 4
66 55 9 2
18 72 52 15
18 36 21 40
49 7 38 93
24 83 62 12
15 22 72 39
31 56 66 8
57 60 9 11
23 6 54 56
22 62 27 9
12 30 41 100
93 3 63 44
87 51 14 6
16 6 13 91
13 65 1 89
17 92 9 53
14 36 57 71
72 65 2 76
13 100 13 52
13 64 89 25
82 1 83 81
18 35 5 87
6 76 18 41
13 16 4 83
94 16 35 28
9 38 97 41
4 32 77 100
99 11 12 64
27 13 2 80
72 98 7 3
72 75 3 41
32 3 83 59
32 5 29 47
8 56 64 5
19 52 95 7
77 29 80 3
22 44 79 4
70 20 97 9
1 72 57 100
2 50 22 87
60 4 22 92
8 27 76 84
40 94 15 19
59 56 1 57
40 17 63 6
5 10 56 78
39 97 2 19
33 10 74 7
90 12 20 31
20 10 36 78
51 6 95 32
1 64 95 53
1 68 94 56
58 84 5 7
18 71 10 72
15 6 29 75
30 3 75 30
64 6 85 1
4 14 82 24
90 2 62 66
73 2 78 71
75 9 26 56
88 16 11 52
63 26 39 11
25 34 49 20
70 8 23 88
71 14 45 42
79 16 10 32
61 2 77 67
68 15 69 38
33 10 57 6
96 19 10 18
78 52 3 60
56 60 44 15
78 14 18 54
2 14 64 98
84 48 3 64
1 54 83 93
55 1 81 60
20 3 98 84
90 70 59 1
47 61 2 51
89 19 6 75
30 14 14 14
5 27 29 94
70 3 53 57
65 17 51 2
13 78 14 52
8 77 36 1
18 12 81 62
1 48 82 95
60 13 96 4
22 75 68 3
51 2 60 44
6 63 57 14
7 10 100 57
1 75 24 70
6 31 21 77
27 51 76 19
1 80 17 65
5 81 70 16
49 20 54 7
70 2 60 33
81 11 3 99
68 59 4 16
1 72 8 88
6 86 1 79
9 55 91 21
97 1 57 53
2 86 95 2
15 92 1 74
87 2 59 81
64 7 25 67
1 58 92 24
1 59 85 58
1 40 68 9
70 90 3 32
97 61 63 1
32 53 56 5
86 1 74 1
26 96 24 8
64 73 70 2
18 23 18 29
47 13 52 9
4 25 60 18
72 42 3 71
1 98 29 53
1 79 60 67
96 55 2 71
11 100 27 4
21 9 83 55
19 9 51 70
1 63 58 74
6 88 69 6
84 6 7 73
73 5 78 9
12 87 8 51
13 56 71 4
60 1 63 59
72 11 1 51
55 49 66 2
69 53 1 98
3 31 66 33
42 10 55 32
51 2 57 67
70 100 3 16
63 4 57 43
79 9 37 17
69 5 12 85
53 81 5 18
48 5 19 96
84 1 61 62
67 72 5 14
1 38 91 72
1 79 65 53
54 21 30 11
3 71 25 82
15 66 25 75
55 7 53 19
12 24 75 68
15 71 20 63
2 33 85 72
75 90 1 3
35 47 83 1
66 61 70 1
80 2 82 14
68 1 82 10
6 64 14 79
92 83 8 5
31 2 57 51
98 57 1 24
1 92 59 61
53 16 1 88
90 65 53 1
10 46 78 4
69 6 11 94
8 68 5 64
5 3 52 99
18 65 9 59
83 26 3 20
89 3 35 94
17 68 60 1
11 4 54 82
1 13 63 84
60 1 56 85
61 52 53 1
56 29 81 3
34 13 43 26
7 78 87 4
81 1 55 23
2 83 73 4
1 70 15 52
95 68 25 1
56 1 69 65
59 30 55 6
17 15 57 70
2 65 83 2
20 88 5 47
8 46 61 11
68 63 28 1
61 14 63 3
67 2 54 60
2 14 91 78
21 56 15 59
43 22 51 11
71 11 6 53
70 12 57 3
1 72 58 7
18 75 2 51
52 2 51 6
64 1 53 95
9 5 62 73
76 1 53 57
86 91 9 1
66 89 4 17
11 16 8 69
41 4 53 87
83 3 10 42
42 4 42 70
1 69 52 51
4 5 53 100
56 3 24 90
67 5 18 68
93 62 4 2
51 67 21 12
61 8 11 29
90 2 14 72
23 2 52 71
66 9 2 64
21 97 1 60
1 97 60 5
66 1 62 52
3 6 2 92
6 67 53 20
16 66 6 58
68 1 42 90
45 1 72 84
1 58 24 76
82 37 29 4
11 59 4 78
6 63 76 6
8 20 22 51
53 1 58 31
78 74 3 22
61 74 26 8
55 67 63 2
72 16 54 3
13 8 85 56
26 19 51 51
40 33 90 4
33 11 52 3
1 67 53 74
69 1 94 7
18 74 56 2
7 82 16 38
89 4 8 74
56 60 1 59
25 11 75 30
6 6 62 34
11 64 6 59
53 51 2 78
9 13 56 53
55 65 5 9
61 82 2 38
2 2 70 62
68 1 2 67
53 51 1 61
81 88 1 30
6 62 31 22
7 16 54 83
2 31 90 55
63 64 17 5
54 9 23 85
51 58 13 4
1 10 84 73
78 60 1 16
59 53 53 1
44 72 9 16
1 56 62 74
53 85 8 7
76 1 52 32
1 36 58 97
32 41 88 8
19 9 55 68
77 23 5 5
4 95 69 1
12 63 3 82
26 1 55 70
90 65 7 4
16 61 19 68
4 56 25 71
95 32 46 4
10 61 3 64
14 32 5 61
72 5 8 62
11 3 96 44
54 67 3 37
1 51 23 53
16 68 88 1
77 1 51 55
6 19 60 60
59 62 3 5
54 9 10 66
5 51 66 17
21 4 66 54
14 52 90 3
61 4 35 54
58 73 3 28
5 43 4 75
61 53 7 1
2 35 9 92
51 51 1 92
63 58 2 8
4 76 12 61
2 4 50 98
55 7 15 78
73 16 13 5
21 3 65 71
56 56 9 12
55 52 9 7
42 62 1 74
40 1 77 53
1 25 68 80
14 10 10 70
50 79 8 21
3 51 11 75
55 14 52 2
3 75 5 84
12 15 38 59
68 55 3 15
6 16 58 61
73 1 52 59
1 46 59 60
15 6 57 72
3 78 38 20
1 55 11 54
55 49 2 6
54 6 12 91
2 61 8 88
62 1 44 64
54 2 4 57
51 61 1 54
29 56 1 56
2 33 87 58
4 30 21 31
9 61 53 20
24 52 9 8
1 81 52 24
9 64 20 53
86 2 1 87
21 57 91 2
62 3 13 51
10 6 55 38
53 59 1 27
44 54 66 1
31 51 19 13
59 44 2 67
81 7 1 54
52 14 15 11
59 72 1 11
53 51 3 54
24 1 96 68
11 54 6 56
8 60 56 26
53 13 12 61
59 14 2 2
55 85 34 2
2 23 12 56
64 6 2 83
3 54 13 51
4 1 73 64
26 57 3 60
36 2 60 49
23 17 75 6
8 66 1 87
4 67 2 57
17 60 62 9
18 1 61 89
1 13 97 58
29 54 3 75
78 1 59 19
14 51 5 52
10 21 61 10
9 4 69 40
1 31 91 53
3 75 2 54
54 4 3 53
48 7 83 25
55 7 82 3
1 22 96 37
52 67 58 2
21 3 53 59
1 62 89 1
53 3 95 4
6 60 60 5
52 1 77 13
2 74 51 21
46 51 2 54
52 12 9 73
7 4 55 58
49 54 1 71
25 55 76 5
3 95 55 2
1 52 27 43
49 54 19 2
14 77 17 50
52 4 97 5
21 55 72 4
51 53 68 1
22 99 2 46
53 70 6 7
59 1 3 74
53 83 1 15
12 75 51 2
12 61 58 8
