20 18
0.78 0.87 0.70 0.44 0.58 0.47 0.78 0.11 0.28 0.61 0.96 0.35 0.99 0.92 0.33 0.01 0.95 0.37
0.38 0.94 0.82 0.76 0.61 1.00 0.57 0.05 0.35 0.23 0.44 0.97 0.50 0.43 0.10 0.57 0.49 0.39
0.09 0.55 0.63 0.95 0.37 0.20 0.92 0.00 0.77 0.35 0.31 0.20 0.67 0.92 0.23 0.16 0.93 0.78
0.43 0.39 0.63 0.76 0.45 0.40 0.82 0.65 0.08 0.84 0.89 0.05 0.01 0.08 0.58 0.71 0.36 0.73
0.84 0.52 0.99 0.50 0.14 0.43 0.05 0.68 0.75 0.59 0.59 0.15 0.15 0.77 0.78 0.22 0.42 0.98
0.37 0.41 0.66 0.11 0.17 0.56 0.78 0.46 0.04 0.00 0.80 0.05 0.71 0.36 0.63 0.52 0.86 0.84
0.15 0.01 0.80 0.76 0.40 0.70 0.06 0.13 0.53 0.32 0.99 0.19 0.03 0.25 0.98 0.88 0.31 0.72
0.57 0.17 0.61 0.48 0.35 0.92 0.32 0.65 0.53 0.94 0.30 0.23 0.73 0.10 0.38 0.54 0.78 0.82
0.10 0.88 0.81 0.92 0.58 0.84 0.40 0.59 0.60 0.82 0.64 0.02 0.82 0.07 0.73 0.31 0.32 0.56
0.46 0.19 0.44 0.77 0.85 0.64 0.95 0.66 0.70 0.97 0.65 0.14 0.07 0.05 0.04 0.10 0.12 0.90
0.97 0.47 0.65 0.00 0.51 0.52 0.94 0.36 0.06 0.35 0.04 0.65 0.37 0.96 0.97 0.96 0.79 0.83
0.51 0.89 0.19 0.04 0.50 0.92 0.62 0.36 0.30 0.87 0.16 0.51 0.47 0.71 0.81 0.34 0.17 0.64
0.94 0.67 0.87 0.74 0.50 0.14 0.53 0.51 0.32 0.57 0.71 0.93 0.82 0.98 0.20 0.94 0.64 0.56
0.13 0.79 0.96 0.12 0.12 0.58 0.13 0.14 0.77 0.90 0.56 0.66 0.20 0.45 0.94 0.77 0.32 0.27
0.59 0.26 0.44 0.15 0.34 0.11 0.28 0.00 0.19 0.15 0.87 0.36 0.22 0.48 0.26 0.39 0.82 0.89
0.99 0.12 0.87 0.65 0.11 0.85 0.24 1.00 0.96 0.33 0.85 0.33 0.33 0.82 0.03 0.95 0.25 0.28
0.95 0.91 0.99 0.63 0.33 0.33 0.66 0.85 0.50 0.22 0.26 0.40 0.52 0.08 0.47 0.85 0.38 0.35
0.39 0.72 0.51 0.16 0.41 0.39 0.19 0.14 0.00 0.21 0.44 0.83 0.64 0.53 0.15 0.23 0.54 0.07
0.86 0.52 0.92 0.50 0.44 0.23 0.14 0.55 0.91 0.03 0.19 0.79 0.35 0.74 0.72 0.99 0.79 0.07
0.61 0.10 0.79 0.17 0.66 1.00 0.73 0.83 0.57 0.26 0.20 0.95 0.95 0.59 0.52 0.42 0.63 0.44
