20 18
0.02 0.09 0.30 0.81 0.45 0.82 0.79 0.04 0.58 0.83 0.62 0.56 0.71 0.10 0.31 0.83 0.83 0.98
0.86 0.60 0.72 0.46 0.51 0.50 0.95 0.51 0.52 0.75 0.74 0.32 0.87 0.39 0.67 0.46 0.80 0.85
0.84 0.88 0.14 0.84 0.38 0.76 0.88 0.90 0.68 0.51 1.00 0.38 0.57 0.98 0.35 0.72 0.25 0.86
0.70 0.67 0.84 0.01 0.55 0.63 0.10 0.31 0.44 0.98 0.64 0.41 0.17 0.35 0.00 0.69 0.49 0.52
0.86 0.00 0.48 0.28 0.36 0.06 0.81 0.31 0.93 0.04 0.89 0.65 0.75 0.78 0.94 0.23 0.65 0.50
0.28 0.24 0.10 0.75 0.14 0.93 0.54 0.23 0.42 0.76 0.96 0.10 0.93 0.10 0.45 0.29 0.89 0.39
0.48 0.02 0.34 0.37 0.50 0.48 0.16 0.72 0.00 1.00 0.06 0.04 0.36 0.30 0.65 0.25 0.31 0.23
0.61 0.35 0.59 0.94 0.62 0.24 0.92 0.30 0.91 0.45 0.75 0.84 0.43 0.52 0.94 0.83 0.88 0.18
0.26 0.73 0.33 0.16 0.85 0.07 0.37 0.42 0.88 0.81 0.85 0.70 0.17 0.01 0.81 0.43 0.29 0.80
0.79 0.36 0.00 0.20 0.09 0.21 0.86 0.58 0.75 0.03 0.03 0.94 0.73 0.44 0.05 0.23 0.96 0.24
0.72 0.12 0.28 0.60 0.82 0.90 0.62 0.43 0.11 0.21 0.06 0.51 0.89 0.30 0.07 0.49 0.37 0.71
1.00 0.79 0.68 0.84 0.01 0.65 0.26 0.68 0.85 0.96 0.71 0.02 0.97 0.29 0.55 0.01 0.61 0.60
0.39 0.75 0.76 0.52 0.94 0.73 0.32 0.63 0.24 0.88 0.59 0.19 0.39 0.92 0.84 0.33 0.21 0.59
0.71 0.33 0.01 0.22 0.89 0.26 0.28 0.78 0.22 0.42 0.71 0.79 0.99 0.28 0.71 0.25 0.59 0.79
0.50 0.27 0.19 0.96 0.99 0.41 0.71 0.14 0.17 0.38 0.03 0.46 0.51 0.12 0.65 0.28 0.55 0.16
0.70 0.66 0.14 0.88 0.44 0.15 0.23 0.45 0.19 0.77 0.79 0.50 0.74 0.34 0.33 0.14 0.31 0.06
0.74 0.51 0.56 0.51 0.51 0.99 0.96 0.37 0.52 0.26 0.56 0.16 0.60 0.96 0.19 0.97 0.61 0.53
0.16 0.03 0.19 0.77 0.30 0.96 0.97 0.57 0.58 0.53 0.11 0.74 0.62 0.54 0.35 0.65 0.87 0.82
0.26 0.56 0.17 0.76 0.05 0.99 0.74 0.50 0.17 0.31 0.69 0.17 0.32 0.18 0.84 0.93 0.80 0.40
1.00 0.17 0.17 0.97 0.83 0.60 0.03 0.17 0.99 0.10 0.49 0.72 0.47 0.29 0.86 0.94 0.30 0.70
