20 18
0.43 0.82 0.48 0.03 0.76 0.56 0.92 0.52 0.80 0.33 0.60 0.71 0.33 0.67 0.69 0.57 0.27 0.15
0.38 0.74 0.47 0.20 0.43 0.90 0.22 0.79 0.31 0.07 0.56 0.09 0.46 0.64 0.19 0.70 0.04 1.00
0.21 0.65 0.73 1.00 0.86 0.36 0.40 0.73 0.16 0.65 0.75 0.28 0.19 0.94 0.92 0.49 0.72 0.51
0.29 0.29 0.44 0.61 0.82 0.97 0.83 0.30 0.20 0.50 0.56 0.37 0.29 0.17 0.13 0.28 0.18 0.59
0.25 0.62 0.51 0.34 0.83 0.11 0.50 0.69 0.51 0.29 0.27 0.01 0.95 0.28 0.02 0.04 0.77 0.35
0.35 0.63 0.25 0.01 0.51 0.20 0.92 0.14 0.97 0.42 0.46 0.72 0.77 0.32 0.01 0.27 0.57 0.76
0.03 0.00 0.75 0.90 0.44 0.32 0.60 0.47 0.08 0.92 0.02 0.47 0.09 0.81 0.45 0.18 0.85 0.11
0.95 0.38 0.06 0.37 0.96 0.19 0.26 0.93 0.42 0.34 0.64 0.59 0.89 0.77 0.01 0.21 0.78 0.06
0.23 0.98 0.23 0.24 0.20 0.02 0.69 0.29 0.44 0.91 0.29 0.88 0.03 0.50 0.93 0.94 1.00 0.91
0.10 0.83 0.33 0.52 0.95 0.65 0.09 0.66 0.05 0.11 0.61 0.06 0.77 0.81 0.06 0.06 0.32 0.18
0.53 0.78 0.96 0.23 0.59 0.79 0.37 0.84 0.58 0.11 0.36 0.86 0.85 0.71 0.32 0.08 0.01 0.28
0.67 0.61 0.02 0.17 0.57 0.85 0.24 0.68 0.06 0.37 0.00 0.63 0.93 0.18 0.67 0.95 0.94 0.34
0.66 0.82 0.95 0.82 0.90 0.73 0.19 0.26 0.34 0.40 0.60 0.54 0.48 0.97 0.76 1.00 0.26 0.85
0.36 0.23 0.89 0.44 0.17 0.92 0.99 0.06 0.51 0.41 0.73 0.01 0.83 0.25 0.77 0.86 0.14 0.93
0.61 0.23 0.22 0.25 0.33 0.87 0.11 0.84 0.25 0.42 0.14 0.92 0.22 0.63 0.73 0.36 0.68 0.56
0.19 0.08 0.90 0.37 0.45 0.85 0.31 0.94 0.94 0.37 0.39 0.30 0.06 0.35 0.24 0.41 0.08 0.12
0.06 0.24 0.41 0.64 0.29 0.77 0.34 0.71 0.02 0.01 0.93 0.25 0.89 0.63 0.21 0.80 0.03 0.63
0.96 0.46 0.33 0.84 0.63 0.09 0.48 0.51 0.07 0.32 0.71 0.98 0.34 0.36 0.91 0.96 0.12 0.08
0.24 0.20 0.90 0.28 0.15 0.64 0.64 0.00 0.40 0.76 0.85 0.31 0.19 0.60 0.20 0.71 0.91 0.74
0.79 0.67 0.42 0.27 0.44 0.73 0.78 0.20 0.33 0.42 0.19 0.34 0.37 0.11 0.78 0.67 0.79 0.56
