20 18
0.13 0.72 0.41 0.12 0.50 0.08 0.64 0.20 0.99 0.49 0.72 0.95 0.77 0.63 0.15 0.12 0.57 0.94
0.05 0.03 0.46 0.81 0.63 0.51 0.11 0.59 0.52 0.56 0.27 0.25 0.54 0.15 0.75 0.18 0.78 0.31
0.78 0.89 0.02 0.59 0.85 0.06 0.91 0.77 0.86 0.98 0.09 1.00 0.90 0.01 0.34 0.88 0.93 0.27
0.47 0.29 0.07 0.77 0.20 0.34 0.72 0.13 0.71 0.43 0.18 0.04 0.13 0.71 0.74 0.18 0.09 0.59
0.40 0.87 0.39 0.44 0.37 0.76 0.41 0.44 0.53 0.71 0.23 0.72 0.03 0.61 0.41 0.52 0.31 0.53
0.00 0.41 0.71 0.45 0.59 0.04 0.91 0.08 0.87 0.78 0.01 0.07 0.66 0.44 0.76 0.82 0.84 0.10
0.27 0.41 0.40 0.86 0.51 0.77 0.47 0.95 0.14 0.59 0.66 0.67 0.00 0.08 0.01 0.82 0.62 0.43
0.39 0.20 0.37 0.02 0.42 0.47 0.29 0.45 0.31 0.58 0.77 0.98 0.44 0.09 0.47 0.38 0.30 0.50
0.82 0.34 0.59 0.07 0.73 0.45 0.73 0.25 0.25 0.36 0.12 0.23 0.75 0.95 0.95 0.14 0.14 0.95
0.67 0.66 0.65 0.25 0.36 0.02 0.75 0.79 0.99 0.54 0.63 0.49 0.47 0.13 0.75 0.34 0.67 0.32
0.13 0.82 0.42 0.13 0.49 0.88 0.80 0.30 0.70 0.38 0.00 0.88 0.63 0.86 0.47 0.42 0.95 0.78
0.95 0.77 0.51 0.65 0.69 0.21 0.94 0.83 0.19 0.89 0.46 0.25 0.31 0.95 0.44 0.12 0.93 0.66
0.53 0.99 0.14 0.30 0.46 0.24 0.04 0.56 0.27 0.18 0.76 0.86 0.17 0.92 0.39 0.18 0.89 0.95
0.28 0.40 0.16 0.61 0.60 0.84 0.25 1.00 0.49 0.27 0.72 0.82 0.66 0.06 0.79 0.22 0.09 0.52
0.93 0.90 0.79 0.10 0.48 0.98 0.41 0.69 0.23 0.84 0.61 0.84 0.22 0.31 0.16 0.21 0.75 0.12
0.36 0.36 0.04 0.49 0.52 0.41 0.40 0.90 0.56 0.60 0.68 0.02 0.04 0.04 0.79 0.29 0.68 0.09
0.14 0.36 0.58 0.15 0.43 0.68 0.56 0.91 0.22 0.13 0.50 0.78 0.66 0.48 0.27 0.78 0.47 0.08
0.47 0.50 0.23 0.20 0.84 0.64 0.18 0.46 0.83 0.43 0.47 0.23 0.03 0.88 0.77 0.94 0.03 0.14
0.62 0.04 0.89 0.87 0.89 0.26 0.98 0.09 0.52 0.29 0.32 0.51 0.85 0.27 0.64 0.42 0.33 0.84
0.96 0.70 0.91 0.82 0.84 0.47 0.29 0.57 0.57 0.41 0.51 0.76 0.64 0.74 0.39 0.94 0.38 0.13
