20 18
0.42 0.20 0.90 0.70 0.72 0.90 0.55 0.18 0.34 0.64 0.21 0.90 0.81 0.04 0.39 0.67 0.50 0.70
0.90 0.26 0.05 0.37 0.03 0.31 0.81 0.80 0.65 0.26 0.85 0.19 0.87 0.99 0.08 0.68 0.69 0.75
0.50 0.96 0.49 0.85 0.92 0.17 0.27 0.69 0.85 0.79 0.84 0.12 0.80 0.79 0.97 0.02 0.71 0.10
0.73 0.91 1.00 0.09 0.21 0.78 0.33 0.29 0.95 0.34 0.69 0.53 0.27 1.00 0.75 0.46 0.18 0.97
0.60 0.79 0.57 0.30 0.84 0.42 0.86 0.15 0.49 0.12 0.91 0.90 0.19 0.29 0.15 0.47 0.49 0.15
0.26 0.65 0.21 0.60 0.26 0.54 0.09 0.46 0.37 0.73 0.38 0.15 0.40 0.99 0.17 0.38 0.92 1.00
0.19 0.05 0.32 0.06 0.82 0.11 0.85 0.84 0.70 0.63 0.36 0.61 0.56 0.44 0.89 0.73 0.14 0.05
0.58 0.55 0.42 0.50 0.46 0.21 0.40 0.17 0.83 0.84 0.37 0.65 0.36 0.88 0.98 0.74 0.19 0.22
0.23 0.28 0.48 0.05 0.10 0.11 0.10 0.46 0.15 0.63 0.68 0.69 0.13 0.48 0.87 0.73 0.27 0.59
0.35 0.25 0.61 0.09 0.13 0.04 0.64 0.17 0.63 0.50 0.07 0.85 0.87 0.75 0.01 0.27 0.67 0.33
0.81 0.64 0.75 0.81 0.89 0.74 0.87 0.98 0.13 0.36 0.35 0.79 0.72 0.46 0.80 0.13 0.67 0.56
0.78 0.40 0.48 0.16 0.04 0.55 0.12 0.50 0.95 0.25 0.16 0.38 0.03 0.32 0.02 0.70 0.76 0.71
0.16 0.75 0.60 0.56 0.74 0.40 0.01 0.06 0.05 0.26 0.65 0.13 0.37 0.03 0.06 0.18 0.49 0.61
0.68 0.09 0.93 0.17 0.77 0.03 0.01 0.34 0.09 0.89 0.14 0.46 0.71 0.91 0.02 0.91 0.87 0.17
0.24 0.55 0.57 0.03 0.32 0.88 0.66 0.55 0.11 0.09 0.07 0.81 0.12 0.20 0.22 0.13 0.87 0.32
0.00 0.53 0.79 0.20 0.63 0.21 0.96 0.90 0.77 1.00 0.50 0.58 0.02 0.08 0.35 0.93 0.32 0.79
0.08 0.82 0.87 0.87 0.39 0.30 0.04 0.86 0.48 0.69 0.21 0.31 0.74 0.45 0.44 0.07 0.49 0.74
0.01 0.59 0.85 0.61 0.94 0.86 0.14 0.49 0.61 0.55 0.19 0.69 0.14 0.00 0.59 0.10 0.20 0.95
0.12 0.77 0.86 0.99 0.95 0.71 0.80 0.47 0.53 0.49 0.06 0.01 1.00 0.36 0.20 0.88 0.25 0.74
0.33 0.54 0.91 0.11 0.54 0.87 0.01 0.83 1.00 0.86 0.72 0.17 0.83 0.37 0.37 0.96 0.30 0.96
