400 4
67 5 16 55
79 100 58 52
26 13 64 92
62 80 15 55
19 10 94 33
3 9 54 18
62 63 52 74
17 7 52 79
84 97 64 2
18 80 33 53
53 51 24 98
90 63 76 6
62 8 96 75
41 65 41 92
97 90 7 91
56 98 66 5
89 88 3 53
4 52 15 78
13 58 41 67
20 71 1 66
81 67 54 7
56 56 30 25
70 49 3 33
89 64 10 24
53 4 83 78
73 90 90 16
67 65 16 54
26 45 83 13
53 95 14 62
73 59 94 8
20 59 6 75
33 56 28 22
55 27 70 8
63 38 22 40
71 4 91 30
73 85 89 7
43 62 2 77
63 63 58 6
51 15 57 1
50 6 65 60
70 83 1 5
66 94 53 6
14 80 55 16
78 18 53 29
33 5 79 59
21 53 16 44
8 13 13 9
52 7 3 93
45 2 10 85
57 93 9 17
2 31 74 62
98 3 96 64
25 98 3 17
66 74 45 1
66 10 51 11
29 11 11 69
87 51 56 6
64 41 5 59
50 96 2 55
71 2 10 82
50 66 84 5
68 2 55 67
27 5 63 98
61 2 79 26
87 57 8 12
76 1 100 73
37 4 83 74
61 1 79 34
61 6 9 97
67 52 10 20
11 61 4 80
1 4 80 99
62 59 3 54
9 3 94 54
85 34 12 63
13 7 74 64
79 70 2 66
32 8 53 78
12 20 73 1
55 1 74 63
79 7 2 21
53 1 75 97
18 98 1 77
3 71 6 94
70 4 73 14
6 70 67 10
19 7 71 54
50 64 9 22
38 1 94 92
45 15 5 47
52 16 9 25
2 88 88 59
95 82 41 6
88 69 1 30
51 67 4 24
1 52 45 97
49 71 2 51
98 4 2 94
61 11 51 3
53 4 20 35
3 44 22 78
1 74 63 4
59 73 22 2
56 92 2 18
9 93 4 92
45 83 1 12
10 30 93 4
10 75 59 6
97 2 2 86
3 86 62 15
66 78 7 2
10 53 56 2
1 74 53 64
53 7 55 19
52 2 29 58
63 3 59 34
1 66 54 58
58 3 87 8
74 1 94 21
92 9 52 17
23 91 8 39
7 56 30 63
18 3 33 96
1 72 88 40
63 51 9 2
1 61 66 69
25 58 3 59
5 2 14 68
90 2 6 62
32 8 76 13
72 13 7 92
59 52 2 91
44 3 93 55
54 6 51 32
24 7 63 30
76 4 14 56
84 1 53 64
67 9 2 94
6 58 49 4
2 80 5 61
26 73 8 24
70 1 61 51
82 62 1 87
1 94 38 34
87 8 71 17
12 79 10 67
23 3 7 63
2 7 75 83
5 67 13 90
66 26 2 82
60 9 87 7
56 54 3 20
80 61 1 61
8 91 2 94
67 62 1 82
66 2 57 9
51 11 17 9
56 100 5 1
99 3 83 8
71 31 7 34
74 18 2 81
59 67 51 3
1 55 32 69
91 19 25 7
42 96 2 54
2 7 71 30
12 5 43 64
1 40 70 98
23 5 10 19
4 70 51 10
2 11 44 54
73 1 5 72
88 3 2 15
21 5 64 62
24 5 71 7
67 32 16 4
42 81 3 41
11 31 16 2
71 62 2 53
84 3 51 29
3 67 18 50
58 25 2 80
15 49 8 53
66 52 1 54
1 54 61 83
3 60 84 6
8 98 10 19
43 4 39 16
1 29 59 68
62 71 1 59
25 56 5 60
17 90 2 88
27 47 6 75
59 1 95 62
17 79 4 52
36 15 8 31
3 44 8 24
58 1 96 52
65 30 1 62
6 64 5 67
50 1 2 61
20 61 2 1
54 2 94 22
15 54 4 100
55 11 88 3
96 1 96 9
2 87 59 3
55 62 1 35
10 61 4 74
7 57 5 100
59 52 7 11
2 6 95 59
6 2 86 14
99 16 8 4
32 56 4 53
67 7 77 5
17 5 61 57
23 4 74 59
24 51 1 50
51 1 86 33
93 2 55 7
1 55 90 66
9 3 80 58
56 21 1 74
44 2 3 99
7 67 48 9
45 50 7 24
61 2 100 6
60 10 93 3
90 14 9 11
6 24 38 53
6 82 2 99
2 11 78 29
1 58 20 89
17 62 3 75
60 8 3 21
44 4 26 13
73 18 11 7
4 2 56 61
12 1 98 67
32 1 33 63
77 1 76 12
62 57 10 2
9 97 4 61
80 28 35 3
5 22 70 10
10 54 6 11
13 59 2 80
13 82 4 57
72 44 2 51
78 1 55 24
76 30 5 13
5 51 7 98
7 71 56 1
96 7 93 1
2 11 17 65
30 60 56 1
5 73 7 81
31 95 1 40
9 74 1 28
82 76 1 8
70 54 4 19
79 12 87 2
35 16 69 4
1 44 85 53
8 40 1 52
17 4 6 6
6 12 86 9
1 44 61 18
9 55 57 6
4 51 3 34
16 1 85 22
73 82 1 8
15 4 63 11
5 30 49 29
2 73 10 5
6 55 44 16
15 4 7 79
52 6 23 1
5 40 5 29
1 36 49 82
4 36 95 1
80 2 28 42
2 53 3 55
8 2 16 67
1 35 46 98
38 2 76 53
27 11 97 4
22 1 68 91
62 1 73 54
53 5 1 88
1 10 57 51
30 17 1 90
36 2 78 43
17 60 2 4
7 64 2 80
1 5 17 59
4 4 85 2
34 40 13 3
29 10 2 96
71 56 1 33
3 52 1 32
59 1 30 17
7 6 53 56
51 2 54 2
94 7 1 34
25 54 6 5
1 71 9 80
51 48 2 47
35 60 18 1
53 1 76 31
24 1 74 51
53 1 51 53
12 8 10 96
71 61 1 15
24 1 65 69
11 4 51 54
55 48 4 40
56 1 68 6
54 21 21 5
2 2 55 84
85 3 39 16
90 14 1 55
2 5 99 57
31 1 72 55
31 4 19 3
97 2 22 36
44 14 2 58
35 6 80 2
29 17 2 78
1 60 8 56
2 68 62 7
54 55 13 1
71 18 2 39
4 1 36 68
1 92 53 40
58 12 1 26
66 11 1 24
1 21 1 30
34 40 1 16
29 3 49 45
30 25 68 4
87 2 52 4
7 53 24 6
72 37 2 3
12 3 70 52
1 97 42 29
33 16 3 52
1 37 93 18
49 1 68 5
59 56 7 4
7 4 55 56
55 19 1 57
45 5 5 70
35 1 72 10
22 1 66 58
9 8 10 65
37 2 14 55
8 60 69 1
1 39 16 9
14 2 34 50
2 34 20 13
77 7 17 2
18 37 2 17
7 22 68 14
53 1 20 53
7 2 11 75
15 21 1 8
17 1 55 44
11 2 67 56
2 67 76 3
45 2 3 61
71 3 17 6
72 1 8 15
56 53 10 5
20 56 38 1
5 83 71 1
3 14 7 71
1 2 33 43
6 38 61 11
39 1 2 61
7 5 84 25
5 78 57 4
51 3 45 4
1 53 60 8
4 18 2 72
21 51 6 1
37 3 86 4
4 63 70 6
53 3 1 54
33 61 1 5
8 68 7 8
72 53 4 2
89 16 12 2
9 75 55 3
13 14 14 7
59 6 2 6
7 1 64 24
44 55 5 6
2 9 8 85
