400 4
0.15 0.55 0.46 0.05
0.89 0.54 0.86 0.99
0.58 0.52 0.74 0.87
0.05 0.18 0.67 0.66
0.33 0.84 0.08 0.64
0.78 0.81 0.42 0.23
0.76 0.19 0.60 0.63
0.98 0.59 0.90 0.01
0.93 0.13 0.64 0.91
0.82 0.52 0.80 0.48
0.69 0.35 0.45 0.64
0.47 0.98 0.73 0.01
0.61 0.62 0.44 0.73
0.63 0.05 0.51 0.72
0.99 0.75 0.27 0.54
0.96 0.51 0.15 0.55
0.72 0.41 0.96 0.53
0.31 0.79 0.76 0.04
0.02 0.91 0.72 0.54
0.98 0.44 0.72 0.16
0.68 0.35 0.94 0.57
0.75 0.99 0.01 0.33
0.41 0.13 0.75 0.68
0.12 0.62 0.26 0.57
0.56 0.09 0.64 0.81
0.06 0.64 0.65 0.55
0.52 0.52 0.72 0.17
0.52 0.17 0.99 0.63
0.20 0.17 0.94 0.71
0.90 0.94 0.09 0.58
0.02 0.88 0.63 0.87
0.07 0.40 0.56 0.66
0.97 0.96 0.07 0.65
0.35 0.29 0.03 0.50
0.80 0.51 0.97 0.35
0.62 0.35 0.40 0.31
0.69 0.36 0.30 0.23
0.52 0.11 1.00 0.44
0.82 0.51 0.95 0.03
0.24 0.49 0.10 0.78
0.04 0.65 0.52 0.30
0.15 0.37 0.69 0.18
0.91 0.17 0.31 0.71
0.49 0.21 0.79 0.65
0.72 0.79 0.02 0.99
0.86 0.17 0.73 0.71
0.90 0.06 1.00 0.60
0.70 0.04 0.71 0.86
0.60 0.28 0.62 0.45
0.09 0.66 0.65 0.12
0.24 0.17 0.17 0.42
0.59 0.45 0.56 0.22
0.04 0.09 0.45 0.56
0.96 0.11 0.09 0.38
0.56 0.97 0.06 0.49
0.85 0.37 0.56 0.03
0.81 0.01 0.84 0.59
0.32 0.05 0.17 0.75
0.88 0.57 0.02 0.97
0.14 0.98 0.13 0.16
0.52 0.03 0.75 0.07
0.16 0.16 0.51 0.23
0.05 0.97 0.30 0.17
0.07 0.91 0.17 0.56
0.01 0.34 0.67 0.69
0.99 0.60 0.29 0.07
0.97 0.96 0.25 0.09
0.90 0.85 0.01 0.61
0.96 0.03 0.59 0.05
0.59 0.78 0.06 0.30
0.13 0.85 0.98 0.03
0.85 0.06 0.51 0.67
0.10 0.76 0.37 0.05
0.96 0.27 0.43 0.24
0.87 0.26 0.74 0.17
0.05 0.79 0.17 0.57
0.02 0.53 0.90 0.45
0.89 0.57 0.38 0.21
0.84 0.11 0.03 0.99
0.51 0.03 0.15 0.51
0.09 0.57 0.25 0.35
0.73 0.02 0.84 0.52
0.09 0.02 0.63 0.87
0.07 0.71 0.07 0.63
0.52 0.34 0.26 0.39
0.65 0.84 0.09 0.17
0.56 0.57 0.34 0.26
0.02 0.98 0.38 0.51
0.47 0.95 0.07 0.39
0.20 0.10 0.74 0.14
0.94 0.67 0.02 0.81
0.25 0.87 0.04 0.77
0.04 0.53 0.61 0.49
0.78 0.02 0.64 0.12
0.86 0.63 0.02 0.48
0.63 0.13 0.12 0.97
0.01 0.94 0.82 0.59
0.80 0.18 0.12 0.35
0.59 0.80 0.70 0.03
0.03 0.39 0.10 0.54
0.01 0.94 0.64 0.63
0.01 0.14 0.05 0.88
0.37 0.08 0.61 0.65
0.59 0.85 0.72 0.01
0.72 0.82 0.16 0.11
0.01 0.69 0.89 0.23
0.97 0.72 0.17 0.03
0.42 0.52 0.02 0.87
0.52 0.19 0.31 0.06
0.21 0.76 0.86 0.03
0.31 0.59 0.37 0.14
0.66 0.91 0.11 0.08
0.09 0.24 0.92 0.23
0.05 1.00 0.29 0.29
0.96 0.77 0.02 0.12
0.94 0.58 0.06 0.26
0.76 0.28 0.20 0.23
0.90 0.28 0.06 0.24
0.70 0.88 0.06 0.23
0.43 0.16 0.04 0.80
0.54 0.50 0.03 0.12
0.71 0.01 0.95 0.83
0.78 0.55 0.62 0.04
0.20 0.94 0.09 0.51
0.72 0.60 0.92 0.01
0.13 0.40 0.55 0.30
0.03 0.46 0.56 0.34
0.23 0.92 0.02 0.80
0.76 0.79 0.46 0.03
0.64 0.86 0.08 0.06
0.08 0.89 0.70 0.27
0.79 0.66 0.01 0.75
0.58 0.02 0.19 0.70
0.26 0.19 0.35 0.33
0.06 0.04 0.63 0.99
0.85 0.18 0.41 0.08
0.54 0.63 0.05 0.04
0.73 0.01 0.52 0.76
0.26 0.01 0.84 0.50
0.41 0.90 0.07 0.22
0.41 0.87 0.01 0.66
0.26 0.78 0.54 0.04
0.06 0.32 0.72 0.25
0.24 0.07 0.89 0.83
0.01 0.66 0.80 0.02
0.87 0.21 0.04 0.58
0.76 0.18 0.62 0.10
0.39 0.05 0.56 0.62
0.80 0.29 0.80 0.05
0.04 0.05 0.91 0.94
0.92 0.01 0.63 0.49
0.52 0.71 0.04 0.06
0.57 0.03 0.63 0.38
0.17 0.11 0.39 0.74
0.67 0.60 0.56 0.02
0.64 0.06 0.51 0.30
0.75 0.14 0.06 0.51
0.02 0.51 0.83 0.66
0.51 0.68 0.03 0.37
0.85 0.32 0.15 0.30
0.60 0.35 0.10 0.02
0.34 0.52 0.85 0.04
0.90 0.11 0.01 0.73
0.03 0.94 0.31 0.49
0.51 0.08 0.10 0.95
0.14 0.08 0.02 0.95
0.22 0.15 0.60 0.05
0.58 0.57 0.69 0.01
0.57 1.00 0.02 0.45
0.83 0.08 0.11 0.66
0.04 0.66 0.57 0.26
0.78 0.31 0.65 0.01
0.40 0.23 0.10 0.69
0.28 0.36 0.04 0.17
0.61 0.14 0.73 0.16
0.01 0.63 0.31 0.66
0.41 0.74 0.01 0.74
0.11 0.33 0.25 0.67
0.44 0.94 0.77 0.03
0.10 0.89 0.17 0.50
0.98 0.15 0.36 0.20
0.50 0.06 0.73 0.47
0.70 0.06 0.11 0.22
0.21 0.70 0.02 0.64
0.63 0.51 0.01 0.05
0.59 0.03 0.02 1.00
0.03 0.59 0.05 0.81
0.03 0.12 0.02 0.86
0.06 0.84 0.53 0.27
0.20 0.23 0.17 0.50
0.46 0.10 0.31 0.62
0.10 0.71 0.35 0.31
0.04 0.94 0.31 0.48
0.32 0.48 0.90 0.02
0.36 0.22 0.07 0.16
0.16 0.01 0.32 0.82
0.64 0.16 0.14 0.54
0.42 0.37 0.96 0.01
0.52 0.05 0.47 0.10
0.56 0.04 0.69 0.04
0.01 0.01 0.57 0.69
0.49 0.01 0.61 0.59
0.01 0.23 0.22 0.75
0.89 0.86 0.56 0.01
0.17 0.04 0.98 0.63
0.13 0.33 0.65 0.38
0.19 0.01 0.28 0.55
0.22 0.78 0.09 0.57
0.58 0.73 0.14 0.02
0.04 0.64 0.68 0.05
0.58 0.08 0.12 0.26
0.33 0.84 0.01 0.13
0.07 0.78 0.05 0.73
0.64 0.11 0.16 0.05
0.61 0.01 0.09 0.78
0.03 0.55 0.65 0.17
0.88 0.03 0.77 0.01
0.44 0.97 0.69 0.02
0.55 0.26 0.19 0.14
0.01 0.04 0.91 0.67
0.45 0.10 0.55 0.26
0.57 0.08 0.13 0.16
0.71 0.03 0.57 0.50
0.24 0.08 0.15 0.54
0.02 0.69 0.45 0.56
0.90 0.47 0.05 0.02
0.02 0.55 0.31 0.49
0.36 0.74 0.41 0.11
0.57 0.86 0.79 0.03
0.66 0.01 0.96 0.29
0.16 0.75 0.29 0.18
0.05 1.00 0.30 0.09
0.98 0.08 0.05 0.92
0.12 0.76 0.25 0.03
0.75 0.05 0.47 0.01
0.02 0.56 0.24 0.63
0.53 0.21 0.09 0.68
0.54 0.22 0.21 0.07
0.52 0.85 0.86 0.01
0.90 0.01 0.73 0.24
0.02 0.88 0.13 0.55
0.64 0.23 0.18 0.03
0.09 0.90 0.59 0.17
0.30 0.32 0.07 0.66
0.01 0.80 0.11 0.14
0.11 0.47 0.90 0.13
0.53 0.70 0.23 0.09
0.55 0.72 0.01 0.25
0.02 0.40 0.79 0.66
0.01 0.60 0.32 0.38
0.37 0.02 0.22 0.06
0.13 0.07 0.95 0.23
0.04 0.35 0.98 0.45
0.96 0.01 0.38 0.49
0.10 0.65 0.03 0.49
0.03 0.53 0.79 0.16
0.01 0.38 0.05 0.51
0.69 0.29 0.80 0.01
0.85 0.18 0.04 0.14
0.13 0.45 0.71 0.01
0.27 0.63 0.05 0.34
0.54 0.09 0.07 0.23
0.02 0.84 0.75 0.10
0.10 0.07 0.87 0.63
0.25 0.62 0.02 0.14
0.22 0.53 0.55 0.19
0.03 0.96 0.63 0.12
0.12 0.11 0.58 0.54
0.86 0.01 0.84 0.46
0.26 0.02 0.99 0.18
0.03 0.26 0.38 0.68
0.12 0.67 0.60 0.06
0.79 0.01 0.80 0.14
0.15 0.63 0.43 0.06
0.02 0.32 0.28 0.32
0.66 0.08 0.13 0.10
0.01 0.53 0.72 0.47
0.06 0.88 0.04 0.46
0.71 0.03 0.05 0.80
0.92 0.12 0.10 0.07
0.54 0.65 0.10 0.01
0.11 0.91 0.16 0.06
0.35 0.39 0.51 0.01
1.00 0.23 0.01 0.50
0.19 0.56 0.45 0.24
0.74 0.37 0.05 0.07
0.08 0.59 0.60 0.02
0.08 0.10 1.00 0.41
0.02 0.15 0.53 0.58
0.36 0.04 0.97 0.17
0.06 0.51 0.63 0.28
0.51 0.59 0.01 0.58
0.09 0.80 0.76 0.01
0.83 0.01 0.25 0.33
0.95 0.17 0.03 0.72
0.63 0.06 0.01 0.46
0.61 0.66 0.01 0.55
0.09 0.01 0.52 0.59
0.05 0.56 0.69 0.14
0.15 0.19 0.14 0.27
0.24 0.28 0.10 0.51
0.61 0.20 0.20 0.02
0.26 0.57 0.43 0.04
0.36 0.21 0.03 0.39
0.07 0.14 0.43 0.63
0.12 0.85 0.54 0.02
0.13 0.36 0.13 0.58
0.27 0.30 0.59 0.14
0.09 0.70 0.38 0.27
0.08 0.47 0.78 0.09
0.14 0.61 0.29 0.09
0.60 0.42 0.01 0.59
0.14 0.55 0.56 0.14
0.03 0.86 0.72 0.02
0.38 0.08 0.64 0.05
0.11 0.24 0.14 0.56
0.24 0.78 0.18 0.18
0.11 0.15 0.17 0.84
0.26 0.51 0.52 0.18
0.51 0.96 0.15 0.03
0.37 0.32 0.57 0.01
0.04 0.21 0.72 0.08
0.06 0.58 0.45 0.27
0.15 0.90 0.10 0.31
0.02 0.57 0.71 0.11
0.02 0.64 0.98 0.01
0.29 0.05 0.61 0.26
0.23 0.03 0.08 0.57
0.17 0.44 0.05 0.37
0.85 0.03 0.06 0.56
0.17 0.01 0.49 0.27
0.58 0.12 0.18 0.08
0.71 0.05 0.57 0.01
0.55 0.27 0.51 0.01
0.14 0.11 0.55 0.17
0.50 0.28 0.58 0.03
0.13 0.04 0.05 0.58
0.04 0.79 0.27 0.32
0.43 0.40 0.02 0.02
0.32 0.53 0.53 0.04
0.11 0.55 0.21 0.42
0.08 0.66 0.04 0.35
0.05 0.32 0.17 0.84
0.29 0.64 0.53 0.03
0.31 0.75 0.01 0.43
0.30 0.33 0.21 0.24
0.24 0.60 0.02 0.55
0.06 0.04 0.72 0.47
0.06 0.02 0.80 0.66
0.22 0.77 0.33 0.02
0.14 0.56 0.51 0.13
0.21 0.65 0.04 0.04
0.01 0.54 0.78 0.07
0.10 0.04 0.52 0.51
0.31 0.53 0.10 0.10
0.69 0.23 0.54 0.01
0.05 0.19 0.84 0.07
0.20 0.28 0.74 0.07
0.15 0.05 0.68 0.40
0.59 0.26 0.11 0.06
0.26 0.07 0.98 0.05
0.13 0.02 0.65 0.45
0.05 0.49 0.31 0.28
0.82 0.01 0.68 0.24
0.02 0.12 0.97 0.60
0.03 0.97 0.39 0.07
0.15 0.40 0.66 0.05
0.89 0.16 0.33 0.02
0.90 0.10 0.04 0.20
0.75 0.03 0.02 0.56
0.25 0.66 0.54 0.01
0.01 0.52 0.01 0.89
0.23 0.86 0.23 0.03
0.21 0.44 0.32 0.12
0.27 0.51 0.02 0.77
0.16 0.12 0.90 0.03
0.31 0.04 0.78 0.25
0.08 0.17 0.28 0.83
0.03 0.64 0.55 0.29
0.15 0.57 0.17 0.22
0.77 0.01 0.20 0.18
0.02 0.16 0.52 0.70
0.66 0.05 0.16 0.41
0.01 0.58 0.64 0.48
0.01 0.43 0.40 0.11
0.66 0.01 0.22 0.75
0.13 0.82 0.01 0.51
0.07 0.59 0.02 0.84
0.11 0.01 0.70 0.58
0.57 0.15 0.02 0.84
0.22 0.13 0.37 0.02
0.35 0.52 0.14 0.03
0.07 0.83 0.03 0.55
0.14 0.86 0.05 0.19
0.04 0.76 0.29 0.08
0.66 0.01 0.05 0.32
0.28 0.49 0.21 0.11
0.10 0.15 0.06 0.54
0.03 0.43 0.56 0.10
0.17 0.12 0.67 0.16
