400 4
0.69 0.02 0.28 0.33
0.67 0.69 0.54 0.73
0.61 0.72 0.53 0.30
0.54 1.00 0.97 0.57
0.27 0.55 0.73 0.70
0.76 0.72 0.94 0.07
0.41 0.51 0.70 0.45
0.40 0.73 0.13 0.56
0.12 0.46 0.56 0.17
0.72 0.95 0.31 0.10
0.10 0.80 0.92 0.13
0.45 0.67 0.16 0.80
0.62 0.76 0.26 0.14
0.79 0.98 0.02 0.70
0.13 0.27 0.83 0.94
0.29 0.20 0.36 0.66
0.62 0.56 0.72 0.08
0.91 0.38 0.04 0.64
0.54 0.05 0.97 0.10
0.93 0.69 0.71 0.06
0.55 0.41 0.42 0.65
0.05 0.50 0.94 0.64
0.01 0.89 0.62 0.49
0.27 0.71 0.09 0.51
0.94 0.68 0.19 0.59
0.09 0.90 0.12 0.37
0.68 0.52 0.15 0.91
0.35 0.59 0.54 0.65
0.88 0.71 0.26 0.27
0.83 0.26 0.22 0.43
0.06 0.98 0.83 0.02
0.22 0.29 0.76 0.99
0.31 0.06 0.82 0.58
0.03 0.72 0.01 0.93
0.94 0.29 0.08 0.75
0.01 0.34 0.02 0.52
0.32 0.17 0.54 0.51
0.57 0.80 0.83 0.01
0.22 0.66 0.36 0.20
0.09 0.71 0.43 0.07
0.95 0.76 0.13 0.32
0.67 0.86 0.40 0.04
0.58 0.04 0.17 0.60
0.79 0.16 0.02 0.88
0.51 0.30 0.56 0.02
0.57 0.56 0.54 0.22
0.29 0.10 0.85 0.62
0.53 0.66 0.32 0.47
0.30 0.14 0.75 0.62
0.64 0.84 0.19 0.34
0.57 0.13 0.79 0.46
0.99 0.16 0.69 0.13
0.58 0.51 0.39 0.06
0.39 0.22 0.09 0.66
0.58 0.03 0.43 0.59
0.37 0.59 0.90 0.03
0.37 0.22 0.44 0.53
0.79 0.44 0.04 0.07
0.56 0.07 0.24 0.66
0.55 0.03 0.83 0.87
0.51 0.10 0.55 0.22
0.58 0.29 0.12 0.37
0.91 0.24 0.61 0.16
0.18 0.22 0.87 0.75
0.26 0.25 0.63 0.50
0.07 0.33 0.66 0.70
0.53 0.67 0.53 0.17
0.81 0.14 0.60 0.12
0.53 0.83 0.11 0.22
0.49 0.66 0.59 0.07
0.53 0.86 0.32 0.19
0.36 0.02 0.23 0.33
0.55 0.73 0.11 0.04
0.58 0.84 0.04 0.07
0.31 0.23 0.54 0.34
0.51 0.77 0.28 0.24
0.76 0.05 0.15 0.68
0.49 0.05 0.02 0.51
0.80 0.45 0.55 0.01
0.64 0.01 0.13 0.86
0.93 0.80 0.01 0.52
0.76 0.04 0.16 0.78
0.77 0.74 0.03 0.17
0.28 0.15 0.62 0.67
0.59 0.70 0.03 0.29
0.73 0.36 0.19 0.32
0.02 0.79 0.85 0.09
0.22 0.08 0.78 0.82
0.75 0.33 0.07 0.01
0.68 0.32 0.74 0.01
0.70 0.06 0.91 0.12
0.42 0.84 0.98 0.02
0.95 0.23 0.15 0.25
0.24 0.24 0.55 0.90
0.27 0.55 0.84 0.03
0.42 0.10 0.79 0.28
0.75 0.07 0.65 0.28
0.60 0.11 0.87 0.05
0.12 0.14 0.87 0.68
0.10 0.13 0.59 0.67
1.00 0.01 0.16 0.58
0.51 0.84 0.33 0.04
0.16 0.38 0.54 0.06
0.72 0.01 0.62 0.75
0.27 0.05 0.61 0.77
0.73 0.96 0.70 0.01
0.85 0.94 0.01 0.73
0.01 0.73 0.58 0.01
0.27 0.85 0.57 0.01
0.18 0.18 0.86 0.65
0.83 0.86 0.01 0.63
0.16 0.57 0.29 0.25
0.08 0.11 0.19 0.18
0.02 0.12 0.66 0.85
0.34 0.74 0.01 0.79
0.06 0.29 0.41 0.89
0.31 0.18 0.04 0.84
0.71 0.76 0.41 0.03
0.81 0.21 0.97 0.02
0.20 0.74 0.11 0.10
0.61 0.95 0.03 0.20
0.06 0.05 0.19 0.89
0.83 0.71 0.01 0.85
1.00 0.10 0.48 0.21
0.03 0.07 0.91 0.56
0.52 0.44 0.02 0.41
0.58 0.53 0.05 0.11
0.25 0.59 0.12 0.28
0.29 0.69 0.65 0.02
0.14 0.09 0.58 0.65
0.19 0.10 0.69 0.52
0.11 0.17 0.05 0.83
0.75 0.01 0.27 0.81
0.07 0.67 0.41 0.30
0.17 0.03 0.53 0.79
0.52 0.56 0.71 0.01
0.60 0.63 0.51 0.05
0.02 0.52 0.26 0.19
0.88 0.11 0.33 0.09
0.98 0.01 0.90 0.27
0.52 0.72 0.13 0.09
0.56 0.68 0.02 0.35
0.50 0.04 0.27 0.30
0.20 0.60 0.50 0.05
0.04 0.85 0.16 0.12
0.15 0.05 0.45 0.56
0.02 0.21 0.49 0.73
0.76 0.12 0.57 0.06
0.83 0.21 0.12 0.41
0.77 0.01 0.85 0.54
0.42 0.08 0.16 0.87
0.57 0.01 0.91 0.01
0.14 0.75 0.37 0.14
0.61 0.64 0.01 0.93
0.05 0.66 0.10 0.22
0.50 0.01 0.61 0.59
0.58 0.53 0.01 0.93
0.27 0.46 0.06 0.28
0.58 0.57 0.01 0.54
0.75 0.76 0.01 0.24
0.22 0.03 0.38 0.56
0.83 0.06 0.55 0.08
0.52 0.72 0.09 0.03
0.63 0.08 0.07 0.46
0.42 0.18 0.08 0.19
0.01 0.28 0.83 0.43
0.98 0.01 0.54 0.52
0.22 0.01 0.20 0.65
0.90 0.51 0.01 0.64
0.07 0.07 0.70 0.23
0.82 0.10 0.76 0.11
0.55 0.04 0.83 0.24
0.96 0.64 0.03 0.10
0.70 0.27 0.66 0.15
0.77 0.37 0.03 0.11
0.73 0.53 0.01 0.88
0.10 0.59 0.86 0.08
0.03 0.65 0.15 0.24
0.01 0.13 0.30 0.56
0.66 0.07 0.65 0.11
0.01 0.66 0.70 0.05
0.42 0.15 0.74 0.17
0.51 0.67 0.01 0.91
0.55 0.02 0.67 0.03
0.95 0.01 0.08 0.61
0.66 0.07 0.54 0.15
0.52 0.33 0.53 0.13
0.08 0.03 0.80 0.46
0.72 0.98 0.06 0.04
0.53 0.41 0.01 0.47
0.03 0.02 0.89 0.96
0.60 0.54 0.21 0.04
0.04 0.10 0.69 0.73
0.13 0.17 0.57 0.03
0.14 0.04 0.13 0.75
0.81 0.96 0.01 0.09
0.55 0.37 0.01 0.34
0.04 0.04 0.91 0.01
0.07 0.19 0.65 0.45
0.17 0.73 0.01 0.62
0.54 0.63 0.07 0.06
0.73 0.24 0.25 0.02
0.03 0.07 0.60 0.77
0.33 0.28 0.07 0.18
0.62 0.03 0.16 0.74
0.69 0.09 0.39 0.17
0.26 0.64 0.16 0.05
0.91 0.72 0.01 0.28
0.01 0.29 0.08 0.83
0.30 0.69 0.11 0.21
0.10 0.06 0.70 0.64
0.58 0.03 0.57 0.31
0.07 0.82 0.30 0.01
0.25 0.62 0.53 0.01
0.77 0.01 0.52 0.64
0.06 0.36 0.51 0.30
0.22 0.36 0.05 0.48
0.85 0.62 0.02 0.25
0.54 0.67 0.08 0.03
0.53 0.21 0.49 0.03
0.01 0.13 0.93 0.11
0.20 0.50 0.10 0.22
0.24 0.03 0.11 0.73
0.92 0.05 0.01 0.90
0.38 0.08 0.02 0.87
0.26 0.21 0.10 0.73
0.52 0.03 0.78 0.04
0.01 0.52 0.92 0.30
0.80 0.03 0.06 0.69
0.73 0.06 0.31 0.19
0.50 0.09 0.13 0.23
0.77 0.64 0.05 0.02
0.62 0.20 0.01 0.63
0.07 0.51 0.16 0.32
0.24 0.08 0.68 0.36
0.68 0.79 0.02 0.14
0.71 0.71 0.04 0.13
0.10 0.03 0.27 0.94
0.02 0.50 0.71 0.28
0.27 0.19 0.37 0.14
0.61 0.04 0.17 0.59
0.52 0.89 0.09 0.02
0.54 0.58 0.13 0.04
0.05 0.59 0.54 0.14
0.03 0.04 0.91 0.79
0.20 0.01 0.79 0.51
0.52 0.07 0.56 0.14
0.05 0.63 0.81 0.10
0.32 0.66 0.04 0.30
0.52 0.21 0.01 0.88
0.22 0.04 0.28 0.58
0.15 0.02 0.71 0.72
0.84 0.03 0.21 0.36
0.04 0.09 0.63 0.60
0.41 0.54 0.59 0.02
0.53 0.01 0.17 0.58
0.48 0.10 0.67 0.30
0.10 0.48 0.86 0.13
0.13 0.03 0.73 0.62
0.12 0.05 0.68 0.57
0.41 0.02 0.70 0.14
0.02 0.82 0.56 0.05
0.55 0.03 0.09 0.83
0.70 0.28 0.84 0.01
0.61 0.76 0.24 0.01
0.10 0.22 0.07 0.80
0.79 0.17 0.59 0.01
0.59 0.58 0.66 0.01
0.64 0.13 0.54 0.02
0.59 0.56 0.23 0.01
0.41 0.77 0.01 0.56
0.16 0.01 0.49 0.74
0.12 0.78 0.24 0.05
0.52 0.40 0.04 0.50
0.05 0.19 0.58 0.23
0.42 0.68 0.14 0.05
0.49 0.01 0.13 0.85
0.04 0.20 0.14 0.20
0.66 0.11 0.05 0.45
0.02 0.10 0.97 0.86
0.29 0.16 0.90 0.02
0.01 0.43 0.82 0.18
0.01 0.52 0.63 0.24
0.33 0.06 0.78 0.15
0.12 0.52 0.65 0.05
0.54 0.67 0.03 0.22
0.10 0.87 0.01 0.71
0.60 0.08 0.14 0.14
0.07 0.08 0.59 0.01
0.01 0.94 0.51 0.10
0.65 0.05 0.49 0.27
0.93 0.55 0.01 0.16
0.53 0.67 0.11 0.12
0.13 0.89 0.01 0.37
0.47 0.42 0.01 0.94
0.04 0.46 0.57 0.07
0.68 0.68 0.19 0.01
0.01 0.53 0.90 0.02
0.34 0.78 0.01 0.15
0.84 0.19 0.01 0.69
0.20 0.09 0.56 0.06
0.13 0.62 0.56 0.12
0.59 0.07 0.30 0.05
0.04 0.66 0.30 0.10
0.52 0.54 0.05 0.38
0.07 0.03 0.53 0.66
0.11 0.87 0.04 0.30
0.13 0.77 0.03 0.17
0.85 0.06 0.07 0.17
0.76 0.79 0.06 0.03
0.01 0.61 0.62 0.12
0.25 0.10 0.09 0.93
0.04 0.04 0.03 0.59
0.61 0.16 0.01 0.85
0.03 0.55 0.59 0.08
0.57 0.21 0.42 0.12
0.70 0.79 0.02 0.06
0.31 0.08 0.35 0.13
0.50 0.46 0.01 0.19
0.67 0.37 0.01 0.26
0.67 0.45 0.13 0.05
0.43 0.78 0.27 0.04
0.15 0.50 0.54 0.17
0.78 0.08 0.12 0.38
0.61 0.10 0.04 0.31
0.41 0.45 0.13 0.17
0.95 0.53 0.02 0.01
0.04 0.01 0.85 0.92
0.82 0.08 0.21 0.12
0.14 0.71 0.24 0.03
0.79 0.04 0.49 0.24
0.25 0.03 0.63 0.09
0.87 0.24 0.05 0.16
0.07 0.01 0.85 0.82
0.11 0.65 0.01 0.56
0.34 0.02 1.00 0.46
0.57 0.64 0.30 0.03
0.20 0.40 0.39 0.10
0.05 0.11 0.82 0.12
0.93 0.01 0.63 0.27
0.08 0.43 0.52 0.02
0.29 0.01 0.08 0.79
0.25 0.14 0.12 0.55
0.10 0.04 0.59 0.12
0.12 0.84 0.06 0.21
0.51 0.57 0.50 0.01
0.10 0.64 0.42 0.05
0.05 0.03 0.52 0.79
0.57 0.04 0.57 0.06
0.53 0.51 0.09 0.14
0.01 0.55 0.04 0.03
0.56 0.51 0.15 0.04
0.73 0.65 0.15 0.01
0.06 0.01 0.79 0.62
0.03 0.44 0.64 0.51
0.20 0.01 0.05 0.60
0.66 0.94 0.01 0.11
0.04 0.11 0.61 0.16
0.05 0.25 0.07 0.03
0.91 0.02 0.69 0.02
0.58 0.35 0.06 0.45
0.09 0.01 0.49 0.68
0.40 0.21 0.01 0.58
0.67 0.74 0.01 0.03
0.97 0.01 0.55 0.49
0.95 0.36 0.02 0.18
0.93 0.12 0.40 0.01
0.56 0.40 0.02 0.06
0.16 0.66 0.01 0.53
0.03 0.02 0.38 0.87
0.25 0.64 0.01 0.91
0.66 0.01 0.06 0.14
0.03 0.20 0.57 0.52
0.90 0.19 0.05 0.21
0.48 0.12 0.17 0.51
0.02 0.07 0.62 0.86
0.02 0.14 0.92 0.41
0.72 0.22 0.21 0.08
0.99 0.21 0.21 0.11
0.28 0.12 0.11 0.52
0.78 0.01 0.84 0.02
0.27 0.10 0.51 0.01
0.27 0.10 0.02 0.95
0.83 0.24 0.05 0.19
0.55 0.91 0.14 0.01
0.05 0.67 0.90 0.01
0.01 0.37 0.64 0.27
0.45 0.14 0.44 0.03
0.24 0.88 0.02 0.21
0.01 0.41 0.58 0.11
0.06 0.54 0.69 0.01
0.04 0.62 0.66 0.01
0.31 0.82 0.02 0.08
0.60 0.18 0.01 0.97
0.07 0.05 0.87 0.10
0.11 0.06 0.16 0.57
0.01 0.33 0.51 0.42
0.94 0.04 0.59 0.02
0.57 0.40 0.35 0.01
0.54 0.11 0.31 0.12
