400 4
0.92 0.71 0.16 0.62
0.65 0.73 0.69 0.69
0.87 0.58 0.74 0.72
0.61 0.87 0.82 0.79
0.87 0.59 0.63 0.77
0.18 0.91 0.21 0.57
0.71 0.81 0.15 0.99
0.57 0.54 0.70 0.22
0.02 0.84 0.17 0.74
0.60 0.01 0.87 0.75
0.72 0.25 0.56 0.18
0.64 0.76 0.59 0.06
0.98 0.59 0.25 0.15
0.41 0.05 0.75 0.70
0.88 0.22 0.52 0.61
0.70 0.55 0.63 0.34
0.08 0.79 0.51 0.66
0.97 0.18 0.83 0.22
0.73 0.80 0.36 0.70
0.62 0.80 0.47 0.53
0.29 0.69 0.01 0.12
0.82 0.34 0.06 0.52
0.18 0.75 0.95 0.51
0.69 0.04 0.64 0.32
0.56 0.64 0.73 0.30
0.65 0.62 0.30 0.51
0.39 0.36 0.21 0.50
0.31 0.51 0.37 0.40
0.03 0.44 0.79 0.76
0.20 0.89 0.84 0.28
0.56 0.07 0.67 0.95
0.01 0.64 0.94 0.59
0.67 0.52 0.95 0.14
0.23 0.76 0.77 0.60
0.58 0.57 0.67 0.15
0.54 0.61 0.13 0.11
0.83 0.20 0.57 0.86
0.23 0.23 0.87 0.64
0.42 0.55 0.20 0.33
0.16 0.82 0.70 0.09
0.07 0.43 0.67 0.67
0.03 0.90 0.96 0.53
0.54 0.40 0.83 0.21
0.95 0.10 0.59 0.67
0.13 0.73 0.52 0.60
0.06 0.58 1.00 0.55
0.16 0.69 0.66 0.75
0.57 0.16 0.85 0.32
0.91 0.34 0.39 0.44
0.07 0.58 0.53 0.47
0.32 0.61 0.56 0.18
0.48 0.14 0.71 0.55
0.67 0.61 0.07 0.67
0.87 0.37 0.98 0.07
0.63 0.58 0.69 0.13
0.93 0.56 0.03 0.86
0.56 0.09 0.12 0.29
0.60 0.03 0.92 0.58
0.45 0.28 0.74 0.75
0.04 0.66 0.06 0.60
0.69 0.35 0.10 0.60
0.30 0.57 0.56 0.18
0.20 0.53 0.97 0.64
0.12 0.03 0.58 0.11
0.06 0.56 0.31 0.68
0.72 0.87 0.54 0.09
0.28 0.67 0.78 0.09
0.17 0.69 0.53 0.27
0.59 0.88 0.85 0.06
0.57 0.34 0.03 0.49
0.07 0.01 0.07 0.52
0.04 0.62 0.90 0.48
0.84 0.83 0.91 0.03
0.62 0.67 0.61 0.08
0.02 0.52 0.81 0.76
0.06 0.62 0.04 0.84
0.83 0.50 0.79 0.01
0.01 0.52 0.60 0.97
0.11 0.05 0.06 0.57
0.11 0.86 0.87 0.03
0.24 0.40 0.91 0.07
0.79 0.05 0.49 0.26
0.79 0.46 0.96 0.04
0.58 0.99 0.11 0.05
0.43 0.52 0.37 0.19
0.34 0.23 0.46 0.18
0.02 0.69 0.69 0.77
0.20 0.82 0.15 0.22
0.01 0.67 0.59 0.91
0.03 0.06 0.86 0.11
0.01 0.23 0.37 0.65
0.05 0.76 0.94 0.06
0.53 0.64 0.15 0.01
0.84 0.09 1.00 0.02
0.17 0.76 0.18 0.11
0.86 0.45 0.53 0.05
0.04 0.71 0.51 0.11
0.04 0.75 0.50 0.31
0.73 0.58 0.89 0.06
0.02 0.78 0.58 0.23
0.66 0.47 0.88 0.07
0.99 0.01 0.57 0.22
0.40 0.64 0.85 0.02
0.66 0.02 0.42 0.19
0.21 0.99 0.40 0.03
0.01 0.09 0.69 0.18
0.13 0.53 0.88 0.04
0.01 0.07 0.66 0.64
0.07 0.51 0.73 0.03
0.22 0.98 0.07 0.33
0.85 0.25 0.53 0.09
0.23 0.52 0.43 0.33
0.95 0.57 0.28 0.15
0.05 0.58 0.40 0.11
1.00 0.57 0.05 0.32
0.26 0.32 0.25 0.21
0.08 0.43 0.01 0.91
0.68 0.39 0.55 0.17
0.03 0.78 0.32 0.73
0.52 0.18 0.02 0.81
0.04 0.24 0.01 0.58
0.74 0.63 0.67 0.09
0.82 0.24 0.11 0.25
0.37 0.26 0.79 0.01
0.24 0.52 0.85 0.01
0.73 0.85 0.03 0.09
0.98 0.63 0.03 0.38
0.52 0.79 0.21 0.10
0.14 1.00 0.30 0.36
0.38 0.42 0.68 0.03
0.50 0.36 0.24 0.47
0.64 0.24 0.82 0.03
0.86 0.54 0.07 0.45
0.58 0.07 0.57 0.09
0.55 0.05 0.31 0.18
0.83 0.55 0.10 0.46
0.19 0.60 0.08 0.51
0.35 0.14 0.04 0.90
0.74 0.17 0.79 0.04
0.99 0.68 0.10 0.14
0.22 0.50 0.31 0.19
0.09 0.75 0.19 0.51
0.22 0.66 0.70 0.01
0.04 0.81 0.50 0.02
0.76 0.95 0.05 0.01
0.68 0.24 0.15 0.04
0.54 0.55 0.37 0.07
0.02 0.94 0.33 0.73
0.34 0.22 0.12 0.28
0.03 0.62 0.12 0.54
0.92 0.19 0.77 0.04
0.80 0.03 0.54 0.18
0.79 0.55 0.41 0.01
0.64 0.02 0.86 0.50
0.05 0.57 0.64 0.41
0.76 0.52 0.10 0.23
0.02 0.78 0.05 0.75
0.01 0.62 0.23 0.95
0.22 0.77 0.58 0.04
0.79 0.10 0.02 0.90
0.19 0.74 0.38 0.11
0.17 0.51 0.58 0.03
0.55 0.52 0.08 0.05
0.54 0.01 0.45 0.51
0.76 0.01 0.69 0.28
0.35 0.02 0.05 0.56
0.16 0.74 0.29 0.16
0.37 0.15 0.68 0.09
0.69 0.55 0.05 0.29
0.77 0.63 0.55 0.03
0.65 0.37 0.03 0.30
0.04 0.43 0.62 0.37
0.66 0.01 0.51 0.47
0.04 0.95 0.46 0.03
0.67 0.01 0.29 0.23
0.05 0.47 0.46 0.29
0.03 0.56 0.64 0.44
0.91 0.49 0.09 0.24
0.48 0.82 0.10 0.06
0.49 0.74 0.28 0.07
0.18 0.72 0.03 0.37
0.44 0.02 0.60 0.32
0.04 0.55 0.55 0.52
0.95 0.34 0.58 0.03
0.82 0.66 0.06 0.18
0.54 0.98 0.11 0.01
0.08 0.52 0.68 0.06
0.39 0.80 0.25 0.03
0.01 0.86 0.33 0.82
0.13 0.80 0.30 0.37
0.15 0.93 0.07 0.51
0.61 0.87 0.01 0.07
0.38 0.11 0.66 0.03
0.04 0.15 0.55 0.60
0.89 0.16 0.87 0.01
0.54 0.40 0.60 0.07
0.12 0.53 0.14 0.43
0.49 0.78 0.15 0.07
0.63 0.23 0.64 0.01
0.01 0.79 0.07 0.75
0.21 0.58 0.38 0.05
0.01 0.03 0.35 0.46
0.32 0.23 0.56 0.42
0.03 0.71 0.05 0.66
0.93 0.62 0.04 0.01
0.90 0.10 0.26 0.16
0.27 0.36 0.67 0.04
0.01 0.84 0.59 0.38
0.54 0.68 0.10 0.50
0.09 0.64 0.05 0.42
0.94 0.22 0.08 0.18
0.51 0.37 0.65 0.07
0.50 0.24 0.01 0.56
0.87 0.02 0.17 0.25
0.24 0.84 0.01 0.54
0.75 0.11 0.31 0.15
0.17 0.47 0.62 0.06
0.03 0.02 0.59 0.03
0.20 0.69 0.05 0.06
0.52 0.66 0.61 0.02
0.17 0.80 0.63 0.01
0.09 0.09 0.56 0.07
0.11 0.61 0.18 0.21
0.60 0.34 0.35 0.10
0.01 0.61 0.65 0.18
0.60 0.59 0.04 0.42
0.04 0.94 0.40 0.35
0.10 0.76 0.08 0.14
0.61 0.51 0.57 0.01
0.02 0.34 0.28 0.78
0.22 0.84 0.16 0.05
0.65 0.09 0.92 0.02
0.87 0.14 0.54 0.10
0.93 0.55 0.01 0.52
0.54 0.13 0.02 0.61
0.37 0.79 0.64 0.01
0.28 0.06 0.03 0.74
0.03 0.55 0.23 0.95
0.19 0.23 0.53 0.39
0.52 0.61 0.06 0.21
0.08 0.53 0.52 0.22
0.69 0.52 0.29 0.01
0.62 0.26 0.01 0.42
0.75 0.09 0.32 0.16
0.79 0.07 0.05 0.31
0.60 0.06 0.20 0.01
0.56 0.09 0.95 0.02
0.03 1.00 0.30 0.31
0.23 0.55 0.07 0.39
0.58 0.47 0.40 0.15
0.53 0.73 0.03 0.06
0.92 0.60 0.06 0.23
0.95 0.02 0.04 0.93
0.54 0.08 0.45 0.36
0.55 0.21 0.54 0.17
0.54 0.01 0.75 0.01
0.02 0.78 0.54 0.04
0.35 0.83 0.55 0.01
0.18 0.27 0.45 0.06
0.01 0.74 0.41 0.44
0.25 0.18 0.06 0.52
0.57 0.02 0.49 0.06
0.54 0.45 0.01 0.46
0.41 0.06 0.33 0.44
0.10 0.66 0.36 0.27
0.94 0.53 0.04 0.13
1.00 0.08 0.13 0.22
0.84 0.09 0.08 0.09
0.14 0.56 0.75 0.01
0.53 0.87 0.05 0.05
0.02 0.18 0.20 0.33
0.01 0.59 0.80 0.11
0.16 0.75 0.01 0.02
0.03 0.20 0.03 0.93
0.58 0.10 0.15 0.14
0.56 0.18 0.71 0.02
0.20 0.35 0.84 0.02
0.11 0.27 0.48 0.29
0.32 0.26 0.36 0.04
0.56 0.26 0.20 0.17
0.14 0.32 0.06 0.54
0.60 0.01 0.03 0.90
0.16 0.53 0.10 0.29
0.13 0.57 0.18 0.23
0.68 0.54 0.07 0.02
0.05 0.57 0.33 0.09
0.45 0.28 0.34 0.14
0.17 0.40 0.68 0.02
0.36 0.29 0.02 0.32
0.26 0.72 0.04 0.18
0.39 0.69 0.18 0.01
0.51 0.49 0.08 0.11
0.96 0.01 0.19 0.17
0.66 0.51 0.14 0.07
0.17 0.55 0.01 0.49
0.06 0.93 0.06 0.15
0.76 0.01 0.67 0.11
0.04 0.57 0.53 0.10
0.43 0.18 0.08 0.40
0.16 0.81 0.55 0.01
0.03 0.13 0.52 0.34
0.82 0.01 0.10 0.04
0.01 0.92 0.04 0.86
0.73 0.01 0.57 0.13
0.02 0.52 0.10 0.52
1.00 0.11 0.01 0.69
0.20 0.13 0.40 0.41
0.01 0.95 0.07 0.23
0.10 0.62 0.34 0.06
0.05 0.50 0.15 0.01
0.97 0.25 0.05 0.07
0.33 0.26 0.76 0.02
0.74 0.06 0.01 0.61
0.79 0.64 0.01 0.14
0.02 0.82 0.07 0.62
0.09 0.32 0.65 0.02
0.05 0.51 0.03 0.13
0.78 0.22 0.02 0.11
0.04 0.92 0.03 0.27
0.43 0.05 0.53 0.12
0.13 0.63 0.02 0.52
0.42 0.04 0.06 0.53
0.01 0.54 0.31 0.76
0.18 0.44 0.03 0.07
0.03 0.79 0.07 0.27
0.01 0.70 0.61 0.39
0.01 0.42 0.67 0.23
0.02 0.53 0.60 0.06
0.12 0.05 0.07 0.19
0.79 0.70 0.04 0.02
0.64 0.23 0.01 0.63
0.24 0.10 0.05 0.93
0.01 0.54 0.23 0.81
0.02 0.31 0.66 0.10
0.62 0.30 0.10 0.18
0.62 0.04 0.09 0.42
0.01 0.57 0.21 0.90
0.01 0.01 0.71 0.90
0.19 0.03 0.83 0.01
0.05 1.00 0.05 0.09
0.81 0.55 0.03 0.01
0.49 0.16 0.41 0.02
0.01 0.92 0.09 0.58
0.02 0.15 0.22 0.26
0.06 0.23 0.02 0.98
0.31 0.28 0.06 0.29
0.51 0.12 0.80 0.01
0.57 0.20 0.01 0.98
0.03 0.91 0.03 0.91
0.02 0.53 0.08 0.92
0.40 0.83 0.05 0.01
0.58 0.59 0.02 0.28
0.81 0.68 0.01 0.13
0.38 0.20 0.18 0.06
0.01 0.21 0.14 0.63
0.08 0.84 0.02 0.55
0.05 0.28 0.15 0.05
0.42 0.06 0.02 0.52
0.01 0.80 0.10 0.06
0.01 0.98 0.54 0.03
0.56 0.31 0.33 0.02
0.01 0.07 0.81 0.36
0.02 0.61 0.53 0.04
0.02 0.45 0.18 0.61
0.01 0.86 0.07 0.34
0.28 0.60 0.06 0.04
0.01 0.58 0.01 0.66
0.64 0.39 0.04 0.10
0.04 0.83 0.63 0.01
0.58 0.09 0.03 0.19
0.86 0.28 0.16 0.03
0.26 0.01 0.86 0.20
0.99 0.13 0.01 0.58
0.14 0.92 0.01 0.36
0.97 0.05 0.58 0.01
0.18 0.31 0.60 0.01
0.01 0.72 0.49 0.32
0.03 0.99 0.03 0.23
0.98 0.24 0.01 0.05
0.51 0.54 0.01 0.54
0.03 0.80 0.03 0.29
0.69 0.45 0.02 0.12
0.02 0.72 0.07 0.62
0.88 0.13 0.07 0.14
0.01 0.35 0.21 0.11
0.70 0.53 0.04 0.02
0.43 0.01 0.66 0.13
0.51 0.03 0.25 0.36
0.52 0.23 0.04 0.18
0.02 0.78 0.30 0.02
0.54 0.01 0.06 0.35
0.20 0.01 0.73 0.51
0.80 0.01 0.60 0.09
0.65 0.02 0.08 0.25
0.54 0.19 0.01 0.58
0.58 0.56 0.11 0.04
0.03 0.69 0.04 0.26
0.52 0.20 0.05 0.20
0.73 0.05 0.29 0.17
0.01 0.91 0.98 0.01
