400 4
92 71 16 62
65 73 69 69
87 58 74 72
61 87 82 79
87 59 63 77
18 91 21 57
71 81 15 99
57 54 70 22
2 84 17 74
60 1 87 75
72 25 56 18
64 76 59 6
98 59 25 15
41 5 75 70
88 22 52 61
70 55 63 34
8 79 51 66
97 18 83 22
73 80 36 70
62 80 47 53
29 69 1 12
82 34 6 52
18 75 95 51
69 4 64 32
56 64 73 30
65 62 30 51
39 36 21 50
31 51 37 40
3 44 79 76
20 89 84 28
56 7 67 95
1 64 94 59
67 52 95 14
23 76 77 60
58 57 67 15
54 61 13 11
83 20 57 86
23 23 87 64
42 55 20 33
16 82 70 9
7 43 67 67
3 90 96 53
54 40 83 21
95 10 59 67
13 73 52 60
6 58 100 55
16 69 66 75
57 16 85 32
91 34 39 44
7 58 53 47
32 61 56 18
48 14 71 55
67 61 7 67
87 37 98 7
63 58 69 13
93 56 3 86
56 9 12 29
60 3 92 58
45 28 74 75
4 66 6 60
69 35 10 60
30 57 56 18
20 53 97 64
12 3 58 11
6 56 31 68
72 87 54 9
28 67 78 9
17 69 53 27
59 88 85 6
57 34 3 49
7 1 7 52
4 62 90 48
84 83 91 3
62 67 61 8
2 52 81 76
6 62 4 84
83 50 79 1
1 52 60 97
11 5 6 57
11 86 87 3
24 40 91 7
79 5 49 26
79 46 96 4
58 99 11 5
43 52 37 19
34 23 46 18
2 69 69 77
20 82 15 22
1 67 59 91
3 6 86 11
1 23 37 65
5 76 94 6
53 64 15 1
84 9 100 2
17 76 18 11
86 45 53 5
4 71 51 11
4 75 50 31
73 58 89 6
2 78 58 23
66 47 88 7
99 1 57 22
40 64 85 2
66 2 42 19
21 99 40 3
1 9 69 18
13 53 88 4
1 7 66 64
7 51 73 3
22 98 7 33
85 25 53 9
23 52 43 33
95 57 28 15
5 58 40 11
100 57 5 32
26 32 25 21
8 43 1 91
68 39 55 17
3 78 32 73
52 18 2 81
4 24 1 58
74 63 67 9
82 24 11 25
37 26 79 1
24 52 85 1
73 85 3 9
98 63 3 38
52 79 21 10
14 100 30 36
38 42 68 3
50 36 24 47
64 24 82 3
86 54 7 45
58 7 57 9
55 5 31 18
83 55 10 46
19 60 8 51
35 14 4 90
74 17 79 4
99 68 10 14
22 50 31 19
9 75 19 51
22 66 70 1
4 81 50 2
76 95 5 1
68 24 15 4
54 55 37 7
2 94 33 73
34 22 12 28
3 62 12 54
92 19 77 4
80 3 54 18
79 55 41 1
64 2 86 50
5 57 64 41
76 52 10 23
2 78 5 75
1 62 23 95
22 77 58 4
79 10 2 90
19 74 38 11
17 51 58 3
55 52 8 5
54 1 45 51
76 1 69 28
35 2 5 56
16 74 29 16
37 15 68 9
69 55 5 29
77 63 55 3
65 37 3 30
4 43 62 37
66 1 51 47
4 95 46 3
67 1 29 23
5 47 46 29
3 56 64 44
91 49 9 24
48 82 10 6
49 74 28 7
18 72 3 37
44 2 60 32
4 55 55 52
95 34 58 3
82 66 6 18
54 98 11 1
8 52 68 6
39 80 25 3
1 86 33 82
13 80 30 37
15 93 7 51
61 87 1 7
38 11 66 3
4 15 55 60
89 16 87 1
54 40 60 7
12 53 14 43
49 78 15 7
63 23 64 1
1 79 7 75
21 58 38 5
1 3 35 46
32 23 56 42
3 71 5 66
93 62 4 1
90 10 26 16
27 36 67 4
1 84 59 38
54 68 10 50
9 64 5 42
94 22 8 18
51 37 65 7
50 24 1 56
87 2 17 25
24 84 1 54
75 11 31 15
17 47 62 6
3 2 59 3
20 69 5 6
52 66 61 2
17 80 63 1
9 9 56 7
11 61 18 21
60 34 35 10
1 61 65 18
60 59 4 42
4 94 40 35
10 76 8 14
61 51 57 1
2 34 28 78
22 84 16 5
65 9 92 2
87 14 54 10
93 55 1 52
54 13 2 61
37 79 64 1
28 6 3 74
3 55 23 95
19 23 53 39
52 61 6 21
8 53 52 22
69 52 29 1
62 26 1 42
75 9 32 16
79 7 5 31
60 6 20 1
56 9 95 2
3 100 30 31
23 55 7 39
58 47 40 15
53 73 3 6
92 60 6 23
95 2 4 93
54 8 45 36
55 21 54 17
54 1 75 1
2 78 54 4
35 83 55 1
18 27 45 6
1 74 41 44
25 18 6 52
57 2 49 6
54 45 1 46
41 6 33 44
10 66 36 27
94 53 4 13
100 8 13 22
84 9 8 9
14 56 75 1
53 87 5 5
2 18 20 33
1 59 80 11
16 75 1 2
3 20 3 93
58 10 15 14
56 18 71 2
20 35 84 2
11 27 48 29
32 26 36 4
56 26 20 17
14 32 6 54
60 1 3 90
16 53 10 29
13 57 18 23
68 54 7 2
5 57 33 9
45 28 34 14
17 40 68 2
36 29 2 32
26 72 4 18
39 69 18 1
51 49 8 11
96 1 19 17
66 51 14 7
17 55 1 49
6 93 6 15
76 1 67 11
4 57 53 10
43 18 8 40
16 81 55 1
3 13 52 34
82 1 10 4
1 92 4 86
73 1 57 13
2 52 10 52
100 11 1 69
20 13 40 41
1 95 7 23
10 62 34 6
5 50 15 1
97 25 5 7
33 26 76 2
74 6 1 61
79 64 1 14
2 82 7 62
9 32 65 2
5 51 3 13
78 22 2 11
4 92 3 27
43 5 53 12
13 63 2 52
42 4 6 53
1 54 31 76
18 44 3 7
3 79 7 27
1 70 61 39
1 42 67 23
2 53 60 6
12 5 7 19
79 70 4 2
64 23 1 63
24 10 5 93
1 54 23 81
2 31 66 10
62 30 10 18
62 4 9 42
1 57 21 90
1 1 71 90
19 3 83 1
5 100 5 9
81 55 3 1
49 16 41 2
1 92 9 58
2 15 22 26
6 23 2 98
31 28 6 29
51 12 80 1
57 20 1 98
3 91 3 91
2 53 8 92
40 83 5 1
58 59 2 28
81 68 1 13
38 20 18 6
1 21 14 63
8 84 2 55
5 28 15 5
42 6 2 52
1 80 10 6
1 98 54 3
56 31 33 2
1 7 81 36
2 61 53 4
2 45 18 61
1 86 7 34
28 60 6 4
1 58 1 66
64 39 4 10
4 83 63 1
58 9 3 19
86 28 16 3
26 1 86 20
99 13 1 58
14 92 1 36
97 5 58 1
18 31 60 1
1 72 49 32
3 99 3 23
98 24 1 5
51 54 1 54
3 80 3 29
69 45 2 12
2 72 7 62
88 13 7 14
1 35 21 11
70 53 4 2
43 1 66 13
51 3 25 36
52 23 4 18
2 78 30 2
54 1 6 35
20 1 73 51
80 1 60 9
65 2 8 25
54 19 1 58
58 56 11 4
3 69 4 26
52 20 5 20
73 5 29 17
1 91 98 1
