400 4
86 2 18 22
81 53 64 71
13 77 65 66
65 68 72 14
74 32 81 68
66 34 48 28
56 55 28 93
53 61 67 74
77 71 71 26
57 25 68 54
85 9 89 61
64 1 78 97
28 75 95 64
34 13 68 96
13 23 24 7
99 1 11 89
1 10 82 74
89 80 6 64
15 76 4 57
73 2 95 45
55 63 5 88
82 18 33 61
88 79 28 4
29 31 66 2
70 72 10 57
54 73 10 1
70 12 89 51
87 7 15 64
3 69 66 90
1 53 58 70
62 61 9 93
8 95 61 57
8 51 96 52
79 1 59 73
10 80 84 2
9 53 69 68
12 66 29 46
55 7 81 56
85 26 15 66
90 98 1 89
43 22 82 60
17 21 80 66
6 83 1 66
61 16 14 95
56 93 3 53
57 75 3 47
35 16 65 84
56 6 93 25
2 30 51 100
37 53 11 94
7 89 16 27
69 1 80 79
72 7 71 6
3 19 33 55
49 10 65 88
21 1 32 54
39 63 8 67
46 61 5 61
90 39 11 83
16 21 7 91
57 3 5 69
9 21 79 40
89 47 3 71
56 20 33 53
86 30 71 5
5 83 13 90
44 65 83 1
30 49 14 58
7 73 62 54
74 63 15 55
53 54 43 6
56 1 26 85
14 15 85 53
90 11 7 5
51 89 33 5
4 87 62 45
87 1 85 52
74 10 69 44
71 56 1 96
17 7 42 72
35 34 12 62
52 22 61 3
77 14 45 30
33 41 16 87
16 90 2 65
5 79 8 82
25 8 43 40
54 50 8 85
79 55 17 24
88 3 97 5
24 70 11 55
87 23 12 51
55 57 7 82
17 42 3 57
9 49 81 16
15 72 23 53
77 8 56 29
2 58 53 71
13 74 17 69
57 19 41 3
40 1 81 22
69 91 1 4
4 54 4 91
52 84 18 19
55 9 5 53
1 54 90 56
6 18 72 93
26 43 16 43
2 94 84 54
75 19 26 52
57 13 13 41
9 9 90 59
56 81 2 25
8 70 29 81
86 25 11 45
71 64 6 41
61 59 10 47
48 5 74 22
60 1 100 15
10 79 59 43
10 65 60 54
34 5 88 26
58 5 80 15
95 4 9 46
1 90 73 24
62 41 20 7
73 1 14 77
98 55 1 91
70 1 75 53
4 94 98 17
71 4 93 12
78 62 12 20
54 30 54 6
13 43 8 78
54 2 82 1
12 72 11 22
52 2 13 72
33 60 9 50
76 74 6 15
78 2 56 11
7 22 51 44
5 70 11 54
4 14 72 32
2 23 71 56
1 65 63 68
3 96 20 57
35 22 34 36
80 64 2 52
56 59 2 71
63 34 1 7
6 62 11 66
7 3 74 18
7 49 8 73
1 54 73 3
30 1 26 92
34 11 40 5
10 99 46 1
11 12 59 21
2 81 44 51
40 84 5 38
1 46 90 71
15 88 90 1
1 98 54 82
10 62 63 22
75 3 63 16
13 87 9 57
60 5 69 47
5 7 66 54
53 2 29 46
46 81 69 1
6 70 54 50
18 36 16 15
3 57 17 62
71 33 4 69
8 74 30 19
14 69 12 35
38 14 11 10
2 8 47 11
16 84 60 4
54 18 2 13
26 25 5 79
52 80 12 3
54 41 1 91
26 66 9 17
54 11 7 58
5 71 40 24
2 16 9 94
1 85 6 85
5 1 90 84
32 12 25 86
1 71 26 66
12 77 7 61
2 73 4 77
1 71 72 44
5 1 73 56
1 60 57 65
47 6 98 16
4 57 37 54
28 11 4 86
79 7 24 65
8 45 43 20
27 18 8 93
4 52 33 31
73 7 78 5
54 64 26 4
57 8 76 10
2 71 39 46
24 35 14 42
70 3 8 23
2 71 24 86
86 11 2 95
2 7 66 55
85 60 71 1
23 75 23 2
89 56 76 1
17 74 12 5
21 79 8 56
52 55 16 9
54 4 11 91
5 12 9 85
2 61 42 24
45 71 19 8
29 12 23 84
36 3 28 52
11 93 6 62
95 70 59 2
6 98 68 3
49 52 2 40
100 9 4 63
64 65 20 3
1 17 88 17
84 12 26 4
13 4 10 64
24 68 12 56
8 81 52 7
61 67 26 2
53 10 14 23
17 94 2 62
44 53 7 45
1 13 59 95
13 97 4 25
1 83 16 91
61 8 3 79
33 89 47 1
82 5 68 1
10 80 23 22
23 7 53 40
4 16 69 4
94 7 67 2
68 3 9 59
6 78 9 49
44 15 97 1
48 4 10 52
31 37 42 6
8 3 65 94
58 7 39 22
54 1 9 2
67 16 4 55
1 3 23 99
62 22 1 93
4 35 18 55
16 3 59 57
1 86 52 5
7 5 69 9
15 90 44 2
35 12 19 25
45 71 1 68
6 2 52 53
52 5 52 34
16 52 1 59
3 67 13 90
29 58 60 6
29 80 2 54
27 59 2 58
49 61 54 2
9 57 1 97
57 28 1 53
10 56 13 56
5 6 62 52
82 7 4 98
46 58 55 4
33 58 22 1
88 29 4 2
4 2 94 100
84 57 66 1
53 51 55 2
53 16 10 20
53 52 34 3
1 74 15 94
51 2 54 18
11 91 6 23
60 3 5 50
1 100 33 54
45 56 72 1
23 36 9 64
13 9 2 28
1 63 38 8
7 50 4 74
5 90 14 15
5 98 60 4
80 19 1 84
20 52 15 20
2 34 4 83
11 54 4 37
2 72 33 52
11 36 10 30
11 7 52 51
56 52 1 29
86 78 3 6
13 97 1 49
26 61 56 3
3 76 23 29
15 74 86 2
42 55 95 1
37 56 61 3
67 26 32 1
2 67 70 4
33 16 1 80
4 10 45 65
2 6 75 18
1 19 74 93
41 3 85 9
1 23 77 63
31 18 42 12
1 52 64 84
21 51 7 2
98 56 3 1
2 6 41 94
9 66 9 52
1 35 38 82
52 1 77 7
1 60 60 1
29 4 5 17
51 61 3 16
41 2 26 67
3 90 14 63
3 25 27 92
92 5 32 1
55 55 4 9
22 1 30 83
8 67 1 83
62 1 3 87
6 68 7 6
84 16 1 66
35 80 1 11
18 11 38 16
39 42 3 26
10 48 3 47
19 7 2 38
2 46 19 25
26 95 3 10
5 8 24 88
46 4 89 1
58 15 73 1
69 56 4 5
35 5 39 5
1 48 57 59
3 32 43 52
79 26 1 22
5 6 89 16
5 65 15 74
59 91 4 6
34 2 8 75
35 1 4 66
53 75 6 7
1 56 30 91
63 16 3 14
27 65 1 57
13 54 58 2
6 43 6 13
2 16 45 62
2 81 14 52
12 9 4 59
1 22 69 64
3 11 34 75
2 63 36 18
68 1 75 1
73 2 72 1
10 62 2 82
49 2 52 51
55 11 1 22
15 26 1 89
32 20 31 4
4 95 29 14
2 72 11 70
27 11 26 14
65 54 5 3
1 80 18 68
1 16 71 18
1 15 53 59
52 61 1 58
78 38 7 2
87 59 17 1
54 52 3 4
7 41 29 18
3 7 54 66
79 19 1 5
12 9 66 5
14 1 30 59
2 4 36 76
