300 5
0.97 0.84 0.90 0.47 0.86
0.31 0.52 0.53 0.61 0.88
0.58 0.66 0.72 0.57 0.77
0.78 0.95 0.97 0.06 0.72
0.61 0.72 0.61 0.94 0.87
0.64 0.83 0.51 0.53 0.63
0.53 0.60 0.90 0.76 0.87
0.79 0.64 0.57 0.85 0.75
0.57 0.57 0.76 0.97 0.62
0.97 0.85 0.15 0.87 0.55
0.59 0.98 0.75 0.75 0.59
0.54 0.71 0.69 0.51 0.87
0.69 0.81 0.61 0.62 0.55
0.87 0.95 0.06 0.99 0.52
0.95 0.56 0.77 0.58 0.73
0.90 0.66 0.54 0.68 0.67
0.51 0.97 0.81 0.72 0.62
0.57 0.99 0.68 0.64 0.27
0.54 0.81 0.54 0.78 0.55
0.96 0.96 0.64 0.92 0.54
0.61 0.67 0.63 0.68 0.79
0.53 0.75 0.99 0.80 0.62
0.42 0.62 0.63 0.57 0.92
0.87 0.81 0.64 0.02 0.58
0.75 0.57 0.87 0.97 0.57
0.73 0.62 0.66 0.55 0.66
0.86 0.71 0.58 0.54 1.00
0.57 0.99 0.58 0.54 0.86
0.81 0.83 0.92 0.71 0.51
0.52 0.54 0.65 0.91 0.56
0.67 0.98 0.74 0.71 0.61
0.61 0.97 0.63 0.17 0.82
0.51 0.87 0.70 0.69 0.86
0.65 0.54 0.70 0.65 0.64
0.86 0.71 1.00 0.91 0.36
0.56 0.57 0.79 0.86 0.76
0.62 0.61 0.97 0.88 0.64
0.55 0.68 0.54 0.73 0.77
0.66 0.88 1.00 0.52 0.58
0.41 0.86 0.79 0.42 0.81
0.64 0.51 0.88 0.72 0.75
0.61 1.00 0.79 0.38 0.58
0.80 0.75 0.58 0.94 0.64
0.71 0.86 0.63 0.71 0.51
0.53 0.52 0.76 0.67 0.79
0.98 0.59 0.66 0.53 0.98
0.55 0.55 0.88 0.51 0.88
0.55 0.24 0.67 0.24 0.62
0.98 0.53 0.51 0.88 0.53
0.54 0.51 0.63 0.53 1.00
0.79 0.58 0.51 0.69 0.94
0.62 0.79 0.70 0.64 0.57
0.82 0.68 0.52 0.91 0.87
0.42 0.81 0.82 0.73 0.74
0.56 0.99 0.51 0.81 0.54
0.89 0.60 0.73 0.64 0.01
0.57 0.70 0.54 0.86 0.54
0.56 0.78 0.82 1.00 0.23
0.65 0.75 0.28 0.81 0.91
0.79 0.95 0.75 0.99 0.10
0.52 0.53 0.91 0.80 0.66
0.53 0.56 0.61 0.75 0.55
0.63 0.74 0.01 0.90 0.51
0.91 0.95 0.69 0.54 0.26
0.31 0.78 0.90 0.41 0.70
0.68 0.57 0.82 0.59 0.58
0.92 0.53 0.85 0.60 0.56
0.54 0.67 0.54 0.51 0.76
0.53 0.84 0.52 0.53 0.94
0.55 0.01 0.64 0.65 0.63
0.89 0.83 0.51 0.62 0.62
0.35 0.58 0.71 0.96 0.51
0.78 0.52 0.07 0.78 0.55
0.99 0.99 0.55 0.51 0.69
0.08 0.75 0.75 0.93 0.55
0.66 0.62 0.88 0.74 0.61
0.52 0.94 0.83 0.71 0.80
0.86 0.64 0.67 0.55 0.55
0.71 0.74 0.83 0.68 0.33
0.73 0.81 0.82 0.42 0.51
0.86 0.65 0.72 0.91 0.51
0.59 0.98 0.90 0.71 0.60
0.05 0.61 0.62 0.64 0.53
0.84 0.63 0.91 0.52 0.53
0.62 0.74 0.46 0.78 0.83
0.51 0.55 0.80 0.54 0.70
0.77 0.77 0.51 0.67 0.71
0.07 0.58 0.91 0.79 1.00
0.52 0.83 0.51 1.00 0.88
0.84 0.59 0.79 0.65 0.61
0.55 0.90 0.63 0.63 0.64
0.53 0.51 0.98 0.77 0.86
0.60 0.52 0.95 0.61 0.58
0.66 0.78 0.60 0.55 0.62
0.58 0.59 0.55 0.70 0.56
0.84 0.67 0.60 0.75 0.52
0.90 0.23 0.71 0.82 0.53
0.52 0.94 0.46 0.82 0.80
0.61 0.95 0.99 0.58 0.60
0.51 0.76 0.69 0.52 0.82
0.51 0.65 0.64 0.57 0.79
0.96 0.53 0.55 0.66 0.70
0.58 0.72 0.66 0.04 0.77
0.63 0.94 0.89 0.71 0.52
0.53 0.67 0.61 0.60 0.57
0.78 0.82 0.51 0.77 0.62
0.68 0.68 0.84 0.81 0.51
0.72 0.70 0.94 0.77 0.51
0.51 0.97 0.66 0.51 0.67
0.88 0.69 0.02 1.00 0.64
0.76 0.90 0.75 0.97 0.39
0.56 0.53 0.62 0.75 0.67
0.81 0.82 0.53 0.52 0.97
0.84 0.92 0.76 0.62 0.53
0.62 0.61 0.58 0.60 0.65
0.54 0.99 0.56 0.83 0.51
0.52 0.66 0.10 0.52 0.71
0.66 0.78 0.51 0.72 0.63
0.60 0.57 0.54 0.59 0.96
0.61 0.63 0.56 0.58 0.70
0.52 0.97 0.91 0.51 0.52
0.60 0.85 0.53 0.53 0.54
0.54 0.81 0.59 0.69 0.67
0.76 0.61 0.56 0.72 0.52
0.81 0.83 0.58 0.59 0.51
0.97 0.78 0.57 0.60 0.64
0.95 0.61 0.54 0.65 0.71
0.32 0.82 0.84 0.53 0.94
0.94 0.53 0.78 0.75 0.56
0.65 0.51 0.87 0.81 0.51
0.93 0.69 0.57 0.52 0.54
0.90 0.17 0.59 0.94 0.77
0.72 0.81 0.78 0.87 0.52
0.84 0.51 0.54 0.56 0.89
0.76 0.63 0.63 0.57 0.86
0.98 0.94 0.58 0.73 0.29
0.90 0.53 0.94 0.14 0.51
0.85 0.74 0.75 0.73 0.26
0.62 0.72 1.00 0.79 0.51
0.74 0.54 0.78 0.13 0.52
0.87 0.78 0.54 0.59 0.58
0.98 0.60 0.59 0.54 0.96
0.83 0.63 0.68 0.16 0.52
0.52 0.96 0.73 0.51 0.77
0.65 0.86 0.52 0.51 0.74
0.86 0.67 0.52 0.57 0.58
0.51 0.61 0.61 0.62 0.60
0.95 0.57 0.83 0.58 0.51
0.69 0.15 0.83 0.78 0.57
0.77 0.55 0.65 0.52 0.85
0.51 0.67 0.54 0.82 0.52
0.84 0.56 0.56 0.55 0.90
0.63 0.78 0.94 0.59 0.58
0.66 0.84 0.73 0.55 0.61
0.62 0.63 0.51 0.71 0.60
0.64 0.60 0.54 0.90 0.74
0.85 0.60 0.65 0.64 0.64
0.91 0.60 0.56 0.85 0.52
0.69 0.59 0.72 0.64 0.52
0.58 0.90 0.85 0.58 0.55
0.72 0.68 0.58 0.66 0.56
0.83 0.67 0.52 0.83 0.54
0.52 0.57 0.63 0.71 0.61
0.74 0.75 0.51 0.64 0.56
0.78 0.55 0.63 0.60 0.92
0.63 0.65 0.67 0.88 0.28
0.90 0.52 0.69 0.85 0.12
0.73 0.54 0.56 1.00 0.61
0.53 1.00 0.54 0.66 0.60
0.61 0.98 0.66 0.63 0.07
0.56 0.76 0.55 0.77 0.67
0.87 0.52 0.81 0.64 0.57
0.53 0.52 0.79 0.84 0.68
0.51 0.77 0.71 0.81 0.52
0.56 0.64 0.28 0.51 0.65
0.62 0.54 0.56 0.51 0.98
0.51 0.14 0.74 0.78 0.80
0.67 0.81 0.90 0.68 0.51
0.77 0.55 0.58 0.84 0.78
0.51 0.76 0.64 0.59 0.51
0.55 0.73 0.55 0.64 0.70
0.59 0.64 0.60 0.88 0.54
0.53 0.67 0.74 0.53 0.57
0.91 0.51 0.99 0.54 0.57
0.73 0.53 0.68 0.87 0.25
0.53 0.72 0.70 0.69 0.52
0.72 0.88 0.54 0.85 0.43
0.23 0.52 0.60 0.92 0.51
0.52 0.72 0.78 0.53 0.64
0.59 0.52 0.74 0.61 0.55
0.63 0.55 0.57 0.77 0.82
0.63 0.81 0.70 0.64 0.49
0.91 0.57 0.52 0.66 0.94
0.65 0.52 0.63 0.86 0.57
0.62 0.82 0.54 0.81 0.28
0.51 0.51 0.79 0.76 0.52
0.83 0.70 0.79 0.83 0.51
0.91 0.51 0.89 0.66 0.55
0.65 0.67 0.54 0.94 0.51
0.77 0.82 0.60 0.55 0.10
0.73 0.64 0.55 0.54 0.55
0.68 0.95 0.51 0.76 0.55
0.92 0.67 0.56 0.72 0.51
0.77 0.66 0.86 0.03 0.66
0.84 0.60 0.62 0.52 0.89
0.68 0.53 0.52 0.80 0.71
0.55 0.63 0.77 0.53 0.52
0.76 0.59 0.52 0.96 0.54
0.14 0.84 0.53 0.55 0.74
0.08 0.66 0.64 0.77 0.51
0.90 0.56 0.57 0.74 0.74
0.58 0.86 0.51 0.56 0.53
0.11 0.89 0.95 0.55 0.52
0.51 0.78 0.52 0.57 0.69
0.96 0.81 0.53 0.55 0.53
0.61 0.68 0.93 0.94 0.26
0.72 0.69 0.92 0.51 0.52
0.51 0.81 0.53 0.70 0.59
0.76 0.59 0.64 0.74 0.54
0.91 0.94 0.54 0.62 0.52
0.67 0.53 0.22 0.67 0.70
0.68 0.96 0.86 0.62 0.01
0.51 0.71 0.52 0.62 0.68
0.96 0.68 0.85 0.11 0.93
0.78 0.14 0.97 0.59 0.99
0.92 0.51 0.59 0.80 0.57
0.59 0.52 0.56 1.00 0.81
0.53 0.65 0.66 0.58 0.54
0.73 0.57 0.80 0.62 0.54
0.89 0.61 0.75 0.02 1.00
0.95 0.53 0.64 0.83 0.52
0.95 0.59 0.75 0.65 0.40
0.91 0.63 0.57 0.51 0.93
0.76 0.51 0.89 0.69 0.60
0.90 0.51 0.92 0.16 0.53
0.56 0.98 0.03 0.58 0.53
0.67 0.57 0.95 0.56 0.52
0.81 0.55 0.55 0.59 0.61
0.55 0.53 0.66 0.55 0.53
0.93 0.52 0.61 0.61 0.73
0.51 0.53 0.69 0.88 0.65
0.69 0.55 0.54 0.57 0.99
0.96 0.54 0.82 0.06 0.96
0.57 0.65 0.55 0.85 0.52
0.88 0.51 0.55 0.98 0.85
0.55 0.52 0.88 1.00 0.33
0.66 0.58 0.58 0.94 0.74
0.52 0.54 0.80 0.62 0.53
0.70 0.60 0.60 0.61 0.56
0.58 0.66 0.61 0.33 0.56
0.55 0.63 0.54 0.59 0.68
0.84 0.51 0.58 0.81 0.75
0.76 1.00 0.28 0.49 0.70
0.57 0.51 0.56 0.51 0.60
0.54 0.57 0.89 0.62 0.51
0.70 0.94 0.06 0.71 0.89
0.53 0.52 0.61 0.62 0.82
0.47 0.56 0.64 0.56 0.68
0.66 0.50 0.70 0.59 0.59
0.77 0.96 0.05 0.53 0.98
0.66 0.51 0.71 0.97 0.53
0.84 0.54 0.75 0.84 0.37
0.61 0.62 0.53 0.85 0.77
0.71 0.55 0.70 0.63 0.52
0.55 0.67 0.87 0.03 0.51
0.63 0.93 0.39 0.84 0.62
0.53 0.53 0.86 0.59 0.56
0.56 0.57 0.53 0.84 0.48
0.88 0.60 0.53 0.59 0.89
0.95 0.67 0.53 0.62 0.54
0.74 0.57 0.62 0.53 0.36
0.51 0.68 0.52 0.89 0.69
0.61 0.61 0.91 0.59 0.51
0.54 0.89 0.63 0.80 0.51
0.64 0.54 0.52 0.58 0.94
0.87 0.65 0.63 0.51 0.15
0.61 0.66 0.64 0.61 0.55
0.53 0.51 0.56 0.76 0.78
0.52 0.61 0.51 0.98 0.81
0.48 0.90 0.76 0.53 0.67
0.54 0.77 0.40 0.96 0.56
0.52 0.51 0.70 0.85 0.85
0.42 0.54 0.99 0.68 0.55
0.57 0.80 0.53 0.63 0.54
0.98 0.88 0.52 0.51 0.62
0.52 0.58 0.57 0.13 0.91
0.78 0.78 0.51 0.57 0.62
0.21 0.99 0.70 0.59 0.59
0.57 0.52 0.70 0.79 0.51
0.53 0.51 0.58 0.55 0.64
0.99 0.66 0.51 0.77 0.56
0.62 0.75 0.75 0.61 0.52
0.57 0.58 0.56 0.70 0.58
0.81 0.54 0.54 0.65 0.52
0.51 0.63 0.56 0.77 0.82
0.91 0.51 0.54 0.71 0.58
0.80 0.56 0.53 0.89 0.51
0.53 0.59 0.51 0.73 0.82
0.61 0.67 0.54 0.71 0.59
0.58 0.52 0.51 0.80 0.82
