300 5
97 84 90 47 86
31 52 53 61 88
58 66 72 57 77
78 95 97 6 72
61 72 61 94 87
64 83 51 53 63
53 60 90 76 87
79 64 57 85 75
57 57 76 97 62
97 85 15 87 55
59 98 75 75 59
54 71 69 51 87
69 81 61 62 55
87 95 6 99 52
95 56 77 58 73
90 66 54 68 67
51 97 81 72 62
57 99 68 64 27
54 81 54 78 55
96 96 64 92 54
61 67 63 68 79
53 75 99 80 62
42 62 63 57 92
87 81 64 2 58
75 57 87 97 57
73 62 66 55 66
86 71 58 54 100
57 99 58 54 86
81 83 92 71 51
52 54 65 91 56
67 98 74 71 61
61 97 63 17 82
51 87 70 69 86
65 54 70 65 64
86 71 100 91 36
56 57 79 86 76
62 61 97 88 64
55 68 54 73 77
66 88 100 52 58
41 86 79 42 81
64 51 88 72 75
61 100 79 38 58
80 75 58 94 64
71 86 63 71 51
53 52 76 67 79
98 59 66 53 98
55 55 88 51 88
55 24 67 24 62
98 53 51 88 53
54 51 63 53 100
79 58 51 69 94
62 79 70 64 57
82 68 52 91 87
42 81 82 73 74
56 99 51 81 54
89 60 73 64 1
57 70 54 86 54
56 78 82 100 23
65 75 28 81 91
79 95 75 99 10
52 53 91 80 66
53 56 61 75 55
63 74 1 90 51
91 95 69 54 26
31 78 90 41 70
68 57 82 59 58
92 53 85 60 56
54 67 54 51 76
53 84 52 53 94
55 1 64 65 63
89 83 51 62 62
35 58 71 96 51
78 52 7 78 55
99 99 55 51 69
8 75 75 93 55
66 62 88 74 61
52 94 83 71 80
86 64 67 55 55
71 74 83 68 33
73 81 82 42 51
86 65 72 91 51
59 98 90 71 60
5 61 62 64 53
84 63 91 52 53
62 74 46 78 83
51 55 80 54 70
77 77 51 67 71
7 58 91 79 100
52 83 51 100 88
84 59 79 65 61
55 90 63 63 64
53 51 98 77 86
60 52 95 61 58
66 78 60 55 62
58 59 55 70 56
84 67 60 75 52
90 23 71 82 53
52 94 46 82 80
61 95 99 58 60
51 76 69 52 82
51 65 64 57 79
96 53 55 66 70
58 72 66 4 77
63 94 89 71 52
53 67 61 60 57
78 82 51 77 62
68 68 84 81 51
72 70 94 77 51
51 97 66 51 67
88 69 2 100 64
76 90 75 97 39
56 53 62 75 67
81 82 53 52 97
84 92 76 62 53
62 61 58 60 65
54 99 56 83 51
52 66 10 52 71
66 78 51 72 63
60 57 54 59 96
61 63 56 58 70
52 97 91 51 52
60 85 53 53 54
54 81 59 69 67
76 61 56 72 52
81 83 58 59 51
97 78 57 60 64
95 61 54 65 71
32 82 84 53 94
94 53 78 75 56
65 51 87 81 51
93 69 57 52 54
90 17 59 94 77
72 81 78 87 52
84 51 54 56 89
76 63 63 57 86
98 94 58 73 29
90 53 94 14 51
85 74 75 73 26
62 72 100 79 51
74 54 78 13 52
87 78 54 59 58
98 60 59 54 96
83 63 68 16 52
52 96 73 51 77
65 86 52 51 74
86 67 52 57 58
51 61 61 62 60
95 57 83 58 51
69 15 83 78 57
77 55 65 52 85
51 67 54 82 52
84 56 56 55 90
63 78 94 59 58
66 84 73 55 61
62 63 51 71 60
64 60 54 90 74
85 60 65 64 64
91 60 56 85 52
69 59 72 64 52
58 90 85 58 55
72 68 58 66 56
83 67 52 83 54
52 57 63 71 61
74 75 51 64 56
78 55 63 60 92
63 65 67 88 28
90 52 69 85 12
73 54 56 100 61
53 100 54 66 60
61 98 66 63 7
56 76 55 77 67
87 52 81 64 57
53 52 79 84 68
51 77 71 81 52
56 64 28 51 65
62 54 56 51 98
51 14 74 78 80
67 81 90 68 51
77 55 58 84 78
51 76 64 59 51
55 73 55 64 70
59 64 60 88 54
53 67 74 53 57
91 51 99 54 57
73 53 68 87 25
53 72 70 69 52
72 88 54 85 43
23 52 60 92 51
52 72 78 53 64
59 52 74 61 55
63 55 57 77 82
63 81 70 64 49
91 57 52 66 94
65 52 63 86 57
62 82 54 81 28
51 51 79 76 52
83 70 79 83 51
91 51 89 66 55
65 67 54 94 51
77 82 60 55 10
73 64 55 54 55
68 95 51 76 55
92 67 56 72 51
77 66 86 3 66
84 60 62 52 89
68 53 52 80 71
55 63 77 53 52
76 59 52 96 54
14 84 53 55 74
8 66 64 77 51
90 56 57 74 74
58 86 51 56 53
11 89 95 55 52
51 78 52 57 69
96 81 53 55 53
61 68 93 94 26
72 69 92 51 52
51 81 53 70 59
76 59 64 74 54
91 94 54 62 52
67 53 22 67 70
68 96 86 62 1
51 71 52 62 68
96 68 85 11 93
78 14 97 59 99
92 51 59 80 57
59 52 56 100 81
53 65 66 58 54
73 57 80 62 54
89 61 75 2 100
95 53 64 83 52
95 59 75 65 40
91 63 57 51 93
76 51 89 69 60
90 51 92 16 53
56 98 3 58 53
67 57 95 56 52
81 55 55 59 61
55 53 66 55 53
93 52 61 61 73
51 53 69 88 65
69 55 54 57 99
96 54 82 6 96
57 65 55 85 52
88 51 55 98 85
55 52 88 100 33
66 58 58 94 74
52 54 80 62 53
70 60 60 61 56
58 66 61 33 56
55 63 54 59 68
84 51 58 81 75
76 100 28 49 70
57 51 56 51 60
54 57 89 62 51
70 94 6 71 89
53 52 61 62 82
47 56 64 56 68
66 50 70 59 59
77 96 5 53 98
66 51 71 97 53
84 54 75 84 37
61 62 53 85 77
71 55 70 63 52
55 67 87 3 51
63 93 39 84 62
53 53 86 59 56
56 57 53 84 48
88 60 53 59 89
95 67 53 62 54
74 57 62 53 36
51 68 52 89 69
61 61 91 59 51
54 89 63 80 51
64 54 52 58 94
87 65 63 51 15
61 66 64 61 55
53 51 56 76 78
52 61 51 98 81
48 90 76 53 67
54 77 40 96 56
52 51 70 85 85
42 54 99 68 55
57 80 53 63 54
98 88 52 51 62
52 58 57 13 91
78 78 51 57 62
21 99 70 59 59
57 52 70 79 51
53 51 58 55 64
99 66 51 77 56
62 75 75 61 52
57 58 56 70 58
81 54 54 65 52
51 63 56 77 82
91 51 54 71 58
80 56 53 89 51
53 59 51 73 82
61 67 54 71 59
58 52 51 80 82
