300 5
0.86 0.22 0.39 0.91 0.78
0.92 0.57 0.70 0.80 0.60
0.86 0.66 0.72 0.89 0.44
0.73 0.75 0.83 0.66 0.93
0.91 0.88 0.52 0.78 0.93
0.96 0.92 0.70 0.89 0.55
0.57 0.35 0.64 0.78 0.99
0.78 0.72 0.01 0.98 0.11
0.75 0.72 0.87 0.61 0.93
0.82 0.68 0.59 0.95 0.81
0.68 0.71 0.98 0.67 0.94
0.70 0.78 0.82 0.78 0.88
0.98 0.68 0.61 0.60 0.88
0.65 0.62 0.82 0.94 0.59
0.78 0.53 0.67 0.84 0.62
0.69 0.59 0.61 0.57 0.87
0.83 0.93 0.51 0.07 0.37
0.60 0.85 0.79 0.61 0.87
0.91 0.90 0.98 0.58 0.64
0.01 0.60 0.52 0.55 0.78
0.64 0.96 0.70 0.90 0.01
0.75 0.90 0.17 0.65 0.83
0.73 0.57 0.96 0.63 0.91
0.60 0.88 0.64 0.78 0.55
0.56 0.51 0.92 0.08 0.82
0.53 0.68 0.51 0.89 0.71
0.97 0.66 0.96 0.53 0.57
0.55 0.06 0.61 0.75 0.63
0.87 0.76 0.55 0.85 0.36
0.52 0.83 0.87 0.90 0.76
0.62 0.84 0.07 0.57 0.61
0.71 0.92 0.81 0.70 0.53
0.76 0.72 0.65 0.62 0.66
0.60 0.56 0.60 0.83 0.69
0.65 0.51 0.74 0.78 0.56
0.79 0.73 0.55 0.97 0.60
0.53 0.80 0.65 0.77 0.67
0.99 0.58 0.57 0.53 0.88
0.71 0.53 0.59 0.77 0.73
0.60 0.64 0.47 0.52 0.59
0.83 0.76 0.73 0.62 0.53
0.52 0.58 0.91 0.94 0.61
0.70 0.81 0.73 0.58 0.53
0.65 0.53 0.53 0.91 0.56
0.69 0.52 0.53 0.93 0.53
0.55 0.69 0.80 0.79 0.61
0.75 0.55 1.00 0.60 0.68
1.00 0.55 0.95 0.72 0.71
0.81 0.73 0.63 0.81 0.55
0.81 0.52 0.85 0.56 0.90
0.51 0.90 0.57 0.56 0.71
0.57 0.56 0.62 0.66 0.91
0.73 0.63 0.86 0.74 0.59
0.55 0.57 0.76 0.72 0.92
0.89 0.61 0.64 0.53 0.51
0.81 0.57 0.85 0.60 0.61
0.53 0.53 0.83 0.65 0.82
0.85 0.60 0.65 0.66 0.76
0.55 0.73 0.51 0.79 0.81
0.59 0.72 0.88 0.65 0.57
0.73 0.82 0.65 0.51 0.90
0.76 0.60 0.99 0.57 0.72
0.52 0.58 0.65 0.74 0.66
0.55 0.67 0.55 0.90 0.67
0.69 0.56 0.80 0.63 0.71
0.87 0.63 0.76 0.55 0.75
0.86 0.57 0.71 0.60 0.83
0.51 0.81 0.73 0.54 0.56
0.86 0.67 0.72 0.87 0.57
0.56 0.92 0.53 0.92 0.51
0.74 0.62 0.85 0.76 0.21
0.53 0.58 0.62 0.58 0.97
0.53 0.80 0.57 0.57 0.71
0.59 0.54 0.65 0.93 0.55
0.62 0.55 0.92 0.78 0.54
0.53 0.70 0.99 0.53 0.55
0.53 0.55 0.85 0.65 0.51
0.65 0.57 0.68 0.64 0.60
0.66 0.55 0.81 0.86 0.54
0.81 0.53 0.79 0.52 0.69
0.51 0.70 0.78 0.91 0.61
0.72 0.62 0.74 0.52 0.72
0.94 0.71 0.52 0.51 0.73
0.59 0.61 0.68 0.65 0.53
1.00 0.63 0.56 0.65 0.61
0.51 0.55 0.71 0.58 0.84
0.80 0.73 0.56 0.51 0.54
0.96 0.58 0.64 0.64 0.69
0.52 0.02 0.95 0.93 0.16
0.72 0.97 0.68 0.29 0.81
0.69 0.63 0.67 0.77 0.51
0.92 0.65 0.59 0.55 0.52
0.72 0.73 0.68 0.54 0.52
0.71 0.59 0.80 0.90 0.55
0.51 0.87 0.59 0.60 0.69
0.67 0.63 0.92 0.52 0.52
0.55 0.55 0.70 0.56 0.54
0.59 0.87 0.89 0.54 0.51
0.26 0.90 0.54 0.76 0.60
0.60 0.52 0.62 0.60 0.76
0.55 0.72 0.64 0.73 0.64
0.88 0.56 0.67 0.57 0.56
0.58 0.68 0.59 0.72 0.56
0.54 0.58 0.61 0.94 0.70
0.56 0.59 0.60 0.70 0.54
0.59 0.50 0.95 0.51 0.64
0.35 0.52 0.83 0.73 0.54
0.78 0.70 0.85 0.51 0.75
0.65 0.57 0.54 0.60 0.79
0.96 0.67 0.58 0.75 0.54
1.00 0.60 0.56 0.61 0.56
0.71 0.61 0.74 0.51 0.97
0.53 0.79 0.54 0.58 0.51
0.67 0.98 0.51 0.63 0.57
0.75 0.62 0.62 0.60 0.68
0.93 0.61 0.51 0.74 0.80
0.70 0.87 0.75 0.51 0.74
0.78 0.51 0.55 0.93 0.71
0.98 0.59 0.51 0.66 0.52
0.95 0.56 0.63 0.55 0.65
0.56 0.56 0.58 0.99 0.95
0.81 0.52 0.51 0.97 0.73
0.52 0.82 0.56 0.59 0.64
0.80 0.57 0.60 0.89 0.66
0.59 0.63 0.51 0.57 0.92
0.52 0.57 0.55 0.88 0.93
0.70 0.57 0.51 0.65 0.95
0.60 0.90 0.27 0.88 0.63
0.82 0.58 0.55 0.81 0.59
0.98 0.78 0.51 0.55 0.41
0.65 0.77 0.51 0.94 0.56
0.98 0.57 0.66 0.84 0.62
0.87 0.55 0.51 0.60 0.97
0.27 0.99 0.96 0.54 0.97
0.68 0.92 0.54 0.57 0.56
0.66 0.77 0.54 0.67 0.05
0.74 0.59 0.52 0.85 0.94
0.85 0.52 0.61 0.58 0.99
0.51 0.77 0.51 0.93 0.71
0.74 0.62 0.91 0.52 0.60
0.76 0.63 0.53 0.59 0.71
0.66 0.52 0.81 0.51 0.77
0.39 0.76 0.86 0.68 0.44
0.53 0.70 0.52 0.75 0.72
0.98 0.47 0.54 0.83 0.67
0.53 0.63 0.63 0.83 0.65
0.63 0.51 0.56 0.97 0.64
0.56 0.64 0.57 0.89 0.51
0.60 0.54 0.74 0.58 0.76
0.05 0.86 0.95 0.90 0.54
0.77 0.59 0.51 0.99 0.82
0.61 0.74 0.80 0.51 0.61
0.66 0.62 0.76 0.96 0.51
0.55 0.67 0.61 0.08 0.88
0.98 0.52 0.56 0.75 0.83
0.56 0.55 0.44 0.64 1.00
0.81 0.08 0.97 0.68 0.76
0.76 0.58 0.61 0.61 0.53
0.52 0.66 0.84 0.63 0.52
0.61 0.58 0.70 0.52 0.77
0.73 0.58 0.87 0.54 0.67
0.93 0.52 0.55 0.62 0.57
0.71 0.59 0.58 0.63 0.51
0.72 0.64 0.82 0.51 0.55
0.94 0.51 0.62 0.95 0.39
0.78 0.98 0.21 0.46 0.61
0.67 0.76 0.74 0.51 0.72
0.56 0.59 0.82 0.52 0.97
0.58 0.64 0.57 0.63 0.75
0.79 0.63 0.52 0.98 0.77
0.69 0.56 0.59 0.90 0.97
0.52 0.53 0.65 0.77 0.67
0.57 0.99 0.51 0.64 0.88
0.56 0.99 0.02 0.80 0.53
0.55 0.69 0.57 0.53 0.59
0.62 0.78 0.28 0.62 0.87
0.66 0.94 0.51 0.93 0.51
0.84 0.58 0.79 0.68 0.51
0.65 0.53 0.24 0.98 0.92
0.59 0.94 0.55 0.51 0.60
0.66 0.51 0.87 0.72 0.51
0.52 0.61 0.81 0.84 0.57
0.85 0.54 0.74 0.59 0.55
0.62 0.57 0.66 0.80 0.51
0.55 0.84 0.53 0.80 0.59
0.68 0.61 0.14 0.13 0.53
0.80 0.65 0.57 0.24 0.52
0.52 0.74 0.62 0.90 0.75
0.58 0.51 0.77 0.51 0.53
0.95 0.55 0.60 0.74 0.53
0.52 0.84 0.98 0.57 0.52
0.93 0.54 0.65 0.55 0.51
0.65 0.97 0.58 0.75 0.48
0.64 0.53 0.70 0.87 0.61
0.54 0.72 0.62 0.54 0.89
0.53 0.44 0.92 0.53 0.71
0.53 0.85 0.53 0.74 0.71
0.71 0.52 0.52 0.74 0.85
0.59 0.92 0.56 0.52 0.51
0.75 0.60 0.61 0.58 0.69
0.88 0.51 0.51 0.82 0.55
0.66 0.94 0.74 0.26 0.83
0.53 0.64 0.58 0.60 0.56
0.53 0.65 0.69 0.73 0.52
0.86 0.25 0.79 0.70 0.71
0.51 0.52 0.61 0.61 0.63
0.55 0.89 0.80 0.53 0.53
0.41 0.78 0.63 0.69 0.66
0.71 0.56 0.54 0.69 0.64
0.59 0.53 0.55 0.61 0.58
0.58 0.97 0.31 0.54 0.62
0.67 0.52 0.60 0.63 0.83
0.57 0.56 0.54 0.74 0.51
0.51 0.66 0.66 0.51 0.85
0.60 0.90 0.51 0.89 0.55
0.83 0.53 0.60 0.53 0.62
0.54 0.58 0.51 0.76 0.57
0.57 0.70 0.51 0.75 0.58
0.67 0.64 0.67 0.58 0.56
0.73 0.54 0.63 0.54 0.52
0.85 0.51 0.56 0.78 0.24
0.98 0.52 0.74 0.56 0.76
0.63 0.62 0.79 0.54 0.52
0.54 0.56 0.57 0.72 0.53
0.52 0.60 0.97 0.59 0.63
0.98 0.63 0.52 0.95 0.51
0.55 0.96 0.70 0.39 0.84
0.52 0.58 0.52 0.87 0.89
0.65 0.62 0.72 0.97 0.13
0.71 0.37 0.84 0.74 0.56
0.56 0.64 0.85 0.51 0.80
0.77 0.54 0.59 0.58 0.90
0.54 0.72 0.91 0.64 0.51
0.97 0.43 0.74 0.55 0.87
1.00 0.53 0.53 0.55 0.60
0.51 0.72 0.77 0.83 0.34
0.54 0.80 0.66 0.56 0.63
0.89 0.03 0.70 0.79 0.87
0.57 0.57 0.68 0.70 0.58
0.84 0.78 0.52 0.61 0.51
0.51 0.65 0.79 0.52 0.71
0.81 0.67 0.56 0.08 0.66
0.82 0.22 0.64 0.74 0.88
0.19 0.57 0.99 0.70 0.70
0.75 0.64 0.56 0.76 0.34
0.85 0.68 0.56 0.73 0.52
0.70 0.25 0.55 0.59 0.79
0.51 0.70 0.61 0.53 0.92
0.64 0.63 0.68 0.63 0.53
0.51 0.57 0.77 0.56 0.97
0.86 0.86 0.05 0.94 0.62
0.82 0.64 0.53 0.69 0.08
0.51 0.60 0.60 0.97 0.77
0.51 0.92 0.96 0.58 0.29
0.53 0.86 1.00 0.51 0.64
0.60 0.59 0.59 0.52 0.87
0.52 0.62 0.59 1.00 0.66
0.55 0.62 0.90 0.62 0.53
0.54 0.59 0.65 0.56 0.78
0.52 0.77 0.85 0.99 0.28
0.53 0.53 0.58 0.95 0.60
0.52 0.59 0.56 0.99 0.79
0.66 0.68 0.84 0.54 0.37
0.67 0.60 0.51 0.64 0.66
0.56 0.56 0.57 0.60 0.95
0.54 0.75 0.66 0.67 0.53
1.00 0.52 0.53 0.55 1.00
0.62 0.66 1.00 0.54 0.16
0.85 0.56 0.67 0.77 0.12
0.92 0.58 0.51 0.74 0.55
0.55 0.81 0.63 0.52 0.55
0.56 0.62 0.54 0.57 0.61
0.81 0.53 0.62 0.60 0.59
0.57 0.82 0.98 0.05 0.65
0.76 0.52 0.59 0.91 0.68
0.64 0.53 0.54 0.81 0.75
0.60 0.69 0.03 0.74 0.66
0.72 0.51 0.57 0.52 0.64
0.76 0.63 1.00 0.33 0.21
0.87 0.55 0.66 0.17 0.85
0.52 0.65 0.74 0.73 0.52
0.63 0.63 0.87 0.56 0.50
0.56 1.00 0.73 0.95 0.36
0.62 0.71 0.53 0.87 0.52
0.75 0.54 0.51 0.75 0.52
0.51 0.70 0.69 0.78 0.53
0.65 0.52 0.56 0.69 0.64
0.60 0.61 0.53 0.91 0.54
0.65 0.88 0.83 0.52 0.52
0.61 0.51 0.64 0.58 0.52
0.97 0.84 0.89 0.52 0.39
0.55 0.51 0.58 1.00 0.90
0.58 0.88 0.53 0.81 0.55
0.59 0.88 0.93 0.79 0.01
0.51 0.63 0.96 0.61 0.12
0.51 0.56 0.77 0.71 0.59
0.60 0.68 0.67 0.59 0.53
0.35 0.88 0.74 0.70 0.70
0.55 0.66 0.73 0.52 0.62
0.84 0.55 0.54 0.51 0.71
