300 5
0.36 0.11 0.52 0.95 0.70
0.63 0.71 0.98 0.55 0.69
0.87 0.91 0.88 0.65 0.96
0.60 0.64 0.90 0.56 0.90
0.80 0.82 0.63 0.87 0.72
0.96 0.52 0.92 0.78 0.94
0.77 0.74 0.99 0.51 0.94
0.56 0.98 0.97 0.90 0.77
0.65 0.18 0.84 0.63 0.93
0.66 0.60 0.68 0.53 0.62
0.68 0.65 0.79 0.79 0.61
0.63 0.82 0.65 0.70 0.62
0.96 0.83 0.65 0.62 0.78
0.57 0.73 0.79 0.94 0.11
0.64 0.87 0.80 0.13 0.86
0.96 0.94 0.95 0.93 0.19
0.52 0.57 0.56 0.85 0.64
0.56 0.67 0.89 0.60 0.97
0.54 0.84 0.59 0.88 0.57
0.57 0.97 0.70 0.54 0.70
0.55 0.63 0.72 0.60 0.94
0.68 0.58 0.55 0.69 0.78
0.89 0.59 0.99 0.98 0.55
0.79 0.01 0.61 1.00 0.55
0.56 0.78 0.98 0.80 0.92
0.51 0.96 0.89 0.77 0.94
0.98 0.70 0.63 0.64 0.94
0.76 0.69 0.65 0.55 0.95
0.92 1.00 0.53 0.60 0.72
0.90 0.73 0.67 0.03 0.93
0.56 0.97 0.92 0.58 0.66
0.88 0.80 0.58 0.61 0.81
0.53 0.98 0.91 0.63 0.52
0.59 0.71 0.31 0.02 0.87
0.85 0.92 0.31 0.38 0.57
0.99 0.67 0.27 0.71 0.61
0.68 0.54 0.51 0.65 0.74
0.68 0.75 0.65 0.89 0.58
0.59 0.57 0.71 0.81 0.74
0.54 0.95 0.94 0.65 0.54
0.99 0.66 0.65 0.77 0.56
0.19 0.58 0.74 0.77 0.65
0.80 0.67 0.88 0.53 0.51
0.64 0.97 1.00 0.51 0.72
0.86 0.87 0.67 0.66 0.51
0.80 0.32 0.89 0.53 0.62
0.99 0.57 0.78 0.51 0.79
0.73 0.52 0.61 0.63 0.69
0.72 0.89 0.70 0.55 0.51
0.52 0.94 0.95 0.71 0.72
0.12 0.58 0.96 0.69 0.82
0.86 0.76 0.66 0.57 0.58
0.89 0.59 0.67 0.62 0.70
0.52 0.78 0.91 0.46 0.74
0.64 0.56 0.61 0.61 0.88
0.92 0.52 0.75 0.94 0.54
0.56 0.86 0.51 0.37 0.97
0.80 0.57 0.78 0.64 0.51
0.89 0.58 0.88 0.57 0.55
0.77 0.51 0.90 0.70 0.84
0.81 0.62 0.69 0.54 0.59
0.39 0.81 0.77 0.75 1.00
0.82 0.81 0.57 0.63 0.85
0.87 0.25 0.94 0.64 0.54
0.90 0.63 0.55 0.68 0.71
0.54 0.81 0.05 0.56 0.80
0.78 0.82 0.54 0.82 0.65
0.78 0.78 0.45 0.93 0.64
0.70 0.52 0.68 0.92 0.60
0.51 0.29 0.75 0.78 0.99
0.83 0.76 0.79 0.73 0.32
0.51 0.75 0.30 0.56 0.79
0.57 0.56 0.41 0.68 0.68
0.56 0.66 0.73 0.68 0.65
0.56 0.03 0.70 0.52 0.40
0.81 0.84 0.01 0.56 0.74
0.71 0.29 0.51 0.84 0.56
0.61 0.88 0.60 0.79 0.61
0.53 0.92 0.73 0.54 0.56
0.74 0.65 0.57 0.64 1.00
0.87 0.72 0.54 0.57 0.53
0.74 0.98 0.51 0.65 0.71
0.16 0.80 0.87 0.89 0.90
0.53 0.39 0.78 0.68 0.72
0.83 0.77 0.96 0.22 0.68
0.09 0.88 0.70 0.62 0.87
0.53 0.82 0.57 0.79 0.75
0.84 0.78 0.69 0.69 0.58
0.51 0.52 0.88 0.35 0.77
0.51 0.95 0.52 0.92 0.09
0.69 0.57 0.53 0.87 0.55
0.73 0.74 0.54 0.55 0.71
0.60 0.88 0.56 0.66 0.63
0.56 0.59 0.22 0.76 0.92
0.02 0.73 0.97 0.57 0.61
0.75 0.79 0.49 0.67 0.75
0.68 0.67 0.55 0.54 0.98
0.64 0.60 0.59 0.52 0.57
0.51 0.58 0.54 0.79 0.70
0.59 0.85 0.57 0.73 0.63
0.67 0.90 0.73 0.34 0.68
0.53 0.35 0.66 0.94 0.61
0.71 0.82 0.58 0.66 0.59
0.25 0.14 0.87 0.97 0.57
0.78 0.71 0.69 0.90 0.53
0.70 0.75 0.61 0.68 0.52
0.74 0.55 0.57 0.74 0.54
0.51 0.78 0.33 0.75 0.75
0.54 0.77 0.68 1.00 0.55
0.57 0.96 0.68 0.81 0.67
0.94 0.82 0.58 0.56 0.52
0.92 0.52 0.27 0.97 0.84
0.87 0.57 0.69 0.56 0.55
0.82 0.79 0.69 0.63 0.37
0.73 0.74 0.83 0.01 0.70
0.51 0.57 0.78 0.56 0.95
0.69 0.99 0.55 0.62 0.53
0.55 0.77 0.95 0.80 0.60
0.63 0.93 0.56 0.99 0.16
0.53 0.53 0.70 0.71 0.62
0.88 0.56 0.69 0.27 0.93
0.92 0.46 0.55 0.58 0.58
0.60 0.55 0.67 0.44 0.87
0.51 0.66 0.63 0.92 0.28
0.56 0.78 0.55 0.79 0.38
0.80 0.87 0.58 0.52 0.80
0.88 0.88 0.02 0.61 0.69
0.07 0.70 0.60 0.77 0.95
0.66 0.69 0.56 0.84 0.60
0.89 0.61 0.73 0.38 0.67
0.62 0.51 0.49 0.59 0.04
0.54 0.61 0.77 0.61 0.69
0.58 0.52 0.66 0.56 0.57
0.52 0.90 0.57 0.51 0.92
0.54 0.18 0.65 0.86 0.58
0.33 0.77 0.66 0.53 0.78
0.59 0.53 0.57 0.90 0.60
0.06 0.78 0.55 0.52 0.70
0.60 0.57 0.57 0.60 0.96
0.58 0.90 0.54 0.98 0.43
0.52 0.64 0.62 0.53 1.00
0.57 0.80 0.52 0.86 0.59
0.81 0.83 0.78 0.32 0.62
0.73 0.73 0.05 0.68 0.75
0.89 0.92 0.69 0.56 0.54
0.96 0.90 0.55 0.55 0.56
0.60 0.61 0.64 0.67 0.54
0.95 0.66 0.07 0.58 0.70
0.53 0.76 0.69 0.54 0.77
0.53 0.70 0.51 0.62 0.62
0.75 0.19 0.58 0.77 0.70
0.62 0.90 0.64 0.51 0.82
0.52 0.69 0.54 0.74 0.93
0.70 0.90 0.78 0.38 0.63
0.79 0.44 0.55 0.67 0.92
0.61 0.52 0.56 0.65 0.73
0.53 0.69 0.60 0.65 0.52
0.87 0.53 0.64 0.55 0.92
0.90 0.67 0.82 0.59 0.01
0.55 0.97 0.90 0.51 0.69
0.52 0.72 0.90 0.55 0.66
0.65 0.74 0.86 0.51 0.67
0.59 0.68 0.59 0.72 0.57
0.73 0.77 0.58 0.51 0.64
0.52 0.54 0.93 0.75 0.76
0.59 0.92 0.53 0.52 0.70
0.67 0.87 0.91 0.51 0.29
0.06 0.61 0.79 0.54 0.80
0.60 0.60 0.64 0.69 0.51
0.54 0.75 0.67 0.52 0.71
0.52 0.94 0.77 0.59 0.60
0.57 0.53 0.52 0.57 0.74
0.53 0.63 0.58 0.59 0.87
0.87 0.56 0.70 0.51 0.81
0.44 0.52 0.59 0.75 0.58
0.52 0.78 0.52 0.66 0.74
0.72 0.53 0.59 0.57 0.63
0.99 0.31 0.54 0.52 0.75
0.52 0.55 0.89 0.60 0.60
0.09 0.63 0.97 0.91 0.56
0.79 0.84 0.52 0.55 0.78
0.96 0.55 0.01 0.67 0.65
0.52 0.88 0.56 0.80 0.67
0.52 0.90 0.57 0.52 0.69
0.56 0.55 0.55 0.99 0.67
0.70 0.18 0.59 0.76 0.54
0.99 0.82 0.56 0.66 0.03
0.55 0.53 0.66 0.30 0.55
0.74 0.74 0.64 0.57 0.51
0.78 0.81 0.55 0.56 0.68
1.00 0.53 0.87 0.39 0.53
0.51 0.77 0.53 0.82 0.71
0.97 0.83 0.51 0.57 0.76
0.81 0.55 0.60 0.56 0.92
0.56 0.99 0.60 0.55 0.54
0.52 0.67 0.88 0.90 0.57
0.81 0.71 0.63 0.56 0.52
0.53 0.60 0.95 0.56 0.69
0.77 0.65 0.58 0.54 0.76
0.54 0.66 0.51 0.70 0.64
0.55 0.59 0.51 0.62 0.77
0.52 0.90 0.54 0.73 0.61
0.74 0.85 0.11 0.51 0.66
0.51 0.62 0.51 0.64 0.90
0.98 0.58 0.64 0.58 0.55
0.56 0.91 0.54 0.55 0.51
0.71 0.87 0.55 0.53 0.58
0.72 0.75 0.18 0.57 0.65
0.78 0.86 0.54 0.53 0.54
0.88 0.70 0.56 0.52 0.52
0.66 0.57 0.56 0.53 0.68
0.93 0.60 0.51 0.57 0.56
0.92 0.06 0.65 0.57 0.58
0.51 0.71 0.74 0.54 0.58
0.54 0.72 0.88 0.51 0.65
0.03 0.63 0.51 0.62 0.83
0.52 0.61 0.85 0.52 0.95
0.23 0.87 0.82 0.56 0.69
0.60 0.67 0.56 0.67 0.61
0.60 0.77 0.54 0.88 0.56
0.57 0.74 0.58 0.55 0.99
0.09 0.88 0.87 0.77 0.67
0.84 0.07 0.58 0.56 0.96
0.51 0.61 0.53 0.92 0.63
0.91 0.12 0.67 0.58 0.90
0.57 0.52 0.64 0.71 0.99
0.51 0.54 0.71 0.73 0.59
0.64 0.52 0.22 0.77 0.53
0.97 0.70 0.86 0.08 0.90
0.72 0.17 0.52 0.85 0.57
0.53 0.61 0.68 0.62 0.76
0.73 0.75 0.55 0.51 0.67
0.26 0.67 0.70 0.59 0.91
0.59 0.64 0.56 0.66 0.59
0.62 0.69 0.61 0.52 0.86
0.55 0.67 0.71 0.53 0.54
0.91 0.75 0.51 0.15 0.58
0.51 0.67 0.73 0.63 0.58
0.52 0.88 0.55 0.93 0.57
0.54 0.65 0.51 0.80 0.60
0.76 0.98 0.76 0.02 0.81
0.67 0.97 0.55 0.53 0.20
0.54 0.63 0.60 0.51 0.68
0.45 0.80 0.58 0.67 0.56
0.74 0.85 0.52 0.51 0.54
0.52 0.51 0.77 0.79 0.92
0.55 0.52 0.80 0.55 0.60
0.69 0.96 0.71 0.22 0.75
0.79 0.58 0.65 0.58 0.59
0.76 0.52 0.66 0.55 0.98
0.53 0.95 0.52 0.76 0.53
0.69 0.60 0.54 0.55 0.64
0.55 0.20 0.83 0.78 0.58
0.52 0.61 0.72 0.61 0.59
0.61 0.57 0.60 0.55 0.89
0.72 1.00 0.59 0.51 0.54
0.52 0.69 0.86 0.58 0.72
0.78 0.70 0.77 0.09 0.92
0.53 0.53 0.55 0.99 0.65
0.79 0.56 0.05 0.86 0.81
0.55 0.93 0.60 0.64 0.56
0.92 0.67 0.53 0.55 0.84
0.51 0.79 0.61 0.69 0.56
0.58 0.57 0.67 0.84 0.54
0.54 0.97 0.77 0.52 0.53
0.52 0.87 0.54 0.91 0.51
0.55 0.71 0.59 0.72 0.57
0.57 0.60 0.63 0.92 0.53
0.55 0.59 0.79 0.68 0.53
0.51 0.60 0.92 0.52 0.55
0.51 0.93 0.87 0.51 0.70
0.62 0.73 0.60 0.56 0.64
0.91 0.87 0.53 0.54 0.52
0.53 0.68 0.15 0.77 0.58
0.51 0.77 0.51 0.81 0.78
0.50 0.72 0.81 0.76 0.52
0.54 0.86 0.89 0.75 0.51
0.60 0.86 0.52 0.77 0.52
0.94 0.54 0.65 0.52 0.66
0.76 0.91 0.75 0.13 0.83
0.39 0.54 0.82 0.65 0.57
0.52 0.57 0.66 0.84 0.53
0.82 0.69 0.75 0.07 0.97
0.89 0.60 0.20 0.77 0.63
0.53 0.56 0.53 0.71 0.93
0.55 0.53 0.56 0.59 0.91
0.51 0.59 0.85 0.63 0.62
0.52 0.80 0.52 0.76 0.67
0.37 0.74 0.87 0.67 0.61
0.89 0.69 0.80 0.01 0.56
0.51 0.88 0.84 0.51 0.88
0.71 0.76 0.18 0.61 0.89
0.52 0.52 0.66 0.58 0.94
0.87 0.90 0.55 0.64 0.01
0.78 0.57 0.64 0.51 0.63
0.56 0.88 0.72 0.84 0.29
0.20 0.51 0.99 0.83 0.90
0.87 0.87 0.65 0.79 0.03
0.67 0.61 0.51 0.58 0.95
0.55 0.80 0.64 0.63 0.52
