300 5
36 11 52 95 70
63 71 98 55 69
87 91 88 65 96
60 64 90 56 90
80 82 63 87 72
96 52 92 78 94
77 74 99 51 94
56 98 97 90 77
65 18 84 63 93
66 60 68 53 62
68 65 79 79 61
63 82 65 70 62
96 83 65 62 78
57 73 79 94 11
64 87 80 13 86
96 94 95 93 19
52 57 56 85 64
56 67 89 60 97
54 84 59 88 57
57 97 70 54 70
55 63 72 60 94
68 58 55 69 78
89 59 99 98 55
79 1 61 100 55
56 78 98 80 92
51 96 89 77 94
98 70 63 64 94
76 69 65 55 95
92 100 53 60 72
90 73 67 3 93
56 97 92 58 66
88 80 58 61 81
53 98 91 63 52
59 71 31 2 87
85 92 31 38 57
99 67 27 71 61
68 54 51 65 74
68 75 65 89 58
59 57 71 81 74
54 95 94 65 54
99 66 65 77 56
19 58 74 77 65
80 67 88 53 51
64 97 100 51 72
86 87 67 66 51
80 32 89 53 62
99 57 78 51 79
73 52 61 63 69
72 89 70 55 51
52 94 95 71 72
12 58 96 69 82
86 76 66 57 58
89 59 67 62 70
52 78 91 46 74
64 56 61 61 88
92 52 75 94 54
56 86 51 37 97
80 57 78 64 51
89 58 88 57 55
77 51 90 70 84
81 62 69 54 59
39 81 77 75 100
82 81 57 63 85
87 25 94 64 54
90 63 55 68 71
54 81 5 56 80
78 82 54 82 65
78 78 45 93 64
70 52 68 92 60
51 29 75 78 99
83 76 79 73 32
51 75 30 56 79
57 56 41 68 68
56 66 73 68 65
56 3 70 52 40
81 84 1 56 74
71 29 51 84 56
61 88 60 79 61
53 92 73 54 56
74 65 57 64 100
87 72 54 57 53
74 98 51 65 71
16 80 87 89 90
53 39 78 68 72
83 77 96 22 68
9 88 70 62 87
53 82 57 79 75
84 78 69 69 58
51 52 88 35 77
51 95 52 92 9
69 57 53 87 55
73 74 54 55 71
60 88 56 66 63
56 59 22 76 92
2 73 97 57 61
75 79 49 67 75
68 67 55 54 98
64 60 59 52 57
51 58 54 79 70
59 85 57 73 63
67 90 73 34 68
53 35 66 94 61
71 82 58 66 59
25 14 87 97 57
78 71 69 90 53
70 75 61 68 52
74 55 57 74 54
51 78 33 75 75
54 77 68 100 55
57 96 68 81 67
94 82 58 56 52
92 52 27 97 84
87 57 69 56 55
82 79 69 63 37
73 74 83 1 70
51 57 78 56 95
69 99 55 62 53
55 77 95 80 60
63 93 56 99 16
53 53 70 71 62
88 56 69 27 93
92 46 55 58 58
60 55 67 44 87
51 66 63 92 28
56 78 55 79 38
80 87 58 52 80
88 88 2 61 69
7 70 60 77 95
66 69 56 84 60
89 61 73 38 67
62 51 49 59 4
54 61 77 61 69
58 52 66 56 57
52 90 57 51 92
54 18 65 86 58
33 77 66 53 78
59 53 57 90 60
6 78 55 52 70
60 57 57 60 96
58 90 54 98 43
52 64 62 53 100
57 80 52 86 59
81 83 78 32 62
73 73 5 68 75
89 92 69 56 54
96 90 55 55 56
60 61 64 67 54
95 66 7 58 70
53 76 69 54 77
53 70 51 62 62
75 19 58 77 70
62 90 64 51 82
52 69 54 74 93
70 90 78 38 63
79 44 55 67 92
61 52 56 65 73
53 69 60 65 52
87 53 64 55 92
90 67 82 59 1
55 97 90 51 69
52 72 90 55 66
65 74 86 51 67
59 68 59 72 57
73 77 58 51 64
52 54 93 75 76
59 92 53 52 70
67 87 91 51 29
6 61 79 54 80
60 60 64 69 51
54 75 67 52 71
52 94 77 59 60
57 53 52 57 74
53 63 58 59 87
87 56 70 51 81
44 52 59 75 58
52 78 52 66 74
72 53 59 57 63
99 31 54 52 75
52 55 89 60 60
9 63 97 91 56
79 84 52 55 78
96 55 1 67 65
52 88 56 80 67
52 90 57 52 69
56 55 55 99 67
70 18 59 76 54
99 82 56 66 3
55 53 66 30 55
74 74 64 57 51
78 81 55 56 68
100 53 87 39 53
51 77 53 82 71
97 83 51 57 76
81 55 60 56 92
56 99 60 55 54
52 67 88 90 57
81 71 63 56 52
53 60 95 56 69
77 65 58 54 76
54 66 51 70 64
55 59 51 62 77
52 90 54 73 61
74 85 11 51 66
51 62 51 64 90
98 58 64 58 55
56 91 54 55 51
71 87 55 53 58
72 75 18 57 65
78 86 54 53 54
88 70 56 52 52
66 57 56 53 68
93 60 51 57 56
92 6 65 57 58
51 71 74 54 58
54 72 88 51 65
3 63 51 62 83
52 61 85 52 95
23 87 82 56 69
60 67 56 67 61
60 77 54 88 56
57 74 58 55 99
9 88 87 77 67
84 7 58 56 96
51 61 53 92 63
91 12 67 58 90
57 52 64 71 99
51 54 71 73 59
64 52 22 77 53
97 70 86 8 90
72 17 52 85 57
53 61 68 62 76
73 75 55 51 67
26 67 70 59 91
59 64 56 66 59
62 69 61 52 86
55 67 71 53 54
91 75 51 15 58
51 67 73 63 58
52 88 55 93 57
54 65 51 80 60
76 98 76 2 81
67 97 55 53 20
54 63 60 51 68
45 80 58 67 56
74 85 52 51 54
52 51 77 79 92
55 52 80 55 60
69 96 71 22 75
79 58 65 58 59
76 52 66 55 98
53 95 52 76 53
69 60 54 55 64
55 20 83 78 58
52 61 72 61 59
61 57 60 55 89
72 100 59 51 54
52 69 86 58 72
78 70 77 9 92
53 53 55 99 65
79 56 5 86 81
55 93 60 64 56
92 67 53 55 84
51 79 61 69 56
58 57 67 84 54
54 97 77 52 53
52 87 54 91 51
55 71 59 72 57
57 60 63 92 53
55 59 79 68 53
51 60 92 52 55
51 93 87 51 70
62 73 60 56 64
91 87 53 54 52
53 68 15 77 58
51 77 51 81 78
50 72 81 76 52
54 86 89 75 51
60 86 52 77 52
94 54 65 52 66
76 91 75 13 83
39 54 82 65 57
52 57 66 84 53
82 69 75 7 97
89 60 20 77 63
53 56 53 71 93
55 53 56 59 91
51 59 85 63 62
52 80 52 76 67
37 74 87 67 61
89 69 80 1 56
51 88 84 51 88
71 76 18 61 89
52 52 66 58 94
87 90 55 64 1
78 57 64 51 63
56 88 72 84 29
20 51 99 83 90
87 87 65 79 3
67 61 51 58 95
55 80 64 63 52
