300 5
0.56 0.73 0.95 0.49 0.86
0.40 0.74 0.88 0.77 0.87
0.51 0.73 0.64 0.74 0.94
0.56 0.64 0.99 0.78 0.89
0.80 0.94 1.00 0.66 0.65
0.88 0.55 0.97 0.62 0.84
0.91 0.68 0.75 0.77 0.99
0.64 0.69 0.58 0.93 0.61
0.95 0.74 0.75 0.84 0.67
0.64 0.86 0.51 0.86 0.98
0.41 0.83 0.54 0.84 0.65
0.69 0.91 0.27 0.59 0.61
0.96 0.08 0.55 0.54 0.93
0.84 0.63 0.73 0.99 0.99
0.85 0.79 0.52 0.71 0.83
0.60 0.58 0.93 0.98 0.61
0.93 0.93 0.97 0.63 0.55
0.81 0.76 0.74 0.58 0.73
0.97 0.56 0.99 0.69 0.83
0.68 0.54 0.70 0.85 0.99
0.91 0.65 0.66 0.61 0.76
0.76 0.68 0.56 0.97 0.88
0.86 0.79 0.70 0.54 0.67
0.88 0.98 0.65 0.96 0.41
0.58 0.61 0.77 0.83 0.67
0.67 0.87 0.69 0.79 0.53
0.85 0.55 0.86 0.66 0.79
0.86 0.57 0.97 0.61 0.86
0.72 0.89 0.76 0.60 0.52
0.55 0.54 0.55 0.86 0.77
0.85 0.70 0.70 0.58 0.95
0.70 0.62 0.86 0.64 0.55
0.55 0.95 0.92 0.61 0.91
0.51 0.84 0.99 0.78 0.71
0.62 0.58 0.85 0.57 0.98
0.67 0.70 0.75 0.88 0.73
0.51 0.83 0.73 0.70 0.52
0.54 0.73 0.51 1.00 0.71
0.51 0.89 0.71 0.51 0.94
0.60 0.55 0.97 0.90 0.67
0.73 0.90 0.65 0.85 0.60
0.62 0.57 0.51 0.96 1.00
0.53 0.68 0.72 0.63 0.84
0.52 0.64 0.64 0.75 0.63
0.77 0.80 0.53 0.01 0.87
0.92 0.54 0.54 0.63 0.55
0.57 0.32 0.61 0.96 0.84
0.04 0.61 0.79 0.68 0.64
0.62 0.76 0.52 0.64 0.53
0.99 0.83 0.59 0.55 0.74
0.86 0.55 0.97 0.61 0.88
0.56 0.71 0.14 0.88 0.57
0.54 0.51 0.96 0.95 0.74
0.90 0.62 0.91 0.50 0.54
0.56 0.36 0.57 0.83 0.53
0.88 0.65 0.59 0.54 0.79
0.73 0.83 0.68 0.51 0.60
0.63 0.75 0.75 0.74 0.63
0.69 0.57 0.62 0.63 0.95
0.46 0.52 0.85 0.60 0.65
0.88 0.83 0.51 0.82 0.85
0.59 0.93 0.60 0.66 0.89
0.78 0.69 0.56 0.77 0.51
0.76 0.87 0.02 0.95 0.56
0.99 0.65 0.36 0.66 0.78
0.83 0.52 0.63 0.77 0.69
0.70 0.69 0.47 0.54 0.90
0.07 0.93 0.72 0.72 0.96
0.69 0.34 0.70 0.62 0.22
0.82 0.73 0.41 0.18 0.93
0.67 0.72 0.74 0.79 0.61
0.67 0.69 0.59 0.53 0.82
0.52 0.96 0.74 0.51 0.61
0.70 0.98 0.60 0.54 0.76
0.66 0.63 0.81 0.66 0.96
0.61 0.84 0.86 0.48 0.66
0.83 0.21 0.60 0.98 0.83
0.86 0.57 0.51 0.61 0.59
0.82 0.63 0.61 0.56 0.76
0.53 0.52 0.58 0.65 0.52
0.76 0.78 0.75 0.51 0.69
0.74 0.30 0.56 0.74 0.88
0.57 0.96 0.70 0.60 0.55
0.54 0.59 0.69 0.60 0.88
0.56 0.83 0.62 0.59 0.94
0.51 0.67 0.73 0.61 0.14
0.53 0.59 0.89 0.59 0.90
0.98 0.07 0.67 0.76 0.67
0.78 0.68 0.67 0.51 0.69
0.69 0.66 0.73 0.32 0.87
0.85 0.65 0.77 0.55 0.57
0.90 0.83 0.46 0.82 0.77
0.82 0.69 0.55 0.51 0.79
0.74 0.52 0.84 0.55 0.95
0.91 0.79 0.20 0.85 0.07
0.51 0.77 0.54 0.81 0.74
0.73 0.68 0.66 0.59 0.54
0.96 0.24 0.69 0.75 0.55
0.78 0.79 0.54 0.51 0.66
0.68 0.56 0.27 0.83 0.83
0.52 0.78 0.60 0.62 0.95
0.84 0.52 0.77 0.57 0.99
0.16 0.72 0.70 0.64 0.67
0.60 0.59 0.55 0.92 0.67
0.76 0.06 0.59 0.77 0.60
0.75 0.35 0.19 0.54 0.62
0.87 0.96 1.00 0.54 0.57
0.63 0.69 0.72 1.00 0.35
0.89 0.84 0.57 0.50 0.57
0.81 0.81 0.09 0.89 0.41
0.68 0.66 0.90 0.58 0.73
0.74 0.92 0.51 0.52 0.83
0.78 0.56 1.00 0.30 0.47
0.70 0.87 0.54 0.54 0.87
0.54 0.85 0.10 0.75 0.91
0.59 0.70 0.55 0.78 0.40
0.95 0.40 0.58 0.21 0.74
0.63 0.92 0.69 0.59 0.70
0.61 0.84 0.54 0.97 0.54
0.03 0.62 0.84 0.93 0.88
0.74 0.59 0.54 0.51 0.61
0.16 0.59 0.91 0.59 0.77
0.53 0.22 0.80 0.82 0.98
0.59 0.52 0.55 1.00 0.89
0.51 0.66 0.58 0.72 0.89
0.09 0.94 0.89 0.58 0.89
0.58 0.60 0.55 0.66 0.81
0.59 0.62 0.83 0.58 0.57
0.25 0.20 0.51 0.67 0.82
0.59 0.89 0.56 0.60 0.71
0.64 0.51 0.91 0.74 0.66
0.85 0.61 1.00 0.10 0.73
0.85 0.53 0.54 0.56 0.60
1.00 0.56 0.69 0.18 0.64
1.00 0.60 0.68 0.60 0.57
0.68 0.67 0.20 0.74 0.77
0.64 0.92 0.57 0.70 0.51
0.52 0.86 0.67 0.57 0.89
0.52 0.68 0.55 0.56 0.78
0.92 1.00 0.69 0.64 0.50
0.76 0.56 0.63 0.64 0.55
0.51 0.64 0.98 0.53 0.93
0.55 0.55 0.54 0.93 0.62
0.58 0.59 0.58 0.64 0.56
0.60 0.58 0.80 0.51 0.98
0.60 0.10 0.51 0.77 0.56
0.94 0.58 0.53 0.53 0.63
0.53 0.51 0.99 0.88 0.63
0.65 0.66 0.66 0.56 0.29
0.14 0.73 0.91 0.56 0.89
0.85 0.55 0.55 0.19 0.51
0.52 0.60 0.70 0.63 0.69
0.93 0.58 0.08 0.93 0.84
0.77 0.85 0.52 0.55 0.56
0.41 0.63 0.71 0.53 0.69
0.57 0.54 0.52 0.78 0.55
0.62 0.82 0.47 0.77 0.64
0.62 0.55 0.60 0.64 0.79
0.54 0.79 0.72 0.83 0.49
0.53 0.19 0.82 0.73 0.85
0.74 0.42 0.85 0.53 0.63
0.71 0.80 0.19 0.78 0.86
0.73 0.97 0.53 0.89 0.04
0.51 0.75 0.54 0.83 0.53
0.94 0.66 0.53 0.52 0.77
0.52 0.55 0.74 0.99 0.08
0.98 0.98 0.54 0.75 0.52
0.55 0.66 0.03 0.55 0.89
0.84 0.63 0.51 0.79 0.52
0.78 0.76 0.59 0.74 0.27
0.14 0.65 0.81 0.12 0.78
0.74 0.87 0.74 0.53 0.52
0.53 0.78 0.89 0.58 0.68
0.82 0.82 0.71 0.08 0.66
0.56 0.73 0.67 0.61 0.69
0.54 0.65 0.57 0.76 0.75
0.59 0.91 0.53 0.57 0.82
0.74 0.91 0.54 0.54 0.60
0.54 0.62 0.82 0.52 0.85
0.55 0.57 0.92 0.06 0.61
0.44 0.84 0.87 0.97 0.52
0.79 0.58 0.83 0.52 0.64
0.94 0.61 0.87 0.92 0.19
0.06 0.83 0.51 0.53 0.88
0.67 0.68 0.45 0.72 0.59
0.87 0.99 0.16 0.53 0.81
0.78 0.36 0.69 0.64 0.58
0.68 0.64 0.90 0.74 0.16
0.64 0.10 0.71 0.56 0.84
0.62 0.72 0.64 0.52 0.64
0.56 0.78 0.63 0.59 0.73
0.57 0.95 0.95 0.27 0.51
0.58 0.51 0.88 0.65 0.96
0.79 0.83 0.68 0.35 0.78
0.58 0.62 0.78 0.56 0.75
0.73 0.61 0.53 0.63 0.97
0.60 0.54 0.02 0.78 0.87
0.55 0.27 0.66 0.95 0.51
0.97 0.57 0.52 0.52 0.70
0.75 0.01 0.69 0.54 0.74
0.24 0.59 0.97 0.51 0.94
0.70 0.61 0.52 0.55 0.66
0.28 0.98 0.84 1.00 0.60
0.77 0.53 0.99 0.83 0.11
0.72 0.71 0.66 0.52 0.86
0.70 0.61 0.71 0.90 0.11
0.51 0.62 0.71 0.61 0.64
0.82 0.98 0.76 0.55 0.51
0.27 0.76 0.51 0.71 0.58
0.66 0.53 0.51 0.70 0.63
0.53 0.86 0.69 0.60 0.64
0.81 0.63 0.57 0.70 0.52
0.81 0.77 0.05 0.77 0.81
0.67 0.93 0.64 0.59 0.56
0.14 0.74 0.89 0.85 0.60
0.52 0.04 0.76 0.56 0.73
0.69 0.56 0.54 0.63 0.88
0.82 0.74 0.81 0.76 0.03
0.78 0.63 0.72 0.52 0.02
0.69 0.92 0.61 0.52 0.67
0.52 0.65 0.69 0.57 0.98
0.53 0.56 0.52 0.93 0.53
0.57 0.64 0.80 0.80 0.15
0.64 0.51 0.90 0.67 0.70
0.76 0.69 0.32 0.51 0.55
0.74 0.63 0.97 0.52 0.55
0.87 0.52 0.76 0.13 0.57
0.76 0.51 0.64 0.21 0.67
0.52 0.67 0.66 0.63 0.64
0.33 0.49 0.57 0.71 0.57
0.45 0.73 0.57 0.60 0.62
0.54 0.59 0.86 0.54 0.60
0.59 0.29 0.75 0.82 0.54
0.55 0.53 0.93 0.55 0.94
0.95 0.15 0.87 0.22 0.77
0.62 0.67 0.25 0.68 0.83
0.55 0.92 0.08 0.63 0.68
0.63 0.54 0.77 0.56 0.67
0.19 0.87 0.85 0.67 0.60
0.67 0.55 0.52 0.76 0.62
0.58 0.93 0.56 0.72 0.34
0.54 0.79 0.71 0.61 0.56
0.69 0.98 0.16 0.52 0.85
0.58 0.99 0.78 0.52 0.53
0.93 0.83 0.04 0.97 0.52
0.56 0.85 0.59 0.48 0.87
0.62 0.54 0.18 0.62 0.61
0.73 0.50 0.55 0.59 0.63
0.87 0.95 0.65 0.14 0.82
0.63 0.73 0.18 0.62 0.60
0.55 0.99 0.83 0.96 0.05
0.57 0.80 0.54 0.27 0.76
0.54 0.66 0.67 0.53 0.93
0.74 0.17 0.62 0.61 0.66
0.51 0.66 0.52 0.98 0.62
0.60 0.60 0.03 0.59 0.53
0.51 0.68 0.54 0.91 0.55
0.88 0.46 0.60 0.54 0.55
0.64 0.79 0.63 0.53 0.88
0.51 0.92 0.97 0.54 0.52
0.91 0.76 0.54 0.51 0.51
0.41 0.72 0.52 0.75 0.64
0.54 0.39 0.93 0.12 0.78
0.98 0.83 0.02 0.85 0.68
0.55 0.87 0.84 0.54 0.09
0.66 0.03 0.76 0.77 0.87
0.02 0.66 0.62 0.73 0.59
0.91 0.15 0.93 0.55 0.01
0.95 0.59 0.04 0.80 0.72
0.54 0.53 0.53 0.82 0.69
0.58 0.77 0.76 0.55 0.66
0.74 0.64 0.83 0.54 0.46
0.51 0.58 0.82 0.53 0.67
0.97 0.72 0.69 0.62 0.25
0.57 0.78 0.73 0.52 0.80
0.01 0.57 0.65 0.71 0.93
0.42 0.67 0.45 0.62 0.60
0.02 0.65 0.98 0.95 0.84
0.85 0.16 0.95 0.46 0.87
0.58 0.56 0.98 0.96 0.23
0.44 0.55 0.53 0.94 0.56
0.75 0.24 0.10 0.71 0.86
0.92 0.21 0.68 0.20 0.31
0.70 0.59 0.53 0.58 0.84
0.72 0.73 0.65 0.63 0.36
0.61 0.51 0.52 0.72 0.81
0.51 0.58 0.58 0.57 0.67
0.61 0.59 0.35 0.84 0.68
0.16 0.95 0.79 0.94 0.51
0.98 0.52 0.44 0.11 0.63
0.66 0.62 0.66 0.53 0.98
0.26 0.85 0.58 0.69 0.56
0.01 0.88 0.55 0.60 0.76
0.78 0.05 0.59 0.95 0.93
0.81 0.71 0.86 0.04 0.69
0.64 0.42 0.67 0.69 0.56
0.03 0.59 0.79 0.20 0.53
0.54 0.93 0.52 0.97 0.06
0.55 0.92 0.55 0.56 0.77
0.51 0.88 0.91 0.79 0.05
