300 5
0.49 0.69 0.59 0.56 0.32
0.88 0.79 0.60 0.52 0.54
0.82 0.69 0.57 0.52 0.82
0.64 0.64 0.67 0.73 0.23
0.96 0.53 0.81 0.88 0.62
0.87 0.67 0.74 0.70 0.59
0.60 0.53 0.18 0.90 0.78
0.85 0.57 0.75 0.57 0.82
0.94 0.65 0.54 0.57 0.70
0.92 0.99 0.57 0.67 0.72
0.83 0.56 0.35 0.55 0.87
0.97 0.04 0.51 0.65 1.00
0.93 0.57 0.88 0.02 0.72
0.63 0.66 0.80 0.76 0.69
0.55 0.62 0.99 0.53 0.52
0.16 0.71 0.81 0.62 0.87
0.57 0.64 0.72 0.80 0.93
0.55 0.65 0.57 0.77 0.87
0.74 0.71 0.54 0.77 0.65
0.60 0.58 0.61 0.54 0.94
0.53 0.80 0.68 0.44 0.83
0.97 0.60 0.65 0.82 0.72
0.80 0.75 0.74 0.52 0.92
0.47 0.57 0.63 0.85 0.71
0.62 0.59 0.99 0.61 0.63
0.95 0.59 0.65 0.92 0.69
0.51 0.53 0.92 0.89 0.54
0.77 0.55 0.80 0.92 0.63
0.07 0.67 0.51 0.84 0.57
0.60 0.52 0.99 0.59 0.89
0.95 0.56 0.71 0.63 0.54
0.80 0.81 0.61 0.17 0.98
0.52 0.79 0.81 0.53 0.99
0.63 0.99 0.77 0.54 0.56
0.64 0.67 0.78 0.31 0.73
0.96 0.18 0.98 0.85 0.94
0.51 0.53 0.99 0.68 0.72
0.98 0.57 0.58 0.79 0.59
0.65 0.62 0.93 0.51 0.70
0.38 0.57 0.71 0.82 0.57
0.76 0.98 0.55 0.91 0.07
0.80 0.52 0.99 0.89 0.88
0.77 0.48 0.82 0.72 0.62
0.67 0.66 0.66 0.74 0.86
0.62 0.73 0.88 0.61 0.30
0.52 0.71 0.56 0.78 0.68
0.84 0.76 0.58 0.58 0.79
0.74 0.65 0.86 0.57 0.85
0.58 0.78 0.53 0.65 0.84
0.61 0.74 0.36 0.60 0.54
0.57 0.69 0.51 0.53 0.83
0.70 0.68 0.76 0.70 0.59
0.70 0.51 0.69 0.52 0.78
0.66 0.56 0.78 0.71 0.97
0.79 0.60 0.54 0.84 0.66
0.37 0.78 0.63 0.73 0.58
0.55 0.57 0.67 0.81 0.56
0.94 0.94 0.63 0.28 0.63
0.79 0.57 0.62 0.52 0.66
0.62 0.54 0.51 0.92 0.54
0.80 0.80 0.60 0.52 0.60
0.81 0.66 0.64 0.70 0.63
0.59 0.95 0.54 0.60 0.55
0.60 0.53 0.67 0.67 0.89
0.85 0.54 0.59 0.58 0.97
0.64 0.02 0.53 0.72 0.79
0.51 0.67 0.89 0.65 0.69
0.52 0.86 0.03 0.84 0.76
0.63 0.07 0.81 0.69 0.60
0.59 0.58 0.74 0.77 0.28
0.93 0.55 0.52 0.60 0.83
0.30 0.60 0.70 0.99 0.89
0.01 0.55 0.56 0.97 0.56
0.69 0.62 0.63 0.68 0.52
0.66 0.60 0.75 0.58 0.76
0.98 0.30 0.65 0.67 0.98
0.94 0.66 0.90 0.63 0.56
0.52 0.55 0.57 0.60 0.67
0.82 0.79 0.54 0.51 0.52
0.51 0.94 0.78 0.52 0.76
0.60 0.62 0.83 0.54 0.69
0.51 0.85 0.79 0.55 0.57
0.52 0.66 0.76 0.68 0.64
0.90 0.92 0.98 0.55 0.41
0.92 0.52 0.96 0.95 0.53
0.98 0.64 0.51 0.98 0.51
0.78 0.55 0.72 0.81 0.53
0.59 0.98 0.84 0.52 0.58
0.56 0.55 0.84 0.63 0.55
0.79 0.54 0.64 0.72 0.65
0.63 0.51 0.56 0.85 1.00
0.61 0.52 0.97 0.98 0.71
0.68 0.75 0.53 0.88 0.53
0.24 0.64 0.85 0.95 0.91
0.73 0.55 0.58 0.82 0.54
0.88 0.52 0.74 0.57 0.63
0.80 0.58 0.86 0.57 0.52
0.97 0.69 0.69 0.35 0.51
0.57 0.51 0.83 0.61 0.53
0.80 0.67 0.53 0.74 0.62
0.53 0.92 0.56 0.77 0.99
0.54 0.52 0.75 0.65 0.94
0.75 0.71 0.78 0.72 0.08
0.52 0.52 0.59 0.98 0.88
0.53 0.52 0.60 0.80 0.67
0.63 0.52 0.64 0.10 0.65
0.53 0.55 0.61 0.54 0.85
0.95 0.66 0.65 0.81 0.51
0.94 0.53 0.16 0.83 0.92
0.55 0.58 0.93 0.77 0.59
0.57 0.98 0.57 0.54 0.81
0.95 0.69 0.03 0.93 0.82
0.67 0.87 0.54 0.59 0.61
0.85 0.51 0.53 0.56 0.68
0.51 0.68 0.70 0.92 0.51
0.73 0.51 0.63 0.70 0.87
0.67 0.16 0.99 0.51 0.53
0.86 0.53 0.60 0.60 0.63
0.98 0.65 0.15 0.99 0.98
0.58 0.82 0.53 0.61 0.80
0.52 0.93 0.68 0.52 0.73
0.60 0.53 0.79 0.68 0.57
0.71 0.61 0.55 0.63 0.80
0.64 0.64 0.75 0.55 0.52
0.55 0.66 0.54 0.62 0.79
0.06 0.93 0.64 0.57 0.65
0.62 0.54 0.70 0.71 0.54
0.53 0.57 0.83 0.69 0.55
0.88 0.68 0.61 0.62 0.51
0.55 0.66 0.52 0.53 0.22
0.70 0.80 0.51 0.52 0.98
0.57 0.54 0.83 0.55 0.82
0.78 0.95 0.56 0.51 0.88
0.81 0.39 0.94 0.58 0.84
0.60 0.63 0.58 0.54 0.78
0.52 0.59 0.51 0.80 0.66
0.79 0.70 0.56 0.51 0.17
0.77 0.58 0.21 0.86 0.89
0.80 0.54 0.62 0.58 0.99
0.57 0.63 0.86 0.84 0.51
0.55 0.53 0.86 0.60 0.83
0.51 0.55 0.93 0.71 0.69
0.68 0.99 0.84 0.52 0.54
0.80 0.51 0.58 0.56 0.60
0.34 0.60 0.73 0.70 0.55
0.56 0.62 0.55 0.53 0.28
0.95 0.71 0.51 0.74 0.81
0.60 0.66 0.37 0.69 0.55
0.55 0.60 0.75 0.63 0.59
0.56 0.53 0.65 0.76 0.69
0.55 0.35 0.68 0.60 0.63
0.64 0.86 0.56 0.45 0.58
0.65 0.57 0.68 0.63 0.52
0.52 0.55 0.83 0.54 0.68
0.53 0.76 0.67 0.54 0.59
0.97 0.59 0.51 0.78 0.85
0.53 0.98 0.56 0.60 0.81
0.58 0.54 0.81 0.55 0.86
0.30 0.52 0.94 0.96 0.79
0.79 0.51 0.59 0.90 0.68
0.61 0.78 0.76 0.51 0.81
0.74 0.57 0.57 0.70 0.52
0.61 0.55 0.56 0.60 0.56
0.99 0.53 0.63 0.71 0.59
0.66 0.86 0.51 0.70 0.53
0.35 0.81 0.87 0.56 0.56
0.62 0.85 0.60 0.51 0.96
0.57 0.74 0.83 0.04 0.62
0.76 0.58 0.55 0.59 0.82
0.65 0.55 0.53 0.67 0.94
0.53 0.83 0.53 0.57 0.57
0.88 0.38 0.55 0.32 0.86
0.59 0.69 1.00 0.52 0.84
0.71 0.54 0.58 0.52 0.77
0.70 0.53 0.91 0.55 0.63
0.67 0.54 0.51 0.73 0.70
0.98 0.52 0.71 0.59 0.56
0.82 0.75 0.48 0.51 0.60
0.72 0.60 0.59 0.56 0.66
0.59 0.96 0.66 0.51 0.74
0.84 0.67 0.58 0.52 0.76
0.56 0.52 0.64 0.68 0.55
0.76 0.58 0.78 0.55 0.62
0.72 0.58 0.54 0.63 0.53
0.51 0.90 0.53 0.71 0.83
0.06 0.82 0.86 0.70 0.94
0.82 0.52 0.54 0.69 0.92
0.95 0.87 0.51 0.67 0.52
0.51 0.51 0.57 0.78 0.55
0.53 0.51 0.74 0.82 0.53
0.56 0.20 0.87 0.64 0.81
0.74 0.53 0.57 0.62 0.88
0.53 0.75 0.92 0.53 0.54
0.51 0.81 0.68 0.52 0.85
0.70 0.54 0.55 0.89 0.68
0.55 0.95 0.54 0.52 0.88
0.30 0.66 0.83 0.52 0.92
0.49 0.69 0.56 0.61 0.84
0.67 0.51 0.62 1.00 0.53
0.97 0.45 0.97 0.93 0.53
0.85 0.40 0.75 0.64 0.62
0.85 0.88 0.24 0.79 0.68
0.56 0.62 0.51 0.72 0.64
0.65 0.59 0.70 0.59 0.53
0.72 0.58 0.90 0.53 0.54
0.54 0.92 0.55 0.90 0.51
0.91 0.88 0.78 0.09 0.81
0.56 0.54 0.78 0.59 0.76
0.20 0.86 0.80 0.81 0.95
0.75 0.80 1.00 0.01 0.74
0.72 0.51 0.65 0.62 0.94
0.62 0.73 0.73 0.52 0.58
0.95 0.56 0.54 0.93 0.53
0.58 0.52 0.76 0.54 0.76
0.82 0.65 0.88 0.51 0.64
0.56 0.62 0.54 0.58 0.68
0.69 0.84 0.99 0.51 0.52
0.52 0.93 0.54 0.67 0.61
0.53 0.52 0.87 0.55 0.96
0.51 0.53 0.74 0.70 0.79
0.75 0.61 0.53 0.70 0.65
0.63 0.54 0.59 0.61 0.70
0.09 0.60 0.80 0.95 0.53
0.80 0.53 0.53 0.52 0.97
0.71 0.51 0.56 0.77 0.21
0.55 0.91 0.67 0.75 0.11
0.80 0.28 0.78 0.65 0.65
0.70 0.51 0.73 0.59 0.63
0.53 0.60 0.99 0.52 0.77
0.67 0.60 0.74 0.56 0.61
0.87 0.54 0.56 0.58 0.57
0.89 0.91 0.40 0.56 0.60
0.63 0.84 0.14 0.57 0.69
0.66 0.15 0.98 0.78 0.55
0.55 0.98 0.66 0.63 0.19
0.98 0.77 0.52 0.51 0.56
0.80 0.54 0.79 0.55 0.11
0.64 0.51 0.51 0.86 0.74
0.91 0.78 0.64 0.85 0.04
0.84 0.77 0.21 0.94 0.71
0.54 0.56 0.59 0.58 0.68
0.57 0.59 0.55 0.82 0.52
0.54 0.84 0.92 0.52 0.55
0.52 0.56 0.57 0.69 0.57
0.52 0.74 0.96 0.55 0.60
0.65 0.56 0.54 0.57 0.62
0.61 0.51 0.55 0.73 0.75
0.82 0.58 0.96 0.54 0.51
0.17 0.81 0.51 0.78 0.56
0.55 0.55 0.55 0.57 0.58
0.78 0.76 0.53 0.52 0.57
0.58 0.51 0.80 0.73 0.54
0.40 0.53 0.67 0.76 0.89
0.52 0.51 0.62 0.68 0.75
0.97 0.70 0.55 0.51 0.68
0.88 0.74 0.07 0.54 0.66
0.78 0.51 0.56 0.07 0.63
0.48 0.65 0.84 0.57 0.98
0.68 0.90 0.81 0.51 0.10
0.74 0.54 0.72 0.58 0.56
0.58 0.52 0.54 0.83 0.69
0.75 0.60 0.58 0.62 0.52
0.55 0.51 0.57 0.56 0.59
0.06 0.72 0.51 0.91 0.92
0.64 0.66 0.56 0.52 0.56
0.94 0.60 0.51 0.56 0.69
0.52 0.53 0.75 0.74 0.67
0.97 0.51 0.51 0.62 0.70
0.81 0.67 0.51 0.55 0.87
0.51 0.76 0.53 0.55 0.76
0.51 0.86 0.51 0.59 0.99
0.71 0.80 0.51 0.72 0.52
0.55 0.65 0.97 0.55 0.66
0.53 0.65 0.52 0.88 0.52
0.51 0.58 0.74 0.56 0.69
0.53 0.55 0.51 0.78 1.00
0.62 0.54 0.51 0.80 0.94
0.68 0.75 0.52 0.52 0.51
0.52 0.57 0.89 0.67 0.57
0.90 0.64 0.51 0.45 0.91
0.55 0.58 0.54 0.69 0.77
0.41 0.62 0.55 0.53 0.58
0.56 0.60 0.52 0.61 0.88
0.52 0.94 0.51 0.70 0.98
0.98 0.33 0.90 0.55 0.58
0.52 0.63 0.05 0.54 1.00
0.92 0.97 0.06 0.92 0.65
0.77 0.90 0.67 0.89 0.11
0.96 0.52 0.54 0.57 0.58
0.91 0.59 0.51 0.68 0.70
0.68 0.42 0.68 0.61 0.52
0.77 0.60 0.74 0.53 0.54
0.30 0.81 0.60 0.89 0.51
0.83 0.53 0.54 0.69 0.91
0.53 0.87 0.72 0.51 0.52
0.99 0.58 0.53 0.74 0.64
0.58 0.52 0.56 0.69 0.94
0.73 0.72 0.58 0.51 0.73
0.65 0.60 0.70 0.54 0.64
0.52 0.53 0.85 0.51 0.55
