0.04 0.32 0.39 1.00 0.13 0.33
0.84 0.66 0.90 0.57 0.96 0.78
0.13 0.07 0.19 0.14 0.66 0.93
0.28 0.08 0.06 0.03 0.45 0.35
0.55 0.57 0.24 0.14 0.42 0.42
0.65 0.20 0.48 0.46 0.03 0.19
0.32 0.08 0.46 0.39 0.34 0.02
0.05 0.27 0.50 0.36 0.50 0.31
0.48 0.05 0.86 0.41 0.41 0.68
0.01 0.24 0.27 0.16 0.49 0.26
0.72 0.16 0.31 0.46 0.32 0.10
0.13 0.04 0.36 0.01 0.93 0.07
0.11 0.21 0.08 0.16 0.20 0.74
0.16 0.42 0.17 0.23 0.14 0.25
0.43 0.48 0.76 0.30 0.31 0.23
0.46 0.20 0.06 0.03 0.20 0.58
0.21 0.14 0.02 0.16 0.16 0.06
0.50 0.37 0.49 0.40 0.09 0.23
0.44 0.25 0.46 0.09 0.40 0.20
0.11 0.16 0.39 0.17 0.36 0.50
0.13 0.11 0.12 0.17 0.37 0.04
0.81 0.09 0.50 0.24 0.28 0.26
0.01 0.10 0.03 0.09 0.20 0.18
0.32 0.44 0.15 0.03 0.07 0.02
0.19 0.11 0.25 0.04 0.10 0.06
0.01 0.33 0.17 0.23 0.12 0.27
0.40 0.51 0.06 0.46 0.13 0.18
0.52 0.14 0.30 0.22 0.05 0.13
0.05 0.27 1.00 0.28 0.13 0.83
0.48 0.28 0.43 0.44 0.05 0.08
0.45 0.04 0.18 0.43 0.49 0.80
0.03 0.40 0.14 0.21 0.10 0.65
0.88 0.13 0.13 0.01 0.43 0.14
0.68 0.38 0.43 0.21 0.12 0.04
0.20 0.31 0.10 0.09 0.11 0.16
0.04 0.28 0.08 0.47 0.42 0.14
0.24 0.58 0.29 0.01 0.30 0.24
0.22 0.50 0.45 0.12 0.23 0.02
0.04 0.04 0.14 0.11 0.48 0.30
0.11 0.47 0.02 0.36 0.10 0.18
0.24 0.47 0.30 0.25 0.08 0.05
0.35 0.09 0.09 0.21 0.41 0.30
0.08 0.07 0.65 0.19 0.43 0.26
0.13 0.20 0.32 0.88 0.06 0.49
0.48 0.04 0.15 0.26 0.34 0.47
0.45 0.26 0.49 0.08 0.04 0.18
0.07 0.42 0.02 0.31 0.20 0.02
0.05 0.36 0.14 0.48 0.10 0.23
0.05 0.74 0.01 0.11 0.07 0.49
0.49 0.27 0.08 0.02 0.49 0.12
0.34 0.24 0.76 0.66 0.08 0.22
0.11 0.42 0.09 0.08 0.43 0.14
0.36 0.97 0.13 0.06 0.13 0.46
0.03 0.13 0.28 0.12 0.22 0.06
0.43 0.25 0.02 0.10 0.25 0.12
0.85 0.21 0.02 0.24 0.07 0.34
0.07 0.11 0.27 0.08 0.20 0.30
0.05 0.35 0.32 0.48 0.13 0.15
0.28 0.06 0.02 0.09 0.28 0.10
0.16 0.35 0.02 0.31 0.93 0.13
0.20 0.18 0.26 0.01 0.80 0.46
0.16 0.22 0.49 0.90 0.09 0.01
0.28 0.12 0.50 0.06 0.44 0.03
0.11 0.16 0.11 0.09 0.28 0.15
0.26 0.43 0.01 0.20 0.48 0.36
0.03 0.01 0.08 0.04 0.48 0.41
0.08 0.23 0.24 0.35 0.12 0.48
0.45 0.45 0.03 0.07 0.09 0.13
0.65 0.15 0.05 0.08 0.03 0.11
0.47 0.10 0.12 0.14 0.30 0.04
0.07 0.37 0.05 0.53 0.90 0.05
0.31 0.21 0.29 0.08 0.01 0.32
0.10 0.43 0.51 0.18 0.19 0.34
0.07 0.12 0.26 0.39 0.19 0.11
0.09 0.48 0.57 0.07 0.35 0.20
0.06 0.41 0.43 0.39 0.07 0.28
0.36 0.50 0.20 0.02 0.05 0.35
0.04 0.09 0.27 0.11 0.44 0.49
0.67 0.03 0.38 0.32 0.34 0.18
0.30 0.61 0.38 0.50 0.10 0.01
0.22 0.14 0.34 0.25 0.95 0.03
0.43 0.47 0.05 0.33 0.12 0.38
0.02 0.19 0.19 0.24 0.13 0.61
0.08 0.36 0.01 0.47 0.36 0.11
0.31 0.61 0.23 0.29 0.11 0.15
0.35 0.15 0.38 0.35 0.17 0.01
0.38 0.34 0.22 0.30 0.04 0.15
0.13 0.47 0.38 0.19 0.04 0.22
0.22 0.30 0.20 0.05 0.14 0.49
0.94 0.54 0.03 0.44 0.08 0.33
0.29 0.33 0.21 0.36 0.11 0.04
0.38 0.48 0.13 0.48 0.02 0.01
0.23 0.39 0.18 0.34 0.09 0.02
0.38 0.08 0.12 0.46 0.08 0.17
0.81 0.18 0.44 0.24 0.01 0.11
0.11 0.47 0.06 0.30 0.10 0.26
0.19 0.02 0.01 0.03 0.19 0.46
0.44 0.19 0.37 0.43 0.42 0.03
0.25 0.15 0.15 0.09 0.43 0.11
0.09 0.42 0.95 0.10 0.44 0.11
0.31 0.25 0.49 0.83 0.38 0.03
0.10 0.27 0.46 0.41 0.17 0.16
0.04 0.81 0.11 0.35 0.46 0.05
0.44 0.02 0.02 0.66 0.34 0.18
0.04 0.06 0.48 0.30 0.17 0.28
0.08 0.44 0.97 0.81 0.12 0.18
0.43 0.05 0.73 0.41 0.04 0.48
0.26 0.46 0.24 0.32 0.01 0.09
0.40 0.01 0.40 0.46 0.36 0.12
0.16 0.45 0.10 0.30 0.37 0.07
0.22 0.14 0.33 0.03 0.10 0.40
0.24 0.08 0.26 0.48 0.47 0.27
0.14 0.43 0.39 0.02 0.41 0.45
0.42 0.24 0.30 0.02 0.24 0.02
0.74 0.23 0.04 0.44 0.02 0.40
0.10 0.21 0.48 0.03 0.22 0.44
0.02 0.07 0.69 0.93 0.21 0.30
0.24 0.06 0.05 0.41 0.47 0.11
0.50 0.01 0.55 0.39 0.25 0.42
0.01 0.04 0.11 0.21 0.20 0.27
0.15 0.35 0.04 0.41 0.06 0.20
0.10 0.50 0.30 0.08 0.13 0.07
0.25 0.44 0.41 0.02 0.11 0.24
0.18 0.03 0.44 0.40 0.19 0.25
0.65 0.18 0.21 0.04 0.27 0.27
0.06 0.07 0.10 0.10 0.07 0.02
0.89 0.41 0.11 0.03 0.08 0.80
0.22 0.32 0.14 0.06 0.43 0.40
0.35 0.16 0.01 0.48 0.49 0.33
0.34 0.16 0.13 0.04 0.15 0.49
0.04 0.16 0.31 0.76 0.16 0.21
0.47 0.29 0.01 0.08 0.28 0.45
0.12 0.01 0.27 0.23 0.20 0.07
0.42 0.19 0.14 0.32 0.03 0.90
0.40 0.01 0.02 0.13 0.41 0.14
0.08 0.87 0.30 0.03 0.45 0.10
0.45 0.34 0.06 0.37 0.07 0.01
0.36 0.48 0.06 0.38 0.09 0.29
0.09 0.05 0.09 0.49 0.24 0.15
0.62 0.49 0.14 0.04 0.11 0.28
0.09 0.93 0.30 0.46 0.01 0.33
0.03 0.07 0.38 0.07 0.12 0.43
0.35 0.28 0.26 0.02 0.34 0.18
0.31 0.04 0.25 0.27 0.19 0.19
0.02 0.10 0.49 0.06 0.06 0.05
0.32 0.27 0.05 0.20 0.08 0.16
0.06 0.41 0.41 0.07 0.12 0.20
0.11 0.05 0.03 0.46 0.36 0.11
0.15 0.28 0.35 0.46 0.04 0.24
0.29 0.42 0.09 0.40 0.04 0.43
0.11 0.47 0.37 0.41 0.05 0.34
0.15 0.30 0.35 0.04 0.31 0.14
0.60 0.11 0.19 0.21 0.02 0.08
0.88 0.47 0.32 0.31 0.02 0.03
0.84 0.06 0.40 0.17 0.11 0.06
0.45 0.02 0.03 0.15 0.50 0.11
0.04 0.41 0.44 0.89 0.01 0.37
0.02 0.30 0.17 0.59 0.07 0.42
0.27 0.21 0.17 0.32 0.04 0.76
0.42 0.38 0.09 0.05 0.25 0.07
0.30 0.41 0.09 0.14 0.08 0.30
0.14 0.04 0.06 0.38 0.38 0.19
0.29 0.41 0.92 0.01 0.09 0.38
0.50 0.74 0.14 0.42 0.02 0.35
0.25 0.10 0.26 0.42 0.01 0.08
0.02 0.32 0.34 0.18 0.47 0.17
0.02 0.15 0.31 0.06 0.01 0.76
0.16 0.03 0.02 0.17 0.40 0.40
0.48 0.03 0.48 0.44 0.12 0.02
0.02 0.36 0.19 0.05 0.40 0.63
0.03 0.49 0.48 0.05 0.01 0.51
0.31 0.01 0.26 0.70 0.13 0.18
0.03 0.19 0.20 0.43 0.05 0.12
0.31 0.08 0.02 0.36 0.17 0.46
0.17 0.25 0.03 0.38 0.09 0.25
0.40 0.01 0.03 0.35 0.34 0.12
0.91 0.01 0.45 0.49 0.32 0.01
0.08 0.30 0.27 0.02 0.34 0.41
0.30 0.50 0.16 0.07 0.32 0.33
0.29 0.40 0.01 0.38 0.09 0.82
0.38 0.32 0.15 0.07 0.05 0.15
0.13 0.20 0.02 0.58 0.20 0.34
0.46 0.47 0.20 0.49 0.02 0.01
0.19 0.12 0.09 0.40 0.46 0.16
0.47 0.33 0.02 0.36 0.26 0.03
0.15 0.10 0.07 0.41 0.01 0.15
0.45 0.05 0.11 0.46 0.17 0.18
0.73 0.27 0.01 0.92 0.99 0.08
0.16 0.01 0.71 0.69 0.70 0.02
0.85 0.18 0.02 0.78 0.11 0.10
0.20 0.71 0.04 0.15 0.15 0.37
0.20 0.09 0.18 0.06 0.13 0.43
0.30 0.50 0.11 0.01 0.53 0.73
0.12 0.04 0.05 0.07 0.89 0.14
0.07 0.02 0.95 0.20 0.24 0.42
0.04 0.32 0.96 0.03 0.16 0.21
0.32 0.30 0.04 0.32 0.05 0.18
0.50 0.04 0.13 0.71 0.46 0.09
0.31 0.98 0.99 0.35 0.03 0.03
0.15 0.50 0.33 0.06 0.62 0.24
0.17 0.43 0.22 0.39 0.06 0.35
0.19 0.40 0.05 0.27 0.15 0.37
0.13 0.30 0.29 0.40 0.06 0.24
0.08 0.39 0.10 0.37 0.04 0.40
0.41 0.04 0.14 0.22 0.10 0.43
0.56 0.20 0.15 0.26 0.04 0.30
0.14 0.49 0.31 0.05 0.28 0.73
0.28 0.27 0.46 0.26 0.06 0.26
0.29 0.01 0.24 0.52 0.26 0.37
0.41 0.10 0.13 0.02 0.37 0.45
0.13 0.14 0.11 0.03 0.31 0.18
0.05 0.23 0.11 0.46 0.04 0.42
0.08 0.30 0.01 0.27 0.10 0.21
0.28 0.06 0.24 0.47 0.82 0.04
0.78 0.05 0.40 0.17 0.09 0.04
0.19 0.10 0.09 0.28 0.35 0.01
0.35 0.02 0.10 0.13 0.06 0.14
0.06 0.45 0.44 0.29 0.02 0.48
0.07 0.09 0.13 0.09 0.09 0.39
0.02 0.11 0.22 0.12 0.02 0.24
0.31 0.03 0.47 0.26 0.17 0.04
0.31 0.03 0.44 0.20 0.04 0.37
0.01 0.83 0.87 0.83 0.87 0.04
0.01 0.10 0.16 0.09 0.04 0.46
0.11 0.34 0.38 0.05 0.34 0.26
0.04 0.36 0.05 0.27 0.17 0.28
0.11 0.49 0.13 0.09 0.07 0.47
0.07 0.26 0.21 0.57 0.01 0.61
0.26 0.42 0.04 0.05 0.27 0.31
0.48 0.14 0.48 0.06 0.09 0.13
