4 32 39 100 13 33
84 66 90 57 96 78
13 7 19 14 66 93
28 8 6 3 45 35
55 57 24 14 42 42
65 20 48 46 3 19
32 8 46 39 34 2
5 27 50 36 50 31
48 5 86 41 41 68
1 24 27 16 49 26
72 16 31 46 32 10
13 4 36 1 93 7
11 21 8 16 20 74
16 42 17 23 14 25
43 48 76 30 31 23
46 20 6 3 20 58
21 14 2 16 16 6
50 37 49 40 9 23
44 25 46 9 40 20
11 16 39 17 36 50
13 11 12 17 37 4
81 9 50 24 28 26
1 10 3 9 20 18
32 44 15 3 7 2
19 11 25 4 10 6
1 33 17 23 12 27
40 51 6 46 13 18
52 14 30 22 5 13
5 27 100 28 13 83
48 28 43 44 5 8
45 4 18 43 49 80
3 40 14 21 10 65
88 13 13 1 43 14
68 38 43 21 12 4
20 31 10 9 11 16
4 28 8 47 42 14
24 58 29 1 30 24
22 50 45 12 23 2
4 4 14 11 48 30
11 47 2 36 10 18
24 47 30 25 8 5
35 9 9 21 41 30
8 7 65 19 43 26
13 20 32 88 6 49
48 4 15 26 34 47
45 26 49 8 4 18
7 42 2 31 20 2
5 36 14 48 10 23
5 74 1 11 7 49
49 27 8 2 49 12
34 24 76 66 8 22
11 42 9 8 43 14
36 97 13 6 13 46
3 13 28 12 22 6
43 25 2 10 25 12
85 21 2 24 7 34
7 11 27 8 20 30
5 35 32 48 13 15
28 6 2 9 28 10
16 35 2 31 93 13
20 18 26 1 80 46
16 22 49 90 9 1
28 12 50 6 44 3
11 16 11 9 28 15
26 43 1 20 48 36
3 1 8 4 48 41
8 23 24 35 12 48
45 45 3 7 9 13
65 15 5 8 3 11
47 10 12 14 30 4
7 37 5 53 90 5
31 21 29 8 1 32
10 43 51 18 19 34
7 12 26 39 19 11
9 48 57 7 35 20
6 41 43 39 7 28
36 50 20 2 5 35
4 9 27 11 44 49
67 3 38 32 34 18
30 61 38 50 10 1
22 14 34 25 95 3
43 47 5 33 12 38
2 19 19 24 13 61
8 36 1 47 36 11
31 61 23 29 11 15
35 15 38 35 17 1
38 34 22 30 4 15
13 47 38 19 4 22
22 30 20 5 14 49
94 54 3 44 8 33
29 33 21 36 11 4
38 48 13 48 2 1
23 39 18 34 9 2
38 8 12 46 8 17
81 18 44 24 1 11
11 47 6 30 10 26
19 2 1 3 19 46
44 19 37 43 42 3
25 15 15 9 43 11
9 42 95 10 44 11
31 25 49 83 38 3
10 27 46 41 17 16
4 81 11 35 46 5
44 2 2 66 34 18
4 6 48 30 17 28
8 44 97 81 12 18
43 5 73 41 4 48
26 46 24 32 1 9
40 1 40 46 36 12
16 45 10 30 37 7
22 14 33 3 10 40
24 8 26 48 47 27
14 43 39 2 41 45
42 24 30 2 24 2
74 23 4 44 2 40
10 21 48 3 22 44
2 7 69 93 21 30
24 6 5 41 47 11
50 1 55 39 25 42
1 4 11 21 20 27
15 35 4 41 6 20
10 50 30 8 13 7
25 44 41 2 11 24
18 3 44 40 19 25
65 18 21 4 27 27
6 7 10 10 7 2
89 41 11 3 8 80
22 32 14 6 43 40
35 16 1 48 49 33
34 16 13 4 15 49
4 16 31 76 16 21
47 29 1 8 28 45
12 1 27 23 20 7
42 19 14 32 3 90
40 1 2 13 41 14
8 87 30 3 45 10
45 34 6 37 7 1
36 48 6 38 9 29
9 5 9 49 24 15
62 49 14 4 11 28
9 93 30 46 1 33
3 7 38 7 12 43
35 28 26 2 34 18
31 4 25 27 19 19
2 10 49 6 6 5
32 27 5 20 8 16
6 41 41 7 12 20
11 5 3 46 36 11
15 28 35 46 4 24
29 42 9 40 4 43
11 47 37 41 5 34
15 30 35 4 31 14
60 11 19 21 2 8
88 47 32 31 2 3
84 6 40 17 11 6
45 2 3 15 50 11
4 41 44 89 1 37
2 30 17 59 7 42
27 21 17 32 4 76
42 38 9 5 25 7
30 41 9 14 8 30
14 4 6 38 38 19
29 41 92 1 9 38
50 74 14 42 2 35
25 10 26 42 1 8
2 32 34 18 47 17
2 15 31 6 1 76
16 3 2 17 40 40
48 3 48 44 12 2
2 36 19 5 40 63
3 49 48 5 1 51
31 1 26 70 13 18
3 19 20 43 5 12
31 8 2 36 17 46
17 25 3 38 9 25
40 1 3 35 34 12
91 1 45 49 32 1
8 30 27 2 34 41
30 50 16 7 32 33
29 40 1 38 9 82
38 32 15 7 5 15
13 20 2 58 20 34
46 47 20 49 2 1
19 12 9 40 46 16
47 33 2 36 26 3
15 10 7 41 1 15
45 5 11 46 17 18
73 27 1 92 99 8
16 1 71 69 70 2
85 18 2 78 11 10
20 71 4 15 15 37
20 9 18 6 13 43
30 50 11 1 53 73
12 4 5 7 89 14
7 2 95 20 24 42
4 32 96 3 16 21
32 30 4 32 5 18
50 4 13 71 46 9
31 98 99 35 3 3
15 50 33 6 62 24
17 43 22 39 6 35
19 40 5 27 15 37
13 30 29 40 6 24
8 39 10 37 4 40
41 4 14 22 10 43
56 20 15 26 4 30
14 49 31 5 28 73
28 27 46 26 6 26
29 1 24 52 26 37
41 10 13 2 37 45
13 14 11 3 31 18
5 23 11 46 4 42
8 30 1 27 10 21
28 6 24 47 82 4
78 5 40 17 9 4
19 10 9 28 35 1
35 2 10 13 6 14
6 45 44 29 2 48
7 9 13 9 9 39
2 11 22 12 2 24
31 3 47 26 17 4
31 3 44 20 4 37
1 83 87 83 87 4
1 10 16 9 4 46
11 34 38 5 34 26
4 36 5 27 17 28
11 49 13 9 7 47
7 26 21 57 1 61
26 42 4 5 27 31
48 14 48 6 9 13
