0.51 0.10 0.08 0.16 0.24 0.84
0.19 0.53 1.00 0.90 0.52 0.04
0.43 0.08 0.17 0.07 0.01 0.22
0.12 0.06 0.10 0.22 0.09 0.21
0.23 0.44 0.57 0.23 0.14 0.15
0.94 0.11 0.30 0.39 0.29 0.04
0.43 0.95 0.01 0.22 0.02 0.19
0.35 0.01 0.38 0.01 0.09 0.34
0.05 0.30 0.17 0.29 0.10 0.13
0.26 0.30 0.01 0.09 0.05 0.32
0.08 0.18 0.72 0.20 0.18 0.08
0.12 0.81 0.34 0.19 0.49 0.10
0.18 0.25 0.16 0.10 0.30 0.16
0.76 0.01 0.09 0.19 0.03 0.13
0.21 0.17 0.10 0.47 0.23 0.20
0.15 0.01 0.10 0.49 0.18 0.05
0.01 0.50 0.04 0.28 0.31 0.12
0.24 0.35 0.18 0.02 0.07 0.20
0.11 0.21 0.33 0.42 0.40 0.12
0.24 0.87 0.41 0.26 0.26 0.05
0.12 0.27 0.09 0.09 0.26 0.25
0.11 0.44 0.50 0.03 0.14 0.25
0.44 0.39 0.14 0.41 0.02 0.36
0.36 0.27 0.35 0.34 0.02 0.09
0.39 0.05 0.13 0.13 0.44 0.25
0.01 0.17 0.47 0.37 0.10 0.01
0.13 0.43 0.47 0.49 0.06 0.64
0.23 0.28 0.08 0.47 0.04 0.17
0.33 0.28 0.05 0.79 0.37 0.31
0.90 0.37 0.24 0.27 0.44 0.07
0.25 0.63 0.13 0.26 0.07 0.26
0.15 0.23 0.23 0.02 0.36 0.23
0.75 0.11 0.99 0.25 0.10 0.11
0.22 0.05 0.16 0.45 0.09 0.01
0.42 0.22 0.19 0.14 0.42 0.35
0.45 0.08 0.29 0.22 0.03 0.15
0.16 0.13 0.04 0.22 0.23 0.15
0.45 0.26 0.11 0.43 0.19 0.03
0.11 0.16 0.60 0.12 0.43 0.07
0.32 0.20 0.58 0.17 0.01 0.27
0.23 0.22 0.42 0.09 0.17 0.42
0.34 0.35 0.50 0.07 0.47 0.08
0.21 0.10 0.23 0.15 0.18 0.09
0.02 0.23 0.13 0.07 0.51 0.39
0.03 0.48 0.07 0.25 0.31 0.42
0.15 0.44 0.15 0.01 0.53 0.24
0.31 0.92 0.01 0.22 0.21 0.11
0.16 0.27 0.29 0.03 0.27 0.24
0.44 0.17 0.21 0.26 0.09 0.18
0.10 0.38 0.27 0.17 0.42 0.42
0.01 0.22 0.40 0.48 0.42 0.46
0.32 0.47 0.22 0.44 0.09 0.08
0.09 0.20 0.64 0.42 0.04 0.13
0.41 0.08 0.36 0.06 0.22 0.05
0.10 0.87 0.34 0.18 0.50 0.03
0.18 0.23 0.86 0.09 0.10 0.06
0.17 0.21 0.34 0.46 0.28 0.09
0.11 0.10 0.20 0.37 0.30 0.16
0.03 0.04 0.11 0.40 0.08 0.51
0.02 0.19 0.13 0.36 0.18 0.35
0.43 0.51 0.10 0.36 0.05 0.29
0.35 0.55 0.96 0.03 0.15 0.02
0.14 0.33 0.06 0.74 0.27 0.10
0.36 0.17 0.04 0.08 0.14 0.90
0.23 0.33 0.11 0.03 0.19 0.56
0.14 0.30 0.14 0.17 0.19 0.39
0.01 0.11 0.48 0.16 0.33 0.22
0.47 0.21 0.08 0.12 0.23 0.39
0.04 0.11 0.30 0.45 0.48 0.21
0.09 0.02 0.40 0.02 0.16 0.21
0.45 0.44 0.12 0.14 0.01 0.02
0.04 0.97 0.43 0.91 0.12 0.10
0.16 0.36 0.01 0.36 0.10 0.24
0.17 0.47 0.46 0.38 0.47 0.05
0.34 0.10 0.20 0.15 0.87 0.25
0.75 0.04 0.19 0.29 0.32 0.39
0.24 0.08 0.05 0.63 0.41 0.21
0.18 0.01 0.43 0.22 0.34 0.23
0.07 0.03 0.18 0.35 0.15 0.38
0.47 0.26 0.04 0.37 0.23 0.01
0.14 0.41 0.48 0.17 0.16 0.16
0.21 0.10 0.05 0.38 0.10 0.46
0.18 0.19 0.42 0.06 0.13 0.09
0.13 0.33 0.41 0.08 0.44 0.04
0.35 0.22 0.46 0.04 0.07 0.30
0.22 0.31 0.50 0.24 0.15 0.08
0.41 0.46 0.27 0.14 0.38 0.10
0.75 0.05 0.25 0.97 0.07 0.94
0.37 0.56 0.11 0.15 0.96 0.05
0.07 0.83 0.97 0.12 0.99 0.32
0.42 0.15 0.89 0.05 0.55 0.12
0.88 0.98 0.31 0.05 0.94 0.03
0.60 0.04 0.56 0.70 0.67 0.03
0.04 0.02 0.10 0.06 0.50 0.49
0.30 0.16 0.06 0.68 0.09 0.38
0.48 0.33 0.01 0.07 0.33 0.21
0.45 0.13 0.43 0.25 0.41 0.04
0.19 0.25 0.18 0.23 0.13 0.11
0.21 0.48 0.17 0.23 0.44 0.03
0.41 0.36 0.02 0.43 0.03 0.01
0.28 0.04 0.50 0.42 0.37 0.06
0.02 0.64 0.01 0.46 0.67 0.39
0.26 0.08 0.28 0.39 0.21 0.10
0.24 0.03 0.09 0.37 0.37 0.10
0.04 0.55 0.01 0.59 0.32 0.07
0.33 0.05 0.66 0.10 0.48 0.17
0.02 0.29 0.07 0.15 0.26 0.47
0.04 0.41 0.25 0.88 0.03 0.09
0.24 0.29 0.33 0.39 0.01 0.46
0.12 0.39 0.04 0.36 0.45 0.29
0.98 0.40 0.83 0.02 0.24 0.19
0.07 0.01 0.05 0.16 0.40 0.31
0.16 0.99 0.15 0.71 0.66 0.04
0.01 0.49 0.06 0.20 0.28 0.70
0.43 0.21 0.11 0.10 0.18 0.89
0.23 0.12 0.06 0.10 0.34 0.13
0.48 0.12 0.34 0.05 0.05 0.43
0.17 0.31 0.02 0.35 0.34 0.21
0.21 0.47 0.08 0.15 0.46 0.33
0.86 0.20 0.03 0.61 0.75 0.55
0.10 0.07 0.26 0.49 0.21 0.04
0.45 0.21 0.22 0.21 0.33 0.20
0.49 0.84 0.27 0.01 0.16 0.06
0.12 0.44 0.25 0.13 0.48 0.18
0.16 0.66 0.36 0.04 0.11 0.08
0.09 0.48 0.04 0.15 0.60 0.30
0.31 0.43 0.33 0.37 0.19 0.06
0.14 0.45 0.35 0.36 0.06 0.23
0.10 0.21 0.10 0.90 0.09 0.40
0.24 0.19 0.42 0.34 0.05 0.48
0.06 0.29 0.26 0.34 0.41 0.43
0.35 0.10 0.16 0.13 0.39 0.33
0.09 0.69 0.50 0.16 0.03 0.38
0.14 0.49 0.24 0.08 0.89 0.15
0.12 0.38 0.05 0.23 0.38 0.28
0.13 0.13 0.03 0.71 0.10 0.25
0.48 0.08 0.13 0.08 0.38 0.20
0.25 0.14 0.01 0.34 1.00 0.48
0.07 0.14 0.56 0.23 0.24 0.43
0.19 0.65 0.19 0.22 0.06 0.29
0.06 0.31 0.28 0.07 0.38 0.39
0.25 0.26 0.40 0.09 0.11 0.09
0.42 0.49 0.21 0.30 0.08 0.15
0.31 0.02 0.40 0.14 0.28 0.01
0.06 0.03 0.32 0.60 0.34 0.08
0.16 0.01 0.13 0.06 0.05 0.34
0.65 0.43 0.01 0.60 0.21 0.10
0.04 0.18 0.32 0.35 0.20 0.96
0.04 0.09 0.48 0.46 0.21 0.08
0.66 0.30 0.02 0.07 0.51 0.79
0.42 0.05 0.05 0.28 0.07 0.14
0.08 0.42 0.06 0.09 0.23 0.33
0.14 0.09 0.41 0.01 0.95 0.16
0.13 0.74 0.39 0.09 0.26 0.22
0.01 0.27 0.05 0.17 0.22 0.07
0.20 0.14 0.46 0.04 0.41 0.03
0.37 0.04 0.38 0.14 0.33 0.21
0.05 0.52 0.04 0.51 0.39 0.07
0.25 0.07 0.08 0.42 0.05 0.30
0.49 0.35 0.05 0.17 0.10 0.25
0.63 0.40 0.68 0.03 0.82 0.10
0.30 0.35 0.39 0.30 0.39 0.03
0.07 0.26 0.24 0.28 0.07 0.15
0.10 0.29 0.76 0.21 0.04 0.39
0.21 0.15 0.06 0.11 0.31 0.28
0.23 0.04 0.29 0.07 0.35 0.30
0.04 0.05 0.42 0.32 0.01 0.39
0.28 0.16 0.63 0.89 0.05 0.06
0.33 0.03 0.17 0.04 0.04 0.78
0.58 0.36 0.07 0.16 0.06 0.15
0.25 0.14 0.04 0.10 0.18 0.19
0.24 0.41 0.12 0.14 0.68 0.04
0.12 0.28 0.16 0.08 0.38 0.13
0.23 0.40 0.17 0.11 0.06 0.21
0.20 0.11 0.42 0.43 0.49 0.13
0.01 0.86 0.79 0.15 0.88 0.64
0.03 0.42 0.14 0.05 0.96 0.03
0.17 0.26 0.09 0.78 0.49 0.03
0.04 0.16 0.79 0.18 0.13 0.22
0.96 0.07 0.14 0.26 0.01 0.26
0.38 0.30 0.45 0.05 0.06 0.16
0.03 0.11 0.02 0.24 0.38 0.36
0.45 0.08 0.31 0.05 0.27 0.18
0.30 0.05 0.40 0.01 0.16 0.90
0.41 0.40 0.38 0.29 0.27 0.03
0.26 0.10 0.01 0.37 0.39 0.20
0.26 0.28 0.03 0.14 0.21 0.23
0.07 0.19 0.41 0.19 0.31 0.42
0.12 0.27 0.38 0.33 0.10 0.06
0.19 0.05 0.85 0.37 0.11 0.08
0.18 0.38 0.08 0.12 0.16 0.20
0.01 0.17 0.04 0.14 0.53 0.30
0.09 0.12 0.19 0.15 0.32 0.34
0.20 0.18 0.49 0.04 0.37 0.14
0.30 0.08 0.03 0.27 0.89 0.51
0.23 0.46 0.01 0.35 0.17 0.28
0.04 0.10 0.27 0.13 0.26 0.40
0.72 0.62 0.07 0.06 0.34 0.24
0.92 0.04 0.12 0.03 0.20 0.41
0.35 0.04 0.12 0.26 0.38 0.34
0.36 0.33 0.42 0.01 0.03 0.63
0.07 0.27 0.14 0.42 0.19 0.32
0.35 0.13 0.39 0.21 0.09 0.30
0.08 0.33 0.55 0.13 0.48 0.36
0.59 0.46 0.06 0.15 0.24 0.18
0.17 0.10 0.16 0.28 0.03 0.01
0.21 0.03 0.41 0.30 0.34 0.03
0.34 0.09 0.35 0.03 0.73 0.22
0.02 0.06 0.45 0.16 0.31 0.31
0.08 0.94 0.05 0.18 0.21 0.67
0.06 0.18 0.30 0.29 0.08 0.23
0.05 0.05 0.28 0.31 0.38 0.81
0.38 0.18 0.10 0.02 0.47 0.05
0.23 0.24 0.06 0.49 0.31 0.13
0.59 0.06 0.03 0.44 0.72 0.77
0.37 0.30 0.35 0.30 0.02 0.37
0.14 0.32 0.88 0.08 0.14 0.11
0.34 0.06 0.01 0.28 0.34 0.25
0.42 0.28 0.01 0.30 0.32 0.45
0.39 0.29 0.02 0.19 0.43 0.28
0.03 0.99 0.34 0.61 0.08 0.15
0.48 0.88 0.01 0.31 0.17 0.14
0.13 0.34 0.07 0.04 0.40 0.39
0.01 0.26 0.04 0.56 0.87 0.17
0.23 0.03 0.23 0.31 0.02 0.11
0.37 0.15 0.20 0.06 0.08 0.19
0.23 0.29 0.46 0.23 0.03 0.25
0.75 0.10 0.10 0.34 0.03 0.24
0.18 0.34 0.25 0.02 0.06 0.40
0.37 0.18 0.50 0.02 0.10 0.10
