51 10 8 16 24 84
19 53 100 90 52 4
43 8 17 7 1 22
12 6 10 22 9 21
23 44 57 23 14 15
94 11 30 39 29 4
43 95 1 22 2 19
35 1 38 1 9 34
5 30 17 29 10 13
26 30 1 9 5 32
8 18 72 20 18 8
12 81 34 19 49 10
18 25 16 10 30 16
76 1 9 19 3 13
21 17 10 47 23 20
15 1 10 49 18 5
1 50 4 28 31 12
24 35 18 2 7 20
11 21 33 42 40 12
24 87 41 26 26 5
12 27 9 9 26 25
11 44 50 3 14 25
44 39 14 41 2 36
36 27 35 34 2 9
39 5 13 13 44 25
1 17 47 37 10 1
13 43 47 49 6 64
23 28 8 47 4 17
33 28 5 79 37 31
90 37 24 27 44 7
25 63 13 26 7 26
15 23 23 2 36 23
75 11 99 25 10 11
22 5 16 45 9 1
42 22 19 14 42 35
45 8 29 22 3 15
16 13 4 22 23 15
45 26 11 43 19 3
11 16 60 12 43 7
32 20 58 17 1 27
23 22 42 9 17 42
34 35 50 7 47 8
21 10 23 15 18 9
2 23 13 7 51 39
3 48 7 25 31 42
15 44 15 1 53 24
31 92 1 22 21 11
16 27 29 3 27 24
44 17 21 26 9 18
10 38 27 17 42 42
1 22 40 48 42 46
32 47 22 44 9 8
9 20 64 42 4 13
41 8 36 6 22 5
10 87 34 18 50 3
18 23 86 9 10 6
17 21 34 46 28 9
11 10 20 37 30 16
3 4 11 40 8 51
2 19 13 36 18 35
43 51 10 36 5 29
35 55 96 3 15 2
14 33 6 74 27 10
36 17 4 8 14 90
23 33 11 3 19 56
14 30 14 17 19 39
1 11 48 16 33 22
47 21 8 12 23 39
4 11 30 45 48 21
9 2 40 2 16 21
45 44 12 14 1 2
4 97 43 91 12 10
16 36 1 36 10 24
17 47 46 38 47 5
34 10 20 15 87 25
75 4 19 29 32 39
24 8 5 63 41 21
18 1 43 22 34 23
7 3 18 35 15 38
47 26 4 37 23 1
14 41 48 17 16 16
21 10 5 38 10 46
18 19 42 6 13 9
13 33 41 8 44 4
35 22 46 4 7 30
22 31 50 24 15 8
41 46 27 14 38 10
75 5 25 97 7 94
37 56 11 15 96 5
7 83 97 12 99 32
42 15 89 5 55 12
88 98 31 5 94 3
60 4 56 70 67 3
4 2 10 6 50 49
30 16 6 68 9 38
48 33 1 7 33 21
45 13 43 25 41 4
19 25 18 23 13 11
21 48 17 23 44 3
41 36 2 43 3 1
28 4 50 42 37 6
2 64 1 46 67 39
26 8 28 39 21 10
24 3 9 37 37 10
4 55 1 59 32 7
33 5 66 10 48 17
2 29 7 15 26 47
4 41 25 88 3 9
24 29 33 39 1 46
12 39 4 36 45 29
98 40 83 2 24 19
7 1 5 16 40 31
16 99 15 71 66 4
1 49 6 20 28 70
43 21 11 10 18 89
23 12 6 10 34 13
48 12 34 5 5 43
17 31 2 35 34 21
21 47 8 15 46 33
86 20 3 61 75 55
10 7 26 49 21 4
45 21 22 21 33 20
49 84 27 1 16 6
12 44 25 13 48 18
16 66 36 4 11 8
9 48 4 15 60 30
31 43 33 37 19 6
14 45 35 36 6 23
10 21 10 90 9 40
24 19 42 34 5 48
6 29 26 34 41 43
35 10 16 13 39 33
9 69 50 16 3 38
14 49 24 8 89 15
12 38 5 23 38 28
13 13 3 71 10 25
48 8 13 8 38 20
25 14 1 34 100 48
7 14 56 23 24 43
19 65 19 22 6 29
6 31 28 7 38 39
25 26 40 9 11 9
42 49 21 30 8 15
31 2 40 14 28 1
6 3 32 60 34 8
16 1 13 6 5 34
65 43 1 60 21 10
4 18 32 35 20 96
4 9 48 46 21 8
66 30 2 7 51 79
42 5 5 28 7 14
8 42 6 9 23 33
14 9 41 1 95 16
13 74 39 9 26 22
1 27 5 17 22 7
20 14 46 4 41 3
37 4 38 14 33 21
5 52 4 51 39 7
25 7 8 42 5 30
49 35 5 17 10 25
63 40 68 3 82 10
30 35 39 30 39 3
7 26 24 28 7 15
10 29 76 21 4 39
21 15 6 11 31 28
23 4 29 7 35 30
4 5 42 32 1 39
28 16 63 89 5 6
33 3 17 4 4 78
58 36 7 16 6 15
25 14 4 10 18 19
24 41 12 14 68 4
12 28 16 8 38 13
23 40 17 11 6 21
20 11 42 43 49 13
1 86 79 15 88 64
3 42 14 5 96 3
17 26 9 78 49 3
4 16 79 18 13 22
96 7 14 26 1 26
38 30 45 5 6 16
3 11 2 24 38 36
45 8 31 5 27 18
30 5 40 1 16 90
41 40 38 29 27 3
26 10 1 37 39 20
26 28 3 14 21 23
7 19 41 19 31 42
12 27 38 33 10 6
19 5 85 37 11 8
18 38 8 12 16 20
1 17 4 14 53 30
9 12 19 15 32 34
20 18 49 4 37 14
30 8 3 27 89 51
23 46 1 35 17 28
4 10 27 13 26 40
72 62 7 6 34 24
92 4 12 3 20 41
35 4 12 26 38 34
36 33 42 1 3 63
7 27 14 42 19 32
35 13 39 21 9 30
8 33 55 13 48 36
59 46 6 15 24 18
17 10 16 28 3 1
21 3 41 30 34 3
34 9 35 3 73 22
2 6 45 16 31 31
8 94 5 18 21 67
6 18 30 29 8 23
5 5 28 31 38 81
38 18 10 2 47 5
23 24 6 49 31 13
59 6 3 44 72 77
37 30 35 30 2 37
14 32 88 8 14 11
34 6 1 28 34 25
42 28 1 30 32 45
39 29 2 19 43 28
3 99 34 61 8 15
48 88 1 31 17 14
13 34 7 4 40 39
1 26 4 56 87 17
23 3 23 31 2 11
37 15 20 6 8 19
23 29 46 23 3 25
75 10 10 34 3 24
18 34 25 2 6 40
37 18 50 2 10 10
