26 24 97 6 17 31
93 43 56 63 43 43
24 11 35 95 28 85
3 49 18 22 40 38
31 24 29 3 48 29
12 11 49 43 2 39
93 34 73 2 48 21
38 37 53 22 47 23
21 60 41 43 35 5
33 18 1 18 9 38
3 13 18 61 30 33
26 90 7 16 43 80
10 55 20 18 25 8
29 2 11 39 31 8
45 4 7 28 3 16
41 6 15 8 33 93
72 22 26 17 44 4
26 78 49 20 8 46
10 50 39 18 2 28
21 35 12 32 50 47
9 9 30 71 13 16
93 37 29 26 33 5
50 46 14 14 18 35
9 39 26 31 24 34
27 18 45 7 58 6
22 28 5 19 32 31
34 21 8 20 7 3
48 2 38 18 48 34
28 17 1 96 22 35
41 36 13 37 3 46
29 16 47 21 1 35
24 16 45 18 41 8
27 12 37 1 1 36
27 31 21 75 6 36
24 1 56 27 91 49
14 43 7 13 11 25
22 50 6 28 32 29
38 47 97 4 80 3
23 13 25 33 74 46
73 17 33 9 16 29
29 34 33 34 42 10
1 61 100 21 48 63
46 39 7 79 1 3
21 5 35 6 43 26
5 22 31 34 26 76
15 20 47 31 93 46
45 45 13 2 23 24
19 3 39 46 38 27
32 14 7 30 43 49
41 23 31 9 80 65
1 22 25 50 32 39
43 17 46 18 82 1
2 40 2 20 3 30
15 31 51 33 13 11
27 5 49 63 35 25
50 27 4 21 17 26
4 3 22 33 35 41
19 48 30 5 46 32
6 32 37 31 3 9
17 32 11 66 18 2
24 37 36 5 47 9
22 10 10 24 31 21
23 16 20 45 15 30
12 11 15 12 10 31
7 71 22 47 88 9
6 50 29 6 22 51
45 7 26 26 40 36
66 2 8 1 44 7
12 32 25 16 28 1
19 3 38 31 63 24
16 4 21 6 44 28
47 14 5 18 14 45
21 10 46 13 41 8
9 5 44 5 6 11
30 3 84 1 21 49
22 1 41 11 3 39
47 50 28 15 8 6
48 6 4 18 16 6
31 12 11 97 49 5
11 89 6 47 6 3
20 12 1 44 23 22
3 48 11 42 64 10
37 28 39 7 36 32
35 36 7 49 50 14
12 29 19 7 19 4
19 44 10 43 38 5
26 18 15 16 39 18
8 29 28 8 4 37
13 34 3 42 42 36
44 94 34 1 40 20
49 11 2 36 25 41
47 20 13 2 16 24
40 18 5 50 94 14
50 43 16 11 11 41
21 17 37 29 39 12
1 95 41 12 17 6
7 18 45 49 35 17
57 43 1 17 44 79
39 80 4 22 48 3
40 14 16 47 43 4
42 32 17 16 38 1
43 9 35 37 37 2
3 17 9 39 20 30
2 30 31 98 9 17
45 44 36 10 8 35
4 11 19 1 11 48
26 18 5 41 14 67
1 17 38 7 24 27
13 21 49 3 3 39
21 41 8 42 32 13
48 24 12 6 16 24
2 37 20 48 89 61
32 51 18 3 39 11
36 7 38 45 42 3
44 15 14 17 47 31
23 22 32 84 8 23
28 18 31 87 8 47
40 13 8 1 39 39
38 2 31 53 10 31
49 1 25 5 18 6
3 40 45 3 49 3
46 9 11 23 41 18
78 49 3 25 50 23
25 10 7 48 11 19
21 40 7 25 35 20
40 35 7 4 50 33
13 39 8 40 39 6
12 36 12 9 45 16
5 75 6 7 30 62
34 50 26 5 19 24
13 79 7 18 16 3
32 14 12 9 39 11
67 18 44 23 3 19
27 10 13 43 14 27
59 37 40 1 17 7
48 30 64 22 4 14
11 86 12 8 3 24
31 9 37 38 42 36
14 41 32 15 12 20
9 31 19 38 13 11
1 30 14 9 21 13
32 3 22 4 43 38
17 22 46 21 4 26
15 3 49 8 28 5
14 1 30 10 20 29
28 10 19 4 39 33
34 20 8 28 2 8
4 15 14 13 27 12
7 30 26 5 3 18
50 19 3 26 38 15
27 4 2 49 56 22
23 11 27 32 68 1
10 20 4 21 36 15
12 49 78 14 11 2
21 29 97 9 31 2
25 8 35 26 31 7
50 13 26 1 35 36
6 21 22 20 85 1
21 17 3 5 19 13
98 36 48 33 4 5
91 6 23 16 10 43
7 6 42 84 41 20
2 17 17 1 1 27
19 1 29 31 23 4
47 4 1 43 57 10
42 2 2 47 26 46
9 42 13 34 34 2
33 85 8 5 15 67
20 10 13 30 30 34
11 21 5 24 32 24
38 7 19 4 27 34
4 29 6 66 23 35
4 28 39 40 44 1
38 3 35 15 46 20
10 13 13 35 45 37
44 47 3 2 37 5
19 15 36 10 11 42
23 2 28 10 9 40
10 4 2 6 33 24
37 5 24 30 42 21
7 9 49 39 9 3
39 8 24 23 8 49
15 17 28 9 46 22
3 6 8 27 91 36
93 1 18 7 48 44
36 49 3 30 40 1
4 36 22 23 86 3
19 10 5 40 5 15
28 21 4 1 8 22
1 43 8 25 11 22
11 23 65 33 47 3
43 9 23 46 16 39
23 6 1 33 47 48
35 3 32 4 19 41
28 4 37 36 14 30
3 3 2 5 92 39
14 1 38 90 10 15
26 30 18 27 51 6
66 6 3 23 47 10
36 9 40 37 3 3
10 8 8 15 49 18
14 41 8 45 22 13
9 36 12 25 63 46
12 18 46 70 12 2
95 43 47 8 1 3
41 17 40 18 27 9
31 49 6 17 39 11
43 45 2 10 4 38
33 27 47 3 25 20
5 45 7 45 41 5
44 10 3 79 1 75
56 26 46 93 1 6
8 5 75 50 31 48
46 7 20 2 29 32
14 7 15 41 25 33
20 39 12 28 8 47
39 20 26 31 1 11
3 30 7 14 2 92
16 7 10 26 20 19
19 47 3 47 13 3
33 34 3 7 43 2
23 29 12 35 36 10
100 33 4 15 45 11
9 13 22 50 36 32
28 29 36 16 18 16
54 10 45 73 2 50
38 2 17 15 18 36
12 15 9 39 10 29
25 80 1 36 48 12
6 15 1 28 20 44
