0.51 0.46 0.92 0.21 0.27 0.65
0.55 0.92 0.82 0.95 0.94 0.53
0.29 0.35 0.39 0.37 0.38 0.49
0.10 0.26 0.45 0.23 0.22 0.30
0.10 0.19 0.18 0.48 0.50 0.21
0.49 0.45 0.23 0.33 0.44 0.36
0.16 0.44 0.82 0.03 0.44 0.41
0.02 0.29 0.18 0.49 0.16 0.07
0.48 0.69 0.02 0.15 0.27 0.23
0.06 0.10 0.07 0.04 0.08 0.09
0.31 0.16 0.03 0.60 0.15 0.04
0.23 0.04 0.41 0.49 0.27 0.05
0.19 0.02 0.46 0.31 0.13 0.22
0.67 0.07 0.06 0.46 0.41 0.45
0.01 0.21 0.45 0.03 0.91 0.19
0.04 0.23 0.13 0.32 0.25 0.49
0.40 0.22 0.38 0.33 0.66 0.03
0.31 0.28 0.36 0.01 0.30 0.93
0.41 0.01 0.16 0.02 0.19 0.21
0.43 0.22 0.35 0.09 0.02 0.03
0.42 0.50 0.32 0.35 0.06 0.30
0.04 0.20 0.42 0.16 0.15 0.47
0.40 0.02 0.27 0.10 0.50 0.04
0.10 0.04 0.14 0.39 0.45 0.45
0.02 0.29 0.09 0.42 0.37 0.46
0.32 0.12 0.39 0.51 0.28 0.05
0.01 0.49 0.31 0.13 0.13 0.04
0.31 0.09 0.31 0.38 0.41 0.45
0.51 0.01 0.03 0.05 0.50 0.43
0.42 0.17 0.27 0.27 0.46 0.04
0.02 0.24 0.17 0.27 0.18 0.35
0.16 0.33 0.30 0.32 0.47 0.06
0.02 0.23 0.25 0.48 0.20 0.07
0.33 0.33 0.18 0.61 0.03 0.37
0.55 0.28 0.07 0.22 0.33 0.01
0.27 0.48 0.58 0.17 0.43 0.06
0.06 0.05 0.45 0.11 0.16 0.13
0.03 0.22 0.25 0.50 0.97 0.36
0.35 0.28 0.17 0.06 0.19 0.01
0.01 0.21 0.40 0.13 0.01 0.45
0.27 0.31 0.04 0.08 0.25 0.18
0.59 0.16 0.24 0.01 0.17 0.13
0.12 0.07 0.28 0.35 0.27 0.19
0.39 0.07 0.08 0.33 0.49 0.33
0.40 0.23 0.02 0.02 0.35 0.29
0.03 0.22 0.28 0.25 0.49 0.24
0.11 0.05 0.10 0.14 0.20 0.43
0.11 0.16 0.02 0.23 0.28 0.06
0.47 0.08 0.08 0.22 0.44 0.38
0.19 0.47 0.26 0.88 0.03 0.49
0.24 0.38 0.43 0.13 0.34 0.08
0.26 0.02 0.52 0.42 0.12 0.22
0.15 0.47 0.50 0.31 0.35 0.05
0.48 0.14 0.47 0.27 0.25 0.07
0.42 0.39 0.37 0.43 0.01 0.32
0.17 0.02 0.04 0.94 0.49 0.23
0.41 0.34 0.41 0.79 0.01 0.43
0.41 0.56 0.18 0.04 0.04 0.28
0.14 0.33 0.04 0.12 0.47 0.17
0.33 0.12 0.12 0.39 0.07 0.39
0.28 0.16 0.15 0.46 0.34 0.05
0.50 0.12 0.21 0.27 0.11 0.02
0.07 0.03 0.07 0.39 0.47 0.36
0.30 0.26 0.47 0.20 0.01 0.31
0.03 0.22 0.37 0.41 0.46 0.50
0.46 0.05 0.35 0.03 0.14 0.30
0.03 0.08 0.14 0.04 0.91 0.08
0.12 0.31 0.14 0.30 0.06 0.13
0.34 0.07 0.44 0.20 0.22 0.39
0.09 0.11 0.47 0.12 0.82 0.04
0.48 0.11 0.06 0.18 0.20 0.78
0.43 0.11 0.08 0.04 0.01 0.45
0.03 0.29 0.18 0.08 0.31 0.36
0.05 0.47 0.41 0.85 0.06 0.41
0.98 0.21 0.37 0.03 0.06 0.36
0.11 0.38 0.27 0.18 0.05 0.58
0.25 0.01 0.26 0.52 0.39 0.37
0.05 0.37 0.04 0.15 0.17 0.12
0.16 0.26 0.70 0.57 0.05 0.16
0.24 0.71 0.06 0.14 0.04 0.35
0.05 0.31 0.77 0.14 0.02 0.36
0.03 0.39 0.28 0.41 0.39 0.31
0.35 0.02 0.15 0.28 0.09 0.08
0.73 0.49 0.01 0.20 0.24 0.47
0.29 0.33 0.89 0.30 0.53 0.04
0.62 0.16 0.05 0.53 0.12 0.12
0.05 0.37 0.45 0.04 0.88 0.17
0.50 0.21 0.31 0.39 0.04 0.24
0.09 0.37 0.17 0.20 0.28 0.07
0.49 0.01 0.25 0.42 0.48 0.14
0.13 0.45 0.42 0.32 0.02 0.35
0.28 0.11 0.05 0.50 0.13 0.89
0.11 0.07 0.09 0.03 0.28 0.14
0.37 0.79 0.39 0.41 0.03 0.14
0.19 0.30 0.05 0.29 0.23 0.34
0.43 0.12 0.36 0.16 0.01 0.18
0.33 0.12 0.18 0.24 0.07 0.38
0.47 0.14 0.03 0.32 0.41 0.38
0.20 0.30 0.32 0.10 0.08 0.04
0.27 0.21 0.14 0.03 0.09 0.02
0.20 0.03 0.21 0.84 0.35 0.04
0.24 0.24 0.31 0.11 0.05 0.38
0.36 0.16 0.02 0.15 0.41 0.25
0.19 0.44 0.02 0.11 0.50 0.48
0.10 0.33 0.13 0.27 0.29 0.03
0.29 0.39 0.02 0.05 0.40 0.17
0.37 0.05 0.03 0.21 0.08 0.20
0.21 0.90 0.06 0.40 0.14 0.22
0.04 0.42 0.21 0.33 0.06 0.08
0.30 0.31 0.04 0.76 0.09 0.09
0.12 0.26 0.21 0.21 0.08 0.02
0.22 0.20 0.01 0.26 0.33 0.34
0.10 0.06 0.14 0.36 0.21 0.10
0.01 0.77 0.17 0.50 0.93 0.25
0.01 0.04 0.26 0.16 0.94 0.18
0.33 0.48 0.02 0.50 0.09 0.27
0.12 0.04 0.06 0.46 0.93 0.06
0.13 0.02 0.18 0.50 0.87 0.12
0.01 0.01 0.58 0.40 0.06 0.45
0.01 0.39 0.19 0.23 0.46 0.06
0.25 0.05 0.41 0.08 0.35 0.38
0.01 0.34 0.18 0.62 0.10 0.28
0.22 0.41 0.13 0.22 0.47 0.07
0.04 0.31 0.42 0.45 0.51 0.13
0.03 0.31 0.75 0.29 0.19 0.22
0.24 0.99 0.49 0.71 0.02 0.12
0.10 0.26 0.16 0.47 0.05 0.39
0.32 0.27 0.51 0.07 0.01 0.46
0.16 0.46 0.84 0.12 0.17 0.05
0.36 0.34 0.46 0.27 0.05 0.37
0.41 0.46 0.33 0.29 0.01 0.38
0.67 0.13 0.47 0.18 0.46 0.06
0.04 0.44 0.41 0.17 0.22 0.36
0.22 0.13 0.13 0.13 0.39 0.01
0.04 0.04 0.50 0.23 0.05 0.02
0.20 0.25 0.29 0.07 0.94 0.03
0.02 0.40 0.99 0.15 0.35 0.23
0.12 0.05 0.20 0.14 0.76 0.23
0.03 0.17 0.10 0.84 0.38 0.78
0.02 0.16 0.28 0.19 0.13 0.85
0.21 0.07 0.39 0.46 0.04 0.23
0.27 0.09 0.12 0.39 0.01 0.13
0.32 0.32 0.49 0.01 0.45 0.11
0.14 0.20 0.05 0.18 0.17 0.43
0.48 0.12 0.04 0.16 0.09 0.14
0.16 0.16 0.11 0.16 0.07 0.33
0.30 0.77 0.14 0.11 0.02 0.66
0.02 0.32 0.25 0.41 0.81 0.30
0.28 0.45 0.21 0.02 0.50 0.07
0.32 0.08 0.49 0.27 0.07 0.50
0.08 0.50 0.28 0.31 0.05 0.31
0.10 0.08 0.48 0.39 0.12 0.34
0.36 0.72 0.23 0.05 0.06 0.78
0.25 0.48 0.19 0.01 0.11 0.14
0.69 0.41 0.01 0.27 0.20 0.08
0.13 0.34 0.06 0.01 0.36 0.06
0.09 0.41 0.13 0.32 0.46 0.01
0.09 0.90 0.15 0.48 0.32 0.03
0.06 0.01 0.36 0.30 0.29 0.01
0.43 0.04 0.02 0.24 0.15 0.06
0.18 0.08 0.37 0.28 0.60 0.10
0.27 0.05 0.17 0.38 0.89 0.38
0.21 0.02 0.29 0.07 0.28 0.31
0.41 0.30 0.48 0.02 0.33 0.03
0.16 0.08 0.03 0.27 0.26 0.02
0.39 0.83 0.22 0.31 0.05 0.20
0.25 0.05 0.20 0.26 0.44 0.41
0.32 0.72 0.03 0.03 0.42 0.10
0.18 0.04 0.19 0.11 0.03 0.33
0.07 0.21 0.44 0.02 0.75 0.95
0.76 0.08 0.40 0.06 0.10 0.71
0.05 0.45 0.40 0.07 0.36 0.02
0.22 0.36 0.05 0.17 0.28 0.39
0.44 0.35 0.05 0.50 0.02 0.40
0.05 0.04 0.12 0.47 0.03 0.03
0.01 0.71 0.68 0.05 0.34 0.85
0.05 0.31 0.26 0.35 0.05 0.03
0.40 0.07 0.32 0.01 0.59 0.91
0.20 0.44 0.16 0.01 0.17 0.39
0.04 0.38 0.41 0.59 0.42 0.06
0.27 0.32 0.11 0.48 0.06 0.47
0.15 0.02 0.32 0.22 0.44 0.26
0.24 0.05 0.21 0.14 0.23 0.30
0.36 0.17 0.23 0.13 0.06 0.14
0.28 0.07 0.03 0.18 0.20 0.26
0.75 0.19 0.01 0.33 0.09 0.79
0.04 0.20 0.28 0.44 0.45 0.24
0.39 0.01 0.20 0.33 0.30 0.49
0.14 0.01 0.36 0.46 0.15 0.42
0.02 0.26 0.37 0.07 0.24 0.13
0.03 0.04 0.78 0.46 0.13 0.21
0.03 0.11 0.09 0.33 0.87 0.19
0.19 0.13 0.06 0.14 0.01 0.34
0.35 0.59 0.05 0.02 0.31 0.32
0.40 0.22 0.22 0.44 0.27 0.01
0.07 0.52 0.03 0.23 0.70 0.94
0.04 0.07 0.32 0.50 0.92 0.11
0.15 0.20 0.42 0.84 0.01 0.31
0.50 0.38 0.18 0.67 0.01 0.10
0.48 0.13 0.62 0.01 0.11 0.74
0.37 0.98 0.05 0.01 0.23 0.49
0.01 0.26 0.04 0.48 0.13 0.04
0.67 0.02 0.04 0.73 0.27 0.34
0.02 0.39 0.27 0.37 0.38 0.22
0.26 0.35 0.48 0.03 0.10 0.39
0.17 0.62 0.43 0.01 0.05 0.32
0.46 0.50 0.08 0.23 0.08 0.02
0.43 0.16 0.13 0.16 0.02 0.09
0.39 0.22 0.09 0.31 0.04 0.08
0.26 0.04 0.08 0.23 0.12 0.43
0.16 0.07 0.34 0.11 0.26 0.43
0.01 0.38 0.07 0.25 0.17 0.47
0.27 0.32 0.05 0.05 0.26 0.37
0.20 0.25 0.02 0.16 0.16 0.30
0.04 0.43 0.03 0.44 0.34 0.15
0.03 0.19 0.08 0.04 0.35 0.39
0.26 0.02 0.02 0.49 0.12 0.26
0.02 0.17 0.21 0.41 0.29 0.93
0.04 0.14 0.07 0.11 0.43 0.88
0.19 0.16 0.02 0.63 0.06 0.13
0.09 0.08 0.03 0.50 0.46 0.40
0.04 0.42 0.03 0.09 0.33 0.36
0.40 0.27 0.19 0.40 0.02 0.09
0.10 0.07 0.44 0.17 0.40 0.06
0.66 0.24 0.09 0.11 0.08 0.03
0.01 0.12 0.01 0.06 0.20 0.21
0.24 0.98 0.79 0.07 0.18 0.06
0.69 0.09 0.38 0.22 0.14 0.11
0.28 0.13 0.46 0.35 0.03 0.04
0.19 0.43 0.21 0.11 0.29 0.07
