18 59 91 99 85 52
96 62 64 63 98 40
28 20 22 10 24 40
5 50 19 38 59 17
24 3 12 46 79 24
35 28 38 34 20 27
37 36 8 38 46 30
46 42 41 37 40 10
40 20 48 18 21 31
12 27 36 12 33 29
29 42 17 50 13 11
50 27 35 3 48 88
38 7 32 11 50 75
15 46 22 43 28 27
7 13 2 10 2 41
28 23 6 44 1 30
33 40 50 8 6 33
21 8 56 9 39 27
45 4 32 18 23 47
95 50 77 44 25 22
80 48 4 27 6 16
10 12 33 17 9 50
47 6 15 13 32 15
30 21 24 32 31 26
7 17 15 45 35 9
7 82 5 22 30 39
27 19 7 3 18 39
24 49 38 87 1 95
45 8 45 84 25 27
36 39 4 17 49 10
18 18 98 2 41 35
47 35 8 42 50 17
41 73 1 13 15 6
30 89 82 9 15 36
20 46 1 23 46 27
45 36 19 42 14 35
60 24 47 32 19 4
23 26 41 35 34 35
8 17 40 13 8 15
8 2 25 21 27 35
3 52 70 23 43 14
97 28 2 93 26 12
15 38 17 26 34 21
15 25 18 15 15 23
26 11 17 46 29 50
34 39 17 16 30 17
13 44 38 93 31 15
42 12 87 40 28 24
53 30 19 21 44 3
42 48 42 7 22 17
20 9 41 1 18 49
18 15 11 27 7 3
46 7 7 9 48 18
7 22 34 7 20 2
6 48 35 39 9 20
86 7 28 48 18 40
68 3 39 13 41 69
14 9 16 22 9 38
23 28 6 21 2 2
99 15 6 49 12 26
36 45 33 67 24 1
39 2 27 27 16 80
36 7 19 10 58 59
36 23 44 6 4 45
23 45 28 18 19 8
40 5 12 30 1 29
43 39 2 85 50 31
27 18 5 30 13 27
22 27 15 25 31 25
12 40 27 18 63 25
16 27 29 2 31 5
40 24 43 50 6 22
34 6 8 18 4 1
21 26 14 5 34 41
1 47 24 39 25 29
36 13 7 32 20 15
13 16 31 17 3 13
61 3 73 24 4 44
36 76 43 31 1 82
43 20 2 47 74 19
7 48 4 31 79 19
30 11 36 23 35 22
22 44 14 11 25 20
43 7 2 18 35 1
16 43 28 17 29 15
10 9 17 39 10 75
100 5 48 3 25 7
21 17 17 3 35 40
18 30 17 19 47 23
38 68 4 77 28 28
2 13 42 50 25 27
2 9 24 27 36 6
97 1 43 11 9 13
5 25 3 45 10 23
3 66 53 81 4 30
15 19 38 15 40 18
27 8 72 13 2 11
1 97 4 26 78 82
85 7 7 26 15 8
7 33 11 9 26 41
28 3 7 9 38 9
32 3 47 4 39 32
1 7 33 43 11 36
85 12 14 14 33 5
40 10 9 6 31 27
29 2 9 38 14 48
30 11 37 21 16 13
13 1 48 14 61 79
45 33 82 19 1 27
36 15 7 35 8 33
9 44 28 18 63 10
17 5 18 36 18 81
36 27 4 23 17 22
49 14 42 10 4 37
11 29 1 42 11 19
36 34 38 7 8 99
42 11 3 24 41 2
86 63 5 41 13 8
5 38 24 15 1 36
2 15 40 19 34 48
47 31 17 12 32 26
48 16 38 3 41 13
6 65 62 32 9 22
10 9 39 1 23 28
14 46 26 1 83 8
78 29 1 28 39 31
43 19 4 25 24 15
44 35 1 4 4 7
5 37 67 34 32 40
3 31 27 76 14 28
25 1 15 20 17 4
9 6 17 8 5 36
19 8 21 23 9 13
91 19 4 85 19 7
8 35 1 66 46 30
12 13 26 21 37 7
11 46 46 21 42 1
14 36 17 39 35 34
27 22 3 38 77 17
1 63 33 27 24 1
18 18 31 59 1 33
3 5 26 42 21 1
2 2 25 33 24 22
45 12 24 7 35 7
18 2 19 11 20 8
35 24 6 1 36 45
14 46 16 11 22 14
21 1 61 47 22 36
23 18 32 14 40 2
55 1 44 3 9 50
6 31 9 49 48 10
38 14 35 3 5 2
19 3 4 32 37 1
12 1 18 38 21 71
21 38 1 34 33 42
9 92 7 73 52 22
2 33 16 30 26 50
12 31 26 6 64 20
2 44 4 29 36 10
1 26 7 35 13 29
38 6 17 6 49 23
8 7 2 48 20 41
6 84 5 39 27 27
4 10 27 4 35 34
37 5 55 76 10 11
23 32 50 6 6 29
26 25 25 5 7 10
16 25 23 18 42 21
32 42 22 2 25 43
36 53 80 11 1 71
14 10 34 14 47 4
32 45 22 8 23 16
3 34 7 46 7 38
21 7 13 15 5 22
8 21 77 92 3 6
8 55 37 44 13 15
10 22 4 31 26 10
10 27 26 48 5 26
5 41 44 5 1 2
25 27 59 41 1 58
11 29 36 9 3 50
80 20 27 1 11 8
36 11 26 2 25 25
1 94 12 33 7 97
18 48 8 23 27 33
24 45 3 38 43 36
18 13 40 37 10 35
61 100 12 16 95 1
1 1 29 24 7 30
1 5 25 29 93 94
25 10 85 38 1 42
5 35 29 37 40 3
45 11 25 1 36 70
3 49 18 28 83 11
40 18 1 49 29 39
2 9 7 41 9 22
47 9 46 11 20 1
3 71 75 6 96 61
2 12 35 7 73 49
30 11 14 6 39 16
10 14 16 34 35 40
22 49 21 23 1 48
1 22 32 18 34 3
5 44 2 26 14 44
13 38 30 5 42 28
16 76 7 84 100 2
21 42 3 4 67 84
5 7 21 97 5 84
10 20 46 39 7 17
45 3 23 2 2 48
4 7 18 18 48 26
47 29 5 7 5 12
4 66 10 22 67 72
21 4 7 21 47 37
17 23 7 11 48 34
59 7 11 8 11 30
6 1 26 16 23 62
49 26 21 17 1 9
45 21 8 9 21 25
34 10 14 7 79 6
17 17 13 24 32 16
36 92 18 17 27 5
50 9 6 2 10 69
6 18 21 27 47 53
43 3 20 5 3 2
3 46 19 18 30 11
41 10 45 2 13 6
69 99 4 2 35 83
32 4 23 9 26 6
51 11 2 29 29 1
