72 62 60 90 11 20
100 12 51 55 81 94
40 98 42 5 14 27
38 33 72 27 50 15
99 63 32 3 35 26
38 22 2 36 3 43
30 45 15 27 20 41
46 12 41 19 8 93
10 13 40 19 14 21
44 10 34 49 40 69
19 31 32 27 2 23
22 33 36 30 58 18
6 32 3 32 90 43
16 29 45 25 12 64
38 2 11 31 20 32
36 17 1 23 59 21
11 30 41 26 36 16
36 45 21 20 16 33
14 8 35 35 7 31
95 15 11 42 3 44
19 49 87 18 38 36
53 34 15 13 24 45
49 22 62 14 46 47
1 42 25 58 48 50
27 12 10 35 30 64
50 17 17 3 26 39
31 29 16 36 36 40
25 38 6 33 27 8
5 50 37 50 38 5
21 26 23 31 26 30
92 37 2 29 34 13
27 36 12 22 27 4
20 14 49 59 5 45
5 4 23 83 2 5
32 2 2 42 23 48
14 9 42 9 42 24
49 18 62 40 34 7
50 36 10 34 2 11
37 32 11 41 9 26
9 24 83 40 45 26
21 33 4 44 21 22
14 38 91 33 10 96
10 50 21 27 29 34
35 19 25 1 26 60
37 31 27 27 25 12
20 33 11 50 29 32
15 34 12 50 85 8
32 45 10 19 5 7
29 4 24 1 1 27
26 26 28 14 19 39
3 33 5 29 47 44
17 28 46 30 8 11
48 49 5 20 38 31
81 32 17 24 25 18
14 4 83 39 14 48
8 12 45 13 76 25
46 45 11 8 5 2
2 45 23 45 96 37
9 12 7 88 35 50
16 30 13 42 39 26
39 3 32 1 4 20
80 3 30 25 15 43
4 13 30 1 46 33
50 29 40 19 60 1
22 44 43 7 20 25
40 31 3 28 4 19
16 30 21 1 28 34
92 10 23 1 38 1
26 75 1 71 41 46
5 28 88 48 46 20
9 17 16 15 47 8
60 9 14 27 40 8
64 31 49 59 7 18
26 7 28 50 33 41
27 21 76 24 42 12
72 13 18 48 1 18
43 12 43 10 37 1
17 13 38 3 1 75
24 6 14 10 46 32
58 14 10 39 16 25
7 64 48 48 1 7
24 2 12 15 44 28
3 40 35 33 44 45
71 14 17 23 32 15
48 12 35 11 23 8
5 7 4 43 18 3
10 11 6 14 19 9
12 65 18 87 12 93
7 21 9 90 9 25
24 3 13 50 35 9
28 25 9 14 41 6
4 90 32 24 16 77
23 83 15 14 29 2
26 47 32 5 18 1
6 50 28 20 24 33
9 16 45 1 28 11
18 17 46 42 6 8
22 25 21 2 33 27
3 16 13 3 49 12
41 32 48 19 2 8
42 77 5 26 10 43
1 13 1 18 28 31
49 3 27 4 17 11
72 11 73 7 35 6
8 44 50 17 15 4
83 28 7 10 27 34
29 69 11 2 38 7
33 8 41 38 19 15
5 14 25 24 10 39
38 13 3 9 6 22
85 36 3 5 4 50
67 38 2 14 19 22
9 74 29 13 41 28
7 17 5 45 8 89
26 7 26 17 21 81
29 24 4 33 14 87
5 34 13 34 38 22
3 9 18 46 79 17
34 20 43 45 3 2
5 67 26 34 20 9
64 10 38 36 40 5
9 42 16 42 24 29
44 9 80 15 45 10
36 17 6 37 1 99
17 25 50 8 19 67
15 6 46 30 39 20
1 16 7 4 4 29
38 40 9 24 4 3
37 3 87 20 15 18
7 32 20 4 39 19
6 5 29 2 19 7
26 49 17 1 39 62
5 62 58 17 21 17
81 3 19 27 2 40
39 24 29 6 40 4
41 10 48 34 7 15
29 9 23 25 49 18
2 39 19 20 50 12
6 26 20 17 47 12
62 34 27 34 7 2
17 25 9 28 7 7
25 29 9 24 69 6
29 10 20 33 26 34
34 22 4 20 90 28
3 28 25 10 14 9
4 7 8 10 10 38
20 35 1 5 15 33
3 20 18 8 16 3
29 51 100 1 16 6
19 9 49 20 83 4
28 43 36 63 42 1
6 4 28 24 26 31
50 9 18 25 29 35
45 43 17 33 2 38
14 10 28 3 43 15
9 27 45 1 15 16
29 26 36 18 5 14
16 33 60 41 1 43
32 2 11 26 20 22
2 98 33 25 44 17
1 36 7 2 17 6
34 16 30 1 12 2
6 4 98 27 27 26
39 2 2 22 16 42
29 4 43 42 25 13
26 28 33 45 3 17
10 7 33 47 10 4
6 25 14 4 16 20
50 7 10 42 3 2
43 22 15 2 41 1
42 7 90 37 13 12
94 69 1 40 81 6
10 10 6 5 39 13
25 3 34 5 31 29
12 2 29 23 11 60
28 50 1 47 22 7
45 42 43 16 7 5
13 27 1 33 39 21
27 4 34 29 33 21
38 9 26 34 26 14
14 2 23 24 43 15
20 15 12 20 24 8
26 23 1 48 1 14
40 5 49 38 33 6
93 37 22 24 20 2
7 61 1 9 2 41
36 9 34 39 35 3
18 1 48 11 17 63
45 16 17 57 6 3
44 17 44 15 4 6
28 6 3 48 10 12
74 50 4 12 17 21
18 29 28 8 11 2
2 12 21 14 33 10
21 24 100 14 3 30
7 49 47 7 16 16
21 25 60 6 31 1
1 8 42 45 23 19
17 6 5 76 4 27
42 4 19 30 42 3
21 65 50 17 1 26
81 4 5 11 30 37
91 11 19 71 1 48
39 12 19 22 4 50
14 9 5 5 82 47
50 11 10 2 31 5
23 17 14 1 7 40
24 40 1 28 25 6
8 2 47 40 22 8
45 1 44 46 49 4
22 29 38 5 17 2
36 33 3 3 14 19
31 27 26 20 10 26
14 33 3 41 31 16
26 30 3 9 48 4
41 51 44 5 8 13
16 33 2 36 20 34
9 2 44 94 40 45
7 6 5 35 25 42
15 38 2 99 60 17
7 12 25 62 46 2
65 75 14 5 2 54
40 18 2 88 71 1
58 99 8 25 52 3
61 11 90 18 2 14
26 1 59 81 12 51
2 81 56 91 1 71
24 50 48 14 10 3
41 11 14 36 13 32
3 73 25 70 13 20
