0.26 0.16 0.59 0.81 0.73 0.73
0.67 0.57 0.67 0.26 0.20 0.31
0.23 0.05 0.05 0.33 0.82 0.20
0.02 0.39 0.32 0.08 0.06 0.15
0.24 0.18 0.28 0.22 0.14 0.13
0.24 0.03 0.03 0.10 0.20 0.60
0.95 0.10 0.10 0.15 0.28 0.45
0.27 0.34 0.03 0.80 0.50 0.37
0.05 0.37 0.04 0.03 0.26 0.30
0.43 0.06 0.04 0.18 0.17 0.09
0.55 0.17 0.06 0.03 0.26 0.07
0.20 0.22 0.35 0.39 0.44 0.13
0.38 0.03 0.84 0.76 0.16 0.25
0.34 0.11 0.37 0.05 0.40 0.50
0.14 0.41 0.36 0.46 0.03 0.46
0.17 0.08 0.13 0.19 0.24 0.08
0.74 0.17 0.10 0.98 0.04 0.39
0.13 0.09 0.45 0.31 0.64 0.37
0.12 0.13 0.69 0.15 0.40 0.07
0.01 0.33 0.27 0.47 0.16 0.07
0.40 0.09 0.05 0.61 0.23 0.26
0.66 0.03 0.43 0.28 0.10 0.43
0.38 0.21 0.43 0.15 0.90 0.20
0.03 0.32 0.45 0.31 0.65 0.33
0.49 0.23 0.38 0.06 0.09 0.57
0.23 0.24 0.07 0.02 0.58 0.29
0.15 0.26 0.14 0.37 0.97 0.19
0.77 0.03 0.03 0.45 0.61 0.15
0.13 0.11 0.33 0.06 0.01 0.64
0.49 0.27 0.21 0.11 0.16 0.68
0.15 0.72 0.84 0.12 0.18 0.03
0.14 0.05 0.50 0.39 0.13 0.29
0.46 0.43 0.50 0.21 0.06 0.13
0.10 0.10 0.28 0.12 0.05 0.13
0.43 0.88 0.35 0.03 0.19 0.44
0.45 0.73 0.25 0.36 0.14 0.34
0.20 0.15 0.42 0.17 0.02 0.09
0.13 0.26 0.04 0.24 0.28 0.48
0.19 0.06 0.08 0.29 0.26 0.09
0.12 0.20 0.18 0.09 0.40 0.12
0.49 0.02 0.06 0.50 0.46 0.62
0.24 0.40 0.40 0.01 0.31 0.34
0.09 0.42 0.17 0.08 0.43 0.03
0.39 0.21 0.20 0.49 0.23 0.02
0.90 0.44 0.50 0.13 0.03 0.18
0.37 0.31 0.17 0.35 0.23 0.35
0.02 0.08 0.42 0.21 0.42 0.76
0.14 0.19 0.18 0.31 0.37 0.17
0.47 0.08 0.84 0.18 0.65 0.06
0.34 0.35 0.27 0.05 0.03 0.01
0.42 0.01 0.88 0.28 0.12 0.74
0.31 0.26 0.07 0.32 0.15 0.28
0.11 0.81 0.13 0.16 0.17 0.40
0.01 0.18 0.27 0.18 0.89 0.49
0.47 0.11 0.35 0.01 0.65 0.19
0.44 0.36 0.18 0.05 0.19 0.34
0.27 0.60 0.45 0.19 0.40 0.06
0.29 0.58 0.03 0.47 0.31 0.42
0.06 0.18 0.46 0.41 0.46 0.14
0.07 0.12 0.09 0.39 0.38 0.41
0.16 0.28 0.10 0.26 0.06 0.09
0.27 0.12 0.16 0.38 0.25 0.05
0.26 0.03 0.22 0.32 0.03 0.33
0.03 0.04 0.21 0.21 0.22 0.18
0.06 0.10 0.29 0.26 0.04 0.06
0.08 0.38 0.66 0.10 0.03 0.04
0.45 0.33 0.14 0.17 0.11 0.27
0.40 0.12 0.42 0.14 0.36 0.03
0.36 0.14 0.29 0.06 0.28 0.39
0.37 0.17 0.47 0.09 0.35 0.04
0.12 0.29 0.46 0.07 0.36 0.43
0.50 0.41 0.25 0.36 0.47 0.03
0.16 0.33 0.32 0.73 0.01 0.04
0.12 0.25 0.10 0.85 0.27 0.17
0.20 0.25 0.40 0.04 0.19 0.24
0.07 0.09 0.18 0.44 0.03 0.43
0.21 0.47 0.28 0.03 0.25 0.30
0.91 0.01 0.07 0.40 0.21 0.01
0.42 0.05 0.33 0.11 0.96 0.43
0.49 0.32 0.07 0.05 0.13 0.15
0.08 0.86 0.04 0.02 0.28 0.05
0.18 0.03 0.30 0.09 0.07 0.31
0.39 0.21 0.20 0.16 0.14 0.37
0.36 0.29 0.04 0.35 0.35 0.36
0.17 0.03 0.23 0.50 0.30 0.45
0.09 0.27 0.13 0.40 0.31 0.55
0.22 0.55 0.28 0.13 0.34 0.03
0.16 0.21 0.17 0.91 0.06 0.06
0.03 0.01 0.19 0.04 0.12 0.64
0.14 0.39 0.40 0.34 0.37 0.05
0.09 0.25 0.25 0.14 0.31 0.40
0.16 0.04 0.46 0.08 0.40 0.28
0.02 0.11 0.24 0.39 0.01 0.21
0.06 0.85 0.22 0.47 0.09 0.22
0.47 0.01 0.43 0.46 0.06 0.13
0.08 0.33 0.14 0.13 0.05 0.76
0.15 0.34 0.02 0.48 0.45 0.01
0.30 0.31 0.21 0.03 0.14 0.17
0.36 0.86 0.08 0.11 0.22 0.05
0.23 0.32 0.04 0.07 0.37 0.31
0.94 0.15 0.42 0.39 0.22 0.04
0.03 0.18 0.17 0.39 0.35 0.29
0.92 0.01 0.39 0.46 0.07 0.46
0.38 0.09 0.24 0.29 0.10 0.35
0.02 0.13 0.30 0.15 0.17 0.13
0.30 0.36 0.19 0.11 0.33 0.37
0.23 0.07 0.27 0.20 0.39 0.38
0.14 0.05 0.42 0.49 0.39 0.06
0.22 0.17 0.29 0.14 0.39 0.01
0.98 0.14 0.43 0.04 0.38 0.24
0.17 0.37 0.05 0.07 0.43 0.11
0.23 0.37 0.28 0.03 0.10 0.12
0.12 0.18 0.32 0.23 0.04 0.13
0.82 0.45 0.12 0.13 0.22 0.04
0.38 0.21 0.18 0.43 0.10 0.40
0.28 0.59 0.11 0.28 0.15 0.05
0.09 0.53 0.18 0.26 0.05 0.19
0.16 0.27 0.08 0.06 0.16 0.07
0.09 0.50 0.18 0.44 0.32 0.16
0.19 0.18 0.05 0.23 0.19 0.23
0.24 0.05 0.06 0.11 0.38 0.13
0.27 0.02 0.04 0.18 0.48 0.03
0.08 0.15 0.09 0.18 0.07 0.79
0.39 0.44 0.09 0.03 0.15 0.48
0.48 0.40 0.07 0.10 0.15 0.44
0.13 0.05 0.20 0.42 0.34 0.13
0.18 0.02 0.01 0.47 0.21 0.71
0.75 0.16 0.21 0.06 0.42 0.19
0.50 0.29 0.03 0.41 0.18 0.76
0.44 0.09 0.30 0.12 0.30 0.29
0.93 0.24 0.11 0.41 0.11 0.08
0.19 0.25 0.17 0.44 0.07 0.17
0.08 0.28 0.19 0.30 0.11 0.22
0.01 0.92 0.05 0.25 0.27 0.46
0.41 0.44 0.23 0.02 0.15 0.06
0.21 0.34 0.17 0.45 0.43 0.01
0.33 0.47 0.03 0.30 0.55 0.08
0.41 0.47 0.25 0.43 0.04 0.04
0.14 0.40 0.47 0.40 0.27 0.02
0.44 0.03 0.18 0.36 0.32 0.17
0.62 0.22 0.02 0.49 0.75 0.45
0.20 0.37 0.21 0.14 0.09 0.39
0.30 0.15 0.03 0.35 0.37 0.28
0.23 0.06 0.10 0.07 0.98 0.47
0.14 0.23 0.07 0.02 0.65 0.14
0.30 0.22 0.28 0.03 0.05 0.26
0.34 0.34 0.01 0.29 0.02 0.31
0.15 0.09 0.08 0.41 0.25 0.23
0.26 0.11 0.22 0.17 0.06 0.32
0.36 0.06 0.51 0.05 0.50 0.24
0.44 0.26 0.37 0.02 0.06 0.50
0.23 0.31 0.03 0.41 0.41 0.21
0.15 0.22 0.35 0.05 0.26 0.31
0.19 0.30 0.50 0.13 0.44 0.01
0.48 0.06 0.54 0.37 0.12 0.12
0.15 0.36 0.16 0.48 0.12 0.23
0.09 0.01 0.48 0.23 0.23 0.22
0.14 0.77 0.06 0.34 0.12 0.37
0.15 0.39 0.39 0.19 0.47 0.09
0.07 0.37 0.33 0.24 0.16 0.31
0.54 0.06 0.35 0.81 0.11 0.25
0.31 0.02 0.27 0.12 0.17 0.40
0.22 0.20 0.01 0.17 0.39 0.05
0.04 0.47 0.12 0.07 0.15 0.04
0.04 0.24 0.48 0.19 0.09 0.08
0.06 0.08 0.20 0.46 0.16 0.24
0.15 0.16 0.28 0.08 0.07 0.06
0.26 0.36 0.03 0.48 0.38 0.16
0.15 0.34 0.12 0.09 0.16 0.25
0.22 0.05 0.91 0.14 0.27 0.12
0.04 0.21 0.87 0.21 0.04 0.41
0.11 0.28 0.11 0.87 0.35 0.02
0.81 0.23 0.17 0.49 0.01 0.12
0.10 0.01 0.18 0.50 0.12 0.63
0.20 0.01 0.19 0.50 0.09 0.44
0.42 0.16 0.13 0.09 0.68 0.38
0.02 0.32 0.35 0.10 0.29 0.15
0.84 0.73 0.02 0.18 0.28 0.14
0.83 0.41 0.75 0.02 0.17 0.26
0.38 0.03 0.45 0.06 0.30 0.56
0.47 0.16 0.08 0.12 0.36 0.43
0.22 0.24 0.07 0.24 0.02 0.30
0.01 0.25 0.47 0.14 0.02 0.13
0.39 0.34 0.25 0.10 0.08 0.28
0.13 0.41 0.44 0.04 0.06 0.46
0.21 0.20 0.01 0.09 0.49 0.36
0.15 0.39 0.09 0.01 0.16 0.47
0.50 0.38 0.50 0.11 0.01 0.24
0.32 0.13 0.46 0.18 0.01 0.03
0.01 0.03 0.41 0.08 0.44 0.10
0.34 0.20 0.22 0.16 0.08 0.10
0.27 0.03 0.30 0.16 0.02 0.05
0.09 0.21 0.06 0.27 0.33 0.49
0.10 0.22 0.12 0.01 0.37 0.41
0.40 0.11 0.23 0.14 0.20 0.27
0.91 0.23 0.17 0.05 0.02 0.85
0.09 0.33 0.33 0.11 0.44 0.30
0.02 0.47 0.15 0.37 0.17 0.05
0.06 0.01 0.39 0.01 0.30 0.26
0.06 0.31 0.37 0.08 0.17 0.36
0.01 0.09 0.48 0.18 0.05 0.11
0.01 0.36 0.26 0.20 0.06 0.38
0.12 0.01 0.31 0.35 0.28 0.49
0.46 0.10 0.11 0.42 0.06 0.17
0.19 0.01 0.25 0.07 0.26 0.20
0.08 0.39 0.26 0.10 0.17 0.20
0.12 0.17 0.26 0.47 0.19 0.19
0.22 0.16 0.14 0.16 0.29 0.06
0.23 0.50 0.04 0.36 0.31 0.28
0.24 0.19 0.29 0.03 0.18 0.49
0.29 0.19 0.39 0.07 0.17 0.21
0.06 0.26 0.26 0.17 0.01 0.01
0.43 0.04 0.45 0.05 0.22 0.37
0.17 0.03 0.05 0.03 0.21 0.15
0.12 0.29 0.37 0.09 0.50 0.11
0.37 0.39 0.20 0.49 0.13 0.02
0.05 0.12 0.02 0.85 0.29 0.30
0.03 0.28 0.58 0.09 0.05 0.30
0.01 0.48 0.07 0.32 0.08 0.31
0.13 0.78 0.03 0.25 0.44 0.33
0.14 0.07 0.99 0.09 0.26 0.28
0.19 0.59 0.49 0.03 0.03 0.22
0.10 0.22 0.08 0.46 0.42 0.25
0.02 0.47 0.03 0.12 0.09 0.71
0.37 0.33 0.06 0.88 0.40 0.02
0.22 0.03 0.03 0.41 0.28 0.03
0.34 0.08 0.10 0.36 0.18 0.27
0.39 0.35 0.18 0.35 0.01 0.45
0.16 0.21 0.38 0.23 0.03 0.13
0.36 0.14 0.15 0.03 0.49 0.14
