26 16 59 81 73 73
67 57 67 26 20 31
23 5 5 33 82 20
2 39 32 8 6 15
24 18 28 22 14 13
24 3 3 10 20 60
95 10 10 15 28 45
27 34 3 80 50 37
5 37 4 3 26 30
43 6 4 18 17 9
55 17 6 3 26 7
20 22 35 39 44 13
38 3 84 76 16 25
34 11 37 5 40 50
14 41 36 46 3 46
17 8 13 19 24 8
74 17 10 98 4 39
13 9 45 31 64 37
12 13 69 15 40 7
1 33 27 47 16 7
40 9 5 61 23 26
66 3 43 28 10 43
38 21 43 15 90 20
3 32 45 31 65 33
49 23 38 6 9 57
23 24 7 2 58 29
15 26 14 37 97 19
77 3 3 45 61 15
13 11 33 6 1 64
49 27 21 11 16 68
15 72 84 12 18 3
14 5 50 39 13 29
46 43 50 21 6 13
10 10 28 12 5 13
43 88 35 3 19 44
45 73 25 36 14 34
20 15 42 17 2 9
13 26 4 24 28 48
19 6 8 29 26 9
12 20 18 9 40 12
49 2 6 50 46 62
24 40 40 1 31 34
9 42 17 8 43 3
39 21 20 49 23 2
90 44 50 13 3 18
37 31 17 35 23 35
2 8 42 21 42 76
14 19 18 31 37 17
47 8 84 18 65 6
34 35 27 5 3 1
42 1 88 28 12 74
31 26 7 32 15 28
11 81 13 16 17 40
1 18 27 18 89 49
47 11 35 1 65 19
44 36 18 5 19 34
27 60 45 19 40 6
29 58 3 47 31 42
6 18 46 41 46 14
7 12 9 39 38 41
16 28 10 26 6 9
27 12 16 38 25 5
26 3 22 32 3 33
3 4 21 21 22 18
6 10 29 26 4 6
8 38 66 10 3 4
45 33 14 17 11 27
40 12 42 14 36 3
36 14 29 6 28 39
37 17 47 9 35 4
12 29 46 7 36 43
50 41 25 36 47 3
16 33 32 73 1 4
12 25 10 85 27 17
20 25 40 4 19 24
7 9 18 44 3 43
21 47 28 3 25 30
91 1 7 40 21 1
42 5 33 11 96 43
49 32 7 5 13 15
8 86 4 2 28 5
18 3 30 9 7 31
39 21 20 16 14 37
36 29 4 35 35 36
17 3 23 50 30 45
9 27 13 40 31 55
22 55 28 13 34 3
16 21 17 91 6 6
3 1 19 4 12 64
14 39 40 34 37 5
9 25 25 14 31 40
16 4 46 8 40 28
2 11 24 39 1 21
6 85 22 47 9 22
47 1 43 46 6 13
8 33 14 13 5 76
15 34 2 48 45 1
30 31 21 3 14 17
36 86 8 11 22 5
23 32 4 7 37 31
94 15 42 39 22 4
3 18 17 39 35 29
92 1 39 46 7 46
38 9 24 29 10 35
2 13 30 15 17 13
30 36 19 11 33 37
23 7 27 20 39 38
14 5 42 49 39 6
22 17 29 14 39 1
98 14 43 4 38 24
17 37 5 7 43 11
23 37 28 3 10 12
12 18 32 23 4 13
82 45 12 13 22 4
38 21 18 43 10 40
28 59 11 28 15 5
9 53 18 26 5 19
16 27 8 6 16 7
9 50 18 44 32 16
19 18 5 23 19 23
24 5 6 11 38 13
27 2 4 18 48 3
8 15 9 18 7 79
39 44 9 3 15 48
48 40 7 10 15 44
13 5 20 42 34 13
18 2 1 47 21 71
75 16 21 6 42 19
50 29 3 41 18 76
44 9 30 12 30 29
93 24 11 41 11 8
19 25 17 44 7 17
8 28 19 30 11 22
1 92 5 25 27 46
41 44 23 2 15 6
21 34 17 45 43 1
33 47 3 30 55 8
41 47 25 43 4 4
14 40 47 40 27 2
44 3 18 36 32 17
62 22 2 49 75 45
20 37 21 14 9 39
30 15 3 35 37 28
23 6 10 7 98 47
14 23 7 2 65 14
30 22 28 3 5 26
34 34 1 29 2 31
15 9 8 41 25 23
26 11 22 17 6 32
36 6 51 5 50 24
44 26 37 2 6 50
23 31 3 41 41 21
15 22 35 5 26 31
19 30 50 13 44 1
48 6 54 37 12 12
15 36 16 48 12 23
9 1 48 23 23 22
14 77 6 34 12 37
15 39 39 19 47 9
7 37 33 24 16 31
54 6 35 81 11 25
31 2 27 12 17 40
22 20 1 17 39 5
4 47 12 7 15 4
4 24 48 19 9 8
6 8 20 46 16 24
15 16 28 8 7 6
26 36 3 48 38 16
15 34 12 9 16 25
22 5 91 14 27 12
4 21 87 21 4 41
11 28 11 87 35 2
81 23 17 49 1 12
10 1 18 50 12 63
20 1 19 50 9 44
42 16 13 9 68 38
2 32 35 10 29 15
84 73 2 18 28 14
83 41 75 2 17 26
38 3 45 6 30 56
47 16 8 12 36 43
22 24 7 24 2 30
1 25 47 14 2 13
39 34 25 10 8 28
13 41 44 4 6 46
21 20 1 9 49 36
15 39 9 1 16 47
50 38 50 11 1 24
32 13 46 18 1 3
1 3 41 8 44 10
34 20 22 16 8 10
27 3 30 16 2 5
9 21 6 27 33 49
10 22 12 1 37 41
40 11 23 14 20 27
91 23 17 5 2 85
9 33 33 11 44 30
2 47 15 37 17 5
6 1 39 1 30 26
6 31 37 8 17 36
1 9 48 18 5 11
1 36 26 20 6 38
12 1 31 35 28 49
46 10 11 42 6 17
19 1 25 7 26 20
8 39 26 10 17 20
12 17 26 47 19 19
22 16 14 16 29 6
23 50 4 36 31 28
24 19 29 3 18 49
29 19 39 7 17 21
6 26 26 17 1 1
43 4 45 5 22 37
17 3 5 3 21 15
12 29 37 9 50 11
37 39 20 49 13 2
5 12 2 85 29 30
3 28 58 9 5 30
1 48 7 32 8 31
13 78 3 25 44 33
14 7 99 9 26 28
19 59 49 3 3 22
10 22 8 46 42 25
2 47 3 12 9 71
37 33 6 88 40 2
22 3 3 41 28 3
34 8 10 36 18 27
39 35 18 35 1 45
16 21 38 23 3 13
36 14 15 3 49 14
