20 10 
13 12 33 90 77 67 40 11 19 27 27 45 79 69 35
16 87 68 53 24 70 70 23 62 8 61 18 14 71 97
86 49 4 79 73 42 78 13 97 53 36 44 48 70 63
62 32 77 57 9 93 13 37 42 38 54 65 62 14 7
8 38 71 50 7 38 82 50 85 90 5 52 6 94 38
54 35 62 26 62 0 11 65 15 2 31 81 1 47 98
92 51 47 35 38 75 41 53 24 61 43 71 49 50 96
28 70 85 73 94 55 25 10 3 94 59 63 75 39 2
42 40 99 80 66 88 92 85 99 59 75 45 1 38 36
78 95 70 12 95 52 31 83 7 82 37 3 17 76 10
1 13 7 0 87 24 20 97 46 65 53 97 4 97 88
83 6 96 68 9 85 83 44 67 4 92 78 77 33 3
28 25 92 72 35 14 97 96 28 42 42 51 36 83 88
68 34 33 48 11 44 52 4 96 36 28 68 62 49 85
92 23 55 34 31 78 90 67 37 23 21 1 7 93 50
98 97 77 35 32 48 89 87 27 47 69 22 65 4 53
74 95 37 85 54 44 78 13 71 4 41 2 46 70 39
22 13 94 36 90 86 36 50 78 10 82 81 35 44 67
23 56 49 7 49 41 55 84 80 50 11 54 94 43 82
74 26 92 61 15 43 89 20 63 16 76 52 92 70 38
