20 10 
71 39 74 94 2 87 16 16 71 15 69 65 2 56 48
36 39 65 30 11 67 41 2 21 8 28 45 93 91 9
36 73 13 8 94 28 35 63 40 79 94 69 85 23 56
56 84 72 75 56 27 77 28 77 65 56 15 36 69 43
51 12 86 25 27 75 28 36 48 50 41 75 59 28 96
16 24 74 56 78 56 92 79 70 72 55 76 8 28 45
10 34 40 62 79 3 7 83 52 68 5 7 46 45 77
6 49 41 1 82 6 74 52 89 22 48 76 28 94 52
47 55 40 40 7 90 21 19 68 76 24 7 15 43 98
19 16 90 24 46 39 57 56 35 100 14 39 69 69 20
27 78 28 90 64 59 25 55 4 66 76 78 57 56 65
62 15 41 56 50 56 80 26 51 72 46 72 37 35 27
28 92 69 5 95 1 50 11 43 16 4 55 53 77 45
31 78 13 13 51 34 28 16 52 1 88 19 79 27 24
51 54 63 94 1 84 46 82 70 15 88 70 46 72 44
1 96 74 55 46 0 70 66 92 10 21 59 18 75 18
5 38 37 94 75 39 51 89 16 71 61 33 99 44 36
88 26 48 74 97 91 93 85 37 44 95 2 57 53 47
98 49 3 3 57 18 85 89 39 57 10 73 33 28 36
56 95 40 20 55 14 31 73 43 85 19 85 9 51 30
