20 10 
93 91 44 6 68 62 78 2 1 90 46 0 59 98 91
77 6 30 94 23 82 12 79 81 70 21 10 9 31 81
80 78 18 31 89 6 44 47 75 8 39 24 43 28 45
78 73 18 48 49 75 83 40 94 1 60 77 6 13 5
39 77 28 9 98 16 23 76 45 70 34 57 17 54 51
11 23 12 50 27 62 41 27 89 96 46 41 13 88 75
23 8 13 89 12 70 78 97 17 30 72 70 9 19 31
23 74 24 49 52 6 1 38 12 44 88 83 76 50 86
13 75 0 61 19 77 36 48 16 1 74 5 9 31 73
33 24 71 80 52 93 39 70 42 21 68 11 88 53 67
39 68 2 54 48 10 28 71 84 47 75 96 100 83 13
97 94 49 49 53 48 57 6 86 68 27 22 95 66 25
77 90 96 87 69 86 95 81 43 54 77 74 75 36 70
28 51 5 100 17 76 28 41 71 43 31 7 78 50 13
99 20 80 97 28 3 40 36 3 41 71 80 89 50 61
35 99 56 59 89 60 59 31 31 7 99 74 22 39 31
18 82 85 51 18 45 43 53 89 7 18 21 100 85 60
84 99 46 81 35 95 48 1 82 8 59 24 97 5 6
33 81 36 57 89 70 89 14 46 28 96 12 72 55 35
52 43 96 92 100 50 85 53 31 1 83 25 48 56 74
