20 7
0.34 0.23 0.29 0.77 0.23 0.85 0.47
0.60 0.96 0.73 0.95 0.57 0.09 0.95
0.07 0.74 0.56 0.71 0.02 0.47 0.47
0.17 0.08 0.60 0.56 0.98 0.86 0.48
0.62 0.48 0.84 0.99 0.79 0.18 0.21
0.10 0.74 0.54 0.36 0.72 0.96 0.67
0.47 0.33 1.00 0.14 0.59 0.15 0.77
0.84 0.60 0.67 0.79 0.92 0.60 0.91
0.73 0.61 0.00 0.20 0.74 0.91 0.20
0.01 0.74 0.56 0.02 0.61 0.94 0.02
0.93 0.63 0.03 0.18 0.74 0.94 0.48
0.82 0.73 0.94 0.63 0.57 0.54 0.13
0.53 0.78 0.48 0.19 0.10 0.14 0.63
0.64 1.00 0.89 0.29 0.38 0.44 0.44
0.21 0.66 0.83 0.89 0.02 0.05 0.41
0.87 0.46 0.70 0.21 0.24 0.36 0.38
0.12 0.80 0.63 0.86 0.83 0.22 0.88
0.27 0.00 0.96 0.40 0.32 0.98 0.83
0.17 0.42 0.64 0.86 0.88 0.96 0.43
0.27 0.63 0.88 0.85 0.24 0.49 0.56
