20 7
0.43 0.28 0.11 0.22 0.32 0.65 0.26
0.84 0.87 0.55 0.84 0.52 0.25 0.84
0.65 0.59 0.33 0.23 0.29 0.34 0.39
0.01 0.18 0.18 0.95 0.88 0.02 0.42
0.36 0.55 0.01 0.77 0.59 0.05 0.36
0.83 0.27 0.99 0.46 0.43 0.42 0.16
0.23 0.08 0.53 0.82 0.19 0.56 0.51
0.25 0.62 0.00 0.14 0.57 0.43 0.47
0.16 0.28 0.27 0.61 0.83 0.28 0.04
0.22 0.14 0.89 0.66 0.02 0.84 0.31
0.94 0.19 0.61 0.21 0.66 0.75 0.08
0.24 0.61 0.76 0.16 0.14 0.87 0.55
0.95 0.83 0.46 0.94 0.26 0.15 0.37
0.95 0.94 0.14 0.02 0.07 0.04 0.15
0.34 0.16 0.36 0.41 0.54 0.09 0.27
0.37 0.10 0.18 0.63 0.30 0.35 0.33
0.90 0.50 0.01 0.31 0.70 0.64 0.62
0.94 0.23 0.63 0.45 0.00 0.21 0.22
0.16 0.87 0.66 0.31 0.54 0.96 0.32
0.88 0.37 0.31 0.34 0.89 0.36 0.65
