0.34 0.42 0.72 0.10
0.54 0.68 0.69 0.99
0.72 0.68 0.54 0.18
0.67 0.39 0.25 0.99
0.74 0.61 0.57 0.64
0.32 0.88 1.00 0.70
0.94 0.06 0.51 0.95
0.58 0.81 0.63 0.60
0.21 0.96 0.01 0.69
0.93 0.67 0.12 0.82
0.56 0.69 0.68 0.73
0.97 0.68 0.61 0.04
0.04 0.72 0.51 0.36
0.39 0.18 0.59 0.60
0.90 0.66 0.50 0.72
0.57 0.12 0.80 1.00
0.64 0.11 0.58 0.62
0.73 0.51 0.09 0.93
0.86 0.85 0.30 0.78
0.57 0.13 0.64 0.58
0.89 0.35 0.81 0.51
0.03 0.68 0.67 1.00
0.85 0.83 0.02 0.84
0.88 0.91 0.29 0.75
0.97 0.74 0.34 0.48
0.68 0.76 0.23 0.27
0.61 0.93 0.79 0.06
0.15 0.75 0.82 0.02
0.45 0.38 0.26 0.65
0.95 0.36 0.54 0.66
0.82 0.53 0.48 0.59
0.67 0.80 0.20 0.92
1.00 0.48 0.74 0.09
0.41 0.95 0.58 0.07
0.40 0.66 0.48 0.92
1.00 0.36 0.67 0.10
0.20 0.95 0.38 0.60
0.87 0.76 0.12 0.54
0.68 0.40 0.03 0.66
0.51 0.48 0.57 0.59
0.64 0.94 0.13 0.63
0.66 0.83 0.46 0.51
0.98 0.80 0.07 0.20
0.01 0.87 0.86 0.99
0.58 0.52 0.12 0.57
0.81 0.92 0.53 0.03
0.22 0.87 0.26 0.16
0.68 0.75 0.34 0.55
0.92 0.35 0.14 0.56
0.69 0.84 0.05 0.06
0.02 0.93 0.59 0.53
0.21 0.62 0.80 0.63
0.92 0.28 0.40 0.74
0.09 0.63 0.80 0.38
0.41 0.70 0.48 0.53
0.61 0.72 0.11 0.80
0.73 0.61 0.53 0.51
0.44 0.55 0.52 0.96
0.56 0.44 0.54 0.52
0.16 0.73 0.91 0.04
0.14 0.64 0.72 0.52
0.81 0.16 0.57 0.64
0.52 0.52 0.32 0.60
0.75 0.10 0.98 0.81
0.68 0.23 0.71 0.47
0.94 0.81 0.78 0.06
0.94 0.21 0.80 0.35
0.08 0.47 0.82 0.02
0.52 0.54 0.71 0.56
0.90 0.45 0.64 0.41
0.25 0.80 0.46 0.69
0.76 0.81 0.11 0.53
0.08 0.71 0.22 0.27
0.82 0.73 0.54 0.14
0.04 0.60 0.72 0.97
0.68 0.02 0.99 0.34
0.91 0.58 0.29 0.54
0.99 0.23 0.63 0.08
0.62 0.10 0.80 0.09
0.32 0.64 0.30 0.99
0.65 0.74 0.08 0.96
0.79 0.51 0.62 0.32
0.94 0.58 0.51 0.28
0.78 0.07 0.58 0.70
0.94 0.72 0.76 0.02
1.00 0.93 0.98 0.01
0.02 0.57 0.87 0.08
0.05 0.67 0.80 0.68
0.97 0.21 0.54 0.54
0.87 0.04 0.19 0.11
0.59 0.01 0.84 0.54
0.77 0.41 0.75 0.40
0.35 0.14 0.58 0.99
0.28 0.04 0.93 0.30
0.67 0.83 0.18 0.46
0.52 0.42 0.56 0.55
0.28 0.79 0.54 0.07
0.63 0.03 0.83 0.63
0.81 0.02 0.02 0.90
0.83 0.38 0.51 0.56
0.27 0.86 0.15 0.57
0.31 0.69 0.62 0.13
0.25 0.44 0.64 0.77
0.56 0.21 0.77 0.19
0.31 0.44 0.62 0.65
0.55 0.32 0.53 0.60
0.03 0.26 0.99 0.58
0.84 0.67 0.43 0.30
0.93 0.33 0.07 0.49
0.52 0.59 0.32 0.39
0.39 0.91 0.10 0.54
0.54 0.69 0.25 0.72
0.57 0.14 0.14 0.84
0.67 0.35 0.32 0.06
0.55 0.12 0.89 0.54
0.59 0.78 0.56 0.10
0.25 0.72 0.01 0.57
0.73 0.07 0.52 0.55
0.05 0.69 0.73 0.84
0.19 0.26 0.16 0.45
0.60 0.09 0.55 0.72
0.11 0.62 0.55 0.89
0.04 0.59 0.51 0.13
0.08 0.03 0.87 0.56
0.72 0.96 0.77 0.05
0.60 0.99 0.54 0.06
0.55 0.23 0.26 0.87
0.79 0.06 0.65 0.79
0.72 0.06 0.08 0.87
0.60 0.24 0.51 0.22
0.10 0.01 0.49 0.94
0.04 0.30 0.87 0.72
0.51 0.30 0.04 1.00
0.70 0.06 0.91 0.42
0.41 0.18 0.13 0.55
0.01 0.73 0.64 0.36
0.98 0.68 0.17 0.17
0.79 0.20 0.79 0.18
0.55 0.02 0.83 0.65
0.69 0.02 0.81 0.72
0.16 0.79 0.01 0.74
0.33 0.56 0.05 0.16
0.92 0.60 0.89 0.01
0.60 0.04 0.25 0.72
0.01 0.54 0.69 0.98
0.17 0.55 0.74 0.67
0.68 0.61 0.78 0.02
0.15 0.02 0.84 0.89
0.10 0.12 0.95 0.02
0.62 0.52 0.03 0.86
0.09 0.01 0.57 0.05
0.09 0.35 0.48 0.15
0.81 0.42 0.11 0.34
0.79 0.74 0.77 0.01
0.66 0.09 0.52 0.56
0.60 0.01 0.21 0.57
0.61 0.12 0.48 0.26
0.08 0.73 0.08 0.89
0.01 0.74 0.32 0.70
0.03 0.44 0.79 0.84
0.08 0.11 0.11 0.20
0.38 0.41 0.02 0.98
0.10 0.95 0.03 0.54
0.58 0.07 0.28 0.97
0.88 0.87 0.50 0.05
0.44 0.94 0.59 0.03
0.72 0.59 0.53 0.01
0.86 0.16 0.05 0.66
0.90 0.02 0.11 0.59
0.11 0.74 0.24 0.08
0.02 0.67 0.77 0.46
0.57 0.77 0.40 0.07
0.88 0.16 0.65 0.02
0.06 0.57 0.78 0.60
0.76 0.70 0.24 0.13
0.94 0.60 0.26 0.07
0.72 0.33 0.01 0.55
0.98 0.55 0.02 0.52
0.02 0.97 0.41 0.54
0.03 0.55 0.31 0.58
0.15 0.12 0.06 0.67
0.05 0.90 0.09 0.89
0.03 0.51 0.72 0.33
0.80 0.77 0.13 0.10
0.77 0.39 0.19 0.19
0.20 0.07 0.06 0.23
0.58 0.08 0.09 0.08
0.46 0.39 0.09 0.07
0.07 0.53 0.66 0.90
0.14 0.01 0.54 0.81
0.02 0.05 0.62 0.57
0.03 0.51 0.61 0.53
0.05 0.54 0.73 0.06
1.00 0.62 0.36 0.01
0.31 0.23 0.43 0.05
0.08 0.89 0.09 0.46
0.30 0.52 0.05 0.91
0.56 0.71 0.61 0.02
0.29 0.90 0.01 0.27
0.56 0.83 0.08 0.04
0.56 0.29 0.05 0.76
0.04 0.43 0.06 0.97
0.53 0.70 0.04 0.34
0.06 0.62 0.09 0.96
0.36 0.10 0.22 0.08
0.07 0.95 0.44 0.56
0.20 0.02 0.44 0.40
0.07 0.64 0.67 0.08
0.04 0.68 0.15 0.66
0.05 0.16 0.02 0.58
0.03 0.73 0.22 0.64
0.36 0.54 0.55 0.02
0.05 0.03 0.80 0.70
0.11 0.87 0.07 0.23
0.11 0.75 0.16 0.13
0.01 0.60 0.57 0.70
0.36 0.95 0.51 0.04
0.08 0.80 0.09 0.42
0.76 0.10 0.51 0.05
0.45 0.58 0.01 0.27
0.85 0.05 0.09 0.04
0.03 0.68 0.46 0.51
0.17 0.23 0.69 0.03
0.07 0.67 0.32 0.57
0.25 0.76 0.50 0.05
0.54 0.65 0.17 0.02
0.58 0.55 0.33 0.04
0.69 0.31 0.03 0.11
0.01 0.17 0.04 0.95
0.53 0.04 0.26 0.98
0.12 0.57 0.66 0.03
0.30 0.65 0.75 0.01
0.71 0.48 0.10 0.02
0.09 0.57 0.27 0.02
0.52 0.12 0.09 0.05
0.79 0.94 0.04 0.02
0.07 0.53 0.37 0.04
0.81 0.05 0.22 0.16
0.58 0.05 0.42 0.92
0.92 0.05 0.11 0.03
0.06 0.53 0.01 0.82
0.65 0.02 0.05 1.00
1.00 0.04 0.09 0.59
0.03 0.86 0.18 0.88
0.23 0.11 0.95 0.04
0.07 0.28 0.79 0.55
0.17 0.03 0.09 0.59
0.80 0.57 0.01 0.52
0.21 0.80 0.09 0.02
0.01 0.55 0.77 0.04
0.96 0.71 0.45 0.01
0.04 0.67 0.06 0.01
0.01 0.64 0.57 0.58
0.65 0.28 0.12 0.01
0.26 0.59 0.25 0.05
0.27 0.58 0.15 0.06
0.06 0.02 0.58 0.63
0.01 0.60 0.01 0.95
0.03 0.73 0.40 0.54
0.03 0.76 0.27 0.57
0.73 0.44 0.02 0.53
0.64 0.09 0.36 0.07
0.02 0.66 0.69 0.56
0.42 0.34 0.42 0.06
0.03 0.03 0.59 0.97
0.94 0.94 0.03 0.06
1.00 0.10 0.23 0.01
0.02 0.93 0.64 0.22
0.58 0.52 0.02 0.14
0.15 0.02 0.35 0.55
0.36 0.71 0.04 0.23
0.57 0.01 0.53 0.74
0.80 0.14 0.69 0.03
0.54 0.37 0.01 0.62
0.60 0.06 0.35 0.03
0.90 0.83 0.04 0.06
0.96 0.15 0.01 0.12
0.53 0.26 0.01 0.96
0.12 0.38 0.03 0.23
0.04 0.10 0.31 0.55
0.23 0.05 0.89 0.04
0.84 0.21 0.96 0.01
0.63 0.02 0.38 0.52
0.01 0.54 0.39 0.92
0.02 0.62 0.52 0.88
0.16 0.23 0.37 0.08
0.10 0.81 0.01 0.57
0.10 0.35 0.01 0.64
0.10 0.08 0.11 0.91
0.07 0.63 0.09 0.56
0.02 0.26 0.22 0.02
0.51 0.25 0.68 0.01
0.56 0.06 0.02 0.65
0.01 0.77 0.67 0.33
0.04 0.08 0.94 0.28
0.02 0.21 0.39 0.60
0.05 0.83 0.03 0.12
0.57 0.05 0.03 0.72
0.54 0.01 0.17 0.15
0.93 0.04 0.02 0.53
0.01 0.38 0.93 0.14
0.92 0.15 0.08 0.02
0.33 0.06 0.54 0.02
0.04 0.45 0.01 0.87
0.59 0.94 0.01 0.19
0.04 0.01 0.94 0.84
0.84 0.06 0.56 0.01
0.35 0.14 0.49 0.03
0.51 0.01 0.21 0.76
0.55 0.05 0.01 0.45
0.76 0.06 1.00 0.01
0.04 0.08 0.61 0.68
0.01 0.69 0.66 0.23
0.68 0.13 0.01 0.14
0.07 0.03 0.80 0.27
0.01 0.18 0.91 0.83
0.01 0.13 0.59 0.06
0.20 0.72 0.02 0.54
0.87 0.81 0.03 0.06
0.04 0.10 0.65 0.50
0.01 0.45 0.39 0.59
0.04 0.59 0.11 0.81
0.62 0.63 0.06 0.01
0.01 0.88 0.79 0.03
0.98 0.05 0.07 0.19
0.02 0.62 0.51 0.01
0.23 0.02 0.34 0.80
0.59 0.02 0.08 0.79
0.13 0.71 0.01 0.04
0.60 0.44 0.21 0.02
0.20 0.11 0.01 0.49
0.76 0.04 0.64 0.02
0.07 0.34 0.01 0.85
0.05 0.23 0.08 0.04
0.16 0.13 0.51 0.05
0.52 0.06 0.01 0.64
0.09 0.01 0.28 0.71
0.01 0.93 0.56 0.55
0.23 0.20 0.48 0.09
0.02 0.49 0.16 0.54
0.53 0.03 0.55 0.26
0.10 0.16 0.42 0.14
0.03 0.54 0.70 0.01
0.03 0.03 0.98 0.54
0.02 0.33 0.18 0.22
0.01 0.78 0.04 0.57
0.01 0.86 0.20 0.52
0.39 0.04 0.38 0.42
0.74 0.79 0.04 0.01
0.54 0.02 0.06 0.65
0.23 0.55 0.64 0.01
0.76 0.01 0.32 0.13
0.87 0.26 0.01 0.05
0.08 0.18 0.51 0.01
0.04 0.58 0.20 0.08
0.01 0.74 0.56 0.25
0.03 0.15 0.24 0.51
0.60 0.04 0.07 0.54
0.85 0.02 0.54 0.08
0.16 0.10 0.08 0.74
0.97 0.02 0.15 0.56
0.14 0.03 0.54 0.34
0.87 0.01 0.04 0.79
0.96 0.03 0.82 0.02
0.30 0.07 0.23 0.02
0.13 0.16 0.89 0.03
0.74 0.04 0.53 0.02
0.54 0.07 0.15 0.02
0.62 0.02 0.02 0.20
0.91 0.57 0.01 0.03
0.70 0.56 0.05 0.06
0.23 0.02 0.97 0.03
0.75 0.07 0.10 0.14
0.01 0.67 0.21 0.02
0.65 0.59 0.04 0.01
0.92 0.27 0.06 0.04
0.43 0.54 0.07 0.13
0.07 0.45 0.07 0.52
0.01 0.53 0.08 0.67
0.03 0.93 0.03 0.71
0.50 0.01 0.52 0.26
0.14 0.64 0.02 0.16
0.39 0.07 0.04 0.87
0.07 0.09 0.79 0.22
0.07 0.04 0.50 0.30
0.64 0.09 0.54 0.01
0.03 0.01 0.63 0.67
0.06 0.10 0.29 0.01
0.49 0.03 0.01 0.69
0.01 0.80 0.13 0.23
0.56 0.64 0.01 0.12
0.01 0.56 0.06 0.05
0.07 0.91 0.05 0.04
0.23 0.12 0.03 0.19
0.04 0.05 0.66 0.36
0.37 0.03 0.17 0.01
0.28 0.62 0.01 0.21
0.01 0.09 0.70 0.75
0.01 0.06 0.65 0.90
0.24 0.03 0.50 0.20
0.33 0.84 0.04 0.02
0.03 0.28 0.05 0.53
0.03 0.10 0.75 0.26
0.08 0.14 0.05 0.81
0.07 0.01 0.69 0.63
0.51 0.52 0.12 0.03
0.28 0.64 0.01 0.01
0.98 0.08 0.07 0.01
0.67 0.01 0.03 0.82
0.66 0.55 0.01 0.26
0.03 0.01 0.54 0.66
0.06 0.05 0.37 0.74
0.01 0.04 0.69 0.28
0.01 0.12 0.56 0.50
0.43 0.10 0.02 0.86
0.84 0.42 0.02 0.08
0.17 0.16 0.02 0.05
0.97 0.01 0.01 0.14
0.06 0.15 0.15 0.61
0.01 0.14 0.51 0.39
0.20 0.01 0.56 0.30
0.01 0.33 0.04 0.28
0.32 0.02 0.15 0.54
0.01 0.04 0.65 0.37
0.95 0.24 0.01 0.07
0.01 0.21 0.15 0.75
0.03 0.81 0.01 0.85
0.36 0.37 0.02 0.02
0.80 0.05 0.04 0.16
0.09 0.07 0.38 0.38
0.04 0.14 0.60 0.01
0.47 0.41 0.01 0.14
0.09 0.72 0.03 0.17
0.67 0.01 0.83 0.01
0.95 0.02 0.01 0.72
0.31 0.04 0.06 0.38
0.02 0.03 0.30 0.37
0.09 0.82 0.01 0.79
0.26 0.05 0.16 0.48
0.05 0.12 0.09 0.55
0.53 0.06 0.05 0.24
0.41 0.37 0.01 0.39
0.63 0.14 0.04 0.02
0.10 0.53 0.06 0.23
0.06 0.08 0.19 0.74
0.03 0.67 0.13 0.03
0.14 0.01 0.15 0.52
0.71 0.04 0.09 0.13
0.18 0.05 0.47 0.27
0.02 0.36 0.16 0.25
0.06 0.11 0.15 0.91
0.02 0.09 0.08 0.10
0.53 0.34 0.01 0.31
0.01 0.15 0.43 0.94
0.63 0.01 0.43 0.06
0.06 0.08 0.07 0.63
0.62 0.01 0.14 0.94
0.18 0.11 0.01 0.54
0.11 0.11 0.04 0.92
0.06 0.13 0.22 0.06
0.01 0.03 0.58 0.98
0.05 0.64 0.02 0.34
0.16 0.04 0.30 0.02
0.43 0.03 0.05 0.97
0.11 0.03 0.27 0.54
0.31 0.26 0.01 0.14
0.51 0.10 0.02 0.08
0.08 0.62 0.03 0.04
0.08 0.14 0.12 0.07
0.53 0.02 0.90 0.04
0.07 0.66 0.09 0.03
0.05 0.01 0.31 0.69
0.06 0.08 0.39 0.32
0.01 0.03 0.53 0.13
0.05 0.60 0.02 0.33
0.57 0.54 0.01 0.11
0.49 0.01 0.51 0.50
0.03 0.04 0.26 0.78
0.03 0.07 0.01 0.69
0.50 0.07 0.14 0.17
0.20 0.01 0.06 0.37
0.09 0.68 0.01 0.04
0.24 0.69 0.05 0.01
0.51 0.02 0.25 0.31
0.17 0.08 0.16 0.15
0.29 0.03 0.16 0.25
0.13 0.04 0.01 1.00
0.46 0.01 0.31 0.15
0.09 0.08 0.32 0.32
0.12 0.03 0.14 0.96
0.01 0.52 0.34 0.21
0.40 0.07 0.09 0.05
0.01 0.02 0.98 0.82
0.47 0.02 0.01 0.87
0.01 0.02 0.61 0.51
0.01 0.62 0.02 0.94
0.01 0.06 0.22 0.61
0.55 0.05 0.06 0.03
0.56 0.60 0.01 0.07
0.92 0.01 0.76 0.03
0.94 0.02 0.12 0.18
0.52 0.01 0.13 0.20
0.01 0.40 0.25 0.06
0.40 0.01 0.05 0.66
0.64 0.02 0.33 0.04
0.01 0.69 0.02 0.45
0.14 0.04 0.06 0.79
0.16 0.15 0.07 0.52
0.06 0.02 0.89 0.44
0.06 0.01 0.04 0.57
0.01 0.12 0.80 0.04
0.27 0.03 0.03 0.91
0.07 0.41 0.07 0.12
0.05 0.02 0.77 0.16
0.65 0.03 0.03 0.16
0.18 0.06 0.27 0.44
0.11 0.02 0.24 0.36
0.01 0.47 0.02 0.33
0.52 0.46 0.01 0.13
0.07 0.07 0.78 0.03
0.06 0.06 0.09 0.10
0.02 0.31 0.01 0.96
0.40 0.07 0.05 0.16
0.20 0.06 0.01 0.80
1.00 0.01 0.54 0.04
0.07 0.07 0.23 0.02
0.15 0.25 0.03 0.52
0.28 0.29 0.26 0.01
0.15 0.03 0.07 0.42
0.04 0.75 0.01 0.65
0.02 0.20 0.69 0.04
0.06 0.52 0.01 0.34
0.57 0.02 0.74 0.02
0.02 0.02 0.85 0.48
0.57 0.54 0.01 0.08
0.51 0.20 0.01 0.02
0.01 0.01 0.92 0.53
0.07 0.46 0.06 0.01
0.12 0.19 0.07 0.15
0.15 0.06 0.06 0.36
0.02 0.02 0.60 0.54
0.45 0.09 0.04 0.52
0.01 0.96 0.01 0.92
0.09 0.34 0.05 0.16
0.50 0.02 0.03 0.44
0.87 0.01 0.09 0.09
0.74 0.01 0.01 0.98
0.80 0.01 0.03 0.36
0.24 0.27 0.06 0.01
0.07 0.01 0.77 0.04
0.42 0.63 0.01 0.12
0.24 0.02 0.29 0.15
0.52 0.01 0.02 0.93
0.31 0.05 0.04 0.51
0.12 0.55 0.01 0.25
0.11 0.56 0.01 0.23
0.59 0.04 0.15 0.18
0.58 0.01 0.64 0.03
0.36 0.04 0.03 0.62
0.05 0.05 0.52 0.21
0.02 0.59 0.65 0.01
0.01 0.11 0.41 0.13
0.01 0.12 0.17 0.93
0.65 0.52 0.01 0.01
0.63 0.26 0.03 0.01
0.28 0.06 0.02 0.14
0.02 0.69 0.01 0.52
0.02 0.80 0.17 0.01
0.81 0.01 0.15 0.10
0.25 0.15 0.12 0.03
0.01 0.34 0.03 0.51
0.55 0.02 0.40 0.07
0.62 0.02 0.61 0.03
0.96 0.45 0.01 0.01
0.08 0.30 0.05 0.40
0.67 0.01 0.62 0.02
0.01 0.08 0.18 0.72
0.81 0.01 0.36 0.02
0.09 0.54 0.01 0.15
0.06 0.78 0.01 0.02
0.67 0.12 0.01 0.02
0.04 0.05 0.76 0.07
0.03 0.13 0.21 0.04
0.55 0.02 0.01 0.60
0.83 0.02 0.17 0.06
0.07 0.38 0.02 0.53
0.52 0.04 0.05 0.30
0.02 0.38 0.02 0.57
0.18 0.94 0.04 0.01
0.01 0.12 0.98 0.02
0.01 0.38 0.02 0.48
0.02 0.08 0.01 0.62
0.21 0.02 0.15 0.13
0.78 0.01 0.03 0.80
0.66 0.01 0.11 0.23
0.05 0.70 0.01 0.33
0.75 0.01 0.01 0.27
0.03 0.02 0.58 0.40
0.02 0.03 0.13 0.44
0.02 0.02 0.31 0.72
