16 33 85 92
87 82 70 93
84 27 81 54
94 79 64 79
82 17 77 56
76 25 21 98
67 78 89 10
54 28 85 18
93 63 70 94
80 51 45 51
76 78 51 60
65 80 82 51
61 60 12 62
78 85 9 36
20 53 3 60
95 25 9 7
13 52 61 75
98 21 43 61
70 24 59 51
57 62 60 38
14 91 21 84
57 48 66 71
94 14 57 75
60 54 94 9
82 73 46 24
6 51 58 2
60 79 57 58
20 95 54 56
66 13 79 95
3 8 44 42
25 38 55 19
2 66 68 56
77 39 87 6
61 72 28 59
41 72 11 25
6 75 20 87
4 52 13 31
71 32 62 36
6 25 54 41
26 2 58 91
86 68 2 28
72 63 29 3
88 59 42 11
63 85 56 15
61 84 1 77
2 40 98 79
77 15 25 98
1 66 63 63
96 1 61 18
58 40 83 1
88 60 35 15
12 35 67 17
53 10 52 34
22 23 16 77
100 6 15 70
37 85 12 5
12 58 8 15
90 1 84 46
87 38 36 27
67 18 77 14
41 7 70 75
33 23 82 18
68 42 44 12
36 24 4 72
1 54 28 92
62 60 21 12
32 38 26 21
1 51 73 72
90 6 57 79
60 28 86 4
48 14 99 19
65 12 9 51
57 67 18 5
22 4 33 20
1 35 61 71
56 55 98 1
61 25 70 3
47 89 1 76
2 15 63 59
72 6 31 46
26 79 1 13
8 69 8 10
71 97 81 1
66 58 2 72
42 41 59 2
14 36 97 1
24 16 12 89
52 25 2 46
87 69 1 78
16 7 18 64
57 63 37 7
78 10 9 82
6 92 49 27
75 38 21 33
39 75 40 7
5 19 28 85
65 17 92 10
72 2 83 66
85 6 66 4
52 36 83 11
12 3 79 70
38 3 94 29
70 3 92 54
87 39 64 11
70 7 15 62
22 83 55 7
43 78 38 5
57 18 5 83
9 39 29 24
20 9 17 74
48 2 90 80
52 53 82 1
79 27 21 44
1 71 51 88
71 45 51 3
19 4 53 81
80 74 1 66
60 19 7 52
37 25 53 8
3 53 39 100
1 33 80 80
68 1 61 73
87 62 54 1
94 40 25 14
1 62 9 86
94 52 26 10
18 3 66 69
15 57 1 90
89 83 7 8
58 8 29 21
3 17 26 52
1 59 78 51
100 66 3 6
76 44 9 23
4 93 8 99
23 2 45 57
32 69 55 3
100 19 6 62
5 84 52 29
1 66 11 54
62 3 69 9
11 13 55 34
22 59 31 8
71 6 10 91
28 25 26 31
68 89 51 1
69 17 2 61
81 74 7 7
97 40 1 74
16 12 22 56
8 63 8 52
14 6 89 35
27 25 22 53
76 28 57 1
21 27 87 25
1 70 81 45
9 54 20 25
24 10 16 56
61 6 28 68
58 17 9 29
77 66 7 11
63 8 7 84
58 14 72 19
13 21 16 80
81 20 6 59
60 14 93 3
97 9 8 58
89 48 32 4
5 16 17 88
80 6 25 89
8 11 36 69
68 4 93 6
19 61 2 22
22 54 6 47
100 3 93 8
99 50 17 1
2 15 53 61
34 54 57 9
81 6 20 80
26 10 81 11
99 37 33 4
96 11 96 1
81 6 6 97
91 39 53 6
8 94 1 65
88 3 28 69
90 3 40 32
3 73 69 39
73 3 40 25
20 85 57 1
68 23 6 11
13 6 22 99
81 41 36 2
3 58 66 26
1 26 18 55
17 5 59 52
52 1 69 4
67 26 1 71
8 73 6 91
5 61 4 97
56 7 60 18
40 23 82 8
22 75 1 57
86 20 64 12
62 15 18 52
2 7 100 94
3 62 60 18
4 60 9 7
24 3 55 18
91 14 23 28
95 49 1 57
3 72 98 12
98 94 2 12
4 90 47 1
57 20 7 59
83 39 3 43
39 2 71 33
62 9 3 95
46 9 13 72
18 13 51 1
57 1 54 56
13 44 12 28
25 87 1 53
1 76 52 18
45 14 23 33
83 87 10 2
1 32 87 2
97 3 17 81
51 22 16 55
4 91 4 79
11 39 74 11
23 1 77 86
34 1 60 83
21 31 3 64
55 53 23 17
72 45 3 14
17 55 3 69
5 70 4 80
2 23 66 10
8 54 13 25
75 74 18 3
14 6 55 72
77 63 1 61
55 50 45 7
76 4 18 74
19 1 18 27
85 60 5 11
75 51 50 4
61 38 8 40
94 11 52 1
57 9 16 67
10 46 4 76
26 37 35 3
38 59 36 1
60 57 14 17
2 37 13 78
72 15 3 5
2 57 57 20
66 7 57 17
9 87 17 6
42 13 12 93
3 5 73 25
18 53 4 52
89 5 9 48
88 42 1 62
10 5 68 85
16 53 7 57
14 64 3 10
43 45 9 56
11 6 45 72
73 8 14 54
51 15 7 90
90 1 7 51
12 13 5 92
9 15 96 19
69 69 32 4
18 38 16 49
67 26 10 15
52 54 1 80
62 81 12 5
25 48 5 62
1 80 36 17
23 10 6 70
18 62 1 45
93 56 1 37
7 90 3 85
1 68 56 7
59 28 1 67
20 62 1 29
50 8 19 10
1 18 64 49
28 42 4 62
77 6 56 5
58 32 1 53
6 52 49 7
51 31 2 86
91 16 1 59
60 27 32 4
4 82 6 90
3 34 57 39
15 36 38 43
97 5 10 5
7 39 53 28
45 69 21 5
82 100 25 1
75 1 40 18
14 30 1 83
45 12 94 2
71 21 6 32
8 19 57 26
15 54 10 67
27 65 5 9
65 83 2 12
62 13 4 40
2 71 3 71
4 53 4 66
87 6 15 73
17 13 5 87
15 46 71 7
61 9 8 46
14 3 82 31
81 12 8 13
92 19 2 34
2 22 78 15
1 7 79 13
63 19 7 13
29 19 10 55
5 90 3 19
66 70 16 5
32 40 1 59
59 60 3 27
61 47 5 28
52 62 6 6
71 12 7 30
86 27 2 30
8 29 53 33
4 4 99 98
49 94 3 1
62 11 15 26
7 63 8 61
61 2 16 54
1 70 32 14
18 39 22 24
55 14 3 99
56 39 39 2
42 31 5 38
8 32 8 88
52 45 6 7
1 76 73 3
54 8 7 38
45 5 97 7
7 69 1 98
69 56 20 3
25 78 15 2
32 10 12 38
25 28 6 10
14 29 16 45
9 49 10 60
56 27 18 12
32 5 1 84
48 22 7 51
61 61 2 18
30 2 5 3
4 15 2 94
47 60 1 16
2 64 11 54
15 33 19 40
1 51 56 20
4 3 29 72
4 59 63 5
21 74 1 6
96 1 36 22
53 24 3 61
6 61 3 77
3 86 12 52
2 26 11 98
8 71 2 56
15 13 14 86
24 23 21 2
13 12 98 3
1 51 12 24
9 22 13 59
3 73 26 15
36 1 5 92
23 52 10 31
59 55 4 26
4 41 59 36
24 71 7 5
6 29 9 53
8 63 6 22
16 36 8 68
17 49 3 69
9 57 1 74
5 10 12 35
61 2 2 51
52 22 1 61
23 53 13 6
5 17 7 63
1 18 59 86
7 23 56 27
13 69 51 3
6 20 61 23
12 20 50 4
3 3 16 18
68 39 1 27
18 2 96 95
3 76 41 6
11 59 68 1
1 24 10 66
59 61 3 13
1 36 71 12
13 29 8 55
98 47 7 2
3 25 76 8
71 1 91 3
1 61 60 6
8 1 27 51
18 4 51 12
2 72 5 63
1 95 7 58
69 84 2 3
4 79 1 10
8 39 3 68
13 58 6 2
71 1 7 83
8 64 69 1
54 16 1 67
9 45 4 56
3 17 67 8
4 15 14 75
1 18 31 82
16 18 78 4
79 1 7 47
15 62 4 47
7 59 6 63
2 23 12 98
28 3 95 10
27 56 2 72
2 61 4 68
66 23 14 2
74 1 64 11
49 58 2 52
7 39 62 12
2 12 24 15
12 22 80 2
58 3 3 89
1 11 72 86
47 2 19 2
29 2 88 8
52 33 1 53
5 2 76 64
2 3 3 40
1 1 84 6
15 19 50 10
9 80 53 1
2 39 1 56
97 1 3 55
7 44 15 14
71 1 45 7
25 41 9 7
94 70 3 1
6 7 60 11
83 74 5 1
6 2 68 72
99 11 2 1
59 38 3 21
7 14 7 32
79 58 1 24
4 1 57 58
73 73 18 1
62 80 1 4
3 51 38 3
56 66 2 13
64 26 28 1
18 11 56 8
70 1 88 2
89 57 1 9
87 89 4 1
63 1 1 87
76 7 2 46
74 2 82 1
8 75 10 3
1 15 77 85
16 99 1 1
2 95 5 1
57 86 23 1
85 70 2 10
51 55 2 4
1 1 65 37
28 2 5 100
5 53 19 15
56 10 77 1
82 61 26 1
58 62 18 1
17 11 65 9
32 62 4 19
7 71 74 1
52 62 10 1
37 2 4 47
51 5 2 67
72 73 2 2
48 18 8 1
1 21 55 80
5 67 7 25
7 58 24 1
1 15 59 59
87 63 5 2
92 33 1 15
82 7 4 38
49 5 2 74
32 27 1 67
4 10 38 16
2 78 53 11
2 1 60 83
84 10 1 63
98 1 28 12
32 55 16 1
55 1 68 24
1 22 53 61
24 85 14 1
91 1 4 59
88 1 1 79
71 29 1 54
32 69 1 4
97 45 5 1
9 51 13 7
1 1 62 91
6 57 8 29
16 25 3 16
54 4 72 1
41 1 61 20
60 53 1 52
1 3 16 59
97 5 1 54
51 10 1 51
5 51 2 52
43 1 66 4
54 1 10 50
67 55 1 47
10 12 82 3
10 8 89 5
74 70 5 2
6 1 46 95
90 4 1 63
13 4 77 8
10 59 18 3
93 9 4 19
70 1 7 2
9 52 3 31
2 44 56 4
1 20 57 55
1 49 64 46
49 19 2 54
3 64 8 7
16 55 63 1
8 51 100 1
65 18 1 33
7 4 95 1
54 7 40 1
3 35 2 86
8 81 8 3
68 4 2 47
61 96 1 1
98 53 1 8
23 21 15 4
1 55 65 13
6 53 1 51
81 4 63 1
41 1 45 22
3 70 1 33
14 10 8 7
1 79 9 73
1 100 6 84
2 35 68 2
75 20 1 17
16 1 7 24
1 7 63 29
56 53 2 17
1 38 8 86
36 25 1 76
4 2 22 65
36 66 1 23
26 20 2 3
55 64 1 7
23 85 3 3
72 5 1 64
1 36 52 6
5 55 33 12
18 30 1 61
2 73 56 3
4 1 9 73
1 52 2 15
14 72 1 1
61 6 1 63
1 73 1 96
3 60 79 1
85 9 2 26
70 4 1 59
100 69 1 3
1 32 69 27
