82 55 85 30
51 81 97 77
69 42 51 80
62 59 80 75
93 75 69 78
79 24 51 55
74 96 59 63
76 27 84 89
47 87 84 40
69 72 89 64
34 97 54 61
55 99 12 56
68 70 56 62
97 9 20 83
32 61 13 76
44 77 65 31
57 50 47 77
13 39 99 57
60 75 67 42
17 54 84 96
78 34 90 59
79 19 93 74
83 96 88 9
90 87 57 52
1 61 3 34
58 21 68 31
90 80 67 10
58 52 65 49
81 41 51 10
94 6 92 94
5 24 52 96
93 1 75 94
88 29 75 22
11 61 40 4
87 39 38 95
91 10 52 51
74 41 57 73
95 36 9 65
72 12 69 62
65 15 97 37
98 13 7 79
100 59 94 2
24 97 1 58
59 17 94 98
1 24 84 84
63 73 2 51
7 21 100 24
67 33 46 4
66 47 52 63
81 97 18 14
7 11 93 11
21 41 73 53
88 57 12 13
11 9 98 61
97 12 61 36
11 46 51 99
3 97 95 19
34 22 80 75
41 6 97 46
37 41 52 68
18 90 2 51
53 8 66 95
57 17 90 66
43 46 37 36
80 31 17 62
46 66 17 33
100 30 76 1
52 59 2 51
83 20 29 51
13 10 59 69
90 10 58 38
59 59 46 26
52 5 84 29
62 19 57 87
11 2 52 72
42 24 17 80
11 55 56 60
64 40 69 3
57 7 67 6
66 28 56 53
21 52 77 26
87 67 5 19
63 27 62 30
57 39 24 37
60 20 31 70
30 47 56 29
75 4 83 7
92 20 20 84
92 54 52 1
62 13 34 81
81 9 51 17
66 1 36 90
64 9 46 49
55 57 63 20
55 17 83 33
88 24 58 6
79 56 11 66
79 52 13 55
78 18 37 56
55 57 51 5
83 94 68 1
80 33 39 55
4 82 72 2
97 92 11 2
47 35 44 47
62 51 2 70
69 6 5 80
8 38 41 57
66 58 21 36
56 51 16 16
62 37 29 58
54 24 52 53
35 1 11 94
42 17 32 12
57 24 11 38
11 58 65 55
14 56 76 43
1 66 27 20
78 32 60 10
52 31 28 53
59 25 55 5
83 4 7 70
16 1 87 98
28 4 1 69
11 55 71 52
54 42 8 64
25 58 74 45
72 95 54 1
80 53 1 62
85 93 67 2
90 7 55 64
51 65 80 1
41 34 67 30
69 41 9 61
81 40 21 15
59 3 75 65
75 74 65 1
52 55 60 6
8 7 59 62
50 60 30 7
55 20 60 1
58 16 23 61
66 3 95 60
81 95 7 6
13 54 2 75
24 6 58 70
55 6 82 41
37 6 96 32
37 10 47 11
5 12 90 60
70 21 9 68
85 56 13 27
38 79 96 1
52 55 88 2
58 4 40 26
15 15 5 25
8 52 81 6
92 3 56 56
31 13 18 57
81 77 1 59
1 46 54 32
3 48 33 58
31 11 69 31
56 68 1 59
20 19 2 58
41 99 4 2
33 18 77 23
15 13 71 56
50 9 93 57
15 38 90 1
96 1 96 72
53 88 5 18
28 61 7 19
42 1 87 90
10 5 43 53
52 88 52 2
86 67 23 3
44 80 1 59
67 52 15 1
6 30 67 86
95 61 4 10
59 23 22 16
88 1 88 87
1 47 15 58
18 80 9 20
4 52 6 65
98 26 35 8
6 49 29 13
86 3 66 7
17 5 27 79
92 16 2 56
41 26 87 3
8 10 20 43
67 80 1 26
75 2 41 68
64 35 29 3
64 2 77 10
19 57 1 34
27 33 52 12
59 94 22 8
7 5 96 81
97 2 55 32
90 1 93 84
42 56 30 4
1 5 76 90
52 51 76 1
26 42 73 13
7 14 4 89
100 7 23 12
87 3 39 26
5 84 58 19
29 56 82 3
53 29 52 3
70 71 8 16
40 15 100 4
2 37 78 82
36 71 86 2
1 77 93 16
3 60 1 64
7 1 28 56
17 70 8 10
48 1 27 70
83 58 3 23
1 76 47 15
67 52 11 11
64 77 26 7
99 39 6 5
96 9 4 51
73 25 5 23
46 47 1 23
10 5 20 88
8 61 20 28
61 79 3 20
60 56 37 1
12 64 97 2
64 20 33 2
7 52 84 2
27 73 2 33
71 28 19 4
51 5 37 19
80 4 18 36
39 1 17 61
18 30 83 7
95 57 6 9
19 23 19 8
13 31 75 16
14 11 13 53
53 20 1 9
54 2 69 20
2 53 2 92
10 6 85 23
13 54 12 57
40 31 19 2
58 9 35 25
39 18 67 3
14 14 75 15
6 13 77 51
1 53 56 18
92 10 30 8
11 18 18 33
5 31 6 35
4 28 61 61
9 47 76 26
3 1 45 66
2 19 5 40
17 32 73 21
54 2 5 56
15 17 74 5
46 4 64 32
2 15 52 81
69 1 96 36
2 15 16 52
66 44 3 1
10 91 25 3
81 3 62 45
1 33 76 89
2 22 67 8
16 19 3 81
51 82 1 5
98 9 85 2
1 9 61 5
39 1 43 53
55 14 58 3
56 1 94 35
66 9 58 4
26 16 42 5
61 4 65 11
59 94 24 1
1 62 52 29
85 1 63 51
7 99 6 26
38 100 77 1
11 2 52 45
58 2 51 39
20 56 53 6
13 90 8 8
91 12 7 53
1 51 57 21
58 6 87 8
13 42 2 83
2 8 100 83
77 8 14 27
36 99 20 7
55 9 21 45
2 1 83 67
2 7 79 87
82 2 4 81
1 31 31 51
3 1 97 54
80 11 1 39
3 40 21 32
26 90 15 2
3 55 58 3
25 6 23 72
57 7 20 30
63 6 15 21
97 1 7 94
57 37 18 2
49 85 72 1
55 9 55 7
6 81 40 3
57 3 9 25
14 27 1 89
1 53 17 10
89 7 60 7
8 9 5 91
19 5 27 61
1 20 58 91
23 14 43 15
23 9 56 37
85 1 60 31
82 37 4 3
66 65 2 6
29 7 76 6
90 1 51 27
62 1 56 43
81 19 3 28
55 2 75 6
10 59 26 6
1 19 3 54
45 4 67 26
33 89 52 1
79 5 51 5
27 11 82 1
51 77 7 17
52 72 14 3
35 1 80 4
12 14 48 38
54 22 58 1
42 6 31 46
46 31 4 4
9 27 57 34
22 14 34 25
44 64 4 3
14 44 54 9
75 1 34 54
29 83 72 1
56 5 2 51
91 5 58 1
7 1 21 5
24 5 20 26
67 12 5 26
22 37 98 1
31 77 2 8
2 21 56 10
30 70 18 9
6 8 26 54
23 18 56 4
4 38 19 19
12 83 2 37
61 51 15 3
42 3 2 49
26 4 82 3
10 87 7 15
1 25 32 53
4 92 46 3
1 90 54 9
4 36 1 97
52 67 1 8
100 17 1 23
81 3 16 12
19 58 6 19
1 14 41 52
53 2 1 81
5 70 12 33
78 17 6 4
2 80 16 18
36 86 54 2
42 35 5 12
42 58 9 9
4 89 11 32
52 58 31 1
17 11 3 86
35 29 18 3
35 42 16 20
81 27 14 3
4 33 2 70
4 1 18 55
1 7 96 76
12 84 14 15
86 16 15 1
18 60 85 1
56 2 2 77
85 5 58 3
1 10 20 52
38 33 1 36
20 4 12 82
14 89 1 35
70 8 74 1
53 2 20 8
19 58 70 1
77 8 5 2
18 51 67 4
5 29 51 6
50 2 14 75
6 32 51 5
1 8 57 82
35 2 16 26
54 6 95 2
36 95 3 6
1 69 56 1
1 49 58 14
19 18 3 70
85 5 8 9
66 11 2 48
58 2 1 64
85 4 68 4
51 19 39 1
4 8 72 51
1 54 2 45
2 17 12 38
48 62 14 2
38 77 9 7
72 10 12 8
16 18 1 78
56 3 4 18
1 23 37 51
2 2 2 5
99 7 1 62
5 72 48 1
15 57 23 2
10 28 1 63
4 41 56 4
56 11 22 2
27 54 61 3
31 1 10 86
33 17 77 4
49 97 26 1
2 51 88 4
94 7 44 4
46 30 52 2
1 68 60 8
34 92 13 4
21 3 78 4
79 1 7 43
54 8 75 3
28 7 1 12
38 99 40 1
6 37 87 4
26 39 66 1
76 1 11 75
35 18 1 5
1 79 1 76
17 68 2 4
84 1 70 1
38 54 60 1
1 3 53 62
46 28 34 4
1 83 28 6
10 57 11 3
87 3 1 56
32 30 19 4
3 12 86 1
40 91 1 2
3 53 66 4
27 34 43 1
55 17 78 1
52 17 36 4
30 53 28 3
62 59 3 3
17 34 51 3
1 77 48 9
21 2 86 3
75 1 20 48
6 59 1 3
54 24 24 4
62 6 29 1
37 2 8 2
21 19 55 4
5 90 34 1
66 1 9 78
81 14 4 3
33 30 22 2
51 74 30 1
64 88 4 2
4 67 38 1
9 54 60 1
56 1 19 18
19 80 31 1
4 5 65 3
9 10 61 1
66 21 3 3
27 59 6 1
5 53 56 3
56 1 3 91
2 67 80 4
1 16 59 33
54 20 3 1
100 51 2 2
1 57 62 2
7 93 13 2
63 1 10 77
18 93 6 1
81 1 5 8
19 1 65 4
77 43 1 1
17 52 30 3
55 1 2 96
12 2 53 2
1 2 56 82
14 62 32 1
3 51 82 3
1 51 33 17
2 1 77 57
20 22 50 1
30 32 1 5
1 73 25 8
68 1 2 63
62 1 68 3
25 66 31 1
23 36 1 54
18 8 1 61
1 26 54 7
1 88 2 43
19 52 19 3
34 1 3 94
79 1 59 1
1 94 5 3
1 56 84 4
53 8 51 1
1 54 89 4
3 57 45 4
19 52 1 46
26 58 4 3
2 1 61 57
2 2 65 3
70 1 28 3
6 45 53 2
60 1 15 67
1 67 3 15
1 6 16 76
13 51 1 55
13 81 33 1
14 79 24 2
36 10 57 1
1 62 1 37
8 85 3 2
2 87 4 1
5 90 1 10
55 2 1 67
15 35 32 2
4 63 55 3
9 2 51 4
53 7 24 1
65 17 2 2
75 1 1 54
1 6 20 11
53 2 80 1
25 61 7 1
25 18 1 57
5 1 6 89
1 52 1 89
1 38 9 26
9 71 36 2
99 3 18 1
1 30 7 39
2 85 51 2
21 20 52 1
1 62 1 31
31 5 1 51
53 1 11 83
19 73 19 1
62 1 11 57
5 1 92 35
1 1 69 72
63 1 4 70
52 8 5 3
59 1 3 73
45 1 12 57
6 32 1 57
18 1 15 69
1 4 67 17
70 3 18 1
2 1 26 73
1 1 54 68
8 5 1 58
75 8 1 8
51 24 20 1
1 64 52 7
27 1 68 2
