0.93 0.05 0.72 0.46
0.54 0.98 0.68 0.91
0.14 0.18 0.89 0.62
0.52 0.13 0.14 0.74
0.78 0.69 0.81 0.08
0.69 0.97 0.86 0.20
0.95 0.76 0.56 0.63
0.43 0.81 0.02 0.96
0.74 0.82 0.23 0.31
0.05 0.86 0.84 0.72
0.03 0.61 0.29 0.63
0.13 0.78 0.21 0.62
0.83 0.68 0.53 0.39
0.70 0.13 0.77 0.73
0.81 0.11 0.97 0.73
0.74 0.10 0.91 0.81
0.68 0.10 0.94 0.91
0.54 0.88 0.75 0.58
0.73 0.54 0.69 0.15
0.09 0.79 0.07 0.72
0.54 0.65 0.54 0.54
0.58 0.41 0.53 0.69
0.94 0.72 0.53 0.33
0.26 0.84 0.75 0.33
0.69 0.51 0.95 0.09
0.14 0.74 0.45 0.59
0.51 0.30 0.40 0.85
0.69 0.11 0.87 0.95
0.83 0.17 0.83 0.49
0.64 0.58 0.51 0.52
0.80 0.83 0.11 0.57
0.83 0.77 0.10 0.55
0.91 0.50 0.73 0.51
0.02 0.78 0.13 0.83
0.17 0.31 0.63 0.69
0.34 0.76 0.21 0.66
0.34 0.53 0.90 0.01
0.97 0.69 0.50 0.22
0.51 0.37 0.71 0.17
0.23 0.12 0.71 0.86
0.79 0.70 0.53 0.43
0.73 0.54 0.34 0.71
0.27 0.28 0.42 0.33
0.63 0.08 0.18 0.85
0.86 0.05 0.53 0.80
0.20 0.76 0.15 0.97
0.52 0.51 0.36 0.53
0.94 0.07 0.11 0.74
0.56 0.84 0.56 0.02
0.72 0.69 0.02 0.80
0.76 0.36 0.43 0.22
0.83 0.29 0.22 0.11
0.47 0.10 0.96 0.61
0.83 0.05 0.59 0.43
0.03 0.76 0.11 0.75
0.52 0.79 0.22 0.57
0.41 0.22 0.42 0.69
0.31 0.75 0.18 0.82
0.58 0.52 0.72 0.08
0.78 0.20 0.80 0.02
0.35 0.89 0.63 0.18
0.42 0.60 0.31 0.50
0.85 0.34 0.64 0.03
0.15 0.51 0.63 1.00
0.16 0.60 0.58 0.88
0.03 0.59 0.77 0.27
0.83 0.87 0.49 0.01
0.50 0.11 0.81 0.31
0.15 0.40 0.57 1.00
0.73 0.07 1.00 0.76
0.54 0.25 0.32 0.66
0.62 0.62 0.07 0.97
0.18 0.10 0.23 0.25
0.66 0.18 0.02 0.73
0.76 0.73 0.45 0.07
0.24 0.08 0.91 0.70
0.14 0.77 0.56 0.58
0.66 0.02 0.59 0.53
0.59 0.79 0.18 0.65
0.32 0.56 0.18 0.34
0.72 0.93 0.53 0.09
0.12 0.23 0.64 0.52
0.06 0.52 0.63 0.98
0.15 0.80 0.85 0.10
0.11 0.64 0.14 0.53
0.52 0.10 0.21 0.90
0.63 0.84 0.24 0.22
0.65 0.80 0.01 0.81
0.54 0.96 0.05 0.46
0.64 0.13 0.18 0.58
0.01 0.91 0.46 0.73
0.17 0.68 0.67 0.18
0.76 0.84 0.01 0.61
0.22 0.30 0.81 0.18
0.25 0.35 0.19 0.70
0.12 0.15 0.57 0.89
0.01 1.00 0.01 0.69
0.53 1.00 0.56 0.16
0.94 0.24 0.57 0.05
0.11 0.25 0.18 0.92
0.99 0.01 0.99 0.95
0.17 0.55 0.91 0.48
0.99 0.01 0.85 0.69
0.68 0.08 0.53 0.75
0.84 0.08 0.55 0.71
0.20 0.06 0.91 0.79
0.98 0.49 0.14 0.55
0.53 0.09 0.47 0.57
0.51 0.04 0.34 0.96
0.11 0.56 0.68 0.53
0.78 0.12 0.89 0.08
0.77 0.61 0.49 0.16
0.11 0.59 0.55 0.60
0.84 0.26 0.06 0.69
0.37 0.56 0.15 0.83
0.02 0.77 0.64 0.58
0.44 0.92 0.10 0.68
0.50 0.16 0.66 0.18
0.70 0.93 0.06 0.68
0.53 0.45 0.32 0.17
0.16 0.63 0.75 0.02
0.15 0.14 0.88 0.32
0.06 0.60 0.57 0.79
0.61 0.63 0.42 0.02
0.25 0.75 0.22 0.30
0.35 0.71 0.04 0.82
0.62 0.73 0.05 0.45
0.28 0.81 0.12 0.52
0.54 0.83 0.07 0.58
0.04 1.00 0.63 0.52
0.69 0.36 0.34 0.06
0.83 0.04 0.88 0.38
0.01 0.85 0.68 0.33
0.32 0.02 0.08 0.61
0.81 0.33 0.19 0.40
0.01 0.77 0.03 0.15
0.38 0.56 0.75 0.17
0.11 0.30 0.90 0.73
0.66 0.98 0.01 0.63
0.60 0.17 0.10 0.59
0.11 0.25 0.82 0.72
0.54 0.39 0.83 0.08
0.29 0.55 0.02 0.52
0.60 0.53 0.01 0.45
0.56 0.95 0.36 0.11
0.89 0.01 0.86 0.55
0.55 0.84 0.66 0.03
0.67 0.52 0.62 0.16
0.08 0.55 0.69 0.62
0.08 0.54 1.00 0.58
0.14 1.00 0.74 0.01
0.55 0.96 0.56 0.13
0.19 0.59 0.08 0.68
0.59 0.81 0.01 0.53
0.12 0.49 0.11 0.55
0.75 0.01 0.84 0.64
0.54 0.55 0.12 0.07
0.10 0.35 0.63 0.94
0.01 0.66 0.80 0.56
0.19 0.07 0.68 0.91
0.41 0.61 0.51 0.05
0.56 0.24 0.01 0.60
0.94 0.28 0.41 0.18
0.63 0.59 0.01 0.25
0.28 0.03 0.69 0.17
0.74 0.07 0.35 0.55
0.34 0.66 0.58 0.22
0.39 0.59 0.16 0.04
0.82 0.02 0.18 0.30
0.52 0.01 0.94 0.28
0.05 0.23 0.86 0.88
0.41 0.01 1.00 0.94
0.52 0.54 0.15 0.13
0.80 0.01 0.53 0.82
0.56 0.20 0.08 0.58
0.55 0.51 0.59 0.11
0.08 0.19 0.21 0.65
0.12 0.56 0.70 0.12
0.57 0.41 0.56 0.17
0.56 0.47 0.12 0.21
0.38 0.29 0.41 0.10
0.04 0.64 0.56 0.58
0.66 0.37 0.12 0.51
0.01 0.34 0.62 0.97
0.02 0.33 0.91 0.26
0.81 0.39 0.49 0.05
0.26 0.02 0.65 0.32
0.03 0.29 0.97 0.94
0.17 0.53 0.59 0.54
0.16 0.76 0.26 0.05
0.16 0.03 0.13 0.33
0.38 0.02 0.61 0.03
0.71 0.01 0.19 0.73
0.03 0.24 0.87 0.97
0.90 0.62 0.11 0.11
0.94 0.07 0.06 0.55
0.29 0.08 0.68 0.02
0.81 0.01 0.15 0.33
0.41 0.62 0.10 0.48
0.01 0.07 1.00 0.25
0.28 0.23 0.01 0.67
0.26 0.51 0.59 0.02
0.09 0.81 0.03 0.05
0.74 0.48 0.07 0.56
0.86 0.06 0.49 0.11
0.16 0.67 0.42 0.02
0.04 0.03 0.86 0.76
0.14 0.01 0.87 0.87
0.02 0.62 0.68 0.32
0.75 0.01 0.79 0.71
0.09 0.17 0.81 0.93
0.51 0.59 0.85 0.01
0.41 0.93 0.01 0.54
0.09 0.71 0.01 0.03
0.28 0.08 0.86 0.02
0.28 0.49 0.55 0.03
0.52 0.12 0.03 0.15
0.02 0.70 0.49 0.78
0.35 0.56 0.35 0.21
0.16 0.04 0.53 0.30
0.53 0.08 0.56 0.03
0.13 0.53 0.03 0.82
0.61 0.92 0.78 0.01
0.12 0.62 0.64 0.36
0.51 0.68 0.09 0.10
0.17 0.39 0.08 0.88
0.16 0.02 0.65 0.70
0.04 0.60 0.07 0.61
0.14 0.12 0.49 0.75
0.13 0.60 0.18 0.28
0.14 0.05 0.91 0.54
0.04 0.47 0.68 0.03
0.80 0.01 0.43 0.10
0.16 0.02 0.56 0.67
0.01 0.57 0.67 0.65
0.20 0.07 0.77 0.24
0.09 0.01 0.52 0.78
0.06 0.08 0.46 0.58
0.14 0.53 0.29 0.10
0.15 0.26 0.08 0.55
0.08 0.96 0.01 0.82
0.10 0.45 0.58 0.52
0.25 0.12 0.47 0.19
0.65 0.09 0.55 0.21
0.97 0.83 0.04 0.01
0.54 0.80 0.77 0.01
0.12 0.61 0.13 0.39
0.21 0.50 0.62 0.18
0.84 0.72 0.51 0.01
0.09 0.11 0.36 0.61
0.11 0.24 0.69 0.54
0.14 0.65 0.05 0.29
0.51 0.01 0.82 0.14
0.65 0.17 0.25 0.07
0.04 0.51 0.23 0.82
0.09 0.62 0.64 0.50
0.21 0.44 0.36 0.19
0.05 0.12 0.44 0.69
0.50 0.07 0.02 0.88
0.86 0.01 0.01 0.94
0.01 0.45 0.88 0.30
0.11 0.58 0.49 0.52
0.09 0.01 0.73 0.59
0.13 0.40 0.96 0.05
0.51 0.02 0.11 0.49
0.74 0.05 0.30 0.24
0.03 0.72 0.56 0.57
0.12 0.08 0.96 0.01
0.90 0.98 0.33 0.01
0.15 0.66 0.52 0.04
0.06 0.18 0.30 0.78
0.58 0.64 0.02 0.39
0.76 0.01 0.55 0.66
0.21 0.28 0.77 0.19
0.07 0.75 0.08 0.58
0.98 0.38 0.65 0.02
0.70 0.01 0.33 0.10
0.97 0.31 0.09 0.12
0.01 0.71 0.09 0.90
0.05 0.02 0.46 0.76
0.46 0.92 0.09 0.01
0.14 0.21 0.52 0.57
0.06 0.47 0.11 0.80
0.02 0.20 0.51 0.68
0.24 0.17 0.59 0.16
0.23 0.01 0.62 0.52
0.06 0.44 0.22 0.94
0.26 0.21 0.07 0.59
0.52 0.09 0.33 0.30
0.16 0.34 0.66 0.01
0.03 0.37 0.21 0.89
0.30 0.24 0.48 0.12
0.05 0.52 0.49 0.37
0.05 0.90 0.04 0.04
0.57 0.08 0.35 0.22
0.92 0.71 0.25 0.02
0.06 0.64 0.25 0.38
0.03 0.19 0.18 0.33
0.02 0.23 0.23 0.36
0.52 0.01 0.08 0.80
0.53 0.56 0.01 0.52
0.56 0.78 0.16 0.02
0.38 0.40 0.20 0.18
0.88 0.09 0.17 0.32
0.97 0.15 0.19 0.12
0.02 0.33 0.74 0.08
0.38 0.03 0.53 0.07
0.95 0.52 0.08 0.02
0.94 0.55 0.03 0.05
0.33 0.58 0.25 0.03
0.09 0.54 0.15 0.14
0.72 0.68 0.35 0.01
0.03 0.08 0.08 0.73
0.18 0.27 0.06 0.40
0.28 0.20 0.58 0.02
0.04 0.20 0.07 0.78
0.01 0.52 0.84 0.90
0.35 0.25 0.03 0.03
0.01 0.57 0.62 0.62
0.87 0.11 0.07 0.86
0.04 0.73 0.40 0.14
0.08 0.56 0.12 0.24
0.03 0.24 0.65 0.03
0.98 0.61 0.02 0.08
0.67 0.01 0.78 0.03
0.74 0.24 0.25 0.04
0.19 0.63 0.17 0.12
0.06 0.01 0.76 0.99
0.22 0.51 0.03 0.30
0.61 0.03 0.02 0.12
0.08 0.57 0.49 0.18
0.97 0.22 0.01 0.55
0.15 0.99 0.45 0.01
0.05 0.63 0.62 0.05
0.08 0.15 0.28 0.61
0.61 0.14 0.52 0.02
0.05 0.48 0.06 0.87
0.74 0.02 0.29 0.12
0.20 0.52 0.31 0.15
0.91 0.12 0.26 0.07
0.95 0.51 0.62 0.01
0.08 0.06 0.90 0.54
0.04 0.54 0.58 0.20
0.05 0.14 0.15 0.28
0.01 0.39 0.84 0.10
0.23 0.09 0.73 0.02
0.01 0.68 0.18 0.58
0.09 0.06 0.81 0.19
0.92 0.11 0.35 0.06
0.01 0.71 0.52 0.42
0.03 0.03 0.75 0.91
0.42 0.53 0.44 0.01
0.08 0.76 0.12 0.21
0.09 0.01 0.96 0.31
0.01 0.55 0.57 0.68
0.16 0.11 0.07 0.86
0.09 0.44 0.57 0.18
0.12 0.07 0.66 0.72
0.20 0.02 0.66 0.42
0.02 0.22 0.76 0.66
0.80 0.05 0.39 0.08
0.04 0.02 0.66 0.56
0.02 0.60 0.05 0.71
0.11 0.03 0.03 0.48
0.34 0.32 0.01 0.55
0.01 0.93 0.01 0.32
0.07 0.80 0.04 0.14
0.03 0.03 0.38 0.86
0.76 0.01 0.27 0.51
0.62 0.34 0.12 0.02
0.21 0.18 0.92 0.10
0.05 0.07 0.60 0.56
0.99 0.02 0.18 0.14
0.25 0.63 0.63 0.02
0.10 0.13 0.11 0.71
0.29 0.04 0.61 0.29
0.61 0.01 0.05 0.94
0.16 0.68 0.37 0.07
0.06 0.59 0.01 0.60
0.95 0.08 0.34 0.09
0.04 0.22 0.18 0.17
0.01 0.41 0.17 0.90
0.49 0.02 0.32 0.10
0.08 0.11 0.99 0.01
0.13 0.90 0.44 0.02
0.20 0.52 0.63 0.04
0.01 0.19 0.76 0.46
0.01 0.15 1.00 0.23
0.90 0.05 0.01 0.58
0.22 0.51 0.57 0.08
0.13 0.51 0.01 0.96
0.51 0.01 0.30 0.55
0.28 0.10 0.71 0.13
1.00 0.01 0.05 0.55
0.01 0.24 0.52 0.90
0.19 0.11 0.78 0.24
0.08 0.03 0.67 0.53
0.59 0.25 0.01 0.04
0.52 0.09 0.18 0.07
0.55 0.21 0.80 0.01
0.06 0.05 0.05 0.97
0.04 0.61 0.03 0.94
0.01 0.48 0.28 0.20
0.02 0.15 0.94 0.79
0.55 0.24 0.01 0.60
0.49 0.01 0.49 0.68
0.01 0.46 0.01 0.86
0.31 0.61 0.03 0.22
0.03 0.19 0.51 0.24
0.08 0.59 0.03 0.41
0.24 0.27 0.50 0.03
0.25 0.06 0.59 0.14
0.29 0.33 0.29 0.02
0.20 0.55 0.55 0.03
0.39 0.46 0.01 0.39
0.02 0.93 0.72 0.03
0.33 0.74 0.01 0.02
0.01 0.21 0.74 0.98
0.50 0.01 0.92 0.43
0.23 0.59 0.01 0.32
0.03 0.68 0.11 0.06
0.04 0.72 0.02 0.70
0.13 0.18 0.01 0.82
0.26 0.01 0.46 0.85
0.75 0.66 0.41 0.01
0.11 0.58 0.53 0.03
0.09 0.52 0.44 0.07
0.13 0.07 0.51 0.46
0.86 0.04 0.38 0.04
0.04 0.15 0.21 0.63
0.18 0.02 0.77 0.08
0.46 0.01 0.72 0.40
0.52 0.94 0.04 0.01
0.15 0.77 0.54 0.02
0.39 0.01 0.91 0.05
0.95 0.09 0.02 0.06
0.09 0.06 0.55 0.46
0.19 0.20 0.19 0.19
0.82 0.02 0.08 0.50
0.27 0.17 0.03 0.19
0.06 0.08 0.73 0.34
0.42 0.50 0.01 0.09
0.31 0.34 0.07 0.03
0.04 0.12 0.39 0.69
0.57 0.02 0.44 0.08
0.09 0.34 0.20 0.08
0.11 0.64 0.82 0.02
0.58 0.78 0.24 0.01
0.67 0.70 0.41 0.01
0.57 0.90 0.22 0.01
0.30 0.04 0.99 0.06
0.74 0.29 0.45 0.01
0.26 0.58 0.01 0.02
0.07 0.45 0.01 0.82
0.09 0.96 0.67 0.02
0.04 0.70 0.01 0.05
0.76 0.67 0.12 0.01
0.06 0.06 0.97 0.47
0.01 0.51 0.05 0.23
0.16 0.77 0.61 0.01
0.89 0.19 0.46 0.01
0.43 0.23 0.68 0.01
0.50 0.25 0.12 0.01
0.78 0.01 0.56 0.09
0.02 0.67 0.02 0.55
0.35 0.01 0.80 0.38
0.06 0.05 0.13 0.57
0.05 0.64 0.01 0.56
0.01 0.08 0.71 0.60
0.85 0.08 0.51 0.01
0.72 0.02 0.12 0.21
0.05 0.13 0.66 0.50
0.19 0.02 0.09 0.86
0.90 0.08 0.11 0.05
0.41 0.01 0.58 0.67
0.06 0.16 0.90 0.21
0.79 0.01 0.01 0.57
0.03 0.02 0.17 0.60
0.18 0.25 0.23 0.11
0.17 0.27 0.16 0.10
0.49 0.59 0.22 0.01
0.02 0.29 0.10 0.08
0.01 0.58 0.18 0.11
0.07 0.48 0.03 0.37
0.18 0.06 0.22 0.04
0.03 0.77 0.30 0.01
0.13 0.62 0.02 0.59
0.14 0.19 0.02 0.17
0.12 0.26 0.16 0.18
0.02 0.10 0.71 0.55
0.85 0.01 0.03 0.13
0.03 0.02 0.60 0.28
0.59 0.17 0.17 0.12
0.04 0.21 0.75 0.09
0.18 0.17 0.21 0.23
0.02 0.07 0.34 0.16
0.57 0.12 0.04 0.05
0.02 0.18 0.93 0.10
0.35 0.01 0.57 0.07
0.58 0.25 0.01 0.29
0.67 0.01 0.22 0.35
0.12 0.53 0.17 0.06
0.14 0.31 0.34 0.04
0.60 0.07 0.03 0.43
0.13 0.19 0.95 0.07
0.01 0.91 0.73 0.05
0.53 0.09 0.01 0.51
0.01 0.56 0.70 0.07
0.09 0.10 0.13 0.47
0.06 0.05 0.55 0.55
0.59 0.09 0.09 0.09
0.09 0.14 0.07 0.72
0.22 0.47 0.64 0.02
0.76 0.01 0.01 0.84
0.04 0.58 0.62 0.07
0.62 0.01 0.36 0.53
0.09 0.10 0.33 0.24
0.01 0.38 0.07 0.65
0.10 0.02 0.06 0.52
0.99 0.07 0.01 0.39
0.01 0.04 0.84 0.43
0.40 0.09 0.12 0.03
0.02 0.68 0.98 0.02
0.10 0.56 0.26 0.06
0.02 0.21 0.10 0.57
0.08 0.26 0.05 0.11
0.16 0.54 0.17 0.02
0.12 0.12 0.84 0.08
0.73 0.60 0.04 0.01
0.15 0.08 0.12 0.12
0.15 0.64 0.04 0.01
0.67 0.02 0.10 0.36
0.08 0.01 0.98 0.73
0.04 0.57 0.04 0.75
0.66 0.02 0.56 0.02
0.73 0.02 0.04 0.58
0.16 0.51 0.21 0.03
0.60 0.07 0.12 0.35
0.04 0.06 0.08 0.45
0.01 0.07 0.80 0.72
0.05 0.08 1.00 0.01
0.43 0.03 0.22 0.12
0.53 0.11 0.82 0.01
0.09 0.55 0.08 0.09
0.51 0.10 0.01 0.73
0.13 0.61 0.01 0.19
0.66 0.02 0.16 0.16
0.17 0.05 0.08 0.06
0.13 0.03 0.78 0.07
0.24 0.09 0.01 0.19
0.10 0.74 0.57 0.01
0.10 0.76 0.02 0.02
0.20 0.61 0.06 0.10
0.01 0.04 0.59 0.90
0.55 0.01 0.60 0.06
0.91 0.14 0.02 0.03
0.01 0.99 0.89 0.03
0.04 0.34 0.07 0.60
0.01 0.51 0.71 0.02
0.05 0.59 0.03 0.69
0.07 0.25 0.63 0.02
0.26 0.08 0.02 0.61
0.07 0.01 0.83 0.84
0.43 0.24 0.07 0.09
0.13 0.62 0.43 0.02
0.93 0.10 0.22 0.02
0.03 0.16 0.01 0.54
0.98 0.02 0.07 0.04
0.13 0.67 0.09 0.03
0.01 0.27 0.58 0.62
0.15 0.01 0.18 0.67
0.07 0.24 0.17 0.26
0.59 0.07 0.01 0.84
0.06 0.16 0.74 0.13
0.08 0.71 0.15 0.04
0.07 0.51 0.03 0.32
0.02 0.01 0.46 0.68
0.08 0.68 0.01 0.53
0.13 0.50 0.28 0.02
0.18 0.01 0.51 0.57
0.66 0.23 0.62 0.01
0.59 0.01 0.19 0.29
0.03 0.32 0.07 0.35
0.67 0.02 0.06 0.13
0.02 0.06 0.48 0.21
0.18 0.06 0.02 0.38
0.29 0.01 0.93 0.43
0.58 0.01 0.26 0.46
0.78 0.01 0.63 0.01
0.12 0.01 0.58 0.09
0.04 0.01 0.87 0.55
0.04 0.54 0.61 0.01
0.99 0.74 0.01 0.01
0.16 0.23 0.42 0.08
0.73 0.04 0.48 0.04
0.58 0.55 0.03 0.01
0.44 0.01 0.04 0.81
0.04 0.68 0.53 0.02
0.82 0.02 0.04 0.30
0.02 0.04 0.75 0.57
