93 5 72 46
54 98 68 91
14 18 89 62
52 13 14 74
78 69 81 8
69 97 86 20
95 76 56 63
43 81 2 96
74 82 23 31
5 86 84 72
3 61 29 63
13 78 21 62
83 68 53 39
70 13 77 73
81 11 97 73
74 10 91 81
68 10 94 91
54 88 75 58
73 54 69 15
9 79 7 72
54 65 54 54
58 41 53 69
94 72 53 33
26 84 75 33
69 51 95 9
14 74 45 59
51 30 40 85
69 11 87 95
83 17 83 49
64 58 51 52
80 83 11 57
83 77 10 55
91 50 73 51
2 78 13 83
17 31 63 69
34 76 21 66
34 53 90 1
97 69 50 22
51 37 71 17
23 12 71 86
79 70 53 43
73 54 34 71
27 28 42 33
63 8 18 85
86 5 53 80
20 76 15 97
52 51 36 53
94 7 11 74
56 84 56 2
72 69 2 80
76 36 43 22
83 29 22 11
47 10 96 61
83 5 59 43
3 76 11 75
52 79 22 57
41 22 42 69
31 75 18 82
58 52 72 8
78 20 80 2
35 89 63 18
42 60 31 50
85 34 64 3
15 51 63 100
16 60 58 88
3 59 77 27
83 87 49 1
50 11 81 31
15 40 57 100
73 7 100 76
54 25 32 66
62 62 7 97
18 10 23 25
66 18 2 73
76 73 45 7
24 8 91 70
14 77 56 58
66 2 59 53
59 79 18 65
32 56 18 34
72 93 53 9
12 23 64 52
6 52 63 98
15 80 85 10
11 64 14 53
52 10 21 90
63 84 24 22
65 80 1 81
54 96 5 46
64 13 18 58
1 91 46 73
17 68 67 18
76 84 1 61
22 30 81 18
25 35 19 70
12 15 57 89
1 100 1 69
53 100 56 16
94 24 57 5
11 25 18 92
99 1 99 95
17 55 91 48
99 1 85 69
68 8 53 75
84 8 55 71
20 6 91 79
98 49 14 55
53 9 47 57
51 4 34 96
11 56 68 53
78 12 89 8
77 61 49 16
11 59 55 60
84 26 6 69
37 56 15 83
2 77 64 58
44 92 10 68
50 16 66 18
70 93 6 68
53 45 32 17
16 63 75 2
15 14 88 32
6 60 57 79
61 63 42 2
25 75 22 30
35 71 4 82
62 73 5 45
28 81 12 52
54 83 7 58
4 100 63 52
69 36 34 6
83 4 88 38
1 85 68 33
32 2 8 61
81 33 19 40
1 77 3 15
38 56 75 17
11 30 90 73
66 98 1 63
60 17 10 59
11 25 82 72
54 39 83 8
29 55 2 52
60 53 1 45
56 95 36 11
89 1 86 55
55 84 66 3
67 52 62 16
8 55 69 62
8 54 100 58
14 100 74 1
55 96 56 13
19 59 8 68
59 81 1 53
12 49 11 55
75 1 84 64
54 55 12 7
10 35 63 94
1 66 80 56
19 7 68 91
41 61 51 5
56 24 1 60
94 28 41 18
63 59 1 25
28 3 69 17
74 7 35 55
34 66 58 22
39 59 16 4
82 2 18 30
52 1 94 28
5 23 86 88
41 1 100 94
52 54 15 13
80 1 53 82
56 20 8 58
55 51 59 11
8 19 21 65
12 56 70 12
57 41 56 17
56 47 12 21
38 29 41 10
4 64 56 58
66 37 12 51
1 34 62 97
2 33 91 26
81 39 49 5
26 2 65 32
3 29 97 94
17 53 59 54
16 76 26 5
16 3 13 33
38 2 61 3
71 1 19 73
3 24 87 97
90 62 11 11
94 7 6 55
29 8 68 2
81 1 15 33
41 62 10 48
1 7 100 25
28 23 1 67
26 51 59 2
9 81 3 5
74 48 7 56
86 6 49 11
16 67 42 2
4 3 86 76
14 1 87 87
2 62 68 32
75 1 79 71
9 17 81 93
51 59 85 1
41 93 1 54
9 71 1 3
28 8 86 2
28 49 55 3
52 12 3 15
2 70 49 78
35 56 35 21
16 4 53 30
53 8 56 3
13 53 3 82
61 92 78 1
12 62 64 36
51 68 9 10
17 39 8 88
16 2 65 70
4 60 7 61
14 12 49 75
13 60 18 28
14 5 91 54
4 47 68 3
80 1 43 10
16 2 56 67
1 57 67 65
20 7 77 24
9 1 52 78
6 8 46 58
14 53 29 10
15 26 8 55
8 96 1 82
10 45 58 52
25 12 47 19
65 9 55 21
97 83 4 1
54 80 77 1
12 61 13 39
21 50 62 18
84 72 51 1
9 11 36 61
11 24 69 54
14 65 5 29
51 1 82 14
65 17 25 7
4 51 23 82
9 62 64 50
21 44 36 19
5 12 44 69
50 7 2 88
86 1 1 94
1 45 88 30
11 58 49 52
9 1 73 59
13 40 96 5
51 2 11 49
74 5 30 24
3 72 56 57
12 8 96 1
90 98 33 1
15 66 52 4
6 18 30 78
58 64 2 39
76 1 55 66
21 28 77 19
7 75 8 58
98 38 65 2
70 1 33 10
97 31 9 12
1 71 9 90
5 2 46 76
46 92 9 1
14 21 52 57
6 47 11 80
2 20 51 68
24 17 59 16
23 1 62 52
6 44 22 94
26 21 7 59
52 9 33 30
16 34 66 1
3 37 21 89
30 24 48 12
5 52 49 37
5 90 4 4
57 8 35 22
92 71 25 2
6 64 25 38
3 19 18 33
2 23 23 36
52 1 8 80
53 56 1 52
56 78 16 2
38 40 20 18
88 9 17 32
97 15 19 12
2 33 74 8
38 3 53 7
95 52 8 2
94 55 3 5
33 58 25 3
9 54 15 14
72 68 35 1
3 8 8 73
18 27 6 40
28 20 58 2
4 20 7 78
1 52 84 90
35 25 3 3
1 57 62 62
87 11 7 86
4 73 40 14
8 56 12 24
3 24 65 3
98 61 2 8
67 1 78 3
74 24 25 4
19 63 17 12
6 1 76 99
22 51 3 30
61 3 2 12
8 57 49 18
97 22 1 55
15 99 45 1
5 63 62 5
8 15 28 61
61 14 52 2
5 48 6 87
74 2 29 12
20 52 31 15
91 12 26 7
95 51 62 1
8 6 90 54
4 54 58 20
5 14 15 28
1 39 84 10
23 9 73 2
1 68 18 58
9 6 81 19
92 11 35 6
1 71 52 42
3 3 75 91
42 53 44 1
8 76 12 21
9 1 96 31
1 55 57 68
16 11 7 86
9 44 57 18
12 7 66 72
20 2 66 42
2 22 76 66
80 5 39 8
4 2 66 56
2 60 5 71
11 3 3 48
34 32 1 55
1 93 1 32
7 80 4 14
3 3 38 86
76 1 27 51
62 34 12 2
21 18 92 10
5 7 60 56
99 2 18 14
25 63 63 2
10 13 11 71
29 4 61 29
61 1 5 94
16 68 37 7
6 59 1 60
95 8 34 9
4 22 18 17
1 41 17 90
49 2 32 10
8 11 99 1
13 90 44 2
20 52 63 4
1 19 76 46
1 15 100 23
90 5 1 58
22 51 57 8
13 51 1 96
51 1 30 55
28 10 71 13
100 1 5 55
1 24 52 90
19 11 78 24
8 3 67 53
59 25 1 4
52 9 18 7
55 21 80 1
6 5 5 97
4 61 3 94
1 48 28 20
2 15 94 79
55 24 1 60
49 1 49 68
1 46 1 86
31 61 3 22
3 19 51 24
8 59 3 41
24 27 50 3
25 6 59 14
29 33 29 2
20 55 55 3
39 46 1 39
2 93 72 3
33 74 1 2
1 21 74 98
50 1 92 43
23 59 1 32
3 68 11 6
4 72 2 70
13 18 1 82
26 1 46 85
75 66 41 1
11 58 53 3
9 52 44 7
13 7 51 46
86 4 38 4
4 15 21 63
18 2 77 8
46 1 72 40
52 94 4 1
15 77 54 2
39 1 91 5
95 9 2 6
9 6 55 46
19 20 19 19
82 2 8 50
27 17 3 19
6 8 73 34
42 50 1 9
31 34 7 3
4 12 39 69
57 2 44 8
9 34 20 8
11 64 82 2
58 78 24 1
67 70 41 1
57 90 22 1
30 4 99 6
74 29 45 1
26 58 1 2
7 45 1 82
9 96 67 2
4 70 1 5
76 67 12 1
6 6 97 47
1 51 5 23
16 77 61 1
89 19 46 1
43 23 68 1
50 25 12 1
78 1 56 9
2 67 2 55
35 1 80 38
6 5 13 57
5 64 1 56
1 8 71 60
85 8 51 1
72 2 12 21
5 13 66 50
19 2 9 86
90 8 11 5
41 1 58 67
6 16 90 21
79 1 1 57
3 2 17 60
18 25 23 11
17 27 16 10
49 59 22 1
2 29 10 8
1 58 18 11
7 48 3 37
18 6 22 4
3 77 30 1
13 62 2 59
14 19 2 17
12 26 16 18
2 10 71 55
85 1 3 13
3 2 60 28
59 17 17 12
4 21 75 9
18 17 21 23
2 7 34 16
57 12 4 5
2 18 93 10
35 1 57 7
58 25 1 29
67 1 22 35
12 53 17 6
14 31 34 4
60 7 3 43
13 19 95 7
1 91 73 5
53 9 1 51
1 56 70 7
9 10 13 47
6 5 55 55
59 9 9 9
9 14 7 72
22 47 64 2
76 1 1 84
4 58 62 7
62 1 36 53
9 10 33 24
1 38 7 65
10 2 6 52
99 7 1 39
1 4 84 43
40 9 12 3
2 68 98 2
10 56 26 6
2 21 10 57
8 26 5 11
16 54 17 2
12 12 84 8
73 60 4 1
15 8 12 12
15 64 4 1
67 2 10 36
8 1 98 73
4 57 4 75
66 2 56 2
73 2 4 58
16 51 21 3
60 7 12 35
4 6 8 45
1 7 80 72
5 8 100 1
43 3 22 12
53 11 82 1
9 55 8 9
51 10 1 73
13 61 1 19
66 2 16 16
17 5 8 6
13 3 78 7
24 9 1 19
10 74 57 1
10 76 2 2
20 61 6 10
1 4 59 90
55 1 60 6
91 14 2 3
1 99 89 3
4 34 7 60
1 51 71 2
5 59 3 69
7 25 63 2
26 8 2 61
7 1 83 84
43 24 7 9
13 62 43 2
93 10 22 2
3 16 1 54
98 2 7 4
13 67 9 3
1 27 58 62
15 1 18 67
7 24 17 26
59 7 1 84
6 16 74 13
8 71 15 4
7 51 3 32
2 1 46 68
8 68 1 53
13 50 28 2
18 1 51 57
66 23 62 1
59 1 19 29
3 32 7 35
67 2 6 13
2 6 48 21
18 6 2 38
29 1 93 43
58 1 26 46
78 1 63 1
12 1 58 9
4 1 87 55
4 54 61 1
99 74 1 1
16 23 42 8
73 4 48 4
58 55 3 1
44 1 4 81
4 68 53 2
82 2 4 30
2 4 75 57
