88 20 51 4
66 65 94 7
82 86 71 84
65 61 85 69
77 71 55 26
32 63 82 62
93 7 91 59
83 83 45 86
83 2 66 34
72 86 75 92
64 77 65 78
67 95 81 51
52 98 65 90
82 75 69 3
77 66 4 5
95 55 41 61
34 23 95 58
75 86 77 61
42 62 85 59
53 53 27 70
13 50 82 53
67 75 93 46
97 17 57 54
5 70 62 28
4 93 49 69
79 55 47 62
45 44 51 74
70 11 95 90
74 98 69 3
91 2 61 81
64 97 6 72
53 14 58 90
50 51 78 59
64 46 51 65
14 77 61 71
34 17 75 57
3 66 99 49
44 66 24 49
63 90 26 20
15 76 46 43
91 60 14 47
82 52 12 75
73 12 93 57
2 83 52 95
62 91 6 97
13 95 11 51
99 50 23 100
54 49 57 43
22 51 33 48
52 88 98 8
36 17 24 73
10 67 93 61
7 72 53 15
9 1 81 56
72 54 74 42
14 64 60 69
18 16 88 5
82 60 56 43
71 62 29 64
86 4 8 59
17 74 4 88
13 24 78 90
65 75 28 41
5 16 90 86
64 45 74 62
55 61 94 3
11 43 19 63
57 67 72 25
26 68 18 67
95 51 4 86
8 2 26 81
2 12 83 96
54 6 22 100
58 18 61 19
57 90 57 3
25 38 79 61
62 73 17 98
93 57 15 25
66 5 62 65
61 75 52 23
62 100 32 7
64 96 6 80
77 51 25 43
32 32 57 9
51 10 6 62
69 8 52 50
82 47 75 1
9 96 19 86
59 46 55 32
57 6 20 17
24 90 14 3
69 4 89 6
14 57 74 39
29 53 61 13
69 62 46 9
77 71 78 3
5 38 83 71
57 4 80 30
50 6 77 5
12 65 31 31
2 83 86 63
55 71 3 57
31 94 8 16
1 67 42 57
50 54 17 76
93 73 1 62
6 21 33 67
81 1 76 77
7 63 62 8
7 35 91 65
2 54 86 65
60 52 51 1
91 22 76 3
52 7 7 10
5 96 6 74
2 51 94 71
17 62 71 58
58 28 62 8
11 34 9 92
69 51 3 83
6 70 74 20
44 54 52 39
2 21 40 52
29 80 2 74
15 59 65 4
11 77 12 34
38 92 7 15
1 19 40 59
60 81 6 28
44 7 74 74
21 38 21 91
57 4 53 77
9 90 43 1
4 19 85 41
17 38 53 43
43 40 10 82
4 78 18 63
81 2 65 59
36 7 23 6
12 81 4 66
44 89 51 5
66 56 1 69
33 83 51 14
64 71 26 1
44 26 13 68
49 20 8 70
50 52 22 1
61 70 8 8
4 71 99 35
51 51 21 42
51 51 67 4
2 70 19 47
21 88 60 8
36 64 10 58
65 4 78 61
72 4 53 72
36 47 18 63
32 70 21 28
6 3 95 96
81 2 16 97
2 46 16 56
58 5 24 22
3 22 32 49
68 100 11 1
52 72 3 100
5 89 1 92
93 18 6 33
95 32 77 2
35 15 12 31
87 41 6 49
20 52 72 1
27 72 8 66
72 34 42 5
1 17 55 46
65 24 6 53
2 100 57 21
21 16 19 80
90 1 71 77
1 25 18 77
42 22 5 79
70 1 62 64
17 2 89 17
23 59 56 42
25 51 49 9
28 52 6 67
33 51 37 28
27 17 43 17
11 6 79 5
3 61 8 76
86 20 2 72
56 80 2 53
70 63 13 1
14 19 38 3
41 40 15 7
22 52 9 60
7 2 53 67
80 41 2 33
51 36 94 2
76 2 5 9
80 32 1 79
2 11 70 91
75 25 84 1
49 22 11 17
1 54 73 21
13 61 7 30
36 1 57 57
10 88 2 59
28 76 9 8
85 76 1 39
14 10 64 35
33 12 34 54
5 8 53 93
5 60 30 1
5 64 2 66
4 26 57 41
90 5 1 44
28 11 23 58
2 70 69 42
3 38 88 12
18 55 13 4
3 57 70 36
30 32 8 44
20 58 7 85
1 93 20 19
28 2 75 18
13 11 59 11
77 55 1 53
29 9 57 63
37 31 11 57
38 1 95 35
39 85 17 2
80 1 56 62
91 51 31 5
99 62 3 3
30 48 20 36
3 81 13 16
9 10 13 81
11 69 1 18
90 32 18 8
44 38 1 58
52 67 3 26
57 28 4 67
7 10 91 64
1 57 82 16
7 11 60 57
23 1 41 99
9 92 7 30
62 1 33 40
17 20 13 45
83 57 1 9
70 60 6 44
11 5 43 71
59 35 5 53
1 95 5 85
47 55 5 16
72 5 19 82
3 62 30 3
28 62 3 42
89 6 72 7
51 21 2 41
1 57 33 57
2 85 54 9
51 92 5 3
21 5 24 67
31 10 78 10
15 58 35 43
5 9 78 78
1 10 18 69
10 12 100 30
10 61 10 64
52 13 87 3
59 4 53 46
5 98 2 45
6 58 58 6
57 14 4 31
93 2 76 1
40 23 96 2
19 5 93 2
24 15 51 34
2 63 63 23
20 82 12 13
3 56 65 1
20 1 55 20
32 1 92 1
20 3 41 50
29 56 9 6
9 12 73 48
7 58 54 9
37 62 2 23
5 3 41 20
62 6 9 90
8 16 22 35
5 22 22 54
21 59 6 66
72 15 1 16
5 20 29 52
74 35 6 2
72 1 14 40
9 8 83 14
20 18 1 98
6 61 27 43
17 51 10 51
99 1 28 39
57 3 72 9
3 11 81 16
26 26 10 72
5 34 26 51
56 87 1 17
52 6 14 58
42 37 7 3
4 56 10 51
22 57 8 85
24 85 5 16
6 75 6 23
7 77 27 12
11 28 14 77
50 42 6 6
2 66 66 19
13 53 14 57
2 60 64 7
63 51 74 2
69 1 70 13
2 84 15 71
69 2 6 81
61 19 3 68
14 92 15 10
88 63 12 1
2 94 5 46
14 57 15 43
62 2 16 68
91 4 3 27
1 2 65 57
59 6 62 5
23 24 27 21
76 23 2 14
100 14 39 5
4 28 59 34
88 31 35 4
35 57 5 79
7 37 6 89
11 19 10 99
21 1 50 39
51 19 6 53
65 3 11 63
71 11 4 19
3 5 55 46
1 74 55 10
41 6 9 79
67 60 1 21
23 58 4 82
5 2 55 76
13 3 18 71
50 35 5 59
3 61 10 75
17 1 76 69
92 66 1 2
57 6 28 2
30 27 27 4
72 5 13 53
22 10 16 79
61 29 18 1
79 13 1 87
9 17 65 11
53 1 22 96
39 54 2 4
9 2 4 96
32 10 54 17
11 46 24 17
77 12 2 57
22 50 13 19
55 1 9 78
6 49 36 12
26 39 15 20
33 40 32 2
66 2 56 10
88 20 68 1
14 98 1 11
4 47 85 11
1 98 26 1
69 8 3 93
65 36 1 52
2 84 4 16
69 33 1 51
2 11 28 62
62 52 1 45
15 61 6 61
17 10 22 55
54 21 1 48
70 19 3 66
12 58 8 8
24 64 2 16
6 46 14 68
17 26 8 62
9 6 28 45
75 18 89 1
10 55 5 62
9 63 17 17
23 88 7 7
4 56 8 32
2 2 59 78
8 87 15 10
53 6 51 14
71 51 4 2
4 45 52 19
76 14 14 3
26 9 4 88
15 8 35 37
13 15 16 18
89 1 12 37
9 11 95 13
27 1 66 1
79 4 32 4
84 93 1 2
3 62 29 20
75 6 8 63
5 57 60 14
11 56 2 12
27 67 1 53
25 7 25 17
7 54 11 69
4 8 69 17
2 10 29 36
15 7 59 1
5 48 7 79
1 65 72 35
45 100 5 3
2 5 56 56
3 1 36 67
1 93 8 15
13 52 14 40
1 64 50 19
28 4 8 28
96 30 11 3
1 32 15 15
2 23 5 55
67 5 1 4
7 98 6 9
4 10 98 8
82 1 38 15
8 21 85 3
36 2 30 80
25 53 1 60
80 1 63 8
50 19 7 33
1 16 83 52
51 3 21 40
3 58 57 7
4 12 94 8
11 1 56 51
57 18 1 68
5 22 13 66
42 17 6 22
14 1 53 32
67 3 59 6
3 7 35 39
56 87 11 2
53 6 34 25
9 54 58 8
7 1 63 14
84 3 12 3
81 68 12 1
5 22 24 35
48 1 21 80
18 22 7 31
52 35 3 18
35 23 3 94
30 25 4 15
3 17 54 16
69 62 11 2
19 73 6 2
6 87 1 74
22 13 15 78
2 3 87 56
3 88 3 81
30 2 5 51
26 1 60 12
38 99 5 7
41 16 3 98
4 47 53 11
21 14 24 18
62 69 16 2
5 34 89 7
81 94 3 3
7 53 22 4
29 10 11 1
97 1 20 20
61 20 3 55
2 20 22 18
8 33 30 5
4 30 74 1
7 29 68 8
18 54 9 26
61 1 48 64
16 74 16 7
69 1 15 76
64 8 4 91
27 23 2 90
25 15 6 78
18 55 3 63
36 41 7 1
63 66 1 23
2 60 12 18
9 21 10 85
55 1 58 17
43 3 21 5
5 27 85 11
8 57 2 51
96 66 6 1
11 3 60 8
4 55 65 1
1 81 13 47
74 4 2 65
45 17 4 57
3 48 51 13
63 91 5 3
3 30 56 13
1 62 3 66
4 70 61 2
21 51 2 33
9 22 10 70
86 1 5 52
64 54 1 11
23 10 1 86
14 2 51 60
7 15 4 76
23 9 51 7
19 68 9 6
16 4 16 69
16 12 13 61
86 1 40 3
32 18 6 40
18 71 23 1
51 2 54 14
1 54 5 95
7 73 27 2
3 64 20 2
9 79 13 7
69 1 7 51
82 1 3 65
54 82 4 2
61 61 1 27
9 32 8 40
89 3 65 1
30 1 23 94
3 19 5 69
1 73 77 9
2 58 76 7
36 22 6 36
1 37 33 1
35 26 3 84
78 95 5 1
26 34 6 40
16 57 9 6
88 3 65 1
54 17 1 54
58 5 3 69
40 4 51 2
4 52 8 21
2 69 4 19
54 3 4 59
61 52 1 8
5 62 1 92
65 2 3 87
6 58 4 79
63 58 1 5
10 2 22 75
65 24 1 8
7 17 73 7
68 3 2 95
35 24 1 83
12 54 3 84
63 8 3 58
63 67 6 3
53 35 10 7
23 2 51 11
2 9 67 26
9 71 13 13
1 78 2 80
86 2 6 7
3 1 84 51
16 15 11 59
33 63 8 2
14 3 31 40
6 53 31 3
81 2 28 3
52 8 4 83
6 20 19 56
51 39 2 35
50 8 9 5
13 5 14 77
1 3 18 14
49 1 62 4
4 56 2 79
1 68 3 63
14 9 11 95
51 11 4 54
7 70 19 8
56 14 1 8
42 7 10 14
14 13 9 42
