67 37 20 68
3 95 92 71
52 56 94 58
52 79 93 70
2 75 38 34
97 57 8 62
10 59 48 96
17 30 67 81
72 55 68 14
83 52 64 6
5 38 82 84
26 17 62 40
18 8 79 20
20 87 17 43
57 10 48 90
35 55 69 34
42 73 54 71
89 5 41 88
27 67 10 78
65 80 60 2
59 49 4 62
3 75 77 5
9 58 57 36
6 64 67 52
43 6 88 59
12 95 54 12
14 99 5 13
76 83 3 94
67 3 82 81
94 56 55 46
32 57 60 54
85 3 46 82
46 80 28 52
50 70 57 35
28 46 58 55
84 25 48 78
91 19 36 11
35 66 31 85
96 17 54 35
84 9 10 26
63 84 53 32
53 51 51 94
92 2 12 77
70 15 67 54
51 63 18 92
75 19 4 83
49 8 51 4
85 2 84 52
73 29 18 40
100 86 34 14
62 37 3 57
70 36 32 79
30 38 18 56
28 47 78 32
80 85 84 1
4 33 77 9
4 67 10 85
19 23 52 40
70 1 100 75
20 63 78 3
52 5 52 37
29 40 49 55
92 89 1 93
33 64 3 97
64 100 34 10
70 77 2 96
67 6 11 58
78 61 9 22
91 37 56 1
60 24 38 1
44 84 14 61
81 96 7 38
29 78 22 3
28 89 58 13
55 70 8 71
98 53 5 11
86 52 2 68
10 8 70 15
95 1 66 60
71 37 22 40
77 1 74 46
55 63 20 23
94 7 85 3
23 64 19 75
73 28 4 99
61 17 28 72
83 15 2 99
78 39 26 19
77 68 18 39
56 83 7 18
24 94 12 61
7 53 62 91
89 77 14 7
51 93 6 60
68 30 12 50
33 48 57 39
42 100 22 1
7 1 66 45
39 18 62 7
50 36 11 75
58 29 26 95
13 60 51 82
12 17 38 50
49 58 45 12
98 3 36 68
4 98 39 23
6 55 38 94
41 96 11 58
64 59 3 24
52 51 33 52
54 51 6 35
92 4 23 47
73 62 23 4
98 5 92 10
52 51 30 50
3 21 23 86
74 16 9 23
80 91 9 16
69 26 6 63
98 16 8 1
6 86 58 7
37 25 60 16
52 19 40 23
26 79 16 14
57 71 1 47
10 81 68 25
2 81 54 23
31 31 8 3
2 70 89 83
61 80 5 3
2 70 66 11
15 82 23 66
62 28 4 87
60 65 1 14
18 32 55 26
26 3 33 40
100 12 5 51
7 82 5 62
1 38 87 91
68 4 39 28
19 95 96 3
77 54 1 6
35 22 64 23
74 49 2 96
1 24 64 53
50 56 2 68
7 32 78 35
48 96 3 58
57 71 2 29
63 29 6 11
4 4 73 33
4 58 61 81
69 89 13 1
22 56 48 7
28 92 4 69
48 53 4 90
52 68 59 1
1 92 42 85
83 43 5 7
2 67 75 6
59 60 86 2
5 54 19 89
60 3 12 67
2 52 53 26
82 37 37 2
22 16 20 56
7 96 93 2
4 72 45 65
3 96 26 46
80 6 8 46
2 60 24 82
94 1 56 83
7 99 31 29
69 50 5 41
20 12 62 97
63 6 32 58
6 64 33 74
9 32 59 68
11 72 1 91
19 99 1 51
1 39 56 4
8 61 45 11
27 60 14 60
1 96 2 78
3 17 52 1
83 22 14 21
8 70 27 48
52 29 11 61
12 36 27 85
10 83 37 33
14 68 5 88
56 30 19 35
67 19 3 26
84 2 58 69
28 54 20 13
7 56 35 76
3 53 7 81
57 97 19 2
44 98 1 68
37 69 2 73
9 70 3 14
53 28 6 93
15 12 55 47
30 12 31 72
76 53 1 89
80 1 1 54
67 13 35 23
64 93 16 1
51 61 4 16
47 24 8 93
43 1 16 80
24 58 4 37
66 4 93 32
63 11 67 1
56 21 39 27
12 6 51 67
36 17 17 73
9 34 49 45
45 20 15 24
38 67 2 98
71 1 54 72
30 63 4 1
3 12 85 51
10 15 34 15
37 12 8 39
11 74 13 4
16 34 12 76
17 10 46 47
86 17 2 51
3 93 26 73
93 40 9 1
89 1 67 44
3 83 3 65
55 30 30 8
19 10 26 85
6 1 28 63
53 7 27 56
17 5 36 27
77 11 6 58
36 69 3 61
2 95 52 16
1 3 77 72
65 21 2 75
52 5 67 23
43 5 15 30
4 63 41 42
5 27 12 73
2 74 22 91
33 72 1 88
64 15 4 93
4 12 33 83
2 12 83 63
12 58 5 33
68 20 24 19
54 80 2 55
51 2 3 59
19 63 9 1
99 1 40 16
5 6 33 52
61 57 2 64
2 64 29 79
6 64 49 21
66 14 17 25
2 66 26 34
14 52 24 5
30 6 90 11
71 6 67 21
62 28 2 78
8 72 24 59
57 24 2 84
18 51 4 69
51 26 1 44
55 26 2 28
77 49 1 10
15 48 17 56
41 26 27 8
93 8 7 15
90 1 74 27
12 65 2 96
2 92 18 55
52 11 41 21
47 4 22 54
50 1 90 31
66 1 62 61
10 11 11 14
3 58 21 67
18 35 4 76
77 2 16 56
68 58 33 2
79 9 44 4
53 7 83 12
1 53 53 73
7 83 8 3
55 2 26 10
9 54 18 45
17 5 36 12
4 63 23 38
22 6 27 53
23 89 1 61
3 67 4 15
4 56 2 86
49 63 3 38
69 2 2 28
81 95 2 4
51 11 27 5
34 5 70 4
64 52 5 1
77 3 14 24
5 51 7 96
43 56 5 67
7 68 3 75
5 48 24 64
13 57 10 53
35 9 12 94
71 1 39 1
26 44 17 1
41 51 6 52
3 15 55 67
18 5 3 83
4 63 6 8
86 25 20 11
26 56 2 70
11 67 40 2
36 2 43 60
89 3 1 52
74 53 1 32
55 18 7 4
7 90 5 2
1 15 60 43
83 60 2 1
5 22 47 38
1 2 55 59
89 5 5 23
34 42 6 45
13 85 7 7
64 12 37 2
66 5 57 6
28 61 1 96
8 43 5 7
26 41 1 66
14 5 36 57
2 37 54 85
1 74 36 82
16 52 4 46
50 15 7 6
7 6 29 8
29 10 6 17
7 44 25 28
36 78 2 6
2 36 89 17
8 55 28 2
67 71 1 4
17 54 1 76
82 8 7 20
32 9 19 62
4 55 18 6
2 16 14 55
55 12 89 1
29 5 1 83
26 61 3 39
94 5 13 10
87 4 8 10
4 11 23 73
54 1 26 76
2 63 52 33
76 13 1 55
77 1 36 55
2 39 3 88
44 2 68 20
8 65 4 58
8 34 18 11
5 70 1 83
99 1 28 30
54 3 7 24
1 76 7 51
10 4 47 46
15 2 28 58
97 16 1 35
14 74 2 65
2 42 17 18
17 16 8 72
16 10 20 47
11 58 1 20
40 24 4 61
20 53 1 72
36 5 6 81
63 1 23 73
26 9 22 54
69 1 74 32
1 63 11 23
2 26 94 40
28 6 12 51
72 4 2 16
52 2 65 57
31 39 3 53
1 53 7 5
63 66 1 11
65 25 2 71
16 28 7 95
60 69 3 13
3 64 4 32
4 7 9 76
1 52 29 100
4 17 2 84
46 56 2 49
57 22 3 27
43 2 90 30
75 1 15 93
7 87 3 55
5 75 2 81
70 1 96 11
76 96 3 2
2 13 87 54
75 12 30 3
5 3 74 18
61 1 61 61
54 1 21 56
53 35 2 43
59 1 13 95
3 77 1 96
6 98 1 40
66 1 61 21
84 1 28 10
27 46 3 51
17 16 69 7
48 13 2 60
5 62 5 3
56 1 69 20
1 43 41 67
34 5 20 64
4 15 51 65
2 21 65 3
56 1 55 15
1 100 67 1
4 92 4 9
74 5 13 6
67 1 15 64
10 88 1 68
20 2 5 52
24 3 73 16
82 1 11 16
6 5 20 83
64 26 2 11
57 17 2 46
2 10 97 56
1 51 26 55
8 11 23 50
67 6 93 2
1 20 53 79
53 16 88 3
55 71 1 6
43 2 72 43
4 8 15 57
56 15 52 2
58 1 14 89
21 1 65 56
18 19 11 9
2 6 57 23
5 18 4 81
52 56 6 1
7 52 1 98
7 39 13 8
71 51 10 2
53 2 91 19
13 85 1 1
60 12 5 8
56 54 4 27
87 31 3 1
10 96 2 64
28 70 3 3
6 1 50 23
1 19 49 62
60 38 2 14
71 62 3 8
54 7 80 2
62 10 76 2
22 1 25 82
3 56 5 72
53 2 97 1
46 4 93 13
11 3 15 87
20 38 5 18
92 18 26 3
60 5 82 1
42 3 83 6
13 16 2 26
8 70 1 62
3 8 68 20
68 5 2 61
2 94 61 1
9 4 27 88
25 74 6 1
75 29 35 1
78 15 1 14
97 25 30 1
24 55 1 68
56 2 87 1
52 4 15 51
52 57 4 14
31 15 91 4
79 44 5 5
49 29 49 6
13 2 24 82
4 1 83 4
38 1 82 5
12 5 61 15
54 14 29 1
82 52 1 8
1 93 3 9
5 55 3 83
52 55 1 22
71 17 1 79
6 82 26 2
6 5 54 9
1 5 73 47
13 4 1 97
54 4 78 9
61 54 1 27
18 2 9 97
91 80 1 2
32 2 4 56
2 45 5 71
5 61 16 1
62 3 35 1
6 6 3 73
59 2 5 9
1 93 96 1
1 79 2 99
51 1 69 11
60 17 1 61
74 1 19 29
39 9 78 1
4 5 61 55
88 28 7 2
5 11 48 24
14 4 64 16
54 6 51 3
15 1 5 86
3 24 10 70
1 25 54 27
1 1 70 51
68 1 67 11
1 16 30 76
4 8 67 4
4 85 2 30
12 52 3 65
12 12 18 3
14 50 1 52
68 62 3 1
14 39 51 2
74 24 9 1
58 13 3 54
1 11 62 34
75 2 18 5
48 2 49 51
27 1 55 13
2 46 15 54
61 15 15 5
15 8 7 26
42 6 3 56
87 61 1 4
8 2 18 94
5 61 3 57
57 1 6 73
2 4 87 33
16 82 1 11
53 5 2 78
4 8 40 30
7 83 3 50
8 86 1 57
1 21 49 60
2 30 78 1
34 6 66 5
25 14 18 2
86 34 1 8
1 20 10 35
1 60 2 100
10 19 6 68
51 14 5 32
13 4 20 67
18 8 3 58
68 1 45 39
3 27 7 10
60 9 42 4
40 2 48 48
55 25 1 78
62 68 3 7
58 4 3 2
73 16 1 66
51 62 5 2
2 1 42 51
13 13 75 2
8 76 2 53
4 8 1 29
1 90 52 2
23 9 51 6
1 24 4 63
29 74 1 15
50 1 1 26
52 10 12 11
