20 19
0.24 0.69 0.53 0.59 0.07 0.28 0.00 0.33 0.52 0.17 0.07 0.16 0.42 0.49 0.85 0.87 0.61 0.23 0.72
0.52 0.89 0.74 0.23 0.29 0.07 0.98 0.85 0.78 0.23 1.00 0.14 0.44 0.68 0.61 0.60 0.29 0.87 0.06
0.30 0.17 0.37 0.69 0.72 0.30 0.29 0.74 0.59 0.77 0.52 0.11 0.11 0.35 0.85 0.49 0.07 0.58 0.54
0.33 0.02 0.67 0.28 0.04 0.38 0.80 0.14 0.52 1.00 0.92 0.31 0.49 0.81 0.89 0.72 0.07 0.38 0.70
0.06 0.90 0.89 0.84 0.89 0.88 0.50 0.45 0.56 0.19 0.67 0.68 0.29 0.66 0.14 0.96 0.94 0.48 0.87
0.24 0.94 0.94 0.26 0.39 0.74 0.52 0.19 0.45 0.41 0.41 0.99 0.99 0.42 0.26 0.27 0.86 0.54 0.66
0.89 0.52 0.46 0.95 0.31 0.61 0.71 0.63 0.97 0.64 0.61 0.04 0.04 0.80 0.51 0.62 0.34 0.48 0.56
0.45 0.67 0.54 0.15 0.23 0.37 0.27 0.41 0.23 0.08 0.31 0.66 0.66 0.38 0.71 0.90 0.42 0.31 0.14
0.86 0.56 0.17 0.91 0.05 0.89 0.40 0.48 0.08 0.07 0.80 0.27 0.95 0.35 0.82 0.55 0.04 0.27 0.94
0.93 0.47 0.29 0.23 0.82 0.96 0.82 0.84 0.20 0.45 0.19 0.47 0.34 0.17 0.30 0.29 0.17 0.96 0.30
0.99 0.47 0.63 0.47 0.02 0.67 0.91 0.25 0.06 0.11 0.00 0.40 0.13 0.20 0.92 0.83 0.14 0.76 0.10
0.29 0.02 0.52 1.00 0.98 0.73 0.22 0.72 0.10 0.23 0.74 0.78 0.39 0.19 0.32 0.34 0.47 0.11 0.48
0.49 0.93 0.01 0.88 0.22 0.26 0.88 0.55 0.71 0.10 0.86 0.04 0.26 0.01 0.49 0.85 0.31 0.53 0.21
0.77 0.18 0.37 0.79 0.98 0.38 0.19 0.15 0.42 0.92 0.90 0.86 0.59 0.15 0.61 0.18 0.06 0.18 0.97
0.05 0.12 0.58 0.74 0.29 0.46 0.59 0.96 0.58 0.84 0.71 0.29 0.78 0.62 0.36 0.62 0.51 0.49 0.20
0.30 0.08 0.64 0.40 0.01 0.32 0.37 0.73 0.91 0.79 0.07 0.88 0.99 0.73 0.91 0.77 0.90 0.45 0.21
0.32 0.73 0.93 0.53 0.76 0.29 0.25 0.65 0.65 0.80 0.58 0.81 0.56 0.37 0.14 0.11 0.22 0.50 0.61
0.73 0.37 0.64 0.01 0.47 0.59 0.52 0.31 0.95 0.07 0.28 0.22 0.06 0.18 0.75 0.77 0.32 0.56 0.24
0.80 0.00 0.10 0.09 0.84 0.88 0.92 0.62 0.69 0.33 0.20 0.61 0.21 0.02 0.82 0.23 0.22 0.97 0.68
0.63 0.28 0.76 0.16 0.67 0.41 0.02 0.44 0.11 0.01 0.21 0.02 0.85 0.05 0.14 0.34 0.87 0.64 0.96
