20 19
0.69 0.31 0.29 0.11 0.46 0.63 0.46 0.48 0.41 0.55 0.51 1.00 0.53 0.28 0.72 0.65 0.32 0.40 0.10
0.30 0.29 0.35 0.57 0.06 0.78 0.48 0.79 0.61 0.30 0.95 0.10 0.60 0.00 0.54 0.59 0.78 0.55 0.96
0.37 0.76 0.35 0.96 0.39 0.05 0.54 0.35 0.23 0.25 0.21 0.74 0.72 0.40 0.41 0.51 0.38 0.43 0.82
0.54 0.90 0.57 0.06 0.46 0.46 0.77 0.49 0.31 0.23 0.30 0.55 0.83 0.91 0.96 0.22 0.50 0.97 0.69
0.35 0.16 0.34 0.46 0.55 0.49 0.80 0.99 0.68 0.86 0.82 0.29 0.29 0.83 0.04 0.01 0.13 0.35 0.66
0.00 0.24 0.17 0.16 0.21 0.68 0.30 0.80 0.89 0.60 0.54 0.15 0.48 0.06 0.37 0.83 0.84 0.34 0.15
0.94 0.41 1.00 0.11 0.89 0.72 0.37 0.59 1.00 0.49 0.46 0.49 0.16 0.52 0.34 0.05 0.49 0.33 0.83
0.45 0.10 0.73 0.31 0.53 0.27 0.50 0.07 0.56 0.64 0.22 0.29 0.02 0.46 0.36 0.47 0.41 0.05 0.52
0.36 0.78 0.27 0.18 0.11 0.22 0.83 0.05 0.35 0.88 0.56 0.51 0.53 0.88 0.87 0.60 0.66 0.93 0.41
0.29 0.63 0.85 0.46 0.90 0.03 0.58 0.02 0.38 0.19 0.77 0.55 0.48 0.62 0.08 0.16 0.02 0.00 0.01
0.87 0.03 1.00 0.96 0.40 0.61 0.87 0.62 0.16 0.77 0.28 0.02 0.88 0.03 0.41 0.09 0.37 0.00 0.77
0.62 0.42 0.11 0.07 0.14 0.05 0.31 0.09 0.09 0.96 0.30 0.59 0.27 0.95 0.97 0.06 0.48 0.43 0.18
0.38 0.18 0.96 0.93 0.13 0.72 0.86 0.24 0.73 0.35 0.51 0.90 0.00 0.13 0.01 0.29 0.61 0.87 0.68
0.76 0.76 0.38 0.50 0.71 0.26 0.25 0.32 0.04 0.32 0.99 0.69 0.12 0.93 0.50 0.96 0.85 0.78 0.12
0.36 0.15 0.56 0.27 0.96 0.15 0.28 0.31 0.30 0.06 0.08 0.65 0.95 0.76 0.26 0.73 0.12 0.43 0.86
0.40 0.10 0.40 0.69 0.97 0.75 0.96 0.19 0.61 0.39 0.07 0.49 0.95 0.47 0.16 0.02 0.71 0.96 0.25
0.59 0.89 0.57 0.11 0.28 0.42 0.63 0.35 0.97 0.39 0.15 0.06 0.73 0.31 0.04 0.68 0.49 0.88 0.34
0.64 0.63 0.65 0.38 0.32 0.59 0.39 0.54 0.05 0.58 0.43 0.78 0.08 0.69 0.83 0.53 0.35 0.64 0.94
0.14 0.96 0.05 0.57 0.38 0.00 0.48 0.94 0.33 0.69 0.02 0.46 0.14 0.54 0.80 0.71 0.57 0.44 0.40
0.07 0.56 0.24 0.31 0.23 0.52 0.63 0.95 0.41 0.46 0.84 0.50 0.35 0.01 0.54 0.67 0.78 0.52 0.97
