20 19
0.08 0.24 0.37 0.43 0.88 0.40 0.30 0.39 0.14 0.04 0.42 0.72 0.36 0.49 0.00 0.59 0.13 0.53 0.26
0.05 0.59 0.39 0.42 0.46 0.62 0.83 0.50 0.05 0.57 0.16 0.17 0.84 0.96 0.54 0.44 0.70 0.94 0.74
0.39 0.95 0.45 0.31 0.48 0.12 0.05 0.76 0.05 0.51 0.50 0.20 0.24 0.70 0.92 0.27 0.39 0.44 0.12
0.13 0.75 0.03 0.37 0.08 0.14 0.77 0.26 0.38 0.94 0.00 0.86 0.68 0.66 0.19 0.95 0.45 0.94 0.06
0.04 0.18 0.41 1.00 0.62 0.23 0.85 0.12 0.27 0.53 0.92 0.77 0.66 0.76 0.62 0.44 0.55 0.03 0.49
0.35 0.38 0.58 0.68 0.00 0.25 0.18 0.96 0.71 0.54 0.76 0.20 0.80 0.72 0.95 0.84 0.53 0.14 0.61
0.05 0.96 0.86 0.70 0.38 0.56 0.00 0.74 0.37 0.52 0.74 0.86 0.55 0.92 0.04 0.22 0.92 0.53 0.17
0.03 0.91 0.78 0.54 0.92 0.84 0.94 0.61 0.64 0.21 0.04 0.02 0.90 0.70 0.43 0.37 0.26 0.17 0.64
0.28 0.63 0.71 0.76 0.41 0.74 0.85 0.44 0.25 0.46 0.54 0.91 0.87 0.76 0.63 0.03 0.13 0.17 0.47
0.74 0.42 0.87 0.86 0.12 0.47 0.76 0.49 0.37 0.49 0.49 0.24 0.82 0.56 0.68 0.35 0.76 0.26 0.27
1.00 0.37 0.62 0.40 0.69 0.48 0.37 0.70 0.28 0.41 0.88 0.39 0.74 0.00 0.97 0.59 0.65 0.09 0.01
0.25 0.35 0.59 0.09 0.93 0.55 0.17 0.54 0.06 0.25 0.88 0.20 0.33 0.20 0.89 0.17 0.12 0.34 0.48
0.68 0.86 0.88 0.71 0.56 0.96 0.05 0.05 0.13 0.80 0.08 0.84 0.69 0.37 0.36 0.48 0.15 0.88 0.77
0.18 0.20 0.78 0.94 0.16 0.48 0.62 0.91 0.93 0.31 0.60 1.00 0.42 0.92 0.43 0.15 0.09 0.15 0.23
0.58 0.98 0.08 0.85 0.21 0.07 0.79 0.75 0.19 0.97 0.31 0.64 0.66 0.57 0.04 0.89 0.43 0.45 0.26
0.42 0.57 0.76 0.32 0.41 0.43 0.94 0.28 0.20 0.81 0.54 0.21 0.73 0.82 0.46 0.54 0.85 0.23 0.05
1.00 0.74 0.82 0.49 0.07 0.48 0.18 0.27 0.25 0.04 0.64 0.00 0.71 0.24 0.54 0.14 0.97 0.88 0.10
0.58 0.22 0.47 0.37 0.96 0.31 0.69 0.27 0.61 0.46 0.50 0.79 0.56 0.98 0.64 0.36 0.30 0.81 0.96
0.81 0.62 0.57 0.31 0.54 0.45 0.33 0.83 0.19 0.05 0.22 0.10 0.01 0.63 0.03 0.09 0.16 0.50 0.48
0.28 0.42 0.09 0.19 0.21 0.21 0.38 0.63 0.68 0.75 0.99 0.32 0.46 0.96 0.39 0.52 0.99 0.87 0.06
