20 19
0.24 0.05 0.68 0.25 0.66 0.46 0.54 0.35 0.76 0.01 0.09 0.46 0.58 0.94 0.27 0.96 0.02 0.97 0.56
0.28 0.92 0.50 0.50 0.97 0.32 0.60 0.50 0.22 0.50 0.51 0.51 0.61 0.09 0.61 0.24 0.69 0.51 0.62
0.72 0.91 0.24 0.09 0.78 0.95 0.12 0.06 0.78 0.01 0.78 0.66 0.05 0.99 0.47 0.08 0.68 0.54 0.99
0.57 0.36 0.45 0.52 0.43 0.29 0.48 0.93 0.25 0.54 0.08 0.10 0.34 0.23 0.93 0.17 0.56 0.78 0.25
0.54 0.15 0.55 0.46 0.94 0.46 0.31 0.39 0.44 0.58 0.49 0.82 0.92 0.90 0.82 0.59 0.50 0.69 0.65
0.71 0.24 0.61 0.33 0.69 0.30 0.58 0.52 0.56 0.40 0.12 0.90 0.29 0.02 0.88 0.80 0.49 0.89 0.11
0.17 0.28 0.23 0.88 0.24 0.41 0.67 0.81 0.47 0.42 0.33 0.53 0.90 0.47 0.49 0.90 0.06 0.59 0.37
0.33 0.55 0.54 0.87 0.93 0.26 0.34 0.05 0.92 0.48 0.31 0.90 0.93 0.51 0.58 0.17 0.57 0.16 0.88
0.51 0.34 0.40 0.01 0.71 0.60 0.55 0.24 0.96 0.20 0.90 0.29 0.80 0.99 0.23 0.46 0.33 0.84 0.76
0.51 0.39 0.85 0.24 0.44 0.48 0.43 0.29 0.18 0.17 0.03 0.22 0.51 0.74 0.06 0.07 0.02 0.60 0.95
0.02 0.51 0.70 0.17 0.17 0.88 0.78 0.60 0.56 0.58 0.48 0.19 0.66 0.52 0.93 0.68 0.76 0.34 0.75
0.21 0.27 0.06 0.63 0.66 0.70 0.91 0.14 0.95 0.99 0.46 0.07 0.93 0.65 0.48 0.55 0.89 0.76 0.26
0.63 0.17 0.80 0.44 0.79 0.46 0.40 0.84 0.48 0.15 0.90 0.73 0.64 0.22 0.34 0.56 0.75 0.53 0.13
0.30 0.14 0.10 0.90 0.11 0.69 0.98 0.83 0.30 0.73 0.31 0.65 0.83 0.85 0.45 0.73 0.72 0.87 0.40
0.27 0.25 0.85 0.58 0.34 0.88 0.98 0.55 0.34 0.30 0.59 0.50 0.65 0.53 0.50 0.67 0.99 0.31 0.64
0.77 0.81 0.80 0.72 0.23 0.70 0.48 0.27 0.62 0.65 0.95 0.72 0.25 0.56 0.64 0.39 0.87 0.02 0.32
0.91 0.19 0.80 0.65 0.67 0.18 0.32 0.21 0.57 0.11 0.25 0.07 0.61 0.01 0.78 0.12 0.77 0.36 0.42
0.73 0.98 0.11 0.72 0.22 0.54 0.93 0.47 0.50 0.22 0.87 0.70 0.97 0.04 0.00 0.05 0.41 0.41 0.70
0.14 0.71 0.58 0.04 0.21 0.79 0.53 0.70 0.27 0.97 0.86 0.57 0.82 0.64 0.09 0.19 0.12 0.83 0.18
0.40 0.00 0.68 0.85 0.00 0.89 0.72 0.36 0.91 0.92 0.04 0.91 0.32 0.52 0.95 0.96 0.32 0.91 0.94
