200 7
0.91 0.74 0.16 0.62 0.30 0.70 0.85
0.97 0.62 0.65 0.69 0.61 0.79 0.58
0.50 0.36 0.31 0.09 1.00 0.22 0.38
0.10 0.25 0.31 0.19 0.36 0.19 0.14
0.39 0.41 0.12 0.38 0.09 0.32 0.20
0.39 1.00 0.28 0.19 0.40 0.33 0.21
0.44 0.15 0.28 0.44 0.23 0.41 0.83
0.49 0.06 0.31 0.34 0.06 0.23 0.32
0.32 0.09 0.03 0.23 0.14 0.02 0.22
0.22 0.45 0.17 0.02 0.40 0.58 0.09
0.18 0.04 0.17 0.14 0.43 0.37 0.02
0.40 0.16 0.35 0.32 0.06 0.29 0.10
0.28 0.16 0.42 0.04 0.42 0.19 0.50
0.24 1.00 0.70 0.03 0.82 0.18 0.41
0.40 0.83 0.03 0.03 0.50 0.48 0.44
0.08 0.48 0.02 0.04 0.15 0.15 0.64
0.28 0.01 0.57 0.45 0.43 0.39 0.18
0.45 0.78 0.31 0.25 0.49 0.19 0.10
0.44 0.05 0.51 0.45 0.35 0.45 0.21
0.28 0.01 0.31 0.45 0.33 0.34 0.83
0.34 0.45 0.80 0.40 0.22 0.26 0.01
0.18 0.81 0.12 0.08 0.79 0.37 0.09
0.50 0.20 0.06 0.24 0.08 0.29 0.06
0.20 0.18 0.32 0.03 0.08 0.24 0.22
0.09 0.33 0.35 0.24 0.03 0.88 0.35
0.22 0.47 0.19 0.48 0.39 0.19 0.11
0.06 0.20 0.26 0.37 0.44 0.13 0.40
0.07 0.29 0.47 0.11 0.39 0.36 0.25
0.98 0.45 0.03 0.26 0.38 0.04 0.01
0.32 0.04 0.89 0.42 0.26 0.72 0.21
0.02 0.08 0.71 0.26 0.46 0.13 0.16
0.29 0.26 0.30 0.01 0.45 0.32 0.33
0.36 0.17 0.62 0.15 0.45 0.29 0.35
0.02 0.21 0.22 0.22 0.45 0.27 0.18
0.09 0.24 0.42 0.27 0.29 0.81 0.84
0.28 0.37 0.19 0.10 0.38 0.06 0.24
0.12 0.25 0.28 0.41 0.15 0.03 0.31
0.40 0.22 0.18 0.12 0.24 0.24 0.78
0.18 0.48 0.34 0.01 0.30 0.45 0.21
0.36 0.17 0.81 0.83 0.06 0.45 0.11
0.37 0.13 0.67 0.11 0.03 0.05 0.30
0.64 0.10 0.22 0.06 0.32 0.48 0.24
0.28 0.25 0.85 0.71 0.04 0.18 0.18
0.20 0.24 0.21 0.38 0.20 0.21 0.10
0.34 0.25 0.22 0.30 0.74 0.29 0.05
0.11 0.48 0.32 0.22 0.05 0.96 0.42
0.11 0.14 0.20 0.38 0.34 0.44 0.02
0.07 0.25 0.89 0.08 0.37 0.70 0.08
0.27 0.35 0.28 0.37 0.38 0.37 0.28
0.14 0.04 0.15 0.21 0.28 0.05 0.07
0.13 0.37 0.16 0.92 0.02 0.16 0.36
0.01 0.37 0.45 0.44 0.22 0.22 0.27
0.06 0.16 0.20 0.03 0.10 0.13 0.48
0.14 0.48 0.94 0.14 0.50 0.28 0.18
0.20 0.42 0.45 0.40 0.06 0.33 0.17
0.12 0.56 0.04 0.13 0.38 0.31 0.22
0.01 0.19 0.41 0.33 0.46 0.29 0.12
0.24 0.27 0.70 0.23 0.45 0.43 0.01
0.07 0.70 0.50 0.12 0.06 0.08 0.37
0.48 0.26 0.23 0.38 0.02 0.04 0.86
0.09 0.22 0.38 0.14 0.25 0.31 0.05
0.28 0.32 0.06 0.52 0.17 0.39 0.94
0.41 0.34 0.35 0.08 0.56 0.28 0.03
0.13 0.45 0.17 0.06 0.17 0.02 0.75
0.36 0.19 0.19 0.46 0.15 0.60 0.03
0.10 0.54 0.01 0.36 0.66 0.28 0.11
0.31 0.01 0.43 0.42 0.29 0.14 0.10
0.74 0.11 0.10 0.23 0.11 0.25 0.98
0.06 0.06 0.05 0.34 0.39 0.06 0.16
0.38 0.16 0.47 0.40 0.12 0.03 0.28
0.18 0.30 0.28 0.34 0.21 0.45 0.20
0.16 0.08 0.09 0.87 0.27 0.51 0.38
0.50 0.13 0.01 0.33 0.22 0.04 0.74
0.22 0.02 0.06 0.01 0.50 0.38 0.06
0.08 0.40 0.38 0.10 0.48 0.49 0.34
0.05 0.35 0.27 0.14 0.39 0.11 0.19
0.41 0.05 0.26 0.45 0.05 0.28 0.67
0.47 0.41 0.74 0.16 0.35 0.14 0.23
0.20 0.44 0.01 0.04 0.54 0.19 0.16
0.17 0.03 0.43 0.46 0.43 0.20 0.13
0.49 0.04 0.44 0.40 0.40 0.13 0.06
0.07 0.01 0.25 0.22 0.03 0.15 0.39
0.13 0.41 0.35 0.37 0.45 0.17 0.10
0.13 0.31 0.13 0.12 0.09 0.36 0.80
0.39 0.03 0.17 0.23 0.09 0.20 0.27
0.27 0.41 0.11 0.93 0.19 0.25 0.18
0.23 0.28 0.07 0.71 0.32 0.41 0.40
0.14 0.24 0.06 0.13 0.22 0.25 0.26
0.40 0.14 0.02 0.15 0.18 0.32 0.49
0.35 0.22 0.45 0.01 0.14 0.20 0.70
0.01 0.19 0.47 0.02 0.10 0.18 0.39
0.22 0.51 0.19 0.17 0.16 0.06 0.92
0.30 0.04 0.14 0.28 0.33 0.14 0.10
0.01 0.28 0.10 0.45 0.09 0.27 0.32
0.10 0.16 0.47 0.47 0.16 0.02 0.24
0.31 0.35 0.40 0.19 0.04 0.08 0.59
0.09 0.42 0.53 0.67 0.08 0.07 0.84
0.41 0.18 0.03 0.11 0.43 0.89 0.02
0.19 0.03 0.28 0.17 0.23 0.03 0.07
0.46 0.26 0.47 0.68 0.40 0.01 0.15
0.26 0.27 0.20 0.31 0.39 0.27 0.02
0.41 0.34 0.18 0.46 0.08 0.19 0.24
0.44 0.13 0.08 0.36 0.08 0.09 0.02
0.02 0.18 0.25 0.02 0.09 0.27 0.15
0.45 0.45 0.23 0.09 0.15 0.25 0.04
0.34 0.01 0.27 0.30 0.39 0.25 0.04
0.19 0.06 0.11 0.08 0.15 0.23 0.31
0.21 0.48 0.12 0.35 0.93 0.11 0.05
0.39 0.42 0.30 0.51 0.13 0.43 0.06
0.18 0.01 0.26 0.39 0.26 0.06 0.19
0.42 0.03 0.24 0.43 0.32 0.06 0.25
0.10 0.12 0.04 0.12 0.43 0.18 0.06
0.17 0.22 0.20 0.09 0.35 0.65 0.21
0.26 0.27 0.66 0.28 0.03 0.45 0.22
0.39 0.20 0.35 0.43 0.09 0.44 0.09
0.04 0.13 0.06 0.45 0.32 0.49 0.15
0.41 0.88 0.11 0.26 0.11 0.32 0.80
0.07 0.09 0.17 0.50 0.49 0.01 0.19
0.01 0.24 0.50 0.27 0.15 0.50 0.25
0.11 0.11 0.38 0.46 0.31 0.23 0.25
0.40 0.16 0.04 0.22 0.25 0.57 0.26
0.08 0.39 0.22 0.33 0.36 0.29 0.21
0.43 0.32 0.37 0.15 0.01 0.43 0.38
0.41 0.18 0.05 0.39 0.19 0.01 0.47
0.07 0.41 0.26 0.13 0.31 0.36 0.08
0.33 0.67 0.15 0.16 0.22 0.31 0.14
0.29 0.15 0.03 0.26 0.94 0.06 0.48
0.22 0.09 0.45 0.39 0.06 0.26 0.23
0.97 0.94 0.06 0.22 0.37 0.49 0.09
0.20 0.45 0.23 0.20 0.33 0.10 0.30
0.05 0.99 0.19 0.18 0.20 0.27 0.21
0.38 0.37 0.25 0.03 0.12 0.18 0.42
0.28 0.35 0.90 0.46 0.11 0.94 0.08
0.46 0.39 0.19 0.13 0.50 0.10 0.17
0.38 0.08 0.12 0.15 0.25 0.26 0.03
0.18 0.06 0.60 0.01 0.14 0.50 0.48
0.46 0.06 0.04 0.52 0.29 0.49 0.07
0.50 0.44 0.05 0.21 0.20 0.22 0.34
0.41 0.45 0.45 0.23 0.38 0.01 0.35
0.03 0.37 0.28 0.38 0.65 0.79 0.03
0.39 0.48 0.31 0.46 0.04 0.35 0.24
0.20 0.34 0.40 0.92 0.10 0.04 0.34
0.14 0.42 0.36 0.22 0.01 0.26 0.41
0.34 0.81 0.15 0.04 0.15 0.26 0.47
0.33 0.30 0.47 0.25 0.17 0.74 0.01
0.24 0.73 0.12 0.39 0.38 0.39 0.04
0.39 0.13 0.39 0.41 0.08 0.09 0.44
0.42 0.30 0.37 0.05 0.04 0.77 0.09
0.23 0.46 0.28 0.45 0.09 0.49 0.13
0.23 0.31 0.49 0.02 0.23 0.93 0.10
0.92 0.17 0.36 0.17 0.14 0.14 0.35
0.47 0.44 0.19 0.49 0.23 0.01 0.46
0.15 0.44 0.18 0.11 0.03 0.75 0.41
0.17 0.35 0.44 0.30 0.20 0.01 0.38
0.13 0.14 0.21 0.30 0.06 0.16 0.07
0.44 0.21 0.02 0.35 0.21 0.01 0.39
0.32 0.88 0.27 0.24 0.03 0.32 0.29
0.32 0.11 0.04 0.29 0.13 0.30 0.42
0.31 0.36 0.35 0.20 0.20 0.25 0.09
0.17 0.17 0.01 0.38 0.25 0.80 0.38
0.34 0.47 0.22 0.13 0.01 0.13 0.08
0.62 0.33 0.22 0.03 0.01 0.38 0.30
0.02 0.18 0.30 0.38 0.49 0.16 0.08
0.12 0.67 0.65 0.38 0.05 0.33 0.01
0.09 0.14 0.49 0.82 0.03 0.31 0.14
0.35 0.04 0.08 0.37 0.33 0.14 0.39
0.20 0.09 0.20 0.20 0.94 0.07 0.50
0.03 0.18 0.98 0.10 0.32 0.04 0.26
0.26 0.65 0.01 0.10 0.30 0.01 0.43
0.36 0.64 0.19 0.45 0.04 0.30 0.01
0.27 0.90 0.05 0.34 0.03 0.50 0.82
0.28 0.59 0.27 0.05 0.39 0.20 0.21
0.19 0.39 0.03 0.48 0.19 0.42 0.92
0.30 0.14 0.45 0.40 0.41 0.49 0.01
0.24 0.26 0.33 0.12 0.20 0.40 0.02
0.04 0.16 0.43 0.81 0.39 0.31 0.33
0.45 0.01 0.89 0.14 0.28 0.17 0.30
0.47 0.02 0.16 0.32 0.21 0.39 0.44
0.31 0.10 0.08 0.41 0.04 0.33 0.44
0.18 0.36 0.06 0.25 0.10 0.09 0.04
0.08 0.26 0.21 0.44 0.14 0.68 0.47
0.80 0.14 0.50 0.32 0.21 0.07 0.02
0.25 0.96 0.14 0.39 0.25 0.03 0.44
0.12 0.40 0.22 0.41 0.13 0.07 0.35
0.34 0.05 0.05 0.07 0.73 0.43 0.44
0.40 0.29 0.02 0.33 0.35 0.59 0.42
0.24 0.48 0.23 0.47 0.03 0.95 0.10
0.03 0.30 0.28 0.32 0.43 0.18 0.14
0.26 0.56 0.14 0.81 0.03 0.37 0.06
0.16 0.50 0.24 0.11 0.15 0.02 0.19
0.19 0.10 0.02 0.49 0.15 0.12 0.12
0.02 0.35 0.49 0.36 0.29 0.07 0.29
0.81 0.46 0.09 0.14 0.11 0.85 0.24
0.24 0.07 0.40 0.12 0.13 0.48 0.40
0.09 0.38 0.12 0.45 0.05 0.11 0.37
0.79 0.12 0.19 0.13 0.43 0.08 0.35
0.08 0.50 0.44 0.25 0.32 0.10 0.12
0.48 0.16 0.42 0.04 0.17 0.45 0.36
0.43 0.09 0.11 0.19 0.21 0.37 0.12
0.39 0.31 0.98 0.14 0.03 0.04 0.36
