200 7
91 74 16 62 30 70 85
97 62 65 69 61 79 58
50 36 31 9 100 22 38
10 25 31 19 36 19 14
39 41 12 38 9 32 20
39 100 28 19 40 33 21
44 15 28 44 23 41 83
49 6 31 34 6 23 32
32 9 3 23 14 2 22
22 45 17 2 40 58 9
18 4 17 14 43 37 2
40 16 35 32 6 29 10
28 16 42 4 42 19 50
24 100 70 3 82 18 41
40 83 3 3 50 48 44
8 48 2 4 15 15 64
28 1 57 45 43 39 18
45 78 31 25 49 19 10
44 5 51 45 35 45 21
28 1 31 45 33 34 83
34 45 80 40 22 26 1
18 81 12 8 79 37 9
50 20 6 24 8 29 6
20 18 32 3 8 24 22
9 33 35 24 3 88 35
22 47 19 48 39 19 11
6 20 26 37 44 13 40
7 29 47 11 39 36 25
98 45 3 26 38 4 1
32 4 89 42 26 72 21
2 8 71 26 46 13 16
29 26 30 1 45 32 33
36 17 62 15 45 29 35
2 21 22 22 45 27 18
9 24 42 27 29 81 84
28 37 19 10 38 6 24
12 25 28 41 15 3 31
40 22 18 12 24 24 78
18 48 34 1 30 45 21
36 17 81 83 6 45 11
37 13 67 11 3 5 30
64 10 22 6 32 48 24
28 25 85 71 4 18 18
20 24 21 38 20 21 10
34 25 22 30 74 29 5
11 48 32 22 5 96 42
11 14 20 38 34 44 2
7 25 89 8 37 70 8
27 35 28 37 38 37 28
14 4 15 21 28 5 7
13 37 16 92 2 16 36
1 37 45 44 22 22 27
6 16 20 3 10 13 48
14 48 94 14 50 28 18
20 42 45 40 6 33 17
12 56 4 13 38 31 22
1 19 41 33 46 29 12
24 27 70 23 45 43 1
7 70 50 12 6 8 37
48 26 23 38 2 4 86
9 22 38 14 25 31 5
28 32 6 52 17 39 94
41 34 35 8 56 28 3
13 45 17 6 17 2 75
36 19 19 46 15 60 3
10 54 1 36 66 28 11
31 1 43 42 29 14 10
74 11 10 23 11 25 98
6 6 5 34 39 6 16
38 16 47 40 12 3 28
18 30 28 34 21 45 20
16 8 9 87 27 51 38
50 13 1 33 22 4 74
22 2 6 1 50 38 6
8 40 38 10 48 49 34
5 35 27 14 39 11 19
41 5 26 45 5 28 67
47 41 74 16 35 14 23
20 44 1 4 54 19 16
17 3 43 46 43 20 13
49 4 44 40 40 13 6
7 1 25 22 3 15 39
13 41 35 37 45 17 10
13 31 13 12 9 36 80
39 3 17 23 9 20 27
27 41 11 93 19 25 18
23 28 7 71 32 41 40
14 24 6 13 22 25 26
40 14 2 15 18 32 49
35 22 45 1 14 20 70
1 19 47 2 10 18 39
22 51 19 17 16 6 92
30 4 14 28 33 14 10
1 28 10 45 9 27 32
10 16 47 47 16 2 24
31 35 40 19 4 8 59
9 42 53 67 8 7 84
41 18 3 11 43 89 2
19 3 28 17 23 3 7
46 26 47 68 40 1 15
26 27 20 31 39 27 2
41 34 18 46 8 19 24
44 13 8 36 8 9 2
2 18 25 2 9 27 15
45 45 23 9 15 25 4
34 1 27 30 39 25 4
19 6 11 8 15 23 31
21 48 12 35 93 11 5
39 42 30 51 13 43 6
18 1 26 39 26 6 19
42 3 24 43 32 6 25
10 12 4 12 43 18 6
17 22 20 9 35 65 21
26 27 66 28 3 45 22
39 20 35 43 9 44 9
4 13 6 45 32 49 15
41 88 11 26 11 32 80
7 9 17 50 49 1 19
1 24 50 27 15 50 25
11 11 38 46 31 23 25
40 16 4 22 25 57 26
8 39 22 33 36 29 21
43 32 37 15 1 43 38
41 18 5 39 19 1 47
7 41 26 13 31 36 8
33 67 15 16 22 31 14
29 15 3 26 94 6 48
22 9 45 39 6 26 23
97 94 6 22 37 49 9
20 45 23 20 33 10 30
5 99 19 18 20 27 21
38 37 25 3 12 18 42
28 35 90 46 11 94 8
46 39 19 13 50 10 17
38 8 12 15 25 26 3
18 6 60 1 14 50 48
46 6 4 52 29 49 7
50 44 5 21 20 22 34
41 45 45 23 38 1 35
3 37 28 38 65 79 3
39 48 31 46 4 35 24
20 34 40 92 10 4 34
14 42 36 22 1 26 41
34 81 15 4 15 26 47
33 30 47 25 17 74 1
24 73 12 39 38 39 4
39 13 39 41 8 9 44
42 30 37 5 4 77 9
23 46 28 45 9 49 13
23 31 49 2 23 93 10
92 17 36 17 14 14 35
47 44 19 49 23 1 46
15 44 18 11 3 75 41
17 35 44 30 20 1 38
13 14 21 30 6 16 7
44 21 2 35 21 1 39
32 88 27 24 3 32 29
32 11 4 29 13 30 42
31 36 35 20 20 25 9
17 17 1 38 25 80 38
34 47 22 13 1 13 8
62 33 22 3 1 38 30
2 18 30 38 49 16 8
12 67 65 38 5 33 1
9 14 49 82 3 31 14
35 4 8 37 33 14 39
20 9 20 20 94 7 50
3 18 98 10 32 4 26
26 65 1 10 30 1 43
36 64 19 45 4 30 1
27 90 5 34 3 50 82
28 59 27 5 39 20 21
19 39 3 48 19 42 92
30 14 45 40 41 49 1
24 26 33 12 20 40 2
4 16 43 81 39 31 33
45 1 89 14 28 17 30
47 2 16 32 21 39 44
31 10 8 41 4 33 44
18 36 6 25 10 9 4
8 26 21 44 14 68 47
80 14 50 32 21 7 2
25 96 14 39 25 3 44
12 40 22 41 13 7 35
34 5 5 7 73 43 44
40 29 2 33 35 59 42
24 48 23 47 3 95 10
3 30 28 32 43 18 14
26 56 14 81 3 37 6
16 50 24 11 15 2 19
19 10 2 49 15 12 12
2 35 49 36 29 7 29
81 46 9 14 11 85 24
24 7 40 12 13 48 40
9 38 12 45 5 11 37
79 12 19 13 43 8 35
8 50 44 25 32 10 12
48 16 42 4 17 45 36
43 9 11 19 21 37 12
39 31 98 14 3 4 36
