200 7
99 19 29 29 98 2 65
85 51 96 100 64 97 65
36 45 61 17 33 39 49
24 49 39 5 45 9 22
100 10 45 18 72 7 40
16 45 25 43 9 42 3
38 28 28 23 5 14 4
64 26 30 25 33 19 73
21 20 48 3 35 11 10
13 39 23 11 33 56 49
39 56 9 20 21 37 46
47 18 8 21 72 40 10
17 2 5 4 10 21 43
2 70 41 4 26 24 20
41 6 41 13 42 9 11
92 40 38 84 25 1 21
33 11 22 9 2 13 14
22 42 28 31 25 69 9
13 48 16 9 79 31 33
35 2 76 55 43 15 93
26 8 31 47 20 28 29
5 53 30 23 38 36 10
45 31 35 22 20 12 24
49 46 22 6 11 19 26
6 28 19 27 23 9 20
3 31 37 43 33 11 43
33 35 5 9 13 21 9
91 29 36 24 33 11 14
48 23 2 34 14 30 40
2 24 16 44 16 70 14
22 33 36 27 11 2 41
50 42 45 4 12 27 12
36 8 25 28 1 47 36
19 27 29 14 22 49 36
7 99 15 99 3 9 10
20 49 46 23 4 28 49
30 16 79 44 16 40 17
39 6 48 14 32 8 48
48 85 75 5 38 47 7
100 16 23 13 48 42 4
14 33 6 30 36 8 96
50 4 32 9 63 44 37
21 37 71 49 19 48 22
49 48 44 11 26 2 48
2 26 32 39 1 8 12
24 48 23 26 23 33 21
27 8 21 12 46 31 25
41 24 28 38 25 9 17
42 20 20 1 27 22 27
13 47 15 3 10 41 46
17 40 20 19 29 29 33
18 26 25 34 93 28 42
16 26 12 49 33 15 34
3 12 14 16 80 13 47
31 42 5 28 26 58 20
5 9 23 48 25 43 61
3 9 26 45 15 22 27
44 26 11 49 88 19 2
17 19 35 29 25 3 27
15 72 17 49 15 24 34
18 22 43 41 5 24 12
41 18 2 37 37 32 34
14 24 19 25 15 36 28
79 31 4 92 6 60 83
27 39 45 2 21 19 31
26 25 47 27 3 36 17
45 4 45 26 36 44 37
8 3 44 8 36 8 31
11 21 26 20 47 3 17
47 77 6 16 90 20 56
48 30 1 1 51 3 23
27 18 27 36 60 6 33
12 23 64 19 49 78 19
3 32 17 32 35 36 44
28 7 3 27 23 31 23
34 17 47 2 23 20 35
1 36 2 50 20 27 47
45 1 49 44 25 32 18
34 50 1 32 40 50 48
44 5 18 45 40 20 45
37 27 6 49 1 22 42
16 12 10 24 23 14 38
6 92 99 25 17 48 93
39 18 26 45 2 22 6
44 41 8 51 41 20 6
7 43 19 19 39 12 10
3 57 94 87 51 63 1
39 50 3 19 12 5 28
33 1 36 53 30 43 56
32 2 80 3 2 22 16
46 1 32 14 13 30 41
13 14 28 82 44 37 11
27 8 31 18 45 76 34
37 26 46 8 49 12 19
50 24 24 6 6 27 16
14 6 27 50 40 34 23
11 36 15 45 48 46 55
29 49 6 45 15 75 28
39 16 45 25 22 29 8
15 2 22 42 27 39 9
17 13 11 2 37 6 28
33 37 10 10 32 5 41
8 2 70 2 42 44 8
30 7 36 35 29 22 28
39 47 1 44 12 41 22
29 3 17 5 28 17 19
4 25 13 56 9 32 27
28 5 16 46 37 15 16
21 7 47 43 16 45 3
68 1 22 50 40 38 11
44 34 2 22 20 3 47
49 48 20 28 6 24 74
33 7 17 42 16 44 13
44 65 3 13 89 77 73
25 16 2 46 45 1 15
25 77 37 42 34 22 6
13 8 20 47 24 32 27
7 15 25 39 49 18 38
16 30 87 30 79 2 10
43 30 9 12 27 49 3
1 26 58 12 1 19 25
20 37 44 6 22 15 49
37 80 7 14 30 4 87
12 21 16 21 36 44 4
2 38 3 11 17 16 26
7 9 40 28 71 8 39
10 36 8 10 45 10 15
14 25 7 12 24 47 20
20 13 26 9 24 7 17
40 25 1 9 31 23 30
24 72 37 64 33 12 2
44 13 8 12 10 14 48
50 33 3 1 34 11 49
12 8 41 48 47 50 13
10 13 7 26 34 11 38
25 43 8 43 15 12 5
7 81 70 1 41 71 27
27 2 90 7 88 22 14
3 35 84 7 37 65 11
20 66 21 6 45 23 26
17 22 25 35 12 44 32
33 34 8 49 35 8 68
7 6 47 47 7 12 79
6 9 1 30 92 3 7
13 24 31 8 21 50 6
13 8 39 24 12 49 30
23 3 21 45 51 22 32
53 10 22 5 17 8 3
12 72 18 5 11 20 28
39 44 39 24 43 49 1
6 35 12 23 58 32 34
7 41 14 25 6 15 47
14 2 22 23 37 37 9
26 43 39 2 25 36 33
43 4 4 6 57 4 22
19 79 15 50 14 7 48
1 40 36 56 50 40 41
1 34 20 25 50 14 39
6 6 24 35 62 44 6
11 1 4 35 36 13 23
15 72 86 81 50 23 3
31 26 16 23 1 49 15
23 2 6 45 11 13 19
38 20 80 73 50 44 5
23 15 18 57 35 19 15
49 34 8 11 3 20 35
36 21 5 36 7 43 32
39 1 49 35 46 37 12
6 9 53 47 36 12 32
7 5 36 31 25 20 46
6 23 6 29 4 29 14
32 43 23 31 5 19 26
25 2 22 20 49 14 23
4 4 39 10 46 7 22
18 22 7 26 20 20 31
21 29 13 31 28 76 11
9 18 42 24 38 48 20
8 28 11 22 44 2 44
11 7 16 24 6 35 34
20 49 18 18 30 36 10
16 18 24 28 17 31 2
14 11 48 47 7 8 39
33 97 4 41 85 66 21
33 1 7 33 5 2 6
20 39 15 23 6 49 25
17 29 2 24 39 44 2
12 11 23 6 36 83 86
19 33 20 7 9 20 17
14 48 26 29 31 51 2
28 15 35 48 9 46 15
16 75 74 5 2 22 79
36 34 11 5 18 21 16
26 20 19 60 5 15 54
37 70 9 13 14 2 48
19 6 72 39 29 49 22
6 24 12 44 20 3 9
64 43 10 28 2 50 35
6 8 24 35 9 28 38
30 3 38 8 26 2 46
41 42 46 12 94 32 2
