200 7
0.50 0.31 0.13 0.44 0.85 0.02 0.60
0.64 0.61 0.65 0.92 0.51 0.10 0.66
0.40 0.11 0.29 0.02 0.09 0.32 0.01
0.21 0.47 0.36 0.29 0.62 0.12 0.43
0.01 0.05 0.40 0.12 0.24 0.22 0.15
0.06 0.35 0.30 0.37 0.22 0.29 0.42
0.39 0.05 0.22 0.40 0.08 0.27 0.36
0.29 0.44 0.47 0.49 0.46 0.24 0.14
0.43 0.47 0.14 0.44 0.37 0.23 0.23
0.31 0.25 0.02 0.25 0.11 0.34 0.04
0.70 0.27 0.14 0.11 0.36 0.34 0.01
0.40 0.05 0.26 0.13 0.38 0.36 0.26
0.07 0.40 0.16 0.05 0.36 0.09 0.33
0.47 0.04 0.31 0.43 0.16 0.01 0.24
0.16 0.48 0.30 0.23 0.25 0.03 0.26
0.44 0.02 0.32 0.46 0.28 0.33 0.19
0.09 0.84 0.03 0.02 0.31 0.50 0.65
0.01 0.21 0.57 0.15 0.06 0.39 0.14
0.20 0.43 0.02 0.25 0.04 0.45 0.47
0.37 0.40 0.06 0.18 1.00 0.48 0.27
0.01 0.41 0.25 0.40 0.43 0.49 0.13
0.14 0.09 0.04 0.12 0.18 0.32 0.98
0.09 0.55 0.41 0.29 0.24 0.22 0.08
0.13 0.01 0.10 0.50 0.15 0.37 0.26
0.35 0.32 0.06 0.23 0.01 0.32 0.47
0.04 0.24 0.11 0.21 0.42 0.41 0.36
0.02 0.01 0.11 0.38 0.07 0.07 0.39
0.21 0.21 0.23 0.09 0.45 0.81 0.46
0.05 0.31 0.84 0.31 0.02 0.29 0.43
0.04 0.15 0.20 0.49 0.28 0.18 0.14
0.29 0.08 0.42 0.13 0.44 0.06 0.17
0.04 0.20 0.46 0.45 0.08 0.35 0.26
0.38 0.38 0.32 0.08 0.01 0.04 0.03
0.90 0.36 0.26 0.38 0.25 0.28 0.31
0.27 0.11 0.35 0.19 0.41 0.15 0.30
0.37 0.16 0.12 0.09 0.44 0.32 0.03
0.15 0.38 0.09 0.78 0.05 0.17 0.28
0.39 0.10 0.08 0.47 0.03 0.42 0.10
0.21 0.16 0.20 0.34 0.02 0.01 0.71
0.37 0.16 0.73 0.12 0.04 0.45 0.56
0.44 0.40 0.27 0.14 0.31 0.40 0.17
0.08 0.25 0.89 0.45 0.21 0.05 0.19
0.14 0.12 0.06 0.12 0.01 0.17 0.45
0.81 0.09 0.39 0.22 0.04 0.19 0.13
0.20 0.26 0.39 0.83 0.28 0.05 0.30
0.31 0.39 0.26 0.24 0.32 0.40 0.13
0.37 0.13 0.34 0.36 0.11 0.01 0.30
0.05 0.13 0.31 0.87 0.45 0.28 0.38
0.37 0.50 0.29 0.20 0.16 0.05 0.38
0.24 0.38 0.24 0.04 0.03 0.27 0.96
0.02 0.35 0.64 0.21 0.18 0.08 0.24
0.07 0.41 0.01 0.49 0.11 0.02 0.18
0.61 0.32 1.00 0.13 0.34 0.14 0.21
0.04 0.46 0.06 0.24 0.29 0.18 0.68
0.27 0.58 0.34 0.50 0.27 0.30 0.09
0.07 0.36 0.02 0.34 0.21 0.14 0.32
0.13 0.25 0.30 0.15 0.06 0.11 0.03
0.07 0.39 0.09 0.45 0.15 0.08 0.48
0.12 0.19 0.35 0.31 0.09 0.21 0.20
0.25 0.24 0.65 0.04 0.26 0.07 0.08
0.72 0.18 0.11 0.31 0.12 0.37 0.20
0.29 0.87 0.63 0.03 0.14 0.21 0.04
0.27 0.21 0.37 0.17 0.45 0.51 0.13
0.44 0.03 0.47 0.24 0.45 0.47 0.03
0.09 0.31 0.42 0.19 0.45 0.20 0.36
0.34 0.29 0.23 0.24 0.98 0.19 0.21
0.16 0.01 0.26 0.19 0.50 0.12 0.39
0.05 0.25 0.32 0.48 0.01 0.94 0.30
0.08 0.32 0.69 0.15 0.22 0.26 0.37
0.35 0.26 0.94 0.14 0.01 0.49 0.25
0.50 0.21 0.08 0.04 0.28 0.36 0.39
0.17 0.01 0.33 0.34 0.45 0.01 0.83
0.11 0.25 0.13 0.45 0.17 0.02 0.33
0.42 0.37 0.02 0.30 0.46 0.33 0.14
0.50 0.22 0.07 0.01 0.23 0.35 0.49
0.50 0.05 0.04 0.04 0.24 0.75 0.21
0.37 0.14 0.12 0.11 0.08 0.24 0.12
0.10 0.02 0.25 0.51 0.47 0.79 0.11
0.49 0.25 0.27 0.27 0.06 0.14 0.65
0.10 0.28 0.88 0.11 0.02 0.43 0.32
0.24 0.04 0.27 0.18 0.45 0.35 0.22
0.06 0.40 0.46 0.47 0.67 0.06 0.49
0.22 0.49 0.04 0.47 0.27 0.09 0.35
0.35 0.05 0.49 0.94 0.16 0.34 0.20
0.19 0.06 0.11 0.04 0.49 0.18 0.59
0.08 0.13 0.05 0.43 0.47 0.02 0.50
0.14 0.39 0.13 0.03 0.83 0.43 0.04
0.03 0.29 0.01 0.08 0.40 0.91 0.24
0.22 0.22 0.45 0.43 0.05 0.13 0.34
0.08 0.71 0.23 0.28 0.10 0.06 0.25
0.43 0.06 0.17 0.03 0.44 0.28 0.24
0.39 0.21 0.21 0.25 0.15 0.03 0.03
0.05 0.43 0.01 0.17 0.19 0.45 0.10
0.96 0.18 0.13 0.35 0.31 0.07 0.07
0.28 0.17 0.22 0.42 0.91 0.07 0.36
0.17 0.19 0.15 0.41 0.22 0.49 0.31
0.16 0.08 0.48 0.34 0.13 0.24 0.43
0.13 0.17 0.35 0.18 0.50 0.17 0.16
0.30 0.72 0.19 0.34 0.02 0.45 0.14
0.38 0.20 0.50 0.07 0.24 0.30 0.47
0.13 0.16 0.35 0.43 0.50 0.02 0.04
0.06 0.06 0.16 0.59 0.25 0.97 0.04
0.50 0.19 0.34 0.24 0.79 0.10 0.35
0.04 0.48 0.24 0.23 0.73 0.26 0.12
0.36 0.49 0.17 0.10 0.29 0.40 0.02
0.44 0.44 0.05 0.19 0.50 0.31 0.04
0.20 0.90 0.34 0.24 0.46 0.39 0.02
0.69 0.04 0.30 0.10 0.28 0.09 0.95
0.17 0.29 0.38 0.13 0.41 0.27 0.26
0.47 0.12 0.10 0.28 0.39 0.24 0.16
0.40 0.30 0.05 0.38 0.25 0.05 0.07
0.30 0.37 0.91 0.04 0.17 0.09 0.28
0.02 0.51 0.21 0.06 0.43 0.16 0.18
0.24 0.43 0.03 0.17 0.30 0.17 0.22
0.37 0.28 0.25 0.38 0.15 0.06 0.27
0.02 0.23 0.38 0.11 0.03 0.40 0.98
0.24 0.42 0.61 0.04 0.20 0.08 0.11
0.37 0.49 0.22 0.54 0.04 0.44 0.08
0.85 0.03 0.37 0.24 0.45 0.44 0.33
0.10 0.32 0.39 0.09 0.98 0.42 0.50
0.47 0.01 0.72 0.41 0.25 0.01 0.15
0.38 0.22 0.37 0.04 0.82 0.29 0.17
0.41 0.33 0.37 0.07 0.05 0.46 0.03
0.88 0.78 0.23 0.11 0.37 0.25 0.08
0.28 0.16 0.29 0.41 0.42 0.48 0.12
0.28 0.16 0.26 0.17 0.45 0.47 0.24
0.93 0.11 0.12 0.21 0.22 0.17 0.30
0.14 0.41 0.41 0.41 0.05 0.13 0.58
0.40 0.16 0.26 0.07 0.38 0.12 0.33
0.77 0.14 0.60 0.19 0.40 0.13 0.25
0.30 0.47 0.26 0.07 0.42 0.50 0.17
0.36 0.21 0.09 0.66 0.04 0.41 0.18
0.01 0.42 0.39 0.81 0.43 0.35 0.41
0.30 0.48 0.50 0.45 0.17 0.46 0.01
0.19 0.01 0.08 0.44 0.37 0.60 0.27
0.11 0.14 0.82 0.01 0.02 0.17 0.90
0.89 0.08 0.34 0.25 0.19 0.50 0.40
0.10 0.21 0.29 0.37 0.10 0.82 0.85
0.17 0.49 0.29 0.39 0.44 0.29 0.18
0.22 0.21 0.09 0.22 0.39 0.97 0.04
0.32 0.30 0.58 0.08 0.28 0.22 0.06
0.15 0.48 0.22 0.27 0.33 0.15 0.47
0.18 0.46 0.33 0.20 0.47 0.04 0.39
0.10 0.24 0.41 0.14 0.15 0.13 0.36
0.22 0.18 0.07 0.13 0.46 0.17 0.38
0.41 0.20 0.07 0.08 0.09 0.09 0.09
0.29 0.99 0.58 0.26 0.20 0.01 0.25
0.07 0.58 0.13 0.42 0.10 0.30 0.08
0.38 0.31 0.48 0.08 0.26 0.41 0.15
0.19 0.05 0.11 0.46 0.27 0.28 0.02
0.45 0.32 0.32 0.95 0.02 0.11 0.33
0.27 0.07 0.19 0.05 0.47 0.02 0.28
0.50 0.38 0.31 0.13 0.04 0.33 0.04
0.17 0.10 0.25 0.40 0.25 0.47 0.03
0.41 0.93 0.43 0.06 0.11 0.19 0.75
0.50 0.08 0.87 0.11 0.47 0.27 0.11
0.05 0.13 0.37 0.07 0.50 0.22 0.10
0.27 0.24 0.50 0.10 0.30 0.26 0.11
0.32 1.00 0.07 0.23 0.19 0.12 0.21
0.02 0.10 0.35 0.45 0.01 0.43 0.75
0.08 0.54 0.11 0.79 0.09 0.33 0.03
0.08 0.23 0.25 0.30 0.27 0.06 0.60
0.16 0.39 0.01 0.53 0.31 0.15 0.33
0.05 0.11 0.50 0.05 0.25 0.42 0.28
0.22 0.07 0.02 0.33 0.07 0.32 0.07
0.85 0.07 0.44 0.12 0.07 0.98 0.16
0.50 0.14 0.02 0.40 0.04 0.35 0.32
0.26 0.18 0.77 0.38 0.01 0.33 0.36
0.28 0.26 0.01 0.15 0.07 0.10 0.26
0.32 0.08 0.32 0.28 0.11 0.24 0.46
0.32 0.07 0.24 0.61 0.47 0.02 0.24
0.25 0.04 0.10 0.28 0.34 0.46 0.34
0.08 0.01 0.27 0.33 0.43 0.16 0.22
0.48 0.13 0.38 0.46 0.09 0.24 0.24
0.20 0.16 0.30 0.03 0.06 0.23 0.43
0.02 0.25 0.16 0.16 0.37 0.48 0.37
0.09 0.43 0.24 0.31 0.02 0.48 0.10
0.04 0.23 0.21 0.04 0.02 0.45 0.17
0.34 0.32 0.03 0.24 0.93 0.37 0.11
0.18 0.37 0.44 0.08 0.46 0.16 0.27
0.80 0.04 0.99 0.12 0.66 0.56 0.27
0.19 0.66 0.14 0.12 0.61 0.38 0.32
0.04 0.66 0.50 0.28 0.04 0.08 0.32
0.18 0.43 0.17 0.99 0.08 0.17 0.12
0.42 0.33 0.44 0.07 0.13 0.29 0.12
0.37 0.62 0.20 0.05 0.98 0.13 0.11
0.08 0.19 0.64 0.22 0.09 0.01 0.18
0.83 0.97 0.13 0.03 0.29 0.35 0.37
0.64 0.04 0.28 0.03 0.03 0.43 0.48
0.48 0.18 0.22 0.29 0.02 0.22 0.29
0.11 0.35 0.01 0.25 0.43 0.41 0.33
0.27 0.60 0.10 0.07 0.24 0.38 0.42
0.58 0.03 0.34 0.43 0.42 0.27 0.03
0.33 0.72 0.51 0.17 0.11 0.01 0.24
0.86 0.75 0.02 0.23 0.38 0.12 0.07
0.06 0.21 0.04 0.05 0.03 0.41 0.06
0.16 0.33 0.20 0.32 0.47 0.37 0.33
0.13 0.40 0.02 0.40 0.60 0.59 0.13
0.39 0.03 0.24 0.27 0.34 0.42 0.06
0.73 0.31 0.09 0.83 0.25 0.29 0.04
