200 7
50 31 13 44 85 2 60
64 61 65 92 51 10 66
40 11 29 2 9 32 1
21 47 36 29 62 12 43
1 5 40 12 24 22 15
6 35 30 37 22 29 42
39 5 22 40 8 27 36
29 44 47 49 46 24 14
43 47 14 44 37 23 23
31 25 2 25 11 34 4
70 27 14 11 36 34 1
40 5 26 13 38 36 26
7 40 16 5 36 9 33
47 4 31 43 16 1 24
16 48 30 23 25 3 26
44 2 32 46 28 33 19
9 84 3 2 31 50 65
1 21 57 15 6 39 14
20 43 2 25 4 45 47
37 40 6 18 100 48 27
1 41 25 40 43 49 13
14 9 4 12 18 32 98
9 55 41 29 24 22 8
13 1 10 50 15 37 26
35 32 6 23 1 32 47
4 24 11 21 42 41 36
2 1 11 38 7 7 39
21 21 23 9 45 81 46
5 31 84 31 2 29 43
4 15 20 49 28 18 14
29 8 42 13 44 6 17
4 20 46 45 8 35 26
38 38 32 8 1 4 3
90 36 26 38 25 28 31
27 11 35 19 41 15 30
37 16 12 9 44 32 3
15 38 9 78 5 17 28
39 10 8 47 3 42 10
21 16 20 34 2 1 71
37 16 73 12 4 45 56
44 40 27 14 31 40 17
8 25 89 45 21 5 19
14 12 6 12 1 17 45
81 9 39 22 4 19 13
20 26 39 83 28 5 30
31 39 26 24 32 40 13
37 13 34 36 11 1 30
5 13 31 87 45 28 38
37 50 29 20 16 5 38
24 38 24 4 3 27 96
2 35 64 21 18 8 24
7 41 1 49 11 2 18
61 32 100 13 34 14 21
4 46 6 24 29 18 68
27 58 34 50 27 30 9
7 36 2 34 21 14 32
13 25 30 15 6 11 3
7 39 9 45 15 8 48
12 19 35 31 9 21 20
25 24 65 4 26 7 8
72 18 11 31 12 37 20
29 87 63 3 14 21 4
27 21 37 17 45 51 13
44 3 47 24 45 47 3
9 31 42 19 45 20 36
34 29 23 24 98 19 21
16 1 26 19 50 12 39
5 25 32 48 1 94 30
8 32 69 15 22 26 37
35 26 94 14 1 49 25
50 21 8 4 28 36 39
17 1 33 34 45 1 83
11 25 13 45 17 2 33
42 37 2 30 46 33 14
50 22 7 1 23 35 49
50 5 4 4 24 75 21
37 14 12 11 8 24 12
10 2 25 51 47 79 11
49 25 27 27 6 14 65
10 28 88 11 2 43 32
24 4 27 18 45 35 22
6 40 46 47 67 6 49
22 49 4 47 27 9 35
35 5 49 94 16 34 20
19 6 11 4 49 18 59
8 13 5 43 47 2 50
14 39 13 3 83 43 4
3 29 1 8 40 91 24
22 22 45 43 5 13 34
8 71 23 28 10 6 25
43 6 17 3 44 28 24
39 21 21 25 15 3 3
5 43 1 17 19 45 10
96 18 13 35 31 7 7
28 17 22 42 91 7 36
17 19 15 41 22 49 31
16 8 48 34 13 24 43
13 17 35 18 50 17 16
30 72 19 34 2 45 14
38 20 50 7 24 30 47
13 16 35 43 50 2 4
6 6 16 59 25 97 4
50 19 34 24 79 10 35
4 48 24 23 73 26 12
36 49 17 10 29 40 2
44 44 5 19 50 31 4
20 90 34 24 46 39 2
69 4 30 10 28 9 95
17 29 38 13 41 27 26
47 12 10 28 39 24 16
40 30 5 38 25 5 7
30 37 91 4 17 9 28
2 51 21 6 43 16 18
24 43 3 17 30 17 22
37 28 25 38 15 6 27
2 23 38 11 3 40 98
24 42 61 4 20 8 11
37 49 22 54 4 44 8
85 3 37 24 45 44 33
10 32 39 9 98 42 50
47 1 72 41 25 1 15
38 22 37 4 82 29 17
41 33 37 7 5 46 3
88 78 23 11 37 25 8
28 16 29 41 42 48 12
28 16 26 17 45 47 24
93 11 12 21 22 17 30
14 41 41 41 5 13 58
40 16 26 7 38 12 33
77 14 60 19 40 13 25
30 47 26 7 42 50 17
36 21 9 66 4 41 18
1 42 39 81 43 35 41
30 48 50 45 17 46 1
19 1 8 44 37 60 27
11 14 82 1 2 17 90
89 8 34 25 19 50 40
10 21 29 37 10 82 85
17 49 29 39 44 29 18
22 21 9 22 39 97 4
32 30 58 8 28 22 6
15 48 22 27 33 15 47
18 46 33 20 47 4 39
10 24 41 14 15 13 36
22 18 7 13 46 17 38
41 20 7 8 9 9 9
29 99 58 26 20 1 25
7 58 13 42 10 30 8
38 31 48 8 26 41 15
19 5 11 46 27 28 2
45 32 32 95 2 11 33
27 7 19 5 47 2 28
50 38 31 13 4 33 4
17 10 25 40 25 47 3
41 93 43 6 11 19 75
50 8 87 11 47 27 11
5 13 37 7 50 22 10
27 24 50 10 30 26 11
32 100 7 23 19 12 21
2 10 35 45 1 43 75
8 54 11 79 9 33 3
8 23 25 30 27 6 60
16 39 1 53 31 15 33
5 11 50 5 25 42 28
22 7 2 33 7 32 7
85 7 44 12 7 98 16
50 14 2 40 4 35 32
26 18 77 38 1 33 36
28 26 1 15 7 10 26
32 8 32 28 11 24 46
32 7 24 61 47 2 24
25 4 10 28 34 46 34
8 1 27 33 43 16 22
48 13 38 46 9 24 24
20 16 30 3 6 23 43
2 25 16 16 37 48 37
9 43 24 31 2 48 10
4 23 21 4 2 45 17
34 32 3 24 93 37 11
18 37 44 8 46 16 27
80 4 99 12 66 56 27
19 66 14 12 61 38 32
4 66 50 28 4 8 32
18 43 17 99 8 17 12
42 33 44 7 13 29 12
37 62 20 5 98 13 11
8 19 64 22 9 1 18
83 97 13 3 29 35 37
64 4 28 3 3 43 48
48 18 22 29 2 22 29
11 35 1 25 43 41 33
27 60 10 7 24 38 42
58 3 34 43 42 27 3
33 72 51 17 11 1 24
86 75 2 23 38 12 7
6 21 4 5 3 41 6
16 33 20 32 47 37 33
13 40 2 40 60 59 13
39 3 24 27 34 42 6
73 31 9 83 25 29 4
