200 7
0.53 0.33 0.87 0.82 0.13 0.62 0.88
0.05 0.74 0.40 0.91 0.10 0.58 0.58
0.42 0.02 0.16 0.15 0.46 0.50 0.33
0.07 0.25 0.34 0.14 0.13 0.25 0.46
0.04 0.45 0.05 0.35 0.26 0.27 0.55
0.02 0.08 0.41 0.91 0.45 0.23 0.06
0.09 0.45 0.40 0.48 0.38 0.31 0.09
0.45 0.14 0.13 0.64 0.18 0.27 0.21
0.35 0.01 0.25 0.45 0.08 0.38 0.01
0.22 0.12 0.45 0.05 0.30 0.39 0.23
0.47 0.16 0.10 0.03 0.38 0.08 0.24
0.62 0.05 0.27 0.10 0.71 0.44 0.16
0.11 0.46 0.04 0.43 0.42 0.30 0.26
0.90 0.09 0.40 0.01 0.25 0.30 0.10
0.50 0.50 0.29 0.38 0.06 0.12 0.05
0.36 0.03 0.22 0.81 0.29 0.42 0.25
0.18 0.28 0.38 0.34 0.40 0.11 0.34
0.42 0.28 0.07 0.52 1.00 0.77 0.42
0.17 0.41 0.12 0.22 1.00 0.42 0.12
0.40 0.24 0.24 0.03 0.08 0.03 0.42
0.02 0.22 0.03 0.27 0.02 0.17 0.38
0.10 0.56 0.94 0.45 0.37 0.26 0.37
0.36 0.34 0.07 0.33 0.20 0.04 0.23
0.22 0.67 0.45 0.33 0.42 0.21 0.26
0.02 0.96 0.18 0.05 0.20 0.76 0.19
0.08 0.02 0.25 0.09 0.36 0.14 0.28
0.28 0.18 0.44 0.23 0.61 0.19 0.19
0.58 0.16 0.02 0.02 0.23 0.45 0.13
0.57 0.35 0.47 0.23 0.18 0.16 0.27
0.07 0.44 0.09 0.31 0.19 0.37 0.32
0.50 0.25 0.32 0.27 0.06 0.13 0.19
0.37 0.07 0.22 0.40 0.08 0.14 0.54
0.10 0.16 0.14 0.14 0.32 0.09 0.64
0.17 0.07 0.29 0.36 0.41 0.33 0.09
0.29 0.38 0.34 0.24 0.02 0.49 0.45
0.32 0.04 0.45 0.46 0.01 0.22 0.34
0.15 1.00 0.39 0.02 0.16 0.49 0.26
0.29 0.15 0.24 0.94 0.03 0.83 0.36
0.14 0.20 0.30 0.23 0.21 0.43 0.67
0.28 0.03 0.06 0.43 0.30 0.23 0.49
0.34 0.17 0.16 0.33 0.26 0.04 0.34
0.39 0.13 0.02 0.29 0.08 0.42 0.85
0.12 0.23 0.19 0.20 0.08 0.01 0.01
0.24 0.70 0.01 0.27 0.40 0.24 0.37
0.42 0.94 0.31 0.06 0.48 0.23 0.22
0.23 0.42 0.29 0.15 0.27 0.29 0.71
0.54 0.92 0.17 0.14 0.11 0.19 0.48
0.16 0.42 0.05 0.06 0.42 0.41 0.20
0.04 0.38 0.01 0.36 0.44 0.10 0.42
0.21 0.06 0.10 0.44 0.45 0.39 0.13
0.06 0.14 0.19 0.42 0.17 0.48 0.50
0.31 0.07 0.17 0.45 0.17 0.36 0.17
0.27 0.17 0.46 0.04 0.85 0.31 0.06
0.13 0.26 0.01 0.39 0.80 0.64 0.20
0.32 0.44 0.26 0.14 0.44 0.35 0.07
0.32 0.77 0.04 0.46 0.15 0.19 0.04
0.41 0.33 0.05 0.30 0.27 0.15 0.30
0.11 0.18 0.47 0.05 0.12 0.03 0.31
0.48 0.17 0.40 0.42 0.05 0.13 0.39
0.01 0.52 0.35 0.47 0.32 0.36 0.12
0.09 0.32 0.01 0.28 0.07 0.44 0.13
0.85 0.11 0.22 0.14 0.41 0.50 0.37
0.22 0.06 0.09 0.77 0.03 0.19 0.09
0.03 0.12 0.20 0.45 0.28 0.14 0.28
0.18 0.08 0.84 0.77 0.34 0.46 0.34
0.83 0.38 0.26 0.48 0.01 0.49 0.24
0.35 0.13 0.59 0.91 0.29 0.01 0.46
0.25 0.46 0.12 0.46 0.41 0.14 0.46
0.42 0.24 0.16 0.50 0.47 0.22 0.15
0.27 0.14 0.49 0.41 0.38 0.15 0.10
0.31 0.12 0.02 0.22 0.10 0.03 0.80
0.41 0.38 0.01 0.05 0.07 0.23 0.06
0.22 0.60 0.03 0.41 0.13 0.06 0.50
0.23 0.49 0.41 0.02 0.04 0.05 0.18
0.30 0.30 0.48 0.02 0.50 0.27 0.26
0.47 0.08 0.02 0.02 0.93 0.28 0.14
0.38 0.04 0.05 0.42 0.09 0.20 0.47
0.38 0.41 0.15 0.37 0.31 0.41 0.05
0.38 0.21 0.48 0.12 0.08 0.38 0.49
0.03 0.18 0.22 0.17 0.18 0.21 0.47
0.06 0.10 0.05 0.11 0.40 0.30 0.12
0.75 0.06 0.44 0.42 0.04 0.44 0.28
0.29 0.32 0.42 0.04 0.03 0.06 0.12
0.10 0.42 0.03 0.40 0.14 0.35 0.17
0.08 0.19 0.35 0.38 0.09 0.46 0.21
0.07 0.34 0.14 0.01 0.25 0.14 0.90
0.02 0.30 0.10 0.41 0.22 0.65 0.26
0.07 0.98 0.41 0.31 0.38 0.05 0.33
0.44 0.10 0.11 0.85 0.41 0.31 0.02
0.22 0.07 0.36 0.32 0.93 0.12 0.34
0.22 0.60 0.13 0.39 0.08 0.02 0.22
0.34 0.77 0.91 0.19 0.36 0.23 0.10
0.03 0.42 0.02 0.37 0.27 0.43 0.06
0.10 0.38 0.32 0.26 0.10 0.16 0.41
0.49 0.45 0.17 0.86 0.22 0.43 0.05
0.05 0.46 0.13 0.01 0.49 0.21 0.03
0.14 0.20 0.24 0.48 0.16 0.11 0.40
0.09 0.02 0.14 0.33 0.09 0.14 0.37
0.81 0.44 0.23 0.08 0.50 0.07 0.01
0.22 0.43 0.74 0.04 0.01 0.07 0.19
0.67 0.23 0.07 0.07 0.22 0.39 0.27
0.16 0.28 0.16 0.45 0.47 0.16 0.29
0.49 0.19 0.30 0.27 0.10 0.49 0.50
0.11 0.04 0.23 0.20 0.49 0.32 0.20
0.06 0.18 0.98 0.07 0.03 0.50 0.49
0.08 0.04 0.01 0.46 0.14 0.16 0.20
0.30 0.22 0.56 0.01 0.36 0.07 0.32
0.12 0.25 0.05 0.21 0.26 0.33 0.38
0.46 0.17 0.12 0.11 0.25 0.32 0.48
0.12 0.12 0.33 0.34 0.02 0.45 0.23
0.23 0.03 0.89 0.37 0.03 0.45 0.28
0.31 0.08 0.07 0.54 0.49 0.29 0.19
0.02 0.22 0.41 0.06 0.46 0.39 0.43
0.52 0.04 0.08 0.24 0.19 0.38 0.23
0.04 0.27 0.37 0.17 0.32 0.44 0.02
0.37 0.03 0.19 0.32 0.02 0.39 0.48
0.46 0.43 0.39 0.11 0.90 0.07 0.37
0.13 0.14 0.44 0.18 0.13 0.55 0.06
0.07 0.18 0.20 0.25 0.28 0.04 0.14
0.45 0.07 0.07 0.11 0.08 1.00 0.39
0.39 0.13 0.05 0.21 0.36 0.41 0.44
0.28 0.35 0.16 0.17 0.11 0.09 0.41
0.07 0.37 0.48 0.25 0.09 0.39 0.50
0.87 0.07 0.03 0.31 0.17 0.07 0.07
0.41 0.16 0.26 0.40 0.29 0.24 0.08
0.41 0.05 0.30 0.05 0.01 0.19 0.08
0.32 0.50 0.05 0.45 0.07 0.40 0.17
0.30 0.45 0.40 0.06 0.46 0.33 0.19
0.18 0.47 0.35 0.52 0.01 0.34 0.42
0.31 0.09 0.28 0.05 0.01 0.14 0.27
0.41 0.47 0.35 0.19 0.42 0.45 0.02
0.18 0.47 0.15 0.31 0.12 0.36 0.24
0.39 0.22 0.16 0.16 0.38 0.10 0.34
0.01 0.50 0.35 0.13 0.43 0.15 0.99
0.99 0.53 0.21 0.47 0.02 0.79 0.04
0.98 0.97 0.21 0.66 0.04 0.08 0.81
0.92 0.19 0.74 0.17 0.89 0.77 0.05
0.15 0.80 0.07 0.68 0.53 0.21 0.17
0.02 0.25 0.09 0.21 0.02 0.81 0.04
0.08 0.83 0.01 0.07 0.29 0.40 0.11
0.05 0.22 0.14 0.07 0.49 0.04 0.31
0.04 0.05 0.24 1.00 0.30 0.27 0.01
0.01 0.53 0.75 0.30 0.75 0.95 0.94
0.11 0.40 0.19 0.19 0.49 0.26 0.09
0.32 0.48 0.10 0.13 0.10 0.12 0.13
0.13 0.16 0.04 0.89 0.95 0.15 0.72
0.31 0.14 0.03 0.02 0.16 0.81 0.42
0.36 0.31 0.01 0.36 0.25 0.11 0.08
0.41 0.26 0.50 0.17 0.49 0.18 0.24
0.20 0.48 0.16 0.32 0.43 0.45 0.05
0.04 0.18 0.11 0.15 0.08 0.28 0.03
0.14 0.17 0.93 0.09 0.07 0.01 0.01
0.30 0.16 0.24 0.01 0.39 0.23 0.36
0.86 0.88 0.03 0.66 0.19 0.05 0.78
0.32 0.36 0.25 0.12 0.41 0.25 0.01
1.00 0.85 0.29 0.21 0.02 0.17 0.16
0.34 0.05 0.32 0.47 0.13 0.04 0.12
0.28 0.38 0.28 0.04 0.15 0.34 0.02
0.20 0.57 0.18 0.27 0.09 0.26 0.32
0.89 0.38 0.06 0.29 0.42 0.14 0.47
0.37 0.58 0.14 0.04 0.77 0.17 0.42
0.01 0.11 0.49 0.30 0.35 0.31 0.15
0.04 0.41 0.10 0.08 0.30 0.13 0.46
0.01 0.23 0.38 0.29 0.25 0.34 0.15
0.07 0.38 0.06 0.36 0.05 0.25 0.27
0.16 0.41 0.19 0.01 0.33 0.50 0.21
0.44 0.24 0.88 0.08 0.73 0.39 0.03
0.31 0.05 0.01 0.01 0.12 0.49 0.49
0.01 0.44 0.47 0.37 0.30 0.11 0.13
0.12 0.02 0.45 0.13 0.08 0.96 0.73
0.49 0.03 0.49 0.30 0.34 0.15 0.45
0.07 0.09 0.42 0.10 0.27 0.46 0.19
0.31 0.25 0.50 0.01 0.44 0.34 0.07
0.18 0.52 0.28 0.01 0.21 0.20 0.44
0.95 0.09 0.06 0.39 0.36 0.21 0.06
0.32 0.12 0.17 0.03 0.29 0.50 0.26
0.23 0.25 0.11 0.45 0.21 0.08 0.13
0.20 0.40 0.12 0.06 0.17 0.47 0.03
0.88 0.40 0.73 0.01 0.12 0.88 0.16
0.17 0.14 0.49 0.17 0.12 0.29 0.17
0.30 0.08 0.96 0.45 0.09 0.24 0.21
0.22 0.05 0.31 0.14 0.33 0.05 0.89
0.03 0.18 0.11 0.10 0.08 0.44 0.66
0.38 0.45 0.20 0.12 0.63 0.08 0.26
0.39 0.17 0.43 0.45 0.17 0.09 0.46
0.10 0.47 0.25 0.06 0.81 0.18 0.41
0.06 0.06 0.04 0.47 0.04 0.10 0.89
0.20 0.25 0.02 0.09 0.23 0.44 0.16
0.39 0.07 0.47 0.14 0.35 0.28 0.73
0.25 0.11 0.20 0.27 0.09 0.98 0.09
0.14 0.66 0.15 0.20 0.05 0.36 0.10
0.03 0.03 0.27 0.47 0.43 0.20 0.18
0.22 0.21 0.38 0.23 0.42 0.13 0.49
0.37 0.16 0.46 0.31 0.69 0.40 0.04
0.27 0.30 0.20 0.02 0.06 0.08 0.12
0.09 0.37 0.44 0.14 0.24 0.02 0.25
0.55 0.23 0.18 0.08 0.37 0.18 0.21
0.44 0.01 0.34 0.35 0.31 0.15 0.26
0.52 0.85 0.18 0.51 0.45 0.94 0.02
0.44 0.36 0.17 0.22 0.02 0.46 0.25
