200 7
0.87 0.02 0.27 0.91 0.57 0.30 0.50
0.47 0.87 0.07 0.04 0.42 0.86 0.03
0.25 0.19 0.05 0.50 0.02 0.87 0.47
0.47 0.02 0.02 0.05 0.01 0.03 0.39
0.49 0.13 0.10 0.15 0.10 0.13 0.09
0.28 0.15 0.27 0.32 0.36 0.50 0.25
0.46 0.36 0.97 0.10 0.19 0.01 0.33
0.17 0.17 0.02 0.01 0.01 0.27 0.45
0.15 0.49 0.84 0.07 0.13 0.49 0.48
0.29 0.42 0.19 0.24 0.36 0.28 0.16
0.35 0.37 0.31 0.32 0.17 0.11 0.28
0.22 0.23 0.29 0.36 0.50 0.05 0.22
0.19 0.39 0.21 0.14 0.22 0.39 0.41
0.32 0.03 0.22 0.08 0.46 0.69 0.24
0.45 0.37 0.42 0.16 0.36 0.20 0.73
0.39 0.02 0.36 0.11 0.03 0.14 0.29
0.23 0.49 0.20 0.28 0.24 0.13 0.01
0.46 0.83 0.27 0.26 0.36 0.17 0.34
0.13 0.07 0.40 0.07 0.82 0.65 0.04
0.42 0.04 0.13 0.47 1.00 0.18 0.65
0.22 0.15 0.32 0.42 0.22 0.27 0.16
0.22 0.20 0.32 0.13 0.15 0.06 0.26
0.13 0.13 0.49 0.12 0.47 0.14 0.43
0.12 0.37 0.44 0.17 0.45 0.23 0.09
0.39 0.44 0.08 0.02 0.32 0.95 0.29
0.19 0.28 0.17 0.23 0.19 0.31 0.35
0.04 0.43 0.25 0.37 0.79 0.22 0.07
0.73 0.39 0.39 0.20 0.12 0.40 0.01
0.14 0.66 0.37 0.45 0.48 0.41 0.97
0.46 0.03 0.77 0.13 0.11 0.33 0.20
0.11 0.24 0.08 0.01 0.40 0.11 0.20
0.16 0.43 0.46 0.48 0.05 0.18 0.47
0.08 0.18 0.41 0.28 0.12 0.10 0.21
0.21 0.15 0.45 0.36 0.49 0.13 0.43
0.31 0.14 0.50 0.84 0.50 0.33 0.25
0.03 0.15 0.80 0.10 0.06 0.29 0.30
0.15 0.05 0.42 0.83 0.25 0.99 0.17
0.19 0.22 0.09 0.63 0.16 0.90 0.20
0.23 0.11 0.12 0.34 0.42 0.47 0.02
0.21 0.22 0.31 0.24 0.69 0.13 0.37
0.39 0.04 0.28 0.65 0.26 0.05 0.21
0.13 0.01 0.07 0.32 0.12 0.84 0.48
0.61 0.01 0.08 0.01 0.46 0.40 0.47
0.23 0.44 0.20 0.27 0.20 0.37 0.03
0.34 0.41 0.24 0.27 0.24 0.38 0.22
0.20 0.26 0.19 0.06 0.33 0.11 0.80
0.13 0.20 0.13 0.25 0.77 0.28 0.15
0.09 0.56 0.52 0.31 0.25 0.06 0.15
0.35 0.52 0.12 0.08 0.37 0.09 0.35
0.58 0.08 0.75 0.49 0.39 0.48 0.11
0.16 0.06 0.34 0.23 0.06 0.21 0.17
0.40 0.52 0.25 0.13 0.22 0.02 0.08
0.02 0.25 0.18 0.84 0.15 0.53 0.18
0.05 0.42 0.70 0.01 0.06 0.25 0.39
0.10 0.09 0.26 0.39 0.48 1.00 0.07
0.03 0.09 0.32 0.09 0.05 0.16 0.46
0.12 0.37 0.38 0.23 0.29 0.04 0.22
0.33 0.32 0.30 0.32 0.13 0.03 0.49
0.03 0.08 0.44 0.27 0.07 0.32 0.01
0.41 0.08 0.12 0.31 0.23 0.22 0.12
0.09 0.01 0.42 0.23 0.23 0.44 0.19
0.33 0.37 0.29 0.13 0.13 0.11 0.17
0.22 0.49 0.16 0.35 0.19 0.35 0.05
0.33 0.65 0.45 0.17 0.20 0.34 0.03
0.22 0.27 0.45 0.14 0.58 0.03 0.12
0.25 0.22 0.39 0.18 0.02 0.49 0.32
0.14 0.26 0.11 0.14 0.17 0.29 0.82
0.07 0.11 0.30 0.48 0.11 0.04 0.18
0.07 0.07 0.38 0.26 0.25 0.14 0.09
0.33 0.04 0.34 0.19 0.89 0.23 0.10
0.07 0.30 0.11 0.39 0.10 0.31 0.81
0.02 0.05 0.22 0.63 0.28 0.31 0.39
0.42 0.05 0.19 0.27 0.36 0.33 0.49
0.42 0.30 0.27 1.00 0.39 0.15 0.31
0.43 0.16 0.12 0.33 0.31 0.11 0.20
0.40 0.08 0.15 0.33 0.43 0.03 0.09
0.02 0.13 0.07 0.83 0.30 0.32 0.19
0.03 0.15 0.15 0.03 0.47 0.29 0.16
0.23 0.12 0.31 0.96 0.09 0.57 0.21
0.08 0.07 0.49 0.42 0.11 0.43 0.24
0.24 0.30 0.31 0.36 0.18 0.41 0.07
0.01 0.95 0.37 0.44 0.20 0.14 0.42
0.19 0.35 0.13 0.44 0.32 0.13 0.04
0.34 0.14 0.44 0.10 0.46 0.05 0.16
0.06 0.56 0.96 0.37 0.28 0.25 0.25
0.35 0.06 0.15 0.30 0.02 0.74 0.83
0.90 0.28 0.01 0.93 0.18 0.23 0.06
0.13 0.48 0.32 0.21 0.15 0.47 0.36
0.28 0.11 0.28 0.06 0.39 0.07 0.38
0.05 0.50 0.03 0.47 0.34 0.06 0.40
0.77 0.08 0.90 0.06 0.12 0.60 0.08
0.43 0.32 0.50 0.15 0.09 0.44 0.18
0.18 0.16 0.28 0.42 0.21 0.27 0.68
0.39 0.31 0.30 0.49 0.67 0.15 0.10
0.80 0.27 0.07 0.16 0.93 0.72 0.06
0.13 0.25 0.03 0.08 0.71 0.22 0.19
0.33 0.42 0.43 0.49 0.10 0.01 0.05
0.14 0.40 0.05 0.36 0.45 0.49 0.28
0.08 0.35 0.42 0.17 0.23 0.17 0.25
0.04 0.18 0.01 0.27 0.28 0.07 0.25
0.46 0.80 0.11 0.26 0.33 0.16 0.59
0.27 0.16 0.04 0.34 0.18 0.03 0.37
0.05 0.61 0.16 0.20 0.16 0.79 0.42
0.15 0.16 0.25 0.22 0.20 0.43 0.33
0.50 0.17 0.31 0.29 0.33 0.10 0.28
0.25 0.15 0.24 0.74 0.34 0.27 0.44
0.41 0.30 0.04 0.09 0.37 0.69 0.34
0.03 0.01 0.30 0.81 0.17 0.28 0.19
0.41 0.23 0.74 0.06 0.37 0.15 0.43
0.15 0.16 0.45 0.10 0.27 0.49 0.40
0.41 0.01 0.38 0.91 0.15 0.06 0.19
0.26 0.25 0.28 0.50 0.12 0.79 0.05
0.37 0.49 0.26 0.49 0.16 0.62 0.10
0.22 0.19 0.42 0.22 0.17 0.45 0.09
0.40 0.05 0.14 0.91 0.30 0.01 0.50
0.50 0.03 1.00 0.49 0.04 0.09 0.32
0.06 0.06 0.06 0.11 0.34 0.14 0.31
0.03 0.68 0.42 0.70 0.56 0.16 0.28
0.51 0.20 0.31 0.44 0.18 0.75 0.04
0.18 0.88 0.03 0.23 0.38 0.65 0.20
0.04 0.23 0.49 0.17 0.05 0.45 0.02
0.14 0.09 0.32 0.38 0.18 0.09 0.26
0.02 0.35 0.06 0.31 0.18 0.10 0.45
0.27 0.09 0.29 0.43 0.31 0.17 0.05
0.27 0.02 0.18 0.02 0.14 0.04 0.08
0.20 0.84 0.12 0.05 0.37 0.03 0.32
0.34 0.49 0.32 0.99 0.09 0.02 0.10
0.01 0.76 0.71 0.08 0.02 0.10 0.47
0.41 0.93 0.02 0.07 0.25 0.19 0.38
0.16 0.44 0.25 0.50 0.06 0.14 0.21
0.17 0.01 0.40 0.23 0.50 0.21 0.40
0.30 0.41 0.39 0.27 0.01 0.09 0.35
0.45 0.43 0.05 0.10 0.50 0.25 0.87
0.16 0.08 0.08 0.12 0.17 0.72 0.11
0.14 0.50 0.46 0.22 0.34 0.27 0.05
0.92 0.21 0.10 0.03 0.50 0.24 0.43
0.26 0.43 0.16 0.16 0.19 0.48 0.36
0.82 0.01 0.02 0.27 0.41 0.06 0.19
0.02 0.34 0.15 0.95 0.28 0.21 0.17
1.00 0.36 0.24 0.11 0.43 0.02 0.07
0.22 0.50 0.09 0.25 0.10 0.11 0.48
0.24 0.02 0.39 0.49 0.43 0.44 0.34
0.82 0.01 0.35 0.03 0.17 0.10 0.35
0.09 0.14 0.43 0.43 0.23 0.04 0.01
0.85 0.39 0.07 0.29 0.09 0.18 0.32
0.22 0.09 0.46 0.08 0.04 0.01 0.41
0.12 0.03 0.09 0.38 0.43 0.48 0.11
0.02 0.27 0.44 0.03 0.10 0.21 0.49
0.22 0.41 0.05 0.09 0.31 0.45 0.43
0.31 0.48 0.09 0.14 0.44 0.08 0.46
0.05 0.13 0.12 0.34 0.76 0.09 0.24
0.18 0.15 0.16 0.26 0.33 0.32 0.27
0.39 0.77 0.17 0.20 0.04 0.44 0.19
0.22 0.07 0.40 0.76 0.96 0.04 0.80
0.38 0.30 0.10 0.13 0.25 0.32 0.07
0.30 0.20 0.15 0.51 0.01 0.04 0.18
0.44 0.24 0.24 0.13 0.49 0.13 0.04
0.03 0.06 0.41 0.49 0.86 0.44 0.31
0.46 0.06 0.07 0.30 1.00 0.03 0.99
0.16 0.76 0.39 0.07 0.17 0.30 0.08
0.36 0.24 0.11 0.10 0.33 0.40 0.35
0.18 0.17 0.29 0.83 0.02 0.01 0.18
0.06 0.29 0.17 0.08 0.37 0.24 0.67
0.37 0.25 0.31 0.40 0.05 0.17 0.30
0.23 0.13 0.07 0.28 0.07 0.01 0.48
0.05 0.33 0.43 0.12 0.29 0.33 0.26
0.10 0.15 0.09 0.33 0.38 0.11 0.35
0.30 0.26 0.11 0.22 0.85 0.01 0.20
0.15 0.02 0.45 0.14 0.29 0.19 0.47
0.01 0.39 0.31 0.21 0.18 0.25 0.73
0.31 0.19 0.07 0.36 0.16 0.33 0.05
0.05 0.18 0.03 0.37 0.22 0.15 0.03
0.11 0.32 0.43 0.06 0.28 0.15 0.24
0.47 0.13 0.10 0.06 0.43 0.82 0.24
0.03 0.33 0.26 0.48 0.17 0.30 0.09
0.09 0.01 0.21 0.40 0.34 0.28 0.65
0.14 0.02 0.35 0.21 0.18 0.23 0.28
0.59 0.50 0.15 0.40 0.01 0.31 0.33
0.12 0.08 0.31 0.42 0.15 0.44 0.17
0.30 0.07 0.09 0.17 0.92 0.14 0.23
0.18 0.35 0.10 0.26 0.30 0.08 0.02
0.47 0.50 0.02 0.76 0.12 0.99 0.12
0.31 0.86 0.01 0.15 0.10 0.22 0.18
0.03 0.30 0.40 0.29 0.14 0.34 0.07
0.23 0.43 0.31 0.25 0.09 0.11 0.29
0.12 0.48 0.29 0.25 0.05 0.07 0.13
0.04 0.84 0.32 0.15 0.11 0.25 0.26
0.02 0.03 0.14 0.47 0.03 0.51 0.48
0.05 0.22 0.17 0.48 0.06 0.01 0.38
0.26 0.27 0.01 0.13 0.10 0.99 0.09
0.26 0.47 0.01 0.14 0.25 0.21 0.74
0.26 0.20 0.12 0.22 0.18 0.11 0.46
0.24 0.09 0.44 0.17 0.33 0.26 0.22
0.06 0.38 0.15 0.33 0.04 0.31 0.06
0.10 0.37 0.47 0.34 0.50 0.28 0.01
0.47 0.57 0.06 0.03 0.58 0.11 0.31
0.17 0.07 0.24 0.26 0.95 0.37 0.09
0.27 0.28 0.04 0.15 0.44 0.49 0.42
0.22 0.40 0.17 0.18 0.07 0.93 0.11
0.03 0.40 0.29 0.21 0.19 0.26 0.44
