200 7
87 2 27 91 57 30 50
47 87 7 4 42 86 3
25 19 5 50 2 87 47
47 2 2 5 1 3 39
49 13 10 15 10 13 9
28 15 27 32 36 50 25
46 36 97 10 19 1 33
17 17 2 1 1 27 45
15 49 84 7 13 49 48
29 42 19 24 36 28 16
35 37 31 32 17 11 28
22 23 29 36 50 5 22
19 39 21 14 22 39 41
32 3 22 8 46 69 24
45 37 42 16 36 20 73
39 2 36 11 3 14 29
23 49 20 28 24 13 1
46 83 27 26 36 17 34
13 7 40 7 82 65 4
42 4 13 47 100 18 65
22 15 32 42 22 27 16
22 20 32 13 15 6 26
13 13 49 12 47 14 43
12 37 44 17 45 23 9
39 44 8 2 32 95 29
19 28 17 23 19 31 35
4 43 25 37 79 22 7
73 39 39 20 12 40 1
14 66 37 45 48 41 97
46 3 77 13 11 33 20
11 24 8 1 40 11 20
16 43 46 48 5 18 47
8 18 41 28 12 10 21
21 15 45 36 49 13 43
31 14 50 84 50 33 25
3 15 80 10 6 29 30
15 5 42 83 25 99 17
19 22 9 63 16 90 20
23 11 12 34 42 47 2
21 22 31 24 69 13 37
39 4 28 65 26 5 21
13 1 7 32 12 84 48
61 1 8 1 46 40 47
23 44 20 27 20 37 3
34 41 24 27 24 38 22
20 26 19 6 33 11 80
13 20 13 25 77 28 15
9 56 52 31 25 6 15
35 52 12 8 37 9 35
58 8 75 49 39 48 11
16 6 34 23 6 21 17
40 52 25 13 22 2 8
2 25 18 84 15 53 18
5 42 70 1 6 25 39
10 9 26 39 48 100 7
3 9 32 9 5 16 46
12 37 38 23 29 4 22
33 32 30 32 13 3 49
3 8 44 27 7 32 1
41 8 12 31 23 22 12
9 1 42 23 23 44 19
33 37 29 13 13 11 17
22 49 16 35 19 35 5
33 65 45 17 20 34 3
22 27 45 14 58 3 12
25 22 39 18 2 49 32
14 26 11 14 17 29 82
7 11 30 48 11 4 18
7 7 38 26 25 14 9
33 4 34 19 89 23 10
7 30 11 39 10 31 81
2 5 22 63 28 31 39
42 5 19 27 36 33 49
42 30 27 100 39 15 31
43 16 12 33 31 11 20
40 8 15 33 43 3 9
2 13 7 83 30 32 19
3 15 15 3 47 29 16
23 12 31 96 9 57 21
8 7 49 42 11 43 24
24 30 31 36 18 41 7
1 95 37 44 20 14 42
19 35 13 44 32 13 4
34 14 44 10 46 5 16
6 56 96 37 28 25 25
35 6 15 30 2 74 83
90 28 1 93 18 23 6
13 48 32 21 15 47 36
28 11 28 6 39 7 38
5 50 3 47 34 6 40
77 8 90 6 12 60 8
43 32 50 15 9 44 18
18 16 28 42 21 27 68
39 31 30 49 67 15 10
80 27 7 16 93 72 6
13 25 3 8 71 22 19
33 42 43 49 10 1 5
14 40 5 36 45 49 28
8 35 42 17 23 17 25
4 18 1 27 28 7 25
46 80 11 26 33 16 59
27 16 4 34 18 3 37
5 61 16 20 16 79 42
15 16 25 22 20 43 33
50 17 31 29 33 10 28
25 15 24 74 34 27 44
41 30 4 9 37 69 34
3 1 30 81 17 28 19
41 23 74 6 37 15 43
15 16 45 10 27 49 40
41 1 38 91 15 6 19
26 25 28 50 12 79 5
37 49 26 49 16 62 10
22 19 42 22 17 45 9
40 5 14 91 30 1 50
50 3 100 49 4 9 32
6 6 6 11 34 14 31
3 68 42 70 56 16 28
51 20 31 44 18 75 4
18 88 3 23 38 65 20
4 23 49 17 5 45 2
14 9 32 38 18 9 26
2 35 6 31 18 10 45
27 9 29 43 31 17 5
27 2 18 2 14 4 8
20 84 12 5 37 3 32
34 49 32 99 9 2 10
1 76 71 8 2 10 47
41 93 2 7 25 19 38
16 44 25 50 6 14 21
17 1 40 23 50 21 40
30 41 39 27 1 9 35
45 43 5 10 50 25 87
16 8 8 12 17 72 11
14 50 46 22 34 27 5
92 21 10 3 50 24 43
26 43 16 16 19 48 36
82 1 2 27 41 6 19
2 34 15 95 28 21 17
100 36 24 11 43 2 7
22 50 9 25 10 11 48
24 2 39 49 43 44 34
82 1 35 3 17 10 35
9 14 43 43 23 4 1
85 39 7 29 9 18 32
22 9 46 8 4 1 41
12 3 9 38 43 48 11
2 27 44 3 10 21 49
22 41 5 9 31 45 43
31 48 9 14 44 8 46
5 13 12 34 76 9 24
18 15 16 26 33 32 27
39 77 17 20 4 44 19
22 7 40 76 96 4 80
38 30 10 13 25 32 7
30 20 15 51 1 4 18
44 24 24 13 49 13 4
3 6 41 49 86 44 31
46 6 7 30 100 3 99
16 76 39 7 17 30 8
36 24 11 10 33 40 35
18 17 29 83 2 1 18
6 29 17 8 37 24 67
37 25 31 40 5 17 30
23 13 7 28 7 1 48
5 33 43 12 29 33 26
10 15 9 33 38 11 35
30 26 11 22 85 1 20
15 2 45 14 29 19 47
1 39 31 21 18 25 73
31 19 7 36 16 33 5
5 18 3 37 22 15 3
11 32 43 6 28 15 24
47 13 10 6 43 82 24
3 33 26 48 17 30 9
9 1 21 40 34 28 65
14 2 35 21 18 23 28
59 50 15 40 1 31 33
12 8 31 42 15 44 17
30 7 9 17 92 14 23
18 35 10 26 30 8 2
47 50 2 76 12 99 12
31 86 1 15 10 22 18
3 30 40 29 14 34 7
23 43 31 25 9 11 29
12 48 29 25 5 7 13
4 84 32 15 11 25 26
2 3 14 47 3 51 48
5 22 17 48 6 1 38
26 27 1 13 10 99 9
26 47 1 14 25 21 74
26 20 12 22 18 11 46
24 9 44 17 33 26 22
6 38 15 33 4 31 6
10 37 47 34 50 28 1
47 57 6 3 58 11 31
17 7 24 26 95 37 9
27 28 4 15 44 49 42
22 40 17 18 7 93 11
3 40 29 21 19 26 44
