200 7
0.02 0.42 0.53 0.69 0.78 0.58 0.80
0.43 0.65 0.14 0.79 0.62 0.05 0.32
0.56 0.07 0.28 0.38 0.89 0.29 0.24
0.06 0.29 0.10 0.21 0.02 0.49 0.42
0.63 0.12 0.05 0.05 0.26 0.02 0.16
0.01 0.32 0.28 0.45 0.25 0.30 0.05
0.44 0.07 0.18 0.42 0.68 0.07 0.03
0.38 0.88 0.07 0.14 0.62 0.39 0.51
0.38 0.01 0.80 0.05 0.18 0.30 0.28
0.34 0.06 0.38 0.38 0.45 0.02 0.06
0.41 0.39 0.37 0.95 0.08 0.39 0.72
0.35 0.10 0.83 0.22 0.25 0.45 0.42
0.16 0.69 0.65 0.39 0.42 0.24 0.38
0.04 0.36 0.33 0.37 0.39 0.24 0.42
0.28 0.93 0.37 0.01 0.05 0.22 0.49
0.05 0.35 0.36 0.39 0.18 0.46 0.17
0.20 0.26 0.51 0.06 0.25 0.48 0.11
0.32 0.42 0.16 0.27 0.33 0.15 0.47
0.37 0.28 0.25 0.48 0.37 0.11 0.22
0.26 0.42 0.19 0.36 0.04 0.23 0.28
0.15 0.35 0.25 0.29 0.50 0.40 0.46
0.07 0.24 0.50 0.38 0.16 0.02 0.17
0.12 0.06 0.10 0.04 0.36 0.76 0.27
0.24 0.38 0.01 0.43 0.21 0.05 0.42
0.17 0.31 0.08 0.38 0.32 0.24 0.42
0.37 0.45 0.26 0.34 0.19 0.16 0.02
0.30 0.12 0.05 0.21 0.13 0.50 0.46
0.47 0.34 0.28 0.34 0.32 0.42 0.34
0.40 0.39 0.34 0.17 0.23 0.13 0.44
0.39 0.32 0.40 0.33 0.10 0.27 0.21
0.37 0.02 0.30 0.48 0.60 0.39 0.01
0.83 0.46 0.26 0.43 0.02 0.37 0.03
0.04 0.24 0.18 0.40 0.14 0.39 0.14
0.34 0.39 0.13 0.06 0.41 0.27 0.26
0.50 0.96 0.08 0.12 0.02 0.02 0.10
0.40 0.08 0.13 0.49 0.41 0.40 0.25
0.50 0.03 0.32 0.08 0.42 0.24 0.50
0.03 0.16 0.03 0.26 0.21 0.02 0.32
0.22 0.27 0.11 0.43 0.21 0.09 0.29
0.27 0.07 0.35 0.03 0.12 0.28 0.01
0.20 0.05 0.18 0.84 0.13 0.47 0.07
0.10 0.94 0.23 0.34 0.61 0.65 0.28
0.06 0.01 0.48 0.24 0.46 0.73 0.03
0.14 0.01 0.32 0.24 0.23 0.29 0.15
0.10 0.18 0.40 0.15 0.09 0.88 0.13
0.45 0.04 0.05 0.93 0.15 0.21 0.97
0.35 0.04 0.27 0.38 0.21 0.08 0.02
0.46 0.05 0.34 0.03 0.33 0.38 0.44
0.39 0.09 0.08 0.07 0.07 0.71 0.39
0.12 0.25 0.17 0.69 0.16 0.24 0.21
0.48 0.37 0.14 0.32 0.33 0.30 0.08
0.40 0.74 0.24 0.24 0.43 0.21 0.28
0.16 0.06 0.18 0.38 0.02 0.05 0.02
0.07 0.18 0.30 0.28 0.58 0.13 0.18
0.47 0.18 0.51 0.14 0.65 0.26 0.58
0.18 0.19 0.10 0.05 0.56 0.42 0.15
0.12 0.60 0.09 0.40 0.19 0.20 0.18
0.08 0.74 0.15 0.35 0.14 0.19 0.70
0.02 0.25 0.22 0.07 0.10 0.41 0.27
0.03 0.25 0.26 0.24 0.01 0.31 0.10
0.34 0.23 0.15 0.25 0.31 0.19 0.13
0.15 0.24 0.33 0.27 0.35 0.73 0.07
0.01 0.80 0.09 0.07 0.28 0.10 0.39
0.14 0.27 0.29 0.63 0.94 0.19 0.25
0.49 0.16 0.15 0.23 0.04 0.36 0.02
0.25 0.14 0.41 0.21 0.05 0.12 0.16
0.25 0.35 0.16 0.35 0.06 0.31 0.67
0.01 0.46 0.28 0.23 0.25 0.37 0.28
0.45 0.03 0.42 0.18 0.11 0.44 1.00
0.03 0.28 0.15 0.11 0.06 0.24 0.48
0.12 0.50 0.01 0.14 0.24 0.15 0.08
0.35 0.01 0.15 0.03 0.55 0.47 0.17
0.19 0.50 0.08 0.38 0.08 0.50 0.20
0.16 0.26 0.18 0.15 0.14 0.21 0.17
0.06 0.01 0.40 0.22 0.39 0.16 0.12
0.26 0.30 0.26 0.05 0.02 0.20 0.48
0.38 0.17 0.08 0.39 0.04 0.66 0.34
0.17 0.65 0.04 0.20 0.15 0.12 0.28
0.44 0.38 0.26 0.06 0.24 0.45 0.18
0.05 0.10 0.91 0.04 0.35 0.02 0.22
0.27 0.15 0.47 0.30 0.16 0.14 0.03
0.43 0.45 0.12 0.45 0.45 0.03 0.03
0.05 0.14 0.21 0.33 0.10 0.04 0.36
0.50 0.45 0.30 0.29 0.94 0.03 0.25
0.44 0.36 0.04 0.55 0.36 0.90 0.28
0.22 0.17 0.37 0.22 0.17 0.46 0.42
0.47 0.88 0.50 0.14 0.05 0.10 0.14
0.41 0.31 0.26 0.11 0.11 0.04 0.06
0.10 0.41 0.33 0.06 0.26 0.22 0.37
0.38 0.27 0.07 0.14 0.09 0.07 0.45
0.04 0.17 0.41 0.15 0.44 0.97 0.08
0.33 0.31 0.23 0.07 0.03 0.23 0.09
0.27 0.04 0.44 0.15 0.45 0.20 0.03
0.45 0.39 0.34 0.10 0.35 0.02 0.30
0.39 0.25 0.06 0.06 0.29 0.31 0.28
0.24 0.39 0.35 0.06 0.38 0.14 0.27
0.03 0.69 0.29 0.19 0.13 0.40 0.18
0.84 0.14 0.11 0.42 0.15 0.18 0.42
0.17 0.06 0.05 0.42 0.26 0.48 0.61
0.38 0.22 0.10 0.01 0.16 0.62 0.76
0.20 0.36 0.37 0.08 0.11 0.15 0.06
0.08 0.84 0.16 0.10 0.03 0.15 0.81
0.82 0.12 0.10 0.82 0.30 0.41 0.14
0.18 0.87 0.12 0.34 0.64 0.46 0.03
0.25 0.09 0.10 0.17 0.30 0.50 0.01
0.09 0.18 0.28 0.08 0.33 0.14 0.64
0.41 0.24 0.27 0.12 0.48 0.13 0.07
0.25 0.40 0.09 0.42 0.30 0.29 0.09
0.23 0.12 0.27 0.33 0.23 0.50 0.22
0.08 0.34 0.13 0.37 0.02 0.38 0.01
0.17 0.12 0.09 0.46 0.09 0.28 0.32
0.07 0.44 0.56 0.49 0.06 0.21 0.49
0.48 0.37 0.19 0.31 0.32 0.29 0.04
0.21 0.13 0.47 0.09 0.50 0.20 0.06
0.49 0.87 0.43 0.20 0.06 0.07 0.90
0.33 0.15 0.29 0.09 0.21 0.84 0.45
0.06 0.22 0.31 0.22 0.17 0.38 0.34
0.32 0.08 0.46 0.09 0.09 0.05 0.41
0.77 0.99 0.07 0.02 0.23 0.24 0.36
0.18 0.25 0.18 0.31 0.05 0.46 0.19
0.07 0.34 0.14 0.20 0.19 0.32 0.25
0.10 0.03 0.48 0.37 0.47 0.04 0.13
0.13 0.13 0.33 0.52 0.09 0.12 0.28
0.30 0.25 0.04 0.46 0.21 0.12 0.30
0.47 0.01 0.28 0.04 0.05 0.14 0.03
0.08 0.08 0.15 0.47 0.30 0.47 0.88
0.28 0.25 0.34 0.29 0.32 0.05 0.08
0.38 0.03 0.44 0.11 0.24 0.09 0.12
0.23 0.15 0.12 0.13 0.35 0.31 0.05
0.06 0.01 0.14 0.10 0.26 0.04 0.41
0.40 0.83 0.08 0.24 0.14 0.33 0.29
0.34 0.23 0.09 0.19 0.41 0.09 0.22
0.47 0.12 0.29 0.13 0.01 0.66 0.33
0.25 0.44 0.05 0.40 0.08 0.32 0.36
0.02 0.27 0.39 0.14 0.35 0.17 0.31
0.09 0.67 0.03 0.41 0.32 0.37 0.25
0.30 0.08 0.21 0.29 0.46 0.39 0.18
0.07 0.24 0.43 0.27 0.31 0.96 0.22
0.37 0.31 0.41 0.01 0.41 0.34 0.47
0.06 0.10 0.25 0.13 0.16 0.18 0.05
0.05 0.38 0.43 0.42 0.41 0.03 0.28
0.01 0.08 0.27 0.30 0.43 0.42 0.35
0.25 0.34 0.03 0.18 0.38 0.49 0.49
0.29 0.05 0.30 0.46 0.24 0.08 0.24
0.04 0.27 0.42 0.05 0.22 0.37 0.04
0.02 0.43 0.09 0.11 0.11 0.20 0.05
0.36 0.07 0.17 0.13 0.49 0.29 0.09
0.08 0.02 0.43 0.37 0.49 0.12 0.12
0.50 0.29 0.25 0.04 0.11 0.42 0.11
0.11 0.12 0.15 0.30 0.61 0.48 0.26
0.14 0.11 0.05 0.38 0.22 0.47 0.18
0.12 0.49 0.24 0.02 0.19 0.02 0.05
0.02 0.06 0.80 0.37 0.21 0.05 0.24
0.09 0.08 0.44 0.22 0.09 0.28 0.60
0.34 0.28 0.11 0.31 0.15 0.08 0.79
0.24 0.01 0.38 0.20 0.24 0.16 0.29
0.48 0.42 0.43 0.02 0.05 0.26 0.27
0.16 0.32 0.15 0.44 0.63 0.17 0.02
0.10 0.04 0.29 0.03 0.90 0.91 0.24
0.13 0.21 0.76 0.01 0.46 0.42 0.14
0.15 0.87 0.17 0.36 0.35 0.03 0.31
0.05 0.22 0.66 0.09 0.02 0.33 0.09
0.09 0.17 0.42 0.56 0.38 0.29 0.04
0.08 0.48 0.01 0.33 0.23 0.20 0.27
0.15 0.54 0.48 0.96 0.07 0.12 0.81
0.13 0.32 0.05 0.02 0.24 0.23 0.11
0.20 0.15 0.34 0.25 0.13 0.90 0.15
0.32 0.43 0.33 0.35 0.46 0.01 0.93
0.48 0.46 0.20 0.14 0.05 0.30 0.21
0.17 0.38 0.09 0.01 0.33 0.34 0.25
0.04 0.22 0.04 0.32 0.01 0.25 0.50
0.44 0.52 0.04 0.94 0.12 0.15 0.30
0.48 0.12 0.50 0.12 0.45 0.07 0.36
0.20 0.09 0.26 0.20 0.09 0.04 0.37
0.43 0.40 0.17 0.04 0.40 0.04 0.25
0.27 0.38 0.03 0.40 0.16 0.45 0.19
0.27 0.08 0.26 0.02 0.16 0.36 0.01
0.49 0.16 0.08 0.12 0.49 0.14 0.17
0.37 0.45 0.85 0.01 0.12 0.27 0.14
0.14 0.11 0.44 0.12 0.47 0.34 0.11
0.26 0.15 0.01 0.36 0.43 0.12 0.08
0.42 0.21 0.14 0.27 0.09 0.38 0.13
0.13 0.26 0.02 0.20 0.02 0.47 0.17
0.31 0.43 0.68 0.14 0.21 0.05 0.50
0.01 0.42 0.30 0.26 0.92 0.37 0.45
0.14 0.79 0.06 0.23 0.02 0.33 0.04
0.11 0.42 0.11 0.95 0.20 0.48 0.09
0.20 0.13 0.43 0.26 0.01 0.39 0.48
0.16 0.44 0.42 0.21 0.47 0.06 0.38
0.12 0.12 0.06 0.13 0.09 0.21 0.49
0.18 0.42 0.20 0.22 0.25 0.03 0.60
0.48 0.14 0.04 0.18 0.08 0.16 0.20
0.07 0.19 0.28 0.24 0.47 0.25 0.01
0.49 0.60 0.06 0.04 0.15 0.01 0.16
0.02 0.19 0.32 0.06 0.76 0.07 0.21
0.18 0.05 0.23 0.98 0.25 0.38 0.50
0.24 0.41 0.03 0.38 0.17 0.30 0.12
0.02 0.31 0.12 0.23 0.28 0.13 0.40
0.39 0.12 0.02 0.92 0.36 0.07 0.28
0.32 0.17 0.25 0.02 0.41 0.21 0.10
