0.08 0.91 0.72 0.83 0.66 0.93
0.86 0.94 0.73 0.85 0.66 0.68
0.79 0.58 0.33 0.65 0.60 0.75
0.19 0.97 0.75 0.90 0.84 0.68
0.57 0.70 0.94 0.53 0.75 0.74
0.83 0.95 0.85 0.52 0.72 0.75
0.62 0.74 0.66 0.72 0.93 0.48
0.72 0.66 0.93 0.80 0.59 1.00
0.80 0.80 0.84 0.64 0.84 0.60
0.98 0.93 0.84 0.71 0.60 0.74
0.92 0.85 0.93 0.59 0.85 0.88
1.00 0.47 0.59 0.21 0.97 0.99
0.26 0.53 0.68 0.67 0.70 0.75
0.70 0.87 0.91 0.72 0.82 0.60
0.58 0.28 0.14 0.85 0.88 0.64
0.64 0.84 0.08 0.81 0.83 0.89
0.88 0.72 0.53 0.51 0.63 0.77
0.51 0.79 0.64 0.81 0.68 0.97
0.75 0.03 0.95 0.94 0.84 0.97
0.59 0.68 0.52 0.55 0.57 0.42
0.93 0.83 0.88 0.85 0.64 0.15
0.91 0.95 0.89 0.27 0.90 0.82
0.72 0.41 0.74 0.28 0.54 0.33
0.41 0.11 0.62 0.56 0.81 0.47
0.86 0.60 0.89 0.33 0.25 0.60
0.88 0.80 0.08 0.66 0.39 0.11
0.48 0.33 0.94 0.60 0.87 0.05
0.93 0.61 0.94 1.00 0.05 0.70
0.57 0.12 0.08 0.78 0.96 0.29
0.68 0.85 0.76 0.95 0.01 0.53
0.75 0.50 0.01 0.83 0.87 0.11
0.76 0.60 0.62 0.94 0.32 0.75
0.19 0.55 0.82 0.92 0.11 0.92
0.88 0.79 0.84 0.92 0.20 0.74
0.44 0.77 0.77 0.50 0.55 0.83
0.77 0.46 0.96 0.69 0.56 0.14
0.72 0.65 0.70 0.26 0.01 0.94
0.02 0.30 0.93 0.87 0.95 0.90
0.68 0.66 0.88 0.64 0.79 0.81
0.56 0.71 0.84 0.56 0.73 1.00
0.67 0.05 0.96 0.65 0.13 0.73
0.97 0.44 0.08 0.72 0.14 0.93
0.14 0.81 0.95 0.61 0.92 0.92
0.94 0.62 0.27 0.99 0.38 0.89
0.86 0.28 0.72 0.56 0.56 0.38
0.94 0.76 0.60 0.69 0.35 0.55
0.20 0.83 0.88 0.12 0.78 0.52
0.89 0.02 0.70 0.77 0.11 0.99
0.73 0.19 0.91 0.12 0.88 0.60
0.66 0.78 0.54 0.63 0.49 0.01
0.96 0.22 0.52 0.94 0.28 0.38
0.76 0.42 0.80 0.20 0.77 0.92
0.34 0.65 0.88 0.02 0.58 0.38
0.57 0.56 0.01 0.75 0.59 0.57
0.23 0.61 0.84 0.47 0.07 0.83
0.76 0.76 0.69 0.89 0.36 0.99
0.52 0.71 0.09 0.22 0.18 0.35
0.53 0.09 0.93 0.94 1.00 0.73
0.99 0.39 0.71 0.91 0.83 0.10
0.60 0.20 0.67 0.62 0.79 0.24
0.18 0.24 0.53 0.32 0.99 0.87
0.61 0.03 0.72 0.17 0.99 0.58
0.65 0.70 0.32 0.03 0.59 0.76
0.09 0.79 0.06 1.00 0.70 0.77
0.24 0.65 0.87 0.83 0.55 0.60
0.34 1.00 0.55 0.56 0.33 0.56
0.69 0.98 0.82 0.16 0.20 0.65
0.81 0.64 0.29 0.11 0.95 0.61
0.86 0.64 0.27 0.86 0.74 0.55
0.55 0.41 0.09 0.64 0.35 0.63
0.82 0.81 0.16 0.44 0.52 0.23
0.10 0.92 0.93 0.66 0.79 0.99
0.89 0.26 0.91 0.33 0.83 0.90
0.78 0.01 0.80 0.75 0.59 0.93
0.30 0.55 0.51 0.78 0.44 0.76
0.61 0.08 0.65 0.73 0.71 0.47
0.78 0.49 0.85 0.43 0.01 0.89
0.67 0.22 0.67 0.22 0.66 0.77
0.94 0.82 0.14 0.43 0.72 0.17
0.98 0.65 0.39 0.81 0.08 0.65
0.20 0.64 0.64 0.92 0.57 0.26
0.72 0.20 0.20 0.19 0.59 0.66
0.66 0.80 0.91 0.62 0.13 0.71
0.90 0.91 0.59 0.52 0.45 0.28
0.93 0.66 0.48 0.66 0.71 0.44
0.83 0.15 0.75 0.63 0.60 0.69
0.85 0.12 0.07 0.90 0.93 0.74
0.18 0.80 0.64 0.76 0.29 0.61
0.53 0.29 0.65 0.58 0.12 0.77
0.42 0.76 0.67 0.68 0.53 0.76
0.90 0.83 0.53 0.51 0.56 0.20
0.20 0.79 0.57 0.32 0.47 0.34
0.77 0.79 0.32 0.91 0.45 0.28
0.05 0.60 0.76 0.85 0.85 0.61
0.38 0.96 0.68 0.80 0.07 0.78
0.54 0.07 0.88 0.09 0.77 0.97
0.69 0.78 0.70 0.21 0.49 0.72
0.41 0.66 0.87 0.51 0.74 0.17
0.34 0.19 0.22 0.94 0.58 0.72
0.53 0.12 0.61 0.42 0.86 0.48
0.40 0.06 0.41 0.74 0.72 0.66
0.52 0.17 0.94 0.54 0.90 0.21
0.65 0.81 0.82 0.58 0.83 0.15
0.65 0.53 0.67 0.77 0.61 0.14
0.57 0.15 0.55 0.52 0.65 0.54
0.78 0.85 0.54 0.55 0.61 0.08
0.59 0.85 0.58 0.70 0.41 0.21
0.75 0.13 0.38 0.73 0.61 0.25
0.54 0.48 0.09 0.74 0.91 0.15
0.33 0.76 0.76 0.28 0.30 0.91
0.96 0.47 0.99 0.56 0.53 0.31
0.53 0.04 0.41 0.90 0.59 0.66
0.67 0.09 0.01 0.54 0.28 0.87
0.37 0.90 0.66 0.68 0.42 0.59
0.54 0.45 0.80 0.81 0.56 0.59
0.30 0.52 0.92 0.88 0.88 0.51
0.32 0.84 0.05 0.83 0.38 0.69
0.68 0.11 0.55 0.66 0.97 0.86
0.93 0.77 0.54 0.77 0.40 0.04
0.51 0.83 0.92 0.85 0.64 0.07
0.35 0.61 0.70 0.84 0.82 0.21
0.60 0.85 0.52 0.53 0.74 0.28
0.92 0.78 0.50 0.22 0.67 0.33
0.05 0.62 0.64 0.91 0.60 0.69
0.76 0.34 0.72 0.06 0.57 0.78
0.43 0.50 0.68 0.74 0.52 0.21
0.30 0.50 0.28 0.54 0.05 0.86
0.71 0.66 0.96 0.63 0.16 0.71
0.64 0.12 0.94 0.75 0.59 0.81
0.58 0.35 0.18 0.51 0.17 0.62
0.13 0.54 0.67 0.77 0.57 0.61
0.74 0.52 0.64 0.78 0.78 0.51
0.87 0.15 0.90 1.00 0.02 0.66
0.75 0.58 0.04 0.01 0.57 0.97
0.99 0.50 0.35 0.58 0.86 0.58
0.91 0.10 0.78 0.32 0.54 0.87
0.47 0.31 0.84 0.70 0.73 0.32
0.79 0.61 0.54 0.54 0.01 0.29
0.33 0.80 0.14 0.19 0.75 0.69
0.33 0.38 0.61 0.24 0.98 0.07
0.97 0.82 0.97 0.03 0.28 0.90
0.60 0.34 0.75 0.22 0.94 0.92
0.79 0.66 0.61 0.73 0.96 0.09
0.09 0.72 0.76 0.66 0.50 0.59
0.92 0.58 0.60 0.84 0.74 0.22
0.64 0.72 0.51 0.13 0.64 0.72
0.54 0.28 0.58 0.30 0.87 0.82
0.98 0.78 0.53 0.27 0.53 0.34
0.66 0.15 0.45 0.82 0.39 0.77
0.82 0.79 0.53 0.15 0.60 0.75
0.62 0.06 0.54 0.93 0.56 0.95
0.28 0.69 0.83 0.51 0.79 0.55
0.91 0.91 0.81 0.17 0.69 0.37
0.87 0.88 0.96 0.39 0.80 0.26
0.91 0.83 0.56 0.13 0.71 0.65
0.79 0.88 0.24 0.92 0.74 0.03
0.19 0.51 0.61 0.52 0.35 0.52
0.24 0.71 0.46 0.62 0.39 0.61
0.19 0.76 0.90 0.94 0.65 0.39
0.93 0.04 0.37 0.97 0.02 0.59
1.00 0.54 0.85 0.51 0.73 0.05
0.63 0.95 0.35 0.85 0.89 0.16
0.05 0.06 0.49 0.82 0.71 0.57
0.74 0.75 0.56 1.00 0.73 0.08
0.63 0.93 0.37 0.95 0.81 0.28
0.17 0.03 0.56 0.82 0.54 0.78
0.95 0.47 0.61 0.16 0.82 0.58
0.62 0.57 0.16 0.51 0.93 0.94
0.63 0.62 0.71 0.85 0.44 0.38
0.51 0.68 0.76 0.85 1.00 0.02
0.51 0.73 0.04 0.80 1.00 0.87
0.11 0.51 0.82 0.66 0.10 0.65
0.60 0.79 0.07 0.73 0.86 0.64
0.89 0.55 0.51 0.93 0.55 0.56
0.78 0.35 0.60 0.10 0.91 0.88
0.03 0.72 0.83 0.76 0.86 0.89
0.90 0.53 0.56 0.52 0.07 0.83
0.55 0.14 0.41 0.13 0.97 0.70
0.62 0.01 0.79 0.94 0.65 0.23
0.11 0.89 0.28 0.82 0.95 0.09
0.59 0.57 0.57 0.59 0.65 0.53
0.73 0.04 0.89 0.92 0.28 0.51
0.59 0.64 0.80 0.20 0.68 0.85
0.77 0.19 0.63 0.40 0.44 0.90
0.78 0.33 0.81 0.30 0.54 0.81
0.71 0.24 0.52 0.72 0.84 0.61
1.00 0.20 1.00 0.82 0.14 0.52
0.47 0.90 0.26 0.89 0.76 0.20
0.78 0.05 0.53 0.72 1.00 0.84
0.28 0.74 0.78 0.78 0.07 0.62
0.52 0.99 0.58 0.26 0.09 0.64
0.70 0.59 0.23 0.91 0.64 0.55
0.79 0.57 0.04 0.96 0.83 0.52
0.61 0.21 0.53 0.03 0.25 0.95
0.56 0.80 0.07 0.61 0.43 0.93
0.46 0.87 0.89 0.35 0.05 0.68
0.16 0.84 0.55 0.77 0.54 0.04
0.83 0.72 0.78 0.75 0.52 0.19
0.76 0.47 0.94 0.16 0.02 0.54
0.87 0.06 0.10 0.78 0.92 0.65
0.88 0.19 0.67 0.85 0.56 0.69
0.99 0.84 0.08 0.29 0.35 0.74
0.73 0.59 0.86 0.90 0.25 0.59
0.65 0.97 0.79 0.13 0.58 0.60
0.70 0.39 0.02 0.39 0.30 0.61
0.04 0.68 0.52 0.72 0.72 0.77
0.71 0.95 0.64 0.57 0.79 0.04
0.84 0.11 0.67 0.19 0.63 0.97
0.67 0.63 0.75 0.65 0.14 0.63
0.14 0.99 0.73 0.57 0.38 0.84
0.43 0.59 0.61 0.98 0.59 0.31
0.71 0.08 0.98 0.61 0.53 0.81
0.10 0.77 0.38 0.80 0.83 0.86
0.99 0.58 0.45 0.80 0.04 0.67
0.20 0.57 0.82 0.73 0.96 0.47
0.51 0.77 0.05 0.79 0.93 0.73
1.00 0.62 0.20 0.29 0.72 0.55
0.81 0.10 0.78 0.95 0.56 0.64
0.38 0.71 0.57 0.92 0.10 0.85
0.01 0.72 0.64 0.90 0.97 0.86
0.49 0.22 0.43 0.77 0.77 0.64
0.84 0.85 0.91 0.60 0.57 0.17
0.69 0.23 0.59 0.97 0.12 0.73
0.30 0.23 0.42 0.86 0.71 0.78
0.72 0.04 0.45 0.90 0.53 0.84
0.92 0.52 0.73 0.17 0.06 0.89
0.24 0.70 0.12 0.71 0.81 0.95
0.27 0.67 0.99 0.32 0.99 0.06
0.22 0.82 0.34 0.28 0.91 0.17
0.68 0.39 0.86 0.41 0.13 0.14
