8 91 72 83 66 93
86 94 73 85 66 68
79 58 33 65 60 75
19 97 75 90 84 68
57 70 94 53 75 74
83 95 85 52 72 75
62 74 66 72 93 48
72 66 93 80 59 100
80 80 84 64 84 60
98 93 84 71 60 74
92 85 93 59 85 88
100 47 59 21 97 99
26 53 68 67 70 75
70 87 91 72 82 60
58 28 14 85 88 64
64 84 8 81 83 89
88 72 53 51 63 77
51 79 64 81 68 97
75 3 95 94 84 97
59 68 52 55 57 42
93 83 88 85 64 15
91 95 89 27 90 82
72 41 74 28 54 33
41 11 62 56 81 47
86 60 89 33 25 60
88 80 8 66 39 11
48 33 94 60 87 5
93 61 94 100 5 70
57 12 8 78 96 29
68 85 76 95 1 53
75 50 1 83 87 11
76 60 62 94 32 75
19 55 82 92 11 92
88 79 84 92 20 74
44 77 77 50 55 83
77 46 96 69 56 14
72 65 70 26 1 94
2 30 93 87 95 90
68 66 88 64 79 81
56 71 84 56 73 100
67 5 96 65 13 73
97 44 8 72 14 93
14 81 95 61 92 92
94 62 27 99 38 89
86 28 72 56 56 38
94 76 60 69 35 55
20 83 88 12 78 52
89 2 70 77 11 99
73 19 91 12 88 60
66 78 54 63 49 1
96 22 52 94 28 38
76 42 80 20 77 92
34 65 88 2 58 38
57 56 1 75 59 57
23 61 84 47 7 83
76 76 69 89 36 99
52 71 9 22 18 35
53 9 93 94 100 73
99 39 71 91 83 10
60 20 67 62 79 24
18 24 53 32 99 87
61 3 72 17 99 58
65 70 32 3 59 76
9 79 6 100 70 77
24 65 87 83 55 60
34 100 55 56 33 56
69 98 82 16 20 65
81 64 29 11 95 61
86 64 27 86 74 55
55 41 9 64 35 63
82 81 16 44 52 23
10 92 93 66 79 99
89 26 91 33 83 90
78 1 80 75 59 93
30 55 51 78 44 76
61 8 65 73 71 47
78 49 85 43 1 89
67 22 67 22 66 77
94 82 14 43 72 17
98 65 39 81 8 65
20 64 64 92 57 26
72 20 20 19 59 66
66 80 91 62 13 71
90 91 59 52 45 28
93 66 48 66 71 44
83 15 75 63 60 69
85 12 7 90 93 74
18 80 64 76 29 61
53 29 65 58 12 77
42 76 67 68 53 76
90 83 53 51 56 20
20 79 57 32 47 34
77 79 32 91 45 28
5 60 76 85 85 61
38 96 68 80 7 78
54 7 88 9 77 97
69 78 70 21 49 72
41 66 87 51 74 17
34 19 22 94 58 72
53 12 61 42 86 48
40 6 41 74 72 66
52 17 94 54 90 21
65 81 82 58 83 15
65 53 67 77 61 14
57 15 55 52 65 54
78 85 54 55 61 8
59 85 58 70 41 21
75 13 38 73 61 25
54 48 9 74 91 15
33 76 76 28 30 91
96 47 99 56 53 31
53 4 41 90 59 66
67 9 1 54 28 87
37 90 66 68 42 59
54 45 80 81 56 59
30 52 92 88 88 51
32 84 5 83 38 69
68 11 55 66 97 86
93 77 54 77 40 4
51 83 92 85 64 7
35 61 70 84 82 21
60 85 52 53 74 28
92 78 50 22 67 33
5 62 64 91 60 69
76 34 72 6 57 78
43 50 68 74 52 21
30 50 28 54 5 86
71 66 96 63 16 71
64 12 94 75 59 81
58 35 18 51 17 62
13 54 67 77 57 61
74 52 64 78 78 51
87 15 90 100 2 66
75 58 4 1 57 97
99 50 35 58 86 58
91 10 78 32 54 87
47 31 84 70 73 32
79 61 54 54 1 29
33 80 14 19 75 69
33 38 61 24 98 7
97 82 97 3 28 90
60 34 75 22 94 92
79 66 61 73 96 9
9 72 76 66 50 59
92 58 60 84 74 22
64 72 51 13 64 72
54 28 58 30 87 82
98 78 53 27 53 34
66 15 45 82 39 77
82 79 53 15 60 75
62 6 54 93 56 95
28 69 83 51 79 55
91 91 81 17 69 37
87 88 96 39 80 26
91 83 56 13 71 65
79 88 24 92 74 3
19 51 61 52 35 52
24 71 46 62 39 61
19 76 90 94 65 39
93 4 37 97 2 59
100 54 85 51 73 5
63 95 35 85 89 16
5 6 49 82 71 57
74 75 56 100 73 8
63 93 37 95 81 28
17 3 56 82 54 78
95 47 61 16 82 58
62 57 16 51 93 94
63 62 71 85 44 38
51 68 76 85 100 2
51 73 4 80 100 87
11 51 82 66 10 65
60 79 7 73 86 64
89 55 51 93 55 56
78 35 60 10 91 88
3 72 83 76 86 89
90 53 56 52 7 83
55 14 41 13 97 70
62 1 79 94 65 23
11 89 28 82 95 9
59 57 57 59 65 53
73 4 89 92 28 51
59 64 80 20 68 85
77 19 63 40 44 90
78 33 81 30 54 81
71 24 52 72 84 61
100 20 100 82 14 52
47 90 26 89 76 20
78 5 53 72 100 84
28 74 78 78 7 62
52 99 58 26 9 64
70 59 23 91 64 55
79 57 4 96 83 52
61 21 53 3 25 95
56 80 7 61 43 93
46 87 89 35 5 68
16 84 55 77 54 4
83 72 78 75 52 19
76 47 94 16 2 54
87 6 10 78 92 65
88 19 67 85 56 69
99 84 8 29 35 74
73 59 86 90 25 59
65 97 79 13 58 60
70 39 2 39 30 61
4 68 52 72 72 77
71 95 64 57 79 4
84 11 67 19 63 97
67 63 75 65 14 63
14 99 73 57 38 84
43 59 61 98 59 31
71 8 98 61 53 81
10 77 38 80 83 86
99 58 45 80 4 67
20 57 82 73 96 47
51 77 5 79 93 73
100 62 20 29 72 55
81 10 78 95 56 64
38 71 57 92 10 85
1 72 64 90 97 86
49 22 43 77 77 64
84 85 91 60 57 17
69 23 59 97 12 73
30 23 42 86 71 78
72 4 45 90 53 84
92 52 73 17 6 89
24 70 12 71 81 95
27 67 99 32 99 6
22 82 34 28 91 17
68 39 86 41 13 14
