43 26 64 50 38 72
54 58 80 86 77 57
79 54 51 58 86 70
52 93 56 75 91 80
62 75 51 95 55 39
68 90 75 56 72 63
53 60 82 32 66 53
84 60 98 58 62 70
68 66 51 59 52 75
9 86 58 98 79 65
91 47 27 94 55 72
75 87 75 15 55 53
52 18 75 75 89 8
51 7 65 51 92 91
43 30 43 78 62 69
77 59 89 80 70 68
75 8 86 85 85 84
91 20 79 37 29 64
75 16 96 47 93 77
36 58 91 93 55 17
68 51 55 76 100 75
80 97 19 80 77 54
84 99 74 77 52 59
70 60 30 100 63 97
88 92 55 6 82 72
83 71 23 77 93 98
76 82 79 58 23 63
41 19 98 78 61 97
83 54 27 26 96 97
55 55 87 41 25 66
10 81 92 62 74 98
52 76 89 69 83 24
40 35 67 17 85 66
90 16 61 85 70 27
15 78 60 99 67 55
23 76 99 67 54 62
85 53 77 17 76 88
51 100 69 51 44 64
78 99 95 68 83 44
26 77 64 86 53 11
68 80 76 37 92 7
78 53 7 5 96 61
71 98 53 70 55 42
85 50 62 92 65 11
5 85 72 50 75 72
52 54 61 83 81 27
2 81 88 7 52 98
100 92 65 92 20 74
91 56 54 69 72 85
91 48 37 91 99 68
62 93 53 93 85 55
81 31 5 93 86 74
85 67 66 65 12 99
24 86 75 58 77 27
93 34 23 54 74 52
93 93 25 81 69 67
3 55 80 81 55 87
71 4 4 47 40 51
77 52 82 15 62 76
48 2 51 45 62 63
15 100 89 72 68 15
28 71 54 81 43 24
64 91 8 24 52 68
90 86 76 14 58 77
60 24 24 35 53 65
92 56 14 30 69 85
84 98 54 75 36 71
65 78 72 52 52 21
64 71 3 86 55 100
38 78 100 54 88 72
66 96 26 35 55 63
9 69 95 89 58 64
82 64 51 23 60 19
68 91 64 20 99 86
67 75 71 23 70 56
91 92 51 51 8 54
12 20 55 13 5 9
83 78 26 52 36 60
77 71 85 6 39 33
31 47 47 92 90 52
38 18 53 91 90 92
14 69 31 100 97 58
38 10 97 53 71 81
63 47 8 61 55 6
8 76 76 9 97 73
75 74 26 81 32 63
86 99 78 58 77 7
52 70 77 2 86 85
93 28 7 54 58 50
100 93 52 93 43 7
18 69 25 77 69 88
73 10 90 25 99 69
51 80 56 74 85 5
11 59 82 7 96 60
64 2 39 77 63 97
16 70 8 79 82 60
50 15 63 79 75 24
99 44 53 12 67 95
57 56 54 38 3 85
94 73 40 35 73 22
58 78 31 67 57 94
28 81 98 6 72 95
9 74 83 80 51 85
41 28 51 71 87 52
73 79 9 16 73 64
68 62 52 99 42 63
66 24 31 92 52 81
95 51 23 8 93 67
3 54 41 64 91 9
43 45 32 70 78 52
94 77 1 53 67 88
54 56 8 48 95 57
7 34 92 63 91 74
49 52 95 6 99 71
45 18 11 40 33 88
8 43 71 89 59 23
57 10 57 83 98 55
100 81 45 67 15 97
36 54 34 25 88 78
55 79 60 8 36 73
1 68 76 58 63 94
58 66 22 80 28 88
94 59 40 93 36 12
70 3 67 53 80 53
18 58 79 73 47 2
83 12 2 92 78 87
42 72 42 100 52 64
7 98 65 95 86 100
3 47 19 58 53 73
68 62 26 54 92 45
2 67 79 47 58 90
62 71 62 12 6 73
96 55 3 36 77 70
33 11 98 71 42 49
80 89 9 92 33 56
40 20 26 24 20 81
7 54 70 28 61 54
81 65 64 55 64 7
82 14 53 92 31 64
98 51 17 94 16 82
28 5 79 59 63 74
79 77 2 98 58 33
98 91 9 91 19 52
82 43 97 96 2 65
9 69 93 99 56 53
91 63 53 36 42 74
2 49 85 46 70 84
64 70 4 4 7 25
53 75 1 79 99 100
53 71 32 54 61 76
51 1 52 89 98 59
58 54 94 10 88 74
61 1 72 51 58 75
6 43 79 58 89 98
22 95 15 93 73 52
63 75 53 12 62 75
41 95 36 92 35 20
74 61 94 60 2 74
91 82 6 51 4 86
33 52 54 79 67 8
54 62 91 12 77 66
53 99 70 1 52 44
4 83 10 1 93 35
62 4 65 82 18 52
61 54 7 88 88 60
7 59 56 80 40 46
95 90 92 1 57 70
30 63 31 68 19 86
56 15 64 55 67 59
9 93 68 85 42 7
88 64 54 100 3 69
65 67 2 21 76 78
35 80 49 96 84 25
25 41 15 88 85 89
4 92 96 69 84 58
54 99 23 79 70 4
61 78 4 100 80 5
77 71 72 81 25 4
70 58 35 100 51 2
90 15 61 18 73 86
54 92 51 74 51 21
54 72 68 10 52 78
52 58 7 87 93 81
51 96 52 83 63 53
16 90 5 81 48 15
70 17 63 81 72 53
8 67 95 65 51 75
77 4 90 39 72 65
97 1 21 74 42 72
52 5 69 85 54 73
84 3 82 81 28 100
57 75 50 74 54 72
61 5 84 66 76 22
51 91 84 4 43 87
30 41 18 88 64 51
82 89 95 1 41 86
80 65 78 6 54 39
51 72 25 65 55 37
69 100 53 70 16 16
60 65 86 12 60 85
2 39 70 98 77 91
53 80 52 20 77 89
23 71 81 1 36 66
59 55 59 9 84 76
50 100 1 55 83 57
75 65 24 33 36 20
92 37 49 38 71 8
74 69 3 86 27 59
54 2 96 33 100 78
60 80 53 79 26 4
57 82 11 80 77 76
86 24 51 44 74 58
31 58 22 33 59 77
85 18 44 68 32 62
62 63 8 98 73 97
39 54 1 84 59 83
58 47 30 74 53 37
62 56 96 10 83 56
27 73 40 51 71 71
10 6 68 62 36 81
44 11 87 88 65 70
84 2 87 60 52 35
5 89 18 94 73 95
86 74 1 83 77 36
23 16 98 75 87 35
61 74 100 62 51 7
67 61 52 71 12 54
60 58 34 16 79 33
12 53 67 1 70 61
59 94 98 61 85 3
