66 5 3 66 28 23
81 42 99 51 40 56
52 72 91 58 92 81
85 67 82 71 71 7
56 66 82 58 89 65
92 56 94 16 75 24
62 31 100 51 95 54
44 82 87 52 58 92
65 64 55 52 56 67
8 73 68 53 79 65
4 92 77 92 70 86
65 57 100 98 54 93
89 89 77 19 28 57
82 4 44 58 48 15
57 100 65 92 86 88
70 84 71 51 90 83
62 64 59 48 56 73
82 44 73 56 95 94
14 51 92 60 52 52
38 70 95 57 73 67
62 52 59 96 89 23
57 72 82 85 72 56
54 81 62 53 19 6
90 65 92 93 26 84
12 53 20 73 1 47
99 30 43 35 97 76
100 90 27 47 89 100
76 62 58 65 86 63
100 98 57 55 80 16
79 73 65 15 91 89
98 3 85 51 63 59
46 51 95 46 89 83
72 5 72 47 89 85
69 74 53 62 84 45
70 55 34 57 54 81
3 71 11 77 43 61
67 69 96 82 88 6
80 81 54 42 58 67
59 66 51 59 97 53
56 82 7 75 33 47
40 98 94 97 53 12
92 38 72 15 19 84
70 62 90 54 98 80
71 66 11 64 93 62
63 99 55 14 74 28
61 38 81 51 20 30
53 7 94 22 64 88
2 68 11 16 74 83
63 94 14 62 97 70
16 33 82 64 67 55
70 88 60 9 44 67
22 45 57 94 64 38
12 97 82 24 18 65
97 71 2 95 96 83
74 35 53 56 99 6
18 90 58 46 75 7
55 61 31 83 45 13
1 77 77 92 68 78
64 77 53 3 60 60
27 31 90 81 51 83
82 92 51 27 90 69
21 52 66 55 90 67
68 46 93 44 99 50
58 95 82 97 79 4
98 74 13 56 96 81
27 76 1 64 78 95
78 2 5 38 75 63
60 20 43 95 46 94
23 62 46 61 94 47
29 65 62 51 88 56
57 47 55 59 76 48
32 65 58 59 95 93
27 84 8 83 72 87
62 52 63 49 81 78
53 65 69 61 53 82
89 69 11 69 68 5
77 69 22 3 78 86
99 26 90 5 44 20
59 59 49 36 56 54
53 13 4 17 86 19
67 52 92 1 97 68
95 29 76 55 64 67
70 28 79 62 70 73
59 9 71 85 53 84
3 65 72 94 68 24
29 83 75 45 69 91
38 56 6 99 51 87
65 71 21 72 38 100
32 40 97 55 89 66
72 92 92 46 2 60
52 9 29 98 83 95
62 66 80 58 12 28
31 22 75 80 25 53
27 91 14 10 70 76
57 25 40 71 13 5
86 76 57 21 75 79
12 38 80 86 53 52
52 41 64 87 38 88
21 30 55 90 27 47
24 5 88 65 60 6
64 79 24 61 26 15
46 24 13 87 91 6
94 67 91 2 93 94
59 54 31 66 58 100
93 64 18 53 73 9
64 61 60 9 64 55
51 81 54 12 45 83
77 53 58 65 39 53
24 82 79 71 34 99
60 70 95 7 27 1
38 84 70 1 75 85
81 75 69 11 72 54
60 77 52 48 52 25
85 46 52 45 44 60
85 69 97 45 72 27
86 73 62 33 68 50
95 78 65 9 5 75
13 1 91 65 56 53
73 55 76 63 40 73
12 80 26 78 6 14
4 76 62 79 39 97
21 3 18 51 75 35
48 57 95 6 74 39
57 44 73 34 79 60
54 21 60 97 58 81
68 38 65 3 99 56
9 46 77 76 66 51
55 90 98 67 10 71
47 92 94 66 6 79
23 90 97 36 68 83
92 78 75 59 14 72
38 80 54 53 59 68
49 66 90 68 54 2
62 59 73 66 68 15
62 55 21 63 60 77
86 4 62 62 18 92
97 53 6 23 6 86
64 1 64 52 57 11
60 47 39 70 71 90
87 95 75 32 13 73
59 55 51 59 69 77
94 84 5 43 75 37
97 4 58 52 73 99
83 62 49 8 85 96
20 51 82 75 29 23
88 87 57 53 80 18
64 55 25 92 88 1
61 94 47 62 48 73
59 70 94 7 60 87
55 79 7 46 16 34
60 20 83 67 63 35
17 51 83 54 6 75
51 80 79 70 53 89
12 96 63 71 15 79
65 59 100 10 63 70
93 28 57 4 96 99
4 88 71 67 31 84
38 61 89 45 96 57
73 60 90 36 50 81
51 57 99 80 4 20
54 65 61 10 9 100
68 65 18 26 68 51
60 13 82 74 44 83
73 64 76 26 64 27
40 71 76 49 92 72
65 51 16 14 55 69
17 100 53 67 75 80
62 74 74 59 43 55
74 56 52 34 75 48
69 52 20 64 55 66
53 52 60 21 58 97
5 12 74 85 69 55
9 70 62 100 75 58
83 100 73 1 3 55
84 75 67 67 16 51
9 18 60 11 64 60
36 95 62 44 34 53
52 60 58 87 55 34
82 90 57 47 59 18
61 78 53 58 60 6
90 62 36 27 39 22
52 40 99 14 56 92
57 65 69 8 83 76
1 10 24 92 99 96
92 61 35 53 57 63
58 75 25 31 58 79
70 64 72 21 22 86
49 56 79 69 17 92
70 65 97 59 51 25
69 17 85 60 30 69
54 60 69 59 61 57
60 65 49 6 57 67
86 26 59 33 51 91
50 35 35 43 28 96
39 77 74 71 53 54
87 28 85 14 43 76
71 20 51 55 54 90
19 57 52 54 23 86
57 85 6 100 60 72
10 89 39 80 24 59
51 78 87 36 55 75
60 61 69 53 90 9
56 22 62 68 51 87
60 26 75 95 6 68
100 95 31 5 77 99
2 95 20 82 59 43
98 22 43 61 8 61
86 56 56 66 11 61
80 71 69 56 46 81
7 74 79 1 85 71
12 67 81 69 55 51
73 84 78 12 51 70
54 47 85 54 25 93
58 63 58 24 64 93
18 83 70 4 83 72
96 76 77 2 80 73
78 10 4 27 61 65
71 57 30 8 93 38
60 67 66 31 66 7
58 84 45 3 30 76
87 71 2 52 42 38
73 67 80 62 1 79
79 82 79 1 56 88
24 92 77 67 62 59
51 76 68 75 70 40
53 57 30 68 55 95
91 63 90 13 16 33
83 83 2 60 71 56
14 89 54 71 70 75
13 31 83 99 17 21
