0.42 0.74 0.29 0.17 0.97 0.18
0.43 0.63 0.64 0.65 0.89 0.75
0.84 0.79 0.05 0.63 0.70 0.89
0.64 0.51 0.98 0.53 0.34 0.71
0.91 0.56 0.78 1.00 0.21 0.78
0.98 0.99 0.57 0.77 0.71 0.60
0.54 0.80 0.95 0.83 0.63 0.54
0.60 0.91 0.26 0.69 0.98 0.90
0.55 0.36 0.63 0.91 0.61 0.85
0.92 0.55 0.65 0.54 0.69 0.97
0.63 0.41 0.34 0.53 0.57 0.83
0.86 0.61 0.72 0.51 0.51 0.10
0.66 0.54 0.99 0.55 0.83 0.54
0.80 0.70 0.54 0.52 0.98 0.73
0.83 0.89 0.63 0.81 0.52 0.55
0.92 0.10 0.78 0.70 0.51 0.91
0.73 0.61 0.61 0.97 1.00 0.66
0.56 0.67 0.87 0.34 0.89 0.67
0.91 0.88 0.52 0.67 0.56 0.95
0.98 0.91 0.69 0.95 0.85 0.25
0.81 0.94 0.93 0.96 0.73 0.64
0.51 0.85 0.57 0.64 0.51 0.78
0.34 0.59 0.97 0.27 0.90 0.73
0.56 0.86 0.85 0.11 0.67 0.77
0.70 0.55 0.98 0.56 0.99 0.50
0.22 0.87 0.94 0.33 0.09 0.58
0.86 0.94 0.38 0.66 0.74 0.75
0.96 0.10 0.58 0.96 0.55 0.62
0.50 0.10 0.60 0.53 0.84 0.59
0.23 0.53 0.80 0.52 0.17 0.92
0.84 0.41 0.74 0.41 0.86 0.17
0.98 0.77 0.61 0.82 0.05 0.48
0.80 0.97 0.43 0.73 0.61 0.29
0.10 0.35 0.62 0.79 0.56 0.62
0.01 0.45 0.78 0.85 0.01 0.13
0.41 0.48 0.51 0.74 0.73 0.67
0.73 0.56 0.58 0.90 0.63 0.79
0.53 0.54 0.96 0.59 0.11 0.83
0.66 0.71 0.29 0.59 0.90 0.99
1.00 0.97 0.68 0.56 0.23 0.66
0.54 0.86 0.45 0.98 0.69 0.88
0.62 0.62 0.47 0.67 0.89 0.82
0.98 0.67 0.81 0.67 0.50 0.75
0.85 0.72 0.72 0.98 0.97 0.54
0.48 0.65 0.74 0.64 0.54 0.34
0.64 0.81 0.99 0.18 0.94 0.58
0.80 0.68 0.88 0.52 0.62 0.33
0.97 0.99 0.70 0.55 0.63 0.17
0.74 0.99 0.15 0.68 0.55 0.81
0.69 0.83 0.24 0.56 0.10 0.67
0.68 0.61 0.68 0.78 0.02 0.67
0.30 0.58 0.76 0.57 0.69 0.83
0.85 0.90 0.57 0.86 0.62 0.58
0.87 0.79 0.51 0.06 0.67 0.65
0.12 0.49 0.20 0.91 0.63 0.60
0.89 0.17 0.24 0.51 0.91 0.78
0.57 0.79 0.36 0.75 0.62 0.44
0.60 0.58 0.76 0.01 0.80 0.51
0.94 0.94 0.15 0.56 0.86 0.52
0.08 0.75 0.51 0.87 0.95 0.87
0.91 0.94 0.30 0.94 0.70 0.53
0.45 0.93 0.66 0.88 0.55 0.23
0.24 0.28 0.78 0.80 0.91 0.20
0.28 0.66 0.21 0.94 0.38 0.83
0.62 0.48 0.80 0.29 0.65 0.81
0.90 0.36 0.81 0.76 0.66 0.62
0.88 0.59 0.51 0.86 0.42 0.67
0.63 0.52 0.12 0.03 0.75 0.78
0.63 0.27 0.43 0.91 0.23 0.01
0.89 0.37 0.72 0.36 0.51 0.91
0.44 0.62 0.63 0.07 0.72 0.94
0.24 0.64 0.76 0.86 0.03 0.17
0.69 0.98 0.21 0.15 0.27 0.08
0.58 0.75 0.73 0.55 0.69 0.05
0.95 0.44 0.59 0.78 0.74 0.75
0.20 0.81 0.59 0.67 0.69 0.79
0.64 0.96 0.10 0.96 0.12 0.79
0.53 0.52 0.86 0.58 0.56 0.97
0.62 0.58 0.67 0.17 0.30 0.32
0.77 0.97 0.64 0.29 0.15 0.68
0.82 0.07 0.68 0.68 0.60 0.79
0.63 0.81 0.62 0.25 0.61 0.63
0.93 0.63 0.45 0.46 0.77 0.53
0.98 0.61 0.51 0.63 0.38 0.58
0.23 0.76 0.76 0.93 0.62 0.23
0.74 0.76 0.54 0.58 0.35 0.78
0.67 0.95 0.18 0.74 0.08 0.60
0.68 0.91 0.18 0.36 0.45 0.12
0.79 0.03 0.90 0.75 0.53 0.47
0.92 0.06 0.83 0.57 0.08 0.26
0.67 0.02 0.54 0.56 0.97 0.78
0.47 0.19 0.68 0.16 0.36 0.98
0.66 0.61 0.30 0.51 0.59 0.73
0.99 0.39 0.51 0.17 0.91 0.82
0.74 0.80 0.04 0.77 0.53 0.68
0.25 0.84 0.60 0.67 0.30 0.61
0.60 0.55 0.36 0.73 0.88 0.74
0.54 0.56 0.87 0.78 0.66 0.33
0.85 0.39 0.33 0.96 0.52 0.16
0.91 0.67 0.56 0.53 0.88 0.64
0.55 0.73 0.59 0.14 0.55 0.61
0.77 0.35 0.13 0.85 0.67 0.18
0.57 0.62 0.02 0.36 0.94 0.89
0.61 0.05 0.05 0.10 0.34 0.99
0.12 0.76 0.21 0.77 0.94 1.00
0.89 0.10 0.24 0.32 0.67 0.85
0.68 0.55 0.52 0.74 0.65 0.44
0.79 0.79 0.64 0.78 0.95 0.07
0.39 0.69 0.96 0.62 0.67 0.03
0.46 0.60 0.95 0.81 0.52 0.40
0.74 0.12 0.81 0.06 0.95 0.29
0.38 0.32 0.08 0.22 0.05 0.51
0.93 0.25 0.53 0.97 0.54 0.32
0.11 0.79 0.70 0.72 0.31 0.81
0.29 0.62 0.59 0.61 0.70 0.47
0.92 0.13 0.82 0.54 0.61 0.11
0.60 0.59 0.97 0.56 0.54 0.10
0.17 0.56 0.71 0.74 0.08 0.17
0.53 0.19 0.88 0.67 0.88 0.55
0.62 0.22 0.95 0.22 0.16 0.06
0.91 0.49 0.61 0.64 0.64 0.23
0.38 0.78 0.95 0.88 1.00 0.05
0.58 0.63 0.60 0.80 0.52 0.23
0.03 0.55 0.59 0.57 1.00 0.92
0.30 0.63 0.46 0.65 0.83 0.68
0.22 0.16 0.87 0.94 0.93 0.25
0.33 0.54 0.77 0.71 0.66 0.06
0.98 0.80 0.01 0.59 0.88 0.49
0.32 0.87 0.12 0.59 0.18 0.57
0.98 0.02 0.79 0.55 0.60 0.46
0.31 0.68 0.88 0.73 0.06 0.76
0.52 0.19 0.35 0.79 0.98 0.90
0.62 0.19 0.87 0.25 0.66 0.43
0.35 0.27 0.71 0.60 0.33 0.72
0.85 0.21 0.77 0.04 0.57 0.80
0.31 0.67 0.16 0.45 0.72 0.15
0.65 0.76 0.63 0.14 0.57 0.45
0.09 0.55 0.84 0.50 0.81 0.70
0.06 0.51 0.58 0.74 0.60 0.82
0.62 0.12 0.63 0.81 0.79 0.90
0.42 1.00 0.02 0.80 0.56 0.65
0.01 0.51 0.22 0.84 1.00 0.12
0.92 0.95 0.03 0.39 0.93 0.55
0.23 0.97 0.57 0.06 0.57 0.76
0.36 0.84 0.74 0.39 0.49 0.31
0.25 0.32 0.57 0.52 0.94 0.51
0.85 0.32 0.75 0.78 0.91 0.04
0.77 0.12 0.11 0.87 0.80 0.75
0.70 0.88 0.04 0.51 0.58 0.49
0.89 0.20 0.54 0.68 0.67 0.11
0.07 0.95 0.79 0.46 0.55 0.49
0.30 0.85 0.52 0.79 0.80 0.90
0.58 0.63 0.36 0.98 0.73 0.07
0.77 0.30 0.83 0.83 0.56 0.66
0.89 0.15 0.77 0.72 0.74 0.66
0.33 0.61 0.60 0.69 0.51 0.27
0.75 0.51 0.90 0.58 0.70 0.23
0.64 0.98 0.37 0.51 0.58 0.46
0.65 0.08 0.12 0.59 0.97 0.66
0.77 0.24 0.54 0.98 0.54 0.02
0.52 0.17 0.71 0.21 0.66 0.60
0.63 0.25 0.65 0.63 0.75 0.63
0.49 0.20 0.60 0.48 0.61 0.67
0.90 0.68 0.31 0.04 0.28 0.60
0.09 0.23 0.90 0.98 0.25 0.25
0.35 0.99 0.17 0.89 0.67 0.53
0.20 0.11 0.69 0.80 0.57 0.66
0.69 0.23 0.86 0.79 0.66 0.55
0.83 0.86 0.08 0.70 0.60 0.17
0.24 0.34 0.90 0.89 0.98 0.18
0.08 0.39 0.88 0.78 0.36 0.41
0.35 0.91 0.75 0.24 0.93 0.47
0.68 0.08 1.00 0.68 0.09 0.05
0.52 0.03 0.22 0.86 0.76 0.57
0.75 0.85 0.58 0.08 0.99 0.53
0.38 0.96 0.19 0.18 0.70 0.58
0.68 0.25 0.24 0.61 0.71 0.68
0.91 0.27 0.62 0.73 0.40 0.19
0.62 0.70 0.06 0.96 0.41 0.52
0.96 0.64 0.56 0.60 0.87 0.33
0.24 0.93 0.85 0.60 0.71 0.62
0.80 0.08 0.72 0.59 0.96 0.63
0.71 0.24 0.41 0.74 0.65 0.24
0.73 0.54 0.01 0.68 0.18 0.51
0.52 0.03 0.52 0.61 0.66 0.35
0.80 0.76 0.85 0.24 0.75 0.04
0.99 0.05 0.81 0.33 0.82 0.95
0.22 1.00 0.31 0.79 0.79 0.59
0.12 0.71 0.71 0.69 0.58 0.68
0.64 0.83 0.65 0.01 0.96 0.63
0.16 0.78 0.67 0.64 0.57 0.66
0.72 0.67 0.56 0.87 0.20 0.30
0.33 0.71 0.47 0.96 0.57 0.54
0.36 0.51 0.64 0.40 0.68 0.93
0.23 0.54 0.75 0.61 0.94 0.57
0.81 0.74 0.92 0.75 0.81 0.02
0.87 0.52 0.09 0.66 0.01 0.39
0.34 0.55 0.60 0.93 0.66 0.59
0.69 0.25 0.74 0.11 0.67 0.49
0.88 0.52 0.39 0.10 0.97 0.73
0.18 0.77 0.57 0.54 0.57 0.95
0.94 0.60 0.59 0.87 0.59 0.19
0.06 0.35 0.10 0.17 0.74 0.59
0.71 0.12 0.19 0.33 0.54 0.65
0.35 0.60 0.99 0.64 0.89 0.04
0.20 0.43 0.61 0.62 0.73 0.93
0.58 0.84 0.85 0.05 0.51 0.84
0.63 0.88 0.91 0.13 0.53 0.51
0.52 0.19 0.60 0.98 0.08 0.86
0.07 0.66 0.69 0.49 0.09 0.82
0.26 0.89 0.82 0.54 0.68 0.71
0.88 0.51 0.03 0.78 1.00 0.71
0.89 0.54 0.91 0.53 0.90 0.12
0.10 0.57 0.51 0.88 0.58 0.95
0.60 0.15 0.96 0.81 0.06 0.79
0.80 0.52 0.02 0.55 0.92 0.55
0.90 0.94 0.75 0.04 0.65 0.28
0.83 0.32 0.70 0.57 0.82 0.12
0.19 0.77 0.34 0.61 0.27 1.00
0.72 0.18 0.64 0.53 0.82 0.27
0.28 0.61 0.93 0.53 0.60 0.52
0.13 0.64 0.77 0.90 0.22 0.86
0.59 0.77 0.70 0.01 0.84 0.74
0.23 0.16 0.59 0.99 0.58 0.96
0.06 0.54 0.68 0.56 0.60 0.74
1.00 0.19 0.62 0.69 0.64 0.57
0.45 0.18 0.93 0.97 0.74 0.12
0.70 0.08 0.54 0.78 0.59 0.95
0.27 0.01 0.19 0.68 0.56 0.90
0.27 0.55 0.81 0.42 0.32 0.79
