42 74 29 17 97 18
43 63 64 65 89 75
84 79 5 63 70 89
64 51 98 53 34 71
91 56 78 100 21 78
98 99 57 77 71 60
54 80 95 83 63 54
60 91 26 69 98 90
55 36 63 91 61 85
92 55 65 54 69 97
63 41 34 53 57 83
86 61 72 51 51 10
66 54 99 55 83 54
80 70 54 52 98 73
83 89 63 81 52 55
92 10 78 70 51 91
73 61 61 97 100 66
56 67 87 34 89 67
91 88 52 67 56 95
98 91 69 95 85 25
81 94 93 96 73 64
51 85 57 64 51 78
34 59 97 27 90 73
56 86 85 11 67 77
70 55 98 56 99 50
22 87 94 33 9 58
86 94 38 66 74 75
96 10 58 96 55 62
50 10 60 53 84 59
23 53 80 52 17 92
84 41 74 41 86 17
98 77 61 82 5 48
80 97 43 73 61 29
10 35 62 79 56 62
1 45 78 85 1 13
41 48 51 74 73 67
73 56 58 90 63 79
53 54 96 59 11 83
66 71 29 59 90 99
100 97 68 56 23 66
54 86 45 98 69 88
62 62 47 67 89 82
98 67 81 67 50 75
85 72 72 98 97 54
48 65 74 64 54 34
64 81 99 18 94 58
80 68 88 52 62 33
97 99 70 55 63 17
74 99 15 68 55 81
69 83 24 56 10 67
68 61 68 78 2 67
30 58 76 57 69 83
85 90 57 86 62 58
87 79 51 6 67 65
12 49 20 91 63 60
89 17 24 51 91 78
57 79 36 75 62 44
60 58 76 1 80 51
94 94 15 56 86 52
8 75 51 87 95 87
91 94 30 94 70 53
45 93 66 88 55 23
24 28 78 80 91 20
28 66 21 94 38 83
62 48 80 29 65 81
90 36 81 76 66 62
88 59 51 86 42 67
63 52 12 3 75 78
63 27 43 91 23 1
89 37 72 36 51 91
44 62 63 7 72 94
24 64 76 86 3 17
69 98 21 15 27 8
58 75 73 55 69 5
95 44 59 78 74 75
20 81 59 67 69 79
64 96 10 96 12 79
53 52 86 58 56 97
62 58 67 17 30 32
77 97 64 29 15 68
82 7 68 68 60 79
63 81 62 25 61 63
93 63 45 46 77 53
98 61 51 63 38 58
23 76 76 93 62 23
74 76 54 58 35 78
67 95 18 74 8 60
68 91 18 36 45 12
79 3 90 75 53 47
92 6 83 57 8 26
67 2 54 56 97 78
47 19 68 16 36 98
66 61 30 51 59 73
99 39 51 17 91 82
74 80 4 77 53 68
25 84 60 67 30 61
60 55 36 73 88 74
54 56 87 78 66 33
85 39 33 96 52 16
91 67 56 53 88 64
55 73 59 14 55 61
77 35 13 85 67 18
57 62 2 36 94 89
61 5 5 10 34 99
12 76 21 77 94 100
89 10 24 32 67 85
68 55 52 74 65 44
79 79 64 78 95 7
39 69 96 62 67 3
46 60 95 81 52 40
74 12 81 6 95 29
38 32 8 22 5 51
93 25 53 97 54 32
11 79 70 72 31 81
29 62 59 61 70 47
92 13 82 54 61 11
60 59 97 56 54 10
17 56 71 74 8 17
53 19 88 67 88 55
62 22 95 22 16 6
91 49 61 64 64 23
38 78 95 88 100 5
58 63 60 80 52 23
3 55 59 57 100 92
30 63 46 65 83 68
22 16 87 94 93 25
33 54 77 71 66 6
98 80 1 59 88 49
32 87 12 59 18 57
98 2 79 55 60 46
31 68 88 73 6 76
52 19 35 79 98 90
62 19 87 25 66 43
35 27 71 60 33 72
85 21 77 4 57 80
31 67 16 45 72 15
65 76 63 14 57 45
9 55 84 50 81 70
6 51 58 74 60 82
62 12 63 81 79 90
42 100 2 80 56 65
1 51 22 84 100 12
92 95 3 39 93 55
23 97 57 6 57 76
36 84 74 39 49 31
25 32 57 52 94 51
85 32 75 78 91 4
77 12 11 87 80 75
70 88 4 51 58 49
89 20 54 68 67 11
7 95 79 46 55 49
30 85 52 79 80 90
58 63 36 98 73 7
77 30 83 83 56 66
89 15 77 72 74 66
33 61 60 69 51 27
75 51 90 58 70 23
64 98 37 51 58 46
65 8 12 59 97 66
77 24 54 98 54 2
52 17 71 21 66 60
63 25 65 63 75 63
49 20 60 48 61 67
90 68 31 4 28 60
9 23 90 98 25 25
35 99 17 89 67 53
20 11 69 80 57 66
69 23 86 79 66 55
83 86 8 70 60 17
24 34 90 89 98 18
8 39 88 78 36 41
35 91 75 24 93 47
68 8 100 68 9 5
52 3 22 86 76 57
75 85 58 8 99 53
38 96 19 18 70 58
68 25 24 61 71 68
91 27 62 73 40 19
62 70 6 96 41 52
96 64 56 60 87 33
24 93 85 60 71 62
80 8 72 59 96 63
71 24 41 74 65 24
73 54 1 68 18 51
52 3 52 61 66 35
80 76 85 24 75 4
99 5 81 33 82 95
22 100 31 79 79 59
12 71 71 69 58 68
64 83 65 1 96 63
16 78 67 64 57 66
72 67 56 87 20 30
33 71 47 96 57 54
36 51 64 40 68 93
23 54 75 61 94 57
81 74 92 75 81 2
87 52 9 66 1 39
34 55 60 93 66 59
69 25 74 11 67 49
88 52 39 10 97 73
18 77 57 54 57 95
94 60 59 87 59 19
6 35 10 17 74 59
71 12 19 33 54 65
35 60 99 64 89 4
20 43 61 62 73 93
58 84 85 5 51 84
63 88 91 13 53 51
52 19 60 98 8 86
7 66 69 49 9 82
26 89 82 54 68 71
88 51 3 78 100 71
89 54 91 53 90 12
10 57 51 88 58 95
60 15 96 81 6 79
80 52 2 55 92 55
90 94 75 4 65 28
83 32 70 57 82 12
19 77 34 61 27 100
72 18 64 53 82 27
28 61 93 53 60 52
13 64 77 90 22 86
59 77 70 1 84 74
23 16 59 99 58 96
6 54 68 56 60 74
100 19 62 69 64 57
45 18 93 97 74 12
70 8 54 78 59 95
27 1 19 68 56 90
27 55 81 42 32 79
