0.43 0.28 0.66 0.22 0.08 0.91
0.58 0.59 0.64 0.75 0.79 0.04
0.82 0.60 0.63 0.93 0.55 0.81
0.52 0.78 0.90 0.90 0.90 0.71
0.85 0.03 0.58 0.85 0.28 0.86
0.86 0.71 0.55 0.79 1.00 0.98
1.00 0.88 0.75 0.68 0.54 0.63
0.53 0.66 1.00 0.92 0.52 0.60
0.89 0.16 0.72 0.68 0.81 0.54
0.77 0.55 0.51 0.82 0.79 0.76
0.59 0.52 0.62 0.93 1.00 0.66
0.83 0.88 0.40 0.91 0.14 0.86
0.84 0.62 0.63 0.64 0.65 0.58
0.53 0.99 0.88 0.52 0.32 0.84
0.99 0.64 0.93 0.82 0.01 0.91
0.64 0.55 0.75 0.95 0.76 0.75
0.65 0.76 0.79 0.81 0.56 0.63
0.17 0.55 0.67 0.91 0.60 1.00
0.77 0.97 0.90 0.66 0.90 0.62
0.64 0.30 0.72 0.75 0.97 0.57
0.67 0.69 0.54 0.81 0.71 0.36
0.18 0.39 0.78 0.87 0.70 0.65
0.82 0.58 0.83 0.87 0.58 0.56
0.26 0.63 0.06 0.06 0.10 0.78
0.39 0.77 0.90 0.82 0.61 0.03
0.63 0.09 0.26 0.97 0.17 0.67
0.57 0.69 0.69 0.81 0.81 0.43
0.62 0.39 0.78 0.75 0.17 0.17
0.53 0.82 0.97 0.85 0.06 0.22
0.53 0.83 0.20 0.70 0.76 0.37
0.08 0.23 0.67 0.63 0.98 0.53
0.56 0.99 0.10 0.03 0.13 0.71
0.21 0.97 0.48 0.89 0.56 0.19
0.12 0.91 0.75 0.80 0.68 0.65
0.69 0.62 0.68 0.30 0.78 0.60
0.81 0.81 0.70 0.55 0.79 0.18
0.59 0.30 0.13 0.96 0.83 0.84
0.69 0.24 0.99 0.38 0.09 0.53
0.51 0.55 0.41 0.93 0.94 0.67
0.26 0.01 0.42 0.28 0.79 0.52
0.38 0.11 0.66 0.20 0.69 0.90
0.54 0.73 0.74 0.91 0.64 0.52
0.29 0.62 0.82 0.56 0.84 0.04
0.71 0.29 0.39 0.37 0.84 0.56
0.09 0.72 0.56 0.52 0.96 0.53
0.37 0.68 0.82 0.64 0.47 0.77
0.78 0.06 0.93 0.15 0.61 0.97
0.98 0.30 0.36 0.84 0.71 0.51
0.56 0.14 0.97 0.42 0.27 0.26
0.18 0.64 0.86 0.98 0.03 0.29
0.95 0.99 0.66 0.52 0.78 0.56
0.63 0.77 0.67 0.77 0.59 0.34
0.02 0.91 0.98 0.91 0.79 0.40
0.39 0.13 0.76 0.76 0.99 0.45
0.47 0.14 0.81 0.53 0.67 0.51
0.16 0.99 0.44 0.78 0.96 0.90
0.72 0.85 0.68 0.61 0.72 0.51
0.79 0.11 0.63 0.52 0.63 0.71
0.68 0.60 0.85 0.28 0.09 0.73
0.57 0.78 0.17 0.98 0.55 0.70
0.17 1.00 0.55 0.89 0.05 0.36
0.55 0.55 0.60 0.61 0.21 0.37
0.93 0.52 0.35 0.95 0.64 0.86
0.95 0.61 0.30 0.96 0.57 1.00
0.85 0.20 0.78 0.12 0.61 0.65
0.66 0.78 0.30 0.07 0.22 0.58
0.17 0.82 0.68 0.02 0.08 0.84
0.51 0.71 0.94 0.22 0.53 0.16
1.00 0.02 0.50 0.22 0.67 0.18
0.68 0.58 0.55 0.59 0.20 0.89
0.85 0.62 0.01 0.84 0.90 0.71
0.80 0.95 0.67 0.56 0.47 0.56
0.56 0.12 0.56 0.99 0.79 0.11
0.24 0.61 0.94 0.90 0.59 0.54
0.46 0.17 0.62 0.09 0.72 0.61
0.78 0.71 0.17 0.06 0.75 0.69
0.53 0.54 0.04 0.53 0.61 0.40
0.47 0.49 0.35 0.08 0.77 0.28
0.75 0.62 0.01 0.52 0.87 0.46
0.37 0.62 0.12 0.68 0.55 0.55
0.08 0.44 0.07 0.67 0.91 0.57
0.12 0.20 0.47 0.63 0.66 0.20
0.12 0.30 0.89 0.56 0.56 0.96
0.71 0.87 0.02 0.63 0.69 0.54
0.50 0.13 0.79 0.06 0.90 0.31
0.77 0.51 0.17 0.87 0.70 0.78
0.02 0.31 0.69 0.05 0.53 0.63
0.62 0.53 0.09 0.53 0.84 0.95
0.95 0.10 0.78 0.09 0.79 0.60
0.59 0.75 0.06 0.51 0.63 0.20
0.16 0.96 0.54 0.07 0.62 0.99
0.61 0.55 0.75 0.31 0.03 0.94
0.07 0.92 0.88 0.73 0.94 0.57
0.30 0.18 0.52 0.61 0.68 0.61
0.14 0.70 0.23 0.66 0.47 0.58
0.86 0.68 0.85 0.85 0.07 0.76
0.90 0.68 0.79 0.51 0.01 0.93
0.97 0.45 0.33 0.93 0.70 0.65
0.97 0.48 0.63 0.72 0.62 0.32
0.79 0.58 0.31 0.12 0.71 0.58
0.19 0.78 0.55 0.60 0.95 0.57
0.08 0.05 0.35 0.44 0.77 0.84
0.56 0.97 0.62 0.62 0.64 0.25
0.34 0.67 0.15 0.88 0.62 0.59
0.65 0.88 0.58 0.55 0.57 0.77
0.02 0.26 0.28 0.26 0.82 0.25
0.86 0.59 0.62 0.05 0.74 0.58
0.94 0.85 0.90 0.61 0.55 0.17
0.98 0.58 0.79 0.83 0.09 0.76
0.34 0.54 0.54 0.13 0.91 0.02
0.92 0.76 0.89 0.89 0.89 0.01
0.71 0.70 0.85 0.25 0.52 0.58
0.15 0.12 0.63 0.70 0.22 0.12
0.22 0.93 0.81 0.81 0.19 0.58
0.63 0.33 0.65 0.05 0.69 0.71
1.00 0.57 0.22 0.90 0.60 0.72
0.49 0.52 0.05 0.93 0.71 0.67
0.94 0.82 0.56 0.05 0.69 0.43
0.93 0.32 0.65 0.67 0.57 0.83
0.57 0.88 0.76 0.29 0.34 0.34
0.78 0.08 0.85 0.86 0.38 0.52
0.10 0.56 0.53 0.74 0.72 0.48
0.71 0.79 0.56 0.05 0.02 0.84
0.93 0.59 0.73 0.58 0.15 0.62
0.21 0.64 0.35 0.40 0.17 0.01
0.78 0.56 0.03 0.90 0.22 0.85
1.00 0.86 0.93 0.16 0.75 0.39
0.75 0.99 1.00 0.55 0.11 0.27
0.59 0.51 0.79 0.59 0.68 0.57
0.83 0.65 0.97 0.71 0.09 0.04
0.96 0.63 0.68 0.21 0.66 0.75
0.52 0.88 0.85 0.57 0.03 0.81
0.79 0.80 0.98 0.76 0.15 0.70
0.22 0.57 0.88 0.67 0.08 0.63
0.33 0.18 0.77 0.82 0.07 0.95
0.70 0.79 0.98 0.02 0.56 0.65
0.86 0.41 0.95 0.50 0.77 0.43
0.93 0.90 0.63 0.03 0.53 0.14
0.91 0.98 0.58 0.83 0.02 0.32
0.69 0.55 0.37 0.03 0.63 0.09
0.89 0.27 0.53 0.78 0.65 1.00
0.94 0.55 0.43 0.87 0.47 0.81
0.64 0.52 0.99 0.85 0.15 0.82
0.93 0.52 0.58 0.91 0.53 0.54
0.67 0.28 0.67 0.70 0.71 0.08
0.64 0.28 0.08 0.60 0.93 0.69
0.47 0.31 0.77 0.22 0.68 0.37
0.65 0.61 0.94 0.63 0.01 0.68
0.75 0.79 0.82 0.02 0.82 0.93
0.96 0.87 0.21 0.40 0.57 0.36
0.60 0.51 0.62 0.90 0.65 0.54
0.34 0.19 0.68 0.10 0.53 0.97
0.70 0.02 0.75 0.90 0.78 0.99
0.48 0.29 0.35 0.81 0.02 0.05
0.65 0.55 0.59 0.37 0.35 0.66
0.09 0.93 0.60 0.65 0.39 0.88
0.58 0.76 0.01 0.88 0.97 0.55
0.60 0.53 0.71 0.04 0.73 0.77
0.96 0.53 0.85 0.52 0.63 0.62
0.11 0.02 0.97 0.62 0.92 0.90
0.99 0.52 0.76 0.31 0.66 0.53
0.01 1.00 0.56 0.28 0.36 0.68
0.64 0.97 0.79 0.02 0.96 0.20
0.91 0.54 0.87 0.65 0.05 0.83
0.61 0.37 0.60 0.75 0.58 0.42
0.25 0.20 0.36 0.59 0.62 0.84
0.08 0.56 0.62 0.56 0.46 0.27
0.75 0.73 0.03 0.38 0.92 0.79
0.54 0.51 0.16 0.61 0.93 0.78
0.66 0.38 0.39 0.79 0.81 0.60
0.82 0.94 0.01 0.33 0.75 0.82
0.74 0.56 0.58 0.64 0.08 0.65
0.60 0.30 0.24 0.99 0.81 0.97
0.15 0.47 0.71 0.23 0.60 0.45
0.73 0.58 0.07 0.13 0.10 0.85
0.66 0.01 0.84 0.98 0.57 0.53
0.79 0.51 0.66 0.56 0.66 0.60
0.56 0.51 0.93 0.65 0.15 0.42
0.91 0.56 0.76 0.60 0.40 0.56
0.67 0.66 0.17 0.83 0.38 0.67
0.12 0.61 1.00 0.55 0.52 0.68
0.15 0.95 0.17 0.48 0.87 0.75
0.79 0.91 0.20 0.96 1.00 0.02
0.10 0.66 0.55 0.72 0.74 0.95
0.65 0.18 0.60 0.20 0.73 0.89
0.86 0.90 0.04 0.36 0.67 0.76
0.70 0.62 0.99 0.24 0.68 0.01
0.55 0.32 0.92 0.49 0.45 0.82
0.15 0.92 0.74 0.79 0.07 0.53
0.01 0.52 0.55 0.54 0.64 0.67
0.58 0.52 0.62 0.53 0.41 1.00
0.95 0.42 0.90 0.65 0.57 0.53
0.59 0.51 0.50 0.22 0.64 0.42
0.95 0.69 0.69 0.02 0.64 0.65
0.92 0.74 0.10 0.51 0.20 0.16
0.88 0.99 0.07 0.71 0.60 0.31
0.68 0.40 0.68 0.66 0.54 0.90
0.90 0.15 0.73 0.61 0.59 0.64
0.71 0.15 0.90 0.39 0.46 0.79
0.88 0.83 0.60 0.91 0.01 0.75
0.91 0.11 0.98 0.65 0.85 0.24
0.60 0.65 0.28 0.95 0.18 0.77
0.88 0.17 0.15 0.93 1.00 0.94
0.81 0.68 0.86 0.55 0.14 0.67
0.55 0.91 0.87 0.63 0.16 0.63
0.90 0.02 0.52 0.48 0.65 0.67
0.57 0.10 0.81 0.18 0.82 0.66
0.30 0.53 0.24 0.93 0.27 0.16
0.57 0.62 0.66 0.52 0.61 0.69
0.28 0.51 0.73 0.22 0.86 0.10
0.58 0.76 0.51 0.67 0.06 0.95
0.52 0.04 0.79 0.65 0.08 0.98
0.05 0.72 0.51 0.60 0.79 0.66
0.02 0.81 0.59 0.59 0.56 0.45
0.53 0.40 0.94 0.60 0.46 0.71
0.31 0.53 0.81 0.42 0.17 0.93
0.82 0.23 0.52 0.60 0.57 0.84
0.86 0.54 0.31 0.32 0.54 0.63
0.75 0.09 0.78 0.68 0.60 0.64
0.70 0.05 0.44 0.98 0.99 0.23
0.31 0.90 0.80 0.77 0.03 0.94
0.51 0.56 0.64 0.58 0.71 0.14
0.67 0.63 0.84 0.51 0.58 0.60
0.94 0.60 0.94 0.16 0.46 0.72
0.31 0.73 0.02 0.54 0.76 0.99
0.49 0.11 0.73 0.26 0.88 0.86
0.46 0.06 0.66 0.59 0.57 0.90
0.57 0.22 0.95 0.43 0.59 0.85
0.76 0.63 0.54 0.64 0.47 0.53
0.24 0.99 0.67 0.85 0.09 0.17
