0.79 0.57 0.01 0.90 0.02 0.27
1.00 0.67 0.64 0.88 0.97 0.90
0.75 0.25 0.69 0.83 0.67 0.91
0.71 0.71 0.54 0.54 0.65 0.52
0.60 0.54 0.63 0.45 0.89 0.51
0.66 0.94 0.86 0.64 0.59 0.76
0.95 0.92 0.51 0.69 0.74 0.90
0.59 0.69 0.95 0.90 0.66 0.86
0.61 0.51 0.95 0.98 0.53 0.31
0.55 0.63 0.75 0.92 0.79 0.52
0.79 0.52 1.00 0.71 0.66 0.72
0.98 0.07 0.99 0.80 0.99 0.91
0.61 0.40 0.91 0.85 0.82 0.45
0.57 0.78 0.97 0.13 0.75 0.67
0.67 0.49 0.76 0.74 0.88 0.65
0.47 0.75 0.99 0.97 0.74 0.60
0.62 0.78 0.89 0.72 0.26 0.90
0.93 0.56 0.59 0.61 0.77 0.66
0.53 0.56 0.34 0.23 0.70 0.79
0.94 0.70 0.80 0.02 0.28 0.41
0.05 0.78 0.90 0.25 0.89 0.95
0.92 0.89 0.77 0.08 0.54 0.85
0.93 0.14 0.59 0.84 0.66 0.97
0.89 0.52 0.74 0.57 0.45 0.35
0.52 0.52 0.88 0.52 0.81 0.91
0.88 0.65 0.35 0.25 0.87 0.56
0.69 0.19 0.19 0.73 0.13 0.87
0.90 0.40 0.87 0.16 0.09 0.70
0.83 0.78 0.60 0.74 0.51 0.67
0.18 0.77 0.59 0.58 0.98 0.90
0.82 0.62 0.56 0.80 0.22 0.56
0.22 0.99 0.53 0.13 0.23 0.87
0.44 0.80 0.74 0.27 0.65 0.54
0.85 0.86 0.58 0.32 0.53 0.74
0.86 0.51 0.65 0.96 0.63 0.23
0.74 0.13 0.34 0.48 0.51 0.81
0.65 0.77 0.72 0.84 0.49 0.24
0.87 0.02 0.85 0.57 0.65 0.87
0.15 0.92 0.70 0.54 0.78 0.76
0.55 0.63 0.59 0.77 0.61 0.82
0.71 0.91 0.67 0.52 0.54 1.00
0.59 0.54 0.78 0.95 0.92 0.56
0.30 0.63 0.28 0.76 0.57 0.81
0.51 0.92 0.62 0.58 0.05 0.43
0.12 0.88 0.74 0.81 0.15 0.99
0.50 0.24 0.83 0.58 0.12 0.13
0.87 0.75 0.11 0.85 0.88 0.98
0.65 0.74 0.48 0.39 0.77 0.08
0.87 0.48 0.98 0.54 0.74 0.37
0.85 0.27 0.92 0.41 0.76 0.95
0.38 0.93 0.71 0.80 0.81 0.65
0.62 0.96 0.65 0.75 0.03 0.79
0.43 0.93 0.81 0.60 0.76 0.02
0.75 0.73 0.98 0.19 0.68 0.30
0.42 0.73 0.84 0.74 0.81 0.85
0.89 0.72 0.20 0.56 0.68 0.60
0.63 0.47 0.72 0.96 0.86 0.29
0.67 0.31 0.51 0.59 0.57 0.91
0.21 0.82 0.66 0.73 0.29 0.05
0.40 0.60 0.65 0.61 0.33 0.95
0.78 0.03 0.66 0.82 0.85 0.55
0.69 0.82 0.68 0.49 0.76 0.04
0.72 0.49 0.10 0.10 0.69 0.95
0.64 0.89 0.16 0.39 0.96 0.62
0.84 1.00 0.32 0.84 0.72 0.70
0.41 0.80 0.65 0.17 0.75 0.79
0.74 0.54 0.53 0.53 0.63 0.08
0.43 0.82 0.31 0.43 0.37 0.64
0.06 0.68 0.51 0.59 0.81 0.98
0.04 0.30 0.02 0.53 0.48 0.48
0.80 0.34 0.99 0.02 0.61 0.58
0.87 0.97 0.23 0.05 0.02 0.66
0.74 0.24 0.30 0.40 0.68 0.47
0.63 0.72 0.69 0.01 0.94 0.58
0.98 0.71 0.75 0.49 0.20 0.69
0.74 0.77 0.28 0.67 0.38 0.84
0.76 0.62 0.61 0.52 0.58 0.73
0.58 0.17 0.81 0.99 0.40 0.05
0.55 0.71 0.16 0.92 0.58 0.16
0.91 0.58 0.15 0.46 0.69 0.66
0.52 0.83 0.83 0.40 0.53 0.76
0.36 0.78 0.32 0.44 0.61 0.32
0.38 0.60 0.65 0.28 0.62 0.89
0.51 0.08 0.58 0.63 0.66 0.32
0.66 0.77 0.54 0.02 0.26 0.72
0.37 0.04 0.39 0.54 0.70 0.68
0.64 0.61 0.79 0.11 0.15 0.17
0.67 0.17 0.69 0.98 0.40 0.81
0.92 0.29 0.08 0.98 0.15 0.39
0.57 0.05 0.92 0.18 0.38 0.73
0.85 0.46 0.74 0.15 0.15 0.67
0.37 0.97 0.16 0.69 0.42 0.59
0.95 0.30 0.05 0.32 0.99 0.99
0.92 0.77 0.78 0.68 0.05 0.08
0.73 0.38 0.68 0.59 0.60 0.08
0.52 0.90 0.96 0.08 0.76 0.54
0.57 0.62 0.12 0.41 0.98 0.80
0.53 0.10 0.89 0.71 0.08 0.70
0.06 0.88 0.97 1.00 0.42 0.92
0.96 0.17 0.22 0.83 0.89 0.62
0.79 0.16 0.56 0.55 0.78 0.63
0.54 0.85 0.68 0.67 0.94 0.04
0.08 0.91 0.61 0.82 0.37 0.04
0.52 0.84 0.18 0.27 0.95 0.93
0.78 0.84 0.91 0.81 0.01 0.66
0.36 0.94 0.67 0.47 0.60 0.55
0.24 0.98 0.53 0.95 0.83 0.43
0.03 0.79 0.14 0.88 0.43 0.78
0.74 0.84 0.78 0.05 0.67 0.38
0.71 0.84 0.75 0.67 0.51 0.06
0.68 0.61 0.64 0.29 0.57 0.81
0.89 0.88 0.77 0.16 0.48 0.52
0.37 0.54 0.97 0.34 0.08 0.79
0.95 0.97 0.15 0.80 0.84 0.23
0.76 0.80 0.65 0.29 0.13 0.31
0.66 0.79 0.14 0.98 0.05 0.72
0.52 0.84 0.52 0.63 0.53 0.47
0.78 0.67 0.53 0.60 0.78 0.04
0.66 0.87 0.26 0.61 0.36 0.79
0.77 0.71 0.51 0.82 0.19 0.78
0.20 0.86 0.93 0.68 0.87 0.23
0.12 0.07 0.12 0.91 0.51 0.71
0.75 0.94 0.46 0.63 0.18 0.73
0.81 0.70 0.81 0.03 0.60 0.39
0.07 0.86 0.81 0.86 0.45 0.71
0.66 0.96 0.60 0.87 0.87 0.03
0.06 0.79 0.31 0.51 0.94 0.78
0.40 0.06 0.78 0.80 0.83 0.61
0.75 0.21 0.97 0.12 0.42 0.82
0.53 0.77 0.43 0.90 0.33 0.53
0.53 0.14 0.71 0.61 0.96 0.52
0.69 0.34 0.58 0.42 0.51 0.63
0.99 0.10 0.80 0.61 0.80 0.62
0.02 0.77 0.04 0.92 0.59 0.69
0.84 0.50 0.15 0.58 0.05 0.58
0.86 0.60 0.07 0.36 0.75 0.84
0.51 0.93 0.45 0.81 0.07 0.99
0.43 0.16 0.76 0.65 0.66 0.52
0.98 0.64 0.87 0.85 0.03 0.86
0.01 0.66 0.92 0.59 0.39 0.97
0.64 0.37 0.43 0.55 0.97 0.45
0.86 0.76 0.65 0.06 0.99 0.54
0.37 0.02 0.62 0.81 0.60 0.58
0.98 0.07 0.91 0.15 0.68 0.98
0.61 0.71 0.54 0.72 0.96 0.15
0.91 0.80 0.67 0.33 0.12 0.03
0.06 0.87 0.44 0.58 0.70 0.04
0.51 0.68 0.71 0.13 0.97 0.40
0.74 0.03 0.59 0.51 0.86 0.52
0.84 0.55 0.86 0.22 0.75 0.83
0.05 0.09 0.65 0.94 0.98 0.90
0.97 0.63 0.62 0.33 0.56 0.84
0.63 0.26 0.30 0.71 0.57 0.13
0.31 0.23 0.56 0.77 0.66 0.71
0.21 0.07 0.62 0.67 0.75 0.72
0.53 0.81 0.61 0.56 0.10 0.54
0.61 0.51 0.79 0.84 0.76 0.01
0.44 0.35 0.28 0.88 0.05 0.69
0.71 0.87 0.13 0.57 0.61 0.30
0.53 0.88 0.52 0.76 0.55 0.38
0.64 0.32 0.57 0.65 0.03 0.70
0.90 0.79 0.55 0.46 0.60 0.16
0.25 0.71 0.80 0.87 1.00 0.36
0.96 0.82 0.26 0.57 0.18 0.72
0.62 0.29 0.03 0.99 0.79 0.65
0.36 0.03 0.90 0.62 0.80 0.97
0.42 0.08 0.38 0.60 0.64 0.41
0.09 0.22 0.85 0.58 0.80 0.85
0.36 0.79 0.81 0.14 0.66 0.53
0.81 0.03 0.87 0.73 0.58 1.00
0.54 0.13 0.92 0.47 0.79 0.63
0.96 0.35 0.01 0.91 0.69 0.95
0.98 0.83 0.38 0.29 0.50 0.92
0.85 0.56 0.53 0.29 0.68 0.69
0.42 0.91 0.26 0.50 0.67 0.81
0.94 0.60 0.01 0.75 0.67 0.71
0.01 0.55 0.62 0.66 0.99 0.91
0.57 0.78 0.65 0.56 0.15 0.42
0.20 0.51 0.83 0.11 0.94 0.80
0.59 0.54 1.00 0.70 0.85 0.09
0.53 0.54 0.73 0.52 0.33 0.91
0.91 0.04 0.66 0.52 0.75 1.00
0.82 0.67 0.12 0.04 0.82 0.65
0.56 0.56 0.94 0.11 0.60 0.97
0.71 0.03 0.72 0.71 0.62 0.78
0.76 0.70 0.64 0.13 0.56 0.69
0.56 0.87 0.71 0.11 0.57 0.60
0.56 0.75 0.53 0.52 0.03 0.64
0.01 0.59 0.88 0.93 0.35 0.78
0.31 0.96 0.57 0.76 0.06 0.61
0.58 0.93 0.52 0.14 0.71 0.89
0.89 0.11 0.63 0.01 0.84 0.80
0.89 0.10 0.03 0.59 0.21 0.97
0.83 0.63 0.86 0.82 0.90 0.05
0.90 0.28 0.17 0.51 0.33 0.81
0.25 0.62 0.62 1.00 0.01 0.55
0.97 0.99 0.59 0.17 0.56 0.01
0.87 0.07 0.81 0.45 0.83 0.76
0.76 0.87 0.91 0.72 0.83 0.03
0.01 0.77 0.91 0.96 0.93 0.50
0.67 0.27 0.92 0.11 0.70 0.54
0.76 0.74 0.88 0.85 0.08 0.22
0.97 0.98 0.12 0.41 0.61 0.82
0.09 0.74 0.93 0.58 0.95 0.41
0.54 0.55 0.81 0.97 0.73 0.05
0.62 0.98 0.52 0.52 0.17 0.86
0.31 0.22 0.74 0.53 0.73 0.70
0.54 0.26 0.71 0.41 0.54 0.60
0.52 0.98 0.61 0.40 0.86 0.67
0.61 0.04 0.86 0.35 0.93 0.32
0.01 0.84 0.79 0.36 0.71 0.73
0.44 0.19 0.82 0.54 0.61 0.77
0.68 0.61 0.78 0.64 0.61 0.31
0.82 0.23 0.67 0.70 0.55 0.79
0.95 0.59 0.24 0.44 0.91 0.82
0.65 0.55 0.82 0.31 0.83 0.68
0.12 0.91 0.56 0.10 0.29 0.36
0.52 0.64 0.82 0.62 0.21 0.65
0.04 0.23 0.71 0.68 0.21 0.56
0.60 0.58 0.68 0.52 0.53 0.73
0.70 0.14 0.57 0.31 0.60 0.88
0.80 0.07 0.76 0.86 0.65 0.35
0.25 0.92 0.36 0.88 0.12 1.00
0.62 0.64 0.91 0.17 0.77 0.53
0.99 0.66 0.51 0.08 0.62 0.82
0.52 0.18 0.36 0.92 0.02 0.88
0.69 0.65 0.58 0.30 0.51 0.93
0.27 0.51 0.55 0.92 0.62 0.14
1.00 0.52 0.74 0.92 0.79 0.05
0.24 0.85 0.87 0.15 0.10 0.83
