79 57 1 90 2 27
100 67 64 88 97 90
75 25 69 83 67 91
71 71 54 54 65 52
60 54 63 45 89 51
66 94 86 64 59 76
95 92 51 69 74 90
59 69 95 90 66 86
61 51 95 98 53 31
55 63 75 92 79 52
79 52 100 71 66 72
98 7 99 80 99 91
61 40 91 85 82 45
57 78 97 13 75 67
67 49 76 74 88 65
47 75 99 97 74 60
62 78 89 72 26 90
93 56 59 61 77 66
53 56 34 23 70 79
94 70 80 2 28 41
5 78 90 25 89 95
92 89 77 8 54 85
93 14 59 84 66 97
89 52 74 57 45 35
52 52 88 52 81 91
88 65 35 25 87 56
69 19 19 73 13 87
90 40 87 16 9 70
83 78 60 74 51 67
18 77 59 58 98 90
82 62 56 80 22 56
22 99 53 13 23 87
44 80 74 27 65 54
85 86 58 32 53 74
86 51 65 96 63 23
74 13 34 48 51 81
65 77 72 84 49 24
87 2 85 57 65 87
15 92 70 54 78 76
55 63 59 77 61 82
71 91 67 52 54 100
59 54 78 95 92 56
30 63 28 76 57 81
51 92 62 58 5 43
12 88 74 81 15 99
50 24 83 58 12 13
87 75 11 85 88 98
65 74 48 39 77 8
87 48 98 54 74 37
85 27 92 41 76 95
38 93 71 80 81 65
62 96 65 75 3 79
43 93 81 60 76 2
75 73 98 19 68 30
42 73 84 74 81 85
89 72 20 56 68 60
63 47 72 96 86 29
67 31 51 59 57 91
21 82 66 73 29 5
40 60 65 61 33 95
78 3 66 82 85 55
69 82 68 49 76 4
72 49 10 10 69 95
64 89 16 39 96 62
84 100 32 84 72 70
41 80 65 17 75 79
74 54 53 53 63 8
43 82 31 43 37 64
6 68 51 59 81 98
4 30 2 53 48 48
80 34 99 2 61 58
87 97 23 5 2 66
74 24 30 40 68 47
63 72 69 1 94 58
98 71 75 49 20 69
74 77 28 67 38 84
76 62 61 52 58 73
58 17 81 99 40 5
55 71 16 92 58 16
91 58 15 46 69 66
52 83 83 40 53 76
36 78 32 44 61 32
38 60 65 28 62 89
51 8 58 63 66 32
66 77 54 2 26 72
37 4 39 54 70 68
64 61 79 11 15 17
67 17 69 98 40 81
92 29 8 98 15 39
57 5 92 18 38 73
85 46 74 15 15 67
37 97 16 69 42 59
95 30 5 32 99 99
92 77 78 68 5 8
73 38 68 59 60 8
52 90 96 8 76 54
57 62 12 41 98 80
53 10 89 71 8 70
6 88 97 100 42 92
96 17 22 83 89 62
79 16 56 55 78 63
54 85 68 67 94 4
8 91 61 82 37 4
52 84 18 27 95 93
78 84 91 81 1 66
36 94 67 47 60 55
24 98 53 95 83 43
3 79 14 88 43 78
74 84 78 5 67 38
71 84 75 67 51 6
68 61 64 29 57 81
89 88 77 16 48 52
37 54 97 34 8 79
95 97 15 80 84 23
76 80 65 29 13 31
66 79 14 98 5 72
52 84 52 63 53 47
78 67 53 60 78 4
66 87 26 61 36 79
77 71 51 82 19 78
20 86 93 68 87 23
12 7 12 91 51 71
75 94 46 63 18 73
81 70 81 3 60 39
7 86 81 86 45 71
66 96 60 87 87 3
6 79 31 51 94 78
40 6 78 80 83 61
75 21 97 12 42 82
53 77 43 90 33 53
53 14 71 61 96 52
69 34 58 42 51 63
99 10 80 61 80 62
2 77 4 92 59 69
84 50 15 58 5 58
86 60 7 36 75 84
51 93 45 81 7 99
43 16 76 65 66 52
98 64 87 85 3 86
1 66 92 59 39 97
64 37 43 55 97 45
86 76 65 6 99 54
37 2 62 81 60 58
98 7 91 15 68 98
61 71 54 72 96 15
91 80 67 33 12 3
6 87 44 58 70 4
51 68 71 13 97 40
74 3 59 51 86 52
84 55 86 22 75 83
5 9 65 94 98 90
97 63 62 33 56 84
63 26 30 71 57 13
31 23 56 77 66 71
21 7 62 67 75 72
53 81 61 56 10 54
61 51 79 84 76 1
44 35 28 88 5 69
71 87 13 57 61 30
53 88 52 76 55 38
64 32 57 65 3 70
90 79 55 46 60 16
25 71 80 87 100 36
96 82 26 57 18 72
62 29 3 99 79 65
36 3 90 62 80 97
42 8 38 60 64 41
9 22 85 58 80 85
36 79 81 14 66 53
81 3 87 73 58 100
54 13 92 47 79 63
96 35 1 91 69 95
98 83 38 29 50 92
85 56 53 29 68 69
42 91 26 50 67 81
94 60 1 75 67 71
1 55 62 66 99 91
57 78 65 56 15 42
20 51 83 11 94 80
59 54 100 70 85 9
53 54 73 52 33 91
91 4 66 52 75 100
82 67 12 4 82 65
56 56 94 11 60 97
71 3 72 71 62 78
76 70 64 13 56 69
56 87 71 11 57 60
56 75 53 52 3 64
1 59 88 93 35 78
31 96 57 76 6 61
58 93 52 14 71 89
89 11 63 1 84 80
89 10 3 59 21 97
83 63 86 82 90 5
90 28 17 51 33 81
25 62 62 100 1 55
97 99 59 17 56 1
87 7 81 45 83 76
76 87 91 72 83 3
1 77 91 96 93 50
67 27 92 11 70 54
76 74 88 85 8 22
97 98 12 41 61 82
9 74 93 58 95 41
54 55 81 97 73 5
62 98 52 52 17 86
31 22 74 53 73 70
54 26 71 41 54 60
52 98 61 40 86 67
61 4 86 35 93 32
1 84 79 36 71 73
44 19 82 54 61 77
68 61 78 64 61 31
82 23 67 70 55 79
95 59 24 44 91 82
65 55 82 31 83 68
12 91 56 10 29 36
52 64 82 62 21 65
4 23 71 68 21 56
60 58 68 52 53 73
70 14 57 31 60 88
80 7 76 86 65 35
25 92 36 88 12 100
62 64 91 17 77 53
99 66 51 8 62 82
52 18 36 92 2 88
69 65 58 30 51 93
27 51 55 92 62 14
100 52 74 92 79 5
24 85 87 15 10 83
