96 20 16 23
77 63 56 94
92 76 91 70
76 70 91 96
72 77 73 95
91 85 77 76
77 83 91 65
75 9 64 93
90 73 79 85
71 85 54 89
93 61 83 79
67 60 73 92
16 52 79 100
73 74 85 73
72 69 92 74
64 75 55 71
72 98 91 67
52 3 89 100
60 69 62 87
79 60 61 53
53 57 93 96
82 59 79 85
56 94 97 36
77 54 100 70
86 57 58 76
71 92 95 62
71 72 87 70
90 56 13 97
78 56 86 68
62 92 70 54
76 57 52 64
51 64 98 96
77 79 51 72
51 85 72 62
73 56 86 61
78 58 57 63
41 58 75 65
92 55 70 71
51 76 82 53
53 75 70 97
66 53 81 64
60 68 77 24
63 66 59 96
75 98 93 6
58 60 59 100
51 92 71 61
66 65 52 65
67 56 70 65
75 51 87 2
53 72 61 73
93 59 56 27
32 56 82 95
37 79 73 95
85 27 60 90
87 51 85 72
34 59 100 84
64 51 98 52
66 28 91 55
60 46 81 50
88 83 3 95
57 60 52 70
51 79 68 83
58 58 98 17
53 82 87 31
54 55 84 98
54 100 55 85
75 80 56 60
56 53 66 83
81 93 31 94
2 99 96 68
60 58 52 77
83 56 63 55
86 59 11 92
51 72 52 54
61 71 61 63
51 52 97 69
62 57 51 66
75 73 60 21
51 56 98 57
86 69 49 79
71 52 62 95
46 38 65 83
74 69 51 52
66 55 66 51
78 56 64 68
55 69 59 100
53 4 66 96
34 70 74 81
45 54 68 92
48 89 92 60
55 65 62 81
57 65 92 58
50 70 61 52
92 54 56 67
92 96 15 86
68 100 60 52
53 23 28 60
44 68 68 78
51 66 51 76
38 52 92 76
60 99 4 94
9 36 98 70
77 8 93 95
51 55 90 62
37 66 82 90
15 92 73 100
31 77 86 56
63 71 56 33
77 70 73 27
82 9 80 61
36 61 94 72
74 67 67 6
39 60 84 19
1 100 63 93
20 58 97 76
92 62 53 51
47 91 53 57
54 2 100 64
63 61 56 51
56 1 63 84
84 94 3 93
89 60 51 53
11 67 72 58
71 11 74 59
65 54 53 31
52 77 34 71
85 98 18 64
18 66 80 99
53 99 66 35
51 56 62 86
73 66 71 6
54 64 14 70
4 83 62 62
62 61 66 59
51 96 31 51
74 52 99 34
73 21 87 8
97 82 12 73
9 74 70 74
93 54 1 53
71 61 9 94
41 82 66 69
65 95 52 53
35 65 60 61
25 47 69 69
64 55 69 28
61 22 55 70
72 51 57 54
82 71 3 81
59 64 79 59
77 100 8 51
86 23 4 15
80 72 5 52
51 47 73 51
57 90 98 10
10 64 99 11
66 72 91 1
31 62 96 54
55 31 78 41
1 57 60 54
76 83 51 28
99 8 73 60
57 78 87 6
69 63 51 53
57 22 61 84
68 85 36 57
10 88 58 55
54 75 58 47
64 87 67 21
71 29 98 53
52 55 59 84
37 94 21 90
52 60 54 76
10 56 90 74
61 54 62 51
60 60 85 17
1 96 55 91
55 80 76 39
48 51 63 93
70 95 52 52
87 3 98 65
53 75 73 46
22 42 22 81
57 2 98 78
67 67 55 3
76 77 45 27
52 51 56 70
55 52 56 55
60 72 30 55
73 55 62 4
10 52 85 85
53 53 71 58
56 67 68 53
67 17 54 60
53 70 54 53
51 83 1 57
52 100 99 7
66 80 86 15
64 68 60 36
76 2 63 78
64 60 52 51
72 30 55 52
17 53 61 54
55 75 55 20
52 80 71 40
52 58 56 54
52 98 12 51
34 56 48 61
78 59 11 96
56 60 96 13
54 72 62 51
28 55 60 64
86 59 57 9
89 19 24 92
58 83 52 15
1 12 86 100
62 14 75 51
56 93 54 52
51 75 97 13
10 80 25 70
81 51 58 38
79 81 6 65
62 20 74 55
16 33 76 54
63 3 31 62
14 58 51 76
61 55 33 51
17 25 71 96
61 59 17 94
26 95 77 43
77 29 78 7
82 29 7 61
7 39 92 83
52 2 90 56
73 81 10 92
47 87 54 53
68 63 88 2
72 25 99 36
7 76 7 80
78 65 23 60
6 94 51 53
33 57 22 77
62 81 5 93
74 62 57 7
53 7 80 56
54 42 56 55
82 57 30 56
72 53 92 25
82 56 2 91
53 6 58 76
54 67 61 51
28 86 64 11
61 62 74 25
61 68 92 11
99 11 72 55
79 58 10 82
25 74 51 71
57 2 78 81
31 57 100 14
71 27 74 23
64 86 16 46
48 71 30 61
62 80 65 16
19 88 85 13
65 55 26 69
38 27 66 89
48 52 54 53
65 4 57 14
52 37 94 53
56 96 79 7
53 88 74 7
51 73 8 98
70 55 6 32
64 74 75 22
53 88 64 3
47 68 19 70
62 60 18 75
52 68 57 11
69 2 54 35
55 57 81 9
65 63 100 8
29 72 83 51
54 51 90 38
61 85 25 30
55 22 56 54
51 69 6 50
88 60 28 2
58 63 67 8
84 75 83 1
57 14 67 53
3 51 70 57
35 24 84 62
23 68 63 51
61 13 55 76
58 11 78 54
53 10 58 66
54 61 3 57
67 23 54 57
47 84 86 10
54 3 62 92
5 70 85 51
64 5 89 15
63 72 53 42
19 91 53 63
12 11 75 99
4 90 59 62
1 85 59 86
59 100 34 41
58 66 66 1
71 52 13 68
26 81 62 31
86 57 2 75
53 56 84 29
18 51 36 100
64 58 81 1
64 52 5 5
83 3 51 52
6 64 54 91
16 70 51 65
67 59 3 82
52 51 68 64
51 68 67 43
59 55 85 39
12 70 36 70
54 58 77 3
88 51 1 35
52 6 57 59
92 55 23 2
80 9 52 53
54 79 55 26
66 47 19 63
31 25 88 74
56 17 93 6
7 92 57 66
49 92 23 68
53 10 55 78
7 69 61 53
62 1 62 88
52 42 75 51
44 32 30 88
56 51 91 19
2 52 74 67
53 45 73 58
78 34 16 88
5 20 58 65
61 51 69 9
87 57 60 3
77 51 6 87
51 51 58 59
24 55 24 67
57 11 69 55
53 53 21 97
59 61 58 45
87 1 86 79
52 56 7 52
48 68 13 58
66 41 34 51
96 2 70 27
55 55 60 41
27 78 59 61
7 59 71 6
53 43 98 30
59 23 12 91
19 60 49 75
53 6 69 58
23 61 64 20
30 69 15 76
1 1 61 100
85 58 56 3
53 56 51 9
4 54 55 73
2 97 52 87
52 26 90 33
20 57 32 68
18 21 82 64
14 91 57 54
42 90 49 55
69 57 3 88
42 38 55 28
58 96 58 3
77 56 58 2
74 72 4 53
7 88 15 60
32 87 58 16
25 100 59 51
63 53 49 58
14 54 26 57
7 87 51 56
59 12 64 51
53 9 85 52
2 65 54 11
2 100 69 6
52 71 70 6
60 6 55 93
92 87 2 23
6 87 13 95
10 21 79 64
43 34 35 74
18 17 68 95
57 72 2 74
7 78 41 72
60 3 54 26
50 52 56 15
60 60 22 8
63 59 51 6
3 57 57 86
30 72 51 55
25 61 51 25
74 10 2 65
13 71 12 72
5 6 62 92
61 1 89 81
20 85 1 70
69 22 28 99
47 4 97 60
52 67 1 73
1 54 60 80
62 52 15 85
54 54 37 22
94 8 1 83
4 92 53 74
57 9 82 15
98 1 96 60
8 90 9 67
11 80 42 52
52 23 51 88
70 55 4 53
35 19 58 77
57 5 88 59
56 92 57 8
60 51 52 52
70 82 2 56
57 2 64 64
58 52 36 17
55 97 21 22
36 2 69 70
61 53 68 1
4 71 53 56
8 19 78 85
81 24 56 9
81 1 3 96
19 55 56 26
57 20 60 52
62 37 52 56
54 24 53 57
35 93 98 2
22 62 64 22
1 90 28 78
77 69 1 5
52 35 52 61
56 23 9 92
59 1 54 58
12 63 43 96
5 54 51 62
53 64 71 2
60 14 52 51
54 87 36 7
52 22 64 38
52 52 52 57
77 15 7 52
52 1 99 61
58 21 54 89
55 1 65 69
56 2 51 86
57 52 51 58
83 10 31 27
91 82 59 1
54 51 40 36
57 15 52 67
54 79 60 6
86 2 52 52
5 51 75 51
51 52 71 12
14 53 49 67
53 100 1 54
60 20 51 69
51 62 16 67
64 5 5 60
51 17 99 58
4 77 51 98
19 100 4 54
11 6 53 71
8 59 54 54
54 86 59 7
65 51 83 6
51 51 53 53
48 14 55 60
51 52 13 95
79 1 30 81
7 3 25 64
54 10 56 60
46 36 71 56
24 52 91 26
62 6 6 88
59 48 6 65
61 26 72 23
51 60 20 56
94 1 93 6
27 62 65 10
61 51 76 7
3 49 85 92
55 4 7 69
100 56 64 1
2 43 72 62
53 51 61 7
30 15 81 61
75 25 69 11
94 9 48 24
51 58 54 23
82 47 3 52
54 54 99 6
56 54 5 64
21 87 84 5
16 48 22 86
58 35 63 37
97 36 99 3
1 72 18 68
52 54 7 97
51 29 80 52
56 100 10 43
7 83 43 54
28 88 13 51
54 57 89 4
8 55 57 29
60 81 62 3
42 51 18 5
12 54 69 60
55 64 59 2
55 1 51 11
54 67 52 1
53 8 60 56
63 59 1 88
52 52 5 70
100 52 74 4
52 41 43 55
53 99 16 25
39 65 21 61
51 8 80 61
23 75 9 52
7 51 63 55
3 53 65 79
44 4 63 56
13 37 82 63
84 55 56 1
51 71 3 52
9 91 49 35
54 49 15 71
2 31 100 65
5 21 86 55
1 19 74 82
52 37 61 51
2 64 24 61
63 57 3 67
65 55 2 98
85 65 55 1
5 15 97 70
13 79 82 4
32 86 91 1
36 57 52 51
52 56 2 93
51 99 55 3
51 22 82 51
35 9 99 55
39 51 17 96
54 15 20 84
61 73 3 22
51 66 2 88
51 28 76 52
52 32 57 13
54 6 60 51
11 70 21 63
49 55 93 3
30 73 6 68
1 94 61 53
26 2 62 71
1 60 94 30
48 40 54 58
8 66 77 1
63 55 54 3
58 71 5 47
28 1 59 79
59 31 5 56
56 49 30 59
3 12 76 84
32 58 90 12
83 98 20 2
70 55 1 68
56 64 88 1
2 56 90 60
11 51 60 11
62 32 4 53
21 90 75 4
55 61 66 2
14 61 55 42
66 67 33 3
1 95 59 65
83 53 51 1
60 32 35 20
2 60 55 88
3 50 56 88
