0.83 0.96 0.10 0.23
0.92 0.73 0.83 0.65
0.59 0.67 0.60 0.60
0.89 0.22 0.94 0.63
0.94 0.76 0.73 0.52
0.60 0.61 0.96 0.54
0.35 0.69 0.32 0.83
0.80 0.73 0.64 0.58
0.59 0.95 0.84 0.57
0.54 0.57 0.58 0.13
0.53 0.66 0.80 1.00
0.52 0.62 0.21 0.91
0.75 0.63 0.22 0.60
0.51 0.67 0.75 0.81
0.78 0.89 0.21 0.77
0.54 0.56 0.54 0.73
0.72 0.51 0.60 0.71
0.74 0.81 0.54 0.70
0.51 0.81 0.67 0.57
0.60 0.52 0.88 0.74
0.87 0.74 0.56 0.59
0.63 0.65 0.52 0.64
1.00 0.82 0.67 0.04
0.62 0.65 0.08 0.64
0.68 0.62 0.53 0.83
0.53 0.39 0.54 0.73
0.57 0.56 0.53 0.55
0.92 0.15 0.91 0.68
0.58 0.58 0.33 0.61
0.78 0.32 0.82 0.80
0.40 0.64 0.85 0.83
0.76 0.54 0.97 0.15
0.39 0.76 0.76 0.43
0.53 0.63 0.81 0.68
0.54 0.12 0.59 0.77
0.65 0.58 0.29 0.63
1.00 0.51 0.80 0.66
0.41 0.89 0.60 0.69
0.76 0.10 0.95 0.71
0.29 0.98 0.98 0.66
0.54 0.65 0.52 0.55
0.09 0.53 0.71 0.83
0.82 0.68 0.07 0.75
0.10 0.98 0.55 0.92
0.80 0.53 0.87 0.55
0.52 0.58 0.94 0.78
0.76 0.03 0.86 0.40
0.52 0.75 0.74 0.61
0.79 0.84 0.53 0.52
0.56 0.52 0.63 0.27
0.87 0.36 0.73 0.68
0.60 0.72 0.04 0.98
0.37 0.83 0.93 0.56
0.81 0.48 0.66 0.64
1.00 0.55 0.49 0.53
0.55 0.06 0.71 0.56
0.30 1.00 0.68 0.83
0.13 0.70 0.53 0.86
0.80 0.10 0.58 0.83
0.05 0.62 0.99 0.94
0.72 0.72 0.56 0.52
0.84 0.14 0.56 0.84
0.53 0.68 0.83 0.56
0.83 0.89 0.55 0.02
0.52 0.51 0.51 0.97
0.86 0.58 0.22 0.69
0.53 0.60 0.63 0.71
0.28 0.65 0.79 0.66
0.16 0.73 0.61 0.74
0.96 0.72 0.50 0.52
0.66 0.51 0.99 0.51
0.77 0.02 0.70 0.70
0.20 0.85 0.94 0.73
0.56 0.60 0.05 0.71
0.51 0.68 0.67 0.98
0.51 0.77 0.28 0.87
0.22 0.61 0.60 0.73
0.45 0.53 0.84 0.41
0.11 0.84 0.77 0.51
0.75 0.77 0.57 0.32
0.02 0.56 0.51 0.98
0.78 0.73 0.55 0.52
0.83 0.42 0.51 0.87
0.36 0.57 0.55 0.83
0.69 0.51 0.52 0.58
0.54 0.51 0.78 0.57
0.19 0.56 0.57 0.66
0.63 0.72 0.52 0.53
0.16 0.61 0.90 0.51
0.59 0.83 0.51 0.57
0.57 0.47 0.68 0.54
0.36 0.85 0.53 0.53
0.84 0.39 0.53 0.62
0.68 0.78 0.26 0.51
0.66 0.87 0.58 0.03
0.53 0.31 0.63 0.81
0.81 0.53 0.51 0.76
0.55 0.61 0.51 0.90
0.41 0.80 0.54 0.63
0.68 0.74 0.27 0.55
0.57 0.83 0.51 0.51
0.92 0.91 0.10 0.63
0.07 0.99 0.92 0.77
0.51 0.51 0.72 0.72
0.74 0.04 0.72 0.65
0.78 0.30 0.69 0.62
0.72 0.95 0.53 0.10
0.74 0.01 0.70 0.70
0.31 0.99 0.56 0.62
0.91 0.52 0.92 0.18
0.25 0.57 0.76 0.61
0.53 0.78 0.69 0.59
0.16 0.65 0.57 0.35
0.80 0.62 0.21 0.66
0.69 0.05 0.84 0.88
0.98 0.18 0.48 0.97
0.69 0.73 0.36 0.52
0.55 0.84 0.44 0.72
0.85 0.64 0.70 0.12
0.52 0.58 0.52 0.91
0.74 0.80 0.88 0.04
0.83 0.57 0.56 0.53
0.55 0.51 0.35 0.19
0.64 0.76 0.91 0.08
0.87 0.48 0.58 0.54
0.87 0.33 0.39 0.69
0.07 0.56 0.80 0.72
0.53 0.90 0.51 0.63
0.82 0.02 0.53 0.74
0.81 0.27 0.55 0.93
0.50 0.64 0.56 0.81
0.72 0.27 0.56 0.87
0.16 0.61 0.89 0.67
0.33 0.71 0.08 0.68
0.10 0.89 0.72 0.53
0.74 0.83 0.82 0.07
0.17 0.86 0.55 0.82
0.59 0.51 0.22 0.98
0.84 0.73 0.63 0.12
0.76 0.65 0.55 0.18
0.01 0.80 0.87 0.95
0.83 0.51 0.27 0.83
0.74 0.01 0.56 0.86
0.56 0.30 0.55 0.55
0.10 0.87 0.94 0.70
0.51 0.55 0.67 0.71
0.52 0.78 0.53 0.58
0.29 0.90 0.51 0.72
0.39 0.53 0.67 0.65
0.21 0.51 0.74 0.98
0.66 0.95 0.53 0.06
0.54 0.58 0.57 0.62
0.53 0.58 0.65 0.61
0.97 0.01 0.01 0.59
0.54 0.02 0.41 0.63
0.78 0.90 0.54 0.01
0.51 0.53 0.53 0.94
0.54 0.52 0.01 0.91
0.51 0.64 0.22 0.70
0.13 0.91 0.59 0.80
0.89 0.55 0.23 0.58
0.91 0.59 0.14 0.34
0.02 0.83 0.98 0.45
0.25 0.29 0.69 0.82
0.02 0.88 0.78 0.54
0.66 0.97 0.05 0.06
0.04 0.63 0.98 0.91
0.51 0.51 0.97 0.68
0.21 0.75 0.05 0.89
0.40 0.80 0.52 0.60
0.86 0.34 0.68 0.54
0.34 0.53 0.95 0.80
0.95 0.74 0.01 0.39
0.03 0.71 0.53 0.91
0.77 0.20 0.55 0.54
0.54 0.96 0.51 0.61
0.83 0.51 0.03 0.96
0.53 0.12 0.80 0.85
0.53 0.88 0.68 0.05
0.66 0.78 0.07 0.67
0.84 0.51 0.59 0.03
0.78 0.85 0.03 0.59
0.96 0.75 0.54 0.01
0.60 0.78 0.30 0.59
0.88 0.53 0.23 0.69
0.51 0.77 0.54 0.60
0.97 0.02 0.60 0.03
0.69 0.01 0.95 0.93
0.51 0.55 0.59 0.38
0.53 0.69 0.33 0.67
0.58 0.68 0.99 0.04
0.59 0.23 0.35 0.98
0.10 0.53 0.87 0.70
0.21 0.66 0.52 0.81
0.51 0.96 0.51 0.54
0.92 0.13 0.73 0.53
0.54 0.52 0.69 0.60
0.51 0.89 0.51 0.63
0.07 0.95 0.62 0.51
0.10 0.70 0.64 0.52
0.71 0.88 0.34 0.31
0.54 0.17 0.63 0.60
0.61 0.94 0.53 0.18
0.53 0.16 0.77 0.64
0.83 0.84 0.56 0.01
0.53 0.62 0.53 0.54
0.81 0.79 0.84 0.02
0.16 0.59 0.63 0.85
0.83 0.79 0.78 0.12
0.96 0.51 0.27 0.73
0.53 0.94 0.01 0.73
0.51 0.51 0.57 0.78
0.78 0.17 0.68 0.16
0.76 0.74 0.23 0.53
0.35 0.54 0.64 0.80
0.52 0.59 0.52 0.87
0.51 0.54 0.54 0.55
0.76 0.20 0.66 0.54
0.06 0.79 0.81 0.80
0.23 0.51 0.61 1.00
0.53 0.51 0.61 0.64
0.10 0.32 0.67 0.63
0.54 0.52 0.52 0.52
0.91 0.38 0.53 0.57
0.67 0.04 0.58 0.58
0.59 0.72 0.03 0.64
0.55 0.29 0.61 0.53
0.12 0.58 0.64 0.78
0.75 0.61 0.73 0.08
0.81 0.62 0.08 0.49
0.02 0.73 0.89 0.95
0.01 0.57 0.64 0.64
0.08 0.84 0.52 0.63
0.65 0.99 0.71 0.01
0.55 0.48 0.05 0.66
0.25 0.61 0.58 0.53
0.51 0.51 0.95 0.61
0.71 0.04 0.55 0.53
0.45 0.58 0.31 0.69
0.14 0.51 0.21 0.50
0.80 0.52 0.06 0.17
0.01 0.58 0.79 0.54
0.77 0.57 0.04 0.73
0.96 0.37 0.52 0.52
0.53 0.02 0.69 0.68
0.65 0.05 0.83 0.18
0.58 0.21 0.57 0.62
0.36 0.21 0.99 0.56
0.64 0.42 0.95 0.52
0.31 0.03 0.90 0.58
0.53 0.59 0.83 0.11
0.55 0.12 0.53 0.56
0.04 0.47 0.71 0.60
0.56 0.99 0.72 0.04
0.63 0.70 0.88 0.02
0.59 0.07 0.55 0.02
0.05 0.51 0.97 0.56
0.56 0.78 0.58 0.04
0.64 0.96 0.51 0.06
0.51 0.55 0.72 0.30
0.81 0.33 0.27 0.65
0.37 0.52 0.55 0.05
0.21 0.40 0.58 0.87
0.57 0.54 0.52 0.18
0.52 0.55 0.05 0.78
0.52 0.57 0.04 0.66
0.59 0.51 0.12 0.23
0.11 0.75 0.63 0.84
0.97 0.57 0.53 0.02
0.69 0.94 0.51 0.08
0.75 0.32 0.07 0.73
0.56 0.66 0.52 0.03
0.52 0.20 0.69 0.68
0.91 0.65 0.03 0.83
0.68 0.25 0.19 0.81
0.05 0.32 0.72 0.72
0.32 0.90 0.11 0.87
0.10 0.60 0.59 0.70
0.57 0.71 0.10 0.30
0.88 0.90 0.01 0.72
0.08 0.60 0.13 0.54
0.12 0.57 0.64 0.62
0.51 0.38 0.23 0.79
0.53 0.21 0.75 0.53
0.76 0.65 0.32 0.02
0.74 0.53 0.04 0.63
0.52 0.88 0.25 0.42
0.23 0.82 0.52 0.44
0.63 0.03 0.56 0.56
0.58 0.07 0.26 0.60
0.51 0.12 0.52 0.82
0.03 0.82 0.39 0.53
0.14 0.88 0.61 0.21
0.11 0.78 0.94 0.44
0.78 0.05 0.29 0.57
0.70 0.68 0.53 0.02
0.74 0.80 0.96 0.01
0.52 0.90 0.70 0.03
0.15 0.24 0.54 0.70
0.55 0.58 0.07 0.65
0.97 0.22 0.85 0.01
0.80 0.52 0.42 0.09
0.57 0.13 0.55 0.09
0.87 0.54 0.03 0.58
0.51 0.17 0.92 0.11
0.92 0.02 0.92 0.60
0.61 0.98 0.93 0.01
0.06 0.73 0.93 0.51
0.16 0.09 0.66 0.52
0.18 0.76 0.07 0.69
0.75 0.75 0.30 0.21
0.90 0.36 0.05 0.63
0.64 0.89 0.01 0.73
0.06 0.51 0.63 0.85
0.83 0.18 0.26 0.58
0.63 0.88 0.82 0.01
0.58 0.86 0.80 0.02
0.13 0.66 0.68 0.51
0.60 0.95 0.51 0.17
0.03 0.76 0.91 0.53
0.09 0.65 0.56 0.51
0.09 0.61 0.11 0.55
0.52 0.59 0.19 0.60
0.03 0.51 0.73 0.62
0.97 0.42 0.62 0.01
0.04 0.57 0.58 0.64
0.07 0.65 0.62 0.57
0.44 0.16 0.56 0.58
0.96 0.64 0.78 0.01
0.81 0.82 0.74 0.01
0.89 0.02 0.80 0.31
0.49 0.05 0.63 0.57
0.33 0.43 0.49 0.52
0.51 0.81 0.01 0.93
0.51 0.82 0.02 0.76
0.06 0.75 0.96 0.17
0.43 0.29 0.44 0.72
0.69 0.61 0.03 0.66
0.13 0.53 0.65 0.55
0.19 0.08 0.71 0.66
0.03 0.64 0.58 0.01
0.55 0.88 0.07 0.63
0.60 0.61 0.51 0.14
0.76 0.54 0.54 0.11
0.26 0.58 0.91 0.37
0.23 0.15 0.61 0.51
0.11 0.51 0.53 0.84
0.91 0.01 0.66 0.59
0.63 0.83 0.09 0.57
0.69 0.39 0.54 0.53
0.53 0.51 1.00 0.02
0.91 0.54 0.02 0.74
0.09 0.51 0.66 0.71
0.61 0.03 0.80 0.55
0.76 0.59 0.93 0.01
0.60 0.52 0.53 0.10
0.82 0.06 1.00 0.04
0.74 0.61 0.09 0.61
0.27 0.78 0.54 0.14
0.06 0.83 0.09 0.95
0.69 0.56 0.04 0.62
0.73 0.10 0.51 0.56
0.85 0.53 0.01 0.59
0.64 0.08 0.52 0.16
0.60 0.67 0.21 0.05
0.03 0.28 0.62 0.58
0.73 0.05 0.79 0.30
0.81 0.26 0.33 0.53
0.01 0.54 0.93 0.70
0.60 0.63 0.09 0.51
0.90 0.15 0.37 0.56
0.56 0.53 0.02 0.87
0.68 0.84 0.06 0.39
0.52 0.54 0.52 0.43
0.57 0.11 0.61 0.53
0.62 0.07 0.19 0.72
0.81 0.59 0.03 0.63
0.76 0.52 0.01 0.66
0.90 0.55 0.03 0.17
0.55 0.84 0.54 0.08
0.52 0.34 0.23 0.63
0.74 0.68 0.02 0.73
0.01 0.79 0.60 0.84
0.73 0.64 0.01 0.53
0.74 0.22 0.40 0.57
0.45 0.02 0.92 0.93
0.02 0.92 0.92 0.53
0.23 0.09 0.62 0.66
0.39 0.59 0.03 0.83
0.51 0.74 0.05 0.58
0.54 0.01 0.66 0.84
0.61 0.83 0.52 0.01
0.54 0.88 0.51 0.39
0.54 0.97 0.16 0.01
0.54 0.44 0.12 0.92
0.51 0.51 0.85 0.16
0.71 0.63 0.53 0.02
0.11 0.68 0.02 0.73
0.29 0.10 0.55 0.58
0.58 0.56 0.19 0.47
0.61 0.03 0.71 0.53
0.02 0.65 0.56 0.95
0.02 0.93 0.54 0.74
0.53 0.29 0.95 0.03
0.62 0.78 0.01 0.74
0.74 0.23 0.51 0.52
0.03 0.69 0.56 0.74
0.06 0.60 0.15 0.80
0.68 0.47 0.28 0.34
0.57 0.53 0.72 0.04
0.95 0.02 0.79 0.39
0.14 0.29 0.55 0.94
0.66 0.03 0.71 0.52
0.02 0.95 0.94 0.51
0.65 0.89 0.01 0.57
0.30 0.33 0.52 0.64
0.10 0.63 0.90 0.39
0.56 0.59 0.04 0.64
0.01 0.61 0.17 0.76
0.30 0.09 0.52 0.83
0.02 0.51 0.72 0.85
0.54 0.83 0.01 0.85
0.05 0.85 0.12 0.52
0.57 0.95 0.06 0.07
0.60 0.05 0.35 0.55
0.79 0.58 0.53 0.07
0.10 0.53 0.54 0.57
0.83 0.10 0.25 0.54
0.54 0.06 0.78 0.34
0.56 0.16 0.05 0.60
0.18 0.14 0.55 0.87
0.67 0.61 0.02 0.58
0.55 0.69 0.10 0.62
0.64 0.52 0.04 0.72
0.07 0.29 0.82 0.51
0.85 0.79 0.08 0.15
0.63 0.84 0.02 0.67
0.31 0.54 0.54 0.29
0.49 0.86 0.18 0.11
0.22 0.53 0.19 0.72
0.51 0.22 0.60 0.31
0.51 0.67 0.53 0.08
0.68 0.03 0.68 0.16
0.69 0.51 0.04 0.85
0.02 0.49 0.69 0.56
0.70 0.75 0.01 0.62
0.61 0.01 0.65 0.66
0.56 0.57 0.35 0.11
0.34 0.53 0.16 0.84
0.58 0.01 0.66 0.65
0.06 0.31 0.51 0.66
0.52 0.09 0.26 0.51
0.23 0.46 0.54 0.58
0.09 0.02 0.94 0.97
0.51 0.72 0.04 0.53
0.94 0.12 0.12 0.94
0.13 0.24 0.70 0.18
0.01 0.72 0.62 0.58
0.69 0.57 0.01 0.79
0.14 0.04 0.53 0.79
0.38 0.97 0.12 0.15
0.02 0.54 0.57 0.77
0.47 0.92 0.52 0.40
0.16 0.15 0.62 0.73
0.52 0.54 0.64 0.02
0.66 0.88 0.09 0.05
0.30 0.58 0.60 0.30
0.25 0.47 0.53 0.61
0.78 0.01 0.87 0.60
0.69 0.80 0.03 0.57
0.54 0.32 0.03 0.86
0.84 0.30 0.04 0.96
0.55 0.04 0.56 0.51
0.41 0.69 0.02 0.53
0.80 0.06 0.61 0.43
0.58 0.94 0.53 0.01
0.53 0.58 0.18 0.44
0.75 0.01 0.52 0.66
0.51 0.52 0.14 0.66
0.85 0.84 0.16 0.08
0.01 0.56 0.82 0.73
0.26 0.01 0.07 0.71
0.91 0.86 0.02 0.51
0.97 0.82 0.34 0.01
0.02 0.87 0.56 0.61
0.03 0.51 0.56 0.87
0.66 0.52 0.53 0.01
0.90 0.05 0.21 0.52
0.84 0.48 0.31 0.17
0.16 0.58 0.61 0.05
0.02 0.41 0.72 0.82
0.71 0.11 0.11 0.55
0.02 0.78 0.56 0.68
0.54 0.56 0.51 0.06
0.81 0.01 0.12 0.67
0.48 0.76 0.01 0.83
0.08 0.62 0.52 0.47
0.89 0.75 0.01 0.51
0.95 0.03 0.54 0.61
0.90 0.57 0.23 0.05
0.09 0.56 0.52 0.51
0.09 0.10 0.79 0.97
0.60 0.60 0.04 0.34
0.94 0.51 0.02 0.71
0.04 0.51 0.78 0.52
0.01 0.38 0.57 0.61
0.06 0.78 0.40 0.59
0.57 0.58 0.02 0.67
0.54 0.02 0.81 0.52
0.01 0.54 0.53 0.78
0.68 0.03 0.51 0.56
0.59 0.06 0.12 0.65
0.71 0.64 0.01 0.52
0.28 0.94 0.53 0.27
0.30 0.66 0.08 0.55
0.56 0.17 0.04 0.73
0.85 0.01 0.24 0.62
0.53 0.20 0.73 0.47
0.75 0.13 0.09 0.64
0.06 0.60 0.47 0.53
0.58 0.16 0.15 0.53
0.27 0.32 0.51 0.56
0.01 0.44 0.05 0.92
0.91 0.01 0.57 0.37
0.01 0.62 0.66 0.60
0.54 0.41 0.81 0.06
0.54 0.81 0.22 0.36
0.97 0.02 0.20 0.58
0.68 0.79 0.03 0.52
0.02 0.99 0.60 0.52
0.56 0.15 0.75 0.39
0.52 0.57 0.53 0.08
0.28 0.67 0.05 0.88
0.42 0.84 0.53 0.17
0.50 0.04 0.89 0.69
0.52 0.72 0.17 0.52
0.05 0.63 0.56 0.20
0.10 0.62 0.44 0.35
0.65 0.31 0.02 1.00
0.79 0.63 0.03 0.52
0.08 0.57 0.74 0.55
0.84 0.37 0.02 0.72
0.55 0.22 0.17 0.58
0.53 0.95 0.13 0.51
0.60 0.04 0.52 0.55
0.52 0.04 0.65 0.66
0.12 0.51 0.26 0.91
0.01 0.54 0.83 0.54
0.64 0.83 0.01 0.51
0.91 0.53 0.03 0.55
0.06 0.85 0.03 0.64
0.17 0.56 0.07 0.55
0.71 0.49 0.24 0.52
0.62 0.52 0.03 0.54
0.02 0.73 0.75 0.51
0.05 0.57 0.52 0.63
0.20 0.38 0.22 0.67
0.02 0.83 0.51 0.51
0.08 0.61 0.53 0.52
0.36 0.67 0.12 0.52
0.57 0.95 0.04 0.52
0.58 0.01 0.64 0.55
0.71 0.87 0.49 0.01
0.02 0.86 0.41 0.62
0.24 0.73 0.04 0.61
0.52 0.17 0.58 0.08
0.62 0.51 0.04 0.69
0.59 0.01 0.62 0.58
0.09 0.54 0.62 0.54
0.52 0.52 0.15 0.65
0.51 0.17 0.63 0.02
0.13 0.46 0.61 0.52
0.03 0.30 0.70 0.57
0.02 0.92 0.45 0.55
0.53 0.68 0.09 0.36
0.70 0.56 0.01 0.70
0.85 0.62 0.02 0.14
0.87 0.35 0.59 0.01
0.73 0.01 0.53 0.48
0.01 0.66 0.63 0.57
0.40 0.57 0.96 0.04
0.89 0.09 0.06 0.60
0.67 0.53 0.02 0.80
0.55 0.02 0.81 0.51
0.28 0.05 0.96 0.60
0.52 0.59 0.02 0.68
0.04 0.54 0.54 0.54
0.40 0.08 0.94 0.02
0.16 0.02 0.64 0.81
0.52 0.60 0.05 0.52
0.59 0.52 0.47 0.02
0.68 0.03 0.64 0.53
0.57 0.82 0.06 0.37
0.85 0.56 0.04 0.03
0.04 0.54 0.95 0.51
0.05 0.26 0.81 0.53
0.81 0.04 0.61 0.01
0.63 0.60 0.90 0.01
0.53 0.02 0.83 0.64
0.14 0.55 0.91 0.03
