0.39 0.15 0.10 0.88
0.91 0.66 0.90 0.57
0.60 0.83 1.00 0.59
0.86 0.79 0.06 0.35
0.59 0.96 0.73 0.66
0.32 0.79 0.86 0.73
0.99 0.14 0.74 0.42
0.72 0.78 0.60 0.72
0.78 0.68 0.57 0.69
0.53 0.73 0.18 0.79
0.62 0.64 0.91 0.72
0.55 0.67 0.54 0.68
0.84 0.97 0.65 0.57
0.67 0.99 0.49 0.61
0.63 0.74 0.85 0.54
0.66 0.61 0.58 0.83
0.90 0.77 0.74 0.62
0.91 0.60 0.66 0.81
0.58 0.78 0.95 0.65
0.81 0.61 0.63 0.69
0.88 0.54 0.74 0.59
0.98 0.56 0.19 0.53
0.96 0.65 0.84 0.51
0.94 0.67 0.59 0.56
0.51 0.73 0.81 0.81
0.87 0.66 0.90 0.53
0.20 0.66 0.84 0.69
0.52 0.58 0.65 0.68
0.64 0.79 0.60 0.51
0.95 0.59 0.94 0.51
0.70 0.62 0.87 0.61
0.94 0.34 0.67 0.60
0.57 0.91 0.85 0.53
0.61 0.71 0.89 0.51
0.63 0.51 0.95 0.68
0.56 0.64 0.91 0.52
0.75 0.85 0.58 0.35
0.61 0.82 0.67 0.63
0.22 0.79 0.51 0.99
0.51 0.60 0.80 0.78
0.63 0.51 0.89 0.80
0.17 0.76 0.10 0.74
0.63 0.77 0.52 0.58
0.85 0.94 0.53 0.51
0.52 1.00 0.63 0.73
0.53 0.79 0.96 0.67
0.63 0.58 0.66 0.57
0.55 0.93 0.87 0.64
0.76 0.59 0.05 0.63
0.57 0.72 0.24 0.77
0.64 0.83 0.54 0.56
0.74 0.58 0.72 0.53
0.55 0.74 0.75 0.59
0.65 0.48 0.54 0.57
0.54 0.64 0.16 0.20
0.85 0.60 0.96 0.02
1.00 0.97 0.53 0.08
0.40 0.68 0.63 0.52
0.61 0.53 0.69 0.68
0.43 0.51 0.65 0.82
0.68 0.63 0.78 0.51
0.55 0.51 0.88 0.56
0.84 0.79 0.60 0.14
0.87 0.92 0.56 0.16
0.52 0.79 0.59 0.62
0.58 0.55 0.53 0.59
0.65 0.84 0.90 0.17
0.86 0.63 0.74 0.30
0.70 0.19 0.90 0.59
0.58 0.75 0.93 0.13
0.19 0.65 0.95 0.91
0.73 0.10 0.85 0.68
0.51 0.72 0.90 0.51
0.07 0.93 0.74 0.95
0.60 0.56 0.74 0.51
0.52 0.34 0.89 0.58
0.99 0.23 0.66 0.84
0.72 0.56 0.57 0.53
0.54 0.54 0.64 0.87
0.58 0.66 0.07 0.50
0.76 0.92 0.11 0.13
0.58 0.63 0.61 0.08
0.92 0.49 0.91 0.56
0.52 0.61 0.53 0.68
0.16 0.54 0.57 0.57
0.79 0.28 0.65 0.57
0.05 0.50 0.71 0.53
0.97 0.55 0.98 0.10
0.52 0.84 0.72 0.43
0.55 0.70 0.04 0.48
0.60 0.51 0.61 0.82
0.75 0.45 0.54 0.56
0.54 0.56 0.02 0.56
0.55 0.85 0.72 0.09
0.57 0.52 0.67 0.72
0.67 0.53 0.74 0.32
0.83 0.05 0.75 0.53
0.88 0.60 0.55 0.53
0.53 0.28 0.68 0.74
0.58 0.55 0.24 0.52
0.25 0.73 0.56 0.90
0.51 0.57 0.56 0.78
0.68 0.20 0.78 0.56
0.58 0.52 0.61 0.56
0.51 0.78 0.46 0.49
0.72 0.52 0.51 0.69
0.85 0.04 0.88 0.53
0.53 0.79 0.12 0.68
0.51 0.52 0.13 0.68
0.58 0.53 0.53 0.63
0.69 0.56 0.63 0.18
0.57 0.48 0.59 0.69
0.61 0.13 0.62 0.93
0.19 0.53 0.52 0.83
0.69 0.55 0.82 0.16
0.61 0.62 0.03 0.55
0.92 0.77 0.02 0.50
0.80 0.04 0.73 0.98
0.74 0.35 0.86 0.54
0.63 0.56 0.79 0.08
0.94 0.52 0.80 0.19
0.58 0.06 0.07 0.73
0.68 0.32 0.80 0.11
0.61 0.83 0.01 0.94
0.97 0.60 0.60 0.02
0.38 0.77 0.13 0.65
0.72 0.47 0.69 0.72
0.67 0.02 0.61 0.97
0.57 0.61 0.82 0.14
0.65 0.61 0.58 0.31
0.84 0.55 0.16 0.62
0.52 0.81 0.27 0.62
0.10 0.58 0.54 0.65
0.57 0.05 0.60 0.65
0.50 0.80 0.52 0.43
0.92 0.49 0.58 0.53
0.63 0.53 0.77 0.51
0.53 0.69 0.74 0.30
0.02 0.68 0.67 0.85
0.86 0.54 0.57 0.05
0.59 0.57 0.67 0.51
0.40 0.11 0.72 0.69
0.94 0.35 0.67 0.56
0.69 0.42 0.57 0.59
0.02 0.47 0.96 0.61
0.54 0.02 0.88 0.96
0.93 0.54 0.51 0.59
0.78 0.95 0.99 0.07
0.56 0.51 0.78 0.51
0.71 0.51 0.03 0.28
0.98 0.02 0.76 0.63
0.07 0.59 0.51 0.83
0.20 0.74 1.00 0.52
0.01 0.93 1.00 0.59
0.70 0.92 0.85 0.07
0.12 0.98 0.59 0.63
0.15 0.55 0.25 0.97
0.53 0.69 0.65 0.10
0.54 0.59 0.72 0.46
0.75 0.54 0.75 0.13
0.07 0.61 0.80 0.19
0.77 0.90 0.59 0.12
0.68 0.03 0.63 0.78
0.59 0.04 0.73 0.73
0.68 0.54 0.52 0.59
0.53 0.41 0.91 0.53
0.53 0.65 0.01 0.75
0.91 0.37 0.52 0.60
0.53 0.10 0.78 0.52
0.73 0.02 0.81 0.52
0.60 0.51 0.69 0.63
0.64 0.61 0.51 0.27
0.52 0.55 0.52 0.64
0.01 0.20 0.65 0.79
0.70 0.30 0.76 0.57
0.53 0.75 0.62 0.55
0.46 0.60 0.99 0.52
0.64 0.31 0.81 0.51
0.70 0.56 0.02 0.55
0.30 0.76 0.12 0.63
0.76 0.67 0.76 0.07
0.56 0.10 0.62 0.90
0.02 0.77 0.89 0.46
0.02 0.91 0.83 0.66
0.82 0.28 0.80 0.02
0.51 0.56 0.59 0.50
0.52 0.67 0.65 0.43
0.18 0.57 0.12 0.86
0.30 0.59 0.86 0.04
0.06 0.68 0.51 0.96
0.96 0.90 0.73 0.02
0.55 0.62 0.01 0.86
0.67 0.30 0.58 0.52
0.56 0.98 0.01 0.72
0.53 0.03 0.84 0.55
0.06 0.77 0.58 0.57
0.08 0.67 0.63 0.57
0.20 0.78 0.58 0.54
0.62 0.97 0.16 0.04
0.05 0.53 0.91 0.06
0.53 0.52 0.68 0.03
0.72 0.01 0.98 0.58
0.34 0.53 0.53 0.63
0.57 0.51 0.45 0.71
0.43 0.52 0.65 0.77
0.03 0.62 0.54 0.59
0.56 0.60 0.57 0.55
0.93 0.78 0.78 0.02
0.31 0.62 0.62 0.54
0.88 0.94 0.71 0.02
0.56 0.52 0.57 0.51
0.52 0.51 0.67 0.59
0.65 0.51 0.20 0.63
0.08 0.78 0.70 0.53
0.60 0.60 0.41 0.51
0.59 0.51 0.53 0.66
0.63 0.50 0.53 0.54
0.55 0.51 0.64 0.64
0.27 0.95 0.73 0.07
0.84 0.02 0.75 0.78
0.73 0.09 0.69 0.58
0.59 0.69 0.89 0.02
0.64 0.42 0.52 0.59
0.24 0.78 0.32 0.68
0.47 0.68 0.11 0.56
0.46 0.52 0.32 0.76
0.84 0.56 0.01 0.52
0.82 0.02 0.88 0.07
0.60 0.46 0.54 0.62
0.38 0.58 0.52 0.57
0.61 0.03 0.66 0.88
0.57 0.60 0.53 0.55
0.54 0.53 0.55 0.62
0.14 0.60 0.49 0.85
0.96 0.75 0.53 0.14
0.67 0.75 0.30 0.03
0.52 0.21 0.71 0.60
0.75 0.73 0.57 0.12
0.55 0.54 0.67 0.50
0.15 0.82 0.25 0.61
0.28 0.84 0.67 0.29
0.54 0.51 0.59 0.63
0.51 0.51 0.51 0.56
0.33 0.06 0.51 0.55
0.51 0.32 0.81 0.42
0.55 0.55 0.03 0.70
0.51 0.74 0.26 0.52
0.05 0.53 0.84 0.52
0.01 1.00 0.69 0.77
0.15 0.82 0.39 0.58
0.59 0.62 0.63 0.13
0.26 0.63 0.09 0.72
0.71 0.88 0.01 0.71
0.11 0.64 0.58 0.58
0.69 0.51 0.51 0.20
0.71 0.18 0.79 0.35
0.52 0.62 0.62 0.48
0.68 0.51 0.10 0.12
0.62 0.87 0.02 0.52
0.64 0.57 0.57 0.08
0.66 0.05 0.52 0.56
0.58 0.51 0.75 0.26
0.74 0.18 0.59 0.22
0.53 0.60 0.55 0.52
0.29 0.81 0.01 0.76
0.32 0.68 0.52 0.57
0.53 0.89 0.55 0.41
0.56 0.69 0.64 0.11
0.54 0.02 0.97 0.91
0.64 0.58 0.51 0.49
0.40 0.81 0.35 0.57
0.88 0.60 0.67 0.04
0.61 0.51 0.71 0.15
0.62 0.59 0.61 0.32
0.19 0.51 0.60 0.15
0.01 0.98 0.11 0.74
0.63 0.04 0.78 0.66
0.89 0.55 0.58 0.01
0.57 0.28 0.98 0.51
0.52 0.82 0.70 0.11
0.76 0.54 0.93 0.02
0.51 0.11 0.68 0.54
0.01 0.83 0.70 0.26
0.51 0.74 0.05 0.51
0.77 0.33 1.00 0.01
0.07 0.53 0.75 0.51
0.40 0.93 0.76 0.03
0.12 0.42 0.93 0.54
0.95 0.84 0.55 0.01
0.02 1.00 0.68 0.43
0.59 0.53 0.11 0.63
0.53 0.74 0.56 0.11
0.80 0.09 0.70 0.51
0.52 0.03 0.73 0.93
0.98 0.26 0.11 0.59
0.72 0.59 0.32 0.01
0.22 0.52 0.58 0.88
0.98 0.54 0.44 0.06
0.59 0.54 0.32 0.52
0.73 0.03 0.73 0.51
0.57 0.08 0.87 0.32
0.55 0.60 0.62 0.14
0.55 0.04 0.80 0.55
0.67 0.69 0.51 0.15
0.01 0.65 0.81 0.71
0.70 0.51 0.91 0.06
0.11 0.59 0.53 0.09
0.06 0.53 0.52 0.97
0.67 0.61 0.52 0.16
0.06 0.75 0.52 0.53
0.63 0.13 0.98 0.12
0.71 0.03 0.73 0.62
0.58 0.03 0.47 0.59
0.80 0.02 0.77 0.68
0.10 0.66 0.68 0.02
0.97 0.85 0.19 0.03
0.31 0.79 0.51 0.58
0.80 0.48 0.08 0.52
0.55 0.84 0.03 0.37
0.61 0.94 0.02 0.52
0.65 0.06 0.60 0.41
0.27 0.94 0.89 0.01
0.46 0.67 0.45 0.55
0.59 0.55 0.51 0.51
0.62 0.53 0.05 0.60
0.76 0.45 0.05 0.92
0.59 0.64 0.67 0.05
0.53 0.06 0.95 0.21
0.01 0.54 0.83 0.52
0.97 0.03 0.66 0.36
0.09 0.91 0.58 0.51
0.02 0.63 0.58 0.76
0.57 0.51 0.08 0.77
0.94 0.02 0.57 0.99
0.17 0.61 0.31 0.59
0.58 0.70 0.55 0.06
0.87 0.03 0.44 0.66
0.97 0.02 0.65 0.77
0.55 0.01 0.75 0.54
0.05 0.44 0.61 0.70
0.91 0.52 0.07 0.01
0.02 0.96 0.63 0.53
0.61 0.02 0.71 0.69
0.70 0.43 0.73 0.13
0.98 0.14 0.66 0.13
0.32 0.52 0.51 0.56
0.49 0.95 0.23 0.55
0.84 0.01 0.72 0.97
0.76 0.06 0.87 0.38
0.14 0.53 0.58 0.79
0.92 0.06 0.58 0.54
0.52 0.22 0.07 0.94
0.58 0.58 0.53 0.22
0.14 0.54 0.51 0.98
0.81 0.07 0.59 0.54
0.59 0.53 0.55 0.06
0.21 0.15 0.59 0.80
0.68 0.66 0.01 0.08
0.16 0.74 0.29 0.62
0.02 0.86 0.52 1.00
0.85 0.08 0.03 0.98
0.51 0.36 0.63 0.53
0.46 0.04 0.75 0.64
0.90 0.21 0.54 0.27
0.08 0.32 0.89 0.77
0.01 0.99 0.62 0.59
0.51 0.54 0.59 0.10
0.11 0.64 0.31 0.79
0.56 0.13 0.79 0.07
0.78 0.56 0.37 0.04
0.51 0.53 0.57 0.28
0.60 0.49 0.51 0.52
0.26 0.99 0.32 0.58
0.12 0.87 0.05 0.82
0.61 0.57 0.30 0.51
0.77 0.25 0.58 0.24
0.04 0.53 0.91 0.71
0.60 0.49 0.76 0.36
0.59 0.79 0.08 0.16
0.92 0.14 0.32 0.69
0.32 0.51 0.51 0.86
0.72 0.14 0.02 0.64
0.51 0.72 0.08 0.73
0.60 0.59 0.14 0.49
0.03 0.25 0.89 0.59
0.71 0.17 0.91 0.05
0.01 0.69 0.72 0.77
0.28 0.24 0.50 0.61
0.05 0.65 0.61 0.57
0.55 0.87 0.09 0.19
0.59 0.83 0.85 0.01
0.62 0.51 0.34 0.57
0.52 0.73 0.61 0.01
0.13 0.58 0.52 0.81
0.79 0.22 0.53 0.28
0.53 0.02 0.40 0.75
0.36 0.52 0.05 0.51
0.94 0.09 0.80 0.39
0.51 0.04 0.50 0.59
0.13 0.40 0.88 0.56
0.61 0.19 0.65 0.54
0.57 0.01 0.60 0.74
0.60 0.51 0.55 0.51
0.06 0.65 0.53 0.88
0.62 0.16 0.56 0.53
0.01 0.59 0.69 0.54
0.29 0.97 0.51 0.51
0.14 0.67 0.12 0.58
0.06 0.55 0.56 0.76
0.34 0.95 0.42 0.51
0.55 0.69 0.02 0.55
0.63 0.25 0.52 0.54
0.58 0.73 0.03 0.51
0.05 0.83 0.59 0.19
0.52 0.01 0.62 0.55
0.16 0.53 0.58 0.56
0.51 0.57 0.86 0.08
0.13 0.33 0.73 0.65
0.24 0.97 0.03 0.71
0.60 0.51 0.10 0.71
0.28 0.59 0.24 0.73
0.07 0.76 0.46 0.82
0.20 0.59 0.22 0.78
0.22 0.59 0.51 0.59
0.03 0.58 0.62 0.77
0.58 0.01 0.52 0.56
0.02 0.54 0.70 0.75
0.64 0.91 0.57 0.05
0.08 0.83 0.18 0.89
0.08 0.56 0.50 0.86
0.27 0.19 0.65 0.56
0.71 0.60 0.54 0.01
0.63 0.14 0.63 0.51
0.47 0.57 0.54 0.38
0.80 0.18 0.55 0.45
0.59 0.75 0.60 0.05
0.22 0.46 0.26 0.57
0.27 0.18 0.53 1.00
0.43 0.82 0.26 0.30
0.11 0.01 0.74 0.69
0.92 0.01 0.92 0.15
0.20 0.96 0.69 0.01
0.93 0.10 0.64 0.22
0.79 0.21 0.08 0.55
0.17 0.21 0.70 0.66
0.77 0.58 0.52 0.08
0.19 0.62 0.58 0.03
0.78 0.33 0.11 0.59
0.02 0.57 0.52 0.89
0.71 0.03 0.96 0.53
0.63 0.49 0.63 0.18
0.43 0.72 0.39 0.37
0.13 0.51 0.53 0.96
0.04 0.57 0.41 0.67
0.04 0.55 0.54 0.51
0.13 0.08 0.51 0.80
0.66 0.89 0.52 0.06
0.01 0.07 0.77 0.92
0.70 0.39 0.62 0.14
0.03 0.01 0.58 0.99
0.81 0.04 0.37 0.62
0.17 0.52 0.95 0.14
0.86 0.67 0.21 0.03
0.81 0.05 0.33 0.81
0.03 0.97 0.34 0.90
0.92 0.41 0.77 0.02
0.87 0.03 0.65 0.53
0.55 0.18 0.93 0.51
0.17 0.14 0.53 0.53
0.54 0.31 0.51 0.51
0.66 0.06 0.54 0.37
0.52 0.21 0.35 0.58
0.72 0.51 0.89 0.02
0.66 0.04 0.76 0.11
0.57 0.30 0.61 0.49
0.82 0.26 0.54 0.07
0.59 0.52 0.56 0.19
0.53 0.51 0.07 0.58
0.68 0.26 0.04 0.79
0.71 0.01 0.51 0.83
0.04 0.63 0.89 0.46
0.34 0.35 0.68 0.10
0.70 0.58 0.18 0.01
0.51 0.63 0.67 0.01
0.17 0.02 0.19 0.72
0.11 0.51 0.51 0.70
0.11 0.89 0.33 0.59
0.83 0.10 0.26 0.53
0.51 0.64 0.57 0.04
0.86 0.01 0.73 0.52
0.51 0.59 0.51 0.39
0.75 0.04 0.68 0.51
0.58 0.64 0.01 0.81
0.52 0.71 0.57 0.01
0.98 0.08 0.64 0.06
0.55 0.95 0.39 0.10
0.09 0.59 0.25 1.00
0.11 0.96 0.51 0.10
0.58 0.60 0.33 0.08
0.87 0.53 0.04 0.04
0.07 0.64 0.62 0.27
0.39 0.04 0.94 0.61
0.56 0.50 0.64 0.50
0.06 0.23 0.42 0.75
0.99 0.51 0.66 0.03
0.62 0.98 0.12 0.04
0.62 0.25 0.69 0.52
0.52 0.02 0.57 0.57
0.65 0.34 0.02 0.68
0.54 0.56 0.55 0.05
0.51 0.96 0.65 0.01
0.58 0.58 0.73 0.01
0.73 0.90 0.10 0.07
0.52 0.79 0.04 0.56
0.05 0.84 0.16 0.98
0.03 0.35 0.58 0.82
0.86 0.51 0.65 0.01
0.22 0.98 0.53 0.07
0.48 0.14 0.88 0.48
0.57 0.77 0.03 0.51
0.80 0.51 0.60 0.02
0.02 0.76 0.59 0.68
0.66 0.40 0.01 0.71
0.06 0.21 0.71 0.72
0.69 0.05 0.51 0.56
0.67 0.51 0.53 0.28
0.59 0.88 0.01 0.67
0.01 0.59 0.55 0.68
0.07 0.05 0.07 0.52
0.07 0.58 0.90 0.36
0.94 0.07 0.51 0.51
0.66 0.60 0.12 0.36
0.97 0.51 0.51 0.03
0.34 0.52 0.08 0.20
0.05 0.29 0.55 0.93
0.81 0.30 0.79 0.06
0.77 0.02 0.69 0.51
0.15 0.37 0.58 0.19
0.04 0.53 0.69 0.57
0.03 0.74 0.26 0.72
0.02 0.51 0.65 0.32
0.57 0.68 0.52 0.08
0.52 0.61 0.36 0.18
0.40 0.54 0.03 0.81
0.57 0.46 0.02 0.48
0.53 0.51 0.52 0.43
0.67 0.03 0.91 0.18
0.03 0.97 0.62 0.57
0.52 0.73 0.04 0.72
0.55 0.23 0.97 0.11
0.48 0.87 0.01 0.54
0.86 0.33 0.26 0.51
0.55 0.65 0.53 0.05
0.01 0.85 0.55 0.52
0.77 0.52 0.82 0.01
0.52 0.57 0.86 0.05
0.72 0.45 0.58 0.10
0.61 0.52 0.65 0.14
0.53 0.24 0.75 0.27
0.10 0.51 0.78 0.11
0.91 0.51 0.51 0.04
0.71 0.96 0.14 0.04
0.58 0.85 0.29 0.02
0.51 0.66 0.04 0.79
0.52 0.58 0.57 0.10
0.02 0.63 0.51 0.63
0.92 0.01 0.76 0.16
0.01 0.82 0.67 0.67
0.60 0.08 0.71 0.45
0.68 0.08 0.53 0.15
0.55 0.62 0.15 0.15
0.51 0.05 0.93 0.01
0.88 0.01 0.25 0.80
0.81 0.48 0.66 0.09
0.53 0.07 0.01 0.62
0.79 0.06 0.89 0.01
0.90 0.57 0.57 0.02
0.06 0.08 0.79 0.54
0.13 0.82 0.53 0.01
0.01 0.52 0.84 0.76
1.00 0.05 0.57 0.29
0.51 0.70 0.52 0.12
0.03 0.93 0.37 0.60
0.56 0.51 0.52 0.22
0.20 0.35 0.68 0.49
0.69 0.64 0.57 0.02
0.14 0.65 0.62 0.04
0.70 0.63 0.01 0.31
0.55 0.64 0.51 0.02
0.06 0.95 0.31 0.58
0.44 0.36 0.67 0.20
0.64 0.28 0.91 0.06
0.76 0.47 0.52 0.22
0.51 0.93 0.36 0.17
0.54 0.05 0.78 0.51
0.02 0.94 0.52 0.59
0.01 0.61 0.74 0.50
0.66 0.58 0.41 0.13
0.92 0.44 0.26 0.31
0.81 0.02 0.71 0.20
