72 76 100 67
72 96 82 13
75 65 69 90
83 75 31 57
81 9 87 70
58 52 86 56
74 81 63 65
77 79 65 52
69 55 59 73
55 87 58 57
58 98 55 54
70 24 64 54
51 40 60 59
70 90 54 71
78 64 62 50
85 66 35 65
97 52 51 82
80 92 53 48
53 6 82 67
53 73 58 52
51 65 68 50
88 53 26 18
63 64 57 74
68 79 53 73
79 66 54 97
66 5 53 69
44 62 57 60
15 80 98 51
74 66 63 52
77 93 52 92
12 97 90 72
52 70 51 54
58 73 55 53
73 99 63 51
87 55 52 52
63 78 16 74
24 61 96 72
56 100 55 22
77 94 73 21
86 81 55 42
59 57 59 91
77 67 61 53
78 68 49 68
34 80 70 64
63 23 61 63
85 65 52 58
69 62 59 53
41 94 81 60
87 82 54 18
68 57 51 51
91 52 17 92
98 54 77 14
87 15 52 25
12 89 87 74
52 22 82 67
62 66 69 3
52 80 12 61
13 94 94 70
58 3 69 69
83 65 62 47
51 63 51 91
13 100 88 68
86 80 65 30
63 77 65 18
62 77 30 80
64 51 51 37
48 89 53 56
59 43 51 99
57 53 55 99
51 51 54 80
53 100 62 10
83 60 72 12
60 62 63 50
51 58 58 75
87 62 44 99
77 58 47 98
69 69 64 17
15 68 82 73
59 69 54 76
63 62 32 65
7 49 88 97
72 58 22 58
95 59 4 4
57 7 86 65
29 75 56 4
77 8 86 57
62 54 98 52
77 68 57 1
38 59 91 84
55 74 76 15
43 59 40 51
71 59 55 21
37 58 87 82
67 55 25 63
60 77 17 98
58 54 93 54
30 67 80 65
78 82 37 55
87 51 29 36
53 26 57 91
18 100 64 97
74 90 37 46
60 57 54 57
11 100 80 100
31 53 64 62
5 60 68 68
87 22 70 9
84 63 4 55
56 31 67 81
75 97 53 4
54 52 100 6
66 77 17 73
24 82 54 83
53 17 71 57
86 2 96 94
1 96 99 82
4 28 95 83
43 55 52 30
37 74 88 57
61 28 97 24
53 75 52 1
75 59 7 79
7 63 60 60
52 68 94 26
51 28 56 91
58 41 88 56
59 54 74 40
63 100 1 65
81 61 78 11
70 2 94 71
80 23 56 68
76 62 94 16
49 52 73 74
54 88 11 53
52 90 11 97
40 64 51 53
7 90 56 53
97 3 57 69
61 54 7 84
85 55 72 26
38 31 94 91
58 69 38 59
74 74 14 57
42 54 56 86
65 41 84 55
53 51 67 56
60 54 58 68
73 40 52 77
61 7 78 14
7 54 61 82
14 53 65 75
4 73 69 64
43 17 84 63
33 78 32 83
81 68 4 100
65 60 88 11
87 32 18 86
76 71 2 84
56 51 58 30
60 5 62 56
5 91 52 98
86 69 14 51
75 83 5 68
74 64 5 62
57 58 82 24
25 82 57 62
86 13 52 65
1 58 63 82
61 5 82 8
60 56 51 79
52 70 90 24
90 15 27 65
5 100 62 52
30 74 89 19
54 70 30 1
56 54 53 90
28 79 57 55
52 56 17 69
3 52 90 61
16 68 67 37
29 51 78 94
57 55 30 71
21 70 52 51
90 56 25 60
51 52 49 59
89 12 59 55
64 54 89 2
19 61 55 72
15 71 59 76
26 53 51 91
79 45 56 54
97 1 68 99
64 19 54 60
56 64 6 79
54 10 58 97
29 81 10 53
50 48 72 54
57 51 56 79
62 68 10 78
81 56 76 15
67 53 63 14
52 11 92 67
33 59 87 53
75 61 35 55
62 51 56 64
57 58 97 18
44 52 59 92
70 98 6 52
54 63 98 23
58 57 47 60
93 56 88 7
72 78 1 51
66 25 64 55
17 50 83 76
88 55 66 11
99 16 15 85
91 12 54 57
93 66 14 16
19 55 54 86
88 69 2 69
24 16 72 79
8 6 84 80
59 54 92 4
37 53 80 57
11 84 54 87
4 82 92 54
23 68 53 63
68 63 78 12
80 26 52 64
55 52 51 38
54 68 83 14
83 63 57 14
3 83 78 59
60 62 64 12
18 55 67 51
59 51 31 91
64 7 60 63
60 35 68 55
96 2 88 52
71 33 53 68
84 82 27 21
60 51 50 85
26 58 91 16
19 85 57 47
11 62 51 69
51 54 54 55
3 58 53 70
13 57 66 54
56 5 98 96
81 55 51 33
55 54 76 4
73 57 13 64
52 56 82 20
10 56 70 70
56 65 73 15
15 51 92 60
54 2 67 98
26 52 82 67
72 52 49 57
60 51 73 29
55 56 25 63
53 12 61 90
1 77 88 81
82 9 56 28
30 68 85 10
88 2 13 98
84 18 52 51
3 52 83 92
92 52 17 55
64 52 16 97
81 56 12 67
53 11 72 66
15 57 7 81
7 54 9 57
60 4 55 59
51 53 64 18
66 49 58 55
69 19 19 71
51 10 80 73
52 19 57 60
2 55 85 79
54 66 97 15
96 56 53 2
6 71 42 72
30 53 64 66
69 94 3 63
9 51 67 76
9 58 73 55
65 86 3 67
77 72 19 55
2 51 70 75
95 52 80 2
32 64 34 13
6 93 57 51
82 26 74 17
57 54 52 8
91 3 65 68
30 91 1 81
69 1 95 86
54 52 58 55
50 6 90 79
30 52 78 65
73 75 10 52
69 93 25 50
51 51 67 58
4 54 65 67
62 55 20 55
24 51 81 66
57 44 54 62
64 52 53 23
71 35 51 51
52 18 100 56
29 65 65 51
69 18 67 9
71 51 36 50
49 87 54 8
57 41 91 54
57 96 1 53
52 21 72 52
26 59 56 49
89 1 82 61
54 69 1 78
68 41 61 2
11 83 80 52
50 16 62 95
65 3 67 6
100 55 3 69
1 54 63 84
64 7 23 58
77 8 7 98
55 5 52 53
74 62 8 71
4 62 51 91
5 67 96 58
11 59 54 33
2 38 65 64
5 54 47 51
44 99 2 67
69 54 53 5
99 28 51 17
10 28 65 60
69 51 73 1
70 83 1 60
52 71 1 96
53 51 63 58
51 2 52 64
53 91 5 57
40 24 97 62
4 62 67 59
57 11 71 27
63 1 79 56
57 56 5 86
58 27 33 56
60 69 31 53
53 52 46 95
94 51 22 16
28 50 52 76
51 66 5 92
53 18 51 86
51 2 61 59
96 1 69 68
1 75 92 69
77 69 53 2
66 32 52 52
23 4 81 99
53 67 70 9
64 68 89 1
72 52 53 20
52 53 15 65
53 68 100 2
18 16 63 71
62 70 1 36
17 51 52 74
61 92 16 52
91 65 54 2
6 100 58 44
53 4 90 58
84 22 55 45
14 52 29 100
62 66 2 68
59 24 54 51
51 52 81 46
26 100 55 1
51 61 58 20
97 53 2 86
56 65 74 2
51 57 12 56
53 58 93 1
64 52 56 7
1 99 74 80
54 69 4 70
59 67 4 53
69 41 14 83
2 52 59 94
82 69 30 26
65 17 16 95
51 52 64 49
93 57 4 91
17 59 8 69
19 51 97 59
1 57 67 52
28 44 59 56
90 1 62 68
82 62 2 72
12 90 38 31
55 60 10 35
54 51 56 56
51 79 30 54
50 52 15 97
25 81 97 14
58 1 58 89
70 54 56 2
35 45 58 94
84 58 43 14
62 52 77 5
66 52 6 87
98 49 2 73
81 53 18 60
53 2 82 53
63 65 55 7
22 100 84 5
68 1 60 73
4 95 48 62
52 15 92 22
6 53 63 90
81 53 4 82
5 40 52 96
61 52 51 3
53 52 87 8
2 56 57 83
92 20 2 97
5 53 95 60
58 92 2 61
57 46 35 98
36 6 84 56
16 92 87 28
33 5 79 78
6 72 91 46
20 22 92 53
97 27 6 74
84 51 24 57
73 62 4 11
53 57 64 17
54 40 65 55
89 35 48 51
56 51 47 100
35 45 89 53
6 68 89 32
27 41 74 58
55 57 41 52
3 68 66 54
48 33 4 83
3 92 52 11
74 30 17 52
56 53 7 73
62 2 51 82
55 62 2 83
4 98 26 83
38 23 58 52
89 31 10 79
52 52 90 18
57 17 56 51
58 4 57 53
10 53 54 72
30 59 53 22
41 63 67 5
51 57 70 16
8 51 85 63
54 51 51 55
83 52 2 27
77 40 5 69
83 3 33 100
79 54 7 59
8 20 63 14
1 76 58 2
19 51 56 4
6 75 91 7
33 22 59 78
80 91 2 8
63 51 14 51
9 21 58 100
65 24 12 16
94 51 71 1
56 3 59 52
5 95 45 97
76 14 10 52
93 69 1 62
25 20 51 73
2 69 53 79
9 15 100 51
19 9 72 89
57 53 46 60
13 74 54 27
53 59 5 79
66 68 9 37
58 93 3 31
52 77 1 63
81 60 3 92
77 53 1 93
72 64 4 58
21 5 68 62
54 11 60 55
13 53 58 63
93 6 38 85
15 5 76 79
81 65 21 3
82 57 2 80
41 3 99 13
56 90 7 52
6 5 88 36
84 64 1 64
41 5 72 55
83 1 54 63
69 55 10 53
54 59 1 80
56 43 56 1
28 46 53 53
1 9 97 41
58 64 8 59
60 53 30 55
51 76 1 86
82 1 8 80
75 59 48 8
56 62 3 65
2 90 31 93
84 28 3 69
62 8 58 52
61 29 51 25
96 59 1 67
56 68 3 47
81 74 3 17
75 24 8 100
56 100 28 8
53 63 51 27
57 4 55 62
35 8 56 96
80 10 94 2
32 81 53 1
77 59 7 67
2 73 56 73
62 27 67 3
41 81 2 94
29 61 29 51
53 2 61 58
22 1 39 62
53 52 51 56
3 62 8 89
81 37 8 76
16 52 51 61
24 99 51 9
23 3 80 58
17 23 54 89
52 92 27 29
55 73 4 55
70 60 36 8
52 72 21 53
53 3 61 47
57 55 28 51
85 7 64 40
1 54 57 87
21 53 29 80
20 73 25 56
76 53 4 67
2 14 81 55
52 79 52 7
30 52 19 77
74 15 14 70
23 70 95 1
65 55 4 64
29 73 5 81
51 86 2 85
92 2 87 51
5 53 67 54
99 4 42 59
98 9 4 71
92 79 1 34
2 98 31 51
1 93 42 61
77 53 3 56
55 7 33 51
89 52 15 5
55 25 75 6
17 66 31 52
82 9 11 58
18 59 88 5
53 90 1 19
26 51 28 80
14 53 57 65
94 62 7 7
22 53 60 3
14 82 8 78
99 51 10 1
14 20 55 65
20 60 48 22
56 8 82 25
55 53 14 71
61 52 4 53
71 10 27 55
40 69 4 87
53 30 52 51
