74 38 0 40
72 63 84 55
71 76 54 66
73 67 79 54
71 71 92 97
52 58 65 100
54 57 55 87
58 58 84 54
41 98 98 66
73 99 81 7
62 82 74 60
20 67 83 82
59 61 54 63
62 51 87 76
63 65 59 54
95 26 55 100
98 8 82 54
59 95 88 52
57 65 53 88
63 75 68 7
69 86 55 59
54 76 61 80
55 73 63 79
35 89 73 63
66 67 65 53
61 19 79 53
64 52 57 88
76 14 81 99
53 82 54 85
52 70 99 56
57 35 83 64
89 3 52 52
78 26 72 63
39 71 79 57
51 68 58 67
65 61 62 56
61 71 67 62
18 91 92 79
71 56 70 84
63 98 51 81
52 56 67 55
69 75 29 67
66 56 57 21
57 97 85 47
55 55 56 60
64 61 71 46
90 73 96 20
97 59 60 3
39 56 72 77
58 52 70 79
71 97 43 64
53 55 90 89
43 61 78 65
73 56 51 77
65 89 11 52
61 56 40 87
57 71 36 52
62 82 66 12
4 52 90 73
78 68 57 15
54 67 53 82
54 85 64 60
25 74 70 73
67 60 53 51
66 72 75 20
40 64 56 76
57 63 21 71
29 71 75 60
14 81 59 93
53 87 62 60
65 4 84 63
51 53 60 52
57 53 58 85
61 57 57 58
87 57 62 8
11 78 65 16
59 6 74 54
37 76 72 57
51 74 60 32
66 65 51 52
20 74 66 83
59 58 68 43
54 25 57 70
34 89 52 10
27 78 60 82
55 52 60 23
73 72 29 48
54 60 77 51
17 66 94 59
61 51 97 28
37 56 61 64
89 69 55 16
62 70 52 52
52 85 57 7
56 83 55 51
75 62 68 17
51 86 58 2
7 80 74 71
66 37 87 32
99 24 3 60
68 59 51 61
54 7 65 77
32 58 57 77
65 79 58 36
30 67 79 83
54 51 75 28
72 63 53 13
52 52 63 72
3 51 82 88
61 58 59 46
51 62 19 97
11 46 53 84
55 64 18 91
28 58 80 74
62 70 5 72
86 19 58 95
92 36 87 29
65 58 58 53
75 6 55 84
34 76 98 57
56 83 54 81
57 94 27 28
59 75 6 89
19 56 75 63
70 85 38 1
93 2 92 66
70 94 4 84
73 56 52 56
64 69 52 22
2 70 41 85
78 37 14 57
51 54 56 67
54 82 53 60
28 66 55 75
52 64 58 60
19 71 73 81
53 87 54 70
57 74 18 78
22 52 52 100
52 56 54 76
72 58 52 71
56 79 54 58
67 50 61 61
76 26 73 28
82 51 88 7
64 51 61 58
62 82 67 11
74 1 74 95
52 7 75 63
66 55 25 81
63 2 64 91
97 3 78 38
53 62 70 22
73 54 70 19
71 54 51 70
36 76 59 45
44 15 56 60
68 55 58 56
71 54 53 55
52 85 3 90
4 75 81 79
51 68 59 54
13 86 59 54
45 54 55 57
63 65 8 64
54 4 72 94
26 84 34 67
14 53 51 92
25 70 100 55
56 88 1 81
60 56 42 80
56 57 19 62
94 84 26 26
38 56 56 71
60 51 67 51
45 58 67 54
64 54 19 88
55 65 7 76
65 19 54 73
24 92 28 52
66 61 51 31
51 62 31 56
25 74 99 54
53 91 48 21
54 56 97 6
82 51 76 27
85 64 10 12
93 34 61 21
86 57 68 18
59 52 56 51
70 53 53 61
74 6 63 76
12 66 87 61
51 54 89 51
51 51 6 59
13 72 36 90
69 18 51 82
60 2 55 70
54 64 53 47
64 78 77 5
68 58 3 96
2 51 81 74
91 7 16 80
75 65 76 9
11 59 72 55
66 39 60 51
62 71 53 17
55 78 75 3
55 31 97 39
35 53 69 56
61 67 50 51
61 57 1 58
27 73 62 78
54 72 85 20
87 56 68 3
11 68 100 52
3 82 86 73
38 83 55 23
23 64 53 70
3 56 72 93
56 60 57 9
70 52 85 15
79 1 84 63
53 32 78 52
64 52 51 56
66 36 41 60
66 2 73 51
89 55 76 16
59 53 55 54
96 82 55 9
75 84 69 1
9 65 54 73
90 60 64 2
34 54 67 71
49 4 66 84
14 80 52 70
36 70 76 4
17 54 96 52
7 51 54 63
95 27 68 1
73 53 59 47
50 49 54 62
8 60 22 82
82 59 69 11
16 58 73 56
19 71 80 53
70 12 69 51
12 70 57 48
51 59 4 88
54 59 54 58
64 51 60 11
70 59 51 51
25 72 77 5
57 92 1 65
28 54 30 56
15 66 78 17
1 52 93 67
58 1 51 36
60 70 52 10
53 68 54 55
54 62 74 19
21 96 52 58
54 61 77 7
24 57 95 60
55 5 69 71
12 73 99 26
44 52 54 55
60 88 53 2
52 16 55 68
59 75 65 1
21 63 29 78
37 77 52 51
84 52 49 5
60 52 82 7
20 53 89 56
15 98 95 15
79 54 74 3
13 54 51 76
69 53 73 2
2 92 55 61
52 70 69 32
17 54 68 52
49 14 93 65
51 51 52 53
5 67 57 74
56 51 70 52
8 66 93 54
51 53 29 54
4 68 74 89
24 57 52 75
94 20 72 35
68 97 11 34
63 43 33 98
55 8 63 55
65 20 8 63
2 92 54 74
59 52 90 2
1 96 73 69
70 9 50 99
63 33 18 75
70 65 55 6
32 53 54 53
11 9 93 91
3 92 79 16
58 5 43 77
61 29 84 30
20 45 83 60
55 7 58 99
61 62 78 2
52 51 90 21
68 54 73 1
34 61 28 66
20 11 100 66
61 61 66 6
52 53 59 48
14 73 15 75
1 97 85 55
6 52 85 55
40 17 80 85
91 86 8 12
6 79 64 13
14 68 71 11
87 29 95 12
70 74 17 57
25 66 54 54
50 54 38 55
3 58 90 63
20 51 97 51
69 98 51 18
78 72 51 2
58 55 30 51
77 96 20 14
56 60 5 66
43 67 82 9
84 3 31 53
63 78 22 53
1 64 90 99
32 22 85 77
67 66 56 9
6 60 77 87
79 52 56 15
57 49 65 53
9 39 85 56
99 74 2 20
73 70 14 50
7 21 55 54
61 49 7 61
55 19 52 56
56 65 55 22
4 58 79 92
24 91 53 67
57 14 60 72
56 76 52 46
57 83 51 44
52 39 89 53
58 76 13 21
65 79 51 20
3 61 71 68
60 51 63 30
53 61 79 6
57 11 16 97
3 100 24 95
1 59 45 56
76 62 29 6
63 56 12 31
11 88 61 28
61 56 12 52
96 58 22 13
60 48 27 52
58 76 3 59
13 58 1 55
16 28 44 76
37 14 95 74
53 15 5 59
61 57 71 3
3 57 54 100
30 11 28 68
52 7 62 69
66 41 84 21
75 69 68 2
69 93 45 16
51 55 91 34
54 67 11 53
57 2 54 77
58 51 77 2
51 60 100 5
56 58 73 7
73 55 53 5
5 56 56 81
52 51 51 52
64 19 97 30
57 59 53 51
83 1 98 15
57 51 65 51
55 58 77 12
94 53 56 1
76 53 54 17
57 78 64 1
89 51 59 30
61 56 3 67
53 3 91 4
51 24 52 43
1 56 85 93
58 83 36 3
35 3 100 58
45 61 70 48
3 31 100 83
52 59 73 26
68 16 39 52
20 59 82 41
5 77 78 51
52 58 51 45
4 65 28 82
55 63 21 51
2 78 87 32
2 58 78 59
12 77 33 74
52 87 75 1
83 54 47 7
53 63 52 37
19 64 72 49
57 51 1 51
3 43 86 52
13 42 46 62
17 58 60 1
57 22 4 88
53 62 56 20
63 36 3 62
4 53 75 62
16 20 94 68
51 13 83 67
44 51 51 60
57 1 54 100
54 51 70 11
75 67 51 3
21 53 51 60
4 51 61 72
19 99 53 51
65 100 26 2
51 61 53 32
8 66 88 1
27 57 66 31
73 52 73 5
55 7 61 96
56 87 12 18
79 51 61 1
60 14 6 90
100 26 7 51
74 74 22 30
66 24 22 51
3 56 82 26
55 54 68 4
64 64 55 28
26 73 43 51
54 6 58 55
73 18 85 23
3 87 42 61
6 27 92 73
55 18 89 51
7 14 72 86
51 82 16 51
10 75 51 51
56 38 86 30
65 64 4 1
12 9 65 97
63 30 60 14
10 54 83 47
51 19 57 52
3 55 90 51
52 5 80 56
52 1 71 73
26 60 2 53
62 55 57 16
56 92 55 6
71 7 59 1
4 25 69 79
78 5 40 51
8 61 17 83
78 51 56 28
42 52 96 36
54 94 55 7
79 63 53 1
23 8 63 76
57 21 82 44
88 51 10 32
4 99 3 91
69 53 59 29
11 87 56 7
39 2 74 68
83 61 40 15
52 22 67 31
51 7 37 70
58 75 22 38
3 56 75 90
66 11 11 75
53 51 1 64
56 59 56 2
1 52 58 88
35 1 90 72
12 20 92 70
2 68 15 72
45 75 2 3
23 74 52 12
3 68 51 53
81 5 18 69
53 59 14 40
1 93 6 86
68 51 77 1
54 51 85 9
2 10 60 64
6 6 85 55
84 62 18 22
98 13 11 70
52 1 66 9
62 72 50 26
55 66 54 10
93 58 56 4
51 8 100 19
56 62 52 33
52 5 65 65
4 5 80 56
7 64 19 100
70 49 56 31
73 2 57 11
9 74 71 21
1 95 86 51
69 1 19 83
21 4 54 51
61 96 52 2
44 53 74 8
57 9 52 57
55 48 20 58
7 1 95 57
58 88 44 1
13 60 69 53
84 56 22 19
30 54 52 54
92 23 6 56
56 53 89 4
27 2 56 67
65 62 55 24
1 56 89 74
23 56 51 52
22 56 83 14
56 2 54 91
13 4 67 91
36 68 57 27
35 55 24 52
72 9 31 80
64 20 4 98
59 46 51 35
61 61 42 35
39 20 34 52
55 1 59 90
51 45 20 83
63 56 52 6
3 52 51 93
86 51 52 7
67 55 11 19
64 68 6 50
66 54 63 3
74 14 21 71
95 32 4 58
65 28 54 32
57 53 52 23
99 69 3 16
83 11 14 72
3 63 74 54
2 89 24 58
66 54 32 32
55 52 2 55
60 52 54 30
39 54 86 38
3 58 74 60
52 55 51 19
9 88 14 57
51 52 65 18
3 33 17 87
79 41 43 17
8 83 52 52
11 53 88 15
56 54 57 14
22 57 53 57
57 52 54 1
2 60 70 53
54 29 58 16
64 6 2 88
37 76 33 14
89 17 3 80
51 62 56 26
32 54 5 60
32 51 91 46
22 57 55 6
8 79 43 65
38 9 51 58
6 100 60 45
74 12 14 52
1 82 41 52
1 16 86 63
2 73 54 53
