70 95 81 54
54 92 55 61
45 75 98 66
94 61 63 90
77 82 87 97
90 53 85 81
83 63 60 65
56 63 74 84
52 82 99 64
31 90 71 61
78 78 71 76
97 9 69 61
91 68 45 88
79 72 55 53
74 83 38 58
64 69 69 61
89 55 88 93
4 80 96 52
65 63 85 70
52 79 73 74
78 63 60 71
61 20 59 63
52 58 51 69
98 58 30 67
22 55 91 99
64 83 80 10
27 45 79 80
70 71 73 52
60 77 89 58
56 63 97 61
3 53 94 60
73 66 88 15
52 80 85 64
54 87 61 54
60 71 100 56
58 73 78 52
67 77 66 58
82 73 17 63
11 82 82 70
61 100 85 47
28 83 64 88
94 11 61 20
57 86 51 57
80 59 16 77
85 68 53 64
67 53 61 62
74 69 52 22
93 54 89 61
75 29 55 82
67 100 54 22
92 58 63 4
63 58 80 62
91 55 96 59
18 80 72 66
82 52 58 51
56 65 64 58
75 8 62 69
66 57 64 13
11 93 75 68
51 57 63 94
67 84 53 68
51 67 78 55
51 81 73 56
91 20 30 55
22 97 84 53
45 37 58 99
65 52 51 49
87 94 14 96
53 100 7 79
55 65 28 66
61 52 68 55
57 69 69 53
63 82 73 51
94 9 98 26
85 51 53 58
77 51 55 58
59 75 9 82
52 53 83 52
63 61 52 58
73 29 64 48
3 74 89 26
64 77 79 34
41 95 70 80
51 75 12 57
58 2 75 73
52 52 82 76
97 92 57 2
80 72 11 62
57 60 85 51
60 54 81 29
57 60 3 75
12 77 30 93
53 89 89 18
7 100 64 82
94 10 51 73
53 84 65 54
54 55 61 72
93 9 51 67
61 50 55 92
33 78 44 75
81 11 100 60
59 52 72 56
18 72 83 76
51 68 70 88
21 77 54 89
54 81 44 54
55 58 70 63
59 87 53 7
68 43 65 61
71 54 24 60
6 61 95 52
55 61 79 51
88 57 12 58
1 97 76 83
59 52 70 63
52 67 50 54
12 64 66 62
71 3 52 58
56 68 100 3
63 55 56 67
74 55 63 38
2 85 65 82
2 82 15 59
63 59 21 88
54 57 56 78
89 52 7 80
67 60 98 6
84 90 68 5
57 63 64 59
69 55 43 86
68 98 52 33
34 62 66 11
6 81 62 58
78 54 87 13
15 52 74 85
82 51 6 100
52 38 100 91
94 44 19 82
54 52 77 70
59 40 83 69
59 30 77 53
81 93 59 5
53 55 2 94
51 51 56 79
53 54 65 61
76 86 62 14
51 79 6 72
15 58 56 50
53 65 43 81
78 53 93 36
35 96 52 58
85 81 2 73
63 82 51 53
33 56 83 65
4 81 51 94
23 57 55 97
77 48 2 62
61 58 53 64
27 57 90 68
62 61 73 20
67 51 66 52
85 64 23 30
24 56 89 75
19 54 59 100
99 61 56 39
80 75 36 22
54 16 87 80
7 47 74 56
53 67 33 66
53 2 65 78
82 71 23 20
78 7 60 54
66 86 74 2
54 57 66 2
59 52 59 59
60 63 47 59
65 51 67 59
26 75 17 74
33 11 71 69
53 100 82 5
40 80 51 57
56 90 1 95
52 59 3 66
89 68 37 18
50 91 61 23
64 52 54 88
23 59 10 73
51 6 90 52
70 9 23 87
54 56 52 71
56 55 70 58
61 53 78 47
55 63 45 57
62 17 91 48
54 51 87 53
94 69 51 11
87 69 59 11
74 68 5 61
61 79 26 56
69 5 53 54
54 62 11 51
62 93 5 48
7 63 58 71
51 63 55 69
9 68 70 57
54 33 60 93
73 2 52 52
17 86 85 3
92 56 18 60
65 23 56 54
70 38 13 67
51 51 60 74
66 9 55 51
95 51 13 61
58 87 63 49
6 86 74 51
52 41 3 83
73 51 56 15
58 27 14 95
52 55 88 30
1 73 94 80
92 80 5 55
51 52 95 18
45 60 53 70
54 82 23 12
55 42 88 51
58 6 72 76
52 65 41 52
34 56 68 54
53 33 95 8
12 59 83 37
54 52 66 60
55 8 66 67
57 31 85 66
69 54 63 42
54 50 73 44
55 29 53 82
56 53 8 55
25 86 54 12
52 55 59 72
76 79 52 15
58 61 23 52
56 32 77 55
61 11 83 62
1 99 96 63
87 4 81 51
57 51 52 77
88 44 87 19
52 51 56 58
14 65 1 54
57 53 57 51
67 13 51 93
11 84 71 52
33 27 73 61
5 68 90 96
60 16 52 75
2 75 59 62
6 63 82 24
53 64 52 3
55 15 68 59
53 49 66 55
15 52 51 93
52 47 56 78
72 31 52 38
52 1 57 71
52 30 18 57
79 79 51 16
46 51 68 98
55 96 99 1
3 53 98 13
66 48 80 16
57 58 55 39
51 53 75 54
54 42 80 53
47 56 60 87
58 2 76 66
62 57 4 65
5 62 82 57
58 54 1 79
54 54 60 32
41 72 52 51
88 63 1 56
5 61 93 44
57 22 66 53
19 54 30 9
7 17 83 66
51 53 94 51
25 22 95 57
96 60 19 53
24 15 88 98
52 32 61 51
9 83 12 69
78 41 2 56
60 68 15 14
31 52 51 88
96 57 85 1
8 54 63 74
9 80 54 73
98 1 55 58
72 55 2 58
7 18 76 57
64 76 58 2
6 84 63 54
33 51 62 78
44 36 65 74
63 28 65 57
2 84 96 52
53 58 72 8
84 22 74 28
51 77 53 2
19 52 55 86
79 1 75 63
5 71 55 81
13 73 58 67
8 100 54 18
66 11 52 65
99 33 56 20
8 53 64 77
88 7 27 61
81 3 3 56
51 89 1 53
91 21 72 25
55 7 82 56
65 52 67 27
80 50 66 19
85 2 16 99
84 16 51 54
68 51 87 6
12 72 67 56
65 4 51 91
51 52 77 52
83 54 29 40
88 93 51 1
14 83 76 53
73 19 33 58
94 68 10 16
71 26 51 69
64 59 52 6
12 92 56 56
54 29 62 66
51 12 88 60
5 88 87 55
51 100 12 38
51 61 18 56
38 33 59 60
64 3 99 60
1 68 90 59
98 15 2 75
55 16 61 70
55 56 10 61
9 61 19 28
19 11 70 99
3 56 75 64
64 51 22 20
4 70 67 91
68 24 33 81
86 79 61 1
3 77 52 72
86 55 27 16
89 25 70 4
38 72 77 8
59 56 76 7
53 61 99 6
6 51 73 76
73 100 89 1
3 58 53 88
59 4 78 65
67 52 1 84
52 29 62 66
59 62 59 4
29 9 83 72
63 15 52 87
51 52 64 19
60 53 60 13
37 52 55 74
15 56 54 57
60 54 71 8
70 4 77 41
57 3 99 61
2 69 82 91
54 24 51 73
49 39 51 17
5 61 54 80
4 57 71 98
5 51 79 88
22 52 56 83
52 9 56 68
70 69 10 51
53 26 60 51
51 77 13 27
1 51 91 61
55 51 24 55
52 54 7 76
62 60 10 20
63 81 5 40
52 37 68 26
52 95 51 6
56 6 55 80
61 8 59 58
80 52 53 7
12 59 79 53
100 19 53 41
8 68 59 31
25 51 22 80
88 9 34 55
85 99 74 1
4 87 74 57
77 54 59 7
13 26 72 63
40 17 63 51
2 40 82 80
77 1 58 67
57 63 7 60
51 64 78 4
6 58 70 64
67 3 72 57
65 9 79 56
12 60 53 76
40 6 73 99
44 53 30 65
1 93 72 80
1 94 69 57
33 4 88 40
2 71 57 74
2 73 51 2
35 56 12 30
79 51 1 83
67 52 16 78
58 56 78 6
42 4 77 87
61 6 58 8
1 50 99 73
4 68 84 54
99 2 18 91
9 59 55 68
32 4 51 91
54 6 53 58
60 1 98 57
78 2 12 79
89 86 4 51
52 78 57 1
51 25 61 60
89 55 9 53
94 85 22 10
56 10 59 57
56 4 39 95
51 13 72 63
60 79 10 51
65 2 23 89
60 52 88 9
26 51 95 45
7 17 66 89
18 36 70 74
82 54 70 5
62 16 8 100
66 5 59 11
2 51 59 97
52 69 75 2
34 57 6 83
90 53 14 51
77 36 4 60
76 53 53 12
32 43 55 67
3 66 92 53
57 30 67 22
18 52 96 54
72 69 75 1
78 2 73 15
58 52 70 12
3 70 64 72
5 63 53 61
25 54 22 62
6 62 13 70
1 56 100 28
5 65 79 55
65 5 67 63
93 1 65 47
66 10 40 81
26 5 96 93
69 28 9 54
60 61 3 54
7 57 51 98
78 53 56 4
64 18 50 60
27 85 89 1
40 52 54 13
59 55 95 2
55 22 22 62
10 15 98 66
55 20 59 52
58 79 32 2
54 3 100 65
37 68 20 3
27 47 51 95
52 9 50 58
76 56 5 55
54 53 74 4
7 51 58 96
53 10 61 57
100 89 8 26
70 6 47 58
69 52 87 5
1 72 74 73
65 52 11 53
5 61 4 62
7 55 67 63
65 7 9 83
60 1 74 52
53 41 66 7
60 92 52 1
2 54 54 100
59 12 79 54
73 54 7 73
11 56 8 65
4 70 77 63
13 8 59 69
29 53 52 73
63 2 53 62
37 62 59 5
61 63 51 7
2 53 82 62
1 78 73 98
1 75 59 31
62 53 51 4
68 60 5 51
9 60 61 33
1 55 77 92
3 53 77 78
2 56 29 51
95 10 2 53
73 54 3 64
9 75 5 59
67 82 51 1
97 66 2 5
55 56 69 3
65 56 51 1
51 84 82 1
44 13 65 59
52 29 29 55
33 13 85 58
50 22 54 51
91 28 55 28
73 31 52 2
62 21 55 55
58 65 26 6
65 92 3 39
93 41 9 43
6 20 83 55
65 54 56 3
54 52 2 78
67 24 47 53
53 9 14 51
61 1 57 70
58 92 9 51
54 100 12 13
53 60 2 71
33 51 69 64
92 52 50 9
9 52 55 57
60 1 71 69
75 55 3 2
16 1 61 81
52 1 52 89
4 65 84 35
1 72 60 61
16 56 72 7
53 22 53 44
11 73 18 60
58 62 10 1
59 93 9 21
84 55 97 1
30 52 91 35
12 2 75 70
3 65 92 33
79 3 70 22
60 51 80 4
59 59 61 2
51 18 25 90
8 12 73 47
53 15 99 6
64 4 56 60
10 32 43 54
65 28 66 2
57 55 73 6
88 1 52 22
62 55 3 68
51 55 21 78
100 2 23 59
69 59 3 51
49 3 56 79
26 51 57 52
2 76 21 92
7 57 62 18
26 7 86 51
1 69 84 87
3 52 64 80
94 2 64 4
1 51 55 94
67 30 12 22
27 22 56 52
