0.75 0.92 0.61 0.56
0.97 0.74 0.51 0.90
0.77 0.66 0.65 0.81
0.90 0.57 0.61 0.70
0.62 0.65 0.93 0.64
0.38 0.97 0.51 1.00
0.78 0.90 0.96 0.20
0.52 0.71 0.88 0.71
0.75 0.91 0.66 0.92
0.54 0.63 0.82 0.94
0.67 0.66 0.88 0.75
0.51 0.76 0.55 0.92
0.90 0.07 0.74 0.95
0.55 0.56 0.55 0.81
0.69 0.65 0.79 0.48
0.55 0.98 0.91 0.51
0.84 0.55 0.60 0.83
0.67 0.75 0.53 0.87
0.70 0.58 0.99 0.76
0.83 0.52 0.85 0.60
0.59 0.53 0.86 0.72
0.63 0.75 0.62 0.62
0.87 0.97 0.60 0.56
0.27 0.90 0.91 0.65
0.71 0.98 0.52 0.59
0.83 0.54 0.63 0.60
0.74 0.53 0.52 0.77
0.59 0.85 0.77 0.69
0.83 0.82 0.67 0.53
0.18 0.89 0.75 0.88
0.67 0.91 0.51 0.76
0.93 0.91 0.40 0.74
0.52 0.55 0.70 0.73
0.61 0.87 0.59 0.66
0.91 0.61 0.81 0.52
0.72 0.47 0.86 0.53
0.33 0.70 0.88 0.89
0.74 0.96 0.51 0.59
0.77 0.58 0.55 0.60
0.57 0.68 0.73 0.60
0.96 0.55 0.51 0.64
0.08 0.68 0.77 0.58
0.63 0.99 0.55 0.45
0.55 0.74 0.54 0.55
0.22 0.91 0.42 0.55
0.60 0.95 0.40 0.64
0.90 0.82 0.11 0.42
0.93 0.55 0.82 0.39
0.57 0.20 0.98 0.13
0.90 0.74 0.17 0.76
0.73 0.93 0.40 0.83
0.58 0.51 0.94 0.90
0.80 0.55 0.55 0.60
0.47 0.74 0.67 0.09
0.72 0.30 0.60 0.79
0.79 0.51 0.71 0.07
0.37 0.70 0.51 1.00
0.83 0.52 0.59 0.64
0.60 0.86 0.53 0.33
0.73 0.71 0.52 0.93
0.59 0.95 0.09 0.82
0.79 0.82 0.80 0.04
0.94 0.29 0.74 0.22
0.76 0.33 0.78 0.52
0.66 0.37 0.95 0.72
0.24 0.63 0.85 0.78
0.12 0.90 0.76 1.00
0.65 0.52 0.55 0.68
0.78 0.70 0.68 0.42
0.60 0.86 0.39 0.68
0.08 0.96 0.67 0.04
0.07 0.64 0.84 0.55
0.66 0.87 0.52 0.58
0.74 0.61 0.81 0.59
0.74 0.98 0.20 0.58
0.59 0.67 0.62 0.63
0.65 0.53 0.52 0.59
0.99 0.75 0.02 0.92
0.53 0.96 0.22 0.91
0.72 0.99 1.00 0.01
0.92 0.13 0.60 0.66
0.62 0.62 0.80 0.59
0.35 0.81 0.63 0.98
0.68 0.84 0.66 0.33
0.92 0.09 0.69 1.00
0.57 0.86 0.66 0.20
0.68 0.79 0.54 0.54
0.66 0.69 0.41 0.78
0.20 0.51 0.96 0.85
0.77 0.94 0.26 0.84
0.90 0.64 0.55 0.55
0.52 0.96 0.59 0.51
0.52 0.97 0.32 1.00
0.55 0.17 0.76 0.80
0.30 0.67 0.56 0.90
0.57 0.82 0.52 0.53
0.78 0.63 0.59 0.54
0.29 0.57 0.71 0.92
0.80 0.18 0.73 0.69
0.76 0.65 0.52 0.31
0.95 0.83 0.09 0.52
0.61 0.51 0.91 0.67
0.17 0.24 0.02 0.93
0.57 0.21 0.73 0.54
0.75 0.57 0.71 0.52
0.60 0.65 0.24 0.70
0.26 0.62 0.86 0.65
0.54 0.58 0.62 0.83
0.84 0.56 0.53 0.52
0.04 0.88 0.59 0.85
0.97 0.67 0.46 0.56
0.65 0.75 0.66 0.53
0.96 0.52 0.69 0.58
0.83 0.52 0.15 0.55
0.59 0.52 0.64 0.70
0.54 0.38 0.72 0.84
0.54 0.63 0.65 0.70
0.36 0.87 0.62 0.37
0.80 0.72 0.51 0.46
0.52 0.61 0.60 0.72
0.63 0.74 0.18 0.52
0.76 0.17 0.57 0.86
0.58 0.57 0.59 0.75
0.63 0.60 0.53 0.79
0.53 0.46 0.78 0.60
0.82 0.78 0.72 0.06
0.59 0.64 0.54 0.64
0.73 0.69 0.67 0.24
0.44 0.99 0.32 0.56
0.99 0.66 0.01 0.84
0.54 0.63 0.64 0.49
0.11 0.54 0.96 0.95
0.54 0.01 0.52 0.73
0.10 0.38 0.92 0.96
0.17 0.55 0.79 0.66
0.65 0.64 0.78 0.29
0.53 0.75 0.53 0.87
0.30 0.55 0.64 0.72
0.48 0.53 0.94 0.54
0.75 0.54 0.55 0.25
0.74 0.52 0.52 0.60
0.15 0.52 0.81 0.74
0.18 0.75 0.56 0.55
0.52 0.60 0.78 0.58
0.59 0.81 0.51 0.57
0.86 0.62 0.53 0.18
0.54 0.73 0.11 0.75
0.74 0.91 0.10 0.75
0.73 0.58 0.50 0.87
0.57 0.54 0.75 0.47
0.55 0.50 0.74 0.59
0.59 0.43 0.65 0.60
0.76 0.13 0.60 0.01
0.19 0.60 0.63 0.85
0.31 0.69 0.79 0.51
0.68 0.25 0.72 0.19
0.32 0.66 0.01 0.67
0.58 0.74 0.30 0.55
0.69 0.66 0.57 0.02
0.53 0.55 0.58 0.90
0.24 0.69 0.56 0.56
0.76 0.54 0.18 0.79
0.16 0.51 0.86 0.98
0.97 0.82 0.04 0.66
0.63 0.68 0.95 0.04
1.00 0.66 0.44 0.51
0.85 0.35 0.57 0.34
0.81 0.53 0.58 0.52
0.65 0.72 0.63 0.52
0.99 0.57 0.03 0.71
0.70 0.72 0.55 0.53
0.28 0.91 0.62 0.53
0.51 0.53 0.64 0.60
0.16 0.78 0.68 0.87
0.93 0.56 0.07 0.74
0.51 0.54 0.66 0.51
0.53 0.09 0.62 0.94
0.53 0.79 0.51 0.61
0.60 0.55 0.60 0.71
0.42 0.74 0.57 0.55
0.66 0.51 0.82 0.51
0.53 0.59 0.52 0.57
0.58 0.84 0.78 0.05
0.44 0.63 0.77 0.63
0.19 0.69 0.71 0.58
0.53 0.54 0.32 0.71
0.53 0.54 0.58 0.52
0.40 0.47 0.94 0.59
0.56 0.58 0.16 0.69
0.99 0.59 0.52 0.32
0.03 0.02 0.62 0.92
0.16 0.53 0.85 0.64
0.93 0.62 0.16 0.53
0.63 0.56 0.45 0.66
0.55 0.64 0.94 0.24
0.53 0.71 0.60 0.44
0.68 0.56 0.60 0.37
0.07 0.99 0.14 0.79
0.61 0.45 0.57 0.53
0.88 0.48 0.55 0.72
0.47 0.61 0.33 0.64
0.73 0.57 0.06 0.54
0.65 0.17 0.54 0.72
0.05 0.56 0.52 0.52
0.70 0.73 0.13 0.63
0.98 0.51 0.51 0.62
0.61 0.77 0.65 0.20
1.00 0.22 0.42 0.75
0.17 0.55 0.82 0.55
0.23 0.31 0.67 0.88
0.80 0.52 0.58 0.51
0.54 0.51 0.58 0.72
0.53 0.93 0.40 0.58
0.96 0.59 0.55 0.04
0.84 0.09 0.51 0.79
0.93 0.39 0.51 0.72
0.15 0.96 0.18 0.55
0.04 0.67 0.84 0.66
0.92 0.31 0.22 0.57
0.60 0.73 0.08 0.65
0.85 0.51 0.18 0.85
0.68 0.64 0.09 0.81
0.75 0.60 0.57 0.12
0.70 0.58 0.58 0.46
0.60 0.89 0.29 0.57
0.53 0.62 0.97 0.17
0.54 0.67 0.32 0.39
0.64 0.60 0.81 0.12
0.67 0.86 0.55 0.11
0.91 0.51 0.08 0.64
0.67 0.57 0.16 0.71
0.52 0.82 0.58 0.08
0.95 0.47 0.56 0.55
0.03 0.77 0.55 0.58
0.71 0.18 0.79 0.68
0.53 0.30 0.61 0.61
0.88 0.51 0.54 0.60
0.75 0.72 0.18 0.51
0.78 0.51 0.56 0.62
0.65 0.63 0.60 0.51
0.54 0.51 0.82 0.51
0.57 0.20 0.69 0.69
0.31 0.54 0.67 0.68
0.08 0.46 0.51 0.58
0.65 0.65 0.23 0.58
0.73 0.18 0.87 0.56
0.93 0.01 0.73 0.34
0.75 0.65 0.02 0.55
0.78 0.58 0.53 0.51
0.29 0.56 0.91 0.51
0.29 0.08 0.53 0.97
0.29 0.23 0.96 0.55
0.74 0.56 0.63 0.02
0.30 0.05 0.80 0.51
0.51 0.68 0.26 0.60
0.54 0.27 0.63 0.57
0.79 0.56 0.51 0.51
0.86 0.01 0.55 0.60
0.83 0.80 0.54 0.05
0.63 0.20 0.64 0.67
0.53 0.75 0.62 0.11
0.63 0.58 0.44 0.67
0.40 0.33 0.54 0.73
0.91 0.53 0.55 0.06
0.53 0.73 0.73 0.01
0.97 0.52 0.54 0.23
0.61 0.13 0.68 0.57
0.63 0.53 0.93 0.36
0.68 0.66 0.63 0.16
0.61 0.09 0.65 0.68
0.81 0.57 0.27 0.41
0.51 0.01 0.70 0.64
0.69 0.85 0.13 0.63
0.76 0.54 0.53 0.55
0.19 0.22 0.90 0.71
0.61 0.53 0.73 0.31
0.62 0.52 0.60 0.13
0.95 0.36 0.56 0.55
0.86 0.25 0.36 0.71
0.89 0.68 0.25 0.18
0.52 0.06 0.52 0.70
0.72 0.06 0.51 0.67
0.95 0.51 0.16 0.55
0.55 0.02 0.51 0.52
0.83 1.00 0.52 0.23
0.04 0.52 0.66 0.65
0.64 0.91 0.02 0.64
0.68 0.54 0.56 0.35
0.01 0.73 0.86 0.67
0.96 0.02 0.51 0.32
0.54 0.63 0.11 0.74
0.69 0.54 0.33 0.55
0.17 0.62 0.31 0.54
0.14 0.96 0.96 0.01
0.07 0.57 0.01 0.95
0.65 0.38 0.13 0.51
0.15 0.32 0.97 0.90
0.91 0.55 0.07 0.63
0.55 0.52 0.38 0.26
0.15 0.05 0.93 0.73
0.61 0.56 0.59 0.12
0.51 0.42 0.74 0.54
0.74 0.05 0.16 1.00
0.73 0.55 0.05 0.68
1.00 0.59 0.44 0.05
0.53 0.20 0.54 0.63
0.66 0.52 0.07 0.92
0.69 0.51 0.68 0.15
0.68 0.37 0.48 0.56
0.52 0.63 0.78 0.36
0.52 0.51 0.44 0.54
0.65 0.83 0.14 0.29
0.84 0.96 0.52 0.05
0.15 0.65 0.13 0.66
0.03 0.56 0.90 0.72
0.53 0.01 0.53 0.93
0.40 0.84 0.71 0.36
0.72 0.54 0.08 0.71
0.56 0.58 0.85 0.24
0.51 0.89 0.20 0.57
0.73 0.58 0.05 0.53
0.66 0.64 0.04 0.69
0.27 0.07 0.88 0.90
0.56 0.99 0.70 0.01
0.54 0.74 0.53 0.30
0.84 0.58 0.58 0.16
0.84 0.16 0.18 0.85
0.52 0.75 0.40 0.51
0.02 0.80 0.74 0.90
0.54 0.57 0.95 0.46
0.87 0.83 0.52 0.03
0.52 0.32 0.63 0.67
0.82 0.51 0.45 0.32
0.73 0.54 0.81 0.08
1.00 0.56 0.10 0.60
0.14 0.86 0.02 0.61
0.55 0.67 0.06 0.52
0.58 0.65 0.24 0.59
0.02 0.94 0.83 0.76
0.73 0.53 0.01 0.73
0.82 0.61 0.44 0.21
0.02 0.98 0.72 0.58
0.02 0.93 0.61 0.90
0.05 0.52 0.50 0.75
0.61 0.21 0.96 0.29
0.59 0.83 0.36 0.13
0.59 0.52 0.32 0.85
0.03 0.41 0.41 0.83
0.12 0.86 0.66 0.24
0.40 0.14 0.53 0.86
0.93 0.80 0.51 0.16
0.87 0.03 0.74 0.04
0.53 0.66 0.67 0.46
0.73 0.57 0.79 0.11
0.59 0.75 0.54 0.18
0.75 0.65 0.72 0.01
0.22 0.62 0.72 0.28
0.01 0.65 0.79 0.80
0.70 0.33 0.47 0.79
0.46 0.81 0.56 0.07
0.53 0.71 0.96 0.09
0.54 0.70 0.96 0.12
0.73 0.63 0.80 0.10
0.17 0.24 0.86 0.83
0.61 0.52 0.14 0.80
0.62 0.51 0.93 0.10
0.09 0.86 0.48 0.31
0.19 0.45 0.59 0.68
0.01 0.64 0.99 0.78
0.07 0.52 0.71 0.58
0.58 0.52 0.14 0.77
0.64 0.97 0.47 0.06
0.62 0.51 0.62 0.37
0.89 0.62 0.05 0.51
0.52 0.54 0.55 0.31
0.54 0.67 0.90 0.12
0.51 0.51 0.61 0.55
0.58 0.61 0.05 0.54
0.08 0.90 0.44 0.63
0.84 0.57 0.23 0.32
0.37 0.56 0.41 0.29
0.78 0.86 0.01 0.57
0.51 0.53 0.51 0.34
0.63 0.02 0.98 0.22
0.68 0.96 0.02 0.56
0.66 0.04 0.52 0.30
0.26 0.75 0.66 0.28
0.15 0.84 0.83 0.22
0.56 0.16 0.42 0.67
0.83 0.68 0.53 0.07
0.61 0.89 0.61 0.04
0.53 0.57 0.21 0.54
0.59 0.69 0.58 0.19
0.97 0.03 0.21 0.80
0.07 0.56 0.49 0.61
0.58 0.60 0.05 0.29
0.45 0.60 0.04 0.60
0.04 0.73 0.57 0.80
0.34 0.21 0.64 0.54
0.19 0.61 0.62 0.51
0.03 0.75 0.55 0.57
0.03 0.99 0.54 0.59
0.59 0.55 0.22 0.69
0.46 0.80 0.66 0.05
0.68 0.01 0.78 0.30
0.19 0.83 0.13 0.54
0.66 0.40 0.91 0.15
0.83 0.51 0.11 0.65
0.17 0.55 0.32 0.69
0.56 0.78 0.63 0.03
0.51 0.03 0.63 0.59
0.77 0.57 0.10 0.51
0.08 0.34 0.99 0.66
0.38 0.11 0.66 0.87
0.54 0.75 0.01 0.60
0.19 0.20 0.89 0.54
0.56 0.59 0.55 0.20
0.75 0.37 0.79 0.08
0.72 0.62 0.77 0.09
0.90 0.55 0.51 0.18
0.94 0.61 0.53 0.02
0.54 0.77 0.23 0.53
0.74 0.86 0.20 0.10
0.99 0.84 0.13 0.12
0.11 0.84 0.05 0.84
0.54 0.60 0.02 0.71
0.61 0.19 0.84 0.06
0.13 0.79 0.64 0.51
0.75 0.59 0.06 0.49
0.60 0.55 0.01 0.98
0.93 0.55 0.03 0.69
0.51 0.78 0.54 0.20
0.79 0.54 0.07 0.64
0.60 0.54 0.12 0.65
0.11 0.78 0.83 0.51
0.59 0.49 0.16 0.85
0.63 0.87 0.59 0.01
0.59 0.51 0.64 0.44
0.11 0.21 0.66 0.54
0.72 0.88 0.55 0.05
0.54 0.67 0.05 0.55
0.96 0.90 0.02 0.53
0.08 0.91 0.65 0.51
0.12 0.81 0.85 0.11
0.57 0.52 0.15 0.74
0.02 0.52 0.72 0.53
0.51 0.07 0.57 0.86
0.88 0.01 0.13 0.93
0.64 0.43 0.20 0.53
0.53 0.36 0.78 0.52
0.39 0.81 0.63 0.21
0.14 0.94 0.03 0.58
0.13 0.80 0.21 0.49
0.51 0.11 0.64 0.53
0.97 0.52 0.53 0.13
0.90 0.81 0.52 0.04
0.56 0.87 0.56 0.02
0.13 0.59 0.91 0.16
0.57 0.78 0.56 0.14
0.10 0.98 0.64 0.05
0.21 0.79 0.61 0.22
0.56 0.93 0.01 0.23
0.82 0.24 0.22 0.83
0.88 0.02 0.32 0.64
0.51 0.63 0.34 0.52
0.11 0.86 0.39 0.72
0.52 0.59 0.79 0.14
0.58 0.43 0.62 0.51
0.07 0.13 0.69 0.52
0.54 0.51 0.58 0.53
0.66 0.70 0.23 0.27
0.01 0.63 0.83 0.63
0.57 0.67 0.64 0.11
0.93 0.53 0.11 0.51
0.96 0.10 0.60 0.07
0.61 0.32 0.43 0.56
0.58 0.09 0.10 0.83
0.12 0.28 0.65 0.58
0.81 0.75 0.20 0.09
0.75 0.84 0.02 0.54
0.64 0.19 0.61 0.23
0.63 0.51 0.41 0.71
0.55 0.57 0.93 0.10
0.61 0.58 0.04 0.78
0.22 0.62 0.73 0.27
0.01 0.77 0.71 0.66
0.81 0.78 0.53 0.05
0.53 0.08 0.46 0.54
0.01 0.99 0.65 0.16
0.69 0.37 0.76 0.05
0.83 0.40 0.18 0.39
0.54 0.48 0.65 0.01
0.80 0.85 0.49 0.08
0.33 0.01 0.51 0.92
0.01 0.62 0.58 0.07
0.74 0.01 0.55 0.66
0.67 0.18 0.08 0.61
0.56 0.61 0.52 0.23
0.02 0.65 0.30 0.93
0.56 0.43 0.02 0.76
0.88 0.64 0.52 0.20
0.16 0.58 0.29 0.57
0.69 0.51 0.55 0.10
0.80 0.95 0.11 0.21
0.37 0.76 0.24 0.59
0.06 0.54 0.55 0.58
0.77 0.63 0.52 0.16
0.54 0.32 0.56 0.52
0.77 0.04 0.08 0.80
0.63 0.21 0.22 0.71
0.54 0.03 0.99 0.57
0.81 0.01 0.54 0.52
0.05 0.73 0.22 0.99
0.56 0.63 0.17 0.23
0.56 0.57 0.07 0.68
0.41 0.22 0.19 0.97
0.39 0.68 0.30 0.52
0.80 0.56 0.10 0.57
0.53 0.66 0.73 0.06
0.16 0.59 0.69 0.51
0.63 0.61 0.53 0.17
0.93 0.02 0.25 0.56
0.79 0.82 0.03 0.26
0.15 0.18 0.56 0.74
0.70 0.65 0.63 0.04
0.65 0.28 0.53 0.17
0.85 0.82 0.52 0.03
0.68 0.62 0.01 0.89
0.56 0.51 0.53 0.49
0.20 0.07 0.82 0.55
0.77 0.20 0.03 0.77
0.24 0.75 0.22 0.56
0.07 0.95 0.30 0.74
0.56 0.52 0.19 0.55
0.02 0.53 0.61 1.00
0.64 0.86 0.55 0.06
0.01 0.18 0.60 0.72
0.09 0.68 0.39 0.69
0.67 0.54 0.12 0.07
0.26 0.04 0.76 0.58
0.25 0.89 0.56 0.13
0.25 0.61 0.28 0.82
0.07 0.51 0.63 0.53
0.52 0.76 0.55 0.28
0.55 0.40 0.44 0.82
0.18 0.64 0.85 0.03
0.63 0.54 0.08 0.70
0.11 0.60 0.54 0.05
0.53 0.59 0.12 0.86
0.78 0.88 0.26 0.05
0.44 0.56 0.65 0.14
0.67 0.17 0.42 0.51
0.52 0.51 0.19 0.60
0.33 0.25 0.80 0.30
0.01 1.00 0.06 0.96
0.92 0.54 0.04 0.52
0.52 0.99 0.02 0.55
0.02 0.58 0.88 0.35
0.52 0.23 0.53 0.69
0.85 0.49 0.57 0.05
0.78 0.55 0.08 0.57
0.51 0.95 0.52 0.19
0.71 0.56 0.58 0.03
0.12 0.22 0.60 0.63
0.53 0.26 0.32 0.65
0.10 0.52 0.53 0.54
0.60 0.52 0.52 0.14
0.53 0.52 0.05 0.53
0.47 0.53 0.52 0.33
0.73 0.84 0.28 0.06
0.63 0.28 0.95 0.05
0.39 0.47 0.63 0.54
0.02 0.69 0.42 0.72
0.35 0.53 0.08 0.60
0.29 0.20 0.10 0.70
0.62 0.52 0.04 0.69
0.54 0.53 0.03 0.68
0.47 0.07 0.56 0.83
0.85 0.21 0.01 0.61
0.76 0.11 0.46 0.53
0.75 0.93 0.03 0.05
0.09 0.07 0.76 0.51
0.53 0.53 0.65 0.03
0.45 0.01 0.68 0.84
0.60 0.57 0.64 0.02
0.02 0.06 0.93 0.75
0.02 0.75 0.05 0.69
0.71 0.81 0.01 0.58
0.83 0.51 0.01 0.53
0.44 0.09 0.88 0.24
0.11 0.62 0.51 0.57
0.38 0.53 0.07 0.88
0.24 0.08 0.59 0.89
0.52 0.55 0.81 0.16
0.05 0.88 0.32 0.53
0.53 0.64 0.02 0.69
0.67 0.08 0.90 0.16
0.56 0.97 0.51 0.19
0.55 0.02 0.50 0.68
0.60 0.37 0.51 0.26
