300 6
0.75 0.98 0.15 0.84 0.92 0.76
0.72 0.95 0.88 0.97 0.75 0.96
0.60 0.81 0.71 0.78 0.57 0.57
0.57 0.71 0.77 0.95 0.87 0.85
0.90 0.66 0.90 0.90 1.00 0.65
0.54 0.59 0.80 0.84 0.56 0.91
0.65 0.59 0.51 0.61 0.56 0.85
0.62 0.79 0.66 0.97 0.76 0.58
0.76 0.79 0.88 0.47 0.95 0.98
0.64 0.53 0.87 0.80 0.67 0.87
0.69 0.56 0.77 0.69 0.58 0.54
0.76 1.00 0.54 0.86 0.67 0.77
0.76 0.98 0.70 0.99 0.55 0.55
0.55 0.35 0.54 0.61 0.91 0.62
0.69 0.29 0.52 0.99 0.66 1.00
0.66 0.95 0.55 0.91 0.09 0.97
0.60 0.80 0.75 0.57 0.97 0.97
0.71 0.92 0.76 0.54 0.58 0.27
0.85 0.82 0.95 0.85 0.69 0.43
0.64 0.58 0.58 0.62 0.72 0.53
0.97 0.61 0.75 1.00 0.63 0.75
0.61 0.55 0.63 0.84 0.88 0.80
0.77 0.15 0.77 0.65 0.57 0.85
0.71 0.95 0.55 0.26 0.79 0.51
0.70 0.90 0.98 0.43 0.93 0.75
1.00 0.51 0.96 0.87 0.77 0.09
0.72 0.87 0.64 0.52 0.62 0.93
0.57 0.65 0.70 0.97 0.70 0.76
0.81 0.69 0.61 0.59 0.77 0.88
0.57 0.76 0.84 0.58 0.72 0.93
0.62 0.32 0.85 0.54 0.72 0.67
0.29 0.73 0.70 0.85 0.63 0.79
0.59 0.67 0.80 0.65 0.71 0.69
0.59 0.60 0.79 0.92 0.98 0.55
0.67 0.52 0.72 0.59 0.92 0.76
0.67 0.85 0.74 0.74 0.67 0.67
0.97 0.71 0.61 0.55 0.89 0.97
0.95 0.72 0.95 0.49 0.71 0.94
0.74 0.88 0.59 0.99 0.54 0.86
0.81 0.95 0.89 0.51 0.58 0.80
0.46 0.52 0.86 0.90 0.69 0.90
0.68 0.78 0.86 0.60 0.69 0.74
0.58 0.86 0.92 0.70 0.86 0.83
0.92 0.89 0.63 0.54 0.65 0.92
0.52 0.53 0.55 0.71 0.57 0.30
0.49 0.79 0.33 1.00 0.92 0.64
0.94 0.72 0.60 0.69 0.57 0.67
0.84 0.36 0.81 0.85 0.96 0.38
0.73 0.98 0.96 0.59 0.53 0.88
0.81 0.54 0.18 0.89 0.85 0.52
1.00 0.56 0.59 0.52 0.66 0.84
0.12 0.51 0.76 0.73 0.81 0.52
0.78 0.76 0.94 0.96 0.75 0.17
0.96 0.69 0.85 0.37 0.99 0.74
0.54 0.58 0.38 0.94 0.68 0.89
0.88 0.77 0.79 0.54 0.76 0.91
0.87 0.92 0.86 0.68 0.54 0.77
0.70 0.51 0.26 0.73 0.97 0.99
0.60 0.68 0.64 0.74 0.52 0.76
0.22 0.75 0.92 0.54 0.64 0.55
0.87 0.91 0.88 0.90 0.55 0.65
0.52 0.82 0.77 0.66 0.52 0.67
0.70 0.94 0.86 0.53 0.80 0.72
0.98 0.59 0.78 0.75 0.52 0.92
0.59 0.67 0.61 0.55 0.72 0.97
0.71 0.37 0.93 0.92 0.56 0.92
0.92 0.87 0.52 0.81 0.68 0.82
0.93 0.67 0.98 0.61 0.77 0.52
0.55 0.78 0.52 0.99 0.86 0.55
0.80 0.74 0.82 0.52 0.53 0.61
0.56 0.80 0.52 0.93 0.70 0.99
0.35 0.26 0.55 0.75 0.80 0.55
0.51 0.55 0.70 0.70 0.80 0.95
0.59 0.61 0.13 0.94 0.62 0.89
0.65 0.74 0.95 0.82 0.41 0.60
0.54 0.92 0.51 0.57 0.61 0.99
0.51 0.58 0.69 0.81 0.59 0.85
0.95 0.99 0.59 0.80 0.73 0.11
0.58 0.79 0.54 0.70 0.61 0.99
0.78 0.11 0.99 0.67 0.78 0.79
0.80 0.45 0.97 0.13 0.89 0.72
0.67 0.86 0.66 0.53 0.90 0.61
0.75 0.58 0.81 0.67 0.54 0.52
0.58 0.87 0.59 0.70 0.90 0.90
0.51 0.75 0.78 0.51 0.91 0.89
0.92 0.53 0.98 0.59 0.70 0.88
0.75 0.55 0.26 0.97 0.74 0.92
0.86 0.81 0.54 0.51 0.51 0.83
0.57 0.93 0.68 0.98 0.51 0.89
0.33 0.86 0.57 0.90 0.72 0.81
0.51 0.63 0.72 0.51 0.66 0.56
0.09 0.77 0.51 0.77 0.94 0.95
0.78 0.68 0.76 0.19 0.17 0.99
0.70 0.70 0.51 0.80 0.99 0.53
0.33 0.97 0.58 0.92 0.69 0.78
0.72 0.95 0.56 0.67 0.66 0.80
1.00 0.89 0.89 0.57 0.52 0.56
0.54 0.62 1.00 0.73 0.11 0.59
0.89 0.83 0.87 0.38 0.70 0.61
0.95 0.91 0.51 0.56 0.67 0.91
0.79 0.53 0.89 0.69 0.51 0.86
0.95 0.78 0.70 0.96 0.61 0.11
0.16 0.11 1.00 0.72 0.55 0.96
0.99 0.20 0.88 0.95 0.75 0.71
0.16 0.54 0.38 0.94 0.65 0.57
0.24 0.66 0.83 0.64 0.81 0.59
0.70 0.76 0.82 0.68 0.51 0.86
0.12 0.94 0.84 0.67 0.98 0.72
0.49 0.54 0.53 0.83 0.80 0.94
0.51 0.68 0.97 0.96 0.63 0.81
0.56 0.52 0.97 0.60 0.56 0.50
0.61 0.88 0.65 0.54 0.51 0.82
0.76 0.97 0.81 0.57 0.52 0.69
0.77 0.53 0.54 0.64 0.59 0.79
0.54 0.91 0.54 0.53 0.70 0.93
0.67 0.60 0.05 0.82 0.79 0.86
1.00 0.55 0.72 0.57 0.63 0.86
0.84 0.48 0.95 0.67 0.69 0.46
0.61 0.78 0.98 0.56 0.63 0.79
0.31 0.58 0.61 0.86 0.71 0.64
0.99 0.68 0.88 0.80 0.52 0.74
0.84 0.96 0.53 0.58 0.98 0.38
0.67 0.65 0.03 0.55 0.88 0.95
0.55 0.80 0.64 0.61 0.54 0.67
0.52 0.75 0.97 0.51 0.65 0.71
0.80 0.76 0.56 0.94 0.10 0.92
0.70 0.76 0.91 0.12 0.89 0.04
0.80 0.56 0.55 0.65 0.95 0.04
0.58 0.51 0.70 0.66 0.60 0.95
0.79 0.85 0.93 0.29 0.70 0.73
0.68 0.93 0.89 0.69 0.87 0.01
0.99 0.52 0.59 0.51 0.55 0.67
0.80 0.46 0.65 0.71 0.71 0.86
0.72 0.69 0.70 0.55 0.64 0.78
0.86 0.86 0.04 0.60 0.77 0.21
0.77 0.93 0.73 0.09 0.64 0.95
0.74 0.82 0.93 0.87 0.54 0.55
0.14 0.80 0.74 0.81 0.92 0.53
0.34 0.98 0.84 0.85 0.68 0.68
0.85 0.31 0.51 0.93 0.18 0.67
0.56 0.68 0.57 0.59 0.55 0.67
0.79 0.79 0.69 0.56 0.77 0.67
0.82 0.71 0.53 0.66 0.96 0.68
0.56 0.51 0.78 1.00 0.11 0.60
0.79 0.06 0.98 0.66 1.00 0.57
0.84 0.59 0.58 0.99 0.77 0.13
0.67 0.75 0.70 0.51 0.77 0.91
0.53 0.53 0.42 0.72 0.96 0.77
0.70 0.73 0.29 0.71 0.69 0.59
0.32 0.55 0.94 0.79 0.79 0.92
0.57 0.70 0.73 0.68 0.37 0.99
0.86 0.58 0.78 0.61 0.80 0.59
0.51 0.79 0.58 0.53 0.64 0.66
1.00 0.98 0.82 0.21 0.64 0.71
0.70 0.66 0.54 0.12 0.60 0.81
0.62 0.67 0.68 0.64 0.55 0.57
0.89 0.94 0.53 0.47 0.87 0.76
0.59 0.60 0.56 0.78 0.54 0.92
0.36 0.92 0.60 0.90 0.55 0.77
0.88 0.95 0.68 0.53 0.76 0.57
0.45 0.88 0.80 0.47 0.94 0.79
0.51 0.87 0.81 0.62 0.51 0.72
0.86 0.77 0.53 0.59 0.65 0.67
0.88 0.64 0.17 0.46 0.74 0.87
0.94 0.66 0.91 0.98 0.05 0.56
0.76 0.77 0.60 0.57 0.51 0.88
0.61 0.88 0.16 0.52 0.71 0.56
0.88 0.11 0.55 0.79 0.59 0.67
0.55 0.79 0.93 0.75 0.55 0.57
0.77 0.95 0.53 0.57 0.60 1.00
0.73 0.31 0.92 0.52 0.99 0.57
0.64 0.91 0.91 0.25 0.68 0.75
0.61 0.21 0.52 0.68 0.25 0.76
0.73 0.54 0.61 0.52 0.59 0.87
0.98 0.74 0.53 0.60 0.97 0.63
0.74 0.85 0.89 0.14 0.91 0.73
0.69 0.62 0.53 0.60 0.83 0.71
0.59 0.68 0.56 0.67 0.92 0.53
0.51 0.56 0.75 0.64 0.85 0.81
0.59 0.51 0.98 0.34 0.97 0.77
0.86 0.73 0.62 0.26 0.51 0.71
0.98 0.07 0.93 0.79 0.52 0.97
0.68 0.82 0.93 0.58 0.61 0.72
0.54 0.52 0.98 0.63 0.76 0.03
0.53 0.90 0.94 0.51 0.64 0.91
0.70 0.61 0.56 0.05 0.54 0.87
0.57 0.69 0.72 0.53 0.65 0.81
0.90 0.75 0.54 0.63 0.55 0.58
0.71 0.13 0.54 1.00 0.63 0.66
0.60 0.58 0.71 0.53 0.88 0.69
0.20 0.35 0.61 0.69 0.97 0.64
0.77 0.54 0.15 0.94 0.88 0.62
0.69 0.79 0.64 0.98 0.52 0.37
0.59 0.82 0.67 0.51 0.82 0.86
0.62 0.65 0.60 0.95 0.52 0.13
0.51 0.83 0.60 0.66 0.88 0.52
0.88 0.55 0.27 0.80 0.87 0.69
0.94 0.52 0.98 0.70 0.53 0.49
0.81 0.64 0.99 0.51 0.55 0.75
0.97 0.71 0.95 0.54 0.64 0.55
0.27 0.69 0.69 0.53 0.87 0.93
0.58 0.62 0.70 0.62 0.90 0.70
0.59 0.52 0.59 0.69 0.66 0.99
0.56 0.83 0.72 0.66 0.51 0.81
0.96 0.18 0.94 0.94 0.75 0.21
0.86 0.98 0.80 0.51 0.90 0.19
0.63 0.71 0.57 0.66 0.75 0.66
0.52 0.54 0.98 0.67 0.72 0.56
0.58 0.98 0.62 0.60 0.51 0.94
0.09 0.47 0.70 0.95 0.54 0.65
0.80 0.59 0.17 0.93 0.78 0.92
0.68 0.73 0.65 0.64 0.68 0.52
0.63 0.64 0.83 0.95 0.01 1.00
0.96 0.67 0.67 1.00 0.93 0.12
0.54 1.00 0.84 0.58 0.63 0.63
0.92 0.52 0.70 0.51 0.85 0.93
0.05 0.98 0.97 0.82 0.54 0.98
0.57 0.61 0.63 0.70 0.68 0.60
0.94 0.59 0.54 0.58 0.81 1.00
0.62 0.51 0.80 0.75 0.53 0.66
0.73 0.68 0.56 0.63 0.93 0.52
0.79 0.52 0.51 0.52 1.00 0.64
0.15 0.77 0.81 0.66 0.92 0.84
0.66 0.41 0.96 0.53 0.85 0.92
0.59 0.76 0.75 0.51 0.51 0.90
0.74 0.69 0.92 0.69 0.82 0.09
0.63 0.70 0.65 0.35 0.54 0.97
0.74 0.64 0.84 0.82 0.68 0.15
0.99 1.00 0.53 0.84 0.69 0.54
0.60 0.58 0.92 0.21 0.82 0.57
0.81 0.83 0.50 0.83 0.54 0.78
0.53 0.69 0.52 0.54 0.73 0.17
0.04 0.19 0.77 0.83 0.56 0.88
0.81 0.67 0.58 0.85 0.27 0.64
0.02 0.92 0.78 0.79 0.57 0.84
0.89 0.62 0.57 0.54 0.66 0.52
0.79 0.66 0.54 0.53 0.90 0.55
0.62 0.51 0.63 0.65 0.60 0.98
0.35 0.92 0.53 0.88 0.65 0.86
0.76 0.68 0.53 0.70 0.69 0.68
0.65 0.56 0.79 0.76 0.07 0.83
0.74 0.66 0.65 0.53 0.84 0.80
0.76 0.79 0.67 0.94 0.81 0.14
0.94 0.51 0.98 0.51 0.89 0.55
0.55 0.84 0.96 0.74 0.17 0.97
0.51 0.92 0.54 0.96 0.52 0.76
0.53 0.90 0.56 0.95 0.51 0.91
0.60 0.65 0.88 0.91 0.38 0.26
0.62 0.57 0.90 0.60 0.15 0.93
0.69 0.88 0.43 0.93 0.57 0.96
0.77 0.57 0.81 0.24 0.75 0.72
0.66 0.66 0.84 0.68 0.88 0.29
0.03 0.87 0.78 0.74 0.83 0.77
0.84 0.52 0.58 0.54 0.66 0.74
0.47 0.55 0.72 0.79 0.67 0.56
0.74 0.62 0.66 0.98 0.54 0.59
0.69 0.67 0.28 0.81 0.90 0.93
0.77 0.69 0.56 0.66 0.70 0.72
0.64 0.18 0.59 0.76 0.76 0.83
0.67 0.78 0.59 0.81 0.54 0.55
0.87 0.53 0.51 0.63 0.76 0.54
0.63 0.75 0.20 0.55 0.90 0.70
0.56 0.79 0.52 0.89 0.59 0.95
0.75 0.55 0.60 0.62 0.74 0.64
0.99 0.64 0.66 0.51 0.61 0.54
0.66 0.74 0.69 0.12 0.58 0.89
0.61 0.83 0.51 0.95 0.61 0.81
0.55 0.63 0.90 0.58 0.60 0.97
0.08 0.70 0.81 0.66 0.73 0.64
0.37 0.04 0.59 0.89 0.82 0.98
0.61 0.94 0.12 0.86 0.85 0.77
1.00 0.27 0.77 0.59 0.84 0.54
0.95 0.55 0.06 0.61 0.58 0.77
0.39 0.91 0.74 0.75 0.54 0.87
0.30 0.67 0.78 0.57 0.95 0.55
0.75 0.57 0.52 0.54 0.71 0.85
0.85 0.56 0.08 0.59 0.84 0.56
0.55 0.98 0.95 0.61 0.63 0.56
0.91 0.32 1.00 0.61 0.82 0.32
0.04 0.57 0.75 0.82 0.75 0.96
0.81 0.01 0.84 0.78 0.75 0.83
0.87 0.63 0.55 0.67 0.71 0.69
0.78 0.29 0.71 0.62 0.52 0.89
0.27 0.92 0.81 0.92 0.51 0.56
0.62 0.55 0.83 0.58 0.86 0.64
0.51 0.84 0.22 0.85 0.59 0.86
0.74 0.52 0.71 0.60 0.56 0.75
0.02 0.82 0.58 0.81 0.90 0.88
0.71 0.91 0.51 1.00 0.08 0.65
0.63 0.54 0.67 0.61 0.73 0.29
0.56 0.89 0.67 0.55 0.56 0.60
0.94 0.17 0.56 0.64 0.71 0.64
0.63 0.57 0.74 0.51 0.56 0.77
0.55 0.72 0.57 0.35 0.89 0.87
0.82 0.65 0.86 0.02 0.68 0.67
0.90 0.89 0.82 0.59 0.41 0.57
0.62 0.84 0.57 0.15 0.67 0.56
0.82 0.64 0.31 0.60 0.60 0.90
0.57 0.80 0.51 0.86 0.74 0.99
0.69 0.99 0.67 0.63 0.14 0.88
