300 6
0.82 0.00 0.89 0.34 0.89 0.93
0.87 0.62 0.81 0.59 0.57 0.62
0.55 0.79 0.77 0.57 0.13 0.55
0.36 0.46 0.53 0.72 0.85 0.71
0.57 0.87 0.73 0.83 0.23 0.66
0.67 0.98 0.69 0.73 0.58 0.59
0.51 0.75 0.95 0.82 0.62 1.00
0.75 0.69 0.95 0.90 0.74 0.79
0.64 0.78 0.11 0.68 0.92 0.64
0.73 0.81 0.67 0.51 0.60 0.94
0.93 0.58 0.97 0.93 0.57 0.66
0.83 0.97 0.89 0.60 0.64 0.51
0.04 0.83 0.79 0.78 0.99 0.82
0.65 0.55 0.69 0.66 0.96 0.94
0.04 0.65 0.65 0.81 0.77 0.87
0.90 0.33 0.98 0.77 0.67 0.56
0.66 0.69 0.81 0.63 1.00 0.98
0.80 0.70 0.93 0.89 0.83 0.54
0.70 0.57 0.73 0.55 0.17 0.75
0.87 0.63 0.53 0.76 0.83 0.77
0.97 0.12 0.54 0.85 0.91 0.67
0.89 0.86 0.65 0.92 0.55 0.87
0.53 0.84 0.62 0.89 0.72 0.87
0.87 0.59 0.39 0.59 0.67 0.95
0.52 0.57 0.06 0.91 0.92 0.63
0.96 0.98 0.63 0.94 0.82 0.77
0.63 0.64 0.58 0.57 0.57 0.57
0.66 0.41 0.70 0.86 0.84 0.93
0.64 0.51 0.65 0.51 0.70 0.37
0.90 0.70 0.52 1.00 0.86 0.70
0.52 0.96 0.77 0.82 0.79 0.63
0.59 0.19 0.70 0.88 0.84 0.92
0.87 0.60 0.68 0.86 0.64 0.59
0.42 0.68 0.84 0.91 0.60 0.58
0.89 0.89 0.93 0.76 0.99 0.15
0.60 0.53 0.73 0.89 0.70 0.77
0.73 0.68 0.52 0.96 0.67 0.60
0.62 0.56 1.00 0.99 0.57 0.54
0.79 0.53 0.88 0.62 0.84 0.03
0.10 0.78 0.57 0.77 0.89 0.61
0.65 0.81 0.52 0.94 0.99 0.52
0.78 0.56 0.71 0.54 0.60 0.79
0.66 0.54 0.84 0.91 0.54 0.56
0.88 0.58 0.99 0.54 0.35 0.94
0.51 0.85 0.90 0.62 0.83 0.88
0.90 0.63 0.91 0.94 0.51 0.56
0.73 0.70 0.54 0.78 0.70 0.96
0.43 0.89 0.66 0.89 0.72 0.87
0.88 0.78 0.81 0.71 0.52 0.73
0.62 0.54 0.84 1.00 0.98 0.34
0.82 0.71 0.55 0.89 0.60 0.90
0.69 0.90 0.53 0.66 0.69 0.51
0.56 0.94 0.97 0.69 0.09 0.59
0.87 0.61 0.78 0.57 0.59 0.60
0.88 0.96 0.72 0.82 0.56 0.57
0.60 0.69 0.74 0.67 0.60 0.86
0.71 0.89 0.17 0.53 0.83 0.95
0.56 0.82 0.76 0.73 0.14 0.73
0.52 0.72 0.80 0.61 0.83 0.56
0.01 0.86 0.35 0.88 0.72 0.82
0.07 0.63 0.81 0.63 0.85 0.98
0.70 0.30 0.97 0.59 0.70 0.74
0.74 0.32 0.94 0.97 0.33 0.74
0.63 0.54 0.97 0.79 0.87 0.59
0.73 0.65 0.34 0.61 0.81 1.00
0.51 0.78 0.63 0.75 0.69 0.58
0.89 0.80 0.53 0.90 0.60 0.56
0.78 0.53 0.61 0.57 0.64 0.87
0.90 0.51 0.90 0.98 0.51 0.56
0.60 0.62 0.53 0.79 0.64 0.75
0.69 0.51 0.77 0.62 0.55 0.83
0.54 0.79 0.78 0.54 0.55 0.61
0.92 0.67 0.57 0.74 0.62 0.55
0.60 0.89 0.87 0.53 0.95 0.67
0.95 0.66 0.53 0.63 0.26 0.59
0.18 0.96 0.53 0.70 0.89 0.51
0.55 0.59 0.71 0.91 0.54 0.67
0.52 0.51 0.60 0.56 0.65 0.95
0.58 0.68 0.82 0.59 0.64 0.87
0.89 0.67 0.65 0.55 0.19 0.76
0.59 0.73 0.58 0.56 0.51 0.64
0.70 0.83 0.93 0.98 0.78 0.03
0.81 0.56 0.77 0.82 0.67 0.58
0.74 0.80 0.82 0.67 0.88 0.23
0.83 0.95 0.54 0.98 0.29 0.76
0.51 0.71 0.85 0.52 0.78 0.81
0.83 0.91 0.93 0.41 0.68 0.88
0.78 0.53 0.67 0.56 0.66 0.61
0.68 0.68 0.83 0.81 0.20 0.76
0.60 0.64 0.53 0.76 0.72 0.77
0.94 0.19 0.64 0.70 0.74 0.66
0.52 0.96 0.97 1.00 0.70 0.34
0.58 0.99 0.72 0.63 0.86 0.62
1.00 0.52 0.64 0.64 0.60 0.57
0.76 0.14 0.74 0.97 0.83 0.79
0.58 0.73 0.83 0.55 0.86 0.58
0.04 0.80 0.93 0.97 0.58 0.82
0.79 0.60 0.68 0.82 0.54 0.84
0.97 0.84 0.57 0.83 0.80 0.54
0.54 0.66 0.98 0.82 0.81 0.55
0.56 0.59 0.72 0.20 0.49 0.62
0.73 0.55 0.78 1.00 0.63 0.79
0.75 1.00 0.15 0.95 0.58 0.51
0.87 0.59 0.59 0.76 0.92 0.54
0.78 0.91 0.64 0.45 0.68 0.74
0.61 0.46 0.93 0.94 0.72 0.49
0.51 0.76 0.75 0.87 0.52 0.81
0.99 0.53 0.10 0.76 0.52 0.62
0.68 0.89 0.03 0.63 0.98 0.92
0.16 0.54 0.96 0.55 0.68 0.44
0.84 0.79 0.65 0.78 0.02 0.53
0.97 0.65 0.57 0.96 0.76 0.67
0.96 0.06 0.96 0.97 0.80 0.55
0.84 0.56 0.57 0.87 0.77 0.78
0.84 0.73 0.52 0.89 0.68 0.63
0.68 0.66 0.55 0.59 0.71 0.91
0.71 0.81 0.65 0.54 0.60 0.75
0.69 0.45 0.62 0.55 0.73 0.89
0.61 0.51 0.55 0.68 0.54 0.78
0.56 0.89 0.59 0.09 0.54 0.68
0.72 0.95 0.73 0.92 0.83 0.20
0.78 0.54 0.56 0.95 0.54 0.69
0.88 0.72 0.56 0.56 0.72 0.82
0.78 0.68 0.55 0.52 0.89 0.60
0.96 0.54 1.00 0.59 0.62 0.84
0.69 0.01 0.85 0.44 0.61 0.78
0.58 0.54 0.93 0.98 0.58 0.76
0.73 0.83 0.93 0.59 0.01 0.98
0.03 0.77 0.84 0.81 0.96 0.51
0.13 0.94 0.49 0.59 0.52 0.91
0.93 0.60 0.72 0.94 0.91 0.23
0.56 0.58 0.66 0.88 0.76 0.58
0.54 0.22 1.00 0.89 0.92 0.82
0.37 0.82 0.81 0.55 0.84 0.73
0.81 1.00 0.64 0.72 0.71 0.03
0.64 0.54 0.81 0.83 0.57 0.57
0.42 0.87 0.66 0.72 0.68 0.75
0.92 0.82 0.92 0.39 0.81 0.25
0.77 0.69 0.67 0.99 0.53 0.52
0.71 0.68 0.56 0.92 0.68 0.58
0.92 0.53 0.55 0.54 0.64 0.52
0.80 0.62 0.56 0.75 0.55 0.57
0.79 0.57 0.51 0.55 0.89 0.93
0.53 0.92 0.99 0.56 0.04 0.81
0.68 0.96 0.61 0.65 0.43 0.97
0.81 0.76 0.25 0.60 0.96 0.69
0.10 0.91 0.42 0.80 0.52 0.89
0.69 0.54 0.09 0.94 0.98 0.78
0.63 0.51 0.61 0.62 0.91 0.70
0.52 0.81 0.70 0.91 0.57 0.69
0.94 0.78 0.19 0.95 0.32 0.69
1.00 0.55 0.80 0.92 0.15 0.94
0.68 0.65 0.03 0.77 0.56 0.20
0.36 0.62 0.52 0.75 0.78 0.69
0.58 0.95 0.92 0.98 0.52 0.51
0.51 0.71 0.89 0.69 0.93 0.55
0.97 0.21 0.58 0.63 0.77 0.72
0.58 0.76 0.54 0.61 0.71 0.71
0.82 0.40 0.59 0.92 0.94 0.98
0.60 0.56 0.57 0.71 0.70 0.81
0.79 0.34 0.10 0.59 0.76 0.97
0.69 0.82 0.91 0.87 0.98 0.06
0.98 0.25 0.91 0.55 0.52 0.69
0.79 0.43 0.55 0.71 0.56 0.73
0.57 0.55 0.77 0.98 0.59 0.79
0.77 0.57 0.77 0.96 0.64 0.58
0.91 0.92 0.75 0.58 0.78 0.33
0.88 0.56 0.77 0.57 0.59 0.59
0.81 0.51 0.66 0.95 0.51 0.98
0.72 0.62 0.60 0.60 0.88 0.79
0.75 0.55 0.65 0.84 0.55 0.65
0.80 0.79 0.62 0.73 0.53 0.63
0.14 0.70 0.44 0.90 0.63 0.77
0.26 0.96 0.90 0.69 0.64 0.65
0.99 0.74 0.51 0.96 0.54 0.54
0.75 0.91 0.59 0.45 0.46 0.85
0.63 0.74 0.99 0.06 0.89 0.80
0.71 0.71 0.99 0.89 0.36 0.57
0.39 0.61 0.86 0.88 0.87 0.65
0.35 0.63 0.79 0.70 0.92 0.69
0.66 0.93 0.54 0.51 0.72 0.56
0.06 0.89 1.00 0.53 0.99 0.92
0.80 0.57 0.54 0.73 0.53 0.77
0.51 0.94 0.36 0.66 0.51 0.57
0.91 0.74 0.54 0.66 0.67 0.90
0.95 0.50 0.75 0.58 1.00 0.71
0.63 0.33 0.59 0.90 0.60 0.52
0.52 0.88 0.96 1.00 0.39 0.56
0.88 0.59 0.58 0.57 0.94 0.77
0.53 0.73 0.63 0.02 0.72 0.95
0.51 0.87 0.64 0.67 0.95 0.62
0.87 0.76 0.83 0.56 0.61 0.58
0.84 0.92 0.54 0.72 0.77 0.35
0.73 0.72 0.62 0.18 0.77 0.71
0.82 0.31 0.82 0.58 0.67 0.84
0.76 0.86 0.64 0.52 0.53 0.90
0.70 0.52 0.64 0.79 0.98 0.60
0.52 0.64 0.97 0.98 0.59 0.76
0.54 0.88 0.59 0.86 0.65 0.58
0.98 0.21 0.54 0.73 0.64 0.67
0.75 0.77 0.93 0.53 0.51 0.55
0.55 0.59 0.56 0.87 0.98 0.62
0.21 0.58 0.55 0.52 0.25 0.91
0.85 0.92 0.76 0.97 0.70 0.04
0.72 0.05 0.81 0.85 0.59 0.93
0.58 0.54 0.70 0.91 0.80 0.76
0.96 0.56 0.85 0.51 0.57 0.68
0.58 0.68 0.56 0.68 0.72 0.51
0.82 0.57 0.72 0.54 0.57 0.99
0.74 0.85 0.91 0.19 0.63 0.59
0.46 0.63 0.86 0.58 0.90 0.52
0.66 0.52 0.80 0.45 0.70 0.79
0.66 0.88 0.51 0.90 1.00 0.56
0.25 0.79 0.96 0.47 0.53 0.89
0.56 0.59 0.68 0.93 0.66 0.85
0.98 0.62 0.23 0.68 0.69 0.53
0.98 0.53 0.97 0.67 0.51 0.75
0.73 0.44 0.73 0.82 0.61 0.79
0.82 0.51 0.72 0.59 0.53 0.77
0.58 0.90 0.73 0.85 0.89 0.25
0.99 0.60 0.54 0.59 0.84 0.56
0.53 0.80 0.86 0.64 0.52 0.72
0.17 0.81 0.76 0.70 0.79 0.86
0.51 0.98 0.96 0.07 0.64 0.54
0.65 0.90 0.99 0.58 0.80 0.19
0.98 0.58 0.60 1.00 0.14 0.51
0.58 0.62 0.61 0.71 0.91 0.51
0.52 0.52 0.67 0.89 0.60 0.58
0.51 0.91 0.65 0.83 0.67 0.72
0.54 0.87 0.66 0.94 0.70 0.30
0.62 0.91 0.55 0.73 0.68 0.59
0.53 0.81 0.53 0.74 0.67 1.00
0.54 0.73 0.88 0.36 0.58 0.92
0.57 0.64 0.58 0.57 0.95 0.53
0.96 0.69 0.83 0.54 0.75 0.29
0.75 0.75 0.52 0.73 0.60 0.70
0.54 0.73 0.62 0.74 0.50 0.81
0.62 0.24 0.51 0.57 0.91 0.84
0.55 0.95 0.04 0.70 0.93 0.60
0.81 0.71 0.60 0.93 0.52 0.55
0.98 0.12 0.95 0.58 0.59 0.69
0.57 0.88 0.62 0.68 0.65 0.86
0.76 0.61 0.90 0.63 0.92 0.29
0.65 0.63 0.95 0.14 0.93 0.75
0.52 0.75 0.66 0.71 0.67 0.88
0.10 0.63 0.77 0.90 0.96 0.69
0.56 0.51 0.48 0.65 0.59 0.52
0.52 0.65 0.56 0.82 0.62 0.64
0.99 0.51 0.56 0.51 0.77 0.90
0.62 0.73 0.91 0.44 0.65 0.24
0.04 0.99 0.97 0.94 0.45 0.11
0.92 0.05 0.97 0.76 0.57 0.68
0.73 0.99 0.72 0.85 0.18 1.00
0.63 0.47 0.77 0.11 0.83 0.71
0.71 0.85 0.95 0.15 0.89 0.60
0.13 0.98 0.98 0.81 0.33 0.97
0.58 0.89 0.52 0.65 0.51 0.33
0.55 0.59 0.63 0.52 0.57 0.71
0.68 0.63 0.65 0.13 0.76 0.99
0.51 0.59 0.87 0.52 0.95 0.54
0.57 0.53 0.53 0.57 0.75 0.78
0.86 0.68 0.98 0.53 0.90 0.01
0.85 0.53 0.99 0.76 0.55 0.67
0.80 0.99 0.56 0.41 0.94 0.56
0.68 0.51 1.00 0.33 0.74 0.83
0.62 0.62 0.04 0.79 0.85 0.88
0.71 0.84 0.69 0.55 0.69 0.22
0.55 0.87 0.56 0.63 0.98 0.85
0.53 0.98 0.61 0.58 1.00 0.73
0.51 0.51 0.92 0.89 0.59 0.14
0.54 1.00 0.53 0.68 0.99 0.52
0.80 0.53 0.53 0.64 0.94 0.52
0.89 0.54 0.52 0.53 0.88 0.78
0.93 0.78 0.89 0.59 0.81 0.10
0.66 0.84 0.14 0.60 0.97 0.46
0.54 0.44 0.90 0.62 0.96 0.65
0.58 0.66 0.51 0.65 0.51 0.42
0.69 0.23 0.32 0.91 0.92 0.97
0.55 0.37 0.54 0.69 0.54 0.99
0.79 0.60 0.68 0.54 0.64 0.65
0.52 0.61 0.58 0.94 0.56 0.89
0.63 0.51 0.14 0.87 0.61 0.96
0.56 0.59 0.96 0.73 0.54 0.59
0.82 0.11 0.63 0.51 0.51 0.59
0.96 0.54 0.22 0.69 0.90 0.51
0.75 0.70 0.53 0.55 0.90 1.00
0.85 0.61 0.63 0.38 0.80 0.77
0.80 0.92 0.99 0.77 0.33 0.23
0.58 0.55 0.75 0.54 0.80 0.47
0.53 0.54 0.61 0.55 0.67 0.68
0.91 0.59 0.59 0.51 0.90 0.64
0.56 0.73 0.66 0.25 0.51 0.53
0.69 0.83 0.57 0.64 0.44 0.66
0.61 0.52 0.91 0.74 0.35 0.99
0.92 0.53 0.55 0.52 0.66 0.80
0.74 0.59 0.75 0.51 0.61 0.51
0.92 0.90 0.51 0.63 0.18 0.81
0.66 0.62 0.53 0.56 0.98 0.70
0.95 0.83 0.54 0.58 0.56 0.08
0.77 0.11 0.88 0.69 0.53 0.61
