300 6
97 16 47 22 55 55
80 61 89 85 91 87
62 33 10 87 55 99
61 62 60 76 56 90
72 61 93 91 70 73
90 68 92 53 58 83
65 8 36 94 80 100
11 95 79 22 98 86
92 85 88 56 64 83
92 74 97 95 84 67
67 91 53 75 100 83
93 56 58 86 92 56
54 77 12 80 75 83
75 84 54 58 58 52
62 59 94 70 100 92
79 80 87 93 93 63
73 91 94 66 31 74
54 76 61 68 63 60
76 83 90 61 91 92
53 63 59 40 97 56
65 89 97 83 54 72
90 59 79 83 64 77
65 74 5 80 88 83
73 25 89 73 99 97
81 99 27 87 46 97
76 84 68 86 28 69
85 96 96 71 51 68
61 88 88 64 76 80
98 80 61 100 79 26
67 87 53 68 83 100
56 51 55 59 52 75
81 59 58 59 51 51
63 79 61 100 52 25
53 62 59 58 70 70
55 53 96 57 75 53
78 61 81 55 97 81
60 69 91 99 81 64
62 29 70 80 73 99
59 73 85 56 61 73
63 66 54 97 92 68
46 86 73 69 77 97
88 78 67 56 78 95
4 54 84 90 91 86
94 89 97 54 92 57
83 94 98 51 61 82
62 71 53 84 80 96
86 64 53 64 85 51
89 73 57 39 98 85
63 95 71 67 99 55
84 52 93 29 54 98
52 53 56 80 92 53
63 91 86 67 80 29
54 82 62 54 70 72
82 65 55 72 90 52
51 85 85 56 79 58
82 80 74 57 81 10
55 57 55 99 54 17
53 46 57 66 78 99
61 59 91 97 79 69
61 64 58 96 79 51
72 55 70 88 76 58
75 92 37 54 73 91
55 94 77 76 62 52
31 75 40 56 84 77
68 74 83 79 93 63
99 81 66 88 93 3
11 52 88 98 63 65
76 56 69 74 68 35
66 61 68 72 85 68
70 85 77 65 22 91
77 78 48 92 96 61
93 61 94 59 85 9
64 68 93 90 54 69
54 74 56 14 83 81
66 27 87 64 51 17
56 74 60 95 68 64
94 55 58 6 73 66
64 69 99 76 71 52
75 67 57 53 58 71
84 80 68 52 71 26
54 51 63 62 81 72
72 65 75 72 72 14
57 90 70 70 53 64
86 85 53 64 70 68
53 64 89 73 96 66
30 83 72 74 79 67
88 62 53 74 73 29
70 88 70 65 58 52
87 96 60 54 61 57
68 56 73 66 69 71
53 85 79 73 85 61
69 73 82 60 3 76
92 52 84 59 51 39
75 65 58 54 52 61
74 12 98 82 76 57
91 57 52 68 71 77
56 93 94 72 76 56
22 64 100 77 65 98
22 67 97 61 92 61
67 92 84 70 67 9
11 94 83 51 64 79
69 33 73 58 65 92
81 56 26 62 72 51
60 84 82 79 60 56
54 52 53 65 90 95
75 71 85 51 86 100
78 79 83 72 69 57
89 66 75 54 38 56
87 44 66 75 93 100
57 86 79 75 51 100
27 60 92 55 68 89
63 73 71 51 79 94
97 85 62 10 59 81
60 67 55 66 11 72
77 75 62 92 78 24
63 7 75 60 76 90
53 83 79 99 66 60
79 84 83 54 60 59
56 70 78 26 52 95
57 68 79 88 62 70
53 92 85 88 57 83
60 67 89 76 100 54
85 70 71 52 96 58
54 53 80 24 57 56
81 80 20 58 96 72
22 70 70 68 86 67
71 67 62 53 85 83
78 96 51 96 66 7
89 68 78 79 60 33
62 79 76 65 85 69
52 92 65 62 68 71
96 79 76 51 61 82
52 96 22 92 86 86
68 68 7 99 59 56
99 95 67 84 96 26
74 91 62 71 81 59
78 61 61 94 8 95
65 51 53 74 51 75
52 65 69 55 92 66
59 97 66 52 74 80
93 52 93 79 77 11
53 69 98 84 52 79
71 77 75 52 65 10
74 71 8 81 69 83
59 77 64 76 19 77
94 91 51 58 68 80
66 11 94 78 73 67
81 5 70 60 54 80
74 99 61 54 96 79
1 74 54 66 71 63
52 99 52 77 90 59
74 75 52 79 52 81
86 81 89 9 54 57
63 60 54 79 96 74
63 81 77 58 62 65
78 71 55 56 93 66
51 78 79 85 52 51
82 87 53 71 63 44
58 72 62 76 62 53
35 59 76 22 80 77
55 54 65 90 36 51
4 61 71 65 8 65
95 39 58 61 79 97
60 45 88 75 73 60
84 91 52 77 64 60
31 64 54 98 64 68
98 93 68 76 100 7
75 81 92 84 26 62
57 98 57 92 3 81
94 98 54 71 7 64
65 84 52 61 77 70
92 63 58 52 62 61
59 99 61 71 91 38
54 87 93 65 61 52
67 83 72 63 73 62
59 75 56 60 69 64
99 88 70 93 22 62
71 62 47 74 59 64
57 44 87 94 95 73
58 74 60 51 71 54
62 62 93 64 37 90
80 51 2 63 90 74
62 91 73 56 57 60
64 77 56 68 59 57
75 52 64 76 11 64
70 68 51 70 69 75
90 71 53 64 53 87
67 82 51 51 68 96
52 9 52 84 84 71
100 65 51 53 99 54
67 59 82 84 56 68
75 25 67 70 72 58
51 57 64 77 85 95
93 56 99 75 13 76
91 74 66 24 76 92
61 74 59 52 73 58
99 51 53 91 55 52
74 71 20 95 98 54
61 77 95 82 61 52
82 82 55 57 81 25
57 81 75 62 86 58
76 74 52 63 61 62
51 87 65 99 73 59
54 55 85 95 51 72
80 94 65 86 86 38
84 69 35 53 99 1
86 80 84 61 56 14
70 16 30 70 4 73
36 57 78 51 86 56
78 90 59 60 81 35
41 85 53 79 64 15
87 34 58 59 79 91
64 71 97 59 53 66
85 52 60 58 19 51
80 10 91 92 96 67
72 58 57 67 71 64
79 63 53 73 77 51
79 72 53 55 83 96
42 27 54 52 83 85
62 53 94 80 62 53
84 87 52 64 60 70
59 70 27 74 66 64
76 85 74 53 56 90
53 79 98 89 1 65
57 78 90 91 73 28
53 51 97 58 100 61
56 19 84 62 71 87
36 63 62 84 52 57
92 71 72 39 94 97
81 93 55 65 9 87
60 95 13 56 57 2
27 79 90 96 79 57
72 73 78 52 21 72
78 97 5 86 97 59
95 91 86 62 80 6
79 70 69 51 72 82
81 53 73 60 84 58
57 54 79 83 67 72
93 73 60 57 67 57
83 13 56 91 54 95
99 64 5 93 86 75
86 52 18 100 51 74
64 7 98 75 72 78
79 6 85 90 75 60
60 82 77 61 84 52
64 81 74 4 26 67
95 63 77 92 61 21
88 38 63 89 73 72
75 35 71 17 97 60
59 85 91 1 100 65
54 62 72 80 79 58
62 81 74 90 59 33
75 53 65 99 56 56
64 94 67 73 60 52
72 3 85 73 76 90
87 59 71 61 83 47
86 61 66 56 68 69
55 7 71 58 67 57
37 95 34 35 74 93
50 83 84 75 85 53
65 72 96 97 79 12
68 53 67 51 87 59
79 95 52 55 82 57
61 68 53 61 54 76
60 83 53 8 92 88
85 83 64 100 98 11
99 58 28 83 69 64
66 57 7 97 83 54
64 95 53 51 73 59
69 64 61 66 88 65
54 55 89 11 56 55
99 53 52 68 59 54
62 89 7 95 82 96
52 55 36 35 66 63
74 2 79 52 69 91
52 82 49 56 37 83
32 53 88 73 66 64
75 75 68 64 67 52
61 63 73 57 90 51
89 75 7 68 88 84
81 77 10 89 68 79
63 12 99 85 96 53
62 3 55 72 77 62
13 58 75 57 38 93
86 57 51 55 59 62
25 59 60 63 90 93
81 56 61 51 76 47
83 93 70 56 56 60
87 57 58 73 19 63
60 66 66 57 59 74
80 55 76 57 6 82
92 94 73 77 3 55
19 67 57 86 98 74
53 39 80 52 88 62
76 79 82 60 63 51
60 54 57 56 61 82
92 9 100 21 11 95
78 62 62 82 64 61
95 53 13 57 51 55
97 99 11 5 78 97
