300 6
0.82 0.90 0.94 0.74 0.19 0.43
0.64 0.79 0.44 0.82 0.99 0.64
0.91 0.65 0.75 0.55 0.56 0.66
0.66 0.73 0.54 0.60 0.55 0.57
0.98 0.67 0.89 0.82 0.16 0.91
0.96 0.99 0.63 0.52 0.08 0.74
0.58 0.94 0.78 0.86 0.73 0.81
0.75 0.97 0.53 0.52 0.94 0.78
0.85 0.52 0.65 0.42 0.98 0.93
0.64 0.72 0.81 0.57 0.87 0.89
0.39 0.51 0.60 0.65 0.91 0.87
0.63 0.62 0.98 0.55 0.98 0.55
0.53 0.96 0.61 0.60 0.57 0.78
0.65 0.52 0.86 0.51 0.83 0.82
0.95 0.52 0.74 0.97 0.53 0.94
0.94 0.65 0.66 0.91 0.64 0.80
0.88 0.78 0.51 0.80 1.00 0.85
0.85 0.52 0.83 0.84 0.51 0.59
0.54 0.95 0.72 0.84 0.65 0.53
0.65 0.93 0.67 0.81 0.52 0.79
0.88 0.60 0.66 0.67 0.38 0.54
0.23 0.76 0.91 0.70 0.95 0.81
0.45 0.96 0.94 0.91 0.72 0.80
0.71 0.76 0.97 0.95 0.47 0.82
0.81 0.66 0.93 0.96 1.00 0.63
0.55 0.29 0.58 0.65 0.79 0.95
0.97 0.79 0.99 0.51 0.60 0.55
0.58 0.90 0.59 0.52 0.90 0.53
0.74 0.72 0.72 0.78 0.18 0.66
0.51 0.83 0.99 0.79 0.75 0.59
0.51 0.95 0.96 0.53 0.83 0.89
0.60 0.64 0.61 0.75 0.58 0.78
0.57 0.97 0.91 0.65 0.53 0.61
0.88 0.83 1.00 0.65 0.54 0.81
0.93 0.84 0.77 0.81 0.90 0.53
0.56 0.92 0.97 0.58 0.67 0.98
0.65 0.52 0.85 0.72 0.88 0.83
0.95 0.96 0.75 0.54 0.63 0.96
0.95 0.60 0.97 0.49 0.61 0.20
0.96 1.00 0.66 0.65 0.74 0.56
0.94 0.54 0.82 0.76 0.57 0.97
0.74 0.46 0.60 0.95 0.57 0.81
0.67 0.53 0.78 0.97 0.84 0.78
0.74 0.53 0.87 0.76 0.67 0.70
0.95 0.31 0.96 0.56 0.58 0.77
0.57 0.65 0.98 0.52 0.60 0.97
0.59 0.67 0.68 0.36 0.86 0.59
0.81 0.53 0.53 0.52 0.93 0.78
0.81 0.73 0.51 0.55 0.80 0.93
0.54 0.78 0.52 0.98 0.56 0.75
0.63 0.79 0.54 0.96 0.61 0.80
0.56 0.73 0.65 0.79 0.71 0.64
0.94 0.66 0.88 0.55 0.68 0.61
0.76 0.61 0.76 0.63 0.52 0.90
0.19 0.82 0.78 0.51 0.79 0.87
0.84 0.87 0.95 0.59 0.90 0.56
0.55 0.63 0.87 0.56 0.72 0.58
0.57 0.85 0.34 0.57 1.00 0.59
0.56 0.57 0.41 0.55 0.65 0.67
0.87 0.22 0.57 0.79 0.72 0.80
0.19 0.56 0.81 0.96 0.57 0.92
0.51 0.83 0.54 0.94 0.83 0.51
0.19 0.71 0.64 0.53 0.69 0.69
0.90 0.90 0.99 0.52 0.52 0.95
0.06 0.55 0.09 0.56 0.76 0.75
0.63 0.41 0.84 0.70 0.97 0.84
0.84 0.76 0.87 0.34 0.62 0.82
0.63 0.61 0.54 0.94 0.95 0.66
0.88 0.88 0.79 0.88 0.52 0.43
0.55 0.60 0.56 0.71 0.82 0.71
0.57 0.71 0.96 0.09 0.62 0.54
0.60 0.56 0.56 0.70 0.94 0.31
0.46 0.70 0.74 0.99 0.59 0.57
0.68 0.69 0.74 0.87 0.53 0.71
0.53 0.15 0.74 0.69 0.98 0.72
0.76 0.10 0.86 0.85 0.91 0.74
0.75 0.84 0.93 0.53 0.63 0.76
0.91 0.73 0.90 0.77 0.56 0.39
0.51 0.55 0.91 0.83 0.62 0.94
0.58 0.14 0.86 0.86 0.51 0.47
0.93 0.41 0.52 0.81 0.78 0.63
0.85 0.97 0.65 0.89 0.77 0.53
0.76 0.58 0.62 0.85 0.92 0.64
0.29 0.79 0.60 0.76 0.90 0.73
0.53 0.89 0.57 0.59 0.67 0.07
0.19 0.68 0.56 0.56 0.55 0.63
0.92 0.97 0.56 0.53 0.93 0.74
0.56 0.96 0.60 0.88 0.03 0.98
0.80 0.60 0.59 0.53 0.79 0.66
0.52 0.99 0.56 0.66 0.49 0.58
0.98 0.54 0.52 0.51 0.59 0.77
0.65 0.88 0.60 0.59 0.65 0.60
0.57 0.52 0.82 0.24 0.53 0.84
0.54 0.60 0.62 0.90 0.60 0.73
0.70 0.60 0.70 0.72 0.60 0.75
0.95 0.53 0.86 0.62 0.93 0.72
0.60 0.94 0.56 1.00 0.80 0.62
0.62 0.53 0.87 0.70 0.64 0.74
0.54 0.63 0.34 0.98 0.74 0.65
0.59 0.83 0.76 0.65 0.54 0.85
0.53 0.27 0.88 0.76 0.57 0.70
0.83 0.53 0.97 0.65 0.16 0.89
0.61 0.59 0.60 0.60 0.60 0.32
0.63 0.55 0.64 0.79 0.18 0.79
0.85 0.96 0.66 0.51 0.94 0.58
0.83 0.56 0.99 0.63 0.74 0.61
0.59 0.57 0.96 0.78 0.99 0.54
0.79 0.96 0.11 0.88 0.72 0.23
0.91 0.75 0.92 0.93 0.34 0.12
0.54 0.55 0.51 0.56 0.82 0.61
0.90 0.75 0.79 0.37 0.68 0.89
0.99 0.88 0.67 0.89 0.72 0.07
0.54 0.98 0.48 0.85 0.77 0.57
0.22 0.08 0.57 0.55 1.00 0.60
0.84 0.79 0.99 0.64 0.59 0.28
0.61 0.59 0.20 0.17 0.08 0.84
0.60 0.97 0.55 0.94 0.71 0.52
0.58 0.74 0.13 0.84 0.76 0.72
0.55 0.98 0.51 0.88 0.38 0.92
0.68 0.97 0.61 0.96 0.17 0.82
0.99 0.64 0.54 0.51 0.69 0.58
0.71 0.64 0.69 0.52 1.00 0.83
0.64 0.93 0.56 0.92 0.90 0.52
0.54 0.61 0.24 0.64 0.70 0.58
0.52 0.78 0.66 0.84 0.53 0.95
0.84 0.53 0.64 0.75 0.11 0.63
0.54 0.51 0.76 0.90 0.28 0.57
0.73 0.66 0.90 0.99 0.48 0.51
0.06 0.77 0.60 0.60 0.58 0.87
0.52 0.51 0.56 0.64 0.54 0.64
0.79 0.78 0.84 0.54 0.75 0.60
0.56 0.69 0.72 0.88 0.72 0.54
0.42 0.99 0.56 0.62 0.70 0.25
0.82 0.55 0.56 0.75 0.52 0.53
0.76 0.86 0.60 0.60 0.52 0.66
0.97 0.74 0.63 0.59 0.71 0.54
0.64 0.52 0.78 0.59 0.70 0.80
0.89 0.54 0.51 0.95 0.54 0.71
0.78 0.74 0.86 0.55 0.31 0.54
0.51 0.54 0.92 0.84 0.69 0.91
0.72 1.00 0.51 0.52 0.57 0.72
0.78 1.00 0.97 0.85 0.53 0.52
0.49 0.58 0.92 0.86 0.97 0.58
0.70 0.75 0.82 0.51 0.46 0.79
0.26 0.99 0.16 0.52 0.56 0.65
0.85 0.66 0.05 0.71 1.00 0.54
0.90 0.37 0.60 0.69 0.83 0.68
0.94 0.84 0.01 0.62 0.64 0.54
0.65 0.70 0.40 0.49 0.97 0.58
0.54 0.80 0.90 0.74 0.65 0.61
0.71 0.62 0.62 0.60 0.59 0.53
0.89 0.92 0.54 0.79 0.67 0.52
0.74 0.77 0.37 0.72 0.60 0.76
0.57 0.84 0.75 0.61 0.92 0.57
0.59 0.86 0.74 0.77 0.65 0.61
0.51 1.00 0.78 0.81 0.69 0.56
0.51 0.67 0.93 0.36 0.81 0.83
0.34 0.56 0.77 0.85 0.53 0.59
0.65 0.85 0.68 0.63 0.52 0.33
0.30 0.82 0.98 1.00 0.76 0.51
0.62 0.56 1.00 0.69 0.60 0.59
0.53 0.33 0.86 0.51 0.51 0.58
0.95 0.75 0.09 0.90 0.99 0.54
0.63 0.19 0.91 0.54 0.87 0.84
0.71 0.55 0.02 0.92 0.74 0.82
0.77 0.53 0.57 0.67 0.53 0.89
0.57 0.70 0.71 0.60 0.93 0.56
0.82 0.57 0.93 0.18 0.80 0.91
0.58 0.92 0.78 0.66 0.51 0.25
0.67 0.93 0.82 0.78 0.01 0.70
0.61 0.52 0.73 0.56 0.88 0.53
0.56 0.72 0.82 0.54 0.87 0.52
0.92 0.81 0.54 0.57 0.64 0.83
0.93 0.86 0.14 0.76 0.53 0.55
0.04 0.93 0.80 0.74 0.73 0.05
0.54 0.33 0.58 0.73 0.51 0.98
0.87 0.94 0.82 0.84 0.98 0.04
0.58 0.07 0.58 0.78 0.98 0.73
0.68 0.92 0.51 0.56 0.61 0.70
0.73 0.01 0.88 0.76 0.18 0.89
0.67 0.74 0.66 0.72 0.49 0.51
0.90 0.88 0.02 0.91 0.08 0.87
0.64 1.00 0.26 0.77 0.51 0.61
0.01 0.77 0.65 0.77 0.98 0.62
0.53 0.78 0.65 0.90 0.27 0.78
0.23 0.74 0.90 0.68 0.92 0.61
0.61 0.84 0.04 0.75 0.29 0.90
0.20 0.32 0.87 0.93 0.95 0.97
0.54 0.68 0.69 0.54 0.57 0.95
0.76 0.66 0.66 0.94 0.53 0.77
0.75 0.78 0.59 0.55 0.85 0.58
0.74 0.85 0.85 0.54 0.70 0.55
0.51 0.25 0.82 0.61 0.82 0.82
0.70 0.66 0.97 0.60 0.58 0.51
0.96 0.58 0.71 0.53 0.55 0.92
0.81 0.93 0.72 0.05 0.78 0.57
0.20 0.29 0.80 0.64 0.92 0.54
0.73 0.98 0.56 0.53 0.79 0.63
0.69 0.53 0.53 0.52 0.53 0.93
0.81 0.52 0.55 0.64 0.66 0.53
0.77 0.54 0.61 0.88 0.89 0.57
0.66 0.60 0.68 0.04 0.66 0.71
0.63 0.52 0.59 0.61 0.57 0.97
0.60 0.42 0.53 0.98 0.54 0.69
0.57 0.95 0.61 0.98 0.53 0.76
0.65 0.95 1.00 0.69 0.63 0.08
0.86 0.92 0.57 0.55 0.01 0.72
0.83 0.52 0.98 0.57 0.42 0.61
0.83 0.41 0.74 0.52 0.94 0.95
0.96 0.69 0.86 0.94 0.89 0.30
0.72 0.81 0.53 0.56 0.85 0.52
0.98 0.49 0.56 0.58 0.95 0.80
0.56 0.93 0.01 0.58 0.83 0.86
0.78 0.56 0.79 0.70 0.58 0.58
0.80 0.66 0.13 0.55 0.94 0.95
0.89 0.53 0.03 0.92 0.19 0.77
0.42 0.58 0.62 0.17 0.67 0.85
0.65 0.78 0.51 0.80 0.89 0.55
0.35 0.96 0.70 0.53 0.59 0.74
0.52 0.69 0.77 0.83 0.74 0.11
0.75 0.03 0.53 0.96 0.57 0.91
0.59 0.69 0.57 0.85 0.17 0.78
0.95 0.56 0.58 0.53 0.75 0.79
0.80 0.53 0.83 0.57 0.60 0.39
0.81 0.87 0.51 0.70 0.98 0.55
0.09 0.79 0.96 0.96 0.21 0.96
0.52 0.90 0.95 0.92 0.52 0.65
0.09 0.61 0.93 0.98 0.94 0.54
0.59 0.89 0.69 0.81 0.58 0.62
0.64 0.94 0.85 0.57 0.82 0.54
0.69 0.51 0.99 0.74 0.96 0.29
0.27 0.58 0.76 0.58 0.60 0.75
0.54 0.56 0.93 0.96 0.76 0.51
0.94 0.58 0.78 0.53 0.52 0.66
0.56 0.77 0.62 0.72 0.52 0.66
0.93 0.74 0.65 0.55 0.54 0.76
0.95 0.81 0.66 0.04 0.98 0.88
0.51 0.55 0.77 0.09 0.79 0.99
0.55 0.12 0.59 0.70 0.98 0.95
0.53 0.55 0.56 0.51 0.87 0.58
1.00 0.90 0.72 0.04 0.66 0.54
0.22 0.56 0.98 0.54 0.52 0.73
0.51 0.51 0.99 0.53 0.77 0.54
0.56 0.61 0.61 0.85 0.75 0.54
0.82 0.91 0.29 0.88 0.53 0.79
0.80 0.73 0.74 0.77 0.52 0.75
0.83 0.38 0.94 0.31 0.82 0.83
0.91 0.54 0.52 0.54 0.96 0.53
0.51 0.27 0.97 0.03 0.69 0.67
0.81 0.95 0.54 0.16 0.84 0.66
0.99 0.60 0.61 0.88 0.63 0.24
0.58 0.70 0.85 0.59 0.52 0.92
0.91 0.56 0.79 0.03 0.92 0.95
0.47 0.68 0.79 0.75 0.58 0.52
0.88 0.62 0.57 0.60 0.60 0.71
0.80 0.63 0.14 0.62 0.53 0.95
0.79 0.57 0.53 0.54 0.75 0.91
0.80 0.92 0.24 0.68 0.68 0.76
0.77 0.57 0.57 1.00 0.80 0.52
0.86 0.57 0.79 0.01 0.53 0.60
0.78 0.81 0.60 0.52 0.77 0.67
0.60 0.73 0.57 0.87 0.30 0.71
0.83 0.06 0.62 0.81 0.95 0.78
0.71 0.80 0.55 0.46 0.57 0.78
0.73 0.74 0.73 0.50 0.58 0.51
0.80 0.27 1.00 0.71 0.53 0.70
0.85 0.64 0.05 1.00 0.72 0.94
0.60 0.95 0.69 0.94 0.40 0.59
0.89 0.93 0.66 0.52 0.87 0.56
0.63 0.58 0.78 0.64 0.94 0.35
0.63 0.67 0.56 0.04 0.71 0.51
0.97 0.93 0.73 0.62 0.32 0.63
0.51 0.69 0.64 0.67 0.76 0.52
0.96 0.87 0.73 0.97 0.70 0.03
0.73 0.92 0.15 0.60 0.97 0.73
0.78 0.54 0.70 0.51 0.78 0.93
0.08 0.91 0.64 0.62 0.52 0.85
0.51 0.95 0.51 0.72 0.56 0.59
0.64 0.28 0.73 0.54 0.40 0.85
0.71 0.57 0.52 0.03 0.78 0.79
0.59 0.54 0.86 0.44 0.68 0.61
0.32 0.88 0.99 0.92 0.88 0.58
0.78 0.78 0.88 0.51 0.10 0.76
0.85 0.64 0.74 0.93 0.82 0.08
0.66 0.79 0.66 0.63 0.90 0.14
0.74 0.80 0.91 0.53 0.46 0.71
0.65 0.65 0.99 0.57 0.73 0.36
0.01 0.75 0.88 0.68 0.88 0.83
0.78 0.67 0.71 0.74 0.80 0.06
0.79 0.92 0.07 0.23 0.76 0.58
0.58 0.63 0.73 0.57 0.81 0.56
0.84 0.56 0.47 0.65 0.40 0.80
0.73 0.91 0.61 0.52 0.51 0.07
0.87 0.76 0.50 0.77 0.98 0.54
0.83 0.09 0.54 0.98 0.86 0.85
0.45 0.84 0.83 0.92 0.69 0.13
0.72 0.81 0.92 0.54 0.85 0.01
0.55 0.51 0.53 0.70 0.94 0.64
0.73 0.02 0.83 0.93 0.70 0.91
0.55 0.58 0.63 0.87 0.90 0.55
