300 6
15 42 21 55 43 90
81 79 56 78 65 53
62 79 94 75 99 59
98 29 77 51 90 95
80 77 4 75 64 52
97 89 82 91 49 72
81 63 77 87 87 58
89 54 99 78 71 11
75 63 60 57 88 81
60 65 67 97 92 62
81 53 93 52 62 86
69 53 91 93 62 51
92 54 76 64 73 86
67 84 79 51 75 70
76 93 28 56 90 73
66 91 98 65 58 86
100 62 65 81 92 58
56 94 87 55 76 77
99 90 3 58 79 68
75 58 77 91 92 54
97 54 63 92 86 52
69 89 92 62 69 53
84 90 87 39 79 75
61 100 46 60 79 68
60 92 71 54 14 55
78 55 84 52 86 15
92 72 80 99 72 89
78 56 63 90 76 53
88 100 76 89 67 22
74 53 77 74 73 57
4 67 74 61 87 62
80 58 69 60 90 51
63 94 86 51 94 75
75 79 79 62 72 88
69 61 96 75 74 22
57 89 79 55 97 76
74 88 93 86 53 89
100 70 81 64 54 21
59 85 98 71 81 61
95 30 95 77 80 98
91 75 53 79 95 61
72 69 93 75 99 53
67 59 94 55 91 77
56 65 87 58 75 81
92 60 98 76 54 61
57 54 54 86 71 88
69 21 54 89 98 90
94 57 82 67 73 72
100 55 81 77 54 71
52 77 57 67 89 61
83 72 78 59 67 88
58 94 62 80 86 85
62 100 60 58 72 48
83 55 32 85 79 81
75 51 77 9 52 83
54 75 84 63 63 61
74 86 72 69 60 83
95 51 83 95 90 77
73 95 24 87 97 71
77 79 91 72 66 55
12 63 85 87 58 60
89 59 99 54 51 66
62 75 52 97 67 83
78 55 65 94 56 67
76 100 69 77 93 8
71 82 81 51 98 80
56 74 83 56 63 57
52 77 80 81 69 65
54 62 57 88 81 70
73 51 90 69 73 84
52 87 82 46 83 87
66 74 40 54 27 83
67 77 78 82 82 52
60 23 95 98 59 89
54 55 69 64 82 78
81 7 70 86 89 86
81 70 21 81 83 82
6 97 99 63 78 95
72 70 74 77 70 82
70 51 45 55 67 87
75 63 64 55 55 22
72 66 75 92 87 61
88 61 92 88 52 67
81 43 75 89 89 72
74 90 59 58 56 76
66 81 7 87 68 55
70 54 98 60 51 80
51 18 78 71 17 85
86 83 52 97 67 51
76 62 4 54 94 60
52 78 65 54 84 54
56 70 70 83 80 80
40 17 76 64 53 86
89 61 88 96 10 58
95 93 70 67 10 67
75 52 78 81 51 82
76 87 80 66 52 80
52 77 96 52 54 93
68 76 63 87 93 80
67 74 75 66 95 56
90 97 53 74 91 64
95 53 63 78 89 74
20 6 94 98 51 96
53 63 73 33 71 68
74 84 74 74 86 13
55 73 91 78 74 59
98 52 81 62 1 92
62 69 69 91 100 61
66 56 51 84 77 83
54 63 51 91 67 65
79 70 55 74 52 76
61 98 44 52 81 57
72 55 99 56 86 61
94 38 70 59 62 62
88 64 63 57 84 51
54 78 60 67 67 62
63 81 55 75 96 52
93 52 95 71 94 51
84 11 57 49 51 81
75 78 61 70 52 51
65 61 97 64 4 76
73 90 78 24 83 66
71 71 75 78 82 62
76 59 77 99 59 74
24 64 74 27 64 80
73 84 61 53 73 89
70 61 61 92 92 55
72 79 53 71 83 78
74 72 78 71 60 74
93 56 91 83 69 54
52 87 77 96 63 81
76 59 69 54 59 69
81 51 65 99 79 68
96 75 54 84 76 56
71 64 93 52 63 63
56 73 67 95 64 68
69 53 55 61 68 38
82 60 67 58 82 80
66 86 50 91 8 68
63 40 72 64 68 58
94 52 82 88 57 51
62 76 57 75 78 36
61 95 87 81 52 54
51 80 90 43 58 40
52 77 77 56 81 66
57 79 67 51 98 55
73 47 71 52 56 99
17 67 63 94 6 68
86 61 65 100 60 61
78 91 57 52 64 95
55 63 100 95 62 54
41 71 60 81 85 82
61 61 62 95 76 84
97 70 94 20 80 4
84 79 74 83 51 75
87 58 94 57 72 10
73 56 93 34 64 57
71 67 61 95 52 81
79 89 76 34 59 99
61 70 54 74 69 58
70 96 61 56 63 69
87 95 79 69 54 33
30 83 92 65 51 71
63 57 72 88 13 77
57 96 83 74 51 76
51 95 75 37 100 66
1 51 62 58 90 55
56 53 71 52 91 78
71 81 76 96 53 60
51 72 59 97 100 62
80 80 75 33 92 64
96 9 89 82 51 89
44 63 72 55 53 78
96 54 58 54 98 78
83 22 6 80 66 94
6 100 63 73 72 87
81 14 95 79 75 97
56 87 51 74 51 78
71 53 91 51 86 71
89 70 51 73 56 71
59 70 26 89 86 69
54 71 52 73 51 52
62 57 87 96 74 59
60 63 69 60 64 49
56 14 51 63 92 99
61 76 57 66 74 68
82 92 15 63 82 84
68 84 15 41 92 75
61 60 69 77 73 80
51 66 69 82 98 37
97 95 97 19 91 54
51 76 73 81 41 60
74 99 71 60 75 6
51 84 65 89 67 77
62 95 37 84 77 81
88 60 41 68 61 70
66 87 66 52 66 82
70 70 73 76 60 76
28 67 95 67 64 77
92 54 64 80 63 52
68 63 64 77 83 51
87 78 87 46 77 66
59 72 46 58 89 74
95 59 54 71 70 59
97 80 59 65 90 17
93 69 53 79 58 85
69 92 59 69 78 9
61 52 98 92 61 64
86 99 26 65 71 64
60 60 81 83 63 71
18 84 26 67 65 55
92 58 55 84 61 73
71 95 68 76 99 7
58 14 75 66 85 79
51 72 70 54 74 78
100 8 82 51 73 88
75 67 52 56 66 61
67 63 93 56 98 59
51 60 72 68 48 53
91 67 62 54 94 52
93 56 87 54 56 66
88 58 93 51 89 56
65 72 54 68 72 82
89 37 51 86 79 51
51 6 88 89 65 56
77 52 62 73 85 60
93 56 57 84 66 70
9 80 51 66 100 57
8 80 100 82 69 60
87 61 75 98 71 22
68 21 20 75 74 83
74 66 75 52 76 67
63 59 78 61 60 73
95 34 58 59 89 60
96 16 84 22 84 95
98 76 67 66 41 81
64 55 59 52 58 65
49 55 75 100 56 79
73 47 37 56 76 77
85 60 14 51 100 81
63 34 85 81 74 59
6 97 90 57 52 77
97 92 60 66 24 85
92 82 78 51 36 71
74 86 98 25 52 75
85 62 51 90 76 75
83 77 79 56 54 61
78 51 80 100 60 58
42 61 56 64 63 81
59 25 84 100 52 64
65 77 16 52 52 55
84 71 62 93 65 18
85 60 51 55 86 82
66 51 99 7 58 63
90 73 33 88 52 59
47 75 68 84 84 60
76 95 66 57 33 77
33 69 76 71 58 78
67 99 84 81 57 51
51 51 82 77 43 60
79 40 56 58 82 59
80 67 62 64 52 89
82 70 54 2 80 91
46 62 9 68 82 82
62 52 57 55 79 54
92 62 57 94 61 59
70 52 80 56 73 52
57 77 63 67 73 60
53 98 67 87 54 52
63 96 86 84 34 51
51 86 77 72 97 7
77 57 90 73 55 72
52 97 56 57 54 75
91 92 84 54 55 53
59 79 44 69 80 87
70 1 10 55 71 68
100 53 61 73 52 54
97 82 81 2 43 68
56 95 7 64 73 80
66 59 53 73 3 87
77 69 78 97 61 18
28 62 58 96 95 73
51 54 68 91 75 60
90 98 60 54 51 68
98 91 51 86 49 17
56 67 62 79 14 26
65 57 77 97 56 56
53 47 75 57 95 54
3 1 79 95 71 56
71 98 93 54 94 33
61 60 60 71 100 52
58 87 63 54 73 60
20 69 80 52 90 87
70 58 74 95 71 15
60 56 64 52 70 62
89 52 94 80 75 40
77 64 63 91 59 62
63 97 76 9 88 59
56 56 53 66 60 72
96 75 48 64 26 14
