300 6
0.02 0.77 0.99 0.95 0.84 0.40
0.47 0.54 0.63 0.72 0.76 0.55
1.00 0.63 0.44 0.68 0.57 0.66
0.89 0.64 0.59 0.59 0.96 0.86
0.54 0.21 0.75 0.81 0.98 0.95
0.66 0.70 0.83 0.82 0.21 0.52
0.91 0.77 0.71 0.87 0.67 0.87
0.87 0.82 0.94 0.65 0.97 0.73
0.72 0.59 0.82 0.58 1.00 0.97
0.61 0.68 0.83 0.88 0.55 0.58
0.91 0.84 0.52 0.59 0.71 0.88
0.98 0.86 0.61 0.52 0.98 0.95
0.66 0.98 0.72 0.74 0.13 0.55
0.99 0.65 0.77 0.83 0.86 0.52
0.76 0.67 0.68 0.51 0.57 1.00
0.96 0.98 0.97 0.73 0.78 0.51
0.96 0.86 0.52 0.57 0.88 0.66
0.79 0.92 0.54 0.94 0.87 0.80
0.77 0.67 0.71 0.68 0.79 0.91
0.98 0.61 0.87 0.66 0.70 0.68
0.66 0.78 0.84 0.76 0.53 0.51
0.74 0.74 0.79 1.00 0.98 0.39
0.62 0.69 0.58 0.72 0.87 0.87
0.85 0.11 0.77 0.81 0.78 0.40
0.61 0.80 0.62 0.78 0.57 0.77
0.51 0.88 0.55 0.65 0.55 0.84
0.55 0.74 0.71 0.73 0.52 0.93
0.73 0.51 0.61 0.92 0.58 0.81
0.84 0.63 0.61 0.06 0.66 0.59
0.79 0.82 0.56 1.00 0.70 0.92
0.79 0.51 0.78 0.61 0.61 0.71
0.99 0.56 0.54 0.53 0.98 0.72
0.01 0.88 0.54 0.87 0.91 0.81
0.65 0.77 0.67 0.65 0.84 0.57
0.95 0.84 0.56 0.94 0.58 0.62
0.73 0.88 0.73 0.69 0.71 0.78
0.82 0.94 0.88 0.52 0.54 0.59
0.66 0.60 0.96 0.76 0.59 0.72
0.72 0.56 0.95 0.87 0.66 0.66
0.85 0.52 0.68 0.39 0.93 1.00
0.84 0.77 0.74 0.81 0.62 0.88
0.97 0.61 0.87 0.68 0.66 0.53
1.00 0.91 0.20 0.72 0.73 0.69
0.76 0.83 0.89 0.58 0.73 0.88
0.14 0.92 0.84 0.88 0.74 0.62
0.68 0.70 0.78 0.65 0.80 0.69
0.99 0.87 0.15 0.76 0.69 0.77
0.75 0.86 0.74 0.04 0.66 0.83
0.59 0.92 0.86 0.60 0.52 0.61
0.56 0.53 0.56 0.81 0.86 0.91
0.86 0.53 0.94 0.94 0.73 0.60
0.96 0.88 0.52 0.56 0.42 0.67
0.80 0.69 0.58 0.97 0.51 0.96
0.58 0.57 0.92 0.81 0.55 0.75
0.95 0.54 0.75 0.57 0.71 0.98
0.53 0.77 0.69 0.89 0.55 0.84
0.72 0.62 0.63 0.62 0.86 0.65
0.09 0.39 0.65 0.99 0.96 0.46
0.66 0.92 0.79 0.79 0.60 0.74
0.52 0.53 0.57 0.59 0.74 0.63
0.62 0.56 0.57 0.48 0.93 0.88
0.79 0.61 0.63 0.71 0.60 0.58
0.93 0.78 0.68 0.76 0.10 0.99
0.86 0.90 0.77 0.78 0.59 0.71
0.83 0.67 0.90 0.54 0.61 0.85
0.70 0.92 0.95 0.80 0.66 0.13
0.90 0.60 0.68 0.74 0.70 0.52
0.63 0.91 0.57 0.86 0.52 0.72
0.92 0.66 0.98 0.39 0.90 0.51
0.85 0.08 0.58 0.84 0.21 0.66
0.94 0.03 1.00 0.65 0.54 0.80
0.59 0.61 0.96 0.66 0.55 0.98
0.67 0.98 0.51 0.36 0.53 0.63
0.12 0.37 0.21 0.54 0.83 0.65
0.53 0.96 0.81 0.91 0.51 0.93
0.84 0.94 0.35 0.62 0.63 0.95
0.59 0.54 0.53 0.99 0.74 0.78
0.82 0.59 0.52 0.96 0.73 0.78
0.77 0.59 0.77 0.73 0.63 0.80
0.62 0.69 0.49 0.83 0.96 0.08
0.58 0.96 0.55 0.74 0.85 0.56
0.62 0.56 0.82 0.78 0.62 0.69
0.83 0.60 0.76 0.88 0.74 0.29
0.81 0.90 0.77 0.01 0.52 0.62
0.60 0.78 0.78 0.68 0.73 0.59
0.75 0.51 0.61 0.55 0.85 0.52
0.72 1.00 0.60 0.68 0.68 0.61
0.12 0.86 0.99 0.78 0.74 0.97
0.52 0.97 0.70 0.96 0.61 0.79
1.00 0.57 1.00 0.74 0.67 0.51
0.60 0.83 0.68 0.68 0.77 0.62
0.68 0.58 0.72 0.54 0.49 0.57
0.75 0.94 0.80 0.57 0.65 0.44
0.90 0.88 0.59 0.75 0.89 0.04
0.98 1.00 0.66 0.63 0.55 0.56
0.82 0.56 0.22 0.20 0.91 0.90
0.50 0.59 0.68 0.66 0.56 0.88
0.57 0.75 0.52 0.96 1.00 0.63
0.64 0.63 0.70 0.27 0.16 0.77
0.81 0.67 0.47 0.91 0.04 0.99
0.59 0.75 0.78 0.65 0.58 0.79
0.54 0.51 0.94 0.77 0.51 0.69
0.51 0.53 0.22 0.53 0.51 0.95
0.81 0.93 0.54 0.72 0.70 0.61
0.57 0.93 0.75 0.51 0.52 0.77
0.65 0.73 0.57 0.89 0.15 0.82
0.61 0.59 0.61 0.59 0.19 0.84
0.66 0.61 0.87 0.51 0.83 1.00
0.18 0.66 0.77 0.72 0.63 0.67
0.59 0.90 0.71 0.89 0.51 0.65
0.53 0.64 0.91 0.60 0.56 0.73
0.80 0.88 0.59 0.65 0.95 0.52
0.73 0.80 0.77 0.76 0.96 0.39
0.79 0.68 0.56 0.99 0.18 0.07
0.86 0.63 0.64 0.05 0.64 0.81
0.93 0.99 0.74 0.79 0.09 0.45
0.74 0.52 0.92 0.53 0.85 0.80
0.83 0.77 0.64 0.79 0.57 0.58
0.70 0.66 0.84 0.71 0.70 0.54
0.57 0.99 0.79 0.99 0.68 0.57
0.58 0.95 0.72 0.77 0.69 0.81
0.80 0.97 0.61 0.57 0.68 0.77
0.99 0.93 0.51 0.83 0.69 0.69
0.76 0.63 0.67 0.69 0.69 0.59
0.89 0.54 0.65 0.06 0.66 0.67
0.63 0.73 0.74 0.08 0.51 0.93
0.53 0.86 0.79 0.55 0.78 0.91
0.04 0.87 0.87 0.81 0.92 0.24
0.64 0.69 0.73 0.95 0.68 0.60
0.61 0.77 0.57 0.77 0.08 0.78
0.98 0.84 0.54 0.89 0.56 0.33
0.56 0.89 0.61 0.51 0.65 0.77
0.59 0.88 0.58 0.57 0.63 0.81
0.89 0.55 0.62 0.58 0.58 0.62
0.59 0.65 0.56 0.79 0.82 0.64
0.80 0.12 0.04 0.67 0.99 0.64
0.74 0.52 0.77 0.60 0.51 0.86
0.40 0.67 0.91 0.55 0.76 0.97
0.95 0.95 0.52 0.95 0.69 0.68
0.83 0.10 0.77 0.64 0.88 0.53
0.84 0.60 0.71 0.61 0.53 0.83
0.89 0.57 0.86 0.83 0.68 0.61
0.91 0.53 0.93 0.33 0.84 0.85
0.81 0.53 0.75 0.90 0.66 0.62
0.92 0.53 0.96 0.54 0.59 0.66
1.00 0.77 0.03 0.77 0.99 0.90
0.06 1.00 0.87 0.73 0.69 0.89
0.51 0.52 0.65 0.54 0.59 0.96
0.70 0.19 0.75 0.59 0.71 0.92
0.86 0.85 0.59 0.92 0.70 0.52
0.59 0.16 0.69 0.79 0.74 0.87
0.66 0.60 0.70 0.91 0.71 0.79
0.59 0.85 0.53 0.55 0.54 0.91
0.61 0.68 0.94 0.93 1.00 0.31
0.60 0.60 0.57 0.93 0.63 0.59
0.77 0.65 0.75 0.54 0.98 0.55
0.67 0.75 0.68 0.72 0.63 0.62
0.90 0.74 0.57 0.67 0.59 0.90
0.86 0.57 0.72 0.66 0.30 0.65
0.52 0.90 0.43 0.60 0.77 0.77
0.59 0.91 0.38 0.88 0.81 0.58
0.71 0.93 0.80 0.53 0.55 0.70
0.64 0.78 0.65 0.67 0.64 0.59
0.54 0.49 0.67 1.00 0.62 0.88
0.60 0.77 0.58 0.96 0.95 0.58
0.55 0.84 0.14 0.55 0.65 0.96
0.70 0.66 0.71 0.73 0.02 0.52
0.53 0.74 0.73 0.87 0.63 0.57
0.52 0.90 0.51 0.77 0.73 0.71
0.63 0.89 0.66 0.53 0.79 0.64
0.69 0.51 0.64 0.66 0.53 0.81
0.52 0.80 0.70 0.54 0.60 0.71
0.58 0.71 0.59 0.14 0.96 0.69
0.78 0.67 0.93 0.09 0.60 1.00
0.57 0.97 0.95 0.54 0.88 0.60
0.67 0.68 0.78 0.70 0.85 0.59
0.99 0.80 0.26 0.80 0.65 0.63
0.75 0.31 0.55 0.84 0.89 0.86
0.56 0.62 0.17 0.96 0.86 0.82
0.86 0.83 0.56 0.66 0.61 0.76
0.58 0.63 0.76 0.78 0.56 0.56
0.48 0.88 0.64 0.66 0.87 0.52
0.64 0.35 0.67 0.95 0.82 0.89
0.71 0.54 0.99 0.69 0.90 0.12
0.56 0.52 0.85 0.78 0.76 0.51
0.79 0.76 0.59 0.65 0.67 0.91
0.94 0.56 0.62 0.84 0.74 0.61
0.69 0.64 0.63 0.94 0.53 0.57
0.95 0.64 0.64 0.77 0.76 0.54
0.96 0.68 0.35 0.64 0.78 0.70
0.53 0.55 0.85 0.53 0.52 0.53
0.58 0.53 0.16 0.59 0.74 0.84
0.87 0.82 0.78 0.45 0.57 0.65
0.75 0.57 0.71 0.76 0.61 0.55
0.73 0.56 0.15 0.95 0.59 0.53
0.56 0.78 0.77 0.86 0.90 0.29
0.66 0.91 0.61 0.62 0.66 0.60
0.78 0.02 0.21 0.56 0.67 0.65
0.53 0.86 0.67 0.98 0.60 0.65
0.60 0.83 0.04 0.73 0.87 0.52
0.77 0.52 0.56 0.91 0.63 0.73
0.52 0.84 0.60 0.97 0.54 0.90
0.65 0.83 0.73 0.53 0.76 0.74
0.87 0.52 0.73 0.67 0.80 0.57
0.67 0.52 0.71 0.51 0.71 0.91
0.54 0.75 0.84 0.51 0.75 0.99
0.69 0.91 0.91 0.44 0.88 0.16
0.79 0.51 0.59 0.59 0.61 0.69
0.55 0.57 0.69 0.86 0.33 0.35
0.95 0.08 0.75 0.90 0.58 0.59
0.61 0.95 0.76 0.83 0.52 0.64
0.57 0.89 0.53 0.67 0.58 0.81
0.59 0.95 0.70 0.83 0.65 0.65
0.78 0.20 0.87 0.61 0.54 0.23
0.12 0.75 0.65 0.86 0.61 0.92
0.56 0.89 0.60 0.58 0.65 0.94
0.69 0.67 0.68 0.70 0.30 0.79
1.00 0.72 0.63 0.53 0.64 0.89
0.64 1.00 0.52 0.95 0.64 0.62
0.89 0.82 0.75 0.85 0.53 0.17
0.90 0.85 0.65 0.57 0.61 0.64
0.68 0.05 0.86 0.92 0.62 0.81
0.67 1.00 0.25 0.80 0.63 0.55
0.63 0.55 0.78 0.86 0.41 0.56
0.54 0.62 0.58 0.67 0.57 0.93
0.60 0.68 0.80 0.67 0.34 0.91
0.79 0.79 0.07 0.94 0.85 0.58
0.55 0.88 0.79 0.59 0.58 0.62
0.61 0.83 0.78 0.70 0.73 0.57
0.78 0.81 0.57 0.56 0.87 0.60
0.73 0.14 0.82 0.07 0.61 0.86
0.28 0.82 0.92 0.69 0.36 0.98
0.88 0.97 0.55 0.97 0.53 0.77
0.18 0.63 0.59 0.64 0.60 0.67
0.78 0.57 0.56 0.93 0.90 0.57
0.92 0.88 0.54 0.46 0.71 0.94
0.79 0.98 0.57 0.83 0.58 0.58
0.85 0.81 0.71 0.64 0.98 0.51
0.87 0.79 0.62 0.59 0.55 0.62
0.85 0.56 0.74 0.75 0.54 0.55
0.69 0.47 0.58 0.87 0.51 0.69
0.27 0.33 0.89 0.75 0.96 0.86
0.40 0.60 0.51 0.90 0.53 0.86
0.22 0.77 0.73 0.92 0.76 0.58
0.60 0.87 0.62 0.87 0.85 0.58
1.00 0.81 0.67 0.74 1.00 0.09
0.56 0.61 0.70 0.79 0.57 0.75
0.95 0.52 0.63 0.84 0.64 0.56
0.51 0.74 0.70 0.63 1.00 0.61
0.97 0.80 0.68 0.82 0.83 0.38
0.90 0.54 0.06 0.40 0.77 0.77
0.90 0.96 0.70 0.46 0.91 0.53
0.51 0.62 0.91 0.52 0.94 0.90
0.68 0.64 0.41 0.83 0.68 0.62
0.64 0.52 0.86 0.96 0.70 0.57
0.61 0.62 0.80 0.18 0.67 0.69
0.71 0.27 0.59 0.64 0.78 0.82
0.91 0.69 0.54 0.57 0.58 0.54
0.64 0.53 0.99 0.74 0.91 0.55
0.98 0.60 0.73 0.60 0.91 0.51
0.78 0.58 0.53 0.53 0.80 0.78
0.70 0.58 0.55 0.56 0.54 0.60
0.63 0.63 0.66 1.00 0.51 0.75
0.53 0.73 0.81 0.89 0.51 0.64
0.79 0.87 0.60 0.53 0.64 0.67
1.00 0.90 0.58 0.54 0.75 0.71
0.61 0.59 0.79 0.70 0.71 0.58
0.57 0.61 0.51 0.52 0.57 0.57
0.91 0.69 0.51 0.71 0.54 0.91
0.69 0.26 0.98 0.92 0.59 0.97
0.86 0.07 0.79 0.74 0.67 0.60
0.68 0.85 0.22 0.71 0.71 0.76
0.89 0.82 0.28 0.76 0.62 0.56
0.99 0.62 0.55 0.94 0.52 0.79
0.61 0.17 0.51 0.66 0.78 0.54
0.02 0.93 0.96 0.76 0.59 0.71
0.67 0.79 0.68 0.99 0.56 0.58
0.61 0.57 0.58 0.58 0.68 0.70
0.98 0.68 0.64 0.92 0.25 0.59
0.58 0.82 0.76 0.27 0.52 0.62
0.99 0.52 0.54 0.73 0.66 0.93
0.63 0.53 0.77 0.89 0.63 0.83
0.71 0.14 0.74 0.75 0.83 0.75
0.70 0.57 0.82 0.80 0.73 0.65
0.82 0.74 0.76 0.73 0.85 0.44
0.34 0.64 0.94 0.61 0.52 0.86
0.54 0.64 0.57 0.89 0.63 0.74
0.78 0.78 0.55 0.51 0.77 0.65
0.51 0.56 0.75 0.61 0.53 0.92
0.53 0.73 0.75 0.58 0.73 0.82
0.60 0.68 0.38 0.94 0.61 0.65
0.70 0.56 0.64 0.74 0.67 0.58
0.57 0.84 0.76 0.51 0.92 0.54
0.90 0.72 0.43 0.72 0.60 0.94
0.60 0.54 0.64 0.16 0.54 0.66
0.66 0.90 0.79 0.53 0.94 0.21
0.80 0.52 0.56 0.51 0.71 0.69
0.64 0.55 0.73 0.59 0.91 0.38
0.89 0.77 0.56 0.59 0.83 0.53
0.88 0.99 0.82 0.59 0.04 0.78
