300 6
0.35 0.93 0.77 0.76 0.08 0.08
0.54 0.40 0.70 0.80 0.89 0.54
0.59 0.92 0.65 0.55 0.75 0.58
0.80 0.82 0.78 0.70 0.77 0.80
0.63 0.81 0.83 0.54 0.63 0.66
0.60 0.96 0.43 0.52 0.82 1.00
0.93 0.93 0.77 0.57 0.53 0.67
1.00 0.80 0.79 0.94 0.69 0.84
0.98 0.64 0.33 0.55 0.68 0.55
0.75 1.00 0.70 0.68 0.92 0.56
0.52 1.00 0.92 0.54 0.98 0.86
0.63 0.69 0.91 0.51 0.77 0.65
0.91 0.62 0.97 0.83 0.70 0.67
0.51 0.60 0.98 0.54 0.97 0.61
0.61 0.74 0.95 0.56 0.66 0.99
0.95 0.75 0.55 0.57 0.51 0.99
0.55 0.72 0.87 0.72 0.76 0.74
0.92 0.55 0.82 0.89 0.76 0.99
0.80 0.63 0.74 0.61 0.73 0.76
0.51 0.69 0.97 0.59 0.83 0.54
0.83 0.95 0.54 0.90 0.57 0.61
0.57 0.63 0.84 0.97 0.78 0.73
0.94 0.59 0.78 0.78 0.66 0.74
0.65 0.64 0.66 0.97 0.92 0.89
0.56 0.86 0.82 0.88 0.53 0.96
0.81 0.54 0.66 0.92 0.53 0.88
0.84 0.54 0.82 0.65 0.53 0.55
0.82 0.81 0.15 0.64 0.53 0.75
0.59 0.84 0.61 0.74 0.85 0.90
0.72 0.98 0.51 0.52 0.79 0.56
0.76 0.58 0.82 0.92 0.65 0.97
0.77 0.72 0.82 0.67 0.67 0.66
0.57 0.54 0.84 0.75 1.00 0.16
0.75 0.89 0.92 0.95 0.55 0.68
0.67 0.82 0.86 0.99 0.13 0.52
0.84 0.70 0.55 0.59 0.79 0.85
0.67 0.91 0.59 0.72 0.55 0.65
0.60 0.67 0.93 0.07 0.80 0.64
0.74 0.77 0.75 0.99 0.60 0.79
0.81 0.60 0.61 0.71 0.58 0.92
0.51 0.55 0.92 0.27 0.75 0.95
0.75 0.75 0.71 0.81 0.76 0.88
0.62 0.64 0.76 0.51 0.87 0.89
0.61 0.54 0.45 1.00 0.69 0.63
0.72 0.58 0.70 0.57 0.66 0.98
0.59 0.64 0.87 0.87 0.60 0.98
0.80 0.88 0.80 0.81 0.58 0.70
0.71 0.64 0.94 0.85 0.73 0.69
0.69 0.31 0.81 0.84 0.83 0.71
0.36 0.91 0.63 0.99 0.66 0.65
0.71 0.92 0.95 0.65 0.54 0.62
0.72 0.05 0.57 0.51 0.79 0.61
0.85 0.88 0.59 0.63 0.51 0.77
0.77 0.72 0.77 0.93 0.53 0.65
0.72 0.77 0.51 0.61 0.79 0.97
0.94 0.64 0.59 0.77 0.75 0.66
0.81 0.91 0.58 0.86 0.78 0.97
0.51 0.79 0.60 0.75 0.58 0.85
0.62 0.65 0.67 0.61 0.74 0.41
0.74 0.55 0.60 0.61 0.62 0.96
0.86 0.94 0.51 0.96 0.85 0.63
0.66 0.84 0.64 0.78 0.78 0.51
0.38 0.90 0.56 0.92 0.82 0.83
0.61 0.58 0.77 0.33 0.66 0.62
0.96 0.93 0.59 0.81 0.66 0.55
0.89 0.83 0.89 0.64 0.66 0.52
0.61 0.80 0.46 0.51 0.62 0.81
0.78 0.90 0.76 0.92 0.59 0.63
0.77 0.74 0.66 0.77 0.59 0.72
0.65 0.78 0.64 0.86 0.78 0.01
0.57 0.53 0.52 0.80 0.68 0.93
0.19 0.65 0.51 0.91 0.60 1.00
0.77 0.52 0.57 0.89 0.55 1.00
0.26 0.70 0.64 0.68 0.72 0.89
0.96 0.73 0.92 0.82 0.52 0.70
0.34 0.92 0.68 0.60 0.93 0.54
0.70 0.81 0.77 0.56 0.54 0.97
0.56 0.69 0.69 0.96 0.60 0.57
0.71 0.77 0.83 0.55 0.20 0.60
0.78 0.63 0.57 0.88 0.67 0.52
0.81 0.78 0.67 0.55 0.29 0.70
0.61 0.51 0.58 0.95 0.84 0.73
0.59 0.80 0.72 0.71 0.55 0.71
0.61 0.53 0.53 0.18 0.77 0.61
0.86 0.56 0.55 0.68 0.75 0.88
0.89 0.74 0.32 0.65 0.82 0.62
0.94 0.43 0.97 0.61 0.83 0.54
0.63 0.87 0.51 0.86 0.07 0.63
0.88 0.72 0.70 0.64 0.64 0.85
0.97 0.55 0.64 0.79 0.75 0.58
0.61 0.21 0.85 0.66 0.63 0.90
0.89 0.62 0.69 0.84 0.68 0.51
0.94 0.79 0.62 0.74 0.97 0.52
0.70 0.65 0.69 0.58 0.53 0.81
0.87 0.16 0.58 0.91 0.70 0.56
0.64 1.00 0.71 0.97 0.55 0.57
0.59 0.69 1.00 0.60 0.70 0.67
0.54 0.83 0.93 0.75 0.77 0.54
0.97 0.01 0.92 0.74 0.67 0.98
0.79 1.00 0.54 0.11 0.75 0.63
0.81 0.60 0.69 0.92 0.71 0.70
0.77 0.67 0.28 0.38 0.69 0.52
0.94 0.67 0.22 0.53 1.00 0.52
0.56 0.59 0.83 0.66 0.97 0.75
0.59 0.56 0.53 0.60 0.91 0.82
0.59 0.83 0.90 0.53 0.86 0.87
0.51 0.53 0.62 0.57 0.71 0.75
0.89 0.57 0.71 0.52 0.73 0.84
0.60 0.59 0.73 0.53 0.97 0.94
0.60 0.56 0.57 0.80 0.52 0.69
0.89 0.36 0.53 0.71 0.97 0.87
0.87 0.63 0.62 0.82 0.64 0.47
0.81 0.52 0.76 0.79 0.74 0.83
0.60 0.91 0.89 0.99 0.77 0.55
0.60 0.94 0.90 0.65 0.55 0.92
0.58 0.73 0.66 0.70 0.52 0.62
0.12 0.89 0.63 0.75 0.79 0.64
0.35 0.68 0.58 0.68 0.67 0.99
0.89 0.64 0.54 0.82 0.63 0.01
0.94 0.83 0.77 0.01 0.87 0.76
0.73 0.60 0.56 0.60 0.95 0.53
0.75 0.90 0.86 0.86 0.51 0.55
0.69 0.95 0.82 0.54 0.69 0.56
0.62 0.51 0.72 0.83 0.62 0.92
0.85 0.63 0.90 0.90 0.82 0.32
0.69 0.73 0.95 0.59 0.71 0.54
0.89 0.90 0.66 0.78 0.71 0.46
0.87 0.94 0.07 0.90 0.62 0.68
0.83 0.71 0.87 0.68 0.64 0.52
0.95 0.98 0.85 0.73 0.58 0.53
0.70 0.88 0.36 0.96 0.62 0.59
0.96 0.75 0.06 0.40 0.97 0.83
0.33 1.00 0.52 0.93 0.71 0.51
0.68 0.55 0.86 0.52 0.27 0.90
0.73 0.52 0.54 0.90 0.55 0.79
0.61 0.71 0.93 0.92 0.74 0.52
0.30 0.88 0.90 0.73 0.68 0.54
0.52 0.70 0.69 0.57 0.68 0.83
0.54 0.95 0.72 0.86 0.69 0.33
0.36 0.28 0.62 0.67 0.14 0.87
0.96 0.55 0.76 0.75 0.82 0.51
0.91 0.62 0.67 0.78 0.49 0.83
0.93 0.80 0.93 0.61 0.09 0.81
0.58 0.82 0.87 0.72 0.98 0.06
0.76 0.92 0.33 0.15 0.55 1.00
0.58 0.76 0.79 0.74 0.07 0.86
0.66 0.56 0.74 0.88 0.65 0.42
0.91 0.58 0.63 0.77 0.68 0.62
0.69 0.51 0.55 0.95 0.85 0.67
0.82 0.57 0.29 0.79 0.69 0.74
0.78 0.53 0.40 0.79 0.60 0.60
0.53 0.84 0.96 0.70 0.47 0.56
0.68 0.88 0.58 0.51 0.77 0.54
0.56 0.93 0.54 0.90 0.66 0.62
0.21 0.91 0.51 0.73 0.76 0.91
0.71 0.86 0.35 0.43 0.78 0.87
0.60 0.54 0.83 0.65 0.60 0.71
0.37 0.80 0.86 0.59 0.77 0.82
0.85 0.51 0.52 0.70 0.56 0.67
0.86 0.59 0.95 0.54 0.60 0.86
0.87 0.62 0.68 0.57 0.60 0.73
0.79 0.56 0.77 0.76 0.51 0.84
0.59 0.49 0.10 0.89 0.30 0.78
0.91 0.90 0.72 0.57 0.56 0.55
0.16 0.66 0.46 0.83 0.86 0.67
0.61 0.41 0.80 0.62 0.58 0.97
0.58 0.91 0.55 0.69 0.58 0.04
0.75 0.56 0.91 0.85 0.82 0.54
0.55 0.71 0.78 0.52 0.83 0.59
0.11 0.59 0.58 1.00 0.53 0.65
0.57 0.61 0.88 0.67 0.54 0.56
0.75 0.59 0.53 0.88 0.65 0.88
0.86 0.90 0.83 0.53 0.57 0.94
0.88 0.73 0.63 0.51 0.51 0.81
0.76 0.91 0.18 0.98 0.63 0.54
0.69 0.57 0.74 0.56 0.74 1.00
0.74 0.92 0.10 0.71 0.82 0.86
0.80 0.04 0.76 0.93 0.91 0.96
0.69 0.86 0.60 0.81 0.81 0.55
0.84 0.93 0.23 0.70 0.91 0.52
0.70 0.48 0.57 0.93 0.75 0.98
0.54 0.85 0.89 0.90 0.78 0.64
0.55 0.96 0.81 0.72 0.53 0.77
0.71 0.52 1.00 0.73 0.54 0.54
0.62 0.80 0.83 0.62 0.65 0.51
0.98 0.54 0.64 0.60 0.70 0.88
0.86 0.62 0.09 0.69 0.58 0.57
0.82 0.64 0.54 0.51 0.59 0.75
0.29 0.54 0.63 0.99 0.97 0.62
0.86 0.94 0.75 0.52 0.56 0.64
0.52 0.72 0.91 0.61 0.98 0.74
0.76 0.36 0.81 0.53 0.55 0.73
0.19 0.63 0.96 0.82 0.90 0.76
0.52 0.82 0.77 0.97 0.68 0.78
0.54 1.00 0.42 0.52 0.90 0.95
0.99 0.81 0.80 0.02 0.66 0.55
0.76 0.82 0.97 0.60 0.62 0.41
0.61 0.42 0.58 0.64 0.69 0.87
0.52 0.51 0.61 0.99 0.59 0.47
0.57 0.98 0.66 0.64 0.70 0.93
0.82 0.89 0.51 0.68 0.54 0.68
1.00 0.87 0.56 0.58 0.60 0.72
0.52 0.70 0.94 0.85 0.65 0.80
0.84 0.58 0.60 0.59 0.70 0.68
0.95 0.54 0.71 0.62 0.51 0.83
0.92 0.59 0.78 0.95 0.79 0.21
0.70 0.56 0.65 0.59 0.56 0.67
0.82 0.85 0.55 0.68 0.92 0.32
0.38 0.98 0.70 1.00 0.70 0.64
0.73 0.58 0.53 0.86 0.51 0.84
0.66 0.52 0.75 0.93 0.94 0.23
0.65 0.68 0.78 0.83 0.60 0.67
0.51 0.68 0.77 0.62 0.63 0.66
0.52 0.63 0.63 0.54 0.60 0.59
0.58 0.70 0.83 0.80 0.53 0.51
0.97 0.63 0.82 0.51 0.76 0.57
0.87 0.96 0.52 0.80 0.42 0.76
0.54 0.80 0.53 0.76 0.68 0.73
0.69 0.55 0.53 0.55 0.74 0.79
0.76 0.69 0.62 0.93 0.65 0.64
0.78 0.72 0.56 0.68 0.63 0.61
0.93 0.58 0.90 0.99 0.56 0.45
0.75 0.68 0.81 0.69 0.76 0.27
0.80 0.94 0.18 0.75 0.83 0.69
0.62 1.00 0.82 0.93 0.65 0.01
0.64 0.69 0.53 0.55 0.73 0.52
0.87 0.68 0.53 0.62 0.55 0.77
0.76 0.78 0.96 0.30 0.74 0.72
0.83 0.93 0.55 0.78 0.57 0.52
0.75 0.69 0.51 0.56 0.67 0.68
0.82 0.96 0.65 0.60 0.68 0.14
0.90 0.74 0.63 0.96 0.56 0.66
0.61 0.97 0.52 0.70 0.46 0.52
0.80 0.94 0.54 0.60 0.79 0.09
0.59 0.59 0.71 0.66 0.71 0.74
0.54 0.75 0.84 0.75 0.62 0.58
0.55 0.62 0.30 0.89 0.83 0.04
0.83 0.67 0.71 0.82 0.58 0.30
0.55 0.60 0.86 0.78 0.95 0.60
0.60 0.57 0.69 0.54 0.66 0.86
0.52 0.95 0.51 0.69 0.57 0.88
0.64 0.81 0.62 0.57 0.71 0.30
0.91 0.35 0.64 0.89 0.69 0.75
0.59 0.68 0.59 0.53 0.56 0.55
0.99 0.58 0.83 0.31 0.57 0.53
0.89 0.02 0.78 0.93 0.55 0.92
0.70 0.74 0.65 0.66 0.83 0.21
0.81 0.80 0.66 0.51 0.68 0.61
0.83 0.47 0.40 0.68 0.64 0.16
0.92 0.14 0.83 0.52 0.59 0.61
0.75 0.88 0.33 0.71 0.55 0.51
0.06 0.67 1.00 0.83 0.88 0.74
0.82 0.84 0.67 0.86 0.61 0.51
0.62 0.88 0.75 0.65 0.52 0.76
0.94 0.58 0.77 0.86 0.31 0.67
0.67 0.58 0.76 0.64 0.64 0.66
0.69 0.51 0.87 0.67 0.99 0.82
0.52 0.64 0.67 0.48 0.68 0.60
0.01 0.70 0.65 0.55 0.56 0.02
0.53 0.04 0.87 0.64 0.69 0.74
0.83 0.97 0.61 0.59 0.02 0.77
0.64 0.77 0.52 0.57 0.83 0.84
0.58 0.86 0.55 0.60 0.68 0.73
0.79 0.56 0.73 0.72 0.53 0.66
0.30 0.67 0.90 0.62 0.58 0.71
0.78 0.68 0.74 0.55 0.53 0.83
0.67 0.61 0.52 0.58 0.70 0.51
0.81 0.55 0.92 0.52 0.79 0.58
0.70 0.31 0.92 0.58 0.96 0.82
0.66 0.53 0.66 0.67 0.75 0.53
0.60 0.53 0.51 0.85 0.80 0.54
0.57 0.58 0.51 0.77 0.85 0.51
0.85 0.90 0.79 0.21 0.58 0.69
0.51 0.96 0.61 0.64 0.97 0.54
0.62 0.78 0.58 0.82 0.74 0.61
0.55 0.59 0.69 0.97 0.55 0.53
0.63 0.84 0.54 0.62 0.68 0.73
0.59 0.85 0.58 0.54 0.82 0.52
0.45 0.55 0.99 0.98 0.75 0.71
0.61 0.66 0.65 0.59 0.53 1.00
0.59 0.59 0.91 0.27 0.85 0.63
0.91 0.14 0.97 0.98 0.70 0.51
0.72 0.74 0.66 0.90 0.09 0.86
0.88 0.72 0.84 0.58 0.53 0.63
0.64 0.52 0.99 0.64 0.63 0.53
0.86 0.70 0.96 0.98 0.51 0.60
0.54 0.52 0.85 0.87 0.87 0.55
0.71 0.92 0.72 0.54 0.52 0.76
0.75 0.84 0.98 0.51 0.63 0.65
0.99 0.85 0.58 0.39 0.58 0.63
0.63 0.54 0.86 0.55 0.54 0.68
0.83 0.51 0.66 0.62 0.68 0.54
0.62 0.71 0.54 0.86 0.63 0.76
0.96 0.67 0.58 0.78 0.55 0.78
0.51 0.60 0.77 0.93 0.68 0.63
0.80 0.62 0.55 0.73 0.56 0.60
0.71 0.62 0.54 0.58 0.53 0.97
0.70 1.00 0.55 0.64 0.54 0.75
0.88 0.71 0.52 0.69 0.54 0.70
0.70 0.59 0.66 0.68 0.53 0.52
