20 20
0.33 0.70 0.17 0.55 0.48 0.56 0.29 0.49 0.57 0.90 0.29 0.52 0.75 0.50 0.96 0.89 0.19 0.54 0.99 0.19
1.00 0.09 0.04 0.58 0.84 0.15 0.68 0.11 0.69 0.11 0.56 0.82 0.91 0.15 0.07 0.49 0.05 0.25 0.75 0.54
0.53 1.00 0.55 0.49 0.68 0.36 0.68 0.72 0.65 0.27 0.09 0.29 0.03 0.36 0.57 0.83 0.40 0.28 0.01 0.03
0.64 0.21 0.08 0.08 0.62 0.31 0.67 0.38 0.46 0.50 0.00 0.04 0.13 0.47 0.94 0.33 0.44 0.94 0.31 0.14
0.26 0.90 0.31 0.37 0.38 0.16 0.87 0.45 0.33 0.87 0.53 0.89 0.56 0.78 0.22 0.07 0.04 0.06 0.52 0.05
0.60 0.20 0.54 0.05 0.07 0.15 0.15 0.71 0.94 0.67 0.42 0.44 0.14 0.99 0.71 0.42 0.06 0.65 0.73 0.90
0.63 0.38 0.74 0.55 0.54 0.18 0.47 0.26 0.98 0.14 0.21 0.29 0.88 0.51 0.59 0.60 0.17 0.07 0.86 0.62
0.68 0.03 0.46 0.93 0.14 0.39 0.59 0.27 0.19 0.50 0.62 0.38 0.34 0.63 0.91 0.75 0.45 0.03 0.37 0.84
0.28 0.23 0.83 0.69 0.55 0.90 0.76 0.87 0.72 0.11 0.36 0.12 0.72 0.28 0.90 0.84 0.57 0.52 0.29 0.12
0.05 0.48 0.82 0.78 0.77 0.36 0.49 0.42 0.07 0.36 0.43 0.73 0.39 0.90 0.80 0.77 0.30 0.71 0.01 0.38
0.18 0.11 0.89 0.11 0.58 0.82 0.80 0.23 0.54 0.41 0.84 0.50 0.37 0.92 0.19 0.65 0.85 0.20 0.53 0.29
0.23 0.47 0.78 0.16 0.87 0.69 0.16 0.29 0.84 0.75 1.00 0.05 0.19 0.22 0.33 0.58 0.04 0.90 0.71 0.43
0.45 0.94 0.51 0.17 0.30 0.50 0.98 0.99 0.67 0.72 0.91 0.65 0.15 0.54 0.96 0.00 0.54 0.65 0.54 0.52
0.14 0.62 0.74 0.05 0.63 0.22 0.17 0.64 0.43 0.17 0.92 0.54 0.11 0.49 0.00 0.83 0.19 0.54 0.47 0.81
0.01 0.76 0.35 0.29 0.58 0.14 0.51 0.61 0.90 0.32 0.88 0.95 0.60 0.03 0.45 0.94 0.97 0.66 0.85 0.58
0.43 0.74 0.68 0.84 0.10 0.04 1.00 0.61 0.42 0.16 0.40 0.43 0.90 0.91 0.72 0.27 0.16 0.14 0.34 0.33
0.96 0.64 0.41 0.24 0.30 0.34 0.73 0.08 0.28 0.85 0.08 0.93 0.75 0.60 0.06 0.83 0.79 0.63 0.74 0.91
0.37 0.30 0.83 0.13 0.97 0.45 0.30 0.58 0.33 0.56 0.47 0.03 0.05 0.95 0.09 0.61 0.78 0.38 0.07 0.23
0.50 0.80 0.58 0.98 0.03 0.54 0.16 0.49 0.98 0.51 0.96 0.28 0.33 0.68 0.89 0.54 0.07 0.85 0.08 0.76
0.25 0.05 0.70 0.52 0.17 0.44 0.64 0.71 0.32 0.34 0.25 0.14 0.28 0.75 0.75 0.08 0.32 0.66 0.56 0.98
