20 20
0.59 0.03 0.15 0.29 0.59 0.46 0.91 0.40 0.75 0.85 0.11 0.83 0.67 0.79 0.92 0.49 0.14 0.72 0.28 0.59
0.97 0.94 0.09 0.98 0.10 0.41 0.76 0.70 0.19 0.70 0.52 0.09 0.23 0.59 0.75 0.67 0.98 0.33 0.51 0.70
0.70 0.41 0.52 0.50 0.53 0.76 0.40 0.91 0.68 0.88 0.62 0.47 0.20 0.66 0.45 0.54 0.41 0.27 0.89 0.57
0.56 0.37 0.11 0.50 0.27 0.14 0.64 0.25 0.09 0.73 0.75 0.06 0.61 0.62 0.33 0.59 0.00 0.33 0.47 0.88
0.97 0.69 0.38 0.50 0.76 0.02 0.56 0.94 0.94 0.60 0.02 0.03 0.34 0.80 0.08 0.13 0.31 0.30 0.44 0.47
0.98 0.79 0.02 0.36 0.18 0.41 0.03 0.67 0.96 0.23 0.86 0.75 0.82 0.83 0.26 0.96 0.00 0.09 0.38 0.19
0.17 0.22 0.90 0.81 0.77 0.60 0.05 0.97 0.07 0.40 0.95 0.54 0.67 0.09 0.87 0.92 0.55 0.50 0.15 0.15
0.81 0.14 0.02 0.91 0.62 0.31 0.93 0.10 0.42 0.11 0.13 0.11 0.89 0.29 0.55 0.37 0.33 0.15 0.67 0.79
0.07 0.50 0.98 0.31 0.75 0.02 0.44 0.06 0.64 0.16 0.80 0.56 0.37 0.90 0.31 0.85 0.05 0.32 0.98 0.25
0.27 0.80 0.06 0.35 0.59 0.44 0.98 0.28 0.99 0.23 0.42 0.95 0.99 0.45 0.59 0.15 0.08 0.98 0.64 0.94
0.86 0.26 0.05 0.63 0.70 0.97 0.57 0.55 0.64 0.98 0.19 0.14 0.52 0.78 0.46 0.04 0.87 0.60 0.74 0.68
0.75 0.25 0.55 0.20 0.08 0.16 0.80 0.49 0.18 0.00 0.59 0.27 0.60 0.80 0.19 0.19 0.15 0.68 0.72 0.75
0.70 0.94 0.61 0.76 0.46 0.63 0.89 0.99 0.27 0.36 0.81 0.24 0.43 0.18 0.96 0.95 0.38 0.28 0.03 0.11
0.14 0.54 0.54 0.30 0.05 0.95 0.23 0.40 0.56 0.83 0.66 0.25 0.04 0.46 0.29 0.84 0.18 0.08 0.91 0.98
0.91 0.40 0.76 0.06 0.15 0.94 0.14 0.12 0.10 0.08 0.40 0.40 0.59 0.67 0.31 0.57 0.64 0.70 0.71 0.23
0.84 0.87 0.86 0.92 0.78 0.56 0.09 0.75 0.79 0.11 0.82 0.41 0.21 0.13 0.42 0.63 0.11 0.01 0.06 0.49
0.41 0.42 0.56 0.20 0.02 0.21 0.20 0.92 0.75 0.83 0.09 0.28 0.53 0.09 0.42 0.24 0.12 0.37 0.66 0.34
0.27 0.68 0.21 0.52 0.94 0.79 0.21 0.50 0.19 0.03 0.26 0.00 0.82 0.08 0.71 0.18 0.08 0.96 0.36 0.48
0.50 0.53 0.42 0.15 0.93 0.16 0.29 0.32 0.52 0.49 0.37 0.48 0.00 0.99 0.97 0.69 0.74 0.63 0.02 0.62
0.33 0.25 0.60 0.70 0.50 0.83 0.83 0.35 0.91 0.34 0.41 0.50 0.11 0.92 0.74 0.97 0.60 0.04 0.96 0.66
