20 20
0.83 0.43 0.90 0.49 0.05 0.71 0.55 0.95 0.14 0.99 0.40 1.00 0.04 0.49 0.26 0.50 0.99 0.13 0.90 0.55
0.93 0.83 0.92 0.46 0.49 0.67 0.92 0.12 0.50 0.93 0.76 0.18 0.12 0.73 0.23 0.98 0.52 0.17 0.01 0.69
0.29 0.23 0.32 0.46 0.50 0.38 0.67 0.27 0.07 0.12 0.50 0.82 0.07 0.25 0.14 0.59 0.05 0.27 0.74 0.73
0.26 0.16 0.25 0.28 0.87 0.57 0.23 0.04 0.06 0.58 0.34 0.70 0.47 0.43 0.54 0.33 0.59 0.09 0.37 0.42
0.95 0.04 0.51 0.60 0.78 0.73 0.78 0.94 0.03 0.93 0.27 0.56 0.04 0.76 0.33 0.90 0.74 0.69 0.28 0.97
0.92 0.39 0.58 0.31 0.66 0.36 0.41 0.02 0.98 0.06 0.01 0.97 0.12 0.68 0.67 0.61 0.46 0.74 0.63 0.57
0.12 0.54 0.96 0.95 0.27 0.86 0.35 0.50 0.24 0.10 0.53 0.20 0.78 0.80 0.72 1.00 0.92 0.75 0.56 0.08
0.72 0.70 0.49 0.18 0.10 0.44 0.95 0.09 0.25 0.15 0.06 0.63 0.66 0.28 0.72 0.85 0.56 0.88 0.63 0.75
0.06 0.90 0.21 0.95 0.09 0.12 0.70 0.47 0.82 0.08 0.18 0.92 0.96 0.69 0.35 0.14 0.10 0.69 0.76 0.44
0.81 0.82 0.52 0.07 0.61 0.30 0.12 0.70 0.63 0.25 0.00 0.78 0.00 0.04 0.78 0.26 0.16 0.45 0.13 0.08
0.26 0.72 0.19 0.25 0.86 0.74 0.96 0.20 0.43 0.39 0.41 0.19 0.54 0.13 0.08 0.13 0.96 0.28 0.56 0.03
0.01 0.47 0.22 0.97 0.83 0.24 0.49 0.92 0.01 0.73 0.51 0.32 0.74 0.04 0.44 0.50 0.56 0.32 0.20 0.52
0.42 0.35 0.43 0.35 0.77 0.78 0.25 0.39 0.77 0.67 0.34 0.16 0.25 0.34 0.83 0.96 0.09 0.19 0.42 0.37
0.71 0.39 0.75 0.24 0.55 0.81 0.21 0.16 0.90 0.01 0.66 0.24 0.26 0.62 0.38 0.51 0.32 0.71 0.19 0.09
0.52 0.24 0.67 0.98 0.62 0.54 0.97 0.36 0.50 0.21 0.72 0.06 0.46 0.54 0.24 0.13 0.34 0.99 0.42 0.48
0.70 0.79 0.77 0.23 0.46 0.81 0.79 0.36 0.10 0.84 0.58 0.76 0.06 0.86 0.81 0.28 0.76 0.38 0.02 0.06
0.79 0.49 0.75 0.21 0.56 0.10 0.21 0.73 0.15 0.82 0.08 0.42 1.00 0.27 0.60 0.33 0.37 0.92 0.76 0.52
0.66 0.51 0.55 0.61 0.11 0.75 0.30 0.13 0.41 0.77 0.15 0.93 0.44 0.88 0.06 0.62 0.15 0.60 0.56 0.39
0.65 0.41 0.98 0.16 0.31 0.00 0.81 0.21 0.93 0.15 0.38 0.60 0.71 0.13 0.13 0.50 0.17 0.00 0.72 0.65
0.53 0.05 0.38 0.38 0.07 0.93 0.82 0.55 0.43 0.16 0.95 0.11 0.96 0.09 0.00 0.85 0.84 0.86 0.99 0.46
