20 20
0.33 0.88 0.94 0.05 0.70 0.73 0.23 0.92 0.82 0.35 0.69 0.07 0.83 0.61 0.52 0.50 0.77 0.64 0.73 0.70
0.14 0.50 0.90 0.32 0.40 0.89 0.88 0.34 0.21 0.00 0.36 0.72 0.12 0.40 0.97 0.07 0.15 0.40 0.09 0.06
0.64 0.12 0.30 0.05 0.66 0.87 0.24 0.18 0.18 0.57 0.45 0.18 0.30 0.94 0.14 0.35 0.27 0.97 0.93 0.55
0.73 0.16 0.77 0.33 0.17 0.69 0.10 0.27 0.36 0.87 0.11 0.52 0.73 0.16 0.05 1.00 0.82 0.51 0.05 0.41
0.18 0.87 0.60 0.82 0.18 0.13 0.35 0.01 0.44 0.21 0.49 0.76 0.82 0.93 0.36 0.89 0.51 0.35 0.33 0.91
0.09 0.25 0.57 0.12 0.61 0.30 0.51 0.85 0.93 0.63 0.35 0.59 0.97 0.85 0.05 0.41 0.85 0.58 0.21 0.92
0.12 0.40 0.51 0.66 0.93 0.97 0.95 0.40 0.63 0.21 0.24 0.59 0.02 0.09 0.53 0.87 0.85 0.05 0.74 0.10
0.53 0.76 0.91 0.13 0.46 0.26 0.80 0.94 0.96 0.94 0.53 0.76 0.87 0.91 0.95 0.29 0.84 0.72 0.81 0.56
0.65 0.13 0.07 0.28 0.66 0.96 0.80 0.45 0.62 0.09 0.63 0.27 0.66 1.00 0.33 0.55 0.76 0.75 0.36 0.77
0.74 0.23 0.70 0.19 0.02 0.50 0.28 0.43 0.45 0.27 0.82 0.46 0.40 0.04 0.24 0.23 0.08 0.84 0.50 0.83
0.11 0.89 0.89 0.30 0.63 0.83 0.80 0.65 0.14 0.67 0.77 0.75 0.74 0.47 0.73 0.73 0.09 0.17 0.50 0.58
0.84 0.31 0.00 0.59 0.30 0.65 0.99 0.40 0.64 0.22 1.00 0.62 0.11 0.18 0.44 0.01 0.35 0.95 0.80 0.81
0.36 0.82 0.54 0.75 0.07 0.08 0.13 0.60 0.29 0.18 1.00 0.83 0.91 0.24 0.91 0.63 0.00 0.50 0.03 0.73
0.71 0.18 0.59 0.54 0.94 0.98 0.22 0.75 0.87 0.04 0.89 0.14 0.89 0.48 0.98 0.35 0.96 0.08 0.27 0.23
0.77 0.03 0.75 0.72 0.97 0.21 0.97 0.01 0.91 0.95 0.27 0.54 0.78 0.00 0.11 0.06 0.86 0.09 0.75 0.62
0.95 0.13 0.32 0.76 0.38 0.73 0.72 0.80 0.89 0.18 0.61 0.34 0.23 0.54 0.08 0.82 0.94 0.10 0.10 0.21
0.46 0.00 1.00 0.85 0.65 0.02 0.70 0.74 0.99 0.64 0.65 0.24 0.96 0.42 0.49 0.98 0.77 0.76 0.70 0.86
0.10 0.63 0.84 0.99 0.58 0.27 0.89 0.40 0.86 0.20 0.31 0.28 0.90 0.28 0.88 0.67 0.69 0.71 0.77 0.10
0.10 0.00 0.54 0.13 0.82 0.75 0.76 0.88 0.75 0.61 0.56 0.03 0.23 0.40 0.12 0.16 0.23 0.50 0.47 0.48
0.53 0.92 0.66 0.05 0.43 0.84 0.16 0.33 0.08 0.12 0.38 0.60 0.68 0.57 0.45 0.87 0.89 0.37 0.75 0.79
