20 20
0.85 0.83 0.55 0.54 0.64 0.82 0.30 0.63 0.35 0.29 0.07 0.13 0.47 0.24 0.38 0.44 0.55 0.92 0.59 0.87
0.18 0.43 0.47 0.06 0.85 0.85 0.96 0.12 0.76 0.86 0.05 0.52 0.55 0.39 0.38 0.28 0.22 0.81 0.22 0.68
0.47 0.77 0.00 0.39 0.83 0.42 0.40 0.77 0.95 0.56 0.21 0.44 0.96 0.72 0.18 0.17 0.77 0.77 0.04 0.76
0.89 0.21 0.07 0.50 0.05 0.03 0.00 0.15 0.75 0.80 0.92 0.24 0.51 0.75 0.39 0.86 0.90 0.84 0.50 0.22
0.07 0.35 0.75 0.20 0.57 0.42 0.65 0.06 0.34 0.70 0.67 0.04 0.50 0.35 0.20 0.88 0.06 0.77 0.78 0.67
0.70 0.45 0.87 0.40 0.36 0.72 0.99 0.60 0.69 0.19 0.67 0.41 0.41 0.34 0.59 0.06 0.09 0.24 0.80 0.90
0.72 0.36 0.56 0.35 0.07 0.90 0.13 0.79 0.39 0.60 0.63 0.09 0.07 0.30 0.50 0.45 0.21 0.79 0.13 0.60
0.45 0.94 0.71 0.67 0.46 0.90 0.13 0.43 0.26 0.57 0.68 0.74 0.32 0.12 0.71 0.49 0.28 0.99 0.57 0.35
0.15 0.89 0.77 0.79 0.97 0.48 0.29 0.26 0.13 0.85 0.98 0.07 0.08 0.17 0.29 0.21 0.60 0.41 0.53 0.89
0.30 0.60 0.31 0.85 0.28 0.91 0.60 0.72 0.94 0.54 0.12 0.49 0.69 0.28 0.15 0.25 0.92 0.53 0.65 0.46
0.14 0.87 0.10 0.13 0.97 0.36 0.53 0.89 0.00 0.45 0.16 0.31 0.25 0.16 0.62 0.39 0.88 0.11 0.89 0.43
0.91 0.50 0.27 0.36 0.71 0.38 0.17 0.40 0.41 0.71 0.02 0.68 0.35 0.58 0.61 0.98 0.96 0.95 0.69 0.33
0.13 0.39 0.69 0.54 0.26 0.59 0.56 0.99 0.58 0.64 0.97 0.18 0.41 0.75 0.51 0.05 0.57 0.52 0.43 0.26
0.15 0.63 0.96 0.09 0.19 0.33 0.18 0.96 0.29 0.05 1.00 0.80 0.43 0.20 0.68 0.65 0.97 0.70 0.80 0.14
0.36 0.48 0.09 0.31 0.92 0.97 0.35 0.70 0.14 0.81 0.53 0.03 0.62 0.35 0.07 0.94 0.02 0.10 0.33 0.74
0.87 0.68 0.60 0.64 0.22 0.51 0.86 0.20 0.65 0.32 0.84 0.66 0.03 0.08 0.99 0.68 0.62 0.29 0.94 0.60
0.09 0.84 0.25 0.49 0.02 0.82 0.24 0.58 0.41 0.05 0.77 0.57 0.21 0.43 0.76 0.90 0.08 0.23 0.58 0.87
0.77 0.03 0.45 0.90 0.36 0.35 0.97 0.15 0.16 1.00 0.52 0.63 0.65 0.47 0.01 0.80 0.27 0.18 0.80 0.71
0.41 0.30 0.81 0.60 0.99 0.32 0.46 0.38 0.65 0.99 0.65 0.76 0.69 0.00 0.93 0.83 0.29 0.86 0.87 0.45
0.88 0.93 0.67 0.84 0.68 0.78 0.85 0.17 0.40 0.18 0.81 0.77 0.37 0.93 0.54 0.22 0.37 0.42 0.21 0.44
