300 6
0.42 0.43 0.09 0.25 0.26 0.99
0.86 0.62 0.92 0.74 0.59 0.73
0.34 0.55 0.80 0.56 0.60 0.75
0.43 0.77 0.79 0.98 0.87 0.69
0.70 0.73 0.56 0.77 0.59 0.80
0.73 0.67 0.53 0.83 0.98 0.83
0.83 0.60 0.78 0.73 0.55 0.70
0.69 0.60 0.67 0.59 0.84 0.65
0.52 0.09 0.76 0.87 0.31 0.61
0.30 0.87 0.52 0.65 0.65 0.85
0.59 0.12 0.82 0.63 0.42 0.96
0.95 0.93 1.00 0.55 0.65 0.69
0.78 0.13 0.20 0.91 0.56 0.78
0.53 0.74 0.81 0.54 0.85 0.80
0.02 0.61 0.68 0.53 0.45 0.67
0.98 0.66 0.78 0.61 0.84 0.56
1.00 0.96 0.96 0.08 0.52 0.60
0.94 0.11 0.47 0.56 0.73 0.88
0.63 0.78 0.51 0.14 0.53 0.33
0.74 0.51 0.29 0.55 0.77 0.63
0.75 0.70 0.63 0.55 0.61 0.29
0.58 0.70 0.54 0.52 0.47 0.85
0.86 0.41 0.68 0.88 1.00 0.27
0.94 0.71 0.91 0.51 0.84 0.53
1.00 0.02 0.56 0.59 0.85 0.26
1.00 0.28 0.62 0.74 0.17 0.82
0.15 0.66 0.05 0.97 0.97 0.81
0.57 0.85 0.24 0.12 0.23 0.67
0.66 0.61 0.34 0.68 0.93 0.62
0.90 0.54 0.40 0.87 0.26 0.55
0.24 0.32 0.96 0.64 0.83 0.61
0.71 0.55 0.84 0.60 0.55 0.25
0.65 0.76 0.81 0.52 0.70 0.65
0.82 0.25 0.75 0.54 0.83 0.69
0.91 0.77 0.90 0.58 0.12 0.85
0.98 0.55 0.11 0.74 0.92 0.36
0.66 0.14 0.67 1.00 0.53 0.76
0.20 1.00 0.60 0.59 0.89 0.76
0.68 0.88 0.92 0.84 0.54 0.22
0.84 0.72 0.05 0.94 0.98 0.85
0.67 0.70 0.99 0.80 0.30 0.93
0.71 0.83 0.78 0.56 0.15 0.98
0.82 0.64 0.55 0.27 0.59 0.87
0.91 0.52 0.83 0.79 0.71 0.78
0.66 0.56 0.79 0.61 0.42 0.72
0.84 0.28 0.60 0.74 0.52 0.89
0.51 0.95 0.07 0.84 0.61 0.58
0.78 0.59 0.14 0.73 0.99 0.86
0.71 0.61 0.82 0.19 0.92 0.92
0.60 0.72 0.04 0.80 0.75 0.62
0.77 0.50 0.78 0.59 0.72 0.86
0.63 0.51 0.92 0.59 0.97 0.82
0.59 0.54 0.79 0.08 0.58 0.66
0.79 0.53 0.97 0.59 0.73 0.01
0.63 0.63 0.93 0.65 0.57 0.63
0.85 0.57 0.27 0.60 0.33 0.64
0.60 0.60 0.73 0.98 0.62 0.87
0.60 0.58 0.79 0.94 0.67 0.28
0.12 0.79 0.88 0.77 0.84 0.53
0.63 0.74 0.66 0.94 0.27 0.74
0.93 0.52 0.77 0.94 0.85 0.58
1.00 0.61 0.07 0.64 0.55 0.63
0.64 0.51 0.53 0.58 0.99 0.72
0.59 0.80 0.93 0.52 0.72 0.52
0.09 0.80 0.69 0.62 0.65 0.11
0.69 0.90 0.40 0.92 0.58 0.65
0.63 0.93 0.84 0.04 0.97 0.67
0.97 0.57 0.21 0.78 0.51 0.86
0.79 0.52 0.53 0.66 0.81 0.53
0.94 0.60 0.59 0.60 0.56 0.54
0.75 0.77 0.61 0.86 0.75 0.57
0.61 0.21 0.93 0.60 0.79 0.55
0.23 0.63 0.05 0.59 0.94 0.54
0.76 0.77 0.40 0.93 0.56 0.93
0.56 0.75 0.98 0.55 0.94 0.66
0.60 0.70 0.73 0.39 0.86 0.87
0.64 0.36 0.99 0.51 0.92 0.68
0.75 1.00 0.35 0.06 0.84 0.85
0.01 0.64 0.93 0.58 0.51 0.69
0.55 0.83 0.68 0.41 0.92 0.02
0.95 0.57 0.61 0.79 0.55 0.58
0.96 0.73 0.87 0.70 0.19 0.61
0.18 0.70 0.24 0.81 0.99 0.52
0.83 0.22 0.02 0.90 0.51 0.57
0.52 0.91 0.58 0.82 0.88 0.82
0.81 0.55 0.53 0.43 0.99 0.52
0.95 0.89 0.90 0.13 0.83 0.65
0.65 0.59 0.76 0.87 0.77 0.55
0.43 0.65 0.95 0.58 0.77 0.59
0.68 0.57 0.51 0.59 0.45 0.98
0.61 0.95 0.58 0.65 1.00 0.04
0.54 0.82 0.60 0.84 0.75 0.80
0.71 0.41 0.54 0.14 0.78 0.98
0.17 0.73 0.75 0.94 0.81 0.38
0.52 0.28 0.66 0.54 0.37 0.94
0.55 0.26 0.51 0.93 0.07 0.50
0.76 0.41 0.36 0.77 0.72 0.93
0.53 0.88 0.64 0.85 0.71 0.62
0.86 1.00 0.71 0.77 0.19 0.68
0.78 0.94 0.88 0.70 0.44 0.62
0.30 0.67 0.75 0.75 0.67 0.55
0.96 0.20 0.91 0.65 0.68 0.95
0.77 0.75 0.51 0.59 0.53 0.61
0.64 0.04 0.18 0.78 0.54 0.78
0.67 0.97 0.81 0.12 0.53 0.05
0.54 0.69 0.61 0.49 0.62 0.52
0.95 0.58 0.81 0.46 0.52 0.87
0.97 0.53 0.20 0.76 0.80 0.89
0.84 0.77 0.87 0.74 0.80 0.14
0.94 0.02 1.00 0.68 0.85 0.91
0.58 0.96 0.63 0.37 0.38 0.07
0.60 0.69 0.82 0.35 0.59 0.52
0.20 0.59 0.91 0.78 0.67 0.86
0.53 0.88 0.58 0.56 0.61 0.51
0.85 0.82 0.63 0.59 0.31 0.78
0.29 0.62 0.93 0.65 0.91 0.53
0.25 0.51 0.99 0.65 0.65 0.72
0.76 0.63 0.77 0.59 0.62 0.54
0.52 0.62 0.85 0.06 0.62 0.74
0.52 0.51 0.62 0.94 0.52 0.70
0.72 0.55 0.61 0.65 0.53 0.63
0.70 0.58 0.98 0.61 0.51 0.16
0.56 0.01 0.56 0.87 0.76 0.78
0.28 0.70 0.10 0.67 0.78 0.93
0.92 0.75 0.75 0.66 0.14 0.99
0.87 0.58 0.48 0.60 0.90 0.57
0.59 0.67 0.52 0.74 0.84 0.87
0.91 0.12 0.80 0.85 0.78 0.74
0.61 0.26 0.21 0.93 0.91 0.91
0.54 0.78 0.44 0.60 0.98 0.20
0.98 0.58 0.59 0.61 0.66 0.53
0.71 0.56 0.73 0.53 0.72 0.53
0.76 0.95 0.69 0.68 0.62 0.02
0.84 0.58 0.20 0.61 0.59 0.64
0.88 0.54 0.97 0.70 0.30 0.71
0.54 0.77 0.80 0.65 0.56 0.61
0.78 0.78 0.04 1.00 0.57 0.80
0.73 0.37 0.53 0.78 0.77 0.54
0.58 0.78 0.86 0.57 0.53 0.33
0.59 0.65 0.83 0.57 1.00 0.64
0.51 0.77 0.67 0.69 0.69 0.89
0.54 0.71 0.24 0.41 0.52 0.95
0.91 0.87 0.66 0.58 0.44 0.46
0.56 0.55 0.62 0.84 0.68 0.58
0.63 0.66 0.42 0.34 0.55 0.58
0.56 0.56 0.67 0.55 0.86 0.88
0.35 0.51 0.75 0.87 0.57 0.76
0.79 0.19 0.13 0.76 0.52 0.70
0.93 0.61 0.62 0.05 0.59 0.80
0.96 0.98 0.23 0.78 0.52 0.37
0.76 0.44 0.54 0.69 0.62 0.40
0.73 0.66 0.54 0.81 0.51 0.72
0.90 0.84 0.95 0.39 0.96 0.23
0.75 0.12 0.53 0.71 0.77 0.61
0.53 0.23 0.64 0.57 0.77 0.74
0.65 0.56 0.54 0.86 0.24 0.98
0.56 0.67 0.59 0.91 0.62 0.52
0.93 0.74 0.98 0.54 0.79 0.27
0.64 0.33 0.84 0.81 0.68 0.64
0.33 0.86 0.49 0.55 0.78 0.91
0.73 0.90 0.68 0.63 0.38 0.23
0.92 0.81 0.98 0.54 0.06 0.83
0.51 0.18 0.81 0.55 0.56 0.78
0.56 0.50 0.95 0.53 0.54 0.51
0.67 0.47 0.99 0.21 0.79 0.87
0.55 0.99 0.57 0.77 0.94 0.40
0.70 0.80 0.17 0.82 0.92 0.59
0.55 0.53 0.79 0.83 0.70 0.35
0.37 0.57 0.63 0.99 0.98 0.82
0.76 0.37 0.76 0.12 0.63 0.75
0.77 0.68 0.90 0.60 0.45 0.52
0.52 0.58 0.66 0.83 0.99 0.91
0.21 0.92 0.83 0.56 0.65 0.58
0.68 0.57 0.88 0.11 0.54 0.59
0.07 0.69 0.55 0.97 0.93 0.95
0.74 0.74 0.03 0.61 0.73 0.84
0.33 0.56 0.94 0.63 0.63 0.62
0.49 0.29 0.02 0.52 0.63 0.87
0.37 0.32 0.06 0.84 0.92 0.23
0.56 0.81 0.91 0.76 0.13 0.65
0.92 0.88 0.60 0.03 0.78 0.96
0.11 0.57 0.64 0.58 0.68 0.75
0.08 0.32 0.71 0.82 0.59 0.96
0.54 0.30 0.95 0.94 0.84 0.55
0.55 0.59 0.79 0.58 0.60 0.86
0.25 0.85 0.88 0.67 0.55 0.63
0.79 0.67 0.45 0.71 0.85 0.52
1.00 0.94 0.99 0.57 0.37 0.58
0.69 0.03 0.58 0.63 0.62 0.42
0.78 0.68 0.82 0.19 0.05 0.74
0.79 0.47 0.78 0.27 0.72 0.61
0.72 0.53 0.69 0.58 0.57 0.57
0.99 0.93 0.90 0.01 0.77 0.65
0.77 0.56 0.73 0.51 0.58 0.82
0.80 0.72 0.80 0.61 0.88 0.11
0.76 0.93 0.72 0.97 0.06 0.81
0.19 0.68 0.51 0.91 0.73 0.84
0.77 0.60 1.00 0.63 0.14 0.27
0.83 0.54 0.98 0.63 0.53 0.89
0.79 0.68 0.58 0.32 1.00 0.69
0.70 0.15 0.92 0.71 0.17 0.62
0.13 0.56 0.79 0.89 0.93 0.89
0.44 0.34 0.76 0.93 0.53 0.80
0.59 0.85 0.01 0.57 0.31 0.77
0.53 0.72 0.87 0.65 0.93 0.64
0.88 0.40 0.81 0.61 0.98 0.46
0.21 0.56 0.57 0.55 0.83 0.36
0.57 0.80 0.45 0.51 0.51 0.54
0.95 0.70 0.64 0.31 0.73 0.64
0.82 0.54 0.90 0.45 0.88 0.52
0.74 0.98 0.93 0.56 0.16 0.70
0.95 0.54 0.53 0.93 0.82 0.14
0.83 0.90 0.90 0.64 0.05 0.62
0.82 0.88 0.53 0.49 0.65 0.27
0.88 0.08 0.64 0.60 0.68 0.10
0.65 0.19 0.73 0.54 0.52 0.54
0.78 0.63 0.59 0.51 0.59 0.77
0.03 0.64 0.82 0.58 0.69 0.56
0.81 0.01 0.75 0.85 0.76 0.44
0.51 0.97 0.54 0.75 0.70 0.62
0.78 0.89 0.28 0.77 0.93 0.65
0.86 0.54 0.65 0.65 0.59 0.86
0.52 0.95 0.99 0.71 0.29 0.72
0.67 0.64 0.63 0.72 0.69 0.21
0.68 0.06 0.61 0.84 0.13 0.74
0.61 0.37 0.74 0.76 0.94 0.65
0.74 1.00 0.63 0.01 0.71 0.88
0.52 0.18 0.72 0.70 0.84 0.98
0.52 0.58 0.91 0.07 0.98 0.71
0.66 0.94 0.58 0.87 0.11 0.16
0.76 0.79 0.70 0.87 0.11 0.67
0.49 0.75 0.53 0.53 0.90 0.84
0.57 0.58 0.18 0.71 0.95 0.58
0.53 0.72 0.68 0.85 0.36 0.61
0.35 0.37 0.95 0.61 0.01 0.97
0.52 0.73 0.59 0.85 0.58 0.92
0.30 0.96 0.71 0.65 0.32 0.74
0.72 0.73 0.56 0.64 0.52 0.54
0.07 0.84 0.85 0.63 0.33 0.87
0.52 0.62 0.24 0.54 0.53 0.89
0.92 0.65 0.59 0.66 0.57 0.62
0.03 0.58 0.84 0.79 0.89 0.60
0.29 0.69 0.74 0.84 0.34 0.60
0.15 0.77 0.29 0.36 0.64 0.82
0.51 0.58 0.09 0.08 0.85 0.96
0.92 0.61 0.55 0.56 0.53 0.97
0.42 0.55 0.64 0.89 0.59 0.73
0.57 0.53 0.54 0.83 0.81 0.74
0.66 0.02 0.45 0.95 0.51 0.97
0.01 0.56 0.19 0.62 0.57 0.53
0.83 0.53 0.71 0.51 0.74 0.85
0.22 0.52 0.85 0.78 0.87 0.92
0.37 0.61 0.53 0.56 0.83 0.77
0.74 0.69 0.57 0.69 0.54 0.86
0.85 0.58 0.91 0.52 0.53 0.90
0.91 0.14 0.75 0.54 0.82 0.54
0.99 0.73 0.49 0.24 0.89 0.72
0.54 0.80 0.70 0.98 0.62 0.51
0.61 0.55 0.66 0.46 0.73 0.89
0.92 0.58 0.99 0.83 0.51 0.10
0.87 0.53 0.24 0.74 0.55 0.73
0.28 0.99 0.61 0.07 0.72 0.62
0.60 0.60 0.91 0.62 0.52 0.77
0.53 0.92 0.66 0.54 0.79 0.66
0.80 0.54 0.75 0.53 0.09 0.87
0.61 0.68 0.60 0.61 0.16 0.67
0.77 0.86 0.69 0.06 0.25 0.72
0.12 0.20 0.84 0.88 0.20 0.92
0.85 0.93 0.04 0.76 0.79 0.66
0.93 0.46 0.27 0.96 0.07 0.64
0.95 0.57 0.39 0.51 0.96 0.74
0.83 0.83 0.91 0.53 0.38 0.71
0.13 0.56 0.17 0.95 0.99 0.90
0.89 0.84 0.61 0.63 0.01 0.75
0.64 0.62 0.75 0.52 0.77 0.59
0.80 0.77 0.56 0.05 0.88 0.67
0.56 0.21 0.65 0.88 0.82 0.52
0.39 0.94 0.56 0.87 0.39 0.36
0.63 0.08 0.60 0.52 0.58 0.78
0.92 0.80 0.44 0.69 0.60 0.10
0.65 0.62 0.58 0.55 0.78 0.62
0.80 0.77 0.46 0.12 0.78 0.88
0.66 0.27 0.32 0.72 0.57 0.52
0.66 0.67 0.66 0.36 0.41 0.63
0.51 0.24 0.86 0.76 0.76 0.58
0.56 0.57 0.65 0.54 0.72 0.59
0.63 0.54 0.58 0.77 0.55 0.91
0.62 0.84 0.66 0.43 0.66 0.76
0.68 0.51 0.59 0.87 0.52 0.80
0.79 0.51 0.52 0.59 0.67 0.75
0.93 0.62 0.54 0.60 0.70 0.52
0.52 0.60 0.85 0.61 0.29 0.37
0.73 0.60 0.81 0.90 0.51 0.02
0.61 0.77 0.66 0.55 0.26 0.56
0.24 0.24 0.94 0.62 0.63 0.62
0.73 0.82 0.82 0.63 0.11 0.88
0.86 0.62 0.52 0.57 0.77 0.59
0.98 0.55 0.92 0.96 0.51 0.49
0.86 0.83 0.90 0.06 0.67 0.57
0.66 0.64 0.01 0.64 0.89 0.97
