300 6
0.49 0.88 0.24 0.33 0.35 0.20
0.62 0.78 0.88 0.82 0.86 0.70
0.64 0.78 0.61 0.87 0.87 0.54
0.64 0.25 0.92 0.74 0.67 0.18
0.98 0.84 0.71 0.76 0.63 0.99
0.83 0.04 0.59 0.98 0.53 0.92
0.51 0.72 0.53 0.90 0.58 0.89
0.65 0.80 0.89 0.50 0.04 0.77
0.65 0.99 0.57 0.72 0.34 0.68
0.63 0.84 0.64 0.83 0.59 0.95
0.66 0.17 0.92 0.51 0.77 0.54
0.43 0.62 0.62 0.46 0.60 0.94
0.68 0.43 0.66 0.58 0.65 0.66
0.62 0.54 0.42 0.15 0.80 0.91
0.51 0.73 0.62 0.99 0.65 0.83
0.91 0.83 0.60 0.95 0.82 0.41
0.80 0.76 0.60 0.64 0.84 0.52
0.54 0.85 0.87 0.98 0.57 0.82
0.54 0.69 0.72 0.96 0.94 0.86
0.72 0.56 0.29 0.58 0.96 0.95
0.51 0.53 0.81 0.83 0.59 0.92
0.87 0.57 0.51 0.62 0.27 0.83
0.25 0.83 0.78 0.53 0.61 0.69
0.47 0.75 0.93 0.81 0.85 0.60
0.58 0.57 0.57 0.02 0.70 0.88
0.86 0.09 0.58 0.86 0.84 0.53
0.81 0.83 0.53 0.53 0.82 0.54
0.58 0.54 0.19 0.61 0.50 0.46
0.61 0.53 0.79 0.71 0.60 0.82
0.52 0.40 0.89 0.86 0.57 0.91
0.88 0.28 0.88 0.61 0.59 0.43
0.60 0.23 0.63 0.50 1.00 0.96
0.52 0.96 0.51 0.99 0.26 0.66
0.85 0.58 0.17 0.43 0.89 0.89
0.82 0.26 0.67 0.74 0.44 0.71
0.77 0.82 0.55 0.16 0.58 0.70
0.84 0.78 0.62 0.06 0.75 0.55
0.24 0.74 1.00 0.97 0.89 0.57
0.76 0.57 0.65 0.55 0.98 0.74
0.68 0.61 0.84 0.56 0.82 0.68
0.86 0.05 0.68 0.54 0.57 0.79
0.98 0.72 0.88 0.88 0.02 0.97
0.40 0.90 0.57 0.90 0.64 0.02
0.90 0.53 0.59 0.54 0.96 0.78
0.48 0.82 0.80 0.63 0.96 0.72
0.55 0.63 0.75 0.80 0.67 0.72
0.88 0.60 1.00 0.61 0.58 0.20
0.55 0.83 0.93 0.43 0.75 0.88
0.51 0.66 0.81 0.94 0.22 0.57
0.94 0.87 0.95 0.58 0.38 0.55
0.84 0.38 0.81 0.80 0.74 0.27
0.91 0.68 0.41 0.54 0.61 0.86
0.68 0.77 0.49 0.27 0.56 0.80
0.89 0.83 0.57 0.79 0.95 0.40
0.79 0.78 0.59 0.43 0.79 0.53
0.35 0.96 0.80 0.84 0.67 0.04
0.07 0.99 0.60 0.29 0.80 0.25
0.94 0.77 0.13 0.57 0.90 0.96
0.68 0.90 0.62 0.52 0.26 0.62
0.76 0.29 0.68 0.94 0.76 0.70
0.29 0.79 0.05 0.43 0.02 0.52
0.76 0.14 0.95 0.63 0.37 0.74
0.19 0.61 0.59 0.39 0.85 0.91
0.89 0.37 0.64 0.86 0.75 0.90
0.64 0.51 0.82 0.60 0.76 0.71
0.53 0.62 0.20 0.58 0.80 0.75
0.10 0.65 0.60 0.82 0.75 0.94
0.41 0.54 0.25 0.70 0.69 0.63
0.35 0.66 0.66 0.84 0.68 0.68
0.90 0.26 0.97 0.74 0.64 0.63
0.69 0.86 0.93 0.31 0.24 0.71
0.60 0.69 0.92 0.78 0.10 0.95
0.77 0.22 0.53 0.60 0.83 0.81
0.67 0.84 0.30 0.11 0.64 0.78
0.14 0.86 0.34 0.51 0.78 0.54
0.93 0.86 0.76 0.55 0.71 0.16
0.12 0.71 0.71 0.79 0.91 0.96
0.39 0.51 0.84 0.68 1.00 0.55
0.69 0.42 1.00 0.67 0.60 0.69
0.62 0.18 0.31 0.69 0.65 0.88
0.57 0.57 0.86 0.86 0.40 0.83
0.52 0.72 0.81 0.86 0.48 0.82
0.50 0.03 0.54 0.82 0.60 0.80
0.79 0.64 0.12 0.74 0.85 0.66
0.51 0.67 0.58 0.64 0.93 0.93
0.60 0.58 0.72 0.55 0.66 0.88
0.05 0.80 0.63 0.18 0.78 0.81
0.22 0.60 1.00 0.92 0.85 0.52
0.96 0.89 0.31 0.16 0.16 0.76
0.54 0.73 0.72 0.52 0.95 0.55
0.90 0.53 0.80 0.64 0.86 0.60
0.78 0.70 0.52 0.67 0.87 0.40
0.01 0.88 0.99 0.97 0.81 0.90
0.24 0.76 0.64 0.68 0.51 0.70
0.84 0.54 0.78 0.53 0.94 0.56
0.98 0.52 0.98 0.62 0.79 0.36
0.57 0.75 0.62 0.70 0.69 0.54
0.43 0.62 0.87 0.57 0.79 0.67
0.91 0.04 0.96 0.70 0.98 0.89
0.11 0.86 0.66 0.72 0.51 0.72
0.81 0.61 0.86 0.52 0.78 0.74
0.53 0.94 0.66 0.53 0.01 0.95
0.99 0.85 0.51 0.96 0.97 0.39
0.57 0.67 0.86 0.51 0.80 0.88
1.00 0.22 0.87 0.11 0.71 0.98
0.05 0.67 0.80 0.93 0.94 0.68
0.04 1.00 0.75 0.87 0.65 0.53
0.52 0.55 0.63 0.68 0.85 0.77
0.65 0.16 0.65 0.66 0.85 0.47
0.57 0.29 0.99 0.67 0.56 0.21
0.61 0.74 0.70 0.01 0.87 0.57
0.73 0.36 0.73 0.63 0.62 0.47
0.53 0.67 0.91 0.84 0.53 0.99
0.51 0.86 0.84 0.94 0.95 0.18
0.81 0.52 0.93 0.32 0.85 0.64
0.76 0.92 0.82 0.04 0.90 0.13
0.82 0.66 0.07 0.86 0.62 0.68
0.73 0.51 0.58 0.55 0.97 0.65
0.98 0.53 0.56 0.64 0.60 0.70
0.06 0.69 0.08 0.44 0.53 0.62
0.92 0.64 0.66 0.53 0.98 0.59
0.79 0.06 0.71 0.84 0.84 0.35
0.70 0.52 0.54 0.84 0.51 0.87
0.53 0.57 0.67 0.95 0.79 0.62
0.02 0.22 0.70 0.63 0.52 0.72
0.87 0.54 0.53 0.62 0.60 0.16
0.63 0.71 0.97 0.76 0.10 0.72
0.18 0.56 0.29 0.26 0.74 0.58
0.50 0.88 0.70 0.04 0.80 0.58
0.79 0.62 0.56 0.13 0.89 0.78
0.65 0.07 0.34 0.56 0.83 0.16
0.04 0.60 0.90 0.55 0.52 0.99
0.05 0.82 0.57 0.61 0.52 0.88
0.69 0.02 0.72 0.69 0.77 0.80
0.15 0.86 0.54 0.82 0.21 0.56
0.13 0.58 0.59 0.58 0.88 0.65
1.00 0.67 0.09 0.85 0.89 0.95
0.99 0.77 0.32 0.78 1.00 0.03
0.95 0.67 0.60 0.83 0.01 0.80
0.39 0.31 0.48 0.75 0.07 0.26
0.58 1.00 0.03 0.93 0.76 0.76
0.99 0.93 0.74 0.51 0.91 0.05
0.61 0.84 0.83 0.71 0.01 0.78
0.62 0.63 0.87 0.57 0.62 0.76
0.97 0.55 0.82 0.62 0.70 0.04
0.73 0.52 0.68 0.53 0.63 0.82
0.92 0.69 0.55 0.54 0.97 0.56
0.32 0.63 0.52 0.69 0.59 0.60
0.81 0.84 0.01 0.92 0.66 0.86
0.63 0.74 0.81 0.67 0.77 0.17
0.58 0.64 0.74 0.22 0.21 0.51
0.89 0.67 0.58 0.40 0.85 0.51
0.72 0.74 0.70 0.28 0.70 0.84
0.59 0.77 0.53 0.54 0.13 0.57
0.94 0.53 0.82 0.31 0.90 0.63
0.73 0.75 0.73 0.59 0.38 0.75
0.75 0.51 0.82 0.77 0.78 0.22
0.42 0.14 0.49 0.87 0.53 0.76
0.59 0.03 0.19 0.88 0.60 0.86
0.90 0.60 0.07 0.93 0.74 0.63
0.84 0.52 0.57 0.73 0.56 0.70
0.74 0.75 0.60 0.04 0.59 0.01
0.60 0.55 0.60 0.45 0.78 0.72
0.95 0.18 0.87 0.83 0.56 0.01
0.52 0.53 0.67 0.55 0.94 0.58
0.92 0.60 0.77 0.06 0.52 0.18
0.34 0.51 0.66 0.99 0.73 0.71
0.48 0.92 0.61 0.18 0.82 0.55
0.99 0.53 0.98 0.54 0.97 0.30
0.82 0.57 0.58 0.60 0.66 0.60
0.64 0.69 0.86 0.55 0.59 0.36
0.54 0.54 0.72 0.53 0.79 0.51
0.55 0.52 0.53 0.56 1.00 0.81
0.75 0.87 0.59 0.99 0.51 0.18
0.59 0.56 0.83 0.56 0.66 0.79
0.87 0.62 0.33 0.58 0.12 0.60
0.81 0.61 0.54 0.29 0.63 0.66
0.80 0.75 0.07 0.99 0.56 0.92
0.51 0.57 0.62 0.68 0.69 0.65
0.56 0.61 0.69 0.73 0.52 0.91
0.78 0.82 0.66 0.08 0.40 0.91
0.84 0.57 0.55 0.95 0.97 0.04
0.97 0.01 0.86 0.81 0.65 0.63
0.82 0.72 0.61 0.74 0.16 0.84
0.17 0.95 0.64 0.58 0.63 0.58
0.17 0.79 0.69 0.75 0.87 0.54
0.71 0.52 0.91 0.78 0.70 0.10
0.61 0.16 0.68 0.78 0.46 0.19
0.97 0.49 0.62 0.56 0.05 0.79
0.54 0.91 0.99 0.28 0.57 0.90
0.59 0.57 0.63 0.57 0.62 0.94
0.91 0.61 0.95 0.54 0.07 0.94
0.87 0.67 0.86 0.66 0.54 0.04
0.69 0.72 0.85 0.60 0.13 0.52
0.86 0.71 0.98 0.66 0.62 0.02
0.74 0.52 0.60 0.27 0.57 0.72
0.64 0.61 0.64 0.26 0.72 0.82
0.52 0.89 0.94 0.97 0.59 0.08
0.69 0.63 0.96 0.13 0.51 0.68
0.94 0.60 0.99 0.04 0.87 0.68
0.57 0.67 0.49 0.70 0.44 0.42
0.09 0.76 0.52 0.55 0.68 0.36
0.88 0.55 0.96 0.36 0.84 0.61
0.81 0.70 0.65 0.04 0.53 0.72
0.90 0.57 0.61 0.17 0.90 0.85
0.82 0.38 0.97 0.86 0.80 0.01
0.62 0.63 0.95 0.54 0.73 0.58
0.88 0.51 0.67 0.65 0.27 0.92
0.54 0.65 0.46 0.83 0.66 0.46
0.61 0.99 0.04 0.16 0.03 0.94
0.95 0.80 0.66 0.60 0.57 0.42
0.78 0.95 0.76 0.14 0.54 0.53
0.62 0.53 0.64 0.71 0.58 0.71
0.87 0.64 0.61 0.35 0.52 0.96
0.68 0.54 0.60 0.68 0.07 0.87
0.63 0.66 0.71 0.66 0.25 0.53
0.79 0.61 0.83 0.41 0.74 0.55
0.76 0.55 0.16 0.91 0.68 0.60
0.88 0.20 0.54 1.00 0.76 0.68
0.73 0.66 0.29 0.52 0.69 0.93
0.75 0.73 0.61 0.80 0.53 0.17
0.60 0.90 0.54 0.72 0.66 0.19
0.82 0.98 0.60 0.77 0.24 0.15
0.88 0.28 0.45 0.52 0.95 0.80
0.63 0.51 0.80 0.74 0.59 0.62
0.73 0.60 0.65 0.55 0.83 0.54
0.61 0.72 0.95 0.88 0.67 0.18
0.58 0.20 0.67 0.20 0.87 0.75
0.53 0.61 0.59 0.59 0.54 0.61
0.67 0.71 0.83 0.07 0.75 0.75
0.66 0.38 0.26 0.65 0.67 0.84
0.22 0.86 0.60 0.73 0.67 0.53
0.73 0.43 0.11 0.75 0.73 0.71
0.16 0.56 0.81 0.83 0.84 0.57
0.16 0.65 0.65 0.55 0.65 0.60
0.95 0.54 0.56 0.69 0.43 0.51
0.69 0.15 0.84 0.87 0.76 0.59
0.25 0.75 0.93 0.61 0.56 0.22
0.89 0.53 0.21 0.90 0.58 1.00
0.53 0.71 0.34 0.68 0.61 0.56
0.29 0.92 0.52 0.22 0.69 0.14
0.89 0.06 0.99 0.07 0.22 0.99
0.61 0.77 0.77 0.51 0.11 0.92
0.56 0.66 0.98 0.09 0.67 0.93
0.05 0.92 0.58 0.75 0.76 0.55
0.90 0.35 0.51 0.51 0.77 0.40
0.88 0.59 0.63 0.11 0.67 0.84
0.56 0.57 0.95 0.21 0.68 0.82
0.83 0.53 0.51 0.58 0.27 0.56
0.84 0.49 0.77 0.35 0.79 0.83
0.04 0.72 0.59 0.84 0.34 0.56
0.24 0.21 0.73 0.79 0.55 0.90
0.19 0.67 0.84 0.98 0.50 0.86
0.66 0.38 0.63 0.59 0.80 0.26
0.59 0.57 0.88 0.54 0.52 0.88
0.92 0.95 0.60 0.17 0.28 0.99
0.61 0.60 0.67 0.48 0.99 0.51
0.69 0.56 0.09 0.87 0.80 0.28
0.91 0.76 0.71 0.51 0.27 0.60
0.56 0.68 0.85 0.27 0.63 0.75
0.87 0.14 0.56 0.75 0.40 0.75
0.78 0.69 0.43 0.10 0.76 0.99
0.85 0.58 0.86 0.53 0.58 0.48
0.52 0.59 0.86 0.17 0.96 0.05
0.57 0.60 0.69 0.60 0.47 0.74
0.86 0.63 0.06 0.99 0.65 0.86
0.90 0.59 0.15 0.94 0.58 0.73
0.72 0.62 0.56 0.61 0.53 0.39
0.55 0.51 0.60 0.52 0.72 0.76
0.69 0.64 0.99 0.01 0.58 0.84
0.54 0.65 0.32 0.55 0.60 0.52
0.91 0.62 0.53 0.16 0.61 0.72
0.65 0.54 0.83 0.56 0.56 0.74
0.79 0.69 0.93 0.95 0.73 0.05
0.56 0.57 0.76 0.55 0.68 0.51
0.91 0.71 0.58 0.02 0.61 0.68
0.52 0.56 0.92 0.66 0.82 0.57
0.69 0.78 0.89 0.51 0.79 0.42
0.86 0.55 0.71 0.52 0.21 0.80
0.64 0.29 0.58 0.68 0.85 0.84
0.53 0.61 0.83 0.88 0.53 0.10
0.68 0.89 0.04 0.71 0.63 0.55
0.53 0.65 0.67 0.65 0.69 0.57
0.95 0.61 0.25 0.58 0.92 0.54
0.61 0.91 0.66 0.79 0.60 0.09
0.79 0.82 0.72 0.01 0.71 0.92
0.79 0.59 0.31 0.10 0.87 0.80
0.63 0.08 0.65 0.63 0.60 0.92
0.84 0.90 0.53 0.12 0.65 0.71
0.60 0.52 0.73 0.59 0.75 0.64
0.53 0.67 0.63 0.75 0.04 0.84
0.85 0.56 0.01 0.45 0.83 0.65
0.67 0.10 0.12 0.64 0.76 0.94
0.12 0.59 0.55 0.77 0.97 0.72
0.90 0.85 0.72 0.67 0.42 0.37
0.58 0.63 0.85 0.17 0.52 0.69
0.76 0.64 0.12 0.91 0.66 0.94
0.75 0.88 0.97 0.06 0.56 0.98
0.91 0.81 0.11 0.32 0.60 0.72
0.57 0.16 0.94 0.52 0.51 0.89
