300 6
49 88 24 33 35 20
62 78 88 82 86 70
64 78 61 87 87 54
64 25 92 74 67 18
98 84 71 76 63 99
83 4 59 98 53 92
51 72 53 90 58 89
65 80 89 50 4 77
65 99 57 72 34 68
63 84 64 83 59 95
66 17 92 51 77 54
43 62 62 46 60 94
68 43 66 58 65 66
62 54 42 15 80 91
51 73 62 99 65 83
91 83 60 95 82 41
80 76 60 64 84 52
54 85 87 98 57 82
54 69 72 96 94 86
72 56 29 58 96 95
51 53 81 83 59 92
87 57 51 62 27 83
25 83 78 53 61 69
47 75 93 81 85 60
58 57 57 2 70 88
86 9 58 86 84 53
81 83 53 53 82 54
58 54 19 61 50 46
61 53 79 71 60 82
52 40 89 86 57 91
88 28 88 61 59 43
60 23 63 50 100 96
52 96 51 99 26 66
85 58 17 43 89 89
82 26 67 74 44 71
77 82 55 16 58 70
84 78 62 6 75 55
24 74 100 97 89 57
76 57 65 55 98 74
68 61 84 56 82 68
86 5 68 54 57 79
98 72 88 88 2 97
40 90 57 90 64 2
90 53 59 54 96 78
48 82 80 63 96 72
55 63 75 80 67 72
88 60 100 61 58 20
55 83 93 43 75 88
51 66 81 94 22 57
94 87 95 58 38 55
84 38 81 80 74 27
91 68 41 54 61 86
68 77 49 27 56 80
89 83 57 79 95 40
79 78 59 43 79 53
35 96 80 84 67 4
7 99 60 29 80 25
94 77 13 57 90 96
68 90 62 52 26 62
76 29 68 94 76 70
29 79 5 43 2 52
76 14 95 63 37 74
19 61 59 39 85 91
89 37 64 86 75 90
64 51 82 60 76 71
53 62 20 58 80 75
10 65 60 82 75 94
41 54 25 70 69 63
35 66 66 84 68 68
90 26 97 74 64 63
69 86 93 31 24 71
60 69 92 78 10 95
77 22 53 60 83 81
67 84 30 11 64 78
14 86 34 51 78 54
93 86 76 55 71 16
12 71 71 79 91 96
39 51 84 68 100 55
69 42 100 67 60 69
62 18 31 69 65 88
57 57 86 86 40 83
52 72 81 86 48 82
50 3 54 82 60 80
79 64 12 74 85 66
51 67 58 64 93 93
60 58 72 55 66 88
5 80 63 18 78 81
22 60 100 92 85 52
96 89 31 16 16 76
54 73 72 52 95 55
90 53 80 64 86 60
78 70 52 67 87 40
1 88 99 97 81 90
24 76 64 68 51 70
84 54 78 53 94 56
98 52 98 62 79 36
57 75 62 70 69 54
43 62 87 57 79 67
91 4 96 70 98 89
11 86 66 72 51 72
81 61 86 52 78 74
53 94 66 53 1 95
99 85 51 96 97 39
57 67 86 51 80 88
100 22 87 11 71 98
5 67 80 93 94 68
4 100 75 87 65 53
52 55 63 68 85 77
65 16 65 66 85 47
57 29 99 67 56 21
61 74 70 1 87 57
73 36 73 63 62 47
53 67 91 84 53 99
51 86 84 94 95 18
81 52 93 32 85 64
76 92 82 4 90 13
82 66 7 86 62 68
73 51 58 55 97 65
98 53 56 64 60 70
6 69 8 44 53 62
92 64 66 53 98 59
79 6 71 84 84 35
70 52 54 84 51 87
53 57 67 95 79 62
2 22 70 63 52 72
87 54 53 62 60 16
63 71 97 76 10 72
18 56 29 26 74 58
50 88 70 4 80 58
79 62 56 13 89 78
65 7 34 56 83 16
4 60 90 55 52 99
5 82 57 61 52 88
69 2 72 69 77 80
15 86 54 82 21 56
13 58 59 58 88 65
100 67 9 85 89 95
99 77 32 78 100 3
95 67 60 83 1 80
39 31 48 75 7 26
58 100 3 93 76 76
99 93 74 51 91 5
61 84 83 71 1 78
62 63 87 57 62 76
97 55 82 62 70 4
73 52 68 53 63 82
92 69 55 54 97 56
32 63 52 69 59 60
81 84 1 92 66 86
63 74 81 67 77 17
58 64 74 22 21 51
89 67 58 40 85 51
72 74 70 28 70 84
59 77 53 54 13 57
94 53 82 31 90 63
73 75 73 59 38 75
75 51 82 77 78 22
42 14 49 87 53 76
59 3 19 88 60 86
90 60 7 93 74 63
84 52 57 73 56 70
74 75 60 4 59 1
60 55 60 45 78 72
95 18 87 83 56 1
52 53 67 55 94 58
92 60 77 6 52 18
34 51 66 99 73 71
48 92 61 18 82 55
99 53 98 54 97 30
82 57 58 60 66 60
64 69 86 55 59 36
54 54 72 53 79 51
55 52 53 56 100 81
75 87 59 99 51 18
59 56 83 56 66 79
87 62 33 58 12 60
81 61 54 29 63 66
80 75 7 99 56 92
51 57 62 68 69 65
56 61 69 73 52 91
78 82 66 8 40 91
84 57 55 95 97 4
97 1 86 81 65 63
82 72 61 74 16 84
17 95 64 58 63 58
17 79 69 75 87 54
71 52 91 78 70 10
61 16 68 78 46 19
97 49 62 56 5 79
54 91 99 28 57 90
59 57 63 57 62 94
91 61 95 54 7 94
87 67 86 66 54 4
69 72 85 60 13 52
86 71 98 66 62 2
74 52 60 27 57 72
64 61 64 26 72 82
52 89 94 97 59 8
69 63 96 13 51 68
94 60 99 4 87 68
57 67 49 70 44 42
9 76 52 55 68 36
88 55 96 36 84 61
81 70 65 4 53 72
90 57 61 17 90 85
82 38 97 86 80 1
62 63 95 54 73 58
88 51 67 65 27 92
54 65 46 83 66 46
61 99 4 16 3 94
95 80 66 60 57 42
78 95 76 14 54 53
62 53 64 71 58 71
87 64 61 35 52 96
68 54 60 68 7 87
63 66 71 66 25 53
79 61 83 41 74 55
76 55 16 91 68 60
88 20 54 100 76 68
73 66 29 52 69 93
75 73 61 80 53 17
60 90 54 72 66 19
82 98 60 77 24 15
88 28 45 52 95 80
63 51 80 74 59 62
73 60 65 55 83 54
61 72 95 88 67 18
58 20 67 20 87 75
53 61 59 59 54 61
67 71 83 7 75 75
66 38 26 65 67 84
22 86 60 73 67 53
73 43 11 75 73 71
16 56 81 83 84 57
16 65 65 55 65 60
95 54 56 69 43 51
69 15 84 87 76 59
25 75 93 61 56 22
89 53 21 90 58 100
53 71 34 68 61 56
29 92 52 22 69 14
89 6 99 7 22 99
61 77 77 51 11 92
56 66 98 9 67 93
5 92 58 75 76 55
90 35 51 51 77 40
88 59 63 11 67 84
56 57 95 21 68 82
83 53 51 58 27 56
84 49 77 35 79 83
4 72 59 84 34 56
24 21 73 79 55 90
19 67 84 98 50 86
66 38 63 59 80 26
59 57 88 54 52 88
92 95 60 17 28 99
61 60 67 48 99 51
69 56 9 87 80 28
91 76 71 51 27 60
56 68 85 27 63 75
87 14 56 75 40 75
78 69 43 10 76 99
85 58 86 53 58 48
52 59 86 17 96 5
57 60 69 60 47 74
86 63 6 99 65 86
90 59 15 94 58 73
72 62 56 61 53 39
55 51 60 52 72 76
69 64 99 1 58 84
54 65 32 55 60 52
91 62 53 16 61 72
65 54 83 56 56 74
79 69 93 95 73 5
56 57 76 55 68 51
91 71 58 2 61 68
52 56 92 66 82 57
69 78 89 51 79 42
86 55 71 52 21 80
64 29 58 68 85 84
53 61 83 88 53 10
68 89 4 71 63 55
53 65 67 65 69 57
95 61 25 58 92 54
61 91 66 79 60 9
79 82 72 1 71 92
79 59 31 10 87 80
63 8 65 63 60 92
84 90 53 12 65 71
60 52 73 59 75 64
53 67 63 75 4 84
85 56 1 45 83 65
67 10 12 64 76 94
12 59 55 77 97 72
90 85 72 67 42 37
58 63 85 17 52 69
76 64 12 91 66 94
75 88 97 6 56 98
91 81 11 32 60 72
57 16 94 52 51 89
