300 6
42 43 9 25 26 99
86 62 92 74 59 73
34 55 80 56 60 75
43 77 79 98 87 69
70 73 56 77 59 80
73 67 53 83 98 83
83 60 78 73 55 70
69 60 67 59 84 65
52 9 76 87 31 61
30 87 52 65 65 85
59 12 82 63 42 96
95 93 100 55 65 69
78 13 20 91 56 78
53 74 81 54 85 80
2 61 68 53 45 67
98 66 78 61 84 56
100 96 96 8 52 60
94 11 47 56 73 88
63 78 51 14 53 33
74 51 29 55 77 63
75 70 63 55 61 29
58 70 54 52 47 85
86 41 68 88 100 27
94 71 91 51 84 53
100 2 56 59 85 26
100 28 62 74 17 82
15 66 5 97 97 81
57 85 24 12 23 67
66 61 34 68 93 62
90 54 40 87 26 55
24 32 96 64 83 61
71 55 84 60 55 25
65 76 81 52 70 65
82 25 75 54 83 69
91 77 90 58 12 85
98 55 11 74 92 36
66 14 67 100 53 76
20 100 60 59 89 76
68 88 92 84 54 22
84 72 5 94 98 85
67 70 99 80 30 93
71 83 78 56 15 98
82 64 55 27 59 87
91 52 83 79 71 78
66 56 79 61 42 72
84 28 60 74 52 89
51 95 7 84 61 58
78 59 14 73 99 86
71 61 82 19 92 92
60 72 4 80 75 62
77 50 78 59 72 86
63 51 92 59 97 82
59 54 79 8 58 66
79 53 97 59 73 1
63 63 93 65 57 63
85 57 27 60 33 64
60 60 73 98 62 87
60 58 79 94 67 28
12 79 88 77 84 53
63 74 66 94 27 74
93 52 77 94 85 58
100 61 7 64 55 63
64 51 53 58 99 72
59 80 93 52 72 52
9 80 69 62 65 11
69 90 40 92 58 65
63 93 84 4 97 67
97 57 21 78 51 86
79 52 53 66 81 53
94 60 59 60 56 54
75 77 61 86 75 57
61 21 93 60 79 55
23 63 5 59 94 54
76 77 40 93 56 93
56 75 98 55 94 66
60 70 73 39 86 87
64 36 99 51 92 68
75 100 35 6 84 85
1 64 93 58 51 69
55 83 68 41 92 2
95 57 61 79 55 58
96 73 87 70 19 61
18 70 24 81 99 52
83 22 2 90 51 57
52 91 58 82 88 82
81 55 53 43 99 52
95 89 90 13 83 65
65 59 76 87 77 55
43 65 95 58 77 59
68 57 51 59 45 98
61 95 58 65 100 4
54 82 60 84 75 80
71 41 54 14 78 98
17 73 75 94 81 38
52 28 66 54 37 94
55 26 51 93 7 50
76 41 36 77 72 93
53 88 64 85 71 62
86 100 71 77 19 68
78 94 88 70 44 62
30 67 75 75 67 55
96 20 91 65 68 95
77 75 51 59 53 61
64 4 18 78 54 78
67 97 81 12 53 5
54 69 61 49 62 52
95 58 81 46 52 87
97 53 20 76 80 89
84 77 87 74 80 14
94 2 100 68 85 91
58 96 63 37 38 7
60 69 82 35 59 52
20 59 91 78 67 86
53 88 58 56 61 51
85 82 63 59 31 78
29 62 93 65 91 53
25 51 99 65 65 72
76 63 77 59 62 54
52 62 85 6 62 74
52 51 62 94 52 70
72 55 61 65 53 63
70 58 98 61 51 16
56 1 56 87 76 78
28 70 10 67 78 93
92 75 75 66 14 99
87 58 48 60 90 57
59 67 52 74 84 87
91 12 80 85 78 74
61 26 21 93 91 91
54 78 44 60 98 20
98 58 59 61 66 53
71 56 73 53 72 53
76 95 69 68 62 2
84 58 20 61 59 64
88 54 97 70 30 71
54 77 80 65 56 61
78 78 4 100 57 80
73 37 53 78 77 54
58 78 86 57 53 33
59 65 83 57 100 64
51 77 67 69 69 89
54 71 24 41 52 95
91 87 66 58 44 46
56 55 62 84 68 58
63 66 42 34 55 58
56 56 67 55 86 88
35 51 75 87 57 76
79 19 13 76 52 70
93 61 62 5 59 80
96 98 23 78 52 37
76 44 54 69 62 40
73 66 54 81 51 72
90 84 95 39 96 23
75 12 53 71 77 61
53 23 64 57 77 74
65 56 54 86 24 98
56 67 59 91 62 52
93 74 98 54 79 27
64 33 84 81 68 64
33 86 49 55 78 91
73 90 68 63 38 23
92 81 98 54 6 83
51 18 81 55 56 78
56 50 95 53 54 51
67 47 99 21 79 87
55 99 57 77 94 40
70 80 17 82 92 59
55 53 79 83 70 35
37 57 63 99 98 82
76 37 76 12 63 75
77 68 90 60 45 52
52 58 66 83 99 91
21 92 83 56 65 58
68 57 88 11 54 59
7 69 55 97 93 95
74 74 3 61 73 84
33 56 94 63 63 62
49 29 2 52 63 87
37 32 6 84 92 23
56 81 91 76 13 65
92 88 60 3 78 96
11 57 64 58 68 75
8 32 71 82 59 96
54 30 95 94 84 55
55 59 79 58 60 86
25 85 88 67 55 63
79 67 45 71 85 52
100 94 99 57 37 58
69 3 58 63 62 42
78 68 82 19 5 74
79 47 78 27 72 61
72 53 69 58 57 57
99 93 90 1 77 65
77 56 73 51 58 82
80 72 80 61 88 11
76 93 72 97 6 81
19 68 51 91 73 84
77 60 100 63 14 27
83 54 98 63 53 89
79 68 58 32 100 69
70 15 92 71 17 62
13 56 79 89 93 89
44 34 76 93 53 80
59 85 1 57 31 77
53 72 87 65 93 64
88 40 81 61 98 46
21 56 57 55 83 36
57 80 45 51 51 54
95 70 64 31 73 64
82 54 90 45 88 52
74 98 93 56 16 70
95 54 53 93 82 14
83 90 90 64 5 62
82 88 53 49 65 27
88 8 64 60 68 10
65 19 73 54 52 54
78 63 59 51 59 77
3 64 82 58 69 56
81 1 75 85 76 44
51 97 54 75 70 62
78 89 28 77 93 65
86 54 65 65 59 86
52 95 99 71 29 72
67 64 63 72 69 21
68 6 61 84 13 74
61 37 74 76 94 65
74 100 63 1 71 88
52 18 72 70 84 98
52 58 91 7 98 71
66 94 58 87 11 16
76 79 70 87 11 67
49 75 53 53 90 84
57 58 18 71 95 58
53 72 68 85 36 61
35 37 95 61 1 97
52 73 59 85 58 92
30 96 71 65 32 74
72 73 56 64 52 54
7 84 85 63 33 87
52 62 24 54 53 89
92 65 59 66 57 62
3 58 84 79 89 60
29 69 74 84 34 60
15 77 29 36 64 82
51 58 9 8 85 96
92 61 55 56 53 97
42 55 64 89 59 73
57 53 54 83 81 74
66 2 45 95 51 97
1 56 19 62 57 53
83 53 71 51 74 85
22 52 85 78 87 92
37 61 53 56 83 77
74 69 57 69 54 86
85 58 91 52 53 90
91 14 75 54 82 54
99 73 49 24 89 72
54 80 70 98 62 51
61 55 66 46 73 89
92 58 99 83 51 10
87 53 24 74 55 73
28 99 61 7 72 62
60 60 91 62 52 77
53 92 66 54 79 66
80 54 75 53 9 87
61 68 60 61 16 67
77 86 69 6 25 72
12 20 84 88 20 92
85 93 4 76 79 66
93 46 27 96 7 64
95 57 39 51 96 74
83 83 91 53 38 71
13 56 17 95 99 90
89 84 61 63 1 75
64 62 75 52 77 59
80 77 56 5 88 67
56 21 65 88 82 52
39 94 56 87 39 36
63 8 60 52 58 78
92 80 44 69 60 10
65 62 58 55 78 62
80 77 46 12 78 88
66 27 32 72 57 52
66 67 66 36 41 63
51 24 86 76 76 58
56 57 65 54 72 59
63 54 58 77 55 91
62 84 66 43 66 76
68 51 59 87 52 80
79 51 52 59 67 75
93 62 54 60 70 52
52 60 85 61 29 37
73 60 81 90 51 2
61 77 66 55 26 56
24 24 94 62 63 62
73 82 82 63 11 88
86 62 52 57 77 59
98 55 92 96 51 49
86 83 90 6 67 57
66 64 1 64 89 97
