300 6
75 20 69 32 32 82
72 81 79 98 89 51
12 97 66 99 64 80
65 81 86 76 61 87
56 55 74 86 84 79
81 56 57 90 91 68
99 92 89 63 61 76
3 63 58 63 97 89
99 68 15 84 31 100
70 81 88 52 93 72
65 95 58 54 53 75
100 74 45 93 32 93
17 97 74 65 98 55
27 67 80 63 77 51
51 60 62 65 75 70
77 55 100 65 80 66
41 98 77 77 51 61
65 27 77 96 56 94
80 61 52 87 85 2
72 96 76 33 88 99
51 84 70 91 24 53
64 83 58 40 93 92
74 52 51 86 59 76
55 6 47 68 82 66
95 98 85 73 46 81
69 87 75 91 85 46
93 52 76 72 72 48
79 56 97 75 61 51
89 60 80 12 34 88
79 52 87 2 70 78
35 64 64 64 82 66
78 56 59 54 92 81
94 75 34 65 88 99
92 70 65 56 88 3
99 67 56 35 78 79
95 73 55 68 80 4
7 53 65 55 57 39
13 73 99 30 81 70
79 64 61 68 78 71
82 61 52 59 55 87
76 64 50 53 79 68
95 75 77 39 81 67
70 62 53 100 4 60
60 88 52 17 5 36
62 44 98 95 9 86
15 82 43 53 57 83
53 92 60 54 94 63
94 80 61 88 56 32
4 43 99 57 83 82
88 65 84 62 52 70
18 100 9 97 72 71
78 90 50 68 73 66
77 63 53 19 83 68
57 54 70 52 90 53
98 53 61 97 72 68
12 61 63 60 40 85
58 92 64 91 19 96
61 94 81 12 80 82
97 57 2 14 98 54
82 70 66 52 63 68
56 87 30 57 87 78
69 80 61 57 64 93
70 4 71 53 85 62
34 83 64 82 62 75
79 63 60 99 66 57
99 60 55 70 76 59
80 91 33 79 55 97
88 86 63 66 57 51
51 65 58 61 64 86
63 51 73 58 50 58
84 13 64 51 66 59
38 94 74 65 55 72
52 98 57 97 92 51
52 66 53 65 59 54
79 58 52 97 26 55
42 62 58 57 18 6
69 72 49 72 78 57
95 27 76 76 57 24
75 88 29 92 45 94
69 55 83 96 68 11
67 81 100 10 87 67
54 72 100 38 84 78
63 66 83 52 55 73
55 90 2 100 55 73
83 74 27 74 86 4
74 69 34 47 53 54
62 18 83 63 59 82
59 82 18 85 97 61
14 5 51 99 91 86
81 56 24 57 51 55
54 85 86 71 11 72
78 63 54 47 96 67
77 54 75 53 55 65
81 63 95 30 74 54
63 44 74 73 95 61
59 72 52 27 84 95
76 59 52 84 39 99
95 74 77 56 32 70
74 93 26 86 68 87
78 55 53 64 81 73
61 60 64 58 96 99
75 82 69 56 89 15
88 11 85 70 78 88
62 97 9 90 77 73
65 73 51 3 76 63
57 35 69 77 79 56
84 57 32 13 90 100
53 100 78 54 55 100
67 67 66 21 91 93
77 36 97 58 67 72
78 38 90 94 77 75
95 82 52 18 56 82
59 66 33 64 71 100
52 92 8 55 35 64
100 69 94 11 80 54
90 77 95 27 83 54
95 61 59 52 89 49
6 97 84 68 31 52
57 7 83 58 86 94
70 34 64 59 51 72
55 9 58 80 69 72
52 58 36 65 73 83
53 26 71 64 61 96
52 92 100 14 91 86
65 58 88 91 7 64
88 52 78 29 61 90
82 52 61 51 78 55
86 55 35 80 79 68
80 97 97 6 98 53
89 31 53 27 63 91
10 75 95 38 98 79
22 78 58 68 71 80
74 59 68 52 63 90
51 80 53 80 84 89
56 86 83 29 68 70
75 15 98 38 80 77
79 17 55 78 72 52
66 71 53 53 78 96
30 89 87 95 53 70
53 65 69 61 84 4
76 72 85 46 96 80
67 63 34 15 84 90
78 15 45 78 72 25
1 52 86 78 52 65
54 27 62 77 52 56
60 52 68 56 80 88
73 3 60 52 33 24
56 56 23 70 88 53
62 73 46 96 78 58
58 54 53 81 73 15
71 53 70 90 54 52
90 22 52 70 86 16
9 68 60 81 60 80
29 2 46 56 94 53
25 52 100 76 53 98
99 1 93 80 90 86
76 55 96 42 51 65
54 15 92 87 62 63
64 13 81 67 72 77
67 84 22 71 89 100
19 93 39 54 87 73
71 51 74 51 80 58
54 86 51 96 58 67
81 82 82 60 12 89
79 58 34 95 51 52
3 64 61 99 35 70
58 56 55 33 91 51
59 60 89 51 76 91
39 65 64 61 66 14
52 1 52 70 100 71
10 68 34 54 77 96
21 58 58 75 99 83
54 100 79 26 64 62
54 79 95 48 55 52
62 80 51 64 66 85
78 78 19 100 4 64
56 64 68 30 46 26
2 76 86 84 67 52
77 61 57 86 54 78
54 7 53 75 76 92
55 59 68 54 4 94
100 27 51 66 54 55
57 74 15 1 82 92
93 55 93 30 40 64
72 51 86 53 56 52
26 92 59 51 66 78
24 79 7 83 96 67
95 76 55 83 74 9
51 58 74 56 61 1
77 68 30 97 58 75
76 93 92 94 3 72
91 72 40 76 100 52
88 74 41 77 59 50
69 73 3 64 52 92
67 76 11 55 98 94
36 74 56 89 42 14
18 62 64 57 24 56
96 64 3 83 97 51
78 87 12 86 79 78
43 48 95 98 83 88
87 26 95 51 89 15
54 68 53 62 64 91
23 24 58 12 74 69
58 94 5 97 98 64
8 100 99 68 56 48
52 85 70 10 63 21
84 52 51 76 35 78
55 56 63 65 75 53
70 75 72 16 53 55
69 100 99 2 27 82
92 65 15 53 65 85
54 58 13 52 63 69
83 75 64 54 97 12
71 70 63 95 9 58
8 60 75 97 25 66
57 99 54 89 51 63
54 54 60 68 60 51
51 35 56 72 67 71
52 1 43 12 95 57
26 87 93 53 60 69
86 51 74 83 28 94
8 74 52 55 96 90
55 99 62 65 9 52
62 61 57 32 62 55
84 56 64 51 64 1
8 70 18 66 91 84
63 22 83 59 68 80
81 94 22 55 80 58
62 16 70 76 38 90
57 52 52 67 62 53
61 82 94 13 67 89
49 97 21 55 57 66
63 38 17 58 97 67
61 67 35 81 4 86
55 70 67 41 64 92
58 24 80 83 76 55
64 86 65 13 71 79
68 63 52 65 89 59
52 71 36 86 51 84
53 81 18 51 61 53
27 89 82 74 65 9
64 24 69 45 54 60
54 6 69 87 26 74
18 92 52 95 63 52
55 56 94 75 31 83
70 43 18 75 76 51
83 62 2 78 89 77
57 53 51 77 62 94
51 8 79 98 74 70
57 52 55 64 100 22
18 78 99 93 68 30
36 66 61 95 60 64
34 57 59 73 70 59
63 77 56 53 87 59
14 81 55 80 53 81
89 75 36 58 58 37
46 76 78 99 5 82
39 92 51 26 80 80
64 60 82 26 98 9
99 100 94 5 55 48
70 87 5 84 89 88
59 55 81 54 54 99
74 7 53 72 57 79
5 87 62 76 98 73
70 68 51 58 64 14
66 57 51 95 68 63
93 54 35 68 96 66
74 81 55 55 90 51
63 85 58 50 60 69
88 52 93 1 84 61
45 98 9 74 60 81
76 65 86 7 64 70
1 35 72 78 80 84
60 91 87 99 3 53
16 57 59 81 91 62
25 83 45 81 52 78
52 20 76 87 100 51
34 95 48 46 71 48
22 53 85 95 55 98
78 54 66 93 18 85
42 58 68 64 65 1
87 32 79 30 89 63
98 53 96 75 83 11
79 26 52 59 76 64
88 57 5 98 64 80
71 24 17 59 60 63
63 33 52 67 64 81
85 65 51 55 53 67
67 82 51 82 60 70
95 55 57 60 51 65
35 63 52 64 60 89
2 60 82 53 99 91
90 77 14 67 77 42
68 25 53 71 50 91
76 60 55 72 80 24
91 60 9 66 95 71
58 5 100 51 61 61
79 67 9 92 69 99
51 97 53 75 24 76
79 62 98 97 6 66
