300 6
0.40 0.25 0.36 0.82 0.76 0.12
0.72 0.57 0.51 0.97 0.73 0.80
0.60 0.76 0.91 0.58 0.80 0.56
0.61 0.69 0.51 0.75 0.98 0.21
0.73 0.81 0.88 0.51 0.74 0.82
1.00 0.70 0.88 0.89 0.61 0.88
0.68 0.63 0.77 0.60 0.84 0.84
0.64 0.83 0.88 0.53 0.71 0.67
0.79 0.39 0.70 0.89 0.72 0.01
0.01 0.70 0.53 0.41 0.52 0.31
0.57 0.62 0.63 0.55 0.56 0.82
0.77 0.67 0.90 0.62 0.87 0.47
0.51 0.60 0.78 0.52 0.84 0.79
0.84 0.22 0.54 0.98 0.94 0.75
0.83 0.92 0.63 0.80 0.21 0.56
0.93 0.59 0.70 0.83 0.58 0.57
0.46 0.57 0.12 0.87 0.39 0.67
0.62 0.67 0.61 0.53 0.81 0.87
0.65 0.65 0.81 0.73 0.44 0.73
0.90 0.73 0.84 0.37 0.58 0.49
0.91 0.69 1.00 0.58 0.57 0.60
0.35 0.51 0.57 0.74 0.79 0.77
0.57 0.40 0.74 0.69 0.71 0.66
0.79 0.32 0.57 0.56 0.80 0.87
0.87 0.70 0.32 0.95 0.53 0.52
0.80 0.72 0.65 0.51 0.26 0.85
0.56 0.98 0.87 0.08 0.97 0.90
0.70 0.16 0.60 0.70 0.55 0.96
0.63 0.25 0.64 0.81 0.74 0.92
0.98 0.66 0.99 0.35 0.71 0.75
0.98 0.54 0.57 0.81 0.94 0.74
0.64 0.67 0.61 0.69 0.69 0.78
0.68 0.52 0.73 0.63 0.93 0.82
0.84 0.52 0.53 0.78 0.63 0.84
0.19 0.36 0.95 0.52 0.85 0.58
0.52 0.68 0.06 0.09 0.73 0.54
0.89 0.60 0.53 0.73 0.86 0.82
0.54 0.67 0.57 0.80 0.52 0.66
0.99 0.67 0.67 0.54 0.69 0.76
0.90 0.55 0.28 0.84 0.92 0.97
0.10 0.93 0.52 0.75 0.88 0.79
0.29 0.43 0.35 0.92 0.97 0.72
0.70 0.58 0.82 0.65 0.67 0.81
0.29 0.67 0.95 0.83 0.53 0.90
0.72 0.59 0.59 0.35 0.73 0.61
0.80 0.44 0.99 0.63 0.53 0.88
0.79 0.57 0.98 0.26 0.69 0.88
0.74 0.56 0.57 0.28 0.56 0.67
0.63 0.61 0.56 0.55 0.59 0.83
0.64 0.76 0.56 0.56 0.62 0.21
0.82 0.81 0.95 0.61 0.29 0.76
0.45 0.67 0.97 0.39 0.89 0.54
0.63 0.53 0.89 0.59 0.69 0.81
0.94 0.80 0.19 0.82 0.51 0.76
0.83 0.14 0.47 0.63 0.98 0.77
0.33 0.59 0.89 0.29 0.28 0.59
0.80 0.87 0.78 0.85 0.16 0.09
0.41 0.36 0.78 0.62 0.94 0.68
0.91 0.70 0.91 0.70 0.50 0.55
0.89 0.69 0.83 0.80 1.00 0.15
0.69 0.28 0.31 0.86 0.67 0.66
0.65 0.23 0.33 0.59 0.74 0.32
0.35 0.59 0.87 0.40 0.78 0.75
0.66 0.78 0.84 0.85 0.61 0.16
0.98 0.55 0.54 0.99 0.66 0.59
0.97 0.05 0.95 0.87 0.71 0.63
0.68 0.88 0.88 0.81 0.54 0.13
0.59 0.63 0.15 0.84 0.52 0.11
0.51 0.93 0.56 0.74 0.29 0.57
1.00 0.11 0.71 0.73 0.59 0.98
0.55 0.36 0.96 0.59 0.93 0.52
0.65 0.76 0.88 0.51 0.01 0.80
0.51 0.95 0.94 0.53 0.23 0.56
0.66 0.58 0.84 0.57 0.68 0.86
0.59 0.59 0.66 0.84 0.19 0.87
0.57 0.61 0.92 0.51 0.44 0.35
0.02 0.52 0.57 0.75 0.95 0.59
0.55 0.66 0.80 0.66 0.52 0.59
0.95 1.00 0.83 0.65 0.09 0.57
0.74 0.60 0.83 0.44 0.52 0.87
0.28 0.38 0.53 0.77 0.59 0.73
0.78 0.54 0.18 0.76 0.21 0.67
0.60 0.23 0.12 0.62 0.90 0.11
0.11 0.80 0.27 0.60 0.54 0.80
0.57 0.61 0.82 0.11 0.52 0.64
0.61 0.56 0.39 0.93 0.20 0.70
0.52 0.63 0.83 0.69 0.78 0.55
0.94 0.53 0.14 0.95 0.75 0.65
0.64 0.67 0.76 0.81 0.03 0.46
0.63 0.15 0.73 0.51 0.86 0.84
0.80 0.38 0.01 0.94 0.85 0.57
0.04 0.51 0.75 0.59 0.53 0.53
0.97 0.53 0.68 0.55 0.67 0.53
0.56 0.06 0.69 0.58 0.66 0.98
0.71 0.65 0.55 0.80 0.13 0.88
0.75 0.86 0.74 0.09 0.72 0.64
0.87 0.51 0.82 0.57 0.80 0.60
0.10 0.56 0.17 1.00 0.68 0.35
0.56 0.64 0.76 0.56 0.89 0.89
0.67 0.58 0.06 0.96 0.90 0.58
0.67 0.61 0.71 0.15 0.86 0.64
0.64 0.59 0.56 0.79 0.51 0.22
0.56 0.92 0.05 0.87 0.57 0.80
1.00 0.87 0.16 0.60 0.83 0.49
0.72 0.61 0.51 0.56 0.52 0.81
0.57 0.67 0.59 0.89 0.72 0.50
0.55 0.03 0.99 0.89 0.91 0.91
0.58 0.17 0.51 0.25 0.91 0.52
0.10 0.54 0.02 0.57 0.12 0.73
0.79 0.78 0.52 0.31 0.59 0.72
0.84 0.47 0.44 0.84 0.73 0.53
0.99 0.86 0.02 0.75 0.73 0.64
0.73 0.33 0.94 0.85 0.68 0.52
0.82 0.11 0.73 0.89 0.58 0.79
0.19 0.90 0.56 0.99 0.73 0.19
0.85 0.69 0.11 0.78 0.63 0.62
0.80 0.84 0.78 0.16 0.72 0.57
0.78 0.81 0.62 0.26 0.54 0.92
0.62 0.69 0.76 0.86 0.35 0.58
0.87 0.53 0.10 0.02 0.15 0.52
0.03 0.53 0.63 0.63 0.58 0.78
0.83 0.15 0.73 0.88 0.62 0.92
0.59 0.57 0.73 0.81 0.88 0.62
0.64 0.02 0.59 0.34 0.55 0.56
0.55 1.00 0.89 0.53 0.09 0.77
0.78 0.52 0.99 0.57 0.78 0.06
0.16 0.56 0.85 0.14 0.39 0.52
0.76 0.56 0.70 0.94 0.35 0.69
0.74 0.63 0.64 0.57 0.80 0.54
0.81 0.53 0.13 0.62 0.31 0.69
0.79 0.99 0.99 0.52 0.74 0.26
0.51 0.48 0.55 0.71 0.71 0.77
0.68 0.85 0.82 0.21 0.94 0.53
0.77 0.65 0.52 0.29 0.53 0.52
0.52 0.09 0.67 0.98 0.64 0.91
0.57 0.86 0.95 0.91 0.77 0.05
0.55 0.96 0.58 0.06 0.94 0.55
0.53 0.69 0.72 0.53 0.59 0.79
0.51 0.76 0.73 0.32 0.96 0.77
0.56 0.81 0.76 0.07 0.88 0.88
0.57 0.57 0.70 0.62 0.82 0.69
0.57 0.72 0.36 0.52 0.68 0.71
0.78 0.86 0.79 0.57 0.34 0.51
0.55 0.72 0.75 0.20 0.67 0.84
0.66 0.92 0.42 0.90 0.02 0.62
0.92 0.03 0.79 0.08 0.62 0.94
0.64 0.90 0.93 0.74 0.60 0.21
0.51 0.61 0.16 0.69 0.69 0.34
0.62 0.56 0.60 0.52 0.29 1.00
0.78 0.65 0.05 0.56 0.83 0.35
0.81 0.61 0.30 0.69 0.61 0.23
0.86 0.87 0.64 0.67 0.27 0.72
0.90 0.70 0.59 0.91 0.04 0.82
0.56 0.62 0.54 0.68 0.86 0.57
0.72 0.95 0.89 0.54 0.80 0.22
0.80 0.53 0.76 0.53 0.76 0.33
0.63 0.02 0.92 0.87 0.93 0.79
0.77 0.98 0.74 0.48 0.35 0.51
0.95 0.89 0.97 0.59 0.10 0.70
0.96 0.03 0.52 0.99 0.99 0.71
0.35 0.69 0.89 0.15 0.19 0.71
0.54 0.19 0.96 0.75 0.79 0.92
0.63 0.62 0.71 0.46 0.68 0.59
0.65 0.80 0.51 0.01 0.68 0.70
0.54 0.52 0.62 0.84 0.55 0.71
0.71 0.65 0.11 0.17 0.90 0.50
0.22 0.86 0.51 0.92 0.99 0.53
0.94 0.64 0.81 0.80 0.01 0.61
0.57 0.96 0.65 0.07 0.60 0.66
0.23 0.26 0.86 0.65 0.57 0.80
0.88 0.28 0.55 0.91 0.69 0.57
0.78 0.64 0.99 0.95 0.58 0.06
0.91 0.51 0.25 0.86 0.85 0.91
0.36 0.56 0.04 0.70 0.99 0.46
1.00 0.53 0.72 0.69 0.70 0.07
0.60 0.57 0.77 0.44 0.59 0.75
0.75 0.81 0.71 0.84 0.16 0.52
0.87 0.38 0.63 0.61 0.77 0.15
0.79 0.71 0.82 0.25 0.35 0.90
0.52 0.55 0.54 0.51 0.72 0.59
0.47 0.53 0.80 0.16 0.62 0.58
0.57 0.99 0.94 0.57 0.52 0.05
0.28 0.62 0.73 0.87 0.72 0.56
0.95 0.87 0.79 0.21 0.64 0.06
0.66 0.52 0.72 0.79 0.76 0.19
0.54 0.60 0.78 0.55 0.68 0.94
0.65 0.31 0.07 0.70 0.87 0.81
0.55 0.68 0.05 0.85 0.76 0.58
0.59 0.79 0.83 0.60 0.58 0.10
0.53 0.96 0.78 0.15 0.53 0.75
0.73 0.93 0.57 0.72 0.61 0.10
0.97 0.66 0.76 0.80 0.59 0.17
0.80 0.84 0.36 0.53 0.70 0.65
0.71 0.52 0.08 0.97 0.78 0.78
0.61 0.10 0.93 0.62 0.95 0.12
0.78 0.69 0.82 0.68 0.13 0.62
0.90 0.23 0.92 0.24 0.96 0.54
0.19 0.52 0.36 0.86 0.62 0.77
0.72 0.52 0.99 0.84 0.10 0.14
0.69 0.68 0.89 0.64 0.13 0.70
0.92 0.52 0.98 0.72 0.54 0.07
0.71 0.55 0.11 0.98 0.51 0.56
0.97 0.03 0.60 0.79 0.52 0.90
0.74 0.86 0.53 0.32 0.06 0.77
0.55 0.91 0.97 0.44 0.21 0.67
0.94 0.52 0.73 0.82 0.20 0.68
0.67 0.54 0.84 0.03 0.74 0.69
0.56 0.90 0.51 0.52 0.61 0.77
0.62 0.57 0.96 0.85 0.77 0.04
0.52 0.90 0.06 0.81 0.99 0.05
0.63 0.90 0.51 0.80 0.54 0.67
0.68 0.66 0.18 0.02 0.69 0.52
0.66 0.77 0.74 0.04 0.91 0.59
0.60 0.07 0.63 0.77 0.60 0.76
0.68 0.56 1.00 0.55 0.14 0.57
0.07 0.49 0.97 1.00 0.76 0.74
0.96 0.61 0.95 1.00 0.63 0.18
0.92 0.78 0.89 0.06 0.97 0.02
0.65 0.52 0.68 0.99 0.54 0.57
0.52 0.51 0.16 0.71 0.97 0.98
0.84 0.52 0.88 0.99 0.33 0.89
0.61 0.53 0.58 0.61 0.88 0.71
0.54 0.73 0.93 0.57 0.98 0.25
0.98 0.62 0.70 0.56 0.93 0.25
0.92 0.06 0.75 0.60 0.67 0.17
0.81 0.94 0.01 0.81 0.71 0.59
0.56 0.79 0.62 0.24 0.56 0.90
0.64 0.63 0.56 0.53 0.57 0.86
0.83 0.17 0.51 0.65 0.68 0.81
0.75 0.87 0.52 0.75 0.23 0.55
0.83 0.14 0.54 0.69 0.22 0.97
0.86 0.82 0.70 0.88 0.44 0.65
0.69 0.85 0.18 0.60 0.52 0.21
0.57 0.58 0.74 0.97 0.57 0.58
0.74 0.60 0.68 0.58 0.89 0.55
0.60 0.25 0.78 0.66 0.65 0.98
0.60 0.56 0.52 0.52 0.77 0.58
0.31 0.80 0.65 0.85 0.56 0.19
0.77 0.61 0.81 0.52 0.54 0.66
0.01 0.55 0.95 0.61 0.89 0.97
0.50 0.70 0.03 0.56 0.51 0.27
0.62 0.54 0.66 0.51 0.62 0.38
0.25 0.52 0.64 0.81 0.90 1.00
0.66 0.58 0.26 0.56 0.92 0.86
0.76 0.59 0.55 0.73 0.50 0.63
0.36 0.64 0.56 0.99 0.79 0.54
0.75 0.81 0.52 0.33 0.16 0.94
0.93 0.68 0.74 0.78 0.82 0.09
0.60 0.10 0.59 0.58 0.57 0.58
0.68 0.62 0.21 0.57 0.60 0.70
0.30 0.32 0.72 0.21 0.96 0.92
0.38 1.00 0.94 0.65 0.76 0.20
0.98 0.87 0.80 0.56 0.10 0.65
0.80 0.45 0.67 0.29 0.62 0.71
0.59 0.57 0.64 0.63 0.60 0.08
0.63 0.51 0.89 0.45 0.90 0.90
0.82 0.97 0.09 0.60 0.99 0.21
0.51 0.90 0.03 0.51 0.51 0.97
0.23 0.81 0.51 0.49 0.62 0.95
0.51 0.99 0.59 0.03 0.52 0.69
0.52 0.66 0.81 0.51 0.46 0.59
0.53 0.63 0.76 0.97 0.99 0.05
0.52 0.70 0.38 0.56 0.30 0.56
0.66 0.30 0.91 0.96 0.45 0.66
0.16 0.64 0.93 0.60 0.64 0.38
0.93 0.51 0.56 0.53 0.83 0.28
0.51 0.93 0.51 0.73 0.02 0.72
0.80 0.16 0.96 0.97 0.44 0.72
0.59 0.51 0.40 0.23 0.70 0.95
0.89 0.37 0.80 0.61 0.54 0.74
0.56 0.60 0.32 0.68 0.93 0.31
0.05 0.80 1.00 0.06 0.64 0.79
0.58 0.31 0.32 0.66 0.47 0.84
0.93 0.79 0.40 0.53 0.93 0.09
0.57 0.53 0.14 0.83 0.65 0.51
0.69 0.53 0.67 0.99 0.42 0.54
0.86 0.83 0.70 1.00 0.11 0.31
0.63 0.09 0.80 0.41 0.91 0.82
0.08 0.71 0.67 0.96 0.52 0.28
0.99 0.51 0.45 0.84 0.55 0.62
0.61 0.29 0.95 0.79 0.80 0.23
0.51 0.99 0.57 0.54 0.51 0.83
0.62 0.57 0.77 0.96 0.28 0.64
0.57 0.87 0.89 0.52 0.62 0.29
0.63 0.81 0.78 0.60 0.09 0.78
0.72 0.63 0.40 0.90 0.88 0.03
0.53 0.11 0.72 0.84 0.43 0.54
0.41 0.61 0.60 0.75 0.11 0.88
0.91 0.66 0.20 0.05 0.84 0.32
0.55 0.66 0.82 0.11 0.22 0.97
0.61 0.80 0.72 0.61 0.62 0.05
0.69 0.74 0.79 0.67 0.60 0.05
0.66 0.09 0.66 0.89 0.70 0.51
0.79 0.40 0.85 0.59 0.09 0.87
0.68 0.29 0.52 0.99 0.84 0.01
0.31 0.87 0.62 0.32 0.52 0.18
0.60 0.65 0.61 0.83 0.04 0.64
0.63 0.97 0.36 0.74 0.73 0.23
0.53 0.57 0.29 0.70 0.67 0.54
0.83 0.74 0.58 0.05 0.40 0.94
