300 6
0.79 0.95 0.62 0.26 0.72 0.76
0.53 0.89 0.89 0.84 0.58 0.82
0.62 0.65 0.90 0.75 0.70 0.55
0.82 0.92 0.92 0.17 0.94 0.52
0.92 0.25 0.79 0.69 0.52 0.78
0.90 0.88 0.80 0.65 0.56 0.87
0.73 0.80 0.77 0.95 0.76 0.81
0.83 0.61 0.90 0.56 0.54 0.17
0.07 0.54 0.80 0.97 0.99 0.26
0.77 0.68 0.58 0.61 0.62 0.82
0.65 0.54 0.69 0.78 0.63 0.56
0.82 0.55 0.47 0.80 0.88 0.89
0.68 0.77 0.64 0.82 0.74 0.86
0.67 0.96 0.79 0.70 0.94 0.86
0.89 0.66 0.53 0.73 0.73 0.86
0.27 0.96 0.53 0.95 0.05 0.70
0.98 0.59 0.55 0.52 1.00 0.33
0.95 0.57 0.59 0.94 0.64 0.78
0.67 0.62 0.77 0.53 0.56 0.84
0.95 0.79 0.66 0.68 0.76 0.68
0.60 0.39 0.54 0.71 0.60 0.79
0.95 0.77 0.77 0.60 0.70 0.68
0.73 0.81 0.67 0.78 0.57 0.66
0.52 0.84 0.97 0.40 0.55 0.84
0.63 0.75 0.92 0.81 0.65 0.72
0.16 0.64 0.75 0.99 0.17 0.68
0.57 0.95 0.59 0.73 0.70 0.77
0.91 0.57 0.70 0.57 0.75 0.89
0.78 0.56 0.31 0.64 0.58 0.92
0.83 0.87 0.56 0.58 0.59 1.00
0.73 0.96 0.73 0.63 0.54 0.62
0.55 0.78 0.93 0.70 0.50 0.90
0.14 0.87 0.53 0.68 1.00 0.63
0.70 0.94 0.57 0.90 0.47 0.54
0.98 0.52 0.77 0.82 0.52 0.79
0.02 0.71 0.62 0.76 0.83 0.68
0.43 0.62 0.96 0.76 0.81 0.93
0.81 0.59 0.61 0.98 0.66 0.14
0.57 0.63 0.67 0.61 0.59 0.84
0.66 0.71 0.74 0.66 0.78 0.80
0.68 0.97 0.52 0.81 0.72 0.75
0.80 0.84 0.53 0.89 0.46 0.67
0.68 0.61 0.24 0.72 0.83 0.64
0.57 0.53 0.01 0.91 0.63 0.39
1.00 0.60 0.62 0.61 0.65 0.61
0.77 0.66 0.93 0.51 0.49 0.58
0.76 0.80 0.73 0.72 0.72 0.59
0.75 0.30 0.68 0.98 0.83 0.81
0.55 0.68 0.94 0.61 0.58 0.94
0.76 0.94 0.84 0.60 0.66 0.73
0.19 0.96 0.78 0.52 0.74 0.78
0.94 0.99 0.54 0.53 0.87 0.56
0.92 0.69 0.57 0.73 0.66 0.68
0.88 0.83 0.82 0.75 0.56 0.79
0.94 0.76 0.75 0.65 0.67 0.70
0.71 0.70 0.58 0.67 0.99 0.78
0.38 0.51 0.70 0.51 0.51 0.54
0.68 0.84 0.58 0.79 0.14 0.82
0.96 0.65 0.89 0.39 1.00 0.86
0.82 0.99 0.60 0.88 0.75 0.66
0.20 0.80 0.87 1.00 0.83 0.64
0.97 0.10 0.71 0.65 0.55 0.97
0.68 0.36 0.59 0.69 0.58 0.90
0.59 0.61 0.60 0.75 0.25 0.53
0.97 0.60 0.02 0.60 0.99 0.67
0.95 0.67 0.87 0.37 0.96 0.56
0.61 0.97 0.61 0.31 0.88 0.96
0.81 0.66 0.66 0.90 0.10 0.61
0.92 0.49 0.59 0.94 0.96 0.08
0.99 0.86 0.52 0.77 0.51 0.79
0.12 0.66 0.19 0.72 0.74 0.76
0.38 0.16 0.52 0.56 0.57 0.82
0.56 0.61 0.74 0.88 0.81 0.51
0.87 0.34 0.86 0.53 0.30 0.89
0.97 0.67 0.53 0.65 0.98 0.74
0.83 0.70 0.59 0.60 0.11 0.14
0.95 0.60 0.58 0.11 0.48 0.61
0.52 0.03 0.79 0.75 0.79 0.88
0.59 0.76 0.51 0.91 0.55 0.84
0.92 0.52 0.78 0.62 0.12 0.71
0.66 0.76 0.59 0.77 0.89 0.64
0.87 0.60 0.57 0.04 0.68 0.83
0.66 0.26 0.86 0.62 0.78 0.63
0.20 0.53 0.10 0.47 0.60 0.49
0.41 0.52 0.44 0.97 0.46 0.69
0.47 0.92 0.10 0.88 0.57 0.95
0.91 0.93 0.63 0.52 0.88 0.04
0.75 0.99 0.31 0.54 0.01 0.73
0.13 0.84 0.60 0.74 0.78 0.31
0.51 0.72 0.89 0.04 0.61 0.56
0.75 0.66 0.71 0.18 0.67 0.67
0.91 0.46 0.85 0.99 0.78 0.77
0.54 0.89 0.59 0.76 0.54 0.75
0.77 0.51 0.08 0.86 0.82 0.58
0.58 0.94 0.68 0.28 0.73 0.68
0.72 0.51 0.90 0.49 0.65 0.74
0.93 0.72 0.78 0.56 0.79 0.47
0.90 0.06 0.98 0.99 0.96 0.81
0.72 0.86 0.42 0.70 0.91 0.23
0.63 0.89 0.69 0.59 0.52 0.78
0.69 0.07 0.74 0.99 0.80 0.87
0.05 0.92 0.71 0.54 0.99 1.00
0.58 0.82 0.86 0.94 0.51 0.31
0.64 0.99 0.48 0.78 0.51 0.72
0.44 0.85 0.89 0.66 0.24 0.81
0.54 0.68 0.95 0.87 1.00 0.40
0.54 0.48 0.53 0.75 0.54 0.18
0.56 0.89 0.77 0.40 0.83 0.80
0.55 0.80 0.60 0.21 0.80 0.84
0.92 0.66 0.87 0.08 0.99 0.72
0.90 0.57 0.79 0.32 0.79 0.57
0.79 0.51 0.51 0.60 0.64 0.47
0.43 0.55 0.32 0.93 0.30 0.62
0.82 0.30 1.00 0.85 0.57 0.78
0.71 0.69 0.83 0.96 0.07 0.60
0.11 0.85 0.67 0.64 0.66 0.63
0.90 0.88 0.05 0.63 0.83 0.66
0.55 0.95 0.55 0.78 0.07 0.66
0.72 0.86 0.59 0.54 0.11 0.66
0.53 0.58 0.66 0.70 0.96 0.27
0.28 0.71 0.92 0.05 0.42 0.95
0.91 0.51 0.75 0.45 0.96 0.86
0.74 0.07 0.99 0.78 0.64 0.39
0.74 0.42 0.80 0.65 0.82 0.62
0.57 0.98 0.66 0.72 0.51 0.51
1.00 0.50 0.96 0.73 0.57 0.72
0.85 0.98 0.51 0.82 0.52 0.69
0.70 0.97 0.66 0.52 0.58 0.95
0.65 0.29 0.28 0.93 0.69 0.97
0.54 0.85 0.85 0.55 0.64 0.11
0.88 0.41 0.63 0.28 0.76 0.52
0.94 0.29 0.44 0.79 0.81 0.93
0.92 0.08 0.80 0.92 0.73 0.70
0.97 0.90 0.53 0.56 0.75 0.44
0.01 0.84 0.08 0.64 0.98 0.99
0.78 0.66 0.91 0.21 0.87 0.58
0.66 0.32 0.81 0.93 0.65 0.66
0.51 0.72 0.80 0.88 0.55 0.04
0.98 0.10 0.58 0.61 1.00 0.86
0.53 0.79 0.54 0.92 0.56 0.64
0.53 0.61 0.87 0.55 0.38 0.62
0.58 0.77 0.52 0.62 0.76 0.19
0.54 0.92 0.94 0.56 0.33 0.67
1.00 0.54 0.32 0.06 0.98 0.29
0.82 0.34 0.76 0.83 0.90 0.72
0.79 0.71 0.87 0.65 0.23 0.02
0.80 0.64 0.95 0.78 0.17 0.89
0.97 0.54 0.61 0.51 0.58 0.83
0.07 0.90 0.67 0.92 0.60 0.88
0.67 0.79 0.34 0.14 0.92 0.86
0.49 0.30 0.94 0.57 0.81 0.57
0.90 0.53 0.83 0.17 1.00 0.65
0.52 0.01 0.90 0.54 0.25 0.62
0.23 0.78 0.64 0.59 0.04 0.59
0.68 0.98 0.84 0.09 0.93 0.69
0.67 0.79 0.59 0.77 0.26 0.68
0.75 0.76 0.45 0.82 0.57 0.72
0.98 0.03 0.82 0.80 0.62 0.56
0.61 0.75 0.51 0.51 0.51 0.73
0.56 0.67 0.72 0.13 0.52 0.96
0.80 0.09 0.61 0.51 0.86 0.94
0.98 0.58 0.52 0.08 0.65 0.63
0.88 0.67 0.70 0.71 0.51 0.11
0.33 0.76 0.56 0.74 0.46 0.94
0.52 0.70 0.86 0.83 0.10 0.35
0.74 0.74 0.87 0.86 0.92 0.17
0.96 0.78 0.09 0.55 0.71 0.63
0.52 0.76 0.64 0.64 0.56 1.00
0.27 0.74 0.64 0.83 0.72 0.07
0.86 0.62 0.65 0.53 0.55 0.76
0.12 0.96 0.81 0.50 0.16 0.64
0.78 1.00 0.95 0.80 0.30 0.14
0.67 0.32 0.65 0.95 0.84 0.65
0.56 0.84 0.80 0.17 0.99 0.56
0.66 0.85 0.51 0.58 0.69 0.03
0.81 0.64 0.08 0.78 0.10 0.58
0.66 0.90 0.95 0.65 0.18 0.51
0.97 0.72 0.52 0.70 0.57 0.40
0.31 0.48 0.81 0.61 0.90 0.54
0.07 0.65 0.88 0.80 0.61 0.84
0.53 0.73 0.97 0.58 0.52 0.02
0.66 0.78 0.86 0.25 0.85 0.84
0.65 0.65 0.52 0.71 0.93 0.16
0.93 0.88 0.67 0.24 0.66 0.93
0.75 0.90 0.98 0.63 0.26 0.58
0.54 0.65 0.77 1.00 0.32 0.55
0.80 0.61 0.63 0.19 0.97 0.71
0.61 0.68 1.00 0.39 0.90 0.57
0.68 0.90 0.56 0.69 0.51 0.61
0.78 0.86 0.89 0.07 0.69 0.55
0.96 0.98 0.80 0.31 0.61 0.51
0.88 0.25 0.87 0.18 0.95 0.53
0.95 0.19 0.97 0.53 1.00 0.76
0.96 0.14 0.62 0.59 0.80 0.25
0.71 0.53 0.53 0.66 0.18 0.80
0.77 0.46 0.85 0.87 0.64 0.75
0.41 0.52 0.18 0.55 0.03 0.96
0.68 0.81 0.63 0.79 0.61 0.08
0.89 0.52 0.74 0.09 0.63 0.94
0.01 0.96 0.58 0.76 0.79 0.70
0.77 0.33 0.78 0.80 0.53 0.67
0.89 1.00 0.13 0.20 0.70 0.73
0.89 0.69 0.90 0.84 0.08 0.79
0.97 0.70 0.55 0.96 0.77 0.13
0.04 0.66 0.65 0.89 0.70 0.69
0.69 0.98 0.67 0.20 0.91 0.65
0.52 0.32 0.57 0.69 0.59 0.58
0.89 0.76 0.78 0.57 0.59 0.24
0.74 0.74 0.42 0.77 0.59 0.77
0.27 0.40 0.18 0.52 0.54 0.45
0.56 0.94 0.54 0.37 0.84 0.93
0.65 0.89 0.73 0.08 0.93 0.62
0.15 0.98 0.55 0.63 0.94 0.63
0.92 0.71 0.03 0.67 0.55 0.54
0.85 0.71 0.70 0.45 0.90 0.79
0.93 0.62 0.78 0.75 0.94 0.04
0.53 0.27 0.51 0.36 0.64 0.98
0.39 0.73 0.92 0.91 0.60 0.39
0.99 0.10 0.52 0.67 0.66 0.62
0.96 0.01 0.87 0.82 0.44 0.69
0.77 0.91 0.95 0.25 0.91 0.54
0.53 0.79 0.80 0.82 0.01 0.60
0.96 0.39 0.85 0.53 0.89 0.77
0.76 0.82 0.05 0.59 0.53 0.59
0.66 0.56 0.92 0.35 0.82 0.53
0.84 0.84 0.93 0.59 0.02 0.56
0.81 0.70 0.61 0.73 0.52 0.63
0.68 0.97 0.70 0.69 0.51 0.52
0.53 0.87 0.69 0.62 0.74 0.26
0.35 0.69 0.11 0.67 0.59 0.63
0.11 0.71 0.89 0.16 0.88 0.99
0.60 0.30 0.80 0.62 0.56 0.73
0.83 0.22 0.46 0.39 0.87 0.69
0.56 0.31 0.96 0.10 0.58 0.31
0.58 0.54 0.68 0.52 0.63 0.23
0.57 0.84 0.15 0.75 0.52 0.53
0.04 0.44 0.71 0.67 0.11 0.98
0.79 0.86 0.53 0.29 0.87 0.59
0.57 0.65 0.94 0.03 0.05 0.06
0.79 0.92 0.04 0.70 0.65 0.73
0.89 0.32 0.25 0.91 0.98 0.96
0.20 0.53 0.56 0.15 0.08 0.91
0.05 0.86 0.73 0.65 0.58 0.73
0.46 0.89 0.74 0.45 0.90 0.60
0.06 0.62 0.97 0.84 0.87 0.94
0.65 0.70 0.83 0.90 0.23 0.77
0.80 0.21 0.72 0.54 0.70 0.60
0.86 0.81 0.91 0.09 0.32 0.63
0.68 0.75 0.55 0.98 0.84 0.14
0.51 0.88 0.63 0.86 0.41 0.56
0.13 0.91 0.58 0.64 0.84 0.69
0.82 0.36 0.39 0.98 0.62 0.66
0.41 0.76 0.80 0.84 0.02 0.81
0.52 0.32 0.53 0.81 0.52 0.77
0.58 0.54 0.52 0.87 0.38 0.75
0.04 0.86 0.63 0.80 0.82 0.78
0.56 0.08 0.86 0.70 1.00 0.52
0.70 0.31 0.17 0.91 0.72 0.57
0.65 0.67 0.90 0.32 0.15 0.67
0.52 0.73 0.89 0.48 0.59 0.71
0.94 0.56 0.26 0.52 0.82 0.37
0.53 0.44 0.76 0.54 0.29 0.99
0.95 0.35 0.56 0.81 0.99 0.61
0.63 0.43 0.61 0.51 0.95 0.59
0.87 0.58 0.58 0.62 0.53 0.63
0.69 0.62 0.04 0.80 0.21 0.56
0.51 0.56 0.68 0.45 0.98 0.64
0.63 0.75 0.92 0.75 0.54 0.17
0.72 0.63 0.61 0.06 0.56 0.66
0.77 1.00 0.58 0.62 0.52 0.69
0.83 0.59 0.54 0.80 0.52 0.63
0.91 0.90 0.40 0.92 0.02 0.98
0.11 0.63 0.80 0.79 0.87 0.55
0.78 0.66 0.79 0.36 0.58 0.14
0.87 0.42 0.63 0.30 0.73 0.64
0.78 0.57 0.97 0.17 0.23 0.01
0.54 0.62 0.77 0.19 0.76 0.58
0.25 0.63 0.53 0.68 0.35 0.92
0.89 0.26 0.58 0.41 0.77 0.83
0.73 0.02 0.77 0.54 0.85 0.87
0.53 0.06 0.42 0.55 0.60 0.99
0.99 0.41 0.95 0.51 0.30 0.65
0.73 0.91 0.06 0.60 0.89 0.66
0.67 0.06 0.62 0.72 0.92 0.79
0.81 0.88 0.01 1.00 0.92 0.18
0.83 0.34 0.55 0.95 0.51 0.61
0.59 0.92 0.77 0.60 0.23 0.22
0.57 0.90 0.12 0.86 0.52 0.62
0.84 0.12 0.62 0.80 0.18 0.81
0.92 0.53 0.39 0.59 0.52 0.68
0.84 0.22 0.55 0.16 0.94 1.00
0.84 0.17 0.73 0.66 0.20 0.94
0.66 0.74 0.63 0.59 0.21 0.55
0.01 0.52 0.91 0.98 0.14 0.87
0.67 0.97 0.36 0.73 0.04 0.87
0.64 0.20 0.77 0.87 1.00 0.80
0.65 0.89 0.70 0.39 0.72 0.12
0.68 0.98 0.01 0.72 0.89 0.58
0.73 0.55 0.79 0.80 0.24 0.74
0.84 0.78 0.95 0.64 0.80 0.04
