300 6
0.20 0.64 0.60 0.19 1.00 0.64
0.60 1.00 0.28 0.88 0.57 0.61
0.61 0.55 0.84 0.77 0.91 0.63
0.65 0.79 0.88 0.62 0.61 0.85
0.75 0.99 0.69 0.61 0.78 0.94
0.79 0.76 0.58 0.62 0.88 0.82
0.51 0.25 0.59 0.94 0.84 0.84
0.78 0.25 0.97 0.49 0.68 0.88
0.74 0.88 0.88 0.07 0.69 0.24
0.63 0.53 0.74 0.53 0.62 0.84
0.33 0.52 0.58 0.27 0.61 0.61
0.35 0.66 1.00 0.65 0.99 0.16
0.67 0.57 0.91 0.92 0.95 0.12
0.78 0.80 0.96 0.62 0.05 0.69
0.97 0.67 0.56 0.92 0.82 0.87
0.30 0.53 0.57 0.58 0.79 0.11
0.80 0.68 0.86 0.29 0.56 0.75
0.97 0.98 0.97 0.89 0.54 0.43
0.93 0.23 0.90 0.53 0.99 0.64
0.93 0.98 0.55 0.29 0.82 0.04
1.00 0.52 0.65 0.73 0.74 0.58
0.10 0.56 0.52 0.60 0.66 0.77
0.56 0.84 0.59 0.81 0.97 0.06
0.87 0.74 0.54 0.95 0.82 0.17
0.56 0.60 0.73 0.83 0.73 0.53
0.72 0.20 0.28 0.54 0.57 0.94
0.53 0.99 0.91 0.86 0.56 0.08
0.69 0.44 0.88 0.88 0.78 0.53
0.62 0.92 0.25 0.57 0.97 0.79
0.77 0.96 0.57 0.87 0.69 0.58
0.49 0.57 0.34 0.86 0.99 0.82
0.77 0.70 0.74 0.96 0.60 0.67
0.78 0.54 0.80 0.25 0.68 0.52
0.86 0.08 0.89 0.85 0.55 0.89
0.61 0.77 0.35 0.59 0.94 0.76
0.58 0.60 0.79 0.80 0.40 0.67
0.95 0.63 0.98 0.58 0.52 0.52
0.85 0.80 0.19 0.65 0.60 0.65
0.93 0.65 0.34 0.68 0.58 0.71
0.76 0.70 0.79 0.74 0.58 0.73
0.83 0.46 1.00 0.52 0.51 0.51
0.97 1.00 0.69 0.77 0.20 0.65
0.97 0.67 0.69 0.52 0.24 0.82
0.76 0.90 0.73 0.62 0.55 0.85
0.87 0.77 0.49 0.58 0.14 0.68
0.96 0.72 0.62 0.99 0.69 0.55
0.67 0.65 0.52 0.93 0.81 0.67
0.78 0.99 0.80 0.65 0.48 0.86
0.87 0.62 0.68 0.24 0.95 0.74
0.59 0.49 0.86 0.94 0.97 0.69
0.52 0.58 0.05 0.75 0.42 0.96
0.77 0.77 0.13 0.86 0.53 0.04
0.74 0.78 0.64 0.63 0.51 1.00
0.62 0.88 0.60 0.58 0.69 0.55
0.51 0.68 0.75 0.57 0.16 0.94
0.78 0.51 0.77 0.81 0.76 0.18
0.71 1.00 0.10 0.78 0.19 0.64
0.83 0.77 0.65 0.62 0.70 0.55
0.65 0.90 0.87 0.90 0.12 0.68
0.84 0.64 0.57 0.71 0.60 0.60
0.66 0.76 0.59 0.69 0.51 0.76
0.19 0.92 0.95 0.65 0.27 1.00
0.55 0.81 0.56 0.79 0.76 0.02
0.93 0.62 0.79 0.71 0.55 0.74
0.57 0.96 0.95 0.60 0.78 0.54
0.85 0.81 0.61 0.52 0.05 0.65
0.78 0.86 0.83 0.66 0.50 0.84
0.99 0.70 0.97 0.62 0.51 0.16
0.84 0.94 0.57 0.85 0.11 0.35
0.95 0.98 0.21 0.51 0.85 0.94
0.86 0.97 0.66 0.59 0.64 0.35
0.51 0.34 0.01 0.57 0.83 0.90
0.63 0.67 0.75 0.71 0.78 0.57
0.74 0.52 0.70 0.51 1.00 0.56
0.61 0.65 0.66 0.93 0.45 0.83
0.21 0.50 0.51 0.36 0.65 0.98
0.69 0.84 0.82 0.95 0.37 0.72
0.62 0.97 0.55 0.73 0.82 0.65
0.98 0.63 0.75 1.00 0.57 0.82
0.79 0.87 0.55 0.76 0.87 0.69
0.88 0.28 0.89 0.67 0.54 0.59
0.99 0.80 0.47 0.54 0.71 0.92
0.82 0.66 0.93 0.65 0.22 0.59
0.56 0.14 0.42 0.71 0.75 0.87
0.14 0.59 0.82 0.89 0.63 0.41
0.67 0.09 0.58 0.66 0.15 0.86
0.67 0.98 0.46 0.65 0.91 0.84
0.09 0.57 0.67 0.51 0.60 0.28
0.71 0.47 0.61 0.33 0.60 0.94
0.58 0.84 0.54 0.51 0.61 0.51
0.83 0.76 0.81 0.53 0.57 0.55
0.70 0.71 0.79 0.66 0.01 0.84
0.59 0.62 0.25 0.81 0.70 0.87
0.70 0.58 0.86 0.98 0.53 0.68
1.00 0.92 0.68 0.15 0.82 0.96
0.91 0.50 0.52 0.99 0.68 0.85
0.74 0.76 0.96 0.54 0.32 0.75
0.82 0.71 0.68 0.48 0.62 0.58
0.21 0.81 0.88 0.50 0.61 0.59
0.94 0.71 0.60 0.51 0.45 0.79
0.57 0.72 0.82 0.67 0.57 0.40
0.58 0.70 0.60 0.97 0.52 0.65
0.52 0.51 0.76 0.71 0.71 0.75
0.73 0.94 0.62 0.60 0.56 0.90
0.29 0.72 0.79 0.51 0.49 0.59
0.84 0.60 0.58 0.85 0.12 0.61
0.69 0.95 0.67 0.95 0.10 0.61
0.52 0.57 0.90 0.64 0.54 0.72
0.79 0.63 0.67 0.55 0.56 0.91
0.58 0.39 0.54 0.85 0.92 0.54
0.74 0.52 0.49 0.92 0.90 0.60
0.54 0.71 0.70 0.24 0.89 0.83
0.74 0.70 0.65 0.71 0.66 0.60
0.68 1.00 0.83 1.00 0.19 0.65
0.83 0.37 0.64 0.44 0.55 0.75
0.78 0.24 0.64 0.96 0.75 0.66
0.55 0.68 0.65 0.88 0.63 0.56
0.97 0.59 0.51 0.87 0.65 0.23
0.78 0.73 0.58 0.55 0.72 0.53
0.81 0.82 0.78 0.62 0.52 0.36
0.88 0.74 0.63 0.61 0.55 0.77
0.98 0.74 0.72 0.52 0.01 0.83
0.78 0.11 0.79 0.53 0.56 0.96
0.59 0.45 0.55 0.78 0.68 1.00
0.52 0.72 0.41 0.94 0.74 0.92
0.51 0.90 0.61 0.92 0.57 0.90
0.99 0.89 0.54 0.75 0.57 0.65
0.73 0.65 0.86 0.10 0.21 0.55
0.42 0.52 0.79 0.77 0.96 0.57
0.68 0.51 0.58 0.02 0.96 0.95
0.64 0.62 0.25 0.98 0.78 0.62
0.79 0.86 0.69 0.94 0.11 1.00
0.58 0.78 0.52 0.92 0.56 0.51
0.97 0.33 0.78 0.08 0.59 0.69
0.58 0.17 0.93 0.61 0.64 0.69
0.52 0.16 0.62 0.60 0.79 0.66
0.11 0.59 0.73 0.43 0.84 0.51
0.65 0.72 0.56 0.91 0.05 0.74
0.85 0.96 0.56 0.63 0.68 0.35
0.64 0.99 0.04 0.33 0.31 0.78
0.91 0.95 0.56 0.50 0.12 0.74
0.61 0.56 0.70 0.92 0.05 0.95
0.73 0.97 0.02 0.63 0.67 0.78
0.74 0.69 0.69 0.62 0.58 0.52
0.33 0.36 0.71 0.80 0.61 0.51
0.64 0.88 0.75 0.54 0.44 0.52
0.66 0.90 0.87 0.92 0.54 0.33
0.92 0.13 0.09 0.70 0.74 0.56
0.56 0.95 0.72 0.14 0.72 0.82
0.55 0.88 0.73 0.71 0.57 0.66
0.85 0.76 0.75 0.43 0.28 0.54
0.62 0.70 0.62 0.86 0.17 0.66
0.70 0.57 0.85 0.26 0.76 0.76
0.85 0.88 0.39 0.52 0.55 0.57
0.49 0.85 0.78 0.95 0.50 0.92
0.86 0.52 0.80 0.55 0.46 0.29
0.66 0.51 0.73 0.66 0.08 0.75
0.83 0.78 0.57 0.55 0.19 0.79
0.67 0.51 0.52 0.82 0.65 0.56
0.69 0.61 0.38 0.48 0.66 0.61
0.70 0.81 0.72 0.35 0.21 0.58
0.47 0.93 0.82 0.63 0.89 0.09
0.67 0.55 0.71 0.61 0.13 0.85
0.86 0.30 0.56 0.31 0.57 0.84
0.82 0.53 0.30 0.15 0.86 0.52
0.64 0.62 0.80 0.09 0.83 0.56
0.53 0.94 0.59 0.76 0.77 0.51
0.87 0.83 0.61 0.75 0.62 0.57
0.74 0.43 0.66 0.31 0.68 0.87
0.78 0.75 0.83 0.56 0.74 0.13
0.98 0.96 0.33 0.51 0.65 0.90
0.73 0.91 0.30 0.07 0.80 0.76
0.60 0.69 0.63 0.50 0.53 0.53
0.63 0.62 0.95 0.65 0.49 0.94
0.60 0.68 0.66 0.81 0.56 0.16
0.63 0.52 0.91 0.24 0.77 0.97
0.56 0.69 0.95 0.55 0.57 0.99
0.78 0.88 0.88 0.75 0.09 0.51
0.53 0.80 0.52 0.97 0.08 0.84
0.55 0.95 0.64 0.25 0.29 0.05
0.73 0.03 0.97 0.97 0.71 0.31
0.28 0.71 0.56 0.73 0.67 0.57
0.73 0.71 0.49 0.67 0.88 0.52
0.67 0.69 0.52 0.96 0.63 0.31
0.79 0.79 0.62 0.58 0.74 0.49
0.51 0.33 0.63 0.99 0.54 0.63
0.75 0.05 0.80 0.54 0.77 0.73
0.91 0.52 0.59 0.95 0.85 0.51
0.68 0.54 0.73 0.91 0.74 0.28
0.67 0.66 0.57 0.69 0.60 1.00
0.31 0.52 0.67 0.51 0.65 0.66
0.69 0.64 0.56 0.54 0.61 0.56
0.70 0.41 0.52 0.45 0.63 0.79
0.96 0.55 0.45 0.77 0.71 0.75
0.94 0.62 0.73 0.60 0.54 0.99
0.68 0.67 0.84 0.81 0.60 0.19
0.78 0.11 0.36 0.52 0.98 0.94
0.25 0.62 0.74 0.68 0.55 0.94
0.51 0.14 0.69 0.77 0.99 0.86
0.81 0.07 0.63 0.68 0.66 0.77
0.74 0.89 0.60 0.01 0.56 0.61
0.88 0.58 0.60 0.18 0.77 0.89
0.71 0.82 0.55 0.06 0.61 0.79
0.36 0.92 0.55 0.59 0.77 0.92
0.86 0.48 0.92 0.27 0.54 0.78
0.91 0.61 0.83 0.51 0.33 0.86
0.68 1.00 0.57 0.22 0.75 0.71
0.66 0.61 0.79 0.55 0.57 0.42
0.81 0.60 0.60 0.48 0.52 0.84
0.79 0.59 0.64 0.74 0.08 0.63
0.99 0.81 0.16 0.60 0.79 0.88
0.29 0.78 0.95 0.16 0.01 0.89
0.61 0.54 0.97 0.70 0.60 0.24
0.58 0.81 0.56 0.55 0.66 0.62
0.53 0.81 0.58 0.82 0.58 0.67
0.60 0.27 0.86 0.96 0.58 0.73
0.94 0.66 0.63 0.88 0.69 0.51
0.69 0.94 0.87 0.44 0.34 0.90
0.85 1.00 0.90 0.91 0.06 0.58
0.75 0.73 0.55 0.83 0.94 0.24
0.77 0.78 0.43 0.65 0.61 0.53
0.53 0.71 0.55 0.15 0.55 0.59
0.84 0.65 0.70 0.82 0.52 0.03
0.74 0.01 0.90 0.51 0.62 0.59
0.70 0.96 0.51 0.80 0.63 0.63
0.03 0.34 0.95 0.70 0.58 0.03
0.59 0.61 0.84 0.97 0.21 0.95
0.94 0.79 0.50 0.70 0.74 0.43
0.64 0.69 0.78 0.56 0.69 0.04
0.98 1.00 0.58 0.54 0.53 0.64
0.70 0.62 0.19 0.64 0.57 0.78
0.65 0.68 0.56 0.84 0.64 0.77
0.82 0.26 0.65 0.68 0.66 0.58
0.98 0.54 0.85 0.46 0.51 0.79
0.92 0.51 0.87 0.36 0.76 0.66
0.96 0.87 0.59 0.02 0.92 0.83
0.61 0.56 0.54 0.77 0.88 0.68
0.74 0.94 0.62 0.93 0.13 0.72
0.70 0.92 0.61 0.37 0.87 0.52
0.70 0.01 0.59 0.65 0.96 0.58
0.62 0.81 0.95 0.14 0.90 0.55
0.74 0.65 0.58 0.83 0.59 0.72
0.77 0.69 0.59 0.94 0.54 0.74
0.58 0.91 0.82 0.80 0.02 0.56
0.05 0.82 0.80 0.79 0.92 0.60
1.00 0.58 0.64 0.60 0.52 0.96
0.55 0.53 0.60 0.81 0.05 0.92
0.62 0.84 0.11 0.52 0.60 0.32
0.62 0.56 0.75 0.84 0.60 0.86
0.62 0.51 0.67 0.81 0.52 0.59
0.67 0.23 0.58 0.51 0.86 0.74
0.56 0.57 0.57 0.94 0.78 0.23
0.55 0.25 0.95 0.59 0.66 0.54
0.91 0.49 0.03 0.74 0.84 0.62
0.11 0.85 0.70 0.24 0.77 0.48
0.88 0.29 0.72 0.04 0.97 0.72
0.98 0.58 0.51 0.18 0.71 0.72
0.96 0.72 0.59 0.54 0.09 0.15
0.57 0.70 0.21 0.11 0.87 0.82
0.62 0.68 0.77 0.55 0.52 0.66
0.55 0.32 0.66 0.70 0.65 0.90
0.95 0.13 0.82 0.20 0.63 0.22
0.16 0.95 0.51 0.55 0.56 0.98
0.62 0.56 0.67 0.66 0.57 0.56
0.90 0.77 0.91 0.52 0.05 0.73
0.64 0.64 0.08 0.94 0.70 0.55
0.70 0.57 0.78 0.84 0.52 0.54
0.82 0.89 0.52 0.73 0.20 0.75
0.39 0.77 0.56 0.31 0.56 0.72
0.75 0.73 0.70 0.72 0.33 0.51
1.00 0.20 0.46 0.64 0.51 0.99
0.67 0.95 0.84 0.04 0.96 0.83
0.76 0.63 0.92 0.71 0.55 0.60
0.71 1.00 0.91 0.12 0.55 0.69
0.78 0.65 0.96 0.57 0.47 0.27
0.77 0.98 0.41 0.05 0.79 0.59
0.95 0.71 0.81 0.54 0.68 0.15
0.92 0.07 0.22 0.85 0.95 0.65
0.70 0.62 0.98 0.64 0.82 0.04
0.97 0.56 0.64 0.68 0.68 0.09
0.55 0.88 0.66 0.91 0.12 0.88
0.63 0.75 0.56 0.58 0.42 0.67
0.78 0.52 0.07 0.98 0.85 0.36
0.63 0.67 1.00 0.58 0.14 0.10
0.54 0.23 0.81 0.51 0.79 0.56
0.49 0.62 0.63 0.88 0.54 0.81
0.53 0.52 0.55 0.63 0.86 0.71
0.57 0.67 0.34 0.57 1.00 0.89
0.77 0.08 0.87 0.73 0.88 0.65
0.52 0.89 0.35 0.57 0.16 0.32
0.88 0.33 0.79 0.77 0.79 0.19
0.54 0.85 0.89 0.88 0.26 0.69
0.66 0.65 0.03 0.73 0.51 0.94
0.55 0.79 0.35 0.98 0.72 0.72
0.63 0.66 0.82 0.91 0.39 0.77
0.02 0.82 0.12 0.69 0.98 0.76
0.02 0.43 0.79 0.85 0.87 0.74
0.58 0.77 0.34 0.86 0.46 0.69
0.81 0.87 0.07 0.93 0.59 0.75
0.95 0.64 0.61 0.67 0.79 0.09
