300 6
22 5 44 85 49 50
6 66 29 97 53 77
52 80 54 59 51 78
79 78 76 70 81 63
77 68 23 95 65 58
73 52 34 87 65 66
67 80 55 81 78 43
54 100 77 71 80 61
100 89 97 65 86 75
61 92 92 12 51 71
6 11 63 49 25 64
97 92 85 84 74 13
94 84 14 56 56 58
99 58 52 52 80 87
97 75 72 32 78 68
89 45 88 78 90 52
24 57 75 48 97 89
68 94 51 58 84 69
84 75 49 83 55 93
56 56 96 45 77 69
74 54 53 70 81 53
65 5 61 66 94 72
85 37 51 66 81 80
63 77 99 82 68 63
51 80 80 42 87 100
53 88 54 53 58 83
93 70 95 32 91 63
94 82 21 74 60 77
72 97 21 78 66 22
65 69 86 84 57 63
63 70 67 84 19 79
61 72 52 64 14 91
93 59 88 59 56 55
91 54 23 64 100 61
88 75 97 76 57 53
77 54 6 66 73 2
56 63 82 32 87 93
53 4 88 72 99 73
75 53 68 89 92 9
59 71 94 52 47 59
60 63 58 69 85 5
62 70 61 30 54 18
82 94 55 52 88 13
98 69 46 85 63 18
56 75 21 93 63 68
74 77 54 66 74 85
35 62 38 76 97 85
90 87 87 87 64 11
82 77 26 54 90 77
77 62 55 77 59 94
95 54 87 69 54 62
74 23 98 37 96 63
83 16 88 66 81 57
81 76 57 57 10 60
74 96 79 86 43 52
81 56 61 53 93 89
53 59 61 53 5 69
80 63 52 76 59 88
63 59 42 64 10 76
96 54 92 19 81 82
58 56 83 24 56 23
55 77 74 75 74 51
80 29 53 51 88 56
60 78 52 61 44 54
99 55 98 59 2 86
78 48 63 64 70 55
90 83 29 60 65 97
94 55 97 51 99 51
72 87 94 2 86 59
55 78 88 72 61 59
72 63 20 35 70 84
94 31 56 71 68 54
73 78 40 88 58 54
55 99 67 5 70 57
55 81 72 33 84 13
60 56 70 46 88 54
92 58 62 18 69 88
51 18 9 60 91 63
41 58 57 47 93 55
85 52 57 63 60 72
99 10 90 57 41 19
91 54 94 73 9 82
70 57 64 42 69 79
59 52 55 66 62 59
66 52 7 52 69 69
52 73 56 68 75 87
76 97 54 16 61 71
53 77 1 88 96 73
33 70 60 83 64 66
96 81 8 56 64 54
93 13 59 84 73 63
86 52 70 61 78 58
54 53 98 59 94 3
56 99 64 30 71 94
92 24 62 76 81 88
97 99 90 64 69 11
83 55 60 61 66 66
88 56 54 74 54 97
13 56 85 80 72 33
79 77 58 58 70 64
78 8 84 77 60 64
60 61 52 57 76 74
53 99 22 73 86 71
91 99 54 26 85 52
54 56 51 99 27 72
55 52 88 82 77 3
76 58 84 29 17 72
65 56 64 67 57 56
51 74 78 55 60 60
55 86 63 79 91 22
3 40 72 16 51 81
85 58 57 73 7 68
51 84 51 33 77 53
63 87 29 90 89 86
95 89 78 27 95 63
55 58 59 55 78 65
86 9 85 70 75 66
17 90 39 83 100 61
96 64 6 56 77 92
86 62 65 95 54 36
64 65 64 5 64 83
63 24 5 75 76 89
74 52 55 74 69 22
56 90 88 13 52 90
52 89 6 80 55 54
58 14 56 51 81 8
87 55 56 51 62 56
19 16 54 86 78 51
52 80 51 58 86 74
51 84 91 79 77 52
78 83 45 53 31 81
36 81 86 19 32 51
26 68 75 72 69 56
57 58 86 77 54 54
97 62 55 99 48 69
58 96 70 35 64 86
63 77 45 75 79 74
65 55 99 59 68 58
94 33 52 74 96 47
91 98 53 63 100 20
88 59 92 59 58 20
88 75 96 9 63 57
83 58 54 21 88 60
47 68 53 51 95 73
30 57 86 83 18 66
20 78 84 59 54 57
56 74 91 66 94 13
74 58 82 12 58 85
77 69 87 83 10 51
94 69 62 51 55 75
56 65 55 86 39 18
51 81 59 44 87 72
2 55 82 66 66 81
87 17 55 61 65 24
53 74 95 18 18 72
84 33 52 73 56 83
47 64 32 90 51 85
74 75 57 75 36 70
58 100 69 53 75 25
61 72 51 61 99 29
67 78 38 98 100 56
61 82 82 63 77 35
10 66 62 81 77 25
97 6 65 77 79 62
77 84 20 28 85 98
89 26 100 56 51 51
82 53 55 59 81 54
70 95 100 92 73 12
72 64 92 66 70 16
61 74 46 21 98 51
48 59 100 83 66 51
56 64 58 54 57 67
57 60 79 74 63 60
62 91 29 59 26 61
82 59 83 75 52 42
25 76 53 57 84 76
84 88 16 84 72 66
75 52 91 66 72 15
92 66 77 65 55 59
11 89 79 86 46 52
77 39 56 83 60 94
98 70 56 5 53 60
78 62 75 61 73 3
73 28 49 68 54 68
72 79 39 51 77 52
7 89 51 88 52 60
75 97 63 93 35 58
66 3 72 57 51 61
63 52 77 78 64 58
58 74 15 88 53 94
61 74 57 58 58 55
85 89 98 15 70 78
84 59 83 9 65 94
33 58 98 14 60 97
52 78 11 91 51 13
73 61 94 56 68 5
83 94 55 31 85 70
85 66 79 55 73 60
56 10 80 4 52 67
91 36 83 78 17 58
72 60 53 58 61 58
77 85 54 52 52 20
63 63 87 66 37 55
99 16 53 71 18 52
86 81 11 54 63 31
2 85 91 59 96 90
57 68 58 75 56 86
87 94 54 8 89 51
68 80 96 6 96 59
15 74 54 52 67 68
48 96 5 58 57 90
87 52 55 70 27 86
54 53 57 98 98 17
99 92 45 94 62 3
94 22 63 51 14 91
63 85 54 3 56 65
51 63 85 30 77 80
60 93 23 60 54 71
68 57 2 59 55 83
58 83 66 65 58 59
53 55 56 54 85 65
62 71 36 61 58 92
60 62 59 52 63 52
96 74 77 4 51 58
62 75 3 92 65 50
61 60 83 3 44 90
51 82 51 59 61 70
61 76 8 87 74 42
7 93 55 82 78 56
61 78 37 72 85 65
51 91 24 75 65 87
84 18 54 79 64 74
61 61 46 62 63 99
51 56 95 75 82 58
78 7 77 60 93 36
35 58 31 92 80 72
7 51 55 58 89 88
80 62 7 21 7 71
80 96 18 60 52 67
77 54 58 64 54 78
69 52 54 85 88 37
25 69 53 82 52 65
65 66 89 65 52 53
62 98 65 8 77 55
82 33 81 77 71 59
42 79 37 94 88 71
59 70 70 69 78 54
63 91 74 29 3 83
49 26 25 90 85 92
90 51 53 67 71 66
53 51 56 76 87 67
54 53 69 83 89 63
89 66 72 64 2 66
41 55 34 64 66 87
76 63 63 70 57 58
79 57 99 60 76 12
58 63 34 43 61 84
58 38 77 54 58 2
56 17 61 56 85 51
27 88 75 78 69 53
53 78 98 29 97 63
78 77 58 79 53 63
67 66 57 99 15 57
89 17 2 92 67 88
65 76 97 77 2 62
61 57 71 77 78 2
70 65 37 83 68 81
43 51 79 54 81 47
85 85 25 57 6 69
9 9 74 73 92 54
54 58 70 75 30 8
73 25 73 77 57 15
57 64 57 67 73 55
3 89 74 83 54 51
77 6 57 65 55 95
79 16 55 71 80 76
71 91 21 57 53 73
86 81 72 13 39 66
72 53 64 95 6 71
60 52 11 77 86 72
88 21 74 58 64 51
52 67 80 1 52 76
48 85 53 31 54 93
95 58 74 12 53 72
54 60 50 69 84 51
60 81 61 52 69 31
56 84 39 79 62 61
75 59 70 18 75 59
55 60 37 51 64 65
53 99 58 59 59 67
3 67 81 67 70 52
56 91 4 35 100 75
58 69 60 36 64 78
91 1 55 76 89 59
55 3 70 96 87 83
10 56 52 81 86 90
74 4 54 72 62 93
53 59 70 40 73 69
76 55 58 61 77 54
90 51 7 97 82 52
