300 6
85 22 5 59 98 87
79 61 96 98 15 97
83 98 90 58 87 82
59 82 69 92 40 80
58 67 27 27 58 92
64 11 66 67 95 79
50 98 77 43 36 2
11 92 87 64 81 99
73 84 36 93 59 56
69 51 54 78 82 59
66 82 88 76 57 95
90 96 96 63 60 78
83 78 97 67 14 63
66 78 56 69 97 75
54 70 1 69 61 76
55 70 79 55 62 75
10 98 52 88 92 68
55 56 77 92 93 55
69 61 63 66 51 56
92 65 54 63 94 55
60 58 77 13 36 90
51 87 92 83 60 99
61 84 63 83 97 43
87 64 69 65 98 65
58 55 59 66 59 96
58 72 55 65 100 73
55 78 74 96 58 66
76 75 92 41 67 84
81 38 63 79 92 58
58 77 40 55 63 83
10 60 85 66 67 59
73 91 58 75 53 60
77 64 58 72 72 56
84 97 82 60 72 62
55 55 64 95 53 27
8 90 94 52 1 57
70 75 75 59 76 69
82 99 48 41 49 86
65 81 34 61 45 76
80 51 53 65 84 77
54 99 61 69 8 4
64 72 86 81 52 63
71 96 64 55 75 57
96 58 68 52 74 63
97 51 81 81 80 84
84 54 98 77 70 71
97 54 74 61 53 52
61 89 71 92 54 57
54 55 23 43 68 70
77 18 80 71 68 57
83 69 70 92 60 55
8 8 84 90 70 80
59 76 13 95 76 55
86 57 2 86 86 91
66 59 89 5 58 60
93 51 62 52 37 92
83 68 87 75 62 52
87 86 100 53 37 53
93 79 74 2 93 61
59 62 91 71 32 54
67 64 60 57 88 1
14 90 63 74 100 79
75 59 56 59 63 92
92 81 54 53 54 32
59 73 69 23 95 35
62 52 100 85 89 89
8 92 79 67 100 6
51 68 65 60 88 18
56 64 18 84 52 92
60 97 82 83 78 66
54 53 70 41 84 67
98 63 60 84 52 86
100 55 72 57 62 52
59 65 46 53 25 75
58 80 69 57 76 60
53 51 55 96 55 58
55 96 70 100 49 90
83 52 71 3 9 75
21 75 77 61 97 100
16 55 63 2 59 75
95 12 54 95 75 99
61 59 92 93 90 63
58 81 62 68 77 57
58 100 52 73 68 59
93 10 89 90 91 73
70 90 80 71 36 35
87 59 92 73 60 12
71 63 73 100 51 55
71 91 99 36 60 57
92 23 51 71 87 53
94 16 87 98 58 67
54 68 71 82 57 55
70 3 74 49 76 68
73 96 92 39 51 52
73 90 62 2 96 73
71 72 90 79 11 95
44 29 61 66 73 55
98 21 87 84 52 67
79 87 11 69 93 68
69 26 60 51 57 14
98 64 57 59 62 59
81 83 57 85 52 53
88 62 15 81 87 99
83 100 91 30 35 61
71 51 97 56 52 48
79 43 82 68 53 70
86 59 57 79 67 80
74 60 75 88 54 1
60 52 80 94 15 68
99 97 96 29 64 52
55 60 7 67 70 57
54 81 3 99 54 54
51 90 59 63 4 53
65 56 79 59 10 89
77 98 57 97 54 68
88 86 95 53 13 68
60 20 91 100 98 52
51 96 74 59 51 84
89 66 76 54 95 10
75 45 78 79 53 64
61 78 7 51 79 67
87 66 54 84 57 71
75 73 20 60 69 79
74 90 29 58 88 51
93 34 52 57 96 94
55 70 66 82 73 40
8 60 77 91 48 82
56 65 66 79 57 93
79 88 76 91 20 84
66 93 36 52 54 56
66 65 73 93 9 93
62 85 85 58 72 29
60 40 70 79 59 76
57 58 12 79 66 71
66 91 54 51 29 58
59 60 55 52 64 13
77 16 55 52 81 52
87 58 58 68 58 51
63 53 89 76 72 57
33 51 92 72 62 57
52 55 78 67 21 70
60 61 64 90 58 83
9 67 52 71 47 89
58 33 71 71 55 97
51 82 84 2 9 100
93 74 82 56 57 6
38 61 30 51 86 13
74 80 75 61 55 51
70 49 26 21 83 63
77 85 64 88 36 8
27 92 99 37 55 64
54 13 69 85 97 78
91 64 58 72 27 90
97 77 65 94 59 11
92 53 74 98 39 61
51 99 73 78 11 9
65 69 94 46 81 61
98 54 58 82 67 54
83 63 53 33 9 90
51 89 15 74 55 97
99 65 54 93 80 55
1 58 73 33 95 84
29 93 53 55 12 67
40 37 88 95 85 69
72 62 64 99 24 56
83 83 97 95 22 58
67 50 53 96 70 86
51 57 60 94 57 74
19 86 95 68 62 54
26 53 99 63 82 97
80 91 14 67 93 53
62 64 14 81 51 89
87 68 71 34 52 55
57 19 53 89 10 61
78 79 83 39 89 52
28 55 33 56 52 99
57 64 10 66 60 69
9 89 55 75 52 67
98 73 18 60 74 54
41 72 93 76 58 16
92 69 68 72 38 60
51 85 11 64 95 65
52 72 84 65 51 63
79 74 98 41 64 32
4 62 97 71 88 55
69 13 75 59 51 93
28 68 75 54 61 61
53 54 76 98 60 25
79 96 69 7 53 57
94 63 99 73 54 43
74 52 6 82 84 86
83 60 19 46 92 81
98 64 62 86 55 63
4 80 69 66 100 96
63 86 91 62 8 87
13 62 53 62 99 98
8 61 80 97 75 52
61 3 72 19 69 4
43 27 70 69 85 73
98 90 26 70 56 95
41 77 100 64 76 55
32 88 55 64 76 86
57 60 59 59 98 57
70 76 78 66 16 52
18 93 61 79 59 55
77 85 81 10 53 65
62 88 83 31 12 74
52 52 51 32 56 65
58 2 88 93 27 72
38 51 95 57 57 25
65 86 70 10 100 66
67 39 71 61 81 71
78 52 53 75 89 56
12 59 70 88 98 58
25 85 33 72 74 79
91 84 31 59 60 54
96 25 11 87 80 76
55 62 82 66 6 99
100 56 65 55 60 5
31 99 61 99 66 31
99 81 93 77 9 54
32 51 81 82 58 99
95 13 68 67 75 56
13 61 97 55 85 94
62 11 9 66 58 96
94 87 71 2 63 60
53 59 54 34 66 60
80 62 76 58 53 2
92 2 90 64 56 70
75 80 27 30 43 75
81 74 89 66 2 89
79 89 38 62 55 42
1 93 87 64 85 60
12 56 96 59 57 80
76 42 60 80 52 98
100 73 2 71 54 51
55 36 78 58 54 100
83 53 73 64 85 3
94 64 51 40 46 89
87 62 75 62 49 65
26 60 57 55 60 57
73 91 19 65 53 94
70 55 1 48 56 71
74 57 29 62 100 62
72 4 65 86 75 64
90 51 55 89 62 55
57 72 55 61 54 96
100 62 54 40 60 44
9 72 94 66 97 77
59 89 51 99 5 4
71 76 69 62 52 62
54 79 90 53 63 55
94 52 36 76 68 30
87 69 28 61 50 86
57 71 23 88 33 85
42 87 65 77 56 83
100 100 76 20 60 54
84 65 75 45 60 44
66 34 78 53 66 91
87 100 53 3 22 55
58 21 84 87 88 52
54 92 83 14 72 54
68 14 58 96 57 60
53 70 96 89 16 68
3 85 67 86 6 68
58 83 86 90 84 10
97 76 17 83 67 54
70 96 80 39 43 55
25 75 85 82 40 73
85 73 34 60 54 53
93 54 66 59 59 11
79 45 66 56 28 66
62 41 13 83 64 82
27 68 72 77 29 23
100 58 65 70 47 60
44 53 83 58 9 25
64 50 70 62 22 62
90 97 18 29 55 77
62 45 63 70 53 79
86 91 60 22 52 88
11 51 11 94 90 79
63 87 52 80 58 60
98 8 96 72 51 83
10 52 65 77 71 95
77 95 6 67 64 21
66 93 78 57 53 54
88 28 77 7 16 96
83 62 56 23 66 89
95 56 66 71 91 7
51 68 4 63 1 89
95 74 69 28 82 34
25 89 93 71 71 52
58 61 33 75 62 60
82 66 75 92 43 51
93 65 64 73 44 73
97 82 89 77 4 63
25 54 68 86 89 53
56 64 74 71 15 55
82 53 74 57 10 54
99 32 59 81 37 63
