300 6
88 56 85 89 20 22
97 95 61 14 25 91
51 69 60 74 94 48
25 89 39 77 55 54
69 67 66 75 96 55
33 83 63 38 64 87
63 65 84 92 88 80
61 44 76 65 9 71
54 76 13 94 84 85
12 55 87 23 54 68
47 72 74 98 6 81
54 63 51 61 55 76
87 80 62 67 90 40
44 98 76 85 63 53
24 62 74 53 84 28
57 87 2 40 62 51
62 76 92 31 51 91
53 78 55 73 64 99
95 2 89 59 51 65
88 68 15 60 59 82
83 27 94 73 66 72
74 100 76 11 54 80
57 55 85 74 86 95
52 64 64 57 93 80
93 79 64 76 97 36
59 31 18 96 37 53
63 56 33 14 63 69
99 89 68 83 15 74
76 86 88 3 86 82
29 93 26 51 65 59
19 62 76 73 96 58
79 73 60 45 35 85
44 71 74 95 63 76
85 51 74 57 86 87
63 54 66 59 100 94
97 78 66 86 54 54
92 95 29 60 56 70
77 88 17 95 75 8
69 85 75 72 47 90
78 94 74 76 53 93
90 54 60 56 41 73
18 62 60 16 38 88
40 51 80 67 63 69
95 100 6 91 32 52
30 55 58 85 87 65
82 22 93 91 66 57
99 52 78 79 100 61
74 74 65 67 68 56
97 4 68 70 98 99
48 56 58 51 83 56
88 54 57 53 74 72
90 53 99 55 74 94
68 6 34 89 69 91
74 85 26 70 12 93
11 87 34 62 16 61
24 81 85 72 76 3
1 82 82 57 78 59
85 56 92 100 85 50
80 72 79 53 35 96
54 86 59 51 57 87
64 82 78 57 51 7
69 53 53 90 62 32
77 83 56 96 34 65
87 49 28 40 70 96
6 70 64 83 84 76
94 33 95 41 94 60
53 76 51 71 95 97
63 89 79 76 57 58
17 84 5 66 89 67
51 95 64 50 95 35
83 44 95 81 83 58
48 84 84 77 79 58
8 74 86 61 43 59
69 54 55 89 77 60
89 67 74 62 79 54
98 100 93 40 56 13
77 54 60 67 52 80
56 54 54 52 77 56
77 51 92 60 77 70
53 30 60 59 94 52
84 75 71 60 55 84
1 95 50 79 65 84
84 59 82 73 52 66
96 27 58 75 61 8
61 74 64 91 76 61
53 23 67 51 86 53
52 70 99 63 3 65
57 59 70 99 52 87
71 80 54 13 76 93
85 52 23 62 53 87
84 58 8 72 87 15
89 63 77 81 68 57
92 80 61 33 98 52
80 30 94 99 52 58
83 96 90 91 24 50
70 53 57 89 56 75
73 56 65 82 61 100
80 64 66 98 54 52
88 4 71 67 47 91
92 67 52 57 80 68
62 63 70 24 88 75
78 40 58 13 63 47
56 60 3 89 68 79
64 85 93 81 75 4
88 1 60 7 53 51
75 74 69 53 20 69
69 10 71 77 94 93
83 64 91 82 59 22
77 75 73 88 71 16
30 72 78 61 70 79
58 52 99 56 76 82
71 73 56 84 95 51
53 61 64 51 63 74
66 11 60 55 95 64
83 92 77 52 61 69
53 77 31 92 68 60
92 73 96 14 86 20
83 71 84 68 3 62
73 89 75 69 76 30
56 62 74 56 52 69
64 58 53 58 51 100
11 88 23 77 89 55
57 61 55 95 53 53
35 2 8 97 65 30
70 98 59 63 86 14
87 96 63 78 86 28
84 59 24 82 72 63
61 76 73 67 32 100
89 88 70 86 80 27
59 51 76 92 56 77
25 68 82 87 27 92
42 80 73 59 95 84
74 86 54 94 52 57
62 54 80 32 64 50
80 58 57 92 60 52
54 73 90 11 88 6
69 79 58 56 58 65
52 66 59 91 54 63
59 69 63 67 81 6
100 15 53 77 87 62
87 26 72 96 66 95
86 63 75 4 59 93
75 52 5 51 79 93
51 39 76 88 94 56
72 97 70 52 59 51
74 69 12 77 78 57
13 78 84 57 88 83
85 66 72 84 58 67
84 28 49 54 84 83
98 70 69 92 30 37
54 69 51 71 42 91
66 12 43 63 74 73
83 98 49 52 81 15
72 13 90 51 91 53
2 100 56 72 58 68
62 82 10 64 93 96
90 58 62 96 85 13
87 55 54 54 35 73
60 29 53 72 90 60
77 53 58 83 67 65
52 4 73 86 88 97
67 90 53 51 23 53
30 38 75 36 81 91
63 99 58 3 75 74
44 50 89 59 28 99
52 62 63 85 56 27
54 75 34 78 47 73
35 80 62 58 13 77
80 68 100 73 49 69
97 69 63 80 20 37
92 59 4 46 64 88
37 74 13 56 26 100
58 60 83 71 42 67
76 68 51 76 61 61
76 74 35 87 53 74
80 84 21 80 67 96
58 87 63 82 97 30
61 63 63 75 69 61
67 53 63 54 90 94
52 92 80 71 72 60
74 79 57 63 89 32
70 58 91 62 52 67
67 58 61 80 54 88
77 58 97 56 58 64
55 58 89 76 56 55
15 73 83 94 70 75
7 56 94 6 54 51
81 53 54 70 82 64
87 66 48 72 32 76
77 82 99 33 76 20
37 55 96 75 68 53
51 95 90 69 1 51
57 95 64 79 81 28
19 72 52 77 56 81
83 67 73 12 52 90
7 56 58 77 85 99
75 68 18 74 79 80
88 64 51 39 41 72
52 83 67 56 79 53
57 54 77 54 53 81
92 53 64 78 65 32
65 78 94 82 25 69
3 81 52 73 57 56
51 96 68 74 69 26
1 2 67 58 65 51
99 29 53 52 41 85
94 73 97 2 53 98
99 42 77 54 21 54
69 52 99 15 95 63
55 91 94 56 25 75
88 69 93 91 64 13
76 56 23 54 63 88
13 95 91 54 58 1
68 78 55 86 61 68
82 57 64 11 89 75
73 83 65 52 76 59
82 53 64 75 33 20
7 77 55 92 52 58
6 64 79 85 57 55
57 79 55 77 76 71
52 85 53 56 33 70
94 80 72 49 1 76
61 55 34 66 69 99
86 69 55 95 40 54
52 76 25 93 83 97
51 52 33 56 3 58
44 61 61 79 88 74
82 18 61 90 35 51
95 86 73 63 85 12
59 16 91 60 52 74
58 58 52 100 57 53
54 51 76 54 63 57
72 56 72 86 29 15
39 72 75 43 91 55
55 69 69 53 48 51
69 71 70 70 73 46
16 89 78 56 82 26
68 70 76 5 95 100
53 53 77 73 28 13
83 68 23 61 100 76
32 74 40 89 66 91
72 53 75 29 90 97
72 89 51 66 2 61
64 59 1 60 68 98
54 1 35 26 66 84
82 87 55 12 87 90
55 62 53 21 58 97
56 60 80 56 67 55
59 75 68 19 53 63
13 87 77 84 1 60
59 49 87 62 46 89
51 56 11 53 86 96
64 67 54 83 78 41
60 94 4 68 59 95
62 96 52 18 52 76
65 61 57 56 98 25
47 71 40 2 52 69
63 83 50 51 72 54
77 79 59 62 78 51
69 63 16 87 52 63
61 19 57 32 54 98
100 57 15 93 57 96
75 64 82 51 62 74
29 58 91 54 63 65
61 70 95 64 92 26
83 78 20 54 79 60
21 54 75 77 81 22
57 7 95 56 54 67
95 88 59 60 52 9
52 89 55 95 82 51
96 58 53 69 82 52
100 50 95 70 51 51
77 91 21 97 14 79
100 67 83 4 18 74
54 58 74 56 76 57
80 62 21 87 53 38
70 30 80 65 53 63
78 86 65 65 94 19
74 26 88 79 64 93
55 16 99 53 70 65
73 86 92 30 33 72
64 51 43 9 31 54
73 84 96 58 29 15
36 98 65 56 87 54
65 70 83 51 5 64
90 91 42 59 96 48
74 12 26 77 65 69
59 53 71 87 71 25
95 64 59 8 56 97
60 59 53 5 6 91
86 63 77 63 87 4
63 32 87 58 62 77
82 89 89 2 61 45
59 55 68 52 71 52
54 94 51 82 41 54
80 8 98 3 62 14
74 26 89 63 52 94
52 57 64 88 69 52
56 86 53 54 70 60
55 91 31 83 75 67
