250 7
0.51 0.32 0.10 0.97 0.30 0.96 0.94
0.88 0.21 0.57 0.76 0.54 0.80 0.12
0.46 0.08 0.27 0.73 0.54 0.87 0.91
0.37 0.84 0.83 0.59 0.46 0.08 0.90
0.90 0.11 0.97 0.38 0.51 0.86 0.75
0.17 0.38 0.26 0.35 0.09 0.28 0.35
0.92 0.72 0.85 0.91 0.65 0.06 0.95
0.78 0.09 0.90 0.74 0.76 0.81 0.13
0.64 0.72 0.29 0.26 0.58 0.77 0.29
0.06 0.77 0.61 0.66 0.54 0.80 0.86
0.85 0.54 0.42 0.15 0.75 0.52 0.32
0.07 0.99 0.94 0.87 0.78 0.56 0.95
0.88 0.55 0.77 0.14 0.55 0.65 0.89
0.24 0.66 0.07 0.60 0.52 0.81 0.65
0.94 0.40 0.54 0.90 0.92 0.01 0.13
0.58 0.89 0.30 0.02 0.66 0.94 0.65
0.15 0.56 0.69 0.63 0.52 0.96 0.57
0.79 0.97 0.72 0.22 0.60 0.71 0.37
0.55 0.93 0.85 0.72 0.12 0.25 0.85
0.67 0.29 0.75 0.67 0.29 0.59 0.15
0.84 0.75 0.22 0.89 0.77 0.24 0.53
0.79 0.09 0.98 0.77 0.62 0.61 0.96
0.74 0.07 0.10 0.63 0.38 0.14 0.20
0.60 0.74 0.11 0.72 0.09 0.92 0.80
0.12 0.69 0.59 0.89 0.85 0.94 0.12
0.67 0.74 0.74 0.98 0.58 0.96 0.13
0.10 0.64 0.70 0.48 0.91 0.91 0.93
0.55 0.52 0.16 0.94 0.69 0.60 0.75
0.79 0.33 0.85 0.57 0.79 0.33 0.77
0.45 0.56 0.79 0.27 0.52 0.97 0.81
0.38 0.62 0.52 0.05 0.14 0.94 0.61
0.44 0.31 0.52 0.86 0.62 0.24 0.53
1.00 0.99 0.30 0.32 0.36 0.63 0.83
0.80 0.83 0.17 0.20 0.44 0.47 0.52
0.55 0.69 0.66 0.01 0.91 0.39 0.51
0.31 0.98 0.32 0.51 0.70 0.20 0.19
0.15 0.02 0.51 0.62 0.13 0.30 0.29
0.79 0.10 0.90 0.27 0.56 0.76 0.80
0.94 0.23 0.13 0.83 0.70 0.07 0.95
0.08 0.68 0.62 0.80 0.94 0.80 0.88
0.94 0.77 0.63 0.14 0.70 0.92 0.53
0.55 0.86 0.42 0.82 0.05 0.72 0.55
0.58 0.95 0.77 0.14 0.23 0.53 0.24
0.19 0.07 0.97 0.89 0.70 0.72 0.27
0.66 0.83 0.61 0.84 0.97 0.57 0.17
0.06 0.70 0.06 0.99 0.85 0.28 0.66
0.85 0.28 0.94 0.03 0.48 0.27 1.00
0.53 0.02 0.11 0.92 0.79 0.46 0.43
0.51 0.66 0.09 0.68 0.25 0.95 0.06
0.57 0.80 0.63 1.00 0.40 0.88 0.26
0.75 0.77 0.98 0.01 0.87 0.75 0.53
0.57 0.66 0.69 0.12 0.15 0.48 0.52
0.76 0.46 0.66 0.92 0.08 0.60 0.83
0.81 0.78 0.08 0.58 0.25 1.00 0.64
0.03 0.62 0.69 0.29 0.90 0.49 0.39
0.92 0.49 0.99 0.39 0.80 0.84 0.23
0.56 0.38 0.45 0.08 0.51 0.14 0.53
0.97 0.31 0.95 0.02 0.76 0.21 0.71
0.74 0.08 0.96 0.10 1.00 0.82 0.86
0.80 0.91 0.65 0.59 0.41 0.02 0.83
0.77 0.02 0.83 0.27 0.56 0.13 0.53
0.62 0.72 0.86 0.38 0.51 0.82 0.29
0.71 0.91 0.86 0.17 0.54 0.89 0.24
0.04 0.76 0.49 0.07 0.58 0.98 0.28
0.72 0.25 0.88 0.17 0.59 0.29 0.81
0.81 0.90 0.91 0.03 0.43 0.38 0.87
1.00 0.50 0.99 0.81 0.37 0.04 0.51
0.08 0.63 0.44 0.46 0.61 0.32 0.68
0.89 0.76 0.04 0.96 0.06 0.65 0.34
0.18 0.09 0.97 0.62 0.55 0.70 0.09
0.54 0.59 0.43 0.18 0.28 0.13 0.12
0.60 0.59 0.97 0.28 0.99 0.06 0.10
0.40 0.21 0.31 0.61 0.89 0.60 0.95
0.03 0.96 0.20 0.16 0.66 0.91 0.62
0.22 0.45 0.68 0.28 0.84 0.59 0.84
0.32 0.90 0.93 0.76 0.07 0.46 0.66
0.67 0.80 0.91 0.97 0.44 0.08 0.70
0.50 1.00 0.32 0.75 0.27 0.61 0.22
0.99 0.90 0.01 0.11 0.51 0.61 0.20
0.02 0.70 0.86 0.62 0.33 0.55 0.32
0.54 0.01 0.41 0.30 0.64 0.91 0.77
0.40 0.92 0.94 0.53 0.53 0.89 0.17
0.66 0.33 0.99 0.72 0.96 0.13 0.65
0.41 0.76 0.48 0.22 0.22 0.41 0.33
0.87 0.41 0.64 0.94 0.25 0.16 0.54
0.05 0.86 0.62 0.10 0.90 0.02 0.06
0.31 0.88 0.03 0.01 0.50 0.47 0.96
0.69 0.01 0.42 0.73 0.80 0.75 0.98
0.04 0.64 0.68 0.35 0.98 0.32 0.73
0.95 0.69 0.45 0.12 0.60 0.66 0.52
1.00 0.03 0.79 0.59 0.67 0.17 0.64
0.66 0.39 0.74 0.47 0.71 0.11 0.66
0.45 0.93 0.95 0.86 0.57 0.10 0.71
0.63 0.01 0.07 0.81 0.39 0.76 0.59
0.92 0.90 0.99 0.72 0.25 0.23 0.89
0.27 0.66 0.02 0.89 0.63 0.40 0.73
0.66 0.68 0.95 0.29 0.20 0.11 0.60
0.77 0.63 0.69 0.78 0.82 0.01 0.53
0.52 0.58 0.07 0.37 0.74 0.07 0.80
0.95 0.93 0.81 0.74 0.83 0.85 0.01
0.53 0.94 0.53 0.75 0.69 0.06 0.26
0.06 0.97 0.25 0.27 0.65 0.35 0.44
0.23 0.80 0.83 0.06 0.98 0.97 0.41
0.69 0.18 0.31 0.51 0.70 0.79 0.45
0.60 0.62 0.62 0.48 0.59 0.12 0.76
0.45 0.29 0.78 0.32 0.80 0.56 0.84
0.16 0.60 0.93 0.56 0.30 0.84 0.53
0.71 0.52 0.20 0.71 0.78 0.93 0.46
0.72 0.30 0.76 0.52 0.15 0.30 0.67
0.77 0.75 0.78 0.69 0.77 0.03 0.98
0.87 0.90 0.55 0.09 0.28 0.99 0.14
0.32 0.51 0.73 0.96 0.79 0.92 0.18
0.03 0.96 0.54 0.84 0.38 0.64 0.02
0.12 0.88 0.52 0.35 0.76 0.66 0.99
0.12 0.56 0.84 0.60 0.61 0.34 0.85
0.27 0.86 0.14 0.50 0.81 0.70 0.95
0.03 0.37 0.90 0.84 0.15 0.91 0.96
0.42 0.30 0.18 0.46 0.99 0.43 0.04
0.76 0.55 0.97 0.39 0.09 0.39 0.13
0.74 0.19 0.73 0.83 0.93 0.57 0.09
0.02 0.70 0.25 0.45 0.40 0.91 0.89
0.26 0.98 0.82 0.75 0.78 0.24 0.79
0.02 0.39 0.97 0.76 0.03 0.52 0.13
0.17 0.70 0.63 0.15 0.41 0.17 0.85
0.28 0.83 0.82 0.80 0.71 0.23 0.81
0.71 0.33 0.90 0.53 0.64 0.54 0.18
0.30 0.84 0.19 0.92 0.73 0.05 0.95
0.56 0.56 0.01 0.84 0.74 0.76 0.77
0.47 0.07 0.52 0.53 0.13 0.39 0.96
0.39 0.40 0.23 0.41 0.87 0.57 0.56
0.82 0.85 0.88 0.96 0.75 0.08 0.40
0.12 0.76 0.74 0.50 0.63 0.56 0.11
0.93 0.80 0.65 0.15 0.34 0.80 0.69
0.46 0.46 0.25 0.64 0.35 0.63 0.83
0.55 0.72 0.39 0.64 0.03 0.60 0.87
0.79 0.96 0.13 0.83 0.46 0.30 0.16
0.19 0.22 0.74 0.19 0.27 0.71 0.71
0.94 0.73 0.71 0.95 0.11 0.52 0.28
0.51 0.83 0.76 0.92 0.19 0.52 0.22
0.71 0.18 0.53 0.22 0.19 0.80 0.63
0.01 0.65 0.08 0.96 0.81 0.51 0.99
0.02 0.97 0.68 0.67 0.44 0.74 0.51
1.00 0.31 0.68 0.23 0.82 0.02 0.68
0.70 0.64 0.23 0.87 0.83 0.63 0.69
0.36 0.91 0.71 0.95 0.84 0.05 0.43
0.62 0.79 0.06 0.53 0.91 0.77 0.58
0.54 0.10 0.24 0.29 0.81 0.64 0.79
0.77 0.07 0.66 0.52 0.86 0.23 0.69
0.76 0.22 0.94 0.67 0.19 0.08 0.61
0.83 0.41 0.03 0.88 0.30 0.29 0.80
0.38 0.06 0.77 0.97 0.68 0.28 0.75
0.67 0.51 0.36 0.27 0.84 0.53 0.77
0.30 0.26 0.48 0.16 0.72 0.03 0.57
0.72 0.58 0.05 0.54 0.54 1.00 0.34
0.89 0.35 0.35 0.83 0.84 0.09 0.24
0.75 0.47 0.69 0.76 0.75 0.95 0.10
0.83 0.23 0.29 0.08 0.86 0.31 0.94
0.97 0.01 0.40 0.03 0.54 0.96 0.49
0.05 0.63 0.41 0.64 0.69 0.36 0.51
0.22 0.42 0.21 0.81 0.27 0.89 1.00
0.13 0.60 0.64 0.96 0.87 0.87 0.58
0.54 0.55 0.53 0.29 0.92 0.63 0.04
0.67 0.23 0.53 0.11 0.86 0.98 0.02
0.51 0.73 0.72 0.36 0.34 0.86 0.18
0.04 0.05 0.70 0.09 0.71 0.88 0.85
0.20 0.78 0.33 0.91 0.76 0.85 0.32
0.84 0.15 0.05 0.01 0.39 0.03 0.27
0.61 0.14 0.76 0.58 0.80 0.25 0.87
0.96 0.77 0.21 0.52 0.20 0.90 0.58
0.91 0.33 0.02 0.31 0.03 0.75 0.38
0.53 0.32 0.60 0.88 0.93 0.83 0.01
0.51 0.16 0.39 0.75 0.30 0.23 0.67
0.83 0.58 0.53 0.06 0.98 0.08 0.49
0.10 0.91 0.80 0.99 0.58 0.58 0.83
0.69 0.91 0.06 0.85 0.08 0.19 0.71
0.11 0.10 0.63 0.32 0.54 0.61 0.76
0.70 0.40 0.52 0.79 0.31 0.29 0.13
0.80 0.75 0.82 0.57 0.52 0.80 0.04
0.57 0.09 0.59 0.72 0.05 0.02 0.28
0.52 0.60 0.64 0.98 0.96 0.16 0.24
0.05 1.00 0.85 0.57 0.28 0.92 0.81
0.05 0.36 0.06 0.98 0.61 0.39 0.23
0.63 0.77 0.14 0.35 0.78 0.98 0.78
0.13 0.02 0.29 0.46 0.89 0.43 0.12
0.36 0.62 0.32 0.58 0.90 0.04 0.81
0.05 0.92 0.10 0.70 0.68 0.55 0.16
0.84 0.59 0.58 0.69 0.01 0.99 0.62
0.56 0.73 0.34 0.15 0.37 0.86 0.28
0.61 0.43 0.11 0.49 0.26 0.16 0.18
0.75 0.94 0.11 0.91 0.16 0.77 0.66
0.02 0.63 0.72 0.90 0.59 0.16 0.12
0.10 0.86 0.94 0.35 0.43 0.64 0.72
0.51 0.15 0.71 0.62 0.36 0.27 0.30
0.52 0.32 0.64 0.91 0.12 0.80 0.35
0.93 0.17 0.93 0.27 0.04 0.98 0.21
0.59 0.60 0.18 0.82 0.96 0.83 0.70
0.93 0.99 0.36 0.04 0.58 0.53 0.03
0.60 0.21 0.75 0.12 0.93 0.41 0.61
0.13 0.95 0.49 0.60 0.24 0.34 0.63
0.27 0.76 0.07 0.96 0.51 0.81 0.84
0.58 0.71 0.82 0.59 0.03 0.70 0.58
0.58 0.97 0.14 0.25 0.94 0.83 0.66
0.73 0.98 0.67 0.17 0.53 0.49 0.13
0.75 0.81 0.56 0.95 0.74 0.81 0.04
0.70 0.17 0.13 0.64 0.39 0.19 0.91
0.08 0.86 0.15 0.92 0.01 0.82 0.77
0.18 0.91 0.91 0.28 0.86 0.77 0.19
0.98 0.70 0.88 0.88 0.12 0.71 0.25
0.54 0.48 0.71 0.56 0.17 0.92 0.12
0.90 0.22 0.85 0.44 0.23 0.96 0.52
0.90 0.36 0.83 0.66 0.04 0.72 0.03
0.11 0.94 0.35 0.59 0.33 0.61 0.91
0.14 0.25 0.62 0.96 0.87 0.79 0.28
0.93 0.47 0.32 0.83 0.67 0.14 0.13
0.47 0.27 0.49 0.91 0.55 0.53 0.89
0.75 0.27 0.91 0.68 0.04 0.22 0.87
0.38 0.31 0.24 0.64 0.84 0.30 0.84
0.44 0.76 0.51 0.19 0.57 0.99 0.92
0.55 0.51 0.56 0.41 0.81 0.44 0.21
0.70 0.89 0.87 0.69 0.34 0.50 0.04
0.78 0.89 0.19 0.28 0.72 0.22 0.68
0.82 0.81 0.08 0.72 0.90 0.76 0.70
0.99 0.96 0.61 0.82 0.76 0.01 0.47
0.04 0.55 0.02 0.09 0.78 0.41 0.99
0.65 0.72 0.05 0.91 0.63 0.36 0.40
0.78 0.40 0.06 0.93 0.61 0.09 0.03
0.01 0.08 0.78 0.78 0.93 0.44 0.03
0.07 0.02 0.53 0.90 0.66 0.83 0.50
0.88 0.30 0.75 0.37 0.02 0.19 0.05
0.24 0.13 0.23 0.84 0.87 0.38 0.38
0.41 0.44 0.70 0.56 0.74 0.31 0.19
0.51 0.93 0.32 0.89 0.37 0.13 0.97
0.72 0.05 0.58 0.10 0.76 0.69 0.86
0.78 0.69 0.07 0.33 1.00 0.78 0.21
0.55 0.73 0.40 0.06 0.99 0.67 0.13
0.89 0.06 0.22 0.71 0.27 0.59 0.38
0.63 0.68 0.68 0.13 0.51 0.85 0.34
0.51 0.94 0.07 0.12 0.48 0.28 0.30
0.51 0.97 0.46 0.80 0.64 0.19 0.73
0.30 0.09 0.93 0.50 0.02 0.63 0.95
0.81 0.88 0.07 0.79 0.50 0.89 0.75
0.55 0.93 0.04 0.52 0.51 0.06 0.74
0.12 0.82 0.76 0.87 0.10 0.83 0.56
0.85 0.42 0.34 0.28 0.65 0.89 0.11
0.73 0.85 0.50 0.43 0.61 0.88 0.05
0.49 1.00 0.83 0.15 0.21 0.37 0.70
0.59 0.43 0.66 0.93 0.23 0.85 0.15
0.69 0.86 0.16 0.45 0.22 0.77 0.02
0.78 0.54 0.75 0.63 0.27 0.07 0.38
0.52 0.77 0.34 0.86 0.61 0.20 0.83
