250 7
0.13 0.35 0.23 0.70 0.02 0.21 0.10
0.94 1.00 1.00 0.58 0.70 0.46 0.02
0.90 0.64 0.54 0.23 0.74 0.16 0.52
0.02 0.44 0.75 0.69 0.20 0.96 0.46
0.63 1.00 0.34 0.77 0.82 0.13 0.02
0.51 0.33 0.93 0.55 0.84 0.43 0.97
0.35 0.79 0.57 0.09 0.53 0.55 0.14
0.68 0.13 0.35 0.96 0.74 0.72 0.87
0.65 0.77 0.69 0.57 0.78 0.68 1.00
0.90 0.79 0.29 0.12 0.21 0.32 0.70
0.85 0.09 0.72 0.54 0.31 0.81 0.24
0.84 0.94 0.72 0.95 0.92 0.11 0.46
0.57 0.83 0.39 0.72 0.97 0.11 0.06
0.76 0.63 0.10 0.87 0.08 0.79 0.72
0.55 0.17 0.69 0.96 0.27 0.98 0.66
0.08 1.00 0.08 0.78 1.00 0.86 0.82
0.79 0.86 0.78 0.06 0.27 0.64 0.67
0.83 0.03 0.14 0.85 0.93 0.69 0.76
0.07 1.00 0.54 0.70 0.88 0.60 0.29
0.71 0.07 0.71 0.85 0.32 0.92 0.14
0.97 0.02 0.78 0.73 0.62 0.44 0.40
0.66 0.86 0.08 0.75 0.38 0.03 0.60
0.61 0.56 0.69 0.39 0.67 0.83 0.19
0.78 0.46 0.72 0.26 0.98 0.92 0.12
0.07 0.36 0.85 0.68 0.81 0.21 0.03
0.77 0.86 0.52 0.57 0.99 0.85 0.83
0.06 0.58 0.81 0.62 0.51 0.94 0.95
0.55 0.26 0.25 0.65 0.81 0.77 0.35
0.92 0.53 0.87 0.05 0.54 0.33 0.09
0.68 0.78 0.59 0.23 0.55 0.92 0.56
0.36 0.22 0.31 0.73 0.73 0.99 0.60
0.04 0.66 0.76 0.19 0.87 0.01 0.75
0.13 0.35 0.33 0.20 0.94 0.87 0.84
0.71 0.84 0.30 0.61 0.69 0.56 0.86
0.14 0.99 0.05 0.20 0.55 0.52 0.55
0.99 0.08 0.29 0.41 0.95 0.96 0.03
0.63 0.86 0.64 0.68 0.09 0.72 0.14
0.91 0.62 0.38 0.10 0.27 0.88 0.68
0.02 0.08 0.70 1.00 0.24 0.80 0.12
0.25 0.11 0.59 0.45 0.65 0.95 0.83
0.79 0.97 0.76 0.63 0.46 0.81 0.90
0.93 0.25 0.40 0.05 0.75 0.72 0.78
0.84 0.56 0.76 0.55 0.46 0.41 0.74
0.87 0.69 0.81 0.50 0.52 0.96 0.21
0.77 0.64 0.19 0.48 0.42 0.90 0.20
0.48 0.99 0.96 0.43 0.64 0.32 0.98
0.57 0.64 0.57 0.16 0.51 0.64 0.97
0.48 0.64 0.48 0.77 0.84 0.67 0.08
0.24 0.57 0.99 0.46 0.97 0.09 0.36
0.09 0.91 0.90 0.53 0.66 0.51 0.56
0.92 0.72 0.55 0.49 0.32 0.54 0.57
0.73 0.29 0.96 0.81 1.00 0.70 0.87
0.60 0.32 0.02 0.31 0.39 0.10 0.97
0.71 0.39 0.28 0.53 0.09 0.59 0.28
0.72 0.10 0.68 0.71 0.93 0.69 0.77
0.67 0.80 0.97 0.84 0.66 0.03 0.75
0.81 0.02 0.03 0.64 0.58 0.02 0.64
0.68 0.72 0.77 0.32 0.38 0.66 0.77
0.68 0.57 0.56 0.13 0.99 0.86 0.72
0.80 0.93 0.93 0.67 0.27 0.31 0.74
0.05 0.02 0.82 0.90 0.75 0.36 0.60
0.66 0.47 0.75 0.51 0.35 0.88 0.23
0.36 0.82 0.15 0.35 0.53 0.56 0.61
0.04 0.18 0.60 0.90 1.00 0.59 0.25
0.18 0.52 0.48 0.56 0.94 0.61 0.92
0.82 0.18 0.84 0.09 0.33 0.91 0.76
0.92 0.89 0.62 0.51 0.86 0.23 0.25
0.91 0.06 0.76 0.51 0.11 0.29 0.02
0.71 0.48 0.36 0.03 0.86 0.81 0.96
0.30 0.63 0.61 0.74 0.34 0.08 0.69
0.61 0.54 0.51 0.53 0.36 0.23 0.62
0.54 0.44 0.31 0.51 0.24 0.30 0.11
0.13 0.56 0.84 0.58 0.95 0.45 0.57
0.60 0.20 0.58 0.48 0.86 0.87 0.95
0.84 0.72 0.98 0.63 0.07 0.75 0.89
0.61 0.77 0.73 0.10 0.59 0.56 0.51
0.42 0.44 0.71 0.09 0.65 0.87 0.60
0.34 0.66 0.02 0.82 0.20 0.88 0.49
0.09 0.94 0.55 0.98 0.90 0.61 0.90
1.00 0.73 0.97 0.10 0.53 0.43 0.37
0.88 0.09 0.68 0.31 0.92 0.34 0.85
0.72 0.12 1.00 0.55 0.09 0.99 0.66
0.98 0.93 0.89 0.85 0.01 0.91 0.91
0.53 0.72 0.61 0.64 0.52 0.98 0.65
0.66 0.95 0.02 0.88 0.63 0.55 0.26
0.59 0.71 0.02 0.78 0.87 0.09 0.49
0.85 0.62 0.78 0.31 0.72 0.31 0.54
0.89 0.04 0.45 0.57 0.05 0.67 0.89
0.25 0.05 0.80 0.93 0.30 0.90 0.92
0.62 0.43 0.21 0.82 0.79 0.93 0.72
0.91 0.15 0.66 0.35 0.80 0.99 0.60
0.98 0.36 0.17 0.65 0.11 0.83 0.32
0.33 0.63 0.62 0.28 0.95 0.59 0.41
0.31 0.86 0.60 0.10 0.73 0.02 0.73
0.97 0.56 0.52 0.90 0.50 0.04 0.90
0.63 0.38 0.64 0.50 0.76 0.24 0.96
0.54 0.16 0.60 0.01 0.86 0.59 0.47
0.96 0.97 0.28 0.24 0.67 0.73 0.47
0.22 0.05 0.85 0.98 0.72 0.54 0.93
0.73 0.56 0.21 0.64 0.15 0.25 0.66
0.36 0.83 0.40 0.53 0.80 0.54 0.49
0.40 0.57 0.33 0.87 0.88 0.77 0.01
0.93 0.83 0.59 0.23 0.43 0.81 0.64
0.84 0.82 0.99 0.91 0.67 0.04 0.20
0.92 0.02 0.65 0.72 0.45 0.11 0.07
0.59 0.31 0.74 0.84 0.59 0.91 0.75
0.12 0.46 0.54 0.76 0.59 0.90 0.59
0.33 0.32 0.21 0.61 0.51 0.61 0.31
0.04 0.16 0.51 0.24 0.59 0.66 0.41
0.90 0.14 0.25 0.41 0.81 0.24 0.29
0.66 0.08 0.40 0.60 0.94 0.88 0.07
0.97 0.67 0.20 0.77 0.54 0.88 0.93
0.41 0.87 0.74 1.00 0.17 0.13 0.08
0.16 0.54 0.09 0.94 0.19 0.57 0.18
0.47 0.90 0.06 0.20 0.94 0.81 0.63
0.69 0.12 0.68 0.53 0.68 0.50 0.81
0.27 0.87 0.16 0.60 0.68 0.94 0.08
0.17 0.54 0.47 0.60 0.62 0.51 0.72
0.51 0.51 0.03 0.86 0.88 0.94 0.41
0.51 0.59 0.37 0.41 0.77 0.31 0.76
0.90 0.08 0.89 0.96 0.24 0.87 0.68
0.73 0.61 0.59 0.08 0.90 0.89 0.66
0.80 0.94 0.64 0.11 0.03 0.39 0.69
0.09 0.69 0.59 0.30 0.80 0.54 0.82
0.93 0.86 0.30 0.52 0.92 0.59 0.07
0.55 0.02 0.60 0.51 0.98 0.94 0.78
0.97 0.45 0.90 0.25 0.51 0.72 0.63
0.02 0.06 0.20 0.12 0.48 0.50 0.95
0.40 0.86 0.96 0.91 0.67 0.07 0.33
0.57 0.57 0.22 0.06 0.88 0.22 0.14
0.98 0.06 0.50 0.90 0.35 0.77 0.42
0.47 0.74 0.66 0.25 0.68 0.22 0.34
0.02 0.62 0.67 0.97 0.14 0.10 0.01
0.70 0.22 0.07 0.21 0.54 0.60 0.73
0.07 0.74 0.73 0.42 0.91 0.59 0.74
0.79 0.29 0.71 0.60 0.01 0.61 0.42
0.88 0.23 1.00 0.93 0.01 0.92 0.47
0.90 0.03 0.90 0.54 0.35 0.54 0.25
0.10 0.86 0.28 0.36 0.18 0.99 0.71
0.33 0.79 0.70 0.35 0.03 0.85 0.90
0.59 0.25 0.13 0.71 0.62 0.69 0.73
0.96 0.80 0.23 0.68 0.11 0.61 0.58
0.78 0.51 0.78 0.21 0.11 0.23 0.59
0.68 0.78 0.16 0.66 0.38 0.73 0.56
0.54 0.34 0.98 0.75 0.99 0.15 0.21
0.77 0.71 0.64 0.52 0.04 0.90 0.68
0.51 0.97 0.02 0.77 0.61 0.99 0.57
0.68 0.13 0.95 0.40 0.97 0.65 0.51
0.92 0.40 0.67 0.30 0.98 0.07 0.95
0.92 0.79 0.52 0.54 0.77 0.20 0.63
0.79 0.62 0.96 0.70 0.85 0.04 0.70
0.71 0.86 0.10 0.35 0.31 0.89 0.90
0.64 0.90 0.02 0.15 0.21 0.91 0.70
0.05 0.06 0.51 0.50 0.56 0.84 0.18
0.19 0.57 0.16 0.80 0.12 0.70 0.89
0.29 0.88 0.98 0.14 0.92 0.42 0.34
0.51 0.68 0.09 0.57 0.47 0.89 0.23
0.60 0.63 0.28 0.30 0.42 0.58 0.51
0.12 0.62 0.82 0.61 0.82 0.40 1.00
0.68 0.34 0.43 0.54 0.80 0.62 0.68
0.21 0.29 0.99 0.86 0.41 0.93 0.18
0.04 0.97 0.67 0.43 0.67 0.48 0.99
0.77 0.78 0.67 0.06 0.17 0.28 0.90
0.78 0.75 0.03 0.19 0.86 0.71 0.47
0.84 0.70 0.95 0.01 0.09 0.45 0.81
0.25 0.82 0.72 0.33 0.68 0.65 0.65
0.83 0.51 0.60 0.52 0.99 0.87 0.07
0.46 0.18 1.00 0.09 0.33 0.14 0.79
0.06 0.96 0.63 0.96 0.21 0.25 0.71
0.90 0.69 0.80 0.72 0.66 0.01 0.57
0.22 0.61 0.51 0.92 0.54 0.83 0.08
0.41 0.64 0.11 0.81 0.62 0.84 0.70
0.93 0.56 0.56 0.85 0.83 0.91 0.04
0.84 0.80 0.80 0.36 0.80 0.13 0.91
0.86 0.58 0.29 0.39 0.77 0.28 0.75
0.23 0.26 0.88 0.26 0.74 0.59 0.32
0.02 0.79 0.15 0.43 0.93 0.03 0.78
0.61 0.56 0.14 0.22 0.29 0.67 0.28
0.56 0.88 0.95 0.96 0.64 0.70 0.07
0.78 0.47 0.95 0.21 0.07 0.98 0.80
0.70 0.70 0.65 0.59 0.72 0.29 0.39
0.77 0.81 0.75 0.18 0.05 0.01 0.61
0.56 0.70 0.54 0.85 0.74 0.16 0.72
0.46 0.64 0.08 0.75 0.19 0.78 0.15
0.84 0.29 0.67 0.85 0.26 0.63 0.99
0.62 0.40 0.59 0.92 0.72 0.17 0.49
0.21 0.56 0.70 0.31 0.15 0.49 0.40
0.25 0.58 0.14 0.09 0.72 0.10 0.41
0.92 0.80 0.52 0.10 0.08 0.20 0.78
0.14 0.74 0.67 0.58 0.39 0.05 0.18
0.86 0.67 0.75 0.01 0.76 0.23 0.53
0.74 0.82 0.93 0.03 0.74 0.62 0.42
0.09 0.76 0.39 0.02 0.10 0.22 0.35
0.11 0.20 0.62 0.36 0.32 0.59 0.60
0.94 0.43 0.58 0.34 0.95 0.33 0.70
0.10 0.71 0.97 0.06 0.01 0.87 0.71
0.56 0.38 0.77 0.25 0.57 0.91 0.74
0.89 0.13 0.38 0.76 0.38 0.62 0.40
0.01 0.67 0.99 0.84 0.01 0.65 0.33
0.23 1.00 0.53 0.52 0.08 0.51 0.01
0.69 0.98 0.09 0.48 0.38 0.87 0.20
0.71 0.52 0.09 0.71 0.12 0.62 0.04
0.37 1.00 0.52 0.02 0.06 0.26 0.22
0.14 0.81 0.55 0.50 0.02 0.14 0.29
0.03 0.88 0.85 0.65 0.98 0.38 0.26
0.97 0.19 0.77 0.90 0.01 0.13 0.16
0.54 0.59 0.05 0.93 0.46 0.75 0.92
0.09 0.73 0.95 0.83 0.71 0.53 0.19
0.94 0.86 0.37 0.64 0.49 0.64 0.03
0.23 0.09 0.87 0.65 0.71 0.74 0.69
0.64 0.74 0.70 0.51 0.95 0.18 0.39
0.94 0.01 0.35 0.86 0.67 0.86 0.88
0.53 0.88 0.04 0.75 0.66 0.81 0.41
0.13 0.35 0.30 0.27 0.40 0.80 0.69
0.35 0.34 0.59 0.03 0.59 0.75 0.47
0.52 0.76 0.53 0.08 0.28 0.26 0.07
0.70 0.17 0.64 0.99 0.53 0.76 0.62
0.43 0.89 0.53 0.25 0.77 0.73 0.27
0.87 0.94 0.03 0.73 0.10 0.56 0.39
0.82 0.85 0.41 0.62 0.77 0.01 0.28
0.65 0.16 0.59 0.99 0.66 0.69 0.37
0.71 0.85 0.48 0.66 0.17 0.12 0.77
0.53 0.34 0.20 0.29 0.80 0.61 0.79
0.87 0.18 0.53 0.62 0.85 0.49 0.72
0.98 0.61 0.34 0.83 0.59 0.08 0.41
0.05 0.53 0.61 0.53 0.99 0.48 0.40
0.56 0.22 0.46 0.23 0.94 0.95 0.05
0.49 0.31 0.26 0.71 0.76 0.92 0.30
0.87 0.76 0.57 0.47 0.06 0.03 0.48
0.73 0.88 0.13 0.71 0.47 0.55 0.67
0.09 0.22 0.68 0.72 0.77 0.64 0.91
1.00 0.96 0.80 0.10 0.75 0.25 0.08
0.70 0.67 0.97 0.36 0.73 0.89 0.15
0.07 0.40 0.60 0.14 0.32 0.80 0.81
0.81 0.40 0.51 0.57 0.29 0.31 0.09
0.52 0.81 0.42 0.24 0.16 0.81 0.14
0.71 0.94 0.07 0.13 0.35 0.71 0.78
0.91 0.11 0.59 0.28 0.60 0.67 0.45
0.92 0.61 0.27 0.45 0.58 0.76 0.27
0.84 0.30 0.85 0.14 0.83 0.86 0.57
0.16 0.73 0.61 0.58 0.79 0.73 0.16
0.56 0.02 0.05 0.57 0.64 0.51 0.35
0.28 0.54 0.92 0.10 0.27 0.67 0.91
0.87 0.65 0.20 0.28 0.56 0.86 0.27
0.55 0.38 0.17 0.56 0.86 0.75 0.21
0.93 0.54 0.92 0.04 0.33 0.59 0.67
1.00 0.49 0.13 0.81 0.85 0.02 0.07
0.61 0.09 0.13 0.52 0.28 0.14 0.61
0.45 0.19 0.85 0.53 0.76 0.20 0.90
0.61 0.62 0.69 0.43 0.24 0.30 0.57
