250 7
0.68 0.24 0.43 0.64 0.80 0.86 0.44
0.88 0.96 0.83 0.44 0.29 0.23 0.57
0.96 0.84 0.13 0.91 0.41 0.88 0.52
0.89 0.63 0.94 0.52 0.65 0.83 0.07
0.98 0.71 0.53 0.78 0.45 0.89 0.42
0.40 0.66 0.58 0.14 0.38 0.27 0.51
0.90 0.52 0.71 0.96 0.69 0.73 0.28
0.85 0.64 0.65 0.29 0.97 0.54 0.56
0.52 0.80 0.52 0.79 0.83 0.35 0.28
0.96 0.63 0.97 0.51 0.68 0.26 0.87
0.62 0.51 0.61 0.82 0.09 0.79 0.51
0.76 0.59 0.38 0.47 0.24 0.82 0.11
0.77 0.58 0.55 0.15 0.65 0.16 0.32
0.92 0.58 0.69 0.04 0.04 0.15 0.28
0.41 0.71 0.01 0.31 0.68 0.18 0.74
0.61 0.69 0.59 0.34 0.04 0.16 0.46
0.74 0.28 0.72 0.69 0.67 0.57 0.27
0.60 0.55 0.85 0.50 0.66 0.99 0.89
1.00 0.03 0.98 0.31 0.57 0.99 0.82
0.32 0.96 0.52 0.99 0.97 0.49 0.32
0.57 0.55 0.38 0.07 0.68 0.29 0.33
0.52 0.68 0.77 0.58 0.96 0.70 0.06
0.10 0.80 0.55 0.33 0.91 0.99 0.97
0.82 0.94 0.02 0.74 0.75 0.84 0.13
0.82 0.15 0.56 0.07 0.80 0.51 0.84
0.94 0.50 0.58 0.82 0.66 0.67 0.51
0.85 0.35 0.99 0.76 0.58 0.89 0.24
0.80 0.23 0.95 0.65 0.69 0.79 0.52
0.57 0.49 0.78 0.67 0.75 0.99 0.06
0.55 0.82 0.41 0.09 0.06 0.65 0.24
0.88 0.13 0.37 0.24 0.55 0.15 0.61
0.08 0.57 0.22 0.67 0.57 0.94 0.25
0.06 0.05 0.74 0.78 0.26 0.10 0.79
0.68 0.67 0.46 0.42 0.14 0.66 0.15
0.53 0.04 0.98 0.24 0.65 0.61 0.59
0.76 0.39 0.02 0.34 0.94 0.78 0.48
0.33 0.64 0.53 0.84 0.94 0.78 0.99
0.58 0.33 0.65 0.57 0.94 0.68 0.68
0.77 0.20 0.69 0.16 0.63 0.70 0.39
0.65 0.95 0.60 0.05 0.05 0.31 0.14
0.41 0.58 0.93 0.44 0.71 0.46 0.60
0.12 0.13 0.84 0.17 0.50 0.73 0.57
0.95 0.63 0.08 0.64 0.73 0.51 0.82
0.65 0.58 0.87 0.60 0.45 0.95 0.54
0.69 0.07 0.51 0.96 0.88 0.58 0.70
0.71 0.55 0.19 0.70 0.39 0.95 0.83
0.73 0.40 0.67 0.17 0.99 0.71 0.77
0.78 0.52 0.17 0.89 0.98 0.72 0.52
0.32 0.44 0.42 0.73 0.83 0.30 0.78
0.61 0.19 0.02 0.64 0.84 0.42 0.71
0.86 0.08 0.73 0.84 0.55 0.68 0.15
0.53 0.01 0.51 0.62 0.74 0.64 0.43
0.63 0.73 0.06 0.90 0.67 0.97 0.63
0.05 0.56 0.50 0.20 0.57 0.37 0.42
0.43 0.60 0.62 0.58 0.85 0.21 0.42
0.07 0.59 0.95 0.87 0.75 0.03 0.53
0.99 0.85 0.85 0.02 0.53 0.54 0.63
0.33 0.06 0.60 0.41 0.69 0.23 0.96
0.58 0.32 0.64 0.85 0.51 0.89 0.55
0.04 0.39 0.78 0.58 0.52 0.93 0.64
0.66 0.40 0.16 0.19 0.17 0.52 0.72
0.36 0.68 0.56 0.95 0.72 0.55 0.12
0.53 0.84 0.85 0.63 0.70 0.60 0.16
0.80 0.54 0.64 0.79 0.40 0.10 0.08
0.68 0.25 0.41 0.37 0.73 0.81 0.80
0.12 0.83 0.78 0.59 0.68 0.14 0.61
0.82 0.74 0.50 0.61 0.62 0.15 0.97
0.64 0.70 0.78 0.92 0.65 0.52 0.07
0.59 0.81 0.12 0.71 0.12 0.52 0.88
0.38 0.15 0.88 0.61 0.85 0.73 0.44
0.93 0.94 0.05 0.90 0.62 0.60 0.66
0.56 0.55 0.76 0.06 0.67 0.90 0.63
0.96 0.75 0.54 0.07 0.17 0.68 0.37
0.58 0.78 0.70 0.88 0.94 0.86 0.09
0.19 0.73 0.62 0.71 0.13 1.00 0.23
0.31 0.97 0.04 0.98 0.70 0.82 0.88
0.24 0.96 0.91 0.96 0.54 0.71 0.13
0.48 0.38 0.29 0.20 0.80 0.52 0.28
0.06 0.24 0.12 0.43 0.57 0.44 0.88
0.52 0.54 0.41 0.72 0.69 0.87 0.05
0.77 0.57 0.19 0.09 0.33 0.86 0.41
0.53 0.74 0.65 0.55 0.59 0.34 0.35
0.14 0.83 0.60 0.18 0.83 0.97 0.57
0.32 0.45 0.79 0.35 0.10 0.62 0.88
0.78 0.07 0.85 0.70 0.88 0.68 0.29
0.30 0.80 0.55 0.39 0.61 0.65 0.37
0.76 0.57 0.99 0.05 0.93 0.85 0.89
0.56 0.92 0.57 0.23 0.48 0.18 0.67
0.20 0.43 0.88 0.85 0.18 0.92 0.70
0.22 0.33 0.67 0.51 0.78 0.56 0.20
0.56 0.77 0.78 0.06 0.92 0.81 0.69
0.81 0.68 0.22 0.74 0.32 0.44 0.95
0.53 0.80 0.68 0.73 0.18 0.81 0.58
0.68 0.11 0.74 0.57 0.67 0.68 0.64
0.72 0.21 0.11 0.59 0.69 0.50 0.62
0.19 0.76 0.42 0.81 0.35 0.76 0.91
0.52 0.81 0.98 0.94 0.53 0.11 0.77
0.80 0.61 0.01 0.08 0.63 0.88 0.73
0.22 0.12 0.29 0.84 0.04 0.51 0.96
0.99 0.18 0.79 0.01 0.59 0.92 0.31
0.40 0.44 0.37 0.54 0.19 0.51 0.52
0.56 0.06 0.03 0.52 0.33 0.07 0.11
0.64 0.42 0.73 0.96 0.11 0.14 0.67
0.16 0.70 0.74 0.18 0.72 0.30 0.73
0.61 0.20 0.26 0.87 0.79 0.26 0.03
0.35 0.77 0.99 0.49 0.78 0.01 0.17
0.01 0.67 0.87 0.20 0.17 0.88 0.83
0.74 0.06 0.57 1.00 0.29 0.83 0.87
0.65 0.51 0.46 0.03 0.83 0.79 0.38
0.33 0.38 0.84 0.74 0.54 0.85 0.50
0.11 0.38 0.80 0.67 0.99 0.61 0.30
0.78 0.56 0.48 0.27 0.43 0.49 0.44
0.50 0.51 0.91 0.83 0.70 0.03 0.57
0.41 0.63 0.98 0.79 0.45 0.08 0.99
0.04 0.79 0.26 0.74 0.18 0.67 0.93
0.85 0.78 0.08 0.19 0.86 0.36 0.66
0.19 0.91 0.91 0.26 0.10 0.84 0.67
0.95 0.23 0.96 0.26 0.45 0.26 0.83
0.26 0.18 0.36 0.94 0.79 0.51 0.07
0.39 0.63 0.73 0.77 0.08 0.77 0.73
0.07 0.72 0.59 0.02 0.55 0.62 0.89
0.75 0.99 0.41 0.69 0.02 0.79 0.15
0.10 0.93 0.04 0.98 0.62 0.66 0.93
0.82 0.27 0.22 0.25 0.62 0.94 0.50
0.15 0.51 0.98 0.86 0.88 0.15 0.71
0.19 0.61 0.68 0.90 0.12 0.94 0.74
0.59 0.68 0.53 0.04 0.71 0.60 0.64
0.52 0.69 0.04 0.90 0.87 0.01 0.74
0.47 0.73 0.23 0.53 0.68 0.79 0.63
0.24 0.01 0.60 0.48 0.23 0.12 0.58
0.78 0.78 0.74 0.80 0.19 0.09 0.42
0.51 0.09 0.69 1.00 0.66 0.51 0.31
0.86 0.52 0.70 0.39 0.95 0.27 0.25
0.37 0.89 0.83 0.92 0.15 0.86 0.74
0.70 0.64 0.07 0.29 0.59 0.77 0.75
0.17 0.51 0.52 0.89 0.45 0.17 0.19
0.77 0.54 0.72 0.74 0.05 0.55 0.50
0.09 0.13 0.64 0.68 0.61 0.75 0.48
0.60 0.68 0.90 0.50 0.03 0.78 0.47
0.31 0.69 0.24 0.38 0.57 0.97 0.98
0.68 0.11 0.97 0.29 0.14 0.56 0.77
0.98 0.27 0.39 0.17 0.09 0.76 0.38
0.72 0.35 0.71 0.58 1.00 0.01 0.12
0.65 0.96 0.02 0.18 0.88 0.85 0.54
0.98 0.05 0.80 0.56 0.32 0.34 0.25
0.57 0.20 0.67 0.08 0.72 0.75 0.52
0.91 0.14 0.78 0.66 0.10 0.86 0.68
0.60 0.68 0.77 0.24 0.10 0.87 0.76
0.41 0.73 0.32 0.52 0.76 0.23 0.21
0.59 0.52 0.51 0.38 0.10 0.68 0.78
0.07 0.66 0.70 0.01 0.91 0.48 0.69
0.82 0.51 0.61 0.71 0.34 0.77 0.06
0.33 0.84 0.34 0.11 0.64 0.54 0.25
0.01 0.09 0.82 0.85 0.36 0.83 0.10
0.58 0.82 0.46 0.35 0.56 0.15 0.58
0.72 0.97 0.81 0.54 0.91 0.86 0.04
0.03 0.55 0.42 0.91 0.68 0.15 0.41
0.79 0.64 0.55 0.12 0.33 0.84 0.68
0.67 0.09 0.26 0.94 0.14 0.36 0.01
0.29 0.29 0.85 0.35 0.97 0.34 0.17
0.40 0.56 0.97 0.64 0.55 0.79 0.03
0.41 0.15 0.13 0.68 0.73 0.73 0.76
0.53 0.78 0.25 0.55 0.07 0.18 0.55
0.28 0.57 0.48 0.65 0.65 0.60 0.72
0.61 0.78 0.31 0.28 0.04 0.50 1.00
0.02 0.97 0.76 0.60 0.71 0.82 1.00
0.97 0.02 0.98 0.85 0.71 0.44 0.48
0.97 0.99 0.85 0.63 0.70 0.42 0.09
0.60 0.53 0.15 0.44 0.30 0.81 0.92
0.06 0.38 0.87 0.79 0.36 0.77 0.14
0.48 0.80 0.67 0.27 0.57 0.82 0.37
0.68 0.59 0.69 0.16 0.31 0.32 0.87
0.97 0.68 0.44 0.03 0.76 0.51 0.89
0.49 0.01 0.70 0.68 0.82 0.63 0.22
0.44 0.84 0.32 0.19 0.66 0.28 0.67
0.02 0.13 0.95 0.87 0.95 0.73 0.06
0.56 0.56 0.11 0.43 0.94 0.49 0.96
0.06 0.45 0.81 0.54 0.41 0.61 0.08
0.41 0.79 0.83 0.10 0.84 0.81 0.74
0.96 0.20 0.40 0.80 0.11 0.02 0.77
0.43 0.39 0.17 0.12 0.38 0.82 0.81
0.35 0.03 0.17 0.45 0.51 0.25 0.25
0.20 0.49 0.25 0.63 0.57 0.76 0.69
0.57 0.91 0.03 0.13 0.05 0.58 0.94
0.93 0.99 0.02 0.58 0.62 0.63 0.82
0.69 0.05 0.58 0.44 1.00 0.94 0.13
0.31 0.97 0.67 0.16 0.82 0.65 0.79
1.00 0.21 0.49 0.72 0.22 0.73 0.10
0.57 0.78 0.81 0.76 0.63 0.06 0.66
0.58 0.41 0.87 0.26 0.79 0.64 0.35
0.27 0.85 0.94 0.21 0.66 0.06 0.18
0.42 0.89 0.32 0.13 0.59 0.62 0.59
0.94 0.99 0.83 0.54 0.72 0.01 0.17
0.09 0.55 0.27 0.50 0.75 0.62 0.20
0.70 0.77 0.41 0.02 0.30 0.05 0.73
0.52 0.43 0.03 0.83 0.53 0.78 0.90
0.91 0.59 0.11 0.25 0.41 0.87 0.31
0.03 0.14 0.81 0.90 0.32 0.73 0.52
0.05 0.81 0.50 0.12 0.53 0.26 0.74
0.23 0.54 0.64 0.22 0.58 0.40 0.23
0.70 0.57 0.54 0.96 0.25 0.28 0.20
0.39 0.91 0.80 0.72 0.97 0.21 0.46
0.44 0.50 0.70 0.94 0.61 0.08 0.64
0.74 0.41 0.06 0.07 0.88 0.85 0.82
0.30 0.17 0.49 0.51 0.98 0.31 0.93
0.90 0.54 0.35 0.43 0.63 0.60 0.14
0.55 0.40 0.76 0.62 0.09 0.70 0.61
0.84 0.06 0.45 0.98 0.04 0.68 0.88
0.55 0.59 0.53 0.28 0.51 0.73 0.63
0.18 0.70 0.39 0.51 0.57 0.56 0.67
0.02 0.90 0.01 0.42 0.03 0.40 0.84
0.42 0.52 0.60 0.66 0.03 0.77 0.64
0.78 0.01 0.61 0.04 0.08 0.20 0.67
0.27 0.61 0.77 0.82 0.83 0.02 0.67
0.22 0.84 0.79 0.48 0.25 0.14 0.39
0.93 0.74 0.54 0.04 0.68 0.48 0.28
0.14 0.19 0.72 0.51 0.26 0.60 0.29
0.48 0.47 0.71 0.35 0.74 0.54 0.90
0.20 0.23 0.27 0.64 0.24 0.56 0.44
0.87 0.57 0.66 0.06 0.99 0.54 0.07
0.83 0.37 0.65 0.71 0.47 0.80 0.05
0.26 0.64 0.44 0.85 0.04 0.80 0.82
0.85 0.02 0.01 0.90 0.77 0.92 0.34
0.55 0.05 0.72 0.26 0.75 0.51 0.68
0.55 0.41 0.91 0.83 0.01 0.40 0.54
0.86 0.80 0.68 0.85 0.01 0.99 0.78
0.60 0.96 0.03 0.77 0.78 0.02 0.41
0.90 0.23 0.01 0.69 0.60 0.42 0.27
0.26 0.72 0.39 0.19 0.63 0.55 0.77
0.94 0.50 0.57 0.95 0.89 0.03 0.64
0.56 0.22 0.89 0.60 0.12 0.80 0.32
0.82 0.45 0.08 0.83 0.04 0.98 0.70
0.17 0.55 0.96 0.61 0.59 0.49 0.53
0.34 0.55 0.72 0.11 0.73 0.85 0.98
0.25 0.39 0.13 0.64 0.02 0.25 0.85
0.79 0.49 0.59 0.19 0.13 0.23 0.80
0.85 0.67 0.15 0.03 0.10 0.20 0.39
0.35 0.66 0.05 0.76 0.37 0.21 0.62
0.55 0.96 0.81 0.04 0.85 0.99 0.45
0.59 0.71 0.74 0.02 0.57 0.79 0.69
0.61 0.36 0.15 0.03 0.04 0.78 0.93
0.01 0.19 0.74 0.53 0.97 0.88 0.64
0.12 0.72 0.49 0.95 0.51 0.12 0.55
0.09 0.94 0.23 0.55 1.00 0.41 0.59
0.75 0.18 0.77 0.99 0.02 0.21 0.82
0.16 0.11 0.14 0.72 0.40 0.13 0.33
0.87 0.14 0.78 0.39 0.78 0.06 0.82
0.05 0.18 0.82 0.81 0.01 0.36 0.39
0.39 0.70 0.83 0.06 0.65 0.54 0.16
0.40 0.50 0.17 0.93 1.00 0.97 0.14
