250 7
0.76 0.03 0.78 0.52 0.26 0.06 0.50
0.78 0.88 0.12 0.85 0.74 0.83 0.74
0.79 0.23 0.62 0.83 0.10 0.94 0.79
0.85 0.98 0.38 0.06 1.00 0.57 0.40
0.95 0.49 0.52 0.54 0.46 0.67 0.33
0.23 0.81 0.95 0.87 0.63 0.54 0.44
0.75 0.77 0.34 0.75 0.65 0.73 0.23
0.09 0.55 0.07 0.39 0.43 0.65 0.52
0.43 0.74 0.84 0.09 0.78 0.58 0.96
0.54 0.86 0.75 0.92 0.20 0.59 0.18
0.62 0.06 0.25 0.69 0.71 0.67 0.65
0.85 0.84 0.57 0.89 0.90 0.66 0.32
0.40 0.93 0.84 0.74 0.93 0.55 0.41
0.95 0.18 0.03 0.70 0.17 0.10 0.67
0.66 0.64 0.05 0.76 0.75 0.12 0.56
0.98 0.62 0.81 0.15 0.75 0.57 0.22
0.64 0.62 0.17 0.17 0.42 0.66 0.73
0.08 0.86 0.88 0.91 0.58 0.84 0.21
0.14 0.45 0.90 0.87 0.78 0.53 0.16
0.78 0.61 0.08 0.02 0.92 0.95 0.72
0.51 0.30 0.31 0.80 0.84 0.71 0.60
0.41 0.47 0.09 0.83 0.85 0.54 0.85
0.72 0.19 0.98 0.79 0.35 0.93 0.92
0.84 0.95 0.87 0.91 0.13 0.95 0.07
0.36 0.05 0.99 0.60 0.63 0.94 0.30
0.16 0.77 0.44 0.58 0.14 0.54 0.85
0.69 0.18 0.94 0.54 1.00 0.95 0.67
0.55 0.03 0.61 0.80 0.52 0.13 0.62
0.35 0.76 0.65 0.81 0.62 0.20 0.86
0.37 0.21 0.20 0.74 0.78 0.44 0.05
0.29 0.07 0.61 0.07 0.28 0.75 0.89
0.95 0.65 0.68 0.22 0.73 0.48 0.14
0.98 0.09 0.71 0.17 0.82 0.43 0.28
0.11 0.38 0.79 0.83 0.87 0.93 0.19
0.30 0.13 0.85 0.23 0.90 0.91 0.51
0.18 0.28 0.97 0.88 0.98 0.71 0.35
0.90 0.38 0.96 0.69 0.06 0.70 0.76
0.71 0.60 0.07 0.55 0.69 0.59 0.76
0.62 0.93 0.54 0.66 0.56 0.85 0.32
0.69 0.61 1.00 0.70 0.03 0.48 0.47
0.16 0.56 0.75 0.39 0.57 0.27 0.59
0.83 0.17 0.60 0.60 0.67 0.31 0.86
0.08 0.85 0.04 0.18 0.11 0.97 0.32
0.87 0.82 0.75 0.53 0.22 1.00 0.90
0.85 0.88 0.86 0.92 0.68 0.11 0.33
0.97 0.18 0.40 0.92 0.02 0.61 0.87
0.72 0.35 0.57 0.95 0.79 0.43 0.19
0.39 0.59 0.55 0.73 0.68 0.54 0.23
0.56 0.20 0.96 0.18 0.63 0.94 0.79
0.68 0.88 0.23 0.63 0.94 0.19 0.06
0.75 0.17 0.02 0.84 0.87 0.52 0.76
0.06 0.65 0.56 0.57 0.47 0.84 0.50
0.95 0.95 0.56 0.08 0.82 0.51 0.84
0.06 0.61 0.19 0.91 0.52 0.45 0.72
0.90 0.83 0.46 0.34 0.20 0.07 0.64
0.61 0.95 0.81 0.71 0.35 0.14 0.92
0.56 0.99 0.58 0.50 0.98 0.92 0.04
0.54 0.62 0.54 0.71 0.35 0.56 0.84
0.66 0.26 0.60 0.99 0.77 0.50 0.52
0.87 0.75 0.69 0.43 0.59 0.66 0.08
0.53 0.41 0.55 0.86 0.72 0.74 0.94
0.84 0.68 0.69 0.76 0.04 0.47 0.32
0.77 0.84 0.40 0.98 0.55 0.20 0.30
0.64 0.31 0.58 0.90 0.77 0.52 0.64
0.03 0.60 0.95 0.77 0.77 0.74 0.23
0.94 0.31 0.04 0.80 0.30 0.89 0.53
0.23 0.63 0.75 0.98 0.36 0.91 0.97
0.87 0.78 0.86 0.17 0.53 0.32 0.56
0.71 0.45 0.40 0.67 0.57 0.62 0.71
0.10 0.09 0.83 0.18 0.70 0.60 0.87
0.53 0.65 0.98 0.82 0.35 0.10 0.53
0.74 0.39 0.74 0.41 0.40 0.23 0.05
0.75 0.59 0.37 0.51 0.72 0.92 0.19
0.56 0.85 0.76 0.74 0.48 0.83 0.45
0.51 0.74 0.37 0.76 0.67 0.40 0.81
0.86 0.71 0.91 0.73 0.22 0.55 0.36
0.33 0.70 0.18 0.57 0.34 0.35 0.02
0.95 0.84 0.12 0.58 0.69 0.42 0.70
0.94 0.53 0.35 0.49 0.09 0.23 0.83
0.22 0.46 0.86 0.33 0.73 0.67 0.74
0.77 0.52 0.43 0.57 0.88 0.79 0.36
0.12 0.72 0.50 0.37 0.24 0.30 0.21
0.55 0.12 0.36 0.46 0.96 0.44 0.19
0.18 0.39 0.63 0.66 0.57 0.20 0.38
1.00 0.85 0.04 0.50 0.72 0.88 0.59
0.58 0.68 0.62 0.81 0.77 0.09 0.67
0.38 0.91 0.54 0.46 0.10 0.08 0.87
0.06 0.97 0.91 0.27 0.63 0.78 0.94
0.57 0.51 0.47 0.55 0.64 0.65 0.89
0.36 0.31 0.66 0.92 0.62 0.56 0.89
0.89 0.71 0.20 0.54 0.61 0.82 0.11
0.66 0.84 0.57 0.06 0.71 1.00 0.86
0.03 0.61 0.66 0.44 0.89 1.00 0.58
0.52 0.83 0.81 0.05 0.09 0.39 0.54
0.57 0.58 0.62 0.64 0.51 0.53 0.59
0.76 0.61 0.34 0.75 0.42 0.33 0.78
0.56 0.87 0.97 0.20 0.54 0.06 0.81
0.60 0.64 0.03 0.78 0.47 0.70 0.75
0.44 0.96 0.91 0.06 0.61 0.55 0.23
0.56 0.66 0.78 0.50 0.76 0.93 0.19
0.84 0.95 0.28 0.31 0.15 0.49 0.28
0.63 0.35 0.21 0.50 0.79 0.80 0.29
0.69 0.15 0.72 0.54 0.67 0.02 0.15
0.35 0.34 0.83 0.92 0.58 0.80 0.40
0.66 0.16 0.82 0.26 0.93 0.82 0.31
0.91 0.18 0.75 0.18 0.11 0.59 0.87
0.31 0.32 0.41 0.53 0.20 0.07 0.79
0.88 0.66 0.94 0.86 0.67 0.43 0.03
0.23 0.35 0.65 0.59 0.89 0.61 0.32
0.65 0.95 0.17 0.51 0.86 0.54 0.98
0.30 0.21 0.80 0.54 0.90 0.86 0.54
0.13 0.06 0.65 0.92 0.73 0.29 0.91
0.03 0.63 0.89 0.72 0.53 0.30 0.32
0.39 0.44 0.32 0.96 0.77 0.26 0.44
0.72 0.06 0.93 0.02 0.75 0.07 0.99
0.11 0.76 0.89 0.06 0.99 0.01 0.70
0.35 0.04 0.36 0.85 0.86 0.81 0.82
0.91 0.70 0.35 0.05 0.53 0.97 0.46
0.67 0.73 0.29 0.46 0.11 1.00 0.65
0.59 0.12 0.97 0.52 0.05 0.88 0.95
0.24 0.11 0.85 0.88 0.30 0.66 0.57
0.84 0.04 0.69 0.97 0.99 0.86 0.58
0.05 0.85 0.03 0.86 0.77 0.61 0.62
0.91 0.93 0.11 0.62 0.77 0.41 0.14
0.25 0.69 0.61 0.87 0.60 0.68 0.21
0.57 0.18 0.56 0.98 0.58 0.82 0.15
0.92 0.50 0.09 0.89 0.64 0.03 0.78
0.91 0.20 0.66 0.16 0.27 1.00 0.60
0.71 0.62 0.05 0.90 0.77 0.65 0.20
0.14 0.54 0.68 0.68 0.91 0.19 0.08
0.64 0.17 0.67 0.83 1.00 0.28 0.12
0.84 0.78 0.33 0.03 0.20 0.85 0.62
0.17 0.81 0.64 1.00 0.89 0.02 0.29
0.96 0.81 0.73 0.05 0.80 0.69 0.07
0.82 0.55 0.48 0.83 0.40 0.98 0.33
0.80 0.08 0.99 0.51 0.11 0.49 0.15
0.70 0.85 0.16 0.88 0.61 0.64 0.89
0.02 0.71 0.98 0.82 0.18 0.08 0.98
0.71 0.58 0.51 0.19 0.08 0.60 0.97
0.81 0.81 0.30 0.22 0.95 0.62 0.82
0.53 0.27 0.31 0.51 0.53 0.19 0.76
0.73 0.61 0.91 0.10 0.45 0.72 0.50
0.61 0.95 0.18 0.84 0.64 0.18 0.11
0.94 0.52 0.63 0.90 0.09 0.63 0.60
0.19 0.79 0.88 0.64 0.87 0.68 0.16
0.65 0.68 0.91 0.50 0.22 0.49 0.56
0.77 1.00 0.52 0.02 0.29 0.62 0.72
0.72 0.68 0.33 0.61 0.81 0.88 0.20
0.87 0.27 0.61 0.82 0.74 0.65 0.50
0.78 0.50 0.77 0.20 0.74 0.38 0.05
0.67 0.76 0.73 0.53 0.05 0.29 0.27
0.67 0.56 0.88 0.87 0.22 0.76 0.66
0.41 0.05 0.54 0.94 0.14 1.00 0.59
0.34 0.76 0.67 0.53 0.60 0.17 0.60
0.27 0.77 0.85 0.34 0.64 0.72 0.73
0.24 0.01 0.76 0.14 0.88 0.69 0.80
0.72 0.45 0.54 0.25 0.10 0.08 0.93
0.66 0.27 0.28 0.82 0.42 0.86 0.82
0.69 0.10 0.88 0.62 0.51 0.72 0.52
0.71 0.20 0.88 0.96 0.76 0.61 0.01
0.63 0.35 0.45 0.27 0.16 0.83 1.00
0.09 0.75 0.68 0.82 0.72 0.58 0.73
0.29 0.97 0.69 0.46 0.67 0.08 0.91
0.93 0.11 0.08 0.34 0.87 0.07 0.58
0.47 0.56 0.73 0.94 0.91 0.09 0.46
0.23 0.22 0.21 0.91 0.60 0.68 0.18
0.64 0.36 0.87 0.24 1.00 0.56 0.63
0.60 0.34 0.99 0.49 0.59 0.47 0.49
0.17 0.35 0.62 0.48 0.22 0.69 0.57
0.63 0.65 0.06 0.06 0.94 0.01 0.75
0.23 0.95 0.57 0.53 0.23 0.90 0.37
0.08 0.64 0.93 0.60 0.39 0.82 0.89
0.09 0.33 0.94 0.79 0.12 0.72 0.89
0.81 0.01 0.92 0.46 0.85 0.64 0.34
0.09 0.86 0.65 0.96 0.62 0.11 0.97
0.26 0.82 0.77 0.98 0.52 0.18 0.61
0.86 0.56 0.61 0.69 0.17 0.39 0.75
0.48 0.29 0.73 0.76 0.89 0.13 0.85
0.47 0.07 0.98 0.34 0.57 0.72 0.07
0.76 0.62 0.62 0.46 0.91 0.64 0.30
0.56 0.86 0.87 0.90 0.04 0.66 0.12
0.10 0.66 1.00 0.58 0.36 0.55 0.48
0.81 0.66 0.92 0.91 0.05 0.65 0.34
0.16 0.57 0.48 0.87 0.35 0.62 0.81
0.91 0.73 0.22 0.29 0.66 0.41 0.54
0.57 0.14 0.97 0.04 0.53 0.61 0.03
0.96 0.96 0.63 0.16 0.99 0.54 0.39
0.04 0.56 0.25 0.91 0.37 0.98 0.96
0.55 0.10 0.90 0.69 0.42 0.63 0.64
0.63 0.81 0.90 0.10 0.50 0.77 0.07
0.57 0.62 0.44 0.82 0.78 0.41 0.49
0.95 0.03 0.34 0.76 0.75 0.78 0.85
0.68 0.65 1.00 0.48 0.97 0.41 0.53
0.25 0.55 0.99 0.45 0.90 0.88 0.25
0.54 0.94 0.59 0.54 0.11 0.01 0.91
0.68 0.94 0.65 0.78 0.31 0.90 0.03
0.14 0.72 0.78 0.58 0.53 0.94 0.03
0.77 0.92 0.67 0.07 0.71 0.56 0.07
0.13 0.08 0.93 0.77 0.34 0.65 0.71
0.92 0.75 0.14 0.19 0.71 0.88 0.54
0.48 0.98 0.48 0.35 0.94 0.26 0.51
0.60 0.54 0.91 0.90 0.01 0.95 0.67
0.27 0.81 0.75 0.68 0.03 0.79 0.10
0.64 0.82 0.40 0.53 0.07 0.69 0.75
0.53 0.35 0.91 0.64 0.13 0.98 0.60
0.91 0.54 0.75 0.36 0.91 0.32 0.05
0.10 0.52 0.07 0.48 0.48 0.98 0.82
0.34 0.91 0.69 0.27 0.69 0.10 0.80
0.79 0.23 0.51 0.10 0.57 0.54 0.41
0.57 0.58 0.56 0.79 0.36 0.60 0.25
0.48 0.18 0.51 0.55 0.48 0.18 0.61
0.78 0.27 0.51 0.60 0.76 0.52 0.59
0.93 1.00 0.08 0.94 0.09 0.96 0.05
0.21 0.87 0.84 0.18 0.55 0.40 0.56
0.02 0.79 0.64 0.87 0.77 0.05 0.37
0.94 0.37 0.56 0.83 0.67 0.07 0.26
0.23 0.86 0.63 0.11 0.99 0.70 0.84
0.89 0.29 0.99 0.32 0.24 0.56 0.28
0.33 0.87 0.83 0.71 0.30 0.02 0.13
0.63 0.95 1.00 0.85 0.43 0.21 0.09
0.79 0.76 0.88 0.12 0.56 0.84 0.42
0.02 0.92 0.61 0.09 0.02 0.07 0.65
0.98 0.53 0.59 1.00 0.44 0.64 0.02
0.60 0.06 0.73 0.60 0.11 0.58 0.63
0.97 0.09 0.35 0.60 0.74 0.79 0.63
0.87 0.40 0.37 0.51 0.24 0.12 0.51
0.20 0.62 0.51 0.62 0.34 0.76 0.83
0.52 0.65 0.94 0.34 0.23 0.41 0.66
0.63 0.96 0.35 0.72 0.36 0.02 0.44
0.39 0.53 0.52 0.47 0.89 0.66 0.84
0.72 0.11 0.25 0.70 0.85 0.84 0.61
0.82 0.55 0.54 0.03 0.55 0.15 0.64
0.62 0.43 0.33 0.91 0.43 0.46 0.88
0.57 0.54 0.78 0.72 0.47 0.03 0.22
0.28 1.00 0.85 0.92 0.95 0.02 0.76
0.72 0.60 0.50 0.58 0.61 0.61 0.51
0.45 0.67 0.82 0.58 0.46 0.12 0.42
0.27 0.40 0.53 0.54 0.91 0.57 0.93
0.96 0.97 0.66 0.04 0.40 0.56 0.61
0.35 0.21 0.70 0.97 0.11 0.37 0.69
0.73 0.71 0.20 0.28 0.28 0.72 0.13
0.55 0.54 0.29 0.08 0.62 0.24 0.94
0.19 0.67 0.56 0.60 0.75 0.04 0.77
0.89 0.21 0.78 0.81 0.82 0.79 0.03
0.65 0.28 0.84 0.43 0.96 0.96 0.57
0.20 0.38 0.72 0.41 0.56 0.63 0.44
0.81 0.16 0.26 0.61 0.29 0.48 0.54
0.87 0.01 0.66 0.66 0.90 0.84 0.91
0.33 0.98 0.03 0.66 0.62 0.82 0.34
0.94 0.80 0.89 0.23 0.17 0.57 0.75
