250 7
76 3 78 52 26 6 50
78 88 12 85 74 83 74
79 23 62 83 10 94 79
85 98 38 6 100 57 40
95 49 52 54 46 67 33
23 81 95 87 63 54 44
75 77 34 75 65 73 23
9 55 7 39 43 65 52
43 74 84 9 78 58 96
54 86 75 92 20 59 18
62 6 25 69 71 67 65
85 84 57 89 90 66 32
40 93 84 74 93 55 41
95 18 3 70 17 10 67
66 64 5 76 75 12 56
98 62 81 15 75 57 22
64 62 17 17 42 66 73
8 86 88 91 58 84 21
14 45 90 87 78 53 16
78 61 8 2 92 95 72
51 30 31 80 84 71 60
41 47 9 83 85 54 85
72 19 98 79 35 93 92
84 95 87 91 13 95 7
36 5 99 60 63 94 30
16 77 44 58 14 54 85
69 18 94 54 100 95 67
55 3 61 80 52 13 62
35 76 65 81 62 20 86
37 21 20 74 78 44 5
29 7 61 7 28 75 89
95 65 68 22 73 48 14
98 9 71 17 82 43 28
11 38 79 83 87 93 19
30 13 85 23 90 91 51
18 28 97 88 98 71 35
90 38 96 69 6 70 76
71 60 7 55 69 59 76
62 93 54 66 56 85 32
69 61 100 70 3 48 47
16 56 75 39 57 27 59
83 17 60 60 67 31 86
8 85 4 18 11 97 32
87 82 75 53 22 100 90
85 88 86 92 68 11 33
97 18 40 92 2 61 87
72 35 57 95 79 43 19
39 59 55 73 68 54 23
56 20 96 18 63 94 79
68 88 23 63 94 19 6
75 17 2 84 87 52 76
6 65 56 57 47 84 50
95 95 56 8 82 51 84
6 61 19 91 52 45 72
90 83 46 34 20 7 64
61 95 81 71 35 14 92
56 99 58 50 98 92 4
54 62 54 71 35 56 84
66 26 60 99 77 50 52
87 75 69 43 59 66 8
53 41 55 86 72 74 94
84 68 69 76 4 47 32
77 84 40 98 55 20 30
64 31 58 90 77 52 64
3 60 95 77 77 74 23
94 31 4 80 30 89 53
23 63 75 98 36 91 97
87 78 86 17 53 32 56
71 45 40 67 57 62 71
10 9 83 18 70 60 87
53 65 98 82 35 10 53
74 39 74 41 40 23 5
75 59 37 51 72 92 19
56 85 76 74 48 83 45
51 74 37 76 67 40 81
86 71 91 73 22 55 36
33 70 18 57 34 35 2
95 84 12 58 69 42 70
94 53 35 49 9 23 83
22 46 86 33 73 67 74
77 52 43 57 88 79 36
12 72 50 37 24 30 21
55 12 36 46 96 44 19
18 39 63 66 57 20 38
100 85 4 50 72 88 59
58 68 62 81 77 9 67
38 91 54 46 10 8 87
6 97 91 27 63 78 94
57 51 47 55 64 65 89
36 31 66 92 62 56 89
89 71 20 54 61 82 11
66 84 57 6 71 100 86
3 61 66 44 89 100 58
52 83 81 5 9 39 54
57 58 62 64 51 53 59
76 61 34 75 42 33 78
56 87 97 20 54 6 81
60 64 3 78 47 70 75
44 96 91 6 61 55 23
56 66 78 50 76 93 19
84 95 28 31 15 49 28
63 35 21 50 79 80 29
69 15 72 54 67 2 15
35 34 83 92 58 80 40
66 16 82 26 93 82 31
91 18 75 18 11 59 87
31 32 41 53 20 7 79
88 66 94 86 67 43 3
23 35 65 59 89 61 32
65 95 17 51 86 54 98
30 21 80 54 90 86 54
13 6 65 92 73 29 91
3 63 89 72 53 30 32
39 44 32 96 77 26 44
72 6 93 2 75 7 99
11 76 89 6 99 1 70
35 4 36 85 86 81 82
91 70 35 5 53 97 46
67 73 29 46 11 100 65
59 12 97 52 5 88 95
24 11 85 88 30 66 57
84 4 69 97 99 86 58
5 85 3 86 77 61 62
91 93 11 62 77 41 14
25 69 61 87 60 68 21
57 18 56 98 58 82 15
92 50 9 89 64 3 78
91 20 66 16 27 100 60
71 62 5 90 77 65 20
14 54 68 68 91 19 8
64 17 67 83 100 28 12
84 78 33 3 20 85 62
17 81 64 100 89 2 29
96 81 73 5 80 69 7
82 55 48 83 40 98 33
80 8 99 51 11 49 15
70 85 16 88 61 64 89
2 71 98 82 18 8 98
71 58 51 19 8 60 97
81 81 30 22 95 62 82
53 27 31 51 53 19 76
73 61 91 10 45 72 50
61 95 18 84 64 18 11
94 52 63 90 9 63 60
19 79 88 64 87 68 16
65 68 91 50 22 49 56
77 100 52 2 29 62 72
72 68 33 61 81 88 20
87 27 61 82 74 65 50
78 50 77 20 74 38 5
67 76 73 53 5 29 27
67 56 88 87 22 76 66
41 5 54 94 14 100 59
34 76 67 53 60 17 60
27 77 85 34 64 72 73
24 1 76 14 88 69 80
72 45 54 25 10 8 93
66 27 28 82 42 86 82
69 10 88 62 51 72 52
71 20 88 96 76 61 1
63 35 45 27 16 83 100
9 75 68 82 72 58 73
29 97 69 46 67 8 91
93 11 8 34 87 7 58
47 56 73 94 91 9 46
23 22 21 91 60 68 18
64 36 87 24 100 56 63
60 34 99 49 59 47 49
17 35 62 48 22 69 57
63 65 6 6 94 1 75
23 95 57 53 23 90 37
8 64 93 60 39 82 89
9 33 94 79 12 72 89
81 1 92 46 85 64 34
9 86 65 96 62 11 97
26 82 77 98 52 18 61
86 56 61 69 17 39 75
48 29 73 76 89 13 85
47 7 98 34 57 72 7
76 62 62 46 91 64 30
56 86 87 90 4 66 12
10 66 100 58 36 55 48
81 66 92 91 5 65 34
16 57 48 87 35 62 81
91 73 22 29 66 41 54
57 14 97 4 53 61 3
96 96 63 16 99 54 39
4 56 25 91 37 98 96
55 10 90 69 42 63 64
63 81 90 10 50 77 7
57 62 44 82 78 41 49
95 3 34 76 75 78 85
68 65 100 48 97 41 53
25 55 99 45 90 88 25
54 94 59 54 11 1 91
68 94 65 78 31 90 3
14 72 78 58 53 94 3
77 92 67 7 71 56 7
13 8 93 77 34 65 71
92 75 14 19 71 88 54
48 98 48 35 94 26 51
60 54 91 90 1 95 67
27 81 75 68 3 79 10
64 82 40 53 7 69 75
53 35 91 64 13 98 60
91 54 75 36 91 32 5
10 52 7 48 48 98 82
34 91 69 27 69 10 80
79 23 51 10 57 54 41
57 58 56 79 36 60 25
48 18 51 55 48 18 61
78 27 51 60 76 52 59
93 100 8 94 9 96 5
21 87 84 18 55 40 56
2 79 64 87 77 5 37
94 37 56 83 67 7 26
23 86 63 11 99 70 84
89 29 99 32 24 56 28
33 87 83 71 30 2 13
63 95 100 85 43 21 9
79 76 88 12 56 84 42
2 92 61 9 2 7 65
98 53 59 100 44 64 2
60 6 73 60 11 58 63
97 9 35 60 74 79 63
87 40 37 51 24 12 51
20 62 51 62 34 76 83
52 65 94 34 23 41 66
63 96 35 72 36 2 44
39 53 52 47 89 66 84
72 11 25 70 85 84 61
82 55 54 3 55 15 64
62 43 33 91 43 46 88
57 54 78 72 47 3 22
28 100 85 92 95 2 76
72 60 50 58 61 61 51
45 67 82 58 46 12 42
27 40 53 54 91 57 93
96 97 66 4 40 56 61
35 21 70 97 11 37 69
73 71 20 28 28 72 13
55 54 29 8 62 24 94
19 67 56 60 75 4 77
89 21 78 81 82 79 3
65 28 84 43 96 96 57
20 38 72 41 56 63 44
81 16 26 61 29 48 54
87 1 66 66 90 84 91
33 98 3 66 62 82 34
94 80 89 23 17 57 75
