250 7
96 97 82 76 32 37 10
58 91 51 35 18 4 78
54 2 47 10 93 61 78
79 45 97 81 86 60 13
59 87 14 82 93 71 62
100 82 5 44 55 23 99
74 82 56 50 20 37 56
27 66 4 80 88 44 23
14 15 81 65 90 68 49
88 34 97 100 64 89 79
58 15 25 64 45 81 47
9 15 4 26 56 85 89
75 57 29 24 18 77 57
55 2 43 14 38 92 77
75 77 79 91 3 89 84
83 84 90 62 62 75 8
89 39 7 77 34 53 89
8 6 60 98 66 32 35
93 63 64 52 75 76 22
85 7 43 96 88 66 90
93 83 51 29 58 58 88
78 85 60 67 82 20 9
86 83 72 67 75 15 53
31 71 83 57 36 25 68
45 71 61 44 67 27 83
84 58 79 11 8 98 93
97 83 76 44 55 36 70
85 90 67 83 68 22 87
75 66 66 36 24 91 8
25 92 39 62 30 97 47
45 66 12 67 80 47 57
53 14 96 72 53 22 56
95 53 22 66 47 16 76
57 90 77 1 56 97 5
63 12 49 56 51 12 93
54 84 3 60 34 78 52
32 8 64 59 61 19 95
59 97 61 10 16 88 62
80 47 85 56 13 99 70
81 22 9 75 96 22 43
44 60 64 80 36 86 69
5 84 10 86 22 54 11
31 58 77 94 100 10 54
98 76 67 72 7 23 77
76 64 84 82 14 90 63
25 62 49 52 55 3 34
71 43 78 52 49 64 70
80 86 2 61 96 14 12
42 55 79 61 56 95 60
63 95 4 91 77 33 57
74 75 34 25 60 56 35
66 62 85 84 24 65 9
3 93 55 86 13 77 72
7 67 35 58 10 95 58
78 24 76 2 94 16 41
9 23 29 30 70 73 18
88 79 61 58 82 65 9
50 22 32 70 58 72 80
79 24 100 86 69 59 18
73 67 17 78 71 60 91
81 87 90 40 31 27 53
56 20 61 40 67 51 62
68 65 100 54 58 73 11
82 84 26 75 55 91 6
100 98 55 93 89 33 25
62 84 41 23 90 86 75
52 9 12 61 53 97 62
57 67 79 85 3 47 51
66 56 9 14 22 46 54
16 67 35 4 81 78 61
65 16 14 68 90 68 96
94 31 65 6 48 72 83
17 66 51 43 65 35 93
86 8 43 44 96 55 80
68 66 61 60 25 58 25
89 90 12 54 64 8 28
71 58 57 39 71 45 80
46 82 68 87 95 93 13
32 91 47 94 95 19 69
63 55 67 59 29 52 88
24 77 91 66 18 35 73
7 10 31 90 39 9 73
8 75 91 15 92 77 29
83 54 57 52 38 38 42
53 47 19 51 9 99 66
84 69 55 58 36 23 22
57 69 68 52 80 2 28
60 30 1 94 81 14 63
10 41 83 74 55 52 81
71 63 67 26 57 11 100
65 61 32 89 99 3 60
98 87 36 80 6 97 8
36 51 87 33 63 33 39
6 13 57 83 40 69 55
97 12 1 87 34 17 72
28 58 36 89 25 80 78
86 76 35 56 74 7 85
96 28 30 63 62 11 78
21 95 79 89 62 44 86
87 38 96 28 67 76 62
13 29 14 36 12 69 6
3 33 79 59 70 18 60
68 62 68 80 6 89 17
18 16 58 34 72 73 84
24 9 60 27 94 4 83
4 83 67 51 55 9 55
22 13 50 77 66 90 69
92 55 65 77 11 82 77
96 7 67 98 1 82 30
10 100 54 9 16 56 79
69 69 17 87 43 3 66
70 40 59 77 87 34 75
42 27 79 54 35 8 73
82 9 77 75 65 50 68
47 90 36 84 2 72 75
54 92 51 73 12 60 98
65 89 22 78 84 9 83
65 3 68 59 61 77 36
30 83 14 19 58 19 49
62 94 3 64 82 58 92
45 30 11 54 69 88 44
34 79 27 78 84 4 80
21 85 68 48 76 50 4
55 15 3 83 56 99 83
54 27 23 56 57 72 64
89 100 57 84 22 67 40
52 63 40 29 27 60 40
38 71 99 80 48 68 10
43 93 71 68 51 21 96
14 23 96 79 61 21 75
63 35 19 23 57 61 94
27 55 56 3 55 33 79
88 39 22 18 54 92 3
99 90 29 12 13 50 12
3 29 85 94 56 58 73
95 70 42 64 47 28 56
44 3 20 15 86 15 74
1 45 28 77 42 59 89
57 60 91 54 5 44 68
58 2 80 76 51 85 81
76 15 87 84 84 57 85
49 94 6 86 52 78 70
98 4 78 92 37 65 76
39 81 59 72 5 81 35
22 46 99 22 26 19 82
75 78 6 67 84 99 73
71 60 29 58 66 73 2
88 60 6 2 78 68 35
34 99 42 4 63 86 97
4 60 65 79 90 39 94
67 53 32 50 91 31 31
97 98 29 60 62 53 39
86 28 6 79 22 56 63
92 89 84 18 84 33 14
18 8 97 72 93 38 77
70 14 32 94 91 81 24
51 94 6 94 38 78 70
38 40 25 18 84 46 72
62 85 22 34 79 8 89
45 32 4 100 12 46 100
28 83 53 24 56 57 88
88 4 13 47 15 55 75
80 52 81 32 52 38 55
43 54 64 53 91 60 15
99 90 65 15 67 66 5
96 53 11 37 5 1 93
73 74 3 19 30 59 6
81 27 17 18 53 34 7
53 62 33 67 66 7 74
59 2 92 74 52 100 22
25 25 56 52 75 52 37
25 55 31 19 62 85 5
40 89 7 71 39 23 5
82 41 50 59 32 58 94
75 82 83 69 11 19 88
89 42 54 9 53 46 6
18 80 95 1 74 44 4
63 38 65 61 73 64 32
42 97 34 31 2 39 99
62 17 74 46 42 75 44
85 58 51 57 46 4 91
53 44 70 94 9 56 57
16 52 60 7 51 72 12
59 68 30 41 60 20 43
8 59 25 61 76 55 15
68 61 59 71 53 49 46
51 11 57 1 89 58 23
52 68 29 72 7 36 70
71 80 8 57 92 91 40
88 97 94 88 7 56 27
38 77 89 71 8 46 77
78 10 99 33 59 28 83
27 69 33 13 80 45 88
64 95 43 68 17 66 6
55 91 74 3 78 5 82
98 70 57 32 43 74 32
14 37 90 67 7 42 94
93 82 31 12 16 22 18
40 7 80 54 80 99 76
54 1 56 4 61 49 80
95 2 79 6 1 93 45
70 27 51 57 30 82 81
83 93 2 80 37 59 3
3 75 77 89 87 77 5
53 97 79 94 4 78 51
36 15 53 10 22 51 72
98 100 65 5 100 28 54
59 100 5 65 11 54 91
77 58 37 9 54 60 90
19 53 90 98 59 51 56
71 18 85 62 72 18 14
51 45 65 62 34 34 69
83 46 68 14 16 83 77
20 29 22 43 20 22 55
82 70 61 76 56 46 6
64 1 40 51 55 80 58
11 89 82 52 71 56 13
99 32 100 16 70 27 98
33 25 76 71 60 98 58
59 8 56 22 39 96 40
97 58 66 28 2 82 73
7 14 13 24 59 19 91
94 17 94 82 2 56 40
26 44 52 95 19 46 91
14 99 41 59 77 9 4
1 4 53 77 84 84 79
3 77 74 26 71 60 67
12 26 79 90 100 51 62
62 27 46 20 92 82 35
16 79 99 48 90 18 98
3 91 53 38 63 90 86
77 58 89 31 30 21 85
11 27 20 100 79 52 78
53 82 71 84 18 54 61
84 22 11 16 16 82 68
22 5 75 34 92 56 9
89 33 78 58 91 17 49
4 68 5 77 90 63 53
14 77 100 99 42 26 60
87 25 28 59 3 23 58
49 17 80 38 47 40 91
76 37 21 48 34 16 65
63 11 44 96 11 92 74
31 48 97 1 76 74 98
11 59 92 10 29 95 96
39 70 72 61 62 24 13
45 64 97 32 76 43 39
41 68 53 34 41 82 52
63 40 7 47 98 80 36
14 1 66 86 41 87 92
