250 7
0.79 0.54 0.50 0.52 0.60 0.45 0.66
0.83 0.78 0.74 0.99 0.93 0.62 0.43
0.86 0.41 0.85 0.75 0.71 0.97 0.80
0.54 0.02 0.80 0.72 0.04 0.80 0.35
0.83 0.29 0.71 0.10 0.63 0.39 0.94
0.05 0.34 0.71 0.50 0.80 0.45 0.31
0.81 0.87 0.84 0.64 0.65 0.88 0.63
0.73 0.92 0.92 0.15 0.86 0.52 0.57
0.80 0.86 0.06 0.46 0.01 0.64 0.19
0.08 0.95 0.27 0.65 0.98 0.70 0.78
0.72 0.11 0.85 0.24 0.05 0.65 0.22
0.62 0.70 0.81 0.94 0.71 0.74 0.74
0.61 0.67 0.63 0.65 0.97 0.96 0.90
0.99 0.46 0.54 0.19 0.53 0.01 0.66
0.82 0.08 0.47 0.73 0.94 0.18 0.75
0.96 0.32 0.89 0.18 0.17 0.35 0.35
0.05 0.81 0.67 0.73 0.87 0.79 0.14
0.71 0.91 0.61 0.98 0.89 0.40 0.92
0.97 0.54 0.80 0.68 0.59 0.46 0.45
0.90 0.94 0.55 0.60 0.66 0.10 0.40
0.87 0.74 1.00 0.90 0.61 0.52 0.44
0.66 0.99 0.94 0.94 0.33 0.57 0.96
0.44 0.15 0.90 0.56 0.94 0.62 0.31
0.83 0.94 0.56 0.75 0.66 0.32 0.72
0.55 0.75 0.69 0.35 0.29 0.04 0.25
0.72 0.92 0.75 0.70 0.83 0.54 0.22
0.34 0.95 0.39 0.78 0.73 0.75 0.35
0.65 0.07 0.93 0.51 0.01 0.11 0.04
0.39 0.62 0.64 0.31 0.78 0.75 0.76
0.18 0.52 0.12 0.94 0.62 0.78 0.50
0.51 0.76 0.82 0.87 0.98 0.09 0.90
0.83 0.82 0.65 0.47 1.00 0.18 0.95
0.52 0.67 0.79 0.66 0.61 0.84 0.32
0.76 1.00 0.90 0.18 0.51 0.02 0.12
0.33 0.74 0.84 0.04 0.99 0.62 0.08
0.38 0.72 0.51 0.84 0.32 0.65 0.61
0.28 0.93 0.53 0.87 0.74 0.75 0.53
0.12 0.30 1.00 0.43 0.37 0.97 0.52
0.64 0.60 0.53 0.55 0.07 0.46 0.98
0.17 1.00 0.73 0.20 0.52 0.33 0.88
0.79 0.69 0.40 0.24 0.57 0.88 0.43
0.13 0.52 0.59 0.21 0.03 0.01 0.36
0.61 0.26 0.43 0.09 0.19 0.77 0.54
0.78 0.94 0.88 0.37 0.98 0.68 0.13
0.72 0.35 0.03 0.54 0.19 0.98 0.36
0.16 0.59 0.85 0.84 0.58 0.24 0.08
0.91 0.24 0.91 0.06 0.91 0.61 0.02
0.37 0.88 0.12 0.66 0.28 0.01 0.72
0.85 0.34 0.74 0.78 0.62 0.66 0.70
0.79 0.17 0.04 0.77 0.72 0.83 0.97
0.71 0.51 0.30 0.96 0.55 0.51 0.21
0.99 0.68 0.48 0.96 0.52 0.21 0.64
0.88 0.84 0.67 0.87 0.47 0.76 0.17
0.43 0.35 0.16 0.17 0.34 0.47 0.62
0.95 0.07 0.41 0.83 0.93 0.87 0.75
0.45 0.52 0.31 0.46 0.15 0.59 0.98
0.67 0.91 0.54 0.72 0.73 0.68 0.10
0.29 0.58 0.51 0.97 0.29 0.90 0.74
0.54 0.92 0.66 0.43 0.93 0.64 0.16
0.04 0.84 0.08 0.94 0.44 0.77 0.90
0.51 0.78 0.79 0.01 0.96 0.48 0.85
0.74 0.60 0.61 0.10 0.82 0.51 0.85
0.41 0.24 0.88 0.59 0.67 0.64 0.37
0.24 0.59 0.58 0.65 0.86 0.68 0.74
0.84 0.38 0.32 0.69 0.53 0.97 0.27
0.70 0.82 0.37 0.97 0.75 0.48 0.07
0.35 0.81 0.87 0.17 0.09 0.89 0.48
0.83 0.39 0.21 0.52 0.57 0.92 0.53
0.57 0.47 0.10 0.85 0.33 0.19 0.93
0.71 0.60 0.80 0.85 0.52 0.81 0.06
0.88 0.62 0.54 0.66 0.53 0.40 0.88
0.86 0.54 0.53 0.77 0.15 0.89 0.44
0.79 0.22 0.72 0.67 0.59 0.57 0.65
0.82 0.11 0.33 0.54 0.88 0.75 0.99
0.92 0.47 0.44 0.38 0.12 0.53 0.55
0.57 0.65 0.71 0.61 0.35 0.98 0.12
0.94 0.62 0.57 0.97 0.93 0.08 0.34
0.60 0.26 0.68 0.06 0.04 0.14 0.43
0.15 0.81 0.75 0.75 0.65 0.94 0.33
0.51 0.59 0.47 0.69 0.79 0.43 0.70
0.64 0.35 0.62 0.69 0.10 0.50 0.84
0.81 0.57 0.51 0.64 0.86 0.36 0.73
0.74 0.35 0.59 0.11 0.07 0.94 0.68
0.28 0.35 0.22 0.14 0.52 0.43 0.18
0.44 0.87 0.28 0.37 0.51 0.07 0.33
0.02 0.91 0.51 0.84 0.69 0.13 0.94
0.11 0.67 0.53 0.74 0.80 0.82 0.87
0.66 0.45 0.51 0.81 0.48 0.39 0.54
0.43 1.00 0.85 0.02 0.70 1.00 0.51
0.01 0.16 0.56 0.37 0.85 0.71 0.92
0.63 0.06 0.54 0.39 0.71 0.84 0.65
0.36 0.35 0.78 0.77 0.25 0.27 0.64
0.90 0.36 0.77 1.00 0.54 0.07 0.30
0.93 0.56 0.92 0.15 0.72 0.42 0.40
0.40 0.49 0.67 0.81 0.42 0.46 0.58
0.51 0.86 0.55 0.76 0.92 0.19 0.73
0.87 0.43 0.78 0.88 0.98 0.95 0.16
0.43 0.73 0.15 0.84 0.94 0.18 0.76
0.97 0.28 0.24 0.63 0.78 0.60 0.83
0.86 0.62 0.81 0.69 0.39 0.40 0.01
0.51 0.25 0.51 0.82 0.88 0.58 0.78
0.37 0.58 0.52 0.11 0.41 0.58 0.16
0.85 0.84 0.39 0.13 0.61 0.15 0.94
0.66 0.55 0.29 0.41 0.17 0.70 0.86
0.48 0.37 0.68 0.75 0.89 0.23 0.65
0.79 0.19 0.38 0.99 0.52 0.58 0.97
0.45 0.23 0.60 0.19 0.75 0.53 0.41
0.09 0.75 0.99 0.81 0.68 0.63 0.35
0.38 0.55 0.45 0.54 0.56 0.29 0.31
0.89 0.77 0.23 0.55 0.19 0.51 0.84
0.06 0.60 0.94 0.85 0.79 0.10 0.27
0.85 0.67 0.34 0.80 0.64 0.19 0.39
0.59 0.28 0.11 0.89 0.16 0.99 0.64
1.00 0.75 0.06 0.85 0.96 0.82 0.11
0.82 0.62 0.56 0.06 0.57 0.48 0.54
0.71 0.59 0.10 0.83 0.90 0.88 0.56
0.83 0.43 0.46 0.90 0.39 0.93 0.35
0.72 0.52 0.37 0.63 0.98 0.10 0.44
0.81 0.72 0.34 0.77 0.30 0.70 0.67
0.39 0.23 0.40 0.01 0.81 0.55 0.64
0.60 0.42 0.63 0.34 0.96 0.66 0.07
0.23 0.79 0.10 0.81 0.80 0.22 0.17
0.92 0.83 0.57 0.36 0.05 0.45 0.63
0.30 0.20 0.56 0.52 0.98 0.56 0.82
0.52 0.38 0.07 0.51 0.52 0.73 0.12
0.51 0.25 0.71 0.32 0.70 0.64 0.13
0.90 0.22 0.12 0.69 0.66 0.92 0.13
0.38 0.13 0.25 0.89 0.23 0.57 0.26
0.85 0.82 0.05 0.86 0.83 0.97 0.62
0.19 0.91 0.81 0.01 0.52 0.97 0.64
0.61 0.70 0.96 0.47 0.34 0.81 0.28
0.82 0.33 0.56 0.03 0.87 0.60 0.24
0.17 0.23 0.72 0.83 0.69 0.62 0.22
0.63 1.00 0.16 0.40 0.49 0.03 0.78
0.05 0.86 0.63 0.01 0.72 0.42 0.01
0.07 0.38 0.67 0.83 0.09 0.98 0.05
0.09 0.76 0.14 0.04 0.52 0.48 0.22
0.08 0.30 0.68 0.94 0.63 0.61 0.05
0.86 0.49 0.66 0.07 0.61 0.79 0.99
0.92 0.09 0.48 0.59 0.55 0.40 0.65
0.59 0.85 0.47 0.81 0.10 0.97 0.90
0.86 0.58 0.11 0.11 0.15 0.05 0.33
0.53 0.67 0.76 0.02 0.36 0.11 0.69
0.54 0.06 0.26 0.61 0.66 0.75 0.72
0.24 0.71 0.11 0.60 0.85 0.65 0.53
0.75 0.14 0.60 0.82 0.41 0.68 0.82
0.06 0.56 0.18 0.67 0.23 0.87 0.87
0.25 0.98 0.23 0.49 0.25 0.98 0.88
0.55 0.82 0.18 0.79 0.83 0.23 0.40
0.63 0.70 0.71 0.48 0.74 0.63 0.01
0.49 0.10 0.56 0.60 0.83 0.85 0.85
0.91 0.96 0.34 0.73 0.99 0.04 0.59
0.02 0.91 0.49 0.53 0.66 0.90 0.44
0.80 0.07 0.51 0.97 0.71 0.15 0.11
0.51 0.51 0.97 0.97 0.22 0.86 0.33
0.09 0.76 0.37 0.82 0.39 0.98 0.86
0.15 0.93 0.74 0.85 0.67 0.71 0.14
0.16 0.58 0.97 0.50 0.01 0.59 0.77
0.22 0.63 0.50 0.39 0.44 0.76 0.25
1.00 0.64 0.06 0.72 0.71 0.36 0.61
0.39 0.66 0.69 0.16 0.11 0.42 0.07
0.31 0.83 0.20 0.02 0.50 0.37 0.59
0.63 0.91 0.19 0.58 0.28 0.62 0.73
0.54 0.01 0.51 0.08 1.00 0.39 0.62
0.59 0.30 0.60 0.24 0.71 0.30 0.99
0.60 0.83 0.61 0.13 0.25 0.03 0.96
0.04 0.35 0.51 0.69 0.21 0.93 0.58
0.04 0.71 0.37 0.35 0.08 0.88 0.13
0.01 0.81 0.84 0.09 0.65 0.52 0.57
0.09 0.93 0.90 0.82 0.52 0.21 0.85
0.92 0.19 0.55 0.76 0.84 0.53 0.59
0.58 0.12 0.88 0.55 0.67 0.61 0.07
0.91 0.05 0.57 0.70 0.44 0.99 0.93
0.22 1.00 0.53 0.01 0.01 0.71 0.21
0.46 0.44 0.17 0.75 0.88 0.57 0.28
0.09 0.62 0.26 0.77 0.55 0.77 0.76
0.68 0.76 0.11 0.44 1.00 0.23 0.19
0.06 0.53 0.88 0.65 0.70 0.02 0.07
0.36 0.13 0.40 0.59 0.06 0.20 0.83
0.26 0.69 0.53 0.25 0.98 0.69 0.01
0.01 0.89 0.96 0.75 0.84 0.17 0.07
0.32 0.15 1.00 0.72 0.54 0.88 0.96
0.54 0.69 0.23 0.82 0.77 0.89 0.02
0.70 0.58 0.65 0.62 0.89 0.69 0.05
0.72 0.03 0.02 0.82 0.63 0.39 0.63
0.93 0.19 0.37 0.96 0.59 0.55 0.16
0.73 0.67 0.24 0.37 0.94 0.12 0.86
0.03 0.71 0.31 0.15 0.01 0.61 0.75
0.70 0.91 0.17 0.54 0.26 0.28 0.82
0.24 0.68 0.98 0.88 0.51 0.11 0.02
0.88 0.12 0.80 0.80 0.47 0.60 0.61
0.82 0.04 0.27 0.30 0.55 0.77 0.78
0.85 0.29 0.64 0.27 0.24 0.66 0.99
0.91 0.07 0.47 0.65 0.62 0.08 0.73
0.10 0.42 0.41 0.47 0.92 0.30 0.21
0.48 0.63 0.60 0.21 0.22 0.45 0.16
0.56 0.96 0.63 0.18 0.59 0.53 0.10
0.75 0.58 0.17 0.10 0.28 0.10 0.22
0.63 0.99 0.44 0.82 0.01 0.27 0.72
0.54 0.07 0.28 0.52 0.10 0.47 0.54
0.93 0.15 0.15 0.04 0.33 0.19 0.76
0.67 0.84 0.67 0.43 0.95 0.39 0.13
0.50 0.65 0.50 0.92 0.21 0.66 0.53
0.96 0.55 0.83 0.83 0.90 0.90 0.03
0.05 0.69 0.96 0.52 0.86 0.88 0.19
0.16 0.66 0.61 0.66 0.56 0.46 0.07
0.02 0.38 0.04 0.77 0.48 0.56 0.55
0.59 0.87 0.11 0.64 0.59 0.65 0.53
0.40 0.27 0.57 0.88 0.26 0.56 0.33
0.06 0.77 0.83 0.71 0.60 0.05 0.54
0.08 0.74 0.27 0.66 0.86 0.51 0.60
0.79 0.85 0.25 0.02 0.51 0.24 0.45
0.84 0.30 0.55 0.56 0.54 0.01 0.68
0.06 0.06 0.52 0.41 0.32 0.53 0.98
0.84 0.60 0.64 0.60 0.73 0.98 0.09
0.62 0.71 0.69 0.01 0.02 0.59 0.18
0.17 0.11 0.30 0.95 0.25 0.79 0.69
0.65 0.99 0.45 0.12 0.63 0.08 0.94
0.08 0.53 0.03 0.02 0.19 0.54 0.05
0.98 0.76 0.96 0.11 0.01 0.07 0.90
0.51 0.43 0.42 0.75 0.40 0.74 0.19
0.66 0.39 0.13 0.79 0.65 0.43 0.72
0.64 0.47 0.13 0.82 0.72 0.72 0.52
0.12 0.04 0.83 0.50 0.76 0.58 0.90
0.10 0.43 0.81 0.91 0.54 0.40 0.65
0.05 0.75 0.57 0.94 0.85 0.69 0.19
0.84 0.19 0.66 0.75 0.65 0.76 0.23
0.59 0.44 0.90 0.70 0.51 0.30 0.62
0.46 0.87 0.08 0.01 0.77 0.94 0.16
0.07 0.66 0.82 0.74 0.12 0.39 0.52
0.71 0.99 0.37 0.27 0.68 0.29 0.57
0.52 0.15 0.95 0.11 0.99 0.52 0.66
0.81 0.92 0.17 0.94 0.94 0.24 0.04
0.85 0.37 0.10 0.95 0.27 0.62 0.78
0.59 0.20 0.94 0.27 0.67 0.70 0.61
0.73 0.06 0.03 0.46 0.60 0.17 0.62
0.99 0.40 0.23 0.89 0.44 0.64 0.49
0.05 0.93 0.14 0.50 0.45 0.25 0.84
0.61 0.37 0.67 0.21 0.65 0.27 0.99
0.59 0.45 0.30 0.89 0.91 0.30 0.33
0.46 0.32 0.16 0.20 1.00 0.06 0.83
0.05 0.21 0.25 0.24 0.72 0.72 0.71
0.15 0.55 0.47 1.00 0.73 0.53 0.84
0.29 0.23 0.62 0.75 0.29 0.26 0.65
0.29 0.54 0.50 0.81 0.16 0.58 0.66
0.85 0.26 0.98 0.68 0.75 0.08 0.43
0.08 0.05 0.47 0.92 0.91 0.23 0.07
0.80 0.78 0.01 0.95 0.60 0.52 0.80
0.70 0.52 0.05 0.60 0.81 0.58 0.93
0.11 0.16 0.56 0.31 0.79 0.19 0.01
