250 7
0.22 0.44 0.62 0.85 0.25 0.66 0.79
0.65 0.79 0.21 0.10 0.04 0.53 0.51
0.75 0.79 0.02 0.80 0.94 0.96 0.81
0.10 0.84 0.59 0.74 0.85 0.25 0.96
0.62 0.10 0.55 0.52 0.51 0.07 0.55
0.53 0.55 0.90 0.86 0.99 0.75 0.75
0.89 0.16 0.58 0.96 0.83 0.70 0.03
0.20 0.73 0.04 0.76 0.02 0.96 0.50
0.30 0.71 0.80 0.91 0.02 0.86 0.38
0.56 0.15 0.93 0.22 0.91 0.59 0.75
0.75 0.72 0.54 0.43 0.68 0.08 0.43
0.51 0.80 0.02 0.61 0.72 0.89 0.99
0.72 0.59 0.93 0.53 0.01 0.76 0.64
0.37 0.17 0.93 0.87 0.86 0.54 0.65
0.04 0.24 0.27 0.15 0.86 0.35 0.50
0.24 0.51 0.59 0.24 0.30 0.15 0.94
0.14 0.63 0.56 0.69 0.24 0.67 0.72
0.28 0.46 0.68 0.71 0.26 0.22 0.81
0.90 0.17 0.03 0.94 0.97 0.74 0.77
0.58 0.01 0.87 0.12 0.22 0.76 0.58
0.79 0.58 0.53 0.85 0.69 0.96 0.99
0.90 0.92 0.78 0.56 0.34 0.32 0.34
0.30 0.10 0.77 0.29 0.14 0.58 0.06
0.60 0.78 0.63 0.64 0.66 0.10 0.95
0.23 0.09 0.89 0.43 0.94 0.81 0.80
0.88 0.60 0.17 0.47 0.38 0.57 0.21
0.52 0.39 0.25 0.50 0.05 0.89 0.74
0.50 0.68 0.65 0.49 0.78 0.70 0.58
0.45 0.97 0.69 0.79 0.26 0.33 0.53
0.52 0.09 0.86 0.59 0.99 0.71 0.96
0.56 0.59 0.93 0.62 0.45 0.19 0.63
0.04 0.29 0.55 0.59 0.83 0.45 0.67
0.71 0.77 0.54 0.21 0.87 0.12 0.65
0.15 0.90 0.31 0.53 0.01 0.07 0.29
0.58 0.29 0.78 0.54 0.76 0.04 0.77
0.95 0.50 0.76 0.24 0.66 0.78 0.16
0.57 0.80 0.26 0.32 0.62 0.74 0.54
0.20 0.37 0.88 0.51 0.66 0.75 0.70
0.46 0.49 0.45 0.57 0.27 0.63 0.33
1.00 0.61 0.73 0.40 0.38 0.60 0.49
0.84 0.78 0.24 0.92 0.77 0.56 0.59
0.19 0.05 0.77 0.86 0.24 0.78 0.76
0.35 0.62 0.77 0.10 0.53 0.32 0.94
0.84 0.61 0.79 0.70 0.34 0.16 0.06
0.75 0.22 0.87 0.57 0.55 0.13 0.01
0.12 0.90 0.66 0.92 0.53 0.96 0.51
0.32 0.36 1.00 0.08 0.77 0.60 0.97
0.64 0.55 0.05 0.51 0.82 0.62 0.37
0.99 0.05 0.13 0.72 0.92 0.56 0.67
0.28 0.76 0.13 0.89 0.86 0.60 0.60
0.14 0.55 0.58 0.66 0.74 0.99 0.54
1.00 0.55 0.65 0.89 0.20 0.23 0.85
0.65 0.86 0.13 0.20 0.86 0.23 0.90
0.87 0.82 0.69 0.82 0.55 0.89 0.04
0.61 0.36 0.82 0.16 0.33 0.85 0.72
0.21 0.20 0.63 0.63 0.75 0.64 0.96
0.57 0.77 0.34 0.44 0.66 0.63 0.50
0.82 0.16 0.88 0.44 0.12 0.90 0.91
0.92 1.00 0.78 0.29 0.08 0.25 0.30
0.27 0.94 0.07 0.56 0.80 0.56 0.44
0.98 0.80 0.68 0.60 0.29 0.75 0.06
0.84 0.72 0.79 0.08 0.20 0.84 0.89
0.82 0.92 0.74 0.72 0.55 0.26 0.21
0.53 0.82 0.65 1.00 0.06 0.54 0.59
0.07 0.05 0.06 0.06 0.62 0.64 0.93
0.13 0.55 0.60 0.93 0.82 0.58 0.73
0.88 0.89 0.82 0.08 0.83 0.57 0.32
0.57 0.42 0.60 0.71 0.82 0.24 0.56
0.53 0.39 0.65 0.85 0.74 0.80 0.91
0.58 0.43 0.53 0.12 0.85 0.64 0.58
0.61 0.48 0.64 0.11 0.65 0.44 0.86
0.54 0.96 0.21 0.65 0.98 0.36 0.54
0.52 0.90 0.62 0.01 0.98 0.08 0.95
0.35 0.15 0.75 0.88 0.21 0.63 0.58
0.61 0.95 0.74 0.52 0.41 0.45 0.56
0.40 0.18 0.59 0.07 0.59 0.42 0.74
0.72 0.08 0.96 0.67 0.91 0.58 0.94
0.49 0.17 0.76 0.29 0.65 0.62 0.68
0.49 0.35 0.51 0.18 0.74 0.68 0.84
0.81 0.63 0.53 0.64 0.73 0.47 0.98
0.21 0.83 0.66 0.89 0.37 0.62 0.46
0.99 0.78 0.96 0.02 0.76 0.51 0.62
0.30 0.57 0.57 0.60 0.72 0.62 0.73
0.64 0.71 0.57 0.28 0.63 0.65 0.80
0.52 0.47 0.54 0.07 0.60 0.97 0.68
0.31 0.53 0.30 0.40 0.59 0.33 0.40
0.66 0.65 0.76 0.17 0.31 0.64 0.75
0.85 0.84 0.81 0.58 0.44 0.41 0.23
0.80 0.70 0.30 0.39 0.66 0.63 0.96
0.57 0.18 0.24 0.57 0.72 1.00 0.18
0.56 0.09 0.59 0.44 0.62 0.65 0.30
0.62 0.70 0.52 0.22 0.46 0.28 0.73
0.61 0.44 0.68 0.27 0.82 0.78 0.57
0.24 0.05 0.88 0.09 0.24 0.72 0.55
0.22 0.78 0.69 0.64 0.64 0.99 0.71
0.39 0.50 0.76 0.88 0.49 0.09 0.54
0.60 0.54 0.18 0.66 0.66 0.19 0.61
0.66 0.89 0.37 0.07 0.71 0.53 0.40
0.68 0.75 0.42 0.90 0.50 0.78 0.73
0.52 0.64 0.18 0.59 0.24 0.52 0.59
0.89 0.98 0.77 0.36 0.47 0.13 0.61
0.10 0.21 0.57 0.31 0.85 0.44 0.99
0.26 0.28 0.86 0.75 0.74 0.55 0.98
0.75 0.65 0.33 0.25 0.50 0.55 0.30
0.79 0.59 0.37 0.77 0.41 0.45 0.89
0.82 0.72 0.07 0.04 0.33 0.85 0.20
0.29 0.20 0.29 0.41 0.15 0.45 1.00
0.83 0.65 0.16 0.37 0.61 0.89 0.98
0.19 0.68 1.00 0.22 0.29 0.35 0.52
0.61 0.65 0.57 0.04 0.22 0.55 0.94
0.92 0.76 0.79 0.32 0.85 0.17 0.57
0.52 0.57 0.58 1.00 0.80 0.60 0.30
0.54 0.41 0.71 0.17 0.33 0.35 0.37
0.85 0.60 0.58 0.21 0.74 0.87 0.76
0.61 0.48 0.54 0.30 0.78 0.07 0.36
0.61 0.94 0.28 0.89 0.46 0.56 0.46
0.32 0.99 0.41 0.05 0.34 0.27 0.82
0.26 0.06 0.60 0.35 0.90 0.76 0.38
0.91 0.86 0.11 0.70 0.84 0.21 0.04
0.46 0.60 0.02 0.88 0.90 0.33 0.78
0.07 0.12 0.65 0.61 0.20 0.80 0.31
0.05 0.82 0.81 0.50 0.63 0.76 0.54
0.43 0.02 0.02 0.91 0.60 0.61 0.96
0.50 0.49 0.09 0.63 0.98 0.69 0.63
0.16 0.25 0.61 0.65 0.30 0.12 0.87
0.79 0.89 0.84 0.08 0.56 0.80 0.66
0.43 0.24 0.90 0.61 0.10 0.21 0.54
0.16 0.12 0.46 0.65 0.58 0.51 0.96
0.38 0.72 0.10 0.88 0.14 0.40 0.58
0.60 0.43 0.77 0.11 0.83 0.18 0.78
0.75 0.18 0.86 0.88 0.85 0.06 0.12
0.67 0.75 0.97 0.08 0.66 0.18 0.64
0.56 0.93 0.21 0.77 0.79 0.82 0.41
0.53 0.34 0.86 0.52 0.76 0.11 0.45
0.59 0.41 0.30 0.93 0.53 0.83 0.62
0.76 0.01 0.15 0.91 0.05 0.91 0.76
0.34 0.09 0.73 0.14 0.47 0.35 0.12
0.96 0.37 0.36 0.29 0.52 0.54 0.57
0.85 0.78 0.31 0.83 0.59 0.01 0.85
0.19 0.89 0.29 0.51 0.95 0.24 0.83
0.97 0.80 0.81 0.02 0.07 0.98 0.23
0.91 0.72 0.39 0.24 0.01 0.38 0.45
0.77 0.03 0.26 0.09 0.99 0.76 0.97
0.62 0.84 0.93 0.98 0.24 0.51 0.39
0.14 0.79 0.69 0.63 0.44 0.08 0.42
0.87 0.85 0.92 0.79 0.11 0.87 0.26
0.87 0.95 0.01 0.60 0.32 0.84 0.67
0.85 0.61 0.91 0.05 0.24 0.59 0.95
0.80 0.17 0.36 0.95 0.10 0.45 0.70
0.13 0.99 0.03 0.60 0.10 0.54 0.99
0.02 0.77 0.14 0.34 0.21 0.12 0.51
0.98 0.76 0.68 0.51 0.77 0.54 0.29
0.69 0.52 0.69 0.91 0.05 0.02 0.32
0.04 0.51 0.57 0.72 0.96 0.19 0.54
0.84 0.91 0.80 0.38 0.02 0.94 0.07
0.96 0.18 0.63 0.95 0.04 0.89 0.51
0.63 0.75 0.16 0.75 0.23 0.27 0.42
0.65 0.90 0.67 0.62 0.27 0.26 0.13
0.29 0.57 0.31 0.07 0.58 0.76 0.97
0.63 0.12 0.51 0.60 0.88 0.96 0.88
0.09 0.69 0.09 0.65 0.02 0.71 0.52
0.33 0.94 0.19 0.70 0.52 0.97 0.33
0.23 0.01 0.56 0.33 0.52 0.22 0.76
0.74 0.85 0.43 0.76 0.39 0.71 0.04
0.84 0.67 0.61 0.72 0.24 0.04 0.02
0.75 0.71 0.26 0.71 1.00 0.08 0.67
0.02 0.97 0.44 0.83 0.09 0.62 0.87
0.41 0.09 1.00 0.08 0.55 0.62 0.17
0.04 0.65 0.90 0.63 0.70 0.73 0.98
0.72 0.30 0.84 0.74 0.69 0.04 0.75
0.07 0.85 0.53 0.94 0.14 0.47 0.99
0.42 0.67 0.99 0.92 0.09 0.63 0.69
1.00 0.37 0.64 0.72 0.75 0.59 0.41
0.61 0.87 0.29 0.31 0.46 0.65 0.72
0.69 0.88 0.40 0.40 0.68 0.31 0.03
0.79 0.07 0.53 0.04 0.10 0.95 0.47
0.59 0.54 0.07 0.80 0.60 0.91 0.51
0.43 0.83 0.57 0.10 0.83 0.15 0.22
0.09 0.74 0.28 0.58 0.59 0.82 0.99
0.84 0.31 0.32 0.65 0.82 0.74 0.02
0.64 0.24 0.75 0.72 0.26 0.55 0.70
0.63 0.89 0.99 0.05 0.82 0.88 0.56
0.62 0.64 0.20 0.58 0.05 0.08 0.69
0.95 0.61 0.44 0.18 0.69 0.56 1.00
0.40 0.42 0.17 0.68 0.73 0.85 0.53
0.43 0.82 0.60 0.94 0.24 0.69 0.07
0.79 0.58 0.64 0.05 0.96 0.88 0.51
0.18 0.39 0.78 0.20 0.70 0.60 0.60
0.13 0.35 0.67 0.26 0.97 0.20 0.05
0.76 0.31 0.11 0.49 0.55 0.66 0.57
0.62 0.93 0.09 0.34 0.04 0.99 0.66
0.11 0.19 0.84 0.91 0.64 0.90 0.30
0.89 0.38 0.54 0.66 0.95 0.15 0.34
0.99 0.79 0.29 0.97 0.60 0.03 0.15
0.38 1.00 0.33 0.08 0.79 0.95 0.66
0.93 0.18 0.94 0.72 0.90 0.05 0.64
0.77 0.59 0.14 0.71 0.74 0.15 0.88
0.50 0.73 0.55 0.84 0.35 0.47 0.26
0.36 0.85 0.82 0.93 0.03 0.63 0.18
1.00 0.43 0.96 0.89 0.14 0.41 0.12
0.90 0.62 0.10 0.28 0.62 1.00 0.46
0.23 0.57 0.28 0.97 0.68 0.75 0.55
0.75 0.13 0.61 0.60 0.35 0.59 0.56
0.15 0.17 0.70 0.56 0.14 0.75 0.07
0.99 0.17 0.32 0.10 0.71 0.72 0.84
0.69 0.86 0.69 0.52 0.56 0.05 0.71
0.64 0.96 0.77 0.72 0.59 0.05 0.59
0.91 0.85 0.71 0.40 0.30 0.52 0.28
0.65 0.02 0.68 0.84 0.70 0.18 0.80
0.55 0.73 0.60 0.86 0.76 0.28 0.44
0.17 0.85 0.24 0.52 0.95 0.73 0.44
1.00 0.61 0.85 0.79 0.81 0.03 0.67
0.15 0.31 0.90 0.86 0.30 0.68 0.66
0.53 0.56 0.54 0.02 0.68 0.68 0.12
0.79 0.36 0.74 0.96 0.25 0.63 0.61
0.36 0.58 0.80 0.13 0.85 0.95 0.36
0.60 0.98 0.35 0.20 0.91 0.19 0.02
0.81 0.22 0.02 0.28 0.86 0.50 0.03
0.51 0.35 0.82 0.62 0.63 0.05 0.27
0.36 0.46 0.54 0.68 0.85 0.51 0.17
0.31 0.55 0.56 0.63 0.55 0.13 0.53
0.80 0.67 0.99 0.26 0.13 0.60 0.50
0.11 0.58 0.51 0.49 0.84 0.59 0.70
0.89 0.35 0.46 0.08 0.56 0.63 0.70
0.42 0.08 0.56 0.23 0.72 0.90 0.65
0.70 0.53 0.62 0.73 0.10 0.15 0.70
0.88 1.00 0.48 0.16 0.98 0.75 0.18
0.89 0.89 0.51 0.57 0.10 0.19 0.49
0.85 0.27 0.77 0.07 0.12 0.28 0.38
0.06 0.89 0.66 0.69 0.70 0.97 0.16
0.94 0.60 0.64 0.58 0.55 0.05 0.10
0.94 0.43 0.91 0.89 0.49 0.29 0.15
0.81 0.05 0.32 0.94 0.29 0.93 0.57
0.98 0.88 0.93 0.06 0.77 0.48 0.90
0.62 0.10 0.34 0.10 0.77 0.88 0.91
0.77 0.52 0.14 0.09 0.57 0.13 0.62
0.55 0.94 0.67 0.05 0.36 0.72 0.56
0.06 0.63 0.87 0.95 0.03 0.94 0.17
0.24 0.63 0.25 0.51 0.77 0.49 0.93
0.85 0.52 0.04 0.21 0.25 0.65 0.80
0.66 0.16 0.68 0.66 0.81 0.77 0.24
0.83 0.59 0.54 0.02 0.08 0.66 0.70
0.82 0.12 0.26 0.81 0.12 0.56 0.23
0.51 0.56 0.94 0.72 0.44 0.16 0.39
0.01 0.88 0.60 0.76 0.53 0.76 0.79
0.70 0.51 0.05 0.08 0.58 0.75 0.23
0.13 0.33 0.48 0.81 0.13 0.96 0.76
0.80 0.08 0.88 0.74 0.88 0.22 0.60
0.79 0.80 0.70 0.55 0.44 0.63 0.04
0.67 0.89 0.14 0.18 0.27 0.66 0.56
