502 737 999 325
552 835 919 731
821 925 943 545
902 800 927 910
950 700 950 562
539 973 717 607
726 885 599 542
995 876 709 889
928 740 542 772
673 672 794 960
701 979 573 909
852 643 711 695
571 904 857 946
733 676 576 936
794 727 845 853
623 598 932 644
922 668 690 809
621 761 525 516
553 675 536 983
754 952 511 924
613 662 910 757
670 555 534 849
542 827 566 858
617 738 412 896
702 690 980 521
898 744 590 718
880 532 770 815
611 604 835 931
918 716 938 640
502 902 914 847
514 875 940 501
505 681 526 517
775 597 692 666
857 529 686 541
979 755 853 513
521 689 868 509
634 544 696 816
847 505 966 775
655 515 613 650
589 634 572 647
622 645 872 631
408 899 538 557
596 545 590 632
549 658 602 632
684 669 504 538
646 522 642 856
629 574 555 808
825 501 773 779
698 707 398 851
596 653 927 548
518 501 861 590
585 583 527 996
286 669 960 769
697 513 754 735
755 601 939 511
574 653 657 852
770 1000 518 166
280 603 964 626
512 616 920 926
812 571 751 569
842 504 506 831
680 539 524 809
647 506 518 677
970 515 745 601
628 620 562 970
642 572 704 587
520 534 504 565
553 509 634 719
779 627 737 538
502 567 686 654
516 554 878 689
670 542 867 511
559 835 603 454
999 651 555 544
914 133 518 542
867 943 508 532
501 794 833 856
718 618 561 527
571 832 563 506
774 968 543 512
883 954 900 452
832 659 677 509
501 581 762 930
747 523 821 505
588 762 503 888
676 771 1 707
538 515 596 862
817 782 148 641
611 525 521 597
537 664 746 67
651 573 761 511
523 714 650 509
640 919 549 502
841 510 708 650
824 505 655 516
736 634 786 510
547 514 617 838
900 650 541 501
789 532 642 550
952 564 667 513
115 605 550 721
634 915 524 560
511 562 590 756
505 548 526 542
984 581 508 531
929 110 828 953
684 548 139 718
808 599 14 801
718 502 783 502
535 651 793 531
625 890 715 34
797 551 516 548
481 561 828 909
644 502 768 681
772 510 701 645
641 507 647 515
807 14 804 557
802 505 590 563
157 671 677 647
566 875 36 995
516 698 917 171
934 655 391 594
674 567 624 511
550 514 524 580
523 728 775 507
649 526 507 807
81 795 840 695
555 895 274 932
624 519 598 523
705 546 877 509
668 183 592 508
576 550 662 423
650 831 523 513
822 192 555 698
620 613 622 533
172 731 539 517
412 620 656 537
560 644 743 516
625 512 620 844
978 507 371 296
547 523 691 630
931 575 574 525
576 863 519 564
516 510 886 595
805 916 314 643
820 641 315 561
523 691 987 113
636 589 153 754
977 926 594 306
752 707 654 376
578 512 676 619
646 519 524 552
582 79 162 955
795 795 501 626
916 515 394 782
766 648 532 509
649 506 577 624
543 505 816 661
403 694 800 607
139 691 958 573
737 861 41 560
716 701 509 521
693 911 538 502
514 854 514 629
519 603 994 502
597 511 608 519
750 617 566 508
869 827 503 506
576 478 822 636
546 633 738 503
581 687 975 41
579 963 502 673
524 436 652 725
452 686 531 794
734 940 705 409
816 550 824 168
814 537 501 845
601 764 46 988
617 520 575 547
519 506 778 533
797 365 530 588
619 623 554 511
309 676 720 530
898 581 567 510
548 615 548 541
513 532 623 592
980 672 186 508
8 637 846 954
556 559 536 519
522 597 875 528
791 507 739 163
692 839 313 539
626 557 506 531
522 529 527 1000
590 504 794 674
939 504 516 656
562 663 639 508
995 502 513 795
940 740 623 92
914 515 522 522
512 535 967 560
512 180 741 863
503 544 938 954
821 577 876 57
875 528 530 530
532 522 707 522
836 560 539 74
693 241 996 502
516 550 647 534
615 713 514 540
730 705 632 351
551 506 600 849
587 894 502 694
877 767 521 511
519 502 659 567
542 116 732 770
697 584 164 714
681 573 636 311
389 611 948 507
557 864 627 506
721 551 501 515
507 540 694 757
568 415 746 744
513 520 898 539
612 505 588 876
528 568 990 526
686 987 416 648
534 969 50 794
524 939 503 558
602 544 627 511
541 513 597 719
825 93 536 588
510 547 622 602
637 770 532 505
651 615 654 502
547 528 611 527
533 796 900 504
616 93 645 812
509 826 509 541
577 794 459 953
513 523 680 741
582 525 514 751
502 583 673 591
717 544 502 571
628 505 648 570
560 548 845 518
728 526 674 507
744 941 403 522
567 514 207 625
701 504 524 673
896 519 529 511
981 101 754 563
547 919 642 451
517 720 208 585
112 864 643 961
551 608 921 519
625 403 962 534
713 140 631 115
475 554 671 844
767 716 323 265
144 849 842 692
504 533 719 973
462 583 832 615
37 998 909 871
643 251 879 578
598 276 717 800
819 570 61 854
28 963 580 744
577 651 870 1
511 817 616 512
842 860 157 609
593 528 603 549
833 283 602 84
594 581 571 510
720 642 883 101
627 503 519 662
125 974 675 606
712 647 546 504
30 851 905 845
504 535 748 907
520 793 508 532
548 691 651 501
626 138 851 730
559 788 562 514
717 677 391 516
516 523 532 572
521 648 704 506
632 22 612 607
567 560 798 518
511 904 364 581
27 966 779 537
982 679 12 972
507 870 521 636
158 646 586 657
544 62 636 733
522 814 540 502
522 770 418 549
162 613 790 612
560 670 736 98
141 926 794 545
648 815 572 501
267 551 900 649
513 539 535 917
732 976 10 681
769 661 339 514
973 10 801 695
546 523 624 506
507 621 864 522
512 568 515 973
516 823 512 947
798 507 166 877
518 880 101 945
626 30 691 860
597 704 520 188
711 508 590 585
570 710 114 765
697 563 208 600
557 616 522 561
683 508 732 504
38 751 518 633
9 951 796 848
520 766 544 509
933 503 517 563
693 872 648 87
506 513 955 619
506 827 759 512
640 440 566 806
724 566 494 589
813 503 510 873
117 742 684 538
544 577 838 509
127 546 914 506
628 631 87 821
582 834 165 578
502 682 852 513
668 579 89 740
540 717 661 502
643 503 894 346
569 872 461 544
592 590 547 388
527 570 864 504
603 502 557 679
506 812 848 440
809 505 170 913
698 538 583 515
505 665 512 613
724 684 570 370
71 417 580 549
507 818 429 800
578 924 14 916
738 52 570 740
507 782 551 503
674 506 514 931
683 66 204 685
523 989 530 510
630 734 509 506
564 841 173 560
519 702 785 48
588 667 502 560
563 550 534 524
936 536 65 814
467 536 708 512
830 523 136 688
697 684 543 510
596 575 278 515
768 504 532 625
523 672 581 507
518 887 605 354
514 824 616 147
510 777 966 156
684 505 522 548
542 545 601 539
56 647 1000 677
573 634 552 62
640 429 523 795
503 632 563 540
537 662 520 523
840 777 545 71
531 506 522 922
895 507 516 575
920 672 80 655
811 84 544 581
511 535 694 503
518 700 745 115
503 579 571 929
980 572 502 150
804 528 508 592
29 587 798 641
512 890 838 22
799 608 189 542
618 464 561 696
899 523 825 42
503 967 645 510
507 356 846 510
553 830 538 506
538 892 618 99
658 614 777 292
557 895 562 20
599 510 506 874
949 816 183 528
501 705 570 587
379 938 522 504
262 591 751 368
774 609 643 75
964 503 537 524
550 52 977 745
519 588 519 859
691 501 557 645
560 405 635 908
75 62 582 644
540 1 658 900
508 637 502 511
813 526 504 511
427 898 501 995
547 504 560 619
540 518 510 536
759 644 270 555
682 520 675 348
605 509 523 591
536 852 565 501
519 625 560 524
522 515 555 619
725 37 932 582
62 584 931 636
504 627 411 824
503 525 554 670
507 123 508 694
663 549 553 502
725 696 530 501
522 726 152 673
660 972 54 711
632 529 601 514
744 857 43 530
711 526 512 502
932 554 37 790
640 510 523 548
503 809 652 157
513 595 505 647
751 27 868 571
576 215 579 539
402 510 558 657
511 906 114 657
843 549 54 530
598 529 509 610
662 516 608 504
607 930 123 515
594 743 534 503
907 636 52 696
920 72 781 576
19 816 689 844
776 595 609 382
871 874 159 509
510 931 691 3
901 526 562 19
608 23 535 616
606 630 857 271
747 186 577 600
286 912 501 898
802 566 603 47
608 708 135 956
579 773 138 570
502 777 508 678
529 612 648 502
521 501 717 330
161 740 413 706
572 944 153 549
595 511 548 546
633 907 507 501
541 656 400 757
741 598 114 545
506 788 502 672
893 517 519 512
731 692 129 624
861 512 510 678
513 507 822 519
517 669 270 834
640 529 991 75
523 562 505 524
705 735 496 509
753 629 544 501
508 35 646 573
163 809 562 627
934 993 516 97
508 996 82 757
616 519 602 532
446 736 685 516
794 534 641 48
664 587 149 800
534 549 584 526
559 551 674 430
97 678 516 757
502 536 698 519
820 724 512 230
703 521 539 522
798 555 538 72
658 718 142 760
909 512 501 562
503 653 513 924
501 701 540 618
4 706 764 607
