0.354 0.606 0.173 0.224
0.248 0.904 0.742 0.731
0.735 0.525 0.994 0.745
0.541 0.565 0.758 0.886
0.928 0.556 0.711 0.726
0.614 0.501 0.656 0.792
0.959 0.588 0.963 0.568
0.758 0.597 0.723 0.561
0.867 0.537 0.607 0.704
0.725 0.602 0.677 0.634
0.943 0.580 0.525 0.827
0.974 0.511 0.588 0.594
0.665 0.503 0.513 0.919
0.855 0.506 0.506 0.522
0.635 0.057 0.531 0.878
0.507 0.522 0.541 0.932
0.696 0.603 0.550 0.721
0.509 0.573 0.535 0.937
0.569 0.508 0.809 0.823
0.744 0.554 0.858 0.522
0.094 0.595 0.684 0.593
0.526 0.506 0.714 0.694
0.834 0.553 0.823 0.633
0.605 0.541 0.715 0.684
0.664 0.588 0.693 0.701
0.615 0.507 0.504 0.622
0.548 0.524 0.843 0.522
0.588 0.062 0.593 0.957
0.938 0.321 0.518 0.871
0.529 0.544 0.923 0.577
0.571 0.537 0.827 0.559
0.503 0.542 0.705 0.865
0.745 0.750 0.671 0.183
0.550 0.539 0.716 0.553
0.587 0.565 0.648 0.835
0.694 0.719 0.712 0.153
0.555 0.584 0.585 0.747
0.530 0.564 0.979 0.546
0.530 0.510 0.541 0.946
0.584 0.535 0.548 0.767
0.505 0.576 0.801 0.603
0.569 0.530 0.652 0.801
0.577 0.547 0.511 0.930
0.521 0.383 0.956 0.930
0.946 0.550 0.164 0.708
0.777 0.579 0.732 0.502
0.544 0.507 0.875 0.594
0.671 0.515 0.794 0.572
0.907 0.578 0.535 0.091
0.564 0.521 0.502 0.549
0.067 0.823 0.656 0.695
0.790 0.859 0.119 0.571
0.769 0.603 0.561 0.522
0.703 0.591 0.441 0.919
0.525 0.501 0.531 0.570
0.837 0.351 0.646 0.560
0.719 0.516 0.730 0.530
0.539 0.565 0.826 0.564
0.510 0.594 0.560 0.857
0.051 0.950 0.725 0.548
0.809 0.545 0.773 0.517
0.730 0.308 0.592 0.600
0.914 0.538 0.521 0.305
0.753 0.518 0.535 0.517
0.580 0.231 0.665 0.569
0.646 0.213 0.830 0.652
0.867 0.501 0.638 0.523
0.629 0.560 0.706 0.505
0.596 0.520 0.503 0.984
0.370 0.532 0.582 0.545
0.630 0.501 0.922 0.509
0.511 0.988 0.889 0.017
0.238 0.559 0.713 0.599
0.165 0.520 0.621 0.706
0.693 0.515 0.607 0.562
0.989 0.212 0.628 0.664
0.934 0.547 0.886 0.132
0.503 0.516 0.885 0.569
0.749 0.586 0.653 0.542
0.668 0.478 0.520 0.895
0.802 0.087 0.573 0.581
0.829 0.503 0.642 0.566
0.530 0.516 0.972 0.557
0.920 0.303 0.761 0.539
0.543 0.557 0.875 0.514
0.551 0.598 0.516 0.757
0.817 0.547 0.841 0.375
0.553 0.598 0.505 0.729
0.555 0.908 0.651 0.138
0.645 0.501 0.844 0.548
0.605 0.180 0.742 0.678
0.574 0.435 0.607 0.509
0.740 0.524 0.474 0.758
0.514 0.529 0.866 0.592
0.518 0.505 0.899 0.962
0.571 0.514 0.524 0.762
0.527 0.650 0.962 0.009
0.524 0.563 0.563 0.807
0.723 0.540 0.908 0.503
0.552 0.602 0.612 0.515
0.797 0.384 0.525 0.583
0.801 0.555 0.783 0.508
0.643 0.765 0.160 0.753
0.602 0.537 0.551 0.548
0.151 0.695 0.813 0.582
0.809 0.258 0.362 0.749
0.538 0.581 0.529 0.752
0.556 0.396 0.882 0.524
0.529 0.530 0.841 0.512
0.664 0.503 0.510 0.970
0.560 0.527 0.512 0.779
0.520 0.505 0.825 0.816
0.666 0.982 0.083 0.758
0.977 0.725 0.536 0.056
0.556 0.601 0.502 0.965
0.231 0.908 0.647 0.548
0.042 0.694 0.791 0.875
0.518 0.505 0.900 0.884
0.012 0.649 0.570 0.735
0.870 0.579 0.389 0.692
0.669 0.575 0.583 0.505
0.977 0.296 0.516 0.509
0.183 0.602 0.548 0.785
0.751 0.551 0.625 0.223
0.805 0.505 0.576 0.518
0.520 0.586 0.534 0.989
0.643 0.149 0.889 0.745
0.625 0.500 0.532 0.924
0.528 0.056 0.795 0.549
0.504 0.562 0.501 0.552
0.775 0.671 0.954 0.121
0.097 0.802 0.507 0.705
0.556 0.038 0.899 0.993
0.516 0.490 0.771 0.897
0.512 0.577 0.980 0.526
0.613 0.825 0.094 0.974
0.723 0.531 0.215 0.664
0.203 0.506 0.805 0.508
0.541 0.547 0.568 0.565
0.922 0.880 0.642 0.012
0.758 0.013 0.867 0.613
0.589 0.540 0.548 0.511
0.523 0.392 0.803 0.758
0.953 0.588 0.049 0.909
0.001 0.786 0.622 0.982
0.636 0.911 0.077 0.638
0.531 0.585 0.907 0.072
0.017 0.826 0.510 0.694
0.933 0.557 0.968 0.045
0.625 0.690 0.003 0.882
0.509 0.515 0.525 0.739
0.698 0.081 0.522 0.522
0.065 0.533 0.542 0.863
0.612 0.397 0.728 0.524
0.549 0.042 0.713 0.704
0.608 0.902 0.703 0.197
0.009 0.939 0.626 0.792
0.647 0.559 0.359 0.931
0.814 0.177 0.511 0.949
0.962 0.517 0.594 0.515
0.574 0.542 0.536 0.541
0.857 0.940 0.900 0.103
0.768 0.073 0.707 0.835
0.515 0.470 0.904 0.941
0.595 0.580 0.575 0.509
0.692 0.432 0.600 0.628
0.537 0.572 0.729 0.528
0.970 0.001 0.951 0.730
0.522 0.554 0.580 0.651
0.594 0.528 0.071 0.756
0.981 0.571 0.012 0.295
0.592 0.582 0.533 0.513
0.502 0.502 0.595 0.932
0.068 0.719 0.938 0.722
0.168 0.593 0.670 0.501
0.514 0.542 0.211 0.578
0.786 0.632 0.697 0.041
0.847 0.525 0.602 0.508
0.993 0.463 0.152 0.842
0.633 0.527 0.054 0.879
0.777 0.987 0.557 0.150
0.667 0.535 0.862 0.501
0.505 0.563 0.576 0.528
0.523 0.510 0.525 0.990
0.527 0.473 0.752 0.743
0.008 0.815 0.604 0.684
0.554 0.301 0.668 0.772
0.705 0.116 0.517 0.503
0.594 0.898 0.779 0.189
0.536 0.793 0.017 0.913
0.840 0.932 0.643 0.101
0.803 0.603 0.516 0.527
0.769 0.526 0.921 0.469
0.184 0.593 0.530 0.665
0.693 0.291 0.653 0.652
0.818 0.937 0.622 0.084
0.779 0.526 0.871 0.145
0.056 0.704 0.578 0.542
0.502 0.513 0.557 0.902
0.540 0.982 0.092 0.862
0.332 0.855 0.999 0.082
0.511 0.520 0.727 0.621
0.512 0.512 0.751 0.712
0.838 0.623 0.539 0.060
0.573 0.628 0.528 0.112
0.521 0.511 0.606 0.795
0.671 0.800 0.833 0.053
0.581 0.738 0.711 0.016
0.539 0.018 0.896 0.850
0.501 0.577 0.576 0.840
0.802 0.698 0.044 0.577
0.661 0.117 0.626 0.865
0.273 0.509 0.576 0.923
0.535 0.534 0.901 0.503
0.729 0.735 0.596 0.068
0.532 0.617 0.073 0.681
0.705 0.511 0.503 0.723
0.541 0.141 0.577 0.710
0.567 0.187 0.502 0.512
0.702 0.518 0.090 0.960
0.040 0.805 0.908 0.722
0.098 0.867 0.709 0.515
0.008 0.733 0.655 0.949
0.743 0.512 0.588 0.239
0.559 0.503 0.525 0.749
0.735 0.601 0.715 0.263
0.478 0.588 0.524 0.525
0.660 0.170 0.639 0.547
0.562 0.526 0.503 0.760
0.876 0.511 0.945 0.043
0.032 0.684 0.968 0.600
0.531 0.267 0.697 0.762
0.534 0.503 0.507 0.743
0.384 0.574 0.565 0.601
0.524 0.502 0.572 0.540
0.513 0.507 0.676 0.883
0.993 0.087 0.806 0.518
0.513 0.569 0.377 0.614
0.111 0.530 0.705 0.634
0.973 0.508 0.307 0.618
0.919 0.837 0.536 0.006
0.954 0.769 0.841 0.015
0.547 0.637 0.598 0.214
0.153 0.804 0.718 0.501
0.514 0.467 0.977 0.547
0.112 0.625 0.614 0.535
0.680 0.047 0.904 0.588
0.931 0.530 0.555 0.239
0.824 0.046 0.761 0.673
0.018 0.588 0.927 0.896
0.523 0.502 0.966 0.563
0.670 0.523 0.132 0.540
0.523 0.536 0.674 0.534
0.601 0.533 0.693 0.502
0.358 0.588 0.576 0.668
0.515 0.943 0.991 0.063
0.548 0.551 0.124 0.660
0.638 0.554 0.619 0.501
0.827 0.018 0.755 0.888
0.830 0.618 0.713 0.130
0.504 0.516 0.764 0.529
0.523 0.509 0.713 0.711
0.504 0.504 0.592 0.692
0.534 0.559 0.730 0.515
0.458 0.587 0.562 0.618
0.920 0.601 0.758 0.076
0.916 0.089 0.519 0.808
0.509 0.586 0.506 0.536
0.541 0.588 0.516 0.524
0.007 0.639 0.593 0.911
0.555 0.531 0.789 0.515
0.643 0.578 0.677 0.169
0.910 0.676 0.545 0.018
0.062 0.821 0.519 0.609
0.562 0.096 0.502 0.721
0.072 0.686 0.575 0.503
0.617 0.920 0.008 0.783
0.521 0.031 0.824 0.481
0.507 0.516 0.589 0.849
0.099 0.525 0.955 0.723
0.740 0.579 0.631 0.092
0.514 0.580 0.154 0.529
0.568 0.894 0.697 0.184
0.662 0.536 0.680 0.504
0.362 0.502 0.885 0.975
0.505 0.504 0.505 0.770
0.574 0.021 0.933 0.806
0.032 0.724 0.515 0.813
0.647 0.514 0.592 0.510
0.221 0.571 0.538 0.787
0.559 0.532 0.508 0.504
0.545 0.538 0.522 0.671
0.170 0.781 0.840 0.093
0.514 0.665 0.027 0.690
0.507 0.555 0.565 0.730
0.823 0.553 0.265 0.507
0.298 0.577 0.548 0.594
0.876 0.019 0.784 0.759
0.195 0.752 0.038 0.700
0.537 0.587 0.676 0.524
0.540 0.559 0.708 0.509
0.591 0.626 0.020 0.911
0.548 0.517 0.671 0.530
0.465 0.580 0.540 0.689
0.969 0.603 0.530 0.293
0.024 0.928 0.967 0.657
0.196 0.837 0.548 0.013
0.584 0.608 0.826 0.054
0.627 0.580 0.652 0.150
0.567 0.116 0.537 0.683
0.100 0.621 0.871 0.512
0.513 0.637 0.757 0.062
0.501 0.599 0.644 0.509
0.582 0.506 0.524 0.511
0.881 0.567 0.627 0.060
0.779 0.625 0.829 0.053
0.180 0.528 0.607 0.823
0.622 0.790 0.128 0.538
0.864 0.046 0.536 0.751
0.575 0.541 0.193 0.401
0.729 0.290 0.659 0.502
0.809 0.740 0.021 0.742
0.627 0.515 0.640 0.503
0.546 0.493 0.503 0.604
0.739 0.033 0.727 0.509
0.337 0.502 0.678 0.994
0.515 0.532 0.531 0.554
0.521 0.509 0.503 0.854
0.554 0.044 0.630 0.504
0.432 0.159 0.669 0.910
0.508 0.125 0.783 0.784
0.508 0.526 0.650 0.601
0.216 0.502 0.796 0.901
0.592 0.582 0.014 0.840
0.968 0.512 0.056 0.661
0.395 0.502 0.600 0.887
0.936 0.552 0.977 0.013
0.510 0.546 0.720 0.511
0.229 0.510 0.662 0.676
0.765 0.573 0.919 0.194
0.999 0.003 0.949 0.912
0.507 0.068 0.632 0.552
0.696 0.084 0.357 0.838
0.564 0.520 0.071 0.789
0.626 0.512 0.860 0.157
0.906 0.048 0.507 0.702
0.023 0.841 0.506 0.660
0.418 0.563 0.688 0.513
0.934 0.811 0.511 0.061
0.289 0.504 0.503 0.835
0.508 0.393 0.536 0.850
0.090 0.389 0.540 0.861
0.731 0.576 0.773 0.217
0.534 0.034 0.694 0.575
0.174 0.590 0.898 0.611
0.819 0.512 0.638 0.040
0.924 0.514 0.329 0.932
0.611 0.536 0.372 0.621
0.530 0.707 0.139 0.665
0.648 0.013 0.939 0.513
0.507 0.505 0.564 0.596
0.038 0.887 0.780 0.583
0.793 0.576 0.857 0.204
0.060 0.620 0.971 0.717
0.954 0.727 0.020 0.565
0.504 0.530 0.804 0.502
0.584 0.592 0.805 0.051
0.569 0.009 0.724 0.476
0.509 0.522 0.553 0.695
0.363 0.515 0.554 0.739
0.527 0.592 0.504 0.514
0.628 0.010 0.515 0.861
0.831 0.907 0.541 0.025
0.520 0.523 0.614 0.503
0.182 0.568 0.995 0.583
0.794 0.660 0.071 0.541
0.501 0.627 0.078 0.566
0.003 0.780 0.627 0.550
0.949 0.722 0.558 0.007
0.517 0.567 0.527 0.548
0.550 0.645 0.631 0.202
0.532 0.103 0.508 0.934
0.124 0.526 0.541 0.816
0.126 0.536 0.939 0.606
0.605 0.529 0.720 0.272
0.509 0.507 0.668 0.530
0.924 0.534 0.063 0.720
0.516 0.578 0.414 0.568
0.625 0.537 0.556 0.329
0.660 0.603 0.169 0.513
0.502 0.194 0.791 0.768
0.200 0.516 0.535 0.792
0.322 0.514 0.527 0.531
0.081 0.650 0.809 0.728
0.641 0.160 0.516 0.611
0.790 0.528 0.565 0.455
0.504 0.556 0.954 0.182
0.522 0.254 0.620 0.596
0.919 0.002 0.862 0.851
0.577 0.503 0.240 0.676
0.640 0.673 0.895 0.034
0.233 0.690 0.564 0.517
0.513 0.811 0.551 0.193
0.505 0.035 0.959 0.810
0.501 0.574 0.807 0.502
0.045 0.839 0.670 0.546
0.970 0.273 0.981 0.211
0.980 0.506 0.505 0.505
0.523 0.502 0.554 0.811
0.872 0.592 0.020 0.580
0.520 0.503 0.567 0.750
0.566 0.517 0.815 0.503
0.591 0.549 0.523 0.149
0.776 0.503 0.513 0.508
0.502 0.508 0.607 0.673
0.275 0.660 0.491 0.686
0.711 0.517 0.607 0.114
0.511 0.521 0.890 0.503
0.536 0.841 0.018 0.680
0.659 0.923 0.040 0.673
0.433 0.566 0.403 0.868
0.036 0.755 0.646 0.524
0.850 0.036 0.593 0.565
0.522 0.171 0.552 0.589
0.610 0.532 0.302 0.650
0.133 0.515 0.917 0.786
0.807 0.510 0.511 0.509
0.183 0.540 0.585 0.738
0.541 0.652 0.509 0.043
0.591 0.540 0.805 0.352
0.862 0.778 0.810 0.008
0.011 0.580 0.838 0.564
0.527 0.520 0.759 0.507
0.674 0.821 0.070 0.648
0.656 0.559 0.954 0.059
0.532 0.517 0.586 0.517
0.669 0.073 0.561 0.814
0.732 0.963 0.517 0.040
0.681 0.502 0.813 0.347
0.545 0.574 0.957 0.082
0.505 0.504 0.527 0.537
0.220 0.533 0.543 0.571
0.702 0.009 0.604 0.567
0.526 0.506 0.084 0.850
0.516 0.652 0.617 0.083
0.552 0.530 0.248 0.691
0.495 0.604 0.915 0.224
0.601 0.073 0.565 0.919
0.955 0.504 0.434 0.597
0.516 0.548 0.624 0.525
0.516 0.501 0.911 0.538
0.533 0.596 0.065 0.590
0.580 0.596 0.803 0.372
0.541 0.976 0.013 0.955
0.637 0.562 0.141 0.523
0.617 0.017 0.613 0.814
0.541 0.713 0.998 0.006
0.655 0.952 0.071 0.534
0.118 0.630 0.540 0.859
0.666 0.848 0.501 0.154
0.628 0.703 0.025 0.784
0.703 0.767 0.505 0.137
0.537 0.540 0.527 0.522
0.507 0.328 0.508 0.574
0.830 0.874 0.006 0.765
0.693 0.555 0.766 0.103
0.710 0.524 0.697 0.268
0.098 0.502 0.513 0.619
0.505 0.559 0.722 0.527
0.502 0.752 0.618 0.150
0.527 0.503 0.653 0.508
0.501 0.505 0.761 0.577
0.908 0.353 0.459 0.536
0.635 0.529 0.203 0.505
0.555 0.093 0.577 0.589
0.506 0.502 0.766 0.526
0.190 0.744 0.568 0.534
0.086 0.497 0.781 0.940
0.942 0.124 0.525 0.501
0.002 0.926 0.890 0.772
0.587 0.535 0.482 0.660
0.522 0.522 0.545 0.530
0.054 0.511 0.776 0.694
0.603 0.704 0.503 0.059
0.520 0.782 0.017 0.591
0.878 0.881 0.007 0.606
0.061 0.623 0.586 0.856
0.504 0.130 0.536 0.689
0.807 0.513 0.283 0.565
0.603 0.588 0.844 0.039
0.540 0.520 0.524 0.515
0.560 0.208 0.182 0.824
0.988 0.501 0.507 0.510
0.555 0.993 0.005 0.942
0.501 0.361 0.839 0.705
0.502 0.187 0.507 0.892
0.194 0.533 0.509 0.991
0.826 0.633 0.006 0.963
0.774 0.567 0.787 0.074
0.586 0.871 0.010 0.956
