200 7
72 58 52 78 44 1 2
36 24 12 59 32 93 1
86 47 7 98 36 21 9
38 91 28 82 25 92 38
24 34 90 45 30 37 12
15 6 43 7 14 17 44
34 46 17 9 35 28 9
3 40 28 38 3 41 32
15 24 56 8 7 34 24
77 45 17 24 30 39 31
18 44 26 99 37 3 9
40 35 3 16 49 38 2
48 48 26 28 62 23 44
3 64 39 12 8 33 22
23 8 32 100 17 37 14
15 50 17 2 57 77 47
82 33 71 47 52 23 28
13 19 36 42 15 73 32
81 87 21 36 3 27 85
76 16 34 92 29 25 78
84 40 18 49 63 19 26
39 32 93 37 29 20 3
90 4 82 9 66 87 100
41 6 40 77 71 44 61
24 13 8 98 2 88 7
10 16 49 44 38 31 24
33 43 49 17 52 1 80
20 22 27 21 36 45 54
32 1 42 44 12 25 34
85 4 48 56 44 74 19
53 12 20 61 11 48 92
21 47 96 5 25 7 66
24 2 27 13 88 3 41
14 34 38 92 23 24 55
28 14 89 64 16 19 31
5 16 46 30 29 40 34
43 25 11 43 32 23 4
24 96 69 25 97 35 13
8 1 30 21 17 67 45
39 81 9 1 29 39 6
40 21 33 34 94 3 11
45 39 38 5 39 25 14
17 43 45 96 28 16 72
6 65 25 80 3 13 11
23 52 37 3 72 15 58
26 68 48 73 93 32 29
34 4 20 6 22 27 45
24 1 15 43 85 23 19
30 16 19 19 49 6 47
13 11 18 15 4 7 36
36 13 3 49 27 11 9
69 85 40 8 13 30 22
49 30 19 19 25 31 33
42 25 7 88 42 3 35
6 27 43 30 9 45 12
11 5 50 13 88 39 40
77 18 79 36 61 42 30
23 40 13 31 43 31 5
15 25 11 10 12 47 28
55 66 59 2 23 7 83
45 36 41 9 60 31 6
9 17 10 28 36 27 27
75 7 91 7 36 50 41
4 29 44 40 2 88 43
15 29 15 19 6 36 38
35 7 1 12 3 16 4
1 57 50 21 7 38 53
70 20 96 25 20 9 12
32 3 9 22 21 4 26
7 1 36 4 68 61 94
41 82 41 1 3 32 34
29 45 6 15 36 2 48
5 27 16 34 17 25 45
45 45 4 27 43 9 87
22 10 25 13 26 22 53
48 12 42 11 3 12 44
96 92 4 9 48 94 12
41 29 33 59 32 3 20
52 6 20 32 31 24 13
9 29 8 23 21 47 29
18 36 47 8 7 2 89
17 22 41 18 62 8 18
25 24 17 31 25 35 50
17 12 53 18 31 77 5
29 63 98 42 4 1 31
11 44 42 18 36 52 42
29 61 16 1 40 45 37
38 15 14 18 73 44 2
23 43 43 29 24 1 56
88 84 22 35 7 23 3
12 47 34 28 26 18 10
39 3 9 12 96 39 31
29 41 50 63 27 90 11
25 38 10 31 15 6 29
31 97 26 20 7 21 14
21 30 16 18 23 25 27
7 32 27 97 43 85 4
74 40 78 2 24 96 46
10 32 58 61 7 39 25
57 82 56 56 2 35 39
29 2 7 36 10 30 25
1 57 43 10 17 27 30
17 64 26 8 31 12 34
20 47 35 58 20 71 14
5 38 11 33 15 25 94
11 11 22 16 22 40 71
3 39 19 91 45 11 7
11 85 11 30 15 50 2
14 25 46 74 15 52 7
61 4 75 16 46 35 41
9 34 89 12 42 6 31
3 40 93 30 36 6 37
5 3 11 21 71 18 28
20 3 17 28 22 31 16
9 28 23 39 95 12 16
32 3 33 80 36 39 11
35 29 49 70 40 3 12
42 10 49 39 15 14 36
19 22 9 16 1 70 51
24 1 53 22 25 22 48
1 96 32 39 29 20 8
7 41 58 8 45 29 15
40 39 37 16 33 12 12
45 8 5 33 4 12 49
52 33 34 81 29 3 45
23 3 88 22 29 11 26
44 79 11 5 46 20 2
3 34 74 9 21 67 10
33 36 86 39 21 30 2
28 93 17 56 30 21 9
30 70 1 2 38 22 15
1 47 26 17 21 34 82
18 45 5 48 10 51 25
7 39 7 46 27 14 21
41 65 44 41 1 27 18
30 5 90 35 2 41 11
15 34 7 43 49 10 87
15 48 11 2 8 41 53
9 88 19 73 4 79 91
35 39 45 8 37 33 27
29 11 11 13 63 8 67
13 42 57 7 10 41 43
9 11 36 49 24 49 18
13 39 15 8 31 37 69
44 83 33 36 7 6 35
11 23 66 18 5 43 39
3 1 55 98 41 13 15
50 12 14 90 2 38 34
71 30 26 29 25 13 2
21 4 75 37 74 48 8
16 30 21 35 6 14 27
60 30 97 40 29 13 19
22 46 26 12 42 26 62
2 47 45 1 55 61 13
21 43 28 3 87 7 3
84 40 49 15 1 100 6
30 19 11 48 29 98 1
14 11 12 30 24 71 2
15 26 23 33 33 49 12
1 47 13 15 48 10 42
29 18 80 86 3 50 42
28 5 2 42 14 59 32
36 3 87 19 15 50 24
30 53 22 43 3 22 26
10 19 51 8 47 80 10
19 22 38 28 14 63 13
32 14 15 2 20 14 17
2 46 65 15 40 76 15
6 28 93 24 22 96 24
1 28 36 88 77 49 3
80 14 12 3 21 49 48
17 35 10 98 61 4 99
39 8 20 34 1 81 5
41 1 10 14 2 6 50
18 8 37 55 13 7 12
16 33 1 43 100 45 18
48 46 43 25 66 17 3
28 56 31 46 48 11 26
53 8 14 8 8 21 71
95 73 93 38 36 6 13
11 18 42 47 47 1 17
17 32 85 1 40 99 17
2 38 16 79 46 46 9
96 79 31 20 98 4 28
5 15 27 1 22 76 50
7 41 10 41 91 18 27
18 37 35 22 60 34 26
21 46 6 98 31 20 26
35 8 23 13 34 5 12
27 12 30 7 19 94 26
49 65 15 1 42 36 23
30 90 29 11 25 20 22
21 30 43 25 12 30 14
12 14 39 15 35 30 52
52 21 11 44 18 12 35
8 43 42 18 52 39 26
23 60 17 23 4 42 28
20 49 41 3 32 22 3
7 23 7 81 30 71 9
26 20 41 26 21 28 19
