200 7
0.09 0.57 0.60 0.76 0.03 0.19 0.84
0.27 0.29 0.21 0.07 0.44 0.23 0.60
0.02 0.85 0.44 0.28 0.05 0.04 0.67
0.95 0.12 0.64 0.05 0.18 0.25 0.12
0.03 0.01 0.46 0.18 0.49 0.85 0.17
0.24 0.17 0.22 0.37 0.76 0.39 0.67
0.17 0.76 0.05 0.29 0.58 0.11 0.73
0.15 0.42 0.42 0.93 0.91 0.39 0.02
0.07 0.04 0.11 0.41 0.56 0.27 0.37
0.35 0.05 0.20 0.34 0.30 0.26 0.35
0.41 0.68 0.48 0.13 0.20 0.11 0.35
0.59 0.22 0.26 0.50 0.40 0.81 0.30
0.48 0.73 0.50 0.58 0.76 0.51 0.14
0.05 0.49 0.54 0.14 0.40 0.17 0.34
0.78 0.38 0.37 0.45 0.18 0.02 0.10
0.30 0.07 0.41 0.90 0.19 0.81 0.07
0.27 0.30 0.05 0.34 0.69 0.32 0.48
0.26 0.47 0.43 0.06 0.06 0.22 0.11
0.24 0.27 0.49 0.42 0.47 0.50 0.16
0.68 0.42 0.83 0.73 0.41 0.07 0.42
0.58 0.89 0.22 0.49 0.28 0.42 0.52
0.31 0.17 0.12 0.34 0.21 0.08 0.13
0.14 0.04 0.04 0.16 0.47 0.24 0.14
0.44 0.35 0.37 0.46 0.02 0.03 0.24
0.32 0.16 0.47 0.04 0.82 0.96 0.16
0.55 0.55 0.50 0.17 0.05 0.18 0.37
0.03 0.27 0.75 0.32 0.72 0.48 0.37
0.26 0.41 0.50 0.37 0.43 0.39 0.41
0.33 0.26 0.10 0.97 0.32 0.49 0.83
0.89 0.08 0.36 0.01 0.09 0.27 0.37
0.01 0.61 0.16 0.41 0.14 0.50 0.30
0.49 0.85 0.16 0.30 0.40 0.25 0.29
0.40 0.19 0.16 0.29 0.11 0.27 0.23
0.29 0.11 0.91 0.48 0.60 0.18 0.19
0.43 0.49 0.12 0.29 0.45 0.04 0.15
0.08 0.09 0.24 0.24 0.33 0.13 0.27
0.80 0.17 0.10 0.36 0.23 0.40 0.39
0.22 0.29 0.09 0.80 0.11 0.16 0.24
0.15 0.40 0.14 0.76 0.46 0.46 0.37
0.80 0.72 0.30 0.17 0.37 0.39 0.61
0.23 0.20 0.43 0.41 0.04 0.19 0.37
0.32 0.28 0.13 0.12 0.40 0.06 0.33
0.20 0.52 0.23 0.33 0.41 0.61 0.19
0.09 0.33 1.00 0.23 0.20 0.61 0.50
0.13 0.28 0.33 0.39 0.97 0.17 0.07
0.35 0.26 0.10 0.80 0.52 0.01 0.29
0.73 0.93 0.56 0.02 0.15 0.93 0.33
0.48 0.07 0.42 0.35 0.04 0.31 0.21
0.08 0.11 0.05 0.13 0.36 0.22 0.71
0.92 0.78 0.43 0.15 0.23 0.19 0.09
0.10 0.17 0.11 0.50 0.04 0.40 0.12
0.57 0.70 0.06 0.34 0.43 0.76 0.16
0.58 0.87 0.38 0.07 0.46 0.30 0.24
0.44 0.37 0.98 0.04 0.70 0.42 0.45
0.49 0.05 0.24 0.43 0.26 0.36 0.17
0.64 0.31 0.43 0.39 0.30 0.89 0.08
0.30 1.00 0.36 0.10 0.28 0.34 0.59
0.04 0.86 0.05 0.81 0.16 0.25 0.28
0.35 0.20 0.60 0.87 0.89 0.01 0.19
0.43 0.36 0.17 0.89 0.13 0.04 0.97
0.36 0.03 0.83 0.43 0.55 0.13 0.12
0.82 0.20 0.50 0.20 0.78 0.37 0.04
0.44 0.01 0.98 0.86 0.29 0.37 0.08
0.12 0.19 0.36 0.01 0.41 0.35 0.33
0.05 0.01 0.12 0.47 0.27 0.13 0.42
0.21 0.82 0.39 0.14 0.16 0.27 0.45
0.10 0.73 0.21 0.21 0.45 0.12 0.67
0.02 0.20 0.30 0.44 0.23 0.06 0.32
0.86 0.15 0.07 0.06 0.04 0.11 0.10
0.28 0.15 0.46 0.08 0.06 0.87 0.34
0.07 0.04 0.34 0.74 0.07 0.47 0.81
0.04 0.37 0.77 0.22 0.49 0.40 0.89
0.32 0.04 0.46 0.14 0.17 0.15 0.47
0.60 0.27 0.04 0.35 0.12 0.49 0.72
0.22 0.26 0.27 0.54 0.22 0.28 0.76
0.61 0.43 0.57 0.81 0.50 0.99 0.03
0.78 0.11 0.41 0.41 0.29 0.80 0.79
0.20 0.07 0.13 0.07 0.06 0.11 0.29
0.44 0.85 0.09 0.55 0.07 0.96 0.40
0.13 0.01 0.14 0.27 0.05 0.18 0.22
0.25 0.49 0.72 0.10 0.55 0.97 0.22
0.08 0.33 0.50 0.78 0.44 0.39 0.10
0.86 0.07 0.04 0.29 0.21 0.31 0.06
0.18 0.33 0.23 0.07 0.49 0.38 0.33
0.09 0.47 0.25 0.23 0.17 0.35 0.43
0.45 0.45 0.31 0.23 0.43 0.13 0.10
0.15 0.17 0.46 0.50 0.07 0.16 0.49
0.46 0.55 0.85 0.12 0.30 0.63 0.05
0.04 0.93 0.70 0.14 0.14 0.44 0.25
0.08 0.22 0.47 0.06 0.05 0.23 0.26
0.49 0.31 0.53 0.35 0.08 0.47 0.16
0.06 0.33 0.35 0.20 0.23 0.91 0.41
0.28 0.58 0.12 0.22 1.00 0.09 0.22
0.47 0.01 0.16 0.15 0.50 0.33 0.22
0.67 0.95 0.21 0.06 0.68 0.16 0.04
0.02 0.22 0.02 0.05 0.75 0.35 0.10
0.13 0.75 0.37 0.14 0.42 0.03 0.87
0.35 0.45 0.13 0.25 0.04 0.23 0.05
0.85 0.04 0.10 0.78 0.14 0.14 0.10
0.43 0.08 0.41 0.45 0.53 0.15 0.21
0.30 0.09 0.07 0.75 0.49 0.12 0.72
0.05 0.28 0.02 0.43 0.10 0.55 0.46
0.16 0.92 0.45 0.30 0.19 0.09 0.26
0.14 0.52 0.21 0.22 0.01 0.37 0.02
0.83 0.10 1.00 0.17 0.28 0.13 0.11
0.15 0.26 0.30 0.31 0.19 0.05 0.23
0.75 0.09 0.11 0.12 0.78 0.06 0.13
0.08 0.36 0.16 0.61 0.06 0.48 0.14
0.36 0.06 0.12 0.04 0.28 0.12 0.36
0.44 0.24 0.34 0.50 0.01 0.17 0.23
0.42 0.21 0.43 0.08 0.48 0.01 0.84
0.42 0.79 0.12 0.06 0.01 0.47 0.15
0.04 0.44 0.31 0.18 0.11 0.32 0.23
0.50 0.44 0.37 0.04 0.24 0.39 0.86
0.46 0.30 0.04 0.34 0.28 0.70 0.08
0.53 0.02 0.58 0.28 0.02 0.82 0.80
0.42 0.84 0.50 0.05 0.16 0.05 0.14
0.16 0.06 0.33 0.37 0.02 0.04 0.21
0.03 0.07 0.03 0.23 0.79 0.03 0.41
0.01 0.20 0.45 0.17 0.65 0.10 0.12
0.04 0.42 0.49 0.25 0.12 0.37 0.05
0.20 0.26 0.22 0.06 0.35 0.43 0.77
0.25 0.28 0.21 0.03 0.13 0.32 0.66
0.07 0.27 0.22 0.20 0.08 0.37 0.10
0.01 0.14 0.77 0.51 0.41 0.26 0.12
0.11 0.48 0.29 0.27 0.75 0.54 0.01
0.25 0.35 0.64 0.02 0.08 0.07 0.31
0.17 0.02 0.19 0.27 0.10 0.66 0.04
0.12 0.01 0.77 0.38 0.05 0.03 0.16
0.50 0.44 0.08 0.18 0.70 0.15 0.34
0.48 0.29 0.46 0.04 0.67 0.06 0.35
0.05 0.78 0.26 0.35 0.59 0.23 0.26
0.38 0.06 0.02 0.18 0.34 0.30 0.19
0.20 0.42 0.07 0.85 0.23 0.45 0.45
0.09 0.27 0.76 0.19 0.41 0.25 0.07
0.05 0.30 0.95 0.09 0.19 0.34 0.48
0.21 0.14 0.10 0.08 0.39 0.24 0.50
0.96 0.14 0.15 0.02 0.96 0.33 0.24
0.01 0.31 0.03 0.06 0.31 0.38 0.27
0.11 0.28 0.20 0.16 0.31 0.24 0.71
0.03 0.83 0.46 0.07 0.03 0.26 1.00
0.08 0.08 1.00 0.43 0.14 0.12 0.90
0.17 0.04 1.00 0.67 0.01 0.73 0.37
0.05 0.81 0.15 0.29 0.15 0.07 0.72
0.02 0.16 0.47 0.02 0.77 0.18 0.38
0.50 0.17 0.01 0.28 0.22 0.97 0.48
0.31 0.09 0.07 0.50 0.58 0.18 0.30
0.47 0.67 0.10 0.94 0.14 0.02 0.14
0.64 0.25 0.25 0.18 0.14 0.68 0.25
0.30 0.34 0.46 0.05 0.53 0.50 0.14
0.41 0.26 0.66 0.31 0.05 0.26 0.07
0.36 0.23 0.52 0.41 0.19 0.02 0.36
0.26 0.13 0.61 0.01 0.36 0.25 0.39
0.91 0.10 0.88 0.23 0.41 0.09 0.69
0.28 0.17 0.09 0.27 0.44 0.89 0.20
0.44 0.41 0.31 0.29 0.04 0.42 0.13
0.23 0.13 0.28 0.94 0.46 0.07 0.23
0.06 0.42 0.17 0.05 0.74 0.42 0.92
0.17 0.08 0.04 0.07 0.41 0.13 0.09
0.13 0.19 0.74 0.10 0.17 0.91 0.28
0.23 0.10 0.67 0.02 0.22 0.07 0.20
0.40 0.27 0.20 0.13 0.39 0.21 0.21
0.79 0.07 0.34 0.45 0.82 0.19 0.12
0.71 0.19 0.29 0.02 0.27 0.47 0.46
0.20 0.40 0.59 0.03 0.20 0.17 0.12
0.12 0.11 0.10 0.32 0.14 0.38 0.05
0.77 0.70 0.39 0.01 0.18 0.18 0.55
0.35 0.79 0.28 0.06 0.14 0.21 0.44
0.30 0.18 0.89 0.83 0.14 0.15 0.12
0.50 0.34 0.35 0.09 0.07 0.05 0.16
0.14 0.35 1.00 0.62 0.02 0.18 0.34
0.34 0.45 0.48 0.14 0.23 0.94 0.05
0.28 0.21 0.18 0.02 0.16 0.37 0.38
0.95 0.41 0.26 0.06 0.56 0.07 0.31
0.25 0.68 0.26 0.43 0.19 0.16 0.13
0.07 0.81 0.67 0.07 0.04 0.24 0.14
0.59 0.41 0.19 0.60 0.56 0.01 0.04
0.09 0.09 0.35 0.11 0.31 0.55 0.83
0.94 0.96 0.12 0.01 0.63 0.14 0.21
0.36 0.01 0.24 0.09 0.46 0.13 0.19
0.10 0.23 0.43 0.22 0.67 0.23 0.15
0.07 0.63 0.26 0.01 0.35 0.33 0.50
0.21 0.38 0.23 0.81 0.06 0.10 0.01
0.20 0.71 0.14 0.05 0.12 0.17 0.11
0.05 0.07 0.03 0.58 0.84 0.06 0.19
0.26 0.35 0.16 0.37 0.62 0.07 0.24
0.20 0.18 0.09 0.29 0.15 0.09 0.23
0.18 0.21 0.43 0.22 0.10 0.29 0.31
0.34 0.39 0.10 0.29 0.08 0.16 0.33
0.06 0.19 0.46 0.25 0.38 0.49 0.17
0.22 0.40 0.18 0.04 0.33 0.18 0.18
0.12 0.11 0.72 0.73 0.09 0.25 0.41
0.36 0.39 0.04 0.06 0.16 0.47 0.34
0.12 0.02 0.59 0.51 0.20 0.01 0.23
0.21 0.34 0.12 0.07 0.28 0.64 0.26
0.11 0.66 0.80 0.22 0.18 0.10 0.52
0.20 0.14 0.14 0.23 0.22 0.10 0.50
0.16 0.19 0.66 0.09 0.85 0.08 0.42
0.26 0.69 0.26 0.19 0.06 0.27 0.05
0.05 0.13 0.10 0.48 0.10 0.40 0.28
