200 7
9 57 60 76 3 19 84
27 29 21 7 44 23 60
2 85 44 28 5 4 67
95 12 64 5 18 25 12
3 1 46 18 49 85 17
24 17 22 37 76 39 67
17 76 5 29 58 11 73
15 42 42 93 91 39 2
7 4 11 41 56 27 37
35 5 20 34 30 26 35
41 68 48 13 20 11 35
59 22 26 50 40 81 30
48 73 50 58 76 51 14
5 49 54 14 40 17 34
78 38 37 45 18 2 10
30 7 41 90 19 81 7
27 30 5 34 69 32 48
26 47 43 6 6 22 11
24 27 49 42 47 50 16
68 42 83 73 41 7 42
58 89 22 49 28 42 52
31 17 12 34 21 8 13
14 4 4 16 47 24 14
44 35 37 46 2 3 24
32 16 47 4 82 96 16
55 55 50 17 5 18 37
3 27 75 32 72 48 37
26 41 50 37 43 39 41
33 26 10 97 32 49 83
89 8 36 1 9 27 37
1 61 16 41 14 50 30
49 85 16 30 40 25 29
40 19 16 29 11 27 23
29 11 91 48 60 18 19
43 49 12 29 45 4 15
8 9 24 24 33 13 27
80 17 10 36 23 40 39
22 29 9 80 11 16 24
15 40 14 76 46 46 37
80 72 30 17 37 39 61
23 20 43 41 4 19 37
32 28 13 12 40 6 33
20 52 23 33 41 61 19
9 33 100 23 20 61 50
13 28 33 39 97 17 7
35 26 10 80 52 1 29
73 93 56 2 15 93 33
48 7 42 35 4 31 21
8 11 5 13 36 22 71
92 78 43 15 23 19 9
10 17 11 50 4 40 12
57 70 6 34 43 76 16
58 87 38 7 46 30 24
44 37 98 4 70 42 45
49 5 24 43 26 36 17
64 31 43 39 30 89 8
30 100 36 10 28 34 59
4 86 5 81 16 25 28
35 20 60 87 89 1 19
43 36 17 89 13 4 97
36 3 83 43 55 13 12
82 20 50 20 78 37 4
44 1 98 86 29 37 8
12 19 36 1 41 35 33
5 1 12 47 27 13 42
21 82 39 14 16 27 45
10 73 21 21 45 12 67
2 20 30 44 23 6 32
86 15 7 6 4 11 10
28 15 46 8 6 87 34
7 4 34 74 7 47 81
4 37 77 22 49 40 89
32 4 46 14 17 15 47
60 27 4 35 12 49 72
22 26 27 54 22 28 76
61 43 57 81 50 99 3
78 11 41 41 29 80 79
20 7 13 7 6 11 29
44 85 9 55 7 96 40
13 1 14 27 5 18 22
25 49 72 10 55 97 22
8 33 50 78 44 39 10
86 7 4 29 21 31 6
18 33 23 7 49 38 33
9 47 25 23 17 35 43
45 45 31 23 43 13 10
15 17 46 50 7 16 49
46 55 85 12 30 63 5
4 93 70 14 14 44 25
8 22 47 6 5 23 26
49 31 53 35 8 47 16
6 33 35 20 23 91 41
28 58 12 22 100 9 22
47 1 16 15 50 33 22
67 95 21 6 68 16 4
2 22 2 5 75 35 10
13 75 37 14 42 3 87
35 45 13 25 4 23 5
85 4 10 78 14 14 10
43 8 41 45 53 15 21
30 9 7 75 49 12 72
5 28 2 43 10 55 46
16 92 45 30 19 9 26
14 52 21 22 1 37 2
83 10 100 17 28 13 11
15 26 30 31 19 5 23
75 9 11 12 78 6 13
8 36 16 61 6 48 14
36 6 12 4 28 12 36
44 24 34 50 1 17 23
42 21 43 8 48 1 84
42 79 12 6 1 47 15
4 44 31 18 11 32 23
50 44 37 4 24 39 86
46 30 4 34 28 70 8
53 2 58 28 2 82 80
42 84 50 5 16 5 14
16 6 33 37 2 4 21
3 7 3 23 79 3 41
1 20 45 17 65 10 12
4 42 49 25 12 37 5
20 26 22 6 35 43 77
25 28 21 3 13 32 66
7 27 22 20 8 37 10
1 14 77 51 41 26 12
11 48 29 27 75 54 1
25 35 64 2 8 7 31
17 2 19 27 10 66 4
12 1 77 38 5 3 16
50 44 8 18 70 15 34
48 29 46 4 67 6 35
5 78 26 35 59 23 26
38 6 2 18 34 30 19
20 42 7 85 23 45 45
9 27 76 19 41 25 7
5 30 95 9 19 34 48
21 14 10 8 39 24 50
96 14 15 2 96 33 24
1 31 3 6 31 38 27
11 28 20 16 31 24 71
3 83 46 7 3 26 100
8 8 100 43 14 12 90
17 4 100 67 1 73 37
5 81 15 29 15 7 72
2 16 47 2 77 18 38
50 17 1 28 22 97 48
31 9 7 50 58 18 30
47 67 10 94 14 2 14
64 25 25 18 14 68 25
30 34 46 5 53 50 14
41 26 66 31 5 26 7
36 23 52 41 19 2 36
26 13 61 1 36 25 39
91 10 88 23 41 9 69
28 17 9 27 44 89 20
44 41 31 29 4 42 13
23 13 28 94 46 7 23
6 42 17 5 74 42 92
17 8 4 7 41 13 9
13 19 74 10 17 91 28
23 10 67 2 22 7 20
40 27 20 13 39 21 21
79 7 34 45 82 19 12
71 19 29 2 27 47 46
20 40 59 3 20 17 12
12 11 10 32 14 38 5
77 70 39 1 18 18 55
35 79 28 6 14 21 44
30 18 89 83 14 15 12
50 34 35 9 7 5 16
14 35 100 62 2 18 34
34 45 48 14 23 94 5
28 21 18 2 16 37 38
95 41 26 6 56 7 31
25 68 26 43 19 16 13
7 81 67 7 4 24 14
59 41 19 60 56 1 4
9 9 35 11 31 55 83
94 96 12 1 63 14 21
36 1 24 9 46 13 19
10 23 43 22 67 23 15
7 63 26 1 35 33 50
21 38 23 81 6 10 1
20 71 14 5 12 17 11
5 7 3 58 84 6 19
26 35 16 37 62 7 24
20 18 9 29 15 9 23
18 21 43 22 10 29 31
34 39 10 29 8 16 33
6 19 46 25 38 49 17
22 40 18 4 33 18 18
12 11 72 73 9 25 41
36 39 4 6 16 47 34
12 2 59 51 20 1 23
21 34 12 7 28 64 26
11 66 80 22 18 10 52
20 14 14 23 22 10 50
16 19 66 9 85 8 42
26 69 26 19 6 27 5
5 13 10 48 10 40 28
