200 7
55 87 87 8 40 38 65
17 37 11 66 73 6 98
3 21 18 34 28 92 41
10 18 23 78 26 38 46
32 8 27 92 25 37 24
10 30 82 27 40 31 16
48 6 31 43 35 36 81
73 98 17 90 39 43 98
4 35 44 42 23 27 79
37 1 38 41 79 1 21
39 45 50 45 65 8 83
92 46 72 64 76 48 32
39 53 14 63 48 38 26
4 22 61 80 77 4 69
18 37 9 13 41 8 23
31 36 43 46 5 42 48
25 83 25 54 9 20 29
15 22 80 23 27 12 16
44 94 53 10 20 83 79
22 42 36 19 93 14 13
14 30 4 12 43 7 22
2 27 23 40 33 78 72
59 24 19 37 12 97 48
17 85 10 7 23 32 89
21 33 40 7 13 11 11
7 74 5 16 94 76 31
5 4 13 27 100 34 77
20 45 72 7 50 31 1
46 47 43 25 56 33 7
42 57 19 68 6 63 22
73 41 1 55 21 38 33
12 49 28 84 54 8 1
15 32 68 2 4 40 50
1 40 27 33 2 56 35
31 41 6 60 10 18 10
39 40 14 40 9 44 27
33 12 23 6 21 27 8
39 31 29 4 15 83 21
56 92 13 16 80 5 45
4 49 30 37 7 14 21
26 20 34 32 12 68 19
33 38 21 66 4 2 27
46 44 36 45 16 62 7
22 11 24 24 1 38 29
19 36 96 27 4 20 23
39 65 29 11 66 10 19
2 64 21 50 1 11 49
71 51 86 3 9 23 21
31 33 65 10 1 28 12
46 99 81 49 10 10 7
38 1 25 43 41 17 39
6 1 16 17 37 39 42
42 43 4 10 12 16 85
42 24 36 3 92 23 49
50 32 7 9 45 36 38
97 13 30 2 71 28 30
31 13 10 75 24 31 82
8 54 5 62 24 3 33
30 14 44 23 17 7 14
9 100 50 24 61 6 15
6 13 5 6 82 43 35
6 46 35 37 57 41 13
31 89 1 23 46 43 45
12 47 36 87 26 41 27
33 35 12 43 40 82 8
6 28 9 48 18 15 16
21 4 21 15 3 94 16
90 42 45 26 6 24 47
88 49 52 10 51 7 65
12 4 42 45 4 97 24
47 88 16 22 41 74 10
32 59 29 2 12 20 91
40 10 53 88 44 28 27
12 39 49 3 48 34 19
26 80 50 1 31 64 29
49 94 44 2 1 23 35
11 43 48 20 85 41 29
39 5 49 35 30 32 19
66 19 7 22 20 49 8
7 12 83 12 83 44 34
34 45 6 14 7 18 86
45 48 28 53 38 14 34
4 11 89 36 28 29 32
56 37 1 22 21 82 2
2 12 48 29 61 25 44
57 17 39 3 20 39 5
77 15 46 5 15 91 29
2 6 37 9 36 55 26
32 42 8 81 18 7 4
48 12 27 30 1 29 12
16 27 48 5 27 12 25
13 48 33 10 28 20 37
20 24 33 40 15 6 30
59 5 7 10 99 21 27
76 26 32 41 3 16 81
26 16 38 31 10 30 42
44 4 24 16 4 50 52
16 79 50 42 1 8 7
61 13 26 18 7 11 26
38 8 74 46 44 85 25
25 46 81 80 7 12 13
37 6 41 45 44 10 36
34 42 12 20 1 47 7
14 28 6 5 90 96 29
11 14 21 97 15 42 37
1 19 38 22 47 16 5
47 27 38 14 49 6 6
53 33 23 1 3 58 46
26 12 11 75 42 7 72
55 38 24 45 49 92 4
80 95 37 16 17 30 46
28 23 7 88 10 2 27
13 47 31 32 12 44 38
71 44 16 44 53 44 19
3 49 64 17 29 90 4
14 18 24 9 37 19 26
31 26 21 4 23 11 73
23 49 13 44 36 37 88
31 25 5 25 16 7 29
25 9 16 12 49 43 75
47 20 5 75 74 12 14
13 37 3 66 32 22 32
42 5 62 10 95 89 4
25 2 2 44 41 35 15
15 41 54 49 13 44 44
45 68 1 25 37 37 11
34 5 23 95 25 5 49
49 18 1 67 38 1 24
43 46 34 26 42 10 21
2 64 35 67 98 41 23
17 35 15 40 29 100 22
44 62 41 10 8 42 34
10 69 25 42 32 6 31
15 26 22 14 25 6 5
9 15 11 68 19 15 19
79 28 19 87 30 44 2
38 89 22 47 81 2 31
47 9 30 36 16 17 36
3 6 21 25 39 41 8
24 28 45 1 46 45 26
3 2 34 11 3 26 46
31 91 38 15 12 1 29
60 10 85 8 16 55 40
30 18 38 23 1 49 5
12 24 44 1 22 24 39
79 2 62 23 5 23 43
27 49 39 23 58 3 69
25 54 29 1 37 6 98
4 83 44 39 4 26 36
47 47 20 5 29 39 45
52 12 54 11 18 22 24
79 77 63 6 96 2 50
21 27 2 14 86 3 48
30 8 63 35 20 13 34
44 41 47 34 7 45 9
31 42 10 22 78 1 22
28 50 33 12 4 23 70
50 66 15 47 48 33 19
46 49 5 22 96 29 9
30 72 30 59 38 34 4
76 88 41 12 4 42 40
3 22 85 17 3 3 31
2 45 8 18 40 79 5
57 25 86 3 35 13 26
64 77 40 6 86 17 5
88 5 42 68 49 14 49
35 74 25 19 15 68 1
41 21 9 19 41 23 61
31 12 48 15 7 56 7
34 29 21 22 19 20 41
5 34 30 4 12 88 28
14 28 80 13 86 1 33
72 23 30 47 4 14 45
67 11 4 6 12 22 77
29 15 11 32 5 96 14
50 39 10 89 39 43 10
44 20 22 40 7 22 16
89 39 14 6 11 27 52
65 9 47 39 70 30 35
4 15 25 3 42 32 27
27 6 41 68 79 25 45
31 7 44 54 40 2 50
10 61 25 17 36 88 31
34 38 4 45 27 47 42
9 6 16 8 18 80 48
80 82 42 40 10 30 2
14 9 23 28 13 36 6
17 34 76 22 7 51 8
95 44 14 40 21 25 24
81 46 29 23 75 1 16
95 18 7 61 16 33 14
1 25 22 62 40 45 31
40 31 8 14 1 8 42
22 38 22 50 19 45 6
12 66 47 31 24 30 36
19 12 23 6 43 82 45
62 15 32 4 30 44 18
6 20 7 31 94 37 39
37 1 53 41 5 31 45
28 50 9 39 27 5 33
