200 7
0.01 0.67 0.89 0.11 0.47 0.40 0.75
0.51 0.16 0.04 0.83 0.42 0.24 0.44
0.92 0.91 0.01 0.32 0.26 0.02 1.00
0.56 0.84 0.26 0.76 0.67 0.46 0.01
0.54 0.24 0.38 0.28 0.47 0.24 0.11
0.40 0.67 0.38 0.31 0.03 0.23 0.85
0.17 0.24 0.34 0.02 0.97 0.10 0.20
0.10 0.28 0.03 0.29 0.06 0.45 0.68
0.63 0.33 0.13 0.20 0.38 0.81 0.83
0.17 0.74 0.41 0.16 0.85 0.45 0.02
0.15 0.01 0.95 0.81 0.68 0.86 0.06
0.21 0.30 0.85 0.13 0.53 0.11 0.10
0.49 0.13 0.21 0.34 0.56 0.10 0.21
0.21 0.41 0.92 0.40 0.57 0.40 0.07
0.54 0.81 0.40 0.47 0.24 0.10 0.32
0.25 0.87 0.37 0.45 0.39 0.05 0.14
0.25 0.12 0.49 0.30 0.06 0.40 0.87
0.17 0.78 0.02 0.03 0.96 0.34 1.00
0.31 0.05 0.02 0.84 0.14 0.22 0.15
0.29 0.05 0.19 0.33 0.45 0.07 0.78
0.13 0.43 0.01 0.36 0.38 0.33 0.06
0.39 0.19 0.47 0.34 0.23 0.49 0.46
0.34 0.48 0.49 0.24 0.22 0.40 0.64
0.12 0.33 0.46 0.46 0.47 0.42 0.61
0.19 0.74 0.08 0.86 0.03 0.65 0.92
0.09 0.09 0.17 0.06 0.64 0.19 0.03
0.19 0.99 0.54 0.27 0.07 0.01 0.59
0.26 0.30 0.72 0.55 0.22 0.51 0.33
0.25 0.15 0.33 0.01 0.34 0.43 0.38
0.27 0.12 0.10 0.89 0.53 0.31 0.32
0.64 0.57 0.13 0.39 0.37 0.06 0.14
0.17 0.18 0.43 0.29 0.44 0.03 0.08
0.69 0.47 0.13 0.29 0.02 0.22 0.54
0.67 0.06 0.35 0.87 0.87 0.17 0.11
0.42 0.34 0.01 0.33 0.07 0.27 0.46
0.49 0.46 0.94 0.09 0.31 0.46 0.25
0.88 0.18 0.42 0.08 0.20 0.12 0.99
0.40 0.04 0.37 0.23 0.04 0.20 0.28
0.41 0.57 0.28 0.87 0.06 0.46 0.44
0.36 0.35 0.32 0.16 0.93 0.03 0.13
0.10 0.31 0.83 0.44 0.07 0.14 0.30
0.02 0.73 0.63 0.29 0.18 0.12 0.04
0.10 0.12 0.19 0.24 0.35 0.28 0.22
0.70 0.46 0.01 0.71 0.97 0.20 0.34
0.02 0.14 0.01 0.66 0.06 0.27 0.20
0.12 0.53 0.33 0.76 0.24 0.22 0.13
0.56 0.38 0.01 0.49 0.25 0.19 0.57
0.36 0.08 0.14 0.01 0.15 0.46 0.09
0.15 0.37 0.15 0.08 0.11 0.40 0.43
0.10 0.12 0.33 0.43 0.41 0.27 0.03
0.12 0.37 0.05 0.11 0.02 0.40 0.04
0.99 0.12 0.17 0.01 0.43 0.32 0.15
0.17 0.27 0.12 0.31 0.47 0.36 0.05
0.97 0.48 0.24 0.42 0.48 0.19 0.50
0.34 0.40 0.45 0.21 0.23 0.12 0.76
0.34 0.10 0.21 0.24 0.09 0.04 0.42
0.02 0.08 0.21 0.43 0.02 0.76 0.59
0.51 0.92 0.06 0.28 0.49 0.15 0.19
0.34 0.12 0.13 0.45 0.28 0.50 0.05
0.63 0.34 0.19 0.86 0.49 0.26 0.12
0.02 0.29 0.28 0.50 0.77 0.49 0.33
0.54 0.24 0.25 0.40 0.34 0.41 0.20
0.39 0.10 0.43 0.84 0.13 0.44 0.12
0.18 0.39 0.02 0.49 0.10 0.77 0.29
0.42 0.28 0.42 0.14 0.40 0.32 0.12
0.15 0.19 0.24 0.17 0.08 0.08 0.15
0.16 0.23 0.16 0.34 0.25 0.24 0.56
0.85 0.19 0.23 0.17 0.54 0.08 0.40
0.44 0.17 0.38 0.87 0.09 0.02 0.29
0.40 0.22 0.13 0.21 0.23 0.55 0.46
0.44 0.06 0.14 0.15 0.03 0.66 0.29
0.58 0.82 0.53 0.01 0.16 0.25 0.27
0.46 0.25 0.74 0.50 0.35 0.22 0.11
0.28 0.34 0.31 0.09 0.04 0.34 0.45
0.20 0.33 0.31 0.50 0.38 0.38 0.03
0.83 0.28 0.06 0.25 0.69 0.48 0.65
0.26 0.43 0.41 0.12 0.41 0.09 0.94
0.53 0.27 0.02 0.23 0.88 0.78 0.30
0.06 0.19 0.11 0.62 0.23 0.11 0.29
0.09 0.80 0.04 0.19 0.25 0.79 0.53
0.45 0.07 0.38 0.43 0.33 0.12 0.04
0.06 0.06 0.04 0.29 0.33 0.23 0.40
0.03 0.63 0.75 0.16 0.37 0.17 0.08
0.02 0.14 0.26 0.40 0.38 0.48 0.09
0.29 0.01 0.37 0.50 0.75 0.44 0.17
0.44 0.15 0.30 0.26 0.42 0.15 0.35
0.32 0.76 0.42 0.18 0.01 0.12 0.41
0.21 0.35 0.18 0.31 0.27 0.29 0.97
0.02 0.16 0.55 0.36 0.22 0.31 0.31
0.04 0.24 0.91 0.13 0.27 0.38 0.98
0.40 0.08 0.38 0.80 0.29 0.87 0.02
0.42 0.14 0.17 0.40 0.14 0.16 0.30
0.35 0.44 0.38 0.30 0.15 0.09 0.04
0.23 0.42 0.43 0.28 0.47 0.83 0.03
0.35 0.16 0.12 0.74 0.22 0.13 0.03
0.22 0.43 0.45 0.15 0.30 0.08 0.48
0.40 0.17 0.92 0.07 0.12 0.16 0.92
0.06 0.16 0.08 0.33 0.20 0.25 0.27
0.03 0.19 0.29 0.95 0.40 0.16 0.10
0.48 0.30 0.11 0.31 0.26 0.09 0.45
0.53 0.03 0.29 0.77 0.39 0.63 0.06
0.29 0.12 0.16 0.62 0.48 0.09 0.37
0.23 0.12 0.50 0.08 0.46 0.81 0.31
0.61 0.19 0.06 0.18 0.24 0.21 0.56
0.09 0.82 0.20 0.57 0.02 0.01 1.00
0.22 0.01 0.02 0.28 0.76 0.35 0.45
0.93 0.03 0.06 0.50 0.64 0.29 0.51
0.20 0.02 1.00 0.36 0.42 0.06 0.43
0.15 0.10 0.17 0.12 0.23 0.90 0.02
0.96 0.11 0.05 0.10 0.44 0.89 0.07
0.57 0.39 0.35 0.15 0.28 0.25 0.16
0.33 0.72 0.02 0.41 0.12 0.41 0.28
0.08 0.89 0.38 0.48 0.41 0.46 0.09
0.05 0.16 0.62 0.31 0.91 0.36 0.29
0.39 0.11 0.37 0.22 0.27 0.27 0.51
0.96 0.16 0.35 0.45 0.35 0.02 0.47
0.42 0.08 0.35 0.51 0.12 0.09 0.09
0.32 0.16 0.26 0.28 0.06 0.35 0.49
0.16 0.11 0.20 0.15 0.08 0.30 0.36
0.74 0.01 0.23 0.66 0.15 0.28 0.40
0.32 0.26 0.89 0.94 0.39 0.07 0.02
0.07 0.46 0.63 0.04 0.07 0.69 0.15
0.10 0.03 0.26 0.27 0.04 0.07 0.34
0.48 0.68 0.44 0.11 0.24 0.06 0.47
0.02 0.23 0.30 0.45 0.01 0.05 0.81
0.45 0.42 0.07 0.01 0.89 0.13 0.42
0.70 0.31 0.04 0.06 0.39 0.03 0.31
0.17 0.07 0.33 0.09 0.74 0.59 0.06
0.15 0.15 0.46 0.18 0.14 0.84 0.46
0.08 0.21 0.21 0.46 0.44 0.02 0.19
0.03 0.40 0.01 0.03 0.21 0.77 0.09
0.11 0.31 0.81 0.17 0.18 0.08 0.41
0.09 0.45 0.16 0.82 0.43 0.15 0.12
0.32 0.09 0.36 0.25 0.02 0.43 0.11
0.35 0.17 0.43 0.05 0.37 0.30 0.02
0.40 0.15 0.13 0.57 0.19 0.58 0.43
0.15 0.02 0.83 0.10 0.56 0.44 0.12
0.40 0.21 0.22 0.91 0.41 0.09 0.22
0.62 0.47 0.27 0.05 0.01 0.03 0.92
0.28 0.40 0.41 0.04 0.43 0.26 0.38
0.31 0.21 0.10 0.46 0.13 0.29 0.33
0.47 0.16 0.84 0.23 0.92 0.12 0.02
0.08 0.02 0.66 0.08 0.15 0.20 0.47
0.13 0.12 0.32 0.14 0.40 0.34 0.49
0.03 0.55 0.40 0.02 0.84 0.36 0.46
0.40 0.09 0.45 0.11 0.19 0.13 0.27
0.37 0.06 0.14 0.10 0.31 0.47 0.23
0.04 0.69 0.26 0.29 0.33 0.18 0.03
0.50 0.43 0.93 0.09 0.38 0.06 0.01
0.17 0.16 0.87 0.04 0.90 0.33 0.26
0.88 0.38 0.28 0.04 0.31 0.35 0.13
0.19 0.01 0.48 0.24 0.41 0.30 0.78
0.15 0.90 0.14 0.22 0.75 0.36 0.54
0.08 0.48 0.37 0.40 0.71 0.45 0.02
0.01 0.13 0.28 0.24 0.08 0.15 0.62
0.29 0.11 0.01 0.21 0.26 0.18 0.65
0.92 0.01 0.75 0.53 0.86 0.35 0.21
1.00 0.19 0.50 0.88 0.48 0.12 0.02
0.03 0.30 0.13 0.01 0.22 0.47 0.28
0.43 0.92 0.11 0.36 0.38 0.09 0.36
0.30 0.07 0.27 0.75 0.01 0.42 0.56
0.57 0.12 0.80 0.69 0.21 0.05 0.32
0.45 0.22 0.06 0.08 0.24 0.21 0.33
0.26 0.77 0.08 0.18 0.44 0.21 0.25
0.07 0.44 0.08 0.74 0.30 0.11 0.90
1.00 0.18 0.10 0.41 0.37 0.12 0.06
0.03 0.73 0.24 0.69 0.45 0.07 0.75
0.31 0.42 0.33 0.01 0.14 0.44 0.26
0.03 0.37 0.20 0.36 0.31 0.41 0.03
0.99 0.24 0.19 0.28 0.42 0.20 0.43
0.11 0.09 0.37 0.72 0.55 0.34 0.07
0.20 0.40 0.33 0.15 0.25 0.20 0.25
0.47 0.21 0.23 0.01 0.39 0.35 0.39
0.07 0.06 0.51 0.62 0.66 0.04 0.31
0.45 0.33 0.13 0.19 0.48 0.27 0.26
0.34 0.04 0.14 0.11 0.13 0.01 0.41
0.44 0.33 0.21 0.38 0.03 0.68 0.12
0.28 0.21 0.87 0.46 0.40 0.39 0.14
0.09 0.26 0.01 0.21 0.51 0.40 0.18
0.17 0.55 0.09 0.23 0.02 0.32 0.19
0.62 0.13 0.18 0.31 0.50 0.27 0.07
0.08 0.88 0.52 0.43 0.19 0.48 0.50
0.25 0.22 0.49 0.15 0.12 0.23 0.42
0.60 0.15 0.20 0.57 0.02 0.47 1.00
0.08 0.18 0.26 0.02 0.18 0.93 0.13
0.44 0.43 0.05 0.14 0.50 0.33 0.17
0.20 0.15 0.83 0.77 0.07 0.05 0.21
0.02 0.04 0.34 0.07 0.66 0.30 0.33
0.36 0.80 0.18 0.31 0.41 0.14 0.31
0.02 0.22 0.81 0.47 0.44 0.45 0.27
0.40 0.17 0.24 0.53 0.30 0.03 0.18
0.86 0.29 0.21 0.14 0.41 0.14 0.34
0.76 0.12 0.42 0.29 0.46 0.24 0.06
0.35 0.04 0.33 0.17 0.08 0.27 0.14
0.29 0.98 0.21 0.04 0.04 0.40 0.36
0.28 0.27 0.38 0.01 0.18 0.48 0.34
0.96 0.02 0.66 0.24 0.98 0.09 0.72
0.40 0.25 0.03 0.07 0.34 0.99 0.43
0.24 0.46 0.09 0.10 0.15 0.08 0.83
0.31 0.05 0.07 0.07 0.03 0.23 0.64
