200 7
1 67 89 11 47 40 75
51 16 4 83 42 24 44
92 91 1 32 26 2 100
56 84 26 76 67 46 1
54 24 38 28 47 24 11
40 67 38 31 3 23 85
17 24 34 2 97 10 20
10 28 3 29 6 45 68
63 33 13 20 38 81 83
17 74 41 16 85 45 2
15 1 95 81 68 86 6
21 30 85 13 53 11 10
49 13 21 34 56 10 21
21 41 92 40 57 40 7
54 81 40 47 24 10 32
25 87 37 45 39 5 14
25 12 49 30 6 40 87
17 78 2 3 96 34 100
31 5 2 84 14 22 15
29 5 19 33 45 7 78
13 43 1 36 38 33 6
39 19 47 34 23 49 46
34 48 49 24 22 40 64
12 33 46 46 47 42 61
19 74 8 86 3 65 92
9 9 17 6 64 19 3
19 99 54 27 7 1 59
26 30 72 55 22 51 33
25 15 33 1 34 43 38
27 12 10 89 53 31 32
64 57 13 39 37 6 14
17 18 43 29 44 3 8
69 47 13 29 2 22 54
67 6 35 87 87 17 11
42 34 1 33 7 27 46
49 46 94 9 31 46 25
88 18 42 8 20 12 99
40 4 37 23 4 20 28
41 57 28 87 6 46 44
36 35 32 16 93 3 13
10 31 83 44 7 14 30
2 73 63 29 18 12 4
10 12 19 24 35 28 22
70 46 1 71 97 20 34
2 14 1 66 6 27 20
12 53 33 76 24 22 13
56 38 1 49 25 19 57
36 8 14 1 15 46 9
15 37 15 8 11 40 43
10 12 33 43 41 27 3
12 37 5 11 2 40 4
99 12 17 1 43 32 15
17 27 12 31 47 36 5
97 48 24 42 48 19 50
34 40 45 21 23 12 76
34 10 21 24 9 4 42
2 8 21 43 2 76 59
51 92 6 28 49 15 19
34 12 13 45 28 50 5
63 34 19 86 49 26 12
2 29 28 50 77 49 33
54 24 25 40 34 41 20
39 10 43 84 13 44 12
18 39 2 49 10 77 29
42 28 42 14 40 32 12
15 19 24 17 8 8 15
16 23 16 34 25 24 56
85 19 23 17 54 8 40
44 17 38 87 9 2 29
40 22 13 21 23 55 46
44 6 14 15 3 66 29
58 82 53 1 16 25 27
46 25 74 50 35 22 11
28 34 31 9 4 34 45
20 33 31 50 38 38 3
83 28 6 25 69 48 65
26 43 41 12 41 9 94
53 27 2 23 88 78 30
6 19 11 62 23 11 29
9 80 4 19 25 79 53
45 7 38 43 33 12 4
6 6 4 29 33 23 40
3 63 75 16 37 17 8
2 14 26 40 38 48 9
29 1 37 50 75 44 17
44 15 30 26 42 15 35
32 76 42 18 1 12 41
21 35 18 31 27 29 97
2 16 55 36 22 31 31
4 24 91 13 27 38 98
40 8 38 80 29 87 2
42 14 17 40 14 16 30
35 44 38 30 15 9 4
23 42 43 28 47 83 3
35 16 12 74 22 13 3
22 43 45 15 30 8 48
40 17 92 7 12 16 92
6 16 8 33 20 25 27
3 19 29 95 40 16 10
48 30 11 31 26 9 45
53 3 29 77 39 63 6
29 12 16 62 48 9 37
23 12 50 8 46 81 31
61 19 6 18 24 21 56
9 82 20 57 2 1 100
22 1 2 28 76 35 45
93 3 6 50 64 29 51
20 2 100 36 42 6 43
15 10 17 12 23 90 2
96 11 5 10 44 89 7
57 39 35 15 28 25 16
33 72 2 41 12 41 28
8 89 38 48 41 46 9
5 16 62 31 91 36 29
39 11 37 22 27 27 51
96 16 35 45 35 2 47
42 8 35 51 12 9 9
32 16 26 28 6 35 49
16 11 20 15 8 30 36
74 1 23 66 15 28 40
32 26 89 94 39 7 2
7 46 63 4 7 69 15
10 3 26 27 4 7 34
48 68 44 11 24 6 47
2 23 30 45 1 5 81
45 42 7 1 89 13 42
70 31 4 6 39 3 31
17 7 33 9 74 59 6
15 15 46 18 14 84 46
8 21 21 46 44 2 19
3 40 1 3 21 77 9
11 31 81 17 18 8 41
9 45 16 82 43 15 12
32 9 36 25 2 43 11
35 17 43 5 37 30 2
40 15 13 57 19 58 43
15 2 83 10 56 44 12
40 21 22 91 41 9 22
62 47 27 5 1 3 92
28 40 41 4 43 26 38
31 21 10 46 13 29 33
47 16 84 23 92 12 2
8 2 66 8 15 20 47
13 12 32 14 40 34 49
3 55 40 2 84 36 46
40 9 45 11 19 13 27
37 6 14 10 31 47 23
4 69 26 29 33 18 3
50 43 93 9 38 6 1
17 16 87 4 90 33 26
88 38 28 4 31 35 13
19 1 48 24 41 30 78
15 90 14 22 75 36 54
8 48 37 40 71 45 2
1 13 28 24 8 15 62
29 11 1 21 26 18 65
92 1 75 53 86 35 21
100 19 50 88 48 12 2
3 30 13 1 22 47 28
43 92 11 36 38 9 36
30 7 27 75 1 42 56
57 12 80 69 21 5 32
45 22 6 8 24 21 33
26 77 8 18 44 21 25
7 44 8 74 30 11 90
100 18 10 41 37 12 6
3 73 24 69 45 7 75
31 42 33 1 14 44 26
3 37 20 36 31 41 3
99 24 19 28 42 20 43
11 9 37 72 55 34 7
20 40 33 15 25 20 25
47 21 23 1 39 35 39
7 6 51 62 66 4 31
45 33 13 19 48 27 26
34 4 14 11 13 1 41
44 33 21 38 3 68 12
28 21 87 46 40 39 14
9 26 1 21 51 40 18
17 55 9 23 2 32 19
62 13 18 31 50 27 7
8 88 52 43 19 48 50
25 22 49 15 12 23 42
60 15 20 57 2 47 100
8 18 26 2 18 93 13
44 43 5 14 50 33 17
20 15 83 77 7 5 21
2 4 34 7 66 30 33
36 80 18 31 41 14 31
2 22 81 47 44 45 27
40 17 24 53 30 3 18
86 29 21 14 41 14 34
76 12 42 29 46 24 6
35 4 33 17 8 27 14
29 98 21 4 4 40 36
28 27 38 1 18 48 34
96 2 66 24 98 9 72
40 25 3 7 34 99 43
24 46 9 10 15 8 83
31 5 7 7 3 23 64
