200 7
0.24 0.60 0.23 0.22 0.68 0.29 0.79
0.55 0.16 0.35 0.29 0.26 0.39 0.44
0.23 0.02 0.12 0.37 0.14 0.17 0.32
0.48 0.85 0.45 0.40 0.57 0.24 0.07
0.34 0.29 0.78 0.60 0.71 0.34 0.04
0.12 0.34 0.36 0.41 0.05 0.10 0.37
0.16 0.19 0.16 0.13 0.37 0.97 0.49
0.93 0.31 0.28 0.17 0.82 0.97 0.30
0.11 0.26 0.10 0.30 0.32 0.39 0.34
0.70 0.91 0.92 0.75 0.09 0.89 0.19
0.03 0.58 0.28 0.57 0.83 0.41 0.20
0.08 0.25 0.18 0.35 0.05 0.49 0.21
0.37 0.45 0.07 0.02 0.30 0.48 0.05
0.83 0.08 0.50 0.67 0.33 0.10 0.27
0.58 0.30 0.16 0.09 0.13 0.48 0.06
0.37 0.26 0.38 0.41 0.83 0.67 0.16
0.64 0.17 0.09 0.22 0.72 0.50 0.19
0.87 0.52 0.11 0.46 0.19 0.03 0.49
0.50 0.03 0.07 0.39 0.43 0.43 0.02
0.20 0.78 0.44 0.37 0.26 0.16 0.26
0.35 0.27 0.19 0.31 0.10 0.05 0.80
0.12 0.08 0.29 0.12 0.16 0.49 0.46
0.24 0.21 0.21 0.19 0.15 0.18 0.20
0.47 0.16 0.04 0.08 0.76 0.18 0.29
0.51 0.28 0.13 0.41 0.25 0.29 0.21
0.83 0.15 0.06 0.17 0.05 0.96 0.27
0.07 0.27 0.18 0.49 0.35 0.66 0.06
0.75 0.08 0.13 0.38 0.35 0.10 0.45
0.74 0.46 0.11 0.03 0.65 0.34 0.26
0.18 0.41 0.41 0.68 0.47 0.10 0.30
0.24 0.28 0.19 0.27 0.32 0.04 0.46
0.46 0.71 0.47 0.08 0.24 0.44 0.88
0.58 0.80 0.05 0.27 0.75 0.02 0.09
0.50 0.05 0.10 0.39 0.27 0.39 0.31
0.65 0.16 0.76 0.17 0.51 0.89 0.18
0.34 0.33 0.78 0.08 0.32 0.91 0.53
0.92 0.50 0.03 0.02 0.01 0.05 0.29
0.52 1.00 0.25 0.26 0.29 0.05 0.06
0.24 0.28 0.48 0.18 0.28 0.51 0.05
0.47 0.42 0.28 0.01 0.43 0.21 0.49
0.21 0.17 0.42 0.09 0.29 0.11 0.95
0.89 0.43 0.06 0.16 0.06 0.67 0.46
0.14 0.47 0.28 0.68 0.50 0.27 0.37
0.47 0.02 0.38 0.23 0.38 0.33 0.34
0.41 0.20 0.38 0.17 0.22 0.05 0.47
0.02 0.89 0.04 0.10 0.27 0.47 0.19
0.67 0.05 0.41 0.19 0.20 0.87 0.21
0.67 0.18 0.93 0.39 0.33 0.52 0.14
0.23 0.44 0.93 0.67 0.21 0.44 0.22
0.44 0.11 0.92 0.18 0.24 0.33 0.50
0.04 0.34 0.37 0.14 0.65 0.05 0.04
0.37 0.03 0.24 0.06 0.96 0.24 0.08
0.37 0.03 0.56 0.07 0.17 0.30 0.31
0.59 0.04 0.49 0.28 0.09 0.08 0.52
0.22 0.35 0.17 0.01 0.11 0.43 0.22
0.22 0.19 0.96 0.21 0.49 0.35 0.07
0.45 0.90 0.29 0.45 0.03 0.32 0.96
0.66 0.21 0.37 0.22 0.05 0.45 0.32
0.53 0.17 0.06 0.54 0.99 0.41 0.07
0.20 0.41 0.50 0.26 0.35 0.34 0.21
0.35 0.25 0.58 0.40 0.31 0.03 0.05
0.30 0.09 0.51 0.47 0.61 0.12 0.23
0.39 0.21 0.40 0.04 0.28 0.47 0.05
0.73 0.32 0.12 1.00 0.11 0.16 0.22
0.25 0.20 0.91 0.42 0.85 0.07 0.20
0.19 0.20 0.11 0.91 0.01 0.37 0.06
0.60 0.23 0.11 0.15 0.08 0.46 0.50
0.33 0.19 0.39 0.81 0.28 0.53 0.11
0.25 0.83 0.13 0.44 0.14 0.09 0.82
0.60 0.74 0.03 0.07 0.26 0.39 0.40
0.29 0.10 0.07 0.68 0.05 0.20 0.31
0.32 0.11 0.72 0.06 0.11 0.68 0.28
0.24 0.32 0.46 0.88 0.26 0.12 0.33
0.64 0.26 0.41 0.36 0.38 0.39 0.12
0.10 0.28 0.09 0.30 0.87 0.07 0.65
0.32 0.12 0.30 0.98 0.22 0.08 0.30
0.12 0.12 0.45 0.43 0.04 0.25 0.33
0.37 0.09 0.89 0.71 0.45 0.10 0.46
0.96 0.94 0.43 0.46 0.40 0.06 0.05
0.02 0.48 0.09 0.07 0.18 0.25 0.44
0.11 0.03 0.79 0.17 0.30 0.30 0.79
0.22 0.20 0.46 0.64 0.82 0.95 0.07
0.20 0.42 0.16 0.41 0.54 0.41 0.08
0.02 0.18 0.38 0.72 0.35 0.25 0.22
0.01 0.95 0.26 0.65 0.36 0.11 0.35
0.42 0.47 0.20 0.25 0.39 0.23 0.47
0.13 0.43 1.00 0.42 0.48 0.06 0.57
0.11 0.12 0.08 0.05 0.60 0.27 0.26
0.85 0.16 0.06 0.39 0.07 0.42 0.03
0.20 0.18 0.48 0.69 0.11 0.26 0.18
0.63 0.10 0.08 0.35 0.50 0.17 0.18
0.04 0.02 0.34 0.03 0.43 0.20 0.33
0.35 0.09 0.33 0.42 0.06 0.04 0.15
0.25 0.08 0.04 0.42 0.13 0.06 0.88
0.19 0.39 0.05 0.03 0.14 0.94 0.20
0.38 0.57 0.03 0.08 0.35 0.37 0.29
0.72 0.02 0.27 0.33 0.11 0.84 0.40
0.33 0.64 0.02 0.25 0.45 0.03 0.99
0.32 0.98 0.06 0.67 0.96 0.05 0.19
0.03 0.04 0.13 0.25 0.91 0.39 0.49
0.04 0.94 0.08 0.07 0.54 0.95 0.43
0.91 0.17 0.23 0.40 0.18 0.21 0.14
0.15 0.12 0.11 0.40 0.05 0.49 0.79
0.18 0.22 0.02 0.48 0.41 0.84 0.21
0.42 0.26 0.86 0.54 0.03 0.06 0.36
0.48 0.10 0.47 0.26 0.22 0.08 0.38
0.83 0.78 0.28 0.18 0.47 0.02 0.49
0.34 0.08 0.02 0.37 0.37 0.39 0.90
0.05 0.41 0.30 0.60 0.28 0.01 0.47
0.07 0.67 0.81 0.71 0.40 0.32 0.11
0.39 0.96 0.94 0.11 0.48 0.07 0.53
0.13 0.62 0.95 0.10 0.33 0.38 0.14
0.22 0.31 0.38 0.36 0.23 0.11 0.34
0.84 0.04 0.30 0.01 0.10 0.19 0.64
0.26 0.28 0.44 0.46 0.18 0.07 0.65
0.06 0.24 0.13 0.04 0.29 0.64 0.53
0.30 0.24 0.18 0.43 0.13 0.07 0.44
0.15 0.22 0.54 0.44 0.05 0.46 0.23
0.31 0.08 0.76 0.60 0.35 0.42 0.01
0.14 0.35 0.07 0.46 0.74 0.10 0.78
0.07 0.05 0.31 0.93 0.26 0.49 0.30
0.87 0.28 0.16 0.06 0.42 0.44 0.47
0.10 0.42 0.42 0.42 0.06 0.25 0.07
0.08 0.27 0.18 0.38 0.46 0.11 0.37
0.05 0.87 0.13 0.50 0.32 0.26 0.32
0.07 0.33 0.62 0.14 0.69 0.14 0.05
0.64 0.06 0.29 0.21 0.16 0.83 0.35
0.66 0.58 0.18 0.03 0.06 0.25 0.82
0.14 0.41 0.12 0.08 0.89 0.12 0.05
0.19 0.42 0.09 1.00 0.05 0.21 0.06
0.02 0.39 0.81 0.45 0.40 0.10 0.07
0.04 0.50 0.32 0.46 0.73 0.12 0.44
0.44 0.20 0.06 0.34 0.49 0.02 0.21
0.21 0.41 0.77 0.41 0.02 0.56 0.01
0.67 0.82 0.39 0.39 0.16 0.07 0.17
0.12 0.43 0.32 0.49 0.03 0.16 0.44
0.06 0.03 0.13 0.49 0.07 0.39 0.33
0.22 0.88 0.17 0.34 0.17 0.21 0.29
0.23 0.90 0.07 0.74 0.39 0.47 0.13
0.14 0.48 0.27 0.44 0.52 0.07 0.28
0.26 0.28 0.80 0.13 0.13 0.96 0.02
0.73 0.97 0.11 0.09 0.05 0.32 0.24
0.37 0.50 0.07 0.01 0.19 0.09 0.16
0.06 0.76 0.38 0.31 0.34 0.53 0.38
0.04 0.30 0.88 0.44 0.29 0.07 0.19
0.15 0.04 0.23 0.95 0.89 0.24 0.28
0.24 0.15 0.72 0.18 0.41 0.13 0.05
0.47 0.09 0.26 0.14 0.84 0.50 0.36
0.82 0.90 0.46 0.39 0.47 0.14 0.01
0.10 0.77 0.20 0.09 0.43 0.03 0.14
0.08 0.43 0.07 0.22 0.41 0.36 0.11
0.80 0.18 0.25 0.47 0.13 0.35 0.19
0.04 0.23 0.35 0.37 0.39 0.60 0.15
0.05 0.38 0.06 0.93 0.43 0.21 0.94
0.61 0.31 0.40 0.47 0.17 0.49 0.03
0.25 0.05 0.09 0.49 0.02 0.33 0.28
0.25 0.17 0.03 0.25 0.17 0.44 0.50
0.42 0.15 0.76 0.22 0.28 0.12 0.22
0.45 0.08 0.60 0.35 0.45 0.12 0.50
0.85 0.92 0.03 0.02 0.36 0.46 0.26
0.22 0.49 0.41 0.46 0.29 0.20 0.12
0.24 0.45 0.23 0.10 0.02 0.08 0.71
0.34 0.13 0.35 0.01 0.86 0.18 0.40
0.11 0.45 0.83 0.05 0.10 0.50 0.19
0.33 0.42 0.24 0.36 0.24 0.22 0.17
0.14 0.01 0.94 0.21 1.00 0.21 0.17
0.07 0.02 0.42 0.89 0.04 0.94 0.89
0.06 0.46 0.28 0.04 0.72 0.38 0.55
0.17 0.53 0.36 0.74 0.20 0.20 0.34
0.18 0.03 0.08 0.58 0.15 0.05 0.35
0.39 0.20 0.65 0.20 0.44 0.01 0.28
0.10 0.27 0.13 0.10 0.25 0.42 0.23
0.36 0.20 0.23 0.33 0.14 0.46 0.87
0.88 0.18 0.30 0.34 0.40 0.62 0.02
0.18 0.18 0.05 0.45 0.34 0.46 0.27
0.55 0.23 0.11 0.17 0.08 0.23 0.48
0.09 0.35 0.48 0.42 0.35 0.42 0.19
0.45 0.12 0.41 0.10 0.45 0.32 0.23
0.15 0.09 0.06 0.13 0.51 0.31 0.50
0.12 0.27 0.03 0.36 0.22 0.24 0.01
0.19 0.19 0.46 0.22 0.27 0.36 0.16
0.15 0.18 0.64 0.34 0.99 0.21 0.06
0.22 0.29 0.35 0.27 0.19 0.23 0.36
0.03 0.09 0.07 0.10 0.37 0.17 0.62
0.11 0.03 0.32 0.48 0.34 0.89 0.10
0.39 0.06 0.68 0.48 0.81 0.09 0.46
0.38 0.19 0.42 0.02 0.13 0.41 0.41
0.34 0.48 0.95 0.04 0.36 0.17 0.05
0.94 0.73 0.74 0.39 0.03 0.09 0.02
0.15 0.73 0.29 0.25 0.37 0.40 0.43
0.33 0.20 0.40 0.18 0.49 0.02 0.41
0.04 0.28 0.49 0.34 0.11 0.07 0.83
0.11 0.13 0.60 0.92 0.17 0.22 0.31
0.21 0.19 0.10 0.28 0.08 0.36 0.82
0.52 0.36 0.30 0.88 0.02 0.32 0.12
0.22 0.81 0.01 0.13 0.01 0.16 0.21
0.03 0.35 0.45 0.33 0.89 0.71 0.18
0.28 0.28 0.09 0.49 0.47 0.15 0.03
0.36 0.15 0.13 0.26 0.31 0.94 0.15
0.12 0.50 0.81 0.13 0.14 0.80 0.27
