200 7
24 60 23 22 68 29 79
55 16 35 29 26 39 44
23 2 12 37 14 17 32
48 85 45 40 57 24 7
34 29 78 60 71 34 4
12 34 36 41 5 10 37
16 19 16 13 37 97 49
93 31 28 17 82 97 30
11 26 10 30 32 39 34
70 91 92 75 9 89 19
3 58 28 57 83 41 20
8 25 18 35 5 49 21
37 45 7 2 30 48 5
83 8 50 67 33 10 27
58 30 16 9 13 48 6
37 26 38 41 83 67 16
64 17 9 22 72 50 19
87 52 11 46 19 3 49
50 3 7 39 43 43 2
20 78 44 37 26 16 26
35 27 19 31 10 5 80
12 8 29 12 16 49 46
24 21 21 19 15 18 20
47 16 4 8 76 18 29
51 28 13 41 25 29 21
83 15 6 17 5 96 27
7 27 18 49 35 66 6
75 8 13 38 35 10 45
74 46 11 3 65 34 26
18 41 41 68 47 10 30
24 28 19 27 32 4 46
46 71 47 8 24 44 88
58 80 5 27 75 2 9
50 5 10 39 27 39 31
65 16 76 17 51 89 18
34 33 78 8 32 91 53
92 50 3 2 1 5 29
52 100 25 26 29 5 6
24 28 48 18 28 51 5
47 42 28 1 43 21 49
21 17 42 9 29 11 95
89 43 6 16 6 67 46
14 47 28 68 50 27 37
47 2 38 23 38 33 34
41 20 38 17 22 5 47
2 89 4 10 27 47 19
67 5 41 19 20 87 21
67 18 93 39 33 52 14
23 44 93 67 21 44 22
44 11 92 18 24 33 50
4 34 37 14 65 5 4
37 3 24 6 96 24 8
37 3 56 7 17 30 31
59 4 49 28 9 8 52
22 35 17 1 11 43 22
22 19 96 21 49 35 7
45 90 29 45 3 32 96
66 21 37 22 5 45 32
53 17 6 54 99 41 7
20 41 50 26 35 34 21
35 25 58 40 31 3 5
30 9 51 47 61 12 23
39 21 40 4 28 47 5
73 32 12 100 11 16 22
25 20 91 42 85 7 20
19 20 11 91 1 37 6
60 23 11 15 8 46 50
33 19 39 81 28 53 11
25 83 13 44 14 9 82
60 74 3 7 26 39 40
29 10 7 68 5 20 31
32 11 72 6 11 68 28
24 32 46 88 26 12 33
64 26 41 36 38 39 12
10 28 9 30 87 7 65
32 12 30 98 22 8 30
12 12 45 43 4 25 33
37 9 89 71 45 10 46
96 94 43 46 40 6 5
2 48 9 7 18 25 44
11 3 79 17 30 30 79
22 20 46 64 82 95 7
20 42 16 41 54 41 8
2 18 38 72 35 25 22
1 95 26 65 36 11 35
42 47 20 25 39 23 47
13 43 100 42 48 6 57
11 12 8 5 60 27 26
85 16 6 39 7 42 3
20 18 48 69 11 26 18
63 10 8 35 50 17 18
4 2 34 3 43 20 33
35 9 33 42 6 4 15
25 8 4 42 13 6 88
19 39 5 3 14 94 20
38 57 3 8 35 37 29
72 2 27 33 11 84 40
33 64 2 25 45 3 99
32 98 6 67 96 5 19
3 4 13 25 91 39 49
4 94 8 7 54 95 43
91 17 23 40 18 21 14
15 12 11 40 5 49 79
18 22 2 48 41 84 21
42 26 86 54 3 6 36
48 10 47 26 22 8 38
83 78 28 18 47 2 49
34 8 2 37 37 39 90
5 41 30 60 28 1 47
7 67 81 71 40 32 11
39 96 94 11 48 7 53
13 62 95 10 33 38 14
22 31 38 36 23 11 34
84 4 30 1 10 19 64
26 28 44 46 18 7 65
6 24 13 4 29 64 53
30 24 18 43 13 7 44
15 22 54 44 5 46 23
31 8 76 60 35 42 1
14 35 7 46 74 10 78
7 5 31 93 26 49 30
87 28 16 6 42 44 47
10 42 42 42 6 25 7
8 27 18 38 46 11 37
5 87 13 50 32 26 32
7 33 62 14 69 14 5
64 6 29 21 16 83 35
66 58 18 3 6 25 82
14 41 12 8 89 12 5
19 42 9 100 5 21 6
2 39 81 45 40 10 7
4 50 32 46 73 12 44
44 20 6 34 49 2 21
21 41 77 41 2 56 1
67 82 39 39 16 7 17
12 43 32 49 3 16 44
6 3 13 49 7 39 33
22 88 17 34 17 21 29
23 90 7 74 39 47 13
14 48 27 44 52 7 28
26 28 80 13 13 96 2
73 97 11 9 5 32 24
37 50 7 1 19 9 16
6 76 38 31 34 53 38
4 30 88 44 29 7 19
15 4 23 95 89 24 28
24 15 72 18 41 13 5
47 9 26 14 84 50 36
82 90 46 39 47 14 1
10 77 20 9 43 3 14
8 43 7 22 41 36 11
80 18 25 47 13 35 19
4 23 35 37 39 60 15
5 38 6 93 43 21 94
61 31 40 47 17 49 3
25 5 9 49 2 33 28
25 17 3 25 17 44 50
42 15 76 22 28 12 22
45 8 60 35 45 12 50
85 92 3 2 36 46 26
22 49 41 46 29 20 12
24 45 23 10 2 8 71
34 13 35 1 86 18 40
11 45 83 5 10 50 19
33 42 24 36 24 22 17
14 1 94 21 100 21 17
7 2 42 89 4 94 89
6 46 28 4 72 38 55
17 53 36 74 20 20 34
18 3 8 58 15 5 35
39 20 65 20 44 1 28
10 27 13 10 25 42 23
36 20 23 33 14 46 87
88 18 30 34 40 62 2
18 18 5 45 34 46 27
55 23 11 17 8 23 48
9 35 48 42 35 42 19
45 12 41 10 45 32 23
15 9 6 13 51 31 50
12 27 3 36 22 24 1
19 19 46 22 27 36 16
15 18 64 34 99 21 6
22 29 35 27 19 23 36
3 9 7 10 37 17 62
11 3 32 48 34 89 10
39 6 68 48 81 9 46
38 19 42 2 13 41 41
34 48 95 4 36 17 5
94 73 74 39 3 9 2
15 73 29 25 37 40 43
33 20 40 18 49 2 41
4 28 49 34 11 7 83
11 13 60 92 17 22 31
21 19 10 28 8 36 82
52 36 30 88 2 32 12
22 81 1 13 1 16 21
3 35 45 33 89 71 18
28 28 9 49 47 15 3
36 15 13 26 31 94 15
12 50 81 13 14 80 27
