250 7
0.73 0.13 0.63 0.96 0.49 0.37 0.40
0.86 0.96 0.63 0.76 0.94 0.51 0.81
0.38 0.48 0.56 0.88 0.09 0.02 0.38
0.10 0.56 0.29 0.92 0.22 0.25 0.26
0.33 0.65 0.34 0.72 0.28 0.65 0.49
0.07 0.99 0.63 0.44 0.73 0.49 0.60
0.29 0.53 0.22 0.54 0.51 0.16 0.25
0.09 0.39 0.55 0.89 0.93 0.30 0.93
1.00 0.42 0.87 0.22 0.66 0.32 0.96
0.03 0.49 0.34 0.78 0.29 0.25 0.25
0.25 0.06 0.64 1.00 0.17 0.28 0.05
0.73 0.96 0.03 0.15 0.17 0.21 0.34
0.08 0.50 0.88 0.64 0.35 0.26 0.60
0.19 0.77 0.18 0.88 0.37 0.37 0.53
0.25 0.49 0.83 0.77 0.29 0.67 0.78
0.37 0.18 0.04 0.36 0.01 0.39 1.00
0.91 0.32 0.47 0.40 0.76 0.82 0.76
0.15 0.07 0.60 0.70 0.20 0.18 0.79
0.99 0.93 0.24 0.33 0.75 0.28 0.27
0.29 0.04 0.01 0.24 0.35 0.55 0.59
0.02 0.45 0.25 0.27 0.72 0.11 0.85
0.98 0.48 0.46 0.03 0.84 0.49 0.03
0.07 0.29 0.42 0.40 0.91 0.45 0.92
0.89 0.86 0.04 0.64 0.50 0.68 0.38
0.27 0.77 0.09 0.40 0.31 0.06 0.93
0.20 0.21 0.83 0.12 0.59 0.23 0.29
0.15 0.39 0.20 0.15 0.37 0.48 0.81
0.34 0.21 0.13 0.46 0.13 0.60 0.28
0.06 0.82 0.10 0.07 0.26 0.08 0.67
0.57 0.06 0.15 0.48 0.48 0.63 0.39
0.49 0.08 0.04 0.26 0.34 0.07 0.32
0.10 0.34 0.03 0.07 0.92 0.20 0.06
0.80 0.29 0.45 0.24 0.36 0.40 0.05
0.15 0.63 0.42 0.01 0.58 0.89 0.70
0.50 0.70 0.15 0.21 0.36 0.56 0.06
0.85 0.62 0.09 0.13 0.23 0.72 0.22
0.51 0.64 0.94 0.92 0.89 0.54 0.13
0.85 0.02 0.63 0.92 0.23 0.60 0.36
0.60 0.46 0.51 0.91 0.24 0.10 0.58
0.94 0.06 0.33 0.31 0.06 0.66 0.11
0.46 0.75 0.15 0.15 0.62 0.53 0.41
0.16 0.52 0.32 0.29 0.47 0.37 0.45
0.97 0.66 0.04 0.54 0.18 0.46 0.84
0.96 0.12 0.37 0.66 0.31 0.45 0.20
0.80 0.85 0.94 0.14 0.57 0.15 0.64
0.41 0.16 0.46 0.10 0.94 0.23 0.02
0.67 0.08 0.16 0.25 0.20 0.26 0.48
0.70 0.75 0.39 0.61 0.05 0.88 0.78
0.32 0.42 0.26 0.01 0.90 0.16 0.62
0.01 0.96 0.55 0.60 0.44 0.88 0.89
0.75 0.78 0.93 0.01 0.21 0.24 0.33
0.22 0.36 0.37 0.39 0.06 0.48 0.04
0.84 0.47 0.34 0.07 0.09 0.24 0.10
0.27 0.95 0.66 0.99 0.61 0.23 0.15
0.57 0.90 0.29 0.50 0.27 0.29 0.32
0.78 0.43 0.84 0.86 0.33 0.25 0.48
0.24 0.28 0.33 0.15 0.23 0.06 0.03
0.92 0.62 0.71 0.11 0.72 0.18 0.03
0.91 0.19 0.93 0.19 0.64 0.57 0.39
0.50 0.30 0.74 0.86 0.08 0.79 0.32
0.96 0.72 0.16 0.69 0.28 0.85 0.12
0.45 0.43 0.95 0.63 0.02 0.91 0.36
0.32 0.07 0.75 0.91 0.20 0.15 0.11
0.59 0.24 0.51 0.92 0.14 0.25 0.82
0.19 0.34 0.54 0.27 0.91 0.19 0.44
0.86 0.18 0.94 0.49 0.87 0.57 0.13
0.19 0.68 0.30 0.32 0.58 0.10 0.15
0.29 0.05 0.32 0.37 0.03 0.49 0.04
1.00 0.28 0.21 0.08 0.86 0.78 0.73
0.08 0.14 0.61 0.34 0.78 0.96 0.73
0.95 0.71 0.12 0.97 0.27 0.62 0.65
0.93 0.08 0.97 0.04 0.62 0.81 0.04
0.85 0.42 0.22 0.87 0.60 0.88 0.19
0.85 0.74 0.15 0.22 0.85 0.25 0.77
0.80 0.16 0.17 0.66 0.82 0.31 0.19
0.74 0.58 0.04 0.88 0.46 0.37 0.19
0.28 0.13 0.44 0.39 0.46 0.39 0.31
0.14 0.43 0.54 0.58 0.86 0.84 0.95
0.15 0.12 0.36 0.28 0.78 0.74 0.04
0.35 0.85 0.62 0.87 0.21 0.30 0.31
0.36 0.02 0.21 0.37 0.33 0.66 0.06
0.12 0.70 0.65 0.58 0.33 0.88 0.57
0.24 0.22 0.47 0.67 0.41 0.93 0.74
0.21 0.14 0.45 0.37 0.11 0.46 0.84
0.01 0.05 0.85 0.78 0.56 0.02 0.72
0.86 0.17 0.06 0.17 0.09 0.11 0.44
0.65 0.92 0.31 0.01 0.37 0.21 0.87
0.12 0.79 0.19 0.87 0.88 0.03 0.38
0.51 0.85 0.82 0.03 0.88 0.76 0.68
0.34 0.22 0.46 0.05 0.95 0.17 0.68
0.60 0.85 0.02 0.03 0.43 0.28 0.30
0.26 0.50 0.63 0.02 0.30 0.31 0.75
0.06 0.94 0.01 0.89 0.49 0.34 0.94
0.20 0.45 0.42 0.08 0.65 0.92 0.73
0.68 0.48 0.48 0.41 0.07 0.21 0.94
0.65 0.58 0.64 0.03 0.20 0.59 0.62
0.49 0.50 0.19 0.44 0.07 0.04 0.98
0.25 0.17 0.43 0.10 0.16 0.42 0.19
0.24 0.80 0.20 0.35 0.31 0.88 0.87
0.94 0.77 1.00 0.52 0.92 0.02 0.82
0.80 0.38 0.14 0.24 0.29 0.49 0.16
0.53 0.42 0.54 0.05 0.33 0.97 0.79
0.46 0.09 1.00 0.32 0.53 0.26 0.89
0.34 0.92 0.04 0.35 0.80 0.33 0.47
0.05 0.71 0.29 0.73 0.16 0.87 0.70
0.45 0.01 0.44 0.41 0.23 0.89 0.24
0.57 0.79 0.40 0.09 0.65 0.17 0.57
0.11 0.85 0.91 0.14 0.41 0.38 0.62
0.11 0.40 0.99 0.60 0.11 0.24 0.43
0.10 0.26 0.55 0.72 0.65 0.72 0.82
0.60 0.43 0.26 0.16 0.03 0.48 0.49
0.57 0.45 0.58 0.41 0.10 0.07 0.21
0.62 0.08 0.86 0.11 0.13 0.88 0.44
0.60 0.75 0.42 0.06 0.67 0.06 0.63
0.97 0.21 0.25 0.35 0.39 0.01 0.17
0.09 0.64 0.28 0.28 0.19 0.49 0.35
0.96 0.56 0.53 0.70 0.17 0.06 0.24
0.99 0.06 0.57 0.42 0.66 0.40 0.72
0.07 0.81 0.82 0.22 0.54 0.96 0.34
0.58 0.63 0.90 0.05 0.21 0.13 0.38
0.21 0.04 0.75 0.29 0.05 0.34 0.24
0.69 0.59 0.09 0.72 0.16 0.92 0.14
0.25 0.15 0.48 0.96 0.49 0.23 0.52
0.48 0.41 0.22 0.34 0.66 0.48 0.14
0.97 0.15 0.13 0.41 0.46 0.62 0.04
0.73 0.68 0.14 0.41 0.16 0.18 0.51
0.76 0.42 0.16 0.91 0.31 0.23 0.93
0.46 0.16 0.11 0.70 0.31 0.17 0.99
0.78 0.19 0.02 0.69 1.00 0.01 0.73
0.52 0.75 0.90 0.02 0.07 0.13 0.83
0.07 0.08 0.09 0.77 0.94 0.67 0.87
0.62 0.01 0.29 0.10 0.28 0.76 0.54
0.22 0.14 0.24 0.37 0.82 0.81 0.52
0.99 0.83 0.70 0.07 0.06 0.71 0.82
0.50 0.49 0.18 0.29 0.08 0.75 0.98
0.77 0.61 0.54 0.01 0.33 0.86 0.33
0.52 0.34 0.66 0.37 0.01 0.92 0.80
0.24 0.36 0.76 0.11 0.37 0.46 0.06
0.95 0.85 0.87 0.88 0.03 0.02 0.64
0.04 0.03 0.50 0.45 0.25 0.66 0.78
0.81 0.06 0.09 0.98 0.18 0.59 0.18
0.53 0.23 0.22 0.18 0.78 0.84 0.52
0.48 0.01 0.09 0.32 0.36 0.21 0.96
0.98 0.65 0.86 0.67 0.04 0.34 0.65
0.34 0.29 0.25 0.63 0.93 0.27 0.20
0.37 0.02 0.30 0.74 0.19 0.25 0.02
0.67 0.87 0.36 0.12 0.52 0.38 0.06
0.01 0.80 0.29 0.48 0.62 0.85 0.59
0.10 0.20 0.90 0.53 0.11 0.95 0.28
0.31 0.13 0.33 0.13 0.06 0.80 0.74
0.10 0.46 0.61 0.93 0.77 0.92 0.60
0.24 0.40 0.25 0.01 0.54 0.32 0.04
0.13 0.44 0.19 0.28 0.70 0.16 0.39
0.05 0.33 0.68 0.93 0.33 0.97 0.69
0.61 0.90 0.83 0.67 0.03 0.09 0.75
0.03 0.64 0.59 0.45 0.30 0.23 0.17
0.15 0.10 0.42 0.31 0.23 0.96 0.11
0.09 0.93 0.60 0.22 0.52 0.26 0.59
0.05 0.23 0.33 0.95 0.23 0.34 0.41
0.79 0.89 0.51 0.67 0.06 0.35 0.53
0.28 0.27 0.39 0.38 0.08 0.05 0.12
0.17 0.98 0.70 0.09 0.25 0.23 0.15
0.06 0.49 0.18 0.93 0.60 0.90 0.24
0.52 0.34 0.86 0.52 0.57 0.03 0.54
0.18 0.30 0.73 0.96 0.61 0.15 0.78
0.82 0.18 0.41 0.27 0.14 0.35 0.78
0.02 0.09 0.13 0.11 0.29 0.03 0.59
0.39 0.46 0.47 0.29 0.02 0.72 0.26
0.12 0.95 0.93 0.35 0.11 0.14 0.92
1.00 0.53 0.32 0.93 0.02 0.70 0.35
0.99 0.08 0.18 0.25 0.75 0.98 0.24
0.03 0.93 0.84 0.56 0.15 0.92 0.68
0.43 0.56 0.03 0.02 0.59 0.04 0.75
0.38 0.42 0.31 0.72 0.17 0.56 0.39
0.21 0.56 0.86 0.18 0.25 0.12 0.65
0.22 0.66 0.69 0.98 0.91 0.51 0.02
0.65 0.74 0.05 0.23 0.29 0.06 0.58
0.36 0.07 0.26 0.46 0.56 0.19 0.02
0.05 0.03 0.07 0.28 0.18 0.05 0.14
0.54 0.27 0.06 0.86 0.80 0.63 0.16
0.94 0.20 0.92 0.23 0.40 0.61 0.06
0.68 0.90 0.38 0.25 0.04 0.39 0.15
0.02 0.82 0.96 0.82 0.35 0.10 0.57
0.30 0.02 0.90 0.63 0.51 0.97 0.59
0.83 0.25 0.13 0.20 0.59 0.61 0.06
0.12 0.59 0.15 0.07 0.33 0.10 0.69
0.24 0.35 0.04 0.77 0.27 0.51 0.34
0.27 0.76 0.37 0.71 0.21 0.88 0.03
0.92 0.16 0.17 0.44 0.13 0.09 0.33
0.71 0.86 0.45 0.63 0.02 0.79 0.33
0.60 0.25 0.50 0.71 0.90 0.78 0.01
0.45 0.05 0.11 0.10 0.30 0.25 0.40
0.10 0.19 0.39 0.08 0.94 0.70 0.72
0.69 0.48 0.37 0.27 0.13 0.91 0.25
0.67 0.65 0.06 0.90 0.32 0.13 0.50
0.99 0.35 0.02 0.74 0.10 0.86 0.88
0.64 0.01 0.59 0.01 0.38 0.45 0.63
0.11 0.20 0.35 0.21 0.02 0.77 0.34
0.08 0.52 0.16 0.64 0.17 0.83 0.57
0.78 0.40 0.07 0.06 0.23 0.71 0.67
0.29 0.28 0.78 0.03 0.19 0.87 0.57
0.37 0.02 0.47 0.11 0.16 0.90 0.33
0.15 0.89 1.00 0.01 0.80 0.38 0.84
0.69 0.18 0.77 0.18 0.66 0.24 0.58
0.57 0.27 0.09 0.04 0.71 0.85 0.27
0.11 0.31 0.28 0.04 0.13 0.91 0.50
0.89 0.66 0.59 0.53 0.73 0.03 0.55
0.64 0.96 0.36 0.06 0.19 0.41 0.31
0.97 0.66 0.33 0.08 0.32 0.11 0.28
0.65 0.03 0.39 0.20 0.23 0.52 0.06
0.04 0.75 0.99 0.30 0.07 0.95 0.56
0.61 0.10 0.19 0.09 0.42 0.33 0.59
0.21 0.93 0.16 0.28 0.08 0.14 0.22
0.64 0.68 0.66 0.94 0.44 0.01 0.57
0.23 0.25 0.17 0.23 0.39 0.42 0.01
0.31 0.61 0.01 0.04 0.61 0.98 0.73
0.73 0.14 0.01 0.06 0.95 0.58 0.02
0.57 0.70 0.01 0.62 0.15 0.99 0.55
0.24 0.17 0.30 0.09 0.27 0.94 0.13
0.91 0.07 0.55 0.60 0.08 0.35 0.65
0.41 0.14 0.54 0.41 0.15 0.37 0.21
0.06 0.57 0.09 0.12 0.57 0.12 0.41
0.87 0.36 0.52 0.10 0.02 0.80 0.95
0.58 0.52 0.94 0.10 0.07 0.95 0.67
0.15 0.02 0.15 0.40 0.40 0.12 0.38
0.17 0.67 0.27 0.87 0.02 0.20 0.72
0.56 0.17 0.14 0.02 0.73 0.56 0.53
0.02 0.03 0.75 0.36 0.07 0.13 0.50
0.55 0.25 0.85 0.72 0.20 0.14 0.12
0.01 0.68 0.82 0.63 0.58 0.13 0.63
0.64 0.04 0.80 0.40 0.05 0.29 0.42
0.83 0.73 0.10 0.14 0.02 0.38 0.61
0.89 0.04 0.17 0.93 0.20 0.73 0.10
0.18 0.67 0.04 0.28 0.27 0.23 1.00
0.03 0.53 0.63 0.91 0.93 0.52 0.10
0.14 0.44 0.38 0.13 0.32 0.53 0.26
0.99 0.09 0.50 0.44 0.02 0.26 0.25
0.87 0.73 0.15 0.74 0.07 0.59 0.27
0.11 0.50 0.39 0.28 0.12 0.51 0.94
0.01 0.36 0.66 0.98 0.88 0.62 0.61
0.07 0.86 0.04 0.13 0.56 0.64 0.30
0.68 0.25 0.69 0.22 0.21 0.04 0.77
0.71 0.26 0.30 0.44 0.34 0.35 0.09
0.66 0.76 0.67 0.87 0.06 0.48 0.03
0.49 0.89 0.97 0.03 0.19 0.14 0.16
0.43 0.92 0.15 0.65 0.66 0.47 0.07
0.36 0.04 0.73 0.12 0.40 0.45 0.28
0.77 0.59 0.76 0.71 0.04 0.05 0.43
0.06 0.52 0.03 0.51 0.36 0.91 0.89
0.67 0.72 0.09 0.49 0.17 0.14 0.93
