250 7
73 13 63 96 49 37 40
86 96 63 76 94 51 81
38 48 56 88 9 2 38
10 56 29 92 22 25 26
33 65 34 72 28 65 49
7 99 63 44 73 49 60
29 53 22 54 51 16 25
9 39 55 89 93 30 93
100 42 87 22 66 32 96
3 49 34 78 29 25 25
25 6 64 100 17 28 5
73 96 3 15 17 21 34
8 50 88 64 35 26 60
19 77 18 88 37 37 53
25 49 83 77 29 67 78
37 18 4 36 1 39 100
91 32 47 40 76 82 76
15 7 60 70 20 18 79
99 93 24 33 75 28 27
29 4 1 24 35 55 59
2 45 25 27 72 11 85
98 48 46 3 84 49 3
7 29 42 40 91 45 92
89 86 4 64 50 68 38
27 77 9 40 31 6 93
20 21 83 12 59 23 29
15 39 20 15 37 48 81
34 21 13 46 13 60 28
6 82 10 7 26 8 67
57 6 15 48 48 63 39
49 8 4 26 34 7 32
10 34 3 7 92 20 6
80 29 45 24 36 40 5
15 63 42 1 58 89 70
50 70 15 21 36 56 6
85 62 9 13 23 72 22
51 64 94 92 89 54 13
85 2 63 92 23 60 36
60 46 51 91 24 10 58
94 6 33 31 6 66 11
46 75 15 15 62 53 41
16 52 32 29 47 37 45
97 66 4 54 18 46 84
96 12 37 66 31 45 20
80 85 94 14 57 15 64
41 16 46 10 94 23 2
67 8 16 25 20 26 48
70 75 39 61 5 88 78
32 42 26 1 90 16 62
1 96 55 60 44 88 89
75 78 93 1 21 24 33
22 36 37 39 6 48 4
84 47 34 7 9 24 10
27 95 66 99 61 23 15
57 90 29 50 27 29 32
78 43 84 86 33 25 48
24 28 33 15 23 6 3
92 62 71 11 72 18 3
91 19 93 19 64 57 39
50 30 74 86 8 79 32
96 72 16 69 28 85 12
45 43 95 63 2 91 36
32 7 75 91 20 15 11
59 24 51 92 14 25 82
19 34 54 27 91 19 44
86 18 94 49 87 57 13
19 68 30 32 58 10 15
29 5 32 37 3 49 4
100 28 21 8 86 78 73
8 14 61 34 78 96 73
95 71 12 97 27 62 65
93 8 97 4 62 81 4
85 42 22 87 60 88 19
85 74 15 22 85 25 77
80 16 17 66 82 31 19
74 58 4 88 46 37 19
28 13 44 39 46 39 31
14 43 54 58 86 84 95
15 12 36 28 78 74 4
35 85 62 87 21 30 31
36 2 21 37 33 66 6
12 70 65 58 33 88 57
24 22 47 67 41 93 74
21 14 45 37 11 46 84
1 5 85 78 56 2 72
86 17 6 17 9 11 44
65 92 31 1 37 21 87
12 79 19 87 88 3 38
51 85 82 3 88 76 68
34 22 46 5 95 17 68
60 85 2 3 43 28 30
26 50 63 2 30 31 75
6 94 1 89 49 34 94
20 45 42 8 65 92 73
68 48 48 41 7 21 94
65 58 64 3 20 59 62
49 50 19 44 7 4 98
25 17 43 10 16 42 19
24 80 20 35 31 88 87
94 77 100 52 92 2 82
80 38 14 24 29 49 16
53 42 54 5 33 97 79
46 9 100 32 53 26 89
34 92 4 35 80 33 47
5 71 29 73 16 87 70
45 1 44 41 23 89 24
57 79 40 9 65 17 57
11 85 91 14 41 38 62
11 40 99 60 11 24 43
10 26 55 72 65 72 82
60 43 26 16 3 48 49
57 45 58 41 10 7 21
62 8 86 11 13 88 44
60 75 42 6 67 6 63
97 21 25 35 39 1 17
9 64 28 28 19 49 35
96 56 53 70 17 6 24
99 6 57 42 66 40 72
7 81 82 22 54 96 34
58 63 90 5 21 13 38
21 4 75 29 5 34 24
69 59 9 72 16 92 14
25 15 48 96 49 23 52
48 41 22 34 66 48 14
97 15 13 41 46 62 4
73 68 14 41 16 18 51
76 42 16 91 31 23 93
46 16 11 70 31 17 99
78 19 2 69 100 1 73
52 75 90 2 7 13 83
7 8 9 77 94 67 87
62 1 29 10 28 76 54
22 14 24 37 82 81 52
99 83 70 7 6 71 82
50 49 18 29 8 75 98
77 61 54 1 33 86 33
52 34 66 37 1 92 80
24 36 76 11 37 46 6
95 85 87 88 3 2 64
4 3 50 45 25 66 78
81 6 9 98 18 59 18
53 23 22 18 78 84 52
48 1 9 32 36 21 96
98 65 86 67 4 34 65
34 29 25 63 93 27 20
37 2 30 74 19 25 2
67 87 36 12 52 38 6
1 80 29 48 62 85 59
10 20 90 53 11 95 28
31 13 33 13 6 80 74
10 46 61 93 77 92 60
24 40 25 1 54 32 4
13 44 19 28 70 16 39
5 33 68 93 33 97 69
61 90 83 67 3 9 75
3 64 59 45 30 23 17
15 10 42 31 23 96 11
9 93 60 22 52 26 59
5 23 33 95 23 34 41
79 89 51 67 6 35 53
28 27 39 38 8 5 12
17 98 70 9 25 23 15
6 49 18 93 60 90 24
52 34 86 52 57 3 54
18 30 73 96 61 15 78
82 18 41 27 14 35 78
2 9 13 11 29 3 59
39 46 47 29 2 72 26
12 95 93 35 11 14 92
100 53 32 93 2 70 35
99 8 18 25 75 98 24
3 93 84 56 15 92 68
43 56 3 2 59 4 75
38 42 31 72 17 56 39
21 56 86 18 25 12 65
22 66 69 98 91 51 2
65 74 5 23 29 6 58
36 7 26 46 56 19 2
5 3 7 28 18 5 14
54 27 6 86 80 63 16
94 20 92 23 40 61 6
68 90 38 25 4 39 15
2 82 96 82 35 10 57
30 2 90 63 51 97 59
83 25 13 20 59 61 6
12 59 15 7 33 10 69
24 35 4 77 27 51 34
27 76 37 71 21 88 3
92 16 17 44 13 9 33
71 86 45 63 2 79 33
60 25 50 71 90 78 1
45 5 11 10 30 25 40
10 19 39 8 94 70 72
69 48 37 27 13 91 25
67 65 6 90 32 13 50
99 35 2 74 10 86 88
64 1 59 1 38 45 63
11 20 35 21 2 77 34
8 52 16 64 17 83 57
78 40 7 6 23 71 67
29 28 78 3 19 87 57
37 2 47 11 16 90 33
15 89 100 1 80 38 84
69 18 77 18 66 24 58
57 27 9 4 71 85 27
11 31 28 4 13 91 50
89 66 59 53 73 3 55
64 96 36 6 19 41 31
97 66 33 8 32 11 28
65 3 39 20 23 52 6
4 75 99 30 7 95 56
61 10 19 9 42 33 59
21 93 16 28 8 14 22
64 68 66 94 44 1 57
23 25 17 23 39 42 1
31 61 1 4 61 98 73
73 14 1 6 95 58 2
57 70 1 62 15 99 55
24 17 30 9 27 94 13
91 7 55 60 8 35 65
41 14 54 41 15 37 21
6 57 9 12 57 12 41
87 36 52 10 2 80 95
58 52 94 10 7 95 67
15 2 15 40 40 12 38
17 67 27 87 2 20 72
56 17 14 2 73 56 53
2 3 75 36 7 13 50
55 25 85 72 20 14 12
1 68 82 63 58 13 63
64 4 80 40 5 29 42
83 73 10 14 2 38 61
89 4 17 93 20 73 10
18 67 4 28 27 23 100
3 53 63 91 93 52 10
14 44 38 13 32 53 26
99 9 50 44 2 26 25
87 73 15 74 7 59 27
11 50 39 28 12 51 94
1 36 66 98 88 62 61
7 86 4 13 56 64 30
68 25 69 22 21 4 77
71 26 30 44 34 35 9
66 76 67 87 6 48 3
49 89 97 3 19 14 16
43 92 15 65 66 47 7
36 4 73 12 40 45 28
77 59 76 71 4 5 43
6 52 3 51 36 91 89
67 72 9 49 17 14 93
