250 7
96 13 91 75 87 25 6
48 58 75 46 79 34 56
18 86 6 31 97 28 14
39 10 83 90 35 34 30
35 29 26 8 28 81 26
71 87 85 89 77 59 92
60 19 88 28 95 13 49
10 32 77 30 48 50 43
24 11 40 90 30 52 74
6 58 13 39 35 74 92
41 83 12 36 91 66 79
30 14 44 4 10 55 26
83 94 35 26 28 34 7
90 21 36 7 44 15 50
43 7 29 9 46 20 59
81 96 26 57 85 55 98
69 5 39 15 48 35 43
82 44 7 13 62 92 90
17 49 79 5 24 85 96
64 8 11 22 89 58 58
85 92 3 55 70 78 81
41 85 5 95 98 14 94
50 7 46 42 10 50 1
59 5 16 16 37 18 36
21 10 17 92 11 72 6
100 80 36 44 98 70 32
30 32 26 45 4 49 56
75 44 80 2 36 22 86
43 37 75 8 18 17 83
41 38 14 74 76 27 90
59 37 68 3 64 35 21
39 65 81 43 73 6 82
81 90 13 2 24 44 18
65 3 96 27 62 47 23
7 14 24 79 1 45 3
51 62 69 29 20 29 27
51 40 51 20 37 69 22
38 79 34 34 38 56 15
62 57 8 53 54 61 55
41 72 68 68 56 4 10
93 94 68 31 15 25 22
38 10 33 89 40 47 94
28 2 55 26 45 26 96
13 23 42 23 57 21 64
47 8 40 38 68 43 46
87 59 64 20 67 87 6
35 27 12 20 6 42 96
14 61 93 41 86 41 44
31 36 46 43 30 36 16
100 60 55 52 8 73 4
99 17 58 53 24 12 40
20 8 67 11 13 50 43
66 19 66 47 26 25 76
16 81 16 56 32 91 51
59 93 24 78 29 38 62
64 19 93 25 23 22 37
88 12 56 70 67 7 24
68 36 47 33 4 90 53
79 3 17 15 5 46 41
47 13 62 54 42 21 19
3 85 100 14 98 86 24
46 2 69 47 96 76 73
3 83 72 24 23 4 42
36 3 10 59 35 7 44
28 15 100 75 89 82 19
33 57 78 95 70 22 51
21 98 6 42 49 84 17
99 54 47 46 28 29 26
49 47 26 31 26 16 43
37 74 67 57 80 52 10
58 66 63 28 48 94 19
49 50 95 63 8 46 12
5 34 63 53 90 75 75
50 36 19 35 27 16 33
70 54 5 77 54 54 21
77 19 95 20 80 49 10
35 44 7 40 15 55 40
60 5 83 53 2 56 68
1 18 20 45 46 93 29
2 12 7 57 68 37 87
39 52 13 23 30 25 83
18 36 6 34 2 72 22
30 59 13 88 98 68 81
17 31 29 5 26 30 9
60 77 25 52 73 53 29
46 22 89 47 98 100 12
55 55 13 24 46 57 41
78 95 84 59 80 2 25
58 16 12 88 1 28 2
74 71 35 74 11 31 45
73 3 81 54 3 98 78
62 33 33 37 20 45 61
57 49 4 59 24 48 5
29 72 66 6 10 98 33
29 25 3 43 84 6 24
96 95 97 77 8 44 40
48 1 13 92 7 51 28
76 76 92 2 78 62 69
44 46 30 94 43 4 84
7 100 46 47 23 62 83
67 69 19 14 27 84 28
32 71 2 15 49 93 26
44 17 6 20 37 37 23
78 2 62 48 30 4 56
1 11 64 95 76 51 87
50 3 77 66 9 64 73
85 22 24 44 38 30 20
15 89 71 94 64 15 11
54 56 41 5 24 21 64
2 35 56 43 42 24 67
14 55 92 68 13 75 52
37 21 93 26 45 23 38
6 32 61 84 82 13 81
12 32 1 67 95 20 54
20 40 27 26 6 36 94
83 64 14 6 35 94 53
14 65 59 14 82 34 32
83 45 58 9 88 20 4
12 38 100 5 51 13 46
24 26 37 24 15 37 95
33 88 91 98 75 18 2
26 36 4 94 45 35 20
1 76 85 70 45 57 53
88 5 67 80 74 83 10
37 10 36 34 100 39 9
18 30 36 2 69 61 38
97 20 94 24 2 44 26
50 83 48 60 1 59 82
21 9 70 93 43 55 29
1 61 88 71 53 27 16
10 77 38 69 90 33 66
90 2 53 22 28 1 72
86 82 7 11 35 94 70
64 53 21 8 30 34 1
22 82 40 60 37 9 14
9 82 16 21 42 42 49
71 49 3 14 19 23 12
40 52 10 26 1 86 47
41 30 13 86 34 29 13
3 38 88 15 93 38 73
66 93 33 88 34 2 93
69 70 46 2 37 19 33
32 27 68 14 57 21 23
74 76 41 69 13 23 73
41 53 94 13 14 54 6
85 67 7 26 87 16 8
89 14 61 85 1 7 28
25 14 84 14 6 29 34
85 90 4 65 2 72 74
38 22 47 61 32 31 47
25 65 6 14 6 21 52
65 21 59 12 3 59 7
1 72 49 35 56 68 86
91 75 12 3 16 67 61
19 28 1 9 39 40 67
47 58 63 87 15 5 73
36 72 11 86 32 30 2
63 77 4 60 95 2 94
69 61 84 94 7 7 40
83 6 24 4 91 31 3
18 29 37 44 17 26 34
59 81 82 58 54 9 98
22 61 78 13 13 48 82
10 4 42 8 84 77 2
21 23 52 63 49 61 5
24 1 87 98 49 29 69
40 56 2 23 81 93 15
37 82 34 20 14 35 42
75 9 53 2 73 32 33
39 91 26 39 79 63 12
32 36 42 3 50 33 23
37 79 47 72 40 3 69
59 96 71 52 55 15 81
3 22 15 50 94 25 15
75 44 55 71 50 5 38
34 92 68 1 91 17 69
8 30 25 54 2 86 90
11 63 90 7 48 14 48
35 29 28 51 1 15 11
87 13 56 14 51 49 58
58 51 40 38 12 41 73
56 9 4 97 34 1 45
8 59 88 73 65 2 21
32 78 5 53 32 32 100
27 25 4 48 46 67 34
70 56 69 35 73 12 95
1 46 11 96 16 63 18
40 90 4 27 4 39 44
99 83 10 13 31 66 55
14 73 70 58 18 74 51
7 20 74 14 38 21 52
8 22 24 27 82 35 56
4 2 48 29 95 98 58
17 44 2 36 43 49 33
9 93 9 99 58 57 64
44 11 92 30 53 83 25
58 57 53 53 10 39 7
8 7 57 7 48 47 23
89 88 39 2 35 40 73
15 75 18 34 57 55 44
71 42 85 70 57 5 56
6 39 24 80 86 86 32
37 92 22 2 41 60 34
46 7 11 21 99 45 92
19 12 75 97 10 85 100
18 56 23 9 46 66 10
28 17 61 41 39 93 97
22 13 31 65 64 54 23
16 53 47 21 41 43 36
5 72 29 87 60 71 61
39 11 37 37 16 25 84
24 1 52 98 80 82 62
11 17 51 86 27 38 7
16 30 6 5 50 45 53
2 97 100 58 24 25 13
91 2 67 75 47 60 16
58 10 16 1 7 100 44
71 74 79 52 32 8 61
45 4 77 9 27 3 4
61 3 55 85 50 8 29
19 5 84 34 40 74 78
95 13 50 14 24 32 14
51 46 22 72 1 63 71
29 45 67 2 51 61 27
74 1 65 61 57 52 33
10 5 98 31 1 39 88
33 43 19 6 43 28 83
10 81 30 55 13 85 21
6 1 86 9 85 31 56
82 27 61 12 85 18 42
7 94 98 1 83 56 97
73 25 44 45 44 9 25
33 31 19 20 34 15 87
91 24 58 78 22 29 72
83 57 8 85 76 1 3
40 28 28 52 21 27 41
74 1 29 25 62 34 84
97 91 1 92 90 85 33
47 9 18 73 42 44 30
91 85 83 11 2 66 57
14 14 9 49 49 54 43
32 19 48 6 28 32 10
7 78 56 53 74 91 21
31 33 91 78 82 52 6
28 47 10 50 99 29 54
59 22 39 19 56 94 9
39 43 10 26 36 5 75
81 90 25 84 27 17 16
16 43 1 20 90 42 63
2 95 75 2 9 63 20
