250 7
0.33 0.01 0.33 0.16 0.51 0.72 0.49
0.75 0.66 0.42 0.09 0.93 0.69 0.55
0.07 0.28 0.21 0.56 0.17 0.14 0.55
0.24 0.93 0.06 0.62 0.86 0.23 0.08
0.22 0.06 0.05 0.34 0.01 0.29 0.92
0.50 0.26 0.35 0.26 0.70 0.72 0.25
0.29 0.93 0.44 0.41 0.64 0.50 0.41
0.41 0.55 0.28 0.90 0.02 0.05 0.67
0.48 0.89 0.10 0.21 0.36 0.39 0.57
0.21 0.94 0.32 0.67 0.04 0.81 0.37
0.55 0.53 0.09 0.06 0.36 0.25 0.05
0.23 0.65 0.16 0.72 0.47 0.02 0.38
0.25 0.75 0.05 0.28 0.47 0.87 0.29
0.03 0.85 0.62 0.96 0.18 0.17 0.65
0.92 0.23 0.28 0.18 0.37 0.41 0.44
0.26 0.01 0.05 0.62 0.54 0.36 0.12
0.39 0.24 0.89 0.13 0.08 0.23 0.55
0.33 0.64 0.78 0.46 0.73 0.36 0.41
0.99 0.59 0.03 0.62 0.79 0.56 0.95
0.36 0.28 0.78 0.30 0.44 0.52 0.89
0.62 0.42 0.74 0.72 0.47 0.98 0.21
0.15 0.62 0.41 0.49 0.07 0.71 0.79
0.94 0.27 0.20 0.79 0.58 0.11 0.41
0.65 0.75 0.01 0.27 0.83 0.46 0.46
0.81 0.61 0.98 0.05 0.31 0.57 0.69
0.99 0.56 0.92 0.55 0.14 0.19 0.70
0.29 0.26 0.87 0.58 0.39 0.23 0.73
0.11 0.18 0.82 0.85 0.14 0.02 0.91
0.47 0.10 0.23 0.11 0.06 0.08 0.18
0.68 0.03 0.41 0.90 0.06 0.57 0.67
0.75 0.29 0.07 0.14 0.64 0.69 0.25
0.65 0.47 0.18 0.83 0.07 0.41 0.48
0.46 0.32 0.20 0.13 0.56 0.41 0.91
0.66 0.95 0.57 0.04 0.35 0.96 0.67
0.14 0.07 0.06 0.56 0.02 0.88 0.06
0.27 0.55 0.01 0.29 0.17 0.18 0.43
0.73 0.71 0.68 0.70 0.03 0.79 0.56
0.43 0.77 0.58 0.33 0.26 0.04 0.97
0.61 0.12 0.43 0.05 0.77 0.93 0.24
0.32 0.79 0.06 0.28 0.73 0.65 0.31
0.09 0.62 0.16 0.72 0.71 0.82 0.06
0.50 0.86 0.76 0.17 0.93 0.03 0.64
0.32 0.32 0.46 0.40 0.07 0.21 0.26
0.82 0.09 0.36 0.15 0.90 0.36 0.54
0.02 0.27 0.69 0.01 0.37 0.44 0.19
0.95 0.14 0.01 0.16 0.21 0.16 0.28
0.45 0.43 0.58 0.22 0.41 0.12 0.49
0.59 0.52 0.35 0.77 0.89 0.06 0.90
0.34 0.32 0.51 0.27 0.16 0.56 0.33
0.54 0.92 0.76 0.08 0.01 0.77 0.99
0.08 0.38 0.03 0.40 0.11 0.46 0.36
0.05 0.47 0.56 0.77 0.55 0.98 0.59
0.87 0.12 0.27 0.10 0.81 0.44 0.15
0.40 0.11 0.30 0.35 0.18 0.68 0.51
0.02 0.80 0.19 0.99 0.80 0.64 0.64
0.54 0.87 0.01 0.09 0.64 0.16 0.65
0.64 0.71 0.34 0.09 0.18 0.40 0.64
0.01 0.19 0.36 0.17 0.44 0.35 0.29
0.08 0.78 0.84 0.40 0.03 0.86 0.81
0.47 0.77 0.76 0.03 0.88 0.34 0.98
0.39 0.28 0.68 0.30 0.11 0.03 0.28
0.94 0.93 0.10 0.31 0.26 0.99 0.14
0.97 0.34 0.13 0.77 0.78 0.67 0.07
0.37 0.21 0.05 0.95 0.04 0.07 0.99
0.94 0.70 0.73 0.12 0.19 1.00 0.12
0.65 0.11 0.14 0.41 0.35 0.06 0.32
0.16 0.11 0.29 0.93 0.62 0.79 0.20
0.12 0.60 0.06 0.66 0.88 0.85 0.02
0.98 0.24 0.49 0.36 0.85 0.14 0.01
0.92 0.51 0.56 0.15 0.75 0.11 0.08
0.03 0.43 0.45 0.29 0.30 0.29 0.10
0.49 0.18 0.73 0.01 0.77 0.88 0.66
0.14 0.44 0.17 0.20 0.08 0.66 0.36
0.66 0.79 0.04 0.10 0.09 0.01 0.88
0.41 0.94 0.56 0.09 0.03 0.49 0.76
0.75 0.62 0.80 0.75 0.02 0.58 0.70
0.35 0.04 0.95 0.50 0.37 0.80 0.49
0.42 0.09 0.31 0.40 0.41 0.47 0.26
0.35 0.63 0.99 0.85 0.55 0.09 0.72
0.21 0.99 0.10 0.49 0.06 0.13 0.23
0.51 0.95 0.09 0.13 0.09 0.12 0.93
0.04 0.94 1.00 0.15 0.03 0.58 0.30
0.67 0.26 0.52 0.38 0.17 0.06 0.30
0.65 0.94 0.81 0.01 0.55 0.24 0.61
0.20 0.45 0.97 0.94 0.21 0.45 0.16
0.44 0.65 0.88 0.45 0.03 0.92 0.88
0.67 0.25 0.09 0.83 0.07 0.16 0.50
0.08 0.37 0.10 0.44 0.90 0.63 0.04
0.86 0.06 0.95 0.11 0.14 0.85 0.74
0.58 0.43 0.40 0.34 0.16 0.49 0.16
0.19 0.80 0.01 0.67 0.88 1.00 0.95
0.21 0.73 0.48 0.22 0.63 0.31 0.15
0.33 0.69 0.25 0.17 0.36 0.18 0.03
0.85 0.55 0.54 0.60 0.03 0.77 0.73
0.06 0.98 0.05 0.60 0.35 0.68 0.86
0.36 0.10 0.21 0.40 0.01 0.96 0.14
0.06 0.49 0.41 0.23 0.34 0.13 0.27
0.18 0.62 0.88 0.32 0.61 0.07 0.59
0.05 0.49 0.59 0.51 0.27 0.59 0.52
0.36 0.64 0.28 0.59 0.04 0.75 0.66
0.12 1.00 0.42 0.19 0.07 0.78 0.34
0.21 0.18 0.32 0.05 0.82 0.49 0.25
0.01 0.84 0.82 0.71 0.30 0.70 0.83
0.32 0.23 0.98 0.59 0.71 0.08 0.88
0.29 0.68 0.59 0.17 0.41 0.17 0.38
0.12 0.67 0.25 0.88 0.07 0.20 0.37
0.48 0.23 0.53 0.39 0.03 0.16 0.47
0.38 0.04 0.28 0.59 0.51 0.82 0.53
0.68 0.44 0.60 0.86 0.10 0.05 0.24
0.14 0.06 0.85 0.27 0.04 0.46 0.84
0.64 0.61 0.09 0.06 0.07 0.76 0.78
0.15 0.89 0.25 0.07 0.75 0.22 0.96
0.46 0.49 0.68 0.03 0.78 0.05 0.57
0.42 0.96 0.06 0.38 0.10 0.22 0.16
0.02 0.19 0.17 0.88 0.98 0.70 0.27
0.84 0.12 0.05 0.54 0.94 0.77 0.32
0.96 0.02 0.05 0.33 0.17 0.79 0.83
0.25 0.47 0.58 0.50 0.21 0.20 0.34
0.69 0.41 0.72 0.86 0.37 0.76 0.16
0.43 0.02 0.53 0.27 0.22 0.18 0.76
0.92 0.29 0.79 0.10 0.10 0.06 0.68
0.48 0.14 0.45 0.05 0.46 0.94 0.51
0.98 0.94 0.74 0.37 0.06 0.73 0.16
0.14 0.52 0.38 0.23 0.30 0.22 0.16
0.19 0.70 0.76 0.81 0.04 0.61 0.13
0.63 0.78 0.92 0.59 0.60 0.02 0.83
0.27 0.52 0.86 0.01 0.03 0.15 0.78
0.31 0.20 0.34 0.85 0.36 0.07 0.36
0.41 0.13 0.80 0.28 0.38 0.99 1.00
0.19 0.41 0.79 0.22 0.14 0.20 0.76
0.91 0.11 0.18 0.46 0.39 0.01 0.44
0.67 0.54 0.65 0.02 0.92 0.16 0.63
0.29 0.42 0.08 0.91 0.69 0.26 0.48
0.18 0.89 0.08 0.76 0.46 0.53 0.02
0.38 0.35 0.16 0.44 0.37 0.37 0.40
0.12 0.11 0.94 0.14 0.82 0.87 0.57
0.21 0.22 0.30 0.14 0.85 0.70 0.93
0.12 0.97 0.66 0.20 0.24 0.74 0.83
0.38 0.41 0.34 0.60 0.12 0.40 0.82
0.29 0.60 0.88 0.61 0.49 0.02 0.28
0.65 0.52 0.52 0.08 0.61 0.05 0.66
0.46 0.82 0.16 0.38 0.16 0.93 0.40
0.19 0.02 0.66 0.72 0.25 0.13 0.52
0.27 0.43 0.15 0.29 0.87 0.51 0.24
0.28 0.47 0.29 0.18 0.38 0.75 0.22
0.24 0.18 0.69 0.57 0.60 0.80 0.57
0.22 0.34 0.20 0.22 0.33 0.08 0.03
0.41 0.84 0.86 0.82 0.09 0.39 0.12
0.02 0.68 0.62 0.13 0.91 0.16 0.34
0.09 0.80 0.82 0.32 0.52 0.10 0.98
0.02 0.86 0.14 0.94 0.60 0.13 0.26
0.27 0.35 0.65 0.25 0.17 0.42 0.13
0.55 0.70 0.48 0.02 0.52 0.83 0.69
0.28 0.18 0.55 0.34 0.33 0.26 0.44
0.76 0.93 0.76 0.12 0.29 0.76 0.03
0.69 0.99 0.10 0.11 0.07 0.42 1.00
0.68 0.54 0.27 0.73 0.11 0.23 0.17
0.34 0.86 0.32 0.44 0.14 0.03 0.29
0.12 0.54 0.72 0.91 0.08 0.04 0.28
0.28 0.51 0.04 0.69 0.84 0.38 0.17
0.24 0.07 0.01 0.81 0.60 0.85 0.16
0.80 0.37 0.06 0.66 0.12 0.59 0.71
0.23 0.39 0.68 0.50 0.64 0.01 0.14
0.44 0.53 0.99 0.24 0.26 0.17 0.58
0.20 0.91 0.58 0.16 0.16 0.71 0.59
0.22 0.09 0.39 0.25 0.89 0.23 0.64
0.10 0.31 0.20 0.58 0.86 0.26 0.38
0.20 0.73 0.14 0.37 0.08 0.67 0.80
0.89 0.02 0.95 0.74 0.66 0.19 0.05
0.49 0.82 0.25 0.63 0.30 0.22 0.10
0.17 0.87 0.65 0.62 0.08 0.84 0.05
0.03 0.06 0.57 0.33 0.06 0.48 0.39
0.93 0.06 0.58 0.65 0.39 0.04 0.32
0.93 0.07 0.95 0.03 0.83 0.71 0.51
0.48 0.83 0.98 0.72 0.04 0.42 0.26
0.25 0.11 0.49 0.22 0.15 0.44 0.52
0.12 0.93 0.30 0.02 0.03 0.30 0.43
0.61 0.24 0.89 0.69 0.77 0.02 0.62
0.38 0.57 0.34 0.18 0.46 0.26 0.42
0.04 0.15 0.65 0.71 0.62 0.42 0.64
0.68 0.01 0.69 0.66 0.10 0.89 0.23
0.30 0.57 0.77 0.65 0.68 0.57 0.01
0.47 0.34 0.01 0.62 0.39 0.30 0.09
0.34 0.94 0.16 0.01 0.31 0.85 0.78
0.43 0.04 0.88 0.83 0.56 0.06 0.34
0.40 0.23 0.29 0.48 0.40 0.42 0.70
0.43 0.46 0.14 0.37 0.19 0.11 0.25
0.61 0.79 0.81 0.59 0.15 0.13 0.13
0.89 0.88 0.09 0.29 0.11 0.08 0.58
0.01 0.75 0.77 0.59 0.86 0.22 0.03
0.20 0.56 0.60 0.96 0.08 0.35 0.19
0.24 0.18 0.43 0.16 0.39 0.50 0.14
0.15 0.24 0.85 0.87 0.03 0.74 0.72
0.83 0.47 0.17 0.24 0.52 0.11 0.55
0.41 0.15 0.58 0.56 0.60 0.40 0.55
0.92 0.99 0.02 0.07 0.79 0.58 0.53
0.48 0.57 0.65 0.41 0.35 0.03 0.15
0.17 0.92 0.09 0.38 0.76 0.23 0.44
0.18 0.22 0.11 0.77 0.45 0.48 0.06
0.94 0.56 0.07 0.50 0.11 0.56 0.01
0.75 0.09 0.62 0.97 0.81 0.35 0.53
0.13 0.37 0.95 0.32 0.29 0.08 0.38
0.06 0.54 0.37 0.86 0.95 0.20 0.79
0.16 0.62 0.50 0.09 0.03 0.47 0.53
0.51 0.44 0.56 0.03 0.72 0.18 0.23
0.84 0.62 0.61 0.35 0.40 0.02 0.47
0.13 0.15 0.03 0.03 0.92 0.92 0.37
0.85 0.80 0.45 0.03 0.98 0.71 0.06
0.82 0.02 0.02 0.01 0.69 0.08 0.90
0.42 0.95 0.03 0.03 0.66 0.99 0.86
0.39 0.93 0.05 0.22 0.23 0.17 0.93
0.13 0.41 0.42 0.62 0.49 0.20 0.38
0.02 0.69 0.92 0.40 0.92 0.06 0.12
0.35 0.38 0.71 0.69 0.88 0.04 0.64
0.87 0.28 0.68 0.09 0.32 0.14 0.93
0.27 0.74 0.44 0.01 0.08 0.03 0.29
0.82 0.58 0.96 0.60 0.01 0.87 0.53
0.02 0.17 0.32 0.72 0.18 0.33 0.59
0.38 0.18 0.76 0.13 0.25 0.02 0.85
0.40 0.72 0.19 0.27 0.42 0.32 0.44
0.50 0.58 0.55 0.41 0.83 0.03 0.69
0.02 0.47 0.15 0.15 0.28 0.65 0.37
0.80 0.89 0.68 0.66 0.09 0.53 0.11
0.33 0.89 0.07 0.96 0.05 0.07 0.27
0.02 0.98 0.71 0.84 0.91 0.10 0.79
0.20 0.01 0.21 0.29 0.53 0.27 0.06
0.19 0.46 0.66 0.14 0.76 0.41 0.26
0.89 0.28 0.53 0.73 0.02 0.53 0.22
0.17 0.15 0.39 0.71 0.47 0.52 0.77
0.14 0.29 0.16 0.10 0.30 0.47 0.11
0.61 0.45 0.94 0.49 0.80 0.01 0.62
0.04 0.39 0.89 0.26 0.77 0.32 0.41
0.01 0.82 0.56 0.83 0.65 0.20 0.60
0.25 0.44 0.21 0.09 0.65 0.84 0.12
0.06 0.92 0.10 0.76 0.29 0.17 0.77
0.24 0.01 0.91 0.44 0.25 0.59 0.72
0.14 0.32 0.97 0.39 0.28 0.26 0.22
0.02 0.26 0.18 0.03 0.54 0.51 0.83
0.06 0.63 0.23 0.96 0.51 0.33 0.08
0.66 0.63 0.64 0.12 0.09 0.74 0.11
0.91 0.41 0.71 0.10 0.90 0.56 0.07
0.52 0.39 0.15 0.04 0.58 0.08 0.85
0.35 0.80 0.09 0.20 0.63 0.92 0.36
0.09 0.91 0.34 0.36 0.22 0.41 0.31
0.66 0.67 0.24 0.02 0.64 0.48 0.05
0.14 1.00 0.32 0.01 0.53 0.81 0.80
0.08 0.05 0.84 0.52 0.21 0.86 0.02
0.44 0.30 0.02 0.75 0.09 0.59 0.53
0.27 0.78 0.60 0.29 0.23 0.41 0.26
0.79 0.60 0.39 0.18 0.11 0.46 0.10
