250 7
33 1 33 16 51 72 49
75 66 42 9 93 69 55
7 28 21 56 17 14 55
24 93 6 62 86 23 8
22 6 5 34 1 29 92
50 26 35 26 70 72 25
29 93 44 41 64 50 41
41 55 28 90 2 5 67
48 89 10 21 36 39 57
21 94 32 67 4 81 37
55 53 9 6 36 25 5
23 65 16 72 47 2 38
25 75 5 28 47 87 29
3 85 62 96 18 17 65
92 23 28 18 37 41 44
26 1 5 62 54 36 12
39 24 89 13 8 23 55
33 64 78 46 73 36 41
99 59 3 62 79 56 95
36 28 78 30 44 52 89
62 42 74 72 47 98 21
15 62 41 49 7 71 79
94 27 20 79 58 11 41
65 75 1 27 83 46 46
81 61 98 5 31 57 69
99 56 92 55 14 19 70
29 26 87 58 39 23 73
11 18 82 85 14 2 91
47 10 23 11 6 8 18
68 3 41 90 6 57 67
75 29 7 14 64 69 25
65 47 18 83 7 41 48
46 32 20 13 56 41 91
66 95 57 4 35 96 67
14 7 6 56 2 88 6
27 55 1 29 17 18 43
73 71 68 70 3 79 56
43 77 58 33 26 4 97
61 12 43 5 77 93 24
32 79 6 28 73 65 31
9 62 16 72 71 82 6
50 86 76 17 93 3 64
32 32 46 40 7 21 26
82 9 36 15 90 36 54
2 27 69 1 37 44 19
95 14 1 16 21 16 28
45 43 58 22 41 12 49
59 52 35 77 89 6 90
34 32 51 27 16 56 33
54 92 76 8 1 77 99
8 38 3 40 11 46 36
5 47 56 77 55 98 59
87 12 27 10 81 44 15
40 11 30 35 18 68 51
2 80 19 99 80 64 64
54 87 1 9 64 16 65
64 71 34 9 18 40 64
1 19 36 17 44 35 29
8 78 84 40 3 86 81
47 77 76 3 88 34 98
39 28 68 30 11 3 28
94 93 10 31 26 99 14
97 34 13 77 78 67 7
37 21 5 95 4 7 99
94 70 73 12 19 100 12
65 11 14 41 35 6 32
16 11 29 93 62 79 20
12 60 6 66 88 85 2
98 24 49 36 85 14 1
92 51 56 15 75 11 8
3 43 45 29 30 29 10
49 18 73 1 77 88 66
14 44 17 20 8 66 36
66 79 4 10 9 1 88
41 94 56 9 3 49 76
75 62 80 75 2 58 70
35 4 95 50 37 80 49
42 9 31 40 41 47 26
35 63 99 85 55 9 72
21 99 10 49 6 13 23
51 95 9 13 9 12 93
4 94 100 15 3 58 30
67 26 52 38 17 6 30
65 94 81 1 55 24 61
20 45 97 94 21 45 16
44 65 88 45 3 92 88
67 25 9 83 7 16 50
8 37 10 44 90 63 4
86 6 95 11 14 85 74
58 43 40 34 16 49 16
19 80 1 67 88 100 95
21 73 48 22 63 31 15
33 69 25 17 36 18 3
85 55 54 60 3 77 73
6 98 5 60 35 68 86
36 10 21 40 1 96 14
6 49 41 23 34 13 27
18 62 88 32 61 7 59
5 49 59 51 27 59 52
36 64 28 59 4 75 66
12 100 42 19 7 78 34
21 18 32 5 82 49 25
1 84 82 71 30 70 83
32 23 98 59 71 8 88
29 68 59 17 41 17 38
12 67 25 88 7 20 37
48 23 53 39 3 16 47
38 4 28 59 51 82 53
68 44 60 86 10 5 24
14 6 85 27 4 46 84
64 61 9 6 7 76 78
15 89 25 7 75 22 96
46 49 68 3 78 5 57
42 96 6 38 10 22 16
2 19 17 88 98 70 27
84 12 5 54 94 77 32
96 2 5 33 17 79 83
25 47 58 50 21 20 34
69 41 72 86 37 76 16
43 2 53 27 22 18 76
92 29 79 10 10 6 68
48 14 45 5 46 94 51
98 94 74 37 6 73 16
14 52 38 23 30 22 16
19 70 76 81 4 61 13
63 78 92 59 60 2 83
27 52 86 1 3 15 78
31 20 34 85 36 7 36
41 13 80 28 38 99 100
19 41 79 22 14 20 76
91 11 18 46 39 1 44
67 54 65 2 92 16 63
29 42 8 91 69 26 48
18 89 8 76 46 53 2
38 35 16 44 37 37 40
12 11 94 14 82 87 57
21 22 30 14 85 70 93
12 97 66 20 24 74 83
38 41 34 60 12 40 82
29 60 88 61 49 2 28
65 52 52 8 61 5 66
46 82 16 38 16 93 40
19 2 66 72 25 13 52
27 43 15 29 87 51 24
28 47 29 18 38 75 22
24 18 69 57 60 80 57
22 34 20 22 33 8 3
41 84 86 82 9 39 12
2 68 62 13 91 16 34
9 80 82 32 52 10 98
2 86 14 94 60 13 26
27 35 65 25 17 42 13
55 70 48 2 52 83 69
28 18 55 34 33 26 44
76 93 76 12 29 76 3
69 99 10 11 7 42 100
68 54 27 73 11 23 17
34 86 32 44 14 3 29
12 54 72 91 8 4 28
28 51 4 69 84 38 17
24 7 1 81 60 85 16
80 37 6 66 12 59 71
23 39 68 50 64 1 14
44 53 99 24 26 17 58
20 91 58 16 16 71 59
22 9 39 25 89 23 64
10 31 20 58 86 26 38
20 73 14 37 8 67 80
89 2 95 74 66 19 5
49 82 25 63 30 22 10
17 87 65 62 8 84 5
3 6 57 33 6 48 39
93 6 58 65 39 4 32
93 7 95 3 83 71 51
48 83 98 72 4 42 26
25 11 49 22 15 44 52
12 93 30 2 3 30 43
61 24 89 69 77 2 62
38 57 34 18 46 26 42
4 15 65 71 62 42 64
68 1 69 66 10 89 23
30 57 77 65 68 57 1
47 34 1 62 39 30 9
34 94 16 1 31 85 78
43 4 88 83 56 6 34
40 23 29 48 40 42 70
43 46 14 37 19 11 25
61 79 81 59 15 13 13
89 88 9 29 11 8 58
1 75 77 59 86 22 3
20 56 60 96 8 35 19
24 18 43 16 39 50 14
15 24 85 87 3 74 72
83 47 17 24 52 11 55
41 15 58 56 60 40 55
92 99 2 7 79 58 53
48 57 65 41 35 3 15
17 92 9 38 76 23 44
18 22 11 77 45 48 6
94 56 7 50 11 56 1
75 9 62 97 81 35 53
13 37 95 32 29 8 38
6 54 37 86 95 20 79
16 62 50 9 3 47 53
51 44 56 3 72 18 23
84 62 61 35 40 2 47
13 15 3 3 92 92 37
85 80 45 3 98 71 6
82 2 2 1 69 8 90
42 95 3 3 66 99 86
39 93 5 22 23 17 93
13 41 42 62 49 20 38
2 69 92 40 92 6 12
35 38 71 69 88 4 64
87 28 68 9 32 14 93
27 74 44 1 8 3 29
82 58 96 60 1 87 53
2 17 32 72 18 33 59
38 18 76 13 25 2 85
40 72 19 27 42 32 44
50 58 55 41 83 3 69
2 47 15 15 28 65 37
80 89 68 66 9 53 11
33 89 7 96 5 7 27
2 98 71 84 91 10 79
20 1 21 29 53 27 6
19 46 66 14 76 41 26
89 28 53 73 2 53 22
17 15 39 71 47 52 77
14 29 16 10 30 47 11
61 45 94 49 80 1 62
4 39 89 26 77 32 41
1 82 56 83 65 20 60
25 44 21 9 65 84 12
6 92 10 76 29 17 77
24 1 91 44 25 59 72
14 32 97 39 28 26 22
2 26 18 3 54 51 83
6 63 23 96 51 33 8
66 63 64 12 9 74 11
91 41 71 10 90 56 7
52 39 15 4 58 8 85
35 80 9 20 63 92 36
9 91 34 36 22 41 31
66 67 24 2 64 48 5
14 100 32 1 53 81 80
8 5 84 52 21 86 2
44 30 2 75 9 59 53
27 78 60 29 23 41 26
79 60 39 18 11 46 10
