250 7
0.36 0.46 0.62 0.52 0.11 0.95 0.88
0.52 0.54 0.94 0.93 0.52 0.29 0.76
0.94 0.87 0.20 0.96 0.37 0.16 0.05
0.03 0.53 0.24 0.05 0.32 0.85 0.04
0.35 0.36 0.46 0.22 0.11 0.19 0.77
0.93 0.01 0.46 0.06 0.27 0.76 0.42
0.72 0.15 0.97 0.44 0.33 0.59 0.34
0.18 0.34 0.50 0.25 0.93 0.37 0.37
0.51 0.78 0.99 0.15 0.92 0.53 0.83
0.03 0.91 0.70 0.67 0.37 0.08 0.34
0.74 0.92 0.02 0.15 0.21 0.07 0.76
0.16 0.26 0.05 0.18 0.67 0.44 0.02
0.83 0.12 0.26 0.39 0.11 0.18 0.09
0.57 0.41 0.67 0.10 1.00 0.87 0.82
0.47 0.56 0.90 0.71 0.32 0.84 0.75
0.41 0.78 0.48 0.69 0.36 0.51 0.16
0.11 0.49 0.41 0.24 0.19 0.08 0.02
0.95 0.05 0.34 0.44 0.30 0.58 0.12
0.64 0.66 0.27 0.50 0.38 0.15 0.88
0.34 0.70 0.35 0.52 0.40 0.41 0.58
0.84 0.87 0.69 0.76 0.03 0.64 0.28
0.86 0.21 0.19 0.98 0.50 0.34 0.44
0.62 0.25 0.93 0.18 0.23 0.62 0.46
0.49 0.31 0.39 0.40 0.15 0.09 0.35
0.46 0.79 0.61 0.10 0.13 0.13 0.57
0.12 0.18 0.64 0.37 0.77 0.24 0.50
0.39 0.02 0.51 0.21 0.01 0.29 0.61
0.28 0.81 0.30 0.92 0.06 0.95 0.53
0.23 0.21 0.88 0.38 0.15 0.08 0.87
0.13 0.84 0.05 0.19 0.96 0.75 0.91
0.12 0.18 0.02 0.90 0.46 0.08 0.41
0.09 0.03 0.74 0.65 0.72 0.99 0.77
0.17 0.39 0.90 0.66 0.06 0.44 0.70
0.61 0.09 0.13 0.01 0.93 0.43 0.13
0.16 0.18 0.27 0.01 0.36 0.17 0.83
0.54 0.37 0.43 0.63 0.10 0.05 0.94
0.29 0.27 0.16 0.29 0.02 0.33 0.13
0.53 0.83 0.58 0.25 0.09 0.83 0.03
0.05 0.29 0.59 0.89 0.58 0.63 0.81
0.72 0.21 0.15 0.18 0.34 0.10 0.43
0.60 0.61 0.51 0.17 0.25 0.25 0.23
0.63 0.97 0.26 0.25 0.09 0.82 0.89
0.62 0.39 0.57 0.70 0.01 0.82 0.07
0.28 0.30 0.86 0.82 0.33 0.78 0.29
0.03 0.45 0.15 0.44 0.54 0.25 0.53
0.71 0.68 0.15 0.96 0.55 0.27 0.06
0.39 0.45 0.04 0.73 0.74 0.77 1.00
0.28 0.44 0.73 0.33 0.43 0.65 0.41
0.62 0.03 0.30 0.26 0.37 0.32 0.49
0.61 0.72 0.58 0.62 0.11 0.71 0.07
0.89 0.15 0.20 0.04 0.28 0.20 0.17
0.89 0.85 0.71 0.54 0.94 0.01 0.28
0.32 0.17 0.78 0.49 0.81 0.37 0.04
0.10 0.96 0.36 0.19 0.78 0.21 0.66
0.25 0.02 0.69 0.47 0.66 0.46 0.11
0.55 0.75 0.46 0.11 0.32 0.70 0.32
1.00 0.37 0.11 0.53 0.32 0.31 0.43
0.78 0.53 0.41 0.34 0.99 0.76 0.01
0.77 0.39 0.87 0.45 0.76 0.15 0.09
0.09 0.59 0.48 0.45 0.82 0.25 0.31
0.81 0.14 0.56 0.15 0.26 0.20 0.59
0.86 0.32 0.09 0.41 0.78 0.30 0.34
0.24 0.58 0.55 0.04 0.94 0.84 0.56
0.72 0.16 0.65 0.09 0.33 0.94 0.89
0.34 0.01 0.10 0.22 0.05 0.06 0.32
0.21 0.09 0.19 0.72 0.72 0.66 0.74
0.08 0.23 0.32 0.04 0.64 0.37 0.29
0.61 0.73 1.00 0.52 0.03 0.03 0.39
0.59 0.49 0.15 0.90 0.18 0.66 0.01
0.29 0.34 0.23 0.75 0.18 0.15 0.62
0.84 0.73 0.01 0.90 0.18 0.75 0.30
0.11 0.07 0.46 0.41 0.14 0.37 0.79
0.57 0.90 0.07 0.71 0.53 0.20 0.85
0.86 0.82 0.84 0.18 0.02 0.31 0.13
0.38 0.78 0.12 0.05 0.02 0.83 0.32
0.86 0.39 0.16 0.01 0.15 0.70 0.40
0.16 0.16 0.18 0.99 0.39 0.90 0.03
0.27 0.12 0.90 0.83 0.65 0.81 0.54
0.64 0.35 0.04 0.04 0.59 0.41 0.16
0.87 0.99 0.06 0.73 0.88 0.07 0.15
0.12 0.17 0.87 0.70 0.96 0.42 0.42
0.22 0.05 0.69 0.44 0.49 0.97 0.23
0.09 0.07 0.24 0.26 0.46 0.90 0.34
0.36 0.55 0.62 0.97 0.17 0.91 0.07
0.14 0.01 0.79 0.60 0.68 0.31 0.02
0.61 0.36 0.64 0.65 0.13 0.33 0.11
0.96 0.24 0.35 0.22 0.10 0.58 0.30
0.17 0.18 0.72 0.50 0.84 0.22 0.45
0.56 0.14 0.61 0.66 0.62 0.87 0.02
0.92 0.73 0.38 0.67 0.99 0.09 0.16
0.16 0.91 0.32 0.31 0.05 0.54 0.81
0.91 0.43 0.42 0.15 0.06 0.95 0.05
0.04 0.24 0.43 0.27 0.27 0.80 0.82
0.10 0.47 0.12 0.03 0.77 0.10 0.97
0.31 0.03 0.63 0.77 0.74 0.77 0.88
0.26 0.41 0.46 0.01 0.50 0.75 0.24
0.15 0.03 0.94 0.15 0.49 0.39 0.34
0.53 0.57 0.01 0.85 0.28 0.73 0.89
0.35 0.21 0.19 0.26 0.77 0.01 0.50
0.48 0.94 0.24 0.14 0.98 0.80 0.19
0.48 0.84 0.02 0.90 0.35 0.18 0.60
0.09 0.25 0.33 0.39 0.47 0.60 0.64
0.02 0.87 0.11 0.98 0.51 1.00 0.91
0.50 0.52 0.06 0.74 0.79 0.11 0.43
0.50 0.20 0.35 0.53 0.10 0.31 0.03
0.78 0.33 0.60 0.12 0.08 0.28 0.19
0.14 0.92 0.64 0.78 0.49 0.07 0.81
0.54 0.97 0.59 0.17 0.28 0.57 0.53
0.20 0.59 0.47 0.04 0.12 0.98 0.32
0.56 0.19 0.20 0.03 0.14 0.33 0.93
0.08 0.87 0.87 0.24 0.88 0.61 0.28
0.39 0.21 0.01 0.16 0.29 0.04 0.37
0.30 0.19 0.57 0.59 0.57 0.82 0.22
0.17 0.58 0.03 0.77 0.74 0.92 0.75
0.39 0.50 0.13 0.41 0.21 0.61 0.23
0.78 0.16 0.26 0.15 0.57 0.51 0.82
0.02 0.01 0.72 0.12 0.07 0.20 0.40
0.10 0.77 0.70 0.14 0.34 0.47 0.44
0.22 0.61 0.05 0.90 0.98 0.06 0.20
0.09 0.84 0.33 0.83 0.68 0.53 0.12
0.14 0.14 0.26 0.37 0.25 0.26 0.08
0.11 0.52 0.67 0.37 0.06 0.80 0.99
0.62 0.85 0.63 0.08 0.87 0.17 0.51
0.68 0.30 0.37 0.10 0.08 0.05 0.33
0.72 0.49 0.94 0.11 0.57 0.09 0.03
0.09 0.10 0.72 0.46 0.85 0.18 0.65
0.58 0.59 0.42 0.68 0.18 0.98 0.01
0.93 0.01 0.20 0.08 0.83 0.70 0.19
0.02 0.23 0.04 0.46 0.48 0.62 0.23
0.32 0.69 0.20 0.29 0.49 0.17 0.83
0.30 0.06 0.62 0.70 0.48 0.87 0.88
0.84 0.22 0.79 0.28 0.98 0.13 0.24
0.88 0.10 0.63 0.66 0.59 0.32 0.13
0.93 0.14 0.26 0.37 0.14 0.24 0.09
0.55 0.99 0.86 0.04 0.72 0.84 0.22
0.01 0.25 0.54 0.45 0.85 0.95 0.42
0.38 0.84 0.02 0.19 0.37 0.72 0.60
0.06 0.06 0.19 0.24 0.26 0.05 0.21
0.96 0.93 0.52 0.04 0.14 0.93 0.21
0.23 0.08 0.28 0.35 0.20 0.40 0.07
0.64 0.53 0.01 0.61 0.21 0.71 0.62
0.32 0.38 0.10 0.06 0.83 0.16 0.18
0.78 0.96 0.89 0.94 0.02 0.02 0.07
0.57 0.78 0.24 0.08 0.55 0.55 0.82
0.13 0.05 0.51 0.72 0.78 0.11 0.16
0.42 0.58 0.91 0.03 0.41 0.25 0.37
0.14 0.47 0.02 0.12 0.54 0.16 0.63
0.56 0.44 0.26 0.41 0.39 0.02 0.31
0.72 0.09 0.54 0.16 0.20 0.27 0.87
0.87 0.78 0.89 0.73 0.20 0.01 0.52
0.14 0.43 0.33 0.70 0.08 0.60 0.89
0.09 0.21 0.14 0.24 0.34 0.45 0.02
0.72 0.81 0.75 0.12 0.08 0.59 0.29
0.12 0.98 0.01 0.55 0.33 0.68 0.99
0.27 0.14 0.27 0.75 0.19 0.78 0.29
0.02 0.88 0.46 0.57 0.92 0.05 0.62
0.92 0.39 0.08 0.80 0.05 0.33 0.21
0.57 0.67 0.02 0.31 0.27 0.50 0.78
0.19 0.31 0.53 0.06 0.60 0.32 0.07
0.59 1.00 0.78 0.96 0.01 0.27 1.00
0.18 0.68 0.28 0.13 0.37 0.21 0.74
0.16 0.09 0.59 0.65 0.13 0.84 0.76
0.26 0.28 0.12 0.98 0.31 0.72 0.28
0.24 0.02 0.35 0.72 0.88 0.71 0.37
0.83 0.43 0.08 0.60 0.96 0.22 0.22
0.12 0.17 0.02 0.65 0.14 0.02 0.58
0.33 0.42 0.24 0.47 0.15 0.87 0.08
0.64 0.79 0.99 0.20 0.18 0.56 0.25
0.12 0.33 0.33 0.21 0.12 0.02 0.37
0.10 0.38 0.33 0.52 0.08 0.15 0.57
0.81 0.38 0.89 0.01 0.84 0.65 0.21
0.83 0.92 0.53 0.05 0.40 0.60 0.10
0.30 0.37 0.82 0.09 0.55 0.64 0.02
0.17 0.85 0.01 0.15 0.60 0.21 0.71
0.68 0.14 0.60 0.12 0.97 0.25 0.91
0.02 0.52 0.93 0.92 0.32 0.26 0.02
0.41 0.31 0.22 0.09 0.51 0.43 0.95
0.32 0.59 0.37 0.19 0.50 0.01 0.08
0.25 0.44 0.41 0.10 0.38 0.73 0.61
0.78 0.48 0.76 0.95 0.84 0.15 0.11
0.03 0.82 0.51 0.30 0.12 0.97 0.14
0.71 0.98 1.00 0.06 0.38 0.61 0.44
0.85 0.51 0.92 0.26 0.02 0.19 0.16
0.49 0.36 0.20 0.17 0.37 0.33 0.22
0.62 0.33 0.73 0.54 0.51 0.10 0.12
0.42 0.07 0.13 0.19 0.70 0.15 1.00
0.87 0.39 0.16 0.74 0.05 0.22 0.08
0.26 0.76 0.82 0.69 0.08 0.31 0.09
0.08 1.00 0.04 0.05 0.14 0.67 0.55
0.99 0.01 0.02 0.82 0.94 0.77 0.43
0.66 0.35 0.76 0.15 0.05 0.48 0.40
0.17 0.77 0.01 0.86 0.60 0.07 0.91
0.65 0.54 0.68 0.43 0.04 0.84 0.08
1.00 0.10 0.27 0.64 0.65 0.03 0.37
0.93 0.28 0.48 0.03 0.85 0.35 0.43
0.94 0.76 0.84 0.65 0.07 0.04 0.87
0.60 0.12 0.01 0.88 0.13 0.77 0.65
0.24 0.61 0.33 0.89 0.16 0.71 0.05
0.42 0.16 0.26 0.05 0.08 0.22 0.23
0.25 0.33 0.09 0.41 0.60 0.07 0.69
0.75 0.97 0.02 0.54 0.27 0.96 0.64
0.01 0.09 0.49 0.29 0.35 0.29 0.19
0.56 0.36 0.68 0.09 0.05 0.77 0.37
0.61 0.54 0.13 0.54 0.59 0.70 0.16
0.44 0.11 0.09 0.58 0.23 0.60 0.96
0.10 0.29 0.02 0.73 0.93 0.34 0.37
0.04 0.44 0.77 0.18 0.17 0.11 0.63
0.34 0.08 0.07 0.20 0.09 0.63 0.30
0.39 0.48 0.15 0.97 0.59 0.15 0.27
0.16 0.79 0.17 0.05 0.03 0.81 0.60
0.74 0.16 0.05 0.68 0.87 0.35 0.86
0.25 0.22 0.26 1.00 0.11 0.69 0.52
0.09 0.43 0.92 0.57 0.41 0.28 0.14
0.60 0.89 0.84 0.08 0.78 0.01 0.21
0.35 0.06 0.70 0.21 0.71 0.53 0.32
0.25 0.15 0.68 0.59 0.89 0.55 0.02
0.07 0.10 0.75 0.44 0.24 0.64 0.22
0.13 0.75 0.60 0.11 0.01 0.82 0.04
0.30 0.53 0.54 0.64 0.36 0.03 0.26
0.56 0.25 0.03 0.09 0.18 0.23 0.37
0.47 0.11 0.63 0.36 0.52 0.80 0.02
0.65 0.17 0.84 0.04 0.71 0.29 0.65
0.03 0.05 0.71 0.28 0.02 0.20 0.25
0.23 0.61 0.64 0.04 0.18 0.71 0.23
0.63 0.79 0.47 0.02 0.66 0.60 0.74
0.80 0.62 0.57 0.02 0.37 0.27 0.08
0.70 0.09 0.31 0.82 0.06 0.06 0.04
0.28 0.28 0.06 0.20 0.85 0.07 0.12
0.74 0.42 0.68 0.61 0.06 0.07 0.10
0.47 0.74 0.59 0.66 0.68 0.74 0.01
0.74 0.46 0.89 0.04 0.38 0.32 0.30
0.26 0.19 0.56 0.03 0.71 0.48 0.24
0.52 0.47 0.66 0.09 0.68 0.25 0.06
0.18 0.98 0.89 0.96 0.11 0.31 0.10
0.03 0.58 0.21 0.51 0.95 0.14 0.20
0.12 0.64 0.04 0.18 0.65 0.80 0.12
0.82 0.51 0.43 0.15 0.03 0.25 0.45
0.05 0.72 0.04 0.03 0.80 0.13 0.21
0.32 0.83 0.95 0.12 0.29 0.03 0.89
0.54 0.74 0.55 0.10 0.88 0.04 0.45
0.67 0.67 0.02 0.06 0.95 0.34 0.10
0.40 0.62 0.09 0.27 0.06 0.64 0.05
0.29 0.66 0.63 0.18 0.95 0.27 0.41
0.86 0.54 0.02 0.72 0.09 0.74 0.07
0.17 0.50 0.20 0.11 0.03 0.04 0.12
0.04 0.65 0.76 0.62 0.27 0.03 0.75
0.40 0.31 0.01 0.10 0.46 0.69 0.47
0.69 0.96 0.87 0.38 0.18 0.41 0.10
0.33 0.18 0.99 0.93 0.08 0.57 0.21
0.17 0.31 0.96 0.12 0.26 0.80 0.13
