250 7
66 2 27 5 70 10 37
98 57 15 91 73 20 4
18 40 35 34 60 21 75
49 33 35 98 19 36 89
28 57 49 35 40 8 28
25 99 33 10 27 38 22
18 39 50 40 5 39 15
7 8 41 37 33 17 31
36 100 91 3 80 73 55
67 59 62 85 60 5 59
65 8 87 12 80 53 72
86 47 19 71 83 59 54
60 68 34 29 97 76 53
45 91 36 84 42 23 46
91 31 12 10 65 5 36
61 37 88 17 28 89 40
88 6 20 40 9 7 33
78 93 19 81 86 73 58
53 36 90 99 40 92 9
29 84 27 29 44 40 85
33 42 40 57 50 99 7
71 3 45 55 84 62 23
37 22 48 65 3 64 46
72 49 44 15 39 74 62
1 11 99 43 100 22 27
43 96 49 49 23 5 75
46 10 24 12 82 25 32
93 52 8 78 97 83 32
28 21 78 22 43 39 13
18 89 76 26 92 59 38
66 70 52 45 73 10 23
4 96 70 39 42 64 32
10 18 91 44 32 23 86
37 4 58 88 88 17 60
20 17 81 33 14 18 44
76 59 29 61 13 60 26
73 34 92 30 37 48 21
90 60 77 9 68 17 76
28 84 65 33 9 26 91
69 45 55 8 48 43 40
37 14 92 14 2 40 32
79 96 18 56 85 69 97
34 27 36 21 28 14 87
57 14 46 21 63 36 9
59 83 28 67 18 98 65
32 23 81 70 99 1 15
78 38 1 50 32 59 47
40 56 38 21 71 78 72
69 73 25 67 61 3 7
18 27 83 16 47 100 56
32 17 42 88 29 83 38
7 19 16 29 70 3 27
19 50 60 54 41 3 59
79 2 7 43 8 87 55
50 59 65 23 43 59 54
85 5 24 41 9 69 68
46 4 86 37 27 8 83
22 36 7 88 37 90 5
77 60 79 18 52 49 26
78 94 32 41 26 2 63
37 87 46 26 42 67 10
15 50 28 8 32 49 9
81 33 27 40 16 35 40
17 16 35 60 82 24 51
52 3 55 80 3 61 90
21 38 23 50 42 67 66
9 12 7 22 3 97 76
55 63 24 65 4 81 45
7 13 40 21 40 57 74
2 59 23 37 62 47 48
64 66 17 54 35 82 80
97 41 28 4 75 9 44
97 2 39 39 31 92 31
10 42 95 19 57 29 13
25 31 76 24 83 12 29
2 65 26 100 90 36 22
94 2 33 86 57 11 53
64 36 22 25 16 49 18
53 29 76 54 2 91 81
20 38 14 57 30 56 50
98 79 8 41 8 76 35
11 12 35 4 7 49 97
32 30 15 60 70 41 4
15 62 86 15 3 94 40
72 1 69 61 55 56 89
77 1 9 5 5 80 89
21 49 23 49 18 22 64
7 69 64 69 62 81 1
89 11 28 2 62 1 34
45 19 45 25 37 39 1
53 93 30 19 94 14 70
21 7 100 42 56 29 55
27 75 50 75 32 10 24
78 68 5 96 27 60 80
59 46 15 3 23 3 51
63 23 59 47 1 46 44
26 3 9 29 77 52 15
96 76 70 17 62 14 23
53 50 31 7 79 8 38
11 47 54 4 85 71 2
62 79 9 72 61 7 44
28 1 24 26 16 42 39
54 99 24 61 4 59 69
45 12 38 92 35 37 95
65 32 87 12 68 100 95
21 48 82 4 49 29 33
86 48 22 64 11 61 68
49 15 28 10 23 16 46
63 39 19 43 59 49 88
3 11 18 69 62 61 62
10 6 91 2 82 93 93
35 38 36 24 16 32 15
91 9 90 86 10 47 11
42 81 80 2 70 5 64
6 9 40 23 19 65 38
85 2 9 95 85 54 3
20 23 52 30 7 90 3
88 58 34 15 1 1 99
51 72 6 67 82 76 11
33 7 41 7 15 66 95
83 2 64 48 62 9 95
27 49 76 36 79 45 16
65 73 33 81 5 41 89
17 32 86 1 37 8 46
25 65 80 37 81 16 18
25 19 76 75 2 87 92
28 30 2 49 94 76 71
8 49 75 15 100 90 28
46 34 26 39 2 12 7
27 57 57 29 60 46 58
19 25 6 73 39 100 32
15 33 91 72 29 56 10
1 93 76 77 93 91 80
47 2 25 11 2 25 59
81 55 34 40 9 9 60
90 9 23 12 92 63 91
90 37 30 50 24 3 25
69 68 20 33 3 34 47
32 20 81 68 92 23 14
27 4 2 13 99 98 91
28 65 29 88 25 89 23
5 31 50 71 8 61 11
40 19 1 69 8 75 67
81 86 94 87 35 85 1
40 7 24 8 13 25 2
18 96 21 18 57 82 62
9 80 23 44 98 73 1
50 85 20 17 96 95 54
14 53 22 48 1 15 31
9 52 29 68 37 85 90
21 1 33 20 41 62 45
49 44 14 64 75 16 71
91 84 65 3 18 100 86
80 77 49 25 3 24 8
35 86 21 64 25 38 19
100 87 78 50 8 6 81
20 77 33 70 80 1 20
63 89 87 75 97 6 10
45 49 8 27 41 81 11
67 84 10 55 14 5 91
1 38 20 31 19 12 4
52 58 15 21 81 91 96
27 30 44 57 20 18 24
46 76 22 1 67 62 16
93 75 3 59 59 51 21
91 35 79 11 15 14 41
75 32 41 51 11 80 28
6 29 33 47 3 68 26
25 40 19 37 64 95 84
100 1 17 84 13 75 90
51 74 57 37 10 66 2
45 65 5 28 6 35 78
18 9 89 42 8 8 97
21 31 14 73 89 39 51
59 4 88 77 56 74 26
27 40 25 34 73 3 22
16 94 24 47 3 88 15
54 73 11 81 39 70 4
77 2 56 57 15 40 33
4 36 77 15 18 57 40
59 65 3 1 82 51 87
18 48 55 61 15 35 52
74 5 30 27 89 49 4
8 7 6 29 93 45 87
28 50 7 56 16 44 9
82 22 4 59 79 54 91
56 3 17 28 43 76 37
24 100 42 30 44 9 20
35 84 70 13 91 41 2
58 77 68 10 48 3 4
80 86 29 25 8 67 36
98 88 54 70 5 6 65
40 39 49 7 37 62 8
71 64 3 51 54 99 39
85 27 61 22 49 14 39
45 23 37 48 18 12 12
27 14 25 79 97 14 20
34 2 47 19 55 70 94
28 74 5 77 55 77 48
85 53 13 55 59 56 89
52 88 25 5 14 33 26
73 9 12 22 7 36 2
74 21 91 35 51 11 40
34 49 26 51 75 84 3
68 53 8 97 61 42 10
1 24 48 44 51 3 31
59 21 94 100 59 9 68
37 19 54 4 28 9 96
86 33 36 82 28 24 22
33 1 98 89 66 98 12
17 80 43 23 29 50 21
8 93 4 79 74 20 82
17 97 67 25 33 31 95
50 25 94 37 47 13 44
22 97 68 10 20 57 68
66 41 5 69 84 55 23
25 11 1 12 30 42 44
12 49 13 44 90 27 91
54 98 9 96 92 9 63
5 51 72 1 83 96 82
20 7 68 12 5 12 39
7 11 30 50 76 10 25
20 95 15 21 47 60 58
1 25 74 44 77 3 15
9 77 11 53 37 18 83
81 6 10 62 3 53 46
98 35 23 9 3 93 74
88 63 7 76 91 2 88
10 43 54 25 24 21 48
65 59 11 27 84 8 80
65 80 80 85 23 71 1
28 68 28 25 38 40 41
16 5 61 47 48 29 21
40 5 51 61 2 83 73
48 75 76 20 67 7 57
3 44 87 19 1 31 27
2 54 92 10 90 64 84
25 10 50 99 4 46 20
61 38 19 96 6 59 80
24 11 24 2 98 10 44
1 45 61 3 63 67 85
57 33 25 67 18 7 64
22 87 46 27 39 43 16
80 15 2 74 21 63 98
28 9 5 51 86 25 90
3 27 59 61 71 62 29
50 47 47 67 6 27 6
69 10 46 4 20 46 76
13 90 76 25 79 2 52
79 31 97 75 13 9 19
