250 7
0.17 0.40 0.37 0.37 0.46 0.10 0.53
0.67 0.09 0.97 0.42 0.92 0.70 0.96
0.28 0.43 0.32 0.64 0.03 0.14 0.44
0.95 0.01 0.26 0.97 0.51 0.52 0.88
0.59 0.14 0.04 0.29 0.74 0.66 0.40
0.41 0.07 0.22 0.44 0.23 0.15 0.34
0.50 0.94 0.13 0.93 0.53 0.52 0.70
0.42 0.96 0.68 0.63 0.07 0.85 0.71
0.03 0.25 0.96 0.30 0.02 0.35 0.25
0.13 0.55 0.81 0.92 0.44 0.03 0.32
0.25 0.79 0.45 0.21 0.76 0.75 0.65
0.20 0.71 0.23 0.64 0.35 0.33 0.20
0.32 0.89 0.31 0.18 0.64 0.90 0.43
0.28 0.44 0.61 0.06 0.31 0.11 0.25
0.61 0.50 0.61 0.75 1.00 0.06 0.68
0.29 0.32 0.44 0.75 0.43 0.48 0.04
0.40 0.86 0.83 0.11 0.30 1.00 0.55
0.16 0.24 0.95 0.24 0.11 0.57 0.81
0.63 0.50 0.27 0.13 0.64 0.46 0.37
0.61 0.39 0.51 0.01 0.39 0.34 0.29
0.40 0.49 0.44 0.21 0.09 0.98 0.96
0.16 0.19 0.28 0.48 0.12 0.89 0.65
0.30 0.56 0.16 0.27 0.36 0.72 0.62
0.32 0.35 0.14 0.31 0.71 0.35 0.25
0.18 0.02 0.27 0.92 0.56 0.50 0.42
0.03 0.31 0.70 0.76 0.52 1.00 0.76
0.53 0.26 0.56 0.56 0.20 0.26 0.36
0.56 0.27 0.83 0.80 0.30 0.15 0.19
0.22 0.29 0.43 0.28 0.39 0.31 0.50
0.03 0.47 0.71 0.95 0.56 0.53 0.45
0.16 0.59 0.99 0.16 0.93 0.98 0.81
0.26 0.05 0.38 0.89 0.23 0.44 0.17
0.01 0.79 0.21 0.68 0.56 0.86 0.72
0.71 0.96 0.32 0.56 0.20 0.09 0.17
0.87 0.46 0.85 0.32 0.81 0.60 0.11
0.40 0.62 0.06 0.18 0.12 0.31 0.14
0.19 0.04 0.84 0.41 0.33 0.02 0.22
0.66 0.70 0.15 0.73 0.01 0.98 0.74
0.95 0.10 0.95 0.12 0.45 0.67 0.62
0.09 0.28 0.40 0.10 0.51 0.25 0.10
0.42 0.74 0.36 0.20 0.07 0.48 0.17
0.49 0.55 0.03 0.71 0.58 0.55 0.26
0.59 0.02 0.10 0.88 0.30 0.04 0.18
0.11 0.41 0.17 0.47 0.62 0.66 0.59
0.09 0.20 0.45 0.71 0.32 0.54 0.28
0.24 0.60 0.29 0.71 0.38 0.12 0.09
0.22 0.72 0.34 0.33 0.97 0.61 0.01
0.12 0.57 0.53 0.12 0.46 0.01 0.42
0.06 0.04 0.87 0.05 0.37 0.19 0.44
0.75 0.03 0.59 0.48 0.63 0.92 0.34
0.72 0.03 0.57 0.34 0.98 0.76 0.38
0.76 0.17 0.27 0.06 0.35 0.05 0.36
0.28 0.80 0.14 0.10 0.83 0.61 0.59
0.31 0.04 0.46 0.89 0.44 0.40 0.23
0.88 0.18 0.05 0.50 0.76 0.43 0.58
0.09 0.93 0.49 0.28 0.90 0.14 0.64
0.28 0.42 0.29 0.35 0.22 0.04 0.12
0.80 0.25 0.75 0.82 0.82 0.49 0.27
0.60 0.09 0.97 0.68 0.02 0.60 0.12
0.61 0.77 0.95 0.04 0.32 0.92 0.93
0.13 0.10 0.08 0.12 0.74 0.58 0.42
0.39 0.56 0.02 0.27 0.62 0.44 0.91
0.26 0.05 0.71 0.47 0.42 0.79 0.31
0.60 0.40 0.11 0.10 0.45 0.93 0.30
0.28 0.62 0.28 0.67 0.12 0.42 0.01
0.08 0.89 0.40 0.65 0.80 0.92 0.54
0.02 0.04 0.74 0.68 0.35 0.48 0.88
0.17 0.09 0.26 0.15 0.60 0.22 0.23
0.27 0.30 0.74 0.23 0.37 0.26 0.18
0.09 0.07 0.65 0.71 0.43 0.35 0.69
0.96 0.05 0.61 0.54 0.58 0.30 0.90
0.17 0.04 0.70 0.68 0.49 0.38 0.13
0.46 0.28 0.82 0.17 0.43 0.59 0.50
0.78 0.40 0.82 0.27 0.12 0.54 0.65
0.24 0.25 0.18 0.41 0.52 0.17 0.17
0.84 0.92 1.00 0.07 0.12 0.58 0.54
0.27 0.30 0.36 0.65 0.41 0.80 0.43
0.02 0.27 0.34 0.03 0.28 0.34 0.72
0.39 0.80 0.42 0.43 0.78 0.01 0.92
0.88 0.07 0.07 0.26 0.07 0.19 0.78
1.00 0.44 0.48 0.05 0.48 0.41 0.70
0.80 0.22 0.36 0.90 0.06 0.54 0.99
0.77 0.37 0.05 0.67 0.39 0.89 0.19
0.37 0.60 0.31 0.37 0.18 0.66 0.59
0.93 0.68 0.19 0.74 0.24 0.20 0.38
0.27 0.69 0.56 0.62 0.60 0.51 0.01
0.47 0.22 0.33 0.75 0.91 0.12 0.62
0.41 0.14 0.80 0.31 0.30 0.77 0.75
0.23 0.82 0.53 0.97 0.25 0.33 0.86
0.74 0.01 0.71 0.56 0.81 0.84 0.62
0.27 0.46 0.38 0.53 0.26 0.43 0.13
0.05 0.88 0.47 0.68 0.18 0.08 0.63
0.41 0.60 0.53 0.06 0.12 0.22 0.31
0.24 0.97 0.52 0.53 0.22 0.10 0.56
0.47 0.95 0.28 0.28 0.07 0.10 0.72
0.51 0.01 0.55 0.83 0.87 0.57 0.65
0.16 0.16 0.46 0.09 0.21 0.47 0.46
0.01 0.49 0.38 0.84 0.54 0.36 0.02
0.33 0.59 0.76 0.14 0.18 0.76 0.94
0.94 0.56 0.10 0.74 0.22 0.33 0.21
0.64 0.02 0.65 0.74 0.37 0.76 0.98
0.99 0.02 0.04 0.54 0.57 0.45 0.46
0.49 0.83 0.58 0.36 0.17 0.20 0.29
0.50 0.13 0.14 0.11 0.04 0.03 0.02
0.41 0.45 0.45 0.87 0.19 0.71 0.41
0.02 0.59 0.93 0.42 0.06 0.66 0.75
0.06 0.98 0.66 0.40 0.86 0.14 0.46
0.95 0.37 0.05 0.66 0.51 0.54 0.91
0.02 0.13 0.56 0.88 0.16 0.46 0.26
0.71 0.50 0.04 0.83 0.27 0.26 0.58
0.14 0.32 0.28 0.36 0.09 0.33 0.64
0.02 0.48 0.06 0.32 0.13 0.83 0.77
0.47 0.16 0.33 0.84 0.81 0.90 0.19
0.01 0.44 0.08 0.21 0.83 0.89 0.86
0.97 0.02 0.50 0.87 0.44 0.25 0.92
0.72 0.95 0.10 0.73 0.50 0.79 0.13
0.11 0.04 0.68 0.46 0.20 0.33 0.05
0.84 0.38 0.13 0.62 0.19 0.81 0.52
0.02 0.05 0.46 0.07 0.94 0.07 0.34
0.35 0.44 0.09 0.42 0.68 0.61 0.22
0.79 0.07 0.69 0.12 0.60 0.66 0.98
0.31 0.06 0.89 0.24 0.32 0.95 0.15
0.54 0.45 0.56 0.82 0.03 0.66 0.18
0.31 0.64 0.23 0.75 0.26 0.01 0.92
0.06 0.49 0.39 0.05 0.90 0.15 0.05
0.40 0.37 0.11 0.07 0.53 0.22 0.91
0.06 0.86 0.33 0.06 0.88 0.71 0.15
0.68 0.69 0.31 0.02 0.77 0.66 1.00
0.59 0.88 0.35 0.12 0.58 0.01 0.68
0.14 0.07 0.22 0.20 0.65 0.30 0.64
0.07 0.89 0.79 0.45 0.36 0.35 0.45
0.07 0.75 0.17 0.56 0.41 0.87 0.74
0.50 0.36 0.03 0.59 0.42 0.71 0.30
0.28 0.30 0.05 0.09 0.04 0.07 0.80
0.76 0.03 0.66 0.12 0.78 0.01 0.80
0.06 0.65 0.18 0.29 0.08 0.75 0.56
0.80 0.04 0.46 0.21 0.10 0.18 0.63
0.66 0.06 0.93 0.72 0.16 0.95 0.44
0.27 0.30 0.12 0.91 0.23 0.30 0.33
0.76 0.01 0.91 0.90 0.57 0.73 0.54
0.30 0.47 0.65 0.06 0.51 0.39 0.13
0.66 0.15 0.23 0.08 0.07 0.33 0.46
0.58 0.77 0.62 0.02 0.59 0.78 0.58
0.49 0.41 0.07 0.39 0.91 0.18 0.45
0.78 0.04 0.90 0.53 0.09 0.61 0.13
0.35 0.89 0.43 0.64 0.31 0.75 0.06
0.24 0.97 0.54 0.75 0.08 0.02 0.86
0.40 0.11 0.09 0.57 0.43 0.98 0.80
0.09 0.10 0.35 0.94 0.76 0.14 0.44
0.47 0.19 0.58 0.43 0.51 0.47 0.42
0.17 0.43 0.08 0.92 0.92 0.63 0.07
0.23 0.81 0.17 0.87 0.47 0.37 0.44
0.02 0.84 0.74 0.20 0.06 0.96 0.62
0.05 0.18 0.84 0.40 0.27 0.05 0.70
0.16 0.42 0.43 0.37 0.02 0.01 0.74
0.01 0.51 0.04 0.95 0.04 0.98 0.90
0.07 0.16 0.07 0.59 0.62 0.42 0.21
0.27 0.19 0.49 0.79 0.10 0.14 0.66
0.67 0.79 0.26 0.07 0.88 0.58 0.86
0.20 0.29 0.19 0.72 0.31 0.24 0.50
0.78 0.02 0.90 0.65 0.28 0.69 0.53
0.41 0.16 0.31 0.61 0.01 0.17 0.19
0.41 0.31 0.20 0.82 0.30 0.28 0.20
0.57 0.87 0.07 0.68 0.53 0.05 0.94
0.50 0.35 0.04 0.90 0.07 0.17 0.18
1.00 0.39 0.85 0.05 0.69 0.17 0.61
0.05 0.95 0.69 1.00 0.15 0.69 0.90
0.46 0.27 0.78 0.29 0.57 0.88 0.17
0.25 0.63 0.94 0.30 0.49 0.79 0.08
0.31 0.13 0.51 0.35 0.28 0.19 0.18
0.67 0.99 0.72 0.14 0.02 0.73 0.89
0.70 0.30 0.12 0.66 0.59 0.17 0.59
0.05 0.89 0.87 0.41 0.79 0.03 0.65
0.28 0.03 0.79 0.05 0.10 0.30 0.96
0.47 0.33 0.85 0.01 0.65 0.04 0.01
0.97 0.15 0.31 0.84 0.03 0.69 0.95
0.32 0.01 0.04 0.03 0.20 0.98 0.32
0.26 0.02 0.71 0.75 0.76 0.63 0.46
0.71 0.83 0.01 0.66 0.57 1.00 0.60
0.42 0.83 0.01 0.97 0.25 0.44 0.15
0.18 0.59 0.84 0.11 0.17 0.53 0.07
0.23 0.18 0.19 0.36 0.30 0.52 0.05
0.06 0.50 0.70 0.25 0.99 0.04 0.28
0.60 0.54 0.10 1.00 0.78 0.04 0.16
0.73 0.03 0.61 0.84 0.03 0.81 0.27
0.99 0.12 0.23 0.31 0.12 0.28 0.31
0.02 0.19 0.70 0.10 0.64 0.73 0.63
0.03 0.46 0.89 0.13 0.49 0.68 0.41
0.68 0.01 0.04 0.53 0.20 0.12 0.52
0.33 0.41 0.18 0.23 0.09 0.32 0.32
0.50 0.57 0.80 0.10 0.05 0.68 0.55
0.20 0.12 0.25 0.33 0.37 0.74 0.22
0.44 0.25 0.07 0.96 0.14 0.66 0.07
0.97 0.88 0.10 0.30 0.93 0.52 0.09
0.23 0.64 0.49 0.99 0.11 0.90 0.37
0.67 0.74 0.12 0.68 0.05 0.58 0.67
0.11 0.80 0.06 0.38 0.37 0.19 0.39
0.15 0.07 0.45 0.20 0.39 0.27 0.34
0.88 0.87 0.46 0.10 0.10 0.01 0.51
0.16 0.48 0.33 0.79 0.19 0.91 0.59
0.74 0.04 0.85 0.28 0.73 0.89 0.78
0.38 0.13 0.98 0.17 0.04 0.68 0.31
0.64 0.18 0.77 0.35 0.01 0.89 0.35
0.69 0.06 0.70 0.37 0.54 0.71 0.76
0.65 0.28 0.04 0.05 0.03 0.74 0.02
0.02 0.54 0.37 0.32 0.50 0.43 0.45
0.17 0.42 0.52 0.86 0.10 0.79 0.32
0.08 0.65 0.38 0.78 0.48 0.98 0.13
0.34 0.10 0.76 0.96 0.90 0.05 0.54
0.33 0.37 0.93 0.52 0.45 0.98 0.01
0.07 0.25 0.18 0.04 0.41 0.67 0.98
0.08 0.15 0.67 0.13 0.11 0.10 0.35
0.08 0.12 0.61 0.67 0.64 0.93 0.96
1.00 0.24 0.10 0.51 0.49 0.24 0.57
0.32 0.41 0.29 0.06 0.30 0.42 0.26
0.81 0.86 0.74 0.58 0.89 0.16 0.01
0.15 0.54 0.33 0.45 0.28 0.84 0.54
0.06 0.88 0.35 0.35 0.50 0.67 0.28
0.82 0.23 0.86 0.01 0.77 0.98 0.11
0.18 0.55 0.55 0.87 0.03 0.62 0.43
0.92 0.13 0.17 0.31 0.01 0.47 0.26
0.06 0.16 0.03 0.57 0.06 0.41 0.13
0.01 0.75 0.98 0.30 0.62 0.48 0.14
0.52 0.24 0.06 0.20 0.16 0.62 0.76
0.01 0.45 0.14 0.27 0.64 0.75 0.98
0.28 1.00 0.53 0.79 0.99 0.20 0.04
0.69 0.09 0.18 0.71 0.06 0.09 0.92
0.13 0.01 0.50 0.36 0.89 0.21 0.96
0.07 0.96 0.57 0.18 0.88 0.55 0.07
0.14 0.32 0.33 0.02 0.92 0.93 0.39
0.04 0.15 0.57 0.69 0.35 0.77 0.64
0.48 0.15 0.02 0.37 0.10 0.52 0.51
0.26 0.15 0.03 0.44 0.16 0.46 0.35
0.04 0.02 0.03 0.77 0.05 0.74 0.44
0.76 0.10 0.89 0.39 0.17 0.56 0.65
0.03 0.67 0.66 0.57 0.49 0.78 0.66
0.66 0.07 0.37 0.07 0.19 0.61 0.42
0.45 0.04 0.51 0.07 0.61 0.97 0.68
0.96 0.09 0.34 0.22 0.79 0.15 0.96
0.32 0.90 0.03 0.22 0.15 0.99 0.81
0.21 0.64 0.92 0.23 0.06 0.08 0.32
0.26 0.29 0.02 0.01 0.42 0.06 0.35
0.66 0.54 0.57 0.01 0.56 0.56 0.19
0.56 0.87 0.01 0.44 1.00 0.16 0.99
0.37 0.24 0.14 0.47 0.10 0.55 0.02
0.13 0.88 0.10 0.86 0.11 0.31 0.77
0.51 0.23 0.04 0.18 0.96 0.71 0.97
0.12 0.45 0.77 0.77 0.83 0.04 0.54
0.43 0.08 0.46 0.70 0.01 0.56 0.75
0.38 0.82 0.34 0.13 0.08 0.22 0.34
