250 7
17 40 37 37 46 10 53
67 9 97 42 92 70 96
28 43 32 64 3 14 44
95 1 26 97 51 52 88
59 14 4 29 74 66 40
41 7 22 44 23 15 34
50 94 13 93 53 52 70
42 96 68 63 7 85 71
3 25 96 30 2 35 25
13 55 81 92 44 3 32
25 79 45 21 76 75 65
20 71 23 64 35 33 20
32 89 31 18 64 90 43
28 44 61 6 31 11 25
61 50 61 75 100 6 68
29 32 44 75 43 48 4
40 86 83 11 30 100 55
16 24 95 24 11 57 81
63 50 27 13 64 46 37
61 39 51 1 39 34 29
40 49 44 21 9 98 96
16 19 28 48 12 89 65
30 56 16 27 36 72 62
32 35 14 31 71 35 25
18 2 27 92 56 50 42
3 31 70 76 52 100 76
53 26 56 56 20 26 36
56 27 83 80 30 15 19
22 29 43 28 39 31 50
3 47 71 95 56 53 45
16 59 99 16 93 98 81
26 5 38 89 23 44 17
1 79 21 68 56 86 72
71 96 32 56 20 9 17
87 46 85 32 81 60 11
40 62 6 18 12 31 14
19 4 84 41 33 2 22
66 70 15 73 1 98 74
95 10 95 12 45 67 62
9 28 40 10 51 25 10
42 74 36 20 7 48 17
49 55 3 71 58 55 26
59 2 10 88 30 4 18
11 41 17 47 62 66 59
9 20 45 71 32 54 28
24 60 29 71 38 12 9
22 72 34 33 97 61 1
12 57 53 12 46 1 42
6 4 87 5 37 19 44
75 3 59 48 63 92 34
72 3 57 34 98 76 38
76 17 27 6 35 5 36
28 80 14 10 83 61 59
31 4 46 89 44 40 23
88 18 5 50 76 43 58
9 93 49 28 90 14 64
28 42 29 35 22 4 12
80 25 75 82 82 49 27
60 9 97 68 2 60 12
61 77 95 4 32 92 93
13 10 8 12 74 58 42
39 56 2 27 62 44 91
26 5 71 47 42 79 31
60 40 11 10 45 93 30
28 62 28 67 12 42 1
8 89 40 65 80 92 54
2 4 74 68 35 48 88
17 9 26 15 60 22 23
27 30 74 23 37 26 18
9 7 65 71 43 35 69
96 5 61 54 58 30 90
17 4 70 68 49 38 13
46 28 82 17 43 59 50
78 40 82 27 12 54 65
24 25 18 41 52 17 17
84 92 100 7 12 58 54
27 30 36 65 41 80 43
2 27 34 3 28 34 72
39 80 42 43 78 1 92
88 7 7 26 7 19 78
100 44 48 5 48 41 70
80 22 36 90 6 54 99
77 37 5 67 39 89 19
37 60 31 37 18 66 59
93 68 19 74 24 20 38
27 69 56 62 60 51 1
47 22 33 75 91 12 62
41 14 80 31 30 77 75
23 82 53 97 25 33 86
74 1 71 56 81 84 62
27 46 38 53 26 43 13
5 88 47 68 18 8 63
41 60 53 6 12 22 31
24 97 52 53 22 10 56
47 95 28 28 7 10 72
51 1 55 83 87 57 65
16 16 46 9 21 47 46
1 49 38 84 54 36 2
33 59 76 14 18 76 94
94 56 10 74 22 33 21
64 2 65 74 37 76 98
99 2 4 54 57 45 46
49 83 58 36 17 20 29
50 13 14 11 4 3 2
41 45 45 87 19 71 41
2 59 93 42 6 66 75
6 98 66 40 86 14 46
95 37 5 66 51 54 91
2 13 56 88 16 46 26
71 50 4 83 27 26 58
14 32 28 36 9 33 64
2 48 6 32 13 83 77
47 16 33 84 81 90 19
1 44 8 21 83 89 86
97 2 50 87 44 25 92
72 95 10 73 50 79 13
11 4 68 46 20 33 5
84 38 13 62 19 81 52
2 5 46 7 94 7 34
35 44 9 42 68 61 22
79 7 69 12 60 66 98
31 6 89 24 32 95 15
54 45 56 82 3 66 18
31 64 23 75 26 1 92
6 49 39 5 90 15 5
40 37 11 7 53 22 91
6 86 33 6 88 71 15
68 69 31 2 77 66 100
59 88 35 12 58 1 68
14 7 22 20 65 30 64
7 89 79 45 36 35 45
7 75 17 56 41 87 74
50 36 3 59 42 71 30
28 30 5 9 4 7 80
76 3 66 12 78 1 80
6 65 18 29 8 75 56
80 4 46 21 10 18 63
66 6 93 72 16 95 44
27 30 12 91 23 30 33
76 1 91 90 57 73 54
30 47 65 6 51 39 13
66 15 23 8 7 33 46
58 77 62 2 59 78 58
49 41 7 39 91 18 45
78 4 90 53 9 61 13
35 89 43 64 31 75 6
24 97 54 75 8 2 86
40 11 9 57 43 98 80
9 10 35 94 76 14 44
47 19 58 43 51 47 42
17 43 8 92 92 63 7
23 81 17 87 47 37 44
2 84 74 20 6 96 62
5 18 84 40 27 5 70
16 42 43 37 2 1 74
1 51 4 95 4 98 90
7 16 7 59 62 42 21
27 19 49 79 10 14 66
67 79 26 7 88 58 86
20 29 19 72 31 24 50
78 2 90 65 28 69 53
41 16 31 61 1 17 19
41 31 20 82 30 28 20
57 87 7 68 53 5 94
50 35 4 90 7 17 18
100 39 85 5 69 17 61
5 95 69 100 15 69 90
46 27 78 29 57 88 17
25 63 94 30 49 79 8
31 13 51 35 28 19 18
67 99 72 14 2 73 89
70 30 12 66 59 17 59
5 89 87 41 79 3 65
28 3 79 5 10 30 96
47 33 85 1 65 4 1
97 15 31 84 3 69 95
32 1 4 3 20 98 32
26 2 71 75 76 63 46
71 83 1 66 57 100 60
42 83 1 97 25 44 15
18 59 84 11 17 53 7
23 18 19 36 30 52 5
6 50 70 25 99 4 28
60 54 10 100 78 4 16
73 3 61 84 3 81 27
99 12 23 31 12 28 31
2 19 70 10 64 73 63
3 46 89 13 49 68 41
68 1 4 53 20 12 52
33 41 18 23 9 32 32
50 57 80 10 5 68 55
20 12 25 33 37 74 22
44 25 7 96 14 66 7
97 88 10 30 93 52 9
23 64 49 99 11 90 37
67 74 12 68 5 58 67
11 80 6 38 37 19 39
15 7 45 20 39 27 34
88 87 46 10 10 1 51
16 48 33 79 19 91 59
74 4 85 28 73 89 78
38 13 98 17 4 68 31
64 18 77 35 1 89 35
69 6 70 37 54 71 76
65 28 4 5 3 74 2
2 54 37 32 50 43 45
17 42 52 86 10 79 32
8 65 38 78 48 98 13
34 10 76 96 90 5 54
33 37 93 52 45 98 1
7 25 18 4 41 67 98
8 15 67 13 11 10 35
8 12 61 67 64 93 96
100 24 10 51 49 24 57
32 41 29 6 30 42 26
81 86 74 58 89 16 1
15 54 33 45 28 84 54
6 88 35 35 50 67 28
82 23 86 1 77 98 11
18 55 55 87 3 62 43
92 13 17 31 1 47 26
6 16 3 57 6 41 13
1 75 98 30 62 48 14
52 24 6 20 16 62 76
1 45 14 27 64 75 98
28 100 53 79 99 20 4
69 9 18 71 6 9 92
13 1 50 36 89 21 96
7 96 57 18 88 55 7
14 32 33 2 92 93 39
4 15 57 69 35 77 64
48 15 2 37 10 52 51
26 15 3 44 16 46 35
4 2 3 77 5 74 44
76 10 89 39 17 56 65
3 67 66 57 49 78 66
66 7 37 7 19 61 42
45 4 51 7 61 97 68
96 9 34 22 79 15 96
32 90 3 22 15 99 81
21 64 92 23 6 8 32
26 29 2 1 42 6 35
66 54 57 1 56 56 19
56 87 1 44 100 16 99
37 24 14 47 10 55 2
13 88 10 86 11 31 77
51 23 4 18 96 71 97
12 45 77 77 83 4 54
43 8 46 70 1 56 75
38 82 34 13 8 22 34
