400 4
0.20 0.64 0.67 0.80
0.25 0.97 0.83 0.65
0.81 0.57 0.98 0.70
0.39 0.28 0.26 0.88
0.70 0.61 0.88 0.58
0.86 0.83 0.07 0.42
0.59 0.22 0.35 0.64
0.12 0.86 0.47 0.18
0.11 0.16 0.73 0.79
0.71 0.75 0.92 0.53
0.49 0.88 0.39 0.58
0.05 0.49 0.28 0.84
0.31 0.40 0.27 0.26
0.30 0.38 0.77 0.77
0.18 0.11 0.07 0.31
0.46 0.99 0.70 0.05
0.26 0.10 0.75 0.88
0.70 0.31 0.57 0.26
0.89 0.56 0.30 0.12
0.56 0.77 0.74 0.20
0.12 0.64 0.62 0.03
0.73 0.07 0.39 0.85
0.16 0.82 0.21 0.22
0.89 0.80 0.05 0.73
0.91 0.20 0.86 0.26
0.06 0.41 0.41 0.30
0.55 0.54 0.04 0.86
0.58 0.65 0.59 0.01
0.91 0.69 0.49 0.09
0.10 0.20 0.69 0.65
0.34 0.03 0.57 0.57
0.52 0.52 0.04 0.72
0.58 0.77 0.06 0.11
0.06 0.31 0.21 0.54
0.41 0.79 0.16 0.05
0.97 0.02 0.46 0.04
0.69 0.48 0.52 0.05
0.25 0.95 0.74 0.02
0.39 0.05 0.85 0.14
0.04 0.84 0.59 0.11
0.93 0.20 0.89 0.01
0.55 0.24 0.78 0.22
0.61 0.14 0.12 0.27
0.01 0.40 0.69 0.65
0.99 0.24 0.52 0.01
0.82 0.01 0.65 0.58
0.52 0.35 0.78 0.20
0.71 0.80 0.13 0.09
0.63 0.57 0.44 0.03
0.03 0.99 0.16 0.14
0.69 0.57 0.01 0.79
0.06 0.34 0.96 0.43
0.11 0.50 0.30 0.18
0.60 0.58 0.54 0.14
0.67 0.95 0.32 0.02
0.13 0.56 0.06 0.66
0.03 0.94 0.67 0.77
0.89 0.02 0.91 0.53
0.26 0.13 0.93 0.21
0.95 0.17 0.03 0.38
0.32 0.97 0.03 0.05
0.16 0.03 0.88 0.09
0.64 0.07 0.51 0.81
0.18 0.47 0.74 0.11
0.61 0.90 0.03 0.63
0.03 0.56 0.36 0.57
0.71 0.56 0.01 0.84
0.40 0.74 0.01 0.74
0.38 0.39 0.06 0.94
0.92 0.06 0.56 0.53
0.14 0.97 0.03 0.51
0.94 0.12 0.96 0.04
0.46 0.66 0.01 0.45
0.01 0.53 0.72 0.14
0.02 0.83 0.65 0.90
0.05 0.80 0.66 0.10
0.92 0.11 0.67 0.24
0.06 0.35 0.52 0.48
0.74 0.05 0.04 0.57
0.86 0.16 0.41 0.24
0.73 0.04 0.23 0.94
0.62 0.83 0.25 0.02
0.78 0.01 0.89 0.23
0.18 0.05 0.62 0.91
0.41 0.61 0.76 0.02
0.86 0.02 0.15 0.75
0.06 0.07 0.35 0.31
0.22 0.54 0.01 0.11
0.13 0.63 0.07 0.21
0.33 0.31 0.05 0.53
0.08 0.05 0.01 0.22
0.73 0.37 0.59 0.21
0.60 0.21 0.08 0.07
0.07 0.75 0.32 0.49
0.13 0.58 0.71 0.06
0.34 0.85 0.41 0.07
0.59 0.03 0.53 0.53
0.06 0.01 0.65 0.08
0.16 0.57 0.64 0.09
0.01 0.04 0.63 0.61
0.02 0.99 0.13 0.75
0.03 0.96 0.53 0.31
0.01 0.84 0.20 0.16
0.04 0.55 0.51 0.62
0.05 0.55 0.77 0.08
0.76 0.04 0.15 0.81
0.16 0.43 0.02 0.03
0.21 0.01 0.58 0.63
0.58 0.22 0.19 0.20
0.98 0.68 0.26 0.01
0.35 0.78 0.61 0.02
0.02 0.28 0.72 0.48
0.85 0.01 0.40 0.59
0.07 0.56 0.09 0.61
0.03 0.17 0.49 0.24
0.78 0.02 0.16 0.97
0.03 0.42 0.88 0.18
0.76 0.03 0.54 0.38
0.05 0.12 0.26 0.90
0.01 0.70 0.05 0.26
0.06 0.55 0.15 0.08
0.84 0.27 0.81 0.01
0.04 0.50 0.39 0.67
0.02 0.40 0.98 0.05
0.89 0.17 0.55 0.03
0.75 0.88 0.24 0.02
0.68 0.01 0.11 0.59
0.36 0.07 0.29 0.03
0.53 0.54 0.74 0.02
0.02 0.20 0.58 0.92
0.02 0.22 0.44 0.81
0.80 0.01 0.08 0.94
0.08 0.07 0.31 0.15
0.01 0.07 0.06 0.03
0.57 0.31 0.73 0.01
0.05 0.34 0.05 0.87
0.61 0.22 0.73 0.02
0.52 0.82 0.35 0.01
0.82 0.27 0.04 0.16
0.42 0.01 0.04 0.61
0.73 0.03 0.40 0.16
0.59 0.73 0.17 0.02
0.39 0.02 0.01 0.43
0.04 0.05 0.18 0.89
0.23 0.83 0.91 0.01
0.38 0.34 0.47 0.02
0.86 0.03 0.16 0.10
0.66 0.39 0.05 0.20
0.02 0.92 0.02 0.98
0.70 0.04 0.61 0.02
0.11 0.02 0.63 0.92
0.83 0.66 0.13 0.02
0.20 0.50 0.17 0.01
0.31 0.10 0.91 0.02
0.05 0.37 0.04 0.51
0.62 0.01 0.46 0.04
0.29 0.46 0.55 0.02
0.04 0.57 0.04 0.80
0.82 0.20 0.51 0.01
0.14 0.01 0.12 0.53
0.31 0.02 0.08 0.20
0.25 0.05 0.37 0.14
0.75 0.02 0.39 0.17
0.12 0.58 0.93 0.02
0.06 0.27 0.72 0.01
0.01 0.06 0.72 0.51
0.78 0.53 0.01 0.11
0.03 0.67 0.81 0.02
0.03 0.96 0.01 0.99
0.43 0.42 0.18 0.01
0.05 0.93 0.01 0.02
1.00 0.09 0.38 0.01
0.18 0.43 0.40 0.02
0.61 0.03 0.85 0.03
0.20 0.77 0.04 0.01
0.03 0.04 0.59 0.66
0.81 0.06 0.35 0.07
0.02 0.80 0.75 0.01
0.03 0.03 0.87 0.88
1.00 0.87 0.02 0.02
0.31 0.02 0.57 0.08
0.03 0.70 0.59 0.02
0.03 0.91 0.04 0.78
0.48 0.56 0.15 0.01
0.20 0.70 0.01 0.09
0.34 0.63 0.01 0.06
0.11 0.01 0.62 0.89
0.97 0.01 0.13 0.35
0.69 0.63 0.07 0.01
0.52 0.56 0.07 0.01
0.98 0.06 0.36 0.05
1.00 0.09 0.21 0.01
0.64 0.37 0.03 0.19
0.99 0.83 0.03 0.02
0.12 0.02 0.29 0.68
0.54 0.02 0.93 0.01
0.55 0.82 0.01 0.04
0.55 0.01 0.14 0.10
0.84 0.04 0.43 0.07
0.79 0.01 0.54 0.01
0.73 0.38 0.05 0.07
0.76 0.03 0.03 0.29
0.02 0.63 0.02 0.69
0.52 0.02 0.03 0.35
0.70 0.25 0.03 0.03
0.55 0.16 0.03 0.04
0.83 0.54 0.14 0.01
0.47 0.22 0.82 0.01
0.83 0.01 0.03 0.94
0.26 0.20 0.74 0.01
0.03 0.94 0.04 0.20
0.10 0.03 0.05 0.36
0.07 0.61 0.02 0.83
0.07 0.02 0.56 0.30
0.03 0.23 0.05 0.71
0.50 0.02 0.29 0.01
0.01 0.01 0.56 0.54
0.05 0.80 0.01 0.75
0.14 0.02 0.11 0.83
0.01 0.06 0.96 0.49
0.01 0.80 0.03 0.79
0.04 0.02 0.09 0.34
0.02 0.56 0.05 0.97
0.04 0.48 0.29 0.02
0.09 0.03 0.03 0.37
0.58 0.01 0.53 0.06
0.13 0.59 0.02 0.17
0.04 0.02 0.08 0.98
0.01 0.47 0.04 0.52
0.18 0.06 0.80 0.04
0.29 0.08 0.18 0.02
0.64 0.51 0.01 0.16
0.26 0.03 0.53 0.31
0.60 0.47 0.01 0.17
0.46 0.06 0.89 0.01
0.14 0.62 0.06 0.01
0.28 0.03 0.54 0.07
0.01 0.05 0.01 0.44
0.70 0.05 0.27 0.05
0.32 0.02 0.03 0.22
0.15 0.04 0.92 0.03
0.01 0.55 0.16 0.02
0.47 0.33 0.02 0.03
0.78 0.32 0.01 0.09
0.37 0.01 0.41 0.11
0.41 0.01 0.34 0.37
0.51 0.01 0.56 0.06
0.29 0.11 0.02 0.04
0.25 0.04 0.43 0.33
0.47 0.02 0.85 0.03
0.12 0.01 0.06 0.62
0.53 0.96 0.02 0.01
0.23 0.01 0.76 0.04
0.73 0.54 0.09 0.01
0.05 0.53 0.04 0.42
0.18 0.03 0.02 0.59
0.44 0.01 0.36 0.09
0.18 0.54 0.56 0.01
0.03 0.03 0.69 0.38
0.08 0.53 0.28 0.02
0.18 0.03 0.32 0.31
0.02 0.61 0.03 0.32
0.06 0.28 0.51 0.01
0.77 0.23 0.04 0.03
0.53 0.01 0.14 0.47
0.04 0.85 0.73 0.01
0.68 0.84 0.03 0.01
0.14 0.71 0.05 0.09
0.17 0.02 0.97 0.02
0.56 0.01 0.75 0.04
0.01 0.01 0.74 0.53
0.23 0.24 0.52 0.01
0.05 0.52 0.01 0.19
0.02 0.28 0.03 0.42
0.31 0.01 0.51 0.51
0.19 0.29 0.38 0.02
0.29 0.02 0.31 0.20
0.88 0.25 0.10 0.02
0.01 0.19 0.96 0.01
0.96 0.05 0.11 0.19
0.83 0.02 0.24 0.05
0.27 0.15 0.87 0.01
0.01 0.03 0.10 0.84
0.81 0.05 0.18 0.07
0.57 0.54 0.15 0.02
0.26 0.32 0.02 0.20
0.23 0.21 0.52 0.02
0.16 0.03 0.35 0.27
0.12 0.03 0.57 0.29
0.07 0.06 0.28 0.06
0.09 0.01 0.51 0.64
0.08 0.05 0.53 0.06
0.03 0.58 0.02 0.43
0.01 0.03 0.80 0.29
0.27 0.04 0.17 0.11
0.03 0.04 0.46 0.17
0.63 0.01 0.90 0.03
0.02 0.06 0.62 0.42
0.84 0.03 0.11 0.03
0.83 0.13 0.28 0.01
0.06 0.01 0.12 1.00
0.14 0.01 0.52 0.49
0.52 0.25 0.01 0.12
1.00 0.01 0.40 0.05
0.56 0.09 0.02 0.05
0.71 0.02 0.05 0.07
0.23 0.09 0.02 0.20
0.12 0.86 0.03 0.11
0.04 0.19 0.02 0.10
0.87 0.01 0.27 0.03
0.01 0.23 0.06 0.02
0.36 0.32 0.41 0.01
0.09 0.12 0.75 0.01
0.02 0.01 0.30 0.77
0.15 0.01 0.22 0.52
0.85 0.42 0.01 0.08
0.31 0.03 0.61 0.05
0.77 0.10 0.19 0.01
0.86 0.01 0.06 0.19
0.15 0.54 0.01 0.18
0.20 0.03 0.89 0.02
0.01 0.03 0.49 0.82
0.03 0.84 0.56 0.01
0.03 0.03 0.74 0.18
0.97 0.01 0.02 0.61
0.86 0.02 0.05 0.02
0.79 0.05 0.16 0.03
0.34 0.01 0.13 0.20
0.20 0.03 0.54 0.20
0.81 0.01 0.10 0.47
0.80 0.04 0.25 0.05
0.06 0.01 0.17 0.97
0.04 0.01 0.85 0.29
0.08 0.82 0.46 0.01
0.11 0.01 0.51 0.62
0.12 0.02 0.34 0.06
0.29 0.02 0.62 0.01
0.05 0.19 0.83 0.02
0.02 0.98 0.04 0.08
0.05 0.96 0.06 0.01
0.76 0.02 0.03 0.17
0.25 0.02 0.22 0.07
0.66 0.55 0.01 0.06
0.33 0.78 0.01 0.01
0.22 0.16 0.59 0.02
0.35 0.04 0.02 0.03
0.17 0.05 0.07 0.08
0.02 0.77 0.45 0.01
0.01 0.11 0.67 0.01
0.09 0.73 0.04 0.09
0.93 0.32 0.07 0.01
0.08 0.02 0.74 0.05
0.79 0.01 0.02 0.52
0.35 0.01 0.02 0.92
0.20 0.01 0.02 0.21
0.03 0.59 0.03 0.02
0.20 0.13 0.53 0.01
0.04 0.07 0.02 0.25
0.10 0.33 0.18 0.01
0.25 0.01 0.68 0.06
0.23 0.05 0.65 0.05
0.71 0.29 0.21 0.01
0.70 0.01 0.87 0.02
0.02 0.01 0.29 0.89
0.70 0.04 0.03 0.02
0.11 0.04 0.37 0.30
0.22 0.02 0.01 0.08
0.12 0.01 0.53 0.06
0.20 0.05 0.14 0.04
0.04 0.61 0.02 0.06
0.03 0.01 0.12 0.55
0.90 0.01 0.01 0.51
0.34 0.57 0.04 0.01
0.19 0.45 0.01 0.09
0.02 0.73 0.01 0.15
0.44 0.55 0.14 0.01
0.57 0.01 0.06 0.11
0.04 0.67 0.21 0.01
0.02 0.05 0.60 0.13
0.02 0.03 0.86 0.14
0.10 0.01 0.10 0.39
0.01 0.18 0.03 0.18
0.01 0.95 0.04 0.01
0.07 0.03 0.24 0.14
0.07 0.03 0.02 0.85
0.04 0.05 0.96 0.10
0.02 0.02 0.43 0.61
0.56 0.48 0.08 0.01
0.42 0.08 0.52 0.01
0.66 0.61 0.02 0.02
0.17 0.05 0.17 0.03
0.36 0.28 0.01 0.03
0.04 0.04 0.02 0.88
0.32 0.22 0.47 0.01
0.90 0.10 0.12 0.01
0.44 0.03 0.54 0.03
0.02 0.03 0.13 0.30
0.55 0.72 0.02 0.02
0.82 0.18 0.15 0.01
0.01 0.24 0.64 0.01
