400 4
0.41 0.15 0.40 0.17
0.36 0.62 0.91 0.71
0.70 0.51 0.03 0.14
0.91 0.54 0.40 0.08
0.10 0.83 0.46 0.86
0.01 0.78 0.52 0.84
0.33 0.53 0.69 0.98
0.55 0.72 0.21 0.77
0.34 0.64 0.23 0.30
0.60 0.92 0.11 0.63
0.01 0.79 0.21 0.90
0.45 0.09 0.11 0.69
0.14 0.13 0.65 0.99
0.16 0.81 0.33 0.44
0.31 0.93 0.51 0.26
0.59 0.65 0.27 0.10
0.03 0.63 0.07 0.29
0.64 0.22 0.62 0.01
0.27 0.35 0.44 0.94
0.33 0.51 0.35 0.68
0.54 0.98 0.05 0.71
0.66 0.35 0.36 0.64
0.17 0.32 0.60 0.72
0.59 0.08 0.61 0.91
0.28 0.85 0.84 0.07
0.16 0.56 0.20 0.14
0.25 0.11 0.54 0.53
0.47 0.91 0.02 0.51
0.04 0.56 0.51 0.23
0.71 0.09 0.20 0.31
0.11 0.42 0.79 0.05
0.55 0.16 0.65 0.10
0.90 0.73 0.38 0.05
0.36 0.03 0.29 0.59
0.30 0.32 0.36 0.89
0.30 0.38 0.89 0.37
0.77 0.50 0.08 0.93
0.68 0.37 0.12 0.40
0.68 0.58 0.06 0.77
0.03 0.62 0.54 0.85
0.35 0.03 0.77 0.02
0.18 0.94 0.77 0.03
0.72 0.05 0.68 0.09
0.91 0.72 0.13 0.08
0.25 0.56 0.57 0.03
0.11 0.19 0.70 0.84
0.15 0.26 0.98 0.35
0.90 0.11 0.80 0.01
0.29 0.46 0.28 0.12
0.19 0.07 0.67 0.07
0.03 0.11 0.95 0.19
0.49 0.12 0.10 0.01
0.20 0.74 0.05 0.66
0.01 0.52 0.04 0.34
0.07 0.14 0.91 0.63
0.58 0.67 0.08 0.17
0.99 0.98 0.04 0.12
0.63 0.35 0.07 0.99
0.20 0.33 0.52 0.42
0.42 0.19 0.32 0.46
0.02 0.35 0.38 0.88
0.76 0.05 0.08 0.88
0.28 0.24 0.62 0.18
0.64 0.11 0.35 0.33
0.48 0.43 0.49 0.13
0.03 0.06 0.66 0.55
0.24 0.22 0.13 0.52
0.51 0.03 0.49 0.14
0.62 0.64 0.02 0.93
0.25 0.10 0.60 0.86
0.08 0.12 0.19 0.79
0.19 0.34 0.17 0.59
0.24 0.06 0.61 0.78
0.08 0.55 0.36 0.17
0.40 0.30 0.72 0.01
0.14 0.59 0.50 0.07
0.36 0.26 0.53 0.15
0.31 0.03 0.75 0.71
0.18 0.64 0.08 0.24
0.32 0.09 0.49 0.86
0.04 0.06 0.54 0.15
0.02 0.48 0.44 0.79
0.40 0.33 0.09 0.86
0.97 0.49 0.07 0.70
0.30 0.57 0.16 0.26
0.82 0.67 0.01 0.03
0.37 0.36 0.64 0.06
0.73 0.03 0.25 0.11
0.10 0.68 0.79 0.09
0.01 0.28 0.79 0.24
0.68 0.95 0.01 0.70
0.59 0.06 0.28 0.81
0.05 0.43 0.81 0.07
0.30 0.13 0.29 0.01
0.97 0.28 0.01 0.58
0.99 0.01 0.76 0.20
0.71 0.75 0.01 0.05
0.06 0.17 0.20 0.99
0.98 0.54 0.04 0.09
0.11 0.10 0.39 0.07
0.07 0.15 0.52 0.57
0.08 0.99 0.65 0.03
0.26 0.16 0.04 0.75
0.98 0.47 0.09 0.25
0.06 0.26 0.31 0.82
0.19 0.62 0.06 0.10
0.87 0.74 0.05 0.01
0.20 0.11 0.36 0.48
0.80 0.53 0.02 0.22
0.31 0.04 0.79 0.42
0.02 0.03 0.82 0.55
0.18 0.43 0.15 0.95
0.24 0.34 0.69 0.02
0.97 0.04 0.21 0.66
1.00 0.43 0.07 0.23
0.72 0.08 0.16 0.49
0.47 0.85 0.01 0.26
0.35 0.02 0.68 0.64
0.55 0.64 0.03 0.29
0.13 0.11 0.32 0.24
0.60 0.40 0.03 0.60
0.10 0.29 0.91 0.11
0.46 0.02 0.30 0.99
0.77 0.05 0.02 0.66
0.14 0.67 0.30 0.24
0.55 0.60 0.02 0.85
0.01 0.69 0.58 0.01
0.60 0.15 0.01 0.58
0.68 0.54 0.03 0.48
0.60 0.08 0.54 0.12
0.55 0.06 0.10 0.80
0.05 0.51 0.29 0.52
0.09 0.02 0.70 0.89
0.02 0.42 0.78 0.79
0.08 0.91 0.03 0.82
0.54 0.01 0.91 0.02
0.18 0.51 0.07 0.71
0.87 0.55 0.01 0.08
0.06 0.74 0.07 0.03
0.16 0.05 0.02 0.69
0.67 0.01 0.27 0.95
0.62 0.20 0.07 0.32
0.02 0.51 0.70 0.77
0.04 0.94 0.48 0.07
0.96 0.11 0.16 0.33
0.89 0.11 0.10 0.51
0.02 0.14 0.76 0.96
0.02 0.45 0.51 0.18
0.03 0.02 0.09 0.63
0.24 0.16 0.05 0.45
0.04 0.77 0.06 0.31
0.29 0.06 0.48 0.35
0.01 0.05 0.71 0.21
0.62 0.56 0.04 0.17
0.07 0.01 0.48 0.38
0.18 0.07 0.08 0.17
0.54 0.10 0.59 0.04
0.17 0.64 0.03 0.18
0.06 0.33 0.96 0.13
0.87 0.73 0.05 0.02
0.11 0.35 0.07 0.64
0.76 0.29 0.01 0.52
0.87 0.01 0.31 0.29
0.04 1.00 0.53 0.05
0.15 0.44 0.53 0.04
0.14 0.54 0.31 0.15
0.56 0.81 0.06 0.03
0.78 0.10 0.02 0.13
0.41 0.25 0.02 0.66
0.04 0.01 0.81 0.81
0.15 0.22 0.05 0.52
0.87 0.01 0.78 0.17
0.51 0.62 0.04 0.22
0.70 0.74 0.06 0.04
0.07 0.98 0.03 0.69
0.74 0.11 0.23 0.16
0.05 0.58 0.41 0.04
0.67 0.04 0.10 0.56
0.03 0.51 0.62 0.15
0.04 0.51 0.87 0.01
0.33 1.00 0.01 0.32
0.23 0.51 0.37 0.04
0.37 0.58 0.03 0.59
0.57 0.79 0.02 0.52
0.77 0.18 0.03 0.13
0.10 0.66 0.01 0.59
0.62 0.67 0.05 0.11
0.27 0.09 0.07 0.25
0.39 0.01 0.58 0.21
0.03 0.20 0.35 0.15
0.02 0.46 0.21 0.70
0.02 0.30 0.47 0.98
0.19 0.08 0.07 0.29
0.70 0.01 0.19 0.25
0.05 0.96 0.02 0.29
0.03 0.67 0.14 0.21
0.43 0.96 0.02 0.15
0.02 0.13 0.38 0.50
0.04 0.62 0.58 0.04
0.08 0.23 0.30 0.18
0.10 0.25 0.83 0.07
0.64 0.51 0.01 0.30
0.07 0.50 0.05 0.86
0.73 0.18 0.06 0.33
0.12 0.62 0.72 0.03
0.04 0.86 0.55 0.05
0.96 0.45 0.01 0.16
0.52 1.00 0.01 0.02
0.81 0.16 0.01 0.07
0.13 0.12 0.63 0.01
0.83 0.04 0.02 0.59
0.65 0.05 0.51 0.04
0.60 0.06 0.25 0.53
0.24 0.42 0.35 0.14
0.74 0.09 0.48 0.08
0.10 0.36 0.59 0.12
0.44 0.25 0.03 0.62
0.44 0.60 0.28 0.04
0.52 0.08 0.52 0.12
0.05 0.07 0.52 0.30
0.22 0.69 0.04 0.17
0.02 0.85 0.16 0.15
0.24 0.02 0.84 0.12
0.27 0.06 0.45 0.28
0.01 0.51 0.23 0.87
0.11 0.09 0.16 0.42
0.16 0.04 0.73 0.10
0.35 0.11 0.66 0.06
0.06 0.13 0.34 0.54
0.29 0.60 0.21 0.08
0.08 0.31 0.53 0.04
0.77 0.68 0.02 0.11
0.26 0.01 0.43 0.91
0.21 0.80 0.33 0.02
0.09 0.01 0.77 0.26
0.01 0.12 0.43 0.51
0.08 0.08 0.36 0.61
0.86 0.01 0.57 0.16
0.02 0.12 0.17 0.11
0.05 0.05 0.69 0.22
0.22 0.02 0.36 0.52
0.71 0.05 0.13 0.47
0.28 0.04 0.35 0.32
0.40 0.67 0.16 0.08
0.16 0.12 0.32 0.04
0.02 0.05 0.52 0.59
0.94 0.06 0.01 0.37
0.08 0.58 0.03 0.96
0.64 0.06 0.07 0.12
0.02 0.50 0.10 0.78
0.01 0.61 0.47 0.08
0.01 0.52 0.18 0.13
0.40 0.02 0.28 0.55
0.04 0.53 0.68 0.05
0.49 0.01 0.31 0.28
0.66 0.18 0.03 0.22
0.02 0.91 0.42 0.02
0.26 0.55 0.28 0.03
0.45 0.44 0.16 0.03
0.19 0.05 0.37 0.23
0.14 0.40 0.04 0.88
0.30 0.60 0.01 0.99
0.36 0.15 0.02 0.57
0.78 0.51 0.01 0.07
0.58 0.59 0.01 0.66
0.22 0.10 0.92 0.01
0.93 0.02 0.28 0.01
0.55 0.65 0.01 0.96
0.64 0.04 0.58 0.11
0.04 0.32 0.97 0.05
1.00 0.24 0.04 0.03
0.77 0.17 0.02 0.51
0.06 0.11 0.02 0.62
0.26 0.07 0.53 0.16
0.02 0.07 0.03 0.17
0.02 0.01 0.37 0.37
0.43 0.74 0.02 0.13
0.83 0.01 0.16 0.69
0.34 0.40 0.02 0.19
0.57 0.34 0.02 0.51
0.73 0.04 0.69 0.05
0.15 0.11 0.01 0.30
0.16 0.61 0.02 0.15
0.73 0.67 0.07 0.04
0.19 0.79 0.04 0.12
0.26 0.05 0.54 0.19
0.11 0.28 0.65 0.03
0.18 0.04 0.07 0.88
0.28 0.58 0.16 0.02
0.04 0.60 0.09 0.13
0.60 0.26 0.02 0.10
0.17 0.03 0.31 0.42
0.47 0.06 0.15 0.12
0.01 0.11 0.68 0.71
0.03 0.02 0.13 0.57
0.11 0.05 0.48 0.16
0.13 0.05 0.23 0.08
0.78 0.82 0.01 0.02
0.01 0.09 0.95 0.11
0.17 0.36 0.52 0.01
0.40 0.34 0.27 0.06
0.50 0.92 0.06 0.01
0.68 0.08 0.87 0.01
0.19 0.56 0.51 0.02
0.33 0.70 0.01 0.04
0.23 0.21 0.16 0.11
0.66 0.05 0.22 0.01
0.86 0.05 0.21 0.21
0.32 0.03 0.07 0.55
0.12 0.90 0.01 0.53
0.18 0.71 0.05 0.04
0.01 0.29 0.68 0.40
0.70 0.09 0.06 0.07
0.60 0.01 0.69 0.02
0.59 0.01 0.03 0.45
0.18 0.71 0.10 0.01
0.09 0.42 0.17 0.09
0.10 0.04 0.26 0.22
0.18 0.09 0.81 0.01
0.61 0.67 0.01 0.20
0.79 0.02 0.43 0.19
0.32 0.01 0.28 0.63
0.59 0.02 0.02 0.94
0.25 0.11 0.05 0.02
0.03 0.83 0.07 0.02
0.81 0.03 0.65 0.09
0.35 0.07 0.69 0.04
0.02 0.52 0.27 0.08
0.01 0.04 0.72 0.30
0.47 0.01 0.06 1.00
0.06 0.03 0.89 0.18
0.12 0.35 0.97 0.01
1.00 0.01 0.07 0.17
0.01 0.91 0.12 0.01
0.01 0.54 0.79 0.07
0.11 0.80 0.35 0.01
0.01 0.63 0.02 0.69
0.85 0.86 0.07 0.01
0.12 0.71 0.06 0.11
0.08 0.57 0.30 0.02
0.12 0.47 0.43 0.02
0.88 0.04 0.64 0.04
0.02 0.06 0.13 0.20
0.58 0.04 0.15 0.48
0.50 0.57 0.02 0.01
0.60 0.15 0.01 0.23
0.09 0.12 0.59 0.10
0.55 0.02 0.07 0.31
0.84 0.03 0.86 0.01
0.53 0.01 0.24 0.57
0.22 0.38 0.02 0.27
0.16 0.05 0.02 0.56
0.07 0.04 0.61 0.26
0.35 0.04 0.58 0.02
0.65 0.01 0.20 0.40
0.12 0.71 0.04 0.16
0.05 0.59 0.11 0.14
0.09 0.01 0.20 0.69
0.31 0.52 0.01 0.12
0.52 0.50 0.04 0.08
0.24 0.48 0.12 0.08
0.14 0.56 0.01 0.90
0.05 0.02 0.91 0.12
0.11 0.90 0.08 0.01
0.80 0.04 0.01 0.20
0.55 0.03 0.25 0.15
0.01 0.44 0.13 0.16
0.01 0.09 0.53 0.79
0.22 0.63 0.26 0.04
0.01 0.11 0.39 0.02
0.04 0.03 0.03 0.41
0.09 0.42 0.25 0.05
0.01 0.28 0.36 0.62
0.01 0.23 0.35 0.62
0.11 0.65 0.02 0.18
0.97 0.14 0.03 0.07
0.77 0.06 0.12 0.08
0.16 0.64 0.12 0.10
0.14 0.23 0.31 0.04
0.36 0.33 0.02 0.29
0.02 0.85 0.08 0.11
0.49 0.06 0.83 0.01
0.29 0.01 0.03 0.65
0.09 0.06 0.02 0.99
0.01 0.76 0.10 0.04
0.02 0.57 0.90 0.01
0.08 0.43 0.94 0.01
0.61 0.55 0.04 0.07
0.02 0.01 0.76 0.05
0.05 0.77 0.01 0.78
0.12 0.02 0.05 0.25
0.15 0.01 0.54 0.27
0.55 0.07 0.40 0.01
0.16 0.15 0.30 0.01
0.91 0.07 0.15 0.06
0.12 0.03 0.53 0.05
0.04 0.38 0.02 0.96
0.59 0.02 0.29 0.23
0.59 0.46 0.02 0.06
0.02 0.08 0.58 0.05
