400 4
0.35 1.00 0.35 0.47
0.74 0.25 0.84 0.82
0.63 0.97 0.71 0.54
0.45 0.81 0.49 0.62
0.59 0.56 0.59 0.93
0.10 0.59 0.02 0.69
0.83 0.59 0.83 0.08
0.60 0.78 0.62 0.13
0.02 0.60 0.68 0.76
0.35 0.01 0.06 0.06
0.85 0.52 0.09 0.01
0.55 0.11 0.18 0.05
0.06 0.81 0.88 0.70
0.68 0.95 0.69 0.04
0.01 0.14 0.93 0.34
0.43 0.09 0.04 0.28
0.21 0.56 0.75 0.68
0.18 0.34 0.88 0.54
0.25 0.10 0.46 0.98
0.09 0.57 0.25 0.96
0.43 0.23 0.01 0.96
0.18 0.53 0.81 0.01
0.16 0.35 0.95 0.07
0.18 0.03 0.76 0.75
0.16 0.96 0.90 0.57
0.04 0.05 0.06 0.60
0.44 0.84 0.04 0.17
0.12 0.54 0.90 0.51
0.33 0.93 0.53 0.24
0.90 0.66 0.01 0.91
0.70 0.81 0.27 0.03
0.27 0.42 0.66 0.48
0.02 0.85 0.39 0.70
0.21 0.07 0.99 0.55
0.25 0.35 0.08 0.54
0.44 0.60 0.03 0.68
0.21 0.01 0.80 0.43
0.79 0.89 0.13 0.04
0.16 0.06 0.71 0.10
0.16 0.54 0.46 0.19
0.67 0.94 0.72 0.02
0.24 0.82 0.55 0.04
0.06 0.60 0.62 0.55
0.06 0.96 0.17 0.04
0.06 0.73 0.73 0.47
0.30 0.10 0.37 0.26
0.02 0.13 0.89 0.66
0.33 0.44 0.04 0.56
0.47 0.53 0.46 0.02
0.94 0.72 0.07 0.02
0.33 0.12 0.04 0.85
0.77 0.83 0.03 0.51
0.05 0.26 0.62 0.51
0.64 0.19 0.60 0.03
0.42 0.66 0.64 0.01
0.26 0.65 0.20 0.01
0.24 0.84 0.24 0.04
0.14 0.70 0.92 0.20
0.95 0.10 0.81 0.05
0.22 0.34 0.70 0.33
0.01 0.87 0.81 0.03
0.23 0.50 0.99 0.03
0.11 0.95 0.56 0.52
0.15 0.05 0.78 0.47
0.09 0.54 0.09 0.40
0.49 0.42 0.78 0.01
0.32 0.18 0.09 0.11
0.23 0.97 0.01 0.16
0.11 0.92 0.36 0.30
0.88 0.06 0.92 0.05
0.11 0.48 0.84 0.23
0.01 0.90 0.04 0.86
0.80 0.31 0.07 0.01
0.91 0.44 0.02 0.41
0.14 0.64 0.75 0.18
0.22 0.92 0.14 0.36
0.03 0.86 0.81 0.50
0.01 0.58 0.71 0.60
0.29 0.08 0.66 0.31
0.15 0.42 0.61 0.31
0.04 0.56 0.69 0.14
0.31 0.22 0.56 0.16
0.53 0.98 0.03 0.08
0.28 0.90 0.04 0.13
0.15 0.43 0.77 0.14
0.94 0.09 0.81 0.05
0.39 0.42 0.55 0.04
0.68 0.08 0.04 0.57
0.26 0.23 0.32 0.14
0.88 0.07 0.46 0.03
0.09 0.16 0.87 0.01
0.58 0.54 0.01 0.89
0.81 0.65 0.03 0.12
0.31 0.37 0.05 0.09
0.03 0.03 0.33 0.21
0.64 0.18 0.86 0.01
0.43 0.44 0.02 0.56
0.07 0.63 0.23 0.49
0.60 0.95 0.01 0.52
0.06 0.16 0.63 0.09
0.67 0.76 0.02 0.46
0.82 0.77 0.02 0.11
0.12 0.14 0.09 0.51
0.08 0.61 0.46 0.06
0.02 0.60 0.19 0.53
0.49 0.04 0.01 0.10
0.05 0.61 0.59 0.15
0.35 0.95 0.19 0.04
0.10 0.52 0.12 0.57
0.23 0.06 0.26 0.23
0.12 0.04 0.28 0.61
0.16 0.77 0.69 0.03
0.09 0.84 0.38 0.03
0.32 0.57 0.04 0.24
0.19 0.28 0.05 0.92
0.16 0.87 0.29 0.18
0.30 0.29 0.05 0.51
0.01 0.67 0.16 0.77
0.64 0.63 0.11 0.01
0.12 0.14 0.18 0.31
0.02 0.86 0.76 0.36
0.33 0.08 0.37 0.10
0.06 0.08 0.13 0.13
0.64 0.59 0.03 0.07
0.01 0.59 0.58 0.58
0.80 0.62 0.05 0.05
0.01 0.82 0.26 0.39
0.07 0.55 0.05 0.69
0.82 0.10 0.28 0.04
0.75 0.02 0.05 0.74
0.02 0.58 0.75 0.53
0.18 0.03 0.81 0.09
0.48 0.90 0.01 0.68
0.15 0.12 0.10 0.44
0.01 0.26 0.07 0.52
0.06 0.72 0.03 0.46
0.95 0.06 0.83 0.04
0.29 0.01 0.48 0.80
0.51 0.06 0.28 0.02
0.64 0.85 0.02 0.08
0.03 0.59 0.85 0.11
0.04 0.10 0.13 0.42
0.27 0.52 0.80 0.07
0.48 0.62 0.10 0.05
0.56 0.51 0.35 0.01
0.20 0.81 0.07 0.05
0.59 0.20 0.68 0.01
0.07 0.81 0.12 0.31
0.02 0.68 0.69 0.50
0.04 0.56 0.58 0.01
0.18 1.00 0.09 0.22
0.55 0.72 0.12 0.03
0.12 0.56 0.03 0.17
0.67 0.22 0.26 0.03
0.03 0.62 0.39 0.11
0.24 0.32 0.65 0.06
0.12 0.33 0.08 0.22
0.12 0.43 0.02 0.48
0.18 0.02 0.89 0.93
0.01 0.57 0.20 0.10
0.17 0.07 0.33 0.07
0.39 0.11 0.03 0.91
0.01 0.50 0.11 0.19
0.12 0.86 0.01 0.90
0.04 0.65 0.09 0.28
0.73 0.03 0.03 0.51
0.36 0.14 0.04 0.33
0.21 0.10 0.70 0.06
0.81 0.02 0.54 0.01
0.02 0.16 0.12 0.09
0.19 0.73 0.02 0.30
0.16 0.02 0.29 0.20
0.96 0.81 0.05 0.02
0.01 0.42 0.68 0.11
0.72 0.03 0.77 0.04
0.05 0.88 0.03 0.73
0.06 0.63 0.03 0.54
0.01 0.14 0.73 0.80
0.21 0.18 0.72 0.02
0.58 0.43 0.23 0.01
0.11 0.35 0.12 0.07
0.13 0.65 0.01 0.69
0.02 0.02 0.96 0.37
0.15 0.03 0.23 0.62
0.17 0.85 0.24 0.01
0.24 0.55 0.05 0.34
0.28 0.01 0.45 0.57
0.18 0.24 0.62 0.04
0.32 0.65 0.01 0.52
0.24 0.03 0.11 0.14
0.02 0.08 0.76 0.39
0.03 0.58 0.03 0.89
0.16 0.01 0.64 0.87
0.23 0.01 0.63 0.77
0.12 0.23 0.76 0.02
0.11 0.02 0.66 0.57
0.39 0.70 0.01 0.43
0.28 0.53 0.03 0.01
0.01 0.11 0.75 0.82
0.57 0.64 0.01 0.06
0.08 0.43 0.03 0.35
0.29 0.38 0.54 0.06
0.10 0.58 0.51 0.05
0.20 0.07 0.28 0.51
0.21 0.05 0.90 0.04
0.02 0.90 0.65 0.02
0.69 0.44 0.14 0.03
0.11 0.22 0.60 0.06
0.01 0.06 0.07 0.78
0.23 0.01 0.70 0.34
0.90 0.02 0.04 0.57
0.67 0.11 0.99 0.01
0.01 0.37 0.16 0.11
0.01 0.71 0.89 0.07
0.10 0.41 0.08 0.51
0.27 0.47 0.01 0.21
0.17 0.85 0.01 0.27
0.54 0.32 0.76 0.01
0.07 0.52 0.03 0.92
0.01 0.07 0.72 0.27
0.05 0.51 0.76 0.03
0.03 0.74 0.01 0.97
0.30 0.08 0.03 0.60
0.24 0.24 0.05 0.07
0.64 0.01 0.53 0.05
0.15 0.01 0.76 0.37
0.07 0.06 0.27 0.07
0.11 0.73 0.57 0.03
0.08 0.33 0.10 0.31
0.13 0.02 0.82 0.07
0.04 0.99 0.01 0.89
0.16 0.01 0.16 0.58
0.02 0.61 0.36 0.03
0.07 0.82 0.06 0.01
0.14 0.02 0.39 0.80
0.07 0.01 0.51 0.59
0.01 0.07 0.27 0.35
0.30 0.16 0.64 0.03
0.12 0.63 0.01 0.18
0.06 0.69 0.18 0.01
0.02 0.39 0.82 0.06
0.01 0.03 0.53 0.14
0.13 0.55 0.60 0.02
0.12 0.31 0.02 0.98
0.20 0.91 0.02 0.04
0.34 0.75 0.02 0.04
0.01 0.88 0.03 0.22
0.03 0.56 0.04 0.51
0.37 0.52 0.36 0.03
0.79 0.05 0.41 0.03
0.54 0.07 0.25 0.04
0.38 0.11 0.01 0.60
0.33 0.01 0.93 0.15
0.01 0.06 0.43 0.59
0.56 0.47 0.67 0.01
0.21 0.55 0.17 0.06
0.13 0.03 0.02 0.11
0.05 0.02 0.62 0.63
0.71 0.20 0.19 0.02
0.91 0.97 0.02 0.03
0.22 0.38 0.01 0.26
0.40 0.01 0.25 0.02
0.06 0.01 0.17 0.52
0.18 0.02 0.65 0.02
0.25 0.04 0.59 0.08
0.23 0.01 0.61 0.01
0.21 0.40 0.53 0.06
0.53 0.01 0.05 0.97
0.10 0.02 0.77 0.16
0.01 0.69 0.06 0.32
0.03 0.56 0.94 0.03
0.33 0.42 0.02 0.07
0.19 0.01 0.33 0.46
0.20 0.19 0.16 0.04
0.01 0.04 0.12 0.91
0.12 0.40 0.55 0.01
0.04 0.13 0.19 0.01
0.01 0.52 0.05 0.70
0.70 0.15 0.06 0.02
0.08 0.18 0.11 0.47
0.02 0.91 0.02 0.63
0.02 0.29 0.55 0.01
0.65 0.44 0.02 0.06
0.24 0.18 0.01 0.44
0.54 0.02 0.07 0.01
0.06 0.06 0.02 0.21
0.02 0.53 0.10 0.14
0.03 0.06 0.29 0.19
0.33 0.12 0.01 0.79
0.02 0.09 0.28 0.01
0.30 0.01 0.55 0.44
0.06 0.66 0.08 0.15
0.31 0.39 0.01 0.01
0.01 0.42 0.88 0.08
0.13 0.02 0.48 0.40
0.14 0.17 0.01 0.49
0.02 0.42 0.01 0.90
0.24 0.01 0.14 0.64
0.04 0.02 0.63 0.64
0.16 0.68 0.06 0.10
0.90 0.31 0.04 0.06
0.04 0.66 0.11 0.08
0.53 0.33 0.06 0.02
0.01 0.95 0.53 0.04
0.04 0.46 0.03 0.89
0.03 0.77 0.27 0.01
0.41 0.06 0.01 0.64
0.64 0.19 0.01 0.03
0.17 0.71 0.06 0.02
0.03 0.05 0.82 0.08
0.01 0.54 0.85 0.02
0.07 0.01 0.09 0.67
0.01 0.79 0.11 0.17
0.04 0.76 0.02 0.69
0.02 0.21 0.01 0.93
0.61 0.21 0.03 0.09
0.02 0.48 0.06 0.42
0.09 0.37 0.01 0.65
0.01 0.73 0.72 0.01
0.07 0.02 0.53 0.12
0.26 0.15 0.01 0.31
0.23 0.04 0.47 0.09
0.03 1.00 0.01 0.59
0.04 0.01 0.34 0.50
0.01 0.02 0.77 0.86
0.04 0.48 0.10 0.25
0.09 0.61 0.01 0.30
0.03 0.75 0.03 0.11
0.04 0.45 0.05 0.65
0.12 0.55 0.05 0.19
0.02 0.95 0.02 0.37
0.02 0.01 0.63 0.77
0.51 0.02 0.02 0.96
0.26 0.81 0.05 0.01
0.01 0.68 0.02 0.63
0.94 0.01 0.05 0.04
0.23 0.03 0.45 0.07
0.21 0.13 0.05 0.09
0.34 0.01 0.13 0.51
0.07 0.31 0.01 0.42
0.60 0.02 0.04 0.54
0.13 0.67 0.03 0.07
0.07 0.92 0.02 0.02
0.01 0.05 0.78 0.13
0.01 0.60 0.65 0.07
0.05 0.08 0.04 0.28
0.34 0.01 0.01 0.96
0.86 0.15 0.01 0.03
0.20 0.01 0.52 0.11
0.74 0.05 0.02 0.03
0.20 0.35 0.13 0.04
0.08 0.04 0.09 0.34
0.03 0.01 0.85 0.69
0.13 0.83 0.01 0.14
0.02 0.04 0.20 0.52
0.04 0.08 0.58 0.09
0.13 0.21 0.01 0.85
0.24 0.07 0.53 0.05
0.12 0.52 0.12 0.05
0.04 0.01 0.66 0.31
0.01 0.83 0.01 0.75
0.01 0.53 0.03 0.63
0.01 1.00 0.33 0.07
0.06 0.98 0.01 0.42
1.00 0.33 0.04 0.02
0.59 0.27 0.03 0.09
0.04 0.04 0.15 0.88
0.14 0.02 0.03 0.21
0.90 0.02 0.01 0.83
0.10 0.02 0.14 0.45
0.20 0.26 0.02 0.08
0.01 0.32 0.05 0.63
0.04 0.09 0.04 0.01
0.14 0.80 0.02 0.07
0.17 0.53 0.01 0.10
0.19 0.01 0.20 0.09
0.02 0.02 0.84 0.35
0.18 0.01 0.84 0.01
0.01 0.42 0.78 0.03
0.14 0.63 0.01 0.15
0.03 0.05 0.81 0.04
0.36 0.04 0.01 0.62
0.01 0.59 0.62 0.07
0.52 0.05 0.11 0.01
0.03 0.02 0.33 0.82
0.20 0.02 0.01 0.69
0.03 0.31 0.04 0.16
0.11 0.82 0.02 0.02
0.08 0.87 0.01 0.05
0.19 0.56 0.03 0.09
0.73 0.01 0.05 0.15
0.01 0.08 0.12 0.73
0.20 0.22 0.03 0.09
0.05 0.02 0.06 0.55
0.51 0.08 0.03 0.05
0.05 0.01 0.51 0.13
0.01 0.18 0.33 0.25
0.01 0.57 0.57 0.04
0.03 0.64 0.01 0.16
0.02 0.23 0.07 0.67
