400 4
0.54 0.58 0.77 0.63
0.53 0.75 0.71 0.65
0.07 0.31 0.14 0.01
0.63 0.23 0.71 0.92
0.01 0.59 0.55 0.93
0.20 0.62 0.03 0.30
0.02 0.70 0.59 0.84
0.63 0.30 0.48 0.49
1.00 0.11 0.87 0.88
0.47 0.23 0.42 0.53
0.59 0.15 0.67 0.78
0.71 0.20 0.79 0.48
0.64 0.13 0.45 0.33
0.85 0.19 0.28 0.75
0.06 0.38 0.43 0.96
0.43 0.16 0.85 0.69
0.95 0.75 0.09 0.09
0.97 0.02 0.34 0.66
0.44 0.29 0.73 0.46
0.54 0.74 0.03 0.20
0.25 0.21 0.58 0.58
0.97 0.08 0.65 0.49
0.20 0.29 0.62 0.69
0.55 0.07 0.52 0.53
0.73 0.45 0.02 0.06
0.30 0.10 0.69 0.26
0.02 0.91 0.11 0.84
0.42 0.04 0.82 0.35
0.01 0.95 0.46 0.20
0.70 0.44 0.05 0.88
0.73 0.37 0.11 0.89
0.97 0.01 0.95 1.00
0.29 0.12 0.56 0.83
0.06 0.66 0.84 0.11
0.65 0.13 0.92 0.17
0.52 0.28 0.53 0.32
0.64 0.18 0.19 0.56
0.69 0.53 0.10 0.41
0.05 0.71 0.47 0.55
0.04 0.55 0.18 0.92
0.71 0.06 0.31 0.61
0.07 0.28 0.14 0.38
0.06 0.88 0.83 0.17
0.10 0.27 0.64 0.51
0.33 0.05 0.97 0.82
0.90 0.02 0.21 0.49
0.28 0.04 0.54 0.64
0.06 0.30 0.73 0.19
0.72 0.02 0.13 0.94
0.03 0.36 0.62 0.61
0.87 0.19 0.11 0.48
0.49 0.55 0.02 0.69
0.70 0.10 0.30 0.80
0.06 0.41 0.15 0.55
0.55 0.22 0.75 0.01
0.51 0.27 0.78 0.19
0.75 0.14 0.28 0.45
0.42 0.15 0.39 0.55
0.32 0.29 0.85 0.02
0.70 0.30 0.63 0.07
0.58 0.23 0.36 0.77
0.11 0.12 0.86 0.88
0.95 0.01 0.75 0.39
0.09 0.19 0.04 0.69
0.04 0.30 0.85 0.68
0.17 0.20 0.69 0.15
0.69 0.02 0.92 0.70
0.94 0.15 0.68 0.13
0.02 0.61 0.40 0.73
0.02 0.59 0.15 0.77
0.51 0.12 0.38 0.81
0.57 0.34 0.10 0.31
0.28 0.11 0.94 0.50
0.78 0.05 0.58 0.30
0.07 0.15 0.37 0.65
0.68 0.13 0.91 0.01
0.33 0.17 0.36 0.77
0.92 0.15 0.07 0.03
0.54 0.14 0.22 0.62
0.90 0.19 0.60 0.25
0.78 0.24 0.16 0.19
0.58 0.77 0.01 0.32
0.27 0.01 0.57 0.76
0.69 0.15 0.31 0.60
0.27 0.19 0.61 0.59
0.56 0.71 0.01 0.55
0.02 0.27 0.51 0.99
0.29 0.19 0.08 0.09
0.05 0.56 0.85 0.19
0.25 0.01 0.70 0.70
0.92 0.18 0.03 0.62
0.02 0.90 0.98 0.66
0.91 0.24 0.36 0.05
0.19 0.17 0.72 0.26
0.57 0.09 0.01 0.38
0.01 0.72 0.09 0.74
0.40 0.17 0.34 0.96
0.59 0.02 0.54 0.37
0.40 0.04 0.84 0.20
0.17 0.09 0.99 0.92
0.04 0.77 0.71 0.52
0.09 0.22 0.93 0.09
0.26 0.62 0.11 0.03
0.28 0.26 0.38 0.57
0.59 0.15 0.41 0.06
0.03 0.81 0.92 0.36
0.71 0.12 0.91 0.17
0.36 0.02 0.20 0.02
0.22 0.40 0.09 0.60
0.31 0.02 0.05 0.87
0.04 0.59 0.11 0.87
0.01 0.81 0.34 0.65
0.41 0.11 0.11 0.51
0.62 0.01 0.05 0.50
0.07 0.16 0.26 0.79
0.18 0.02 0.64 0.58
0.09 0.03 0.89 0.71
0.03 0.67 0.14 0.07
0.19 0.13 0.20 0.84
0.01 0.76 0.66 0.06
0.60 0.46 0.01 0.13
0.04 0.61 0.63 0.11
0.03 0.53 0.07 0.65
0.05 0.55 0.87 0.38
0.17 0.25 0.60 0.35
0.77 0.01 0.99 0.22
0.58 0.01 0.11 0.53
0.18 0.02 0.21 0.32
0.05 0.01 0.71 0.58
0.88 0.04 0.17 0.36
0.04 0.29 0.77 0.45
0.27 0.90 0.02 0.91
0.15 0.20 0.48 0.50
0.06 0.56 0.03 0.38
0.01 0.20 0.88 0.59
0.01 0.16 0.53 0.79
0.02 0.67 0.55 0.63
0.05 0.03 0.27 0.97
0.58 0.23 0.01 0.10
0.14 0.11 1.00 0.43
0.05 0.07 0.09 0.99
0.05 0.52 0.26 0.12
0.08 0.03 0.33 0.70
0.09 0.27 0.86 0.20
0.02 0.50 0.56 0.19
0.52 0.19 0.06 0.63
0.17 0.11 0.60 0.63
0.35 0.13 0.03 0.94
0.11 0.20 0.88 0.57
0.96 0.08 0.12 0.45
0.59 0.04 0.08 0.58
0.08 0.82 0.10 0.08
0.01 0.46 0.04 0.68
0.95 0.01 0.79 0.17
0.15 0.08 0.94 0.03
0.02 0.23 0.10 0.73
0.17 0.11 0.87 0.45
0.22 0.09 0.49 0.22
0.01 0.39 0.16 0.30
0.07 0.09 0.29 0.08
0.05 0.34 0.46 0.15
0.02 0.01 0.93 0.78
0.03 0.86 0.58 0.04
0.24 0.01 0.67 0.63
0.09 0.67 0.02 0.53
0.40 0.63 0.02 1.00
0.12 0.16 0.09 0.46
0.55 0.01 0.04 0.57
0.10 0.03 0.95 0.38
0.11 0.02 0.70 0.81
0.06 0.21 0.57 0.55
0.01 0.11 0.05 0.67
0.97 0.96 0.01 0.04
0.76 0.34 0.06 0.09
0.01 0.17 0.81 0.23
0.47 0.69 0.04 0.16
0.10 0.04 0.22 0.82
0.87 0.20 0.87 0.01
0.65 0.17 0.34 0.01
0.96 0.20 0.08 0.01
0.44 0.02 0.01 0.66
0.25 0.12 0.09 0.39
0.18 0.19 0.18 0.44
0.77 0.30 0.19 0.08
0.17 0.01 0.25 0.53
0.13 0.87 0.05 0.20
0.41 0.94 0.01 0.68
0.26 0.06 0.14 0.78
0.46 0.29 0.02 0.48
0.82 0.15 0.86 0.01
0.04 0.02 0.54 0.01
0.86 0.14 0.15 0.03
0.12 0.72 0.13 0.01
0.28 0.54 0.03 0.82
0.45 0.26 0.01 0.06
0.38 0.51 0.01 0.83
0.13 0.08 0.14 0.23
0.01 0.13 0.80 0.61
0.06 0.10 0.37 0.34
0.04 0.98 0.23 0.05
0.03 0.58 0.11 0.61
0.91 0.48 0.09 0.05
0.01 0.69 0.79 0.02
0.27 0.06 0.11 0.82
0.29 0.43 0.04 0.17
0.04 0.07 0.20 0.20
0.03 0.02 0.86 0.86
0.17 0.47 0.10 0.15
0.44 0.33 0.01 0.29
0.07 0.93 0.12 0.26
0.54 0.08 0.01 0.19
0.05 0.34 0.41 0.17
0.22 0.67 0.01 0.36
0.03 0.42 0.01 0.83
0.77 0.01 0.60 0.45
0.85 0.01 0.31 0.36
0.02 0.14 0.53 0.19
0.55 0.01 1.00 0.19
0.04 0.04 0.30 0.97
0.50 0.16 0.01 0.42
0.02 0.07 0.74 0.98
0.06 0.18 0.43 0.13
0.54 0.07 0.05 0.60
0.04 0.45 0.01 0.72
0.29 0.28 0.04 0.35
0.03 0.04 0.60 0.97
0.01 0.23 0.03 1.00
0.08 0.67 0.02 0.18
0.21 0.67 0.03 0.10
0.04 0.27 0.33 0.14
0.05 0.88 0.04 0.67
0.86 0.11 0.05 0.12
0.28 0.36 0.07 0.41
0.75 0.01 0.56 0.09
0.01 1.00 0.13 0.53
0.42 0.64 0.02 0.13
0.07 0.84 0.02 0.60
0.85 0.66 0.02 0.05
0.17 0.04 0.16 0.40
0.03 0.99 0.01 0.75
0.19 0.07 0.11 0.82
0.06 0.52 0.16 0.28
0.03 0.12 0.95 0.17
0.05 0.01 0.25 0.89
0.56 0.11 0.52 0.01
0.18 0.63 0.05 0.16
0.35 0.14 0.04 0.83
0.04 0.01 0.77 0.19
0.18 0.55 0.05 0.07
0.15 0.53 0.06 0.61
0.10 0.33 0.13 0.02
0.92 0.03 0.01 0.62
0.10 0.23 0.17 0.65
0.26 0.53 0.04 0.62
0.43 0.58 0.02 0.64
0.89 0.03 0.10 0.06
0.08 0.07 0.48 0.14
0.78 0.04 0.12 0.27
0.51 0.09 0.08 0.49
0.03 0.01 0.52 0.92
0.01 0.58 0.98 0.04
0.03 0.61 0.06 0.46
0.14 0.13 0.10 0.35
0.63 1.00 0.06 0.02
0.14 0.02 0.32 0.67
0.01 0.02 0.78 0.55
0.04 0.18 0.19 0.16
0.61 0.05 0.15 0.36
0.09 0.37 0.06 0.62
0.21 0.26 0.02 0.83
0.03 0.55 0.41 0.05
0.91 0.01 0.94 0.07
0.18 0.94 0.01 0.53
0.21 0.73 0.10 0.04
0.21 0.24 0.06 0.42
0.30 0.10 0.09 0.16
0.01 0.54 0.09 0.39
0.16 0.59 0.02 0.67
0.06 0.03 0.29 0.75
0.89 0.07 0.03 0.54
0.73 0.01 0.86 0.10
0.72 0.06 0.02 0.34
0.63 0.06 0.03 0.40
0.70 0.85 0.05 0.01
0.22 0.21 0.28 0.10
0.11 0.56 0.09 0.32
0.02 0.09 0.87 0.52
0.12 0.16 0.38 0.06
0.10 0.63 0.10 0.17
0.28 0.46 0.03 0.18
0.35 0.06 0.13 0.52
0.42 0.02 0.08 0.70
1.00 0.06 0.24 0.01
0.62 0.04 0.01 0.61
0.08 0.45 0.04 0.60
0.40 0.58 0.03 0.02
0.81 0.01 0.02 0.39
0.53 0.02 0.06 0.52
0.20 0.25 0.53 0.01
0.09 0.09 0.14 0.74
0.37 0.53 0.01 0.64
0.94 0.04 0.08 0.24
0.80 0.01 0.77 0.05
0.06 0.63 0.30 0.06
0.78 0.33 0.09 0.01
0.01 0.13 0.13 0.30
0.65 0.01 0.16 0.30
0.01 0.51 0.02 0.15
0.57 0.88 0.02 0.04
0.64 0.25 0.16 0.01
0.62 0.07 0.04 0.25
0.04 0.01 0.17 0.83
0.10 0.76 0.01 0.56
0.34 0.13 0.05 0.58
0.62 0.13 0.08 0.01
0.39 0.45 0.04 0.05
0.58 0.76 0.01 0.04
0.66 0.01 0.88 0.17
0.63 0.11 0.06 0.09
0.54 0.09 0.13 0.17
0.30 0.10 0.02 0.72
0.01 0.40 0.89 0.01
0.73 0.01 0.45 0.01
0.39 0.23 0.09 0.08
0.24 0.13 0.02 0.69
0.26 0.03 0.14 0.62
0.21 0.02 0.11 0.26
0.12 0.06 0.16 0.68
0.09 0.02 0.42 0.73
0.01 0.47 0.01 0.78
0.33 0.19 0.23 0.04
0.41 0.14 0.02 0.06
0.65 0.01 0.53 0.10
0.02 0.38 0.85 0.01
0.12 0.06 0.45 0.48
0.26 0.23 0.11 0.10
0.36 0.48 0.02 0.66
0.26 0.01 0.03 0.35
0.23 0.01 0.39 0.03
0.01 0.48 0.18 0.01
0.13 0.01 0.53 0.28
0.56 0.04 0.07 0.07
0.02 0.06 0.52 0.57
0.05 0.02 0.26 0.58
0.04 0.86 0.01 0.09
0.06 0.01 0.26 0.69
0.14 0.03 0.12 0.36
0.76 0.88 0.01 0.03
0.06 0.45 0.52 0.08
0.23 0.07 0.06 0.55
0.01 0.32 0.08 0.49
0.28 0.26 0.01 0.21
0.26 0.59 0.03 0.05
0.02 0.01 0.72 0.69
0.61 0.04 0.42 0.01
0.25 0.33 0.05 0.51
0.11 0.01 0.39 0.55
0.05 0.22 0.13 0.12
0.05 0.59 0.10 0.06
0.02 0.45 0.01 0.95
0.52 0.22 0.01 0.21
0.10 0.08 0.02 0.78
0.12 0.27 0.32 0.03
0.80 0.58 0.05 0.01
0.12 0.02 0.52 0.22
0.14 0.02 0.49 0.32
0.03 0.30 0.52 0.10
0.03 0.15 0.92 0.01
0.15 0.12 0.09 0.60
0.14 0.12 0.13 0.22
0.14 0.53 0.01 0.32
0.87 0.79 0.03 0.01
0.09 0.18 0.05 0.48
0.19 0.01 0.74 0.21
0.01 0.11 0.37 0.64
0.66 0.05 0.06 0.34
0.23 0.29 0.05 0.39
0.92 0.06 0.01 0.55
0.02 0.08 0.82 0.44
0.15 0.16 0.04 0.74
0.02 0.77 0.01 0.02
0.22 0.08 0.01 0.96
0.03 0.02 0.43 0.04
0.32 0.07 0.14 0.20
0.13 0.01 0.37 0.67
0.66 0.01 0.35 0.14
0.01 0.01 0.70 0.79
0.01 0.13 0.76 0.01
0.19 0.28 0.28 0.10
0.01 0.44 0.01 0.60
0.01 0.02 0.90 0.11
0.12 0.31 0.04 0.39
0.19 0.05 0.01 0.59
0.02 0.05 0.53 0.52
0.05 0.01 0.25 0.73
0.01 0.05 0.32 0.36
0.19 0.22 0.25 0.08
0.40 0.20 0.35 0.01
0.46 0.01 0.29 0.17
0.04 0.13 0.04 0.57
