400 4
0.69 0.82 0.50 0.99
0.91 0.43 0.90 0.83
0.40 0.35 0.61 0.48
0.22 0.74 0.70 0.90
0.80 0.10 0.79 0.65
0.45 0.51 0.75 0.03
0.62 0.28 0.52 0.89
0.03 0.99 0.67 0.95
0.38 0.53 0.78 0.80
0.62 0.48 0.48 0.78
0.62 0.18 0.75 0.45
0.95 0.15 0.16 0.30
0.01 0.46 0.67 0.14
0.26 0.09 0.70 0.03
0.37 0.55 0.21 0.98
0.72 0.25 0.01 0.41
0.90 0.65 0.13 0.07
0.24 0.64 0.87 0.09
0.99 0.09 0.57 0.89
0.25 0.78 0.13 0.30
0.54 0.58 0.22 0.25
0.22 0.02 0.76 0.85
0.51 0.45 0.55 0.62
0.91 0.13 0.09 0.57
0.78 0.89 0.02 0.06
0.63 0.25 0.64 0.95
0.03 0.06 0.19 0.60
0.98 0.42 0.43 0.29
0.12 0.88 0.36 0.05
0.05 0.59 0.56 0.14
0.14 0.36 0.03 0.89
0.81 0.85 0.21 0.18
0.59 0.86 0.10 0.59
0.78 0.06 0.80 0.45
0.97 0.14 0.63 0.53
0.36 0.21 0.11 0.02
0.69 0.59 0.02 0.71
0.07 0.14 0.43 0.51
0.50 0.35 0.10 0.95
0.16 0.13 0.08 0.84
0.25 0.35 0.42 0.58
0.73 0.04 0.94 0.64
0.63 0.15 0.05 0.22
0.17 0.06 0.03 0.56
0.70 0.09 0.67 0.32
0.25 0.62 0.93 0.10
0.08 0.32 0.69 0.15
0.35 0.05 1.00 0.54
0.21 0.85 0.20 0.06
0.06 0.73 0.54 0.01
0.19 0.64 0.52 0.05
0.40 0.19 0.06 0.55
0.02 0.12 0.81 0.53
0.18 0.30 0.26 0.35
0.02 0.83 0.56 0.80
0.02 0.91 0.53 0.49
0.33 0.76 0.51 0.19
0.24 0.51 0.73 0.11
0.79 0.74 0.32 0.01
0.46 0.05 0.45 0.13
0.61 0.53 0.01 0.47
0.06 0.42 0.74 0.01
0.01 0.22 0.75 0.29
0.02 0.45 0.62 0.26
0.25 0.02 0.79 0.62
0.66 0.93 0.06 0.01
0.15 0.37 0.66 0.34
0.82 0.05 0.27 0.59
0.04 0.25 0.47 0.01
0.02 0.11 0.22 0.52
0.66 0.03 0.12 0.11
0.09 0.54 0.22 0.23
0.03 0.86 0.34 0.10
0.04 0.06 0.78 0.54
0.63 0.01 0.73 0.53
0.61 0.17 0.03 0.11
0.01 0.88 0.63 0.71
0.31 0.20 0.38 0.16
0.01 0.63 0.51 0.62
0.36 0.05 0.62 0.93
0.68 0.04 0.11 0.99
0.87 0.01 0.79 0.36
0.57 0.32 0.36 0.01
0.01 0.62 0.11 0.12
0.16 1.00 0.06 0.73
0.36 0.03 0.70 0.79
0.52 0.09 0.45 0.11
0.49 0.03 0.97 0.27
0.20 0.95 0.14 0.03
0.81 0.01 0.65 0.12
0.78 0.72 0.03 0.08
0.12 0.02 0.71 0.33
0.30 0.35 0.09 0.41
0.37 0.13 0.32 0.39
0.77 0.54 0.01 0.12
0.11 0.42 0.13 0.49
0.08 0.68 0.02 0.54
0.03 0.60 0.53 0.42
0.02 0.17 0.53 0.02
0.93 0.02 0.54 0.50
0.52 0.04 0.46 0.59
0.91 0.02 0.49 0.91
0.63 0.03 0.49 0.86
0.24 0.34 0.19 0.35
0.38 0.53 0.01 0.22
0.05 0.09 0.03 0.53
0.76 0.15 0.17 0.04
0.04 0.35 0.12 0.53
0.34 0.77 0.01 0.92
0.89 0.02 0.08 0.99
0.25 0.55 0.42 0.19
0.07 0.59 0.31 0.33
0.66 0.02 0.37 0.63
0.16 0.04 0.60 0.17
0.41 0.88 0.02 0.18
0.56 0.03 0.78 0.08
0.10 0.02 0.36 0.70
0.61 0.02 0.45 0.07
0.01 0.06 0.34 0.98
0.02 0.43 0.01 0.61
0.02 0.39 0.03 0.36
0.86 0.02 0.75 0.01
0.02 0.89 0.82 0.01
0.53 0.36 0.01 0.42
0.04 0.08 0.85 0.09
0.22 0.89 0.07 0.04
0.21 0.58 0.07 0.08
0.18 0.33 0.36 0.11
0.89 0.02 0.24 0.20
0.04 0.06 0.29 0.30
0.21 0.81 0.20 0.04
0.14 0.76 0.04 0.22
0.26 0.18 0.02 0.53
0.55 0.10 0.11 0.05
0.72 0.12 0.56 0.04
0.18 0.51 0.17 0.12
0.55 0.01 0.01 0.91
0.19 0.32 0.25 0.32
0.44 0.92 0.04 0.02
0.40 0.20 0.52 0.01
0.07 0.02 0.51 0.58
0.10 0.01 0.56 0.69
0.01 0.41 0.54 0.27
0.21 0.61 0.32 0.06
0.13 0.82 0.33 0.04
0.06 0.14 0.35 0.03
0.14 0.70 0.08 0.35
0.61 0.01 0.89 0.65
0.02 0.25 0.11 0.02
0.24 0.29 0.04 0.18
0.78 0.07 0.02 0.70
0.66 0.35 0.01 0.68
0.85 0.12 0.52 0.03
0.37 0.15 0.08 0.07
0.48 0.01 0.03 0.76
0.03 0.65 0.05 0.33
0.01 0.13 0.32 0.84
0.16 0.03 0.81 0.27
0.16 0.69 0.04 0.34
0.75 0.68 0.02 0.08
0.62 0.29 0.01 0.04
0.02 0.11 0.84 0.21
0.45 0.48 0.03 0.16
0.14 0.56 0.01 0.26
0.14 0.36 0.03 0.06
0.19 0.66 0.02 0.08
0.71 0.01 0.62 0.68
0.40 0.01 0.13 0.72
0.76 0.01 0.99 0.31
0.04 0.05 0.91 0.65
0.23 0.02 0.20 0.27
0.01 0.45 0.20 0.67
0.08 0.21 0.11 0.22
0.86 0.06 0.34 0.08
0.27 0.15 0.17 0.25
0.75 0.05 0.56 0.02
0.92 0.19 0.33 0.01
0.14 0.40 0.03 0.03
0.77 0.01 0.70 0.18
0.25 0.40 0.02 0.68
0.73 0.11 0.02 0.60
0.43 0.08 0.02 0.90
0.33 0.01 0.53 0.79
0.96 0.10 0.33 0.04
0.15 0.18 0.01 0.98
0.28 0.03 0.41 0.13
0.52 0.54 0.06 0.02
0.70 0.05 0.07 0.54
0.33 0.14 0.19 0.10
0.01 0.72 0.08 0.79
0.59 0.06 0.02 0.53
0.01 0.32 0.04 0.85
0.09 0.13 0.72 0.08
0.04 0.84 0.09 0.02
0.18 0.12 0.59 0.04
0.17 0.03 0.42 0.51
0.92 0.01 0.21 0.64
0.90 0.26 0.02 0.16
0.54 0.08 0.01 0.62
0.30 0.01 0.59 0.16
0.94 0.01 0.16 0.64
0.03 0.26 0.05 0.91
0.59 0.01 0.26 0.04
0.37 0.05 0.52 0.04
0.30 0.25 0.02 0.01
0.69 0.02 0.18 0.67
0.98 0.09 0.10 0.11
0.95 0.04 0.03 0.61
0.28 0.09 0.02 0.51
0.51 0.21 0.01 0.71
0.05 0.21 0.09 0.03
0.20 0.05 0.03 0.69
0.43 0.38 0.01 0.20
0.01 0.61 0.51 0.51
0.03 0.01 0.84 0.80
0.01 0.01 0.18 0.84
0.54 0.05 0.26 0.02
0.09 0.64 0.02 0.42
0.55 0.23 0.06 0.46
0.29 0.10 0.37 0.06
0.62 0.15 0.01 0.59
0.17 0.14 0.05 0.05
0.14 0.53 0.02 0.58
1.00 0.13 0.01 0.16
0.59 0.02 0.19 0.21
0.01 0.58 0.50 0.09
0.95 0.03 0.06 0.03
0.05 0.15 0.07 0.35
0.32 0.02 0.11 0.93
0.70 0.18 0.04 0.01
0.23 0.62 0.05 0.01
0.42 0.01 0.32 0.48
0.21 0.01 0.51 0.51
0.37 0.04 0.09 0.24
0.07 0.05 0.10 0.13
0.54 0.01 0.55 0.40
0.37 0.02 0.28 0.02
0.07 0.36 0.05 0.46
0.17 0.03 0.08 0.75
0.32 0.09 0.07 0.28
0.89 0.04 0.03 0.71
0.12 0.18 0.03 0.47
0.02 0.22 0.35 0.18
0.02 0.05 0.83 0.01
0.53 0.05 0.04 0.57
0.01 0.25 0.14 0.54
0.64 0.19 0.02 0.24
0.01 0.18 0.90 0.01
0.29 0.04 0.47 0.11
0.02 0.15 0.12 0.62
0.43 0.23 0.01 0.05
0.42 0.05 0.05 0.20
0.69 0.14 0.49 0.01
0.10 0.02 0.76 0.51
0.32 0.09 0.01 0.73
0.02 0.04 0.63 0.65
0.18 0.02 0.28 0.69
0.18 0.63 0.26 0.01
0.86 0.02 0.11 0.66
0.17 0.55 0.02 0.52
0.01 0.96 0.69 0.04
0.02 0.04 0.90 0.56
0.99 0.01 0.19 0.06
0.51 0.21 0.03 0.15
0.51 0.04 0.21 0.05
0.11 0.60 0.05 0.23
0.06 0.02 0.78 0.03
0.82 0.03 0.05 0.26
0.01 0.21 0.88 0.74
0.03 0.11 0.41 0.10
0.77 0.11 0.05 0.01
0.12 0.08 0.28 0.06
0.01 0.20 0.03 0.30
0.38 0.01 0.19 0.74
0.04 0.03 0.13 0.34
0.26 0.63 0.01 0.23
0.35 0.15 0.19 0.01
0.13 0.56 0.03 0.05
0.07 0.07 0.10 0.03
0.93 0.01 0.25 0.10
0.06 0.11 0.76 0.01
0.01 0.02 0.58 0.54
0.60 0.07 0.01 0.60
0.80 0.01 0.07 0.02
0.14 0.04 0.64 0.24
0.03 0.01 0.06 0.71
0.15 0.11 0.05 0.22
0.18 0.78 0.02 0.13
0.12 0.03 0.30 0.01
0.60 0.03 0.01 0.25
0.67 0.01 0.14 0.65
0.01 0.73 0.05 0.04
0.01 0.12 0.07 0.63
0.55 0.01 0.61 0.03
0.02 0.06 0.47 0.82
0.24 0.50 0.01 0.01
0.08 0.33 0.01 0.81
0.18 0.47 0.02 0.18
0.66 0.01 0.13 0.16
0.15 0.29 0.02 0.07
0.20 0.01 0.52 0.59
0.35 0.10 0.01 0.60
0.26 0.02 0.34 0.07
0.78 0.02 0.07 0.25
0.58 0.02 0.03 0.44
0.07 0.85 0.15 0.01
0.15 0.02 0.15 0.24
0.63 0.05 0.13 0.12
0.02 0.03 0.80 0.46
0.03 0.03 0.36 0.65
0.63 0.01 0.10 0.40
0.04 0.81 0.01 0.22
0.01 0.33 0.75 0.21
0.65 0.20 0.02 0.01
0.09 0.04 0.65 0.14
0.01 0.57 0.16 0.18
0.14 0.05 0.02 0.23
0.01 0.70 0.69 0.06
0.09 0.07 0.03 0.56
0.84 0.04 0.01 0.04
0.76 0.01 0.03 0.24
0.17 0.08 0.01 0.86
0.03 0.09 0.16 0.62
0.22 0.04 0.11 0.69
0.24 0.12 0.15 0.01
0.06 0.05 0.09 0.17
0.18 0.02 0.78 0.02
0.06 0.72 0.41 0.01
0.33 0.04 0.13 0.09
0.01 0.02 0.15 0.77
0.04 0.69 0.02 0.20
0.03 0.03 0.60 0.09
0.02 0.04 0.06 0.87
0.94 0.02 0.01 0.07
0.01 0.52 0.44 0.03
0.08 0.03 0.01 0.51
0.04 0.01 1.00 0.52
0.58 0.01 0.27 0.27
0.50 0.04 0.07 0.01
0.02 0.13 0.74 0.42
0.02 0.01 0.77 0.43
0.01 0.78 0.03 0.10
0.02 0.09 0.76 0.18
0.02 0.08 0.01 0.91
0.01 0.47 0.55 0.17
0.65 0.19 0.06 0.02
0.05 0.12 0.01 0.60
0.16 0.04 0.27 0.14
0.29 0.02 0.20 0.16
0.01 0.31 0.40 0.22
0.41 0.13 0.07 0.01
0.10 0.05 0.56 0.08
0.04 0.01 0.51 0.33
0.59 0.02 0.14 0.16
0.37 0.01 0.94 0.12
0.07 0.03 0.34 0.03
0.17 0.08 0.04 0.20
0.70 0.01 0.10 0.35
0.03 0.81 0.66 0.01
0.01 0.10 0.10 0.80
0.01 0.11 0.52 0.63
0.67 0.10 0.03 0.20
0.08 0.01 0.60 0.20
0.52 0.01 0.89 0.06
0.01 0.68 0.13 0.08
0.02 0.05 0.24 0.69
0.06 0.93 0.40 0.01
0.01 0.80 0.02 0.61
0.01 0.18 0.81 0.05
0.08 0.58 0.04 0.10
0.53 0.04 0.01 0.10
0.20 0.02 0.66 0.18
0.01 0.06 0.08 0.74
0.03 0.67 0.80 0.01
0.01 0.04 0.51 0.34
0.03 0.69 0.02 0.52
0.35 0.01 0.98 0.15
0.46 0.02 0.06 0.54
0.06 0.05 0.05 0.30
0.59 0.01 0.04 0.17
0.01 0.69 0.09 0.05
0.31 0.02 0.15 0.11
0.01 0.09 0.89 0.24
0.11 0.41 0.27 0.01
0.13 0.01 0.41 0.60
0.54 0.01 0.30 0.01
0.01 0.48 0.71 0.07
0.01 0.28 0.79 0.25
0.01 0.59 0.84 0.01
0.92 0.01 0.01 0.02
0.82 0.02 0.02 0.88
0.03 0.74 0.65 0.01
0.01 0.01 0.54 0.57
0.03 0.01 0.59 0.31
0.36 0.13 0.09 0.01
0.02 0.61 0.64 0.01
0.02 0.04 0.56 0.27
0.12 0.61 0.02 0.15
0.11 0.51 0.09 0.01
0.64 0.01 0.03 0.30
