400 4
69 82 50 99
91 43 90 83
40 35 61 48
22 74 70 90
80 10 79 65
45 51 75 3
62 28 52 89
3 99 67 95
38 53 78 80
62 48 48 78
62 18 75 45
95 15 16 30
1 46 67 14
26 9 70 3
37 55 21 98
72 25 1 41
90 65 13 7
24 64 87 9
99 9 57 89
25 78 13 30
54 58 22 25
22 2 76 85
51 45 55 62
91 13 9 57
78 89 2 6
63 25 64 95
3 6 19 60
98 42 43 29
12 88 36 5
5 59 56 14
14 36 3 89
81 85 21 18
59 86 10 59
78 6 80 45
97 14 63 53
36 21 11 2
69 59 2 71
7 14 43 51
50 35 10 95
16 13 8 84
25 35 42 58
73 4 94 64
63 15 5 22
17 6 3 56
70 9 67 32
25 62 93 10
8 32 69 15
35 5 100 54
21 85 20 6
6 73 54 1
19 64 52 5
40 19 6 55
2 12 81 53
18 30 26 35
2 83 56 80
2 91 53 49
33 76 51 19
24 51 73 11
79 74 32 1
46 5 45 13
61 53 1 47
6 42 74 1
1 22 75 29
2 45 62 26
25 2 79 62
66 93 6 1
15 37 66 34
82 5 27 59
4 25 47 1
2 11 22 52
66 3 12 11
9 54 22 23
3 86 34 10
4 6 78 54
63 1 73 53
61 17 3 11
1 88 63 71
31 20 38 16
1 63 51 62
36 5 62 93
68 4 11 99
87 1 79 36
57 32 36 1
1 62 11 12
16 100 6 73
36 3 70 79
52 9 45 11
49 3 97 27
20 95 14 3
81 1 65 12
78 72 3 8
12 2 71 33
30 35 9 41
37 13 32 39
77 54 1 12
11 42 13 49
8 68 2 54
3 60 53 42
2 17 53 2
93 2 54 50
52 4 46 59
91 2 49 91
63 3 49 86
24 34 19 35
38 53 1 22
5 9 3 53
76 15 17 4
4 35 12 53
34 77 1 92
89 2 8 99
25 55 42 19
7 59 31 33
66 2 37 63
16 4 60 17
41 88 2 18
56 3 78 8
10 2 36 70
61 2 45 7
1 6 34 98
2 43 1 61
2 39 3 36
86 2 75 1
2 89 82 1
53 36 1 42
4 8 85 9
22 89 7 4
21 58 7 8
18 33 36 11
89 2 24 20
4 6 29 30
21 81 20 4
14 76 4 22
26 18 2 53
55 10 11 5
72 12 56 4
18 51 17 12
55 1 1 91
19 32 25 32
44 92 4 2
40 20 52 1
7 2 51 58
10 1 56 69
1 41 54 27
21 61 32 6
13 82 33 4
6 14 35 3
14 70 8 35
61 1 89 65
2 25 11 2
24 29 4 18
78 7 2 70
66 35 1 68
85 12 52 3
37 15 8 7
48 1 3 76
3 65 5 33
1 13 32 84
16 3 81 27
16 69 4 34
75 68 2 8
62 29 1 4
2 11 84 21
45 48 3 16
14 56 1 26
14 36 3 6
19 66 2 8
71 1 62 68
40 1 13 72
76 1 99 31
4 5 91 65
23 2 20 27
1 45 20 67
8 21 11 22
86 6 34 8
27 15 17 25
75 5 56 2
92 19 33 1
14 40 3 3
77 1 70 18
25 40 2 68
73 11 2 60
43 8 2 90
33 1 53 79
96 10 33 4
15 18 1 98
28 3 41 13
52 54 6 2
70 5 7 54
33 14 19 10
1 72 8 79
59 6 2 53
1 32 4 85
9 13 72 8
4 84 9 2
18 12 59 4
17 3 42 51
92 1 21 64
90 26 2 16
54 8 1 62
30 1 59 16
94 1 16 64
3 26 5 91
59 1 26 4
37 5 52 4
30 25 2 1
69 2 18 67
98 9 10 11
95 4 3 61
28 9 2 51
51 21 1 71
5 21 9 3
20 5 3 69
43 38 1 20
1 61 51 51
3 1 84 80
1 1 18 84
54 5 26 2
9 64 2 42
55 23 6 46
29 10 37 6
62 15 1 59
17 14 5 5
14 53 2 58
100 13 1 16
59 2 19 21
1 58 50 9
95 3 6 3
5 15 7 35
32 2 11 93
70 18 4 1
23 62 5 1
42 1 32 48
21 1 51 51
37 4 9 24
7 5 10 13
54 1 55 40
37 2 28 2
7 36 5 46
17 3 8 75
32 9 7 28
89 4 3 71
12 18 3 47
2 22 35 18
2 5 83 1
53 5 4 57
1 25 14 54
64 19 2 24
1 18 90 1
29 4 47 11
2 15 12 62
43 23 1 5
42 5 5 20
69 14 49 1
10 2 76 51
32 9 1 73
2 4 63 65
18 2 28 69
18 63 26 1
86 2 11 66
17 55 2 52
1 96 69 4
2 4 90 56
99 1 19 6
51 21 3 15
51 4 21 5
11 60 5 23
6 2 78 3
82 3 5 26
1 21 88 74
3 11 41 10
77 11 5 1
12 8 28 6
1 20 3 30
38 1 19 74
4 3 13 34
26 63 1 23
35 15 19 1
13 56 3 5
7 7 10 3
93 1 25 10
6 11 76 1
1 2 58 54
60 7 1 60
80 1 7 2
14 4 64 24
3 1 6 71
15 11 5 22
18 78 2 13
12 3 30 1
60 3 1 25
67 1 14 65
1 73 5 4
1 12 7 63
55 1 61 3
2 6 47 82
24 50 1 1
8 33 1 81
18 47 2 18
66 1 13 16
15 29 2 7
20 1 52 59
35 10 1 60
26 2 34 7
78 2 7 25
58 2 3 44
7 85 15 1
15 2 15 24
63 5 13 12
2 3 80 46
3 3 36 65
63 1 10 40
4 81 1 22
1 33 75 21
65 20 2 1
9 4 65 14
1 57 16 18
14 5 2 23
1 70 69 6
9 7 3 56
84 4 1 4
76 1 3 24
17 8 1 86
3 9 16 62
22 4 11 69
24 12 15 1
6 5 9 17
18 2 78 2
6 72 41 1
33 4 13 9
1 2 15 77
4 69 2 20
3 3 60 9
2 4 6 87
94 2 1 7
1 52 44 3
8 3 1 51
4 1 100 52
58 1 27 27
50 4 7 1
2 13 74 42
2 1 77 43
1 78 3 10
2 9 76 18
2 8 1 91
1 47 55 17
65 19 6 2
5 12 1 60
16 4 27 14
29 2 20 16
1 31 40 22
41 13 7 1
10 5 56 8
4 1 51 33
59 2 14 16
37 1 94 12
7 3 34 3
17 8 4 20
70 1 10 35
3 81 66 1
1 10 10 80
1 11 52 63
67 10 3 20
8 1 60 20
52 1 89 6
1 68 13 8
2 5 24 69
6 93 40 1
1 80 2 61
1 18 81 5
8 58 4 10
53 4 1 10
20 2 66 18
1 6 8 74
3 67 80 1
1 4 51 34
3 69 2 52
35 1 98 15
46 2 6 54
6 5 5 30
59 1 4 17
1 69 9 5
31 2 15 11
1 9 89 24
11 41 27 1
13 1 41 60
54 1 30 1
1 48 71 7
1 28 79 25
1 59 84 1
92 1 1 2
82 2 2 88
3 74 65 1
1 1 54 57
3 1 59 31
36 13 9 1
2 61 64 1
2 4 56 27
12 61 2 15
11 51 9 1
64 1 3 30
