400 4
0.28 0.37 0.89 0.88
0.90 0.79 0.10 0.23
0.88 0.62 0.29 0.70
0.45 0.30 0.97 0.84
0.82 0.86 0.59 1.00
0.36 0.68 0.79 0.79
0.01 0.01 0.20 0.52
0.77 0.88 0.87 0.34
0.44 0.51 0.51 0.17
0.36 0.55 0.43 0.44
0.40 0.62 0.63 0.06
0.21 0.97 0.35 0.08
0.79 0.36 0.06 0.84
0.12 0.31 0.61 0.39
0.90 0.53 0.05 0.76
0.66 0.67 0.74 0.02
0.88 0.98 0.28 0.22
0.79 0.26 0.36 0.09
0.85 0.06 0.39 0.04
0.72 0.02 0.12 0.40
0.01 0.71 0.32 0.50
0.60 0.59 0.18 0.58
0.73 0.75 0.45 0.36
0.78 0.56 0.42 0.27
0.50 0.53 0.75 0.08
0.58 0.46 0.63 0.15
0.90 0.75 0.16 0.05
0.67 0.28 0.45 0.28
0.11 0.50 0.07 0.37
0.97 0.04 0.13 0.14
0.37 0.58 0.10 0.25
0.56 0.03 0.43 0.44
0.55 0.10 0.95 0.46
0.70 0.22 0.66 0.35
0.54 0.38 0.85 0.36
0.52 0.07 0.31 0.15
0.17 0.11 0.56 0.29
0.28 0.61 0.82 0.26
0.06 0.94 0.34 0.30
0.72 0.14 0.07 0.38
0.78 0.05 0.83 0.13
0.30 0.67 0.61 0.22
0.63 0.66 0.21 0.20
0.94 0.07 0.35 0.07
0.85 0.67 0.26 0.05
0.84 0.69 0.33 0.08
0.03 0.40 0.65 0.21
0.66 0.67 0.17 0.05
0.63 0.66 0.14 0.18
0.54 0.06 0.88 0.33
0.58 0.87 0.87 0.01
0.67 0.63 0.03 0.93
0.28 0.97 0.03 0.59
0.46 0.14 0.92 0.08
0.01 0.49 0.46 0.26
0.07 0.90 0.04 0.41
0.14 0.44 0.42 0.38
0.33 0.76 0.68 0.15
0.02 0.13 0.17 0.84
0.47 0.83 0.06 0.81
0.58 0.56 0.02 0.91
0.40 0.56 0.05 0.14
0.88 0.56 0.08 0.04
0.53 0.92 0.02 0.67
0.18 0.61 0.68 0.11
0.48 0.35 0.12 0.61
0.88 0.11 0.35 0.07
0.10 0.74 0.15 0.37
0.56 0.92 0.82 0.01
0.74 0.23 0.56 0.10
0.46 0.05 0.57 0.50
0.76 0.07 0.02 0.93
0.31 1.00 0.69 0.04
0.22 0.37 0.71 0.07
0.08 0.44 0.58 0.21
0.73 0.28 0.21 0.19
0.10 0.59 0.02 0.74
0.49 0.28 0.21 0.51
0.17 0.36 0.28 0.22
0.26 0.12 0.65 0.25
0.34 0.92 0.65 0.20
0.98 0.81 0.03 0.59
0.33 0.16 1.00 0.04
0.94 0.89 0.02 0.33
0.87 0.18 0.75 0.02
0.69 0.65 0.24 0.06
0.70 0.11 0.16 0.49
0.01 0.71 0.09 0.28
0.64 0.15 0.27 0.28
0.09 0.57 0.91 0.06
0.53 0.92 0.79 0.01
0.25 0.83 0.12 0.11
0.73 0.06 0.27 0.16
0.92 0.01 0.94 0.32
0.92 0.20 0.11 0.28
0.01 0.70 0.47 0.16
0.58 0.94 0.31 0.08
0.10 0.60 0.83 0.19
0.60 0.64 0.56 0.07
0.08 0.79 0.28 0.14
0.61 0.87 0.02 0.61
0.98 0.62 0.64 0.02
0.22 0.31 0.82 0.06
0.18 0.46 0.10 0.83
0.28 0.72 0.03 0.09
0.94 0.25 0.26 0.27
0.51 0.07 0.37 0.28
0.55 0.25 0.13 0.52
0.54 0.05 0.61 0.04
0.47 0.61 0.02 0.05
0.06 0.94 0.36 0.08
0.06 0.39 0.80 0.43
0.32 0.04 0.63 0.33
0.29 0.88 0.45 0.07
0.01 0.78 0.06 0.86
0.96 0.25 0.03 0.45
0.90 0.88 0.71 0.02
0.92 0.05 0.04 0.72
0.19 0.26 0.04 0.75
0.39 0.95 0.59 0.05
0.50 0.35 0.55 0.07
0.70 0.49 0.18 0.36
0.72 0.46 0.06 0.04
0.28 0.59 0.96 0.02
0.33 0.12 0.01 0.79
0.52 0.52 0.92 0.02
0.23 0.93 0.63 0.10
0.10 0.63 0.21 0.07
0.88 0.15 0.05 0.60
0.18 0.84 0.10 0.03
0.48 0.31 0.15 0.14
0.10 0.73 0.31 0.05
0.06 0.13 0.69 0.12
0.26 0.21 0.47 0.51
0.05 0.18 0.53 0.17
0.61 0.24 0.21 0.02
0.49 0.05 0.07 0.35
0.19 0.07 0.55 0.12
0.40 0.45 0.34 0.15
0.02 0.84 0.77 0.06
0.62 0.49 0.02 0.56
0.87 0.41 0.02 0.68
0.06 1.00 0.04 0.89
0.64 0.21 0.55 0.01
0.27 0.33 0.68 0.03
0.90 0.02 0.30 0.07
0.58 0.52 0.03 0.71
0.24 0.53 0.89 0.02
0.51 0.14 0.42 0.12
0.15 0.15 0.13 0.46
0.01 0.31 0.65 0.42
0.57 0.13 0.61 0.02
0.16 0.40 0.34 0.07
0.15 0.60 0.20 0.33
0.80 0.20 0.03 0.71
0.78 0.06 0.90 0.03
0.86 0.20 0.23 0.21
0.27 0.53 0.06 0.62
0.51 0.28 0.07 0.28
0.50 0.04 0.80 0.11
0.29 0.05 0.66 0.14
0.63 0.04 0.16 0.11
0.24 0.62 0.79 0.02
0.12 0.83 0.10 0.23
0.08 0.88 0.19 0.02
0.02 0.59 0.04 0.53
0.13 0.19 0.06 0.19
1.00 0.05 0.58 0.04
0.83 0.01 0.75 0.18
0.10 0.11 0.03 0.74
0.41 0.31 0.56 0.01
0.88 0.95 0.51 0.01
0.36 0.53 0.01 0.72
0.01 0.13 0.29 0.10
0.24 0.05 0.58 0.43
0.10 0.94 0.01 0.77
0.14 0.28 0.41 0.03
0.02 0.11 0.84 0.31
0.27 0.16 0.09 0.70
0.03 0.52 0.03 0.89
0.72 0.02 0.40 0.10
0.60 0.28 0.55 0.02
0.95 0.02 0.10 0.52
0.07 0.74 0.96 0.01
0.14 0.03 0.01 0.65
0.75 0.01 0.53 0.39
0.39 0.05 0.25 0.30
0.32 0.37 0.22 0.04
0.26 0.10 0.06 0.25
0.79 0.06 0.11 0.19
0.75 0.04 0.05 0.43
0.06 0.70 0.17 0.17
0.23 0.22 0.55 0.06
0.02 0.63 0.03 0.62
1.00 0.08 0.11 0.13
0.01 0.54 0.15 0.34
0.10 0.57 0.04 0.26
0.06 0.76 0.86 0.01
0.88 0.92 0.01 0.52
0.53 0.56 0.02 0.20
0.08 0.41 0.26 0.24
0.64 0.55 0.03 0.01
0.65 0.18 0.54 0.01
0.60 0.06 0.19 0.06
0.46 0.42 0.46 0.01
0.08 0.04 0.01 0.39
0.22 0.21 0.03 0.38
0.53 0.27 0.05 0.30
0.89 0.68 0.01 0.07
0.42 0.01 0.01 0.71
0.05 0.18 0.12 0.65
0.65 0.44 0.02 0.12
0.32 0.14 0.33 0.06
0.54 0.27 0.01 0.16
0.74 0.44 0.08 0.06
0.16 0.01 0.01 0.76
0.23 0.10 0.28 0.20
0.46 0.76 0.08 0.02
0.02 0.77 0.04 0.35
0.15 0.78 0.34 0.01
0.16 0.68 0.03 0.10
0.20 0.02 0.72 0.17
0.30 0.68 0.17 0.05
0.03 0.87 0.09 0.07
0.06 0.71 0.06 0.45
0.53 0.17 0.99 0.01
0.20 0.48 0.07 0.04
0.97 0.10 0.02 0.24
0.13 0.56 0.05 0.06
0.01 0.46 0.05 0.63
0.22 0.56 0.02 0.37
0.53 0.02 0.57 0.46
0.04 0.07 0.02 0.47
0.53 0.37 0.04 0.06
0.53 0.09 0.67 0.10
0.02 0.97 0.18 0.15
0.04 0.96 0.77 0.02
0.10 0.51 0.19 0.19
0.91 0.25 0.03 0.02
0.82 0.60 0.02 0.04
0.08 0.47 0.17 0.28
0.90 0.03 0.08 0.32
0.16 0.01 0.98 0.02
0.11 0.11 0.88 0.28
0.62 0.06 0.23 0.04
0.09 0.57 0.27 0.20
0.56 0.17 0.43 0.02
0.01 0.09 0.55 0.13
0.01 0.54 0.04 0.20
0.10 0.05 0.70 0.02
0.03 0.32 0.06 0.82
0.11 0.16 0.13 0.28
0.38 0.52 0.29 0.03
0.28 0.48 0.86 0.01
0.15 0.01 0.84 0.48
0.03 0.29 0.10 0.13
0.99 0.01 0.54 0.30
0.52 0.08 0.54 0.14
0.57 0.36 0.08 0.15
0.54 0.03 0.86 0.16
0.80 0.05 0.99 0.01
0.10 0.64 0.03 0.33
0.01 0.95 0.56 0.06
0.01 0.32 0.04 0.71
0.08 0.06 0.97 0.29
0.60 0.57 0.36 0.01
0.05 0.20 0.48 0.07
0.82 0.32 0.02 0.09
0.40 0.66 0.48 0.02
0.53 0.08 0.06 0.26
0.58 0.03 0.24 0.50
0.19 0.04 0.53 0.27
0.35 0.37 0.59 0.02
0.92 0.14 0.14 0.13
0.05 0.21 0.03 0.30
0.85 0.03 0.37 0.18
0.17 0.01 0.94 0.46
0.86 0.04 0.15 0.25
0.50 0.18 0.14 0.07
0.09 0.02 0.12 0.42
0.06 0.01 0.49 0.50
0.76 0.07 0.12 0.07
0.55 0.64 0.38 0.02
0.23 0.02 0.05 0.69
0.14 0.58 0.01 0.29
0.07 0.03 0.06 0.30
0.85 0.46 0.14 0.02
0.48 0.14 0.62 0.01
0.67 0.05 0.04 0.10
0.35 0.01 0.74 0.40
0.76 0.01 0.84 0.35
0.33 0.47 0.26 0.03
0.32 0.02 0.39 0.09
0.66 0.05 0.73 0.01
0.53 0.23 0.02 0.32
0.23 0.31 0.74 0.01
0.62 0.02 0.06 0.52
0.35 0.20 0.13 0.09
0.90 0.12 0.04 0.06
0.09 0.08 0.74 0.20
0.07 0.73 0.39 0.07
0.70 0.06 0.01 0.33
0.07 0.85 0.60 0.03
0.12 0.89 0.82 0.01
0.22 0.05 0.43 0.22
0.92 0.03 0.26 0.05
0.92 0.09 0.20 0.05
0.07 0.95 0.25 0.01
0.02 0.63 0.62 0.06
0.04 0.06 0.71 0.31
0.03 0.59 0.02 0.92
0.55 0.09 0.62 0.01
0.29 0.04 0.38 0.15
0.02 0.85 0.28 0.12
0.20 0.98 0.01 0.22
0.57 0.07 0.66 0.02
0.02 0.15 0.34 0.07
0.35 0.60 0.36 0.01
0.98 0.01 0.06 0.40
0.96 0.04 0.05 0.15
0.65 0.01 0.43 0.39
0.09 0.85 0.39 0.06
0.08 0.43 0.73 0.03
0.06 0.07 0.02 0.36
0.12 0.74 0.55 0.02
0.01 0.28 0.01 0.42
0.53 0.24 0.04 0.21
0.54 0.09 0.68 0.02
0.43 0.56 0.55 0.02
0.37 0.07 0.54 0.08
0.86 0.19 0.36 0.01
0.80 0.06 0.01 0.22
0.28 0.74 0.47 0.01
0.13 0.07 0.61 0.02
0.48 0.54 0.17 0.01
1.00 0.55 0.02 0.01
0.43 0.10 0.32 0.12
0.21 0.40 0.16 0.12
0.03 0.49 0.62 0.03
0.78 0.02 0.12 0.30
0.63 0.08 0.53 0.02
0.03 0.10 0.42 0.16
0.68 0.02 0.05 0.23
0.03 0.48 0.90 0.05
0.33 0.44 0.47 0.01
0.02 0.85 0.06 0.10
0.36 0.04 0.35 0.28
0.07 0.02 0.13 0.33
0.82 0.01 0.82 0.34
0.13 1.00 0.05 0.05
0.87 0.10 0.11 0.09
0.56 0.01 0.53 0.34
0.07 0.31 0.09 0.13
0.03 0.09 0.37 0.22
0.53 0.02 0.15 0.08
0.32 0.88 0.10 0.02
0.04 0.89 0.78 0.02
0.32 0.27 0.20 0.02
0.04 0.03 0.28 0.19
0.58 0.07 0.18 0.04
0.33 0.55 0.11 0.03
0.01 0.58 0.87 0.09
0.41 0.63 0.01 0.27
0.58 0.03 0.79 0.06
0.01 0.06 0.86 0.34
0.01 0.91 0.71 0.09
0.91 0.01 0.69 0.10
0.27 0.36 0.39 0.02
0.85 0.82 0.01 0.10
0.74 0.01 0.92 0.24
0.53 0.12 0.58 0.05
0.38 0.25 0.10 0.11
0.77 0.97 0.01 0.14
0.28 0.23 0.45 0.03
0.02 0.62 0.37 0.04
0.80 0.05 0.27 0.01
0.05 0.01 0.90 0.33
0.21 0.02 0.08 0.57
0.16 0.54 0.01 0.18
0.11 0.05 0.08 0.15
0.24 0.03 0.67 0.02
0.79 0.01 0.35 0.51
0.08 0.99 0.04 0.04
0.08 0.52 0.03 0.07
0.20 0.50 0.28 0.01
0.66 0.01 0.58 0.19
0.39 0.28 0.86 0.01
0.67 0.15 0.06 0.03
0.22 0.75 0.23 0.02
0.57 0.38 0.13 0.02
0.07 0.01 0.23 0.02
0.31 0.83 0.02 0.13
0.54 0.74 0.01 0.05
0.03 0.08 0.17 0.02
0.06 0.52 0.01 0.22
0.30 0.13 0.14 0.11
1.00 0.02 0.04 0.34
0.37 0.16 0.36 0.01
0.54 0.15 0.09 0.14
0.01 0.10 0.40 0.39
