400 4
4 36 52 59
51 16 86 53
83 94 11 71
13 87 78 31
52 58 1 62
17 52 26 49
36 84 44 2
89 37 60 6
62 7 78 69
28 4 78 55
43 18 23 61
58 1 93 65
89 62 58 18
6 88 32 76
78 71 79 21
17 31 69 51
64 30 58 44
87 48 25 34
20 17 82 57
69 45 66 43
2 10 6 22
18 52 68 3
82 6 95 40
84 52 75 2
93 54 4 99
19 65 62 3
33 22 53 17
74 38 37 16
66 71 1 26
60 2 70 100
78 9 70 53
14 5 88 65
73 60 64 12
23 57 5 58
62 1 2 71
83 22 9 15
69 84 3 4
15 52 16 7
39 5 10 63
1 99 81 10
70 22 1 95
52 5 2 88
92 36 85 6
99 22 2 14
66 11 2 58
5 9 99 16
1 86 86 68
24 41 2 53
66 29 15 17
1 95 55 58
87 42 76 8
12 6 93 76
81 84 66 1
56 45 84 8
5 64 77 19
99 12 61 13
75 24 79 5
29 65 8 9
15 4 52 60
80 5 96 43
19 41 51 2
99 22 14 1
38 21 92 3
50 1 79 21
97 45 4 29
53 2 64 15
69 11 1 73
96 75 50 5
12 33 80 15
37 8 82 52
64 19 68 1
1 73 92 23
44 31 8 11
4 62 70 8
45 44 3 18
78 1 48 3
53 82 6 9
4 9 64 69
42 1 64 66
54 2 9 44
1 56 76 64
73 4 87 4
63 37 84 4
23 14 57 10
5 18 72 7
74 5 22 30
1 65 14 59
21 50 29 15
43 18 93 1
76 32 57 3
42 9 74 56
58 90 1 20
76 81 26 1
90 2 24 19
53 8 95 10
14 70 57 1
75 5 57 12
65 92 36 6
98 73 47 4
56 1 31 23
72 2 3 54
1 77 2 20
61 56 66 1
79 91 14 3
29 63 37 6
45 8 71 11
93 42 41 8
6 27 61 17
71 40 18 7
39 97 17 2
1 24 64 13
79 60 29 4
76 2 46 17
74 15 54 15
5 42 51 16
42 6 55 53
68 23 20 12
15 5 44 78
63 21 63 6
66 21 5 38
27 2 59 4
57 35 2 58
2 7 23 49
2 73 89 8
68 61 12 7
29 30 96 1
36 3 47 1
53 1 22 77
59 2 7 86
60 37 46 10
72 3 30 14
19 5 37 100
29 52 2 9
29 5 51 58
83 51 2 30
37 21 4 99
83 14 7 13
21 1 66 76
74 83 17 3
34 24 45 14
12 76 3 43
19 3 78 42
77 36 19 4
61 1 47 9
14 42 4 88
56 53 8 2
7 17 100 9
19 5 32 10
1 61 30 62
16 3 48 51
78 56 5 8
16 91 7 19
27 8 54 7
2 4 18 53
11 4 71 26
92 34 12 10
14 95 10 8
2 6 22 22
27 11 17 3
2 60 58 12
25 22 32 7
9 87 1 22
11 31 7 1
83 6 9 36
60 27 2 29
22 2 100 72
24 13 10 16
25 1 63 24
78 4 2 46
25 6 4 94
98 43 5 25
73 22 1 62
19 5 15 5
16 52 3 73
56 8 6 79
47 33 4 67
1 4 57 67
1 39 16 55
9 52 5 64
82 40 5 16
72 34 6 7
63 9 10 38
12 1 86 53
2 74 54 21
23 46 1 90
1 56 57 1
58 26 2 79
55 2 1 57
5 3 5 30
23 68 5 6
16 7 5 4
6 83 56 1
1 45 38 22
14 1 82 13
9 1 3 47
4 66 5 3
15 23 54 1
79 1 51 2
75 23 3 26
1 55 10 81
58 33 4 43
87 4 21 17
13 11 68 16
1 36 18 4
83 5 4 2
4 5 11 75
90 18 1 17
20 12 2 95
62 77 3 1
2 5 69 45
1 18 39 67
8 63 12 15
3 47 10 5
99 2 31 12
5 49 90 2
85 4 36 12
1 99 3 14
26 38 2 71
20 12 4 8
62 10 8 1
47 61 1 64
51 26 36 2
5 30 42 20
5 2 80 19
15 14 26 15
59 3 3 20
14 17 60 11
1 17 39 91
19 2 21 43
13 84 4 1
34 16 83 1
62 28 5 1
55 100 1 16
12 69 2 98
26 18 29 3
51 69 1 53
67 28 1 37
41 40 2 56
92 1 6 14
8 33 1 32
2 2 53 91
10 1 1 78
2 1 95 67
78 69 2 3
90 13 2 39
54 53 1 2
15 82 4 8
7 9 92 13
1 53 12 37
89 47 3 1
80 78 2 1
16 5 62 29
2 44 1 61
6 2 62 4
80 36 2 9
63 51 1 28
4 7 2 85
81 23 1 14
97 9 1 39
91 13 1 47
33 98 3 5
18 22 4 46
1 22 68 38
5 21 11 9
8 2 61 64
1 2 100 93
3 52 3 47
23 9 1 53
53 7 1 29
10 60 54 3
76 17 2 20
69 52 1 10
1 29 18 64
55 1 2 55
23 1 76 1
4 3 64 38
30 15 70 2
7 32 54 5
1 56 11 79
2 4 84 13
81 58 1 1
71 15 1 13
4 9 8 72
55 14 2 23
5 1 59 77
7 2 41 98
4 28 58 3
8 1 83 60
1 26 20 70
9 60 34 1
1 18 100 3
2 16 80 21
32 5 3 19
15 26 2 15
3 51 86 3
72 2 52 6
70 1 43 2
17 100 2 6
24 4 40 26
1 64 1 87
4 25 97 3
5 52 46 1
13 18 57 20
43 1 59 39
1 71 12 24
2 12 27 7
2 8 43 15
3 5 67 17
13 17 3 31
13 25 8 2
28 27 7 1
8 24 50 4
49 60 1 3
14 4 39 7
2 40 17 17
1 15 41 26
82 1 27 10
1 26 13 81
56 1 74 1
59 6 37 2
44 11 22 1
1 22 13 90
47 43 5 1
1 5 68 61
67 8 2 7
1 13 14 61
78 1 26 14
51 2 40 8
87 1 10 43
20 1 15 35
26 1 53 33
54 1 42 8
55 15 3 12
79 15 5 3
8 64 40 3
46 80 1 31
73 5 6 13
2 82 54 3
2 48 61 3
5 52 2 58
73 1 9 3
18 6 19 28
6 1 81 40
1 75 7 3
11 4 25 26
47 82 3 4
43 6 4 10
3 52 1 1
47 16 2 40
34 1 75 16
4 4 65 34
55 4 14 28
65 23 1 11
72 1 22 30
10 1 53 17
2 54 57 2
4 1 72 7
82 40 1 4
4 24 25 2
54 2 16 8
7 38 3 55
1 11 39 83
1 1 68 78
52 1 7 20
30 35 2 12
1 60 8 84
1 12 4 79
13 23 5 6
3 14 3 68
6 1 12 78
36 26 1 4
9 14 4 1
6 5 53 19
25 21 3 16
28 2 1 53
5 2 32 24
69 10 1 12
4 23 4 47
15 13 2 77
1 3 78 42
1 100 1 56
4 1 51 82
43 12 35 2
2 16 53 3
1 65 1 75
40 2 49 1
7 2 26 55
13 7 2 28
80 4 3 11
2 8 16 20
1 96 1 49
52 4 13 12
51 1 71 15
66 3 42 4
70 6 30 4
96 1 1 20
68 6 11 2
1 4 84 3
34 7 2 25
1 56 2 100
