400 4
26 54 25 11
79 12 56 9
4 60 4 65
33 42 3 14
78 70 9 11
75 12 97 76
32 23 36 36
57 22 1 92
34 16 23 90
40 18 43 30
20 26 57 19
9 91 64 2
54 8 90 54
31 99 7 26
17 33 25 12
1 56 63 36
28 25 93 1
6 55 95 73
86 13 2 78
95 56 54 6
67 87 25 8
82 3 6 91
11 35 25 92
74 13 83 60
35 23 78 2
1 61 28 58
43 10 3 71
79 51 2 18
86 1 17 18
30 5 60 88
14 43 41 67
13 79 69 32
2 20 45 84
10 41 66 55
14 54 61 46
79 4 81 96
13 36 75 82
50 6 46 56
15 37 47 4
5 47 63 76
2 49 77 54
73 3 68 16
76 5 66 8
26 72 24 54
37 13 37 97
3 64 16 34
66 91 6 3
18 21 88 79
69 2 66 73
7 38 93 63
66 12 43 51
68 32 34 31
41 12 98 68
54 77 76 2
56 96 39 10
2 30 71 20
9 54 41 53
33 20 64 58
10 25 25 60
1 38 85 92
51 15 85 11
5 54 72 19
31 13 96 78
16 23 55 1
21 58 12 54
28 41 21 74
52 86 31 7
27 7 67 35
78 63 2 89
2 17 9 65
6 29 68 32
64 2 23 43
47 11 9 50
65 10 12 39
40 6 68 85
31 2 70 79
7 92 96 17
15 10 100 36
6 19 17 61
15 56 98 1
49 9 63 84
64 34 36 1
12 9 65 6
18 4 70 81
9 70 94 14
23 6 51 47
15 57 2 17
82 94 1 90
70 24 18 20
17 37 1 97
4 75 87 14
31 3 3 31
96 7 2 7
83 69 18 9
96 82 2 1
21 14 14 97
95 22 53 12
30 48 4 86
85 1 93 85
34 92 1 95
71 61 24 5
52 13 44 12
10 53 51 36
99 58 16 2
1 68 7 33
8 4 99 98
68 27 16 4
24 53 23 48
13 73 57 12
1 100 97 9
16 11 12 98
11 28 82 56
18 5 92 74
16 40 11 62
47 41 2 49
3 35 1 61
65 11 52 2
25 22 7 88
57 22 74 5
98 64 12 1
51 21 93 1
34 17 87 4
61 9 8 21
97 61 24 1
14 10 4 89
15 22 58 53
86 2 65 7
15 87 46 9
75 34 1 34
61 1 85 84
30 5 66 57
64 4 91 30
2 98 100 19
31 69 30 4
7 51 61 37
1 63 25 70
64 2 35 9
4 15 94 95
61 6 80 8
1 52 92 87
59 15 3 6
23 35 7 45
76 1 67 10
21 65 12 11
95 8 67 1
61 3 87 6
78 8 72 5
7 1 60 93
6 100 61 31
8 45 86 16
6 51 89 16
25 22 31 25
93 5 78 3
60 12 90 5
2 63 87 17
7 13 52 81
2 87 33 28
19 80 10 16
14 43 47 42
58 12 13 27
2 27 26 28
54 3 60 20
10 1 70 73
20 57 19 6
54 31 15 10
5 95 7 9
78 1 4 54
36 43 1 1
76 33 2 59
10 29 18 1
19 11 46 79
28 8 64 44
8 75 10 16
53 22 7 14
14 10 66 2
1 55 99 84
6 3 81 20
3 2 1 62
67 1 69 73
8 42 13 47
3 32 84 6
52 14 8 24
72 7 73 1
45 9 23 6
6 56 20 20
5 1 83 48
14 20 30 48
19 11 26 31
25 1 20 53
44 7 30 17
50 1 65 7
1 96 4 94
4 1 52 7
22 46 15 18
7 29 1 60
99 4 15 1
2 50 96 5
6 80 44 3
2 13 69 66
22 20 29 16
88 1 83 5
87 32 1 24
26 37 4 58
2 14 77 57
4 30 62 2
44 2 3 1
1 77 25 8
7 46 11 41
60 34 2 56
23 51 3 58
1 16 71 56
33 52 4 6
78 11 1 21
30 12 4 19
3 2 66 60
1 100 1 49
2 11 95 55
15 4 10 58
5 9 31 48
2 27 93 2
2 71 51 12
8 3 58 3
1 42 80 21
1 98 74 7
98 1 15 27
1 17 96 55
18 10 50 20
4 59 12 57
69 1 18 66
27 1 27 46
12 23 51 43
7 62 3 28
70 1 2 100
26 34 17 49
8 44 9 53
5 26 27 60
4 56 18 59
7 60 15 35
37 26 28 17
1 22 26 56
1 99 10 24
29 8 49 11
29 47 1 14
20 31 2 17
5 55 12 42
39 11 28 17
5 1 39 1
1 21 72 27
2 10 76 2
28 24 2 58
78 3 1 53
15 25 2 1
6 89 25 6
4 1 23 62
1 24 34 12
20 16 32 1
6 54 17 59
11 31 1 15
31 7 24 11
4 6 47 24
14 32 14 1
3 92 17 24
2 15 15 86
1 55 16 63
29 16 12 12
17 6 28 52
66 1 10 46
2 97 2 76
3 48 14 19
7 74 32 1
2 12 14 70
9 88 15 8
3 63 99 1
7 23 13 30
33 3 1 55
13 5 29 15
77 1 4 78
34 7 14 11
1 98 12 3
1 73 64 11
3 29 15 45
8 89 9 15
1 14 85 65
2 18 32 56
3 7 61 26
5 98 2 27
2 76 74 10
1 17 9 26
1 15 57 16
12 4 24 53
6 51 7 14
12 72 5 3
6 77 20 5
10 90 5 27
2 1 48 1
81 3 2 51
11 25 25 17
2 11 47 20
2 5 29 83
3 18 12 19
3 31 40 11
4 51 26 11
78 2 2 6
8 44 2 59
6 66 12 6
1 42 8 51
28 4 32 31
39 17 5 10
30 4 3 25
12 66 3 1
64 13 1 48
1 5 74 72
92 23 2 3
52 17 2 53
3 87 14 17
13 1 25 8
73 21 1 8
44 8 2 29
31 8 7 6
36 1 7 59
1 1 74 53
10 18 5 35
2 23 3 99
11 22 5 33
24 4 13 47
1 6 17 25
1 79 37 2
3 18 20 11
11 3 21 51
12 5 11 14
1 36 2 51
7 98 2 18
5 94 15 7
5 72 6 16
5 13 6 17
1 4 61 93
55 5 1 33
1 70 40 6
18 1 8 32
5 58 37 6
1 55 12 14
21 13 3 13
17 17 3 11
62 1 5 32
25 17 21 7
4 65 41 4
1 50 63 3
22 10 7 18
21 3 9 15
1 11 92 13
4 58 1 49
5 87 15 7
4 8 31 14
2 19 11 24
9 66 1 36
4 97 6 21
2 21 3 84
1 66 80 1
65 10 2 26
41 10 5 11
1 4 54 98
66 1 1 71
2 23 5 57
38 9 6 13
70 1 7 4
15 4 3 8
1 48 6 42
19 70 1 5
4 64 8 12
9 55 32 4
8 65 33 1
27 1 6 49
3 54 3 33
6 60 3 9
78 30 1 1
6 8 10 40
2 9 16 66
12 54 16 9
1 62 1 88
3 71 18 4
4 32 11 1
1 2 24 28
52 2 1 43
25 2 6 53
1 65 5 11
34 3 1 41
24 21 1 26
58 1 3 79
2 10 8 85
21 43 1 6
1 18 97 11
2 16 6 31
1 64 6 14
4 13 5 57
6 4 19 53
17 7 2 53
1 67 2 29
2 61 13 10
1 4 17 67
11 68 2 13
