20 10 
43 82 48 3 76 56 92 52 80 33 60 71 33 67 69 56 27 15
38 74 47 20 43 90 22 79 31 7 56 9 46 64 19 70 4 100
21 65 73 100 86 36 40 73 16 65 75 28 19 94 92 49 72 51
28 28 44 61 82 97 83 30 20 50 56 37 28 17 13 28 18 59
25 62 51 34 83 11 50 69 51 28 27 1 95 28 2 4 77 35
35 63 25 1 51 20 92 14 97 42 46 72 77 32 1 27 56 76
3 0 75 90 44 32 60 47 8 92 2 47 9 81 45 18 85 11
95 38 6 37 96 19 26 93 42 34 64 59 89 77 1 21 78 6
23 98 23 24 20 2 69 28 44 91 28 88 3 50 93 94 100 91
10 83 33 52 95 65 9 66 5 11 61 6 77 81 6 6 32 18
53 78 96 23 59 79 37 84 57 11 36 86 85 71 32 8 1 28
67 61 2 17 56 85 24 68 6 37 0 63 93 18 67 95 94 34
66 82 95 82 90 73 19 26 34 40 60 54 48 97 76 100 26 85
36 23 89 44 17 92 99 6 51 41 73 1 83 25 77 86 14 93
61 23 22 25 33 87 11 84 25 42 14 92 22 63 73 36 68 56
19 8 90 37 45 85 31 94 94 37 39 30 6 35 24 41 8 12
6 24 41 64 28 77 34 71 2 1 93 25 89 63 21 80 3 63
96 46 33 84 63 9 48 51 7 32 71 98 34 36 91 96 12 8
24 20 90 28 15 64 64 0 40 76 85 31 19 60 20 71 91 74
79 67 42 27 44 73 78 20 33 42 19 34 37 11 78 67 79 56
