20 10 
13 72 41 12 50 8 64 20 99 49 72 95 77 63 15 12 56 94
5 3 46 81 63 51 11 59 52 56 27 25 54 15 75 18 78 31
78 89 2 59 85 6 91 77 86 98 9 100 90 1 34 88 93 27
47 28 7 77 20 34 72 13 71 43 18 4 13 71 74 18 9 59
40 87 39 44 37 76 41 44 53 71 23 72 3 61 41 52 31 53
0 41 71 45 59 4 91 8 87 78 1 7 66 44 76 82 84 10
27 41 40 86 51 77 47 95 14 59 66 67 0 8 1 82 62 43
39 20 37 2 42 47 28 45 31 57 77 98 44 9 47 38 30 50
82 34 59 7 73 45 73 25 25 36 12 23 75 95 95 14 14 95
67 66 65 25 36 2 75 79 99 54 63 49 47 13 75 34 67 32
13 82 42 13 49 88 80 30 70 38 0 88 63 86 47 42 95 78
95 77 51 65 69 21 94 83 19 89 46 25 31 95 44 12 93 66
53 99 14 30 46 24 4 56 27 18 76 86 17 92 39 18 89 95
28 40 16 61 60 84 25 100 49 27 72 82 66 6 79 22 9 52
93 90 79 10 48 98 41 69 23 84 61 84 22 31 16 21 75 12
36 36 4 49 52 41 40 90 56 60 68 2 4 4 79 28 68 9
14 36 57 15 43 68 56 91 22 13 50 78 66 48 27 78 47 8
47 50 23 20 84 64 18 46 83 43 47 23 3 88 77 94 3 14
62 4 89 87 89 26 98 9 52 28 32 51 85 27 64 42 33 84
96 70 91 82 84 47 28 56 56 41 51 76 64 74 39 94 38 13
