20 10 
100 83 74 44 41 18 22 23 31 16 59 51 5 50 24 83 76 50
26 39 9 74 12 77 73 45 61 45 2 18 42 11 87 13 85 28
60 26 21 72 25 64 51 60 42 30 81 32 100 24 44 67 52 26
98 48 76 49 62 84 94 32 90 10 20 9 63 71 99 17 62 66
42 84 48 88 98 66 5 30 49 92 16 60 81 8 26 53 0 88
79 73 41 69 89 83 80 0 35 12 80 7 23 53 93 27 100 38
38 67 98 65 22 43 0 27 19 86 21 54 83 75 66 1 79 97
43 2 34 2 15 17 19 46 33 40 7 39 68 10 26 25 82 98
0 11 47 74 35 21 74 24 88 76 63 53 5 59 28 97 10 65
77 73 56 86 46 100 55 79 76 53 53 66 52 53 16 9 88 84
13 28 84 34 15 18 42 26 52 33 32 78 89 38 75 63 97 23
86 5 34 56 97 19 20 86 74 25 15 14 54 63 74 94 89 54
93 99 18 98 51 35 34 4 87 19 84 81 86 49 62 71 99 51
8 8 54 60 20 43 49 69 62 9 88 89 94 56 25 11 54 79
7 31 16 35 95 31 60 45 57 44 95 80 57 88 90 32 49 38
5 94 54 66 71 17 81 62 3 93 60 5 9 4 72 36 31 88
18 79 40 2 27 36 50 67 27 12 97 28 75 98 47 28 13 8
10 99 11 92 57 47 21 3 4 77 47 80 68 60 26 70 75 19
61 33 85 67 80 54 74 76 0 93 6 28 87 100 39 20 23 90
71 27 5 40 99 28 40 18 70 77 69 72 1 38 72 34 78 37
