20 10 
42 20 90 70 72 90 55 18 34 64 21 90 81 4 39 67 50 70
90 26 5 37 3 31 81 80 65 26 85 19 87 99 8 68 69 75
50 96 49 85 92 17 27 69 85 79 84 12 80 79 97 2 71 10
73 91 100 9 21 78 33 28 95 34 69 53 27 100 75 46 18 97
60 79 56 30 84 42 86 15 49 12 91 90 19 28 15 47 49 15
26 65 21 60 26 54 9 46 37 73 38 15 40 99 17 38 92 100
19 5 32 6 82 11 85 84 70 63 36 61 56 44 89 73 14 5
57 55 42 50 46 21 40 17 83 84 37 65 36 88 98 74 19 22
23 28 48 5 10 11 10 46 15 63 68 69 13 48 87 73 27 59
35 25 61 9 13 4 64 17 63 50 7 85 87 75 1 27 67 33
81 64 75 81 89 74 87 98 13 36 35 79 72 46 80 13 67 56
78 40 48 16 4 55 12 50 95 25 16 38 3 32 2 70 76 71
16 75 60 56 74 40 1 6 5 26 65 13 37 3 6 18 49 61
68 9 93 17 77 3 1 34 9 89 14 46 71 91 2 91 87 17
24 55 56 3 32 88 66 55 11 9 7 81 12 20 22 13 87 32
0 53 79 20 63 21 96 90 77 100 50 57 2 8 35 93 32 79
8 82 87 87 39 30 4 86 48 69 21 31 74 45 44 7 49 74
1 59 85 61 94 86 14 49 61 55 19 69 14 0 59 10 20 95
12 77 86 99 95 71 80 47 53 49 6 1 100 36 20 88 25 74
33 54 91 11 54 87 1 83 100 86 72 17 83 37 37 96 30 96
