20 10 
6 88 41 28 12 37 96 13 35 16 28 54 62 56 76 49 85 47
4 28 6 46 33 68 44 6 86 8 74 35 77 56 39 45 40 17
21 77 46 83 91 34 11 90 92 32 39 45 34 8 31 70 8 68
69 73 4 84 63 9 31 38 91 45 69 40 28 32 1 16 0 27
76 68 3 30 23 65 87 21 49 90 35 56 94 15 59 69 93 77
78 51 8 78 13 11 14 46 98 79 61 57 85 92 21 96 72 25
46 1 15 42 4 89 21 3 4 95 12 98 44 38 97 40 87 31
34 52 70 60 46 13 25 39 24 20 56 63 71 90 51 85 9 30
41 88 59 88 78 55 88 28 92 91 4 23 90 11 45 8 89 78
64 26 28 53 31 32 43 65 11 63 100 38 61 4 61 74 87 98
23 46 54 53 72 88 87 21 87 81 25 75 44 54 57 40 28 54
84 33 18 16 69 40 28 26 67 18 31 76 9 37 1 67 50 35
10 28 8 4 67 59 64 12 96 97 31 31 25 68 1 2 43 31
2 50 32 27 21 41 78 38 77 7 23 1 66 8 56 96 93 47
68 64 97 53 45 2 56 16 50 24 55 73 9 64 87 0 60 27
81 97 75 22 49 48 23 100 80 2 72 38 40 93 42 5 51 40
46 9 19 78 91 12 27 75 38 98 27 78 22 74 67 74 76 4
0 59 59 97 31 98 57 14 68 28 14 55 47 39 51 70 89 73
42 31 15 45 10 59 44 23 89 99 78 27 45 69 6 46 23 2
56 73 72 53 84 5 44 23 15 72 9 36 85 95 34 66 61 50
