20 10 
68 71 52 41 55 53 13 39 40 60 3 63 52 10 30 68 71 91 7
63 44 80 24 82 86 74 83 33 45 71 95 99 44 40 43 56 83 83
32 22 88 1 84 82 95 39 15 65 42 68 16 26 89 9 30 98 38
70 83 18 26 96 51 13 70 97 28 74 91 46 76 53 28 11 55 73
35 83 78 42 45 33 28 65 2 34 27 79 93 38 69 40 100 26 76
26 85 87 18 44 44 98 4 52 71 72 61 1 63 88 67 27 50 49
43 69 86 79 85 1 71 22 78 78 51 3 59 48 41 56 88 6 99
44 22 63 83 16 68 60 54 32 83 53 8 11 81 16 62 44 42 56
55 98 67 10 72 16 21 22 31 0 27 60 65 54 71 84 49 83 70
46 87 60 36 4 12 56 2 0 91 62 20 9 45 38 68 50 73 35
79 80 52 40 94 45 13 21 54 81 96 44 49 68 91 33 13 15 18
84 82 72 32 57 24 81 41 93 34 71 11 98 5 39 7 19 83 34
81 85 72 3 62 100 26 38 51 94 37 86 77 86 23 28 20 97 2
98 71 14 14 19 12 28 6 66 67 59 8 69 45 14 41 34 97 56
11 45 44 40 42 35 66 50 92 67 53 1 90 40 1 72 87 12 60
91 67 89 42 67 41 100 37 79 27 78 80 38 67 34 10 64 46 21
39 64 83 90 52 35 43 24 31 51 22 72 16 94 52 88 77 89 78
100 71 96 6 23 42 17 63 28 39 13 99 46 81 79 7 43 18 59
52 62 91 100 51 33 1 19 28 13 6 33 28 56 4 83 35 95 89
19 16 90 84 59 90 19 53 66 81 98 43 52 54 81 57 41 14 17
