20 10 
8 24 37 43 88 40 30 39 14 4 42 72 36 49 0 59 13 53 26
5 59 39 42 46 62 83 50 5 56 16 17 84 96 54 44 70 94 74
39 95 45 31 48 12 5 76 5 51 50 20 24 70 92 27 39 44 12
13 75 3 37 8 14 77 26 38 94 0 86 68 66 19 95 45 94 6
4 18 41 100 62 23 85 12 27 53 92 77 66 76 62 44 55 3 49
35 38 57 68 0 25 18 96 71 54 76 20 80 72 95 84 53 14 61
5 96 86 70 38 56 0 74 37 52 74 86 55 92 4 22 92 53 17
3 91 78 54 92 84 94 61 64 21 4 2 90 70 43 37 26 17 64
28 63 71 76 41 74 85 44 25 46 54 91 87 76 63 3 13 17 47
74 42 87 86 12 47 76 49 37 49 49 24 82 56 68 35 76 26 27
100 37 62 40 69 48 37 70 28 41 88 39 74 0 97 59 65 9 1
25 35 59 9 93 55 17 54 6 25 88 20 33 20 89 17 12 34 48
68 86 88 71 56 96 5 5 13 80 8 84 69 37 36 48 15 88 77
18 20 78 94 16 48 62 91 93 31 60 100 42 92 43 15 9 15 23
57 98 8 85 21 7 79 75 19 97 31 64 66 56 4 89 43 45 26
42 56 76 32 41 43 94 28 20 81 54 21 73 82 46 54 85 23 5
100 74 82 49 7 48 18 27 25 4 64 0 71 24 54 14 97 88 10
57 22 47 37 96 31 69 27 61 46 50 79 56 98 64 36 30 81 96
81 62 56 31 54 45 33 83 19 5 22 10 1 63 3 9 16 50 48
28 42 9 19 21 21 38 63 68 75 99 32 46 96 39 52 99 87 6
