20 10 
24 5 68 25 66 46 54 35 76 1 9 46 57 94 27 96 2 97 56
28 92 50 50 97 32 60 50 22 50 51 51 61 9 61 24 69 51 62
72 91 24 9 78 95 12 6 78 1 78 66 5 99 47 8 68 54 99
56 36 45 52 43 28 48 93 25 54 8 10 34 23 93 17 56 78 25
54 15 55 46 94 46 31 39 44 57 49 82 92 90 82 59 50 69 65
71 24 61 33 69 30 57 52 56 40 12 90 28 2 88 80 49 89 11
17 28 23 88 24 41 67 81 47 42 33 53 90 47 49 90 6 59 37
33 55 54 87 93 26 34 5 92 48 31 90 93 51 57 17 56 16 88
51 34 40 1 71 60 55 24 96 20 90 28 80 99 23 46 33 84 76
51 39 85 24 44 48 43 28 18 17 3 22 51 74 6 7 2 60 95
2 51 70 17 17 88 78 60 56 57 48 19 66 52 93 68 76 34 75
21 27 6 63 66 70 91 14 95 99 46 7 93 65 48 55 89 76 26
63 17 80 44 79 46 40 84 48 15 90 73 64 22 34 56 75 53 13
30 14 10 90 11 69 98 83 30 73 31 65 83 85 45 73 72 87 40
27 25 85 57 34 88 98 55 34 30 59 50 65 53 50 67 99 31 64
77 81 80 72 23 70 48 27 62 65 95 72 25 56 64 39 87 2 32
91 19 80 65 67 18 32 21 56 11 25 7 61 1 78 12 77 36 42
73 98 11 72 22 54 93 47 50 22 87 70 97 4 0 5 41 41 70
14 71 57 4 21 79 53 70 27 97 86 56 82 64 9 19 12 83 18
40 0 68 85 0 89 72 36 91 92 4 91 32 52 95 96 32 91 94
