20 10 
90 69 67 2 81 11 61 67 27 55 83 56 14 53 3 11 43 79 47
0 88 97 37 35 24 45 0 32 64 74 10 71 0 39 77 44 8 32
45 2 15 14 100 69 39 42 68 55 35 43 44 65 57 9 28 59 83
51 49 63 73 36 80 63 3 36 50 52 69 53 78 77 1 7 98 94
68 9 47 12 37 28 7 26 90 91 100 10 70 28 77 17 51 61 18
6 62 59 61 78 99 1 47 20 45 96 71 67 80 100 19 33 90 57
97 60 38 99 38 57 13 53 8 22 71 47 18 70 39 66 47 6 10
64 95 78 84 60 94 75 30 34 98 60 9 87 48 28 60 17 56 54
19 55 14 26 60 30 53 59 50 14 28 17 51 96 5 81 93 50 92
33 89 71 2 56 71 69 89 62 76 98 25 64 51 48 33 50 2 4
51 95 46 42 6 30 22 3 40 19 39 41 72 27 54 30 54 67 78
16 63 99 89 22 100 95 83 24 5 13 13 95 3 9 87 84 51 44
93 100 14 97 41 56 38 72 95 25 57 92 27 61 57 63 91 40 92
56 96 79 72 54 60 16 42 92 100 42 50 47 4 43 46 99 54 76
27 9 19 41 28 42 28 95 85 28 43 19 76 26 2 32 31 11 76
45 28 28 1 28 33 77 77 48 27 82 11 94 100 49 37 51 87 100
37 82 86 55 6 52 82 22 37 94 14 34 70 99 73 74 41 11 34
8 41 39 62 69 19 6 72 78 48 78 94 70 44 47 44 51 96 51
78 84 35 35 1 87 10 66 80 60 20 12 83 14 94 2 4 35 55
43 11 66 12 20 11 44 77 51 40 49 18 53 12 67 86 89 78 87
