300 5
0.12 0.07 0.82 0.89 0.41
0.96 0.97 0.52 0.77 0.63
0.90 0.52 0.72 0.85 0.36
1.00 0.83 0.88 0.71 0.04
0.65 0.69 0.92 0.57 0.73
0.57 0.73 0.78 0.78 0.87
0.80 0.52 0.69 0.84 0.56
0.62 0.63 0.73 0.76 0.86
0.51 0.71 0.93 0.62 1.00
0.93 0.88 0.66 0.94 0.87
0.55 0.72 0.92 0.67 0.98
0.27 0.79 0.97 0.81 0.62
0.99 0.69 0.60 0.81 0.57
0.51 0.77 0.64 0.56 0.68
0.75 0.85 0.10 0.50 0.33
0.84 0.80 0.51 0.93 0.72
0.68 0.58 0.59 0.89 0.57
0.53 0.13 0.56 0.74 0.53
0.61 0.07 0.37 0.23 0.58
0.26 0.86 0.93 0.03 0.35
0.62 0.01 0.09 0.79 0.34
0.86 0.31 0.18 0.75 0.60
0.92 0.81 0.77 0.75 0.31
0.92 0.37 0.73 0.06 0.68
0.69 0.98 0.70 0.99 0.29
0.52 0.72 0.72 0.61 0.32
0.60 0.82 0.11 0.83 0.88
0.75 0.68 0.54 0.66 0.55
0.71 0.57 0.11 0.60 0.72
0.52 0.54 0.62 0.64 0.70
0.57 0.86 0.20 0.48 0.34
0.84 0.98 0.22 0.87 0.19
0.89 0.72 0.80 0.19 0.70
0.15 0.26 0.36 0.94 0.81
0.06 0.02 0.92 0.99 0.25
0.66 0.96 0.71 0.18 1.00
0.84 1.00 0.18 0.64 0.29
0.65 0.65 0.91 0.18 0.26
0.49 0.88 0.62 0.71 0.73
0.11 0.46 0.76 0.88 0.79
0.04 0.68 0.60 0.91 0.63
0.56 0.73 0.03 0.88 0.71
0.75 0.61 0.46 0.70 0.22
0.49 0.30 0.75 0.54 0.57
0.53 0.46 0.28 0.75 0.79
0.51 0.83 0.77 0.78 0.23
0.13 0.55 0.82 0.83 0.64
0.56 0.05 0.66 0.71 0.59
0.43 0.41 0.44 0.13 0.55
1.00 0.02 0.71 0.12 0.77
0.79 0.70 0.18 0.52 0.69
0.27 0.94 0.02 0.68 0.85
0.60 0.11 0.71 0.78 0.58
0.54 0.86 0.09 0.80 0.69
0.62 0.77 0.21 0.65 0.88
0.84 0.62 0.03 0.80 0.96
0.91 0.54 0.14 0.52 0.92
0.24 0.86 0.75 0.60 0.67
0.82 0.05 0.51 0.78 0.85
0.25 0.40 0.94 0.33 0.92
0.56 0.33 0.85 0.30 0.17
0.62 0.04 0.80 0.21 0.95
1.00 0.56 0.48 0.11 0.07
0.29 0.67 0.40 0.69 0.71
0.53 0.60 0.07 0.73 0.62
0.28 0.86 0.81 0.67 0.52
0.59 0.59 0.11 0.83 0.47
0.26 0.31 0.51 0.84 0.48
0.03 0.80 0.69 0.57 0.87
0.44 0.18 0.69 0.18 0.44
0.45 0.67 0.73 1.00 0.24
0.29 0.87 0.88 0.47 0.92
0.97 0.64 0.16 0.55 0.51
0.87 0.78 0.64 0.07 0.71
0.94 0.83 0.04 0.36 0.61
0.59 0.61 0.86 0.84 0.01
0.19 0.79 0.05 0.87 0.92
0.33 0.37 1.00 0.59 0.32
0.61 0.04 0.74 0.70 0.59
0.51 0.71 0.31 0.71 0.84
0.31 0.70 0.12 0.93 0.78
0.13 0.82 0.02 0.94 0.85
0.56 0.79 0.64 0.73 0.05
0.21 0.76 0.33 0.82 0.84
0.01 0.60 0.96 0.75 0.72
0.13 0.03 0.79 0.61 0.84
0.83 0.54 0.96 0.60 0.07
0.25 0.44 0.77 0.03 0.98
0.85 0.57 0.81 0.03 0.72
0.76 0.69 0.04 0.76 0.96
0.52 0.52 0.79 0.98 0.13
0.88 0.16 0.43 0.64 0.54
0.09 0.61 0.67 0.55 0.68
0.65 0.61 0.51 0.38 0.19
0.02 0.57 1.00 0.80 0.67
0.23 0.87 0.76 0.55 0.30
0.14 0.52 0.89 0.87 0.72
0.09 0.82 0.18 0.85 0.02
0.91 0.61 0.11 0.58 0.73
0.10 0.72 0.54 0.80 0.85
0.12 0.66 0.61 0.74 0.96
0.72 0.57 0.69 0.12 0.62
0.93 0.58 0.05 0.64 0.14
0.31 0.62 0.88 0.69 0.66
0.58 0.61 0.10 0.19 0.60
0.60 0.15 0.64 0.55 0.90
0.15 0.98 0.55 0.78 0.84
0.91 0.59 0.51 0.73 0.52
0.89 0.93 0.03 0.59 0.94
0.32 0.61 0.92 0.79 0.06
0.65 0.03 0.71 0.52 0.75
0.64 0.68 0.31 0.03 0.87
0.69 0.85 0.53 0.14 0.49
0.51 0.13 0.53 0.83 0.77
0.59 0.39 0.40 0.98 0.39
0.95 0.68 0.41 0.62 0.20
0.03 0.63 0.86 0.74 0.57
0.77 0.55 0.60 0.77 0.51
0.47 0.92 0.12 0.64 0.13
0.39 0.73 0.77 0.84 0.31
0.73 0.58 0.28 0.66 0.55
0.24 0.55 0.88 0.51 0.92
0.08 0.90 0.13 0.53 0.65
0.01 0.23 0.98 0.95 0.08
0.74 0.59 0.58 0.61 0.37
0.89 0.81 0.34 0.63 0.11
0.06 0.87 0.68 0.84 0.54
0.02 0.05 0.60 0.56 0.89
0.57 0.37 0.62 0.22 1.00
1.00 0.61 0.01 0.60 0.88
0.71 0.61 0.24 0.67 0.23
0.86 0.06 0.08 0.18 0.95
0.93 0.03 0.43 0.54 0.99
1.00 0.59 0.04 0.61 0.76
0.53 0.92 0.52 0.59 0.53
0.27 0.59 0.17 0.89 0.68
0.69 0.25 0.81 0.46 0.15
0.39 0.94 0.90 0.39 0.96
0.11 0.97 0.06 0.94 0.58
0.80 0.60 0.21 0.72 0.68
0.40 0.51 0.62 0.82 0.88
0.08 0.70 0.82 0.27 0.47
0.64 0.88 0.70 0.05 0.86
0.21 0.53 0.83 0.51 0.95
0.11 0.68 0.94 0.18 0.98
0.96 0.88 0.72 0.56 0.11
0.23 0.98 0.74 0.02 0.73
0.68 0.14 0.94 0.16 0.04
0.18 0.23 0.76 0.85 0.60
0.60 0.57 0.79 0.09 0.72
0.73 0.54 0.94 0.09 0.60
0.39 0.93 0.39 0.45 0.60
0.14 0.83 0.06 0.68 0.53
0.04 0.84 0.76 0.55 0.91
0.57 0.55 0.89 0.73 0.14
0.66 0.82 0.43 0.39 0.45
0.65 0.59 0.96 0.52 0.11
0.84 0.97 0.70 0.11 0.69
0.88 0.81 0.94 0.01 0.64
0.13 0.06 0.72 0.87 0.25
0.98 0.56 0.53 0.90 0.14
0.37 0.90 0.52 0.57 0.51
0.83 0.84 0.76 0.70 0.10
0.67 0.80 0.62 0.63 0.07
0.89 0.97 0.69 0.33 0.34
0.83 0.41 0.92 0.80 0.08
0.69 0.81 0.78 0.10 0.44
0.79 0.69 0.01 0.63 0.55
0.66 0.13 0.93 0.58 0.30
0.05 0.55 0.94 0.61 0.87
0.05 0.63 0.71 0.74 0.70
0.74 0.67 0.03 0.05 0.76
0.74 0.84 0.72 0.08 0.59
0.51 0.13 0.53 0.67 0.80
0.70 0.93 0.47 0.47 0.36
0.84 0.80 0.79 0.15 0.47
0.60 0.81 0.08 0.69 0.98
0.52 0.74 0.02 0.69 0.79
0.63 0.67 0.56 0.47 0.08
0.19 0.63 0.55 0.71 0.53
0.81 0.52 0.67 1.00 0.17
0.21 0.67 0.29 0.65 0.29
0.51 0.07 0.96 0.72 0.53
0.66 0.64 0.61 0.51 0.07
0.84 0.57 0.70 0.07 0.64
0.76 0.76 0.81 0.27 0.01
0.15 0.69 0.59 0.59 0.80
0.68 0.60 0.71 0.63 0.21
0.36 0.59 0.82 0.60 0.62
0.04 0.58 0.56 0.54 0.86
0.69 0.58 0.78 0.17 0.54
0.84 0.71 1.00 0.01 0.74
0.52 0.75 0.90 0.56 0.08
0.53 0.92 0.23 0.08 0.71
0.81 0.95 0.56 0.06 0.73
0.51 0.66 0.24 0.82 0.13
0.05 0.64 0.35 0.80 0.79
0.53 0.39 0.48 0.76 0.75
0.80 0.74 0.04 0.84 0.53
0.83 0.13 0.87 0.27 0.57
0.65 0.88 0.54 0.76 0.06
0.79 0.53 0.75 0.90 0.23
0.56 0.79 0.22 0.77 0.55
0.55 0.55 0.63 0.59 0.09
0.34 0.52 0.71 0.81 0.75
0.23 0.58 0.85 0.45 0.83
0.80 0.02 0.65 0.67 1.00
0.27 0.02 0.96 0.97 0.15
0.52 0.23 0.62 0.54 0.52
0.02 0.40 0.68 0.82 0.65
0.78 0.64 0.28 0.64 0.56
0.62 0.09 0.64 0.03 0.25
0.51 0.27 0.40 0.69 0.38
0.49 0.02 0.71 0.89 0.77
0.78 0.39 0.67 0.93 0.10
0.74 0.54 0.28 0.54 0.68
0.59 0.54 0.61 0.35 0.51
0.52 0.54 0.27 0.60 0.52
0.74 0.32 0.38 0.63 0.25
0.12 0.73 0.66 0.61 0.77
0.59 0.57 0.05 0.61 0.70
0.28 0.75 0.75 0.15 0.91
0.08 0.83 0.54 0.75 0.60
0.12 0.68 0.53 0.75 0.78
0.70 0.67 0.14 0.01 0.63
0.32 0.79 0.63 0.61 0.55
0.91 0.75 0.57 0.56 0.01
0.58 0.68 0.57 0.59 0.51
0.20 0.25 0.78 0.54 0.91
0.88 0.55 0.58 0.69 0.15
0.98 0.53 0.70 0.67 0.19
0.12 0.45 0.53 0.32 0.89
0.59 0.10 0.81 0.06 0.99
0.54 0.69 0.97 0.73 0.23
0.48 0.60 0.32 0.68 0.54
0.90 0.05 0.51 0.69 0.72
0.42 0.62 0.65 0.71 0.64
0.53 0.67 0.28 0.53 0.72
0.52 0.56 0.47 0.71 0.17
0.93 0.62 0.07 0.37 0.97
0.69 0.01 0.60 0.64 0.99
0.19 0.24 0.13 0.75 0.65
0.99 0.61 0.45 0.54 0.34
0.65 0.59 0.06 0.09 0.91
0.70 0.69 0.02 0.79 0.94
0.77 0.98 0.60 0.75 0.02
0.14 0.99 0.95 0.16 0.82
0.13 0.82 0.60 0.68 0.74
0.54 0.77 0.09 0.93 0.61
0.03 0.57 0.88 0.96 0.63
0.86 0.71 0.84 0.06 0.18
0.52 0.07 0.67 0.92 0.59
0.84 0.06 0.71 1.00 0.27
0.51 0.15 0.86 0.64 0.53
0.58 0.62 0.69 0.07 0.89
0.71 0.02 0.53 0.63 0.83
0.72 0.10 0.02 0.55 0.54
0.66 0.75 0.02 0.67 0.61
0.04 0.55 0.62 0.59 0.78
0.64 0.55 0.53 0.10 0.70
0.43 0.72 0.05 0.93 0.36
0.51 0.86 0.78 0.07 0.62
0.94 0.54 0.83 0.65 0.13
0.12 0.65 0.54 0.24 0.62
0.89 0.58 0.54 0.57 0.37
0.15 0.74 0.63 0.52 0.58
0.44 0.19 0.08 0.49 0.57
0.73 0.75 0.53 0.95 0.07
0.02 0.98 0.57 0.69 0.55
0.17 0.65 0.51 0.94 0.20
0.69 0.73 0.67 0.02 0.66
0.86 0.04 0.71 0.64 0.67
0.90 0.60 0.59 0.51 0.53
0.43 0.68 0.58 0.08 0.39
0.87 0.57 0.60 0.69 0.12
1.00 0.69 0.33 0.76 0.13
0.62 0.33 0.61 0.21 0.87
0.89 0.65 0.28 0.15 0.56
0.58 0.13 0.62 0.54 0.90
0.73 0.70 0.08 0.70 0.27
0.57 0.65 0.68 0.57 0.51
0.89 0.75 0.52 0.99 0.09
0.18 0.01 0.91 0.24 0.52
0.84 0.26 0.52 0.66 0.50
0.72 0.28 0.94 0.01 0.70
0.27 0.72 0.34 0.91 0.27
0.56 0.58 0.68 0.62 0.08
0.36 0.51 0.99 0.39 0.27
0.87 0.18 0.08 0.80 0.04
0.41 0.35 0.81 0.04 0.65
0.63 0.08 0.88 0.73 0.12
0.54 0.07 0.08 0.59 0.73
0.72 0.80 0.01 1.00 0.70
0.98 0.03 0.93 0.16 1.00
0.38 0.66 0.70 0.05 0.70
0.66 0.73 0.09 0.21 0.76
0.51 0.96 0.94 0.01 0.98
0.55 0.53 0.90 0.63 0.20
0.40 0.52 0.70 0.66 0.59
0.79 0.78 0.06 0.76 0.53
