300 5
12 7 82 89 41
96 97 52 77 63
90 52 72 85 36
100 83 88 71 4
65 69 92 57 73
57 73 78 78 87
80 52 69 84 56
62 63 73 76 86
51 71 93 62 100
93 88 66 94 87
55 72 92 67 98
27 79 97 81 62
99 69 60 81 57
51 77 64 56 68
75 85 10 50 33
84 80 51 93 72
68 58 59 89 57
53 13 56 74 53
61 7 37 23 58
26 86 93 3 35
62 1 9 79 34
86 31 18 75 60
92 81 77 75 31
92 37 73 6 68
69 98 70 99 29
52 72 72 61 32
60 82 11 83 88
75 68 54 66 55
71 57 11 60 72
52 54 62 64 70
57 86 20 48 34
84 98 22 87 19
89 72 80 19 70
15 26 36 94 81
6 2 92 99 25
66 96 71 18 100
84 100 18 64 29
65 65 91 18 26
49 88 62 71 73
11 46 76 88 79
4 68 60 91 63
56 73 3 88 71
75 61 46 70 22
49 30 75 54 57
53 46 28 75 79
51 83 77 78 23
13 55 82 83 64
56 5 66 71 59
43 41 44 13 55
100 2 71 12 77
79 70 18 52 69
27 94 2 68 85
60 11 71 78 58
54 86 9 80 69
62 77 21 65 88
84 62 3 80 96
91 54 14 52 92
24 86 75 60 67
82 5 51 78 85
25 40 94 33 92
56 33 85 30 17
62 4 80 21 95
100 56 48 11 7
29 67 40 69 71
53 60 7 73 62
28 86 81 67 52
59 59 11 83 47
26 31 51 84 48
3 80 69 57 87
44 18 69 18 44
45 67 73 100 24
29 87 88 47 92
97 64 16 55 51
87 78 64 7 71
94 83 4 36 61
59 61 86 84 1
19 79 5 87 92
33 37 100 59 32
61 4 74 70 59
51 71 31 71 84
31 70 12 93 78
13 82 2 94 85
56 79 64 73 5
21 76 33 82 84
1 60 96 75 72
13 3 79 61 84
83 54 96 60 7
25 44 77 3 98
85 57 81 3 72
76 69 4 76 96
52 52 79 98 13
88 16 43 64 54
9 61 67 55 68
65 61 51 38 19
2 57 100 80 67
23 87 76 55 30
14 52 89 87 72
9 82 18 85 2
91 61 11 58 73
10 72 54 80 85
12 66 61 74 96
72 57 69 12 62
93 58 5 64 14
31 62 88 69 66
58 61 10 19 60
60 15 64 55 90
15 98 55 78 84
91 59 51 73 52
89 93 3 59 94
32 61 92 79 6
65 3 71 52 75
64 68 31 3 87
69 85 53 14 49
51 13 53 83 77
59 39 40 98 39
95 68 41 62 20
3 63 86 74 57
77 55 60 77 51
47 92 12 64 13
39 73 77 84 31
73 58 28 66 55
24 55 88 51 92
8 90 13 53 65
1 23 98 95 8
74 59 58 61 37
89 81 34 63 11
6 87 68 84 54
2 5 60 56 89
57 37 62 22 100
100 61 1 60 88
71 61 24 67 23
86 6 8 18 95
93 3 43 54 99
100 59 4 61 76
53 92 52 59 53
27 59 17 89 68
69 25 81 46 15
39 94 90 39 96
11 97 6 94 58
80 60 21 72 68
40 51 62 82 88
8 70 82 27 47
64 88 70 5 86
21 53 83 51 95
11 68 94 18 98
96 88 72 56 11
23 98 74 2 73
68 14 94 16 4
18 23 76 85 60
60 57 79 9 72
73 54 94 9 60
39 93 39 45 60
14 83 6 68 53
4 84 76 55 91
57 55 89 73 14
66 82 43 39 45
65 59 96 52 11
84 97 70 11 69
88 81 94 1 64
13 6 72 87 25
98 56 53 90 14
37 90 52 57 51
83 84 76 70 10
67 80 62 63 7
89 97 69 33 34
83 41 92 80 8
69 81 78 10 44
79 69 1 63 55
66 13 93 58 30
5 55 94 61 87
5 63 71 74 70
74 67 3 5 76
74 84 72 8 59
51 13 53 67 80
70 93 47 47 36
84 80 79 15 47
60 81 8 69 98
52 74 2 69 79
63 67 56 47 8
19 63 55 71 53
81 52 67 100 17
21 67 29 65 29
51 7 96 72 53
66 64 61 51 7
84 57 70 7 64
76 76 81 27 1
15 69 59 59 80
68 60 71 63 21
36 59 82 60 62
4 58 56 54 86
69 58 78 17 54
84 71 100 1 74
52 75 90 56 8
53 92 23 8 71
81 95 56 6 73
51 66 24 82 13
5 64 35 80 79
53 39 48 76 75
80 74 4 84 53
83 13 87 27 57
65 88 54 76 6
79 53 75 90 23
56 79 22 77 55
55 55 63 59 9
34 52 71 81 75
23 58 85 45 83
80 2 65 67 100
27 2 96 97 15
52 23 62 54 52
2 40 68 82 65
78 64 28 64 56
62 9 64 3 25
51 27 40 69 38
49 2 71 89 77
78 39 67 93 10
74 54 28 54 68
59 54 61 35 51
52 54 27 60 52
74 32 38 63 25
12 73 66 61 77
59 57 5 61 70
28 75 75 15 91
8 83 54 75 60
12 68 53 75 78
70 67 14 1 63
32 79 63 61 55
91 75 57 56 1
58 68 57 59 51
20 25 78 54 91
88 55 58 69 15
98 53 70 67 19
12 45 53 32 89
59 10 81 6 99
54 69 97 73 23
48 60 32 68 54
90 5 51 69 72
42 62 65 71 64
53 67 28 53 72
52 56 47 71 17
93 62 7 37 97
69 1 60 64 99
19 24 13 75 65
99 61 45 54 34
65 59 6 9 91
70 69 2 79 94
77 98 60 75 2
14 99 95 16 82
13 82 60 68 74
54 77 9 93 61
3 57 88 96 63
86 71 84 6 18
52 7 67 92 59
84 6 71 100 27
51 15 86 64 53
58 62 69 7 89
71 2 53 63 83
72 10 2 55 54
66 75 2 67 61
4 55 62 59 78
64 55 53 10 70
43 72 5 93 36
51 86 78 7 62
94 54 83 65 13
12 65 54 24 62
89 58 54 57 37
15 74 63 52 58
44 19 8 49 57
73 75 53 95 7
2 98 57 69 55
17 65 51 94 20
69 73 67 2 66
86 4 71 64 67
90 60 59 51 53
43 68 58 8 39
87 57 60 69 12
100 69 33 76 13
62 33 61 21 87
89 65 28 15 56
58 13 62 54 90
73 70 8 70 27
57 65 68 57 51
89 75 52 99 9
18 1 91 24 52
84 26 52 66 50
72 28 94 1 70
27 72 34 91 27
56 58 68 62 8
36 51 99 39 27
87 18 8 80 4
41 35 81 4 65
63 8 88 73 12
54 7 8 59 73
72 80 1 100 70
98 3 93 16 100
38 66 70 5 70
66 73 9 21 76
51 96 94 1 98
55 53 90 63 20
40 52 70 66 59
79 78 6 76 53
