300 5
51 86 8 67 90
41 32 69 100 57
83 29 62 71 85
98 37 96 53 38
71 74 82 95 61
51 99 86 96 78
16 95 100 73 4
74 64 21 62 87
97 71 69 39 51
55 51 98 80 97
53 93 30 79 56
69 7 53 73 98
96 97 61 79 33
94 78 56 88 70
62 53 57 63 81
61 100 93 66 52
91 81 100 56 95
58 53 71 95 60
91 73 77 69 26
64 98 54 75 76
70 85 88 77 67
5 9 82 96 94
56 60 76 98 93
76 72 85 83 75
61 33 65 89 75
72 5 31 70 2
73 82 63 43 72
72 74 62 49 4
92 6 88 69 81
90 61 63 38 68
93 100 3 75 79
94 67 93 49 55
57 5 63 39 59
39 71 71 49 56
72 3 88 69 45
80 64 49 58 55
36 81 61 5 98
52 61 54 58 61
92 83 92 20 73
65 83 54 20 76
91 40 16 20 91
39 66 23 81 60
71 20 35 94 56
58 64 14 96 81
40 57 58 67 36
73 71 68 53 5
83 39 16 44 56
7 26 79 63 97
27 99 99 77 93
25 85 10 73 91
74 60 92 53 11
46 12 91 16 65
23 40 80 68 70
94 100 64 14 19
82 89 92 14 57
52 6 60 100 99
37 70 57 54 16
3 38 39 97 100
68 70 65 76 7
69 63 28 73 92
56 15 86 64 68
26 82 100 43 97
28 18 67 85 98
73 35 77 6 18
49 51 63 61 10
68 64 6 84 67
35 94 60 57 9
58 9 17 50 64
96 43 3 52 67
50 71 43 76 88
85 77 2 99 74
62 65 14 18 84
11 98 77 23 46
4 73 48 77 64
91 20 55 24 75
69 11 70 4 94
65 53 51 57 7
77 77 15 36 81
79 92 51 34 33
72 71 43 62 40
78 52 18 31 17
23 89 89 74 55
52 32 77 69 55
70 42 99 35 58
33 68 36 54 21
83 54 76 12 63
96 88 1 82 75
21 68 95 18 90
54 48 51 67 62
91 61 61 12 75
18 97 29 96 82
93 1 32 54 68
57 52 78 26 42
1 75 85 91 55
89 42 21 4 73
55 70 53 67 3
72 53 75 17 54
78 65 56 19 61
15 99 1 67 63
76 58 10 75 13
75 56 98 48 16
81 53 69 57 6
5 83 82 74 96
51 52 39 59 81
64 69 77 20 20
60 33 83 66 36
10 52 73 94 43
30 24 77 84 80
61 75 37 38 89
55 67 70 11 57
88 6 28 35 51
52 64 52 60 79
10 60 53 99 25
53 52 33 64 6
14 67 41 92 89
4 55 58 80 66
69 73 52 46 55
75 49 69 41 20
93 100 58 16 23
61 66 79 2 18
73 22 77 53 23
64 30 2 86 72
51 47 61 88 58
66 39 52 97 33
71 90 60 15 87
51 61 8 59 72
75 52 57 55 40
70 3 76 62 15
26 98 54 51 89
56 1 86 83 22
64 64 45 24 71
65 35 51 74 61
83 89 1 83 63
5 95 56 60 94
63 57 7 69 99
53 99 53 30 62
70 53 22 55 25
9 82 65 73 82
17 64 68 78 53
1 82 87 79 29
30 1 55 56 71
56 99 88 49 38
61 72 52 18 91
18 61 15 77 87
81 93 66 54 3
67 71 63 39 52
81 75 23 1 85
11 96 70 62 79
25 58 12 74 82
75 90 83 1 57
88 56 6 70 48
25 35 50 90 28
86 86 2 65 90
10 62 69 38 63
55 81 16 94 65
70 51 66 34 73
64 32 51 92 56
53 36 65 30 93
51 62 46 60 63
42 44 87 77 23
100 98 23 25 62
93 75 77 57 3
53 52 79 5 58
27 58 76 30 60
97 99 63 15 46
33 99 30 29 84
4 95 68 76 66
56 77 8 81 11
86 37 71 29 61
11 87 32 72 62
87 87 6 83 55
71 55 67 51 51
14 56 92 71 82
62 43 57 14 84
52 45 78 52 80
25 63 58 65 84
39 68 46 19 77
28 63 55 66 66
25 55 94 82 62
59 40 93 39 57
53 23 77 76 65
94 85 2 55 77
53 51 5 68 65
100 77 6 40 55
88 39 54 59 31
51 59 59 99 24
92 69 59 23 16
78 87 2 15 73
77 96 5 62 100
16 92 53 66 48
27 57 60 62 51
7 44 80 72 54
18 54 60 95 65
78 82 4 96 25
61 96 17 72 54
70 23 65 86 52
53 97 60 51 54
10 87 61 66 97
64 56 72 18 71
79 94 40 57 3
30 93 66 40 69
34 56 96 68 57
56 1 56 15 89
36 61 3 25 55
29 79 51 65 94
6 83 62 70 61
23 31 99 93 57
71 55 92 31 8
11 63 66 70 88
51 57 63 53 60
3 76 100 65 69
12 86 19 97 83
2 96 61 97 84
68 1 100 66 53
89 37 95 3 79
100 2 98 98 8
18 90 98 18 80
12 56 66 94 37
17 91 77 70 28
80 43 69 60 54
85 1 13 91 55
66 88 2 73 71
52 59 6 97 74
76 77 58 51 9
3 67 28 96 82
44 80 58 46 44
2 80 81 86 67
27 72 2 56 20
8 89 53 15 87
64 5 94 30 59
57 5 53 81 26
71 79 77 40 11
68 21 11 89 54
63 75 57 8 52
59 48 56 60 54
1 63 74 65 100
73 99 71 1 70
3 69 93 66 82
63 57 55 55 56
84 51 51 43 55
4 80 57 55 67
6 7 69 91 68
40 44 59 43 66
60 30 51 96 61
6 95 69 55 57
11 1 83 85 98
52 38 88 68 9
1 100 76 84 74
75 64 52 51 25
24 56 20 66 69
66 78 69 51 4
20 58 58 34 85
76 9 91 61 17
73 42 58 30 59
93 98 90 38 3
23 93 63 26 74
65 35 81 18 70
22 12 84 72 79
60 32 93 16 53
58 34 61 88 5
13 83 66 64 59
22 69 24 89 72
63 82 68 23 37
61 54 48 56 53
43 20 62 67 69
33 58 74 54 76
43 17 32 81 36
96 87 66 51 3
99 34 3 96 54
62 37 66 65 58
82 68 64 5 75
94 77 48 13 6
56 100 63 40 47
25 68 77 74 55
55 60 69 57 16
51 82 65 18 2
7 83 60 95 27
42 52 80 6 64
88 51 75 5 91
62 51 62 56 21
8 63 82 53 38
65 33 65 54 38
19 74 100 35 59
83 91 16 10 59
69 35 69 57 33
49 88 81 4 82
54 36 78 23 25
20 37 66 96 97
3 84 58 80 55
99 94 1 55 59
27 51 94 61 68
75 77 2 55 59
58 61 59 56 37
36 57 62 49 60
1 75 68 75 65
72 86 51 13 54
6 30 81 74 51
66 47 95 62 8
57 24 90 63 51
13 54 65 92 57
