300 5
81 9 12 17 88
53 100 63 7 71
31 93 87 63 64
74 80 7 59 98
57 100 100 55 57
68 93 53 53 51
72 47 81 10 100
51 64 58 65 81
96 96 98 71 39
93 57 51 54 53
12 66 69 80 70
63 84 80 76 53
75 81 58 63 88
45 44 86 69 74
87 55 89 62 28
45 68 53 66 83
51 73 26 56 92
84 54 54 78 22
76 64 51 73 55
55 51 71 89 59
78 24 30 84 95
53 2 64 100 75
32 75 65 68 66
78 64 62 63 75
36 56 54 67 64
66 52 81 64 87
72 17 96 92 7
52 91 34 99 84
35 78 1 38 87
76 69 82 2 85
68 54 66 15 49
92 88 26 31 68
74 71 3 73 80
72 66 14 46 27
27 55 86 61 99
88 58 38 38 85
55 51 60 33 51
27 50 99 57 97
2 82 68 65 79
14 67 65 91 66
81 16 52 4 95
92 89 3 6 83
51 54 52 96 74
59 25 69 56 90
77 37 78 29 61
71 53 63 52 7
36 4 48 55 97
41 80 46 56 81
100 48 86 45 10
65 46 77 85 85
70 32 56 76 57
57 11 97 64 70
78 84 58 3 65
34 98 60 43 34
89 74 19 21 4
38 90 75 88 26
32 74 73 59 29
57 18 44 94 67
77 15 58 86 58
25 15 83 59 52
60 94 10 6 97
53 28 42 98 32
53 69 83 68 32
33 76 61 77 59
5 44 3 94 67
36 20 1 10 93
52 33 76 87 73
63 25 71 5 84
78 64 54 64 10
52 54 63 73 52
10 58 54 81 79
65 58 57 57 52
59 26 69 61 60
74 52 40 83 68
76 50 61 68 72
35 45 58 26 76
61 24 80 72 60
21 52 35 43 42
64 57 59 17 79
7 97 63 64 52
56 59 65 76 23
63 4 48 75 52
71 80 56 76 1
41 70 80 61 3
73 80 96 11 33
59 17 76 59 66
9 87 98 82 3
4 70 17 94 55
11 20 46 92 27
67 90 54 55 19
15 58 59 79 59
71 13 70 66 86
41 52 70 72 9
19 41 45 50 77
75 99 57 57 6
51 24 72 72 62
87 42 37 54 58
63 61 67 88 16
41 91 62 17 42
94 30 53 67 54
52 53 92 36 75
32 69 52 54 31
98 66 92 61 1
69 43 62 61 52
67 75 31 54 90
98 6 60 74 80
86 55 57 15 65
46 73 44 56 35
66 33 72 81 40
57 83 28 21 92
51 100 93 55 29
56 86 61 63 13
74 61 85 13 52
51 71 92 30 19
66 36 62 30 82
47 61 85 97 1
59 69 83 11 80
13 78 70 29 77
51 13 69 67 88
79 72 56 31 91
13 39 66 84 83
95 19 26 91 24
80 7 59 86 31
51 71 77 22 72
69 1 67 85 94
65 1 96 54 95
9 80 92 77 97
57 59 74 20 52
42 52 95 33 68
54 49 7 76 86
64 72 73 57 6
91 2 94 67 54
59 67 27 65 55
2 82 60 64 83
76 65 56 7 66
65 29 70 56 77
62 63 60 16 79
87 47 57 51 72
68 64 5 37 41
14 80 88 56 53
68 63 52 21 78
27 50 63 78 69
56 37 85 5 83
65 52 21 84 73
3 96 87 61 93
60 49 57 60 51
60 25 73 72 61
18 69 59 79 55
70 52 55 23 4
67 56 92 31 63
46 25 57 60 82
13 54 51 71 20
68 9 72 97 46
7 81 76 93 64
55 95 52 6 58
54 10 69 75 73
96 71 60 62 2
36 95 56 19 66
80 73 51 70 12
28 9 88 69 48
67 6 53 61 80
69 5 57 52 76
56 97 40 35 68
48 80 97 37 65
61 7 95 45 82
51 77 53 7 95
59 57 70 27 69
61 66 42 94 16
46 76 26 72 51
59 68 11 66 48
65 51 25 16 54
76 6 93 11 56
66 66 80 33 30
62 87 53 37 23
65 53 9 90 58
99 38 17 27 86
69 40 79 29 81
100 72 7 90 1
3 76 66 16 63
7 67 65 20 83
93 54 8 66 63
95 31 14 64 59
63 94 97 52 18
1 63 58 7 51
69 2 59 61 68
67 3 22 20 54
14 80 9 65 85
60 53 53 26 76
61 50 14 63 60
53 35 62 79 61
67 2 62 80 74
13 1 81 52 21
51 40 52 62 68
12 56 86 53 92
63 43 1 58 74
55 50 68 51 58
78 25 52 8 67
60 52 17 76 13
56 48 79 11 60
63 78 62 65 30
63 52 36 72 24
1 99 49 92 80
93 54 79 14 35
6 62 79 65 60
56 60 12 77 63
74 63 13 98 37
66 68 44 72 19
52 60 1 61 75
12 52 65 83 46
58 68 61 1 81
66 67 62 61 33
34 66 12 78 57
38 62 19 52 85
77 65 89 1 6
71 64 4 91 52
70 53 80 5 39
61 62 62 7 68
62 42 62 66 55
54 12 65 87 93
54 86 59 83 15
80 2 56 53 73
72 24 63 72 13
6 74 55 55 85
82 50 1 54 88
43 64 63 59 40
96 19 89 59 19
98 80 59 16 3
60 25 58 82 57
17 55 73 65 59
59 25 70 68 56
31 59 9 70 95
48 66 11 72 72
53 32 67 97 22
9 88 87 64 2
77 38 17 51 76
85 60 11 55 55
45 68 30 43 63
51 92 54 13 30
9 58 60 55 60
96 52 5 65 53
83 84 74 42 3
63 52 8 82 7
65 58 66 2 83
73 55 3 81 58
21 62 19 62 78
12 85 21 97 24
56 87 57 31 73
12 79 49 52 56
91 58 2 82 59
74 9 14 62 74
60 82 34 58 60
83 70 80 67 2
56 40 46 76 72
61 98 9 86 54
57 58 24 80 80
92 12 10 69 51
41 46 67 54 59
60 3 61 45 75
37 54 83 9 58
21 3 85 17 72
3 66 52 92 88
51 75 68 1 39
77 66 24 47 1
59 90 54 38 59
43 60 33 69 53
15 87 82 1 78
24 63 7 89 91
45 71 22 59 56
55 55 69 68 5
73 61 49 54 7
89 52 63 1 61
61 48 17 80 47
65 67 16 11 41
54 22 83 28 59
72 95 4 74 20
58 55 89 5 56
66 87 67 20 25
84 96 1 57 57
99 90 41 33 3
61 51 46 80 4
4 66 4 5 99
9 62 70 42 96
31 51 67 11 52
61 97 65 2 72
63 59 14 51 63
27 17 71 84 74
52 65 47 41 19
67 40 6 78 66
78 82 86 21 35
57 54 2 96 71
68 78 75 78 2
63 77 3 55 8
12 30 58 73 72
74 53 19 17 73
59 58 60 22 58
52 32 80 33 59
41 16 52 64 71
29 86 59 15 3
66 89 55 6 89
59 76 9 52 60
