300 5
0.58 0.96 0.64 0.84 0.35
0.85 0.76 0.82 0.62 0.90
0.80 0.59 0.72 0.93 0.78
0.85 0.65 0.81 0.57 0.81
0.56 0.75 0.99 0.84 0.33
0.65 0.70 0.16 0.61 0.68
0.89 0.89 0.52 0.33 0.81
0.33 0.59 0.99 0.60 0.84
0.87 0.93 0.66 0.73 0.62
0.51 0.97 0.87 0.85 0.90
0.90 0.75 0.75 0.81 0.53
0.05 0.76 0.78 0.88 0.71
0.98 0.38 0.98 0.95 0.95
0.54 0.59 0.92 0.56 0.08
0.51 0.80 0.96 0.75 0.43
0.66 0.49 0.59 0.65 0.85
0.78 0.52 0.53 0.89 0.23
0.68 0.99 0.19 0.23 0.13
0.72 0.76 0.02 0.54 0.07
0.82 0.45 0.73 0.45 0.27
0.58 0.20 0.93 0.43 0.59
0.09 0.42 0.80 0.52 0.78
0.67 0.69 0.73 0.55 0.59
0.61 0.45 0.83 0.93 0.74
0.75 0.24 0.89 0.89 0.93
0.49 0.64 0.77 0.75 0.72
0.09 0.61 0.57 0.14 0.95
0.89 0.30 0.26 0.05 0.09
0.64 0.18 0.16 0.90 0.36
0.57 0.72 0.72 0.91 0.84
0.54 0.57 0.91 0.94 0.35
0.57 0.87 0.79 0.73 0.46
0.61 0.45 0.88 0.29 0.92
0.84 0.07 0.51 0.56 0.03
0.64 0.64 0.63 0.31 0.67
0.64 0.67 0.33 0.54 0.93
0.09 0.81 0.71 0.13 0.51
0.92 0.08 0.16 0.72 0.84
0.60 0.86 0.70 0.79 0.93
0.71 0.62 0.85 0.36 0.30
0.04 0.05 0.04 0.99 0.56
0.81 0.99 0.68 0.19 0.73
0.70 0.92 0.09 0.58 0.81
0.04 0.81 0.98 0.65 0.95
0.63 0.58 0.77 0.23 0.37
0.56 0.67 0.69 0.60 0.86
0.68 0.49 0.07 0.18 0.94
0.65 0.27 0.86 0.75 0.02
0.26 0.57 0.27 0.66 0.32
0.97 0.61 0.11 0.93 0.55
0.37 0.67 0.99 0.22 0.66
0.71 0.79 0.10 0.60 0.44
0.55 0.99 0.68 0.30 0.09
0.21 0.93 0.17 0.67 0.26
0.82 0.19 0.57 0.46 0.78
0.11 0.78 0.83 0.98 0.57
0.55 0.34 0.06 0.89 0.54
0.74 0.62 0.09 0.57 0.15
0.64 0.26 0.22 0.66 0.97
0.61 0.06 0.85 0.22 0.89
0.73 0.87 0.55 0.31 0.72
1.00 0.21 0.21 0.15 0.74
0.52 0.99 0.82 0.90 0.21
0.81 0.96 0.54 0.07 0.84
0.52 0.69 0.96 0.57 0.73
0.04 0.89 0.76 0.52 0.70
0.74 0.80 0.62 0.50 0.51
0.76 0.54 0.71 0.69 0.80
0.82 0.26 0.78 0.73 0.38
0.75 0.67 0.51 0.51 0.57
0.21 0.99 0.95 0.53 0.06
0.09 0.35 0.98 0.63 0.77
0.51 0.99 0.10 0.97 0.85
0.76 0.57 0.81 0.27 0.90
0.65 0.21 0.40 0.86 0.56
0.70 0.82 0.59 0.70 0.10
0.66 0.93 0.76 0.94 0.05
0.59 0.19 0.65 0.97 0.77
0.58 0.92 0.54 0.53 0.57
0.27 0.35 0.88 0.86 0.60
0.58 0.02 0.70 0.76 0.86
0.05 0.59 0.54 0.82 0.50
0.85 0.31 0.12 0.87 0.52
0.17 0.89 0.65 0.76 0.45
0.72 0.67 0.61 0.54 0.58
0.63 0.55 0.89 0.36 0.71
0.18 0.63 0.83 0.92 0.07
0.20 0.34 0.23 0.55 0.84
0.60 0.13 0.66 0.14 0.91
0.06 0.98 0.08 0.24 0.77
0.90 0.26 0.19 0.23 0.70
0.52 0.52 0.74 0.71 0.57
0.80 0.61 0.72 0.61 0.66
0.86 0.30 0.13 0.62 0.86
0.27 0.78 0.91 0.03 0.68
0.78 0.73 0.39 0.12 0.43
0.75 0.05 0.54 0.35 0.63
0.40 0.90 0.52 0.77 0.22
0.64 0.59 0.48 0.65 0.74
0.57 0.51 0.25 0.43 0.78
0.57 0.19 0.61 0.82 0.78
0.05 0.65 0.67 0.91 0.25
0.51 0.92 0.15 0.15 0.59
0.67 0.81 0.03 0.52 0.71
0.80 0.55 0.56 0.53 0.41
0.52 0.62 0.35 0.51 0.88
0.77 0.51 0.77 0.74 0.57
0.56 0.14 0.86 0.77 0.62
0.68 0.09 0.66 0.56 0.93
0.20 0.91 0.27 0.95 0.26
0.57 0.75 1.00 0.17 0.74
0.96 0.93 0.57 0.53 0.02
0.53 0.46 0.60 0.98 0.63
0.41 0.52 0.53 0.39 0.62
0.80 0.54 0.94 0.64 0.40
0.64 0.45 0.65 0.64 0.63
0.57 0.78 0.25 0.58 0.54
0.53 0.53 0.64 1.00 0.45
0.66 0.26 0.73 0.63 0.68
0.20 0.95 0.59 0.40 0.80
0.63 0.65 0.07 0.09 0.73
0.99 0.09 0.82 0.53 0.34
0.97 0.79 0.88 0.02 0.68
0.70 0.44 0.72 0.61 0.80
0.88 0.64 0.95 0.13 0.88
0.73 0.56 0.98 0.61 0.37
0.54 0.51 0.87 0.94 0.03
0.65 0.38 0.44 0.14 0.59
0.63 0.72 0.21 0.77 0.56
0.37 0.34 0.56 0.55 0.81
0.10 0.88 0.39 0.79 0.87
0.51 0.66 0.75 0.55 0.15
0.62 0.70 0.58 0.12 0.73
0.51 0.75 0.93 0.07 0.53
0.77 0.90 0.64 0.18 0.48
0.77 0.58 0.74 0.59 0.58
0.26 0.53 0.67 0.53 0.71
0.42 0.86 0.45 0.13 0.37
0.82 0.18 0.52 0.64 0.73
0.56 0.85 0.18 0.62 0.96
0.86 0.54 0.68 0.23 0.54
0.73 0.98 0.64 0.02 0.55
0.24 0.51 0.79 0.86 0.73
0.73 0.43 0.06 0.68 0.69
0.07 0.58 0.78 0.21 0.84
0.27 0.52 0.76 0.59 0.68
0.69 0.51 0.02 0.85 0.83
0.70 0.03 0.12 0.60 0.72
0.36 0.04 0.70 0.93 0.58
0.80 0.53 0.89 0.55 0.56
0.89 0.37 0.12 0.53 0.95
0.61 0.35 0.66 0.70 0.73
0.24 0.70 0.91 0.79 0.54
0.30 0.11 0.90 0.30 0.98
0.57 0.50 0.54 0.84 0.69
0.51 0.42 0.54 0.61 0.71
0.54 0.53 0.16 0.65 0.77
0.54 0.51 0.57 0.36 0.89
0.56 0.33 0.56 0.63 0.80
0.74 0.52 0.68 0.50 0.30
0.71 0.66 0.18 0.89 0.42
0.85 0.25 0.75 0.26 0.64
0.59 0.55 0.92 0.09 0.44
0.82 0.01 0.87 0.59 0.86
0.85 0.01 0.57 1.00 0.97
0.58 0.91 0.73 0.01 0.95
0.27 0.95 0.45 0.97 0.24
0.20 0.86 0.17 0.71 0.78
0.02 0.97 0.98 1.00 0.90
0.56 0.22 0.87 0.50 0.59
0.24 0.53 0.08 0.57 0.70
0.81 0.23 0.64 0.73 0.40
0.08 0.90 0.96 0.69 0.49
0.37 0.70 0.97 0.63 0.37
0.26 0.76 0.62 0.57 0.54
0.86 0.77 0.95 0.04 0.04
0.90 0.12 0.13 0.56 0.71
0.68 0.15 0.35 0.86 0.26
0.87 0.53 0.56 0.52 0.56
0.42 0.80 0.67 0.32 0.89
0.86 0.68 0.08 0.04 0.76
0.64 0.15 0.63 0.28 0.71
0.98 0.66 0.72 0.03 0.78
0.28 0.68 0.77 0.56 0.30
0.60 0.56 0.83 0.53 0.58
0.02 0.58 0.37 0.46 0.76
0.05 0.77 0.71 0.80 0.62
0.51 0.58 0.39 0.69 0.09
0.51 0.37 0.70 0.95 0.55
0.94 0.63 0.13 0.30 0.37
0.60 0.05 0.69 0.16 0.60
0.02 0.71 0.92 0.92 0.54
0.57 0.60 0.63 0.35 0.93
0.91 0.96 0.58 0.78 0.02
0.52 0.94 0.13 0.69 0.61
0.19 0.68 0.56 0.31 0.89
0.20 0.54 0.48 0.69 0.67
0.55 0.13 0.67 0.88 0.82
0.54 0.72 0.08 0.81 0.67
0.31 0.04 0.84 0.81 0.74
0.58 0.81 0.68 0.30 0.92
0.55 0.66 0.52 0.61 0.52
0.96 0.86 0.63 0.07 0.04
0.63 0.91 0.96 0.11 0.29
0.79 0.09 0.38 0.56 0.76
0.69 0.91 0.60 0.04 0.58
0.57 0.71 0.72 0.67 0.02
0.04 0.66 0.67 0.83 0.57
0.16 0.92 0.55 0.30 0.62
0.55 0.14 0.76 0.53 0.83
0.26 0.63 0.13 0.92 0.45
0.54 0.45 0.51 0.54 0.74
0.81 0.04 0.91 0.94 0.54
0.66 0.61 0.79 0.92 0.06
0.55 0.11 0.26 0.53 0.23
0.51 0.71 0.62 0.38 0.52
0.01 0.83 0.57 0.94 0.83
0.51 0.40 0.77 0.63 0.66
0.79 0.35 0.04 0.08 0.04
0.60 0.10 0.54 0.89 0.58
0.22 0.58 0.12 0.60 0.82
0.30 0.51 0.64 0.62 0.15
0.43 0.33 0.76 0.38 0.53
0.51 0.46 0.64 0.34 0.23
0.43 0.48 0.82 0.95 0.05
0.25 0.78 0.52 0.98 0.47
0.80 0.56 0.72 0.07 0.64
0.45 0.27 0.77 0.68 0.55
0.71 0.63 0.88 0.06 0.90
0.53 0.76 0.43 0.27 0.52
0.67 0.79 0.62 0.52 0.17
0.57 0.30 0.38 0.38 0.67
0.96 0.02 0.62 0.89 0.57
0.82 0.64 0.17 0.69 0.01
0.79 0.02 0.15 0.76 0.85
0.01 0.69 0.97 0.66 0.54
0.07 0.91 0.98 0.89 0.15
0.68 0.04 0.55 0.73 0.98
0.51 0.69 0.55 0.01 0.92
0.88 0.06 0.62 0.68 0.42
0.60 0.76 0.87 0.11 0.84
0.40 0.37 0.19 0.98 0.74
0.02 0.64 0.99 0.63 0.54
0.61 0.68 0.52 0.07 0.64
0.52 0.65 0.98 0.19 0.60
0.14 0.30 0.30 0.66 0.26
0.86 0.12 0.58 0.17 0.72
0.50 0.62 0.54 0.69 0.02
0.97 0.03 0.80 0.57 0.53
0.86 0.10 0.82 0.01 0.50
0.29 0.53 0.52 0.86 0.15
0.66 0.97 0.66 0.08 0.56
0.15 0.40 0.55 0.65 0.70
0.20 0.02 0.91 0.57 0.96
0.62 0.92 0.51 0.53 0.04
0.83 0.61 0.76 0.07 0.44
0.58 0.15 0.87 0.52 0.56
0.14 0.54 0.42 0.61 0.80
0.53 0.85 0.02 0.85 0.85
0.02 0.62 0.99 0.87 0.63
0.01 0.93 0.88 0.26 0.63
0.66 0.61 0.59 0.09 0.67
0.61 0.85 0.08 0.05 0.82
0.21 0.59 0.14 0.95 0.10
0.07 0.13 0.35 0.59 0.81
0.64 0.64 0.18 0.53 0.65
0.68 0.58 0.56 0.63 0.17
0.32 0.11 1.00 0.70 0.76
0.64 0.55 0.41 0.15 0.76
0.59 0.52 0.52 0.02 0.81
0.99 0.07 0.65 0.51 0.51
0.04 0.62 0.78 0.60 0.54
0.57 0.70 0.24 0.54 0.99
0.94 0.63 0.01 0.59 0.79
0.54 0.13 0.88 0.86 0.58
0.62 0.55 0.11 0.41 0.93
0.61 0.02 0.61 0.71 0.82
0.01 0.66 0.98 0.66 1.00
0.56 0.08 0.92 0.66 0.78
0.81 0.81 0.02 0.26 0.68
0.26 0.80 0.54 0.51 0.62
0.55 0.98 0.81 0.03 0.63
0.62 0.62 0.01 0.73 0.87
0.51 0.68 0.53 0.53 0.25
0.58 0.82 0.76 0.02 0.72
0.18 0.92 0.70 0.86 0.15
0.58 0.86 0.02 0.63 0.60
0.62 0.88 0.77 0.03 0.59
0.33 0.78 0.03 0.89 0.81
0.83 0.30 0.48 0.14 0.98
0.54 0.72 0.51 0.59 0.63
0.77 0.29 0.79 0.75 0.08
0.30 0.53 0.82 0.63 0.05
0.49 0.72 0.65 0.51 0.60
0.58 0.32 0.32 0.51 0.25
0.28 0.76 0.69 0.46 0.18
0.65 0.86 0.77 0.29 0.25
0.13 0.81 0.58 0.52 0.66
0.89 0.96 0.83 0.03 0.36
0.64 0.70 0.18 0.07 0.68
