300 5
9 16 69 88 63
67 86 88 80 81
61 69 94 87 66
84 74 86 86 56
71 86 15 67 23
57 55 60 11 11
66 63 21 64 82
46 37 100 58 87
99 80 53 77 53
1 99 48 73 91
42 51 13 64 78
59 4 66 66 67
95 30 63 80 100
34 60 23 60 93
56 91 66 78 19
56 60 54 36 71
100 38 50 59 88
73 100 97 35 8
89 69 86 10 6
92 52 59 62 13
55 97 60 52 50
19 99 97 79 58
91 98 38 56 63
19 62 51 74 54
73 52 96 55 63
58 40 20 53 48
41 85 61 54 53
58 8 60 79 98
31 51 98 81 51
82 93 6 93 58
95 51 98 52 58
70 71 37 38 89
24 82 97 64 94
58 39 92 30 59
93 20 96 81 65
64 9 56 52 55
55 93 55 69 69
82 45 36 71 30
96 57 54 10 70
37 55 39 80 74
35 77 20 90 84
51 44 68 80 75
67 17 52 86 20
55 85 11 85 71
74 53 6 7 86
95 54 51 51 3
31 83 87 100 44
64 93 66 53 3
96 19 7 68 72
3 86 64 77 24
76 92 80 64 9
3 100 81 73 17
11 82 75 35 68
62 2 77 65 82
54 63 94 54 92
56 74 72 100 52
70 62 3 83 66
64 83 34 15 69
6 61 82 61 95
35 12 58 76 76
40 58 51 75 78
17 70 60 73 84
13 33 86 59 96
54 93 63 53 86
91 42 17 66 84
100 5 69 52 76
81 36 94 22 99
78 67 6 75 52
4 38 89 57 54
51 55 69 70 68
61 36 59 73 98
12 97 40 60 75
56 74 80 56 68
11 87 58 26 88
56 60 62 25 8
70 17 62 19 40
53 65 88 79 6
64 77 6 75 3
65 11 29 62 60
10 89 82 74 85
61 88 80 5 67
54 91 63 52 79
71 86 44 53 41
56 63 14 59 60
52 52 2 88 93
46 80 92 55 60
60 98 31 66 25
59 32 53 83 55
82 31 13 40 54
10 95 62 86 93
27 8 69 58 56
16 65 79 87 50
11 86 72 16 56
48 51 72 49 40
52 5 58 99 66
29 75 45 83 79
23 52 5 96 53
54 80 34 55 61
19 61 94 54 61
5 66 60 91 22
14 68 57 65 69
2 90 60 73 82
62 7 82 80 66
59 13 67 88 62
28 67 83 58 39
56 71 54 73 33
74 70 35 73 46
53 60 13 62 62
62 68 35 44 72
9 7 99 98 75
58 64 55 5 55
6 89 68 31 55
92 80 2 54 64
35 59 37 41 77
55 74 31 59 81
51 95 1 67 68
63 52 70 42 88
51 76 60 86 45
75 69 40 30 57
17 53 96 31 61
4 93 30 68 83
53 12 52 14 68
32 73 58 56 77
39 81 29 55 29
5 97 19 99 54
32 66 47 12 17
37 61 74 5 40
10 57 75 51 38
83 51 7 86 63
63 2 56 68 56
52 57 93 29 51
52 27 83 86 53
4 77 64 86 93
100 23 81 64 39
82 95 28 69 19
100 93 88 1 53
61 20 90 50 4
75 52 71 12 17
51 41 55 91 74
66 87 4 69 46
87 19 24 83 25
67 74 23 34 85
72 63 9 22 93
98 6 90 33 97
69 5 35 56 85
71 98 5 60 90
77 82 45 28 71
63 52 53 67 30
4 54 68 75 73
55 30 76 96 54
38 53 59 69 68
78 51 41 12 52
89 61 26 21 68
90 55 88 4 82
74 100 100 4 99
78 34 24 72 74
82 67 68 81 7
53 2 61 64 89
69 50 7 96 75
90 13 82 27 21
18 30 81 63 51
85 58 88 62 5
65 87 57 53 4
50 22 58 7 55
6 74 79 64 57
86 72 95 3 59
61 37 43 60 54
11 66 43 87 78
58 3 80 60 66
94 70 3 5 73
68 64 6 80 70
1 43 94 79 90
9 68 92 56 96
37 70 29 77 91
14 10 67 97 74
43 8 59 51 53
80 7 17 98 66
75 73 53 70 1
54 53 68 58 26
31 52 53 59 62
67 38 19 81 61
68 72 90 91 2
48 52 86 83 18
68 59 17 53 46
80 76 96 2 33
56 17 57 86 67
39 51 67 75 95
51 65 79 97 33
14 52 56 79 35
52 57 76 73 3
67 4 93 60 63
63 36 48 87 45
62 84 6 81 70
12 85 58 85 78
54 62 51 53 73
51 82 19 80 62
33 52 18 82 92
75 29 86 54 14
2 98 40 78 5
15 54 85 56 83
85 8 18 90 64
56 59 19 72 4
90 1 34 97 86
9 66 77 79 11
30 78 68 60 72
34 54 95 17 64
8 54 79 58 55
75 74 10 29 27
28 75 49 97 23
32 85 40 25 55
7 60 87 94 71
8 97 54 69 66
78 67 52 51 11
94 87 88 1 59
18 92 54 89 74
17 89 15 79 62
69 76 27 66 4
14 90 36 56 78
47 91 8 87 96
75 47 78 63 20
24 66 57 52 15
68 29 83 66 19
87 60 52 47 9
88 56 85 3 21
72 93 82 40 4
61 72 69 10 10
68 1 92 52 73
82 84 28 58 19
45 99 17 26 61
82 68 67 2 99
70 55 36 16 57
12 74 41 58 79
42 85 79 76 13
6 48 100 89 44
54 76 6 78 81
94 3 92 66 63
74 57 65 4 77
13 36 89 86 51
51 66 24 67 17
70 86 25 24 60
56 80 61 34 3
88 4 56 52 90
53 75 65 55 11
1 85 74 61 46
71 57 96 58 2
54 100 82 2 51
30 74 35 88 98
11 58 47 54 84
54 43 49 74 54
73 11 13 67 51
76 55 11 95 71
55 93 16 51 73
93 55 5 58 90
6 55 54 99 51
37 48 63 60 34
15 65 73 79 6
54 6 59 54 78
54 72 16 53 62
92 18 60 64 51
76 73 7 91 60
3 70 95 54 78
78 16 99 28 55
54 71 62 54 13
20 54 88 54 92
57 77 32 35 97
42 25 56 74 70
12 58 93 26 91
63 71 44 12 82
7 77 85 51 99
73 5 52 89 51
18 68 62 38 84
85 52 66 56 14
74 97 2 89 58
56 52 96 79 12
82 60 54 52 33
55 15 69 60 7
37 31 89 65 2
8 79 98 51 98
91 53 61 81 1
99 1 87 31 4
58 52 36 50 55
1 90 58 89 89
90 63 62 5 95
78 2 53 89 85
3 97 68 59 79
7 72 27 1 74
44 75 56 84 5
26 68 5 72 65
90 34 57 7 84
71 39 18 92 51
6 84 74 76 70
5 62 51 53 33
5 85 76 82 19
60 57 8 83 87
59 73 1 96 66
41 4 97 53 84
97 18 88 9 88
17 34 92 72 82
57 99 6 64 57
91 67 12 59 53
