300 5
0.45 0.31 0.75 0.87 0.72
0.51 0.72 0.84 0.63 0.88
0.43 0.67 0.66 0.66 0.51
0.68 0.02 0.77 0.88 0.92
0.96 0.66 0.94 0.72 0.91
0.67 0.57 0.81 0.92 0.63
0.83 0.14 0.57 0.74 0.39
0.70 0.90 0.95 0.56 0.80
0.80 0.95 0.90 0.59 1.00
0.98 0.90 0.62 0.71 0.79
0.92 0.97 0.91 0.94 0.07
0.03 0.63 0.01 0.27 0.77
0.63 0.68 0.39 0.55 0.15
0.58 0.08 0.91 0.32 0.80
0.58 0.75 0.71 0.15 0.72
0.69 0.63 0.63 0.59 0.17
0.73 0.69 0.77 0.54 0.09
0.64 0.95 0.28 0.75 0.68
0.09 0.85 0.90 0.74 0.36
0.33 0.74 0.97 0.14 0.33
0.18 0.70 0.69 0.74 0.73
0.58 0.74 0.47 0.47 0.13
0.68 0.57 0.34 0.71 0.69
0.82 0.09 0.76 0.94 0.60
0.92 0.40 0.04 0.56 0.51
0.83 0.61 0.28 0.67 0.83
0.51 0.53 0.68 0.51 0.53
0.85 0.36 0.44 0.37 0.10
0.95 0.31 0.44 0.99 0.91
0.86 0.71 0.79 0.91 0.07
0.58 0.67 0.62 0.78 0.55
0.74 0.56 0.59 0.82 0.80
0.98 0.96 0.92 0.09 0.60
0.83 0.08 0.65 0.76 0.05
0.19 0.73 0.63 0.21 0.04
0.72 0.52 0.85 0.74 0.66
0.76 0.94 0.39 0.54 0.58
0.54 0.66 0.14 0.21 0.08
0.61 0.06 0.01 0.90 0.62
0.50 0.26 0.93 0.35 0.52
0.62 0.95 0.31 0.11 1.00
0.76 0.20 0.80 0.56 0.89
0.70 0.40 0.82 0.59 0.30
0.77 0.60 0.94 0.97 0.02
0.57 0.61 0.44 0.52 0.90
0.03 0.54 0.94 0.23 0.85
0.82 0.45 0.80 0.89 0.53
0.81 0.59 0.78 0.11 0.21
0.06 0.01 0.96 0.91 0.84
0.65 0.53 0.12 0.88 1.00
0.32 0.09 0.20 0.68 0.83
0.87 0.92 0.67 0.16 0.52
0.51 0.10 0.68 0.57 0.90
0.56 0.19 0.83 0.65 0.55
0.68 0.19 0.99 0.56 0.54
0.93 0.05 0.25 0.51 0.71
0.60 0.12 0.98 0.31 0.64
0.93 0.58 0.54 0.05 0.39
0.76 0.62 0.54 0.53 0.18
0.70 0.54 0.81 0.93 0.22
0.41 0.62 0.53 0.02 0.79
0.01 0.98 0.88 0.52 0.77
0.57 0.63 0.69 0.51 0.49
0.44 0.35 0.11 0.89 0.86
0.61 0.51 0.48 0.38 0.70
0.72 0.04 0.96 0.22 0.70
0.87 0.02 0.51 0.87 0.87
0.37 0.68 0.83 0.60 0.37
0.66 0.06 0.81 0.13 0.36
0.57 0.02 0.66 0.70 0.65
0.94 0.42 0.98 0.02 0.59
0.01 0.75 0.03 0.36 0.83
0.07 0.95 0.20 0.62 0.56
0.72 0.99 0.83 0.69 0.01
0.71 0.04 0.09 0.78 0.27
0.39 0.64 0.59 0.91 0.74
0.90 0.92 0.05 0.87 0.66
0.14 0.60 0.90 0.38 0.47
0.58 0.56 0.20 0.64 0.93
0.73 0.09 0.61 0.52 0.78
0.04 0.97 0.14 0.57 0.61
0.75 0.62 0.74 0.98 0.11
0.87 0.61 0.65 0.20 0.69
0.62 0.10 0.61 0.69 0.80
0.35 0.76 0.57 0.69 0.71
0.27 0.18 0.39 0.78 0.71
0.90 0.57 0.06 0.62 0.76
0.41 0.65 0.65 0.59 0.59
0.05 0.02 0.80 0.15 0.69
0.56 0.35 0.76 0.40 0.94
0.67 0.40 0.61 0.67 0.74
0.35 0.51 0.58 0.64 0.61
0.42 0.40 0.34 0.20 0.05
0.89 0.63 0.52 0.02 0.53
0.65 0.81 0.03 0.96 0.19
0.61 0.05 0.58 0.80 0.80
0.74 0.59 0.62 0.12 0.59
0.78 0.53 0.54 0.10 0.77
0.51 0.23 0.66 0.69 0.71
0.83 0.93 0.83 0.04 0.09
0.70 0.39 0.88 0.06 0.71
0.59 0.64 0.78 0.18 0.54
0.96 0.50 0.86 0.01 0.67
1.00 0.55 0.82 0.08 0.29
0.77 0.21 0.59 0.15 0.55
0.68 0.21 0.52 0.29 0.88
0.86 0.85 0.11 0.05 0.75
0.59 0.35 1.00 0.68 0.36
0.82 0.81 0.03 0.73 0.62
0.56 0.12 0.63 0.83 0.64
0.61 0.79 0.91 0.10 0.56
0.58 0.68 0.10 0.60 0.75
0.30 0.55 0.57 0.95 0.47
0.29 0.66 0.53 0.59 0.66
0.68 0.31 0.92 0.05 0.67
0.13 0.71 0.99 0.81 0.64
0.63 0.35 0.75 0.73 0.56
0.48 0.95 0.16 0.58 0.65
0.95 0.67 1.00 0.73 0.02
0.59 0.97 0.57 0.05 0.76
0.03 0.82 0.81 0.69 0.76
0.25 0.81 0.68 0.01 1.00
0.71 0.02 0.94 0.95 0.50
0.40 0.69 0.38 0.77 0.74
0.62 0.95 0.68 0.09 0.74
0.73 0.07 0.71 0.56 0.95
0.51 0.88 0.23 0.18 0.80
0.59 0.26 0.74 0.55 0.75
0.52 0.51 0.75 0.02 0.64
0.22 0.45 0.59 0.87 0.59
0.72 0.01 0.97 0.57 0.88
0.90 0.52 0.08 0.83 0.72
0.30 0.21 0.78 0.56 0.82
0.59 0.57 0.17 0.81 0.76
0.67 0.04 0.69 0.52 0.31
0.36 0.59 0.52 0.72 0.69
0.55 0.04 0.95 0.66 0.68
0.03 0.88 0.86 0.92 0.63
0.07 0.74 0.61 0.18 0.56
0.90 0.51 0.09 0.15 0.68
0.63 0.17 0.99 0.36 0.08
0.03 0.59 0.89 0.97 0.89
0.89 0.44 0.44 0.10 0.63
0.01 0.82 0.67 0.97 0.07
0.39 0.62 0.66 0.55 0.94
0.70 0.57 0.19 0.61 0.94
0.02 0.52 0.71 0.87 0.68
0.23 0.06 0.59 0.58 0.83
0.86 0.03 0.90 0.78 0.60
0.75 0.59 0.02 0.68 0.78
0.68 0.54 0.70 0.11 0.94
0.82 0.32 0.13 0.26 0.84
0.73 0.03 0.62 0.61 0.26
0.86 0.08 0.57 0.54 0.95
0.56 0.13 0.86 0.83 0.27
0.62 0.69 0.97 0.94 0.02
0.69 0.58 0.23 0.70 0.82
0.65 0.32 0.57 0.61 0.69
0.93 0.37 0.17 0.60 0.66
0.19 0.53 0.73 0.90 0.55
0.31 0.57 0.97 0.89 0.53
0.46 0.36 0.66 0.83 0.56
0.37 0.64 0.60 0.94 0.30
0.56 0.86 0.19 0.11 0.90
0.66 0.20 0.63 0.62 0.16
0.54 0.12 0.95 0.91 0.61
0.03 0.29 0.91 0.62 0.63
0.29 0.69 0.34 0.84 0.56
0.66 0.21 0.70 0.09 0.93
0.71 0.59 0.09 0.72 0.94
0.96 0.06 0.55 0.50 0.80
0.10 0.67 0.72 0.71 0.57
1.00 0.04 0.63 0.56 0.04
0.31 0.63 0.61 0.54 0.53
0.01 0.59 0.21 0.30 0.70
0.80 0.73 0.56 0.15 0.65
0.54 0.79 0.20 0.06 0.63
0.72 0.12 0.59 0.71 0.79
0.95 0.56 0.88 0.01 0.69
0.26 0.88 0.60 0.66 0.66
0.12 0.85 0.53 0.54 0.61
0.47 0.28 0.52 0.82 0.65
0.03 0.55 0.95 0.52 0.29
0.76 0.34 0.08 0.71 0.59
0.08 1.00 0.79 0.85 0.21
0.37 0.57 0.75 0.85 0.52
0.04 0.79 0.83 0.87 0.52
0.54 0.90 0.07 0.08 0.79
0.52 0.04 0.79 0.53 0.71
0.51 0.53 0.39 0.06 0.92
0.70 0.35 0.62 0.68 0.53
0.38 0.53 0.59 0.51 1.00
0.12 0.52 0.91 0.74 0.06
0.25 0.37 0.57 0.79 0.92
0.23 0.14 0.95 0.98 0.63
0.45 0.28 0.90 0.60 0.62
0.66 0.73 1.00 0.04 0.60
0.64 0.11 0.57 0.39 0.52
0.66 0.79 0.65 0.96 0.03
0.13 0.76 0.54 0.59 0.62
0.63 0.60 0.02 0.54 0.79
0.20 0.66 0.86 0.76 0.16
0.18 0.71 0.74 0.75 0.04
0.76 0.52 0.22 0.37 0.53
0.50 0.27 0.26 0.76 0.59
0.02 0.18 0.17 0.72 0.98
0.29 0.64 0.88 0.55 0.12
0.10 0.58 0.03 0.75 0.65
0.80 0.58 0.73 0.95 0.02
0.09 0.55 0.31 0.79 0.60
0.36 0.58 0.94 0.61 0.41
0.91 0.03 0.61 0.55 0.76
0.81 0.60 0.11 0.51 0.73
0.61 0.78 0.01 0.79 0.71
0.62 0.21 0.54 0.07 0.71
0.75 0.54 1.00 0.46 0.04
0.79 0.18 0.56 0.64 0.59
0.61 0.16 0.93 0.59 0.08
0.30 0.58 0.91 0.62 0.11
0.50 0.90 0.19 0.58 0.62
0.70 0.74 0.92 0.84 0.01
0.54 1.00 0.72 0.05 0.49
0.54 0.19 0.78 0.68 0.82
0.24 0.55 1.00 0.48 0.63
0.05 0.83 0.62 0.97 0.62
0.04 0.79 0.90 0.61 0.55
0.76 0.02 0.09 0.92 0.59
0.28 0.58 0.78 0.64 0.07
0.08 0.92 0.60 0.71 0.55
0.86 0.61 0.07 0.10 0.76
0.15 0.91 0.63 0.15 0.53
0.72 0.10 0.51 0.62 0.79
0.25 0.67 0.66 0.95 0.28
0.58 0.79 0.80 0.90 0.02
0.59 0.10 0.69 0.71 0.56
0.14 0.84 0.63 0.77 0.05
0.01 0.54 0.76 0.74 0.76
0.03 0.82 0.64 0.90 0.69
0.77 0.52 0.05 0.33 0.62
0.86 0.15 0.51 0.60 0.64
0.55 0.57 0.13 0.81 0.95
0.02 0.15 0.68 0.76 0.98
0.74 0.55 0.12 0.53 0.55
0.90 0.59 0.24 0.25 0.58
0.76 0.73 0.07 0.83 0.61
0.64 0.60 0.13 0.51 0.86
0.24 0.66 0.47 0.74 0.62
0.12 1.00 0.53 0.53 0.45
0.02 0.76 0.87 0.86 0.41
0.03 0.91 0.55 0.71 0.60
0.62 0.53 0.09 0.63 0.70
0.33 0.86 0.01 0.85 0.73
0.10 0.36 0.92 0.90 0.19
0.87 0.61 0.04 0.61 0.51
0.03 0.89 0.55 0.72 0.63
1.00 0.02 0.60 0.35 0.55
0.21 0.64 0.53 0.77 0.57
0.78 0.31 0.35 0.57 0.85
0.03 0.30 0.29 0.25 0.53
0.66 0.03 0.71 0.68 0.11
0.99 0.44 0.95 0.11 0.40
0.08 0.91 0.51 0.21 0.49
0.84 0.60 0.72 0.18 0.52
0.80 0.81 0.13 0.03 0.73
0.07 0.08 0.84 0.87 0.60
0.94 0.56 0.75 0.87 0.03
0.01 0.51 0.95 0.89 0.52
0.88 0.41 0.23 0.62 0.63
0.70 0.61 0.20 0.59 0.74
0.58 0.17 0.99 0.63 0.65
0.63 0.26 0.62 0.52 0.58
0.57 0.62 0.79 0.65 0.01
0.60 0.19 0.56 0.70 0.71
0.89 0.92 0.89 0.08 0.25
0.99 0.64 0.04 0.53 0.51
0.63 0.69 0.54 0.37 0.03
0.89 0.29 0.61 0.54 0.20
0.72 0.66 0.66 0.16 0.05
0.78 0.07 0.51 0.61 0.53
0.87 0.13 0.64 0.71 0.21
0.74 0.98 0.57 0.06 0.60
0.57 0.73 0.87 0.12 0.52
0.36 0.72 0.57 0.05 0.03
0.90 0.91 0.28 0.59 0.03
0.59 0.19 0.92 0.62 0.61
0.90 0.51 0.06 0.98 0.05
0.56 0.54 0.13 0.23 0.91
0.07 0.51 0.35 0.71 0.37
0.09 0.99 0.86 0.08 0.80
0.88 0.32 0.93 0.04 0.20
0.55 0.53 0.60 0.13 0.64
0.19 0.49 0.66 0.67 0.22
0.56 0.02 0.90 0.95 0.51
0.11 0.56 0.78 0.18 0.61
1.00 0.58 0.68 0.01 0.76
0.85 0.95 0.72 0.71 0.01
0.83 0.97 0.02 0.76 0.59
0.81 0.67 0.80 0.02 0.51
0.91 0.14 0.62 0.80 0.21
0.72 0.95 0.73 0.96 0.02
