300 5
45 31 75 87 72
51 72 84 63 88
43 67 66 66 51
68 2 77 88 92
96 66 94 72 91
67 57 81 92 63
83 14 57 74 39
70 90 95 56 80
80 95 90 59 100
98 90 62 71 79
92 97 91 94 7
3 63 1 27 77
63 68 39 55 15
58 8 91 32 80
58 75 71 15 72
69 63 63 59 17
73 69 77 54 9
64 95 28 75 68
9 85 90 74 36
33 74 97 14 33
18 70 69 74 73
58 74 47 47 13
68 57 34 71 69
82 9 76 94 60
92 40 4 56 51
83 61 28 67 83
51 53 68 51 53
85 36 44 37 10
95 31 44 99 91
86 71 79 91 7
58 67 62 78 55
74 56 59 82 80
98 96 92 9 60
83 8 65 76 5
19 73 63 21 4
72 52 85 74 66
76 94 39 54 58
54 66 14 21 8
61 6 1 90 62
50 26 93 35 52
62 95 31 11 100
76 20 80 56 89
70 40 82 59 30
77 60 94 97 2
57 61 44 52 90
3 54 94 23 85
82 45 80 89 53
81 59 78 11 21
6 1 96 91 84
65 53 12 88 100
32 9 20 68 83
87 92 67 16 52
51 10 68 57 90
56 19 83 65 55
68 19 99 56 54
93 5 25 51 71
60 12 98 31 64
93 58 54 5 39
76 62 54 53 18
70 54 81 93 22
41 62 53 2 79
1 98 88 52 77
57 63 69 51 49
44 35 11 89 86
61 51 48 38 70
72 4 96 22 70
87 2 51 87 87
37 68 83 60 37
66 6 81 13 36
57 2 66 70 65
94 42 98 2 59
1 75 3 36 83
7 95 20 62 56
72 99 83 69 1
71 4 9 78 27
39 64 59 91 74
90 92 5 87 66
14 60 90 38 47
58 56 20 64 93
73 9 61 52 78
4 97 14 57 61
75 62 74 98 11
87 61 65 20 69
62 10 61 69 80
35 76 57 69 71
27 18 39 78 71
90 57 6 62 76
41 65 65 59 59
5 2 80 15 69
56 35 76 40 94
67 40 61 67 74
35 51 58 64 61
42 40 34 20 5
89 63 52 2 53
65 81 3 96 19
61 5 58 80 80
74 59 62 12 59
78 53 54 10 77
51 23 66 69 71
83 93 83 4 9
70 39 88 6 71
59 64 78 18 54
96 50 86 1 67
100 55 82 8 29
77 21 59 15 55
68 21 52 29 88
86 85 11 5 75
59 35 100 68 36
82 81 3 73 62
56 12 63 83 64
61 79 91 10 56
58 68 10 60 75
30 55 57 95 47
29 66 53 59 66
68 31 92 5 67
13 71 99 81 64
63 35 75 73 56
48 95 16 58 65
95 67 100 73 2
59 97 57 5 76
3 82 81 69 76
25 81 68 1 100
71 2 94 95 50
40 69 38 77 74
62 95 68 9 74
73 7 71 56 95
51 88 23 18 80
59 26 74 55 75
52 51 75 2 64
22 45 59 87 59
72 1 97 57 88
90 52 8 83 72
30 21 78 56 82
59 57 17 81 76
67 4 69 52 31
36 59 52 72 69
55 4 95 66 68
3 88 86 92 63
7 74 61 18 56
90 51 9 15 68
63 17 99 36 8
3 59 89 97 89
89 44 44 10 63
1 82 67 97 7
39 62 66 55 94
70 57 19 61 94
2 52 71 87 68
23 6 59 58 83
86 3 90 78 60
75 59 2 68 78
68 54 70 11 94
82 32 13 26 84
73 3 62 61 26
86 8 57 54 95
56 13 86 83 27
62 69 97 94 2
69 58 23 70 82
65 32 57 61 69
93 37 17 60 66
19 53 73 90 55
31 57 97 89 53
46 36 66 83 56
37 64 60 94 30
56 86 19 11 90
66 20 63 62 16
54 12 95 91 61
3 29 91 62 63
29 69 34 84 56
66 21 70 9 93
71 59 9 72 94
96 6 55 50 80
10 67 72 71 57
100 4 63 56 4
31 63 61 54 53
1 59 21 30 70
80 73 56 15 65
54 79 20 6 63
72 12 59 71 79
95 56 88 1 69
26 88 60 66 66
12 85 53 54 61
47 28 52 82 65
3 55 95 52 29
76 34 8 71 59
8 100 79 85 21
37 57 75 85 52
4 79 83 87 52
54 90 7 8 79
52 4 79 53 71
51 53 39 6 92
70 35 62 68 53
38 53 59 51 100
12 52 91 74 6
25 37 57 79 92
23 14 95 98 63
45 28 90 60 62
66 73 100 4 60
64 11 57 39 52
66 79 65 96 3
13 76 54 59 62
63 60 2 54 79
20 66 86 76 16
18 71 74 75 4
76 52 22 37 53
50 27 26 76 59
2 18 17 72 98
29 64 88 55 12
10 58 3 75 65
80 58 73 95 2
9 55 31 79 60
36 58 94 61 41
91 3 61 55 76
81 60 11 51 73
61 78 1 79 71
62 21 54 7 71
75 54 100 46 4
79 18 56 64 59
61 16 93 59 8
30 58 91 62 11
50 90 19 58 62
70 74 92 84 1
54 100 72 5 49
54 19 78 68 82
24 55 100 48 63
5 83 62 97 62
4 79 90 61 55
76 2 9 92 59
28 58 78 64 7
8 92 60 71 55
86 61 7 10 76
15 91 63 15 53
72 10 51 62 79
25 67 66 95 28
58 79 80 90 2
59 10 69 71 56
14 84 63 77 5
1 54 76 74 76
3 82 64 90 69
77 52 5 33 62
86 15 51 60 64
55 57 13 81 95
2 15 68 76 98
74 55 12 53 55
90 59 24 25 58
76 73 7 83 61
64 60 13 51 86
24 66 47 74 62
12 100 53 53 45
2 76 87 86 41
3 91 55 71 60
62 53 9 63 70
33 86 1 85 73
10 36 92 90 19
87 61 4 61 51
3 89 55 72 63
100 2 60 35 55
21 64 53 77 57
78 31 35 57 85
3 30 29 25 53
66 3 71 68 11
99 44 95 11 40
8 91 51 21 49
84 60 72 18 52
80 81 13 3 73
7 8 84 87 60
94 56 75 87 3
1 51 95 89 52
88 41 23 62 63
70 61 20 59 74
58 17 99 63 65
63 26 62 52 58
57 62 79 65 1
60 19 56 70 71
89 92 89 8 25
99 64 4 53 51
63 69 54 37 3
89 29 61 54 20
72 66 66 16 5
78 7 51 61 53
87 13 64 71 21
74 98 57 6 60
57 73 87 12 52
36 72 57 5 3
90 91 28 59 3
59 19 92 62 61
90 51 6 98 5
56 54 13 23 91
7 51 35 71 37
9 99 86 8 80
88 32 93 4 20
55 53 60 13 64
19 49 66 67 22
56 2 90 95 51
11 56 78 18 61
100 58 68 1 76
85 95 72 71 1
83 97 2 76 59
81 67 80 2 51
91 14 62 80 21
72 95 73 96 2
