300 5
86 31 39 42 60
55 76 93 77 58
80 81 58 56 89
32 98 97 56 77
75 16 74 51 63
59 72 42 76 90
71 76 63 73 90
92 75 21 62 33
42 61 96 77 89
91 61 54 8 54
62 53 53 70 51
80 67 24 77 23
42 65 98 70 55
68 89 52 95 83
51 69 74 97 79
67 80 70 64 80
70 78 28 100 87
70 57 67 33 74
58 63 40 66 73
55 68 88 62 39
53 41 94 83 87
56 58 56 62 94
52 74 59 62 99
53 75 78 61 26
65 93 49 99 70
51 83 73 90 97
53 65 58 29 85
56 79 72 79 71
27 73 58 70 76
72 53 87 52 9
52 75 91 75 54
67 88 70 88 15
58 57 99 66 57
82 88 71 57 63
7 62 75 59 70
51 72 58 10 36
97 100 17 35 15
60 29 61 30 56
98 97 16 37 73
60 55 60 74 97
64 73 26 2 95
14 43 63 65 76
2 59 41 96 68
95 75 35 39 55
9 29 35 31 51
63 85 26 90 3
62 16 72 36 84
59 13 85 35 88
75 4 89 69 2
87 15 35 72 3
57 15 52 90 73
55 14 7 96 77
55 73 72 79 17
12 7 3 97 40
56 3 28 53 56
78 82 56 9 2
99 57 91 4 91
96 47 25 59 78
51 23 97 80 61
67 66 56 80 28
59 99 44 1 69
76 85 68 72 7
23 91 2 74 71
6 60 76 76 67
14 78 10 86 68
7 62 8 44 85
20 2 84 56 88
19 23 65 49 73
70 64 23 24 94
5 81 49 73 65
59 72 2 31 96
52 81 51 7 7
11 22 61 88 55
30 95 29 28 9
78 71 100 21 13
81 84 17 94 36
74 68 67 61 5
42 75 77 75 31
4 54 87 75 59
56 78 35 59 11
6 53 85 51 49
17 23 77 84 76
40 78 77 57 21
4 68 75 68 92
83 79 90 30 18
87 94 18 92 27
62 50 93 74 14
83 3 7 91 11
8 97 50 64 74
45 85 7 73 29
67 91 72 4 56
94 77 4 50 59
57 57 97 78 31
75 88 1 55 18
100 61 15 79 61
87 97 69 4 91
57 5 63 94 36
57 71 99 70 6
55 60 95 65 26
54 65 20 84 59
54 63 73 56 6
79 61 24 66 17
52 58 51 78 25
23 77 20 75 71
65 63 74 55 29
58 67 62 20 72
73 3 79 58 54
71 45 66 20 60
92 55 18 52 93
86 55 71 65 33
71 28 39 46 98
19 52 76 68 5
98 59 52 30 88
85 88 100 3 94
52 38 16 71 61
82 46 94 12 92
48 15 96 70 6
5 67 58 57 83
60 1 73 96 61
51 51 66 8 81
88 16 19 86 62
4 44 63 58 87
32 88 3 87 84
71 53 75 41 39
7 5 65 100 65
94 24 75 1 56
79 85 99 3 94
31 76 68 45 13
55 85 72 5 88
53 53 83 93 1
6 90 69 89 53
3 95 50 75 55
75 32 62 12 81
92 9 84 22 83
98 23 90 53 37
67 27 51 51 70
86 69 7 89 87
54 14 74 73 60
72 20 67 92 28
91 58 94 5 84
51 85 59 70 9
65 68 56 19 90
53 26 84 85 65
69 88 56 63 4
83 67 71 52 4
78 43 67 10 52
74 26 60 52 72
1 90 77 68 76
88 89 72 1 41
89 43 3 38 73
77 67 52 18 68
91 25 59 22 16
5 40 92 36 22
72 59 55 23 51
42 60 1 80 62
91 2 85 61 76
65 75 85 45 6
53 54 23 89 59
2 66 80 24 82
93 70 40 76 2
43 79 61 72 20
5 91 83 90 51
15 59 99 26 71
91 75 54 4 89
53 58 88 21 63
81 78 19 90 53
39 98 71 12 89
59 60 61 46 1
58 55 55 13 59
60 93 53 6 89
2 53 96 97 54
81 58 100 4 19
80 7 96 52 61
57 53 49 49 9
54 88 78 96 2
55 60 98 11 79
51 60 30 23 90
7 51 53 95 53
91 66 57 66 2
18 90 51 57 20
85 19 81 28 85
96 62 47 97 1
56 54 65 26 76
92 11 67 63 51
3 43 25 97 92
14 60 63 3 54
77 1 52 56 59
73 58 68 75 7
8 72 61 74 55
2 82 64 82 85
1 99 59 84 60
38 46 14 59 77
52 64 100 60 11
65 51 53 28 59
73 1 59 53 54
89 68 58 10 92
88 68 2 73 97
79 83 4 61 94
88 23 56 74 1
86 76 53 12 81
64 91 31 53 55
63 80 51 23 80
7 45 66 28 98
74 67 54 11 99
79 59 32 77 3
19 58 59 89 28
95 82 17 9 56
3 74 15 87 84
84 79 3 60 81
91 3 95 87 52
84 51 55 97 5
57 82 4 55 81
24 57 10 81 83
58 2 61 99 90
37 16 60 73 55
62 11 59 29 55
90 63 53 2 66
67 93 42 24 80
2 76 96 66 53
51 71 49 7 84
15 72 7 56 73
51 71 19 77 55
9 60 86 5 74
51 61 52 16 74
52 56 52 87 48
98 75 5 75 72
95 82 52 2 2
10 100 56 8 3
8 28 94 88 37
60 79 7 62 61
79 56 48 72 11
77 51 84 4 57
55 1 92 57 55
92 95 100 2 14
42 19 89 5 75
94 86 86 1 54
62 65 6 63 16
80 90 53 1 50
39 14 57 63 82
76 50 86 63 45
76 65 3 49 78
84 78 29 32 51
61 16 86 88 35
61 16 25 51 55
86 85 1 65 64
85 63 78 23 38
62 81 67 2 99
90 82 11 75 6
4 57 10 78 58
56 65 21 54 8
3 90 83 46 34
4 90 51 97 56
13 57 52 22 50
85 59 86 26 47
8 55 79 87 85
29 76 61 91 1
99 10 100 8 64
82 82 10 4 86
67 49 77 88 30
72 55 5 53 61
73 51 74 32 23
39 61 33 73 64
2 68 73 87 96
81 54 9 22 10
58 87 6 71 76
94 16 1 16 49
74 77 51 30 67
81 40 84 16 60
4 56 66 41 76
70 38 80 79 12
88 59 81 9 59
55 96 91 6 23
1 40 86 15 89
53 93 92 53 3
57 98 31 21 95
72 56 43 72 12
2 90 58 95 79
69 28 62 6 76
49 78 11 59 71
80 52 62 82 49
53 73 15 44 64
73 77 2 78 66
51 50 77 22 81
69 31 57 66 29
55 97 53 83 4
95 2 56 77 15
7 83 65 71 51
68 95 36 66 4
2 72 57 41 47
47 74 71 15 51
70 4 92 95 37
69 31 57 85 8
22 34 62 6 87
62 100 58 85 2
54 2 85 77 55
1 68 57 68 93
16 92 63 57 32
2 76 84 62 16
40 72 54 83 46
27 58 76 100 1
