0.04 0.28 0.30 0.73 0.75 0.29
0.56 0.51 0.89 0.77 0.64 0.71
0.47 0.45 0.50 0.20 0.18 0.84
0.62 0.30 0.04 0.17 0.11 0.72
0.45 0.02 0.30 0.72 0.32 0.62
0.48 0.41 0.49 0.73 0.28 0.94
0.37 0.44 0.36 0.34 0.59 0.84
0.02 0.87 0.95 0.27 0.30 0.05
0.28 0.68 0.79 0.28 0.18 0.05
0.70 0.72 0.29 0.12 0.50 0.34
0.20 0.49 0.53 0.35 0.90 0.79
0.26 0.68 0.92 0.41 0.37 0.06
0.10 0.34 0.42 0.24 0.68 0.84
0.24 0.77 0.49 0.25 0.74 0.37
0.49 0.34 0.54 0.61 0.24 0.77
0.65 0.14 0.48 0.27 0.43 0.31
0.86 0.32 0.93 0.12 0.13 0.44
0.58 0.36 0.47 0.06 0.50 0.96
0.17 0.05 0.80 0.23 0.41 0.55
0.28 0.16 0.47 0.43 0.24 0.97
0.72 0.28 0.39 0.05 0.42 0.57
0.46 0.15 0.44 0.04 0.11 0.24
0.36 0.26 0.76 0.71 0.18 0.55
0.29 0.34 0.38 0.52 0.53 0.48
0.06 0.22 0.20 0.41 0.11 0.22
0.02 0.49 0.10 0.70 0.14 0.65
0.28 0.24 0.77 0.03 0.58 0.72
0.06 0.40 0.95 0.45 0.51 0.15
0.20 0.87 0.28 0.05 0.36 0.39
0.21 0.33 0.20 0.08 0.03 0.04
0.49 0.34 0.11 0.12 0.51 0.05
0.16 0.36 0.16 0.04 0.25 0.29
0.34 0.47 0.41 0.46 0.01 0.08
0.44 0.21 0.66 0.88 0.43 0.74
0.66 0.52 0.15 0.37 0.31 0.60
0.01 0.03 0.81 0.21 0.28 0.49
0.93 0.12 0.06 0.42 0.95 0.96
0.27 0.31 0.43 0.37 0.48 0.31
0.66 0.92 0.08 0.71 0.40 0.04
0.81 0.20 0.33 0.42 0.30 0.55
0.41 0.31 0.23 0.19 0.38 0.79
0.30 0.29 0.03 0.46 1.00 0.26
0.06 0.16 0.07 0.09 1.00 0.63
0.35 0.03 0.35 0.45 0.78 0.11
0.61 0.09 0.17 0.09 0.83 0.69
0.50 0.35 0.71 0.11 0.47 0.03
0.39 0.22 0.66 0.81 0.68 0.16
0.01 0.14 0.22 0.46 0.56 0.28
0.08 0.37 0.85 0.10 0.64 0.01
0.57 0.28 0.16 0.33 0.13 0.09
0.16 0.87 0.11 0.05 0.20 0.77
0.48 0.47 0.45 0.13 0.02 0.26
0.81 0.07 0.19 0.34 0.33 0.71
0.37 0.63 0.04 0.21 0.57 0.23
0.04 0.07 0.07 0.39 0.19 0.71
0.28 0.10 0.38 0.19 0.31 0.70
0.82 0.22 0.40 0.30 0.69 0.29
0.08 0.54 0.68 0.16 1.00 0.08
0.72 0.46 0.14 0.44 0.35 0.66
0.23 0.49 0.14 0.39 0.80 0.22
0.40 0.86 0.09 0.28 0.26 0.46
0.34 0.02 0.15 0.45 0.09 0.22
0.05 0.49 0.02 0.41 0.33 0.78
0.30 0.22 0.26 0.41 0.10 0.84
0.31 0.06 0.91 0.04 0.26 0.01
0.02 0.68 0.44 0.22 0.16 0.17
0.16 0.42 0.69 0.87 0.28 0.19
0.95 0.16 0.23 0.38 0.74 0.34
0.47 0.01 0.36 0.10 0.08 0.18
0.14 0.25 0.04 0.13 0.10 0.43
1.00 0.62 0.21 0.06 0.37 0.17
0.28 0.11 0.18 0.59 0.56 0.63
0.39 0.79 0.09 0.24 0.01 0.35
0.10 0.29 0.16 0.01 0.27 0.24
0.01 0.01 0.10 0.71 0.24 0.20
0.24 0.07 0.18 0.10 0.39 0.14
0.01 0.47 0.80 0.45 0.44 0.99
0.65 0.32 0.17 0.13 0.40 0.04
0.70 0.16 0.02 0.80 0.05 0.04
0.11 0.17 0.35 0.46 0.16 0.34
0.10 0.44 0.38 0.66 0.11 0.12
0.66 0.14 0.21 0.29 0.10 0.51
0.14 0.71 0.42 0.80 0.34 0.10
0.05 0.46 0.69 0.24 0.37 0.01
0.09 0.96 0.27 0.28 0.48 0.62
0.11 0.43 0.16 0.14 0.14 0.34
0.01 0.12 0.56 0.11 0.26 0.56
0.16 0.07 0.48 0.93 0.47 0.15
0.03 0.72 0.52 0.55 0.10 0.30
0.24 0.93 0.08 0.23 0.90 0.39
0.18 0.64 0.35 0.28 0.10 0.22
0.22 0.18 0.81 0.03 0.11 0.92
0.20 0.48 0.35 0.20 0.57 0.08
0.45 0.18 0.41 0.26 0.09 0.17
0.38 0.63 0.21 0.64 0.40 0.02
0.30 0.06 0.61 0.22 0.50 0.75
0.33 0.21 0.01 0.37 0.31 0.37
0.48 0.75 0.13 0.20 0.19 0.21
0.59 0.40 0.14 0.04 0.72 0.44
0.98 0.07 0.97 0.13 0.04 0.17
0.15 0.10 0.22 0.84 0.66 0.18
0.32 0.60 0.04 0.19 0.73 0.28
0.35 0.10 0.49 0.37 0.14 0.13
0.12 0.18 0.23 0.36 0.27 0.72
0.98 0.07 0.11 0.49 0.43 0.17
0.28 0.22 0.14 0.45 0.35 0.35
0.01 0.79 0.03 0.23 0.29 0.29
0.03 0.16 0.17 0.48 0.76 0.14
0.46 0.07 0.02 0.43 0.71 0.32
0.05 0.30 0.14 0.45 0.19 0.46
0.24 0.09 0.32 0.21 0.85 0.09
0.34 0.07 0.03 0.47 0.35 0.29
0.73 0.14 0.50 0.96 0.95 0.03
0.32 0.18 0.04 0.73 0.25 0.32
0.04 0.08 0.21 0.57 0.41 0.33
0.42 0.26 0.69 0.09 0.65 0.19
0.02 0.46 0.75 0.21 0.20 0.65
0.41 0.13 0.85 0.11 0.34 0.44
0.18 0.28 0.29 0.49 0.69 0.02
0.01 0.44 0.29 0.10 0.65 0.04
0.03 0.42 0.18 0.66 0.66 0.24
0.05 0.55 0.64 0.16 0.14 0.31
0.52 0.12 0.35 0.07 0.66 0.06
0.29 0.14 0.47 0.65 0.41 0.08
0.24 0.94 0.19 0.91 0.11 0.18
0.39 0.29 0.02 0.69 0.11 0.30
0.21 0.34 0.12 0.38 0.03 0.05
0.44 0.71 0.45 0.50 0.47 0.03
0.35 0.22 0.58 0.11 0.04 0.41
0.54 0.42 0.14 0.11 0.19 0.67
0.06 0.21 0.93 0.52 0.03 0.43
0.88 0.20 0.58 0.32 0.38 0.06
0.13 0.03 0.44 0.99 0.05 0.16
0.83 0.02 0.99 0.01 0.08 0.31
0.06 0.24 0.42 0.05 0.12 0.57
0.26 0.03 0.19 0.09 0.11 0.33
0.47 0.71 0.03 0.28 0.12 0.34
0.48 0.27 0.06 0.15 0.19 0.05
0.19 0.94 0.43 0.26 0.12 0.40
0.69 0.44 0.32 0.52 0.15 0.02
0.32 0.12 0.43 0.40 0.69 0.07
0.06 0.91 0.07 0.66 0.97 0.11
0.44 0.23 0.13 0.12 0.35 0.06
0.79 0.16 0.03 0.37 0.12 0.21
0.34 0.01 0.31 0.19 0.63 0.01
0.86 0.18 0.05 0.15 0.33 0.94
0.62 0.11 0.28 0.81 0.07 0.76
0.37 0.48 0.02 0.25 0.29 0.08
0.02 0.31 0.29 0.21 0.95 0.30
0.41 0.42 0.02 0.42 0.42 0.35
0.65 0.03 0.52 0.94 0.02 0.46
0.87 0.15 0.32 0.29 0.10 0.26
0.07 0.30 0.26 0.04 0.64 0.28
0.55 0.46 0.20 0.05 0.20 0.50
0.19 0.10 0.70 0.17 0.07 1.00
0.06 0.08 0.99 0.33 0.83 0.24
0.81 0.49 0.23 0.04 0.03 0.27
0.01 0.05 0.01 0.01 0.50 0.22
0.38 0.12 0.28 0.15 0.43 0.10
0.14 0.02 0.16 0.50 0.03 0.31
0.12 0.45 0.37 0.30 0.08 0.31
0.34 0.20 0.24 0.25 0.15 0.20
0.16 0.21 0.43 0.56 0.32 0.07
0.02 0.69 0.64 0.22 0.09 0.25
0.49 0.23 0.09 0.68 0.32 0.19
0.58 0.18 0.24 0.62 0.23 0.11
0.28 0.21 0.19 0.96 0.34 0.17
0.04 0.21 0.88 0.34 0.34 0.34
0.76 0.85 0.06 0.37 0.06 0.15
0.21 0.89 0.02 0.02 0.13 0.02
0.35 0.13 0.59 0.29 0.07 0.74
0.23 0.11 0.96 0.06 0.65 0.15
0.01 0.15 0.36 0.24 0.17 0.17
0.47 0.13 0.26 0.36 0.34 0.32
0.19 0.12 0.11 0.58 0.02 0.17
0.37 0.19 0.45 0.38 0.06 0.44
0.43 0.69 0.25 0.02 0.21 0.97
0.23 0.29 0.49 0.05 0.26 0.49
0.18 0.50 0.09 0.50 0.44 0.05
0.02 0.29 0.47 0.35 0.22 0.14
0.24 0.36 0.28 0.06 0.09 0.22
0.25 0.03 0.01 0.38 0.90 0.14
0.36 0.18 0.11 0.10 0.06 0.19
0.30 0.44 0.14 0.26 0.02 0.13
0.03 0.86 0.32 0.28 0.08 0.30
0.66 0.49 0.40 0.48 0.01 0.40
0.30 0.10 0.32 0.40 0.40 0.12
0.23 0.70 0.10 0.01 0.05 0.14
0.35 0.16 0.02 0.37 0.01 0.14
0.14 0.08 0.95 0.32 0.08 0.03
0.10 0.55 0.29 0.14 0.22 0.95
0.12 0.38 0.02 0.60 0.13 0.52
0.73 0.20 0.19 0.06 0.10 0.16
0.68 0.22 0.19 0.25 0.22 0.18
0.57 0.87 0.72 0.02 0.08 0.10
0.31 0.30 0.10 0.51 0.34 0.12
0.03 0.55 0.67 0.60 0.25 0.13
0.25 0.27 0.13 0.08 0.16 0.13
0.45 0.23 0.87 0.50 0.23 0.07
0.42 0.13 0.32 0.42 0.17 0.02
0.45 0.18 0.62 0.20 0.21 0.17
0.10 0.42 0.53 0.31 0.26 0.12
0.63 0.36 0.10 0.29 0.06 0.38
0.58 0.07 0.09 0.38 0.49 0.23
0.08 0.27 0.63 0.87 0.46 0.04
0.03 0.42 0.35 0.31 0.49 0.05
0.86 0.43 0.41 0.22 0.37 0.02
0.46 0.04 0.35 0.06 0.18 0.21
0.47 0.01 0.46 0.65 0.12 0.10
0.01 0.21 0.32 0.85 0.85 0.07
0.30 0.07 0.49 0.46 0.01 0.79
0.05 0.21 0.92 0.90 0.26 0.08
0.13 0.46 0.39 0.97 0.09 0.23
0.17 0.01 0.20 0.27 0.47 0.11
0.19 0.22 0.36 0.24 0.76 0.07
0.35 0.70 0.20 0.46 0.99 0.01
0.10 0.56 0.33 0.44 0.40 0.15
0.02 0.44 0.89 0.25 0.13 0.17
0.47 0.44 0.20 0.02 0.91 0.03
0.18 0.12 0.11 0.49 0.47 0.52
0.72 0.22 0.07 0.17 0.24 0.84
0.17 0.45 0.03 0.09 0.50 0.08
0.13 0.88 0.20 0.04 0.31 0.19
0.30 0.17 0.42 0.12 0.10 0.40
0.77 0.01 0.14 0.27 0.46 0.30
0.06 0.49 0.47 0.10 0.47 0.16
0.03 0.08 0.26 0.60 0.03 0.81
0.74 0.16 0.52 0.07 0.23 0.05
0.41 0.21 0.08 0.01 0.04 0.42
0.05 0.99 0.93 0.13 0.12 0.38
