4 28 30 73 75 29
56 51 89 77 64 71
47 45 50 20 18 84
62 30 4 17 11 72
45 2 30 72 32 62
48 41 49 73 28 94
37 44 36 34 59 84
2 87 95 27 30 5
28 68 79 28 18 5
70 72 29 12 50 34
20 49 53 35 90 79
26 68 92 41 37 6
10 34 42 24 68 84
24 77 49 25 74 37
49 34 54 61 24 77
65 14 48 27 43 31
86 32 93 12 13 44
58 36 47 6 50 96
17 5 80 23 41 55
28 16 47 43 24 97
72 28 39 5 42 57
46 15 44 4 11 24
36 26 76 71 18 55
29 34 38 52 53 48
6 22 20 41 11 22
2 49 10 70 14 65
28 24 77 3 58 72
6 40 95 45 51 15
20 87 28 5 36 39
21 33 20 8 3 4
49 34 11 12 51 5
16 36 16 4 25 29
34 47 41 46 1 8
44 21 66 88 43 74
66 52 15 37 31 60
1 3 81 21 28 49
93 12 6 42 95 96
27 31 43 37 48 31
66 92 8 71 40 4
81 20 33 42 30 55
41 31 23 19 38 79
30 29 3 46 100 26
6 16 7 9 100 63
35 3 35 45 78 11
61 9 17 9 83 69
50 35 71 11 47 3
39 22 66 81 68 16
1 14 22 46 56 28
8 37 85 10 64 1
57 28 16 33 13 9
16 87 11 5 20 77
48 47 45 13 2 26
81 7 19 34 33 71
37 63 4 21 57 23
4 7 7 39 19 71
28 10 38 19 31 70
82 22 40 30 69 29
8 54 68 16 100 8
72 46 14 44 35 66
23 49 14 39 80 22
40 86 9 28 26 46
34 2 15 45 9 22
5 49 2 41 33 78
30 22 26 41 10 84
31 6 91 4 26 1
2 68 44 22 16 17
16 42 69 87 28 19
95 16 23 38 74 34
47 1 36 10 8 18
14 25 4 13 10 43
100 62 21 6 37 17
28 11 18 59 56 63
39 79 9 24 1 35
10 29 16 1 27 24
1 1 10 71 24 20
24 7 18 10 39 14
1 47 80 45 44 99
65 32 17 13 40 4
70 16 2 80 5 4
11 17 35 46 16 34
10 44 38 66 11 12
66 14 21 29 10 51
14 71 42 80 34 10
5 46 69 24 37 1
9 96 27 28 48 62
11 43 16 14 14 34
1 12 56 11 26 56
16 7 48 93 47 15
3 72 52 55 10 30
24 93 8 23 90 39
18 64 35 28 10 22
22 18 81 3 11 92
20 48 35 20 57 8
45 18 41 26 9 17
38 63 21 64 40 2
30 6 61 22 50 75
33 21 1 37 31 37
48 75 13 20 19 21
59 40 14 4 72 44
98 7 97 13 4 17
15 10 22 84 66 18
32 60 4 19 73 28
35 10 49 37 14 13
12 18 23 36 27 72
98 7 11 49 43 17
28 22 14 45 35 35
1 79 3 23 29 29
3 16 17 48 76 14
46 7 2 43 71 32
5 30 14 45 19 46
24 9 32 21 85 9
34 7 3 47 35 29
73 14 50 96 95 3
32 18 4 73 25 32
4 8 21 57 41 33
42 26 69 9 65 19
2 46 75 21 20 65
41 13 85 11 34 44
18 28 29 49 69 2
1 44 29 10 65 4
3 42 18 66 66 24
5 55 64 16 14 31
52 12 35 7 66 6
29 14 47 65 41 8
24 94 19 91 11 18
39 29 2 69 11 30
21 34 12 38 3 5
44 71 45 50 47 3
35 22 58 11 4 41
54 42 14 11 19 67
6 21 93 52 3 43
88 20 58 32 38 6
13 3 44 99 5 16
83 2 99 1 8 31
6 24 42 5 12 57
26 3 19 9 11 33
47 71 3 28 12 34
48 27 6 15 19 5
19 94 43 26 12 40
69 44 32 52 15 2
32 12 43 40 69 7
6 91 7 66 97 11
44 23 13 12 35 6
79 16 3 37 12 21
34 1 31 19 63 1
86 18 5 15 33 94
62 11 28 81 7 76
37 48 2 25 29 8
2 31 29 21 95 30
41 42 2 42 42 35
65 3 52 94 2 46
87 15 32 29 10 26
7 30 26 4 64 28
55 46 20 5 20 50
19 10 70 17 7 100
6 8 99 33 83 24
81 49 23 4 3 27
1 5 1 1 50 22
38 12 28 15 43 10
14 2 16 50 3 31
12 45 37 30 8 31
34 20 24 25 15 20
16 21 43 56 32 7
2 69 64 22 9 25
49 23 9 68 32 19
58 18 24 62 23 11
28 21 19 96 34 17
4 21 88 34 34 34
76 85 6 37 6 15
21 89 2 2 13 2
35 13 59 29 7 74
23 11 96 6 65 15
1 15 36 24 17 17
47 13 26 36 34 32
19 12 11 58 2 17
37 19 45 38 6 44
43 69 25 2 21 97
23 29 49 5 26 49
18 50 9 50 44 5
2 29 47 35 22 14
24 36 28 6 9 22
25 3 1 38 90 14
36 18 11 10 6 19
30 44 14 26 2 13
3 86 32 28 8 30
66 49 40 48 1 40
30 10 32 40 40 12
23 70 10 1 5 14
35 16 2 37 1 14
14 8 95 32 8 3
10 55 29 14 22 95
12 38 2 60 13 52
73 20 19 6 10 16
68 22 19 25 22 18
57 87 72 2 8 10
31 30 10 51 34 12
3 55 67 60 25 13
25 27 13 8 16 13
45 23 87 50 23 7
42 13 32 42 17 2
45 18 62 20 21 17
10 42 53 31 26 12
63 36 10 29 6 38
58 7 9 38 49 23
8 27 63 87 46 4
3 42 35 31 49 5
86 43 41 22 37 2
46 4 35 6 18 21
47 1 46 65 12 10
1 21 32 85 85 7
30 7 49 46 1 79
5 21 92 90 26 8
13 46 39 97 9 23
17 1 20 27 47 11
19 22 36 24 76 7
35 70 20 46 99 1
10 56 33 44 40 15
2 44 89 25 13 17
47 44 20 2 91 3
18 12 11 49 47 52
72 22 7 17 24 84
17 45 3 9 50 8
13 88 20 4 31 19
30 17 42 12 10 40
77 1 14 27 46 30
6 49 47 10 47 16
3 8 26 60 3 81
74 16 52 7 23 5
41 21 8 1 4 42
5 99 93 13 12 38
