100 29 91 62 94 46
49 50 59 52 79 35
34 69 80 18 15 47
69 61 25 49 62 57
35 18 40 96 1 21
41 38 61 26 94 12
51 2 36 47 28 49
89 54 5 8 4 44
91 71 14 45 33 16
44 100 3 48 36 5
5 20 96 31 1 61
30 28 29 33 34 43
96 1 5 34 18 74
5 35 5 32 72 5
33 7 16 45 40 54
88 9 73 1 55 50
83 11 61 36 14 17
1 38 23 46 19 2
40 20 43 69 68 13
1 14 91 53 28 28
51 10 7 76 8 25
12 92 90 27 19 45
8 83 67 19 9 10
81 13 38 44 75 11
37 28 20 9 71 31
16 28 48 76 46 25
24 50 22 2 17 56
47 98 6 53 27 48
45 100 38 2 87 14
36 25 43 60 35 14
65 9 32 11 8 25
2 17 33 61 20 11
32 54 16 75 58 7
37 3 49 29 47 71
5 89 35 4 24 9
19 31 18 11 28 50
60 13 98 89 5 89
34 43 10 48 42 77
40 57 60 39 58 29
18 1 1 9 39 16
48 1 40 52 5 35
48 1 32 40 35 73
6 52 87 20 91 24
73 5 70 95 33 21
26 27 95 50 11 9
16 45 94 64 12 20
50 23 41 84 3 11
19 31 44 51 15 12
41 58 29 14 38 16
15 11 49 89 16 28
10 68 60 1 49 89
29 78 30 37 26 22
50 85 66 40 35 14
26 37 43 21 23 12
26 72 2 12 79 14
44 55 35 69 16 84
3 49 44 15 28 41
29 57 9 16 21 8
31 39 18 21 41 1
15 1 28 21 72 32
38 37 61 93 10 55
97 25 28 41 21 27
12 31 41 69 15 11
29 33 47 95 9 44
13 10 80 39 23 65
19 10 13 86 69 11
19 14 10 41 23 86
98 82 42 8 24 7
10 96 36 4 50 8
61 89 33 52 13 43
20 94 57 89 1 39
27 35 44 49 11 16
40 43 90 5 4 19
39 7 69 3 35 13
41 4 42 1 15 16
34 42 12 92 41 6
4 12 11 17 33 2
1 46 32 2 83 69
16 77 13 12 33 49
13 70 90 14 40 28
41 20 10 4 74 45
36 26 84 68 27 10
1 69 53 23 75 50
45 7 13 20 14 45
31 41 47 40 7 21
26 81 11 88 6 55
69 7 30 58 48 4
8 4 42 52 36 24
2 13 27 37 19 33
2 44 36 23 12 2
48 37 24 8 88 33
2 30 2 61 10 57
28 56 28 44 6 45
3 22 48 69 57 8
4 78 35 82 1 12
31 7 77 100 14 48
73 5 2 21 31 3
38 1 8 9 5 91
23 43 3 16 25 40
10 42 30 30 29 47
59 47 15 32 8 64
3 30 35 2 48 28
27 44 24 9 31 11
27 2 77 36 68 15
21 87 22 68 30 3
67 86 38 19 25 5
69 23 11 7 46 50
86 30 7 17 10 99
6 36 15 9 1 8
14 10 34 98 94 17
80 18 9 96 6 15
16 11 2 13 63 57
6 28 100 30 1 98
36 10 41 11 13 23
6 25 37 50 12 5
99 18 34 84 14 7
1 15 54 88 81 11
97 38 46 26 18 1
6 20 3 35 44 16
24 14 3 91 6 89
8 11 63 75 35 11
27 5 67 36 20 49
22 49 13 64 9 82
11 20 14 68 23 59
7 16 50 1 62 27
17 8 81 80 19 86
17 33 22 35 4 38
43 8 39 5 46 24
22 34 43 9 21 6
2 44 10 85 7 50
64 4 98 37 49 12
1 51 75 24 4 11
60 98 10 9 28 50
68 42 3 20 34 57
2 28 24 14 17 7
81 21 22 67 17 7
91 35 12 9 95 14
29 12 61 7 47 44
96 49 8 13 40 13
46 30 28 16 16 22
37 37 26 6 17 77
58 19 38 15 14 17
73 74 13 38 9 34
3 15 19 77 83 57
16 73 1 11 38 12
5 45 24 50 8 19
30 26 89 4 43 65
14 49 2 26 56 31
21 12 32 76 15 37
29 23 31 3 57 67
65 5 87 17 44 6
19 32 42 7 29 15
85 87 11 1 2 46
25 34 98 16 8 47
27 3 27 64 16 37
8 35 3 48 52 3
75 11 22 49 43 2
23 29 94 25 10 71
8 10 17 50 49 36
80 33 13 34 11 46
41 87 38 4 92 1
22 14 16 100 10 93
19 4 34 43 19 47
39 1 22 33 37 66
11 10 44 15 36 43
31 46 11 27 18 62
10 69 3 91 11 10
44 36 9 14 3 37
1 27 26 85 16 74
43 45 74 4 2 40
5 65 9 55 2 35
92 47 9 15 2 83
35 20 72 4 60 75
49 55 4 17 87 10
3 15 90 8 19 43
22 27 10 4 19 13
71 6 18 47 49 7
15 30 57 9 27 3
5 29 21 56 31 33
82 44 5 28 16 20
25 13 80 47 27 32
20 16 50 58 1 44
26 3 5 34 3 10
88 25 6 4 62 67
51 7 35 24 7 11
12 4 40 63 42 4
80 31 26 42 9 2
77 12 20 15 66 15
35 98 31 5 15 71
5 7 32 22 100 54
73 2 27 36 1 19
83 3 12 31 14 39
22 49 13 51 3 59
18 5 81 14 9 39
31 34 95 12 12 77
12 71 5 6 8 50
15 3 69 71 39 19
83 21 67 9 46 7
22 28 73 15 5 16
11 92 2 82 12 50
9 20 33 33 9 37
3 16 1 35 44 46
96 5 3 45 9 43
60 3 15 6 13 20
3 1 18 45 22 37
29 21 49 26 31 24
22 10 25 36 19 29
12 17 19 14 2 34
47 1 19 34 32 17
100 32 6 32 13 49
42 1 46 42 28 30
1 16 10 6 35 68
45 13 15 32 10 50
7 35 23 88 49 1
5 5 98 41 38 60
85 47 39 20 40 1
36 14 31 12 31 69
25 9 26 37 7 5
1 9 98 23 69 30
15 77 39 7 5 31
48 45 7 50 1 30
15 18 32 6 14 42
7 91 2 9 47 56
17 59 95 2 26 21
1 22 12 21 43 16
47 63 88 9 14 1
10 11 62 29 6 79
46 14 10 34 77 7
14 65 3 26 7 8
5 12 47 99 4 26
