0.03 0.14 0.71 0.40 0.82 0.79
0.56 0.10 0.87 0.83 0.65 0.67
0.02 0.61 0.97 0.24 0.12 0.68
0.20 0.42 0.33 0.04 0.55 0.86
0.15 0.28 0.52 0.75 0.11 0.34
0.02 0.05 0.02 0.49 0.23 0.19
0.39 0.60 0.27 0.14 0.28 0.83
0.11 0.02 0.59 0.43 0.17 0.46
0.14 0.31 0.68 0.86 0.17 0.30
0.90 0.03 0.16 0.81 0.60 0.89
0.12 0.09 0.46 0.50 0.02 0.11
0.46 0.39 0.34 0.01 0.05 1.00
0.04 0.48 0.90 0.06 0.39 0.31
0.10 0.01 0.32 0.18 0.92 0.47
0.86 0.16 0.22 0.10 0.23 0.87
0.31 0.10 0.69 0.49 0.22 0.13
0.48 0.37 0.43 0.98 0.12 0.28
0.34 0.18 0.21 0.24 0.77 0.27
0.68 0.25 0.50 0.40 0.17 0.91
0.13 0.05 0.40 0.44 0.13 0.29
0.07 0.55 0.47 0.37 0.83 0.16
0.24 0.94 0.24 0.24 0.28 0.66
0.18 0.38 0.24 0.19 0.14 0.25
0.17 0.62 0.06 0.18 0.04 0.35
0.43 0.87 0.29 0.34 0.01 0.61
0.40 0.37 0.27 0.10 0.28 0.23
0.48 0.52 0.43 0.42 0.80 0.05
0.03 0.30 0.46 0.26 0.78 0.13
0.42 0.50 0.03 0.75 0.31 0.09
0.15 0.18 0.23 0.69 0.12 0.12
0.39 0.21 0.93 0.20 0.31 0.20
0.24 0.05 0.01 0.44 0.64 0.83
0.24 0.32 0.30 0.31 0.28 0.02
0.04 0.24 0.29 0.25 0.35 0.77
0.29 0.76 0.39 0.04 0.32 0.76
0.33 0.30 0.02 0.48 0.44 0.59
0.35 0.86 0.11 0.82 0.57 0.04
1.00 0.36 0.60 0.48 0.04 0.11
0.81 0.15 0.19 0.40 0.08 0.35
0.28 0.33 0.66 0.10 0.45 0.45
0.31 0.97 0.07 0.44 0.42 0.07
0.40 0.34 0.05 0.39 0.75 0.10
0.05 0.88 0.09 0.31 0.82 0.78
0.34 0.03 0.18 0.10 0.71 0.14
0.25 0.10 0.42 0.87 0.12 0.03
0.68 0.32 0.68 0.02 0.06 0.08
0.32 0.03 0.66 0.19 0.51 0.44
0.25 0.35 0.14 0.82 0.21 0.17
0.43 0.04 0.42 0.23 0.02 0.24
0.37 0.02 0.40 0.43 0.47 0.45
0.28 0.08 0.15 0.29 0.87 0.08
0.12 0.09 0.24 0.42 0.25 0.18
0.06 0.41 0.52 0.27 0.61 0.33
0.48 0.59 0.17 0.05 0.36 0.34
0.07 0.15 0.99 0.30 0.28 0.86
0.33 0.27 0.31 0.24 0.78 0.15
0.17 0.50 0.94 0.15 0.10 0.36
0.16 0.13 0.15 0.46 0.29 0.36
0.05 0.18 0.25 0.45 0.07 0.30
0.95 0.10 0.43 0.23 0.07 0.07
0.67 0.37 0.10 0.84 0.50 0.17
0.24 0.12 0.47 0.13 0.18 0.79
0.22 0.05 0.36 0.12 0.69 0.43
0.44 0.09 0.40 0.97 0.06 0.30
0.03 0.10 0.34 0.25 0.41 0.37
0.38 0.74 0.80 0.28 0.25 0.06
0.18 0.08 0.20 0.23 0.20 0.36
0.51 0.37 0.20 0.26 0.10 0.35
0.40 0.45 0.86 0.10 0.21 0.71
0.74 0.45 0.09 0.91 0.15 0.63
0.04 0.89 0.24 0.18 0.32 0.49
0.11 0.87 0.12 0.18 0.17 0.35
0.29 0.97 0.66 0.09 0.32 0.39
0.27 0.87 0.50 0.38 0.03 0.32
0.50 0.41 0.10 0.41 0.31 0.29
0.85 0.18 0.03 0.33 0.50 0.54
0.31 0.09 0.49 0.54 0.04 0.07
0.36 0.45 0.34 0.07 0.99 0.43
0.29 0.19 0.12 0.93 0.17 0.12
0.40 0.26 0.47 0.22 0.40 0.40
0.24 0.05 0.91 0.79 0.43 0.11
0.32 0.15 0.12 0.24 0.48 0.54
0.28 0.17 0.98 0.08 0.42 0.90
0.63 0.37 0.37 0.36 0.01 0.50
0.27 0.01 0.05 0.01 0.34 1.00
0.40 0.25 0.23 0.03 0.29 0.12
0.18 0.17 0.83 0.14 0.36 0.37
0.18 0.54 0.05 0.08 0.49 0.12
0.77 0.03 0.58 0.90 0.02 0.05
0.36 0.06 0.18 0.99 0.71 0.07
0.35 0.22 0.48 0.02 0.02 0.98
0.50 0.14 0.16 0.34 0.13 0.60
0.02 0.26 0.36 0.36 0.88 0.62
0.03 0.98 0.09 0.05 0.68 0.18
0.22 0.34 0.44 0.26 0.13 0.18
0.31 0.14 0.10 0.24 0.41 0.18
0.12 0.35 0.53 0.43 0.19 0.02
0.21 0.49 0.18 0.31 0.07 0.35
0.66 0.59 0.88 0.04 0.08 0.31
0.36 0.86 0.84 0.16 0.48 0.25
0.93 0.24 0.10 0.15 0.18 0.84
0.41 0.09 0.34 0.48 0.23 0.02
0.04 0.10 0.25 0.32 0.06 0.04
0.39 0.88 0.26 0.17 0.45 0.19
0.91 0.24 0.04 0.46 0.09 0.54
0.31 0.99 0.04 0.07 0.61 0.93
0.91 0.35 0.44 0.87 0.01 0.04
0.34 0.06 0.23 0.09 0.34 0.12
0.02 0.17 0.48 0.40 0.35 0.32
0.06 0.39 0.14 0.19 0.03 0.70
0.12 0.15 0.47 0.01 0.13 0.39
0.76 0.72 0.21 0.01 0.06 0.62
0.53 0.04 0.13 0.25 0.23 0.19
0.14 0.13 0.49 0.19 0.71 0.69
0.08 0.63 0.82 0.16 0.60 0.80
0.18 0.02 0.61 0.73 0.12 0.01
0.33 0.47 0.12 0.68 0.01 0.23
0.02 0.24 0.48 0.12 0.56 0.78
0.80 0.18 0.01 0.98 0.57 0.26
0.01 0.23 0.44 0.65 0.60 0.48
0.24 0.27 0.12 0.12 0.09 0.44
0.66 0.49 0.10 0.32 0.79 0.08
0.85 0.07 0.10 0.74 0.20 0.34
0.04 0.25 0.44 0.01 0.74 0.32
0.01 0.28 0.05 0.42 0.06 0.43
0.02 0.28 0.15 0.39 0.44 0.39
0.15 0.37 0.90 0.22 0.08 0.57
0.46 0.37 0.31 0.20 0.02 0.47
0.32 0.09 0.38 0.12 0.36 0.46
0.08 0.27 0.96 0.31 0.81 0.27
0.20 0.05 0.77 0.53 0.07 0.41
0.45 0.06 0.08 0.10 0.44 0.45
0.19 0.34 0.09 0.24 0.56 0.58
0.01 0.73 0.94 0.03 0.40 0.54
0.43 0.43 0.84 0.30 0.93 0.07
0.04 0.46 0.48 0.20 0.90 0.19
0.39 0.09 0.05 0.48 1.00 0.79
0.13 0.73 0.53 0.17 0.31 0.11
0.54 0.03 0.58 0.22 0.46 0.26
0.33 0.64 0.92 0.11 0.06 0.47
0.46 0.88 0.45 0.14 0.02 0.22
0.44 0.90 0.11 0.47 0.02 0.09
0.20 0.97 0.29 0.01 0.09 0.37
0.13 0.69 0.18 0.10 0.79 0.48
0.37 0.29 0.16 0.70 0.72 0.16
0.06 0.86 0.36 0.22 0.45 0.09
0.09 0.67 0.82 0.41 0.03 0.40
0.09 0.03 0.07 0.42 0.07 0.13
0.43 0.01 0.21 0.20 0.20 0.49
0.37 0.21 0.70 0.22 0.22 0.16
0.17 0.46 0.40 0.17 0.04 0.06
0.03 0.84 0.01 0.33 0.39 0.23
0.08 0.56 0.05 0.42 0.45 0.42
0.18 0.06 0.32 0.29 0.48 0.94
0.16 0.69 0.57 0.25 0.16 0.26
0.77 0.21 0.06 0.44 0.08 0.47
0.27 0.15 0.42 0.26 0.11 0.13
0.23 0.09 0.91 0.14 0.06 0.38
0.45 0.21 0.04 0.22 0.68 0.20
0.38 0.06 0.94 0.16 0.27 0.40
0.24 0.59 0.16 0.44 0.02 0.38
0.27 0.76 0.06 0.40 0.05 0.33
0.18 0.19 0.27 0.18 0.61 0.56
0.24 0.42 0.92 0.12 0.57 0.12
0.16 0.26 0.37 0.15 0.07 0.82
0.68 0.01 0.91 0.76 0.35 0.11
0.16 0.43 0.22 0.07 0.62 0.31
0.24 0.21 0.29 0.15 0.07 0.01
0.65 0.70 0.05 0.05 0.81 0.95
0.02 0.08 0.36 0.18 0.02 0.11
0.20 0.03 0.42 0.21 0.05 0.28
0.62 0.01 0.34 0.77 0.19 0.20
0.83 0.92 0.20 0.56 0.16 0.06
0.44 0.22 0.32 0.08 0.69 0.01
0.29 0.06 0.01 0.30 0.30 0.49
0.35 0.02 0.66 0.36 0.05 0.06
0.31 0.97 0.25 0.02 0.76 0.97
0.10 0.14 0.12 0.24 0.15 0.81
0.16 0.61 0.71 0.01 0.07 0.13
0.41 0.15 0.07 0.11 0.35 0.06
0.50 0.13 0.60 0.05 0.77 0.27
0.16 0.25 0.08 0.18 0.35 0.25
0.20 0.49 0.08 0.05 0.38 0.60
0.94 0.14 0.27 0.19 0.48 0.09
0.08 0.72 0.67 0.38 0.01 0.84
0.78 0.81 0.06 0.39 0.01 0.02
0.26 0.22 0.50 0.12 0.64 0.23
0.06 0.04 0.07 0.03 0.19 0.17
0.12 0.41 0.73 0.38 0.80 0.02
0.52 0.49 0.12 0.66 0.05 0.16
0.19 0.02 0.23 0.47 0.90 0.83
0.25 0.32 0.89 0.08 0.44 0.09
0.19 0.23 0.80 0.34 0.01 0.62
0.35 0.30 0.10 0.04 0.17 0.09
0.92 0.42 0.40 0.02 0.07 0.87
0.31 0.29 0.06 0.19 0.16 0.28
0.87 0.01 0.96 0.36 0.10 0.24
0.09 0.38 0.10 0.46 0.35 0.02
0.89 0.15 0.05 0.73 0.34 0.13
0.57 0.51 0.45 0.10 0.16 0.53
0.58 0.17 0.07 0.15 0.16 0.82
0.02 0.73 0.28 0.31 0.42 0.19
0.35 0.25 0.04 0.34 0.12 0.48
0.09 0.24 0.19 0.26 0.07 0.35
0.96 0.63 0.29 0.08 0.16 0.30
0.06 0.01 0.88 0.83 0.49 0.09
0.05 0.36 0.45 0.08 0.10 0.39
0.06 0.88 0.08 0.32 0.08 0.99
0.33 0.91 0.06 0.42 0.89 0.01
0.05 0.09 0.13 0.26 0.94 0.03
1.00 0.18 0.19 0.44 0.03 0.86
0.01 0.43 0.02 0.45 0.97 0.17
0.39 0.09 0.03 0.25 0.24 0.62
1.00 0.43 0.01 0.49 0.19 1.00
0.37 0.24 0.34 0.11 0.75 0.04
0.30 0.17 0.18 0.24 0.37 0.07
0.42 0.21 0.76 0.09 0.18 0.14
0.21 0.68 0.03 0.18 0.39 0.08
0.86 0.04 0.21 0.03 0.14 0.50
0.09 0.49 0.01 0.54 0.42 0.34
0.15 0.01 0.25 0.43 0.52 0.53
0.45 0.33 0.30 0.01 0.09 0.08
0.74 0.13 0.45 0.08 0.06 0.90
0.01 0.08 0.28 0.46 0.26 0.07
0.48 0.17 0.31 0.18 0.16 0.14
0.12 0.02 0.14 0.25 0.48 0.35
0.25 0.48 0.03 0.28 0.77 0.30
0.75 0.86 0.23 0.32 0.06 0.15
0.76 0.22 0.26 0.52 0.72 0.02
0.01 0.20 0.10 0.17 0.84 0.40
