3 14 71 40 82 79
56 10 87 83 65 67
2 61 97 24 12 68
20 42 33 4 55 86
15 28 52 75 11 34
2 5 2 49 23 19
39 60 27 14 28 83
11 2 59 43 17 46
14 31 68 86 17 30
90 3 16 81 60 89
12 9 46 50 2 11
46 39 34 1 5 100
4 48 90 6 39 31
10 1 32 18 92 47
86 16 22 10 23 87
31 10 69 49 22 13
48 37 43 98 12 28
34 18 21 24 77 27
68 25 50 40 17 91
13 5 40 44 13 29
7 55 47 37 83 16
24 94 24 24 28 66
18 38 24 19 14 25
17 62 6 18 4 35
43 87 29 34 1 61
40 37 27 10 28 23
48 52 43 42 80 5
3 30 46 26 78 13
42 50 3 75 31 9
15 18 23 69 12 12
39 21 93 20 31 20
24 5 1 44 64 83
24 32 30 31 28 2
4 24 29 25 35 77
29 76 39 4 32 76
33 30 2 48 44 59
35 86 11 82 57 4
100 36 60 48 4 11
81 15 19 40 8 35
28 33 66 10 45 45
31 97 7 44 42 7
40 34 5 39 75 10
5 88 9 31 82 78
34 3 18 10 71 14
25 10 42 87 12 3
68 32 68 2 6 8
32 3 66 19 51 44
25 35 14 82 21 17
43 4 42 23 2 24
37 2 40 43 47 45
28 8 15 29 87 8
12 9 24 42 25 18
6 41 52 27 61 33
48 59 17 5 36 34
7 15 99 30 28 86
33 27 31 24 78 15
17 50 94 15 10 36
16 13 15 46 29 36
5 18 25 45 7 30
95 10 43 23 7 7
67 37 10 84 50 17
24 12 47 13 18 79
22 5 36 12 69 43
44 9 40 97 6 30
3 10 34 25 41 37
38 74 80 28 25 6
18 8 20 23 20 36
51 37 20 26 10 35
40 45 86 10 21 71
74 45 9 91 15 63
4 89 24 18 32 49
11 87 12 18 17 35
29 97 66 9 32 39
27 87 50 38 3 32
50 41 10 41 31 29
85 18 3 33 50 54
31 9 49 54 4 7
36 45 34 7 99 43
29 19 12 93 17 12
40 26 47 22 40 40
24 5 91 79 43 11
32 15 12 24 48 54
28 17 98 8 42 90
63 37 37 36 1 50
27 1 5 1 34 100
40 25 23 3 29 12
18 17 83 14 36 37
18 54 5 8 49 12
77 3 58 90 2 5
36 6 18 99 71 7
35 22 48 2 2 98
50 14 16 34 13 60
2 26 36 36 88 62
3 98 9 5 68 18
22 34 44 26 13 18
31 14 10 24 41 18
12 35 53 43 19 2
21 49 18 31 7 35
66 59 88 4 8 31
36 86 84 16 48 25
93 24 10 15 18 84
41 9 34 48 23 2
4 10 25 32 6 4
39 88 26 17 45 19
91 24 4 46 9 54
31 99 4 7 61 93
91 35 44 87 1 4
34 6 23 9 34 12
2 17 48 40 35 32
6 39 14 19 3 70
12 15 47 1 13 39
76 72 21 1 6 62
53 4 13 25 23 19
14 13 49 19 71 69
8 63 82 16 60 80
18 2 61 73 12 1
33 47 12 68 1 23
2 24 48 12 56 78
80 18 1 98 57 26
1 23 44 65 60 48
24 27 12 12 9 44
66 49 10 32 79 8
85 7 10 74 20 34
4 25 44 1 74 32
1 28 5 42 6 43
2 28 15 39 44 39
15 37 90 22 8 57
46 37 31 20 2 47
32 9 38 12 36 46
8 27 96 31 81 27
20 5 77 53 7 41
45 6 8 10 44 45
19 34 9 24 56 58
1 73 94 3 40 54
43 43 84 30 93 7
4 46 48 20 90 19
39 9 5 48 100 79
13 73 53 17 31 11
54 3 58 22 46 26
33 64 92 11 6 47
46 88 45 14 2 22
44 90 11 47 2 9
20 97 29 1 9 37
13 69 18 10 79 48
37 29 16 70 72 16
6 86 36 22 45 9
9 67 82 41 3 40
9 3 7 42 7 13
43 1 21 20 20 49
37 21 70 22 22 16
17 46 40 17 4 6
3 84 1 33 39 23
8 56 5 42 45 42
18 6 32 29 48 94
16 69 57 25 16 26
77 21 6 44 8 47
27 15 42 26 11 13
23 9 91 14 6 38
45 21 4 22 68 20
38 6 94 16 27 40
24 59 16 44 2 38
27 76 6 40 5 33
18 19 27 18 61 56
24 42 92 12 57 12
16 26 37 15 7 82
68 1 91 76 35 11
16 43 22 7 62 31
24 21 29 15 7 1
65 70 5 5 81 95
2 8 36 18 2 11
20 3 42 21 5 28
62 1 34 77 19 20
83 92 20 56 16 6
44 22 32 8 69 1
29 6 1 30 30 49
35 2 66 36 5 6
31 97 25 2 76 97
10 14 12 24 15 81
16 61 71 1 7 13
41 15 7 11 35 6
50 13 60 5 77 27
16 25 8 18 35 25
20 49 8 5 38 60
94 14 27 19 48 9
8 72 67 38 1 84
78 81 6 39 1 2
26 22 50 12 64 23
6 4 7 3 19 17
12 41 73 38 80 2
52 49 12 66 5 16
19 2 23 47 90 83
25 32 89 8 44 9
19 23 80 34 1 62
35 30 10 4 17 9
92 42 40 2 7 87
31 29 6 19 16 28
87 1 96 36 10 24
9 38 10 46 35 2
89 15 5 73 34 13
57 51 45 10 16 53
58 17 7 15 16 82
2 73 28 31 42 19
35 25 4 34 12 48
9 24 19 26 7 35
96 63 29 8 16 30
6 1 88 83 49 9
5 36 45 8 10 39
6 88 8 32 8 99
33 91 6 42 89 1
5 9 13 26 94 3
100 18 19 44 3 86
1 43 2 45 97 17
39 9 3 25 24 62
100 43 1 49 19 100
37 24 34 11 75 4
30 17 18 24 37 7
42 21 76 9 18 14
21 68 3 18 39 8
86 4 21 3 14 50
9 49 1 54 42 34
15 1 25 43 52 53
45 33 30 1 9 8
74 13 45 8 6 90
1 8 28 46 26 7
48 17 31 18 16 14
12 2 14 25 48 35
25 48 3 28 77 30
75 86 23 32 6 15
76 22 26 52 72 2
1 20 10 17 84 40
