12 39 90 19 86 69
81 90 50 95 100 48
24 14 43 24 82 57
54 26 16 1 79 29
48 85 19 36 23 88
26 13 2 63 77 5
60 28 33 44 83 7
41 20 89 1 3 31
100 35 24 97 67 21
28 35 43 1 44 45
38 10 30 92 85 74
37 83 96 22 64 7
60 38 38 25 25 72
19 24 16 56 88 16
6 35 24 16 19 26
28 6 35 61 39 25
89 25 9 72 63 29
44 33 30 57 64 24
10 16 36 43 24 14
16 27 31 37 49 47
80 53 4 36 2 36
31 51 10 58 94 40
4 40 12 77 28 4
31 11 34 48 44 47
50 40 20 36 38 26
48 11 67 86 42 22
31 50 93 4 31 4
37 46 59 12 15 32
73 2 35 48 28 91
30 19 91 15 89 24
36 30 15 49 49 54
43 14 22 16 10 18
48 33 14 4 45 30
16 76 9 15 43 58
44 92 28 18 31 11
33 29 4 67 33 18
1 21 21 12 11 24
74 39 5 46 36 91
48 78 15 36 99 20
25 27 6 30 6 18
13 90 15 57 25 18
10 11 78 16 66 2
66 13 10 61 16 8
41 8 99 21 26 78
22 80 21 73 24 18
84 56 73 26 17 14
22 18 1 59 41 41
20 46 14 39 16 31
64 42 19 22 17 44
78 12 6 31 17 90
67 31 81 18 40 6
24 24 92 28 9 95
77 9 69 23 7 15
4 14 63 1 5 63
92 16 65 1 33 22
21 11 40 14 40 40
48 19 21 12 6 32
18 62 1 28 25 2
15 2 14 40 63 11
21 26 13 12 80 18
50 45 61 30 1 91
50 32 94 41 38 3
58 42 29 48 2 30
26 16 19 34 78 27
96 49 47 10 66 22
11 81 3 9 79 36
6 35 72 41 76 14
42 24 16 30 81 50
60 47 16 16 44 99
92 14 100 23 5 6
90 50 19 21 41 26
32 6 97 35 23 28
8 9 6 4 59 49
39 46 77 37 29 9
67 51 5 83 10 82
18 61 36 15 4 14
57 39 1 26 22 36
21 21 18 77 17 38
7 43 14 83 8 63
25 65 33 5 27 67
74 81 1 7 93 57
37 1 81 41 18 8
5 12 20 24 90 28
36 89 31 16 41 17
28 19 42 29 1 15
75 91 2 10 17 89
37 40 31 8 7 50
94 37 36 15 77 7
36 98 16 29 5 91
48 60 15 10 15 28
93 78 41 11 35 10
63 1 15 21 36 36
39 19 7 46 61 46
28 20 25 18 47 8
27 40 32 11 32 26
34 31 47 3 44 18
58 21 86 10 28 36
38 25 45 23 30 1
41 1 15 37 81 47
8 58 33 7 35 22
79 96 78 1 92 25
4 16 21 50 50 76
82 11 4 14 34 31
44 10 39 24 8 7
39 11 2 65 19 83
44 9 65 3 14 33
51 51 1 36 35 90
41 24 8 47 66 10
22 39 16 24 9 65
14 33 30 34 1 10
47 3 97 26 2 8
43 24 4 73 4 2
2 33 100 98 1 58
35 5 26 6 92 72
1 99 35 8 5 34
72 9 70 1 43 30
44 5 92 16 44 87
96 7 15 17 91 19
43 32 14 42 5 84
9 60 6 26 21 2
29 11 5 100 89 44
62 40 4 13 1 26
33 20 14 85 2 32
83 3 50 96 37 26
26 26 13 22 54 2
45 30 2 1 36 10
5 4 35 7 15 36
46 7 2 4 37 3
43 29 39 2 19 43
43 10 42 33 19 18
36 29 38 5 75 17
28 89 13 44 3 33
27 13 41 3 93 48
78 2 12 57 68 98
28 76 38 2 18 9
38 17 28 51 43 49
95 100 25 15 2 9
1 7 45 44 13 13
15 31 62 4 10 23
11 46 17 29 15 8
47 21 19 31 14 7
9 48 32 46 24 9
73 92 19 6 19 46
37 43 29 3 16 14
10 12 31 90 25 88
4 79 24 29 45 19
1 55 2 5 39 3
19 20 93 1 17 14
93 4 37 73 39 15
28 16 11 95 30 85
3 15 43 21 78 40
40 40 24 46 43 13
11 31 5 55 49 41
48 11 61 74 4 7
47 13 33 3 25 27
37 14 13 90 9 13
7 4 88 14 22 3
4 99 41 13 3 21
23 30 34 4 22 33
14 8 22 91 25 33
39 84 28 4 1 26
50 84 43 3 7 6
8 38 30 98 4 51
11 59 29 35 6 5
32 10 33 45 36 49
30 19 25 85 19 34
10 41 9 62 44 81
78 11 7 45 25 44
36 57 5 27 35 11
5 38 13 34 1 26
27 23 11 94 45 16
1 21 7 39 52 57
32 33 18 5 36 49
4 29 45 8 38 8
23 81 48 56 87 1
32 42 19 11 25 1
26 16 30 84 17 22
44 20 2 5 32 83
45 91 65 10 13 14
2 99 79 14 4 27
21 28 14 4 76 45
67 2 27 84 30 3
15 29 100 68 12 3
2 2 37 74 24 11
62 14 8 8 22 43
8 28 16 16 52 21
43 1 84 14 22 14
68 9 56 4 32 90
68 49 40 8 8 43
13 9 76 1 48 77
80 5 60 31 10 44
78 30 32 33 2 25
61 79 6 24 7 98
49 33 1 46 14 97
27 61 67 3 41 26
12 12 3 10 75 43
37 1 57 37 26 12
23 16 58 71 30 6
9 27 19 96 57 30
11 7 58 34 18 9
27 10 2 13 43 43
16 71 73 24 1 42
32 18 8 26 46 5
38 76 17 18 12 85
27 16 47 58 48 6
26 6 12 18 35 90
42 77 18 7 21 6
15 19 5 26 26 57
38 46 8 20 33 37
14 13 16 27 42 83
37 31 4 19 11 80
20 14 81 1 14 34
16 50 46 24 8 13
89 40 43 29 4 3
4 10 31 6 90 12
11 34 12 12 48 34
40 24 10 38 29 3
3 54 30 44 45 7
11 60 63 4 74 25
19 15 21 8 24 39
20 48 22 53 60 3
7 93 21 2 4 32
3 86 59 9 29 17
4 11 12 49 13 90
1 14 37 42 23 99
32 35 49 77 13 7
18 1 77 18 9 21
40 2 12 16 12 19
98 98 2 5 1 68
89 53 53 16 15 3
