0.28 0.34 0.31 0.12 0.66 0.03
0.63 0.78 0.61 0.60 0.58 0.62
0.05 0.27 0.29 0.28 0.40 0.23
0.16 0.21 0.05 0.12 0.47 0.35
0.34 0.15 0.04 0.76 0.16 0.36
0.34 0.93 0.02 0.48 0.02 0.02
0.98 0.15 0.51 0.20 0.03 0.65
0.18 0.54 0.85 0.43 0.15 0.33
0.14 0.33 0.17 0.22 0.62 0.46
0.21 0.31 0.30 0.06 0.16 0.98
0.18 0.07 0.43 0.36 0.75 0.42
0.36 0.12 0.44 0.85 0.42 0.12
0.01 0.46 0.11 0.71 0.48 0.33
0.42 0.52 0.07 0.13 0.15 0.43
0.61 0.19 0.59 0.12 0.11 0.21
0.16 0.02 0.65 0.45 0.92 0.25
0.05 0.22 0.28 0.33 0.05 0.41
0.42 0.34 0.06 1.00 0.09 0.63
0.23 0.44 0.34 0.11 0.29 0.65
0.42 0.10 0.34 0.34 0.38 0.86
0.37 0.48 0.08 0.44 0.29 0.52
0.75 0.24 0.19 0.43 0.36 0.49
0.09 0.05 0.08 0.26 0.05 0.07
0.04 0.90 0.32 0.40 0.02 0.69
0.36 0.02 0.02 0.61 0.39 0.39
0.10 0.48 0.30 0.65 0.81 0.05
0.24 0.25 0.98 0.07 0.21 0.22
0.38 0.01 0.11 0.03 0.10 0.48
0.32 0.47 0.26 0.14 0.30 0.10
0.28 0.24 0.14 0.11 0.27 0.93
0.13 0.11 0.34 0.15 0.99 0.33
0.92 0.26 0.25 0.13 0.99 0.27
0.03 0.14 0.12 0.99 0.97 0.28
0.31 0.60 0.01 0.11 0.43 0.40
0.04 0.24 0.10 0.73 0.06 0.75
0.66 0.01 0.92 0.63 0.59 0.06
0.20 0.02 0.18 0.13 0.42 0.06
0.99 0.19 0.05 0.17 0.07 0.69
0.14 0.29 0.43 0.07 0.27 0.31
0.41 0.58 0.32 0.06 0.70 0.18
0.04 0.23 0.02 0.76 0.23 0.12
0.62 0.46 0.19 0.24 0.43 0.01
0.05 0.12 0.28 0.26 0.62 0.14
0.42 0.24 0.31 0.18 0.25 0.32
0.04 0.42 0.18 0.55 0.35 0.36
0.12 0.09 0.07 0.26 0.95 0.23
0.05 0.50 0.01 0.20 0.99 0.45
0.42 0.02 0.49 0.10 0.50 0.36
0.43 0.17 0.12 0.60 0.38 0.01
0.29 0.29 0.33 0.08 0.12 0.83
0.17 0.68 0.46 0.88 0.02 0.35
0.23 0.44 0.42 0.22 0.34 0.60
0.30 0.04 0.49 0.79 0.28 0.37
0.18 0.94 0.31 0.29 0.03 0.29
0.01 0.20 0.33 0.02 0.58 0.01
0.06 0.56 0.09 0.81 0.94 0.02
0.35 0.23 0.30 0.03 0.77 0.62
0.36 0.40 0.16 0.21 0.30 0.32
0.09 0.76 0.39 0.14 0.29 0.03
0.91 0.36 0.07 0.22 0.41 0.01
0.08 0.45 0.33 0.25 0.19 0.69
0.40 0.77 0.03 0.68 0.10 0.36
0.18 0.27 0.29 0.08 0.09 0.10
0.44 0.23 0.99 0.03 0.02 0.26
0.31 0.62 0.19 0.05 0.90 0.45
0.34 0.04 0.73 0.61 0.39 0.19
0.30 0.43 0.12 0.08 0.23 0.36
0.03 0.40 0.26 0.16 0.30 0.21
0.43 0.03 0.41 0.10 0.32 0.10
0.44 0.71 0.09 0.04 0.99 0.04
0.31 0.13 0.85 0.06 0.91 0.44
0.27 0.01 0.93 0.21 0.64 0.43
0.43 0.76 0.32 0.02 0.40 0.29
0.08 0.04 0.36 0.53 0.16 0.30
0.67 0.47 0.40 0.20 0.04 0.06
0.38 0.42 0.02 0.37 0.44 0.80
0.89 0.21 0.02 0.05 0.36 0.53
0.63 0.27 0.32 0.44 0.02 0.16
0.99 0.73 0.10 0.07 0.82 0.32
0.08 0.10 0.29 0.29 0.10 0.80
0.60 0.01 0.03 0.26 0.01 0.09
0.35 0.20 0.02 0.29 0.06 0.01
0.07 0.04 0.86 0.02 0.40 0.69
0.24 0.15 0.37 0.28 0.03 0.35
0.58 0.01 0.37 0.21 0.32 0.36
0.33 0.21 0.01 0.94 0.17 0.35
0.74 0.21 0.17 0.11 0.98 0.15
0.73 0.80 0.28 0.08 0.21 0.27
0.12 0.19 0.45 0.06 0.28 0.19
0.17 0.23 0.42 0.16 0.22 0.82
0.40 0.58 0.28 0.12 0.06 0.89
0.05 0.05 0.37 0.64 0.81 0.48
0.40 0.99 0.13 0.85 0.01 0.01
0.04 0.47 0.35 0.39 0.16 0.12
0.35 0.84 0.06 0.16 0.21 0.12
0.11 0.92 0.44 0.11 0.17 0.74
0.33 0.48 0.28 0.77 0.03 0.91
0.06 0.30 0.58 0.01 0.43 0.70
0.49 0.95 0.84 0.05 0.12 0.43
0.26 0.90 0.05 0.32 0.63 0.16
0.09 0.64 0.07 0.13 0.17 0.33
0.31 0.16 0.17 0.23 0.47 0.32
0.14 0.47 0.20 0.12 0.76 0.30
0.23 0.42 0.04 0.75 0.06 0.40
0.23 0.15 0.47 0.01 0.12 0.04
0.55 0.02 0.06 0.13 0.25 0.92
0.14 0.49 0.01 0.50 0.20 0.61
0.03 0.10 0.79 0.04 0.39 0.52
0.28 0.56 0.17 0.02 0.22 0.40
0.14 0.61 0.29 0.19 0.40 0.16
0.50 0.17 0.34 0.15 0.32 0.06
0.89 0.09 0.05 0.58 0.33 0.01
0.09 0.01 0.14 0.16 0.93 0.62
0.09 0.01 0.01 0.69 1.00 0.19
0.22 0.27 0.19 0.19 0.09 0.28
1.00 0.51 0.01 0.59 0.78 0.14
0.43 0.28 0.48 0.45 0.02 0.86
0.04 0.90 0.43 0.83 0.09 0.35
0.50 0.59 0.10 0.10 0.14 0.11
0.16 0.10 0.40 0.05 0.41 0.50
0.79 0.24 0.01 0.03 0.83 0.14
0.38 0.19 0.05 0.27 0.11 0.81
0.07 0.35 0.29 0.99 0.46 0.02
0.88 0.69 0.04 0.05 0.04 0.23
0.01 0.31 0.52 0.25 0.23 0.35
0.11 0.98 0.33 0.03 0.33 0.29
0.34 0.30 0.80 0.44 0.34 0.02
0.25 0.67 0.46 0.28 0.25 0.01
0.40 0.35 0.30 0.08 0.20 0.04
0.20 0.33 0.06 0.33 0.06 0.08
0.81 0.12 0.29 0.10 0.92 0.38
0.09 0.36 0.24 0.42 0.42 0.01
0.21 0.21 0.37 0.77 0.40 0.04
0.09 0.90 0.86 0.29 0.02 0.65
0.31 0.50 0.16 0.17 0.09 0.02
0.29 0.38 0.07 0.30 0.50 0.25
0.25 0.01 0.23 0.56 0.84 0.06
0.14 0.02 0.31 0.24 0.49 0.58
0.07 0.11 0.79 0.05 0.47 0.21
0.24 0.11 0.27 0.21 0.01 0.06
0.27 0.55 0.13 0.25 0.52 0.23
0.05 0.08 0.09 0.68 0.06 0.55
0.37 0.05 0.05 0.04 0.54 0.05
0.09 0.62 0.39 0.19 0.14 0.32
0.91 0.94 0.02 0.10 0.24 0.44
0.08 0.35 0.38 0.16 0.25 0.19
0.21 0.05 0.23 0.19 0.38 0.01
0.05 0.25 0.17 0.27 0.37 0.47
0.02 0.14 0.70 0.49 0.69 0.47
0.39 0.15 0.08 0.90 0.01 0.37
0.22 0.50 0.02 0.20 0.56 0.48
0.32 0.04 0.29 0.09 0.20 0.38
0.20 0.56 0.74 0.06 0.10 0.06
0.91 0.11 0.86 0.09 0.17 0.22
0.50 0.02 0.99 0.95 0.06 0.61
0.03 0.08 0.19 0.69 0.88 0.07
0.38 0.78 0.37 0.06 0.27 0.09
0.01 0.45 0.28 0.94 0.19 0.80
0.98 0.29 0.31 0.22 0.26 0.05
0.07 0.38 0.44 0.34 0.06 0.01
0.03 0.16 0.16 0.38 0.80 0.02
0.01 0.63 0.12 0.20 0.57 0.32
0.05 0.46 0.45 0.57 0.04 0.29
0.02 0.27 0.48 0.64 0.49 0.14
0.34 0.44 0.17 0.07 0.20 0.40
0.59 0.19 0.07 0.74 0.08 0.21
0.26 0.11 0.07 0.44 0.74 0.30
0.17 0.30 0.81 0.48 0.38 0.01
0.21 0.12 0.52 0.11 0.57 0.25
0.13 0.05 0.36 0.14 0.11 0.10
0.03 0.33 0.45 0.10 0.27 0.84
0.21 0.35 0.30 0.49 0.23 0.06
0.22 0.48 0.41 0.02 0.12 0.42
0.18 0.19 0.11 0.15 0.28 0.26
0.54 0.39 0.02 0.24 0.63 0.42
0.57 0.08 0.66 0.73 0.02 0.58
0.02 0.59 0.05 0.13 0.77 0.41
0.18 0.37 0.84 0.24 0.46 0.07
0.32 0.35 0.04 0.46 0.08 0.28
0.10 0.57 0.05 0.39 0.34 0.81
0.24 0.10 0.28 0.02 0.42 0.46
0.05 0.18 0.43 0.27 0.80 0.03
0.17 0.20 0.03 0.65 0.74 0.83
0.34 0.45 0.18 0.01 0.98 0.94
0.19 0.07 0.43 0.12 0.41 0.16
0.08 0.82 0.05 0.37 0.17 0.27
0.26 0.09 0.40 0.14 0.03 0.52
0.88 0.05 0.22 0.20 0.08 0.85
0.82 0.19 0.01 0.19 0.30 0.97
0.18 0.08 0.06 0.46 0.65 0.50
0.30 0.92 0.04 0.03 0.08 0.94
0.13 0.84 0.19 0.08 0.38 0.31
0.12 0.41 0.02 0.73 0.80 0.44
0.29 0.43 0.09 0.17 0.46 0.36
0.10 0.19 0.02 0.69 0.89 0.57
0.07 1.00 0.28 0.49 0.16 0.09
0.08 0.05 0.42 0.09 0.05 0.86
0.10 0.42 0.48 0.01 0.20 0.60
0.47 0.20 0.03 0.30 0.02 0.89
0.11 0.64 0.85 0.25 0.04 0.22
0.02 0.19 0.11 0.65 0.03 0.43
0.03 0.72 0.02 0.08 0.54 0.60
0.03 0.23 0.10 0.54 0.06 0.57
0.48 0.51 0.14 0.22 0.49 0.22
0.13 0.14 0.66 0.03 0.14 0.34
0.14 0.49 0.08 0.10 0.75 0.43
0.05 0.28 0.71 0.77 0.02 0.02
0.06 0.20 0.10 0.20 0.27 0.97
0.06 0.28 0.32 0.52 0.17 0.28
0.34 0.04 0.50 0.81 0.06 0.79
0.44 0.09 0.19 0.23 0.05 0.70
0.79 0.62 0.07 0.06 0.29 0.36
0.16 0.22 0.26 0.07 0.26 0.23
0.57 0.37 0.36 0.11 0.02 0.49
0.04 0.07 0.37 0.36 0.18 0.40
0.41 0.26 0.11 0.21 0.24 0.23
0.27 0.26 0.17 0.12 0.03 0.48
0.35 0.26 0.15 0.11 0.49 0.69
0.89 0.47 0.05 0.05 0.25 0.14
0.01 0.82 0.62 0.18 0.21 0.20
0.06 0.91 0.09 0.23 0.05 0.52
0.25 0.02 0.75 0.03 0.26 0.76
0.17 0.47 0.04 0.14 0.27 0.18
0.34 0.06 0.02 0.09 0.45 0.71
0.62 0.51 0.10 0.02 0.75 0.78
0.38 0.68 0.01 0.42 0.18 0.34
0.73 0.10 0.20 0.42 0.12 0.04
0.13 0.11 0.19 0.04 0.12 0.73
0.01 0.41 0.41 0.18 0.15 0.33
0.19 0.18 0.30 0.10 0.82 0.35
