28 34 31 12 66 3
63 78 61 60 58 62
5 27 29 28 40 23
16 21 5 12 47 35
34 15 4 76 16 36
34 93 2 48 2 2
98 15 51 20 3 65
18 54 85 43 15 33
14 33 17 22 62 46
21 31 30 6 16 98
18 7 43 36 75 42
36 12 44 85 42 12
1 46 11 71 48 33
42 52 7 13 15 43
61 19 59 12 11 21
16 2 65 45 92 25
5 22 28 33 5 41
42 34 6 100 9 63
23 44 34 11 29 65
42 10 34 34 38 86
37 48 8 44 29 52
75 24 19 43 36 49
9 5 8 26 5 7
4 90 32 40 2 69
36 2 2 61 39 39
10 48 30 65 81 5
24 25 98 7 21 22
38 1 11 3 10 48
32 47 26 14 30 10
28 24 14 11 27 93
13 11 34 15 99 33
92 26 25 13 99 27
3 14 12 99 97 28
31 60 1 11 43 40
4 24 10 73 6 75
66 1 92 63 59 6
20 2 18 13 42 6
99 19 5 17 7 69
14 29 43 7 27 31
41 58 32 6 70 18
4 23 2 76 23 12
62 46 19 24 43 1
5 12 28 26 62 14
42 24 31 18 25 32
4 42 18 55 35 36
12 9 7 26 95 23
5 50 1 20 99 45
42 2 49 10 50 36
43 17 12 60 38 1
29 29 33 8 12 83
17 68 46 88 2 35
23 44 42 22 34 60
30 4 49 79 28 37
18 94 31 29 3 29
1 20 33 2 58 1
6 56 9 81 94 2
35 23 30 3 77 62
36 40 16 21 30 32
9 76 39 14 29 3
91 36 7 22 41 1
8 45 33 25 19 69
40 77 3 68 10 36
18 27 29 8 9 10
44 23 99 3 2 26
31 62 19 5 90 45
34 4 73 61 39 19
30 43 12 8 23 36
3 40 26 16 30 21
43 3 41 10 32 10
44 71 9 4 99 4
31 13 85 6 91 44
27 1 93 21 64 43
43 76 32 2 40 29
8 4 36 53 16 30
67 47 40 20 4 6
38 42 2 37 44 80
89 21 2 5 36 53
63 27 32 44 2 16
99 73 10 7 82 32
8 10 29 29 10 80
60 1 3 26 1 9
35 20 2 29 6 1
7 4 86 2 40 69
24 15 37 28 3 35
58 1 37 21 32 36
33 21 1 94 17 35
74 21 17 11 98 15
73 80 28 8 21 27
12 19 45 6 28 19
17 23 42 16 22 82
40 58 28 12 6 89
5 5 37 64 81 48
40 99 13 85 1 1
4 47 35 39 16 12
35 84 6 16 21 12
11 92 44 11 17 74
33 48 28 77 3 91
6 30 58 1 43 70
49 95 84 5 12 43
26 90 5 32 63 16
9 64 7 13 17 33
31 16 17 23 47 32
14 47 20 12 76 30
23 42 4 75 6 40
23 15 47 1 12 4
55 2 6 13 25 92
14 49 1 50 20 61
3 10 79 4 39 52
28 56 17 2 22 40
14 61 29 19 40 16
50 17 34 15 32 6
89 9 5 58 33 1
9 1 14 16 93 62
9 1 1 69 100 19
22 27 19 19 9 28
100 51 1 59 78 14
43 28 48 45 2 86
4 90 43 83 9 35
50 59 10 10 14 11
16 10 40 5 41 50
79 24 1 3 83 14
38 19 5 27 11 81
7 35 29 99 46 2
88 69 4 5 4 23
1 31 52 25 23 35
11 98 33 3 33 29
34 30 80 44 34 2
25 67 46 28 25 1
40 35 30 8 20 4
20 33 6 33 6 8
81 12 29 10 92 38
9 36 24 42 42 1
21 21 37 77 40 4
9 90 86 29 2 65
31 50 16 17 9 2
29 38 7 30 50 25
25 1 23 56 84 6
14 2 31 24 49 58
7 11 79 5 47 21
24 11 27 21 1 6
27 55 13 25 52 23
5 8 9 68 6 55
37 5 5 4 54 5
9 62 39 19 14 32
91 94 2 10 24 44
8 35 38 16 25 19
21 5 23 19 38 1
5 25 17 27 37 47
2 14 70 49 69 47
39 15 8 90 1 37
22 50 2 20 56 48
32 4 29 9 20 38
20 56 74 6 10 6
91 11 86 9 17 22
50 2 99 95 6 61
3 8 19 69 88 7
38 78 37 6 27 9
1 45 28 94 19 80
98 29 31 22 26 5
7 38 44 34 6 1
3 16 16 38 80 2
1 63 12 20 57 32
5 46 45 57 4 29
2 27 48 64 49 14
34 44 17 7 20 40
59 19 7 74 8 21
26 11 7 44 74 30
17 30 81 48 38 1
21 12 52 11 57 25
13 5 36 14 11 10
3 33 45 10 27 84
21 35 30 49 23 6
22 48 41 2 12 42
18 19 11 15 28 26
54 39 2 24 63 42
57 8 66 73 2 58
2 59 5 13 77 41
18 37 84 24 46 7
32 35 4 46 8 28
10 57 5 39 34 81
24 10 28 2 42 46
5 18 43 27 80 3
17 20 3 65 74 83
34 45 18 1 98 94
19 7 43 12 41 16
8 82 5 37 17 27
26 9 40 14 3 52
88 5 22 20 8 85
82 19 1 19 30 97
18 8 6 46 65 50
30 92 4 3 8 94
13 84 19 8 38 31
12 41 2 73 80 44
29 43 9 17 46 36
10 19 2 69 89 57
7 100 28 49 16 9
8 5 42 9 5 86
10 42 48 1 20 60
47 20 3 30 2 89
11 64 85 25 4 22
2 19 11 65 3 43
3 72 2 8 54 60
3 23 10 54 6 57
48 51 14 22 49 22
13 14 66 3 14 34
14 49 8 10 75 43
5 28 71 77 2 2
6 20 10 20 27 97
6 28 32 52 17 28
34 4 50 81 6 79
44 9 19 23 5 70
79 62 7 6 29 36
16 22 26 7 26 23
57 37 36 11 2 49
4 7 37 36 18 40
41 26 11 21 24 23
27 26 17 12 3 48
35 26 15 11 49 69
89 47 5 5 25 14
1 82 62 18 21 20
6 91 9 23 5 52
25 2 75 3 26 76
17 47 4 14 27 18
34 6 2 9 45 71
62 51 10 2 75 78
38 68 1 42 18 34
73 10 20 42 12 4
13 11 19 4 12 73
1 41 41 18 15 33
19 18 30 10 82 35
