59 42 36 30 57 24
59 77 52 73 66 8
20 45 77 26 57 59
17 23 47 25 12 34
39 95 3 57 11 35
7 14 13 7 46 13
60 23 23 7 77 12
38 31 3 33 41 87
76 57 36 35 31 3
39 89 22 26 23 24
74 70 38 26 44 37
46 35 30 81 41 32
20 19 97 16 3 18
30 46 86 2 10 50
29 18 18 65 1 2
92 41 1 47 18 25
4 11 45 47 94 33
42 10 47 35 40 14
51 27 35 34 24 48
33 88 85 18 17 57
9 39 35 85 14 8
21 7 63 36 57 21
29 35 38 2 35 37
83 7 12 28 38 6
21 50 35 40 21 50
57 8 72 45 25 32
48 16 7 10 5 61
17 83 20 39 17 76
52 33 19 21 17 27
38 50 1 27 46 88
95 2 43 43 23 97
41 3 35 52 50 52
18 27 71 8 7 17
49 72 66 17 18 32
2 47 49 1 26 45
48 27 48 6 25 38
55 12 57 10 92 78
96 17 44 13 41 6
83 85 7 41 9 30
82 56 49 10 35 36
1 94 2 42 37 46
12 70 3 19 40 77
18 31 43 2 4 100
24 22 58 57 40 10
8 34 23 39 7 80
92 1 50 41 25 95
6 6 29 60 10 60
10 47 4 61 69 44
42 20 31 28 15 95
46 34 9 45 2 7
48 25 39 3 24 44
19 25 1 87 21 30
42 29 9 34 21 4
14 16 60 29 33 2
27 48 87 32 7 8
34 97 34 17 1 31
51 73 1 73 74 2
7 23 88 1 29 57
67 99 74 16 2 18
30 23 82 8 47 10
18 10 66 66 34 45
10 65 41 47 6 35
2 37 19 97 41 54
18 40 15 61 19 2
44 5 83 9 74 79
26 36 20 25 6 81
21 30 21 26 11 81
31 43 11 28 15 39
5 1 49 46 17 30
18 17 4 35 27 20
32 67 47 36 8 14
5 23 65 9 33 3
86 22 1 10 33 18
78 28 67 14 36 1
5 38 40 40 19 28
87 40 5 55 22 8
4 52 45 43 86 21
73 19 14 94 6 36
31 42 99 49 5 5
6 30 66 6 5 40
19 6 48 98 4 75
2 3 33 66 27 16
25 12 54 36 39 44
13 6 81 24 42 80
50 22 89 50 26 7
30 16 47 75 30 13
65 2 30 41 35 58
17 47 6 21 19 16
8 3 23 28 9 75
25 91 3 79 9 24
3 67 31 46 18 35
10 47 7 25 96 49
91 14 10 50 3 45
33 4 5 16 13 49
28 10 8 10 45 57
34 18 27 47 13 4
44 51 21 55 10 6
16 49 4 47 98 5
1 44 26 41 57 79
41 45 5 74 58 14
68 33 24 18 26 7
9 33 19 10 19 42
88 67 25 7 20 56
87 12 10 43 8 39
48 4 35 48 64 29
1 26 51 15 30 37
37 12 37 47 9 66
16 21 22 69 31 32
9 20 10 86 36 27
11 9 38 36 50 27
42 29 21 28 33 33
8 84 21 22 7 24
77 46 9 1 44 30
22 86 41 60 42 3
26 5 71 6 71 1
66 30 10 17 35 41
19 46 70 37 23 20
1 15 77 43 40 21
41 70 37 26 4 2
13 22 5 50 29 47
65 3 55 18 40 36
47 17 12 13 9 5
1 3 10 6 26 30
25 45 73 75 23 1
34 7 19 12 46 21
44 28 18 41 25 25
68 31 98 23 2 1
48 4 7 15 13 23
91 31 89 28 6 37
7 5 87 24 10 40
3 92 71 26 25 80
31 18 26 1 18 19
16 29 6 1 91 58
19 1 31 2 79 77
23 36 27 20 2 49
3 42 83 19 40 7
16 47 22 17 41 3
32 22 2 64 3 70
14 36 37 14 21 3
36 68 69 40 8 4
42 45 1 56 38 66
41 35 46 44 1 84
69 10 75 11 17 5
67 48 6 31 34 8
7 4 19 70 10 77
59 13 35 99 5 33
11 48 16 5 33 22
34 41 31 38 12 24
33 47 97 36 28 1
20 29 12 32 66 20
31 26 46 27 4 15
19 97 3 6 57 7
2 66 49 46 10 22
42 31 44 13 21 3
23 73 17 9 1 31
9 39 37 7 32 19
22 35 10 88 65 3
26 10 26 45 93 14
27 10 22 88 67 29
37 10 22 13 6 69
1 24 10 18 19 99
33 14 34 33 18 47
21 34 33 53 14 15
1 20 96 57 3 3
8 5 56 25 17 9
5 25 35 41 72 10
35 98 34 18 26 8
93 15 3 29 5 13
30 27 31 23 9 43
31 33 25 38 8 8
42 89 1 2 27 17
22 19 89 1 83 47
45 50 30 22 30 3
41 44 12 1 31 2
5 29 20 94 16 70
2 57 26 17 41 24
96 9 84 2 17 12
31 31 19 18 48 10
18 4 16 62 10 44
77 14 33 11 50 7
78 55 2 30 39 15
22 100 94 5 7 44
11 87 39 12 6 36
5 42 29 4 20 97
51 1 20 35 4 85
15 49 17 3 41 75
28 4 85 62 14 30
34 29 4 86 64 10
20 76 89 3 70 25
30 9 37 65 85 12
5 49 62 62 87 3
23 16 47 31 20 14
11 1 92 27 40 20
14 86 7 50 29 12
17 6 21 27 61 19
12 14 49 18 11 46
19 10 14 31 48 7
96 2 45 2 70 17
61 30 9 18 4 86
14 5 36 99 18 62
30 14 38 36 12 17
16 69 36 10 64 8
95 9 57 13 65 8
14 47 72 82 14 9
37 98 13 1 32 12
1 75 43 12 42 22
93 36 38 12 5 60
7 7 29 36 92 12
15 40 24 22 3 38
5 15 17 80 20 2
1 59 36 31 10 11
11 46 2 83 100 52
35 27 75 8 50 3
59 46 30 14 8 28
76 20 51 4 10 79
30 82 20 34 38 3
9 33 44 62 40 18
37 24 8 7 29 82
26 6 16 12 99 19
42 22 65 30 4 9
47 16 4 25 34 27
63 90 32 3 15 7
95 14 84 86 6 39
70 98 11 16 2 100
96 7 22 23 31 16
82 14 5 33 12 50
5 25 21 62 68 19
78 11 42 42 15 2
21 21 42 96 16 4
30 15 35 17 1 9
