0.64 0.19 0.29 0.60 0.53 0.74
0.87 0.44 0.77 0.70 0.17 0.55
0.24 0.10 0.40 0.94 0.95 0.44
0.19 0.22 0.36 0.26 0.47 0.23
0.51 0.06 0.32 0.47 0.42 0.68
0.48 0.24 0.54 0.09 0.58 0.24
0.30 0.07 0.38 0.62 0.57 0.14
0.59 0.49 0.14 0.50 0.94 0.21
0.23 0.26 0.63 0.08 0.11 0.12
0.09 0.75 0.36 0.31 0.65 0.39
0.54 0.16 0.32 0.17 0.09 0.10
0.62 0.28 0.24 0.06 0.47 0.30
0.15 0.64 0.20 0.17 0.50 0.21
0.57 0.04 0.28 0.19 0.07 0.32
0.45 0.53 0.11 0.35 0.55 0.42
0.18 0.30 0.36 0.01 0.14 0.37
0.29 0.39 0.22 0.22 0.13 0.61
0.83 0.26 0.44 0.12 0.16 0.19
0.22 0.32 0.10 0.48 0.22 0.51
0.45 0.79 0.20 0.06 0.02 0.16
0.57 0.52 0.31 0.15 0.66 0.28
0.82 0.11 0.21 0.06 0.06 0.09
0.15 0.13 0.24 0.43 0.15 0.13
0.52 0.20 0.55 0.45 0.03 0.11
0.25 0.04 0.94 0.08 0.61 0.62
0.32 0.17 0.16 0.24 0.22 0.32
0.48 0.16 0.68 0.86 0.44 0.02
0.12 0.10 0.88 0.73 0.14 0.29
0.32 0.33 0.56 0.06 0.02 0.08
0.89 0.20 0.31 0.37 0.01 0.24
0.17 0.67 0.16 0.53 0.73 0.20
0.38 0.38 0.46 0.27 0.11 0.10
0.43 0.31 0.47 0.90 0.90 0.08
0.96 0.02 0.84 0.41 0.26 0.47
0.10 0.14 0.02 0.01 0.05 0.11
0.15 0.01 0.32 0.73 0.14 0.10
0.56 0.12 0.11 0.02 0.18 0.50
0.05 0.28 0.10 0.84 0.10 0.40
0.08 0.25 0.11 0.99 0.45 0.24
0.50 0.10 0.43 0.33 0.69 0.52
0.02 0.86 0.64 0.32 0.59 0.91
0.11 0.10 0.90 0.78 0.49 0.59
0.44 0.05 0.26 0.86 0.41 0.10
0.37 0.06 0.97 0.23 0.35 0.40
0.65 0.76 0.27 0.09 0.02 0.08
0.50 0.07 0.25 0.40 0.25 0.12
0.55 0.09 0.75 0.29 0.47 0.29
0.94 0.13 0.16 0.10 0.15 0.19
0.28 0.38 0.34 0.43 0.42 0.10
0.39 0.03 0.02 0.82 0.75 0.47
0.55 0.17 0.10 0.96 0.03 0.94
0.93 0.48 0.10 0.96 0.21 0.05
0.38 0.25 0.40 0.09 0.60 0.09
0.42 0.82 0.53 0.15 0.72 0.02
0.26 0.13 0.93 0.14 0.73 0.05
0.02 0.43 0.84 0.31 0.03 0.35
0.47 0.38 0.02 0.73 0.10 0.03
0.46 0.03 0.31 0.12 0.14 0.21
0.09 0.13 0.11 0.18 0.17 0.09
0.01 0.21 0.39 0.62 0.32 0.61
0.95 0.32 0.55 0.69 0.19 0.07
0.21 0.04 0.77 0.41 0.31 0.42
0.23 0.03 0.85 0.86 0.16 0.05
0.18 0.42 0.58 0.45 0.46 0.04
0.06 0.08 0.65 0.05 0.34 0.27
0.05 0.49 0.10 0.13 0.70 0.29
0.10 0.06 0.39 0.08 0.19 0.02
0.84 0.05 0.41 0.02 0.02 0.68
0.13 0.43 0.13 0.28 0.02 0.22
0.18 0.80 0.19 0.03 0.01 1.00
0.74 0.65 0.04 0.08 0.02 0.47
0.07 0.49 0.31 0.74 0.53 0.72
0.29 0.06 0.07 0.22 0.11 0.59
0.98 0.88 0.43 0.70 0.10 0.06
0.76 0.14 0.34 0.29 0.34 0.07
0.22 0.09 0.35 0.38 0.21 0.08
0.99 0.07 0.60 0.05 0.10 0.30
0.50 0.57 0.34 0.20 0.07 0.02
0.88 0.16 0.77 0.98 0.05 0.01
0.37 0.79 0.48 0.17 0.03 0.28
0.34 0.09 0.31 0.16 0.42 0.32
0.27 0.01 0.21 0.66 0.40 0.15
0.17 0.52 0.57 0.67 0.05 0.03
0.20 0.34 0.01 0.18 0.75 0.96
0.31 0.57 0.38 0.33 0.01 0.28
0.15 0.14 0.21 0.05 0.03 0.28
0.47 0.04 0.99 0.65 0.13 0.45
0.99 0.12 0.50 0.01 0.52 0.98
0.27 0.07 0.15 0.17 0.29 0.01
0.33 0.14 0.33 0.53 0.23 0.01
0.05 0.35 0.50 0.73 0.59 0.33
0.08 0.45 0.69 0.28 0.37 0.23
0.37 0.13 0.33 0.06 0.96 0.33
0.40 0.18 0.17 0.23 0.03 0.08
0.28 0.02 0.77 0.03 0.16 0.10
0.49 0.07 0.47 0.32 0.01 0.48
0.03 0.48 0.04 0.16 0.77 0.82
0.30 0.14 0.96 0.05 0.88 0.03
0.87 0.42 0.38 0.87 0.02 0.62
0.23 0.11 0.31 0.23 0.35 0.28
0.99 0.47 0.01 0.35 0.23 0.44
0.18 0.46 0.50 0.41 0.69 0.01
0.11 0.49 0.76 0.98 0.01 0.10
0.10 0.06 0.46 0.18 0.02 0.49
0.02 0.37 0.18 0.27 0.35 0.57
0.08 0.21 0.34 0.28 0.46 0.93
0.83 0.35 0.12 0.13 0.25 0.03
0.05 0.17 0.07 0.64 0.20 0.22
0.41 0.38 0.43 0.23 0.02 0.65
0.04 0.15 0.70 0.49 0.45 0.36
0.06 0.98 0.41 0.36 0.27 0.10
0.69 0.04 0.06 0.90 0.58 0.21
0.73 0.08 0.10 0.01 0.54 0.87
0.48 0.02 0.18 0.08 0.02 0.11
0.11 0.09 0.06 0.14 0.10 0.26
0.20 0.61 0.46 0.27 0.07 0.02
0.40 0.72 0.23 0.34 0.01 0.23
0.63 0.04 0.14 0.31 0.16 0.02
0.05 0.26 0.65 0.14 0.34 0.07
0.15 0.17 0.07 0.46 0.34 0.10
0.05 0.16 0.66 0.59 0.10 0.12
0.40 0.09 0.46 0.29 0.01 0.27
0.06 0.55 0.04 0.18 0.47 0.43
0.51 0.21 0.34 0.16 0.72 0.04
0.08 0.05 0.07 0.25 0.21 0.25
0.31 0.02 0.54 0.41 0.07 0.33
0.21 0.03 0.01 0.57 0.44 0.64
0.33 0.07 0.63 0.03 0.24 0.45
0.35 0.08 0.21 0.29 0.03 0.10
0.83 0.24 0.50 0.16 0.14 0.05
0.91 0.50 0.52 0.07 0.76 0.06
0.07 0.58 0.08 0.25 0.44 0.85
0.06 0.41 0.40 0.37 0.13 0.38
0.33 0.04 0.18 0.40 0.88 0.24
0.37 0.15 0.17 0.61 0.17 0.06
0.50 0.31 0.01 0.19 0.32 0.90
0.44 0.45 0.35 0.21 0.01 0.77
0.55 0.04 0.27 0.07 0.20 0.85
0.28 0.17 0.20 0.30 0.01 0.99
0.05 0.40 0.09 0.03 0.07 0.31
0.34 0.29 0.41 0.02 0.02 0.25
0.33 0.08 0.31 0.16 0.06 0.25
0.33 0.67 0.01 0.80 0.19 0.73
0.39 0.74 0.01 0.91 0.40 0.25
0.83 0.36 0.04 0.13 0.01 0.05
0.09 0.32 0.53 0.10 0.09 0.37
0.07 0.23 0.64 0.23 0.86 0.18
0.43 0.06 0.13 0.15 0.71 0.18
0.50 0.37 0.82 0.05 0.18 0.03
0.10 0.01 0.44 0.07 0.35 0.01
0.41 0.35 0.35 0.99 0.02 0.45
0.03 0.07 0.35 0.23 0.86 0.32
0.49 0.37 0.79 0.42 0.17 0.05
0.04 0.45 0.90 0.06 0.23 0.24
0.31 0.14 0.44 0.31 0.02 0.97
0.04 0.42 0.30 0.70 0.03 1.00
0.07 0.31 0.58 0.85 0.26 0.19
0.01 0.62 0.89 0.47 0.16 0.29
0.12 0.78 0.35 0.14 0.04 0.23
0.04 0.09 0.11 0.56 0.42 0.12
0.70 0.06 0.01 0.08 0.79 0.80
0.02 0.31 0.79 0.03 0.14 0.39
0.26 0.25 0.37 0.42 0.04 0.15
0.72 0.11 0.03 0.25 0.55 0.28
0.06 0.12 0.04 0.19 0.18 0.07
0.13 0.02 0.20 0.29 0.19 0.60
0.64 0.45 0.27 0.04 0.99 0.09
0.41 0.03 0.52 0.84 0.22 0.01
0.33 0.07 0.42 0.04 0.31 0.71
0.70 0.08 0.31 0.22 0.08 0.02
0.04 0.33 0.24 0.57 0.80 0.02
0.10 0.13 0.03 0.30 0.27 0.49
0.43 0.16 0.69 0.93 0.02 0.14
0.05 0.11 0.12 0.41 0.16 0.36
0.20 0.01 0.42 0.26 0.16 0.26
0.03 0.33 0.15 0.67 0.35 0.09
0.15 0.01 0.14 0.33 0.07 0.38
0.70 0.12 0.11 0.07 0.30 0.49
0.29 0.06 0.09 0.50 0.29 0.09
0.28 0.30 0.01 0.35 0.27 0.08
0.23 0.43 0.22 0.55 0.13 0.01
0.06 0.42 0.27 0.41 0.08 0.11
0.42 0.04 0.05 0.21 0.36 0.39
0.05 0.06 0.24 0.31 0.56 0.33
0.12 0.42 0.36 0.48 0.51 0.04
0.31 0.05 0.33 0.26 0.03 0.05
0.02 0.29 0.29 0.80 0.11 0.88
0.45 0.02 0.02 0.08 0.19 0.80
0.01 0.12 0.50 0.79 0.50 0.27
0.03 0.04 0.14 0.91 0.18 0.93
0.08 0.03 0.17 0.48 0.40 0.69
0.10 0.86 0.30 0.33 0.10 0.04
0.26 0.03 0.26 0.01 0.64 0.34
0.40 0.39 0.44 0.25 0.02 0.08
0.44 0.04 0.48 0.05 0.05 0.17
0.03 0.13 0.33 0.46 0.77 0.84
0.43 0.10 0.08 0.11 0.99 0.20
0.01 0.12 0.31 0.04 0.29 0.88
0.15 0.52 0.35 0.43 0.35 0.03
0.90 0.09 0.03 0.21 0.45 0.01
0.96 0.61 0.08 0.11 0.03 0.13
0.26 0.84 0.50 0.85 0.01 0.46
0.33 0.64 0.10 0.17 0.07 0.02
0.10 0.07 0.55 0.08 0.11 0.39
0.01 0.63 0.32 0.27 0.32 0.03
0.33 0.59 0.04 0.05 0.32 0.02
0.81 0.14 0.20 0.12 0.41 0.04
0.08 0.05 0.33 0.04 0.01 0.42
0.69 0.66 0.99 0.21 0.01 0.11
0.59 0.19 0.30 0.16 1.00 0.04
0.65 0.25 0.01 0.70 0.86 0.11
0.26 0.76 0.04 0.96 0.01 0.81
0.38 0.01 0.12 0.02 0.22 0.80
0.01 0.38 0.22 0.89 0.21 0.70
0.97 0.34 0.01 0.29 0.42 0.13
0.03 0.12 0.11 0.29 0.11 0.93
0.02 0.15 0.75 0.13 0.04 0.82
0.03 0.60 0.04 0.68 0.95 0.13
0.01 0.83 0.01 0.19 0.65 0.56
0.14 0.01 0.25 0.03 0.23 0.23
0.13 0.42 0.80 0.16 0.02 0.15
0.50 0.44 0.90 0.10 0.01 0.06
0.26 0.11 0.77 0.35 0.02 0.22
0.04 0.87 0.55 0.74 0.13 0.48
0.36 0.87 0.13 0.01 0.26 0.01
0.24 0.01 0.27 0.48 0.53 0.13
0.20 0.41 0.44 0.59 0.16 0.06
0.11 0.02 0.19 0.10 0.01 0.88
0.07 0.34 0.29 0.03 0.68 0.22
0.08 0.24 0.15 0.02 0.21 0.43
