64 19 29 60 53 74
87 44 77 70 17 55
24 10 40 94 95 44
19 22 36 26 47 23
51 6 32 47 42 68
48 24 54 9 58 24
30 7 38 62 57 14
59 49 14 50 94 21
23 26 63 8 11 12
9 75 36 31 65 39
54 16 32 17 9 10
62 28 24 6 47 30
15 64 20 17 50 21
57 4 28 19 7 32
45 53 11 35 55 42
18 30 36 1 14 37
29 39 22 22 13 61
83 26 44 12 16 19
22 32 10 48 22 51
45 79 20 6 2 16
57 52 31 15 66 28
82 11 21 6 6 9
15 13 24 43 15 13
52 20 55 45 3 11
25 4 94 8 61 62
32 17 16 24 22 32
48 16 68 86 44 2
12 10 88 73 14 29
32 33 56 6 2 8
89 20 31 37 1 24
17 67 16 53 73 20
38 38 46 27 11 10
43 31 47 90 90 8
96 2 84 41 26 47
10 14 2 1 5 11
15 1 32 73 14 10
56 12 11 2 18 50
5 28 10 84 10 40
8 25 11 99 45 24
50 10 43 33 69 52
2 86 64 32 59 91
11 10 90 78 49 59
44 5 26 86 41 10
37 6 97 23 35 40
65 76 27 9 2 8
50 7 25 40 25 12
55 9 75 29 47 29
94 13 16 10 15 19
28 38 34 43 42 10
39 3 2 82 75 47
55 17 10 96 3 94
93 48 10 96 21 5
38 25 40 9 60 9
42 82 53 15 72 2
26 13 93 14 73 5
2 43 84 31 3 35
47 38 2 73 10 3
46 3 31 12 14 21
9 13 11 18 17 9
1 21 39 62 32 61
95 32 55 69 19 7
21 4 77 41 31 42
23 3 85 86 16 5
18 42 58 45 46 4
6 8 65 5 34 27
5 49 10 13 70 29
10 6 39 8 19 2
84 5 41 2 2 68
13 43 13 28 2 22
18 80 19 3 1 100
74 65 4 8 2 47
7 49 31 74 53 72
29 6 7 22 11 59
98 88 43 70 10 6
76 14 34 29 34 7
22 9 35 38 21 8
99 7 60 5 10 30
50 57 34 20 7 2
88 16 77 98 5 1
37 79 48 17 3 28
34 9 31 16 42 32
27 1 21 66 40 15
17 52 57 67 5 3
20 34 1 18 75 96
31 57 38 33 1 28
15 14 21 5 3 28
47 4 99 65 13 45
99 12 50 1 52 98
27 7 15 17 29 1
33 14 33 53 23 1
5 35 50 73 59 33
8 45 69 28 37 23
37 13 33 6 96 33
40 18 17 23 3 8
28 2 77 3 16 10
49 7 47 32 1 48
3 48 4 16 77 82
30 14 96 5 88 3
87 42 38 87 2 62
23 11 31 23 35 28
99 47 1 35 23 44
18 46 50 41 69 1
11 49 76 98 1 10
10 6 46 18 2 49
2 37 18 27 35 57
8 21 34 28 46 93
83 35 12 13 25 3
5 17 7 64 20 22
41 38 43 23 2 65
4 15 70 49 45 36
6 98 41 36 27 10
69 4 6 90 58 21
73 8 10 1 54 87
48 2 18 8 2 11
11 9 6 14 10 26
20 61 46 27 7 2
40 72 23 34 1 23
63 4 14 31 16 2
5 26 65 14 34 7
15 17 7 46 34 10
5 16 66 59 10 12
40 9 46 29 1 27
6 55 4 18 47 43
51 21 34 16 72 4
8 5 7 25 21 25
31 2 54 41 7 33
21 3 1 57 44 64
33 7 63 3 24 45
35 8 21 29 3 10
83 24 50 16 14 5
91 50 52 7 76 6
7 58 8 25 44 85
6 41 40 37 13 38
33 4 18 40 88 24
37 15 17 61 17 6
50 31 1 19 32 90
44 45 35 21 1 77
55 4 27 7 20 85
28 17 20 30 1 99
5 40 9 3 7 31
34 29 41 2 2 25
33 8 31 16 6 25
33 67 1 80 19 73
39 74 1 91 40 25
83 36 4 13 1 5
9 32 53 10 9 37
7 23 64 23 86 18
43 6 13 15 71 18
50 37 82 5 18 3
10 1 44 7 35 1
41 35 35 99 2 45
3 7 35 23 86 32
49 37 79 42 17 5
4 45 90 6 23 24
31 14 44 31 2 97
4 42 30 70 3 100
7 31 58 85 26 19
1 62 89 47 16 29
12 78 35 14 4 23
4 9 11 56 42 12
70 6 1 8 79 80
2 31 79 3 14 39
26 25 37 42 4 15
72 11 3 25 55 28
6 12 4 19 18 7
13 2 20 29 19 60
64 45 27 4 99 9
41 3 52 84 22 1
33 7 42 4 31 71
70 8 31 22 8 2
4 33 24 57 80 2
10 13 3 30 27 49
43 16 69 93 2 14
5 11 12 41 16 36
20 1 42 26 16 26
3 33 15 67 35 9
15 1 14 33 7 38
70 12 11 7 30 49
29 6 9 50 29 9
28 30 1 35 27 8
23 43 22 55 13 1
6 42 27 41 8 11
42 4 5 21 36 39
5 6 24 31 56 33
12 42 36 48 51 4
31 5 33 26 3 5
2 29 29 80 11 88
45 2 2 8 19 80
1 12 50 79 50 27
3 4 14 91 18 93
8 3 17 48 40 69
10 86 30 33 10 4
26 3 26 1 64 34
40 39 44 25 2 8
44 4 48 5 5 17
3 13 33 46 77 84
43 10 8 11 99 20
1 12 31 4 29 88
15 52 35 43 35 3
90 9 3 21 45 1
96 61 8 11 3 13
26 84 50 85 1 46
33 64 10 17 7 2
10 7 55 8 11 39
1 63 32 27 32 3
33 59 4 5 32 2
81 14 20 12 41 4
8 5 33 4 1 42
69 66 99 21 1 11
59 19 30 16 100 4
65 25 1 70 86 11
26 76 4 96 1 81
38 1 12 2 22 80
1 38 22 89 21 70
97 34 1 29 42 13
3 12 11 29 11 93
2 15 75 13 4 82
3 60 4 68 95 13
1 83 1 19 65 56
14 1 25 3 23 23
13 42 80 16 2 15
50 44 90 10 1 6
26 11 77 35 2 22
4 87 55 74 13 48
36 87 13 1 26 1
24 1 27 48 53 13
20 41 44 59 16 6
11 2 19 10 1 88
7 34 29 3 68 22
8 24 15 2 21 43
