0.83 0.23 0.92 0.20 0.01 0.00
0.66 0.97 0.96 0.87 0.67 0.26
0.38 0.77 0.41 0.78 0.88 0.42
0.33 0.22 0.47 0.46 0.23 0.12
0.13 0.69 0.96 0.86 0.28 0.32
0.23 0.98 0.78 0.30 0.22 0.28
0.33 0.15 0.06 0.41 0.38 0.10
0.80 0.77 0.05 0.37 0.87 0.30
0.82 0.29 0.08 0.12 0.10 0.38
0.69 0.30 0.48 0.70 0.01 0.25
0.13 0.24 0.31 0.94 0.20 0.05
0.05 0.15 0.91 0.89 0.37 0.31
0.53 0.35 0.03 0.32 0.03 0.45
0.40 0.20 0.28 0.50 0.25 0.07
0.48 0.92 0.27 0.36 0.23 0.75
0.02 0.01 0.43 0.23 0.17 0.70
0.08 0.85 0.08 0.09 0.15 0.54
0.10 0.05 0.30 0.91 0.14 0.84
0.42 0.54 0.31 0.39 0.08 0.50
0.73 0.73 0.29 0.15 0.38 0.76
0.16 0.33 0.86 0.33 0.79 0.35
0.40 0.30 0.81 0.18 0.12 0.36
0.08 0.33 0.34 0.45 0.52 0.06
0.11 0.40 0.94 0.41 0.31 0.04
0.28 0.22 0.23 0.04 0.81 0.56
0.03 0.35 0.21 0.38 0.17 0.52
0.53 0.95 0.40 0.29 0.03 0.10
0.51 0.16 0.60 0.10 0.18 0.29
0.10 0.11 0.34 0.06 0.47 0.16
0.47 0.56 0.24 0.34 0.32 0.18
0.14 0.08 0.14 0.36 0.05 0.12
0.08 0.08 0.53 0.90 0.86 0.27
0.23 0.19 0.13 0.13 0.33 0.14
0.68 0.76 0.05 0.62 0.47 0.07
0.77 0.04 0.46 0.05 0.99 0.18
0.41 0.03 0.89 0.09 0.13 0.17
0.80 0.12 0.11 0.05 0.51 0.66
0.34 0.98 0.29 0.15 0.26 0.35
0.38 0.94 0.29 0.16 0.16 0.26
0.01 0.54 0.46 0.36 0.94 0.05
0.99 0.12 0.19 0.05 0.31 0.60
0.11 0.03 0.23 0.04 0.06 0.29
0.25 0.62 0.11 0.37 0.25 0.79
0.22 0.33 0.89 0.12 0.44 0.15
0.96 0.15 0.05 0.65 0.04 0.24
0.52 0.11 0.07 0.11 0.29 0.42
0.37 0.02 0.71 0.04 0.61 0.07
0.36 0.47 0.06 0.05 0.21 0.32
0.05 0.21 0.26 0.29 0.61 0.43
0.08 0.03 0.65 0.28 0.01 0.37
0.97 0.11 0.43 0.04 0.40 0.13
0.73 0.84 0.90 0.10 0.75 0.03
0.25 0.32 0.09 0.24 0.38 0.81
0.43 0.05 0.35 0.81 0.74 0.12
0.09 0.33 0.07 0.41 0.43 0.69
0.30 0.06 0.44 0.78 0.67 0.11
0.04 0.24 0.06 0.86 0.44 0.82
0.71 0.45 0.26 0.29 0.45 0.10
0.27 0.08 0.95 0.46 0.66 0.10
0.12 0.92 0.29 0.28 0.03 0.99
0.58 0.18 0.02 0.50 0.53 0.36
0.05 0.37 0.39 0.99 0.37 0.29
0.06 0.40 0.42 0.31 0.24 0.95
0.56 0.41 0.11 0.27 0.03 0.98
0.27 0.12 0.38 0.20 0.33 0.05
0.18 0.30 0.11 0.42 0.10 0.32
0.09 0.75 0.56 0.46 0.11 0.42
0.14 0.23 0.15 0.23 0.09 0.38
0.02 0.14 0.02 0.44 0.66 0.02
0.12 0.42 0.15 0.29 0.38 0.40
0.22 0.12 0.75 0.98 0.04 0.06
0.41 0.44 0.22 0.05 0.49 0.27
0.01 0.46 0.58 0.82 0.41 0.94
0.36 0.52 0.32 0.14 0.39 0.08
0.71 0.06 0.11 0.35 0.90 0.31
0.42 0.13 0.11 0.31 0.17 0.20
0.31 0.67 0.59 0.03 0.06 0.34
0.90 0.33 0.21 0.08 0.25 0.45
0.37 0.14 0.20 0.01 0.30 0.89
0.58 0.22 0.16 0.60 0.02 0.21
0.16 0.21 0.03 0.37 0.17 0.66
0.54 0.45 0.64 0.20 0.05 0.07
0.20 0.30 0.01 0.75 0.64 0.16
0.72 0.62 0.07 0.72 0.14 0.23
0.54 0.58 0.02 0.21 0.48 0.89
0.41 0.50 0.27 0.39 0.07 0.09
0.35 0.31 0.06 0.63 0.20 0.36
0.39 0.79 0.16 0.93 0.08 0.11
0.77 0.02 0.43 0.86 0.16 0.07
0.65 0.13 0.23 0.53 0.01 0.38
0.89 0.02 0.11 0.06 0.93 0.24
0.05 0.83 0.15 0.85 0.05 0.04
0.23 0.75 0.11 0.34 0.04 0.35
0.47 0.45 0.47 0.65 0.14 0.09
0.07 0.46 0.38 0.06 0.81 0.88
0.47 0.05 0.01 0.22 0.35 0.32
0.40 0.01 0.79 0.01 0.64 0.40
0.10 0.06 0.23 0.18 0.23 0.48
0.16 0.27 0.11 0.28 0.43 0.09
0.41 0.14 0.12 0.04 0.11 0.22
0.47 0.21 0.11 0.03 0.91 0.76
0.46 0.39 0.66 0.02 0.55 0.13
0.88 0.96 0.09 0.02 0.09 0.06
0.10 0.83 0.37 0.55 0.13 0.45
0.80 0.10 0.28 0.92 0.04 0.38
0.29 1.00 0.05 0.38 0.75 0.19
0.27 0.55 0.44 0.01 0.51 0.90
0.06 0.09 0.96 0.38 0.38 0.41
0.54 0.22 0.07 0.88 0.16 0.63
0.12 0.63 0.18 0.13 0.40 0.41
0.22 0.44 0.12 0.19 0.64 0.10
0.01 0.92 0.49 0.98 0.90 0.95
0.34 0.20 0.26 0.09 0.34 0.04
0.83 0.44 0.38 0.49 0.14 0.04
0.33 0.02 0.19 0.13 0.01 0.29
0.29 0.02 0.59 0.16 0.29 0.21
0.02 0.41 0.19 0.33 0.57 0.12
0.09 0.35 0.38 0.41 0.22 0.19
0.82 0.26 0.09 0.79 0.04 0.27
0.17 0.30 0.23 0.42 0.27 0.07
0.03 0.40 0.50 0.48 0.33 0.25
0.37 0.14 0.49 0.31 0.29 0.27
0.31 0.85 0.06 0.56 0.13 0.23
0.05 0.71 0.35 0.08 0.78 0.02
0.03 0.61 0.02 0.50 0.42 0.77
0.13 0.41 0.71 0.10 0.72 0.07
0.26 0.30 0.10 0.02 0.36 0.91
0.36 0.86 0.01 0.69 0.45 0.90
0.16 0.02 0.12 0.11 0.53 0.22
0.20 0.47 0.50 0.11 0.10 0.19
0.35 0.27 0.35 0.35 0.02 0.21
0.43 0.19 0.41 0.32 0.18 0.07
0.18 0.71 0.36 0.41 0.03 0.57
0.28 0.55 0.01 0.07 0.23 0.10
0.16 0.34 0.85 0.15 0.57 0.01
0.11 0.41 0.03 0.27 0.69 0.41
0.78 0.36 0.19 0.89 0.20 0.05
0.15 0.40 0.04 0.10 0.23 0.50
0.69 0.13 0.94 0.05 0.33 0.22
1.00 0.01 0.85 0.70 0.28 0.11
0.19 0.12 0.56 0.01 0.06 0.19
0.83 0.02 0.25 0.02 0.17 0.15
0.01 0.51 0.80 0.33 0.27 0.44
0.60 0.41 0.37 0.38 0.86 0.01
0.01 0.13 0.58 0.09 0.47 0.01
0.31 0.09 0.09 0.84 0.98 0.64
0.23 0.11 0.01 0.19 0.95 0.15
0.12 0.91 0.11 0.11 0.33 0.11
0.39 0.11 0.02 0.34 0.09 0.78
0.08 0.33 0.41 0.09 0.14 0.54
0.28 0.01 0.18 0.36 0.13 0.08
0.37 0.08 0.35 0.05 0.35 0.03
0.06 0.04 0.39 0.78 0.82 0.13
0.50 0.63 0.50 0.50 0.10 0.05
0.01 0.29 0.25 0.70 0.35 0.31
0.05 0.43 0.64 0.23 0.40 0.55
0.12 0.40 0.18 0.08 0.89 0.03
0.02 0.05 0.43 0.14 0.19 0.90
0.40 0.68 0.19 0.04 0.52 0.31
0.03 0.18 0.01 0.45 0.88 0.16
0.20 0.35 0.21 0.20 0.24 0.42
0.30 0.04 0.47 0.02 0.69 0.24
0.06 0.46 0.17 0.27 0.42 0.24
0.14 0.12 0.32 0.75 0.03 0.05
0.01 0.86 0.39 0.92 0.15 0.63
0.16 0.41 0.15 0.42 0.04 0.84
0.65 0.90 0.09 0.16 0.13 0.97
0.46 0.39 0.29 0.01 0.13 0.01
0.48 0.36 0.26 0.02 0.50 0.87
0.61 0.48 0.22 0.29 0.02 0.08
0.37 0.56 0.17 0.11 0.17 0.05
0.37 0.49 0.08 0.45 0.12 0.02
0.09 0.38 0.37 0.47 0.48 0.44
0.10 0.08 0.25 0.39 0.13 0.87
0.19 0.50 0.08 0.74 0.20 0.47
0.19 0.78 0.10 0.90 0.31 0.26
0.31 0.50 0.55 0.14 0.05 0.38
0.04 0.25 0.19 0.50 0.12 0.59
0.20 0.76 0.09 0.92 0.35 0.07
0.11 0.03 0.68 0.18 0.12 0.05
0.03 0.36 0.18 0.19 0.70 0.26
0.20 0.21 0.08 0.34 0.05 0.22
0.02 0.58 0.06 0.64 0.61 0.37
0.39 0.20 0.03 0.60 0.63 0.43
0.03 0.72 0.19 0.31 0.35 0.08
0.01 0.23 0.22 0.49 0.45 0.17
0.88 0.32 0.32 0.04 0.22 0.06
0.59 0.07 0.10 0.63 0.24 0.76
0.04 0.17 0.97 0.13 0.46 0.69
0.07 0.01 0.28 0.13 0.34 0.19
0.08 0.13 0.05 0.37 0.02 0.22
0.32 0.17 0.07 0.06 0.27 0.81
0.29 0.21 0.15 0.19 0.42 0.07
0.61 0.01 0.94 0.37 0.01 0.18
0.30 0.26 0.31 0.18 0.43 0.08
0.81 0.06 0.08 0.03 0.43 0.89
0.18 0.30 0.44 0.13 0.29 0.08
0.37 0.29 0.12 0.10 0.18 0.26
0.06 0.18 0.72 0.57 0.09 0.49
0.41 0.03 0.56 0.52 0.30 0.06
0.33 0.27 0.46 0.26 0.29 0.17
0.41 0.86 0.49 0.04 0.17 0.14
0.54 0.03 0.17 0.06 0.39 0.28
0.75 0.10 0.47 0.20 0.31 0.16
0.32 0.09 0.10 0.12 0.36 0.31
0.06 0.50 0.04 0.35 0.27 0.23
0.47 0.41 0.04 0.16 0.07 0.43
0.39 0.02 0.18 0.60 0.49 0.07
0.21 0.35 0.05 0.21 0.16 0.23
0.19 0.03 0.06 0.32 0.52 0.71
0.10 0.09 0.32 0.83 0.30 0.23
0.26 0.46 0.24 0.23 0.03 0.96
0.04 0.17 0.14 0.56 0.23 0.27
0.35 0.49 0.19 0.01 0.43 0.68
0.95 0.28 0.06 0.08 0.09 0.06
0.15 0.42 0.24 0.24 0.01 0.45
0.12 0.21 0.21 0.24 0.23 0.11
0.03 0.18 0.36 0.09 0.93 0.63
0.09 0.41 0.01 0.49 0.32 0.08
0.04 0.14 0.87 0.15 0.31 0.03
0.15 0.37 0.36 0.29 0.78 0.08
0.05 0.25 0.08 0.87 0.30 0.41
0.32 0.21 0.10 0.42 0.17 0.01
0.05 0.52 0.91 0.03 0.05 0.75
0.95 0.14 0.05 0.62 0.47 0.15
0.07 0.39 0.13 0.92 0.29 0.55
0.78 0.28 0.22 0.23 0.74 0.01
0.07 0.18 0.22 0.05 0.50 0.33
0.09 0.01 0.72 1.00 0.22 0.25
0.04 0.27 0.26 0.52 0.06 0.11
