83 23 92 20 1 0
66 97 96 87 67 26
38 77 41 78 88 42
33 22 47 46 23 12
13 69 96 86 28 32
23 98 78 30 22 28
33 15 6 41 38 10
80 77 5 37 87 30
82 29 8 12 10 38
69 30 48 70 1 25
13 24 31 94 20 5
5 15 91 89 37 31
53 35 3 32 3 45
40 20 28 50 25 7
48 92 27 36 23 75
2 1 43 23 17 70
8 85 8 9 15 54
10 5 30 91 14 84
42 54 31 39 8 50
73 73 29 15 38 76
16 33 86 33 79 35
40 30 81 18 12 36
8 33 34 45 52 6
11 40 94 41 31 4
28 22 23 4 81 56
3 35 21 38 17 52
53 95 40 29 3 10
51 16 60 10 18 29
10 11 34 6 47 16
47 56 24 34 32 18
14 8 14 36 5 12
8 8 53 90 86 27
23 19 13 13 33 14
68 76 5 62 47 7
77 4 46 5 99 18
41 3 89 9 13 17
80 12 11 5 51 66
34 98 29 15 26 35
38 94 29 16 16 26
1 54 46 36 94 5
99 12 19 5 31 60
11 3 23 4 6 29
25 62 11 37 25 79
22 33 89 12 44 15
96 15 5 65 4 24
52 11 7 11 29 42
37 2 71 4 61 7
36 47 6 5 21 32
5 21 26 29 61 43
8 3 65 28 1 37
97 11 43 4 40 13
73 84 90 10 75 3
25 32 9 24 38 81
43 5 35 81 74 12
9 33 7 41 43 69
30 6 44 78 67 11
4 24 6 86 44 82
71 45 26 29 45 10
27 8 95 46 66 10
12 92 29 28 3 99
58 18 2 50 53 36
5 37 39 99 37 29
6 40 42 31 24 95
56 41 11 27 3 98
27 12 38 20 33 5
18 30 11 42 10 32
9 75 56 46 11 42
14 23 15 23 9 38
2 14 2 44 66 2
12 42 15 29 38 40
22 12 75 98 4 6
41 44 22 5 49 27
1 46 58 82 41 94
36 52 32 14 39 8
71 6 11 35 90 31
42 13 11 31 17 20
31 67 59 3 6 34
90 33 21 8 25 45
37 14 20 1 30 89
58 22 16 60 2 21
16 21 3 37 17 66
54 45 64 20 5 7
20 30 1 75 64 16
72 62 7 72 14 23
54 58 2 21 48 89
41 50 27 39 7 9
35 31 6 63 20 36
39 79 16 93 8 11
77 2 43 86 16 7
65 13 23 53 1 38
89 2 11 6 93 24
5 83 15 85 5 4
23 75 11 34 4 35
47 45 47 65 14 9
7 46 38 6 81 88
47 5 1 22 35 32
40 1 79 1 64 40
10 6 23 18 23 48
16 27 11 28 43 9
41 14 12 4 11 22
47 21 11 3 91 76
46 39 66 2 55 13
88 96 9 2 9 6
10 83 37 55 13 45
80 10 28 92 4 38
29 100 5 38 75 19
27 55 44 1 51 90
6 9 96 38 38 41
54 22 7 88 16 63
12 63 18 13 40 41
22 44 12 19 64 10
1 92 49 98 90 95
34 20 26 9 34 4
83 44 38 49 14 4
33 2 19 13 1 29
29 2 59 16 29 21
2 41 19 33 57 12
9 35 38 41 22 19
82 26 9 79 4 27
17 30 23 42 27 7
3 40 50 48 33 25
37 14 49 31 29 27
31 85 6 56 13 23
5 71 35 8 78 2
3 61 2 50 42 77
13 41 71 10 72 7
26 30 10 2 36 91
36 86 1 69 45 90
16 2 12 11 53 22
20 47 50 11 10 19
35 27 35 35 2 21
43 19 41 32 18 7
18 71 36 41 3 57
28 55 1 7 23 10
16 34 85 15 57 1
11 41 3 27 69 41
78 36 19 89 20 5
15 40 4 10 23 50
69 13 94 5 33 22
100 1 85 70 28 11
19 12 56 1 6 19
83 2 25 2 17 15
1 51 80 33 27 44
60 41 37 38 86 1
1 13 58 9 47 1
31 9 9 84 98 64
23 11 1 19 95 15
12 91 11 11 33 11
39 11 2 34 9 78
8 33 41 9 14 54
28 1 18 36 13 8
37 8 35 5 35 3
6 4 39 78 82 13
50 63 50 50 10 5
1 29 25 70 35 31
5 43 64 23 40 55
12 40 18 8 89 3
2 5 43 14 19 90
40 68 19 4 52 31
3 18 1 45 88 16
20 35 21 20 24 42
30 4 47 2 69 24
6 46 17 27 42 24
14 12 32 75 3 5
1 86 39 92 15 63
16 41 15 42 4 84
65 90 9 16 13 97
46 39 29 1 13 1
48 36 26 2 50 87
61 48 22 29 2 8
37 56 17 11 17 5
37 49 8 45 12 2
9 38 37 47 48 44
10 8 25 39 13 87
19 50 8 74 20 47
19 78 10 90 31 26
31 50 55 14 5 38
4 25 19 50 12 59
20 76 9 92 35 7
11 3 68 18 12 5
3 36 18 19 70 26
20 21 8 34 5 22
2 58 6 64 61 37
39 20 3 60 63 43
3 72 19 31 35 8
1 23 22 49 45 17
88 32 32 4 22 6
59 7 10 63 24 76
4 17 97 13 46 69
7 1 28 13 34 19
8 13 5 37 2 22
32 17 7 6 27 81
29 21 15 19 42 7
61 1 94 37 1 18
30 26 31 18 43 8
81 6 8 3 43 89
18 30 44 13 29 8
37 29 12 10 18 26
6 18 72 57 9 49
41 3 56 52 30 6
33 27 46 26 29 17
41 86 49 4 17 14
54 3 17 6 39 28
75 10 47 20 31 16
32 9 10 12 36 31
6 50 4 35 27 23
47 41 4 16 7 43
39 2 18 60 49 7
21 35 5 21 16 23
19 3 6 32 52 71
10 9 32 83 30 23
26 46 24 23 3 96
4 17 14 56 23 27
35 49 19 1 43 68
95 28 6 8 9 6
15 42 24 24 1 45
12 21 21 24 23 11
3 18 36 9 93 63
9 41 1 49 32 8
4 14 87 15 31 3
15 37 36 29 78 8
5 25 8 87 30 41
32 21 10 42 17 1
5 52 91 3 5 75
95 14 5 62 47 15
7 39 13 92 29 55
78 28 22 23 74 1
7 18 22 5 50 33
9 1 72 100 22 25
4 27 26 52 6 11
