0.53 0.57 0.38 0.11 0.97 0.62
0.41 0.93 0.77 0.31 0.54 0.72
0.65 0.10 0.26 0.31 0.08 0.01
0.79 0.27 0.02 0.09 0.39 0.37
0.49 0.21 0.11 0.15 0.97 0.27
0.75 0.40 0.73 0.30 0.38 0.50
0.92 0.30 0.12 0.25 0.32 0.10
0.39 0.05 0.56 0.18 0.18 0.42
0.45 0.24 0.30 0.33 0.93 0.31
0.15 0.17 0.42 0.26 0.82 0.45
0.62 0.43 0.46 0.38 0.18 0.16
0.84 0.16 0.06 0.46 0.29 0.28
0.48 0.44 0.10 0.17 0.48 0.35
0.66 0.06 0.81 0.43 0.07 0.89
0.29 0.10 0.38 0.22 0.04 0.08
0.47 0.66 0.17 0.38 0.72 0.44
0.05 0.77 0.48 0.50 0.38 1.00
0.19 0.26 0.94 1.00 0.38 0.02
0.26 0.41 0.43 0.10 0.27 0.91
0.43 0.08 0.57 0.68 0.61 0.28
0.20 0.83 0.50 0.23 0.26 0.13
0.46 0.38 0.23 0.32 0.38 0.41
0.60 0.10 0.82 0.36 0.04 0.05
0.31 0.05 0.23 0.90 0.88 0.51
0.05 0.98 0.45 0.90 0.83 0.15
0.10 0.28 0.83 0.08 0.87 0.72
0.22 0.53 0.22 0.49 0.26 0.24
0.44 0.15 0.10 0.27 0.01 0.17
0.19 0.08 1.00 0.40 0.01 0.92
0.13 0.21 0.77 0.56 0.86 0.27
0.11 0.37 0.26 0.19 0.38 0.01
0.13 0.09 0.05 0.86 0.10 0.27
0.08 0.04 0.29 0.47 0.30 0.03
0.72 0.38 0.09 0.09 0.56 0.32
0.46 0.52 0.48 0.11 0.43 0.11
0.92 0.80 0.16 0.19 0.20 0.77
0.16 0.27 0.17 0.08 0.36 1.00
0.15 0.01 0.24 0.58 0.15 0.30
0.23 0.09 0.31 0.68 0.06 0.35
0.47 0.14 0.14 0.61 0.99 0.40
0.13 0.72 0.21 0.13 0.27 0.80
0.44 0.49 0.02 0.74 0.45 0.90
0.01 0.36 0.16 0.10 0.73 0.64
0.20 0.35 0.22 0.14 0.37 0.12
0.26 0.12 0.12 0.82 0.32 0.46
0.48 0.29 0.46 0.15 0.33 0.01
0.23 0.80 0.18 0.22 0.29 0.28
0.46 0.34 0.02 0.10 0.30 0.14
0.23 0.30 0.06 0.68 0.01 0.34
0.42 0.27 0.31 0.12 0.22 0.71
0.26 0.66 0.32 0.30 0.25 0.81
0.21 0.40 0.57 0.21 0.08 0.78
0.13 0.28 0.32 0.22 0.16 0.43
0.84 0.07 0.25 0.41 0.02 0.45
0.14 0.08 0.23 0.04 0.23 0.40
0.63 0.19 0.93 0.25 0.22 0.06
0.90 0.67 0.57 0.19 0.03 0.48
0.27 0.11 0.17 0.15 0.48 0.93
0.15 0.45 0.01 0.20 0.50 0.29
0.02 0.26 0.45 0.25 0.05 0.06
0.38 0.45 0.31 0.01 0.11 0.25
0.27 0.11 0.52 0.19 0.50 0.18
0.32 0.33 0.83 0.12 0.37 0.19
0.39 0.01 0.97 0.19 0.49 0.99
0.78 0.78 0.13 0.75 0.84 0.12
0.84 0.06 0.17 0.55 0.06 0.80
0.11 0.25 0.42 0.12 0.29 0.38
0.49 0.22 0.78 0.10 0.55 0.37
0.04 0.36 0.17 0.11 0.29 0.33
0.49 0.34 0.35 0.45 0.10 0.11
0.13 0.02 0.96 0.86 0.03 0.73
0.15 0.10 0.31 0.36 0.84 0.20
0.70 0.12 0.15 0.07 0.43 0.46
0.11 0.31 0.34 0.32 0.16 0.85
0.66 0.29 0.09 0.08 0.45 0.45
0.46 0.03 0.07 0.40 0.81 0.16
0.14 0.42 0.06 0.23 0.40 0.88
0.13 0.26 0.30 0.10 0.34 0.04
0.14 0.44 0.24 0.12 0.05 0.86
0.05 0.09 0.44 0.46 0.53 0.58
0.76 0.08 0.53 0.02 0.28 0.40
0.06 0.12 0.21 0.14 0.46 0.53
0.36 0.26 0.24 0.24 0.98 0.17
0.18 0.33 0.29 0.18 0.06 0.33
0.98 0.31 0.31 0.24 0.30 0.04
0.17 0.77 0.04 0.31 0.46 0.08
0.90 0.11 0.12 0.11 0.17 0.48
1.00 0.48 0.06 0.48 0.50 0.06
0.50 0.01 0.86 0.09 0.38 0.45
0.26 0.29 0.15 0.41 0.13 0.34
0.40 0.45 0.59 0.19 0.04 0.77
0.38 0.20 0.01 0.27 0.92 0.18
0.55 0.14 0.98 0.05 0.47 0.22
0.42 0.02 0.24 0.87 0.12 0.40
0.88 0.02 0.08 0.07 0.39 0.10
0.12 0.23 0.09 0.10 1.00 0.07
0.04 0.46 0.06 0.19 0.66 0.24
0.40 0.29 0.30 0.37 0.20 0.45
0.34 0.13 0.03 0.33 0.02 0.14
0.17 0.09 0.25 0.50 0.03 0.16
0.47 0.02 0.22 0.60 0.84 0.43
0.33 0.04 0.17 0.43 0.08 0.96
0.73 0.44 0.38 0.03 0.34 0.29
0.02 0.13 0.09 0.92 0.05 0.80
0.45 0.18 0.20 0.72 0.45 0.11
0.15 0.49 0.11 0.29 0.26 0.50
0.41 0.70 0.01 0.80 0.32 0.37
0.39 0.12 0.26 0.89 0.46 0.14
0.48 0.10 0.26 0.03 0.50 0.29
0.09 0.53 0.29 0.50 0.22 0.39
0.29 0.08 0.78 0.69 0.09 0.23
0.62 0.08 0.45 0.19 0.73 0.05
0.13 0.33 0.29 0.50 0.09 0.35
0.20 0.66 0.02 0.29 0.42 0.48
0.95 0.04 0.14 0.23 0.67 0.03
0.27 0.18 0.28 0.10 0.42 0.04
0.35 0.17 0.49 0.01 0.30 0.61
0.05 0.18 0.93 0.44 0.43 0.64
0.11 0.15 0.01 0.49 0.99 0.45
0.15 0.85 0.24 0.37 0.01 0.24
0.04 0.50 0.11 0.07 0.02 0.39
0.22 0.67 0.29 0.40 0.35 0.12
0.22 0.41 0.22 0.41 0.21 0.65
0.11 0.19 0.40 0.25 0.33 0.20
0.36 0.01 0.11 0.13 0.29 0.44
0.41 0.71 0.11 0.28 0.18 0.16
0.17 0.26 0.38 0.47 0.11 0.07
0.12 0.33 0.72 0.12 0.01 0.45
0.17 0.18 0.92 0.42 0.09 0.37
0.35 0.03 0.95 0.09 0.29 0.30
0.53 0.14 0.10 0.05 0.24 0.23
0.13 0.01 0.23 0.46 0.39 0.77
0.56 0.25 0.75 0.03 0.19 0.67
0.39 0.35 0.07 0.13 0.41 0.06
0.85 0.23 0.25 0.06 0.30 0.05
0.15 0.56 0.81 0.04 0.29 0.25
0.53 0.80 0.38 0.50 0.18 0.05
0.31 0.81 0.32 0.01 0.29 0.23
0.16 0.29 0.15 0.31 0.19 0.41
0.02 0.69 0.56 0.16 0.40 0.65
0.15 0.35 0.07 0.13 0.44 0.66
0.93 0.37 0.43 0.16 0.17 0.40
0.11 0.29 0.81 0.01 0.91 0.44
0.15 0.24 0.74 0.09 0.96 0.39
0.16 0.13 0.96 0.32 0.03 0.07
0.97 0.39 0.37 0.02 0.38 0.46
0.90 0.26 0.62 0.46 0.04 0.02
0.22 0.43 0.14 0.19 0.09 0.43
0.93 0.22 0.24 0.20 0.08 0.99
0.02 0.30 0.02 0.19 0.12 0.33
0.55 0.83 0.02 1.00 0.25 0.12
0.91 0.21 0.06 0.38 0.20 0.13
0.68 0.20 0.35 0.08 0.56 0.11
0.95 0.58 0.11 0.01 0.20 0.74
0.06 0.15 0.41 0.68 0.18 0.07
0.33 0.52 0.04 0.09 0.81 0.13
0.32 0.18 0.43 0.01 0.85 0.57
0.02 0.46 0.01 0.25 0.23 0.94
0.22 0.04 0.44 0.44 0.22 0.81
0.22 0.48 0.12 0.27 0.03 0.06
0.11 0.04 0.21 0.30 0.21 0.04
0.11 0.15 0.04 0.45 0.15 0.05
0.10 0.43 0.10 0.98 0.26 0.27
0.14 0.26 0.41 0.17 0.05 0.07
0.18 0.11 0.52 0.10 0.48 0.16
0.99 0.07 0.41 0.19 0.01 0.31
0.15 0.75 0.15 0.21 0.01 0.02
0.45 0.47 0.55 0.10 0.05 0.17
0.46 0.12 0.04 0.28 0.15 0.30
0.40 0.62 0.80 0.13 0.06 0.14
0.42 0.03 0.58 0.05 0.03 0.37
0.10 0.24 0.01 0.53 0.27 0.91
0.05 0.39 0.33 0.77 0.29 0.17
0.12 0.96 0.05 0.42 0.33 0.17
0.37 0.44 0.19 0.86 0.11 0.11
0.38 0.53 0.02 0.65 0.31 0.27
0.35 0.16 0.36 0.13 0.22 0.07
0.97 0.09 0.93 0.46 0.01 1.00
0.71 0.45 0.68 0.19 0.32 0.03
0.28 0.46 0.02 0.59 0.11 0.78
0.10 0.80 0.29 0.10 0.11 0.13
0.34 0.69 0.11 0.60 0.07 0.06
0.95 0.38 0.15 0.71 0.99 0.02
0.31 0.13 0.80 0.03 0.49 0.66
0.50 0.02 0.36 0.06 0.50 0.47
0.15 0.21 0.59 0.01 0.29 0.50
0.67 0.01 0.58 0.07 0.58 0.37
0.11 0.17 0.66 0.25 0.28 0.32
0.19 0.54 0.21 0.96 0.12 0.03
0.71 0.10 0.34 0.04 0.11 0.24
0.23 0.11 0.14 0.42 0.37 0.30
0.37 0.29 0.01 0.40 0.57 0.28
0.37 0.02 0.31 0.07 0.06 0.87
0.78 0.10 0.15 0.17 0.22 0.94
0.07 0.03 0.45 0.39 0.85 0.03
0.37 0.50 0.15 0.04 0.20 0.17
0.17 0.19 0.92 0.25 0.79 0.04
0.08 0.02 0.44 0.82 0.21 0.16
0.49 0.23 0.05 0.17 0.50 0.43
0.10 0.35 0.22 0.14 0.47 0.43
0.21 0.19 0.12 0.57 0.08 0.47
0.59 0.15 0.71 0.01 0.14 0.07
0.27 0.14 0.49 0.23 0.18 0.14
0.45 0.44 0.17 0.88 0.12 0.04
0.08 0.36 0.87 0.54 0.04 0.16
0.20 0.02 0.28 0.10 0.88 0.01
0.04 0.05 0.49 0.15 0.05 0.52
0.32 0.23 0.05 0.11 0.05 0.24
0.27 0.52 0.28 0.15 0.29 0.29
0.34 0.36 0.20 0.03 0.14 0.46
0.07 0.30 0.22 0.01 0.35 0.61
0.35 0.09 0.06 0.10 0.40 0.42
0.24 0.23 0.32 0.23 0.06 0.06
0.23 0.03 0.69 0.66 0.57 0.03
0.45 0.10 0.07 0.30 0.17 0.06
0.16 0.08 0.16 0.09 0.58 0.61
0.10 0.64 0.56 0.08 0.15 0.19
0.01 0.42 0.04 0.63 0.94 0.75
0.38 0.79 0.03 0.12 0.98 0.48
0.43 0.14 0.20 0.20 0.51 0.23
0.16 0.07 0.89 0.29 0.33 0.35
0.27 0.73 0.20 0.07 0.99 0.01
0.23 0.16 0.08 0.34 0.50 0.70
0.17 0.32 0.27 0.25 0.09 0.66
0.34 0.16 0.09 0.89 0.23 0.01
0.13 0.10 0.05 0.93 0.17 0.21
0.06 0.50 0.06 0.19 0.22 0.24
0.33 0.36 0.28 0.03 0.28 0.45
0.22 0.40 0.18 0.35 0.48 0.18
0.71 0.07 0.39 0.29 0.37 0.03
