20 16
0.57 0.47 0.36 0.27 0.51 0.81 0.28 0.07 0.79 0.08 0.54 0.09 0.49 0.30 0.31 0.97
0.81 0.28 0.65 0.13 0.70 0.08 0.57 0.91 0.97 0.78 0.33 0.72 0.09 0.09 0.61 0.52
0.73 0.05 0.74 0.91 0.68 0.28 0.77 0.66 0.43 0.61 0.54 0.40 0.51 0.27 0.33 0.96
0.76 0.63 0.18 0.14 0.19 0.29 0.57 0.12 0.76 0.39 0.52 0.41 0.53 0.04 0.71 0.72
0.40 0.90 0.92 0.62 0.83 0.21 0.18 0.95 0.29 0.63 0.20 0.28 0.47 1.00 0.44 0.91
0.22 0.94 0.07 0.69 0.33 0.73 0.04 0.29 0.70 0.20 0.02 0.98 0.75 0.11 0.37 0.98
0.87 0.92 0.83 0.08 0.69 0.81 0.96 0.51 0.15 0.78 0.21 0.47 0.22 0.51 0.26 0.75
0.61 0.78 0.31 0.79 0.19 0.59 0.65 0.53 0.18 0.29 0.99 0.36 0.83 0.64 0.36 0.76
0.11 0.44 0.30 0.19 0.26 0.19 0.18 0.52 0.42 0.45 0.43 0.64 0.88 0.89 0.83 0.36
0.43 0.80 0.81 0.53 0.74 0.42 0.55 0.01 0.22 0.70 0.06 0.87 0.84 0.68 0.36 0.89
0.05 0.99 0.69 0.10 0.25 0.49 1.00 0.90 0.13 0.40 0.52 0.76 1.00 0.04 0.62 0.28
0.82 0.14 0.73 0.13 0.49 0.60 0.62 0.16 0.10 0.25 0.42 0.74 0.90 0.37 0.44 0.36
0.39 0.72 0.58 0.14 0.36 0.17 0.96 0.19 0.37 0.93 0.21 0.60 0.32 0.38 0.30 0.86
0.98 0.43 0.82 0.91 0.93 0.09 0.47 0.15 0.67 0.88 0.28 0.88 0.99 0.05 0.81 0.78
0.36 0.76 0.91 0.59 0.56 0.59 1.00 0.62 0.30 0.20 0.49 0.15 0.93 0.59 0.86 0.39
0.13 0.44 0.91 0.61 0.90 0.72 0.05 0.23 0.48 0.97 0.73 0.57 0.94 0.88 0.51 0.20
0.50 0.00 0.95 0.50 0.53 0.20 0.10 0.00 0.45 0.71 0.11 0.68 0.40 0.87 0.45 0.43
0.69 1.00 1.00 0.45 0.22 0.02 0.21 0.41 0.37 0.74 0.35 0.95 0.21 0.80 0.77 0.49
0.96 0.98 0.94 0.26 0.17 0.94 0.85 0.19 0.10 0.48 0.24 0.89 0.38 0.85 0.89 0.32
0.48 0.91 0.31 0.98 0.13 0.37 0.79 0.04 0.97 0.44 0.11 0.39 0.06 0.97 0.53 0.88
