20 16
0.35 0.63 0.02 0.72 0.13 0.39 0.62 0.21 0.56 0.16 0.25 0.82 0.72 0.95 0.34 1.00
0.48 0.45 0.37 0.95 0.77 0.82 0.44 0.61 0.54 0.49 0.25 0.22 0.20 0.01 0.93 0.95
0.82 0.26 0.61 0.01 0.05 0.55 0.48 0.39 0.43 0.36 0.74 0.37 0.24 0.88 0.00 0.38
0.50 0.14 0.23 0.55 0.56 0.02 0.96 0.58 0.22 0.04 0.54 0.41 0.07 0.56 0.70 0.50
0.53 0.53 0.80 0.52 0.30 0.19 0.05 0.61 0.81 0.93 0.10 0.54 0.59 0.80 0.74 0.07
0.17 0.24 0.44 0.31 0.18 0.35 0.29 0.67 0.25 0.49 0.12 0.93 0.63 0.36 0.86 0.13
0.03 0.95 0.89 0.50 0.16 0.37 0.55 0.48 0.49 0.77 0.93 0.52 0.04 0.83 0.46 0.81
0.14 0.70 0.74 0.95 0.08 0.86 0.99 0.31 0.04 0.89 0.90 0.09 0.04 0.32 0.34 0.26
0.49 0.26 0.64 0.07 0.41 0.14 0.54 0.87 0.44 0.81 0.38 0.21 0.94 0.42 0.29 0.65
0.09 0.11 0.17 0.29 0.99 0.88 0.64 1.00 0.09 0.66 0.95 0.38 0.87 0.46 0.50 0.35
0.99 0.11 0.05 0.23 0.99 0.76 0.74 0.97 0.05 0.40 0.19 0.69 0.40 0.05 0.65 0.59
0.48 0.85 0.63 0.06 0.47 0.34 0.57 0.30 0.94 0.64 0.19 0.37 0.37 0.94 0.37 0.49
0.41 0.02 0.20 0.66 0.53 0.74 0.50 0.84 0.59 0.63 0.01 0.54 0.28 0.46 0.77 0.35
0.07 0.13 0.80 0.52 0.91 0.27 0.62 0.56 0.43 0.19 0.67 0.28 0.13 0.60 0.20 0.93
0.68 0.60 0.78 0.06 0.74 0.66 0.84 0.79 0.02 0.96 0.86 0.58 0.94 0.27 0.49 0.29
0.40 0.84 0.35 0.46 0.33 0.80 0.69 0.56 1.00 0.93 0.09 0.13 0.53 0.45 0.35 0.62
0.62 0.32 0.41 0.46 0.43 0.88 0.28 0.37 0.39 0.55 0.49 0.12 0.35 0.61 0.67 0.71
0.73 0.38 0.78 0.14 0.87 0.42 0.65 0.61 0.52 0.42 0.78 0.39 0.38 0.29 0.45 0.73
0.20 0.37 0.04 0.36 0.37 0.07 0.77 0.39 0.82 0.22 0.03 0.82 0.49 0.73 0.07 0.34
0.50 0.25 0.94 0.39 0.85 0.71 0.90 0.23 0.08 0.64 0.54 0.88 0.17 0.27 0.09 0.05
