20 16
0.45 0.85 0.58 0.69 0.84 0.55 0.75 0.01 0.34 0.18 0.82 0.46 0.64 0.53 0.70 0.38
0.52 0.70 0.11 0.03 0.33 0.52 0.38 0.32 1.00 0.16 0.75 0.79 0.49 0.78 0.83 0.69
0.68 0.80 0.10 0.32 0.24 0.19 0.73 0.70 0.03 0.29 0.67 0.11 0.44 0.89 0.98 0.92
0.24 0.94 0.51 0.80 0.81 0.77 0.77 0.48 0.35 0.68 0.91 0.91 0.00 0.01 0.33 0.14
0.34 0.48 0.84 0.47 0.92 0.24 0.37 0.51 0.83 0.38 0.30 0.72 0.17 0.45 0.62 0.80
0.50 0.48 0.83 0.79 0.11 0.34 0.34 0.76 0.01 0.47 0.18 0.77 0.89 0.76 0.47 0.40
0.30 0.62 0.54 0.49 0.21 0.05 0.23 0.32 0.53 0.00 0.07 0.22 0.92 0.54 0.36 0.97
0.57 0.43 0.31 0.22 0.10 0.22 0.06 0.57 0.76 0.07 0.19 0.46 0.26 0.45 0.33 0.02
0.53 0.28 0.97 0.60 0.90 0.09 0.24 0.27 0.70 0.49 0.76 0.72 0.43 0.53 0.93 1.00
0.80 0.89 0.93 0.79 0.63 0.80 0.84 0.12 0.22 0.29 0.03 0.95 0.72 0.26 0.07 0.54
0.68 0.90 0.01 0.01 0.12 0.36 0.03 0.35 0.59 0.65 0.34 0.09 0.64 0.28 0.73 0.48
0.87 0.56 0.59 0.43 0.51 0.56 1.00 0.11 0.98 0.52 0.40 0.73 0.39 0.38 0.08 0.51
0.70 0.14 0.92 0.58 0.91 0.83 0.89 0.17 0.08 0.81 0.49 0.35 0.85 0.03 0.83 0.83
0.69 0.73 0.68 0.63 0.21 0.47 0.58 0.27 0.07 0.43 0.95 0.00 0.88 0.75 0.28 0.31
0.76 0.21 0.10 0.31 0.88 0.77 0.17 0.76 0.01 0.31 0.01 0.12 0.33 0.33 0.14 0.80
0.48 0.53 0.33 0.07 0.30 0.73 0.64 0.71 0.34 0.39 0.89 0.37 0.14 0.73 0.30 0.24
0.62 0.22 0.43 0.08 0.92 0.59 0.85 0.06 0.91 0.29 0.40 0.00 0.32 0.32 0.75 0.50
0.72 0.97 0.44 0.67 0.00 0.40 0.08 0.84 0.48 0.60 0.01 0.27 0.64 0.12 0.32 0.74
0.96 0.23 0.53 0.93 0.90 0.45 0.16 0.62 0.25 0.32 0.08 0.61 0.92 0.39 0.08 0.76
0.62 0.32 0.47 0.40 0.28 0.79 0.30 0.34 0.72 0.06 0.81 0.63 0.34 0.05 0.37 0.33
