20 10 
20 12
0.97 0.72 0.79 0.05 0.26 0.15 0.84 0.46 0.03 0.48 0.07 0.56
0.53 0.03 0.57 0.01 0.17 0.03 0.92 0.16 0.70 0.32 0.64 0.61
0.93 0.70 0.49 1.00 0.22 0.69 0.79 0.55 0.01 0.43 0.63 0.82
0.77 0.05 0.13 0.51 0.19 0.42 0.88 0.59 0.87 0.80 0.74 0.14
0.23 0.52 0.55 0.85 0.42 0.30 0.82 0.53 0.77 0.72 0.69 0.33
0.81 0.72 0.90 0.49 0.69 0.66 0.60 0.36 0.89 0.68 0.76 0.50
0.80 0.99 0.41 0.55 0.02 0.98 0.79 0.60 0.63 0.71 0.81 0.42
0.29 0.18 0.94 0.66 0.55 0.24 0.23 0.79 0.30 0.17 0.41 0.27
0.45 0.78 0.02 0.25 0.79 0.89 0.69 0.05 0.47 0.34 0.22 0.09
0.78 0.72 0.89 0.62 0.00 0.77 0.61 0.94 0.96 0.92 0.14 0.99
0.28 0.57 0.28 0.84 0.89 0.65 0.04 0.37 0.47 0.53 0.10 0.37
0.94 0.27 0.70 0.78 0.33 0.18 0.68 0.49 0.37 0.86 0.64 0.43
0.85 0.40 0.38 0.85 0.87 0.78 0.23 0.59 0.50 0.04 0.32 0.52
0.46 0.01 0.74 0.66 0.15 0.85 0.74 0.45 0.57 0.55 0.99 0.82
0.61 0.34 0.94 0.29 0.03 0.57 0.29 0.77 0.69 0.63 0.98 1.00
0.98 0.55 0.76 0.20 0.35 0.96 0.77 0.03 0.08 0.79 0.14 0.24
0.55 0.98 0.06 0.09 0.13 0.63 0.87 0.03 0.11 0.45 0.09 0.22
0.41 0.40 0.33 0.18 0.28 0.14 0.16 0.78 0.78 0.33 1.00 0.11
0.70 0.18 0.37 0.07 0.90 0.14 0.57 0.00 0.22 0.32 0.33 0.89
0.19 0.81 0.24 0.27 0.11 0.10 0.04 0.24 0.56 0.96 0.46 0.94
