20 10 
20 12
0.24 0.03 0.63 0.09 0.23 0.07 0.64 0.72 0.54 0.36 0.47 0.90
0.72 0.57 0.66 0.11 0.93 0.33 0.58 0.47 0.06 0.86 0.22 0.35
0.11 0.55 0.75 0.84 0.29 0.50 0.15 0.37 0.29 1.00 0.89 0.18
0.23 0.18 0.13 0.19 0.44 0.60 0.44 0.27 0.98 0.24 0.86 0.34
0.06 0.18 0.80 0.38 0.29 0.73 0.83 0.10 0.86 0.55 0.22 0.46
0.92 0.94 0.69 0.62 0.94 0.41 1.00 0.67 0.23 0.67 0.82 0.43
0.66 0.61 0.61 1.00 0.40 0.86 0.85 0.86 0.03 0.90 0.80 0.55
0.33 0.79 0.20 0.63 0.39 0.50 0.34 0.21 0.08 0.25 0.96 0.66
0.21 0.84 0.49 0.19 0.37 0.08 0.23 0.26 0.39 0.15 0.74 0.93
0.65 0.47 0.89 0.12 0.57 0.96 0.55 0.17 0.84 0.96 0.91 0.33
0.93 0.04 0.24 0.40 0.85 0.22 0.39 0.78 0.26 0.67 0.43 0.87
0.37 1.00 0.56 0.12 0.20 0.12 0.73 1.00 0.08 0.73 0.66 0.27
0.64 0.65 0.75 0.80 0.68 0.61 0.23 0.21 0.47 0.71 0.74 0.39
0.98 0.81 0.36 0.32 0.58 0.82 0.75 0.11 0.30 0.34 0.18 0.76
0.33 0.56 0.56 0.52 0.41 0.35 0.07 0.28 0.59 0.43 0.14 0.65
0.28 0.49 0.63 0.51 0.32 0.75 0.39 0.13 0.94 0.86 0.74 0.33
0.79 0.64 0.32 0.54 0.49 0.43 0.45 0.93 0.30 0.94 0.63 0.32
0.72 0.68 0.84 0.77 0.38 0.96 0.80 0.00 0.60 0.80 0.21 0.18
0.48 0.15 0.10 0.70 0.56 0.43 0.55 0.70 0.73 0.01 0.47 0.62
0.70 0.71 0.76 0.74 0.77 0.85 0.34 0.93 0.88 0.52 0.45 0.64
