20 10 
20 12
0.98 0.67 1.00 0.29 0.78 0.58 0.11 0.34 0.02 0.24 0.21 0.65
0.60 0.77 0.01 0.71 0.18 0.58 0.97 0.03 0.54 1.00 0.51 0.30
0.24 0.57 0.54 0.41 0.30 0.21 0.07 0.15 0.45 0.76 0.64 0.30
0.41 0.70 0.29 0.21 0.61 0.58 0.59 0.93 0.73 0.74 0.25 0.96
0.56 0.04 0.69 0.82 0.63 0.36 0.07 0.68 0.69 1.00 0.79 0.76
0.98 0.43 1.00 0.63 0.66 0.19 0.26 0.13 0.86 0.39 0.67 0.27
0.81 0.04 0.14 0.06 0.19 0.85 0.29 0.64 0.90 0.98 0.01 0.41
0.79 0.95 0.62 0.55 0.32 0.95 0.02 0.01 0.36 0.16 1.00 0.22
0.58 0.25 0.17 1.00 0.03 0.12 0.24 0.90 0.88 0.81 0.31 0.74
0.05 0.40 0.52 0.85 0.49 0.60 0.18 0.48 0.25 0.33 0.36 0.77
0.67 0.13 0.31 0.89 0.46 0.99 0.51 0.66 0.33 0.16 0.22 0.51
0.47 0.08 0.40 0.48 0.75 0.42 0.00 0.54 0.40 0.11 0.44 0.45
0.55 0.50 0.61 0.95 0.58 0.40 0.55 0.96 0.35 0.91 0.97 0.55
0.57 0.05 0.49 0.66 0.41 0.76 0.58 0.63 0.84 0.76 0.78 0.60
0.39 0.23 0.60 0.60 0.72 0.36 0.65 0.84 0.85 0.26 0.60 0.12
0.52 0.55 0.95 0.80 0.79 0.08 0.57 0.42 0.50 0.95 0.19 0.33
0.19 0.68 0.65 0.10 0.76 0.52 0.88 0.89 0.82 0.22 0.31 0.98
0.08 0.32 0.99 0.88 0.54 0.04 0.23 0.28 0.58 0.13 0.47 0.33
0.29 0.55 0.89 0.14 0.96 0.98 0.26 0.52 0.63 0.56 0.73 0.38
0.52 0.39 0.22 0.47 0.28 0.92 0.62 0.88 0.07 0.61 0.82 0.77
