230 6
0.31 0.44 0.58 0.54 0.42 0.99
0.61 0.44 0.85 0.01 0.62 0.38
0.99 0.33 0.99 0.73 0.54 0.65
0.75 0.57 0.61 0.58 0.58 0.82
0.86 0.75 0.63 0.10 0.53 0.72
0.93 0.73 0.55 0.75 0.99 0.52
0.87 0.53 0.98 0.85 0.58 0.71
0.95 0.58 0.71 0.75 0.89 0.57
0.74 0.59 0.77 1.00 0.85 0.90
0.66 0.91 0.72 0.79 0.88 0.62
0.67 0.68 0.64 0.57 0.52 0.90
0.26 0.84 0.91 0.77 0.57 0.70
0.51 0.67 0.91 0.60 0.79 0.84
0.56 0.32 0.70 0.86 0.67 0.16
0.90 0.84 0.55 0.52 0.51 0.54
0.51 0.51 0.62 0.96 0.70 0.69
1.00 0.76 0.51 0.97 0.74 0.97
0.57 0.97 0.66 0.63 0.97 0.83
0.66 0.65 0.72 0.51 0.91 0.67
0.88 0.89 0.64 0.83 0.71 0.35
0.92 0.67 0.65 0.97 0.60 0.69
0.95 0.59 0.73 0.75 0.71 0.72
0.38 0.67 0.89 0.55 0.85 0.51
0.52 0.98 0.59 0.57 0.64 0.62
0.30 0.83 0.55 0.69 0.54 0.72
0.54 0.80 0.37 0.81 0.62 0.69
0.61 0.89 0.60 0.67 0.59 0.73
0.59 0.93 1.00 0.61 0.59 0.73
0.89 0.51 0.99 0.77 0.35 0.70
0.99 0.11 0.53 0.99 0.82 0.63
0.92 0.71 0.87 0.48 0.61 0.57
0.68 0.51 0.60 0.97 0.10 0.83
0.13 0.60 0.71 0.83 0.70 0.96
0.60 0.67 0.63 0.76 0.51 0.76
0.97 0.93 0.86 0.51 0.07 0.71
0.72 0.61 0.52 0.64 0.85 0.57
0.61 0.72 0.59 1.00 0.77 0.72
0.82 0.80 0.55 0.89 0.58 0.99
0.89 0.75 0.55 0.52 0.60 0.98
0.51 0.74 0.97 1.00 0.66 0.89
0.12 0.88 0.78 0.87 1.00 0.83
0.74 0.69 0.57 0.95 0.54 0.58
0.75 0.74 0.68 0.90 0.52 0.60
1.00 0.98 0.51 0.52 0.57 0.87
0.73 1.00 0.59 0.66 0.63 0.71
0.80 0.81 0.12 0.89 0.02 0.86
0.78 0.54 0.82 0.78 0.52 0.91
0.52 0.27 1.00 0.54 0.98 0.75
0.86 0.86 1.00 0.76 0.15 0.64
0.82 0.94 0.63 0.60 0.58 0.79
0.53 0.92 0.64 0.81 0.49 0.72
0.57 1.00 0.53 0.70 0.35 0.69
0.96 0.55 0.95 0.65 0.54 0.75
0.71 0.66 0.64 0.58 0.90 0.71
0.60 0.97 0.54 0.91 0.55 0.72
0.80 0.61 0.76 0.23 0.52 0.79
0.72 0.53 0.84 0.82 0.87 0.78
0.70 0.67 0.65 0.86 0.66 0.55
0.96 0.82 0.69 0.78 0.71 0.51
0.70 0.87 0.57 0.81 0.98 0.39
0.98 0.70 0.55 0.51 0.84 0.70
0.69 0.79 0.72 0.79 0.64 0.51
0.62 0.67 0.53 0.31 0.54 0.98
0.63 0.05 0.95 0.56 0.97 0.69
0.60 0.76 0.58 0.74 0.60 0.92
0.89 0.71 0.70 0.55 0.88 0.75
0.76 0.90 0.53 0.63 0.59 0.81
0.97 0.77 0.99 0.51 0.41 0.60
0.52 0.75 0.81 0.53 0.75 0.78
0.56 0.94 0.31 0.74 0.84 0.93
0.94 0.61 0.95 0.41 0.55 0.72
0.59 0.96 0.43 0.89 0.52 0.66
0.95 0.77 0.58 0.62 0.57 0.71
0.58 0.51 0.66 0.60 0.95 0.77
0.93 0.69 0.81 0.51 0.57 0.53
0.77 0.89 0.25 0.71 0.64 0.57
0.77 0.63 0.75 0.85 0.62 0.40
0.80 0.73 0.70 0.72 0.93 0.51
0.55 0.60 0.65 0.61 0.96 0.62
0.77 0.99 0.61 0.61 0.95 0.52
0.70 0.79 0.71 0.53 0.86 0.92
0.54 0.77 0.60 0.88 0.81 0.81
1.00 0.28 0.86 0.71 0.54 0.84
0.61 0.68 0.65 0.63 0.66 0.86
0.56 0.78 0.64 0.91 0.57 0.81
0.36 0.89 0.25 0.51 0.99 0.60
0.75 0.76 0.10 0.95 0.89 0.72
0.15 0.69 0.98 0.58 0.65 0.62
0.77 0.76 0.82 0.84 0.61 0.70
0.54 0.62 0.84 0.84 0.95 0.66
0.70 0.69 0.56 0.51 0.85 0.96
0.77 0.58 0.65 0.75 0.89 0.79
0.92 0.67 0.94 0.79 0.74 0.19
0.94 0.81 0.36 0.86 0.78 0.54
0.51 0.75 0.77 0.62 0.87 0.92
0.70 0.93 0.70 0.53 0.80 0.68
0.70 0.78 0.61 0.65 0.74 0.71
0.84 0.57 0.59 0.92 0.73 0.68
0.70 0.91 0.53 0.93 0.97 0.60
0.87 0.26 0.58 0.63 0.95 0.59
0.90 0.63 0.69 0.65 0.83 0.65
0.69 0.51 0.60 0.71 0.35 0.79
0.56 0.95 0.56 0.53 0.53 0.75
0.53 0.84 0.57 0.60 0.62 0.51
0.61 0.56 0.62 0.01 0.56 0.89
0.60 0.58 0.94 0.57 0.39 0.74
0.71 0.90 0.58 0.55 0.76 0.72
0.33 0.52 0.65 0.85 0.98 0.85
0.53 0.76 0.81 0.70 0.30 0.60
0.86 0.51 0.75 0.54 0.12 0.72
0.52 0.61 0.31 0.64 0.54 0.74
0.53 1.00 0.23 0.77 0.81 0.75
0.68 0.56 0.76 0.96 0.65 0.53
0.97 0.76 0.71 0.41 0.68 0.68
0.70 0.56 0.52 0.62 0.95 0.97
0.71 0.55 0.51 0.67 0.67 0.68
0.51 0.87 0.66 0.94 0.94 0.54
0.67 0.61 0.83 0.59 0.96 0.53
0.66 0.77 0.16 0.99 0.78 0.21
0.50 0.52 0.61 0.80 0.64 0.87
0.84 0.54 0.65 0.96 0.80 0.17
0.62 0.74 0.89 0.79 0.27 0.51
0.89 0.60 0.73 0.96 0.54 0.54
0.58 0.53 0.54 0.88 0.66 0.86
0.94 0.81 0.81 0.53 0.09 0.53
0.77 0.98 1.00 0.80 0.74 0.18
0.93 0.55 0.75 0.61 0.51 0.54
0.57 0.77 0.75 0.98 0.59 0.68
0.67 0.65 0.52 0.95 0.51 0.84
0.51 0.76 0.66 1.00 0.57 0.71
0.56 0.74 0.85 0.59 0.58 0.67
0.98 0.44 0.78 0.62 0.77 0.74
0.27 0.58 0.57 0.95 0.88 0.93
0.77 0.87 0.72 0.73 0.52 0.34
0.78 0.61 0.55 0.88 0.26 0.64
0.54 0.88 0.72 0.56 0.96 0.67
0.67 0.43 0.66 0.51 0.75 0.84
1.00 0.66 0.64 0.96 0.83 0.56
0.53 0.58 0.60 0.58 0.85 0.75
0.49 0.70 0.83 0.64 0.72 0.73
0.94 0.96 0.51 0.52 0.93 0.63
0.83 0.62 0.77 0.79 0.10 0.83
0.87 1.00 0.85 0.52 0.49 0.81
0.75 0.56 0.82 0.61 0.54 0.54
0.52 0.41 0.55 0.80 0.65 0.69
0.78 0.87 0.75 0.07 0.64 0.65
0.65 0.85 0.36 0.77 0.95 0.70
0.03 0.90 0.93 0.75 0.74 0.94
0.83 0.70 0.51 0.55 0.85 0.19
0.57 0.03 0.73 0.51 0.57 0.99
0.67 0.60 0.89 0.96 0.53 0.90
0.92 0.59 0.64 0.74 0.55 0.67
0.73 0.52 0.53 0.73 0.52 0.60
0.86 0.72 0.68 0.60 0.84 0.55
0.73 0.87 0.96 0.51 0.56 0.66
0.74 0.82 0.76 0.64 0.84 0.59
0.21 0.82 0.87 0.79 0.77 1.00
0.69 0.53 0.70 0.84 0.60 0.62
0.82 0.65 0.55 0.23 0.95 0.57
1.00 0.58 0.71 0.67 0.72 0.60
0.85 0.15 0.54 0.98 0.02 0.80
0.72 0.96 0.60 0.53 0.85 0.64
0.70 0.98 0.79 0.58 0.92 0.07
0.51 0.86 0.98 0.12 0.79 0.80
0.14 0.67 0.72 0.84 0.98 0.60
0.76 0.69 0.10 0.95 0.91 0.62
0.82 0.97 0.01 0.57 0.90 0.84
0.07 0.93 0.93 0.57 0.96 0.61
0.73 0.76 0.83 0.59 0.53 0.54
0.65 0.90 0.69 0.47 0.16 0.57
0.52 0.63 0.70 0.74 0.72 0.45
0.84 0.52 0.79 0.57 0.65 0.79
0.53 0.63 0.66 0.61 0.52 0.54
0.90 0.51 0.74 0.88 0.57 0.62
0.71 0.42 0.87 0.67 0.92 0.92
0.74 0.72 0.73 0.30 0.82 0.85
0.52 0.53 0.71 0.23 0.87 0.86
0.83 0.29 0.81 0.63 0.75 0.46
0.62 0.60 0.56 0.64 0.80 0.71
0.79 0.72 0.69 0.83 0.25 0.75
0.61 0.76 0.51 0.86 0.81 0.02
0.96 1.00 0.53 0.59 0.73 0.55
0.49 0.33 0.86 0.93 0.90 0.51
0.83 0.57 0.53 0.84 0.85 0.51
0.98 0.89 0.64 0.79 0.32 0.78
0.54 0.84 0.76 0.78 0.67 0.41
0.92 0.57 0.51 0.39 0.81 0.73
0.96 0.60 0.73 0.79 0.83 0.52
0.92 0.54 0.81 0.60 0.79 0.51
0.68 0.31 0.59 0.52 0.58 0.74
0.63 0.06 0.89 0.95 0.70 0.61
0.49 0.95 0.81 0.90 0.92 0.66
0.72 0.92 0.96 0.63 0.74 0.25
0.92 0.46 0.81 0.96 0.58 0.58
0.62 0.97 0.50 0.69 0.48 0.67
0.57 0.56 0.64 0.81 0.53 0.79
0.83 0.99 0.95 0.70 0.65 0.05
0.86 0.92 0.69 0.42 0.74 0.54
0.33 0.60 0.83 0.68 0.51 0.72
0.92 0.64 0.61 0.49 0.68 0.51
0.57 0.60 0.83 0.60 0.55 0.98
0.88 0.07 0.56 0.80 0.53 0.62
0.87 0.53 0.57 0.60 0.54 0.97
0.70 0.80 0.80 0.25 0.52 0.60
1.00 0.78 0.59 0.53 0.55 0.58
0.68 0.70 0.59 0.59 0.39 0.68
0.73 0.52 0.73 0.63 0.57 0.93
0.75 0.74 0.59 0.99 0.97 0.06
0.11 0.79 0.66 0.65 0.34 0.57
0.87 0.83 0.67 0.81 0.56 0.51
0.19 0.81 0.93 0.60 0.82 0.69
0.86 0.72 0.54 0.74 0.51 0.72
0.69 0.05 0.51 0.82 0.94 0.75
0.88 0.64 0.56 0.16 0.71 1.00
0.25 0.64 0.99 0.86 0.68 0.51
0.63 0.59 0.64 0.87 0.60 0.57
0.55 0.68 0.54 0.57 0.72 0.62
0.68 0.73 0.69 0.52 0.78 0.54
0.54 0.05 0.73 0.62 0.54 0.76
0.70 0.86 0.27 0.74 0.99 0.97
0.74 0.65 0.57 0.53 1.00 0.90
0.80 0.63 0.87 0.80 0.11 0.86
0.60 0.65 0.65 0.65 0.75 0.52
0.75 0.73 0.53 0.51 0.87 0.85
0.53 0.49 0.73 0.93 0.31 0.59
0.23 0.54 0.65 0.76 0.49 0.72
0.47 0.78 0.80 0.54 0.94 0.54
0.67 0.60 0.53 0.95 0.94 0.75
0.29 0.68 0.98 0.89 0.13 0.58
0.52 0.76 0.97 0.62 0.73 0.33
