230 6
31 44 58 54 42 99
61 44 85 1 62 38
99 33 99 73 54 65
75 57 61 58 58 82
86 75 63 10 53 72
93 73 55 75 99 52
87 53 98 85 58 71
95 58 71 75 89 57
74 59 77 100 85 90
66 91 72 79 88 62
67 68 64 57 52 90
26 84 91 77 57 70
51 67 91 60 79 84
56 32 70 86 67 16
90 84 55 52 51 54
51 51 62 96 70 69
100 76 51 97 74 97
57 97 66 63 97 83
66 65 72 51 91 67
88 89 64 83 71 35
92 67 65 97 60 69
95 59 73 75 71 72
38 67 89 55 85 51
52 98 59 57 64 62
30 83 55 69 54 72
54 80 37 81 62 69
61 89 60 67 59 73
59 93 100 61 59 73
89 51 99 77 35 70
99 11 53 99 82 63
92 71 87 48 61 57
68 51 60 97 10 83
13 60 71 83 70 96
60 67 63 76 51 76
97 93 86 51 7 71
72 61 52 64 85 57
61 72 59 100 77 72
82 80 55 89 58 99
89 75 55 52 60 98
51 74 97 100 66 89
12 88 78 87 100 83
74 69 57 95 54 58
75 74 68 90 52 60
100 98 51 52 57 87
73 100 59 66 63 71
80 81 12 89 2 86
78 54 82 78 52 91
52 27 100 54 98 75
86 86 100 76 15 64
82 94 63 60 58 79
53 92 64 81 49 72
57 100 53 70 35 69
96 55 95 65 54 75
71 66 64 58 90 71
60 97 54 91 55 72
80 61 76 23 52 79
72 53 84 82 87 78
70 67 65 86 66 55
96 82 69 78 71 51
70 87 57 81 98 39
98 70 55 51 84 70
69 79 72 79 64 51
62 67 53 31 54 98
63 5 95 56 97 69
60 76 58 74 60 92
89 71 70 55 88 75
76 90 53 63 59 81
97 77 99 51 41 60
52 75 81 53 75 78
56 94 31 74 84 93
94 61 95 41 55 72
59 96 43 89 52 66
95 77 58 62 57 71
58 51 66 60 95 77
93 69 81 51 57 53
77 89 25 71 64 57
77 63 75 85 62 40
80 73 70 72 93 51
55 60 65 61 96 62
77 99 61 61 95 52
70 79 71 53 86 92
54 77 60 88 81 81
100 28 86 71 54 84
61 68 65 63 66 86
56 78 64 91 57 81
36 89 25 51 99 60
75 76 10 95 89 72
15 69 98 58 65 62
77 76 82 84 61 70
54 62 84 84 95 66
70 69 56 51 85 96
77 58 65 75 89 79
92 67 94 79 74 19
94 81 36 86 78 54
51 75 77 62 87 92
70 93 70 53 80 68
70 78 61 65 74 71
84 57 59 92 73 68
70 91 53 93 97 60
87 26 58 63 95 59
90 63 69 65 83 65
69 51 60 71 35 79
56 95 56 53 53 75
53 84 57 60 62 51
61 56 62 1 56 89
60 58 94 57 39 74
71 90 58 55 76 72
33 52 65 85 98 85
53 76 81 70 30 60
86 51 75 54 12 72
52 61 31 64 54 74
53 100 23 77 81 75
68 56 76 96 65 53
97 76 71 41 68 68
70 56 52 62 95 97
71 55 51 67 67 68
51 87 66 94 94 54
67 61 83 59 96 53
66 77 16 99 78 21
50 52 61 80 64 87
84 54 65 96 80 17
62 74 89 79 27 51
89 60 73 96 54 54
58 53 54 88 66 86
94 81 81 53 9 53
77 98 100 80 74 18
93 55 75 61 51 54
57 77 75 98 59 68
67 65 52 95 51 84
51 76 66 100 57 71
56 74 85 59 58 67
98 44 78 62 77 74
27 58 57 95 88 93
77 87 72 73 52 34
78 61 55 88 26 64
54 88 72 56 96 67
67 43 66 51 75 84
100 66 64 96 83 56
53 58 60 58 85 75
49 70 83 64 72 73
94 96 51 52 93 63
83 62 77 79 10 83
87 100 85 52 49 81
75 56 82 61 54 54
52 41 55 80 65 69
78 87 75 7 64 65
65 85 36 77 95 70
3 90 93 75 74 94
83 70 51 55 85 19
57 3 73 51 57 99
67 60 89 96 53 90
92 59 64 74 55 67
73 52 53 73 52 60
86 72 68 60 84 55
73 87 96 51 56 66
74 82 76 64 84 59
21 82 87 79 77 100
69 53 70 84 60 62
82 65 55 23 95 57
100 58 71 67 72 60
85 15 54 98 2 80
72 96 60 53 85 64
70 98 79 58 92 7
51 86 98 12 79 80
14 67 72 84 98 60
76 69 10 95 91 62
82 97 1 57 90 84
7 93 93 57 96 61
73 76 83 59 53 54
65 90 69 47 16 57
52 63 70 74 72 45
84 52 79 57 65 79
53 63 66 61 52 54
90 51 74 88 57 62
71 42 87 67 92 92
74 72 73 30 82 85
52 53 71 23 87 86
83 29 81 63 75 46
62 60 56 64 80 71
79 72 69 83 25 75
61 76 51 86 81 2
96 100 53 59 73 55
49 33 86 93 90 51
83 57 53 84 85 51
98 89 64 79 32 78
54 84 76 78 67 41
92 57 51 39 81 73
96 60 73 79 83 52
92 54 81 60 79 51
68 31 59 52 58 74
63 6 89 95 70 61
49 95 81 90 92 66
72 92 96 63 74 25
92 46 81 96 58 58
62 97 50 69 48 67
57 56 64 81 53 79
83 99 95 70 65 5
86 92 69 42 74 54
33 60 83 68 51 72
92 64 61 49 68 51
57 60 83 60 55 98
88 7 56 80 53 62
87 53 57 60 54 97
70 80 80 25 52 60
100 78 59 53 55 58
68 70 59 59 39 68
73 52 73 63 57 93
75 74 59 99 97 6
11 79 66 65 34 57
87 83 67 81 56 51
19 81 93 60 82 69
86 72 54 74 51 72
69 5 51 82 94 75
88 64 56 16 71 100
25 64 99 86 68 51
63 59 64 87 60 57
55 68 54 57 72 62
68 73 69 52 78 54
54 5 73 62 54 76
70 86 27 74 99 97
74 65 57 53 100 90
80 63 87 80 11 86
60 65 65 65 75 52
75 73 53 51 87 85
53 49 73 93 31 59
23 54 65 76 49 72
47 78 80 54 94 54
67 60 53 95 94 75
29 68 98 89 13 58
52 76 97 62 73 33
