230 6
85 89 49 2 73 34
59 70 96 96 98 69
55 75 79 74 77 74
51 52 60 61 100 62
90 65 66 78 97 80
63 55 9 58 71 64
94 70 66 53 79 76
71 86 92 57 54 81
59 68 73 67 69 95
93 67 79 77 51 62
74 63 63 68 53 54
94 98 59 61 67 81
97 64 99 61 51 42
76 92 53 54 53 71
92 81 40 15 45 62
79 92 94 21 82 69
91 52 24 98 63 73
87 53 43 93 74 93
94 77 100 69 88 51
51 12 87 85 83 80
96 60 66 70 75 59
91 54 95 94 73 69
64 69 86 95 73 58
55 76 72 87 93 49
89 61 90 55 23 69
71 85 93 64 34 87
54 63 89 62 61 55
50 77 94 99 97 60
74 67 82 67 97 56
70 61 94 91 83 52
70 81 88 78 67 62
34 56 86 100 63 22
52 53 66 97 84 48
82 93 90 57 95 20
34 61 51 52 84 60
12 63 93 56 86 60
99 71 72 68 52 76
53 60 58 63 59 85
25 95 52 86 97 90
53 68 94 8 95 53
84 81 76 94 71 43
57 54 82 86 56 98
74 80 59 62 6 70
59 71 98 53 75 75
57 89 76 96 91 52
16 84 69 53 97 56
79 52 71 81 44 83
81 39 45 81 96 69
81 78 60 55 51 90
72 89 79 91 54 55
15 71 79 93 73 99
65 72 46 91 86 58
79 64 73 89 51 13
31 99 88 69 70 57
79 84 63 60 53 73
53 61 92 79 60 64
4 49 79 62 98 31
86 74 68 56 63 64
56 61 51 88 55 76
85 61 81 77 15 66
71 90 48 69 58 91
60 72 93 88 59 38
67 100 99 63 63 46
58 95 74 92 57 57
53 93 59 59 58 68
78 72 52 1 94 89
68 55 69 72 61 68
43 81 62 94 51 75
79 52 72 56 99 92
55 89 44 77 88 82
83 58 81 92 97 63
53 75 84 61 59 68
77 58 98 57 1 74
85 79 56 52 60 96
26 55 66 75 82 61
14 72 94 59 79 66
43 57 61 63 68 69
7 86 96 85 57 74
86 51 70 74 97 77
86 67 60 73 88 54
99 51 63 59 57 59
79 63 1 61 76 85
67 99 93 79 76 51
65 72 54 93 60 57
71 64 83 54 77 81
54 54 68 75 82 53
90 55 88 80 66 54
93 13 95 79 66 66
85 96 93 65 57 61
54 94 76 65 83 67
97 91 56 85 74 32
100 64 75 70 78 53
75 51 75 69 94 66
87 66 91 53 65 73
92 73 51 60 52 79
62 90 94 92 33 89
70 51 91 54 65 67
79 70 66 43 58 71
3 68 59 66 85 59
81 52 76 70 79 82
75 57 66 95 59 74
82 46 57 78 77 60
91 78 40 63 94 60
2 54 51 78 87 66
95 59 43 62 72 52
39 83 84 57 79 52
97 46 11 73 92 57
86 57 55 53 80 85
62 57 57 68 97 98
21 70 78 70 61 87
88 27 74 2 71 73
83 79 81 52 57 63
91 84 62 88 13 57
63 52 65 53 88 74
53 88 28 82 91 60
68 16 15 63 76 71
82 90 60 66 73 61
82 56 71 95 75 61
99 53 70 52 51 62
93 76 70 60 54 25
51 97 74 83 60 71
98 61 54 58 51 63
65 54 89 86 80 62
63 71 66 56 86 56
30 33 47 98 86 60
64 67 61 80 77 54
81 93 52 66 23 91
33 51 79 87 75 58
96 80 4 60 72 60
90 88 97 20 63 71
83 81 58 80 55 79
99 55 78 75 67 23
74 26 77 49 100 71
51 88 65 54 52 96
54 69 72 52 68 59
65 78 57 66 57 98
100 62 66 52 68 94
72 63 67 68 58 77
84 67 69 54 71 99
57 59 51 62 87 81
90 15 38 63 81 82
43 88 65 53 66 98
4 91 95 52 61 65
55 92 75 86 67 66
72 74 29 56 61 66
96 100 59 8 66 58
3 58 57 86 93 27
70 85 56 87 28 57
12 76 53 67 66 95
79 83 67 64 75 54
89 69 54 91 81 53
59 56 61 63 79 93
60 60 76 51 97 60
60 63 76 92 59 1
98 98 68 59 64 24
96 58 89 78 79 58
74 79 64 55 80 68
79 30 99 74 65 99
57 84 75 54 64 82
99 25 77 60 62 61
97 57 59 55 73 88
61 67 67 64 59 64
74 88 68 51 90 98
59 75 89 81 53 80
51 84 60 91 53 60
57 54 99 81 55 87
51 87 78 66 69 58
95 15 100 99 61 24
68 67 95 51 93 65
94 37 98 71 67 78
98 55 60 76 58 75
68 68 66 67 70 55
43 65 73 56 75 57
66 64 55 63 48 78
98 53 57 62 78 59
70 53 87 89 56 92
33 84 79 81 73 83
52 81 78 92 28 83
62 67 77 58 60 78
87 63 61 92 63 62
53 91 93 68 65 63
89 54 85 73 7 50
54 52 92 89 73 96
66 72 97 52 89 55
57 70 91 82 60 54
77 57 55 56 95 67
83 58 75 65 22 74
61 92 75 15 64 72
53 55 94 57 94 86
63 94 70 93 72 53
91 56 88 55 58 51
76 98 87 86 95 16
95 51 67 62 68 56
72 60 74 86 60 68
51 56 85 59 62 89
51 83 52 98 54 100
64 51 72 60 54 52
42 60 69 56 78 91
65 6 7 98 87 92
94 57 51 81 65 57
59 57 76 97 53 76
88 61 68 83 54 74
53 35 55 84 83 69
62 83 78 52 80 41
85 96 60 68 51 64
59 84 82 71 56 58
51 54 51 79 81 74
62 65 67 55 66 87
67 21 100 48 51 100
64 10 88 36 60 75
65 100 51 56 55 78
93 63 21 57 95 95
60 70 59 75 87 57
73 51 78 83 92 7
67 65 100 54 83 62
52 69 54 78 83 5
87 100 69 85 25 57
58 76 69 78 63 53
68 68 72 94 4 96
92 80 89 53 11 75
54 48 75 70 65 53
67 58 100 54 63 66
80 52 54 81 76 68
54 63 74 53 77 52
55 93 54 3 90 54
71 54 63 62 67 59
58 60 72 59 83 78
19 99 97 59 58 89
86 25 62 65 75 74
58 100 79 63 64 53
