230 6
0.81 0.62 0.33 0.90 0.47 0.09
1.00 0.68 0.64 0.64 0.94 0.58
0.94 0.66 0.76 0.86 0.85 0.96
0.56 0.57 0.87 0.51 0.86 0.78
0.93 0.69 0.74 0.85 0.88 0.60
0.65 0.86 0.66 0.61 0.90 0.85
0.98 0.99 0.52 0.68 0.66 0.53
0.67 0.95 0.86 0.75 0.78 0.69
0.83 0.58 0.60 0.52 0.76 0.94
0.65 0.60 0.56 0.98 0.87 0.73
0.77 0.64 0.57 0.76 0.73 0.52
0.72 0.92 0.63 0.62 0.97 0.86
0.52 0.81 0.70 0.76 0.54 0.91
0.51 0.52 0.68 0.88 0.78 0.66
0.84 0.85 0.59 0.76 0.72 0.84
0.80 0.86 0.76 0.80 0.83 0.44
0.59 0.30 0.65 0.90 0.76 0.96
0.80 0.01 0.82 0.59 0.76 0.60
0.69 0.93 0.57 0.79 0.68 0.75
0.77 0.80 0.69 0.65 0.57 0.96
0.93 0.07 0.63 0.69 0.55 0.70
0.92 0.49 0.80 0.94 0.54 1.00
0.56 0.52 0.86 0.82 0.54 0.82
1.00 0.59 0.68 0.92 0.63 0.52
0.61 0.93 0.57 0.82 0.87 0.67
0.96 0.67 0.62 0.56 0.58 0.75
0.31 0.75 0.96 0.86 0.62 0.56
0.80 0.87 0.52 0.93 0.78 0.74
0.83 0.73 0.78 0.60 0.68 0.79
0.81 0.97 0.37 0.83 0.64 0.94
0.93 0.51 0.74 0.59 0.67 0.69
0.61 0.51 0.87 0.52 0.54 0.62
0.96 0.72 0.62 0.56 0.81 0.59
0.78 0.83 0.80 0.93 0.54 0.69
0.69 0.70 0.84 0.84 0.89 0.96
0.67 1.00 0.87 0.96 0.61 0.56
0.75 0.53 0.34 0.70 0.87 0.74
0.57 0.78 0.58 0.93 0.75 0.90
0.62 0.68 0.66 0.55 0.66 0.54
0.81 0.85 0.53 0.68 0.56 0.78
0.66 0.97 0.68 0.10 0.44 0.74
0.66 0.52 0.74 0.56 0.71 0.64
0.96 0.56 0.70 0.94 0.67 0.64
0.66 0.53 0.69 0.66 0.65 0.73
0.58 0.84 0.74 0.64 0.63 0.91
0.61 0.79 0.73 0.57 0.64 0.92
0.84 0.74 0.58 0.68 0.79 0.58
0.85 0.53 0.10 0.91 0.04 0.78
0.28 0.89 0.89 0.92 0.61 0.81
0.51 0.84 0.89 0.91 0.69 0.53
0.81 0.18 0.78 0.98 0.61 0.77
0.61 0.61 0.41 0.51 0.75 0.95
0.53 0.95 0.90 0.57 0.92 0.81
1.00 0.96 0.73 0.54 0.80 0.55
0.66 0.94 0.87 0.23 0.66 0.64
0.51 0.92 0.84 0.83 0.56 0.80
0.78 0.99 0.51 0.84 0.58 0.63
0.59 0.98 0.56 0.84 0.71 0.97
0.80 0.80 0.54 0.95 0.85 0.71
0.84 0.05 0.95 0.51 0.60 0.98
0.53 0.58 0.69 0.62 0.60 0.57
0.56 0.58 0.83 0.64 0.72 0.55
0.71 0.75 0.63 0.28 0.61 0.94
0.67 0.59 0.67 0.70 0.52 0.99
0.70 0.72 0.58 0.97 0.67 0.64
0.83 0.54 0.64 0.85 0.60 0.97
0.81 0.60 0.64 0.94 0.35 0.88
0.52 0.91 0.66 0.67 0.84 0.99
0.56 0.63 0.85 0.89 0.57 0.83
0.79 0.58 0.63 0.46 1.00 0.82
0.60 0.54 0.65 0.70 0.78 0.92
0.59 0.63 1.00 0.81 0.51 0.68
0.60 0.87 0.56 0.92 0.77 0.86
0.70 0.17 0.70 0.38 0.98 0.51
0.58 0.58 0.77 0.75 0.01 0.73
0.62 0.64 0.63 0.78 0.85 0.11
0.69 0.85 0.51 0.51 0.65 0.29
0.80 0.65 0.60 0.52 0.84 0.86
0.04 0.64 0.85 0.54 0.78 0.60
0.99 0.89 0.83 0.61 0.56 0.72
0.88 0.96 0.53 0.93 0.55 0.02
0.72 0.60 0.38 0.74 0.23 0.89
0.65 0.96 0.58 0.60 0.64 0.92
0.52 0.88 0.86 0.92 0.79 0.58
0.63 0.83 0.60 0.65 0.54 0.71
0.48 0.77 0.78 0.73 0.58 0.78
0.91 0.98 0.19 0.63 0.64 0.53
0.26 0.81 0.19 0.89 0.83 0.77
0.58 0.52 0.71 0.83 0.51 0.54
0.52 0.80 0.74 0.85 0.59 0.53
0.55 0.60 0.93 0.86 0.54 0.67
0.55 0.76 0.53 0.83 0.54 0.59
0.58 0.68 0.68 0.79 0.19 0.98
0.72 0.71 0.72 0.20 0.79 1.00
0.64 0.77 0.57 0.51 0.96 0.89
0.75 0.51 0.57 0.68 0.61 0.67
0.95 0.86 0.82 0.07 0.90 0.63
0.54 0.52 0.30 0.56 0.85 0.85
0.98 0.58 0.81 0.69 0.03 0.73
0.62 0.65 0.55 0.81 0.95 0.53
0.81 0.62 0.52 0.83 0.95 0.57
0.85 0.57 0.87 1.00 0.52 0.13
0.79 0.79 0.59 0.52 0.92 0.92
0.68 0.96 1.00 0.72 0.75 0.52
0.81 0.84 0.60 0.52 0.45 0.56
0.68 0.36 0.60 0.97 0.92 0.70
0.83 0.92 0.56 0.66 0.53 0.66
0.58 0.76 0.82 0.57 0.86 0.80
0.79 0.80 0.84 0.76 0.86 0.25
0.51 0.54 0.65 0.71 0.93 0.61
0.85 0.83 0.85 0.51 0.55 0.73
0.66 0.82 0.97 0.25 0.77 0.64
0.95 0.68 0.72 0.59 0.68 0.53
0.90 0.35 0.59 0.95 1.00 0.52
1.00 0.60 0.86 0.60 0.70 0.67
0.60 0.54 0.69 0.18 0.86 0.51
0.88 0.78 0.60 0.55 0.55 0.77
0.51 0.79 0.53 0.80 0.63 0.79
0.52 0.64 0.88 0.55 0.67 0.81
0.73 0.81 0.20 0.86 0.95 0.60
0.55 0.51 0.73 0.57 0.95 0.54
0.78 0.86 0.79 0.63 0.21 1.00
0.66 0.44 0.99 0.59 0.78 0.93
0.61 0.65 0.51 0.75 0.95 0.56
0.61 0.63 0.64 0.63 0.67 0.86
0.76 0.89 0.70 0.45 0.85 0.58
0.68 0.49 0.95 0.95 0.54 0.99
0.65 0.73 0.90 0.84 0.75 0.38
0.98 0.64 0.58 0.77 0.27 0.59
0.51 0.85 0.68 0.79 0.46 0.55
0.81 0.33 0.75 0.59 0.54 0.89
0.52 0.83 0.82 0.30 0.92 0.82
0.66 0.87 0.94 0.65 0.81 0.41
0.96 0.77 0.61 0.61 0.66 0.51
0.71 0.66 0.07 0.13 0.82 0.72
0.67 0.67 0.53 0.98 0.54 0.72
0.78 0.85 0.73 0.74 0.59 0.57
0.77 0.74 0.70 0.55 0.38 0.87
0.85 0.52 0.72 0.78 0.21 0.63
0.70 0.56 0.65 0.85 0.58 0.96
0.53 0.96 0.49 0.72 0.62 0.60
0.82 0.98 0.65 0.77 0.61 0.06
0.66 0.54 0.61 0.53 0.81 0.86
0.13 0.83 0.81 0.51 0.88 0.91
0.55 0.79 0.83 0.51 0.61 0.98
0.87 0.89 0.58 0.72 0.53 0.88
0.79 0.54 0.53 0.85 0.58 0.58
0.69 0.38 0.67 0.85 0.59 0.60
0.54 0.55 0.78 0.95 0.96 0.51
0.84 0.86 0.96 0.63 0.63 0.51
0.59 1.00 0.89 0.61 0.63 0.94
0.95 0.95 0.92 0.66 0.70 0.18
0.63 0.89 0.90 0.74 0.66 0.51
0.87 0.69 0.61 0.75 1.00 0.51
0.91 0.54 0.90 0.80 0.18 0.63
0.57 0.68 0.05 0.84 0.95 0.57
0.68 0.57 0.68 0.66 0.54 0.89
0.55 0.83 0.77 0.83 0.24 0.65
0.36 0.56 0.74 0.56 0.95 0.81
1.00 0.80 0.52 0.73 0.86 0.61
0.84 0.86 0.91 0.64 0.63 0.24
0.81 0.86 0.45 0.74 0.63 0.24
0.71 0.96 0.87 0.55 0.59 0.59
0.84 0.60 0.77 0.58 0.53 0.63
0.64 0.61 1.00 0.60 0.61 0.58
0.78 0.63 0.53 0.91 0.82 0.67
0.61 0.76 0.55 0.69 0.71 0.76
0.57 0.45 0.58 0.70 0.87 0.68
0.54 0.81 0.54 0.52 0.56 0.68
0.62 0.52 0.93 0.82 0.32 0.94
0.55 0.88 0.62 0.60 0.87 0.67
0.65 0.37 0.69 0.70 0.17 0.90
0.01 0.82 0.67 0.57 0.73 0.55
0.62 0.69 0.64 0.62 0.93 0.74
0.69 0.95 0.49 0.94 0.72 0.91
0.60 0.78 0.52 0.78 0.86 0.76
0.85 0.53 0.55 0.56 0.83 0.96
0.83 0.66 0.83 0.59 0.62 0.75
0.56 0.57 0.64 0.56 0.90 0.65
0.52 0.87 0.60 0.72 0.83 0.87
0.58 0.62 0.60 0.53 0.67 0.93
0.75 0.78 0.57 0.65 0.79 0.56
0.90 0.71 0.58 0.83 0.18 0.67
0.87 0.16 0.86 0.96 0.96 0.06
0.55 0.73 0.36 0.59 0.63 0.05
0.77 0.59 0.67 0.69 0.61 0.60
0.27 0.80 0.70 0.57 0.59 0.09
0.78 0.89 0.89 0.40 0.70 0.92
0.66 0.85 0.60 0.52 0.85 0.61
0.94 0.22 0.80 0.68 0.80 0.68
0.86 0.24 0.59 0.73 0.85 0.52
0.57 0.71 0.71 0.63 0.55 0.88
0.81 0.69 0.59 0.70 0.19 0.40
0.76 0.98 0.22 0.99 0.79 0.87
0.32 0.62 0.81 0.58 0.97 0.95
0.50 0.60 0.93 0.86 0.81 0.54
0.29 0.86 0.60 0.56 0.70 0.78
0.92 0.69 0.64 0.58 0.27 0.80
0.53 0.24 0.60 0.70 0.90 0.64
0.95 0.53 0.38 0.77 0.92 0.64
0.62 0.74 0.60 0.57 0.88 0.48
0.56 0.65 0.81 0.74 0.59 0.95
0.54 0.80 0.94 0.94 0.52 0.99
0.52 0.73 0.70 0.19 0.60 0.85
0.70 0.69 0.65 0.76 0.81 0.34
0.05 0.55 0.59 0.94 0.86 0.89
0.70 0.95 0.77 0.53 0.53 0.61
0.36 0.67 0.93 0.68 0.56 0.95
0.29 0.63 0.89 0.72 0.23 0.74
0.56 0.78 0.73 0.39 0.79 0.62
0.62 0.42 0.79 0.65 0.92 0.45
0.13 0.79 0.59 0.91 0.80 0.84
0.82 0.71 0.16 0.81 0.79 0.86
0.79 0.72 0.71 0.73 0.14 1.00
1.00 0.74 0.92 0.51 0.69 0.54
0.66 0.68 0.60 0.83 0.63 0.95
0.70 0.54 0.32 0.51 0.52 0.74
0.51 0.64 0.81 0.81 0.58 1.00
0.68 0.63 0.62 0.97 0.56 0.73
0.70 0.32 0.54 0.66 0.81 0.96
0.39 0.65 0.96 0.60 0.75 0.92
0.14 0.56 1.00 0.62 0.66 0.85
0.63 0.25 0.86 0.64 0.73 0.83
0.83 0.55 0.83 0.45 0.62 0.60
0.81 0.60 0.66 0.04 0.99 0.79
0.57 0.82 0.53 0.79 0.52 0.65
0.68 0.70 0.04 0.97 0.75 0.58
0.61 0.59 0.79 0.10 0.60 0.91
0.78 0.52 0.79 0.77 0.76 0.58
1.00 0.94 0.59 0.57 0.95 0.26
