230 6
0.49 0.81 0.47 0.67 0.71 0.17
0.52 0.93 0.67 0.54 1.00 0.64
0.93 0.99 0.71 0.91 0.64 0.69
0.73 0.53 0.67 0.73 0.93 0.57
0.68 0.67 0.67 0.19 0.64 0.40
0.67 0.62 0.92 0.87 0.92 0.91
0.77 0.59 0.99 0.69 0.91 0.95
0.52 0.59 0.57 0.88 0.66 0.89
0.56 0.98 0.63 0.94 0.70 0.82
0.64 0.75 0.78 0.82 0.84 0.01
0.38 0.92 0.79 0.95 0.99 0.62
0.53 0.57 0.84 0.85 0.88 0.61
0.76 0.58 0.73 0.83 0.85 0.91
0.74 0.93 0.72 0.96 0.51 0.81
0.59 0.64 0.50 0.93 0.98 0.80
0.85 0.62 0.60 0.97 0.80 0.74
0.67 0.83 0.68 0.74 0.69 0.85
0.59 0.51 0.54 0.66 0.63 0.71
0.58 0.76 0.63 0.61 0.66 0.51
0.75 0.63 0.92 0.52 0.01 0.57
0.70 0.17 0.67 0.51 0.81 0.96
0.51 0.92 0.53 0.56 0.90 0.96
0.70 0.73 0.62 0.63 1.00 0.90
0.12 0.87 0.60 0.81 0.69 0.76
0.65 0.90 0.89 0.81 0.51 0.78
0.62 0.23 0.94 0.56 0.52 0.90
0.89 0.09 0.71 0.83 0.66 0.84
0.68 0.57 0.77 0.78 0.86 0.58
0.60 0.91 0.92 0.61 0.51 0.85
0.51 0.66 0.76 0.69 0.57 0.90
0.62 0.57 0.52 0.58 0.64 0.85
0.55 0.85 0.81 0.99 0.32 0.71
0.77 0.69 0.61 0.71 0.39 0.93
0.96 0.47 0.65 0.85 0.99 0.95
0.58 0.90 0.89 0.93 0.59 0.68
0.91 0.56 0.84 0.97 0.97 0.43
0.63 0.91 0.76 0.59 0.65 0.65
0.66 0.98 0.53 0.51 0.81 0.94
0.58 0.68 0.73 0.89 0.88 0.58
0.57 0.57 0.55 0.84 0.30 0.71
0.64 0.77 0.60 0.69 0.09 0.93
0.93 0.93 0.65 0.51 0.87 0.54
0.84 0.68 0.78 0.68 0.51 0.72
0.93 0.59 0.67 0.94 0.79 0.48
0.66 0.38 0.98 0.86 0.85 0.80
0.62 0.09 0.53 0.80 0.59 0.72
0.97 0.94 0.87 0.68 0.58 0.70
0.73 0.60 0.76 0.27 0.04 0.80
0.65 0.84 0.99 0.55 0.87 0.55
0.81 0.87 0.71 0.55 0.54 0.51
0.58 0.80 0.91 0.61 0.24 0.72
0.74 0.85 0.14 0.86 0.64 0.20
0.66 0.99 0.58 0.62 0.65 0.58
0.59 0.49 0.82 0.90 0.66 0.86
0.83 0.66 0.67 0.60 0.78 0.22
0.74 0.98 0.80 0.52 0.52 0.68
0.66 0.59 1.00 0.55 0.54 0.95
0.68 0.66 0.60 0.81 0.66 0.60
0.68 0.51 0.60 0.70 0.70 0.62
0.32 0.78 0.87 0.07 0.80 0.91
0.67 0.63 0.58 0.03 0.66 0.99
0.82 0.57 1.00 0.56 0.54 0.65
0.60 0.87 0.60 0.64 0.92 0.80
0.97 0.79 1.00 0.90 0.57 0.03
0.66 0.72 0.78 0.86 0.89 0.70
0.77 0.61 0.67 0.96 0.63 0.33
0.82 0.62 0.22 0.51 0.71 0.92
0.93 0.59 0.08 0.88 0.85 0.67
0.86 0.52 0.52 0.74 0.75 0.70
0.98 0.62 0.60 0.53 0.89 0.53
0.56 0.02 0.67 0.70 0.90 0.81
0.77 0.59 0.29 0.67 0.95 1.00
0.81 0.57 0.90 0.81 0.74 0.59
0.80 0.64 0.53 0.68 0.56 0.85
0.56 0.82 0.91 0.80 0.65 0.72
0.59 0.60 0.99 0.62 0.49 0.72
0.54 0.54 0.55 0.81 0.87 0.30
0.64 0.53 0.87 0.63 0.99 0.61
0.55 0.98 0.86 0.62 0.91 0.54
0.55 0.69 0.80 0.92 0.62 0.39
0.81 0.68 0.42 0.81 0.86 0.97
0.91 0.53 0.82 0.92 0.58 0.73
0.87 0.55 0.65 0.52 0.72 1.00
1.00 0.89 0.96 0.53 0.90 0.33
0.82 0.58 0.68 0.61 1.00 0.56
0.52 0.71 0.59 0.98 0.10 0.61
0.01 0.71 0.95 0.85 0.65 0.82
0.59 0.72 0.74 0.53 0.97 0.70
0.68 0.64 0.63 0.65 0.72 0.76
0.65 1.00 0.56 0.86 0.62 0.29
0.61 0.73 0.67 0.51 0.80 0.86
1.00 0.61 0.89 0.84 0.67 0.01
0.51 0.66 0.67 0.87 0.58 0.59
0.61 0.53 0.23 0.11 0.95 0.80
0.16 0.79 0.35 0.94 0.55 0.52
0.58 0.71 0.75 0.70 0.76 0.54
0.63 0.18 0.83 0.87 0.69 0.68
0.58 0.62 1.00 0.75 0.51 0.73
0.88 0.57 0.87 0.88 0.64 0.52
0.15 0.55 0.92 0.52 0.59 0.97
0.42 0.56 0.26 0.78 0.92 0.88
0.65 0.16 0.98 0.73 0.74 0.95
0.98 0.65 0.63 0.88 0.09 1.00
0.88 0.77 0.24 0.95 0.59 0.69
0.98 0.51 0.99 0.70 0.89 0.52
0.65 0.51 0.54 0.51 0.77 0.95
0.62 0.53 0.12 0.77 0.81 0.68
0.55 0.78 0.66 0.75 0.73 0.93
0.73 0.75 0.53 0.50 0.93 0.83
0.84 0.58 0.53 0.55 0.95 0.68
0.99 0.98 0.03 0.73 0.68 0.92
0.66 0.82 0.65 0.70 0.69 0.39
0.95 0.08 0.57 0.76 0.72 0.86
0.76 0.64 0.54 0.56 0.03 0.64
0.89 0.52 0.61 0.52 0.64 0.59
0.85 0.83 0.94 0.75 0.67 0.34
0.91 0.98 0.52 0.53 0.52 0.31
0.79 0.70 0.95 0.82 0.54 0.53
0.60 0.56 0.65 0.63 0.75 0.94
0.62 0.91 0.81 0.61 0.55 0.83
0.99 0.67 0.79 0.67 0.54 0.63
0.56 0.79 0.58 0.87 0.83 0.69
0.07 0.73 0.82 0.94 0.70 0.51
0.48 0.21 0.33 0.92 0.92 0.70
0.62 0.64 0.93 0.60 0.60 0.63
0.74 0.96 0.79 0.59 0.54 0.63
0.74 0.67 0.52 0.43 0.61 0.51
0.74 0.38 0.96 0.52 0.76 0.63
0.88 0.80 0.47 0.52 0.54 0.71
0.61 0.95 0.58 0.82 0.69 0.52
0.93 0.57 0.51 0.61 0.96 0.57
0.19 0.25 0.72 0.80 0.92 0.67
0.96 0.95 0.01 0.53 0.82 0.59
0.67 0.75 0.52 0.79 0.98 0.55
0.95 0.56 0.98 0.49 0.58 0.96
0.61 0.76 0.70 0.66 0.89 0.15
0.67 0.81 0.66 0.56 0.64 0.78
0.54 0.96 0.94 0.58 0.86 0.58
0.65 0.89 0.60 0.77 0.67 0.45
0.87 0.39 0.83 0.92 0.57 0.52
0.62 0.67 0.53 0.62 0.67 0.73
0.21 0.51 0.53 0.83 0.68 0.91
0.84 0.56 0.69 0.55 0.54 0.61
0.89 0.72 0.42 0.75 0.63 0.93
0.62 0.69 0.59 0.88 0.70 0.51
0.69 0.98 0.53 0.76 0.54 0.96
0.72 0.95 0.93 0.57 0.53 0.73
0.67 0.60 0.89 0.87 0.81 0.51
0.58 0.54 0.97 0.78 0.72 0.07
0.73 0.66 0.31 0.71 0.95 0.58
0.79 0.64 0.78 0.92 0.64 0.53
0.12 0.68 0.68 0.83 0.96 0.97
0.21 0.97 0.81 0.74 1.00 0.53
0.97 0.46 0.67 0.60 0.92 0.58
0.68 0.60 0.76 0.63 0.78 0.54
0.55 0.61 0.91 0.75 0.96 0.53
0.69 0.80 0.88 0.75 0.62 0.84
0.92 0.13 0.94 0.55 0.75 0.62
0.60 0.60 0.60 0.78 0.60 0.75
0.65 0.59 0.61 0.54 0.95 0.67
0.07 0.85 0.40 0.91 0.88 0.85
0.63 0.75 0.59 0.43 0.70 0.95
0.56 0.83 0.17 0.92 0.63 0.72
0.67 0.53 0.93 0.76 0.63 0.64
0.74 0.52 0.73 0.33 0.60 0.77
0.57 0.32 0.55 0.60 0.69 0.86
0.61 0.53 0.74 0.55 0.61 0.76
0.60 0.56 0.94 1.00 0.55 0.71
0.55 0.81 0.78 0.56 0.69 0.64
0.94 0.92 0.19 0.68 0.85 0.71
0.97 0.57 0.72 0.61 0.02 0.91
0.78 0.61 0.70 0.58 0.34 0.62
0.49 0.73 0.90 0.74 0.82 0.96
0.60 0.58 0.60 0.96 0.85 0.67
0.68 0.84 0.87 0.74 0.26 0.68
0.56 0.63 0.82 0.60 0.61 0.80
0.74 0.63 0.74 0.75 0.57 0.83
0.53 0.53 0.51 0.65 0.60 0.74
0.61 0.78 0.13 0.87 1.00 0.65
0.86 0.47 0.66 0.69 0.76 0.57
0.53 0.90 0.54 0.62 0.57 0.86
0.55 0.56 0.06 0.62 0.82 0.95
0.19 0.62 0.63 0.72 0.89 0.64
0.55 0.89 0.36 0.89 0.68 0.52
0.92 0.51 0.71 0.62 0.97 0.55
0.64 0.91 0.81 0.65 0.53 0.82
0.61 0.63 0.53 0.91 0.80 0.56
0.69 0.60 1.00 0.63 0.75 0.04
0.53 0.51 0.73 0.51 0.90 0.93
0.57 0.92 0.57 0.55 0.74 0.90
0.97 0.51 0.95 0.50 0.65 0.73
0.91 0.15 0.96 0.16 0.95 0.15
0.86 0.57 0.60 0.35 0.96 0.68
0.58 1.00 0.76 0.51 0.63 0.54
0.67 0.55 0.85 0.60 0.18 0.85
0.87 0.77 0.66 0.06 0.19 0.74
0.92 0.22 0.99 0.40 0.92 0.69
0.32 0.61 0.75 0.55 0.85 0.61
0.51 0.81 0.57 0.66 0.88 0.67
0.70 0.65 0.80 0.64 0.84 0.52
0.73 0.56 0.74 0.73 0.31 0.65
0.52 0.66 0.85 0.69 0.89 0.26
0.85 0.60 0.67 0.65 0.16 0.88
0.51 0.52 0.95 0.86 0.70 0.72
0.68 0.97 0.63 0.52 0.82 0.65
0.75 0.57 0.92 0.58 0.91 0.54
0.76 0.60 0.65 0.55 0.53 0.77
0.84 0.94 0.62 0.33 0.85 0.73
0.51 0.98 0.80 0.59 0.51 0.60
0.58 0.65 0.81 0.78 0.83 0.62
0.73 0.56 0.90 1.00 0.71 0.51
0.51 0.62 0.83 0.95 0.75 0.52
0.79 0.79 0.12 0.95 0.85 0.12
0.96 0.63 0.72 0.91 0.60 0.54
0.79 0.53 0.22 0.54 0.82 0.88
0.55 0.71 0.65 0.54 0.88 0.24
0.86 0.95 0.62 0.06 0.80 0.98
0.84 0.92 0.53 0.56 0.58 0.96
0.71 0.58 0.82 0.51 0.56 0.81
0.47 0.73 0.57 0.98 0.65 0.94
0.87 0.20 0.75 0.65 0.85 0.54
0.15 0.86 0.77 0.99 0.71 0.62
0.63 0.74 0.78 0.82 0.58 0.82
0.87 0.13 0.60 0.75 0.82 0.81
0.62 0.68 0.43 0.37 0.67 0.89
0.91 0.91 0.72 0.88 0.46 0.41
0.71 0.08 0.62 0.52 0.89 0.92
0.62 0.44 0.83 0.94 0.77 0.61
0.64 0.16 0.59 0.62 0.83 0.63
0.72 0.91 0.63 0.75 0.58 0.74
