230 6
43 15 10 26 17 99
99 78 88 82 75 72
81 29 79 24 85 64
81 61 100 94 83 77
59 51 86 34 99 64
81 96 91 54 71 88
65 64 60 93 70 75
56 99 70 67 51 96
72 97 57 97 91 88
82 72 93 58 79 18
73 79 76 45 98 93
80 60 69 82 93 72
71 89 91 83 39 66
84 53 82 85 78 61
66 56 91 56 90 70
78 72 82 73 50 68
55 66 58 84 81 87
96 95 96 71 61 52
77 89 70 51 54 59
91 68 51 61 62 60
52 72 33 51 56 96
92 62 81 87 66 74
74 96 76 82 89 94
98 67 52 76 59 72
55 67 72 82 78 77
61 96 98 38 89 95
96 56 87 65 86 56
90 85 87 76 84 62
100 97 7 75 69 83
100 56 22 52 90 79
75 90 55 52 79 30
79 55 18 93 93 57
71 95 88 60 65 64
97 87 87 67 96 54
73 82 89 62 69 65
80 63 64 89 70 55
79 81 56 77 53 85
82 63 90 91 59 68
60 52 79 66 72 82
71 66 82 64 95 96
74 93 86 58 35 60
63 34 76 82 70 72
53 86 83 72 52 88
68 99 65 71 89 74
72 79 92 80 24 55
33 64 60 91 92 74
88 55 59 69 84 94
55 84 88 96 54 61
60 88 71 53 80 74
67 74 69 70 57 72
59 60 88 88 74 90
52 80 91 61 96 77
88 80 68 68 71 73
83 91 51 54 88 86
77 89 56 66 52 73
99 73 78 97 24 55
76 82 51 87 73 66
62 67 80 82 77 76
59 94 61 98 58 33
100 53 65 85 100 98
93 66 74 56 100 82
77 86 68 7 33 66
89 82 53 81 76 57
76 28 92 84 96 65
72 83 94 99 80 39
88 81 58 53 62 80
100 87 52 75 84 47
51 89 89 67 51 24
70 84 68 62 29 94
89 65 81 65 21 71
83 60 66 56 61 58
75 62 81 61 78 96
75 73 67 97 59 89
79 82 82 73 76 51
64 100 69 62 78 57
90 57 100 90 73 63
2 72 67 63 83 53
98 79 57 61 52 1
67 73 82 58 11 72
81 89 100 66 7 62
65 52 75 53 81 53
78 65 77 63 36 52
84 85 60 72 63 79
69 73 59 9 87 51
61 99 84 52 78 73
55 60 64 99 44 90
59 100 52 74 85 63
89 38 52 85 96 98
61 91 75 54 70 73
88 53 87 71 72 76
77 56 22 74 74 58
78 86 68 74 15 56
83 51 52 74 67 90
51 4 57 85 69 63
99 58 53 77 15 73
90 97 64 56 58 73
65 65 93 35 74 98
59 65 46 61 51 57
66 99 1 91 99 81
4 70 54 51 93 69
97 83 56 89 89 52
73 59 76 72 64 85
98 61 80 76 51 46
58 100 77 64 61 52
100 87 62 54 61 57
54 72 55 57 98 57
64 85 91 23 57 81
68 58 73 56 94 53
77 72 82 57 51 90
65 56 70 79 89 96
82 98 82 77 83 17
70 82 52 63 98 52
60 59 83 88 59 67
71 40 77 79 55 55
45 66 83 99 56 53
66 50 51 57 93 93
52 65 86 90 76 60
92 57 57 90 54 65
71 7 85 99 58 70
60 21 80 58 93 59
51 87 14 90 61 92
85 96 94 55 55 3
95 55 100 77 54 82
59 79 14 82 88 74
3 93 85 74 78 81
39 3 94 87 58 69
91 78 98 53 72 79
69 51 80 88 56 63
66 92 80 93 24 68
9 72 83 60 57 98
80 68 53 20 57 68
54 85 69 94 56 64
13 95 78 58 59 63
97 86 89 78 83 5
65 66 17 92 87 60
67 74 96 100 54 55
58 88 65 86 66 67
97 57 54 73 87 68
55 69 93 61 78 77
51 64 56 56 54 59
68 21 100 52 61 75
61 31 100 77 60 57
27 74 63 85 88 56
73 57 57 57 88 83
38 87 97 90 52 91
51 50 55 95 67 54
53 99 78 59 86 57
49 86 55 66 59 69
63 58 85 62 66 91
70 69 99 65 79 14
76 60 40 94 90 72
87 94 78 84 54 49
83 61 52 54 61 97
89 54 60 82 59 62
90 53 57 96 97 4
79 58 78 83 52 97
99 94 3 58 73 62
77 80 68 68 74 51
98 64 68 78 68 54
59 57 72 55 80 73
65 90 55 51 72 83
63 10 98 85 57 82
19 84 96 63 80 53
75 74 55 71 62 43
67 53 99 67 54 93
47 92 93 94 77 72
13 59 91 74 100 74
85 91 51 56 68 69
65 69 85 54 72 70
76 55 55 76 53 55
35 86 90 54 82 77
67 84 79 81 57 3
57 99 76 36 61 90
79 87 90 53 42 52
65 91 60 55 68 52
94 65 61 62 35 51
33 77 79 55 99 51
9 72 76 67 67 71
92 57 74 69 65 72
97 53 77 65 61 69
74 92 93 91 7 60
72 71 10 78 54 64
77 75 41 59 99 56
57 47 65 88 28 46
74 71 82 96 54 33
57 52 84 73 96 87
56 86 76 100 69 3
82 65 74 68 49 41
95 72 37 73 58 68
59 68 77 81 73 55
88 53 44 81 57 53
69 58 95 67 73 52
74 95 73 53 67 82
94 8 51 99 60 64
6 47 52 68 82 65
82 63 56 68 89 36
57 90 59 54 21 82
88 79 98 100 71 11
62 54 77 68 64 96
62 80 97 32 67 55
92 67 66 76 19 63
87 95 61 80 65 24
82 60 78 37 77 55
51 81 55 74 79 56
75 9 13 71 70 93
73 73 78 51 70 59
95 69 72 3 86 69
53 94 1 94 61 92
70 67 76 67 20 84
58 39 66 65 88 51
87 54 80 74 69 53
62 74 59 58 78 58
51 91 83 96 90 48
81 70 80 99 27 77
83 92 68 1 84 52
37 75 76 65 69 88
90 72 64 56 38 52
51 62 72 71 73 57
74 53 52 65 97 84
54 79 33 90 86 63
96 51 60 59 68 79
58 66 73 52 63 57
89 91 62 71 55 54
94 76 100 75 10 60
44 95 85 92 57 74
52 62 60 11 82 90
59 59 71 67 85 71
82 53 64 63 83 64
92 59 32 55 57 75
100 98 11 92 53 96
