230 6
0.77 0.45 0.02 0.96 0.07 0.68
0.62 0.81 0.21 0.54 0.84 0.53
0.87 0.30 0.98 0.62 0.80 0.75
0.88 0.75 0.64 0.59 0.62 0.15
0.87 0.97 0.98 0.81 0.61 0.86
0.54 0.81 0.72 0.64 0.76 0.81
0.78 0.95 0.56 0.96 0.72 0.60
0.88 0.98 1.00 0.51 0.67 0.73
0.57 0.91 1.00 0.94 0.68 0.57
0.91 0.51 0.70 0.69 0.68 0.69
0.78 0.01 0.65 0.70 0.88 0.18
0.52 0.58 0.61 0.75 0.70 0.94
0.55 0.96 0.72 0.62 0.70 0.13
0.54 0.66 0.98 0.93 0.78 0.73
0.62 0.60 0.68 0.90 0.77 0.61
0.85 0.80 0.95 0.86 0.68 0.78
0.94 0.68 0.61 0.60 0.86 0.70
0.70 0.51 0.76 0.78 0.86 0.75
0.58 0.54 0.91 0.98 0.88 0.99
0.87 0.81 0.94 0.66 0.61 0.70
0.90 0.94 0.92 0.73 0.15 0.52
0.55 0.89 0.76 0.96 0.61 0.81
0.52 0.71 0.84 0.78 0.94 0.56
0.64 0.58 0.52 0.51 0.58 0.86
0.11 0.66 0.70 0.91 0.99 0.58
0.78 0.21 0.77 0.63 0.19 0.83
0.58 0.28 0.80 0.76 0.59 0.59
0.84 0.56 0.63 0.69 0.85 0.93
0.51 0.52 1.00 0.64 0.38 0.66
0.87 0.64 0.63 0.71 0.94 0.58
0.60 0.77 0.78 0.66 0.03 0.12
0.92 0.72 0.73 0.54 0.72 0.55
0.79 0.97 0.34 0.63 0.57 0.80
0.75 0.87 0.73 0.52 0.87 0.77
0.87 0.66 0.69 0.60 0.63 0.75
0.83 0.96 0.53 0.94 0.65 0.53
0.84 0.76 0.61 0.51 0.73 0.73
0.68 0.55 0.64 0.95 0.82 0.89
0.82 0.85 0.61 0.87 0.57 0.40
0.54 0.68 0.53 0.96 0.94 0.74
0.63 0.84 0.77 0.87 0.67 0.71
0.80 0.20 0.95 0.88 0.16 0.24
0.75 0.80 0.83 0.60 0.98 0.53
0.77 0.57 0.70 0.85 0.50 1.00
0.66 0.52 0.81 0.66 0.48 0.93
0.72 0.12 0.36 0.80 0.73 0.79
0.60 0.65 0.55 1.00 0.61 0.10
0.78 0.82 0.80 0.64 0.52 0.53
0.57 1.00 0.56 0.75 0.72 0.54
0.55 0.75 0.66 0.95 0.73 0.79
0.51 0.55 0.99 0.58 0.64 0.95
0.08 0.95 0.97 0.83 0.87 0.96
0.60 0.80 0.57 0.98 0.78 0.76
0.58 0.77 0.36 0.69 0.66 0.90
0.53 0.51 0.53 0.83 0.56 0.86
0.80 0.73 0.88 0.78 0.66 0.13
0.73 0.67 0.94 0.54 0.79 0.71
0.52 0.79 0.74 0.53 0.80 0.51
0.97 0.87 0.60 0.65 0.70 0.71
0.88 0.61 0.70 0.98 0.68 0.66
0.55 0.99 0.59 0.98 0.82 0.65
0.61 0.57 0.52 0.60 0.95 0.54
0.67 0.54 0.83 0.52 0.90 0.32
0.88 0.81 0.60 0.55 0.79 0.26
0.54 0.60 0.64 0.72 0.92 0.87
0.29 0.67 0.57 0.94 0.86 0.80
0.55 0.63 0.92 0.68 0.58 0.79
0.94 0.74 0.53 0.61 0.57 0.70
0.89 0.99 0.64 0.56 0.55 0.60
0.56 0.85 0.76 0.99 0.53 0.09
0.49 0.79 0.93 0.75 0.66 0.70
0.53 0.71 0.36 0.65 0.98 0.97
0.53 0.96 0.71 0.87 0.74 0.69
0.64 0.80 0.66 0.62 0.87 0.03
0.51 0.99 0.70 0.63 0.53 0.87
0.63 0.69 0.57 0.59 0.74 0.65
0.89 0.98 0.51 0.83 0.62 0.72
0.60 0.91 0.59 0.77 0.58 0.57
0.90 0.99 0.68 0.88 0.26 0.86
0.55 0.91 0.59 0.53 0.51 1.00
0.58 0.66 0.86 0.75 0.66 0.51
0.71 0.65 0.78 0.60 0.90 0.54
0.54 0.87 0.69 0.84 0.67 0.69
0.70 0.55 0.60 0.61 0.77 0.55
0.54 0.51 0.90 0.98 1.00 0.59
0.87 0.94 0.58 0.94 0.80 0.51
0.55 0.94 0.97 0.96 0.54 0.95
1.00 0.53 0.58 0.57 0.85 0.85
0.65 0.63 0.77 0.54 0.97 0.61
0.31 0.75 0.58 0.67 0.90 0.16
0.86 0.51 0.76 0.58 0.79 0.95
0.80 0.36 0.55 0.64 0.11 0.92
0.95 0.99 0.99 0.56 0.52 0.57
0.80 0.74 0.31 0.82 0.57 0.95
0.84 0.08 0.57 0.89 0.72 0.52
0.87 0.78 0.78 0.15 0.91 0.58
0.80 0.55 0.53 0.54 0.97 0.84
0.56 0.90 0.67 0.80 0.52 0.89
0.80 0.17 0.65 0.76 0.58 0.73
0.78 0.89 0.60 0.90 0.54 0.83
0.56 0.52 0.90 0.81 0.96 0.62
0.99 0.74 0.77 0.82 0.89 0.12
0.77 0.65 0.80 0.55 0.72 0.55
0.48 0.90 0.79 0.90 0.66 0.59
0.39 0.62 0.61 0.35 0.54 0.68
0.86 0.71 0.77 0.99 0.60 0.62
0.90 0.83 0.98 0.53 0.45 0.59
0.98 0.60 0.51 0.89 0.86 0.55
0.52 0.01 0.72 0.97 0.90 0.22
0.54 0.21 0.62 0.54 0.75 0.60
0.53 0.51 0.55 0.65 0.58 0.84
0.41 0.58 0.66 0.86 0.98 0.55
0.55 0.70 0.20 0.98 0.76 0.71
0.79 0.58 0.57 0.70 0.67 0.54
0.91 0.98 0.98 0.75 0.67 0.01
0.79 0.57 0.48 0.92 0.91 0.22
0.57 0.75 0.55 0.92 0.73 0.81
0.44 0.94 0.75 0.23 0.90 0.70
0.86 0.99 0.63 0.37 0.56 0.59
0.55 0.56 0.98 0.85 0.72 0.78
0.61 0.92 0.55 0.80 0.52 0.06
0.63 0.65 0.58 0.58 1.00 0.86
0.61 0.85 0.53 0.74 0.78 0.52
0.96 0.52 0.44 0.90 0.75 0.56
0.90 0.55 0.59 0.51 0.68 0.61
0.57 0.62 0.85 0.68 0.71 0.52
0.88 0.29 0.88 0.75 0.76 0.57
0.95 0.72 0.88 0.98 0.82 0.04
0.17 0.94 0.65 0.77 0.93 0.69
0.55 0.58 0.83 0.99 0.66 0.65
0.93 0.64 0.64 0.60 0.90 0.51
0.33 0.51 0.52 0.60 0.84 0.39
0.76 0.51 0.53 0.96 0.73 0.62
0.22 0.08 0.58 0.92 0.94 0.96
0.79 0.51 0.80 0.54 0.60 0.51
0.57 0.21 0.55 0.61 0.62 0.68
0.68 0.56 0.55 0.76 0.44 0.60
0.52 0.03 0.96 0.65 0.72 0.75
0.51 0.95 0.75 0.96 0.83 0.26
0.52 0.81 0.80 0.83 0.71 0.51
0.97 0.57 0.61 0.84 0.63 0.52
0.91 0.72 0.36 0.72 0.60 0.77
0.94 0.95 0.23 0.84 0.80 0.77
0.22 0.66 0.93 0.64 0.62 0.73
0.99 0.13 0.99 0.55 0.73 0.61
0.47 0.68 0.54 0.09 0.84 0.69
0.51 0.80 0.55 0.87 0.81 0.84
0.58 0.92 0.08 0.45 0.56 0.65
0.43 0.62 0.81 0.90 0.83 0.52
0.71 0.55 0.91 0.75 0.53 0.77
0.65 0.72 0.54 0.61 0.70 0.82
0.83 0.98 0.95 0.03 0.98 0.72
0.19 0.77 0.99 0.99 0.63 0.16
0.58 0.75 0.53 0.80 0.61 0.98
0.65 0.52 0.68 0.69 0.67 0.65
0.75 0.57 0.20 0.61 0.98 0.52
0.81 0.68 0.61 0.86 0.64 0.55
0.60 0.86 0.25 0.91 0.89 0.51
0.90 0.80 0.69 0.47 0.39 0.80
0.55 0.91 0.75 0.62 0.01 0.83
0.96 0.80 0.67 0.57 0.74 0.54
0.90 0.15 0.83 0.53 0.86 0.82
0.52 0.24 0.86 0.70 0.90 0.88
0.94 0.51 0.87 0.83 0.58 0.68
0.74 0.71 0.78 0.54 0.05 0.57
0.62 0.54 0.61 0.83 0.92 0.05
0.65 0.90 0.09 0.59 0.58 0.82
0.88 0.52 0.69 0.69 0.08 0.82
0.72 0.96 0.99 0.13 0.75 0.69
0.51 0.60 0.71 0.51 0.67 0.52
0.75 0.81 0.67 0.11 0.71 0.87
0.04 0.07 0.99 0.51 0.86 0.43
0.99 0.76 0.53 0.56 0.79 0.76
0.57 0.59 0.51 0.60 0.79 0.91
0.52 0.11 0.93 0.77 0.57 0.48
1.00 0.17 0.96 0.86 0.53 0.89
0.54 0.75 0.81 0.83 0.53 0.77
1.00 0.74 0.52 0.91 0.41 0.53
0.73 0.17 0.70 0.76 0.61 0.84
0.85 0.65 0.03 0.96 0.96 0.53
0.70 0.90 0.58 0.62 0.61 0.61
0.94 0.33 0.80 0.51 0.57 0.73
0.54 0.76 0.83 0.59 0.21 0.90
0.62 0.85 0.86 0.31 0.66 0.13
0.77 0.53 0.58 0.87 0.57 0.64
0.54 0.72 0.54 0.55 0.69 0.69
0.71 0.66 0.55 0.97 0.58 0.57
0.81 0.54 0.80 0.65 0.50 0.56
0.02 0.53 0.97 0.90 0.54 0.94
0.69 0.74 0.01 0.61 0.76 0.84
0.67 0.76 0.96 0.54 0.52 0.53
0.76 0.67 0.74 0.06 0.75 0.84
0.89 0.86 0.54 0.81 0.19 0.37
0.72 0.82 0.68 0.60 0.65 0.36
0.83 0.67 0.73 0.08 0.70 0.05
0.74 0.82 0.72 0.71 0.54 0.54
0.66 0.88 0.70 0.67 0.52 0.88
0.71 0.55 0.75 0.90 0.69 0.08
0.68 0.67 0.52 0.56 0.51 0.58
0.76 0.59 0.44 0.93 0.83 0.58
0.74 0.71 0.55 0.61 0.64 0.36
0.64 0.59 0.67 0.55 0.66 0.02
0.75 0.62 0.58 0.98 0.67 0.59
0.89 1.00 0.89 0.78 0.54 0.11
0.69 0.73 0.84 0.87 0.23 0.79
0.93 0.63 0.59 0.94 0.66 0.58
0.66 0.93 0.36 0.53 0.98 0.64
0.58 0.84 0.63 0.80 0.28 0.77
0.61 0.51 0.62 0.82 0.51 0.57
0.76 0.77 0.90 0.60 0.61 0.03
0.02 0.90 0.61 0.80 0.85 0.99
0.77 0.62 0.53 0.59 0.81 0.54
0.80 0.94 0.16 0.90 0.53 0.75
0.68 0.58 0.60 0.59 0.79 0.62
0.95 0.57 0.53 0.52 0.81 0.79
0.93 0.75 0.71 0.60 0.41 0.98
0.57 0.87 0.79 0.52 0.20 0.80
0.52 0.63 0.82 0.95 0.31 0.63
0.89 0.52 0.64 0.01 0.51 0.93
0.14 0.83 0.07 0.69 0.75 0.80
0.02 0.53 0.87 0.93 0.72 0.25
0.88 0.74 0.65 0.55 0.34 0.73
0.64 0.65 0.85 0.55 0.52 0.80
0.55 0.51 0.80 0.55 0.64 0.99
0.85 0.54 0.75 0.08 0.63 0.68
0.95 0.56 0.71 0.57 0.20 0.82
0.84 0.99 0.68 0.26 0.54 0.91
0.64 0.89 0.52 0.87 0.56 0.57
0.49 0.51 0.74 0.91 0.52 0.57
0.51 0.11 0.80 0.61 0.84 0.91
