500 4
0.26 0.02 0.50 0.61
0.53 0.91 0.96 0.53
0.91 0.99 0.61 0.54
0.97 0.91 0.75 0.57
0.64 0.62 0.89 0.54
0.91 0.61 0.77 0.52
0.87 0.95 0.73 0.52
0.51 0.55 0.63 0.57
0.79 0.87 0.62 0.60
0.56 0.73 0.91 0.56
0.72 0.96 0.80 0.55
0.69 0.98 0.62 0.52
0.64 0.63 0.64 0.52
0.52 0.84 0.63 0.52
0.87 0.87 0.51 0.57
0.80 0.53 0.83 0.54
0.59 0.60 0.52 0.53
0.79 0.60 0.46 0.54
0.60 0.75 0.26 0.61
0.70 0.13 0.63 0.52
0.13 0.97 0.84 0.69
0.58 0.77 0.62 0.57
0.76 0.52 0.60 0.53
0.01 0.68 0.54 0.99
0.86 0.71 0.23 0.53
0.93 0.99 0.62 0.05
0.22 0.65 0.54 0.85
0.93 0.65 0.36 0.53
0.81 0.64 0.51 0.51
0.51 0.51 0.80 0.52
0.61 0.03 0.85 0.54
0.62 0.84 0.61 0.52
0.51 0.91 0.51 0.53
0.57 0.51 0.62 0.56
0.56 0.56 0.60 0.60
0.16 0.81 0.97 0.59
0.66 0.97 0.02 0.80
0.57 0.88 0.96 0.51
0.67 0.76 0.12 0.93
0.76 0.54 0.54 0.60
0.54 0.61 0.92 0.51
0.51 0.63 0.79 0.53
0.71 0.52 0.13 0.97
0.51 0.51 0.77 0.59
0.59 0.61 0.60 0.51
0.65 0.95 0.94 0.17
0.77 0.54 1.00 0.17
0.54 0.60 0.54 0.54
0.60 0.95 0.82 0.17
0.56 0.86 0.79 0.30
0.74 0.75 0.05 0.86
0.61 0.79 1.00 0.37
0.51 0.71 0.71 0.53
0.63 0.59 0.59 0.58
0.54 0.81 0.77 0.51
0.73 0.78 0.52 0.52
0.80 0.59 0.51 0.58
0.53 0.86 0.62 0.55
0.54 0.54 0.52 0.52
0.88 0.53 0.55 0.59
0.86 0.62 0.26 0.57
0.88 0.58 0.20 0.93
0.53 0.75 0.65 0.54
0.86 0.73 0.95 0.06
0.12 0.61 0.73 0.57
0.86 0.56 0.06 0.85
0.90 0.76 0.94 0.33
0.89 0.74 0.71 0.06
0.64 0.51 0.58 0.56
0.68 0.91 0.82 0.17
0.56 0.57 0.07 0.77
0.97 0.51 0.61 0.54
0.60 0.71 0.89 0.24
0.79 0.80 0.59 0.51
0.93 0.78 0.01 0.98
0.84 0.86 0.96 0.05
0.56 0.73 0.86 0.51
0.63 0.88 0.51 0.53
0.92 0.81 0.65 0.42
0.89 0.98 0.19 0.60
0.08 0.85 0.88 0.88
0.95 0.58 0.76 0.51
0.91 0.51 0.19 0.97
0.72 0.81 0.22 0.67
0.80 0.55 0.97 0.51
0.94 0.92 0.54 0.43
0.67 0.72 0.09 0.71
0.53 0.59 0.56 0.54
0.09 0.85 0.86 0.93
0.51 0.68 0.87 0.51
0.52 0.99 0.82 0.16
0.97 0.56 0.71 0.51
0.65 0.51 0.17 0.69
0.83 0.79 0.10 0.67
0.65 0.58 0.83 0.51
0.85 0.66 0.90 0.49
0.52 0.66 0.75 0.51
0.18 0.67 0.67 0.95
1.00 0.64 0.54 0.12
0.57 0.80 0.51 0.56
0.77 0.12 0.72 0.56
0.59 0.52 0.55 0.59
0.98 0.51 0.51 0.03
0.80 0.60 0.76 0.51
0.71 0.55 0.69 0.51
0.54 0.66 0.64 0.51
0.51 0.91 0.55 0.52
0.76 0.96 0.55 0.16
0.63 0.95 0.54 0.50
0.63 0.58 0.75 0.13
0.99 0.08 0.55 0.58
0.68 0.86 0.73 0.13
0.93 0.55 0.69 0.25
0.59 0.87 0.61 0.33
0.90 0.84 0.68 0.46
0.76 0.89 0.55 0.51
0.76 0.64 0.41 0.53
0.07 0.72 0.96 0.93
0.05 0.59 0.77 0.68
0.17 0.78 0.91 0.52
0.76 0.80 0.45 0.14
0.13 0.98 0.71 0.66
0.58 0.83 0.44 0.61
0.86 0.53 0.75 0.50
0.51 0.80 0.51 0.09
0.23 0.51 0.88 0.88
0.29 0.68 0.95 0.52
0.95 0.53 0.54 0.58
0.82 0.53 0.93 0.51
0.92 0.58 0.58 0.51
0.82 0.80 0.15 0.57
0.62 0.77 0.47 0.51
0.58 0.72 0.97 0.18
0.60 0.57 0.29 0.61
0.79 0.71 0.58 0.51
0.83 0.52 0.97 0.21
0.19 0.56 0.63 0.08
0.99 0.72 0.16 0.59
0.61 0.16 0.95 0.53
0.83 0.58 0.07 0.59
0.61 0.77 0.47 0.52
0.12 0.65 0.52 0.30
0.54 0.66 0.21 0.84
0.63 0.51 0.58 0.56
1.00 0.63 0.01 0.53
0.26 0.87 0.07 0.78
0.73 0.54 0.09 0.67
0.65 0.76 0.51 0.56
0.56 0.51 0.72 0.52
0.80 0.94 0.60 0.05
0.56 0.51 0.70 0.55
0.19 0.55 0.95 0.96
0.73 0.74 0.33 0.54
0.94 0.51 0.52 0.51
0.58 0.58 0.60 0.51
0.04 0.79 0.60 0.95
0.78 0.53 0.56 0.55
0.86 0.52 0.52 0.55
0.59 0.55 0.62 0.41
0.51 0.54 0.77 0.55
0.60 0.63 0.54 0.04
0.81 0.62 0.82 0.04
0.89 0.51 0.54 0.58
0.73 0.66 0.42 0.54
0.74 0.47 0.59 0.58
0.13 0.63 0.55 0.89
0.54 0.29 0.80 0.58
0.75 0.53 0.59 0.51
0.57 0.55 0.80 0.11
0.71 0.52 0.57 0.54
0.77 0.72 0.51 0.51
0.92 0.52 0.51 0.55
0.03 0.77 0.67 0.80
0.22 0.60 0.54 0.83
0.65 0.52 0.66 0.55
0.60 0.51 0.65 0.55
0.88 0.59 0.51 0.51
0.54 0.52 0.19 0.99
0.51 0.61 0.52 0.59
0.86 0.52 0.57 0.51
0.13 0.52 0.66 0.56
0.07 0.63 0.57 0.67
0.71 0.53 0.73 0.51
0.62 0.51 0.60 0.54
0.72 0.73 0.05 0.73
0.75 0.52 0.61 0.52
0.83 0.51 0.89 0.51
0.60 0.41 0.97 0.20
0.23 0.56 0.58 0.93
0.16 0.04 0.59 0.56
0.78 0.79 0.25 0.51
0.02 0.65 1.00 0.57
0.67 0.18 0.59 0.55
0.79 0.53 0.82 0.35
0.54 0.65 0.19 0.54
0.86 0.64 0.02 1.00
0.29 0.53 0.70 0.55
0.90 0.45 0.54 0.56
0.80 0.51 0.51 0.57
0.62 0.64 0.16 0.54
0.62 0.51 0.54 0.57
0.61 0.55 0.47 0.95
0.09 0.56 0.88 0.74
0.05 0.87 0.61 0.59
0.54 0.95 0.71 0.05
0.70 0.54 0.92 0.08
0.56 0.61 0.59 0.51
0.54 0.51 0.57 0.53
0.83 0.57 0.38 0.58
0.07 0.96 0.69 0.57
0.80 0.53 0.76 0.41
0.74 0.55 0.51 0.52
0.09 0.58 0.85 0.68
0.63 0.62 0.58 0.51
0.65 0.59 0.07 0.72
0.52 0.76 0.40 0.94
0.51 0.55 0.62 0.53
0.77 0.76 0.01 0.76
0.77 0.53 0.60 0.15
0.03 0.75 0.98 0.72
0.66 0.58 0.51 0.58
0.78 0.94 0.80 0.02
0.98 0.61 0.21 0.57
0.51 0.54 0.90 0.51
0.70 0.57 0.33 0.55
0.65 0.53 0.53 0.53
0.15 0.58 0.85 0.52
0.01 0.83 0.53 0.78
0.03 0.82 0.95 0.54
0.54 0.59 0.05 0.88
0.84 0.54 0.77 0.01
0.11 0.78 0.51 0.70
0.59 0.72 0.63 0.06
0.03 0.76 0.99 0.63
0.58 0.52 0.96 0.51
0.64 0.56 0.51 0.56
0.56 0.51 0.61 0.52
0.91 0.53 0.53 0.18
0.72 0.53 0.60 0.51
0.09 0.67 0.65 0.65
0.66 0.83 0.15 0.61
0.02 0.51 0.95 0.99
0.53 0.60 0.55 0.58
0.70 0.59 0.57 0.51
0.51 0.54 0.75 0.51
0.84 0.59 0.74 0.04
0.05 0.59 0.91 0.55
0.81 0.97 0.01 0.53
0.74 0.71 0.57 0.01
0.53 0.66 0.54 0.21
0.72 0.91 0.27 0.51
0.84 0.52 0.53 0.52
0.58 0.64 0.51 0.51
0.59 0.89 0.70 0.04
0.68 0.01 0.93 0.76
0.02 0.73 0.66 0.59
0.24 0.51 0.53 0.61
0.70 0.56 0.33 0.52
0.64 0.01 0.59 0.98
0.80 0.70 0.12 0.65
0.55 0.65 0.09 0.82
0.51 0.54 0.39 0.79
0.72 0.54 0.68 0.40
0.52 0.73 0.56 0.16
0.55 0.52 0.89 0.35
0.68 0.01 0.63 0.93
0.65 0.62 0.51 0.39
0.52 0.53 0.58 0.56
0.80 0.51 0.64 0.51
0.56 0.15 0.59 0.52
0.72 0.51 0.18 0.67
0.97 0.57 0.04 0.82
0.56 0.70 0.13 0.54
0.56 0.52 0.23 0.73
0.69 0.51 0.34 0.53
0.70 0.25 0.51 0.59
0.85 0.97 0.25 0.43
0.23 0.52 0.93 0.55
0.07 0.51 0.74 0.93
0.81 0.72 0.03 0.67
0.72 0.53 0.53 0.52
0.68 0.61 0.60 0.09
0.61 0.52 0.16 0.97
0.95 0.69 0.21 0.51
0.93 0.51 0.53 0.52
0.51 0.71 0.04 0.62
0.51 0.51 0.53 0.55
0.06 0.55 0.73 0.98
0.56 0.96 0.72 0.04
0.68 0.01 0.66 0.52
0.59 0.61 0.60 0.18
0.74 0.61 0.11 0.56
0.73 0.72 0.16 0.51
0.56 0.72 0.02 0.76
0.76 0.55 0.21 0.66
0.61 0.60 0.27 0.58
0.74 0.60 0.55 0.51
0.55 0.26 0.62 0.53
0.52 0.58 0.57 0.37
0.51 0.53 0.71 0.53
0.64 0.92 0.26 0.53
0.58 0.51 0.32 0.87
0.52 0.23 1.00 0.54
0.68 0.04 0.57 0.57
0.56 0.71 0.51 0.51
0.01 0.80 0.91 0.56
0.72 0.26 0.48 0.65
0.62 0.86 0.08 0.51
0.01 0.66 0.58 0.85
0.52 0.65 0.11 0.56
0.79 0.72 0.02 0.69
0.10 0.54 0.84 0.92
0.66 0.61 0.57 0.14
0.54 0.62 0.51 0.53
0.04 0.55 0.55 0.58
0.52 0.51 0.70 0.52
0.07 0.15 0.69 0.44
0.71 0.54 0.60 0.51
0.63 0.89 0.06 0.55
0.89 0.65 0.05 0.59
0.56 0.55 0.08 0.80
0.66 0.56 0.09 0.74
0.57 0.57 0.62 0.51
0.75 0.53 0.55 0.11
0.83 0.14 0.54 0.56
0.12 0.53 0.67 0.86
0.58 0.83 0.01 0.85
0.85 0.32 0.32 0.99
0.54 0.53 0.59 0.52
0.65 0.54 0.61 0.51
0.65 0.11 0.72 0.55
0.84 0.63 0.36 0.51
0.02 0.63 0.85 0.83
0.82 0.52 0.63 0.51
0.85 0.71 0.02 0.97
0.94 0.57 0.45 0.51
0.90 0.51 0.55 0.51
0.05 0.86 0.62 0.01
0.51 0.52 0.57 0.53
0.70 0.51 0.63 0.12
0.59 0.85 0.11 0.55
0.89 0.12 0.73 0.24
0.82 0.58 0.90 0.05
0.83 0.01 0.57 0.52
0.62 0.52 0.55 0.52
0.84 0.58 0.54 0.51
0.53 0.64 0.51 0.60
0.62 0.56 0.51 0.58
0.59 0.57 0.57 0.20
0.94 0.52 0.04 0.67
0.52 0.37 0.65 0.54
0.54 0.78 0.51 0.21
0.60 0.67 0.09 0.65
0.67 0.65 0.35 0.51
0.63 0.51 0.52 0.58
0.95 0.54 0.38 0.51
0.93 0.84 0.03 0.62
0.64 0.60 0.54 0.51
0.10 0.57 0.53 0.96
0.66 0.79 0.05 0.53
0.02 0.61 0.85 0.82
0.45 0.71 0.39 0.59
0.09 0.54 0.52 0.83
0.67 0.54 0.51 0.54
0.93 0.70 0.52 0.14
0.83 0.61 0.01 0.58
0.04 0.51 0.86 0.80
0.54 0.25 0.68 0.55
0.01 0.72 0.67 0.68
0.07 0.52 0.59 0.98
1.00 0.54 0.05 0.59
0.02 0.82 0.53 0.73
0.52 0.88 0.38 0.51
0.53 0.57 0.07 0.98
0.81 0.52 0.54 0.52
0.44 0.79 0.02 0.62
0.91 0.58 0.18 0.58
0.61 0.56 0.94 0.05
0.76 0.58 0.05 0.03
0.58 0.01 0.53 0.52
0.53 0.62 0.56 0.53
0.54 0.57 0.03 0.66
0.71 0.52 0.58 0.51
0.57 0.60 0.87 0.03
0.18 0.93 0.51 0.61
0.70 0.54 0.52 0.51
0.73 0.52 0.09 0.51
0.69 0.53 0.52 0.33
0.68 0.51 0.71 0.09
0.55 0.51 0.41 0.90
0.74 0.32 0.06 0.92
0.70 0.54 0.66 0.04
0.51 0.54 0.51 0.55
0.84 0.44 0.86 0.13
0.61 0.55 0.46 0.67
0.57 0.56 0.62 0.51
0.72 0.85 0.53 0.01
0.58 0.53 0.78 0.10
0.51 0.55 0.21 0.63
0.79 0.02 0.85 0.51
0.52 0.56 0.17 0.53
1.00 0.31 0.58 0.36
0.59 0.51 0.04 0.71
0.57 0.53 0.56 0.51
0.67 0.53 0.04 0.61
0.64 0.82 0.13 0.52
0.54 0.55 0.51 0.54
0.59 0.51 0.83 0.37
0.65 0.58 0.51 0.44
0.58 0.53 0.64 0.21
0.22 0.62 0.54 0.53
0.57 0.51 0.36 0.92
0.56 0.57 0.52 0.51
0.58 0.51 0.56 0.51
0.12 0.52 0.61 0.68
0.69 0.54 0.05 0.58
0.60 0.61 0.58 0.11
0.05 0.87 0.54 0.68
1.00 0.55 0.04 0.60
0.01 0.83 0.52 0.81
0.02 0.59 0.73 0.58
0.51 0.90 0.18 0.59
0.54 0.61 0.51 0.52
0.01 1.00 0.75 0.52
0.52 0.60 0.15 0.98
0.61 0.51 0.51 0.52
0.53 0.14 0.63 0.51
0.51 0.68 0.59 0.29
0.53 0.62 0.54 0.51
0.54 0.56 0.09 0.72
0.69 0.91 0.01 0.50
0.57 0.51 0.71 0.09
0.62 0.51 0.01 0.83
0.57 0.77 0.52 0.14
0.69 0.60 0.02 0.81
0.55 0.67 0.70 0.01
0.59 0.57 0.53 0.10
0.79 0.56 0.08 0.53
0.72 0.80 0.01 0.79
0.51 0.56 0.53 0.53
0.08 0.56 0.64 0.52
0.56 0.51 0.09 0.65
0.53 0.53 0.79 0.22
0.79 0.51 0.59 0.41
0.57 0.84 0.01 0.63
0.69 0.45 0.31 0.56
0.86 0.53 0.71 0.07
0.55 0.76 0.05 0.57
0.43 0.51 0.57 0.57
0.07 0.70 0.54 0.96
0.62 0.75 0.12 0.54
0.03 0.55 0.88 0.88
0.56 0.55 0.77 0.22
0.09 0.62 0.54 0.65
0.68 0.71 0.60 0.01
0.61 0.54 0.77 0.03
0.61 0.34 0.52 0.60
0.04 0.56 0.57 0.51
0.82 0.54 0.65 0.04
0.95 0.51 0.91 0.03
0.89 0.06 0.20 0.74
0.51 0.53 0.46 0.94
0.65 0.51 0.52 0.51
0.32 0.51 0.74 0.03
0.54 0.53 0.53 0.51
0.52 0.80 0.03 0.61
0.01 0.03 0.84 0.57
0.17 0.92 0.37 0.76
0.65 0.53 0.53 0.27
0.58 0.86 0.12 0.52
0.51 0.94 0.27 0.52
0.60 0.54 0.61 0.40
0.94 0.58 0.53 0.01
0.10 0.59 0.51 0.78
0.54 0.04 0.51 0.52
0.05 0.86 0.51 0.76
0.08 0.08 0.79 0.72
0.70 0.64 0.35 0.23
0.31 0.82 0.51 0.55
0.53 0.56 0.53 0.52
0.95 0.52 0.69 0.05
0.51 0.58 0.19 0.71
0.09 0.58 0.53 0.75
0.92 0.53 0.51 0.50
0.60 0.66 0.37 0.52
0.28 0.65 0.47 0.89
0.62 0.52 0.51 0.51
0.51 0.53 0.51 0.51
0.76 0.18 0.37 0.53
0.80 0.59 0.72 0.02
0.67 0.61 0.51 0.31
0.02 0.68 0.76 0.55
0.12 0.78 0.59 0.21
0.01 0.63 0.57 0.59
0.54 0.54 0.40 0.76
0.51 0.63 0.58 0.41
0.24 0.75 0.51 0.52
0.10 0.51 0.66 0.55
0.07 0.32 0.59 0.54
0.59 0.53 0.27 0.60
