500 4
0.14 0.10 0.38 0.90
0.63 0.65 0.84 0.56
0.65 0.61 0.67 0.74
0.88 0.79 0.83 0.56
0.54 0.59 0.51 0.77
0.90 0.65 0.77 0.54
0.60 0.70 0.79 0.71
0.66 0.96 0.73 0.56
0.98 0.78 0.73 0.52
0.86 0.73 0.75 0.65
0.57 0.62 0.59 0.54
0.85 0.59 0.63 0.51
0.54 0.35 1.00 0.60
0.95 0.73 0.61 0.52
0.62 0.79 0.87 0.52
0.12 0.99 0.85 0.96
0.79 0.58 0.68 0.60
0.51 0.83 1.00 0.60
0.75 0.51 0.82 0.85
0.91 0.57 0.64 0.70
0.15 0.51 0.81 0.82
0.53 0.64 0.86 0.69
0.70 0.58 0.98 0.63
0.64 1.00 0.63 0.51
0.55 0.79 0.73 0.70
0.52 0.62 0.53 0.76
0.85 0.51 0.51 0.54
0.92 0.95 0.09 0.81
0.64 0.63 0.76 0.53
0.51 0.73 0.88 0.72
0.62 0.59 0.97 0.52
0.57 0.59 0.97 0.63
0.57 0.54 0.76 0.70
0.76 0.79 0.41 0.67
0.51 0.78 0.71 0.75
0.52 0.84 0.61 0.69
0.52 0.69 0.80 0.60
0.61 0.90 0.52 0.59
0.95 0.82 0.40 0.75
0.66 0.52 0.64 0.83
0.53 0.52 0.94 0.51
0.81 0.53 0.75 0.66
0.84 0.61 0.54 0.51
0.67 0.58 0.81 0.36
0.75 0.84 1.00 0.23
0.54 0.56 0.62 0.72
0.69 0.57 0.60 0.82
0.78 0.82 0.38 0.56
0.29 0.87 0.87 0.75
0.58 0.51 0.78 0.88
0.75 0.52 0.66 0.80
0.57 0.76 0.67 0.05
0.56 0.55 0.28 0.80
0.55 0.92 0.83 0.53
0.57 0.85 0.18 0.56
0.87 0.52 0.80 0.51
0.69 0.57 0.77 0.66
0.92 0.35 0.58 0.83
0.55 0.76 0.71 0.64
0.53 0.60 0.51 0.53
0.95 0.71 0.94 0.10
0.64 0.79 0.49 0.54
0.58 0.56 0.83 0.62
0.83 0.79 0.84 0.03
0.58 0.51 0.51 0.55
0.59 0.68 0.91 0.52
0.52 0.62 0.75 0.53
0.51 0.81 0.70 0.68
0.67 0.37 0.64 0.67
0.76 0.80 0.59 0.51
0.52 0.51 0.80 0.63
0.60 0.57 0.68 0.31
0.56 0.53 0.70 0.57
0.98 0.52 0.54 0.52
0.51 0.74 0.69 0.64
0.57 0.89 0.05 0.91
0.51 0.95 0.67 0.58
0.92 0.34 0.51 0.56
0.52 0.62 0.71 0.70
0.53 0.57 0.52 0.84
0.68 0.43 0.71 0.64
0.44 0.92 0.70 0.71
0.80 0.49 0.68 0.66
0.55 0.55 0.84 0.60
0.51 0.53 0.63 0.86
0.92 0.53 0.67 0.52
0.64 0.80 0.09 0.98
0.78 0.75 0.90 0.02
0.51 0.98 0.61 0.56
0.52 0.64 0.52 0.71
0.85 0.17 0.84 0.59
0.54 0.97 0.28 0.70
0.77 0.75 0.58 0.51
0.51 0.96 0.56 0.51
0.58 0.57 0.64 0.52
0.21 0.52 0.55 0.88
0.85 0.59 0.55 0.51
0.89 0.98 0.14 0.63
0.78 0.32 0.68 0.68
0.51 0.65 0.76 0.56
0.55 0.52 0.79 0.86
0.85 0.46 0.76 0.59
0.52 0.99 0.52 0.57
0.60 0.51 0.83 0.54
0.52 0.81 0.81 0.51
0.68 0.34 0.96 0.64
0.64 0.55 0.52 0.51
0.56 0.61 0.35 0.62
0.62 0.84 0.17 0.55
0.51 0.92 0.65 0.56
0.98 0.03 0.67 0.73
0.99 0.69 0.59 0.05
0.55 0.51 0.70 0.73
0.79 0.55 0.85 0.05
0.57 0.54 0.53 0.69
0.51 0.87 0.55 0.69
0.54 0.58 0.78 0.52
0.51 0.80 0.68 0.56
0.60 0.64 0.74 0.19
0.54 0.93 0.46 0.66
0.80 0.82 0.13 0.70
0.51 0.66 0.63 0.65
0.96 0.59 0.16 0.57
0.67 0.51 0.44 0.70
0.51 0.55 0.65 0.65
0.58 0.70 0.73 0.24
0.62 0.63 0.56 0.40
0.93 0.08 0.73 0.83
0.60 0.55 0.86 0.52
0.09 0.96 0.94 0.82
0.57 0.68 0.59 0.52
0.52 0.73 0.53 0.70
0.52 0.58 0.96 0.62
0.86 0.51 0.62 0.53
0.60 0.52 0.82 0.53
0.51 0.53 0.73 0.52
0.50 0.94 0.78 0.59
0.51 0.74 0.66 0.56
0.52 0.56 0.85 0.16
0.23 0.87 0.89 0.81
0.61 0.45 0.73 0.58
0.03 0.59 1.00 0.88
0.46 0.77 0.99 0.79
0.75 0.51 0.78 0.26
0.54 0.51 0.63 0.61
0.14 0.55 0.92 0.53
0.51 0.56 0.71 0.53
0.51 0.91 0.52 0.77
0.53 0.51 0.77 0.76
0.74 0.20 0.87 0.85
0.61 0.66 0.62 0.24
0.43 0.59 0.79 0.65
0.13 0.65 0.55 0.59
0.94 0.77 0.29 0.69
0.59 0.45 0.91 0.64
0.84 0.57 0.16 0.95
0.77 0.79 0.16 0.53
0.81 0.51 0.77 0.54
0.59 0.59 0.65 0.51
0.52 0.53 0.54 0.68
0.59 0.55 0.57 0.18
0.06 0.96 0.60 0.51
0.67 0.32 0.95 0.70
0.10 0.53 0.84 0.64
0.93 0.68 0.51 0.52
0.54 0.58 0.06 0.77
0.54 0.58 0.51 0.65
0.52 0.70 0.53 0.52
0.67 0.54 0.58 0.54
0.79 0.08 0.82 0.58
0.73 0.13 0.56 0.60
0.57 0.65 0.55 0.52
0.56 0.56 0.52 0.53
0.55 0.53 0.59 0.64
0.56 0.52 0.88 0.52
0.99 0.64 0.51 0.17
0.86 0.03 0.91 0.93
0.56 0.54 0.62 0.61
0.72 0.83 0.05 0.95
0.18 0.95 0.65 0.58
0.82 0.88 0.45 0.51
1.00 0.26 0.84 0.56
0.55 0.51 0.57 0.87
0.57 0.56 0.49 0.69
0.06 0.72 0.95 0.52
0.69 0.78 0.27 0.62
0.81 0.53 0.65 0.53
0.52 0.15 0.89 0.78
0.55 0.90 0.16 0.56
0.51 0.63 0.63 0.57
0.72 0.51 0.61 0.06
0.96 0.94 0.14 0.59
0.86 0.12 0.83 0.56
0.34 0.53 0.57 0.51
0.87 0.12 0.53 0.53
0.51 0.58 0.52 0.72
0.93 0.51 0.54 0.06
0.66 0.31 0.66 0.58
0.91 0.54 0.37 0.92
0.51 0.57 0.51 0.76
0.83 0.40 0.13 0.77
0.70 0.51 1.00 0.53
0.51 0.60 0.55 0.59
0.62 0.82 0.08 0.68
0.55 0.57 0.51 0.55
0.99 0.99 0.51 0.12
0.63 0.23 0.51 0.82
0.75 0.51 0.01 0.52
0.63 0.87 0.02 0.75
0.51 0.73 0.55 0.52
0.22 0.57 0.65 0.74
0.64 0.59 0.51 0.51
0.04 0.92 0.94 0.73
0.33 0.52 0.67 0.74
0.03 0.86 0.62 0.92
0.96 0.09 0.68 0.63
0.55 0.52 0.87 0.57
0.32 0.52 0.65 0.58
0.76 0.52 0.52 0.38
0.99 0.10 0.82 0.54
0.99 0.75 0.53 0.14
0.54 0.54 0.08 0.55
0.57 0.64 0.59 0.25
0.54 0.51 0.68 0.59
0.51 0.52 0.52 0.83
0.86 0.27 0.68 0.25
0.57 0.52 0.70 0.55
0.91 0.37 0.01 0.60
0.56 0.16 0.51 0.61
0.55 0.79 0.63 0.14
0.56 0.65 0.20 0.52
0.67 0.92 0.60 0.14
0.08 0.85 0.92 0.90
0.63 0.51 0.05 0.61
0.13 0.57 0.65 0.91
0.56 0.13 0.62 0.54
0.52 0.93 0.50 0.87
0.70 0.53 0.72 0.24
0.53 0.76 0.73 0.40
0.52 0.45 0.73 0.59
0.73 0.52 0.56 0.54
0.57 0.52 0.77 0.51
0.71 0.51 0.73 0.52
0.57 0.43 0.58 0.55
0.53 0.52 0.78 0.51
0.60 0.51 0.96 0.51
0.03 0.75 0.75 0.55
0.51 0.95 0.89 0.10
0.53 0.05 0.82 0.93
0.58 0.50 0.61 0.53
0.09 0.94 0.73 0.58
0.55 0.52 0.56 0.80
0.58 0.98 0.51 0.51
0.19 0.64 0.86 0.63
0.51 0.56 0.72 0.05
0.53 0.64 0.50 0.72
0.62 0.74 0.51 0.51
0.55 0.52 0.55 0.68
0.64 0.01 0.59 0.78
0.52 0.58 0.54 0.61
1.00 0.58 0.23 0.51
0.51 0.76 0.56 0.51
0.88 0.82 0.56 0.27
0.55 0.86 0.52 0.51
0.51 0.94 0.51 0.68
0.51 0.07 0.54 0.55
0.04 0.68 0.53 0.68
0.05 0.53 1.00 0.88
0.15 0.53 0.67 0.59
0.53 0.76 0.71 0.06
0.06 0.65 0.59 0.98
0.93 0.01 0.56 0.98
0.53 0.52 0.52 0.73
0.41 0.80 0.54 0.63
0.84 0.87 0.51 0.16
0.85 0.54 0.50 0.51
0.51 0.61 0.51 0.51
0.02 0.67 0.69 0.86
0.75 0.44 0.56 0.51
0.59 0.51 0.74 0.51
0.88 0.97 0.10 0.51
0.37 0.85 0.08 0.87
0.08 0.74 0.57 0.52
0.30 0.86 0.51 0.82
0.52 0.52 0.85 0.52
0.13 0.56 0.51 0.72
0.10 0.51 0.52 0.63
0.92 0.02 0.82 0.67
0.08 0.52 0.60 0.67
0.51 0.55 0.10 0.60
0.22 0.54 0.59 0.57
0.61 0.53 0.53 0.54
0.04 0.51 0.91 0.63
0.22 0.70 0.83 0.56
0.89 0.10 0.73 0.51
0.96 0.57 0.84 0.03
0.64 0.51 0.69 0.51
0.80 0.51 0.53 0.51
0.59 0.44 0.53 0.58
0.82 0.73 0.53 0.30
0.51 0.56 0.51 0.58
0.51 0.77 0.72 0.04
0.07 0.87 0.42 0.86
0.74 0.62 0.15 0.51
0.65 0.02 0.95 0.76
0.99 1.00 0.28 0.05
0.52 0.52 0.58 0.30
0.13 0.77 0.92 0.51
0.58 0.57 0.58 0.24
0.52 0.52 0.51 0.78
0.41 0.75 0.70 0.25
0.06 0.89 0.53 0.64
0.07 0.92 0.24 0.61
0.60 0.51 0.71 0.21
0.59 0.57 0.76 0.02
0.59 0.72 0.54 0.33
0.31 0.61 0.52 0.61
0.85 0.93 0.57 0.10
0.58 0.59 0.55 0.51
0.01 0.82 0.56 0.60
0.20 0.63 0.69 0.53
0.03 0.75 0.69 0.68
0.56 0.54 0.57 0.37
0.62 0.82 0.57 0.11
0.54 0.55 0.65 0.10
0.88 0.70 0.52 0.09
0.68 0.91 0.55 0.01
0.71 0.48 0.83 0.51
0.55 0.54 0.54 0.53
0.60 0.84 0.06 0.48
0.03 0.57 0.93 0.72
0.53 0.59 0.47 0.54
0.70 0.01 0.89 0.71
0.55 0.52 0.51 0.52
0.63 0.53 0.51 0.51
0.60 0.03 0.93 0.94
0.66 0.03 0.75 0.66
0.23 0.52 0.54 0.57
0.76 0.62 0.57 0.07
0.57 0.56 0.53 0.51
0.19 0.66 0.63 0.53
0.60 0.98 0.94 0.01
0.04 0.63 0.51 0.92
0.22 1.00 0.85 0.13
0.82 0.67 0.53 0.32
0.04 0.92 0.82 0.51
0.02 0.80 0.65 0.74
0.98 0.53 0.24 0.34
0.66 0.90 0.59 0.10
0.60 0.65 0.62 0.15
0.55 0.34 0.71 0.54
0.13 0.57 0.91 0.01
0.29 0.80 0.02 0.88
0.58 0.92 0.03 0.69
0.43 0.84 0.51 0.56
0.73 0.35 0.87 0.51
0.51 0.58 0.54 0.51
0.99 0.08 0.74 0.52
0.06 0.57 0.68 0.69
0.58 0.79 0.71 0.04
0.98 0.41 0.62 0.52
0.01 0.66 0.55 0.61
0.68 0.05 0.57 0.89
0.98 0.02 0.90 0.56
0.58 0.59 0.52 0.51
0.08 0.89 0.56 0.59
0.59 0.53 0.55 0.51
0.09 0.61 0.80 0.53
0.56 0.09 0.99 0.52
0.66 0.99 0.52 0.42
0.52 0.52 0.28 0.80
0.51 0.22 0.51 0.81
0.51 0.55 0.94 0.02
0.53 0.87 0.03 0.51
0.51 0.02 0.68 0.70
0.12 0.69 0.80 0.51
0.52 0.89 0.58 0.05
0.67 0.60 0.64 0.06
0.99 0.01 0.76 0.74
0.67 0.76 0.53 0.28
0.67 0.57 0.02 0.74
0.14 0.77 0.55 0.51
0.58 0.05 0.64 0.77
0.56 0.09 0.81 0.53
0.64 0.51 0.57 0.52
0.05 0.55 0.86 0.88
0.63 0.95 0.51 0.41
0.52 0.32 0.66 0.39
0.80 0.77 0.51 0.33
0.61 0.51 0.59 0.52
0.05 0.73 0.80 0.55
0.61 0.79 0.15 0.52
0.63 0.10 0.77 0.54
0.74 0.02 0.64 0.59
0.39 0.72 0.52 0.56
0.99 0.10 0.51 0.80
0.69 0.51 0.79 0.15
0.29 0.07 0.73 0.95
0.36 0.86 0.51 0.41
0.66 0.53 0.55 0.22
0.06 0.72 0.90 0.54
0.56 0.76 0.67 0.09
0.72 0.72 0.63 0.04
0.46 0.55 0.86 0.27
0.18 0.91 0.66 0.11
0.15 0.52 0.98 0.60
0.60 0.56 0.06 0.72
0.88 0.78 0.65 0.03
0.56 0.62 0.59 0.26
0.24 0.51 0.51 0.56
0.56 0.63 0.35 0.54
0.51 0.88 0.57 0.06
0.61 0.53 0.61 0.16
0.58 0.57 0.51 0.29
1.00 0.51 0.53 0.37
0.68 0.04 0.73 0.63
0.14 0.93 0.71 0.26
0.07 0.55 0.65 0.71
0.69 0.61 0.60 0.12
0.53 0.06 0.75 0.60
0.56 0.02 0.68 0.59
0.55 0.67 0.52 0.43
0.06 0.63 0.75 0.57
0.74 0.86 0.59 0.10
0.57 0.56 0.51 0.28
0.62 0.51 0.51 0.51
0.57 0.94 0.02 0.53
0.11 0.56 0.68 0.56
0.76 0.01 0.76 0.53
0.64 0.63 0.57 0.07
0.50 0.17 0.66 0.60
0.68 0.89 0.38 0.08
0.93 0.07 0.71 0.54
0.52 0.03 0.65 0.71
0.03 0.71 0.95 0.59
0.14 0.54 0.86 0.59
0.57 0.69 0.05 0.68
0.83 0.37 0.53 0.56
0.95 0.67 0.53 0.22
0.65 0.78 0.55 0.01
0.03 0.61 0.83 0.69
0.15 0.71 0.71 0.51
0.65 0.28 0.69 0.51
0.57 0.57 0.31 0.52
0.78 0.85 0.52 0.11
0.86 0.28 0.51 0.52
0.52 0.44 0.54 0.51
0.62 0.54 0.81 0.03
0.83 0.17 0.69 0.51
0.52 0.85 0.52 0.47
0.52 0.55 0.51 0.53
0.93 0.02 0.57 0.83
0.60 0.96 0.56 0.18
0.51 0.54 0.24 0.54
0.62 0.51 0.26 0.63
0.52 0.51 0.40 0.61
0.62 0.01 0.92 0.75
0.04 0.60 0.68 0.77
0.73 0.81 0.01 0.63
0.78 0.02 0.56 0.79
0.33 0.62 0.68 0.55
0.89 0.80 0.51 0.23
0.58 0.88 0.01 0.95
0.10 0.86 0.51 0.76
0.52 0.79 0.05 0.74
0.06 0.78 0.78 0.51
0.63 0.55 0.53 0.38
0.04 0.63 0.56 0.79
0.90 0.53 0.55 0.11
0.16 0.57 0.62 0.59
0.93 0.71 0.75 0.02
0.55 0.56 0.05 0.69
0.61 0.71 0.01 0.96
0.09 0.56 0.52 0.89
0.89 0.53 0.65 0.03
0.62 0.68 0.03 0.52
0.59 0.12 0.24 0.84
0.63 0.74 0.51 0.09
0.36 0.55 0.55 0.55
0.63 0.51 0.70 0.14
0.68 0.03 0.81 0.54
0.53 0.51 0.31 0.80
0.04 0.53 0.62 0.70
0.03 0.53 0.81 0.94
0.64 0.14 0.70 0.51
0.63 0.27 0.94 0.52
0.54 0.48 0.51 0.60
0.80 0.12 0.53 0.54
0.51 0.59 0.51 0.51
0.13 0.62 0.59 0.35
0.02 0.99 0.86 0.51
0.67 0.55 0.01 0.77
0.76 0.44 0.51 0.54
0.89 0.64 0.61 0.01
0.51 0.52 0.95 0.51
0.73 0.61 0.05 0.59
0.92 0.76 0.05 0.51
0.51 0.52 0.82 0.53
0.54 0.70 0.54 0.05
0.81 0.01 0.55 0.97
