500 4
0.10 0.91 0.53 0.62
0.61 0.86 0.91 1.00
0.73 0.88 0.89 0.52
0.91 0.85 0.64 0.73
0.55 0.84 0.76 0.07
0.70 0.71 1.00 0.68
0.62 0.76 0.58 0.66
0.60 0.79 0.79 0.91
0.82 0.77 0.79 0.55
0.93 0.84 0.75 0.57
0.65 0.66 0.72 0.88
0.80 0.54 0.72 0.78
0.95 0.65 0.73 0.51
0.99 0.71 0.59 0.55
0.84 0.51 0.77 0.61
0.74 0.55 0.95 0.69
0.51 0.90 0.51 0.73
0.96 0.55 0.64 0.51
0.59 0.83 0.51 0.90
0.53 0.54 0.89 0.59
0.99 0.59 0.62 0.94
0.84 0.56 0.61 0.80
0.81 0.71 0.62 0.83
0.67 0.82 0.55 0.86
0.79 0.68 0.76 0.54
0.54 0.53 1.00 0.59
0.84 0.73 0.99 0.51
0.86 0.63 0.18 0.68
0.82 0.64 0.66 0.85
0.70 0.70 0.76 0.83
0.06 0.98 0.55 0.60
0.55 0.62 0.77 0.58
0.90 0.53 0.70 0.66
0.51 0.69 0.93 0.67
0.80 0.80 0.55 0.98
0.85 0.88 0.45 0.57
0.58 0.58 0.67 0.79
0.74 0.66 0.94 0.51
0.91 0.51 0.75 0.90
0.76 0.68 0.71 0.78
0.95 0.20 0.71 0.55
0.55 0.74 0.93 0.55
0.99 0.64 0.56 0.16
0.58 0.86 0.65 0.94
0.60 0.66 0.54 0.51
0.77 0.54 0.68 0.97
0.57 0.99 0.52 0.67
0.82 0.58 0.65 0.96
0.93 0.58 0.52 0.74
0.67 0.52 0.73 0.62
0.58 0.76 0.60 0.85
0.70 0.61 0.54 0.78
0.62 0.54 0.51 0.86
0.75 0.70 0.51 0.50
0.54 0.58 0.76 0.94
0.73 0.68 0.21 0.51
0.93 0.53 0.65 0.51
0.72 0.41 0.98 0.84
0.59 0.63 0.67 0.52
0.32 0.88 0.88 0.99
0.56 0.56 0.58 0.73
0.74 0.53 0.95 0.54
0.38 0.72 0.91 0.83
0.51 0.65 0.89 0.16
0.54 0.79 0.44 0.83
0.92 0.60 0.84 0.51
0.62 1.00 0.69 0.29
0.32 0.85 0.78 0.74
0.65 0.59 0.82 0.55
0.51 0.85 0.72 0.70
0.54 0.98 0.84 0.31
0.53 0.62 0.53 0.92
0.83 0.79 0.76 0.17
0.84 0.64 0.61 0.68
0.72 0.40 0.81 0.95
0.59 0.10 0.66 0.77
0.87 0.52 0.87 0.58
0.54 0.71 0.75 0.76
0.58 0.68 0.74 0.58
0.72 0.56 0.63 0.71
0.53 0.53 0.65 0.95
0.74 0.51 0.94 0.54
0.83 0.56 0.52 0.60
0.49 0.59 0.92 0.58
0.59 0.82 0.51 0.64
0.52 0.70 0.62 0.74
0.02 0.65 0.89 0.58
0.54 0.72 0.54 0.78
0.58 0.66 0.54 0.76
0.54 0.59 0.55 0.73
0.59 0.70 0.66 0.52
0.52 0.68 0.58 0.84
0.83 0.54 0.80 0.53
0.77 0.51 0.83 0.54
0.53 0.78 0.74 0.73
0.55 0.84 0.60 0.55
0.75 0.52 0.63 0.89
0.53 0.55 0.68 0.63
0.51 0.53 0.64 0.62
0.70 0.55 0.52 0.82
0.51 0.66 0.67 0.57
0.68 0.78 0.53 0.64
0.90 0.54 0.56 0.73
0.87 0.55 0.51 0.56
0.57 0.51 0.97 0.90
0.80 0.56 0.57 0.76
0.89 0.51 0.69 0.58
0.76 0.64 0.65 0.52
0.54 0.51 0.82 0.92
0.77 0.64 0.82 0.39
0.63 0.55 0.61 0.53
0.73 0.64 0.51 0.69
0.57 0.54 0.66 0.53
0.74 0.64 0.58 0.68
0.54 0.79 0.62 0.70
0.52 0.87 0.62 0.52
0.83 0.61 0.58 0.58
0.76 0.61 0.60 0.71
0.51 0.51 0.77 0.98
0.56 0.70 0.54 0.70
0.36 0.71 0.65 0.51
0.54 0.54 0.68 0.51
0.53 0.95 0.59 0.51
0.58 0.61 0.54 0.93
0.51 0.52 0.51 0.53
0.52 0.51 0.57 0.90
0.65 0.51 1.00 0.60
0.61 0.13 0.94 0.55
0.91 0.53 0.77 0.09
0.34 0.74 0.80 0.54
0.31 0.59 0.78 0.74
0.94 0.57 0.64 0.51
0.64 0.53 0.63 0.51
0.74 0.27 0.78 0.68
0.70 0.99 0.52 0.51
0.27 0.54 0.57 0.69
0.78 1.00 0.05 0.82
0.21 0.51 0.79 0.59
0.37 0.64 0.81 0.56
0.64 0.51 0.51 0.51
0.84 0.52 0.03 0.55
0.07 0.91 0.62 0.86
0.06 0.91 0.71 0.87
0.68 0.56 0.86 0.09
0.72 0.61 0.23 0.82
0.43 0.67 0.63 0.68
0.64 0.58 0.92 0.34
0.09 0.69 0.80 0.93
0.66 0.58 0.08 0.76
0.21 0.61 0.55 0.77
0.81 0.84 0.01 0.71
0.60 0.75 0.59 0.38
0.96 0.28 0.62 0.64
0.58 0.76 0.10 0.99
0.36 0.55 0.70 0.62
0.87 0.79 0.66 0.37
0.01 0.94 0.73 0.62
0.60 0.23 0.62 0.77
0.82 0.76 0.56 0.09
0.66 0.74 0.72 0.33
0.60 0.53 0.67 0.52
0.52 0.50 0.79 0.60
0.54 0.51 0.54 0.79
0.81 0.17 0.86 0.68
0.80 0.56 0.45 0.65
0.63 0.63 0.53 0.52
0.58 0.56 0.40 0.83
0.60 0.52 0.79 0.52
0.43 0.70 0.69 0.60
0.61 0.50 0.69 0.59
0.54 0.51 0.77 0.70
0.51 0.51 0.75 0.86
0.56 0.91 0.39 0.57
0.25 0.56 0.92 0.53
0.73 0.69 0.53 0.08
0.59 0.87 0.62 0.51
0.76 0.23 0.86 0.53
0.99 0.18 0.73 0.72
0.61 0.53 0.96 0.04
0.01 0.84 0.84 0.74
0.04 0.63 0.59 0.55
0.18 0.93 0.82 0.51
0.72 0.79 0.08 0.65
0.65 0.03 0.74 0.95
0.55 0.68 0.54 0.51
0.51 0.95 0.49 0.95
0.96 0.59 0.57 0.18
0.89 0.10 0.77 0.41
0.55 0.19 0.72 0.69
0.53 0.61 0.90 0.51
0.61 0.20 0.77 0.62
0.55 0.51 0.75 0.66
0.74 0.56 0.72 0.06
0.52 0.51 0.72 0.84
0.64 0.69 0.10 0.62
0.52 0.94 0.74 0.36
0.58 0.51 0.83 0.52
0.85 0.26 0.57 0.71
0.60 0.51 0.67 0.66
0.71 0.93 0.09 0.71
0.71 0.36 0.58 0.79
0.94 0.75 0.58 0.02
0.87 0.26 0.58 0.60
0.52 0.08 0.81 0.88
0.51 0.85 0.61 0.51
0.64 0.59 0.60 0.26
0.56 0.67 0.51 0.52
0.54 0.87 0.05 0.61
0.98 0.76 0.70 0.01
0.87 0.13 0.51 0.74
0.01 0.82 0.86 0.94
0.85 0.13 0.59 0.91
0.87 0.58 0.62 0.17
0.71 0.80 0.53 0.48
0.78 0.79 0.56 0.07
0.86 0.03 0.85 0.62
0.68 0.53 0.20 0.71
0.56 0.39 0.87 0.61
0.54 0.51 0.79 0.55
0.11 0.58 0.78 0.56
0.52 0.09 0.52 0.85
0.51 0.59 0.22 0.69
0.08 0.51 0.57 0.78
0.60 0.60 0.18 0.97
0.78 0.10 0.86 0.70
0.98 0.69 0.02 0.06
0.70 0.75 0.72 0.10
0.55 0.47 0.75 0.52
0.76 0.67 0.08 0.63
0.79 0.12 0.54 0.67
0.65 0.51 0.66 0.36
0.53 0.25 0.80 0.76
0.64 0.12 0.63 0.64
0.80 0.52 0.15 0.84
0.52 0.67 0.04 0.74
0.75 0.31 0.68 0.60
0.54 0.84 0.65 0.24
0.61 0.02 1.00 0.94
0.77 0.55 0.81 0.14
0.71 0.56 0.59 0.36
0.52 0.51 0.69 0.64
0.74 0.30 0.55 0.78
0.55 0.70 0.69 0.13
0.75 0.30 0.54 0.57
0.62 0.03 0.83 0.62
0.03 0.68 0.81 0.78
0.60 0.52 0.96 0.51
0.70 0.21 0.70 0.60
0.51 0.51 0.77 0.73
0.90 0.61 0.63 0.15
0.39 0.85 0.53 0.90
0.28 0.59 0.55 0.52
0.15 0.52 0.62 0.66
0.89 0.21 0.03 0.98
0.17 0.51 0.73 0.63
0.64 0.35 0.81 0.58
0.94 0.63 0.63 0.04
0.51 0.51 0.97 0.51
0.14 0.63 0.86 0.52
0.83 0.80 0.06 0.68
0.08 0.87 0.80 0.54
0.60 0.79 0.51 0.51
0.01 0.54 0.87 0.66
0.79 0.47 0.66 0.55
0.62 0.94 0.20 0.58
0.11 0.58 0.54 0.73
0.52 0.92 0.56 0.51
0.11 0.53 0.65 0.71
0.65 0.41 0.53 0.62
0.56 0.52 0.78 0.51
0.52 0.04 1.00 0.79
0.54 0.22 0.95 0.79
0.62 0.65 0.23 0.53
0.52 0.60 0.53 0.51
0.57 0.55 0.51 0.51
0.74 0.58 0.41 0.70
0.66 0.52 0.05 0.73
0.73 0.74 0.03 0.85
0.78 0.46 0.51 0.63
0.73 0.32 0.54 0.53
0.09 1.00 0.84 0.53
0.58 0.51 0.83 0.51
0.58 0.51 0.53 0.72
0.53 0.86 0.87 0.08
1.00 0.03 0.54 0.69
0.82 0.02 0.78 0.84
0.64 0.29 0.73 0.61
0.51 0.51 0.54 0.77
0.69 0.45 0.53 0.61
0.60 0.52 0.61 0.51
0.05 0.62 0.74 0.95
0.51 0.36 0.81 0.57
0.23 0.51 0.86 0.55
0.65 0.62 0.78 0.08
0.60 0.73 0.59 0.16
0.62 0.94 0.36 0.39
0.07 0.52 1.00 0.80
0.54 0.07 0.75 0.69
0.01 0.92 0.80 0.62
0.59 0.54 0.57 0.52
0.01 0.73 0.75 0.97
0.60 0.78 0.03 0.87
0.86 0.70 0.77 0.03
0.86 0.27 0.59 0.55
0.53 0.56 0.56 0.52
0.59 0.51 0.54 0.60
0.94 0.94 0.16 0.54
0.52 0.04 0.60 0.95
0.49 0.86 0.51 0.88
0.53 0.52 0.69 0.52
0.61 0.57 0.82 0.13
0.59 0.26 0.85 0.52
0.51 0.51 0.71 0.75
0.22 1.00 0.84 0.47
0.57 0.77 0.32 0.53
0.51 0.84 0.77 0.12
0.51 0.86 0.51 0.52
0.52 0.53 0.79 0.24
0.89 0.11 0.71 0.53
0.52 0.40 0.76 0.83
0.64 0.99 0.11 0.59
0.62 0.07 0.60 0.51
0.91 0.63 0.59 0.34
0.53 0.57 0.59 0.11
0.01 0.86 0.72 0.94
0.87 0.65 0.25 0.39
0.57 0.62 0.47 0.53
0.60 0.58 0.21 0.53
0.53 0.51 0.74 0.62
0.56 0.62 0.11 0.64
0.78 0.51 0.50 0.67
0.58 0.60 0.03 0.67
0.78 0.54 0.01 0.96
0.85 0.09 0.59 0.58
0.59 0.90 0.01 0.90
0.18 0.51 0.94 0.62
0.69 0.53 0.27 0.69
0.51 0.57 0.62 0.52
0.61 0.52 0.56 0.51
0.68 0.61 0.54 0.20
0.75 0.68 0.72 0.03
0.53 0.08 0.62 0.69
0.33 0.53 0.55 0.74
0.97 0.99 0.06 0.53
0.80 0.56 0.53 0.11
0.58 0.51 0.59 0.71
0.54 0.71 0.54 0.04
0.85 0.85 0.52 0.34
0.55 0.91 0.67 0.03
0.65 0.03 0.75 0.65
0.63 0.90 0.18 0.52
1.00 0.05 0.67 0.66
0.57 0.81 0.30 0.58
0.79 0.71 0.12 0.51
0.88 0.02 0.90 0.78
0.57 0.30 0.70 0.68
0.53 0.80 0.19 0.51
0.63 0.13 0.56 0.72
0.66 0.62 0.54 0.09
0.57 0.39 0.55 0.58
0.51 0.65 0.82 0.51
0.52 0.90 0.55 0.28
0.51 0.58 0.87 0.51
0.13 0.58 0.66 0.59
0.80 0.01 0.95 0.66
0.67 0.54 0.08 0.69
0.06 0.26 0.63 0.54
0.72 0.94 0.51 0.09
0.51 0.70 0.83 0.34
0.56 0.05 0.61 0.89
0.03 0.26 0.80 0.71
0.54 0.51 0.57 0.58
0.57 0.54 0.51 0.52
0.14 0.75 0.52 0.84
0.52 0.62 0.57 0.35
0.52 0.51 0.88 0.18
0.02 0.89 0.75 0.85
0.52 0.73 0.19 0.53
0.95 0.51 0.86 0.10
0.58 0.14 0.70 0.56
0.55 0.57 0.33 0.70
0.52 0.63 0.51 0.51
0.94 0.64 0.34 0.51
0.36 0.56 0.86 0.51
0.65 0.57 0.16 0.98
0.05 0.62 0.67 0.81
0.03 0.72 0.86 0.54
0.70 0.54 0.94 0.06
0.56 0.53 0.73 0.51
0.84 0.59 0.39 0.51
0.98 0.85 0.58 0.01
0.79 0.56 0.57 0.42
0.51 1.00 0.53 0.45
0.80 0.58 0.01 0.90
0.53 0.65 0.21 0.83
0.96 0.61 0.91 0.03
0.68 0.57 0.50 0.58
0.72 0.58 0.39 0.51
0.60 0.04 0.73 0.55
0.73 0.02 0.89 0.80
0.66 0.35 0.55 0.53
0.85 0.67 0.01 0.83
0.53 0.68 0.11 0.53
0.84 0.94 0.91 0.01
0.01 0.98 0.66 0.53
0.51 0.14 0.51 0.58
0.61 0.53 0.78 0.24
0.81 0.62 0.20 0.56
0.86 0.01 0.67 0.64
0.13 0.66 0.50 0.83
0.52 0.62 0.08 0.61
0.70 0.53 0.63 0.22
0.50 0.96 0.66 0.11
0.55 0.59 0.12 0.88
0.51 0.97 0.26 0.58
0.80 0.68 0.63 0.03
0.68 0.78 0.22 0.51
0.78 0.68 0.94 0.02
0.51 0.57 0.73 0.51
0.66 0.31 0.60 0.24
0.55 0.52 0.68 0.52
0.58 0.51 0.08 0.93
0.16 0.94 0.16 0.87
0.59 0.53 0.83 0.07
0.10 0.64 0.59 0.53
0.70 0.52 0.59 0.44
0.80 0.53 0.82 0.17
0.33 0.79 0.54 0.65
0.88 0.93 0.85 0.01
0.75 0.61 0.09 0.65
0.74 0.25 0.08 0.84
0.06 0.78 0.52 0.73
0.51 0.81 0.07 0.96
0.56 0.52 0.68 0.51
0.38 0.63 0.85 0.51
0.52 0.76 0.55 0.14
0.62 0.64 0.51 0.06
0.05 0.17 0.84 0.83
0.69 0.52 0.64 0.12
0.79 0.79 0.08 0.51
0.67 0.03 0.73 0.74
0.67 0.01 0.77 0.90
0.69 0.01 0.88 0.78
0.66 0.84 0.94 0.02
0.57 0.57 0.45 0.58
0.52 0.96 0.02 0.70
0.51 0.99 0.53 0.51
0.52 0.52 0.57 0.04
0.07 0.89 0.99 0.53
0.60 0.05 0.86 0.13
0.95 0.53 0.56 0.43
0.51 0.51 0.95 0.53
0.01 0.65 0.78 0.83
0.51 0.67 0.01 0.71
0.99 0.04 0.59 0.61
0.36 0.83 0.87 0.07
0.61 0.01 0.95 0.89
0.61 0.56 0.50 0.65
0.51 0.52 0.22 0.77
0.05 1.00 0.56 0.57
0.59 0.07 0.93 0.60
0.57 0.54 0.10 0.87
0.06 0.82 0.53 0.69
0.55 0.60 0.15 0.55
0.91 0.58 0.05 0.51
0.07 0.84 0.60 0.51
0.05 0.61 0.59 0.82
0.74 0.73 0.79 0.03
0.51 0.57 0.15 0.75
0.86 0.74 0.95 0.01
0.78 0.06 0.57 0.83
0.03 0.54 0.66 0.58
0.10 0.67 0.55 0.84
0.57 0.66 0.18 0.54
0.82 0.62 0.52 0.42
0.86 0.09 0.67 0.01
0.71 0.89 0.56 0.03
0.52 0.92 0.56 0.12
0.76 0.95 0.22 0.06
0.54 0.05 0.97 0.81
0.61 0.04 0.37 0.85
0.58 0.54 0.52 0.51
0.68 0.52 0.06 0.54
0.09 0.65 0.79 0.52
0.52 0.72 0.19 0.55
0.29 0.53 0.53 0.92
0.09 0.68 0.18 0.68
0.51 0.33 0.73 0.52
0.67 0.03 0.58 0.68
0.36 0.51 0.54 0.88
0.07 0.69 0.56 0.59
0.92 0.01 0.65 0.99
0.56 0.02 0.96 0.73
0.01 0.60 0.65 0.71
0.03 0.92 0.63 0.58
0.63 0.65 0.38 0.52
0.89 0.90 0.04 0.53
0.42 0.52 0.51 0.96
0.63 0.94 0.01 0.60
0.77 0.55 0.52 0.18
