500 4
10 91 53 62
61 86 91 100
73 88 89 52
91 85 64 73
55 84 76 7
70 71 100 68
62 76 58 66
60 79 79 91
82 77 79 55
93 84 75 57
65 66 72 88
80 54 72 78
95 65 73 51
99 71 59 55
84 51 77 61
74 55 95 69
51 90 51 73
96 55 64 51
59 83 51 90
53 54 89 59
99 59 62 94
84 56 61 80
81 71 62 83
67 82 55 86
79 68 76 54
54 53 100 59
84 73 99 51
86 63 18 68
82 64 66 85
70 70 76 83
6 98 55 60
55 62 77 58
90 53 70 66
51 69 93 67
80 80 55 98
85 88 45 57
58 58 67 79
74 66 94 51
91 51 75 90
76 68 71 78
95 20 71 55
55 74 93 55
99 64 56 16
58 86 65 94
60 66 54 51
77 54 68 97
57 99 52 67
82 58 65 96
93 58 52 74
67 52 73 62
58 76 60 85
70 61 54 78
62 54 51 86
75 70 51 50
54 58 76 94
73 68 21 51
93 53 65 51
72 41 98 84
59 63 67 52
32 88 88 99
56 56 58 73
74 53 95 54
38 72 91 83
51 65 89 16
54 79 44 83
92 60 84 51
62 100 69 29
32 85 78 74
65 59 82 55
51 85 72 70
54 98 84 31
53 62 53 92
83 79 76 17
84 64 61 68
72 40 81 95
59 10 66 77
87 52 87 58
54 71 75 76
58 68 74 58
72 56 63 71
53 53 65 95
74 51 94 54
83 56 52 60
49 59 92 58
59 82 51 64
52 70 62 74
2 65 89 58
54 72 54 78
58 66 54 76
54 59 55 73
59 70 66 52
52 68 58 84
83 54 80 53
77 51 83 54
53 78 74 73
55 84 60 55
75 52 63 89
53 55 68 63
51 53 64 62
70 55 52 82
51 66 67 57
68 78 53 64
90 54 56 73
87 55 51 56
57 51 97 90
80 56 57 76
89 51 69 58
76 64 65 52
54 51 82 92
77 64 82 39
63 55 61 53
73 64 51 69
57 54 66 53
74 64 58 68
54 79 62 70
52 87 62 52
83 61 58 58
76 61 60 71
51 51 77 98
56 70 54 70
36 71 65 51
54 54 68 51
53 95 59 51
58 61 54 93
51 52 51 53
52 51 57 90
65 51 100 60
61 13 94 55
91 53 77 9
34 74 80 54
31 59 78 74
94 57 64 51
64 53 63 51
74 27 78 68
70 99 52 51
27 54 57 69
78 100 5 82
21 51 79 59
37 64 81 56
64 51 51 51
84 52 3 55
7 91 62 86
6 91 71 87
68 56 86 9
72 61 23 82
43 67 63 68
64 58 92 34
9 69 80 93
66 58 8 76
21 61 55 77
81 84 1 71
60 75 59 38
96 28 62 64
58 76 10 99
36 55 70 62
87 79 66 37
1 94 73 62
60 23 62 77
82 76 56 9
66 74 72 33
60 53 67 52
52 50 79 60
54 51 54 79
81 17 86 68
80 56 45 65
63 63 53 52
58 56 40 83
60 52 79 52
43 70 69 60
61 50 69 59
54 51 77 70
51 51 75 86
56 91 39 57
25 56 92 53
73 69 53 8
59 87 62 51
76 23 86 53
99 18 73 72
61 53 96 4
1 84 84 74
4 63 59 55
18 93 82 51
72 79 8 65
65 3 74 95
55 68 54 51
51 95 49 95
96 59 57 18
89 10 77 41
55 19 72 69
53 61 90 51
61 20 77 62
55 51 75 66
74 56 72 6
52 51 72 84
64 69 10 62
52 94 74 36
58 51 83 52
85 26 57 71
60 51 67 66
71 93 9 71
71 36 58 79
94 75 58 2
87 26 58 60
52 8 81 88
51 85 61 51
64 59 60 26
56 67 51 52
54 87 5 61
98 76 70 1
87 13 51 74
1 82 86 94
85 13 59 91
87 58 62 17
71 80 53 48
78 79 56 7
86 3 85 62
68 53 20 71
56 39 87 61
54 51 79 55
11 58 78 56
52 9 52 85
51 59 22 69
8 51 57 78
60 60 18 97
78 10 86 70
98 69 2 6
70 75 72 10
55 47 75 52
76 67 8 63
79 12 54 67
65 51 66 36
53 25 80 76
64 12 63 64
80 52 15 84
52 67 4 74
75 31 68 60
54 84 65 24
61 2 100 94
77 55 81 14
71 56 59 36
52 51 69 64
74 30 55 78
55 70 69 13
75 30 54 57
62 3 83 62
3 68 81 78
60 52 96 51
70 21 70 60
51 51 77 73
90 61 63 15
39 85 53 90
28 59 55 52
15 52 62 66
89 21 3 98
17 51 73 63
64 35 81 58
94 63 63 4
51 51 97 51
14 63 86 52
83 80 6 68
8 87 80 54
60 79 51 51
1 54 87 66
79 47 66 55
62 94 20 58
11 58 54 73
52 92 56 51
11 53 65 71
65 41 53 62
56 52 78 51
52 4 100 79
54 22 95 79
62 65 23 53
52 60 53 51
57 55 51 51
74 58 41 70
66 52 5 73
73 74 3 85
78 46 51 63
73 32 54 53
9 100 84 53
58 51 83 51
58 51 53 72
53 86 87 8
100 3 54 69
82 2 78 84
64 29 73 61
51 51 54 77
69 45 53 61
60 52 61 51
5 62 74 95
51 36 81 57
23 51 86 55
65 62 78 8
60 73 59 16
62 94 36 39
7 52 100 80
54 7 75 69
1 92 80 62
59 54 57 52
1 73 75 97
60 78 3 87
86 70 77 3
86 27 59 55
53 56 56 52
59 51 54 60
94 94 16 54
52 4 60 95
49 86 51 88
53 52 69 52
61 57 82 13
59 26 85 52
51 51 71 75
22 100 84 47
57 77 32 53
51 84 77 12
51 86 51 52
52 53 79 24
89 11 71 53
52 40 76 83
64 99 11 59
62 7 60 51
91 63 59 34
53 57 59 11
1 86 72 94
87 65 25 39
57 62 47 53
60 58 21 53
53 51 74 62
56 62 11 64
78 51 50 67
58 60 3 67
78 54 1 96
85 9 59 58
59 90 1 90
18 51 94 62
69 53 27 69
51 57 62 52
61 52 56 51
68 61 54 20
75 68 72 3
53 8 62 69
33 53 55 74
97 99 6 53
80 56 53 11
58 51 59 71
54 71 54 4
85 85 52 34
55 91 67 3
65 3 75 65
63 90 18 52
100 5 67 66
57 81 30 58
79 71 12 51
88 2 90 78
57 30 70 68
53 80 19 51
63 13 56 72
66 62 54 9
57 39 55 58
51 65 82 51
52 90 55 28
51 58 87 51
13 58 66 59
80 1 95 66
67 54 8 69
6 26 63 54
72 94 51 9
51 70 83 34
56 5 61 89
3 26 80 71
54 51 57 58
57 54 51 52
14 75 52 84
52 62 57 35
52 51 88 18
2 89 75 85
52 73 19 53
95 51 86 10
58 14 70 56
55 57 33 70
52 63 51 51
94 64 34 51
36 56 86 51
65 57 16 98
5 62 67 81
3 72 86 54
70 54 94 6
56 53 73 51
84 59 39 51
98 85 58 1
79 56 57 42
51 100 53 45
80 58 1 90
53 65 21 83
96 61 91 3
68 57 50 58
72 58 39 51
60 4 73 55
73 2 89 80
66 35 55 53
85 67 1 83
53 68 11 53
84 94 91 1
1 98 66 53
51 14 51 58
61 53 78 24
81 62 20 56
86 1 67 64
13 66 50 83
52 62 8 61
70 53 63 22
50 96 66 11
55 59 12 88
51 97 26 58
80 68 63 3
68 78 22 51
78 68 94 2
51 57 73 51
66 31 60 24
55 52 68 52
58 51 8 93
16 94 16 87
59 53 83 7
10 64 59 53
70 52 59 44
80 53 82 17
33 79 54 65
88 93 85 1
75 61 9 65
74 25 8 84
6 78 52 73
51 81 7 96
56 52 68 51
38 63 85 51
52 76 55 14
62 64 51 6
5 17 84 83
69 52 64 12
79 79 8 51
67 3 73 74
67 1 77 90
69 1 88 78
66 84 94 2
57 57 45 58
52 96 2 70
51 99 53 51
52 52 57 4
7 89 99 53
60 5 86 13
95 53 56 43
51 51 95 53
1 65 78 83
51 67 1 71
99 4 59 61
36 83 87 7
61 1 95 89
61 56 50 65
51 52 22 77
5 100 56 57
59 7 93 60
57 54 10 87
6 82 53 69
55 60 15 55
91 58 5 51
7 84 60 51
5 61 59 82
74 73 79 3
51 57 15 75
86 74 95 1
78 6 57 83
3 54 66 58
10 67 55 84
57 66 18 54
82 62 52 42
86 9 67 1
71 89 56 3
52 92 56 12
76 95 22 6
54 5 97 81
61 4 37 85
58 54 52 51
68 52 6 54
9 65 79 52
52 72 19 55
29 53 53 92
9 68 18 68
51 33 73 52
67 3 58 68
36 51 54 88
7 69 56 59
92 1 65 99
56 2 96 73
1 60 65 71
3 92 63 58
63 65 38 52
89 90 4 53
42 52 51 96
63 94 1 60
77 55 52 18
