500 4
31 14 19 84
93 65 75 55
66 51 74 80
73 82 60 64
65 61 70 83
83 58 82 64
84 56 64 71
80 60 71 54
64 74 97 58
65 58 68 79
66 93 85 57
62 88 83 69
30 83 59 64
72 51 71 63
18 85 78 98
76 51 63 62
59 81 71 63
61 57 91 58
59 77 64 57
59 61 79 65
72 87 52 58
65 90 46 68
77 68 59 77
83 56 3 94
60 67 80 59
52 65 62 62
94 60 62 67
36 71 67 75
71 84 93 55
95 60 58 51
57 65 46 65
19 100 99 79
53 99 51 76
58 59 100 63
77 98 83 51
63 99 59 59
70 65 83 61
95 57 62 66
68 78 51 54
74 62 94 50
61 70 59 57
74 69 73 57
72 51 55 73
73 73 73 53
54 60 93 54
72 82 75 51
51 60 58 52
96 62 53 67
52 55 81 54
86 57 53 81
68 57 22 82
73 51 56 67
67 96 75 11
52 59 63 54
65 70 36 78
63 66 63 51
58 54 87 76
68 58 53 59
25 53 97 100
55 84 56 75
63 55 57 55
78 52 77 52
55 50 89 79
86 74 52 58
30 63 80 75
62 56 55 68
56 53 99 78
69 72 54 51
54 66 56 80
64 53 94 72
56 53 98 72
51 61 56 51
64 53 72 81
63 53 91 61
54 86 55 73
93 9 56 60
68 54 69 51
67 5 98 71
68 53 51 57
63 52 78 39
52 78 53 56
19 66 76 55
61 59 59 63
61 74 55 61
53 57 55 59
85 51 68 60
65 82 55 21
80 52 54 77
54 54 57 53
91 53 29 56
58 71 96 37
69 90 3 98
69 64 44 76
78 71 53 54
64 51 83 78
80 52 51 21
57 26 87 60
88 51 62 57
98 56 76 14
98 87 24 63
98 51 53 52
40 80 72 66
61 91 52 24
52 54 86 72
86 17 83 56
56 59 53 51
61 53 86 64
52 56 55 77
97 34 78 42
64 52 67 58
50 94 56 61
66 69 51 52
57 86 52 63
14 97 66 50
78 51 35 56
51 58 55 58
91 47 70 60
59 53 54 83
52 55 53 71
52 52 34 62
51 56 94 60
89 75 35 53
76 54 39 54
51 56 62 78
64 51 66 56
60 55 68 51
56 51 54 82
68 34 58 79
56 51 74 60
58 51 52 77
55 51 65 68
52 51 69 61
14 89 96 100
58 57 79 51
44 62 91 74
55 64 55 52
2 76 55 98
99 4 95 79
52 82 93 50
91 68 64 9
59 53 65 54
68 76 55 18
63 51 53 66
14 61 58 55
99 2 93 71
72 8 57 63
97 51 55 51
73 52 51 51
94 96 17 61
64 70 45 51
57 53 84 52
56 99 52 52
92 17 66 54
52 52 77 55
84 74 7 53
59 51 56 69
54 56 73 2
55 53 100 20
92 83 2 96
51 52 65 78
62 70 1 82
52 59 62 57
54 38 93 53
70 55 56 55
19 97 56 69
15 52 94 87
72 51 52 53
51 98 51 57
61 97 21 64
54 21 60 51
51 55 71 76
51 54 61 57
81 97 60 10
53 58 76 55
59 2 80 58
76 89 69 16
87 62 63 3
96 6 56 95
64 66 52 51
52 60 89 33
57 86 3 74
82 60 4 90
71 74 7 57
38 92 55 61
80 7 98 51
52 53 78 51
91 4 59 87
51 57 59 62
52 98 74 38
58 74 52 51
64 84 60 3
53 76 52 55
36 66 56 69
56 81 8 67
75 3 60 57
65 57 4 82
5 91 83 75
99 97 2 79
75 57 31 65
51 53 92 63
74 52 90 29
73 34 55 80
82 90 3 57
64 68 18 86
57 51 57 73
51 51 96 53
57 79 12 60
51 53 89 70
65 51 52 57
15 90 63 51
13 86 81 64
51 53 69 73
2 88 66 71
52 87 52 61
52 99 64 24
53 71 61 26
27 53 90 60
57 58 52 54
71 70 55 4
56 52 58 56
68 70 69 22
90 8 51 59
52 76 54 57
70 65 54 37
61 57 58 52
93 85 1 53
7 71 72 68
53 10 57 82
59 51 51 51
1 64 57 65
53 57 51 51
51 51 63 37
59 6 58 69
87 65 14 62
51 50 73 79
17 53 97 84
80 63 28 61
85 56 27 82
59 58 61 26
75 67 64 25
54 68 58 34
5 55 93 97
51 72 53 68
78 59 69 19
40 65 69 51
12 59 92 53
88 18 72 55
32 88 55 63
51 53 49 73
51 85 52 72
55 5 63 65
64 58 63 21
76 64 35 56
57 54 54 59
88 61 19 64
51 76 52 66
45 52 51 55
6 93 95 21
84 51 77 2
85 81 53 15
55 51 59 69
29 75 68 51
95 55 24 67
66 18 83 54
57 51 52 60
51 51 56 70
62 58 55 50
77 6 56 94
22 53 83 74
71 41 57 69
81 1 77 64
60 77 65 2
82 1 55 72
56 58 26 73
53 11 55 83
52 88 51 53
98 6 58 60
59 72 56 2
59 64 31 66
64 69 51 14
89 54 19 53
59 17 87 54
4 71 65 60
93 78 54 13
85 84 11 52
60 64 14 87
67 51 53 27
38 56 55 81
19 63 52 93
64 7 72 60
3 72 63 54
28 82 51 80
58 87 41 56
96 86 51 6
51 76 55 52
87 66 12 67
89 7 52 85
18 62 51 61
52 57 51 53
68 69 11 55
55 88 23 60
75 85 40 51
72 90 1 54
53 13 61 56
99 51 48 54
94 58 11 61
63 68 61 14
16 58 98 83
51 53 98 22
56 11 83 26
73 51 78 16
54 51 51 61
75 62 30 58
51 76 21 71
93 56 7 82
23 80 72 52
20 87 86 53
51 100 68 16
12 74 89 53
83 68 22 63
22 51 73 70
38 72 72 51
56 52 54 12
52 53 56 51
45 67 56 51
55 55 73 17
17 55 58 67
32 57 60 53
60 59 3 57
100 7 51 64
68 52 9 95
54 61 27 67
95 73 54 1
87 55 67 5
55 79 72 20
52 94 54 52
2 71 89 52
51 51 55 71
60 80 80 1
10 56 92 53
28 75 51 59
4 70 93 56
74 56 60 9
64 94 10 3
11 85 52 93
57 45 56 74
70 51 41 82
97 56 12 52
52 92 63 21
90 9 72 52
61 51 53 7
85 55 9 51
51 65 6 88
12 54 59 73
69 71 20 54
31 52 73 24
79 84 78 1
64 1 70 92
60 81 53 30
52 74 52 51
78 72 68 1
52 49 93 68
83 48 55 64
12 80 92 51
97 55 1 95
4 75 51 81
55 52 7 88
51 64 55 52
84 87 6 52
54 2 63 97
51 60 7 92
6 62 93 60
61 11 66 61
89 51 37 54
53 51 51 76
16 78 69 38
85 36 56 69
54 95 41 52
56 74 50 60
84 53 3 88
31 95 41 73
53 78 69 14
23 56 67 56
51 71 78 22
17 58 78 54
65 60 16 53
88 18 56 51
51 37 60 74
92 71 53 5
1 53 99 93
98 1 80 54
54 20 71 53
52 90 32 68
73 3 71 87
89 7 45 98
71 3 55 76
91 15 27 53
8 63 90 99
58 13 70 55
51 74 53 51
24 57 52 58
80 22 56 69
51 82 53 30
72 39 59 56
70 4 63 2
52 24 64 38
86 64 5 54
19 54 58 73
51 54 58 52
52 51 62 61
83 1 96 56
59 85 51 20
1 84 3 98
73 51 21 64
53 9 66 76
57 78 2 100
83 20 58 40
52 58 93 5
58 59 60 1
57 83 51 17
56 57 33 71
59 70 7 55
52 91 10 77
46 59 55 52
76 67 16 52
85 15 53 53
80 84 4 16
100 28 18 81
51 55 56 52
55 53 1 90
18 51 63 74
9 55 26 65
55 86 55 23
53 73 25 73
11 88 83 51
12 53 83 58
52 93 39 52
68 13 57 57
96 56 3 71
25 51 59 55
81 54 61 1
69 1 81 68
2 53 55 54
74 50 53 80
70 52 43 45
84 17 54 83
55 58 63 12
26 29 60 84
55 92 4 76
51 66 53 54
65 62 37 51
53 92 7 52
59 15 51 54
54 51 57 58
94 80 2 71
53 95 91 6
36 21 78 74
53 54 16 79
53 70 71 4
56 74 58 10
53 43 60 72
44 47 86 55
64 68 24 56
59 5 68 52
3 72 60 53
2 70 98 53
57 2 66 51
51 67 24 60
61 11 62 68
51 70 91 18
10 80 51 57
9 54 51 59
52 54 3 80
55 53 53 52
75 89 2 74
54 52 59 54
69 54 15 62
68 53 3 65
53 51 52 70
46 75 52 54
51 13 94 83
63 63 11 56
74 52 1 68
51 67 58 10
56 67 9 56
58 70 55 9
54 15 52 71
62 51 33 80
51 49 56 51
52 51 51 55
15 52 57 64
68 60 14 51
52 89 19 53
86 4 53 100
73 4 51 53
68 52 28 76
55 1 63 56
51 46 71 66
97 7 4 61
58 54 52 45
