500 4
0.54 0.25 0.52 0.33
0.53 0.88 0.77 0.93
0.94 0.88 0.51 0.78
0.99 0.77 0.51 0.66
0.53 0.93 0.90 0.53
0.73 0.02 0.81 0.71
0.52 0.92 0.96 0.53
0.60 0.79 0.76 0.29
0.43 0.85 0.78 0.70
0.53 0.83 0.68 0.86
0.55 0.94 0.51 0.55
0.53 0.54 0.90 0.65
0.84 0.66 0.61 0.08
0.52 0.94 0.59 0.83
0.71 0.19 0.63 0.72
0.56 0.56 0.87 0.15
0.53 0.52 0.70 0.52
0.02 0.63 0.98 0.72
0.61 0.57 0.98 0.05
0.42 0.60 0.64 0.73
0.88 0.84 0.51 0.52
0.53 0.95 0.09 0.92
0.52 0.54 0.75 0.69
0.74 0.65 0.51 0.52
0.15 0.69 0.95 0.86
0.73 0.10 0.52 0.69
0.08 0.71 0.71 0.46
0.03 0.65 0.87 0.59
0.92 0.16 0.80 0.51
0.53 0.60 0.55 0.90
0.68 0.67 0.51 0.57
0.98 0.57 0.51 0.55
0.57 0.87 0.51 0.64
0.76 0.63 0.51 0.53
0.51 0.53 0.86 0.58
0.96 0.56 0.39 0.74
0.09 0.96 0.51 0.69
0.87 0.55 0.81 0.30
0.53 0.75 0.61 0.83
0.95 0.80 0.25 0.91
0.70 0.85 0.51 0.55
0.72 0.59 0.51 0.90
0.97 0.80 0.12 0.96
0.65 0.51 0.48 0.85
0.52 0.67 0.55 0.94
0.52 0.59 0.56 0.88
0.53 0.76 0.66 0.61
0.51 0.61 0.58 0.63
0.62 0.74 0.23 0.86
0.66 0.93 0.05 0.98
0.62 0.64 0.51 0.53
0.65 0.19 0.75 0.70
0.52 0.89 0.56 0.61
0.52 0.52 0.97 0.55
0.51 0.69 0.51 0.89
0.53 0.55 0.59 0.89
0.55 0.84 0.34 0.76
0.73 0.89 0.32 0.69
0.51 0.60 0.51 0.61
0.53 0.97 0.63 0.58
0.90 0.59 0.74 0.19
0.02 0.86 0.89 0.56
0.29 0.71 0.56 0.88
0.21 0.85 0.19 0.61
0.53 0.69 0.65 0.51
0.31 0.57 0.97 0.88
0.55 0.08 0.92 0.53
0.53 0.59 0.58 0.71
0.53 0.53 0.67 0.96
0.52 0.76 0.62 0.59
0.55 0.71 0.06 0.73
0.21 0.52 0.68 0.96
0.87 0.68 0.46 0.54
0.33 0.57 0.91 0.75
0.53 0.53 0.58 0.73
0.13 0.54 0.61 0.55
0.83 0.11 0.63 0.62
0.60 0.79 0.83 0.18
0.94 0.54 0.51 0.74
0.88 0.10 0.82 0.53
0.52 0.53 0.52 0.74
0.78 0.57 0.51 0.61
0.53 0.73 0.63 0.53
0.80 0.68 0.12 0.90
0.51 0.57 0.99 0.51
0.51 0.70 0.74 0.54
0.54 0.72 0.27 0.77
0.53 0.55 0.53 0.55
0.84 0.97 0.05 0.67
0.77 0.59 0.39 0.95
0.63 0.59 0.12 0.76
0.53 0.58 0.64 0.54
0.93 0.69 0.10 0.87
0.61 0.94 0.41 0.54
0.84 0.60 0.15 0.67
0.61 0.63 0.51 0.58
0.63 0.85 0.90 0.14
0.62 0.67 0.68 0.11
0.04 0.38 0.73 0.90
0.51 0.75 0.68 0.54
0.53 0.61 0.28 0.74
0.53 0.51 0.85 0.75
0.52 0.52 0.70 0.76
0.06 0.71 0.84 0.59
0.55 0.78 0.34 0.64
0.36 0.64 0.56 0.82
0.52 1.00 0.56 0.58
0.03 0.65 0.86 0.85
0.02 0.67 0.72 1.00
0.53 0.92 0.54 0.54
0.52 0.92 0.55 0.53
0.56 0.53 0.09 0.86
0.67 0.65 0.86 0.14
0.83 0.81 0.75 0.09
0.80 0.05 0.68 0.61
0.51 0.52 0.79 0.84
0.75 0.55 0.51 0.68
0.51 0.78 0.58 0.55
0.89 0.93 0.67 0.05
0.68 0.62 0.57 0.25
0.76 0.68 0.27 0.73
0.54 0.80 0.51 0.57
0.51 0.69 0.73 0.52
0.78 0.51 0.75 0.25
0.75 0.51 0.51 0.69
0.48 0.52 0.56 0.60
0.97 0.77 0.87 0.04
0.61 0.82 0.52 0.23
0.57 0.72 0.51 0.56
0.79 0.97 0.67 0.18
0.51 0.51 0.61 0.95
0.94 0.58 0.69 0.25
0.34 0.52 0.91 0.89
0.58 0.72 0.27 0.59
0.56 0.73 0.51 0.54
0.80 0.61 0.08 0.55
0.92 0.51 0.91 0.02
0.64 0.69 0.30 0.54
0.53 0.51 0.52 0.88
0.51 0.65 0.61 0.52
0.92 0.06 0.68 0.59
0.67 0.56 0.51 0.53
0.94 0.73 0.12 0.53
0.54 0.96 0.20 0.52
0.71 0.89 0.81 0.05
0.31 0.52 0.69 0.60
0.66 0.82 0.09 0.67
0.38 0.51 0.95 0.69
0.02 0.73 0.67 0.76
0.55 0.60 0.75 0.02
0.92 0.16 0.55 0.56
0.09 0.71 0.54 0.96
0.99 0.54 0.71 0.29
0.66 0.51 0.51 0.67
0.41 0.52 0.73 0.46
0.53 0.45 0.80 0.67
0.65 0.54 0.35 0.75
0.80 0.74 0.02 0.54
0.52 0.62 0.59 0.58
0.37 0.81 0.57 0.55
0.10 0.70 0.76 0.83
0.40 0.54 0.58 0.76
0.51 0.60 0.51 0.58
0.52 0.55 0.61 0.53
0.76 0.01 0.10 0.68
0.57 0.92 0.41 0.52
0.22 0.53 0.76 0.73
0.51 0.89 0.52 0.54
0.91 0.61 0.74 0.05
0.53 0.03 0.90 0.85
0.07 0.91 0.59 0.52
0.81 0.71 0.51 0.51
0.51 0.99 0.52 0.53
0.52 0.47 0.53 0.65
0.74 0.59 0.53 0.28
0.59 0.60 0.59 0.06
0.53 0.38 0.82 0.78
0.55 0.83 0.54 0.07
0.58 0.54 0.51 0.53
0.52 0.65 0.27 0.93
0.51 0.51 0.56 0.77
0.12 0.84 0.54 0.55
0.51 0.55 0.60 0.58
0.35 0.77 0.52 0.94
0.54 0.68 0.27 0.83
0.55 0.16 0.72 0.79
0.52 0.77 0.96 0.44
0.33 0.82 0.59 0.57
1.00 0.68 0.51 0.51
0.55 0.82 0.51 0.55
0.42 0.76 0.57 0.64
0.68 0.58 0.74 0.24
0.80 0.51 0.51 0.62
0.59 0.60 0.28 0.65
0.56 0.60 0.62 0.08
0.72 0.56 0.42 0.67
0.51 0.71 0.91 0.43
0.52 0.60 0.53 0.51
0.75 0.05 0.65 0.85
0.59 0.52 0.03 0.66
0.08 0.54 0.54 0.51
0.73 0.01 0.54 0.51
1.00 0.76 0.27 0.36
0.68 0.19 0.65 0.78
0.63 0.04 0.55 0.67
1.00 0.90 0.52 0.16
0.53 0.41 0.71 0.93
0.60 0.59 0.70 0.17
0.63 0.94 0.05 0.53
0.51 0.51 0.52 0.96
0.03 0.56 0.72 0.92
0.64 0.09 0.53 0.96
0.53 0.58 0.52 0.63
0.66 0.87 0.64 0.03
0.82 0.52 0.53 0.05
0.62 0.63 0.42 0.52
0.76 0.59 0.56 0.23
0.52 0.66 0.37 0.66
0.02 0.64 0.70 0.90
0.19 0.88 0.51 0.69
0.60 0.51 0.93 0.03
0.02 0.69 0.97 0.59
0.52 0.93 0.69 0.17
0.53 0.17 0.98 0.74
0.81 0.95 0.52 0.05
0.53 0.51 0.58 0.57
0.66 0.20 0.52 0.59
0.86 0.95 0.21 0.51
0.66 0.63 0.53 0.29
0.58 0.56 0.83 0.26
0.96 0.55 0.41 0.55
0.59 0.90 0.50 0.52
0.59 0.60 0.36 0.51
0.27 0.66 0.52 0.78
0.53 0.51 0.70 0.53
0.53 0.66 0.68 0.39
0.53 0.81 0.58 0.50
0.51 0.54 0.52 0.81
0.54 0.03 0.90 0.62
0.68 0.03 0.73 0.60
0.51 0.22 0.56 0.52
0.71 0.93 0.21 0.56
0.59 0.04 0.60 0.65
0.57 0.84 0.51 0.53
0.13 0.85 0.63 0.37
0.83 0.81 0.54 0.04
0.51 0.51 0.52 0.76
0.63 0.19 0.53 0.97
0.58 0.81 0.26 0.60
0.51 0.85 0.51 0.55
0.39 0.51 0.69 0.97
0.71 0.51 0.26 0.71
0.93 0.41 0.51 0.55
0.56 0.54 0.83 0.32
0.84 0.95 0.12 0.51
0.09 0.35 0.73 0.74
0.65 0.01 0.94 0.91
0.58 0.55 0.51 0.52
0.04 0.79 0.63 0.99
0.05 0.55 0.62 0.82
0.74 0.74 0.01 0.85
0.63 0.59 0.69 0.31
0.13 0.51 0.94 0.71
0.53 0.54 0.51 0.51
0.40 0.74 0.53 0.57
0.92 0.64 0.02 0.65
0.20 0.51 0.86 0.53
0.52 0.79 0.64 0.24
0.50 0.75 0.60 0.33
0.04 0.55 0.67 0.98
0.58 0.66 0.09 0.62
0.01 0.87 0.71 0.95
0.53 0.83 0.92 0.07
0.12 0.53 0.64 0.52
0.62 0.02 0.76 0.81
0.52 0.72 0.51 0.55
0.51 0.55 0.10 0.88
0.56 0.66 0.18 0.53
0.11 0.90 0.52 0.57
0.52 0.74 0.73 0.20
0.62 0.51 0.89 0.12
0.62 0.59 0.19 0.61
0.57 0.16 0.91 0.55
0.98 0.02 0.70 0.50
0.70 0.04 0.52 0.82
0.64 0.81 0.51 0.43
0.67 0.68 0.12 0.60
0.51 0.58 0.51 0.55
0.91 0.58 0.38 0.53
0.71 0.58 0.17 0.60
0.67 0.75 0.10 0.61
0.81 0.22 0.81 0.10
0.02 0.55 0.63 0.82
0.77 0.83 0.06 0.59
0.77 0.57 0.58 0.15
0.04 0.65 0.62 0.70
0.52 0.12 1.00 0.56
0.51 0.61 0.52 0.52
0.84 0.54 0.51 0.33
0.55 0.57 0.50 0.85
0.51 0.96 0.51 0.53
0.85 0.68 0.91 0.01
0.32 0.87 0.53 0.59
0.73 0.93 0.58 0.01
0.60 0.52 0.51 0.07
0.57 0.54 0.67 0.17
0.51 0.51 0.52 0.60
0.71 0.02 0.81 0.52
0.79 0.90 0.02 0.77
0.62 0.51 0.51 0.71
0.53 0.56 1.00 0.40
0.16 0.73 0.51 0.63
0.53 0.06 0.58 0.59
0.25 0.60 0.45 0.77
0.32 0.51 0.80 0.54
0.73 0.22 0.72 0.23
0.53 0.64 0.96 0.36
0.54 0.61 0.42 0.60
0.21 0.68 0.51 0.57
0.06 0.94 0.60 0.92
0.86 0.01 0.60 0.10
0.03 0.87 0.57 0.68
0.57 0.53 0.94 0.16
0.73 0.35 0.51 0.66
0.04 0.75 0.83 0.61
0.55 0.55 0.51 0.39
0.54 0.05 0.85 0.62
0.57 0.65 0.11 0.78
0.55 0.53 0.30 0.90
0.54 0.70 0.26 0.76
0.54 0.74 0.03 0.64
0.90 0.52 0.47 0.52
0.06 0.97 0.62 0.32
0.51 0.80 0.42 0.87
0.93 0.60 0.02 0.73
0.30 0.59 0.88 0.29
0.52 0.17 0.68 0.65
0.02 0.82 0.70 0.65
0.54 0.59 0.92 0.28
0.89 0.13 0.04 0.83
0.72 0.15 0.68 0.58
0.61 0.41 0.50 0.91
0.71 0.51 0.17 0.58
0.51 0.72 0.34 0.72
0.64 0.02 0.54 0.55
0.90 0.51 0.15 0.64
0.54 0.01 0.85 0.57
0.69 0.74 0.01 0.60
0.85 0.69 0.67 0.02
0.56 0.63 0.13 0.66
0.05 0.58 0.91 0.64
0.52 0.73 0.68 0.41
0.78 0.46 0.90 0.19
0.52 0.80 0.64 0.23
0.54 0.62 0.94 0.10
0.43 0.09 0.64 0.56
0.63 0.16 0.81 0.55
0.86 0.94 0.07 0.16
0.54 0.61 0.72 0.24
0.05 0.90 0.55 0.68
0.97 0.91 0.56 0.03
0.46 0.93 0.22 0.58
0.97 0.58 0.83 0.03
0.53 0.55 0.78 0.38
0.51 0.77 0.05 0.56
0.53 0.60 0.68 0.39
0.51 0.83 0.88 0.03
0.05 0.81 0.52 0.81
0.51 0.15 0.59 0.83
0.54 0.51 0.51 0.51
0.06 0.63 0.96 0.07
0.67 0.63 0.10 0.52
0.02 0.56 0.97 0.68
0.56 0.60 0.08 0.99
0.01 0.57 0.87 0.53
0.07 0.94 0.70 0.08
0.04 0.52 0.80 0.86
0.58 0.56 0.43 0.51
0.55 0.57 0.69 0.09
0.58 0.79 0.01 0.69
0.99 0.83 0.89 0.01
0.92 0.70 0.23 0.35
0.69 0.52 0.71 0.03
0.62 0.73 0.04 0.62
0.62 0.17 0.53 0.92
0.04 0.62 0.84 0.67
0.56 0.01 0.58 0.78
0.03 0.99 0.51 0.64
0.55 0.51 0.13 0.67
0.51 0.84 0.58 0.41
0.91 0.57 0.37 0.09
0.04 0.80 0.57 0.93
0.55 0.59 0.49 0.58
0.65 0.53 0.28 0.58
0.03 0.66 0.57 0.84
0.70 0.65 0.02 0.53
0.59 0.93 0.64 0.01
0.87 0.56 0.60 0.01
0.53 0.21 0.55 0.79
0.79 0.51 0.03 0.70
0.05 0.81 0.61 0.57
0.51 0.97 0.45 0.55
0.64 0.18 0.82 0.53
0.01 0.87 0.71 0.91
0.02 0.59 0.74 0.69
0.03 0.93 0.53 1.00
0.54 0.60 0.63 0.03
0.01 0.66 0.86 0.54
0.53 0.53 0.51 0.76
0.51 0.58 0.53 0.53
0.53 0.58 0.62 0.20
0.14 0.52 0.91 0.53
0.07 0.80 0.57 0.70
0.02 0.83 0.63 0.63
0.01 0.90 0.68 0.54
0.54 0.03 0.54 0.92
0.64 0.77 0.57 0.05
0.84 0.42 0.51 0.58
0.71 0.56 0.03 0.62
0.64 0.57 0.19 0.65
0.22 0.71 0.28 0.66
0.97 0.59 0.01 0.76
0.62 0.01 0.75 0.51
0.53 0.52 0.55 0.52
0.14 0.76 0.51 0.68
0.13 0.51 0.66 0.75
0.19 0.51 0.61 0.75
0.51 0.62 1.00 0.28
0.52 0.63 0.51 0.52
0.53 0.98 0.60 0.02
0.99 0.51 0.12 0.56
0.62 0.01 0.67 0.63
0.57 0.85 0.10 0.55
0.76 0.84 0.71 0.01
0.54 0.05 0.64 0.85
0.51 0.55 0.51 0.57
0.70 0.36 0.28 0.85
0.90 0.76 0.05 0.52
0.68 0.52 0.39 0.56
0.51 0.84 0.64 0.09
0.51 0.52 0.51 0.85
0.69 0.58 0.02 0.51
0.51 0.55 0.34 0.58
0.49 0.66 0.52 0.63
0.56 0.02 0.58 0.69
0.48 0.72 0.52 0.56
0.99 0.37 0.51 0.59
0.51 0.76 0.53 0.11
0.05 0.52 0.56 0.92
0.95 0.79 0.01 0.54
0.62 0.15 0.71 0.52
0.82 0.54 0.41 0.53
0.99 0.57 0.36 0.53
0.51 0.99 0.73 0.05
0.88 0.55 0.07 0.51
0.63 0.18 0.84 0.31
0.01 0.52 0.67 0.51
0.94 0.57 0.02 0.96
0.69 0.70 0.58 0.03
0.52 0.54 0.51 0.84
0.04 0.51 0.59 0.79
0.53 0.46 0.94 0.51
0.54 0.01 0.80 0.85
0.03 0.10 0.77 0.61
0.53 0.69 0.26 0.73
0.52 0.57 0.52 0.54
0.58 0.57 0.83 0.05
0.61 0.05 0.93 0.54
0.53 0.01 0.63 0.80
0.42 0.75 0.13 0.91
0.70 0.51 0.35 0.58
0.66 0.51 0.62 0.15
0.55 0.60 0.24 0.58
0.57 0.63 0.51 0.25
0.51 0.54 0.79 0.10
0.54 0.56 0.59 0.01
0.67 0.12 0.52 0.86
0.52 0.56 0.53 0.54
0.52 0.92 0.28 0.51
0.53 0.05 0.78 0.77
0.53 0.27 0.74 0.07
0.78 0.52 0.38 0.51
0.57 0.52 0.39 0.64
0.56 0.84 0.01 0.78
0.30 0.72 0.52 0.51
0.63 0.05 0.63 0.52
0.60 0.27 0.27 0.68
0.63 0.52 0.11 0.54
0.86 0.52 0.93 0.02
0.02 0.72 0.60 0.53
0.69 0.72 0.01 0.65
0.91 0.67 0.52 0.04
0.58 0.55 0.98 0.03
0.60 0.11 0.96 0.52
0.64 0.51 0.20 0.53
0.64 0.07 0.89 0.49
0.52 0.02 0.65 0.75
0.87 0.30 0.32 0.51
0.51 0.56 0.33 0.52
0.57 0.69 0.06 0.58
