500 4
54 25 52 33
53 88 77 93
94 88 51 78
99 77 51 66
53 93 90 53
73 2 81 71
52 92 96 53
60 79 76 29
43 85 78 70
53 83 68 86
55 94 51 55
53 54 90 65
84 66 61 8
52 94 59 83
71 19 63 72
56 56 87 15
53 52 70 52
2 63 98 72
61 57 98 5
42 60 64 73
88 84 51 52
53 95 9 92
52 54 75 69
74 65 51 52
15 69 95 86
73 10 52 69
8 71 71 46
3 65 87 59
92 16 80 51
53 60 55 90
68 67 51 57
98 57 51 55
57 87 51 64
76 63 51 53
51 53 86 58
96 56 39 74
9 96 51 69
87 55 81 30
53 75 61 83
95 80 25 91
70 85 51 55
72 59 51 90
97 80 12 96
65 51 48 85
52 67 55 94
52 59 56 88
53 76 66 61
51 61 58 63
62 74 23 86
66 93 5 98
62 64 51 53
65 19 75 70
52 89 56 61
52 52 97 55
51 69 51 89
53 55 59 89
55 84 34 76
73 89 32 69
51 60 51 61
53 97 63 58
90 59 74 19
2 86 89 56
29 71 56 88
21 85 19 61
53 69 65 51
31 57 97 88
55 8 92 53
53 59 58 71
53 53 67 96
52 76 62 59
55 71 6 73
21 52 68 96
87 68 46 54
33 57 91 75
53 53 58 73
13 54 61 55
83 11 63 62
60 79 83 18
94 54 51 74
88 10 82 53
52 53 52 74
78 57 51 61
53 73 63 53
80 68 12 90
51 57 99 51
51 70 74 54
54 72 27 77
53 55 53 55
84 97 5 67
77 59 39 95
63 59 12 76
53 58 64 54
93 69 10 87
61 94 41 54
84 60 15 67
61 63 51 58
63 85 90 14
62 67 68 11
4 38 73 90
51 75 68 54
53 61 28 74
53 51 85 75
52 52 70 76
6 71 84 59
55 78 34 64
36 64 56 82
52 100 56 58
3 65 86 85
2 67 72 100
53 92 54 54
52 92 55 53
56 53 9 86
67 65 86 14
83 81 75 9
80 5 68 61
51 52 79 84
75 55 51 68
51 78 58 55
89 93 67 5
68 62 57 25
76 68 27 73
54 80 51 57
51 69 73 52
78 51 75 25
75 51 51 69
48 52 56 60
97 77 87 4
61 82 52 23
57 72 51 56
79 97 67 18
51 51 61 95
94 58 69 25
34 52 91 89
58 72 27 59
56 73 51 54
80 61 8 55
92 51 91 2
64 69 30 54
53 51 52 88
51 65 61 52
92 6 68 59
67 56 51 53
94 73 12 53
54 96 20 52
71 89 81 5
31 52 69 60
66 82 9 67
38 51 95 69
2 73 67 76
55 60 75 2
92 16 55 56
9 71 54 96
99 54 71 29
66 51 51 67
41 52 73 46
53 45 80 67
65 54 35 75
80 74 2 54
52 62 59 58
37 81 57 55
10 70 76 83
40 54 58 76
51 60 51 58
52 55 61 53
76 1 10 68
57 92 41 52
22 53 76 73
51 89 52 54
91 61 74 5
53 3 90 85
7 91 59 52
81 71 51 51
51 99 52 53
52 47 53 65
74 59 53 28
59 60 59 6
53 38 82 78
55 83 54 7
58 54 51 53
52 65 27 93
51 51 56 77
12 84 54 55
51 55 60 58
35 77 52 94
54 68 27 83
55 16 72 79
52 77 96 44
33 82 59 57
100 68 51 51
55 82 51 55
42 76 57 64
68 58 74 24
80 51 51 62
59 60 28 65
56 60 62 8
72 56 42 67
51 71 91 43
52 60 53 51
75 5 65 85
59 52 3 66
8 54 54 51
73 1 54 51
100 76 27 36
68 19 65 78
63 4 55 67
100 90 52 16
53 41 71 93
60 59 70 17
63 94 5 53
51 51 52 96
3 56 72 92
64 9 53 96
53 58 52 63
66 87 64 3
82 52 53 5
62 63 42 52
76 59 56 23
52 66 37 66
2 64 70 90
19 88 51 69
60 51 93 3
2 69 97 59
52 93 69 17
53 17 98 74
81 95 52 5
53 51 58 57
66 20 52 59
86 95 21 51
66 63 53 29
58 56 83 26
96 55 41 55
59 90 50 52
59 60 36 51
27 66 52 78
53 51 70 53
53 66 68 39
53 81 58 50
51 54 52 81
54 3 90 62
68 3 73 60
51 22 56 52
71 93 21 56
59 4 60 65
57 84 51 53
13 85 63 37
83 81 54 4
51 51 52 76
63 19 53 97
58 81 26 60
51 85 51 55
39 51 69 97
71 51 26 71
93 41 51 55
56 54 83 32
84 95 12 51
9 35 73 74
65 1 94 91
58 55 51 52
4 79 63 99
5 55 62 82
74 74 1 85
63 59 69 31
13 51 94 71
53 54 51 51
40 74 53 57
92 64 2 65
20 51 86 53
52 79 64 24
50 75 60 33
4 55 67 98
58 66 9 62
1 87 71 95
53 83 92 7
12 53 64 52
62 2 76 81
52 72 51 55
51 55 10 88
56 66 18 53
11 90 52 57
52 74 73 20
62 51 89 12
62 59 19 61
57 16 91 55
98 2 70 50
70 4 52 82
64 81 51 43
67 68 12 60
51 58 51 55
91 58 38 53
71 58 17 60
67 75 10 61
81 22 81 10
2 55 63 82
77 83 6 59
77 57 58 15
4 65 62 70
52 12 100 56
51 61 52 52
84 54 51 33
55 57 50 85
51 96 51 53
85 68 91 1
32 87 53 59
73 93 58 1
60 52 51 7
57 54 67 17
51 51 52 60
71 2 81 52
79 90 2 77
62 51 51 71
53 56 100 40
16 73 51 63
53 6 58 59
25 60 45 77
32 51 80 54
73 22 72 23
53 64 96 36
54 61 42 60
21 68 51 57
6 94 60 92
86 1 60 10
3 87 57 68
57 53 94 16
73 35 51 66
4 75 83 61
55 55 51 39
54 5 85 62
57 65 11 78
55 53 30 90
54 70 26 76
54 74 3 64
90 52 47 52
6 97 62 32
51 80 42 87
93 60 2 73
30 59 88 29
52 17 68 65
2 82 70 65
54 59 92 28
89 13 4 83
72 15 68 58
61 41 50 91
71 51 17 58
51 72 34 72
64 2 54 55
90 51 15 64
54 1 85 57
69 74 1 60
85 69 67 2
56 63 13 66
5 58 91 64
52 73 68 41
78 46 90 19
52 80 64 23
54 62 94 10
43 9 64 56
63 16 81 55
86 94 7 16
54 61 72 24
5 90 55 68
97 91 56 3
46 93 22 58
97 58 83 3
53 55 78 38
51 77 5 56
53 60 68 39
51 83 88 3
5 81 52 81
51 15 59 83
54 51 51 51
6 63 96 7
67 63 10 52
2 56 97 68
56 60 8 99
1 57 87 53
7 94 70 8
4 52 80 86
58 56 43 51
55 57 69 9
58 79 1 69
99 83 89 1
92 70 23 35
69 52 71 3
62 73 4 62
62 17 53 92
4 62 84 67
56 1 58 78
3 99 51 64
55 51 13 67
51 84 58 41
91 57 37 9
4 80 57 93
55 59 49 58
65 53 28 58
3 66 57 84
70 65 2 53
59 93 64 1
87 56 60 1
53 21 55 79
79 51 3 70
5 81 61 57
51 97 45 55
64 18 82 53
1 87 71 91
2 59 74 69
3 93 53 100
54 60 63 3
1 66 86 54
53 53 51 76
51 58 53 53
53 58 62 20
14 52 91 53
7 80 57 70
2 83 63 63
1 90 68 54
54 3 54 92
64 77 57 5
84 42 51 58
71 56 3 62
64 57 19 65
22 71 28 66
97 59 1 76
62 1 75 51
53 52 55 52
14 76 51 68
13 51 66 75
19 51 61 75
51 62 100 28
52 63 51 52
53 98 60 2
99 51 12 56
62 1 67 63
57 85 10 55
76 84 71 1
54 5 64 85
51 55 51 57
70 36 28 85
90 76 5 52
68 52 39 56
51 84 64 9
51 52 51 85
69 58 2 51
51 55 34 58
49 66 52 63
56 2 58 69
48 72 52 56
99 37 51 59
51 76 53 11
5 52 56 92
95 79 1 54
62 15 71 52
82 54 41 53
99 57 36 53
51 99 73 5
88 55 7 51
63 18 84 31
1 52 67 51
94 57 2 96
69 70 58 3
52 54 51 84
4 51 59 79
53 46 94 51
54 1 80 85
3 10 77 61
53 69 26 73
52 57 52 54
58 57 83 5
61 5 93 54
53 1 63 80
42 75 13 91
70 51 35 58
66 51 62 15
55 60 24 58
57 63 51 25
51 54 79 10
54 56 59 1
67 12 52 86
52 56 53 54
52 92 28 51
53 5 78 77
53 27 74 7
78 52 38 51
57 52 39 64
56 84 1 78
30 72 52 51
63 5 63 52
60 27 27 68
63 52 11 54
86 52 93 2
2 72 60 53
69 72 1 65
91 67 52 4
58 55 98 3
60 11 96 52
64 51 20 53
64 7 89 49
52 2 65 75
87 30 32 51
51 56 33 52
57 69 6 58
