500 4
0.35 0.08 0.58 0.28
0.78 0.72 0.54 0.72
0.91 0.88 0.51 0.78
0.63 0.56 0.51 0.72
1.00 0.59 0.54 0.62
0.61 0.60 0.12 0.84
0.57 0.84 0.52 0.80
0.80 0.59 0.56 0.68
0.96 0.78 0.51 0.66
0.93 0.56 0.56 0.68
0.83 0.56 0.42 0.78
0.51 1.00 0.54 0.53
0.67 0.68 0.53 0.61
0.99 0.61 0.64 0.20
0.80 0.96 0.52 0.70
0.63 0.61 0.55 0.53
0.90 0.58 0.55 0.64
0.58 0.70 0.56 0.78
0.67 0.99 0.51 0.63
0.73 0.69 0.52 0.59
0.65 0.55 0.51 0.73
0.98 0.74 0.51 0.58
0.55 0.74 0.53 0.84
0.75 0.75 0.86 0.22
0.58 0.64 0.57 0.71
0.70 0.92 0.53 0.59
0.89 0.88 0.53 0.58
0.74 0.58 0.56 0.51
0.93 0.64 0.55 0.36
0.85 0.98 0.65 0.16
0.76 0.53 0.53 0.78
0.77 0.75 0.95 0.10
0.80 0.88 0.49 0.78
0.71 0.53 0.53 0.96
0.57 0.83 0.54 0.55
0.73 0.88 0.01 0.54
0.82 0.61 0.54 0.51
0.57 0.51 0.54 0.62
0.86 0.52 0.69 0.19
0.58 1.00 0.53 0.58
0.60 0.71 0.75 0.09
0.51 0.61 0.55 0.89
0.91 0.43 0.24 0.98
0.51 0.58 0.57 0.97
0.62 0.80 0.53 0.58
0.58 0.99 0.52 0.69
0.34 0.66 0.94 0.53
0.64 0.61 0.54 0.56
0.55 0.66 0.65 0.07
0.52 0.69 0.55 0.75
0.95 0.54 0.52 0.60
0.93 0.67 0.53 0.70
0.80 0.58 0.52 0.56
0.53 0.96 0.53 0.75
0.85 0.44 0.54 0.84
0.73 0.68 0.52 0.57
0.36 0.72 0.52 0.66
0.12 0.65 0.51 0.62
0.51 0.68 0.07 0.98
0.57 0.61 0.47 0.56
0.59 0.55 0.51 0.59
0.99 0.51 0.53 0.87
0.56 0.56 0.52 0.75
0.51 0.68 0.53 0.56
0.79 0.70 0.59 0.24
0.53 0.57 0.56 0.84
0.73 0.61 0.31 0.71
0.78 0.51 0.53 0.95
0.03 0.71 0.81 0.83
0.75 0.02 0.70 0.91
0.72 0.87 0.53 0.49
0.73 0.53 0.51 0.61
0.11 0.97 0.66 0.51
0.55 0.60 0.11 0.85
0.10 0.69 0.27 0.69
0.73 0.52 0.53 0.53
0.55 0.63 0.51 0.61
0.67 0.94 0.21 0.66
0.56 0.58 0.53 0.55
0.56 0.81 0.28 0.58
0.58 0.78 0.52 0.52
0.93 0.52 0.49 0.82
0.87 0.96 0.75 0.03
0.52 0.52 0.53 0.65
0.54 0.85 0.14 0.69
0.65 0.72 0.05 0.98
0.21 0.62 0.99 0.61
0.55 0.62 0.51 0.80
0.55 1.00 0.54 0.51
0.53 0.70 0.41 0.63
0.69 0.89 0.15 0.59
0.72 0.53 0.47 0.95
0.53 0.64 0.27 0.55
0.80 0.15 0.52 0.95
0.59 0.53 0.53 0.53
0.52 0.84 0.55 0.53
0.57 0.96 0.03 0.55
0.51 0.63 0.52 0.95
0.52 0.72 0.16 0.56
0.51 0.54 0.51 1.00
0.70 0.51 0.52 0.60
0.62 0.34 0.57 0.65
0.59 0.79 0.06 0.95
0.52 0.51 0.56 0.82
0.61 0.84 0.68 0.02
0.90 0.05 0.97 0.52
0.61 0.51 0.52 0.61
0.58 0.55 0.51 0.85
0.76 0.52 0.51 0.85
0.32 0.51 0.64 0.71
0.53 0.55 0.51 0.63
0.90 0.65 0.51 0.52
0.02 0.55 0.73 0.93
0.80 0.73 0.09 0.64
0.96 0.61 0.59 0.01
0.63 0.58 0.56 0.52
0.77 0.90 0.59 0.07
0.14 0.68 0.58 0.58
0.57 0.73 0.51 0.53
0.51 0.57 0.52 0.93
0.96 0.80 0.04 0.70
0.57 0.03 0.56 0.70
0.66 0.65 0.61 0.20
0.69 0.28 0.55 0.84
0.63 0.52 0.17 0.96
1.00 0.01 0.86 0.58
0.72 0.95 0.64 0.12
0.93 1.00 0.57 0.13
0.87 0.19 0.05 0.60
0.16 0.64 0.98 0.90
0.78 0.12 0.53 0.99
0.84 0.65 0.90 0.18
0.82 0.65 0.89 0.13
0.29 0.57 0.83 0.83
0.70 1.00 0.57 0.19
0.51 0.86 0.53 0.55
0.52 0.62 0.53 0.63
0.62 0.94 0.60 0.08
0.03 1.00 0.86 0.75
0.55 0.57 0.52 0.54
0.51 0.55 0.55 0.74
0.71 0.67 0.05 0.67
0.06 0.62 0.95 0.68
0.89 0.57 0.55 0.52
1.00 0.82 0.35 0.54
0.54 0.09 0.54 0.69
0.63 0.53 0.51 0.94
0.90 0.95 0.53 0.16
0.70 0.52 0.51 0.59
0.55 0.94 0.03 0.67
0.53 1.00 0.08 0.79
0.25 0.55 0.76 0.65
0.81 0.87 0.58 0.02
0.03 0.96 0.80 0.59
0.54 0.64 0.52 0.53
0.68 0.89 0.51 0.51
0.18 0.63 0.64 0.94
0.52 0.71 0.53 0.34
0.57 0.76 0.07 0.93
0.86 0.77 0.89 0.02
0.46 0.54 0.51 0.52
0.54 0.54 0.54 0.51
0.62 0.63 0.81 0.17
0.04 0.84 0.53 0.89
0.56 0.75 0.09 0.83
0.67 0.52 0.25 0.78
0.87 0.69 0.56 0.06
0.26 0.59 0.53 0.73
0.86 0.57 0.53 0.51
0.01 0.76 0.89 0.53
0.90 0.66 1.00 0.03
0.65 0.84 0.10 0.69
0.94 0.60 0.83 0.18
0.55 0.51 0.51 0.62
0.93 0.86 0.12 0.56
0.88 0.71 0.17 0.38
0.02 0.97 0.66 0.84
0.80 0.02 0.97 0.62
0.52 0.52 0.57 0.57
0.69 0.04 0.71 0.63
0.60 0.01 0.99 0.58
0.83 0.54 0.45 0.59
0.86 0.25 0.56 0.54
0.87 0.65 0.11 0.59
0.93 0.55 0.86 0.04
0.79 0.76 0.42 0.52
0.89 0.22 0.53 0.53
0.71 0.02 0.52 0.76
0.52 0.51 0.55 0.69
0.87 0.78 0.32 0.52
0.04 0.89 0.78 0.72
0.23 0.52 0.78 1.00
0.70 0.26 0.54 0.64
0.54 0.99 0.72 0.06
0.02 0.55 0.58 0.95
0.92 0.55 0.98 0.08
0.66 0.58 0.04 0.98
0.96 0.51 0.47 0.54
0.79 0.66 0.74 0.06
0.68 0.80 0.17 0.51
0.65 0.55 0.30 0.29
0.31 0.63 0.52 0.94
0.59 0.24 0.52 0.89
0.58 0.92 0.52 0.08
0.63 0.71 0.07 0.66
0.81 0.51 0.55 0.54
0.90 0.61 0.76 0.07
0.52 0.07 0.93 0.94
0.79 0.65 0.76 0.14
0.99 0.01 0.94 0.84
0.89 0.68 0.59 0.15
0.61 0.54 0.05 0.55
0.52 0.53 0.51 0.55
0.77 0.19 0.51 0.70
0.60 0.77 0.51 0.51
0.64 0.53 0.29 0.95
0.54 0.63 0.53 0.51
0.60 0.84 0.01 0.73
0.09 0.60 0.67 0.83
0.74 0.52 0.05 0.57
0.03 0.65 0.88 0.86
0.60 0.84 0.05 0.52
0.69 0.52 0.53 0.58
0.88 0.54 0.56 0.46
0.89 0.59 0.04 0.51
0.58 0.63 0.39 0.60
0.90 0.53 0.57 0.51
0.69 0.74 0.82 0.04
0.68 0.58 0.91 0.07
0.88 0.54 0.55 0.30
0.64 0.60 0.04 0.80
0.66 0.52 0.54 0.56
0.22 0.56 0.78 0.78
0.53 0.96 0.04 0.66
0.71 0.52 0.52 0.55
0.21 0.23 0.77 0.89
0.06 0.70 0.60 0.73
0.71 0.55 0.11 0.52
0.16 0.57 0.72 0.87
0.92 0.55 0.81 0.01
0.54 0.51 0.56 0.58
0.83 0.52 0.77 0.22
0.97 0.52 0.53 0.34
0.05 0.70 0.94 0.55
0.07 0.62 0.81 0.88
0.15 0.60 0.99 0.70
0.79 0.01 0.81 0.62
0.73 0.58 0.82 0.19
0.88 0.51 0.52 0.58
0.52 0.51 0.52 0.59
0.79 0.52 0.53 0.52
0.51 0.53 0.51 0.53
0.76 0.53 0.59 0.22
0.54 0.56 0.71 0.20
0.02 0.52 0.98 0.75
0.61 0.62 0.54 0.04
0.53 0.70 0.56 0.51
0.73 0.45 0.55 0.61
0.53 0.79 0.27 0.53
0.24 0.51 0.14 0.68
0.62 0.72 0.52 0.07
0.86 0.57 0.93 0.10
0.69 0.50 0.51 0.79
0.22 0.66 0.60 0.57
0.58 0.56 0.09 0.74
0.98 0.60 0.56 0.21
0.20 0.55 0.73 0.92
0.11 0.96 0.67 0.61
0.80 0.52 0.56 0.43
0.15 0.94 0.56 0.55
0.59 0.74 0.01 0.83
0.51 0.72 0.44 0.62
0.55 0.79 0.09 0.91
0.04 0.96 0.62 0.53
0.91 0.55 0.75 0.12
0.03 0.91 0.56 0.62
0.61 0.60 0.48 0.53
0.28 0.51 0.63 0.14
0.54 0.24 0.51 0.65
0.61 0.43 0.52 0.58
0.05 0.54 0.82 0.84
0.57 0.62 0.57 0.44
0.53 0.87 0.87 0.08
0.52 0.98 0.51 0.28
0.64 0.60 0.56 0.10
0.65 0.53 0.51 0.51
0.15 0.81 0.48 0.51
0.04 0.80 0.74 0.66
0.05 0.82 0.52 0.65
0.90 0.10 0.52 0.59
0.01 0.91 0.56 0.82
0.83 0.52 0.52 0.54
1.00 0.52 0.51 0.53
0.52 0.96 0.38 0.52
0.63 0.56 0.02 0.66
0.53 0.52 0.30 0.67
0.59 0.41 0.56 0.62
0.80 0.10 0.51 0.73
0.74 0.52 0.54 0.37
0.59 0.02 0.65 0.68
0.63 0.62 0.52 0.51
0.51 0.75 0.10 0.64
0.62 0.04 0.77 0.54
0.01 0.62 0.32 0.98
0.89 0.02 0.51 0.99
0.53 0.61 0.54 0.51
0.54 0.81 0.51 0.10
0.56 0.05 0.72 0.98
0.10 0.58 0.91 0.66
0.55 0.55 0.07 0.95
0.08 0.53 0.66 0.60
0.13 0.62 0.55 0.36
0.17 0.57 0.55 0.63
0.69 0.10 0.52 0.82
0.68 0.16 0.52 0.58
0.56 0.51 0.53 0.56
0.82 0.77 0.98 0.02
0.18 0.54 1.00 0.54
0.09 0.80 0.61 0.62
0.65 0.55 0.60 0.19
0.75 0.24 0.21 0.99
0.31 0.56 0.56 0.56
0.06 0.84 0.57 0.56
0.78 0.66 0.02 0.59
0.73 0.01 0.55 0.93
0.10 0.77 0.80 0.56
0.55 0.56 0.69 0.02
0.57 0.02 0.75 0.82
0.53 0.65 0.62 0.22
0.23 0.51 0.63 0.62
0.57 0.64 0.10 0.72
0.56 0.43 0.67 0.22
0.60 0.17 0.53 0.98
0.51 0.76 0.71 0.08
0.84 0.87 0.01 0.72
0.53 0.98 0.54 0.15
0.53 0.59 0.08 0.99
0.91 0.03 0.90 0.61
0.79 0.51 0.53 0.52
0.05 0.93 0.29 0.57
0.51 0.82 0.70 0.04
0.05 0.58 0.99 0.57
0.63 0.03 0.78 0.64
0.59 0.16 0.54 0.52
0.03 0.52 0.96 0.76
0.59 0.83 0.64 0.01
0.53 0.01 0.83 0.74
0.94 0.51 0.55 0.51
0.89 0.63 0.03 0.57
0.54 0.56 0.50 0.54
0.77 0.51 0.26 0.60
0.60 0.70 0.01 0.81
0.52 0.70 0.13 0.62
0.77 0.55 0.93 0.08
0.22 0.57 0.53 0.95
0.09 0.57 0.52 0.69
0.14 0.02 0.75 0.63
0.99 0.79 0.53 0.04
0.05 0.87 0.79 0.56
0.94 0.74 0.51 0.16
0.08 0.83 0.68 0.54
0.92 0.02 0.60 0.72
0.61 0.21 0.82 0.17
0.55 0.65 0.63 0.08
0.11 0.70 0.62 0.51
0.91 0.51 0.54 0.28
0.51 0.30 0.54 0.78
0.51 0.23 0.56 0.11
0.05 0.65 0.71 0.67
0.19 0.72 0.95 0.11
0.53 0.70 0.24 0.58
0.01 0.58 0.70 0.67
0.83 0.07 0.71 0.53
0.64 0.03 0.52 0.63
0.12 0.61 0.68 0.54
0.73 0.51 0.24 0.67
0.06 0.85 0.74 0.52
0.60 0.62 0.15 0.58
0.69 0.02 0.51 0.53
0.86 0.73 0.67 0.01
0.10 0.51 0.90 0.97
0.76 0.01 0.68 0.56
0.13 0.59 0.84 0.51
0.85 0.58 0.01 0.53
0.52 0.57 0.51 0.51
0.15 0.80 0.53 0.58
0.01 1.00 0.59 0.75
0.59 0.02 0.62 0.85
0.63 0.53 1.00 0.05
0.05 0.57 0.79 0.73
0.51 0.60 0.13 0.91
0.56 0.64 0.41 0.24
0.32 0.31 0.68 0.79
0.64 0.51 0.51 0.57
0.05 0.54 0.54 0.67
0.01 0.91 0.68 0.77
0.51 0.60 0.53 0.51
0.01 0.86 0.61 0.61
0.71 0.65 0.98 0.01
0.03 0.97 0.80 0.53
0.01 0.76 0.87 0.56
0.52 0.51 0.55 0.47
0.80 0.51 0.30 0.52
0.58 0.56 0.01 0.81
0.93 0.17 0.42 0.91
0.63 0.54 0.53 0.51
0.59 0.12 0.53 0.91
0.78 0.53 0.19 0.55
0.82 0.74 0.07 0.51
0.61 0.75 0.52 0.17
0.59 0.15 0.52 0.53
0.03 0.61 0.63 0.51
0.52 0.01 0.85 0.63
0.02 0.93 0.62 0.51
0.62 0.62 0.01 0.53
0.97 0.52 0.03 0.81
0.53 0.60 0.81 0.10
0.74 0.51 0.25 0.63
0.59 0.52 0.29 0.51
0.08 0.57 0.59 0.63
0.05 0.98 0.56 0.51
0.19 0.87 0.73 0.29
0.24 0.29 0.59 0.67
0.02 0.70 0.71 0.63
0.64 0.81 0.28 0.32
0.03 0.91 0.22 0.84
0.01 0.57 0.70 0.83
0.68 0.71 0.23 0.52
0.75 0.95 0.11 0.51
0.04 0.56 0.61 0.78
0.90 0.89 0.52 0.04
0.02 0.73 0.67 0.52
0.20 0.76 0.55 0.05
0.89 0.57 0.12 0.51
0.66 0.52 0.27 0.60
0.54 0.86 0.21 0.52
0.63 0.68 0.73 0.01
0.55 0.52 0.51 0.59
0.52 0.71 0.31 0.57
0.10 0.79 0.58 0.54
0.81 0.70 0.23 0.51
0.13 0.54 0.54 0.63
0.18 0.84 0.68 0.01
0.60 0.54 0.04 0.92
0.02 0.53 0.64 0.59
0.92 0.52 0.85 0.06
0.27 0.71 0.42 0.64
0.51 1.00 0.10 0.59
0.57 0.04 0.68 0.61
0.06 0.79 0.60 0.51
0.69 0.51 0.67 0.09
0.12 0.91 0.66 0.25
0.99 0.51 0.02 0.71
0.02 0.60 0.53 0.66
0.06 0.69 0.47 0.74
0.51 0.23 0.52 0.83
0.95 0.69 0.48 0.11
0.06 0.60 0.72 0.54
0.55 0.57 0.53 0.10
0.01 0.85 0.69 0.52
0.86 0.43 0.48 0.58
1.00 0.54 0.79 0.05
0.63 0.99 0.52 0.05
0.91 0.53 0.19 0.19
0.09 0.86 0.54 0.64
0.60 0.57 0.14 0.67
0.52 0.13 0.51 0.93
0.56 0.54 0.54 0.12
0.85 0.58 0.52 0.20
0.88 0.56 0.51 0.11
0.51 0.73 0.02 0.98
0.32 0.59 0.55 0.56
0.08 0.57 0.59 0.51
0.60 0.10 0.52 0.73
0.80 0.30 0.27 0.51
0.51 0.51 0.52 0.53
0.80 0.60 0.62 0.03
0.67 0.01 0.79 0.90
0.66 0.05 0.91 0.53
0.16 0.63 0.96 0.30
0.08 0.59 0.51 0.52
0.78 0.74 0.66 0.01
0.57 0.30 0.22 0.88
0.63 0.87 0.61 0.03
0.03 0.89 0.57 0.55
0.64 0.92 0.53 0.05
0.55 0.90 0.06 0.76
0.68 0.10 0.54 0.54
0.01 0.97 0.67 0.58
0.94 0.68 0.53 0.04
0.59 0.75 0.62 0.02
0.06 0.72 0.61 0.51
0.52 0.05 0.62 0.79
0.13 0.52 0.64 0.91
0.81 0.74 0.06 0.51
0.58 0.61 0.42 0.60
0.07 0.97 0.54 0.53
0.62 0.38 0.34 0.54
0.52 0.52 0.06 0.54
0.30 0.59 0.02 0.92
