250 7
0.83 0.27 0.12 0.28 0.16 0.20 0.36
0.30 0.54 0.56 0.05 0.14 0.89 0.23
1.00 0.05 0.18 0.44 0.07 0.28 0.15
0.14 0.20 0.50 0.44 0.47 0.18 0.69
0.27 0.25 0.19 0.22 0.04 0.11 0.40
0.11 0.83 0.23 0.13 0.18 0.43 0.51
0.21 0.65 0.32 0.65 0.19 0.48 0.01
0.84 0.57 0.68 0.25 0.83 0.14 0.17
0.07 0.87 0.46 0.30 0.25 1.00 0.22
0.30 0.05 0.49 0.10 0.37 0.25 0.42
0.48 1.00 0.48 0.50 0.35 0.24 0.36
0.26 0.03 0.10 0.61 0.45 0.77 0.41
0.51 0.42 0.01 0.35 0.34 0.36 0.29
0.05 0.34 0.32 0.17 0.14 0.10 0.32
0.11 0.27 0.43 0.13 0.28 0.35 0.34
0.10 0.17 0.30 0.10 0.76 0.77 0.37
0.10 0.72 0.04 0.07 0.99 0.24 0.14
0.37 0.24 0.66 0.41 0.39 0.59 0.08
0.13 0.29 0.29 0.10 0.05 0.19 0.35
0.29 0.14 0.09 0.72 0.16 0.11 0.63
0.35 0.89 0.10 0.47 0.36 0.24 0.10
0.34 0.23 0.04 0.84 0.20 0.42 0.19
0.51 0.46 0.29 0.10 0.13 0.09 0.41
0.93 0.74 0.52 0.08 0.25 0.44 0.87
0.35 0.13 0.54 0.31 0.83 0.27 0.08
0.22 0.61 0.03 0.17 0.31 0.02 0.45
0.11 0.64 0.09 0.72 0.36 0.44 0.38
0.81 0.37 0.49 0.38 0.31 0.20 0.06
0.33 0.95 0.07 0.23 0.19 0.52 0.20
0.44 0.35 0.91 0.74 0.39 0.13 0.16
0.76 0.42 0.12 0.11 0.89 0.50 0.20
0.31 0.61 0.71 0.67 0.13 0.09 0.18
0.02 0.49 0.17 0.96 0.85 0.12 0.47
0.26 0.87 0.25 0.08 0.23 0.96 0.85
0.30 0.04 0.47 0.38 0.06 0.07 0.27
0.16 0.83 0.22 0.33 0.33 0.50 0.15
0.69 0.22 0.52 0.34 0.36 0.01 0.27
1.00 0.60 0.05 0.45 0.43 0.09 0.39
0.23 0.18 0.40 0.41 0.35 0.06 0.65
0.20 0.79 0.25 0.50 0.25 0.19 0.33
0.42 0.20 0.05 0.33 0.10 0.59 0.21
0.53 0.46 0.50 0.13 0.68 0.40 0.29
0.36 0.46 0.36 0.19 0.08 0.24 0.05
0.36 0.26 0.10 0.07 0.31 0.24 0.34
0.10 0.24 0.08 0.23 0.59 0.50 0.29
0.17 0.07 0.34 0.77 0.45 0.46 0.02
0.51 0.15 0.25 0.41 0.23 0.36 0.23
0.31 0.12 0.33 0.32 0.15 0.35 0.10
0.19 0.54 0.90 0.42 0.28 0.41 0.19
0.29 0.92 0.04 0.06 0.44 0.21 0.21
0.10 0.04 0.98 0.06 0.46 0.47 0.13
0.32 0.06 0.12 0.11 0.22 0.22 0.78
0.07 0.07 0.75 0.07 0.82 0.92 0.50
0.82 0.27 0.20 0.85 0.07 0.38 0.26
0.28 0.30 0.04 0.23 0.45 0.12 0.03
0.03 0.25 0.63 0.28 0.65 0.33 0.52
0.67 0.33 0.42 0.31 0.18 0.05 0.04
0.17 0.42 0.65 0.18 0.77 0.03 0.33
0.16 0.11 0.46 0.22 0.78 0.21 0.60
0.29 0.17 0.13 0.26 0.36 0.13 0.44
0.11 0.40 0.23 0.42 0.23 0.12 0.38
0.22 0.39 0.84 0.07 0.97 0.11 0.01
0.63 0.43 0.31 0.90 0.09 0.32 0.28
0.71 0.36 0.34 0.42 0.43 0.08 0.98
0.17 0.28 0.56 0.11 0.15 0.08 0.17
0.60 0.45 0.68 0.04 0.12 0.01 0.31
0.87 0.15 0.47 0.44 0.09 0.43 0.15
0.12 0.22 0.10 0.17 0.88 0.45 0.46
0.45 0.43 0.26 0.77 0.45 0.06 0.62
0.12 0.46 0.96 0.08 0.44 0.88 0.38
0.10 0.42 0.94 0.11 0.08 0.04 0.03
0.06 0.08 0.79 0.09 0.68 0.34 0.61
0.89 0.29 0.69 0.10 0.26 0.22 0.27
0.24 0.39 0.49 0.38 0.26 0.03 0.12
0.01 0.04 0.19 0.29 0.03 0.10 0.17
0.27 0.01 0.41 0.22 0.17 0.12 0.24
0.29 0.08 0.40 0.30 0.48 0.24 0.08
0.39 0.37 0.77 0.13 0.99 0.36 0.11
0.17 0.09 0.03 0.67 0.39 0.52 0.03
0.10 0.32 0.09 0.31 0.38 0.04 0.33
0.19 0.13 0.92 0.03 0.40 0.02 0.58
0.39 0.35 0.30 0.14 0.29 0.14 0.07
0.51 0.38 0.29 0.24 0.35 0.09 0.39
0.29 0.06 0.14 0.11 0.37 0.14 0.13
0.42 0.89 0.42 0.03 0.25 0.07 0.09
0.08 0.25 0.36 0.02 0.18 0.31 0.22
0.05 0.22 0.08 0.35 0.97 0.25 0.24
0.24 0.34 0.01 0.27 0.24 0.93 0.56
0.28 0.36 0.09 0.44 0.16 0.55 0.31
0.58 0.66 0.62 0.05 0.96 0.19 0.02
0.77 0.12 0.17 0.41 0.13 0.35 0.31
0.26 0.46 0.26 0.23 0.38 0.44 0.10
0.01 0.10 0.97 0.45 0.34 0.06 0.18
0.15 0.19 0.37 0.19 0.35 0.35 0.36
0.09 0.10 0.76 0.11 0.38 0.57 0.38
0.36 0.31 0.86 0.49 0.10 0.15 0.09
0.35 0.62 0.14 0.27 0.25 0.02 0.46
0.77 0.07 0.20 0.22 0.58 0.23 0.04
0.20 0.08 0.68 0.29 0.36 0.63 0.11
0.11 0.19 0.41 0.08 0.91 0.41 0.34
0.20 0.14 0.23 0.01 0.30 0.22 0.58
0.10 0.19 0.07 0.04 0.35 0.54 0.16
0.58 0.68 0.73 0.18 0.11 0.28 0.19
0.11 0.24 0.42 0.13 0.45 0.13 0.63
0.47 0.01 0.03 0.50 0.44 0.39 0.99
0.19 0.03 0.28 0.59 0.37 0.46 0.81
0.92 0.72 0.59 0.45 0.02 0.26 0.06
0.30 0.02 0.92 0.21 0.37 0.02 0.10
0.38 0.83 0.99 0.30 0.01 0.12 0.13
0.40 0.02 0.34 0.63 0.35 0.18 0.33
0.18 0.19 0.78 0.33 0.08 0.04 0.17
0.36 0.19 0.84 0.30 0.49 0.04 0.10
0.43 0.48 0.31 0.18 0.16 0.30 0.25
0.97 0.99 0.20 0.47 0.11 0.02 0.21
0.12 0.14 0.09 0.03 0.52 0.15 0.40
0.91 0.82 0.11 0.43 0.30 0.06 0.20
0.22 0.89 0.56 0.39 0.90 0.02 0.26
0.06 0.37 0.06 0.09 0.08 0.27 0.18
0.27 0.14 0.47 0.67 0.77 0.37 0.01
0.15 0.57 0.75 0.08 0.82 0.35 0.04
0.28 0.17 0.27 0.37 0.33 0.41 0.15
0.10 0.03 0.01 0.48 0.38 0.39 0.12
0.24 0.37 0.11 0.05 0.23 0.49 0.18
0.10 0.64 0.49 0.36 0.30 0.06 0.07
0.36 0.01 0.05 0.23 0.97 0.18 0.74
0.93 0.02 0.30 0.01 0.28 0.27 0.21
0.71 0.15 0.98 0.93 0.75 0.57 0.01
0.13 0.06 0.02 0.27 0.46 0.95 0.71
0.01 0.57 0.09 0.53 0.14 0.19 0.43
0.19 0.42 0.07 0.04 0.30 0.82 0.49
0.15 0.04 0.10 0.33 0.27 0.06 0.40
0.78 0.71 0.45 0.07 0.48 0.12 0.42
0.70 0.55 0.23 0.24 0.28 0.14 0.26
0.23 0.42 0.05 0.11 0.75 0.35 0.46
0.06 0.29 0.38 0.05 0.20 0.38 0.25
0.39 0.01 0.49 0.15 0.12 0.03 0.06
0.35 0.90 0.40 0.40 0.05 0.07 0.66
0.04 0.38 0.26 0.09 0.38 0.10 0.54
0.18 0.80 0.18 0.18 0.06 0.07 0.28
0.57 0.53 0.01 0.22 0.59 0.23 0.20
0.18 0.48 0.13 0.03 0.25 0.43 0.87
0.15 0.74 0.23 0.15 0.87 0.15 0.38
0.29 0.05 0.09 0.19 0.46 0.31 0.79
0.26 0.98 0.23 0.03 0.78 0.13 0.89
0.37 0.29 0.33 0.05 0.86 0.39 0.25
0.22 0.60 0.50 0.71 0.01 0.41 0.29
0.50 0.37 0.42 0.06 0.47 0.95 0.15
0.59 0.44 0.31 0.07 0.13 0.24 0.17
0.49 0.06 0.38 0.80 0.17 0.07 0.95
0.20 0.88 0.01 0.40 0.14 0.31 0.63
0.34 0.48 0.82 0.04 0.05 0.01 0.22
0.01 0.48 0.90 0.21 0.15 0.01 0.65
0.92 0.40 0.25 0.92 0.71 0.38 0.02
0.14 0.44 0.20 0.01 0.34 0.35 0.10
0.88 0.84 0.10 0.16 0.69 0.24 0.26
0.29 0.06 0.43 0.90 0.36 0.16 0.08
0.31 0.48 0.60 0.45 0.49 0.49 0.01
0.67 0.13 0.21 0.34 0.41 0.29 0.03
0.14 0.31 0.26 0.16 0.86 0.43 0.34
0.18 0.07 0.07 0.63 0.48 0.08 0.49
0.72 0.03 0.21 0.16 0.45 0.13 0.28
0.07 0.23 0.14 0.29 0.09 0.20 0.12
0.05 0.93 0.07 0.78 0.30 0.30 0.55
0.35 0.41 0.12 0.05 0.97 0.37 0.03
0.02 0.27 0.21 0.18 0.21 0.80 0.20
0.06 0.37 0.13 0.17 0.49 0.25 0.01
0.10 0.06 0.08 0.18 0.77 0.89 0.24
0.08 0.32 0.41 0.50 0.67 0.04 0.93
0.89 0.19 0.36 0.89 0.18 0.27 0.10
0.14 0.06 0.05 0.34 0.09 0.47 0.83
0.25 0.01 0.29 0.84 0.39 0.41 0.23
0.08 0.16 0.48 0.29 0.38 0.04 0.12
0.21 0.01 0.44 0.86 0.53 0.87 0.16
0.41 0.41 0.09 0.41 0.36 0.17 0.40
0.20 0.01 0.40 0.53 0.06 0.50 0.43
0.93 0.21 0.32 0.21 0.21 0.48 0.22
0.37 0.13 0.08 0.18 0.53 0.05 0.37
0.72 0.10 0.71 0.42 0.16 0.85 0.02
0.22 0.37 0.01 0.97 0.02 0.50 0.22
0.59 0.07 0.04 0.86 0.30 0.05 0.66
0.16 0.32 0.32 0.90 0.33 0.02 0.32
0.10 0.10 0.46 0.25 0.48 0.74 0.14
0.11 0.96 0.05 0.84 0.37 0.08 0.34
0.71 0.26 0.05 0.49 1.00 0.08 0.04
0.17 0.06 0.49 0.17 0.37 0.22 0.33
0.83 0.03 0.09 0.10 0.39 0.31 0.09
0.14 0.04 0.10 0.65 0.27 0.65 0.46
0.46 0.21 0.11 0.66 0.26 0.04 0.77
0.02 0.32 0.64 0.75 0.02 0.21 0.59
0.20 0.43 0.13 0.24 0.07 0.46 0.56
0.04 0.17 0.05 0.33 0.51 0.94 0.41
0.07 0.26 0.15 0.18 0.39 0.22 0.17
0.37 0.84 0.74 0.13 0.32 0.21 0.03
0.17 0.48 0.01 0.38 0.38 0.45 0.27
0.26 0.86 0.88 0.80 0.19 0.13 0.15
0.09 0.93 0.17 0.10 0.13 0.05 0.32
0.01 0.33 0.42 0.05 0.37 0.02 0.33
0.29 0.19 0.48 0.09 0.39 0.24 0.14
0.35 0.78 0.81 0.14 0.36 0.44 0.09
0.76 0.84 0.28 0.44 0.02 0.85 0.41
0.45 0.52 0.12 0.21 0.47 0.01 0.86
0.87 0.28 0.10 0.28 0.42 0.16 0.35
0.41 0.05 0.23 0.09 0.16 0.91 0.81
0.37 0.17 0.13 0.13 0.65 0.02 0.23
0.38 0.52 0.33 0.21 0.02 0.17 0.32
0.08 0.02 0.20 0.01 0.07 0.55 0.99
0.91 0.31 0.21 0.38 0.52 0.04 0.38
0.32 0.22 0.32 0.29 0.60 0.41 0.01
0.75 0.27 0.72 0.08 0.93 0.42 0.19
0.84 0.15 0.39 0.45 0.03 0.07 0.18
0.10 0.16 0.20 0.18 0.08 0.86 0.25
0.39 0.36 0.04 0.10 0.08 0.32 0.59
0.48 0.38 0.37 0.05 0.27 0.05 0.22
0.25 0.67 0.07 0.10 0.49 0.23 0.09
0.69 0.12 0.14 0.34 0.02 0.30 0.30
0.27 0.07 0.15 0.28 0.89 0.34 0.07
0.24 0.46 0.03 0.21 0.28 0.05 0.16
0.31 0.21 0.30 0.27 0.21 0.49 0.35
0.93 0.14 0.90 0.81 0.01 0.63 0.25
0.08 0.59 0.19 0.20 0.68 0.15 0.48
0.04 0.36 0.24 0.28 0.36 0.46 0.90
0.88 0.37 0.95 0.10 0.83 0.17 0.14
0.67 0.43 0.15 0.16 0.40 0.22 0.07
0.26 0.12 0.10 0.13 0.12 0.92 0.28
0.08 0.34 0.32 0.04 0.80 0.20 0.20
0.92 0.79 0.06 0.19 0.05 0.26 0.07
0.06 0.37 0.06 0.11 0.10 0.09 0.31
0.13 0.15 0.03 0.39 0.01 0.46 0.60
0.79 0.67 0.07 0.06 0.33 0.99 0.44
0.24 0.38 0.45 0.64 0.01 0.05 0.66
0.01 0.60 0.04 0.13 0.38 0.19 0.42
0.42 0.14 0.21 0.81 0.56 0.22 0.04
0.25 0.81 0.02 0.24 0.41 0.29 0.92
0.05 0.73 0.42 0.38 0.25 0.40 0.12
0.29 0.82 0.01 0.23 0.27 0.40 0.05
0.40 0.34 0.19 0.14 0.14 0.15 0.17
0.07 0.26 0.81 0.11 0.68 0.18 0.51
0.10 0.52 0.40 0.09 0.82 0.30 0.07
0.42 0.17 0.08 0.41 0.27 0.11 0.09
0.28 0.28 0.02 0.91 0.14 0.02 0.70
0.06 0.59 0.45 0.62 0.33 0.08 0.20
0.08 0.29 0.04 0.16 0.20 0.32 0.47
0.20 0.34 0.43 0.31 0.23 0.39 0.06
0.25 0.26 0.25 0.35 0.35 0.02 0.17
0.61 0.87 0.80 0.13 0.44 0.17 0.05
0.61 0.78 0.20 0.24 0.34 0.19 0.12
0.22 0.16 0.55 0.39 0.25 0.09 0.02
0.44 0.21 0.65 0.70 0.15 0.96 0.02
0.49 0.55 0.29 0.05 0.09 0.42 0.64
0.16 0.38 0.08 0.29 0.68 0.18 0.06
