250 7
83 27 12 28 16 20 36
30 54 56 5 14 89 23
100 5 18 44 7 28 15
14 20 50 44 47 18 69
27 25 19 22 4 11 40
11 83 23 13 18 43 51
21 65 32 65 19 48 1
84 57 68 25 83 14 17
7 87 46 30 25 100 22
30 5 49 10 37 25 42
48 100 48 50 35 24 36
26 3 10 61 45 77 41
51 42 1 35 34 36 29
5 34 32 17 14 10 32
11 27 43 13 28 35 34
10 17 30 10 76 77 37
10 72 4 7 99 24 14
37 24 66 41 39 59 8
13 29 29 10 5 19 35
29 14 9 72 16 11 63
35 89 10 47 36 24 10
34 23 4 84 20 42 19
51 46 29 10 13 9 41
93 74 52 8 25 44 87
35 13 54 31 83 27 8
22 61 3 17 31 2 45
11 64 9 72 36 44 38
81 37 49 38 31 20 6
33 95 7 23 19 52 20
44 35 91 74 39 13 16
76 42 12 11 89 50 20
31 61 71 67 13 9 18
2 49 17 96 85 12 47
26 87 25 8 23 96 85
30 4 47 38 6 7 27
16 83 22 33 33 50 15
69 22 52 34 36 1 27
100 60 5 45 43 9 39
23 18 40 41 35 6 65
20 79 25 50 25 19 33
42 20 5 33 10 59 21
53 46 50 13 68 40 29
36 46 36 19 8 24 5
36 26 10 7 31 24 34
10 24 8 23 59 50 29
17 7 34 77 45 46 2
51 15 25 41 23 36 23
31 12 33 32 15 35 10
19 54 90 42 28 41 19
29 92 4 6 44 21 21
10 4 98 6 46 47 13
32 6 12 11 22 22 78
7 7 75 7 82 92 50
82 27 20 85 7 38 26
28 30 4 23 45 12 3
3 25 63 28 65 33 52
67 33 42 31 18 5 4
17 42 65 18 77 3 33
16 11 46 22 78 21 60
29 17 13 26 36 13 44
11 40 23 42 23 12 38
22 39 84 7 97 11 1
63 43 31 90 9 32 28
71 36 34 42 43 8 98
17 28 56 11 15 8 17
60 45 68 4 12 1 31
87 15 47 44 9 43 15
12 22 10 17 88 45 46
45 43 26 77 45 6 62
12 46 96 8 44 88 38
10 42 94 11 8 4 3
6 8 79 9 68 34 61
89 29 69 10 26 22 27
24 39 49 38 26 3 12
1 4 19 29 3 10 17
27 1 41 22 17 12 24
29 8 40 30 48 24 8
39 37 77 13 99 36 11
17 9 3 67 39 52 3
10 32 9 31 38 4 33
19 13 92 3 40 2 58
39 35 30 14 29 14 7
51 38 29 24 35 9 39
29 6 14 11 37 14 13
42 89 42 3 25 7 9
8 25 36 2 18 31 22
5 22 8 35 97 25 24
24 34 1 27 24 93 56
28 36 9 44 16 55 31
58 66 62 5 96 19 2
77 12 17 41 13 35 31
26 46 26 23 38 44 10
1 10 97 45 34 6 18
15 19 37 19 35 35 36
9 10 76 11 38 57 38
36 31 86 49 10 15 9
35 62 14 27 25 2 46
77 7 20 22 58 23 4
20 8 68 29 36 63 11
11 19 41 8 91 41 34
20 14 23 1 30 22 58
10 19 7 4 35 54 16
58 68 73 18 11 28 19
11 24 42 13 45 13 63
47 1 3 50 44 39 99
19 3 28 59 37 46 81
92 72 59 45 2 26 6
30 2 92 21 37 2 10
38 83 99 30 1 12 13
40 2 34 63 35 18 33
18 19 78 33 8 4 17
36 19 84 30 49 4 10
43 48 31 18 16 30 25
97 99 20 47 11 2 21
12 14 9 3 52 15 40
91 82 11 43 30 6 20
22 89 56 39 90 2 26
6 37 6 9 8 27 18
27 14 47 67 77 37 1
15 57 75 8 82 35 4
28 17 27 37 33 41 15
10 3 1 48 38 39 12
24 37 11 5 23 49 18
10 64 49 36 30 6 7
36 1 5 23 97 18 74
93 2 30 1 28 27 21
71 15 98 93 75 57 1
13 6 2 27 46 95 71
1 57 9 53 14 19 43
19 42 7 4 30 82 49
15 4 10 33 27 6 40
78 71 45 7 48 12 42
70 55 23 24 28 14 26
23 42 5 11 75 35 46
6 29 38 5 20 38 25
39 1 49 15 12 3 6
35 90 40 40 5 7 66
4 38 26 9 38 10 54
18 80 18 18 6 7 28
57 53 1 22 59 23 20
18 48 13 3 25 43 87
15 74 23 15 87 15 38
29 5 9 19 46 31 79
26 98 23 3 78 13 89
37 29 33 5 86 39 25
22 60 50 71 1 41 29
50 37 42 6 47 95 15
59 44 31 7 13 24 17
49 6 38 80 17 7 95
20 88 1 40 14 31 63
34 48 82 4 5 1 22
1 48 90 21 15 1 65
92 40 25 92 71 38 2
14 44 20 1 34 35 10
88 84 10 16 69 24 26
29 6 43 90 36 16 8
31 48 60 45 49 49 1
67 13 21 34 41 29 3
14 31 26 16 86 43 34
18 7 7 63 48 8 49
72 3 21 16 45 13 28
7 23 14 29 9 20 12
5 93 7 78 30 30 55
35 41 12 5 97 37 3
2 27 21 18 21 80 20
6 37 13 17 49 25 1
10 6 8 18 77 89 24
8 32 41 50 67 4 93
89 19 36 89 18 27 10
14 6 5 34 9 47 83
25 1 29 84 39 41 23
8 16 48 29 38 4 12
21 1 44 86 53 87 16
41 41 9 41 36 17 40
20 1 40 53 6 50 43
93 21 32 21 21 48 22
37 13 8 18 53 5 37
72 10 71 42 16 85 2
22 37 1 97 2 50 22
59 7 4 86 30 5 66
16 32 32 90 33 2 32
10 10 46 25 48 74 14
11 96 5 84 37 8 34
71 26 5 49 100 8 4
17 6 49 17 37 22 33
83 3 9 10 39 31 9
14 4 10 65 27 65 46
46 21 11 66 26 4 77
2 32 64 75 2 21 59
20 43 13 24 7 46 56
4 17 5 33 51 94 41
7 26 15 18 39 22 17
37 84 74 13 32 21 3
17 48 1 38 38 45 27
26 86 88 80 19 13 15
9 93 17 10 13 5 32
1 33 42 5 37 2 33
29 19 48 9 39 24 14
35 78 81 14 36 44 9
76 84 28 44 2 85 41
45 52 12 21 47 1 86
87 28 10 28 42 16 35
41 5 23 9 16 91 81
37 17 13 13 65 2 23
38 52 33 21 2 17 32
8 2 20 1 7 55 99
91 31 21 38 52 4 38
32 22 32 29 60 41 1
75 27 72 8 93 42 19
84 15 39 45 3 7 18
10 16 20 18 8 86 25
39 36 4 10 8 32 59
48 38 37 5 27 5 22
25 67 7 10 49 23 9
69 12 14 34 2 30 30
27 7 15 28 89 34 7
24 46 3 21 28 5 16
31 21 30 27 21 49 35
93 14 90 81 1 63 25
8 59 19 20 68 15 48
4 36 24 28 36 46 90
88 37 95 10 83 17 14
67 43 15 16 40 22 7
26 12 10 13 12 92 28
8 34 32 4 80 20 20
92 79 6 19 5 26 7
6 37 6 11 10 9 31
13 15 3 39 1 46 60
79 67 7 6 33 99 44
24 38 45 64 1 5 66
1 60 4 13 38 19 42
42 14 21 81 56 22 4
25 81 2 24 41 29 92
5 73 42 38 25 40 12
29 82 1 23 27 40 5
40 34 19 14 14 15 17
7 26 81 11 68 18 51
10 52 40 9 82 30 7
42 17 8 41 27 11 9
28 28 2 91 14 2 70
6 59 45 62 33 8 20
8 29 4 16 20 32 47
20 34 43 31 23 39 6
25 26 25 35 35 2 17
61 87 80 13 44 17 5
61 78 20 24 34 19 12
22 16 55 39 25 9 2
44 21 65 70 15 96 2
49 55 29 5 9 42 64
16 38 8 29 68 18 6
