250 7
48 71 90 52 97 0 51
37 73 4 15 63 74 64
16 47 50 21 3 40 13
75 1 16 17 68 22 28
20 43 7 28 1 33 76
34 22 18 16 2 4 16
37 50 23 11 35 15 27
5 10 14 75 24 48 45
20 3 6 36 34 59 2
2 45 92 1 94 15 65
54 17 70 36 8 7 17
40 36 26 43 15 3 25
6 5 81 24 86 36 50
17 35 39 35 78 11 3
33 84 41 24 20 11 19
15 1 13 97 17 26 93
53 2 46 16 29 46 58
29 23 79 32 24 3 19
54 15 33 21 49 12 19
2 19 71 4 35 57 75
74 19 36 84 45 15 46
40 10 10 88 19 36 1
9 2 23 59 20 35 46
11 54 46 7 31 34 35
36 3 68 18 44 4 31
23 25 19 86 17 83 42
35 10 15 38 47 9 58
7 6 36 25 45 61 29
66 7 27 4 28 47 56
19 33 33 45 25 13 20
44 86 14 49 85 8 24
28 38 32 97 94 25 22
5 32 72 94 41 49 35
19 24 26 27 22 23 39
7 98 11 49 47 51 44
9 74 58 41 37 47 9
18 62 33 10 98 80 12
13 4 36 11 48 19 56
44 2 6 40 24 3 31
18 26 41 50 14 5 41
31 25 47 37 24 62 6
42 90 40 28 23 19 14
31 9 40 13 67 7 12
85 76 43 38 24 1 84
59 79 14 1 61 50 38
66 31 12 39 29 49 20
5 8 34 23 7 34 36
48 15 21 13 89 14 56
45 89 19 78 26 81 6
16 42 24 20 87 15 10
14 29 42 2 97 32 46
5 21 39 19 8 17 74
71 8 13 13 98 29 8
98 13 73 28 14 19 2
29 58 3 37 13 1 38
63 22 18 79 23 30 8
11 71 36 19 25 19 19
22 5 6 85 17 84 44
22 39 52 42 53 19 44
55 18 37 37 20 4 46
19 78 66 39 49 99 2
21 3 40 36 35 46 8
10 93 17 48 30 64 33
46 83 21 43 9 3 20
2 28 2 36 17 14 32
28 25 78 36 84 32 10
84 39 7 24 34 8 87
11 53 39 36 6 34 38
16 16 17 6 87 17 31
1 16 23 11 10 1 22
48 66 54 4 86 9 66
95 43 86 8 35 2 30
36 31 97 4 2 38 43
10 1 8 1 36 17 3
14 47 38 42 5 49 31
46 20 2 35 11 78 77
1 33 85 45 7 22 7
3 15 26 42 80 11 24
36 15 100 32 13 17 60
30 54 4 5 2 28 7
20 6 65 83 2 39 22
18 43 13 21 25 43 28
38 1 32 44 24 29 48
95 1 26 32 9 71 22
3 37 30 5 46 40 5
5 7 13 51 25 81 42
79 17 100 42 2 62 59
85 22 9 26 23 76 24
25 43 3 4 50 55 36
43 42 7 35 39 57 49
34 22 22 48 41 14 7
39 50 17 93 11 21 10
66 2 41 22 5 14 38
37 19 29 4 30 45 11
49 45 17 1 45 7 12
31 22 7 8 9 95 43
3 45 21 9 9 29 26
16 59 2 17 24 49 6
41 15 22 4 13 28 21
79 83 16 17 38 8 22
32 4 9 43 40 13 19
20 35 49 20 50 16 17
97 13 15 33 21 26 60
28 25 15 23 31 31 11
17 16 42 30 37 8 13
41 5 16 36 19 20 18
30 35 1 23 86 84 43
24 42 24 40 28 28 10
34 13 32 8 31 46 10
58 20 49 53 1 19 3
1 43 56 1 4 3 58
1 60 9 62 75 12 75
30 34 11 20 6 14 72
18 46 12 1 28 32 11
11 20 2 27 23 32 82
87 28 86 49 80 9 4
27 25 32 30 7 23 47
9 44 1 57 36 30 3
48 97 42 96 19 26 1
44 53 7 2 47 90 20
11 1 84 78 14 45 21
21 15 30 12 35 15 96
5 74 17 65 24 5 48
46 38 38 81 30 73 7
62 3 35 12 40 5 12
35 86 55 21 89 6 11
10 90 87 7 20 41 38
63 43 3 22 24 41 24
7 29 54 54 78 34 16
15 64 16 29 14 1 34
41 1 49 15 41 7 99
87 53 6 77 40 21 14
33 14 43 90 2 65 67
66 37 5 87 15 5 19
24 30 3 90 56 30 1
22 44 9 16 10 28 19
3 16 27 76 5 72 34
21 18 26 14 24 34 1
40 39 55 17 1 71 12
68 4 34 82 30 6 15
80 3 24 25 28 11 25
32 7 6 47 68 2 34
35 33 12 63 12 41 82
80 7 11 22 17 11 18
16 49 21 44 43 5 33
1 49 44 39 43 31 3
24 79 5 47 7 83 77
42 37 90 8 33 89 8
32 5 69 14 14 8 88
10 14 71 13 27 30 43
52 6 12 18 31 21 18
4 17 61 15 12 34 11
38 17 60 42 11 5 18
24 21 28 37 1 32 17
3 80 10 46 63 88 26
64 30 29 2 17 91 8
25 89 38 34 10 8 20
12 14 20 42 3 68 59
16 38 7 84 2 71 44
16 39 15 3 5 69 29
37 16 15 2 16 7 68
95 7 39 62 3 40 32
5 73 28 39 4 15 14
36 56 3 9 30 48 38
65 26 21 64 38 2 7
42 26 4 31 23 84 33
20 82 49 10 4 60 46
11 37 15 48 4 3 4
16 79 1 12 21 41 27
2 4 17 45 80 24 1
37 30 3 3 34 90 4
61 17 83 8 16 8 36
2 38 32 58 18 52 17
20 34 6 9 37 40 79
2 5 21 39 56 34 7
20 87 20 1 39 1 26
47 9 7 97 29 12 12
1 22 3 41 19 42 33
9 7 30 84 51 35 3
50 11 20 4 28 46 28
94 27 17 26 21 3 10
18 90 33 33 61 1 12
20 86 21 21 15 69 25
47 5 42 10 5 60 44
80 99 10 32 21 1 10
2 20 9 59 93 80 18
31 7 3 39 15 45 2
2 15 48 33 14 91 40
2 3 8 41 4 92 22
48 18 5 25 51 32 25
10 27 30 22 13 22 6
96 51 99 12 15 35 14
18 54 24 7 71 10 4
93 10 5 46 23 27 73
41 26 37 10 88 16 4
31 20 30 66 2 34 100
19 15 78 39 10 51 29
25 97 20 43 95 2 7
71 19 9 97 14 41 23
64 16 29 11 89 3 16
22 11 2 10 57 45 4
99 27 38 35 63 26 1
8 50 16 28 78 46 27
11 13 99 49 31 57 34
13 95 4 19 1 15 65
21 71 37 7 10 67 73
23 28 17 6 28 37 21
4 16 5 88 21 29 77
24 6 71 66 5 1 97
43 2 29 8 35 46 23
1 21 18 100 34 59 89
47 31 1 72 39 9 47
30 24 33 50 6 10 50
3 36 20 31 48 90 59
2 74 84 6 30 30 1
45 12 11 24 46 5 40
89 37 11 4 15 12 49
5 19 7 48 64 17 46
83 59 96 98 21 9 2
95 7 24 12 9 7 25
91 6 4 1 10 81 11
76 36 68 37 18 30 2
22 5 49 47 26 64 15
15 25 9 43 10 32 76
40 14 2 16 30 45 94
1 25 39 16 3 13 78
45 5 5 8 34 48 19
25 35 46 82 23 9 17
43 50 1 3 41 33 2
38 19 90 6 11 7 56
19 9 90 11 51 2 19
21 32 47 5 30 73 5
67 2 55 5 10 47 58
25 16 36 35 24 20 13
29 8 11 43 17 12 81
46 3 25 27 61 11 4
4 8 5 19 51 34 24
9 36 74 8 19 18 72
51 42 5 6 24 48 71
26 15 1 81 22 38 46
1 15 18 1 33 57 100
67 72 9 35 13 19 27
33 56 23 39 6 44 2
86 92 11 64 26 5 3
3 9 70 43 8 56 5
3 33 16 3 19 78 29
57 44 12 46 13 1 54
38 16 8 50 3 4 12
22 37 23 25 26 53 10
39 36 49 5 33 41 64
