250 7
0.83 0.02 0.89 0.74 0.14 0.01 0.11
0.10 0.43 0.04 0.40 0.55 0.45 0.16
0.31 0.05 0.33 0.48 0.05 0.18 0.43
0.49 0.22 0.23 0.13 0.26 0.13 0.02
0.44 0.89 0.07 0.02 0.82 0.02 0.41
0.08 0.14 0.94 0.46 0.56 0.26 0.24
0.43 0.02 0.98 0.33 0.99 0.41 0.49
0.10 0.84 0.42 0.17 0.82 0.84 0.52
0.12 0.35 0.29 0.49 0.03 0.87 0.96
1.00 0.67 0.33 0.05 0.63 0.05 0.19
0.57 0.49 0.22 0.04 0.18 0.38 0.92
0.66 0.27 0.47 0.11 0.31 0.67 0.22
0.29 0.33 0.30 0.11 0.20 0.17 0.46
0.48 0.37 0.26 0.59 0.43 0.23 0.60
0.23 0.45 0.43 0.14 0.56 0.80 0.47
0.38 0.10 0.32 0.46 0.43 0.97 0.12
0.87 0.08 0.20 0.46 0.15 0.23 0.20
0.26 0.44 0.81 0.05 0.37 0.45 0.07
0.20 0.51 0.32 0.38 0.92 0.10 0.34
0.80 0.03 0.09 0.53 0.08 0.11 0.45
0.16 0.91 0.21 0.49 0.06 0.64 0.19
0.34 0.47 0.18 0.04 0.20 0.41 0.37
0.43 0.19 0.21 0.03 0.36 0.38 0.27
0.33 0.51 0.08 0.25 0.30 0.26 0.41
0.16 0.09 0.55 0.20 0.11 0.47 0.06
0.11 0.90 0.38 0.37 0.44 0.52 0.19
0.44 0.19 0.43 0.39 0.19 0.35 0.05
0.22 0.69 0.49 0.35 0.04 0.31 0.48
0.08 0.88 0.53 0.36 0.11 0.50 0.45
0.27 0.17 0.26 0.31 0.30 0.96 0.32
0.38 0.46 0.04 0.34 0.15 0.89 0.02
0.45 0.29 0.46 0.48 0.13 0.38 0.15
0.45 0.21 0.10 0.67 0.12 0.64 0.98
0.02 0.81 0.42 0.50 0.16 0.29 0.23
0.56 0.80 0.03 0.19 0.09 0.27 0.64
0.22 0.13 0.50 0.19 0.25 0.26 0.04
0.82 0.94 0.14 0.46 0.08 0.22 0.94
0.69 0.40 0.04 0.30 0.33 0.40 0.18
0.09 0.70 0.71 0.41 0.04 0.49 0.30
0.17 0.33 0.79 0.41 0.06 0.85 0.14
0.72 0.32 0.27 0.02 0.33 0.28 1.00
0.06 0.67 0.45 0.09 0.49 0.26 0.83
0.42 0.36 0.25 0.62 0.65 0.02 0.06
0.36 0.44 0.39 0.23 0.10 0.52 0.57
0.30 0.25 0.79 0.43 0.19 0.22 0.02
0.23 0.04 0.30 0.26 0.04 0.83 0.32
0.23 0.05 0.48 0.10 0.19 0.48 0.50
0.51 0.07 0.40 0.92 0.37 0.26 0.31
0.43 0.69 0.23 0.03 0.09 0.50 0.74
0.39 0.14 0.96 0.24 0.47 0.05 0.10
0.25 0.43 0.17 0.24 0.64 0.15 0.46
0.25 0.18 0.33 0.39 0.16 0.44 0.27
0.45 0.45 0.20 0.24 0.73 0.13 0.40
0.01 0.32 0.02 0.04 0.37 0.06 0.48
0.16 0.45 0.43 0.43 0.05 0.22 0.41
0.39 0.25 0.36 0.76 0.04 0.36 0.10
0.28 0.05 0.01 0.43 0.28 0.22 0.09
0.72 0.05 0.08 0.38 0.10 0.89 0.67
0.48 0.88 0.90 0.65 0.86 0.16 0.04
0.43 0.65 0.29 0.01 0.36 0.73 0.07
0.77 0.13 0.27 0.71 0.41 0.11 0.11
0.70 0.39 0.79 0.07 0.38 0.08 0.28
0.35 0.13 0.28 0.06 0.27 0.68 0.28
0.13 0.47 0.60 0.38 0.21 0.47 0.23
0.43 0.08 0.10 0.17 0.77 0.03 0.17
0.50 0.01 0.22 0.45 0.47 0.96 0.38
0.86 0.10 0.25 0.47 0.17 0.35 0.40
0.15 0.80 0.27 0.50 0.63 0.44 0.35
0.61 0.17 0.23 0.72 0.11 0.33 0.02
0.82 0.91 0.08 0.01 0.74 0.36 0.23
0.11 0.49 0.06 0.93 0.50 0.27 0.04
0.31 0.30 0.97 0.93 0.06 0.71 0.05
0.11 0.21 0.89 0.12 0.19 0.22 0.93
0.23 0.50 0.15 0.74 0.26 0.38 0.30
0.26 0.36 0.30 0.37 0.73 0.75 0.40
0.34 0.47 0.06 0.13 0.43 0.98 0.39
0.27 0.04 0.68 0.07 0.24 0.22 0.41
0.15 0.19 0.78 0.39 0.04 0.14 0.33
0.10 0.39 0.11 0.29 0.13 0.74 0.10
0.92 0.58 0.61 0.42 0.19 0.13 0.62
0.65 0.31 0.18 0.49 0.25 0.01 0.79
0.39 0.30 0.05 0.48 0.06 0.21 0.35
0.16 0.31 0.14 0.01 0.33 0.07 0.32
0.13 0.42 0.44 0.02 0.13 0.05 0.09
0.48 0.47 0.28 0.29 0.50 0.10 0.30
0.26 0.19 0.18 0.03 0.28 0.03 0.26
0.40 0.02 0.50 0.17 0.09 0.19 0.13
0.08 0.06 0.44 0.31 0.58 0.05 0.92
0.77 0.06 0.30 0.80 0.46 0.19 0.91
0.21 0.05 0.49 0.43 0.02 0.21 0.04
0.88 0.36 0.01 0.13 0.45 0.70 0.43
0.73 0.15 0.94 0.23 0.28 0.83 0.03
0.26 0.32 0.02 0.27 0.75 0.30 0.10
0.47 0.32 0.37 0.34 0.09 0.08 0.14
0.30 0.20 0.16 0.08 0.74 0.01 0.35
0.91 0.21 0.23 0.15 0.56 0.03 0.08
0.44 0.19 0.35 0.49 0.26 0.08 0.90
0.32 0.17 0.12 0.10 0.35 0.63 0.24
0.29 0.11 0.96 0.03 0.50 0.22 0.16
0.59 0.19 0.12 0.44 0.04 0.06 0.30
0.14 0.50 0.24 0.10 0.76 0.33 0.25
0.04 0.09 0.57 0.67 0.72 0.31 0.48
0.02 0.28 0.72 0.65 0.25 0.16 0.29
0.05 0.23 0.36 0.16 0.33 0.40 0.06
0.29 0.08 0.05 0.18 0.23 0.85 0.87
0.09 0.37 0.48 0.75 0.33 0.08 0.12
0.10 0.05 0.22 0.38 0.08 0.41 0.84
0.29 0.03 0.36 0.26 0.25 0.19 0.55
0.73 0.20 0.08 0.24 0.04 0.39 0.31
0.25 0.19 0.09 0.29 0.33 0.15 0.12
0.65 0.27 0.37 0.26 0.23 0.46 0.49
0.13 0.38 0.95 0.36 0.95 0.21 0.39
0.63 0.09 0.22 0.30 0.34 0.54 0.29
0.10 0.39 0.02 0.31 0.28 0.19 0.44
0.17 0.47 0.70 0.98 0.07 0.06 0.39
0.09 0.08 0.55 0.47 0.95 0.06 0.43
0.61 0.18 0.80 0.16 0.12 0.11 0.16
0.04 0.58 0.80 0.48 0.58 0.40 0.46
0.40 0.33 0.07 0.06 0.40 0.02 0.32
0.10 0.31 0.02 0.48 0.06 0.08 0.25
0.35 0.26 0.40 0.24 0.15 0.14 0.11
0.07 0.24 0.28 0.87 0.24 0.43 0.37
0.22 0.26 0.14 0.19 0.06 0.83 0.96
0.48 0.05 0.07 0.29 0.05 0.19 0.05
0.37 0.25 0.36 0.24 0.49 0.27 0.14
0.64 0.26 0.32 0.01 0.22 0.27 0.04
0.24 0.14 0.09 0.41 0.99 0.41 0.18
0.10 0.28 0.11 0.97 0.32 0.30 0.08
0.10 0.25 0.38 0.55 0.03 0.48 0.45
0.49 0.46 0.99 0.26 0.06 0.51 0.35
0.31 0.04 0.35 0.71 0.38 0.64 0.26
0.13 0.46 0.10 0.10 0.50 0.42 0.29
0.18 0.19 0.18 0.29 0.19 0.08 0.36
0.41 0.23 0.02 0.25 0.33 0.31 0.04
0.49 0.25 0.35 0.14 0.13 1.00 0.21
0.57 0.08 0.26 0.30 0.85 0.65 0.03
0.37 0.77 0.12 0.44 0.23 0.18 0.20
0.11 0.35 0.36 0.10 0.55 0.70 0.41
0.40 0.27 0.08 0.31 0.52 0.50 0.43
0.40 0.11 0.88 0.25 0.37 0.07 0.83
0.58 0.28 0.03 0.30 0.84 0.16 0.06
0.09 0.10 0.29 0.64 0.78 0.17 0.14
0.96 0.05 0.40 0.30 0.37 0.07 0.11
0.62 0.04 0.25 0.67 0.27 0.37 0.34
0.17 0.20 0.77 0.92 0.71 0.16 0.10
0.84 0.03 0.05 0.06 0.08 0.48 0.07
0.89 0.25 0.50 0.48 0.30 0.04 0.09
0.81 0.01 0.14 0.10 0.39 0.55 0.80
0.24 0.01 0.15 0.74 0.03 0.43 0.38
0.69 0.04 0.34 0.25 0.48 1.00 0.29
0.01 0.05 0.62 0.23 0.99 0.32 0.34
0.39 0.20 0.75 0.29 0.04 0.94 0.20
0.15 0.26 0.41 0.17 0.30 0.14 0.24
0.25 0.33 0.05 0.05 0.70 0.20 0.03
0.40 0.13 0.43 0.41 0.38 0.07 0.23
0.23 0.16 0.02 0.20 0.88 0.04 0.13
0.24 0.33 0.47 0.95 0.46 0.36 0.18
0.16 0.07 0.09 0.42 0.49 0.21 0.02
0.19 0.46 0.40 0.21 0.22 0.48 0.89
0.48 1.00 0.49 0.01 0.09 0.04 0.28
0.02 0.74 0.39 0.02 0.04 0.58 0.36
0.43 0.21 0.19 0.49 0.06 0.57 0.66
0.20 0.20 0.23 0.18 0.40 0.59 0.31
0.13 0.36 0.20 0.78 0.20 0.44 0.04
0.07 0.33 0.13 0.07 0.65 0.87 0.37
0.41 0.14 0.54 0.07 0.58 0.43 0.37
0.14 0.54 0.37 0.30 0.18 0.15 0.08
0.06 0.42 0.18 0.31 0.31 0.74 0.58
0.83 0.15 0.87 0.06 0.05 0.28 0.59
0.23 0.45 0.98 0.07 0.17 0.58 0.03
0.14 0.39 0.41 0.12 0.68 0.77 0.36
0.74 0.14 0.09 0.06 0.37 0.71 0.29
0.01 0.08 0.56 0.90 0.39 0.97 0.02
0.91 0.24 0.68 0.55 0.01 0.62 0.13
0.02 0.14 0.01 0.08 0.77 0.31 0.01
0.75 0.08 0.05 0.61 0.26 0.09 0.75
0.03 0.31 0.46 0.11 0.25 0.26 0.28
0.14 0.11 0.34 0.03 0.79 0.33 0.30
0.49 0.63 0.21 0.39 0.02 0.38 0.31
0.48 0.15 0.30 0.51 0.72 0.03 0.27
0.33 0.25 0.27 0.98 0.16 0.11 0.31
0.15 0.17 0.49 0.06 0.36 0.02 0.11
0.16 0.07 0.12 0.16 0.05 0.88 0.22
0.45 0.93 0.72 0.32 0.08 0.35 0.59
0.75 0.16 0.50 0.31 0.32 0.11 0.41
0.04 0.41 0.66 0.54 0.12 0.74 0.09
0.37 0.17 0.22 0.33 0.20 0.28 0.40
0.17 0.37 0.50 0.05 0.06 0.06 0.88
0.09 0.02 0.67 0.95 0.32 0.66 0.39
0.02 0.10 0.41 0.38 0.04 0.30 0.41
0.03 0.12 0.40 0.55 0.04 0.97 0.35
0.29 0.45 0.30 0.39 0.45 0.05 0.09
0.87 0.23 0.02 0.07 0.16 0.44 0.74
0.02 0.57 0.64 0.20 0.45 0.53 0.02
0.37 0.99 0.20 0.19 0.02 0.56 0.26
0.03 0.02 0.03 0.01 0.96 0.32 0.26
0.31 0.11 0.07 0.42 0.92 0.46 0.84
0.02 0.34 0.04 0.27 0.63 0.79 0.35
0.28 0.21 0.33 0.50 0.18 0.38 0.05
0.12 0.18 0.27 0.13 0.45 0.49 0.30
0.32 0.15 0.35 0.15 0.24 0.50 0.33
0.43 0.75 0.07 0.10 0.24 0.11 0.48
0.40 0.70 0.31 0.23 0.01 0.99 0.22
0.17 0.21 0.43 0.40 0.35 0.12 0.73
0.57 0.11 0.15 0.16 0.36 0.17 0.47
0.57 0.33 0.26 0.48 0.25 0.07 0.49
0.56 0.25 0.71 0.12 0.05 0.94 0.12
0.39 0.27 0.23 0.01 0.06 0.25 0.29
0.42 0.18 0.27 0.14 0.72 0.40 0.48
0.10 0.96 0.29 0.88 0.29 0.18 0.11
0.42 0.17 0.22 0.35 0.08 0.48 0.78
0.45 0.01 0.51 0.44 0.28 0.13 0.13
0.45 0.29 0.17 0.86 0.59 0.03 0.50
0.71 0.07 0.27 0.25 0.21 0.50 0.46
0.34 0.06 0.92 0.65 0.38 0.18 0.25
0.75 0.50 0.15 0.42 0.30 0.05 0.38
0.29 0.07 0.31 0.13 0.43 0.46 0.38
0.21 0.92 0.45 0.29 0.57 0.03 0.36
0.98 0.48 0.06 0.41 0.40 0.05 0.24
0.37 0.19 0.98 0.81 0.48 0.12 0.07
0.47 0.14 0.23 0.81 0.19 0.79 0.05
0.32 0.56 0.26 0.46 0.12 0.09 0.03
0.48 0.32 0.45 0.23 0.43 0.30 0.04
0.22 0.15 0.28 0.56 0.36 0.45 0.07
0.25 0.77 0.28 0.17 0.52 0.33 0.08
0.80 0.09 0.43 0.13 0.25 0.02 0.26
0.06 0.07 0.27 0.13 0.88 0.54 0.88
0.47 0.32 0.80 0.96 0.03 0.05 0.93
0.22 0.57 0.19 0.17 0.24 0.24 0.34
0.09 0.29 0.07 0.44 0.22 0.19 0.24
0.62 0.32 0.53 0.14 0.23 0.76 0.23
0.08 0.68 0.67 0.69 0.12 0.14 0.32
0.08 0.22 0.46 0.35 0.28 0.22 0.80
0.13 0.25 0.83 0.15 0.25 0.34 0.52
0.08 0.18 0.44 0.23 0.49 0.03 0.25
0.05 0.05 0.23 0.20 0.81 0.49 0.31
0.16 0.30 0.40 0.82 0.48 0.46 0.01
0.26 0.47 0.43 0.28 0.16 0.27 0.14
0.45 0.39 0.17 0.99 0.24 0.21 0.01
0.26 0.87 0.36 0.20 0.15 0.10 0.44
0.91 0.21 0.03 0.01 0.29 0.28 0.02
0.10 0.72 0.57 0.01 0.81 0.01 0.04
0.27 0.09 0.76 0.17 0.25 0.48 0.02
0.17 0.45 0.03 0.54 0.07 0.21 0.07
0.13 0.35 0.14 0.22 0.61 0.21 0.20
0.02 0.91 0.03 0.31 0.48 0.38 0.07
0.38 0.12 0.45 0.02 0.17 0.71 0.07
0.32 0.26 0.49 0.22 0.04 0.12 0.22
0.70 0.32 0.16 0.16 0.23 0.08 0.79
0.15 0.22 0.47 0.23 0.08 0.31 0.25
