250 7
42 3 21 82 14 19 44
40 58 28 16 45 19 91
20 14 26 84 24 16 20
21 23 4 31 18 72 92
90 5 36 35 62 88 38
100 35 58 21 6 32 6
43 15 37 8 89 41 25
63 23 8 98 47 22 18
1 23 24 38 25 91 37
9 16 15 29 4 11 51
58 28 36 27 44 47 15
10 12 20 14 4 36 8
42 56 4 23 50 38 32
80 38 28 4 61 29 8
8 49 18 32 49 45 50
11 23 28 18 45 29 44
41 45 12 92 33 44 51
53 46 7 49 57 96 33
32 9 13 42 100 44 22
9 10 14 23 35 5 51
14 49 23 7 22 37 49
21 29 12 3 7 15 42
20 46 45 42 34 2 95
56 18 9 7 3 8 54
70 39 17 13 46 50 32
12 16 10 15 47 28 11
12 16 34 36 54 41 4
15 22 16 7 34 45 37
30 37 37 2 17 6 2
27 47 35 10 29 24 34
8 18 1 44 59 34 3
10 19 28 94 14 46 4
44 85 7 14 34 50 36
19 92 45 12 45 4 60
11 8 32 80 29 8 96
17 12 11 38 4 11 43
43 39 17 4 69 13 52
23 10 3 46 69 8 1
36 17 19 47 2 11 2
35 36 50 1 11 49 13
8 46 44 12 23 22 23
27 4 43 33 29 44 30
3 14 1 50 38 65 17
28 33 82 49 45 7 44
23 96 17 75 27 13 4
50 21 32 6 20 34 93
4 19 64 3 14 21 10
3 99 80 49 77 71 63
11 30 49 25 8 5 84
7 70 10 36 34 15 39
15 40 29 4 81 28 38
21 9 78 15 46 56 37
4 97 65 7 32 15 16
5 21 6 67 71 6 75
14 50 18 12 36 59 74
83 4 98 97 29 10 17
21 56 1 31 100 1 99
17 100 23 20 3 56 15
68 36 63 21 100 8 19
28 33 59 39 14 43 3
8 97 23 36 35 9 64
29 88 23 3 91 92 9
26 22 10 35 40 1 20
17 94 46 38 19 8 14
4 17 60 55 55 34 79
5 76 25 31 30 27 36
10 76 38 26 20 9 31
44 3 86 16 98 9 40
18 6 3 11 46 6 31
9 49 8 88 73 1 27
32 18 42 14 6 9 98
48 82 18 39 7 79 12
1 71 30 36 49 43 12
78 17 48 45 13 13 36
19 28 5 22 64 69 20
30 9 39 39 18 26 89
28 59 50 39 5 7 12
34 32 44 33 2 27 7
45 4 17 41 57 33 56
2 83 28 100 14 7 14
8 48 4 18 28 52 93
13 63 22 33 25 96 6
13 22 5 94 38 8 7
49 5 95 4 80 28 69
8 19 42 44 31 19 26
37 30 10 64 34 20 13
25 50 32 4 24 43 5
16 90 29 35 50 44 1
66 9 1 39 12 55 71
54 2 20 44 51 7 20
12 20 13 43 70 48 9
48 10 50 3 21 38 78
2 90 35 42 44 52 11
45 85 38 30 49 2 3
29 18 73 97 40 12 30
94 32 7 19 34 68 14
28 47 6 35 13 36 47
13 16 24 11 81 74 9
48 40 45 5 9 18 7
83 35 17 13 17 28 29
56 34 6 39 41 17 76
25 5 57 59 14 31 81
8 8 39 21 41 15 20
1 2 13 69 32 55 50
35 77 6 92 7 8 10
60 13 7 86 38 22 58
1 99 32 46 28 36 55
98 29 2 2 69 31 81
80 35 47 90 27 5 19
30 39 32 54 88 1 11
43 7 62 49 21 26 36
14 16 54 3 40 48 17
6 26 48 10 92 100 1
34 26 24 3 37 36 46
18 24 56 23 29 22 25
9 22 25 19 7 31 29
6 13 30 49 17 8 35
73 15 33 8 42 15 17
82 36 39 50 10 4 2
49 99 11 28 4 11 17
26 19 45 12 22 25 6
7 4 73 16 3 32 10
33 6 9 19 2 28 29
35 2 96 67 4 66 25
25 96 1 53 5 58 15
88 48 17 57 56 53 9
11 24 17 78 57 62 10
47 5 44 25 14 49 98
72 19 21 21 27 34 25
88 25 64 100 4 5 35
14 15 45 1 12 22 21
15 10 40 47 12 79 99
6 4 29 98 54 78 18
25 27 37 42 33 29 24
88 84 5 48 39 46 27
12 36 18 29 5 48 16
13 5 6 4 2 44 39
41 33 40 37 4 79 4
35 11 64 16 26 6 43
69 21 48 31 1 34 36
18 23 81 73 32 41 2
35 3 11 7 7 34 56
2 48 100 4 91 64 35
100 81 23 15 36 34 25
76 2 2 40 2 39 6
11 22 43 11 95 55 91
11 9 10 15 20 56 46
29 13 62 37 6 97 7
8 38 9 46 30 31 25
23 15 37 53 51 3 21
22 2 48 28 63 39 33
72 4 14 87 35 23 3
6 33 16 84 59 66 10
93 52 22 38 13 47 3
37 44 16 25 11 14 42
74 47 36 7 51 25 10
33 26 32 26 9 1 17
2 9 48 50 15 11 17
85 98 28 26 16 26 20
10 81 14 44 23 93 31
89 22 13 29 71 25 15
84 17 10 8 14 93 11
64 10 17 9 27 40 17
21 60 28 19 18 16 14
10 46 51 40 71 8 14
78 49 27 14 42 6 12
4 83 28 49 15 21 82
25 6 40 41 18 8 10
29 49 6 4 27 62 5
10 47 23 8 13 39 90
31 3 29 29 47 12 24
90 17 25 7 68 32 40
31 28 88 20 10 24 48
70 8 26 39 29 21 20
21 26 44 61 17 7 10
33 18 19 14 8 14 35
96 13 23 60 24 8 42
1 47 43 61 17 52 95
62 68 96 39 5 68 6
13 37 10 36 28 4 21
8 5 56 94 49 53 37
12 35 30 79 36 22 18
4 81 29 87 5 39 9
30 10 9 37 45 30 20
29 97 22 33 60 79 2
2 22 18 30 36 24 56
3 26 29 55 46 18 18
97 36 4 30 43 15 17
68 3 57 36 35 48 13
19 7 44 12 24 83 35
91 24 48 3 7 2 41
37 50 1 66 6 45 75
32 1 47 28 26 55 1
9 92 26 6 40 4 23
94 34 75 26 4 76 7
8 46 41 7 36 63 42
45 3 48 46 7 99 14
36 3 32 16 26 10 52
8 53 20 27 58 89 25
5 21 21 12 41 4 60
33 99 6 14 22 89 22
24 46 31 2 41 25 7
24 1 6 23 65 18 20
50 15 41 48 39 48 3
12 14 4 15 15 28 52
6 38 5 12 61 20 51
9 64 37 12 21 22 16
1 39 92 80 16 24 4
36 32 18 54 23 88 7
39 53 10 39 85 19 9
18 1 65 22 8 26 64
23 3 20 5 10 9 45
29 47 29 7 89 77 33
34 11 25 10 15 49 38
28 39 81 18 1 98 42
99 9 64 8 29 7 13
5 23 6 24 36 74 58
60 59 29 8 8 68 10
41 74 18 24 34 2 5
69 49 12 29 3 80 20
1 11 30 50 29 47 19
27 31 3 9 29 6 60
82 1 86 20 10 67 55
42 2 83 48 32 8 66
29 92 1 96 31 79 38
1 2 23 71 8 1 50
43 97 1 34 25 28 9
11 64 23 69 1 31 82
5 6 2 14 31 50 39
48 13 34 46 38 1 15
15 38 6 59 95 27 17
58 48 23 34 34 7 27
11 15 2 30 14 27 12
1 100 21 92 40 43 33
78 43 72 11 45 5 44
6 32 84 5 7 66 7
13 50 49 8 95 44 6
26 11 13 7 7 2 34
89 29 12 47 16 13 27
41 12 2 14 1 50 80
15 11 34 35 36 17 17
98 16 50 28 3 13 88
97 2 71 26 4 57 75
71 37 22 35 42 47 1
22 37 6 36 45 8 18
96 43 40 6 3 17 26
5 80 71 32 31 2 31
31 5 1 47 86 41 22
39 72 16 98 8 11 10
11 35 6 12 32 88 95
