250 7
0.09 0.07 0.49 0.76 0.50 0.30 0.91
0.19 0.16 0.18 0.23 0.98 0.23 0.22
0.17 0.13 0.98 0.20 0.50 0.69 0.80
0.40 0.64 0.29 0.26 0.07 0.15 0.10
0.24 0.79 0.50 0.19 0.14 0.33 0.43
0.22 0.31 0.32 0.11 0.21 0.15 0.04
0.41 0.26 0.55 1.00 0.28 0.02 0.39
0.02 0.32 0.32 0.22 0.87 0.25 0.11
0.01 0.27 0.43 0.94 0.35 0.83 0.83
0.71 0.43 0.85 0.04 0.02 0.09 0.49
0.06 0.27 0.91 0.13 0.39 0.39 0.04
0.63 0.04 0.37 0.43 0.41 0.13 0.38
0.23 0.13 0.27 0.44 0.47 0.19 0.29
0.08 0.38 0.40 0.59 0.86 0.41 0.13
0.21 0.25 0.86 0.05 0.06 0.07 0.01
0.16 0.53 0.55 0.23 0.16 0.31 0.17
0.51 0.45 0.08 0.42 0.93 0.03 0.84
0.41 0.47 0.03 0.34 0.46 0.85 0.43
0.20 0.38 0.17 1.00 0.73 0.75 0.50
0.48 0.45 0.39 0.09 0.40 0.18 0.04
0.47 0.21 0.14 0.18 0.21 0.60 0.49
0.20 0.04 0.03 0.44 0.31 0.22 0.44
0.08 0.02 0.37 0.97 0.35 0.26 0.13
0.34 0.17 0.32 0.50 0.30 0.25 0.43
0.74 0.05 0.12 0.07 0.16 0.25 0.08
0.21 0.53 0.78 0.92 0.48 0.06 0.27
0.37 0.62 0.23 0.45 0.31 0.40 0.24
0.04 0.16 0.18 0.38 0.50 0.44 0.11
0.42 0.36 0.14 0.15 0.32 0.03 0.43
0.47 0.45 0.37 0.07 0.01 0.39 0.20
0.21 0.21 0.39 0.81 0.28 0.23 0.24
0.21 0.11 0.95 0.38 0.25 0.38 0.23
0.23 0.12 0.48 0.56 0.96 0.42 0.02
0.08 0.12 0.53 0.02 0.66 0.94 0.31
0.93 0.26 0.28 0.70 0.46 0.71 0.02
0.26 0.42 0.06 0.12 0.11 0.11 0.35
0.18 0.47 0.35 0.15 0.24 0.52 0.34
0.03 0.23 0.03 0.07 0.80 0.22 0.87
0.59 0.36 0.23 0.03 0.95 0.13 0.01
0.17 0.24 0.48 0.45 0.50 0.12 0.11
0.20 0.06 0.24 0.43 0.39 0.65 0.08
0.01 0.37 0.27 0.31 0.10 0.31 0.14
0.68 0.09 0.51 0.41 0.25 0.13 0.08
0.35 0.06 0.45 0.08 0.01 0.19 0.35
0.56 0.24 0.98 0.31 0.07 0.43 0.29
0.22 0.31 0.44 0.06 0.09 0.10 0.19
0.11 0.48 0.01 0.17 0.35 0.17 0.22
0.29 0.51 0.49 0.31 0.20 0.03 0.33
0.52 0.01 0.09 0.01 0.55 0.11 0.24
0.06 0.06 0.30 0.34 0.14 0.46 0.27
0.41 0.35 0.25 0.18 0.15 0.37 0.17
0.18 0.04 0.21 0.42 0.10 0.12 0.98
0.08 0.80 0.44 0.78 0.31 0.04 0.41
0.37 0.27 0.16 0.98 0.08 0.35 0.09
0.07 0.13 0.10 0.16 0.31 0.39 0.10
0.19 0.35 0.55 0.35 0.18 0.57 0.14
0.85 0.86 0.36 0.13 0.94 0.12 0.03
0.75 0.61 0.29 0.17 0.06 0.51 0.24
0.25 0.06 0.26 0.43 0.30 0.23 0.22
0.15 0.33 0.37 0.12 0.48 0.98 0.62
0.26 0.20 0.19 0.84 0.23 0.37 0.32
0.15 0.07 0.39 0.01 0.18 0.51 0.02
0.31 0.09 0.08 0.31 0.01 0.13 0.21
0.47 0.25 0.15 0.17 0.11 0.52 0.98
0.06 0.75 0.33 0.45 0.33 0.62 0.12
0.45 0.15 0.09 0.41 0.08 0.03 0.12
0.06 0.04 0.27 0.18 0.05 0.01 0.13
0.20 0.01 0.06 0.02 0.56 0.91 0.05
0.05 0.05 0.29 0.98 0.65 0.27 0.84
0.45 0.12 0.06 0.52 0.18 0.39 0.91
0.60 0.88 0.20 0.48 0.43 0.33 0.04
0.11 0.23 0.99 0.02 0.90 0.23 0.14
0.45 0.78 0.22 0.02 0.36 0.50 0.66
0.32 0.38 0.09 0.32 0.03 0.29 0.08
0.15 0.30 0.09 0.83 0.19 0.33 0.98
0.28 0.14 0.10 0.07 0.04 0.67 0.08
0.40 0.52 0.53 0.46 0.14 0.90 0.02
0.33 0.06 0.49 0.21 0.17 0.08 0.03
0.01 0.08 0.41 0.08 0.41 0.31 0.96
0.49 0.10 0.72 0.20 0.30 0.30 0.05
0.18 0.06 0.14 0.23 0.29 0.58 0.14
0.48 0.35 0.11 0.48 0.23 0.48 0.06
0.25 0.20 0.95 0.07 0.13 0.41 0.50
0.22 0.15 0.19 0.59 0.28 0.27 0.01
0.29 0.07 0.13 0.49 0.79 0.36 0.13
0.39 0.14 0.26 0.38 0.23 0.08 0.04
0.30 0.10 0.88 1.00 0.14 0.04 0.04
0.04 0.36 0.32 0.94 0.23 0.07 0.34
0.45 0.14 0.02 0.25 0.10 0.24 0.25
0.39 0.42 0.79 0.25 0.88 0.88 0.01
0.26 0.47 0.01 0.13 0.17 0.33 0.12
0.23 0.18 0.10 0.33 0.91 0.26 0.28
0.27 0.29 0.01 0.26 0.32 0.96 0.02
0.19 0.28 0.30 0.11 0.25 0.07 0.21
0.42 0.18 0.15 0.17 0.53 0.01 0.82
0.27 0.44 0.49 0.04 0.40 0.34 0.21
0.23 0.09 0.72 0.17 0.27 0.40 0.09
0.31 0.11 0.09 0.74 0.74 0.18 0.06
0.02 0.04 0.48 0.94 0.07 0.15 0.98
0.48 0.04 0.01 0.46 0.21 0.34 0.46
0.70 0.74 0.41 0.08 0.23 0.30 0.24
0.67 0.43 0.06 0.13 0.13 0.44 0.07
0.40 0.01 0.08 0.17 0.43 0.03 0.48
0.19 0.34 0.88 0.16 0.07 0.03 0.97
0.09 0.12 0.01 0.44 0.25 0.23 0.30
0.16 0.35 0.25 0.04 0.95 0.63 0.03
0.21 0.67 0.25 0.18 0.24 0.25 0.44
0.46 0.04 0.02 0.24 0.06 0.12 0.45
0.06 0.42 0.46 0.67 0.26 0.05 0.03
0.93 0.61 0.33 0.14 0.17 0.10 0.30
0.31 0.30 0.14 0.18 0.48 0.12 0.51
0.18 0.29 0.27 0.35 0.04 0.40 0.33
0.82 0.32 0.60 0.15 0.58 0.07 0.03
0.03 0.10 0.11 0.32 0.18 0.88 0.07
0.28 0.62 0.34 0.87 0.15 0.18 0.03
0.53 0.13 0.06 0.86 0.49 0.44 0.07
0.52 0.98 0.86 0.12 0.05 0.49 0.08
0.14 0.22 0.04 0.55 0.51 0.07 0.26
0.02 0.43 0.95 0.15 0.81 0.22 0.46
0.05 0.05 0.88 0.42 0.01 0.19 0.15
0.41 0.28 0.26 0.25 0.91 0.14 0.45
0.04 0.59 0.37 0.18 0.20 0.29 0.55
0.64 0.13 0.24 0.37 0.24 0.10 0.27
0.33 0.02 0.31 0.78 0.53 0.36 0.09
0.05 0.22 0.24 0.21 0.40 0.82 0.06
0.89 0.88 0.02 0.03 0.46 0.22 0.34
0.84 0.35 0.06 0.19 0.78 0.81 0.30
0.38 0.40 0.04 0.83 0.07 0.71 0.55
0.27 0.13 0.49 0.02 0.30 0.09 0.24
0.72 0.14 0.24 0.57 0.39 0.04 0.19
0.02 0.51 0.14 0.35 0.36 0.34 0.19
0.29 0.18 0.22 0.21 0.56 0.10 0.88
0.44 0.65 0.49 0.64 0.01 0.04 0.47
0.27 0.49 0.04 0.32 0.78 0.86 0.07
0.38 0.29 0.33 0.10 0.50 0.35 0.35
0.50 0.33 0.17 0.21 0.35 0.25 0.77
0.37 0.54 0.48 0.17 0.20 0.43 0.09
0.37 0.85 0.54 0.09 0.32 0.21 0.12
0.27 0.11 0.79 0.68 0.04 0.66 0.40
0.49 0.01 0.75 0.67 0.25 0.42 0.38
0.16 0.32 0.04 0.33 0.73 0.56 0.04
0.86 0.03 1.00 0.28 0.27 0.31 0.79
0.29 0.87 0.07 0.84 0.19 0.03 0.13
0.29 0.06 0.75 0.15 0.22 0.42 0.55
0.15 0.78 0.10 0.17 0.03 0.44 0.41
0.14 0.23 0.13 1.00 0.31 0.08 0.50
0.42 0.10 0.50 0.10 0.13 0.20 0.03
0.25 0.19 0.04 0.18 0.51 0.97 0.54
0.22 0.13 0.04 0.32 0.72 0.42 0.42
0.28 0.04 0.26 0.14 0.46 0.46 0.09
0.06 0.29 0.48 0.14 0.62 0.48 0.24
0.12 0.90 0.15 0.01 0.75 0.65 0.19
0.16 0.25 0.25 0.01 0.07 0.50 0.37
0.12 0.27 0.96 0.01 0.49 0.28 0.34
0.52 0.28 0.05 0.22 0.35 0.14 0.15
0.27 0.23 0.14 0.04 0.48 0.20 0.33
0.20 0.45 0.18 0.18 0.04 0.45 0.29
0.49 0.81 0.49 0.74 0.05 0.64 0.04
0.20 0.03 0.44 0.35 0.14 0.32 0.02
0.49 0.02 0.47 0.33 0.43 0.33 0.15
0.38 0.27 0.45 0.06 0.34 0.31 0.25
0.20 0.41 0.11 0.07 0.49 0.38 0.89
0.18 0.47 0.14 0.20 0.85 0.07 0.10
0.20 0.68 0.08 0.57 0.24 0.54 0.72
0.44 0.02 0.25 0.35 0.26 0.49 0.55
0.69 0.76 0.46 0.52 0.18 0.11 0.11
0.33 0.20 0.16 0.22 0.92 0.12 0.49
0.06 0.55 0.12 0.44 0.30 0.15 0.22
0.01 0.94 0.17 0.09 0.06 0.24 0.58
0.03 0.46 0.09 0.13 0.25 0.79 0.20
0.03 0.27 0.75 0.79 0.15 0.34 0.31
0.19 0.34 0.78 0.29 0.91 0.04 0.06
0.01 0.59 0.47 0.36 0.38 0.27 0.04
0.47 0.22 0.16 0.23 0.68 0.58 0.04
0.29 0.61 0.07 0.13 0.32 0.34 0.02
0.43 0.23 0.45 0.16 0.28 0.09 0.09
0.02 0.11 0.47 0.59 0.43 0.16 0.29
0.18 0.26 0.27 0.05 0.25 0.18 0.35
0.78 0.31 0.13 0.18 0.35 0.13 0.18
0.50 0.02 0.20 0.32 0.97 0.35 0.45
0.57 0.05 0.02 0.51 0.51 0.89 0.07
0.15 0.63 0.08 0.51 0.24 0.03 0.93
0.57 0.43 0.93 0.29 0.19 0.01 0.01
0.27 0.11 0.16 0.46 0.04 0.01 0.40
0.04 0.21 0.14 0.31 0.16 0.76 0.18
0.39 0.26 0.08 0.20 0.06 0.16 1.00
0.30 0.31 0.31 0.23 0.74 0.02 0.12
0.19 0.21 0.31 0.46 0.04 0.14 0.04
0.03 0.20 0.19 0.23 0.36 0.47 0.03
0.02 0.14 0.30 0.87 0.35 0.53 0.04
0.38 0.17 0.28 0.24 0.34 0.02 0.02
0.10 0.74 0.03 0.29 0.15 0.22 0.22
0.30 0.01 0.67 0.68 0.50 0.10 0.41
0.13 0.31 0.13 0.03 0.09 0.94 0.94
0.02 0.26 0.26 0.31 0.47 0.28 0.15
0.72 0.47 0.40 0.02 0.33 0.34 0.38
0.37 0.49 0.35 0.20 0.03 0.90 0.22
0.49 0.05 0.32 0.03 0.39 0.98 0.22
0.10 0.44 0.10 0.75 0.22 0.50 0.08
0.23 0.88 0.19 0.54 0.38 0.05 0.18
0.48 0.96 0.05 0.35 0.19 0.20 0.41
0.57 0.43 0.21 0.04 0.57 0.74 0.11
0.22 0.38 0.13 0.48 0.05 0.39 0.20
0.20 0.10 0.80 0.11 0.42 0.16 0.98
0.27 0.22 0.26 0.09 0.45 0.32 0.28
0.46 0.08 0.32 0.48 0.10 0.62 0.10
0.09 0.12 0.99 0.22 0.08 0.07 0.10
0.61 0.82 0.06 0.05 0.01 0.23 0.45
0.20 0.10 0.17 0.20 0.03 0.09 0.28
0.17 0.61 0.06 0.48 0.18 0.45 0.17
0.39 0.35 0.46 0.10 0.15 0.87 0.06
0.43 0.02 0.63 0.89 0.48 0.19 0.40
0.09 0.10 0.85 0.08 0.34 0.25 0.40
0.16 0.63 0.15 0.05 0.70 0.45 0.23
0.17 0.03 0.12 0.02 0.36 0.36 0.04
0.65 0.04 0.05 0.18 0.90 0.02 0.31
0.01 1.00 0.44 0.02 0.01 0.33 0.18
0.20 0.24 1.00 0.10 0.12 0.23 0.15
0.45 0.46 0.64 0.01 0.54 0.25 0.20
0.06 0.34 0.99 0.18 0.16 0.43 0.04
0.45 0.84 0.19 0.41 0.38 0.01 0.04
0.20 0.43 0.30 0.01 0.88 0.22 0.16
0.24 0.37 0.22 0.01 0.12 0.46 0.46
0.57 0.02 0.75 0.15 0.60 0.07 0.68
0.24 0.32 0.35 0.22 0.21 0.40 0.02
0.26 0.81 0.13 0.08 0.40 0.27 0.05
0.03 0.04 0.10 0.11 0.21 0.43 0.52
0.75 0.02 0.08 0.18 0.19 0.16 0.99
0.42 0.21 0.12 0.68 0.05 0.05 0.90
0.23 0.31 0.07 0.25 0.72 0.55 0.10
0.04 0.06 0.06 0.46 0.13 0.20 0.59
0.04 0.88 0.07 0.94 0.92 0.37 0.47
0.15 0.46 0.25 0.36 0.55 0.28 0.36
0.73 0.36 0.60 0.11 0.98 0.01 0.04
0.21 0.33 0.33 0.39 0.31 0.71 0.08
0.04 0.91 0.87 0.53 0.93 0.12 0.48
0.06 0.63 0.04 0.15 0.41 0.34 0.65
0.05 0.34 0.29 0.49 0.86 0.19 0.21
0.78 0.05 0.05 0.02 0.13 0.76 0.09
0.85 0.03 0.03 0.78 0.26 0.13 0.06
0.98 0.04 0.38 0.35 0.02 0.91 0.35
0.39 0.19 0.59 0.04 0.90 0.17 0.05
0.97 0.41 0.03 0.20 0.42 0.67 0.30
0.25 0.90 0.06 0.14 0.64 0.20 0.45
0.18 0.50 0.04 0.13 0.76 0.19 0.61
0.38 0.37 0.39 0.10 0.30 0.49 0.04
0.26 0.43 0.01 0.90 0.45 0.06 0.28
0.12 0.12 0.09 0.36 0.10 0.45 0.98
0.37 0.51 0.25 0.46 0.41 0.21 0.08
0.28 0.26 0.23 0.48 0.44 0.06 0.06
