250 7
9 7 49 76 50 30 91
19 16 18 23 98 23 22
17 13 98 20 50 69 80
40 64 29 26 7 15 10
24 79 50 19 14 33 43
22 31 32 11 21 15 4
41 26 55 100 28 2 39
2 32 32 22 87 25 11
1 27 43 94 35 83 83
71 43 85 4 2 9 49
6 27 91 13 39 39 4
63 4 37 43 41 13 38
23 13 27 44 47 19 29
8 38 40 59 86 41 13
21 25 86 5 6 7 1
16 53 55 23 16 31 17
51 45 8 42 93 3 84
41 47 3 34 46 85 43
20 38 17 100 73 75 50
48 45 39 9 40 18 4
47 21 14 18 21 60 49
20 4 3 44 31 22 44
8 2 37 97 35 26 13
34 17 32 50 30 25 43
74 5 12 7 16 25 8
21 53 78 92 48 6 27
37 62 23 45 31 40 24
4 16 18 38 50 44 11
42 36 14 15 32 3 43
47 45 37 7 1 39 20
21 21 39 81 28 23 24
21 11 95 38 25 38 23
23 12 48 56 96 42 2
8 12 53 2 66 94 31
93 26 28 70 46 71 2
26 42 6 12 11 11 35
18 47 35 15 24 52 34
3 23 3 7 80 22 87
59 36 23 3 95 13 1
17 24 48 45 50 12 11
20 6 24 43 39 65 8
1 37 27 31 10 31 14
68 9 51 41 25 13 8
35 6 45 8 1 19 35
56 24 98 31 7 43 29
22 31 44 6 9 10 19
11 48 1 17 35 17 22
29 51 49 31 20 3 33
52 1 9 1 55 11 24
6 6 30 34 14 46 27
41 35 25 18 15 37 17
18 4 21 42 10 12 98
8 80 44 78 31 4 41
37 27 16 98 8 35 9
7 13 10 16 31 39 10
19 35 55 35 18 57 14
85 86 36 13 94 12 3
75 61 29 17 6 51 24
25 6 26 43 30 23 22
15 33 37 12 48 98 62
26 20 19 84 23 37 32
15 7 39 1 18 51 2
31 9 8 31 1 13 21
47 25 15 17 11 52 98
6 75 33 45 33 62 12
45 15 9 41 8 3 12
6 4 27 18 5 1 13
20 1 6 2 56 91 5
5 5 29 98 65 27 84
45 12 6 52 18 39 91
60 88 20 48 43 33 4
11 23 99 2 90 23 14
45 78 22 2 36 50 66
32 38 9 32 3 29 8
15 30 9 83 19 33 98
28 14 10 7 4 67 8
40 52 53 46 14 90 2
33 6 49 21 17 8 3
1 8 41 8 41 31 96
49 10 72 20 30 30 5
18 6 14 23 29 58 14
48 35 11 48 23 48 6
25 20 95 7 13 41 50
22 15 19 59 28 27 1
29 7 13 49 79 36 13
39 14 26 38 23 8 4
30 10 88 100 14 4 4
4 36 32 94 23 7 34
45 14 2 25 10 24 25
39 42 79 25 88 88 1
26 47 1 13 17 33 12
23 18 10 33 91 26 28
27 29 1 26 32 96 2
19 28 30 11 25 7 21
42 18 15 17 53 1 82
27 44 49 4 40 34 21
23 9 72 17 27 40 9
31 11 9 74 74 18 6
2 4 48 94 7 15 98
48 4 1 46 21 34 46
70 74 41 8 23 30 24
67 43 6 13 13 44 7
40 1 8 17 43 3 48
19 34 88 16 7 3 97
9 12 1 44 25 23 30
16 35 25 4 95 63 3
21 67 25 18 24 25 44
46 4 2 24 6 12 45
6 42 46 67 26 5 3
93 61 33 14 17 10 30
31 30 14 18 48 12 51
18 29 27 35 4 40 33
82 32 60 15 58 7 3
3 10 11 32 18 88 7
28 62 34 87 15 18 3
53 13 6 86 49 44 7
52 98 86 12 5 49 8
14 22 4 55 51 7 26
2 43 95 15 81 22 46
5 5 88 42 1 19 15
41 28 26 25 91 14 45
4 59 37 18 20 29 55
64 13 24 37 24 10 27
33 2 31 78 53 36 9
5 22 24 21 40 82 6
89 88 2 3 46 22 34
84 35 6 19 78 81 30
38 40 4 83 7 71 55
27 13 49 2 30 9 24
72 14 24 57 39 4 19
2 51 14 35 36 34 19
29 18 22 21 56 10 88
44 65 49 64 1 4 47
27 49 4 32 78 86 7
38 29 33 10 50 35 35
50 33 17 21 35 25 77
37 54 48 17 20 43 9
37 85 54 9 32 21 12
27 11 79 68 4 66 40
49 1 75 67 25 42 38
16 32 4 33 73 56 4
86 3 100 28 27 31 79
29 87 7 84 19 3 13
29 6 75 15 22 42 55
15 78 10 17 3 44 41
14 23 13 100 31 8 50
42 10 50 10 13 20 3
25 19 4 18 51 97 54
22 13 4 32 72 42 42
28 4 26 14 46 46 9
6 29 48 14 62 48 24
12 90 15 1 75 65 19
16 25 25 1 7 50 37
12 27 96 1 49 28 34
52 28 5 22 35 14 15
27 23 14 4 48 20 33
20 45 18 18 4 45 29
49 81 49 74 5 64 4
20 3 44 35 14 32 2
49 2 47 33 43 33 15
38 27 45 6 34 31 25
20 41 11 7 49 38 89
18 47 14 20 85 7 10
20 68 8 57 24 54 72
44 2 25 35 26 49 55
69 76 46 52 18 11 11
33 20 16 22 92 12 49
6 55 12 44 30 15 22
1 94 17 9 6 24 58
3 46 9 13 25 79 20
3 27 75 79 15 34 31
19 34 78 29 91 4 6
1 59 47 36 38 27 4
47 22 16 23 68 58 4
29 61 7 13 32 34 2
43 23 45 16 28 9 9
2 11 47 59 43 16 29
18 26 27 5 25 18 35
78 31 13 18 35 13 18
50 2 20 32 97 35 45
57 5 2 51 51 89 7
15 63 8 51 24 3 93
57 43 93 29 19 1 1
27 11 16 46 4 1 40
4 21 14 31 16 76 18
39 26 8 20 6 16 100
30 31 31 23 74 2 12
19 21 31 46 4 14 4
3 20 19 23 36 47 3
2 14 30 87 35 53 4
38 17 28 24 34 2 2
10 74 3 29 15 22 22
30 1 67 68 50 10 41
13 31 13 3 9 94 94
2 26 26 31 47 28 15
72 47 40 2 33 34 38
37 49 35 20 3 90 22
49 5 32 3 39 98 22
10 44 10 75 22 50 8
23 88 19 54 38 5 18
48 96 5 35 19 20 41
57 43 21 4 57 74 11
22 38 13 48 5 39 20
20 10 80 11 42 16 98
27 22 26 9 45 32 28
46 8 32 48 10 62 10
9 12 99 22 8 7 10
61 82 6 5 1 23 45
20 10 17 20 3 9 28
17 61 6 48 18 45 17
39 35 46 10 15 87 6
43 2 63 89 48 19 40
9 10 85 8 34 25 40
16 63 15 5 70 45 23
17 3 12 2 36 36 4
65 4 5 18 90 2 31
1 100 44 2 1 33 18
20 24 100 10 12 23 15
45 46 64 1 54 25 20
6 34 99 18 16 43 4
45 84 19 41 38 1 4
20 43 30 1 88 22 16
24 37 22 1 12 46 46
57 2 75 15 60 7 68
24 32 35 22 21 40 2
26 81 13 8 40 27 5
3 4 10 11 21 43 52
75 2 8 18 19 16 99
42 21 12 68 5 5 90
23 31 7 25 72 55 10
4 6 6 46 13 20 59
4 88 7 94 92 37 47
15 46 25 36 55 28 36
73 36 60 11 98 1 4
21 33 33 39 31 71 8
4 91 87 53 93 12 48
6 63 4 15 41 34 65
5 34 29 49 86 19 21
78 5 5 2 13 76 9
85 3 3 78 26 13 6
98 4 38 35 2 91 35
39 19 59 4 90 17 5
97 41 3 20 42 67 30
25 90 6 14 64 20 45
18 50 4 13 76 19 61
38 37 39 10 30 49 4
26 43 1 90 45 6 28
12 12 9 36 10 45 98
37 51 25 46 41 21 8
28 26 23 48 44 6 6
