20 6
0.00 0.41 0.82 0.35 0.28 0.42
0.52 0.03 0.42 0.88 0.78 0.73
0.47 0.74 0.89 0.95 0.16 0.21
0.72 0.07 0.91 0.91 0.25 0.47
0.35 0.39 0.27 0.08 0.97 0.88
0.43 0.82 0.37 0.25 0.88 0.64
0.44 0.83 0.06 0.27 0.79 0.40
0.89 0.12 0.07 0.09 0.67 0.88
0.58 0.52 0.15 0.38 0.14 0.03
0.48 0.98 0.02 0.59 0.34 0.45
0.47 0.61 0.92 0.45 0.12 0.66
0.32 0.95 0.34 0.00 0.77 0.65
0.01 0.75 0.53 0.26 0.39 0.81
0.72 0.85 0.25 0.23 0.95 0.02
0.75 0.04 0.72 0.77 0.05 0.44
0.31 0.64 0.07 0.47 0.69 0.15
0.39 0.10 0.91 0.73 0.44 0.60
0.09 0.14 0.49 0.51 0.26 0.09
0.97 0.20 0.44 0.93 0.46 0.85
0.80 0.64 0.77 0.27 0.12 0.45
