20 6
0.29 0.71 0.16 0.88 0.76 0.22
0.24 0.21 0.16 0.05 0.74 0.41
0.06 0.58 0.40 0.71 0.29 0.51
0.36 0.91 0.67 0.24 0.11 0.85
0.85 0.17 0.51 0.51 0.28 0.18
0.94 0.12 0.40 0.88 0.08 0.01
0.33 0.97 0.09 0.72 0.92 0.46
0.31 0.51 0.27 0.04 0.54 0.42
0.64 0.51 0.02 0.22 0.11 0.21
0.19 0.15 0.26 0.59 0.58 0.25
0.97 0.15 0.10 0.05 0.72 0.71
0.59 0.36 0.70 0.05 0.14 0.37
0.11 0.19 0.38 0.15 0.39 0.15
0.66 0.27 0.99 0.00 0.31 0.59
0.50 0.08 0.15 0.19 0.34 0.30
0.01 0.64 0.22 0.42 0.10 0.58
0.65 0.26 0.52 0.93 0.08 0.22
0.06 0.72 0.22 0.45 0.86 0.00
0.25 0.53 0.12 0.39 0.65 0.99
0.43 0.64 0.19 0.66 0.16 0.17
