20 6
0.62 0.68 0.31 0.83 0.50 0.36
0.88 0.75 0.94 0.71 0.45 0.10
0.42 0.31 0.56 0.67 0.21 0.96
0.53 0.42 0.08 0.07 0.81 0.87
0.31 0.55 0.47 0.55 0.88 0.77
0.51 0.09 0.59 0.82 0.67 0.78
0.35 0.14 0.18 0.40 0.80 0.36
0.32 0.34 0.51 0.24 0.09 0.26
0.44 0.20 0.15 0.65 0.10 0.53
0.08 0.53 0.20 0.71 0.95 0.45
0.23 0.56 0.15 0.54 0.94 0.73
0.72 0.93 0.44 0.44 0.32 0.33
0.03 0.82 0.04 0.50 0.45 0.85
0.06 0.78 0.14 0.28 0.09 0.46
0.63 0.07 0.55 0.65 0.53 0.21
1.00 0.22 0.84 0.51 0.41 0.94
0.09 0.26 0.56 0.22 0.24 0.41
0.26 0.73 0.60 0.22 0.09 0.68
0.69 0.06 0.53 0.76 0.89 0.09
0.51 0.02 0.94 0.03 0.81 0.60
