250 7
29 80 69 44 95 85 87
82 48 53 99 57 81 80
94 97 76 64 11 23 75
27 54 51 61 98 89 58
85 57 92 79 79 74 97
66 80 61 80 85 64 70
96 72 60 86 54 69 62
23 71 65 64 82 74 100
82 64 42 68 65 69 81
68 58 74 51 67 60 67
4 87 66 75 80 57 100
66 75 62 85 73 94 81
93 78 52 54 80 52 80
88 90 95 64 57 97 97
86 97 56 65 84 61 31
72 84 84 64 52 96 64
78 64 55 84 88 65 100
65 76 93 98 76 93 71
37 53 85 80 52 98 36
61 80 80 54 34 95 80
55 62 95 94 9 70 61
96 61 96 71 68 99 66
77 67 78 95 59 83 87
54 56 64 72 68 81 89
31 77 90 99 3 95 94
81 93 84 92 59 85 87
99 51 74 24 84 73 51
89 66 67 74 63 69 91
70 67 62 72 73 65 54
73 52 88 64 59 74 51
76 73 51 57 60 87 51
77 98 89 66 89 52 86
95 52 66 59 88 68 65
72 67 64 93 58 83 98
33 88 52 22 66 53 83
98 80 59 97 59 56 57
75 57 77 55 99 69 72
99 77 74 63 55 95 92
92 94 76 53 61 97 70
66 54 86 95 70 54 99
80 55 89 67 75 73 79
93 68 26 77 78 94 66
99 67 64 88 75 47 62
83 54 76 74 86 17 84
71 80 89 55 52 70 86
60 99 84 68 99 75 51
54 60 92 24 55 95 74
59 30 74 74 99 54 68
87 86 91 63 68 78 55
86 51 76 57 75 95 96
66 60 92 90 94 89 66
81 59 89 70 93 33 65
73 83 94 97 53 70 83
52 64 52 51 55 80 61
47 77 58 60 98 78 76
81 71 87 1 54 96 67
81 98 93 70 81 52 52
88 82 77 96 47 63 52
85 73 85 52 55 56 81
94 53 58 79 83 58 60
77 73 76 55 72 77 63
95 100 66 4 75 81 90
63 83 86 92 12 60 86
55 96 92 80 89 33 65
78 70 80 19 56 83 7
89 67 79 52 62 54 55
81 48 97 52 62 3 79
69 82 61 58 45 72 82
60 62 54 67 77 66 77
77 71 88 59 63 62 59
61 94 72 49 57 68 94
69 93 68 85 16 55 73
95 79 84 51 74 64 51
96 76 65 87 63 63 65
82 88 58 92 79 56 72
82 65 58 52 96 69 69
51 88 98 18 70 74 51
66 89 74 55 92 77 65
63 67 80 14 51 96 65
81 60 78 69 88 58 88
73 73 85 62 93 93 55
78 52 73 93 94 92 87
58 65 81 82 80 76 65
73 76 78 66 60 65 66
56 76 93 28 80 79 28
61 83 99 82 95 60 57
67 73 62 89 7 85 52
83 70 82 66 66 58 81
67 65 73 74 61 57 73
68 94 56 63 34 92 43
55 92 65 54 27 95 56
91 97 86 67 81 23 78
66 71 82 72 77 63 80
98 65 100 91 36 62 57
68 62 90 69 56 51 57
64 19 62 82 62 67 77
72 78 78 98 57 77 91
85 72 89 68 54 90 63
96 29 62 61 76 73 91
77 59 66 55 74 98 90
74 72 78 81 69 78 66
67 91 69 80 91 88 29
75 85 80 53 75 78 62
87 59 80 11 85 63 76
76 70 77 96 52 72 17
77 55 42 62 59 95 99
70 56 29 100 98 64 89
84 78 100 57 19 85 72
59 97 20 54 64 90 63
71 94 81 100 60 73 51
52 61 83 71 76 56 97
56 85 75 53 72 55 83
95 73 58 82 59 55 55
57 73 88 88 94 90 51
92 52 68 92 59 81 72
53 63 62 62 94 93 98
76 52 89 81 92 65 67
97 28 98 64 52 90 83
95 56 53 66 91 93 59
53 58 83 85 65 82 54
63 57 51 100 90 47 58
77 97 97 55 81 51 60
78 90 54 87 70 73 74
74 99 62 81 60 59 61
59 74 53 94 86 84 52
84 51 93 81 98 91 61
60 71 72 96 56 75 51
62 51 98 71 85 83 68
55 94 75 95 70 51 59
75 60 90 53 51 65 70
58 67 52 56 61 56 53
62 88 98 64 89 72 22
73 54 55 57 70 62 92
55 33 60 71 50 80 88
67 65 63 65 51 62 56
85 62 44 93 8 72 57
67 67 64 51 79 59 96
63 60 68 62 93 65 100
90 83 66 51 54 59 61
84 89 24 51 79 53 82
96 58 59 82 73 73 71
12 98 74 95 86 63 90
73 40 86 98 61 54 82
77 60 93 52 72 58 97
63 32 81 86 82 70 60
66 65 64 78 59 65 93
66 94 73 6 86 90 73
67 76 31 51 96 61 63
86 75 96 53 57 4 72
100 54 69 80 67 72 76
77 91 70 73 46 90 67
93 92 64 75 77 86 19
52 92 74 78 95 55 52
55 51 94 62 89 97 67
35 60 99 83 55 96 99
100 5 66 54 65 52 77
4 69 4 87 85 77 100
24 48 88 87 83 71 93
85 64 75 57 93 35 59
89 82 82 33 73 70 95
51 73 51 79 63 95 67
65 91 81 21 67 91 79
53 53 80 56 92 83 84
99 71 86 60 6 54 98
63 54 94 65 95 80 76
51 29 56 77 80 54 84
55 57 60 66 94 78 72
85 89 53 73 100 53 77
48 78 89 56 57 42 99
57 18 63 78 98 55 73
86 69 65 52 66 51 81
70 59 86 79 65 90 84
91 25 87 52 96 87 65
91 57 91 75 97 81 27
40 66 57 96 74 63 84
74 53 73 38 74 100 60
83 86 63 40 76 83 100
75 82 73 85 77 54 81
88 54 67 91 97 63 79
77 65 93 63 54 83 56
73 90 92 54 26 69 87
78 60 53 70 59 83 61
100 59 54 52 72 82 52
63 60 54 57 68 51 55
62 98 53 6 74 76 59
64 98 74 89 60 57 77
3 59 56 89 78 62 26
59 68 66 58 60 53 84
91 57 79 82 55 27 7
52 90 56 78 76 69 53
84 94 93 70 77 53 54
7 27 81 87 28 95 79
71 51 56 56 70 85 75
58 55 92 78 75 67 56
7 18 56 54 88 64 64
54 90 57 73 81 52 93
69 55 83 98 82 67 52
90 70 53 89 58 69 94
87 69 57 70 52 71 77
67 78 57 52 96 56 93
53 95 60 58 53 63 82
85 56 65 2 57 98 82
69 64 81 64 64 54 69
98 96 12 60 90 77 52
58 66 79 90 49 83 86
89 78 74 80 63 54 73
77 64 72 65 59 59 96
65 58 9 81 87 63 59
51 81 89 70 76 70 56
59 73 98 53 75 71 99
59 77 70 12 81 97 56
56 93 4 75 79 86 95
52 62 83 60 55 81 99
82 53 72 92 64 2 83
66 52 74 71 35 85 79
54 64 54 89 67 74 90
29 71 52 85 65 94 74
62 95 73 95 61 51 27
69 55 53 73 52 56 87
28 70 32 80 65 97 61
78 77 55 42 72 88 73
71 83 55 53 51 76 27
85 13 66 62 54 86 90
62 62 75 51 69 62 92
21 51 81 87 71 74 54
94 57 91 70 63 68 82
26 57 98 82 62 81 94
58 78 16 72 59 74 83
51 63 77 82 100 88 60
57 60 90 68 80 80 74
59 56 75 66 55 100 91
68 77 57 40 84 85 67
62 51 86 85 70 75 54
79 79 64 62 86 80 37
54 64 84 62 73 67 96
87 62 92 96 71 63 32
92 76 56 85 57 51 75
59 73 78 76 59 69 78
91 82 84 67 72 82 40
62 85 76 94 64 51 72
3 69 82 78 62 100 78
72 77 97 47 52 77 95
52 100 78 52 26 69 51
66 82 99 70 85 54 52
78 51 41 63 77 61 85
80 29 71 100 68 61 59
90 51 86 52 89 71 51
82 93 74 4 42 78 62
99 40 60 54 88 76 58
84 98 81 62 15 92 68
