250 7
0.62 0.36 0.28 0.69 0.29 0.31 0.75
0.23 0.95 0.84 0.69 0.82 0.73 0.70
0.80 0.99 0.57 0.87 0.69 0.89 0.72
0.95 0.69 0.52 0.74 0.77 0.64 0.59
0.62 0.99 0.55 0.91 0.71 0.68 0.65
0.73 0.68 0.76 0.62 0.57 0.93 1.00
0.94 0.53 0.78 0.71 0.90 0.80 0.74
0.82 0.96 0.62 0.68 0.75 0.96 0.91
0.97 0.53 0.84 0.87 0.59 1.00 0.64
0.82 1.00 0.85 0.55 0.92 0.99 0.78
0.69 0.87 0.76 0.62 0.47 0.99 0.61
0.97 0.56 0.72 0.83 0.86 0.55 0.52
0.98 0.85 0.82 0.53 0.58 0.77 0.92
0.52 0.15 0.71 0.81 0.80 0.80 0.98
0.57 0.58 0.92 0.51 0.56 0.60 0.65
0.62 0.58 0.60 0.88 0.57 0.78 0.70
0.02 0.78 0.69 0.60 0.55 0.53 0.28
1.00 0.94 0.06 0.91 0.75 0.99 0.57
0.94 0.61 0.82 0.98 1.00 0.72 0.67
0.64 0.53 0.87 0.78 0.83 0.56 0.67
0.86 0.87 0.67 0.68 0.94 0.73 0.93
0.96 0.05 0.91 0.64 0.83 0.70 0.73
0.67 0.61 0.51 0.78 0.15 0.96 0.72
0.76 0.20 0.46 0.88 0.99 0.96 0.01
0.58 0.80 0.64 0.79 0.86 0.93 0.53
0.92 0.77 0.52 0.30 0.76 0.79 0.58
0.77 0.73 0.69 0.78 0.58 0.81 0.54
0.52 0.95 0.75 0.56 0.97 0.59 0.87
0.92 0.62 0.56 0.98 0.69 0.70 0.67
0.93 0.56 0.56 0.52 0.82 0.97 0.73
0.53 0.98 0.33 0.41 0.97 0.86 0.79
0.60 0.93 0.69 0.80 0.54 0.69 0.91
0.70 0.22 0.98 0.68 0.60 0.84 0.25
0.77 0.74 0.62 0.48 0.84 0.71 0.89
0.58 0.58 0.77 0.88 0.71 0.74 0.97
0.56 0.16 0.83 0.70 0.65 0.98 0.67
0.97 0.73 0.86 0.99 0.09 0.65 0.78
0.84 0.57 0.80 0.55 0.74 0.76 0.84
0.51 0.64 0.59 0.64 0.72 0.64 0.77
0.54 0.13 0.57 0.81 0.78 0.57 0.80
0.92 0.77 0.65 0.51 0.76 0.91 0.54
0.38 0.54 0.70 0.80 0.82 0.58 0.99
0.49 0.78 0.66 0.94 0.80 0.94 0.75
0.98 0.73 0.65 0.94 0.76 0.74 0.57
0.47 0.67 0.72 0.60 0.94 0.95 0.77
0.74 0.56 0.60 1.00 0.91 0.86 0.52
0.63 0.05 0.90 0.83 0.75 0.65 0.76
0.86 0.97 0.50 0.96 0.96 0.93 0.51
0.54 0.93 0.79 0.11 0.78 0.92 0.90
0.54 0.76 0.79 0.58 0.94 0.98 0.71
0.74 0.66 0.66 0.71 0.75 0.81 0.60
0.51 0.86 0.57 0.69 0.75 0.56 0.90
0.76 0.51 0.46 0.56 0.66 0.60 1.00
0.85 0.79 0.57 0.67 0.77 0.57 0.71
0.64 0.64 0.67 0.57 0.63 0.91 0.66
0.57 0.72 0.89 0.64 0.80 0.95 0.53
0.59 0.82 0.61 0.69 0.58 0.64 0.96
0.99 0.19 0.92 0.54 0.52 0.58 0.76
0.85 0.90 0.85 0.52 0.55 0.85 0.92
0.98 0.56 0.76 0.84 0.77 0.68 0.55
0.80 0.29 0.89 0.59 0.85 0.97 0.61
0.83 0.64 0.72 0.97 1.00 0.69 0.59
0.95 0.88 0.68 0.59 0.74 0.80 0.61
0.63 0.74 0.89 0.78 0.88 0.55 0.53
0.72 0.90 0.46 0.54 0.58 0.87 0.58
0.52 0.71 0.77 0.61 0.86 0.72 0.83
0.62 0.99 0.83 0.59 0.56 0.76 0.65
0.55 0.91 0.53 0.97 0.66 0.94 0.65
0.54 0.63 0.83 0.49 0.74 0.69 0.56
0.62 0.82 0.61 0.55 0.82 0.94 0.83
0.68 0.58 0.81 0.59 0.91 0.59 0.62
0.86 0.76 0.69 0.61 1.00 0.65 0.98
0.86 0.71 0.70 0.72 0.52 0.64 0.61
0.79 0.70 0.49 0.60 0.42 0.82 0.97
0.79 0.85 0.95 0.50 0.54 0.83 0.65
0.81 0.75 0.52 0.58 0.56 0.87 1.00
0.71 1.00 0.70 0.53 0.71 0.68 0.63
0.94 0.58 0.97 0.52 0.91 0.34 0.81
0.55 0.73 0.56 0.70 0.69 0.87 0.89
0.55 0.75 1.00 0.96 0.87 0.66 0.54
0.52 0.58 0.66 0.51 0.94 0.65 0.97
0.59 0.53 0.51 0.85 0.51 0.86 0.97
0.82 0.58 0.63 0.28 0.62 0.57 0.71
0.19 0.54 0.56 0.87 0.51 0.73 0.70
0.84 0.73 0.60 0.51 0.74 0.79 0.94
0.61 0.63 0.60 0.99 0.58 0.55 0.73
0.03 0.78 0.53 0.51 0.18 0.94 0.77
0.53 0.78 0.67 0.51 0.98 0.80 0.58
0.63 0.97 0.57 0.57 0.79 0.41 0.98
0.60 0.59 0.76 0.64 0.92 0.79 0.74
0.82 0.73 0.54 0.68 0.58 0.24 0.62
0.87 0.95 0.65 0.72 0.69 0.10 0.76
0.95 0.57 0.78 0.90 0.73 0.77 0.65
0.47 0.55 0.85 0.53 0.56 0.90 0.75
0.90 0.70 0.59 0.83 0.65 0.88 0.70
0.60 0.23 0.65 0.82 0.64 0.94 0.99
0.86 0.97 0.68 0.59 0.51 0.63 0.62
0.80 0.95 0.42 0.66 0.58 0.58 0.62
0.79 0.61 0.52 0.53 0.76 0.88 0.87
0.64 0.34 0.51 0.81 0.64 0.90 0.91
0.36 0.55 0.68 0.99 0.77 0.51 0.93
0.84 0.61 0.89 0.61 0.60 0.57 0.64
0.76 0.51 0.72 0.87 0.72 0.88 0.73
0.71 0.83 0.56 0.65 0.82 0.87 0.52
0.78 0.72 0.86 0.71 0.55 0.97 0.54
0.12 0.32 0.86 0.85 0.80 0.70 0.83
0.15 0.68 0.97 0.59 0.81 0.68 0.59
0.83 0.94 0.83 0.53 0.79 0.62 0.56
0.52 0.59 0.76 0.85 0.59 0.97 0.57
0.57 0.58 0.53 0.64 0.58 0.80 0.88
0.09 0.96 0.16 0.93 0.75 0.91 0.72
0.63 0.69 0.74 0.67 0.73 0.61 0.59
0.84 0.99 0.85 0.48 0.81 0.55 0.73
0.71 0.78 0.55 0.73 0.87 0.54 0.74
0.63 0.95 0.52 0.87 0.76 0.60 0.60
0.01 0.53 0.73 0.70 0.52 0.89 0.97
0.82 0.53 0.57 0.99 0.92 0.83 0.62
1.00 0.83 0.52 0.94 0.61 0.79 0.66
1.00 0.73 0.63 0.63 0.54 0.53 0.95
0.53 0.77 0.49 0.24 0.80 0.60 0.78
0.60 0.52 0.20 0.71 0.59 0.68 0.99
0.59 0.93 0.54 0.75 0.77 0.53 0.85
0.88 0.39 0.87 0.75 0.66 0.52 0.35
0.69 0.85 0.54 0.55 0.87 0.91 0.73
0.56 0.70 0.79 0.70 0.63 0.57 0.54
0.79 0.92 0.66 0.61 0.74 0.68 0.56
0.70 0.67 0.62 0.77 0.85 0.86 0.71
0.90 0.72 0.89 0.65 0.94 0.95 0.52
0.08 0.54 0.57 0.98 0.62 0.88 0.67
0.76 0.89 0.63 0.51 0.92 0.77 0.77
0.14 0.67 0.81 0.78 0.94 0.92 0.89
0.70 0.99 0.63 0.56 0.92 0.84 0.56
0.57 0.79 0.59 0.81 0.70 0.77 0.98
0.55 0.68 0.56 0.95 0.59 0.67 0.86
0.88 0.02 0.73 0.82 0.51 0.85 0.79
0.62 0.68 0.66 0.63 0.81 0.98 0.97
0.56 0.77 0.98 0.41 0.53 0.99 0.52
0.59 0.60 0.80 0.97 0.60 0.71 0.63
0.81 0.97 0.53 0.59 0.78 0.70 0.54
0.72 1.00 1.00 0.67 0.54 0.94 0.63
0.23 0.96 0.63 0.58 0.99 0.85 0.55
0.93 0.69 0.86 0.72 0.98 0.09 0.59
0.67 0.58 0.62 0.78 0.83 0.53 0.68
0.55 0.95 0.79 0.56 0.89 0.58 0.59
0.77 0.82 0.71 0.81 0.12 0.30 0.86
0.96 0.95 0.58 0.62 0.67 0.58 0.86
0.35 0.70 0.57 0.72 0.59 0.85 0.78
0.58 0.54 0.72 0.75 0.62 0.54 0.91
0.41 0.79 1.00 0.72 0.54 0.29 0.78
0.52 0.53 0.63 0.86 0.52 0.73 0.85
0.65 0.96 0.83 0.72 0.70 0.52 0.65
0.87 0.94 0.61 0.55 0.95 0.56 0.91
0.56 0.63 0.69 0.65 0.46 0.59 0.92
0.98 0.72 0.73 1.00 0.67 0.62 0.69
0.93 0.84 0.52 0.73 0.75 0.98 0.28
0.78 0.93 0.71 0.57 0.88 0.54 0.60
0.85 0.86 0.55 0.55 0.69 0.74 0.95
0.90 0.97 0.66 0.86 0.70 0.67 0.53
0.62 0.73 0.58 0.95 0.71 0.62 0.56
0.92 0.80 0.25 0.91 0.56 0.84 0.91
0.59 0.77 0.79 0.73 0.61 0.73 0.74
0.31 0.83 0.69 0.89 0.57 0.34 0.93
0.55 0.87 0.79 0.72 0.54 0.92 0.63
0.77 0.79 0.71 0.30 0.53 0.92 0.92
0.81 0.54 0.53 0.53 0.95 0.52 0.78
0.67 0.49 0.65 0.54 0.62 0.87 0.67
0.95 0.25 0.83 0.87 0.17 0.17 0.63
0.80 0.02 0.86 0.95 0.66 1.00 0.84
0.01 0.96 0.51 0.97 0.72 0.67 0.70
0.92 0.79 0.58 0.54 0.80 0.86 0.55
0.62 0.76 0.70 0.86 1.00 0.63 0.63
0.60 0.66 0.64 0.73 0.77 0.55 0.84
0.60 0.77 0.77 0.76 0.73 0.99 0.53
0.60 0.91 0.71 0.48 0.98 0.99 0.58
0.78 0.87 0.53 0.53 1.00 0.59 0.97
0.63 0.73 0.60 0.55 0.79 0.52 0.61
0.87 0.63 0.53 0.88 0.80 0.78 0.66
0.52 0.59 0.60 0.67 0.53 0.69 1.00
0.27 0.51 0.65 0.94 0.77 0.92 0.99
0.67 0.56 0.63 0.59 0.81 0.59 0.84
0.78 0.76 0.92 0.36 0.57 0.89 0.82
0.79 0.59 0.74 0.90 0.67 0.97 0.56
0.63 0.99 0.90 0.51 0.98 0.66 0.29
0.96 1.00 0.60 0.83 0.60 0.79 0.58
0.26 0.87 0.92 0.59 0.52 0.84 0.67
0.54 0.44 0.82 0.79 0.88 0.76 0.87
0.66 1.00 0.77 0.84 0.22 0.76 0.83
0.73 0.27 0.78 0.60 0.98 0.88 0.73
0.29 0.54 0.80 0.53 0.73 0.92 0.51
0.60 0.56 0.51 0.79 0.88 0.88 0.25
0.59 0.60 0.61 0.51 0.71 0.64 0.59
0.58 0.78 0.62 0.62 0.51 0.59 0.98
0.67 0.86 0.83 0.87 0.74 0.13 0.65
0.70 0.68 0.59 0.66 0.94 0.59 0.91
0.87 0.77 0.22 0.89 0.94 0.96 0.92
0.95 0.67 0.55 0.54 0.48 0.81 0.65
0.70 0.80 0.53 0.97 0.21 0.92 0.97
0.63 0.70 0.88 0.73 0.94 0.55 0.73
0.81 0.66 0.85 0.73 0.75 0.62 0.53
0.88 0.51 0.75 0.94 0.69 0.66 0.64
0.77 0.83 0.19 0.91 0.60 0.92 0.64
0.52 0.84 0.56 0.98 0.61 0.58 0.86
0.95 0.95 0.52 0.61 0.64 0.74 0.86
0.56 0.62 0.62 0.71 0.68 0.59 0.60
0.99 0.50 0.90 1.00 0.62 0.68 0.20
0.87 0.68 0.85 0.62 0.51 0.70 0.09
1.00 0.53 0.31 0.71 0.98 0.99 0.71
0.66 0.89 0.61 0.61 0.34 0.23 0.95
0.63 0.69 0.84 1.00 0.59 0.71 0.66
0.92 0.52 1.00 0.61 0.81 0.14 1.00
0.03 0.75 0.42 0.72 1.00 0.74 0.30
0.52 0.88 0.98 0.83 0.96 0.42 0.73
0.99 0.96 0.93 0.38 0.71 0.72 0.52
0.87 0.78 0.03 0.71 0.63 0.75 0.75
0.68 0.57 0.70 0.86 0.85 0.61 0.56
0.83 0.73 0.96 0.82 0.56 0.77 0.63
0.81 0.64 0.81 0.81 0.60 0.73 0.68
0.92 0.51 0.53 0.73 0.75 0.92 0.62
0.79 0.68 0.58 0.53 0.74 0.42 0.77
0.67 0.41 0.39 0.86 0.54 0.58 0.74
0.54 0.39 0.67 0.65 0.76 0.75 0.99
0.71 0.97 0.29 0.66 1.00 0.72 0.84
0.58 0.83 0.88 0.64 0.54 0.84 0.64
0.97 0.03 0.88 0.58 0.74 0.55 0.98
0.51 0.54 0.90 0.63 0.70 0.80 0.80
0.55 0.92 0.99 0.54 0.69 0.93 0.54
0.87 0.69 0.56 0.54 0.62 0.79 0.62
0.76 0.63 0.66 0.58 0.73 0.73 0.57
0.57 0.58 0.63 0.57 0.61 0.76 0.61
0.83 0.69 0.54 0.85 0.77 0.77 0.52
0.51 0.91 0.54 0.94 0.71 0.56 0.99
0.58 0.78 0.81 0.56 0.56 0.71 0.66
0.18 0.88 0.79 0.59 0.95 0.79 0.68
0.11 0.66 0.52 0.74 0.90 0.65 0.80
0.80 0.67 0.85 0.78 0.04 0.67 0.89
0.97 0.56 0.89 0.65 0.59 0.73 0.70
0.74 0.57 0.52 0.67 0.62 0.92 0.66
0.52 0.88 0.52 0.85 0.88 0.87 0.62
0.42 0.96 0.55 0.72 0.61 0.62 0.96
0.85 0.54 0.83 0.24 0.20 1.00 0.66
0.79 0.92 0.23 0.85 0.77 0.67 0.93
0.68 0.77 0.55 0.64 0.52 0.78 0.62
0.73 0.08 0.97 0.74 0.96 0.72 0.61
0.55 0.75 0.66 0.70 0.59 0.66 0.53
0.99 0.03 0.55 0.63 0.57 0.69 0.57
0.55 0.58 0.86 0.80 0.95 0.69 0.84
0.90 0.96 0.54 0.93 0.90 0.12 0.55
0.68 0.51 0.61 0.99 0.52 0.96 0.54
0.67 0.89 0.51 0.59 0.64 0.69 0.83
0.87 0.04 0.92 0.58 0.51 0.79 0.74
