250 7
0.84 0.47 0.71 0.87 0.11 0.08 0.29
0.67 0.89 0.88 0.73 0.53 0.81 0.68
0.81 0.97 0.60 0.67 0.95 0.82 0.69
0.79 0.97 0.74 0.81 0.92 0.97 0.61
0.95 0.51 0.68 0.61 0.77 0.84 0.64
0.91 1.00 0.53 0.73 0.83 0.52 0.81
0.61 0.56 1.00 0.70 0.71 0.75 0.89
0.79 0.91 0.51 0.57 0.89 0.69 0.61
0.67 0.72 0.79 0.53 0.89 0.99 0.72
0.87 0.87 0.80 0.52 0.90 0.76 0.70
0.22 0.74 0.68 0.64 0.34 0.86 0.77
0.76 0.97 0.56 0.66 0.67 0.82 0.58
0.62 0.79 0.13 0.86 0.98 0.77 0.85
0.57 0.65 0.51 0.65 0.64 0.72 0.54
0.58 0.77 0.91 0.30 0.90 0.55 0.73
0.57 0.51 0.98 0.78 0.73 0.73 0.97
0.55 0.59 0.76 0.97 0.89 0.89 0.75
0.72 0.20 0.86 0.99 0.89 0.65 0.90
0.85 0.62 0.61 0.69 0.98 0.88 0.77
0.58 0.76 0.77 0.98 0.54 0.72 0.88
0.77 0.93 0.66 0.57 0.61 0.84 0.73
0.74 0.81 0.66 0.80 0.98 0.68 0.92
0.60 0.23 0.46 0.84 0.96 0.89 0.71
0.73 0.08 0.89 0.67 0.70 1.00 0.83
0.79 0.72 0.80 0.85 0.92 0.62 0.76
0.59 0.91 0.77 0.75 0.57 0.89 0.54
0.81 0.83 0.58 0.57 0.60 0.54 0.61
0.20 0.70 0.83 0.56 0.68 0.83 0.52
0.71 0.71 0.85 0.86 0.98 0.71 0.57
0.81 0.74 0.80 0.54 0.58 0.96 0.63
0.55 0.57 0.59 0.77 0.75 0.61 0.75
0.93 0.71 0.92 0.72 0.65 0.63 0.59
0.83 0.95 0.87 0.60 0.56 0.79 0.75
0.86 0.99 0.01 0.05 0.52 0.86 0.75
0.54 0.68 0.91 0.91 0.57 0.91 0.53
0.67 0.86 0.52 0.62 0.66 0.68 0.65
0.76 0.69 0.78 0.58 0.66 0.53 0.81
0.84 0.92 0.73 0.03 0.07 0.68 0.69
1.00 0.67 0.52 0.75 0.54 0.99 0.94
0.73 0.51 0.89 0.84 0.80 0.79 0.73
0.99 0.92 0.59 0.68 0.53 0.59 0.58
0.82 0.76 0.84 0.66 0.79 0.15 0.61
0.29 0.75 0.67 0.92 0.92 0.71 0.92
0.60 0.45 0.07 0.96 0.61 0.92 0.90
0.54 0.53 0.08 1.00 0.55 0.98 0.54
0.99 0.80 0.71 0.75 0.60 0.86 0.68
0.80 0.69 0.67 0.81 0.99 0.59 0.91
0.54 0.78 0.63 0.61 0.57 0.65 0.53
0.80 0.58 0.99 0.51 0.54 0.99 0.53
0.63 0.92 0.58 0.96 0.90 0.61 0.69
0.55 0.56 0.84 0.61 0.52 0.67 0.94
0.51 0.61 0.82 0.84 0.96 0.91 0.66
0.55 0.87 0.72 0.59 0.59 0.97 0.58
0.67 0.59 0.81 0.58 0.57 0.61 0.94
0.82 0.51 0.52 0.54 0.74 0.80 0.79
0.53 0.72 0.73 0.70 0.69 0.58 0.84
0.96 0.72 0.68 0.57 0.94 0.56 0.68
0.56 0.64 0.70 0.55 0.76 0.85 0.91
0.96 0.77 0.69 0.58 0.44 0.61 0.92
0.79 0.70 0.80 0.95 0.58 0.64 0.77
0.54 0.76 0.94 0.61 0.39 0.87 0.69
1.00 0.71 0.82 0.69 0.97 0.60 0.79
0.97 0.80 0.88 0.56 0.55 0.62 0.93
0.51 0.79 0.65 0.53 0.75 0.75 0.64
0.95 0.84 0.66 0.47 0.51 0.57 0.78
0.30 0.74 0.82 0.92 1.00 0.64 0.72
1.00 0.60 0.67 1.00 0.71 0.71 0.40
0.82 0.71 0.65 0.29 0.70 0.74 0.87
0.36 0.62 0.70 0.88 0.98 0.91 0.66
0.49 0.66 0.69 0.56 0.53 0.78 0.08
0.75 0.64 0.52 0.73 0.77 0.80 0.97
0.74 0.53 0.82 0.78 0.73 0.92 0.55
0.59 0.71 0.57 0.57 0.72 0.76 0.92
0.84 0.85 0.78 0.65 0.98 0.48 0.95
0.54 0.68 0.91 0.52 0.52 0.85 0.10
0.51 0.82 0.58 0.77 0.52 0.82 1.00
0.81 0.85 0.53 0.72 1.00 0.71 0.87
0.94 0.67 0.66 0.74 0.81 0.52 0.66
0.60 0.60 0.95 0.43 0.02 1.00 0.55
0.71 0.54 0.82 0.65 0.63 0.75 0.57
0.77 0.80 0.56 0.51 0.40 0.76 0.79
0.97 0.92 1.00 0.53 0.76 0.53 0.90
0.95 0.79 0.71 0.59 0.56 0.45 0.89
0.97 0.81 0.62 0.68 0.55 0.84 0.60
0.90 0.72 0.86 0.78 0.97 0.57 0.57
1.00 0.58 0.84 0.70 0.95 0.59 0.63
0.70 0.74 0.74 0.76 0.55 0.74 0.72
0.77 0.64 0.73 0.52 0.77 0.70 0.71
0.90 0.58 0.72 0.72 0.71 0.85 0.79
0.89 0.65 0.96 0.70 0.54 0.58 0.64
0.63 0.90 0.61 0.57 0.57 0.56 0.69
0.61 0.95 0.69 0.60 0.93 0.72 0.80
0.38 0.84 0.59 0.74 0.71 0.90 0.79
0.71 0.81 0.84 0.52 0.60 0.95 0.99
0.75 0.99 0.61 0.47 0.62 0.17 0.65
0.88 0.61 0.91 0.54 0.42 0.77 0.67
0.83 0.79 0.69 0.84 0.86 0.63 0.71
0.52 0.56 0.61 0.61 0.63 0.63 0.59
0.88 0.71 0.52 0.59 0.81 0.51 0.58
0.65 0.67 1.00 0.70 0.68 0.59 0.94
0.88 0.56 0.85 0.67 0.93 0.94 0.52
0.74 0.83 0.54 0.78 0.78 0.86 0.08
0.98 0.70 0.53 0.55 0.89 0.86 0.40
0.90 0.13 0.71 0.83 0.91 0.78 0.53
0.51 0.86 0.96 0.98 0.73 0.64 0.94
0.58 0.72 1.00 0.90 0.93 0.70 0.43
0.70 0.56 0.51 0.98 0.34 0.81 0.73
0.55 0.55 0.28 0.51 0.61 0.01 0.37
0.76 0.72 0.23 0.83 0.67 0.75 0.57
0.88 0.21 0.37 0.61 0.81 0.83 0.82
0.62 0.55 0.56 0.32 0.69 0.82 0.97
0.99 0.81 0.25 0.79 0.84 0.81 0.77
0.52 0.57 0.51 0.89 0.62 0.78 0.97
0.89 0.52 0.27 1.00 0.47 0.86 0.16
0.75 0.90 0.29 0.80 0.59 0.66 0.55
0.93 0.26 0.93 0.79 0.51 0.85 0.89
0.51 0.95 0.64 0.90 0.53 0.55 0.92
0.63 0.81 0.88 0.72 0.54 0.61 0.17
0.26 0.51 0.64 0.66 0.87 0.73 0.79
0.56 0.89 0.80 0.22 0.61 0.75 0.52
0.98 0.56 0.58 0.78 0.18 0.65 0.70
0.75 0.57 0.94 0.92 0.51 0.58 0.80
0.52 0.53 0.62 0.50 0.51 0.92 0.82
0.51 0.96 0.59 0.66 0.33 0.51 0.96
0.61 0.54 0.52 0.89 0.76 0.85 0.71
0.03 0.98 0.57 0.65 0.70 0.97 0.84
0.47 0.57 0.39 0.71 0.82 0.15 0.78
0.88 0.91 0.57 0.88 0.60 0.62 0.56
0.63 0.73 0.59 0.25 0.87 0.86 0.93
0.97 0.91 0.74 0.66 0.72 0.63 0.19
0.51 0.68 0.54 0.99 0.58 0.76 0.93
0.68 0.72 0.96 0.53 0.61 0.30 0.11
0.26 0.93 0.86 0.65 0.86 0.63 0.56
0.82 0.69 0.71 0.69 0.55 0.77 0.53
0.03 0.67 0.64 0.55 0.86 0.61 0.54
0.89 0.82 0.77 0.76 0.52 0.52 0.69
0.85 0.59 0.59 0.70 0.53 0.83 0.97
0.95 0.96 0.61 0.77 0.59 0.55 0.60
0.26 0.80 0.72 0.99 0.83 0.51 0.75
0.63 0.74 0.99 0.59 0.54 0.64 0.63
0.89 0.56 0.61 0.79 0.52 0.52 0.01
0.64 0.52 0.71 0.77 0.75 0.21 0.01
0.54 0.96 0.93 0.52 0.57 0.62 0.84
0.99 0.52 0.69 0.59 0.96 0.51 0.79
0.78 0.76 0.65 0.67 0.99 0.86 0.16
0.75 0.98 0.71 0.65 0.53 0.68 0.87
0.57 0.92 0.68 0.75 0.53 0.55 0.70
0.66 0.64 0.79 0.87 0.63 0.72 0.07
0.92 0.84 0.56 0.80 0.51 0.54 0.85
0.95 0.67 0.85 0.74 0.77 0.52 0.17
0.85 0.07 0.99 0.82 0.84 0.87 0.56
0.88 0.70 0.85 0.85 0.59 0.63 0.77
0.03 0.64 0.59 0.58 0.51 0.71 0.74
0.15 0.63 0.55 0.52 0.59 0.69 0.69
0.85 0.84 0.52 0.57 0.71 0.91 0.14
0.66 0.51 0.91 0.71 0.95 0.54 0.93
0.67 0.54 0.99 0.75 0.56 0.74 0.87
0.65 0.91 0.55 0.76 0.54 0.84 1.00
0.53 0.66 0.18 0.57 0.58 0.78 0.78
0.80 0.54 1.00 0.51 0.96 0.85 0.79
0.51 0.62 0.84 0.72 0.72 0.51 0.96
0.79 0.93 0.59 0.89 0.45 0.53 0.76
0.96 0.81 0.67 0.37 0.98 0.61 0.95
0.52 0.65 0.74 0.78 0.86 0.84 0.51
0.59 0.31 0.73 0.66 0.68 0.72 0.95
0.75 1.00 0.91 0.51 0.53 0.76 0.96
0.51 0.79 0.65 0.71 0.44 0.93 0.71
0.74 0.65 0.95 0.56 0.51 0.60 0.61
0.72 0.63 0.54 0.80 0.56 0.74 0.83
0.92 0.53 0.65 0.99 0.62 0.59 0.54
0.57 0.76 0.68 0.79 0.55 0.53 0.65
0.69 0.70 0.69 0.50 0.89 0.73 0.54
0.08 0.76 0.86 0.65 0.21 0.67 0.99
0.51 0.89 0.55 0.63 0.63 0.82 0.38
0.89 0.85 0.88 0.86 0.57 0.05 0.19
0.46 0.95 0.55 0.86 0.82 0.90 0.63
0.81 0.81 0.85 0.50 0.54 0.86 0.86
0.75 0.75 0.58 0.88 0.58 0.72 0.93
0.93 0.54 0.66 0.66 0.62 0.81 0.67
0.29 0.67 0.91 0.72 0.28 0.64 0.69
0.79 0.51 0.68 0.77 0.86 0.78 0.70
0.97 0.33 0.79 0.73 0.65 0.62 0.67
0.82 0.63 0.70 0.55 0.58 0.97 0.26
0.82 0.74 0.82 0.58 0.51 0.62 0.91
0.76 0.66 0.53 0.54 0.58 0.91 0.90
0.95 0.54 0.93 0.40 0.63 0.62 0.81
0.51 0.54 0.81 0.77 0.58 0.96 0.83
0.91 0.40 0.94 0.74 0.85 0.51 0.56
0.86 0.81 0.97 0.62 0.19 0.85 0.94
0.77 0.75 0.62 0.52 0.43 0.37 0.94
0.56 0.07 0.89 0.72 0.71 0.69 0.87
0.88 0.51 0.71 0.81 0.85 0.79 0.70
0.68 0.79 0.14 0.44 0.67 0.66 0.65
0.51 0.85 0.55 0.64 0.65 0.70 0.55
0.91 0.69 0.93 0.65 0.09 0.92 0.62
0.74 0.90 0.57 0.90 0.40 0.79 0.53
0.58 0.53 0.69 0.93 0.81 0.61 0.59
0.87 0.76 0.05 0.74 0.77 0.95 0.41
0.12 0.57 0.78 0.75 0.86 0.55 0.87
0.67 0.94 0.52 0.97 0.84 0.80 0.33
0.92 0.91 0.57 0.97 0.34 1.00 0.82
0.57 0.79 0.67 0.29 0.77 0.58 0.95
0.53 0.59 0.53 0.69 0.64 0.90 0.83
0.60 0.58 0.83 0.35 0.90 0.54 0.84
0.54 0.75 0.89 0.93 0.64 0.55 0.98
0.62 0.69 0.70 0.53 0.58 0.18 0.92
0.76 0.58 0.82 0.91 0.58 0.81 0.72
0.78 0.74 0.11 0.63 0.99 0.60 0.60
0.71 0.52 1.00 0.77 0.68 0.12 0.70
0.67 0.80 0.18 0.63 0.52 0.79 0.80
0.79 0.26 0.60 0.97 0.87 0.67 0.18
0.87 0.78 0.86 0.69 0.59 0.55 0.62
0.55 0.84 0.66 0.89 0.95 0.55 0.04
0.95 0.72 0.90 0.25 0.14 0.51 0.68
0.79 0.94 0.58 0.28 0.87 0.51 0.35
0.96 0.54 0.84 0.61 0.59 0.97 0.53
0.59 0.47 0.82 0.89 0.85 0.95 0.66
0.13 0.81 0.04 0.80 0.69 0.88 0.63
0.75 0.54 0.92 0.62 0.75 0.85 0.89
0.75 0.52 0.59 0.90 0.28 0.81 0.68
0.50 0.82 0.54 0.65 0.51 0.89 0.76
0.94 0.51 0.74 0.82 0.61 0.57 0.89
0.60 0.87 0.58 0.56 0.51 0.69 0.84
0.66 0.52 0.64 0.88 0.53 0.81 0.95
0.93 0.54 0.58 0.81 0.74 0.64 0.64
0.53 0.60 0.86 0.91 0.83 0.59 0.63
0.73 0.75 0.02 0.88 0.94 0.64 0.78
0.59 0.75 1.00 0.18 0.56 0.99 0.99
0.53 0.89 0.58 0.87 0.72 0.54 0.61
0.84 1.00 0.02 0.72 1.00 0.53 0.67
0.63 0.55 0.64 0.76 0.90 0.73 0.04
0.73 0.83 0.72 0.94 0.51 0.63 0.88
0.43 0.62 0.73 0.80 0.87 1.00 0.75
0.51 0.80 0.54 0.61 0.71 0.80 0.99
0.88 0.01 0.65 0.78 0.69 1.00 0.75
0.79 0.18 0.60 0.86 0.85 0.96 0.53
0.75 0.49 0.72 0.78 0.99 0.17 0.79
0.90 0.61 0.25 0.89 0.91 0.76 0.60
0.84 0.88 0.62 0.85 0.07 0.94 0.93
0.54 0.54 0.90 0.09 0.88 0.78 0.71
0.64 0.21 0.99 0.74 0.69 0.79 0.74
0.95 0.57 0.86 0.81 0.51 0.72 0.74
0.90 0.85 0.33 0.53 0.51 0.61 1.00
0.92 0.54 0.66 0.89 0.75 0.52 0.58
0.81 0.99 0.92 1.00 0.36 0.62 0.67
0.15 0.70 0.59 0.89 0.84 0.55 0.37
0.52 0.65 0.78 0.60 0.55 0.95 0.54
0.95 0.52 0.94 0.65 0.72 0.72 0.73
0.91 0.38 0.57 0.52 0.52 0.75 0.60
0.05 0.68 0.58 0.76 0.62 0.53 0.64
