250 7
95 90 91 17 11 99 5
62 63 75 78 73 71 53
92 70 82 60 80 86 93
67 100 67 66 68 52 81
57 90 51 93 46 56 64
88 90 94 57 71 66 63
75 86 66 97 55 88 56
95 54 98 55 74 73 74
67 74 73 61 64 56 90
52 81 85 94 100 100 79
28 61 39 96 55 87 97
89 80 92 68 81 67 63
86 10 55 68 68 64 64
64 82 93 67 88 70 72
95 96 68 82 54 94 24
98 98 92 88 64 83 59
70 66 12 58 82 57 78
86 69 95 95 81 56 79
79 87 65 70 62 83 92
70 76 63 84 95 79 73
93 11 66 78 81 18 89
94 56 77 99 86 59 64
77 54 97 59 33 79 62
87 87 90 55 95 62 5
4 82 72 90 5 99 53
31 57 97 71 63 31 68
59 67 70 70 72 76 99
62 90 75 93 85 52 61
79 67 71 32 84 100 60
96 87 92 82 86 71 43
99 80 81 98 62 80 78
58 95 51 99 53 52 83
90 67 79 43 59 62 79
66 96 81 78 51 63 53
52 71 92 95 75 89 57
90 81 86 58 66 52 72
81 59 89 91 78 85 91
93 51 72 92 84 71 60
72 98 77 61 56 57 67
81 98 92 59 68 55 65
71 91 55 100 65 54 75
59 65 64 59 88 98 99
90 68 52 56 74 96 82
61 76 56 66 100 74 61
69 63 76 69 79 75 3
85 97 92 51 79 97 94
55 68 76 12 96 65 59
63 78 59 88 51 68 55
83 58 98 95 29 70 56
68 53 71 98 66 88 91
93 93 99 54 51 99 75
66 65 81 59 62 71 13
45 80 87 70 94 97 95
94 55 71 95 42 64 71
68 71 73 6 79 85 69
91 70 76 98 71 76 15
59 79 93 52 81 64 77
65 97 89 72 74 72 69
84 92 80 67 55 72 98
66 76 53 65 54 76 75
86 92 25 84 59 76 68
65 68 88 53 85 66 82
51 39 55 64 70 53 87
69 69 86 73 2 61 79
91 80 97 45 65 100 65
77 75 79 71 36 65 59
55 82 19 97 69 86 81
63 65 77 92 76 90 52
95 60 52 95 51 65 63
62 84 70 87 78 89 52
75 36 86 79 73 60 90
52 63 100 97 57 98 85
65 97 55 84 15 77 51
14 95 58 100 61 98 81
55 79 54 85 61 65 87
71 93 84 58 96 58 13
73 79 88 51 51 79 82
91 100 70 75 97 51 78
61 89 71 69 64 72 88
55 56 18 61 85 92 84
80 92 10 51 55 64 83
59 94 99 27 98 93 52
73 37 98 85 66 24 92
64 87 65 99 79 79 38
62 29 78 67 86 55 70
75 76 54 70 70 74 80
69 32 58 95 75 22 73
79 75 52 55 63 92 86
6 98 74 98 57 87 74
70 74 69 90 77 75 79
87 99 54 52 96 62 93
85 51 38 83 53 88 65
73 98 52 51 96 60 84
76 54 82 60 51 100 76
98 90 78 77 78 68 56
91 80 67 98 97 71 53
66 56 71 54 96 60 95
51 97 48 67 57 66 54
88 50 89 81 71 53 67
76 13 78 65 72 86 69
86 99 77 94 64 61 51
72 80 45 71 92 75 57
58 75 74 93 79 98 58
100 79 73 57 52 85 87
76 70 45 82 95 96 2
72 80 76 51 80 78 62
73 82 97 16 55 57 83
62 53 94 83 60 66 68
59 73 85 83 62 91 52
65 88 70 69 93 73 79
55 70 68 55 79 79 77
54 68 72 96 67 89 60
69 91 34 90 16 56 92
65 77 74 51 87 86 67
77 70 97 65 62 68 74
77 57 59 88 98 100 66
95 89 58 86 70 68 58
52 84 67 94 100 63 51
66 93 58 81 75 89 60
56 75 90 57 75 70 53
94 92 90 66 56 99 61
75 64 54 53 95 100 62
51 56 54 73 30 97 97
61 55 59 85 78 78 81
80 62 64 99 57 54 68
93 77 67 55 54 54 55
69 64 90 88 51 89 52
96 39 99 84 67 96 56
45 81 79 58 74 67 66
94 62 63 68 51 92 85
99 30 78 61 62 63 78
62 72 82 86 85 58 83
66 78 54 85 80 76 70
66 72 95 76 58 64 84
67 59 69 60 62 57 83
55 65 42 100 97 92 56
53 7 90 99 83 65 95
57 59 70 91 70 53 60
94 51 53 67 90 58 53
86 58 83 8 91 16 78
95 56 99 87 62 79 57
63 58 51 93 94 78 79
90 75 65 69 80 96 57
74 89 86 84 59 82 54
100 58 68 6 83 61 87
93 55 59 80 94 63 56
92 69 56 87 32 87 84
43 86 83 52 65 29 100
73 85 79 54 71 58 61
72 96 57 28 82 68 56
59 51 78 94 67 70 66
74 90 81 64 87 62 60
87 50 64 90 94 86 54
55 66 89 77 75 66 64
82 80 66 65 98 51 74
40 52 3 76 41 93 61
55 93 56 85 86 89 55
81 56 68 24 100 98 71
66 73 95 54 67 83 85
96 72 100 67 80 68 56
98 94 64 68 56 91 51
70 90 93 81 65 58 71
56 62 52 85 84 61 75
90 61 79 54 88 54 61
55 80 66 61 58 60 81
54 58 23 91 96 69 51
67 56 57 73 68 57 91
100 51 67 84 64 83 70
71 88 56 58 67 90 83
89 57 66 74 56 54 60
91 65 62 82 67 69 57
67 52 92 59 60 96 81
92 56 54 74 84 100 95
81 70 63 54 66 77 91
78 53 87 62 84 51 76
98 60 90 65 91 25 68
63 55 44 88 69 85 75
51 62 79 85 74 52 98
74 88 91 55 62 77 78
53 58 74 54 93 80 79
46 57 97 26 62 64 84
57 78 87 90 5 72 61
81 72 56 70 94 82 68
86 79 14 89 59 56 64
52 66 84 82 91 57 52
21 96 72 56 52 72 65
71 94 89 53 79 51 66
57 51 89 95 98 16 78
70 71 56 71 76 100 65
60 69 71 54 53 80 64
96 15 57 65 91 84 59
77 75 52 57 69 62 63
79 95 76 81 90 53 78
78 90 60 73 29 76 85
81 98 79 72 86 63 31
56 71 65 78 88 71 62
86 86 52 28 60 51 74
69 72 92 76 79 65 65
61 59 63 95 52 65 83
79 48 64 53 71 91 90
62 85 67 95 58 69 57
79 56 54 74 52 66 87
94 55 93 88 64 49 73
99 86 97 55 52 89 79
2 78 79 74 80 80 70
84 71 89 70 52 60 83
68 70 91 78 63 60 72
64 74 86 81 61 76 64
62 52 66 68 82 77 58
54 83 71 73 70 79 79
75 63 64 80 52 57 54
73 67 60 73 100 86 58
82 21 74 59 54 2 87
58 75 58 70 66 54 85
70 69 77 67 77 86 56
88 97 98 66 66 59 55
52 74 78 83 90 62 72
64 74 54 92 76 92 72
76 71 62 55 63 78 93
59 97 63 93 90 54 76
71 84 75 62 94 76 64
64 86 82 69 54 73 65
62 96 76 54 95 77 60
63 82 51 62 64 93 76
55 59 68 51 67 59 78
62 73 41 82 87 80 79
95 69 91 16 54 84 74
88 56 61 87 52 84 60
63 59 95 70 65 68 74
67 71 62 74 87 63 77
88 97 68 64 87 60 67
78 98 91 53 48 100 55
71 80 55 76 62 60 60
96 27 60 54 68 68 81
91 52 97 95 77 80 59
93 72 59 52 98 98 73
54 83 75 69 73 85 79
75 94 88 62 87 61 57
59 83 55 97 75 58 70
74 63 93 68 61 96 79
81 63 69 85 92 93 53
51 88 62 53 80 87 81
84 60 100 90 63 100 52
53 90 70 55 73 87 60
51 96 53 72 79 56 77
56 80 82 71 80 54 81
56 93 71 91 67 96 57
75 69 87 58 56 76 69
64 77 51 90 78 60 81
81 56 76 74 79 63 70
