250 7
31 29 18 81 0 71 7
81 98 84 97 61 53 71
61 97 60 55 100 80 82
61 92 92 53 81 62 52
2 75 76 65 65 75 71
89 88 72 99 57 51 64
53 52 61 63 87 99 76
98 32 59 72 57 63 68
80 61 69 74 53 86 61
88 68 66 70 98 55 61
89 85 58 93 83 67 81
66 83 96 21 51 95 97
75 75 96 20 98 75 75
70 84 1 58 72 72 88
68 88 80 84 87 39 71
68 55 76 74 99 100 58
52 4 76 83 95 74 73
56 86 70 95 57 51 71
50 79 89 72 98 54 72
64 55 100 61 85 78 91
78 61 79 53 65 56 70
73 55 99 13 99 81 73
82 85 78 75 54 60 76
94 90 51 75 63 65 73
94 53 52 56 83 58 52
81 90 86 73 51 75 100
89 62 58 38 72 70 74
76 79 66 78 95 91 59
86 86 67 24 93 73 53
85 78 55 52 99 72 78
63 70 93 88 100 66 89
61 58 51 62 51 52 88
68 100 93 51 91 94 62
56 93 78 91 56 51 75
83 99 58 52 74 61 87
100 93 59 70 85 52 66
85 90 10 93 77 53 68
75 94 52 67 69 31 90
86 96 73 78 77 62 59
58 100 83 62 53 90 90
53 73 56 62 62 5 53
61 53 95 63 91 88 60
80 57 57 50 79 61 83
81 64 1 68 70 81 70
59 89 57 54 95 20 84
56 68 58 75 71 79 88
55 95 89 58 24 53 43
81 58 53 98 67 53 66
98 58 89 2 78 52 57
74 78 60 77 51 61 71
74 95 90 53 60 56 56
88 97 73 44 50 72 91
65 56 66 19 62 88 83
73 98 85 54 51 87 77
87 92 83 19 61 51 59
96 59 54 65 88 73 40
61 76 73 61 70 76 93
92 82 94 53 6 60 77
93 95 54 60 61 72 98
67 68 29 56 80 75 72
91 51 74 74 52 7 78
78 74 66 74 73 77 28
80 51 78 71 94 84 68
52 60 82 60 71 99 100
87 51 77 97 75 66 66
85 51 70 42 77 76 89
77 81 54 67 68 84 82
93 52 93 68 96 67 86
63 85 84 93 22 52 69
97 61 85 64 55 74 76
5 61 81 87 97 78 64
59 89 88 52 78 55 78
67 52 82 95 94 40 84
62 68 63 88 63 52 55
99 34 56 9 66 78 92
63 67 22 72 61 79 64
83 77 96 31 73 53 74
52 57 82 87 89 68 93
70 95 67 69 57 54 52
64 89 65 30 62 83 100
59 88 51 73 63 98 54
84 52 74 55 83 79 89
58 50 73 68 94 70 26
77 9 82 54 83 89 62
7 60 29 14 56 97 67
56 62 78 6 75 79 95
78 90 73 54 67 69 94
29 70 82 74 80 95 59
17 77 59 71 92 81 58
78 100 75 76 66 63 7
63 57 55 94 93 55 70
81 87 14 98 65 59 52
90 59 61 65 82 70 79
60 51 70 89 96 19 76
48 79 70 52 68 84 95
67 85 62 60 68 84 15
98 52 79 25 72 59 72
75 66 88 80 61 56 54
10 100 62 81 1 65 78
82 96 99 98 18 65 85
81 72 53 71 100 33 63
85 58 60 35 95 51 86
70 80 71 58 89 57 67
60 54 94 54 80 61 75
55 65 92 61 65 36 97
65 70 80 9 96 85 93
91 68 64 76 76 57 67
77 58 65 56 33 68 79
80 74 18 77 94 74 74
88 80 86 92 58 40 65
58 56 74 93 99 69 77
63 51 99 72 93 64 73
83 67 96 75 88 94 60
75 74 61 51 94 92 92
67 79 89 62 21 62 62
63 70 62 59 51 86 94
68 84 60 77 56 52 80
69 95 3 96 80 88 59
75 70 96 62 53 79 83
57 63 58 67 99 97 31
15 79 64 99 85 58 84
68 71 88 68 60 74 80
71 59 93 64 93 73 85
71 79 82 56 53 88 55
63 55 61 81 52 54 58
68 67 64 69 53 99 65
23 89 57 61 80 65 93
61 62 74 9 86 81 60
70 55 60 72 80 79 82
69 54 78 52 83 7 70
78 43 87 33 71 82 54
69 88 75 96 61 34 36
100 80 100 44 63 55 87
51 74 71 83 88 56 69
52 74 79 56 68 84 68
77 57 91 51 90 51 98
58 55 62 72 97 95 51
79 58 79 70 63 93 59
100 59 74 75 73 40 6
20 100 84 68 92 57 81
46 58 89 64 95 53 58
67 51 81 3 81 95 68
90 57 58 64 66 80 77
78 87 77 72 92 83 12
25 84 55 57 60 92 52
29 66 61 74 83 90 87
66 83 59 36 76 89 80
70 53 85 58 65 96 61
53 58 79 61 92 85 69
71 53 51 63 85 64 57
83 99 45 32 54 14 97
57 72 55 70 100 84 55
56 82 61 60 79 55 94
78 15 74 52 72 86 71
37 52 89 57 58 87 88
60 83 56 51 57 62 96
92 93 2 64 66 83 99
82 87 88 39 76 75 93
79 54 66 67 55 59 75
98 68 52 64 67 51 78
57 90 54 93 93 59 93
59 68 66 65 98 56 92
73 60 64 58 80 74 55
60 66 57 95 55 37 69
51 94 52 78 61 74 80
72 78 56 100 52 63 64
89 89 69 8 56 78 89
62 72 3 61 61 68 84
78 62 93 64 65 98 23
4 62 71 87 79 79 93
57 53 98 28 62 56 59
82 56 76 55 77 2 51
56 92 12 73 71 88 82
76 82 72 53 28 47 61
81 78 64 77 59 90 66
89 76 55 81 76 52 67
69 83 60 61 62 66 56
68 100 76 79 53 64 53
52 64 84 78 91 95 99
51 92 71 91 84 64 51
58 56 65 82 54 62 54
56 58 98 20 59 97 69
58 83 82 57 71 77 93
70 68 78 82 35 67 85
63 94 55 87 64 69 54
51 87 97 45 93 60 92
77 52 82 73 53 66 79
50 93 78 55 60 95 91
63 74 54 100 52 24 59
64 89 66 76 71 97 51
94 56 73 63 81 36 74
100 94 68 51 67 73 74
89 84 77 84 81 62 18
98 90 65 46 54 62 100
80 95 60 13 72 95 58
80 95 69 15 93 59 98
60 71 71 94 70 52 98
67 53 72 55 60 52 73
86 54 64 56 67 88 94
58 95 63 64 83 84 3
71 21 60 55 60 54 88
80 93 4 80 73 24 76
76 60 94 79 84 51 63
77 41 64 61 55 53 60
52 94 100 56 59 86 51
62 81 92 72 51 77 55
51 73 86 4 32 75 54
58 97 79 58 55 92 92
51 86 74 72 59 54 69
84 58 95 61 1 69 77
17 85 100 79 82 66 69
70 60 59 62 51 86 71
64 34 55 78 57 83 47
72 72 2 80 91 54 86
55 16 79 53 84 51 60
98 52 94 67 100 99 12
57 76 99 33 59 73 79
86 87 58 56 77 77 7
55 97 58 81 53 61 51
82 18 76 51 83 70 82
74 64 68 74 58 66 70
55 72 92 66 59 95 69
67 61 67 73 71 84 67
62 73 66 59 97 96 52
83 71 77 68 2 83 88
85 88 60 99 54 59 64
100 89 62 68 57 82 74
38 23 53 84 90 63 63
97 73 53 62 80 100 61
66 53 67 65 85 49 54
59 85 98 63 92 59 52
33 89 67 81 71 56 90
87 31 85 55 10 98 45
98 53 33 76 65 84 72
74 63 52 88 65 60 63
77 67 65 92 65 57 54
73 98 69 56 65 17 69
62 69 83 96 53 97 6
92 64 84 51 54 65 95
51 91 75 55 55 95 55
70 79 70 60 55 64 59
83 86 94 72 99 61 48
98 66 97 77 32 71 70
53 57 72 55 70 91 89
31 66 95 97 100 67 57
63 90 59 59 74 61 76
87 69 94 69 62 90 42
94 80 58 34 84 76 64
73 77 79 77 59 91 24
59 53 85 68 63 48 93
