250 7
0.03 0.59 0.08 0.63 0.10 0.02 0.05
0.60 0.96 0.79 0.24 0.63 0.25 0.96
0.74 0.60 0.65 0.54 0.99 0.95 0.78
0.88 0.57 0.76 0.89 0.75 0.53 0.95
0.73 0.86 0.98 0.51 0.70 0.82 0.60
0.81 0.55 0.94 0.77 0.69 0.66 0.56
0.56 0.92 0.51 0.56 0.58 0.98 0.61
0.66 0.53 0.75 0.84 0.48 0.69 0.51
0.98 0.02 0.55 0.78 0.95 0.78 0.61
0.83 0.95 0.56 0.61 1.00 0.59 0.95
0.80 0.52 0.78 0.94 0.84 0.94 0.58
0.99 0.73 0.84 0.11 1.00 0.97 0.57
0.78 0.86 0.40 0.67 0.57 0.92 0.03
0.68 0.87 0.63 0.61 1.00 0.57 0.97
0.52 0.60 0.53 0.59 0.55 0.82 0.54
0.52 1.00 0.77 0.61 0.99 0.54 0.53
0.51 0.97 0.87 0.61 0.54 0.97 0.81
0.30 0.55 0.64 0.99 0.11 0.88 0.91
0.69 0.77 0.52 0.04 0.79 0.68 1.00
0.94 0.75 0.97 0.54 0.51 0.98 0.49
0.68 0.74 0.57 0.56 0.96 0.79 0.53
0.88 0.73 0.81 0.65 0.71 0.26 0.04
0.91 0.58 0.52 0.59 0.58 0.60 0.92
0.73 0.74 0.80 0.53 0.75 0.94 0.70
0.90 0.88 0.73 0.22 0.70 0.67 0.87
0.56 0.54 0.69 0.77 0.61 0.89 0.75
0.73 0.58 0.94 0.56 0.80 0.70 0.73
0.95 0.53 0.54 0.90 0.73 0.88 0.61
0.73 0.65 0.90 0.60 1.00 0.52 0.62
0.97 0.58 0.52 1.00 1.00 0.05 0.96
0.74 0.18 0.70 0.85 0.99 0.80 0.98
0.60 0.96 0.99 0.56 0.71 1.00 0.57
0.63 0.91 0.78 0.36 0.74 0.67 0.90
0.71 0.92 0.52 0.53 0.55 1.00 0.64
0.22 0.51 0.94 0.57 0.76 0.81 0.62
0.72 0.58 0.93 0.87 0.77 0.63 0.65
0.96 0.59 0.74 0.26 0.89 0.53 0.58
0.80 0.99 0.89 0.56 0.92 0.91 0.73
0.81 0.89 0.99 0.52 0.77 0.68 0.98
0.71 0.90 0.72 0.59 0.63 0.69 0.92
0.59 0.98 0.96 0.57 0.99 0.52 0.62
0.67 0.84 0.81 0.59 0.58 0.58 0.82
0.95 0.62 0.75 0.55 0.81 0.66 0.70
0.74 0.55 0.52 0.83 0.56 0.73 0.67
0.65 0.56 0.64 1.00 1.00 0.82 0.12
0.64 0.95 0.63 0.53 0.65 0.79 0.53
0.65 0.52 0.59 0.60 0.73 0.98 0.94
0.91 0.52 0.81 0.59 0.56 0.77 0.63
0.51 0.51 0.89 0.52 0.36 0.91 0.63
0.70 0.83 0.44 0.61 0.83 0.60 0.83
0.54 0.38 0.28 0.86 0.65 0.99 0.19
0.92 0.61 0.99 0.52 0.88 0.56 0.64
0.80 0.86 0.98 0.56 0.74 0.79 0.77
0.53 0.52 0.60 0.64 0.86 0.66 0.52
0.65 0.55 0.74 0.76 0.51 0.78 0.79
0.80 0.77 0.91 0.54 0.77 0.60 0.52
0.88 0.17 0.92 0.75 0.83 0.77 0.57
0.64 0.55 0.76 0.65 0.76 1.00 0.05
0.76 0.36 0.65 0.93 0.89 0.73 0.83
0.51 0.58 0.74 0.84 0.51 0.64 0.25
0.79 0.52 0.51 1.00 0.98 0.71 0.94
0.12 0.77 0.55 0.56 0.88 0.84 0.91
0.88 0.61 0.61 0.61 0.81 0.99 0.04
0.95 0.77 0.89 0.22 0.57 0.55 0.56
0.54 0.92 0.59 0.56 0.56 0.54 0.99
0.61 0.86 0.70 0.62 0.51 0.90 0.67
0.87 0.98 0.60 0.54 0.66 0.58 0.94
0.54 0.56 0.67 0.71 0.56 0.23 0.79
0.58 0.06 0.88 0.74 0.87 0.74 0.90
0.70 0.54 0.63 0.70 0.57 0.77 0.87
0.76 0.56 0.80 0.89 0.56 0.57 0.63
0.99 0.70 0.76 0.55 0.58 0.57 0.95
0.87 0.71 0.71 0.54 0.83 0.55 0.58
0.85 0.34 0.88 0.90 0.82 0.97 0.87
0.94 0.53 0.70 0.63 0.52 0.59 0.64
0.84 0.53 0.75 0.66 0.81 0.56 0.93
0.98 0.10 0.98 0.77 0.58 0.90 0.70
0.84 0.72 0.81 0.54 0.96 0.90 0.61
0.91 0.55 0.87 0.88 0.95 0.64 0.92
0.54 0.68 0.75 0.56 0.61 0.79 0.63
0.80 0.58 0.20 0.98 0.60 0.89 0.86
0.69 0.55 0.98 0.11 0.79 0.52 0.77
0.87 0.97 0.74 0.29 0.92 0.61 0.94
0.66 0.51 0.86 0.69 0.70 0.84 0.96
0.63 0.60 0.91 0.23 0.65 0.39 0.58
0.82 0.88 0.73 0.55 0.66 0.65 0.82
0.90 0.30 0.65 0.67 0.73 1.00 0.57
0.58 0.72 0.54 0.52 0.56 0.73 0.68
0.12 0.57 0.88 0.84 0.53 0.94 0.90
0.86 0.49 0.86 0.74 0.76 0.66 0.69
0.87 0.61 0.70 0.58 0.76 0.83 1.00
0.54 0.66 0.61 0.59 0.76 0.71 0.76
0.81 0.70 0.97 0.59 0.61 0.76 0.79
0.65 0.69 0.52 0.60 0.92 0.53 0.96
0.99 0.93 0.87 0.54 0.53 0.92 0.58
1.00 0.28 0.30 0.53 0.97 0.99 0.61
0.54 0.53 0.96 0.75 0.56 0.46 0.76
0.61 0.56 0.96 0.55 0.62 0.68 0.53
0.88 0.78 0.70 0.24 0.74 0.76 0.81
0.55 0.97 0.82 0.28 0.59 0.90 0.68
0.60 0.98 0.57 0.54 0.65 0.15 1.00
0.55 0.59 0.82 0.54 0.52 0.75 1.00
0.93 0.53 0.92 0.59 0.55 0.75 0.54
0.74 0.57 0.92 0.64 0.62 0.88 0.82
0.99 0.65 0.56 0.58 0.80 0.77 0.69
0.56 0.11 0.85 0.15 0.52 1.00 0.94
0.60 0.59 0.82 0.56 1.00 0.90 0.77
0.07 0.84 0.68 0.53 0.14 0.81 0.65
0.79 0.54 0.74 0.70 0.88 0.61 0.85
0.83 0.55 0.74 0.52 0.87 0.86 0.91
0.58 0.55 0.71 0.96 0.81 0.76 0.97
0.54 0.95 0.76 0.60 0.99 0.54 0.75
0.73 0.63 0.03 0.93 0.55 0.74 0.69
0.89 0.73 0.61 0.20 0.71 0.83 0.79
0.81 0.57 0.58 0.66 0.81 0.75 0.95
0.63 0.68 0.51 0.59 0.63 0.94 0.51
0.51 0.15 0.81 0.58 0.56 0.29 0.53
0.77 0.54 1.00 0.53 0.99 0.79 0.83
0.55 0.79 0.92 0.57 0.98 0.93 0.08
0.69 0.37 0.70 0.54 0.76 0.84 0.86
0.53 0.62 0.87 0.54 0.85 0.77 0.68
0.52 0.95 0.59 0.54 0.93 0.52 0.51
0.02 0.18 0.76 0.60 0.99 0.93 0.57
0.64 0.83 0.89 0.55 0.78 0.58 0.98
0.94 0.79 0.74 0.56 0.74 0.65 0.90
0.91 0.57 0.50 0.87 0.83 0.23 0.73
0.75 0.83 0.82 0.61 0.51 0.58 0.92
0.87 0.33 0.63 0.65 0.91 0.73 0.22
0.68 0.87 0.53 0.55 0.61 0.81 0.86
0.74 0.68 0.62 0.55 0.68 0.82 0.69
0.24 0.73 1.00 0.59 0.99 0.51 0.77
0.74 0.38 0.58 0.74 0.60 0.96 0.87
0.96 0.58 0.68 0.81 0.71 0.52 0.67
0.68 0.85 0.91 0.54 0.95 0.97 0.52
0.64 0.99 0.75 0.61 0.72 0.61 0.70
0.70 0.51 0.58 0.53 0.49 0.68 0.92
0.52 0.54 0.80 0.83 0.65 0.91 0.72
0.95 0.61 0.79 0.55 1.00 0.82 0.54
0.57 0.91 0.55 0.51 0.99 0.92 0.81
0.90 0.58 0.80 0.78 0.52 0.52 0.51
0.86 0.96 0.62 0.47 0.80 0.89 0.60
0.67 0.58 0.73 0.95 0.13 0.71 0.86
0.68 0.57 0.80 0.98 0.61 0.73 0.43
0.51 0.57 0.82 0.88 0.53 0.30 0.19
0.62 0.20 0.59 0.61 0.77 0.96 0.79
0.75 0.79 0.61 0.61 0.93 0.71 0.26
0.77 0.55 0.67 0.98 0.77 0.63 0.52
0.75 0.51 0.84 0.72 0.74 0.85 0.51
0.82 0.51 0.70 0.57 0.54 0.94 0.57
0.82 0.51 0.73 0.63 0.92 0.62 0.98
0.97 0.54 0.79 0.90 0.88 0.54 0.63
0.62 0.99 0.77 0.27 0.19 0.65 0.60
0.90 0.70 0.88 0.52 0.97 0.80 0.53
0.84 0.42 0.58 0.67 0.55 0.80 0.82
0.86 0.63 0.66 0.54 0.84 0.57 0.82
0.70 0.54 0.55 0.89 0.72 0.94 0.82
0.60 0.27 0.95 0.57 0.91 0.88 0.85
0.80 0.61 0.03 0.53 0.96 0.58 0.82
0.86 0.51 0.56 0.55 0.72 0.81 0.94
0.60 0.57 0.64 0.51 0.68 0.52 0.56
0.89 0.84 0.57 0.62 0.89 0.66 0.38
0.56 0.60 0.52 0.51 0.91 0.75 0.73
0.51 0.74 0.04 0.72 0.85 0.80 0.93
0.64 0.56 0.81 0.42 1.00 0.70 0.60
0.53 0.95 0.86 0.56 0.65 0.55 0.59
0.17 0.56 0.66 0.68 0.71 0.54 0.84
0.55 0.99 0.34 0.52 0.59 0.65 0.88
0.83 0.52 0.90 0.51 0.52 0.70 0.58
0.51 0.52 0.78 0.13 0.17 0.56 0.96
0.68 0.57 0.70 0.67 0.95 0.29 0.74
0.79 0.77 0.56 0.51 0.80 0.60 0.93
0.53 0.58 0.73 0.74 0.13 0.20 1.00
0.77 0.63 0.78 0.44 0.69 0.66 0.70
0.75 0.81 0.93 0.56 0.59 0.06 0.67
0.60 0.73 0.41 0.55 0.88 0.73 0.71
0.91 0.72 0.63 0.59 0.60 0.71 0.73
0.69 0.65 0.58 0.58 0.80 0.99 0.91
0.95 0.55 0.85 0.57 0.80 0.90 0.83
0.76 0.87 0.55 0.57 0.70 0.97 0.56
0.92 0.66 0.91 0.57 0.63 0.89 0.23
0.79 0.98 0.72 0.02 0.65 0.90 0.85
0.60 0.56 0.06 0.72 0.52 0.99 0.10
0.64 0.08 0.71 0.57 0.95 0.54 0.61
0.52 0.68 0.96 0.55 0.85 0.85 0.73
0.86 0.57 0.20 0.57 0.69 0.62 0.92
0.26 0.87 0.93 0.59 0.76 0.76 0.87
0.54 0.98 0.59 0.60 0.78 0.71 0.81
0.17 0.93 0.93 0.53 0.55 0.76 0.75
0.71 0.96 1.00 0.59 0.23 0.67 0.72
0.81 0.51 0.83 0.53 0.79 0.23 0.98
0.54 0.49 0.62 0.69 0.52 0.24 0.66
0.95 0.86 0.81 0.55 0.78 0.95 0.03
0.55 0.51 0.54 0.85 0.03 0.87 0.71
0.65 0.83 0.51 0.56 0.61 0.69 0.56
0.56 0.89 0.75 0.57 0.99 0.77 0.53
0.94 0.86 0.77 0.51 0.59 0.95 0.69
0.55 0.24 0.20 0.23 0.51 0.68 0.81
0.80 1.00 0.71 0.62 0.09 0.96 0.70
0.60 0.67 0.99 0.91 0.01 0.75 0.78
0.03 0.66 1.00 0.55 0.53 0.55 0.83
0.01 0.73 0.09 0.61 0.54 0.53 0.55
0.87 0.66 0.56 0.58 0.67 0.81 0.67
0.81 0.55 0.60 0.57 0.79 0.56 0.84
0.81 0.53 1.00 0.61 0.55 0.75 0.62
0.94 0.86 0.54 0.58 0.86 0.63 0.77
0.71 1.00 0.81 0.26 0.94 0.97 0.77
0.86 0.82 0.77 0.53 0.74 0.47 0.80
0.57 0.97 0.99 0.06 0.70 0.18 0.97
0.53 0.55 0.93 0.78 0.51 0.85 0.85
0.52 0.84 0.87 0.55 0.96 0.53 0.84
0.52 0.55 0.96 0.94 0.52 0.65 0.84
0.64 0.67 0.94 0.51 0.79 0.64 0.55
0.35 0.97 0.92 0.53 0.55 0.56 0.64
0.51 0.55 0.81 0.78 0.52 0.60 0.75
0.52 0.68 0.74 0.54 0.58 0.97 0.60
0.76 0.75 0.97 0.53 0.18 0.79 0.56
0.83 0.63 0.76 0.55 0.81 1.00 0.18
0.53 0.54 0.84 0.55 0.26 0.80 0.72
0.53 0.92 0.56 0.52 1.00 0.81 0.96
0.53 0.51 0.55 0.55 0.74 0.82 0.30
0.73 0.58 0.88 0.66 0.77 0.77 0.08
0.78 0.26 0.56 0.70 0.89 0.59 0.13
1.00 0.65 0.65 0.54 0.60 1.00 0.77
0.57 0.09 0.52 0.64 0.99 0.70 1.00
0.52 0.52 0.87 0.84 0.51 0.78 0.90
0.87 0.56 0.16 0.95 0.75 0.63 0.96
0.72 0.55 0.59 0.06 0.95 0.55 0.63
0.59 0.77 0.97 0.51 0.97 0.58 0.68
0.55 0.20 0.66 0.94 0.54 0.84 0.71
0.53 0.64 0.88 0.54 0.85 0.74 0.83
0.80 0.61 0.99 0.16 0.98 0.53 0.69
0.70 0.78 0.78 0.57 0.52 0.57 0.85
0.92 0.88 0.71 0.46 0.81 0.57 0.63
0.80 0.64 0.69 0.28 0.81 0.77 0.76
0.81 0.60 0.70 0.53 0.63 0.68 0.56
0.71 0.53 0.71 0.60 0.72 0.53 0.89
0.93 0.82 0.66 0.47 0.59 0.87 0.54
0.54 0.81 0.58 0.55 0.71 0.79 0.57
0.62 0.98 0.56 0.18 0.87 0.26 0.62
0.59 0.57 0.57 0.63 0.74 0.66 0.78
0.52 0.75 0.68 0.53 0.70 0.88 0.92
0.63 0.94 0.73 0.62 0.93 0.08 0.80
0.68 0.79 0.84 0.58 0.90 0.64 0.11
0.57 0.51 0.58 0.64 0.71 0.55 1.00
0.64 0.80 0.74 0.42 0.70 0.73 0.76
0.73 0.99 0.53 0.45 1.00 0.81 0.68
0.40 0.64 0.89 0.60 0.79 0.77 0.57
0.96 0.86 0.94 0.38 1.00 0.53 0.54
0.52 0.48 0.90 0.76 0.10 0.98 0.86
0.57 0.54 0.91 0.54 0.61 0.83 0.80
