250 7
3 59 8 63 10 2 5
60 96 79 24 63 25 96
74 60 65 54 99 95 78
88 57 76 89 75 53 95
73 86 98 51 70 82 60
81 55 94 77 69 66 56
56 92 51 56 58 98 61
66 53 75 84 48 69 51
98 2 55 78 95 78 61
83 95 56 61 100 59 95
80 52 78 94 84 94 58
99 73 84 11 100 97 57
78 86 40 67 57 92 3
68 87 63 61 100 57 97
52 60 53 59 55 82 54
52 100 77 61 99 54 53
51 97 87 61 54 97 81
30 55 64 99 11 88 91
69 77 52 4 79 68 100
94 75 97 54 51 98 49
68 74 57 56 96 79 53
88 73 81 65 71 26 4
91 58 52 59 58 60 92
73 74 80 53 75 94 70
90 88 73 22 70 67 87
56 54 69 77 61 89 75
73 58 94 56 80 70 73
95 53 54 90 73 88 61
73 65 90 60 100 52 62
97 58 52 100 100 5 96
74 18 70 85 99 80 98
60 96 99 56 71 100 57
63 91 78 36 74 67 90
71 92 52 53 55 100 64
22 51 94 57 76 81 62
72 58 93 87 77 63 65
96 59 74 26 89 53 58
80 99 89 56 92 91 73
81 89 99 52 77 68 98
71 90 72 59 63 69 92
59 98 96 57 99 52 62
67 84 81 59 58 58 82
95 62 75 55 81 66 70
74 55 52 83 56 73 67
65 56 64 100 100 82 12
64 95 63 53 65 79 53
65 52 59 60 73 98 94
91 52 81 59 56 77 63
51 51 89 52 36 91 63
70 83 44 61 83 60 83
54 38 28 86 65 99 19
92 61 99 52 88 56 64
80 86 98 56 74 79 77
53 52 60 64 86 66 52
65 55 74 76 51 78 79
80 77 91 54 77 60 52
88 17 92 75 83 77 57
64 55 76 65 76 100 5
76 36 65 93 89 73 83
51 58 74 84 51 64 25
79 52 51 100 98 71 94
12 77 55 56 88 84 91
88 61 61 61 81 99 4
95 77 89 22 57 55 56
54 92 59 56 56 54 99
61 86 70 62 51 90 67
87 98 60 54 66 58 94
54 56 67 71 56 23 79
58 6 88 74 87 74 90
70 54 63 70 57 77 87
76 56 80 89 56 57 63
99 70 76 55 58 57 95
87 71 71 54 83 55 58
85 34 88 90 82 97 87
94 53 70 63 52 59 64
84 53 75 66 81 56 93
98 10 98 77 58 90 70
84 72 81 54 96 90 61
91 55 87 88 95 64 92
54 68 75 56 61 79 63
80 58 20 98 60 89 86
69 55 98 11 79 52 77
87 97 74 29 92 61 94
66 51 86 69 70 84 96
63 60 91 23 65 39 58
82 88 73 55 66 65 82
90 30 65 67 73 100 57
58 72 54 52 56 73 68
12 57 88 84 53 94 90
86 49 86 74 76 66 69
87 61 70 58 76 83 100
54 66 61 59 76 71 76
81 70 97 59 61 76 79
65 69 52 60 92 53 96
99 93 87 54 53 92 58
100 28 30 53 97 99 61
54 53 96 75 56 46 76
61 56 96 55 62 68 53
88 78 70 24 74 76 81
55 97 82 28 59 90 68
60 98 57 54 65 15 100
55 59 82 54 52 75 100
93 53 92 59 55 75 54
74 57 92 64 62 88 82
99 65 56 58 80 77 69
56 11 85 15 52 100 94
60 59 82 56 100 90 77
7 84 68 53 14 81 65
79 54 74 70 88 61 85
83 55 74 52 87 86 91
58 55 71 96 81 76 97
54 95 76 60 99 54 75
73 63 3 93 55 74 69
89 73 61 20 71 83 79
81 57 58 66 81 75 95
63 68 51 59 63 94 51
51 15 81 58 56 29 53
77 54 100 53 99 79 83
55 79 92 57 98 93 8
69 37 70 54 76 84 86
53 62 87 54 85 77 68
52 95 59 54 93 52 51
2 18 76 60 99 93 57
64 83 89 55 78 58 98
94 79 74 56 74 65 90
91 57 50 87 83 23 73
75 83 82 61 51 58 92
87 33 63 65 91 73 22
68 87 53 55 61 81 86
74 68 62 55 68 82 69
24 73 100 59 99 51 77
74 38 58 74 60 96 87
96 58 68 81 71 52 67
68 85 91 54 95 97 52
64 99 75 61 72 61 70
70 51 58 53 49 68 92
52 54 80 83 65 91 72
95 61 79 55 100 82 54
57 91 55 51 99 92 81
90 58 80 78 52 52 51
86 96 62 47 80 89 60
67 58 73 95 13 71 86
68 57 80 98 61 73 43
51 57 82 88 53 30 19
62 20 59 61 77 96 79
75 79 61 61 93 71 26
77 55 67 98 77 63 52
75 51 84 72 74 85 51
82 51 70 57 54 94 57
82 51 73 63 92 62 98
97 54 79 90 88 54 63
62 99 77 27 19 65 60
90 70 88 52 97 80 53
84 42 58 67 55 80 82
86 63 66 54 84 57 82
70 54 55 89 72 94 82
60 27 95 57 91 88 85
80 61 3 53 96 58 82
86 51 56 55 72 81 94
60 57 64 51 68 52 56
89 84 57 62 89 66 38
56 60 52 51 91 75 73
51 74 4 72 85 80 93
64 56 81 42 100 70 60
53 95 86 56 65 55 59
17 56 66 68 71 54 84
55 99 34 52 59 65 88
83 52 90 51 52 70 58
51 52 78 13 17 56 96
68 57 70 67 95 29 74
79 77 56 51 80 60 93
53 58 73 74 13 20 100
77 63 78 44 69 66 70
75 81 93 56 59 6 67
60 73 41 55 88 73 71
91 72 63 59 60 71 73
69 65 58 58 80 99 91
95 55 85 57 80 90 83
76 87 55 57 70 97 56
92 66 91 57 63 89 23
79 98 72 2 65 90 85
60 56 6 72 52 99 10
64 8 71 57 95 54 61
52 68 96 55 85 85 73
86 57 20 57 69 62 92
26 87 93 59 76 76 87
54 98 59 60 78 71 81
17 93 93 53 55 76 75
71 96 100 59 23 67 72
81 51 83 53 79 23 98
54 49 62 69 52 24 66
95 86 81 55 78 95 3
55 51 54 85 3 87 71
65 83 51 56 61 69 56
56 89 75 57 99 77 53
94 86 77 51 59 95 69
55 24 20 23 51 68 81
80 100 71 62 9 96 70
60 67 99 91 1 75 78
3 66 100 55 53 55 83
1 73 9 61 54 53 55
87 66 56 58 67 81 67
81 55 60 57 79 56 84
81 53 100 61 55 75 62
94 86 54 58 86 63 77
71 100 81 26 94 97 77
86 82 77 53 74 47 80
57 97 99 6 70 18 97
53 55 93 78 51 85 85
52 84 87 55 96 53 84
52 55 96 94 52 65 84
64 67 94 51 79 64 55
35 97 92 53 55 56 64
51 55 81 78 52 60 75
52 68 74 54 58 97 60
76 75 97 53 18 79 56
83 63 76 55 81 100 18
53 54 84 55 26 80 72
53 92 56 52 100 81 96
53 51 55 55 74 82 30
73 58 88 66 77 77 8
78 26 56 70 89 59 13
100 65 65 54 60 100 77
57 9 52 64 99 70 100
52 52 87 84 51 78 90
87 56 16 95 75 63 96
72 55 59 6 95 55 63
59 77 97 51 97 58 68
55 20 66 94 54 84 71
53 64 88 54 85 74 83
80 61 99 16 98 53 69
70 78 78 57 52 57 85
92 88 71 46 81 57 63
80 64 69 28 81 77 76
81 60 70 53 63 68 56
71 53 71 60 72 53 89
93 82 66 47 59 87 54
54 81 58 55 71 79 57
62 98 56 18 87 26 62
59 57 57 63 74 66 78
52 75 68 53 70 88 92
63 94 73 62 93 8 80
68 79 84 58 90 64 11
57 51 58 64 71 55 100
64 80 74 42 70 73 76
73 99 53 45 100 81 68
40 64 89 60 79 77 57
96 86 94 38 100 53 54
52 48 90 76 10 98 86
57 54 91 54 61 83 80
