250 7
0.60 0.32 0.79 0.04 0.80 0.49 0.70
0.82 0.77 0.65 0.21 0.91 0.94 0.79
0.53 0.78 0.81 0.71 0.53 0.73 0.79
0.63 0.99 0.54 0.74 0.56 0.60 0.83
0.92 0.55 0.80 0.07 0.72 0.96 1.00
0.58 0.75 0.83 0.81 0.18 0.94 0.60
0.70 0.55 0.68 0.77 0.81 0.94 0.94
0.54 0.96 0.73 0.87 0.76 0.99 0.60
0.87 0.91 0.62 0.97 0.67 0.82 0.54
0.72 0.93 0.98 0.62 0.79 0.80 0.73
0.98 0.60 0.76 0.79 0.58 0.98 0.85
0.60 0.88 0.56 0.57 0.90 0.73 0.95
0.66 0.91 0.52 0.54 0.70 0.56 0.70
0.63 0.58 0.92 0.52 0.99 0.71 0.53
0.57 0.55 0.60 0.53 0.93 0.57 0.71
0.91 0.90 0.84 0.97 0.56 0.75 0.75
0.59 0.86 0.24 0.37 0.59 0.70 0.95
0.63 0.11 0.84 0.81 0.79 0.96 0.91
0.56 0.88 0.82 0.94 0.62 0.83 0.73
0.58 0.56 0.56 0.55 0.78 0.56 0.63
0.79 0.56 0.52 0.91 0.90 0.82 0.78
0.86 0.88 0.88 0.71 0.99 0.54 0.58
0.94 1.00 0.40 0.71 0.82 0.72 0.76
0.97 0.60 0.68 0.97 0.98 0.35 0.53
0.68 0.67 0.74 0.09 0.59 0.80 0.78
0.79 0.63 0.74 0.94 0.59 0.91 0.53
0.59 0.97 0.57 0.61 0.68 0.82 0.80
0.37 0.54 0.53 0.65 0.71 0.82 0.56
0.80 0.56 0.91 0.25 0.62 0.95 0.90
0.88 0.98 0.65 0.83 0.59 0.95 0.87
0.60 0.89 0.70 0.45 0.38 0.64 0.52
0.79 0.54 0.64 0.80 0.70 0.67 0.96
1.00 0.82 0.56 0.81 0.73 0.75 0.73
0.97 0.98 0.73 0.79 0.65 0.59 0.87
0.58 0.53 0.55 0.58 1.00 0.99 0.92
0.69 0.88 0.81 0.73 0.71 0.87 0.37
0.82 0.34 0.98 0.74 0.54 0.54 0.57
0.62 0.51 0.93 0.54 0.31 0.88 0.67
0.53 0.70 0.72 0.38 0.10 1.00 0.67
0.57 0.60 0.76 0.66 0.59 0.65 0.80
0.08 0.90 0.87 0.58 0.21 0.65 0.68
0.18 0.71 0.79 0.52 0.89 0.76 0.63
0.67 0.72 0.99 0.60 0.73 0.55 0.93
0.82 0.52 0.56 0.80 0.91 0.12 0.96
0.67 0.95 0.74 0.85 0.56 0.63 0.79
0.45 0.48 0.96 0.66 1.00 0.80 0.60
0.87 0.80 0.65 0.65 0.78 0.63 0.07
0.91 0.38 0.87 0.55 0.56 1.00 0.74
0.55 0.93 0.80 0.53 0.78 0.53 0.89
0.87 0.62 0.75 0.64 0.86 0.79 0.61
0.81 0.97 0.67 0.69 0.32 0.62 0.90
0.88 0.72 0.67 0.70 0.22 0.67 0.78
0.92 0.97 0.58 0.96 0.54 0.98 0.91
0.80 0.69 0.36 0.99 0.64 0.69 0.55
0.82 0.91 0.51 0.64 0.63 0.55 0.88
0.71 0.93 0.58 0.91 0.83 0.03 0.57
0.73 0.62 0.59 0.55 0.77 0.53 0.58
0.88 0.75 0.88 1.00 0.74 0.54 1.00
0.09 0.68 0.91 0.81 0.80 0.93 0.81
0.70 0.95 0.71 0.88 0.36 0.79 0.91
0.57 0.17 0.58 0.71 0.63 0.90 0.78
0.89 0.66 0.81 0.59 0.86 0.83 0.52
0.87 0.63 1.00 0.97 0.82 0.92 0.33
0.68 0.69 0.68 0.66 0.60 0.51 0.77
0.84 0.52 0.66 0.80 0.76 0.54 0.75
0.59 0.60 0.59 0.82 0.66 0.57 0.62
0.64 0.97 0.90 0.54 0.68 0.62 0.53
0.84 0.77 0.55 0.18 0.75 0.88 1.00
0.25 0.77 0.62 0.90 0.66 0.66 0.66
0.82 0.64 0.68 0.60 0.95 0.53 0.29
0.99 0.69 0.53 0.97 0.55 0.96 0.87
0.52 0.95 0.54 0.69 0.87 0.56 0.67
0.79 1.00 0.59 0.58 0.64 0.47 0.79
0.87 0.97 0.83 0.73 0.57 0.51 0.59
0.95 0.65 0.92 0.86 0.10 0.69 0.94
0.13 0.57 0.84 0.99 0.79 0.74 0.85
0.96 0.56 0.89 0.67 0.64 0.88 0.66
0.56 0.57 0.52 0.57 0.98 0.71 0.77
0.54 0.73 0.72 0.51 0.96 0.74 0.72
0.68 0.06 0.57 0.94 1.00 0.54 0.51
0.95 0.88 0.65 0.54 0.59 0.70 0.81
0.51 0.61 0.92 0.78 0.68 0.59 0.54
0.96 0.82 0.56 0.37 0.58 0.56 0.94
0.76 0.60 0.93 0.98 0.78 0.58 0.32
0.93 0.84 0.60 0.64 0.74 0.64 0.94
1.00 0.89 0.36 0.58 0.68 0.98 0.69
0.67 0.46 0.90 0.77 0.65 0.68 0.62
0.84 0.35 0.94 0.88 0.58 0.99 0.90
0.87 0.72 0.98 0.63 0.73 0.82 0.63
0.90 0.71 0.53 0.73 0.83 0.72 0.77
0.71 0.91 0.88 0.66 0.95 0.57 0.55
0.76 0.09 0.67 0.53 0.61 0.82 0.52
0.82 0.86 0.58 0.54 0.51 0.51 0.92
0.73 0.65 0.59 0.71 0.67 0.68 0.84
0.77 0.84 0.83 0.52 0.58 0.86 0.88
0.80 0.74 0.06 0.63 0.59 0.68 0.93
0.57 0.55 0.10 0.81 0.67 0.68 0.77
0.79 0.22 0.84 0.96 0.29 0.79 0.76
0.66 0.67 1.00 0.91 0.59 0.98 0.58
0.60 0.59 0.78 0.63 0.95 0.06 0.57
0.58 0.78 0.86 0.99 0.58 0.77 0.52
0.53 0.70 0.86 0.51 0.67 0.94 0.77
0.56 0.66 0.52 0.68 0.84 1.00 0.79
0.52 0.67 0.59 0.68 0.52 0.45 0.53
0.24 0.69 0.81 0.68 0.70 0.84 0.57
0.91 0.52 0.61 0.62 0.13 0.73 0.59
0.96 0.68 0.97 0.58 0.62 0.52 0.78
0.79 0.63 0.53 0.81 0.98 0.76 0.22
0.77 0.90 0.51 0.73 0.72 0.87 0.40
0.69 0.78 0.75 0.65 0.56 0.92 1.00
0.92 0.74 0.54 0.85 0.83 0.66 0.57
0.75 0.85 0.68 0.90 0.61 0.21 0.95
0.51 0.81 1.00 0.88 0.74 0.57 0.86
0.56 0.64 0.63 0.96 0.94 0.71 0.64
0.42 0.95 0.66 0.73 0.66 0.87 0.95
0.80 0.58 0.70 0.42 0.72 0.74 0.81
0.72 0.59 0.66 0.74 0.81 0.53 0.86
0.68 0.70 0.77 0.82 0.19 0.61 0.76
0.76 0.56 0.64 0.93 0.60 0.72 0.81
0.16 0.89 0.71 0.99 0.71 0.74 0.95
0.71 0.71 0.01 0.82 0.89 0.90 0.70
0.17 0.52 0.93 0.61 0.89 0.78 0.66
0.74 0.77 0.90 0.90 0.81 0.82 0.24
0.56 0.64 0.62 0.71 0.97 0.60 0.99
0.96 0.65 0.81 0.67 0.51 0.61 0.83
0.92 0.67 0.88 0.48 0.84 0.55 0.61
0.87 0.81 0.93 0.58 0.64 0.65 0.97
0.64 0.52 0.26 0.91 0.59 0.61 0.89
0.55 0.04 0.67 0.71 0.85 0.86 0.56
0.60 0.80 0.70 0.81 0.59 0.84 0.52
0.71 0.55 0.71 0.86 0.79 0.76 0.62
0.73 0.79 0.58 0.65 0.04 0.69 0.89
0.81 0.99 0.52 0.55 0.81 0.58 0.02
0.71 0.87 0.71 0.84 0.46 0.52 0.76
1.00 0.70 0.57 0.85 0.78 0.65 0.62
0.37 0.64 0.76 0.93 0.97 0.79 0.73
0.79 0.36 0.55 0.61 0.75 0.98 0.75
0.54 0.53 0.54 0.89 0.67 0.81 0.71
0.44 0.69 0.61 0.80 0.51 0.92 0.63
0.87 0.61 0.08 0.50 0.76 0.79 0.85
0.74 0.96 0.57 0.74 0.23 0.70 0.84
0.20 0.90 0.76 0.61 0.78 0.68 0.64
0.55 0.83 0.19 0.75 0.55 0.77 0.85
0.82 0.89 0.59 0.61 0.76 0.02 0.62
0.82 0.61 0.65 0.96 0.62 0.66 0.74
0.55 0.95 0.99 0.99 0.46 0.69 0.64
0.94 0.55 0.76 0.51 0.85 0.91 0.73
0.63 0.44 0.65 0.95 0.91 0.93 0.66
0.92 0.78 0.73 0.84 0.81 0.95 0.42
0.46 0.98 0.63 0.59 0.58 0.68 0.57
0.62 0.55 0.58 0.60 0.75 0.67 0.82
0.27 0.86 0.99 0.91 0.94 0.68 0.53
0.48 0.64 0.94 0.89 0.61 0.90 0.87
0.93 0.84 0.96 0.46 0.80 0.62 0.59
0.99 0.68 0.92 0.65 0.64 0.61 0.68
0.75 0.59 0.85 0.84 0.67 0.63 0.83
0.91 0.59 0.65 0.77 1.00 0.52 0.62
0.99 0.83 0.57 0.15 0.50 0.89 0.94
0.96 0.85 0.62 0.65 0.74 0.51 0.57
0.94 0.59 0.95 0.74 0.59 0.52 0.60
0.40 0.58 0.98 0.80 0.68 0.73 0.72
0.73 0.83 0.53 0.98 0.64 0.53 0.77
0.93 0.53 0.90 0.90 0.60 0.60 0.87
0.91 0.81 0.55 0.68 0.13 0.74 0.54
0.76 0.54 0.85 0.53 0.60 0.86 0.09
0.67 0.58 0.89 0.77 0.57 1.00 0.81
0.86 0.78 0.89 0.64 0.66 0.64 0.69
0.58 0.97 0.02 0.78 0.82 0.44 0.58
0.59 0.87 0.97 0.99 0.64 0.89 0.17
0.91 0.24 0.48 0.94 0.63 0.81 0.91
0.36 0.80 1.00 0.83 0.60 0.20 0.73
0.41 0.67 0.95 1.00 0.55 0.93 0.60
0.59 0.66 0.69 0.92 0.02 0.74 0.89
0.41 0.88 0.84 0.56 0.75 0.54 0.79
0.89 0.54 0.66 0.54 0.98 0.51 0.60
0.70 0.53 0.68 0.75 0.91 0.67 0.79
0.51 0.87 0.81 0.82 0.78 0.74 0.70
0.75 0.36 0.94 0.88 0.60 0.51 0.58
0.63 0.88 0.88 0.57 0.57 0.77 0.94
0.61 0.72 0.89 0.77 0.61 0.13 0.59
0.84 0.82 0.62 0.89 0.97 0.59 0.07
0.93 0.75 0.73 0.51 0.78 0.55 0.82
0.58 0.66 0.86 0.56 0.52 0.72 0.82
0.99 0.64 0.81 0.71 0.27 0.53 0.78
0.71 0.67 0.51 0.61 0.94 0.61 0.84
0.55 0.93 0.51 0.55 0.70 0.49 0.92
0.90 0.78 0.85 0.72 0.72 0.02 0.87
0.54 0.59 0.71 0.70 0.83 0.62 0.82
0.52 0.61 0.70 0.66 0.95 0.66 0.59
0.93 0.78 0.01 0.91 0.61 0.10 0.97
0.71 0.69 0.57 0.80 0.68 0.70 0.66
0.72 0.66 0.96 0.58 0.73 0.52 0.54
0.65 0.54 0.89 0.59 0.69 0.61 0.69
0.57 0.61 0.79 0.56 0.79 0.70 0.60
0.59 0.59 0.92 0.64 0.92 0.61 0.62
0.57 0.76 0.74 0.95 0.97 0.18 0.55
0.52 0.53 0.78 0.02 0.83 0.64 0.77
0.71 0.88 0.93 0.29 0.82 0.57 0.57
0.47 0.76 0.90 0.55 0.68 0.78 0.97
0.71 0.64 0.56 0.61 0.93 0.53 0.70
0.75 0.55 0.89 0.80 0.63 0.58 0.61
0.93 0.59 0.74 0.89 0.54 0.51 0.75
0.83 0.51 0.65 0.60 0.73 0.78 0.77
0.65 0.68 0.87 0.63 0.75 0.85 0.65
0.69 0.79 0.73 0.60 0.52 0.59 0.77
0.71 0.82 0.57 0.88 0.73 0.57 0.80
0.60 0.81 0.90 0.53 0.96 0.22 0.94
0.74 0.74 0.70 0.88 0.66 0.83 0.52
0.19 0.91 1.00 1.00 0.75 0.60 0.61
0.86 0.74 0.89 0.26 0.57 0.79 0.65
1.00 0.80 0.84 0.57 0.53 0.55 0.66
0.86 0.59 0.77 0.79 0.72 0.79 0.67
0.19 0.86 0.81 0.90 0.74 0.59 0.69
0.94 0.72 0.35 0.77 0.65 0.56 0.71
0.60 0.73 0.92 0.95 0.76 0.38 0.91
0.53 0.80 0.55 0.94 0.72 0.70 0.67
0.57 0.60 0.70 0.84 0.91 0.59 0.67
0.77 0.92 0.57 0.95 0.72 0.21 0.40
0.58 0.69 0.05 0.85 0.63 0.95 0.94
0.72 0.82 0.86 0.71 0.90 0.78 0.12
0.51 0.57 0.89 0.61 0.56 0.89 0.35
1.00 0.60 0.54 0.86 1.00 0.73 0.66
0.90 0.33 0.53 0.77 0.70 0.62 0.76
0.62 0.93 0.02 0.81 0.51 0.57 0.65
0.92 0.73 0.91 0.56 0.55 0.24 0.81
0.78 0.67 0.49 0.53 0.84 0.51 0.89
0.92 0.70 0.62 0.62 0.23 0.67 0.61
0.52 0.80 0.53 0.60 0.72 0.94 0.09
0.62 0.96 0.62 0.30 0.63 0.15 0.84
0.57 0.52 0.57 0.58 0.82 0.71 0.88
0.59 0.81 0.53 0.94 0.95 0.75 0.63
0.91 0.54 0.51 0.52 0.83 0.93 0.73
0.95 0.66 0.55 0.78 0.79 0.54 1.00
0.68 0.56 0.70 0.78 0.59 0.92 0.26
0.67 0.01 0.69 0.54 0.55 0.65 0.83
0.58 0.58 0.77 0.11 0.89 0.92 0.55
0.84 0.65 0.92 0.62 0.72 0.79 0.52
0.89 0.65 0.55 0.85 0.58 0.08 0.97
0.45 0.68 0.69 0.39 0.91 0.60 0.85
0.55 0.25 0.60 0.54 0.19 0.98 0.71
0.05 0.52 0.27 0.92 0.52 0.62 0.69
0.90 0.90 0.84 0.60 0.21 0.25 0.89
1.00 0.98 0.77 0.61 0.72 0.63 0.58
0.91 0.76 0.94 0.28 0.52 0.53 0.88
0.51 0.65 0.56 0.67 0.59 0.37 0.83
0.80 0.13 0.52 0.90 0.98 0.81 0.77
0.95 0.80 0.42 0.33 0.62 0.58 0.98
0.59 0.94 0.86 0.93 0.51 0.70 0.63
0.86 0.67 0.73 0.88 0.92 0.75 0.41
0.58 0.53 0.79 0.66 0.75 0.88 0.87
