20 10
0.30 0.91 0.17 0.64 0.17 0.28 0.44 0.11 0.73 0.02
0.46 0.32 0.06 0.26 0.61 0.78 0.48 0.23 0.73 0.68
0.34 0.54 0.27 0.01 0.53 0.14 0.94 0.18 0.90 0.56
0.56 0.18 0.39 0.79 0.85 0.17 0.18 0.74 0.01 0.04
0.77 0.48 0.47 0.87 0.20 0.98 0.77 0.21 0.92 0.88
0.40 0.99 0.19 0.61 0.50 0.97 0.40 0.10 0.47 0.49
0.55 0.84 0.14 0.92 0.47 0.41 0.13 0.70 0.08 0.17
0.08 0.56 0.53 0.30 0.04 0.83 0.21 0.41 0.61 0.67
0.22 0.99 0.54 0.86 0.33 0.64 0.65 0.35 0.63 0.52
0.49 0.69 0.78 0.33 0.06 0.72 0.94 0.82 0.57 0.42
0.39 0.84 0.69 0.76 0.98 0.99 0.86 0.19 0.22 0.21
0.02 0.33 0.99 0.09 0.19 0.43 0.39 0.96 0.89 0.23
0.26 0.55 0.51 0.17 0.12 0.48 0.14 0.06 0.77 0.00
0.60 0.64 0.34 0.64 0.53 0.90 0.55 0.48 0.38 0.41
0.45 0.20 0.74 0.49 0.18 0.24 0.88 0.59 0.60 0.85
0.58 0.45 0.50 0.82 0.49 0.50 0.05 0.44 0.61 0.78
0.62 0.51 0.18 0.61 0.02 0.26 0.69 0.70 0.87 0.29
0.27 0.49 0.34 0.12 0.82 0.30 0.72 0.92 0.84 0.67
0.85 0.51 0.92 0.00 0.13 0.92 0.75 0.66 0.42 0.24
0.46 0.49 0.38 1.00 0.26 0.15 0.73 0.69 0.47 0.09
