300 6
38 53 64 82 65 1
6 26 81 35 61 61
87 30 90 83 65 58
22 45 59 5 75 40
92 81 96 66 42 23
22 96 44 67 13 2
55 61 55 84 31 81
99 53 69 4 76 75
46 53 39 92 61 16
59 49 72 85 33 97
60 93 48 67 54 57
93 80 51 50 22 62
69 63 97 55 37 57
85 64 87 82 53 89
60 56 78 92 35 53
68 92 36 53 3 18
38 59 6 32 58 62
94 11 95 49 83 13
11 76 3 72 84 58
96 59 37 55 85 54
54 51 60 67 73 6
93 85 91 73 2 67
21 71 74 89 43 97
79 52 53 84 95 85
62 53 71 9 53 79
80 80 78 66 23 100
44 66 64 97 24 76
53 56 21 59 99 85
71 63 33 2 79 39
84 85 55 47 31 10
8 49 59 12 63 52
68 56 93 5 89 26
90 97 49 2 23 83
92 82 92 89 53 68
44 22 74 85 75 87
93 62 88 76 48 10
70 84 92 56 38 74
20 75 3 87 65 16
52 88 71 76 32 90
23 69 59 58 19 97
97 29 69 50 12 53
60 36 94 78 85 21
4 38 48 98 95 96
80 81 55 20 42 63
74 57 70 81 7 87
87 68 4 25 61 20
87 63 50 84 97 6
91 62 49 85 43 75
52 38 84 26 96 81
57 69 88 5 56 69
61 13 69 75 37 89
90 42 41 86 40 76
77 4 95 66 17 36
91 53 60 53 57 60
76 91 57 7 94 37
70 40 60 20 55 97
54 85 34 18 64 81
53 89 85 97 13 73
80 13 85 26 77 2
54 70 46 66 45 37
92 20 90 56 66 65
64 19 57 53 24 60
55 28 4 75 47 49
77 41 38 87 44 80
49 66 51 41 20 23
83 89 84 53 95 21
97 34 58 53 63 59
91 6 84 82 84 65
12 60 58 71 94 84
93 75 4 5 71 5
44 74 11 35 49 85
87 11 74 67 73 98
37 61 59 52 54 45
96 89 72 11 34 69
86 61 43 89 64 26
37 31 65 79 62 99
48 13 48 91 91 19
4 79 94 52 54 84
71 40 61 3 100 22
13 66 34 98 72 9
77 53 42 89 52 13
90 29 68 30 94 48
66 69 6 61 94 47
66 41 71 62 22 10
51 61 55 65 100 8
65 20 57 50 91 84
86 7 65 65 61 14
94 73 92 47 16 15
25 70 26 79 12 81
1 40 5 55 84 92
57 56 2 86 63 88
18 57 26 56 62 100
88 17 88 56 61 94
90 89 100 5 12 54
32 58 85 87 49 42
15 76 35 41 66 26
12 63 85 86 65 13
76 65 63 88 37 19
70 19 38 73 60 51
78 58 91 34 39 99
80 82 77 17 34 37
57 11 93 88 84 77
63 64 26 61 93 14
64 59 5 50 54 77
84 7 51 3 52 27
53 15 52 94 58 31
56 29 81 3 95 35
57 58 34 64 29 76
7 95 48 99 76 63
81 53 68 89 18 98
98 83 62 63 14 60
1 38 38 30 85 62
98 68 58 89 30 13
79 77 44 67 54 73
93 78 50 77 60 12
80 4 70 98 43 62
3 69 75 94 18 88
71 34 1 48 46 73
23 10 65 85 21 22
31 39 93 81 89 23
71 17 68 61 42 66
76 34 74 73 2 38
59 29 23 32 59 30
6 14 1 55 31 62
73 10 98 58 93 62
14 87 65 80 20 100
92 69 42 52 21 90
37 35 39 9 65 22
55 63 90 63 74 13
70 89 6 61 61 7
4 81 36 60 69 99
13 5 69 11 53 79
58 68 87 18 58 68
7 85 60 20 96 43
80 81 52 14 2 31
77 31 54 47 53 25
61 78 100 83 2 82
51 61 56 90 53 17
73 68 56 70 58 1
96 61 55 67 30 64
11 45 57 73 8 1
100 75 99 67 2 72
87 98 79 4 7 82
3 51 21 96 71 98
59 92 42 38 55 4
27 10 53 58 92 73
85 15 100 60 26 56
26 73 36 97 77 38
88 79 38 66 16 62
94 60 61 24 19 98
55 90 18 52 98 1
75 63 60 11 65 7
82 19 51 82 78 9
64 53 70 30 61 67
35 55 53 76 93 36
90 6 65 29 29 69
70 72 55 30 44 44
77 2 16 97 97 79
14 26 76 4 21 58
53 53 13 16 52 15
35 54 51 1 65 58
51 67 65 23 41 53
95 21 57 10 38 59
52 55 100 17 95 6
64 99 34 10 100 65
70 1 47 60 20 64
24 52 42 90 88 3
16 73 18 51 24 55
63 14 34 35 39 62
70 8 64 55 84 78
10 83 95 92 32 32
65 69 56 12 62 99
37 56 37 71 47 57
66 99 62 65 15 38
41 71 90 18 3 60
9 28 36 60 16 93
61 53 62 37 26 47
94 12 2 4 14 83
24 70 98 57 1 59
87 81 16 8 85 96
5 87 41 70 66 98
5 93 99 91 76 71
1 64 55 45 84 59
73 79 78 67 61 3
78 16 65 36 80 59
73 78 31 9 61 88
64 29 95 60 20 78
17 97 98 60 2 52
92 4 99 2 36 86
86 53 63 33 11 50
81 60 20 32 52 4
79 37 94 40 21 3
4 22 57 85 96 91
51 10 52 33 89 16
1 68 58 65 43 72
52 70 72 50 62 18
92 73 72 10 90 4
76 66 82 15 48 27
77 22 65 53 2 66
4 60 82 4 67 24
94 33 75 83 54 13
93 91 23 30 43 84
61 77 34 84 85 3
87 51 53 52 18 93
63 76 48 5 91 79
39 91 74 65 35 41
6 57 39 54 72 85
94 40 43 81 28 6
97 63 58 47 20 10
28 71 40 52 99 56
63 59 96 64 73 9
2 78 33 61 60 94
66 4 92 52 28 54
5 93 91 98 66 63
16 77 92 70 60 19
56 32 60 77 47 26
91 82 3 20 8 67
60 1 37 78 3 93
10 30 96 79 12 94
58 35 72 69 24 79
38 61 85 3 22 6
55 49 45 72 95 3
14 87 28 54 7 92
7 44 95 99 75 8
46 66 53 76 59 3
17 37 27 66 13 100
63 81 56 25 31 34
2 56 56 77 66 58
99 6 2 72 83 98
67 85 83 66 12 98
37 39 19 91 59 21
52 31 15 79 53 28
10 57 78 70 83 31
16 22 10 78 57 42
10 89 56 57 7 51
31 61 93 89 3 34
77 80 84 43 4 25
3 91 70 84 100 19
71 80 72 92 6 74
44 92 62 31 51 12
48 2 62 45 83 93
62 9 91 59 52 77
93 8 41 88 46 1
74 58 69 72 22 56
11 36 42 73 57 56
84 84 42 32 31 27
94 58 3 52 83 41
47 81 75 24 60 61
56 3 51 54 19 96
82 36 40 62 54 18
59 65 29 59 11 87
40 98 93 56 10 68
99 10 8 85 62 1
24 54 24 65 56 51
23 69 7 72 57 10
3 11 78 57 34 74
11 60 79 57 25 76
68 13 54 93 28 75
95 4 88 77 16 55
78 55 88 71 13 51
6 72 72 21 91 26
52 39 38 1 26 97
89 36 26 13 3 52
31 64 87 37 19 51
80 2 33 87 93 92
84 4 64 69 76 28
60 67 94 71 17 59
61 72 84 53 73 7
17 98 23 32 78 72
18 4 58 69 95 81
23 16 14 99 73 51
38 45 56 23 61 3
92 77 35 75 18 41
3 92 91 63 63 7
95 4 60 91 2 7
91 33 7 56 71 53
80 58 5 12 74 87
58 8 67 84 62 80
82 2 68 35 76 66
88 11 99 64 14 64
2 84 67 88 53 56
93 3 51 51 72 35
43 51 1 35 26 82
52 14 65 62 30 87
5 39 60 9 12 18
13 2 20 99 68 23
3 72 74 27 94 53
75 12 35 69 79 79
72 88 65 7 62 56
77 2 9 86 96 85
60 38 67 82 12 14
10 5 38 51 68 76
14 34 21 54 21 53
24 74 82 61 56 9
52 64 10 33 5 63
65 17 93 90 10 73
1 75 82 51 51 64
78 92 57 20 37 95
21 63 6 45 39 74
83 55 13 6 44 73
