300 6
49 54 7 29 47 53
19 72 57 51 86 52
57 66 33 93 38 58
85 2 67 13 52 38
94 15 86 49 99 31
51 65 75 66 57 6
33 93 55 66 36 44
92 51 57 21 70 15
52 35 82 94 32 80
92 80 20 37 77 1
62 66 13 87 71 36
24 78 81 11 50 19
55 5 75 76 69 93
77 49 99 96 88 56
61 13 89 54 91 33
1 14 98 72 52 64
82 26 77 92 57 54
26 62 70 22 47 88
66 43 19 70 68 66
56 95 73 97 24 50
57 21 85 36 12 90
58 19 7 68 10 12
98 8 58 64 54 62
88 67 52 55 76 22
52 96 70 10 76 65
2 4 67 41 86 82
70 28 65 2 65 16
29 99 4 82 48 96
30 92 53 52 20 79
84 52 64 50 99 61
84 26 12 60 36 76
61 20 68 38 48 22
5 96 53 37 76 63
10 75 60 88 51 86
29 66 56 92 55 34
55 74 93 72 8 78
53 50 93 69 31 66
3 76 79 30 74 17
83 23 64 81 56 7
10 66 49 76 66 51
68 86 59 2 98 53
88 20 69 62 15 59
51 90 71 73 16 55
72 93 96 59 83 14
47 47 60 32 52 20
4 95 73 73 63 27
74 12 87 82 96 2
87 2 66 49 50 80
93 53 65 46 42 84
49 3 69 52 87 61
72 42 80 26 45 15
42 72 51 66 76 90
6 84 55 4 4 84
75 53 17 10 56 61
84 95 95 69 2 31
95 70 70 78 79 9
90 53 21 59 51 63
74 18 77 73 21 59
57 62 100 53 35 19
16 61 51 68 16 46
64 75 71 28 2 4
27 52 98 31 91 72
27 66 77 60 70 21
40 19 57 53 96 41
25 24 92 34 75 75
60 55 73 17 89 94
59 70 83 17 69 68
66 53 97 47 79 5
78 10 67 59 79 72
97 20 82 51 61 17
7 3 49 4 77 26
81 98 57 17 69 55
62 75 16 29 39 70
74 81 1 76 32 74
45 50 77 78 38 66
63 74 1 51 56 81
43 54 65 68 69 80
41 21 83 92 25 65
59 62 58 16 60 42
34 77 54 77 75 11
99 12 16 91 27 98
34 76 68 85 61 38
50 79 70 92 46 44
91 8 71 53 41 77
70 15 73 86 57 50
81 8 73 96 71 71
97 2 100 74 11 97
17 84 40 62 38 11
16 97 44 85 72 85
60 90 8 51 68 4
72 88 50 66 5 79
37 71 19 66 68 55
52 63 4 54 59 28
100 66 75 9 57 95
55 26 69 41 63 12
36 57 72 70 38 71
63 8 99 95 41 82
80 86 83 12 34 47
7 52 79 95 72 49
13 93 65 18 76 61
2 69 4 55 21 59
10 84 93 28 94 1
73 71 75 39 31 54
49 51 5 99 42 74
39 30 92 70 64 59
93 38 75 61 36 53
3 92 46 53 52 77
57 86 81 91 11 26
38 81 2 25 38 100
8 6 6 59 37 55
36 51 27 2 53 90
30 90 16 70 1 66
35 14 42 68 62 23
40 60 70 30 44 40
60 17 89 67 35 91
16 57 55 10 87 2
30 6 81 32 42 64
61 95 16 68 1 68
41 81 40 29 67 76
85 12 65 98 62 19
79 38 94 72 9 82
51 3 31 42 93 79
63 31 90 66 26 57
65 38 100 22 73 78
84 58 8 30 32 4
95 26 24 50 26 37
6 72 94 21 33 58
14 5 5 5 34 79
59 16 99 27 29 96
87 52 83 69 77 6
90 56 57 96 90 6
99 69 83 60 10 61
22 77 1 58 91 80
64 97 57 62 10 57
73 71 55 69 3 100
73 52 89 26 48 12
7 12 95 56 29 49
77 56 74 9 30 51
88 12 67 26 83 12
8 1 79 70 74 65
22 59 53 57 67 31
40 60 78 58 70 11
71 81 66 51 34 75
65 44 38 98 5 71
56 54 81 53 26 9
70 75 9 3 14 46
60 38 73 38 18 82
58 79 63 3 52 98
87 26 70 60 79 2
56 56 55 73 19 100
75 23 9 90 57 3
1 56 51 49 98 55
60 51 29 8 34 53
60 2 14 69 82 6
55 97 39 79 55 52
66 70 62 67 29 53
37 28 30 91 25 94
12 87 17 86 60 40
65 16 17 30 46 73
73 73 9 75 4 72
92 9 83 71 75 28
7 85 73 82 2 69
11 84 90 77 59 20
71 71 97 5 53 57
83 32 29 60 14 49
96 34 78 38 7 93
71 57 78 31 27 93
20 62 98 52 75 41
5 32 3 95 87 79
28 83 63 4 12 91
8 15 88 75 16 65
76 1 48 41 56 90
73 59 35 1 77 66
54 100 55 21 77 21
64 11 65 53 32 35
58 85 40 21 81 69
81 66 84 74 7 1
14 48 50 77 58 51
24 97 25 49 55 72
49 43 12 86 95 54
51 59 9 80 9 33
79 46 40 98 30 6
72 58 95 52 25 67
15 31 76 12 46 23
70 82 45 14 8 24
86 39 49 43 56 3
25 91 53 56 68 22
1 21 5 86 73 14
79 74 75 55 4 58
35 90 52 18 69 54
7 91 2 93 75 72
25 12 20 92 13 95
96 23 53 42 31 36
14 86 6 54 39 55
75 5 58 58 41 62
28 52 43 54 2 72
63 59 99 61 52 4
86 50 25 9 89 60
3 85 82 67 5 92
74 3 84 88 65 5
94 82 56 88 5 49
79 84 89 74 83 1
42 64 75 74 56 22
97 1 53 13 39 87
18 58 27 54 61 56
65 65 73 61 6 56
67 78 14 74 9 38
87 89 59 100 6 36
87 63 63 90 8 55
47 82 20 93 15 91
83 84 24 1 71 13
14 76 57 8 75 10
26 65 4 69 39 62
59 78 73 63 28 50
62 88 92 3 70 80
87 80 51 2 67 89
67 67 82 35 26 92
72 3 36 53 42 49
86 19 44 62 23 56
82 41 86 55 11 88
6 30 59 76 80 100
3 68 34 77 58 44
80 56 62 10 6 58
41 10 66 5 15 49
65 80 59 14 5 9
59 16 53 82 1 23
40 82 19 22 16 74
45 6 48 68 99 52
75 54 1 29 11 9
54 85 27 93 12 13
27 13 53 56 92 11
59 14 86 65 52 29
12 34 1 73 92 79
58 33 18 56 37 44
26 31 98 61 26 30
72 67 99 57 8 53
2 74 76 54 21 89
69 52 13 16 23 97
6 12 9 92 63 2
51 61 13 1 71 31
71 8 18 38 47 56
62 2 63 19 63 53
58 67 28 57 20 99
3 15 52 37 60 15
57 58 33 87 66 51
21 67 26 67 99 5
73 51 37 67 96 11
32 67 58 76 3 66
41 22 61 74 12 12
4 7 59 72 56 37
57 29 70 1 19 67
7 54 24 27 23 54
89 60 32 75 8 23
4 28 44 53 69 48
99 24 97 13 58 7
54 1 82 89 12 15
37 79 55 46 35 50
25 83 29 70 71 30
53 64 58 65 59 21
11 80 91 20 9 64
85 38 5 82 51 73
78 25 41 56 13 92
52 61 49 32 6 6
14 5 94 33 26 77
7 49 86 92 55 78
12 51 53 33 25 93
65 17 10 41 4 86
54 64 4 71 24 56
18 64 18 13 69 66
95 5 41 95 31 99
66 79 25 56 75 25
77 2 21 10 47 71
36 77 82 6 34 69
3 59 61 20 76 15
69 81 80 16 34 5
54 69 39 78 87 3
35 37 58 5 15 72
55 99 30 32 47 16
65 14 53 87 65 2
67 62 4 10 78 18
16 36 26 85 2 68
7 93 70 19 86 21
72 45 57 57 58 31
69 66 68 23 29 25
41 1 55 82 95 74
15 56 84 3 55 91
24 72 59 71 51 2
69 96 3 91 52 38
63 100 67 60 2 63
14 29 51 50 70 4
35 8 68 9 4 66
9 18 32 90 11 76
1 82 17 52 98 19
29 5 76 20 11 54
54 64 36 78 85 15
20 85 74 76 5 46
87 72 14 72 9 45
33 87 10 54 73 5
39 84 37 72 24 3
6 60 1 55 57 100
