300 6
0.49 0.90 0.41 0.00 0.41 0.23
0.92 0.85 1.00 0.12 0.59 0.68
0.87 0.79 0.84 0.57 0.52 0.13
0.36 0.84 0.50 0.33 0.75 0.58
0.27 0.67 0.63 0.68 0.98 0.56
0.10 0.64 0.57 0.01 0.15 0.99
0.77 0.86 0.89 0.07 0.69 0.80
0.48 0.30 0.95 0.46 0.19 0.24
0.84 0.23 0.67 0.55 0.63 0.63
0.69 0.42 0.91 0.46 0.11 0.92
0.87 0.01 0.14 0.49 0.69 0.92
0.21 0.82 0.70 1.00 0.61 0.55
0.14 0.35 0.84 1.00 0.68 0.78
0.91 0.02 0.30 0.06 0.85 0.72
0.23 0.31 0.50 0.67 0.78 0.65
0.72 0.80 0.31 0.57 0.62 0.64
0.50 0.06 0.31 0.57 0.32 0.87
0.78 0.85 0.88 0.76 0.89 0.31
0.37 0.14 0.94 0.44 0.76 0.57
0.15 0.89 0.88 0.76 0.66 0.68
0.79 0.56 0.09 0.26 0.13 0.74
0.57 0.76 0.82 0.64 0.75 0.75
0.31 0.79 0.89 0.92 0.18 0.86
0.40 0.64 0.83 0.97 0.97 0.54
0.59 0.74 0.85 0.66 0.84 0.60
0.76 0.83 0.67 0.04 0.23 0.69
0.36 0.72 0.77 0.86 0.69 0.68
0.78 0.50 0.20 0.52 0.75 0.65
0.51 0.12 1.00 0.15 0.04 0.95
0.74 0.37 0.46 0.59 0.05 0.21
0.51 0.60 0.76 0.83 0.55 0.17
0.07 0.71 0.65 0.36 0.80 0.70
0.08 0.41 0.61 0.97 0.97 0.61
0.40 0.24 0.59 0.30 0.17 0.93
0.68 0.38 0.05 0.65 0.85 0.71
0.70 0.59 0.25 0.81 0.12 0.74
0.62 0.90 0.23 0.15 0.71 0.44
0.52 0.86 0.70 0.54 0.90 0.38
0.46 0.18 0.60 0.29 0.64 0.21
0.72 0.02 0.70 1.00 0.82 0.86
0.89 0.68 0.38 0.86 0.68 0.56
0.71 0.20 0.29 0.64 0.07 0.95
0.81 0.29 0.85 0.63 0.57 0.74
0.56 0.78 0.55 0.65 0.11 1.00
0.99 0.98 0.85 0.20 0.01 0.74
0.65 0.22 0.98 0.97 0.22 0.79
0.83 0.28 0.22 0.99 0.94 0.62
0.38 0.35 0.43 0.93 0.74 0.77
0.60 0.60 0.64 0.44 0.53 0.19
0.89 0.56 0.89 0.18 0.96 0.81
0.68 0.19 0.84 0.05 0.67 0.26
0.81 0.25 0.25 0.68 0.58 0.89
0.90 0.57 0.93 0.30 0.51 0.61
0.64 0.96 0.51 0.71 0.28 0.54
0.61 0.56 0.89 0.39 0.49 0.52
0.32 0.10 0.85 0.34 0.43 0.48
0.71 0.10 0.01 0.60 0.84 0.86
0.47 0.70 0.93 0.08 0.30 0.92
0.70 0.85 0.42 0.49 0.76 0.80
0.87 0.63 0.18 0.35 0.96 0.16
0.71 0.71 0.04 0.60 0.43 0.52
0.42 0.58 0.89 0.43 0.54 0.40
0.35 0.83 0.82 0.90 0.62 0.42
0.78 0.15 0.70 0.55 0.64 0.04
0.07 0.75 0.30 0.79 0.95 0.63
0.24 0.89 0.72 0.58 0.90 0.67
0.63 0.62 0.20 0.45 0.88 0.43
0.71 0.66 0.43 0.67 0.54 0.04
0.20 0.77 0.97 0.69 0.93 0.49
0.16 0.74 0.62 0.30 0.51 0.28
0.35 1.00 0.17 0.68 0.24 0.65
0.36 0.99 0.30 0.42 0.33 0.97
0.38 0.01 0.01 0.97 0.93 0.62
0.53 0.96 0.62 0.29 0.70 0.08
0.29 0.92 0.93 0.21 0.16 0.98
0.56 0.63 0.09 0.59 0.09 0.72
0.66 0.70 0.36 0.47 0.02 0.52
0.76 0.55 0.29 0.53 0.82 0.55
0.26 0.67 0.57 0.47 0.72 0.64
0.40 0.74 0.93 0.77 0.26 0.29
0.77 0.89 0.01 0.71 0.57 0.73
0.96 0.77 0.62 0.02 0.21 0.91
0.99 0.94 0.18 0.97 0.52 0.08
0.64 0.13 0.13 0.95 0.54 0.80
0.80 0.17 0.89 0.51 0.96 0.18
0.55 0.52 0.88 0.42 0.02 0.30
0.10 0.75 0.73 0.67 0.77 0.78
0.65 0.17 0.63 0.66 0.09 0.65
0.18 0.36 0.99 0.92 0.93 0.50
0.02 0.91 0.85 1.00 0.27 0.89
0.66 0.90 0.35 0.68 0.96 0.20
0.10 0.80 0.82 0.85 0.58 0.78
0.60 0.77 0.45 0.33 0.62 0.91
0.29 0.54 0.83 0.99 0.52 0.85
0.34 0.63 0.89 0.62 1.00 0.04
0.76 0.57 0.99 0.38 0.12 0.91
0.71 0.87 0.80 0.23 0.64 0.77
0.15 0.65 0.78 0.66 0.99 0.06
0.60 0.75 0.63 0.91 0.01 0.78
0.34 0.26 0.15 0.86 0.73 0.73
0.31 0.66 0.71 0.97 0.61 0.17
0.64 0.98 0.81 0.31 0.22 0.54
0.40 0.75 0.90 0.90 0.60 0.20
0.42 0.96 0.96 0.23 0.84 0.24
0.23 0.59 0.64 0.37 0.98 0.97
0.63 0.17 0.47 0.15 0.18 0.59
0.98 0.23 0.51 0.87 0.17 0.34
0.27 0.51 0.61 0.65 0.99 0.88
0.02 1.00 0.63 1.00 0.47 0.14
0.25 0.72 0.93 0.73 0.07 0.76
0.53 0.84 0.65 0.49 0.86 0.08
0.04 0.70 0.59 0.97 0.58 0.74
0.72 0.68 0.13 0.85 0.72 0.62
0.59 0.98 0.13 0.79 0.19 0.33
0.75 0.15 0.66 0.78 0.87 0.36
0.25 0.62 0.83 0.99 0.02 0.55
0.51 0.30 0.92 0.06 0.75 0.64
0.62 0.55 0.06 0.93 0.80 0.79
0.28 0.06 0.69 0.40 0.93 0.88
0.09 0.65 0.20 0.97 0.99 0.57
0.64 0.60 0.55 0.97 0.71 0.34
0.73 0.34 0.06 0.96 0.53 0.19
0.69 0.74 0.55 0.02 0.85 0.14
0.17 0.77 0.55 0.96 0.88 0.75
0.43 0.74 0.75 0.01 0.64 0.66
0.87 0.64 0.20 0.32 0.87 0.08
0.71 0.77 0.56 0.12 0.73 0.80
0.62 0.54 0.47 0.60 0.57 0.56
0.01 0.74 0.73 0.82 0.73 1.00
0.55 0.99 0.10 0.67 0.22 0.56
0.52 0.05 0.91 0.01 1.00 0.05
0.88 0.68 0.77 0.35 0.39 0.33
0.75 0.41 0.19 0.25 0.01 0.51
0.19 0.89 0.68 1.00 0.58 0.26
0.86 0.72 0.36 0.56 0.83 0.49
0.77 0.79 0.85 0.06 0.34 0.65
0.64 0.84 0.76 0.74 0.56 0.05
0.10 0.22 0.10 0.91 0.39 0.90
0.48 0.64 0.64 0.32 0.51 0.92
0.66 0.14 0.91 0.18 0.07 0.76
0.14 0.19 0.84 0.72 0.61 0.68
0.86 0.10 0.95 0.50 0.25 0.97
0.01 0.12 0.76 0.33 0.65 0.53
0.29 0.54 0.14 0.12 0.83 0.94
0.50 0.17 0.62 0.79 0.53 0.53
0.95 0.53 0.18 0.83 0.53 0.61
0.46 0.81 0.30 0.69 0.98 0.62
0.60 0.27 0.93 0.72 0.80 0.05
0.73 0.61 0.91 0.51 0.31 0.14
0.26 0.94 0.97 0.67 0.19 0.79
0.54 0.58 0.77 0.70 0.48 0.81
0.38 0.54 0.85 0.84 0.02 0.93
0.40 0.56 0.64 0.90 0.11 0.88
0.10 0.87 1.00 0.97 0.30 0.77
0.14 0.57 0.68 0.78 0.68 0.27
0.78 0.55 0.58 0.06 0.97 0.71
0.14 0.89 0.78 0.17 0.69 0.72
0.97 0.67 0.08 0.59 0.30 0.90
0.52 0.17 0.73 0.62 0.89 0.53
0.70 0.97 0.06 0.99 0.78 0.12
0.09 0.88 0.35 0.78 0.88 0.36
0.96 0.65 0.46 0.85 0.62 0.13
0.67 0.26 0.72 0.54 0.47 0.16
0.60 0.99 0.08 0.90 0.09 0.88
0.41 0.37 0.71 0.09 0.85 0.60
0.01 0.56 0.41 0.71 0.64 0.12
0.12 0.73 0.73 0.27 0.66 0.83
0.74 0.90 0.53 0.45 0.09 0.73
0.61 0.95 0.31 0.31 0.70 0.69
0.71 0.03 0.71 0.65 0.25 0.32
0.04 0.76 0.52 0.69 0.70 0.49
0.67 0.22 0.52 0.90 0.68 0.58
0.03 0.68 0.95 0.95 0.07 0.72
0.52 0.99 0.61 0.90 0.55 0.14
0.83 0.19 0.60 0.61 0.27 0.04
0.81 0.53 0.07 0.87 0.21 0.16
0.01 0.82 0.75 0.29 0.72 0.15
0.35 0.62 0.93 0.98 0.20 0.65
0.27 0.32 0.88 0.57 0.93 0.05
0.32 0.25 0.26 0.58 0.92 0.94
0.07 0.98 0.93 0.90 0.20 0.76
0.40 0.30 0.61 0.03 0.13 0.76
1.00 0.40 0.51 0.39 0.89 0.53
0.51 0.83 0.03 0.67 0.85 0.70
0.57 0.68 0.58 0.78 0.29 0.02
0.09 0.11 0.51 0.52 0.10 0.82
0.67 0.28 0.16 0.98 0.88 0.19
0.09 0.52 0.59 0.13 0.08 0.15
0.65 0.98 0.04 0.63 0.84 0.71
0.76 0.24 0.79 0.94 0.76 0.12
0.95 0.19 0.57 0.86 0.69 0.44
0.67 0.57 0.15 0.88 0.80 0.50
0.61 0.11 0.34 0.94 0.26 0.07
0.48 0.61 0.01 0.77 0.86 0.62
0.85 0.05 0.83 0.64 0.88 0.64
0.44 0.97 0.12 0.53 0.86 0.23
0.93 0.28 0.15 0.91 0.99 0.57
0.32 0.33 0.86 0.78 0.05 0.60
0.62 0.90 0.20 0.84 0.13 0.59
0.52 0.77 0.07 0.95 0.02 0.07
0.84 0.26 0.67 0.12 0.40 0.90
0.64 0.86 0.28 0.12 0.57 0.70
0.23 0.58 0.34 0.72 0.73 0.86
0.52 0.10 0.62 0.58 0.18 0.87
0.76 0.56 0.25 0.24 0.06 0.02
0.12 0.70 0.91 0.50 0.80 0.05
0.69 0.01 0.77 0.59 0.70 0.32
0.30 0.08 0.66 0.73 0.38 0.91
0.25 0.25 0.77 0.75 0.87 0.27
0.13 0.16 0.26 0.86 0.63 0.78
0.33 0.70 0.43 0.96 0.48 0.14
0.57 0.38 0.73 0.67 0.35 0.54
0.45 0.29 0.92 0.24 0.92 0.63
0.74 0.68 0.45 0.56 0.48 0.96
0.53 0.74 0.22 0.52 0.84 0.58
0.06 0.67 0.36 0.61 0.75 0.42
0.55 0.46 0.63 0.28 0.91 0.09
0.59 0.49 0.52 0.16 0.09 0.34
0.59 0.05 0.30 0.90 0.88 0.93
0.59 0.60 0.81 1.00 0.92 0.03
0.54 0.97 0.01 0.95 0.55 0.98
0.19 0.61 0.57 0.44 0.98 0.98
0.88 0.10 0.35 0.82 0.94 0.72
0.49 0.93 0.29 0.34 0.94 0.26
0.50 0.82 0.35 0.34 0.90 0.86
0.42 0.67 0.18 0.08 0.91 0.96
0.72 0.66 0.14 0.02 0.97 0.66
0.52 0.17 0.53 0.01 0.42 0.65
0.19 0.68 0.51 0.92 0.26 0.75
0.30 0.73 0.15 0.61 0.78 0.52
0.68 0.77 0.34 0.34 0.92 0.25
0.56 0.94 0.57 0.58 0.10 0.05
0.55 0.33 0.90 0.20 0.98 0.46
0.09 0.48 0.14 0.21 0.89 0.84
0.01 0.47 0.74 0.97 0.93 0.83
0.40 0.07 0.77 0.86 0.29 0.02
0.56 0.86 0.44 0.70 0.50 0.27
0.22 0.36 0.45 1.00 0.99 0.44
0.53 0.85 0.51 0.60 0.73 0.55
0.29 0.60 0.37 0.10 0.87 0.52
0.96 0.04 0.92 0.51 0.63 0.58
0.35 0.12 0.53 0.41 0.96 0.57
0.28 0.09 0.97 0.96 0.80 0.70
0.74 0.79 0.44 0.52 0.52 0.19
0.07 0.97 0.98 0.08 0.84 0.67
0.72 0.62 0.30 0.67 0.54 0.94
0.85 0.94 0.61 0.41 0.03 0.16
0.15 0.60 0.29 0.65 0.59 0.88
0.37 0.55 0.06 0.91 0.82 0.96
0.26 0.71 0.51 0.88 0.20 0.20
0.64 0.84 0.20 0.82 0.77 0.12
0.97 0.95 0.86 0.12 0.83 0.03
0.43 0.79 0.10 0.77 0.88 0.77
0.70 0.25 0.83 0.73 0.01 0.24
0.58 0.83 0.47 0.03 0.58 0.57
0.58 0.24 0.14 0.65 0.14 0.77
0.70 0.88 0.61 0.10 0.09 0.91
0.96 0.91 0.09 0.18 0.39 0.41
0.53 0.91 0.88 0.23 0.03 0.48
0.51 0.68 0.75 0.65 0.01 0.57
0.49 0.01 0.63 0.03 0.84 0.77
0.53 0.16 0.36 0.66 0.28 0.52
0.81 0.57 0.05 0.05 0.60 0.12
0.73 0.73 0.23 0.09 0.81 0.66
0.31 0.14 0.28 0.80 0.91 0.74
0.12 0.41 0.20 0.75 0.98 0.40
0.63 0.42 0.35 0.75 0.74 0.53
0.65 0.59 0.28 0.84 0.81 0.73
0.89 0.57 0.62 0.09 0.12 0.05
0.28 0.43 0.56 0.69 0.13 0.73
0.15 0.14 0.70 0.85 0.67 0.73
0.60 0.50 0.07 0.90 0.66 0.35
0.61 0.56 0.52 0.03 0.55 0.70
0.71 0.09 0.08 0.34 0.34 0.84
0.28 0.91 0.17 0.59 0.89 0.41
0.77 0.10 0.14 0.68 0.55 0.14
0.61 0.79 0.34 0.88 0.52 0.41
0.08 0.68 0.70 0.86 0.59 0.63
0.24 0.83 0.36 0.81 0.40 0.73
0.61 0.01 0.81 0.90 0.65 0.66
0.69 0.55 0.47 0.30 0.73 0.55
0.49 0.15 0.44 0.75 0.77 0.05
0.03 0.03 0.42 0.81 0.31 0.91
0.54 0.88 0.11 0.72 0.84 0.86
0.99 0.51 0.03 0.69 0.56 0.13
0.07 0.58 0.58 0.56 0.59 0.59
0.84 0.21 0.24 0.12 1.00 0.30
0.62 0.96 0.10 0.09 0.31 0.79
0.75 0.87 0.56 0.53 0.43 0.03
0.55 0.62 0.15 0.52 0.85 0.17
0.08 0.61 0.20 0.92 0.11 0.13
0.85 0.25 0.61 0.69 0.02 0.74
0.69 0.79 0.28 0.29 0.17 0.22
0.73 0.71 0.34 0.77 0.41 0.30
0.63 0.76 0.88 0.57 0.82 0.11
0.53 0.56 0.47 0.88 0.26 0.50
0.75 0.54 0.79 0.03 0.62 0.05
0.65 0.80 0.11 0.15 0.83 0.66
1.00 0.22 0.01 0.94 0.88 0.75
0.06 0.34 0.61 0.90 0.94 0.71
