300 6
67 88 91 0 8 16
53 62 79 74 71 28
72 76 29 90 87 48
80 58 91 59 56 84
88 69 63 7 5 14
88 37 22 75 96 17
25 37 91 80 25 73
2 62 55 92 15 15
86 68 10 80 73 79
74 88 63 69 9 25
86 90 86 31 70 56
71 88 66 61 56 87
68 14 3 49 72 54
23 85 68 73 76 64
48 90 68 85 59 62
30 73 13 73 81 73
12 36 87 34 61 95
69 51 89 42 99 81
6 50 61 5 91 90
56 43 83 8 1 23
41 57 4 34 99 8
78 90 82 10 57 24
62 41 76 64 12 85
83 8 98 61 9 95
91 76 12 28 68 61
53 57 15 99 52 91
85 6 81 76 76 43
94 62 48 66 49 47
73 65 64 79 23 51
15 31 27 72 86 87
21 47 15 62 12 51
35 52 74 56 67 56
79 99 53 11 64 69
55 43 84 46 89 59
57 19 57 47 7 33
4 55 59 60 8 76
33 18 62 95 61 81
36 29 73 98 60 74
27 11 5 70 63 99
18 100 20 87 66 24
59 13 81 51 97 58
64 68 98 5 74 97
99 5 1 81 99 89
80 96 32 80 93 8
83 16 97 10 97 61
66 73 54 55 56 77
92 24 35 96 73 38
59 66 11 66 74 44
53 69 71 71 80 23
75 56 14 62 14 75
73 73 53 65 96 12
99 55 39 1 85 89
67 91 18 73 59 43
45 54 73 55 68 26
50 62 79 8 92 88
100 72 100 6 9 81
98 94 51 81 61 7
23 58 100 4 69 85
49 88 87 13 95 61
40 59 59 57 8 69
9 62 74 89 25 67
80 42 83 71 73 8
2 82 73 34 87 56
70 60 66 70 49 6
37 71 32 82 50 14
55 8 75 43 86 67
56 85 52 56 88 75
54 17 93 7 76 43
62 4 59 86 80 16
7 37 78 59 38 40
97 92 83 3 82 45
76 37 42 47 55 63
63 52 53 85 61 37
53 10 37 100 61 10
38 91 57 42 100 81
85 29 55 52 90 15
18 68 95 28 63 57
42 61 88 7 56 73
78 10 7 90 87 92
67 20 41 84 100 70
99 72 58 21 19 78
9 26 87 31 77 94
56 80 71 55 76 80
95 86 1 89 55 76
53 83 84 28 28 73
78 54 100 83 79 13
16 36 60 82 68 73
24 47 71 97 38 12
77 8 90 71 82 90
28 6 85 92 30 11
83 67 17 48 78 20
94 57 88 83 45 13
94 40 88 61 58 1
72 66 55 89 8 48
86 51 3 56 18 83
55 60 70 69 7 45
76 61 52 42 97 71
13 94 21 95 47 45
97 77 86 1 81 86
73 61 74 7 63 32
54 87 65 58 82 6
6 63 33 70 43 72
72 23 56 95 18 76
4 20 73 80 75 95
42 51 77 95 78 6
65 70 81 9 100 23
71 73 90 51 94 22
10 35 59 51 59 94
92 82 37 10 57 51
69 75 72 19 6 93
36 79 71 30 72 24
74 56 79 37 84 88
4 45 79 55 65 51
56 2 81 22 51 42
19 76 87 44 94 26
39 58 74 58 6 86
8 97 56 60 5 21
43 72 71 55 57 64
85 66 15 22 89 60
41 37 54 92 91 2
43 10 47 37 72 79
11 93 50 64 53 11
53 69 71 50 61 7
18 68 61 78 57 21
59 100 55 52 4 67
43 88 96 42 11 93
4 60 97 45 71 80
53 22 33 57 72 72
57 97 81 60 13 6
4 65 11 26 92 35
90 70 50 53 1 58
17 43 91 23 2 74
80 10 92 46 31 90
40 2 38 92 51 39
69 85 59 15 72 42
4 4 57 61 37 54
40 51 96 53 33 16
79 72 20 5 50 23
55 93 30 11 85 56
61 16 56 36 43 73
21 53 64 49 31 82
81 100 22 17 85 13
87 59 29 44 74 51
62 53 71 54 67 5
3 84 62 80 86 60
57 25 31 76 35 3
82 29 26 16 98 100
90 67 63 39 89 49
83 1 61 79 55 58
8 65 2 86 32 22
64 24 54 88 59 91
63 27 8 2 99 84
35 89 98 37 15 18
56 66 37 58 73 7
58 4 40 85 88 14
27 98 31 10 80 81
100 28 45 29 100 76
27 74 80 54 56 81
32 26 41 28 92 91
95 64 62 55 7 25
1 89 31 77 17 92
93 52 95 18 32 2
47 19 71 51 47 38
55 100 11 7 51 79
85 39 76 66 5 98
86 7 74 73 69 12
77 61 41 100 2 97
54 5 52 63 87 51
77 86 43 11 90 77
77 90 11 38 54 62
98 81 42 91 11 71
61 54 12 51 73 8
7 4 29 52 77 77
72 75 59 33 16 81
88 1 63 88 41 5
8 81 90 78 26 14
93 70 52 5 59 95
61 74 6 76 10 78
58 67 76 74 64 23
57 86 53 60 53 19
57 53 77 7 73 66
74 73 7 80 50 69
4 33 89 20 90 70
22 90 67 29 50 65
64 82 91 28 51 13
50 62 84 89 53 20
74 83 3 81 4 53
60 64 76 3 95 37
75 56 58 36 23 55
99 26 10 32 33 91
2 16 65 2 79 59
61 65 89 3 95 16
50 52 78 41 41 70
97 12 78 21 94 81
70 16 35 78 71 61
40 69 65 31 69 61
85 89 54 56 67 7
22 38 82 56 54 51
59 33 31 87 16 53
77 82 30 6 85 86
13 100 68 12 91 57
80 94 2 71 97 21
45 58 87 17 13 94
27 79 4 52 84 72
11 23 58 57 26 52
59 78 31 24 95 7
92 65 77 10 73 2
97 60 37 24 97 45
2 42 79 88 1 98
75 4 64 15 92 28
22 8 39 64 83 44
25 61 52 36 63 73
83 10 78 84 56 53
70 91 69 4 13 97
45 84 43 82 51 8
56 29 1 43 98 90
74 27 85 18 84 52
88 19 70 83 70 14
3 71 74 24 60 57
92 57 53 68 5 52
24 62 34 33 100 51
82 27 90 9 18 51
97 22 17 40 79 92
31 97 81 35 62 25
26 91 96 66 48 24
100 28 10 35 58 52
74 27 64 12 54 92
52 40 72 57 21 76
68 97 74 100 1 99
33 2 48 79 99 89
7 97 70 10 77 94
77 11 18 39 96 39
36 97 75 17 61 51
11 90 77 60 61 24
94 62 74 13 63 11
18 62 33 97 56 84
36 62 8 1 9 86
85 36 75 2 84 51
6 45 97 72 4 97
50 1 98 62 6 51
29 37 52 58 52 38
14 83 6 10 21 93
70 54 22 26 88 98
22 68 1 27 26 22
77 77 73 81 17 24
55 100 70 1 67 55
68 59 48 97 8 64
22 61 57 48 65 5
56 29 13 75 81 31
82 11 69 83 62 50
80 57 83 70 41 2
51 57 61 38 58 76
96 71 52 17 63 84
73 12 57 47 6 78
8 79 83 59 28 61
65 11 48 45 78 57
60 38 7 79 38 65
36 56 72 84 51 37
13 71 34 99 21 61
89 97 32 18 5 90
78 62 2 91 75 86
50 4 52 58 46 66
12 89 87 72 64 14
8 51 47 99 94 76
84 65 62 26 48 61
54 31 64 90 12 61
30 75 49 9 57 54
19 100 1 45 83 94
86 93 25 83 96 4
94 57 37 14 68 38
43 58 10 51 51 88
17 14 73 45 85 79
8 96 35 48 46 16
1 25 43 90 68 36
60 87 95 62 53 10
64 86 7 87 67 19
13 57 37 13 93 74
7 6 83 52 63 8
4 99 79 45 55 79
85 21 24 82 16 78
3 54 2 53 88 52
100 87 17 52 80 3
99 1 93 24 80 92
16 88 43 51 66 17
57 89 53 7 38 66
82 54 13 93 1 67
48 40 83 71 53 37
49 56 33 45 31 59
44 50 73 56 51 8
9 95 66 10 90 37
61 87 5 3 62 70
14 60 66 68 7 19
26 25 18 60 94 97
41 68 32 17 55 51
77 62 5 66 89 37
38 55 98 25 86 54
13 39 87 74 37 28
78 15 80 60 71 38
93 84 41 56 4 53
49 41 57 87 77 27
