300 6
0.44 0.99 0.47 0.06 0.61 0.59
0.75 0.74 0.77 0.61 0.62 0.07
0.69 0.70 0.94 0.58 0.73 0.53
0.39 0.59 0.84 0.50 0.65 0.41
0.52 0.95 0.03 0.02 0.79 0.67
0.54 0.93 0.95 0.85 0.86 0.36
0.63 0.80 0.31 0.79 0.36 0.89
0.82 0.85 0.84 0.73 0.21 0.39
0.81 0.86 0.82 0.56 0.95 0.38
0.66 0.72 0.22 0.84 0.71 0.85
0.45 0.50 0.48 0.79 0.60 0.77
0.99 0.52 0.76 0.80 0.88 0.33
0.91 0.36 0.95 0.26 0.66 0.53
0.60 0.55 0.79 0.58 0.70 0.55
0.86 0.32 0.88 0.53 0.57 0.80
0.66 0.54 0.30 0.79 0.93 0.96
0.60 0.46 0.33 0.73 0.98 0.83
0.66 0.75 0.73 0.06 0.05 0.62
0.78 0.86 0.68 0.87 0.22 0.30
0.67 0.92 0.59 0.74 0.52 0.51
0.02 0.67 0.51 0.70 0.58 0.02
0.08 0.51 0.51 0.57 0.88 0.78
0.96 0.65 0.79 0.97 0.67 0.74
0.54 0.84 0.74 0.68 0.76 0.59
0.02 0.70 0.78 0.78 0.13 0.59
0.29 0.62 0.88 0.14 0.66 0.37
0.19 0.34 0.74 0.59 1.00 0.53
0.87 0.30 0.47 1.00 0.69 0.96
0.20 0.54 0.48 0.23 0.59 0.04
0.93 0.14 0.79 0.54 0.87 0.88
0.54 0.86 0.46 0.95 0.58 0.67
0.94 0.58 0.77 0.26 0.54 0.88
0.36 0.83 0.71 0.66 0.57 0.19
0.87 0.58 0.94 0.15 0.94 0.74
0.18 0.48 0.92 0.97 0.75 0.69
0.51 0.18 0.74 0.89 0.77 0.89
0.58 0.26 0.40 0.97 0.82 0.84
0.62 0.64 0.51 0.81 0.57 0.80
0.33 0.96 0.19 0.92 0.51 0.67
0.72 0.27 0.58 0.83 0.59 0.68
0.56 0.26 0.98 0.66 0.68 0.75
0.54 0.17 0.80 0.82 0.48 0.67
0.40 0.41 0.55 0.41 0.52 0.67
0.23 0.42 0.91 0.53 0.66 0.96
0.87 0.76 0.25 0.69 0.91 0.80
0.86 0.43 0.38 0.58 0.92 0.84
0.96 0.42 0.19 0.23 1.00 0.94
0.07 0.94 0.97 0.24 0.53 0.25
0.77 0.42 0.91 0.36 0.64 0.37
0.91 0.89 0.24 0.86 0.62 0.02
0.61 0.88 0.64 0.17 0.86 0.61
0.65 0.03 0.94 0.98 0.88 0.71
0.13 0.69 0.99 0.01 0.82 0.51
0.88 0.06 0.41 0.63 0.58 0.92
0.60 0.14 0.73 0.56 0.99 0.76
0.77 0.61 0.36 1.00 1.00 0.05
0.86 0.60 0.85 0.83 0.36 0.58
0.79 0.64 0.90 1.00 0.52 0.30
0.27 0.19 0.55 0.34 0.79 0.66
0.77 0.14 0.95 0.05 0.68 0.65
0.58 0.98 0.65 0.54 0.31 0.60
0.69 0.14 0.82 0.52 0.42 0.37
0.91 0.87 0.66 0.01 0.83 0.60
0.12 0.24 0.55 0.58 0.22 0.69
0.73 0.70 0.11 0.39 0.06 0.35
0.61 0.65 0.08 0.55 0.71 0.42
0.80 0.95 0.55 0.24 0.09 0.39
0.02 0.60 0.07 0.52 0.08 0.29
0.52 0.05 0.09 0.62 0.71 0.69
0.03 0.04 0.57 0.54 0.56 0.99
0.85 0.29 0.85 0.54 0.38 0.86
0.41 0.14 0.95 0.77 0.64 0.82
0.79 0.06 0.74 0.77 0.11 0.58
0.93 0.63 0.05 0.63 0.62 0.51
0.14 0.57 0.15 0.91 0.92 0.67
0.63 0.62 0.01 0.68 0.44 0.94
0.59 0.81 0.92 0.02 0.76 0.68
0.92 0.53 0.60 0.57 0.25 0.89
0.10 0.78 0.84 0.05 0.65 0.93
0.83 0.10 0.21 0.86 0.64 0.98
0.76 0.35 0.51 0.76 0.84 0.58
0.16 0.56 0.29 0.84 0.40 0.78
0.74 0.05 0.60 0.59 0.84 0.57
0.89 0.96 0.07 0.16 0.19 0.04
0.78 0.83 0.70 0.09 0.56 0.26
1.00 0.61 0.73 0.19 0.94 0.36
0.40 0.32 0.38 0.96 0.93 0.27
0.91 0.94 0.65 0.22 0.14 0.77
0.54 0.97 0.68 0.53 0.24 0.21
0.51 0.62 0.45 0.06 0.75 0.86
0.93 0.37 0.57 0.55 0.66 0.96
0.58 0.54 0.59 0.13 0.64 0.62
1.00 0.51 0.95 0.02 0.89 0.68
0.13 0.70 0.68 0.08 0.89 1.00
0.91 0.69 0.72 0.10 0.64 0.57
0.33 0.47 0.66 0.05 0.15 0.89
0.82 0.17 0.37 0.53 0.93 0.86
0.98 0.69 0.67 0.08 0.44 0.56
0.05 0.91 0.63 0.68 0.03 0.93
0.70 0.91 0.55 0.15 0.55 0.93
0.03 0.43 0.77 0.81 0.69 0.58
0.93 0.56 0.46 0.76 0.70 0.38
0.37 0.12 0.91 0.12 0.57 0.84
0.96 0.64 0.56 0.05 0.81 0.48
0.01 0.37 0.05 0.63 0.67 0.55
0.59 0.70 0.86 0.19 0.48 0.61
0.67 0.52 0.89 0.72 0.96 0.52
0.93 0.80 0.11 0.08 0.59 0.98
0.12 0.83 0.48 0.20 0.95 0.76
0.94 0.56 0.78 0.69 0.07 0.82
0.88 0.22 0.60 0.97 0.78 0.53
0.96 0.41 0.65 0.85 0.64 0.21
0.10 0.82 0.25 0.23 0.76 0.66
0.66 0.57 0.27 0.81 0.72 0.16
0.21 0.99 0.98 0.34 0.29 0.15
0.86 0.04 0.85 0.89 0.60 0.83
0.95 0.35 0.13 0.23 0.53 0.72
0.48 0.81 0.05 0.28 0.85 0.75
0.93 0.54 0.08 0.53 0.92 0.91
1.00 0.96 0.66 0.53 0.03 0.73
0.01 0.17 0.19 0.67 0.49 0.76
0.66 0.61 0.62 0.51 0.56 0.15
0.98 0.94 0.57 0.34 0.21 0.08
0.68 0.53 0.91 0.59 0.66 0.52
0.41 0.97 0.93 0.39 0.31 0.42
0.75 0.62 0.80 0.68 0.25 0.17
0.23 0.26 0.88 0.82 0.75 0.65
0.21 0.53 0.10 0.42 0.55 0.03
0.14 0.54 0.53 0.09 0.88 0.83
0.98 0.89 0.01 0.69 0.52 0.70
0.26 0.94 0.08 0.49 0.57 0.37
0.99 0.51 0.50 0.60 0.86 0.57
0.01 0.62 0.61 0.62 0.75 0.19
0.57 1.00 0.05 0.31 0.18 0.16
0.75 0.06 0.61 0.77 0.70 0.88
0.26 0.41 0.96 0.39 0.15 0.94
0.01 0.62 0.70 0.75 0.61 0.41
0.70 0.95 0.61 0.15 0.75 0.42
0.86 0.64 0.03 0.41 0.14 0.74
0.13 0.45 0.73 0.81 0.97 0.51
0.09 0.77 0.53 0.55 0.29 0.13
0.67 0.12 0.55 0.81 0.62 0.56
0.92 0.10 0.77 0.25 0.94 0.19
0.75 0.01 0.21 0.72 0.51 0.91
0.92 0.37 0.49 0.74 0.94 0.27
0.16 0.67 0.51 0.35 0.92 0.29
0.62 0.54 0.53 0.97 0.10 0.24
0.53 0.38 0.70 0.84 0.79 0.50
0.02 0.55 0.54 0.66 0.02 0.86
0.89 0.70 0.08 0.30 0.53 0.19
0.12 0.25 0.34 0.16 0.67 0.67
0.96 0.52 0.74 0.47 0.11 0.92
0.79 0.09 0.20 0.48 0.59 0.56
0.57 0.69 0.21 0.07 0.90 0.30
0.86 0.51 0.15 0.98 0.58 0.99
0.99 0.35 0.62 0.01 0.41 0.95
0.60 0.40 0.13 0.18 0.94 0.73
0.56 0.92 0.13 0.38 0.98 0.24
0.28 0.85 0.80 0.59 0.23 0.03
0.88 0.17 0.71 0.84 0.91 0.02
0.33 0.15 0.47 0.86 0.03 0.91
0.08 0.77 0.63 0.37 0.01 0.39
0.77 0.71 0.77 0.76 0.02 0.76
0.69 0.32 0.46 0.65 0.07 0.44
0.20 0.70 0.80 0.04 0.31 0.16
0.44 0.04 0.18 0.78 0.91 1.00
0.48 0.30 0.58 0.24 0.52 0.59
0.55 0.20 0.91 0.69 0.01 0.79
0.76 0.78 0.62 0.14 0.53 0.96
0.64 0.91 0.85 0.07 0.16 0.76
0.42 0.31 0.62 0.15 0.86 0.51
0.93 0.89 0.29 0.20 0.78 0.28
0.96 0.03 0.82 0.67 0.90 0.67
0.93 0.56 0.56 0.21 0.94 0.22
0.51 0.72 0.71 0.12 0.93 0.48
0.74 0.93 0.18 0.27 0.58 0.93
0.74 0.69 0.24 0.97 0.04 0.71
0.61 0.55 0.22 0.54 0.33 0.79
0.79 0.01 0.92 0.48 0.72 0.51
0.84 0.66 0.81 0.72 0.36 0.02
0.32 0.67 0.44 0.66 0.01 0.77
0.67 0.01 0.37 0.64 0.85 0.11
0.85 0.67 0.25 0.94 0.18 0.11
0.08 0.59 0.73 0.52 0.16 0.32
1.00 0.59 0.06 0.81 0.52 0.57
0.45 0.83 0.03 0.96 0.69 0.89
0.66 0.91 0.51 0.33 0.57 0.27
0.58 0.22 0.49 0.64 0.79 0.14
0.85 0.04 0.60 0.11 0.89 0.56
0.11 0.71 0.59 0.41 0.75 0.51
0.75 0.16 0.91 0.09 0.71 0.57
0.87 0.54 0.23 0.49 0.16 0.10
0.96 0.83 0.07 0.26 0.86 0.02
0.61 0.76 0.68 0.57 0.52 0.20
0.68 0.15 0.29 0.77 0.58 0.62
0.02 1.00 0.11 0.85 0.07 0.31
0.70 0.88 0.03 0.71 0.95 0.91
0.61 0.18 0.51 0.56 0.54 0.98
0.55 0.04 0.73 0.92 0.68 0.73
0.57 0.58 0.60 0.30 0.51 0.35
0.21 0.43 0.68 0.63 0.44 0.18
0.62 0.54 0.52 0.82 0.44 0.92
0.12 0.76 0.02 0.11 0.29 0.03
0.98 0.62 0.79 0.42 0.06 0.79
0.55 0.59 0.54 0.67 0.25 0.43
0.82 0.41 0.52 0.07 0.72 0.16
0.01 0.66 0.54 0.51 0.92 0.96
0.62 0.16 0.75 0.17 0.84 0.18
0.73 0.57 0.93 0.60 0.31 0.55
0.86 0.49 0.74 0.72 0.01 0.53
0.82 0.52 0.11 0.98 0.59 0.04
0.75 0.29 0.98 0.16 0.69 0.61
0.07 0.39 0.85 0.51 0.83 0.45
0.24 0.27 0.06 0.90 0.48 1.00
0.68 0.63 0.53 0.04 0.30 0.37
0.64 0.63 0.04 0.95 0.36 0.65
0.01 0.65 0.13 0.01 0.32 0.89
0.20 0.60 0.99 0.50 0.52 0.81
0.83 0.29 0.34 0.56 0.43 0.30
0.17 0.69 0.65 0.37 0.87 0.08
0.39 0.04 0.16 0.79 0.41 0.12
0.37 0.66 0.58 0.65 0.06 0.77
0.86 0.95 0.66 0.93 0.17 0.08
0.75 0.68 0.13 0.33 0.90 0.59
0.56 0.16 1.00 0.42 0.59 0.25
0.67 0.16 0.58 0.27 0.77 0.74
0.99 0.32 0.89 0.33 0.26 0.19
0.81 0.85 0.82 0.78 0.13 0.12
0.29 0.95 0.52 0.25 0.15 0.55
0.84 0.04 0.65 0.60 0.14 0.66
0.54 0.53 0.12 0.11 0.85 0.91
0.56 0.97 0.89 0.72 0.05 0.29
0.58 0.51 0.97 0.54 0.77 0.16
0.32 0.20 0.65 0.67 0.06 1.00
0.60 0.51 0.94 0.35 0.76 0.53
0.01 0.46 0.11 0.59 0.81 0.71
0.59 0.59 0.09 0.55 0.96 0.67
0.50 0.62 0.83 0.23 0.29 0.68
0.69 0.57 0.85 0.64 0.52 0.04
0.89 0.54 0.90 0.12 0.37 0.86
0.10 0.05 0.31 0.96 0.15 0.81
0.76 0.41 0.07 0.83 0.57 0.91
0.54 0.29 0.26 0.70 0.20 0.91
0.04 0.47 0.55 0.89 0.11 0.93
0.15 0.26 0.60 0.01 0.71 0.52
0.71 0.54 0.26 0.31 0.61 0.23
0.44 0.01 0.61 0.43 0.03 0.80
0.37 0.21 0.55 0.61 0.65 0.75
0.13 0.52 0.76 0.35 0.14 0.66
0.04 0.24 0.71 0.18 0.77 0.95
0.60 0.52 0.72 0.99 0.56 0.11
0.78 0.45 0.02 0.33 0.20 0.28
0.13 0.59 0.45 0.74 0.57 0.11
1.00 0.02 0.63 0.55 0.38 0.41
0.61 0.59 0.70 0.17 0.66 0.08
0.62 0.15 0.66 0.87 0.24 0.53
0.19 0.55 0.69 0.20 0.98 0.28
0.90 0.12 0.94 0.19 0.38 0.79
0.33 0.66 0.01 0.46 0.81 0.76
0.60 0.03 0.15 0.72 0.82 0.92
0.71 0.61 0.39 0.03 0.99 0.85
0.66 0.70 0.54 0.16 0.25 0.74
0.29 0.27 0.20 0.56 0.66 0.28
0.98 0.44 0.98 0.25 0.26 0.79
0.44 0.27 0.15 0.72 0.63 0.79
0.43 0.26 0.81 0.70 0.01 0.42
0.91 0.33 0.88 0.10 0.68 0.58
0.11 0.72 0.69 0.21 0.32 0.81
0.75 0.64 0.55 0.13 0.91 0.19
0.57 0.02 0.03 0.85 0.68 0.83
0.62 0.42 0.90 0.02 0.42 0.59
0.51 0.16 0.32 0.71 0.65 0.42
0.78 0.77 0.96 0.01 0.85 0.43
0.57 0.16 0.17 0.31 0.02 0.74
0.62 0.24 0.93 0.06 1.00 0.21
0.92 0.25 0.04 0.96 0.49 0.52
0.02 0.34 0.98 0.08 0.46 0.81
0.06 0.63 0.61 0.36 0.70 0.26
0.02 0.93 0.61 0.56 0.65 0.16
0.84 0.04 0.39 0.61 0.69 0.63
0.88 0.17 0.57 0.30 0.93 0.12
0.42 0.10 0.52 0.72 0.74 0.72
0.07 0.59 0.37 0.09 0.87 0.08
0.71 0.01 0.55 0.89 0.02 0.78
0.04 0.87 0.71 0.12 0.66 0.46
0.40 0.04 0.55 0.09 0.67 0.62
0.39 0.58 0.85 0.87 1.00 0.02
0.27 0.31 0.51 0.38 0.03 0.33
0.01 0.63 0.81 0.69 0.61 0.59
0.59 0.11 0.82 0.61 0.79 0.10
0.72 0.42 0.46 0.18 0.65 0.84
0.77 0.07 0.03 0.47 0.99 0.13
0.70 0.09 0.51 0.99 0.11 0.55
0.66 0.03 0.50 0.96 0.72 0.32
0.60 0.66 0.01 0.86 0.53 0.74
0.30 0.15 0.86 0.08 0.13 0.93
0.10 0.09 0.19 0.30 0.02 0.90
0.06 0.58 0.95 0.06 0.87 0.47
0.53 0.23 0.76 0.10 0.92 0.34
0.73 0.93 0.78 0.74 0.28 0.05
