300 6
0.91 0.42 0.10 0.25 0.58 0.95
0.98 0.94 0.49 0.81 0.82 0.80
0.59 0.69 0.26 0.06 0.35 0.58
0.10 0.11 0.81 0.32 0.80 0.76
0.63 0.06 0.49 0.72 0.77 0.44
0.68 0.11 0.73 0.58 0.54 0.21
0.12 1.00 0.82 0.70 0.75 0.21
0.94 0.81 0.99 0.51 0.66 0.09
0.18 0.57 0.72 0.76 0.02 0.98
0.88 0.58 0.11 0.87 0.91 0.99
0.54 0.73 0.93 0.12 0.99 0.86
0.94 0.70 0.23 0.15 0.93 0.54
0.03 0.84 0.20 0.13 0.90 0.27
0.23 0.64 0.76 0.75 0.60 0.51
0.36 0.61 0.57 0.87 0.70 0.52
0.32 0.96 0.40 0.71 0.71 0.67
0.80 0.89 0.76 0.67 0.42 0.32
0.20 0.72 0.07 0.15 0.16 0.53
0.91 0.30 0.71 0.62 0.28 0.81
0.78 0.51 0.13 0.10 0.84 0.97
0.05 0.87 0.50 0.58 0.83 0.39
0.63 0.99 0.02 0.15 0.25 0.99
0.55 0.98 0.54 0.05 0.37 0.56
0.61 0.85 0.69 0.65 0.74 0.33
1.00 0.67 0.23 0.16 0.70 0.80
0.98 0.36 0.73 0.63 0.37 0.75
0.16 0.60 0.59 0.72 0.32 0.62
0.62 0.77 0.34 0.69 0.42 0.52
0.66 0.66 0.73 0.99 0.09 0.58
0.45 0.56 0.70 0.65 0.79 0.76
0.57 0.90 0.06 0.80 0.58 0.25
0.70 0.36 0.53 0.17 0.15 0.71
0.36 0.80 0.43 0.96 0.90 0.51
0.99 0.27 0.53 0.29 0.83 0.16
0.93 0.73 0.58 0.77 0.68 0.51
0.68 0.38 1.00 0.27 0.71 0.63
0.03 0.95 0.63 0.63 0.76 0.55
0.57 0.01 0.49 0.14 0.54 0.66
0.84 0.26 0.82 0.74 0.41 0.33
0.90 0.69 0.66 0.02 0.91 0.73
0.08 0.65 0.84 0.55 0.05 0.77
0.45 0.53 0.75 0.98 0.72 0.79
0.34 0.39 0.82 0.98 0.73 0.55
0.51 0.93 0.75 0.83 0.92 0.12
0.34 0.60 0.93 0.48 0.11 0.71
0.74 0.82 0.54 0.85 0.83 0.25
0.64 0.87 0.95 0.69 0.63 0.24
0.72 0.04 0.81 0.68 0.32 0.81
0.65 0.77 0.48 0.50 0.78 0.39
0.62 0.59 0.67 0.96 0.65 0.54
0.67 0.50 0.35 0.07 0.62 0.65
0.41 0.66 0.01 0.13 0.88 0.18
0.11 0.22 0.97 0.97 0.39 0.88
0.95 0.87 0.57 0.44 0.63 0.51
0.15 0.63 0.99 0.93 0.56 0.60
0.16 0.02 0.61 0.83 0.51 0.94
0.95 0.99 0.89 0.37 0.07 0.82
0.08 0.58 0.91 0.64 0.18 0.71
0.75 0.35 0.91 0.62 0.09 0.92
0.74 0.75 0.90 0.94 0.01 0.20
0.12 0.55 0.70 0.61 0.61 0.73
0.81 0.51 0.28 0.50 0.58 0.06
0.31 0.29 0.93 0.62 0.56 0.03
0.76 0.63 0.82 0.04 0.95 0.60
0.84 0.78 0.94 0.97 0.43 0.09
0.32 0.21 0.01 0.10 0.77 0.47
0.31 0.22 0.61 0.63 0.82 0.03
0.99 0.72 0.76 0.93 0.49 0.51
0.60 0.03 0.20 0.61 0.56 0.87
0.05 0.94 0.47 0.85 0.76 0.75
0.23 0.44 0.84 0.53 0.05 0.43
0.15 0.95 0.59 0.01 0.85 0.95
0.17 0.77 0.89 0.97 0.58 0.39
0.68 0.90 1.00 0.98 0.16 0.32
0.64 1.00 0.69 0.41 0.56 0.11
0.49 0.45 0.80 0.91 0.79 0.46
0.36 0.70 0.22 0.73 0.15 0.82
0.51 0.83 0.67 0.18 0.59 0.10
0.32 0.58 0.53 0.93 0.43 0.79
0.93 0.52 0.46 0.20 0.26 0.94
0.41 0.85 0.85 0.15 0.76 0.15
0.70 0.53 0.31 0.68 0.33 0.17
0.54 0.58 0.04 0.59 0.58 0.09
0.44 0.08 0.70 0.89 0.56 0.72
0.40 0.75 0.34 0.69 0.97 0.12
0.17 0.49 0.69 0.05 0.43 0.94
0.84 0.56 0.79 0.51 0.23 0.42
0.78 0.39 0.72 0.04 0.02 0.98
0.51 0.79 0.77 0.46 0.06 0.24
0.52 0.20 0.74 0.78 0.80 0.60
0.39 0.28 0.35 0.44 0.39 0.55
0.61 0.09 0.03 0.39 0.57 0.90
0.03 0.69 0.51 0.63 0.99 0.96
0.43 0.59 0.79 0.79 0.17 0.86
0.27 0.31 0.84 0.34 0.02 0.75
0.09 0.65 0.38 0.34 0.15 0.55
0.16 0.89 0.08 0.15 0.24 0.75
0.39 0.29 0.69 0.62 0.35 0.41
0.90 0.69 0.83 0.03 0.28 0.80
0.91 0.61 0.68 0.13 0.03 0.62
0.03 0.37 0.80 0.21 0.88 0.57
0.56 0.11 1.00 0.57 0.97 0.56
0.89 0.95 0.69 0.05 0.67 0.47
0.60 0.08 0.59 0.12 0.61 0.45
0.81 0.98 0.20 0.57 0.84 0.14
0.17 0.65 0.76 0.79 0.85 0.26
0.25 0.69 0.21 0.20 1.00 0.61
1.00 0.49 0.58 0.02 0.01 0.95
0.19 0.61 0.58 0.73 0.39 0.98
0.06 0.86 0.79 0.55 0.73 0.58
0.88 0.61 0.79 0.37 0.13 0.74
0.92 0.07 0.86 0.79 0.51 0.60
0.28 0.53 0.90 0.33 0.51 0.56
0.55 0.13 0.84 0.76 0.12 0.80
0.66 0.50 0.96 0.03 0.16 0.63
0.58 0.05 0.85 0.06 0.71 0.55
0.62 0.34 0.60 0.89 0.87 0.27
0.83 0.52 0.12 0.93 0.66 0.85
0.17 0.74 0.35 0.88 0.84 0.54
0.97 0.88 0.64 0.76 0.51 0.03
0.66 0.17 0.03 0.67 0.61 0.69
0.59 0.07 0.99 0.82 0.01 0.77
0.75 0.32 0.09 0.72 0.60 0.81
0.65 0.40 0.80 0.95 0.07 0.43
0.93 0.93 0.54 0.24 0.42 0.51
0.48 0.06 0.78 0.75 0.58 0.25
0.90 0.71 0.86 0.75 0.11 0.10
0.80 0.44 0.60 0.55 0.81 0.09
0.94 0.17 0.66 0.03 0.50 0.56
0.53 0.65 0.23 0.59 0.51 0.51
0.52 0.96 0.55 0.77 0.82 0.15
0.91 0.12 0.85 0.83 0.41 0.40
0.49 0.23 0.55 0.69 0.74 0.62
0.77 0.82 0.24 0.79 0.60 0.07
0.38 0.52 0.17 1.00 0.43 0.26
0.53 0.90 0.51 0.75 0.11 0.84
0.36 0.12 0.09 0.70 0.55 0.47
0.38 0.65 0.54 0.75 0.89 0.22
0.45 0.70 0.92 0.98 0.76 0.33
0.94 0.70 0.60 0.51 0.06 0.84
0.02 0.55 0.96 0.67 0.72 0.63
0.01 0.55 0.66 0.37 0.54 0.69
0.30 0.99 0.59 0.89 0.10 0.73
0.65 0.22 0.32 0.67 0.51 0.51
0.63 0.08 0.18 0.55 0.60 0.87
0.06 0.58 0.76 0.92 0.12 0.71
0.67 0.83 0.72 0.74 0.55 0.27
0.74 0.42 0.43 0.97 0.74 0.38
0.02 0.72 0.85 0.71 0.53 0.35
0.60 0.43 0.21 0.52 0.47 0.86
0.35 0.78 0.44 0.84 0.98 0.44
0.05 0.75 0.59 0.94 0.77 0.45
0.83 0.59 1.00 0.81 0.15 0.26
0.67 0.71 0.74 0.24 0.79 0.42
0.91 0.94 0.71 0.46 0.16 0.03
0.35 0.58 0.51 0.73 0.67 0.99
0.19 1.00 0.99 0.38 0.97 0.03
0.93 0.05 0.62 0.08 0.75 0.84
0.19 0.51 0.79 0.89 0.49 0.69
0.11 0.78 0.97 0.20 0.36 0.02
0.30 0.22 0.68 1.00 0.14 0.30
0.43 0.37 0.66 0.95 0.78 0.13
0.42 0.95 0.99 0.77 0.07 0.38
0.11 0.08 0.87 0.07 0.87 0.97
0.75 0.17 0.43 0.51 0.83 0.24
0.02 0.85 0.87 0.07 0.81 0.62
0.96 0.55 0.74 0.71 0.26 0.09
0.52 0.71 0.28 0.54 0.02 0.82
0.13 0.88 0.43 0.13 0.60 0.69
0.28 0.09 0.84 0.70 0.58 0.84
0.52 0.18 0.68 0.19 0.89 0.80
0.89 0.09 0.61 0.98 0.74 0.18
0.55 0.22 0.73 0.68 0.07 0.78
0.13 0.31 0.43 0.68 0.93 0.59
0.82 0.42 0.09 0.55 0.04 0.60
0.83 0.60 0.19 0.57 0.03 0.74
0.27 0.40 0.66 0.45 0.71 0.73
0.52 0.62 0.94 0.44 0.29 0.57
0.57 0.20 0.85 0.53 0.52 0.77
0.54 0.87 0.54 0.56 0.69 0.42
0.97 0.90 0.48 0.09 0.97 0.52
0.76 0.12 0.42 0.43 0.12 0.23
1.00 0.96 0.34 0.55 0.01 0.96
0.20 0.61 0.57 0.33 0.81 0.33
0.88 0.79 0.36 0.02 0.91 0.95
0.71 0.68 0.02 0.67 0.61 0.74
0.63 0.76 0.42 0.43 0.01 0.89
0.85 0.57 0.33 0.87 0.24 0.44
0.63 0.90 0.52 0.04 0.34 0.59
0.13 0.82 0.31 0.69 0.55 0.29
0.82 0.65 0.65 0.32 0.14 0.60
0.10 0.14 0.32 0.97 0.14 0.61
0.42 0.07 0.82 0.87 0.82 0.01
0.57 0.96 0.53 0.59 0.67 0.03
0.41 0.27 0.19 0.51 0.44 0.02
0.05 0.91 0.99 0.92 0.26 0.66
1.00 0.06 0.70 0.52 0.13 0.63
0.03 0.11 0.50 0.75 0.61 0.76
0.49 0.10 0.60 0.07 0.75 0.73
0.79 0.10 0.51 0.63 0.22 0.95
1.00 0.26 0.82 0.13 0.30 0.58
0.99 0.31 0.61 0.58 0.04 0.62
0.96 0.96 0.03 0.01 1.00 0.96
0.09 0.73 0.87 0.94 0.81 0.11
0.56 0.64 0.95 0.31 0.54 0.55
0.06 0.49 0.71 0.70 0.08 0.37
0.54 1.00 0.78 0.18 0.10 0.82
0.04 0.86 0.87 0.56 0.15 1.00
0.02 0.79 0.71 0.56 0.43 0.90
0.01 0.48 0.26 0.90 0.69 0.56
0.72 1.00 0.86 0.37 0.14 0.15
0.47 0.68 0.06 0.94 0.63 0.44
0.02 0.79 0.92 0.48 0.80 0.58
0.74 0.48 0.75 0.11 0.26 0.37
0.08 0.82 0.40 0.11 0.65 0.24
0.86 0.07 0.53 0.67 0.45 0.73
0.37 0.57 0.13 0.73 0.58 0.01
0.91 0.57 0.72 0.01 0.31 0.12
0.12 0.39 0.44 0.35 0.81 0.93
0.51 0.56 0.66 0.03 0.77 0.76
0.63 0.28 0.55 0.23 0.27 0.82
0.56 0.76 0.52 0.86 0.10 0.69
0.83 0.08 0.43 0.64 0.79 0.85
0.93 0.51 0.51 0.35 0.32 0.09
0.66 0.42 0.84 0.90 0.13 0.70
0.79 0.51 0.66 0.56 0.06 0.73
0.58 0.25 0.52 0.53 0.58 0.57
0.87 0.04 0.62 0.85 0.64 0.54
0.70 0.46 0.04 0.98 0.66 0.58
0.88 0.10 0.58 0.61 0.69 0.29
0.10 0.32 0.66 0.58 0.52 0.73
0.17 0.67 0.11 0.84 0.74 0.38
0.65 0.81 0.93 0.33 0.30 0.51
0.05 0.91 0.31 0.28 0.54 0.97
0.54 0.46 0.95 0.28 0.41 0.83
0.79 0.95 0.02 0.87 0.41 0.49
0.68 0.80 0.81 0.22 0.33 0.13
0.19 0.50 0.94 0.64 0.03 0.73
0.92 0.75 0.88 0.16 0.38 0.09
0.54 0.52 0.54 0.20 0.54 0.72
0.65 0.03 0.67 0.52 0.85 0.65
0.56 0.75 0.36 0.48 0.59 0.37
0.08 0.60 0.85 0.72 0.74 0.30
0.73 0.66 0.82 0.05 0.98 0.10
0.85 0.69 0.79 0.37 0.02 0.27
0.79 0.92 0.07 0.04 0.95 0.67
0.89 0.86 0.59 0.51 0.01 0.01
0.25 0.44 0.28 0.67 0.89 0.60
0.75 0.59 0.65 0.07 0.12 0.31
0.36 0.56 0.68 0.64 0.67 0.50
0.04 0.96 0.82 0.99 0.01 0.68
0.54 0.66 0.11 0.65 0.01 0.72
0.86 0.08 0.98 0.91 0.25 1.00
0.05 0.96 0.86 0.88 0.29 0.84
0.15 0.35 0.58 0.08 0.82 0.51
0.78 0.05 0.87 0.02 0.97 0.94
0.70 0.73 0.05 0.65 0.78 0.03
0.75 0.30 0.22 0.83 0.40 0.71
0.57 0.99 0.52 0.26 0.13 0.97
0.03 0.59 0.06 0.32 0.11 0.19
0.59 0.79 0.86 0.89 0.29 0.08
0.17 0.27 0.97 0.69 0.62 0.54
0.66 0.10 0.66 0.91 0.79 0.09
0.71 0.73 0.86 0.80 0.01 0.47
0.72 0.35 0.73 0.67 0.17 0.68
0.98 0.60 0.90 0.30 0.01 0.96
0.67 0.56 0.32 0.18 0.05 0.75
0.30 0.02 0.17 0.29 0.97 0.87
0.98 0.01 0.59 1.00 0.60 0.64
0.67 0.07 0.56 0.19 0.77 0.56
0.23 0.83 0.67 0.84 0.10 0.51
0.25 0.72 0.60 0.51 0.08 0.58
0.58 0.80 0.64 0.80 0.09 0.41
0.58 0.42 0.78 0.40 0.58 0.58
0.34 0.74 0.67 0.89 0.04 0.36
0.84 0.23 0.60 0.42 0.53 0.88
0.51 0.79 0.34 0.19 0.60 0.16
0.13 0.39 0.60 0.80 0.56 0.77
0.14 0.02 0.83 0.51 0.20 0.14
0.86 0.04 0.24 0.89 0.13 0.84
0.57 0.50 0.59 0.51 0.06 0.16
0.66 0.86 0.58 0.31 0.28 0.11
0.63 0.33 0.17 0.59 0.90 0.24
0.17 0.25 0.52 0.25 0.65 0.73
0.07 0.99 0.92 0.70 0.80 0.06
0.92 0.04 0.01 0.17 0.97 0.31
0.77 0.41 0.29 0.53 0.09 0.95
0.23 0.94 0.06 0.88 0.69 0.09
0.07 0.50 0.63 0.44 0.81 0.51
0.74 0.73 0.39 0.14 0.30 0.67
0.07 0.49 0.61 0.32 0.55 0.97
0.91 0.21 0.39 0.94 0.57 0.23
0.72 0.01 0.05 0.83 0.60 0.88
0.01 0.20 0.54 0.55 0.90 0.28
0.42 0.80 0.07 0.13 0.27 0.60
0.13 0.76 0.42 0.30 0.59 0.88
0.96 0.64 0.53 0.05 0.84 0.77
0.57 0.63 0.02 0.41 0.59 0.84
0.93 0.50 0.12 0.88 0.74 0.16
0.54 0.67 0.12 0.22 0.67 0.93
