41 2 39 59
7 58 83 56
12 82 67 90
83 85 84 46
74 52 53 58
84 56 95 16
69 54 78 9
62 41 51 52
37 96 18 87
54 95 56 19
1 99 82 64
64 97 68 3
64 86 100 42
27 64 79 95
18 88 45 99
84 86 33 74
24 81 19 52
81 98 4 46
31 68 67 59
66 52 45 55
56 57 5 77
69 86 70 42
44 61 82 28
6 59 58 65
80 88 65 21
96 81 1 9
55 58 88 51
52 50 21 67
86 82 55 7
39 61 80 61
22 87 71 60
51 71 100 14
100 21 55 53
9 63 93 54
90 100 59 1
99 39 35 45
53 97 71 51
88 81 3 100
89 66 4 97
57 63 51 58
31 57 75 64
59 9 22 27
81 72 62 17
1 2 89 91
64 54 20 84
1 58 90 5
16 58 71 7
29 88 63 44
66 70 56 22
73 13 15 87
69 79 21 18
39 86 60 51
63 72 62 13
53 73 65 36
61 56 95 19
10 62 67 56
67 2 5 34
36 52 64 73
10 53 77 97
39 69 27 98
59 45 46 16
3 88 70 77
30 53 76 74
8 77 36 83
9 45 26 85
23 12 79 76
63 84 6 76
57 13 83 55
51 55 63 54
94 70 59 5
65 100 4 58
56 79 6 70
53 82 4 97
65 66 60 13
8 73 11 68
42 51 53 47
26 57 70 73
14 32 60 58
4 82 74 53
17 64 61 21
86 54 3 91
19 70 53 77
12 56 65 79
59 73 20 30
23 48 58 61
3 75 55 91
51 45 73 4
71 29 14 13
3 77 51 62
20 2 54 81
76 13 1 58
85 29 58 12
81 76 62 5
29 98 45 8
52 51 60 31
54 22 74 23
57 1 18 83
79 88 22 3
9 56 27 76
69 74 3 58
28 23 79 59
60 90 77 3
87 7 93 1
11 95 76 15
55 87 6 72
2 89 85 22
25 52 75 1
4 2 62 32
95 12 43 14
56 77 55 27
57 77 9 68
51 52 4 33
28 63 28 57
6 76 24 47
64 10 8 78
86 17 74 18
23 91 66 8
41 90 68 6
59 54 1 97
7 75 56 68
7 68 9 5
11 66 61 18
13 29 85 25
1 86 61 19
91 26 11 7
16 46 41 65
3 51 97 89
22 15 52 7
44 27 9 90
93 8 4 92
61 70 3 57
67 3 79 15
57 32 27 73
61 75 62 3
14 13 54 70
16 56 69 13
18 56 16 70
52 75 8 19
77 96 34 2
3 59 76 80
80 73 5 16
1 55 72 62
11 63 10 57
55 48 4 67
7 67 37 88
23 97 5 98
83 51 60 5
39 62 37 66
93 93 11 3
76 88 74 2
25 66 7 100
5 82 87 12
53 11 57 44
11 51 16 97
93 64 1 16
65 92 3 33
100 91 60 1
20 54 52 53
77 43 63 4
13 60 51 67
51 62 1 94
29 5 59 74
64 51 16 22
41 19 20 16
60 96 2 4
2 73 55 82
87 75 64 2
40 38 9 90
39 43 26 63
11 5 63 19
74 1 51 59
70 9 1 60
71 61 65 6
3 33 54 92
2 86 9 15
1 59 60 99
92 65 56 5
52 53 1 39
3 65 83 9
22 88 7 44
1 62 46 84
13 66 13 55
3 69 32 77
10 52 24 53
28 95 6 65
11 79 7 100
95 87 7 3
38 1 84 64
25 5 11 57
61 15 1 81
2 85 5 82
17 49 20 57
55 31 18 54
79 64 60 4
90 59 10 8
5 53 57 54
80 27 65 5
72 78 9 4
57 10 2 85
59 44 12 56
1 96 11 83
82 57 49 5
7 69 96 1
97 30 53 4
7 10 100 11
96 80 62 1
51 95 65 1
14 55 59 48
4 53 54 75
71 6 56 8
17 28 29 92
59 18 11 54
63 13 75 15
87 5 57 19
4 24 43 91
9 54 11 68
51 80 4 25
4 63 61 2
3 23 87 42
22 41 64 1
59 65 5 28
2 52 88 52
34 56 39 42
62 38 18 15
3 26 61 90
20 51 5 89
44 3 57 17
16 9 80 15
3 7 90 81
7 58 52 17
2 77 53 66
99 59 62 2
74 55 1 6
75 5 95 3
81 100 4 2
53 4 8 6
66 65 55 3
72 72 29 4
15 55 60 43
66 58 4 11
89 23 61 2
50 6 10 63
21 58 1 85
5 42 54 87
1 75 54 63
59 52 7 29
8 56 53 83
93 1 27 77
1 93 15 95
55 65 60 5
31 33 9 57
74 16 68 4
4 67 27 89
2 92 6 39
12 52 3 64
1 58 76 52
5 36 59 87
1 52 78 91
51 1 100 55
1 60 82 41
70 2 1 52
37 4 60 75
57 1 95 19
35 1 91 60
87 30 39 1
6 55 83 20
11 1 95 51
53 1 71 28
7 24 52 65
37 65 25 27
33 63 58 4
16 91 58 3
1 78 53 56
28 49 4 89
62 3 1 97
43 5 7 83
3 72 64 61
90 2 51 10
1 60 57 57
6 42 52 59
2 23 69 73
51 2 30 77
93 16 2 19
2 54 93 38
3 56 84 22
1 79 51 69
47 73 4 30
28 89 2 68
62 1 83 24
73 66 54 4
2 69 59 51
64 64 52 1
1 21 84 26
5 75 47 60
48 50 2 88
67 3 44 8
75 56 53 4
9 55 45 1
54 54 3 15
49 61 37 15
2 55 62 42
3 14 85 46
64 54 47 5
62 22 6 61
3 65 53 76
47 69 29 3
87 99 2 3
51 94 34 1
7 52 30 15
12 50 11 95
30 14 40 27
71 25 94 4
4 70 56 71
94 30 37 4
30 58 1 76
17 28 18 76
88 18 54 2
7 53 94 13
22 12 24 52
9 76 2 96
65 7 93 4
70 17 83 3
3 17 71 99
1 57 63 55
18 51 13 54
3 14 82 56
51 51 3 77
68 31 89 5
2 57 53 75
39 2 42 85
53 2 51 23
34 1 37 77
4 37 54 83
2 61 52 65
2 53 31 64
81 1 60 51
96 70 22 1
65 82 2 19
10 52 1 69
76 29 88 2
55 17 51 4
9 30 25 75
91 8 34 1
81 66 42 5
51 45 3 74
11 86 3 56
21 77 7 61
53 9 4 92
90 1 69 4
88 1 91 3
53 58 20 3
18 1 75 96
26 24 51 32
13 21 50 66
51 65 9 4
8 73 3 81
19 2 57 77
2 72 51 62
1 90 30 80
6 51 51 59
16 7 53 73
24 99 1 52
96 4 85 2
68 1 67 30
4 43 59 76
71 1 14 86
8 94 3 70
57 61 6 3
16 24 26 53
3 52 25 60
66 1 84 12
3 35 18 87
7 48 48 31
2 84 79 39
47 2 4 53
51 3 53 52
95 6 53 1
19 54 29 6
51 94 3 14
3 28 63 63
43 62 1 55
7 48 69 1
1 42 73 70
68 23 96 2
41 17 5 91
3 31 73 49
77 13 72 1
15 27 43 12
12 58 16 61
74 54 39 4
57 37 78 3
4 57 74 20
17 16 22 95
83 53 42 2
89 1 55 52
67 82 9 1
58 51 1 64
42 21 15 52
1 62 71 53
24 75 1 63
87 79 3 1
29 4 35 76
31 70 2 23
3 83 7 13
3 10 76 84
2 14 73 71
7 15 60 93
14 59 12 19
30 35 93 4
6 59 23 78
89 1 28 62
45 16 3 94
5 56 57 16
89 26 1 51
6 1 53 100
49 52 3 32
21 52 5 43
18 28 17 90
5 88 55 6
9 24 57 60
7 12 56 82
9 24 53 52
2 27 61 60
1 7 92 5
3 68 54 58
61 2 97 9
4 58 12 56
57 63 1 37
65 76 2 20
18 47 42 11
5 57 28 27
25 32 38 33
20 19 1 95
9 19 51 89
1 81 59 24
86 1 60 42
3 19 78 65
94 63 31 1
15 6 19 93
9 65 8 81
4 76 55 21
53 16 2 90
22 31 21 69
47 22 8 49
65 59 15 3
79 27 6 18
2 6 82 94
3 4 17 76
62 10 4 37
84 16 66 1
31 40 54 5
3 2 80 57
1 66 35 85
3 53 56 54
12 34 89 10
9 76 3 11
84 3 65 1
66 7 91 3
2 31 21 26
28 51 1 62
19 13 61 32
1 74 55 5
13 59 4 61
3 65 3 73
70 17 60 2
6 52 10 34
51 59 2 4
12 67 4 63
87 4 3 51
1 75 12 93
23 34 91 5
57 15 51 5
1 70 69 42
16 1 22 77
5 68 7 68
85 1 25 72
3 79 5 49
68 42 51 2
38 1 51 15
83 8 61 1
63 35 68 2
39 1 51 10
17 94 1 65
1 45 57 54
63 27 1 13
55 4 13 1
4 42 14 78
54 31 7 33
51 35 2 66
1 22 82 82
18 73 6 55
60 52 11 2
26 28 3 54
19 1 53 69
5 96 2 34
11 35 74 15
52 38 69 5
78 8 4 16
1 74 11 57
4 54 10 68
41 6 85 6
16 88 2 26
66 33 7 8
41 45 1 5
91 52 1 1
3 80 54 24
2 14 91 70
24 48 11 13
3 71 12 58
1 65 56 65
7 1 60 23
12 33 37 22
30 3 2 55
18 25 81 14
34 37 90 2
17 18 4 93
9 95 2 64
5 10 59 59
33 24 95 1
3 66 51 21
2 53 62 19
6 29 59 57
83 3 11 21
51 31 81 3
68 25 2 46
54 18 1 58
37 2 84 7
2 62 13 90
1 54 77 53
53 51 29 4
1 59 56 68
53 52 30 3
1 55 61 18
97 1 21 66
24 8 10 66
1 33 81 93
1 82 53 53
78 79 10 2
10 67 5 15
57 1 53 3
4 52 11 53
7 2 52 52
1 57 52 33
6 13 54 53
3 72 5 53
6 59 56 3
30 87 2 54
14 19 27 7
1 30 72 100
23 17 2 88
31 79 39 1
13 88 3 2
2 30 73 54
2 72 15 70
32 55 3 13
20 22 13 76
3 71 84 4
72 2 59 1
2 71 54 25
8 1 59 99
7 63 6 71
44 30 5 16
36 31 1 36
4 70 11 3
28 56 1 48
82 1 21 80
15 4 32 58
4 64 2 61
7 60 29 16
62 1 5 61
4 21 69 13
3 15 73 66
9 5 14 84
66 52 10 2
3 2 52 89
1 62 74 4
49 9 20 45
3 42 7 58
52 64 31 3
98 1 44 5
5 95 93 1
2 12 61 61
53 3 72 7
5 10 26 24
41 37 54 2
19 3 57 40
15 16 60 2
2 91 4 81
56 3 52 6
7 49 58 11
1 34 11 28
86 1 22 35
49 15 59 3
78 57 11 1
1 7 68 60
21 12 4 11
11 54 5 3
3 63 3 59
53 24 1 66
18 51 12 25
