0.47 0.13 0.14 0.96
0.96 0.59 0.12 0.79
0.18 0.71 0.79 0.52
0.86 0.77 0.70 0.65
0.52 0.51 0.05 0.94
0.73 0.96 0.13 0.82
0.24 0.87 0.71 0.99
0.53 0.75 0.51 0.59
0.77 0.65 0.42 0.68
0.64 0.68 0.75 0.90
0.50 0.01 0.98 0.59
0.87 0.08 0.58 0.61
0.14 0.92 0.55 0.91
0.05 0.81 0.85 0.04
0.31 0.96 0.65 0.60
0.26 0.71 0.71 0.58
0.07 0.60 0.18 0.81
0.64 0.64 0.18 0.48
0.83 0.52 0.92 0.54
0.70 0.07 0.51 0.74
0.53 0.52 0.95 0.21
0.72 0.07 0.71 0.54
0.27 0.52 0.97 1.00
0.59 0.72 0.62 0.71
0.69 0.70 0.04 0.32
0.61 0.57 0.59 0.88
0.27 0.73 0.68 0.34
0.55 0.96 0.02 0.75
0.77 0.36 0.44 0.04
0.61 0.72 0.85 0.03
0.52 0.58 0.55 0.74
0.55 0.29 0.66 0.39
0.80 0.20 0.59 0.51
0.16 0.66 0.53 0.63
0.64 0.61 0.94 0.12
0.54 0.46 0.72 0.80
0.58 0.11 0.96 0.88
0.39 0.63 1.00 0.80
0.44 0.10 0.91 0.52
0.84 0.57 0.42 0.85
0.78 0.18 0.63 0.15
0.64 0.88 0.65 0.11
0.72 0.93 0.74 0.07
0.52 0.56 0.61 0.27
0.79 0.52 0.02 0.54
0.45 0.98 0.57 0.52
0.77 0.51 0.36 0.70
0.42 0.67 0.09 0.46
0.56 0.91 0.64 0.01
0.09 0.71 0.82 0.71
0.59 0.96 0.46 0.25
0.81 0.05 0.93 0.97
0.71 0.41 1.00 0.07
0.69 0.05 0.54 0.99
0.19 0.71 0.44 0.69
0.53 0.55 0.79 0.59
0.06 0.75 0.82 0.93
0.24 0.19 0.62 0.42
0.01 0.22 0.51 0.83
0.66 0.65 0.58 0.33
0.08 0.13 0.71 0.74
0.61 0.66 0.52 0.04
0.75 0.18 0.70 0.56
0.76 0.54 0.03 0.95
0.53 0.58 0.46 0.68
0.12 0.76 0.22 0.53
0.65 0.99 0.17 0.09
0.97 0.11 0.23 0.60
0.25 0.84 0.21 0.60
0.64 0.53 0.65 0.30
0.13 0.81 0.09 0.62
0.58 0.55 0.58 0.28
0.61 0.95 0.06 0.88
0.45 0.72 0.05 0.94
0.56 0.63 0.52 0.65
0.58 0.47 0.59 0.08
0.69 0.71 0.78 0.01
0.14 0.53 0.87 0.53
0.60 0.21 0.16 0.93
0.55 0.02 0.91 0.33
0.75 0.02 0.81 0.83
0.94 0.93 0.06 0.14
0.02 0.94 0.54 0.72
0.53 0.56 0.59 0.33
0.19 0.25 0.67 0.67
0.95 0.23 0.50 0.62
0.93 0.18 0.23 0.52
0.83 0.60 0.05 0.11
0.83 0.06 0.78 0.51
0.56 0.53 0.69 0.18
0.55 0.79 0.84 0.09
0.23 0.55 0.76 0.66
0.12 0.93 0.04 0.71
0.68 0.51 0.57 0.79
0.13 0.78 0.91 0.19
0.52 0.56 0.48 0.71
0.58 0.57 0.56 0.52
0.60 0.96 0.05 0.28
0.73 0.25 0.60 0.64
0.13 0.13 0.77 0.71
0.75 0.61 0.48 0.02
0.30 0.54 0.61 0.64
0.78 0.93 0.07 0.27
0.54 0.59 0.90 0.17
0.83 0.05 0.33 0.77
0.70 0.07 0.13 0.62
0.65 0.26 0.69 0.31
0.89 0.81 0.01 1.00
0.34 0.93 0.07 0.51
0.75 0.32 0.10 0.64
0.57 0.15 0.58 0.78
0.86 0.04 0.86 0.63
0.63 0.46 0.31 0.79
0.69 0.50 0.47 0.62
0.30 0.66 0.38 0.67
0.66 0.42 0.26 0.82
0.32 0.87 0.66 0.14
0.15 0.52 0.67 0.79
0.53 0.80 0.37 0.11
0.72 0.59 0.25 0.19
0.06 0.70 0.90 0.76
0.62 0.64 0.20 0.53
0.02 0.82 0.84 0.57
0.97 0.13 0.75 0.05
0.51 0.69 0.80 0.06
0.52 0.56 0.21 0.69
0.84 0.80 0.01 0.94
0.74 0.05 0.87 0.01
0.62 0.65 0.54 0.52
0.15 0.70 0.44 0.70
0.02 0.77 0.74 0.55
0.88 0.27 0.51 0.57
0.79 0.33 0.58 0.08
0.46 0.22 0.61 0.70
0.88 0.58 0.31 0.21
0.72 0.04 0.75 0.76
0.65 0.09 0.30 0.87
0.38 0.10 0.63 0.35
0.18 0.56 0.68 0.58
0.63 0.61 0.16 0.59
0.55 0.78 0.15 0.11
0.62 0.12 0.59 0.91
0.89 0.64 0.01 0.64
0.12 0.68 0.76 0.67
0.57 0.88 0.07 0.87
0.80 0.64 0.08 0.49
0.32 0.83 0.49 0.48
0.04 0.60 0.24 0.94
0.74 0.81 0.57 0.01
0.51 0.89 0.70 0.10
0.42 0.12 0.34 0.42
0.23 0.59 0.74 0.12
0.01 0.76 0.61 0.75
0.33 0.94 0.01 0.69
0.04 0.75 0.42 0.85
0.67 1.00 0.58 0.03
0.62 0.42 0.99 0.25
0.09 0.73 0.57 0.39
0.68 0.02 0.52 0.72
0.07 0.14 0.47 0.36
0.53 0.55 0.20 0.55
0.06 0.76 0.52 0.40
0.54 0.95 0.03 0.15
0.02 0.57 0.82 0.24
0.99 0.01 0.66 0.97
0.24 0.07 0.89 0.64
0.49 0.78 0.28 0.22
0.99 0.47 0.06 0.28
0.59 0.01 0.91 0.27
0.42 0.07 0.37 0.68
0.29 0.65 0.03 0.71
0.16 0.03 0.72 0.25
0.91 0.04 0.54 0.22
0.12 0.31 0.89 0.05
0.59 0.53 0.67 0.03
0.01 0.26 0.80 0.56
0.01 0.96 0.45 0.82
0.52 0.84 0.06 0.60
0.50 0.65 0.86 0.06
0.70 0.09 0.29 0.56
0.66 0.62 0.73 0.02
0.70 0.59 0.53 0.34
0.57 0.90 0.04 0.66
0.44 0.30 0.31 0.81
0.65 0.25 0.17 0.90
0.74 0.02 0.20 0.52
1.00 0.70 0.03 0.37
0.91 0.74 0.02 0.52
0.32 0.81 0.04 0.67
0.03 0.52 0.70 0.78
0.15 0.10 0.19 0.79
0.59 0.81 0.59 0.05
0.85 0.13 0.76 0.07
0.31 0.82 0.72 0.09
0.91 0.43 0.02 0.98
0.67 0.05 0.20 0.66
0.97 0.01 0.52 0.75
0.59 0.91 0.10 0.22
0.50 0.77 0.69 0.21
0.08 0.93 0.07 0.75
0.45 0.96 0.29 0.40
0.54 0.59 0.55 0.08
0.52 0.78 0.58 0.16
0.02 0.41 0.47 0.59
0.26 0.58 0.18 0.90
0.79 0.65 0.18 0.06
0.15 0.03 0.97 0.93
0.65 0.09 0.53 0.54
0.76 0.12 0.69 0.10
0.17 0.62 0.58 0.02
0.32 0.67 0.17 0.34
0.15 0.66 0.40 0.56
0.22 0.56 0.37 0.43
0.68 0.97 0.02 0.19
0.94 1.00 0.09 0.10
0.04 0.57 0.15 0.87
0.90 0.14 0.45 0.08
0.10 0.68 0.81 0.19
0.34 0.18 0.27 0.12
0.61 0.07 0.11 0.96
0.46 0.41 0.10 0.82
0.01 0.61 0.64 0.17
0.96 0.69 0.04 0.52
0.71 0.66 0.26 0.41
0.33 0.11 0.61 0.22
0.11 0.04 0.91 0.94
0.63 0.67 0.01 0.91
0.65 0.46 0.02 0.78
0.63 0.89 0.03 0.63
0.43 0.69 0.02 0.80
0.64 0.38 0.17 0.38
0.37 0.02 0.54 0.68
0.17 0.60 0.69 0.09
0.30 0.51 0.18 0.83
0.03 0.74 0.52 0.13
0.14 0.98 0.20 0.57
0.73 0.01 0.79 1.00
0.96 0.05 0.17 0.56
0.12 0.71 0.65 0.10
0.83 0.01 0.23 0.57
0.17 0.57 0.23 0.56
0.76 0.51 0.01 0.82
0.64 0.34 0.67 0.09
0.58 0.01 0.72 0.58
0.03 0.84 0.41 0.83
0.82 0.21 0.10 0.59
0.74 0.05 0.08 0.53
0.06 0.80 0.03 0.89
0.99 0.17 0.03 0.81
0.26 0.56 0.19 0.46
0.23 0.83 0.53 0.01
0.55 0.01 0.62 0.99
0.64 0.96 0.01 0.65
0.28 0.97 0.51 0.28
0.66 0.23 0.21 0.64
0.61 0.53 0.03 0.75
0.08 0.49 0.75 0.16
0.65 0.55 0.06 0.74
0.82 0.12 0.73 0.05
0.48 0.26 0.25 0.62
0.06 0.55 0.98 0.54
0.79 0.28 0.75 0.04
0.64 0.03 0.27 0.69
0.62 0.52 0.71 0.01
0.20 0.61 0.22 0.69
0.71 0.83 0.01 0.62
0.88 0.53 0.21 0.10
0.17 0.57 0.60 0.29
0.82 0.04 0.71 0.22
0.10 0.01 0.82 0.77
0.57 0.11 0.56 0.55
0.99 0.14 0.43 0.10
0.51 0.05 0.51 0.75
0.76 0.93 0.06 0.23
0.12 0.99 0.06 0.51
0.01 0.77 0.42 0.86
0.98 0.33 0.05 0.94
0.97 0.01 0.62 0.06
0.58 0.65 0.24 0.27
0.23 0.53 0.96 0.04
0.68 1.00 0.08 0.01
0.75 0.69 0.21 0.25
0.86 0.01 0.53 0.42
0.57 0.33 0.08 0.67
0.72 0.52 0.57 0.02
0.86 0.82 0.03 0.51
0.56 0.56 0.06 0.70
0.33 0.09 0.11 0.70
0.78 0.51 0.01 0.58
0.73 0.05 0.09 0.98
0.58 0.74 0.14 0.07
0.56 0.01 0.85 0.72
0.07 0.68 0.93 0.10
0.54 0.73 0.04 0.40
0.17 0.39 0.43 0.64
0.06 0.54 0.06 0.83
0.74 0.53 0.56 0.06
0.06 0.95 0.03 0.53
0.68 0.16 0.77 0.02
0.74 0.23 0.07 0.90
0.19 0.53 0.09 0.74
0.70 0.56 0.04 0.21
0.44 0.75 0.07 0.52
0.43 0.21 0.16 0.17
0.60 0.54 0.04 0.60
0.71 0.07 0.63 0.60
0.87 0.01 0.22 0.10
0.01 0.79 0.12 0.93
0.69 0.60 0.06 0.59
0.27 0.41 0.86 0.17
0.52 0.53 0.06 0.02
0.53 0.02 0.11 0.57
0.67 0.63 0.01 0.66
0.19 0.19 0.26 0.54
0.99 0.57 0.59 0.01
0.24 0.70 0.05 0.74
0.70 0.75 0.03 0.40
0.15 0.90 0.26 0.13
0.67 0.17 0.98 0.18
0.20 0.83 0.45 0.12
0.50 0.58 0.86 0.06
0.89 0.14 0.58 0.04
0.86 0.05 0.57 0.28
0.08 0.59 0.26 0.11
0.59 0.58 0.03 0.98
0.11 0.23 0.04 0.25
0.75 0.33 0.75 0.02
0.08 0.17 0.80 0.02
0.01 0.86 0.63 0.30
0.68 0.04 0.64 0.46
0.01 0.59 0.44 0.62
0.70 0.14 0.75 0.05
0.12 0.88 0.63 0.06
0.61 0.67 0.78 0.01
0.82 0.16 0.38 0.32
0.02 0.59 0.05 0.54
0.52 0.48 0.03 0.52
0.87 0.22 0.11 0.36
0.54 0.57 0.52 0.01
0.92 0.66 0.37 0.01
0.63 0.03 0.66 0.28
0.60 0.62 0.02 0.75
0.20 0.21 0.07 0.70
0.25 0.06 0.96 0.12
0.43 0.44 0.01 0.14
0.59 0.12 0.10 0.62
0.46 0.15 0.57 0.04
0.60 0.26 0.16 0.05
0.69 0.14 0.23 0.53
0.05 0.25 0.52 0.10
0.30 0.31 0.61 0.06
0.10 0.90 0.08 0.09
0.13 0.15 0.63 0.23
0.61 0.51 0.83 0.01
0.89 0.83 0.25 0.01
0.06 0.18 0.96 0.72
0.50 0.06 0.12 0.86
0.04 0.32 0.04 0.95
0.08 0.11 0.82 0.74
0.66 0.01 0.58 0.14
0.64 0.01 0.75 0.56
0.18 0.01 0.77 0.91
0.89 0.22 0.02 0.59
0.56 0.04 0.96 0.20
0.01 0.13 0.95 0.96
0.85 0.08 0.03 0.12
0.59 0.07 0.66 0.11
0.57 0.71 0.02 0.11
0.01 0.52 0.33 0.59
0.27 0.15 0.41 0.71
0.47 0.07 0.52 0.40
0.25 0.90 0.10 0.05
0.58 0.01 0.51 0.13
0.38 0.17 0.08 0.61
0.92 0.01 0.90 0.03
0.56 0.88 0.04 0.11
0.88 0.57 0.01 0.03
0.58 0.02 0.83 0.07
0.05 0.15 0.58 0.88
0.73 0.01 0.37 0.88
0.58 0.15 0.39 0.26
0.60 0.61 0.02 0.07
0.13 0.77 0.01 0.76
0.03 0.11 0.46 0.75
0.26 0.56 0.35 0.04
0.65 0.03 0.10 0.93
0.14 0.11 0.82 0.58
0.70 0.03 0.02 0.76
0.52 0.79 0.85 0.01
0.04 0.43 0.51 0.56
0.08 0.11 0.81 0.27
0.21 0.37 0.40 0.16
0.67 0.37 0.56 0.02
0.12 0.69 0.14 0.05
0.29 0.06 0.68 0.70
0.67 0.34 0.03 0.56
0.50 0.01 0.55 0.93
1.00 0.91 0.13 0.01
0.08 0.03 0.78 0.40
0.47 0.03 0.08 0.76
0.76 0.01 1.00 0.07
0.33 0.02 0.52 0.57
0.52 0.03 0.70 0.54
0.57 0.22 0.03 0.82
0.45 0.20 0.66 0.09
0.41 0.82 0.02 0.67
0.51 0.56 0.81 0.01
0.56 0.02 0.85 0.51
0.11 0.58 0.03 0.36
0.22 0.01 0.58 0.44
0.97 0.52 0.55 0.01
0.14 0.03 0.59 0.57
0.06 0.30 0.38 0.99
0.10 0.60 0.85 0.01
0.24 0.08 0.70 0.40
0.30 0.82 0.02 0.14
0.25 0.75 0.02 0.96
0.46 0.55 0.77 0.02
0.83 0.01 0.20 0.66
0.02 0.80 0.55 0.52
0.10 0.29 0.10 0.73
0.02 0.65 0.51 0.42
0.01 0.59 0.70 0.08
1.00 0.01 0.20 0.48
0.20 0.46 0.33 0.06
0.18 0.26 0.67 0.01
0.80 0.13 0.15 0.10
0.73 0.01 0.64 0.07
0.58 0.06 0.02 0.73
0.02 0.09 0.62 0.55
0.42 0.01 0.87 0.30
0.81 0.49 0.13 0.06
0.16 0.06 0.55 0.78
0.64 0.36 0.03 0.56
0.54 0.06 0.16 0.54
0.07 0.57 1.00 0.02
0.02 0.03 0.73 0.67
0.04 0.66 0.93 0.04
0.39 0.38 0.03 0.04
0.03 0.01 0.84 0.65
0.27 0.10 0.68 0.18
0.52 0.08 0.26 0.70
0.72 0.19 0.02 0.62
0.01 0.86 0.25 0.39
0.06 0.72 0.62 0.02
0.04 0.52 0.74 0.47
0.18 1.00 0.11 0.08
0.31 0.04 0.42 0.73
0.02 0.59 0.57 0.52
0.13 0.15 0.28 0.69
0.07 0.52 0.17 0.21
0.18 0.61 0.20 0.09
0.03 0.84 0.56 0.02
0.08 0.06 0.14 0.59
0.78 0.16 0.17 0.52
0.95 0.12 0.58 0.01
0.01 0.84 0.05 0.75
0.79 0.06 0.07 0.61
0.63 0.11 0.73 0.09
0.08 0.70 0.63 0.05
0.51 0.05 0.59 0.34
0.37 0.18 0.15 0.36
0.01 0.64 0.08 0.73
0.69 0.05 0.58 0.12
0.65 0.13 0.93 0.03
0.11 0.67 0.18 0.08
0.77 0.09 0.52 0.10
0.19 0.69 0.49 0.01
0.53 0.02 0.56 0.28
0.04 0.36 0.97 0.52
0.05 0.69 0.04 0.63
0.21 0.10 0.53 0.51
0.02 0.62 0.53 0.12
0.59 0.18 0.10 0.37
0.06 0.60 0.91 0.05
0.69 0.07 0.94 0.04
0.64 0.04 0.22 0.16
0.04 0.24 0.21 0.99
0.02 0.54 0.88 0.53
0.62 0.56 0.01 0.11
0.04 0.93 0.06 0.03
0.74 0.42 0.53 0.01
0.10 0.01 0.85 0.03
0.78 0.02 0.53 0.06
0.87 0.38 0.01 0.99
0.59 0.69 0.02 0.12
0.75 0.02 0.02 0.69
0.02 0.12 0.53 0.31
0.32 0.58 0.02 0.74
0.80 0.25 0.82 0.01
0.03 0.77 0.17 0.36
0.78 0.20 0.32 0.06
0.64 0.01 0.44 0.57
0.43 0.22 0.08 0.48
0.38 0.01 0.52 0.55
0.25 0.17 0.34 0.47
0.52 0.06 0.02 0.89
0.05 0.76 0.03 0.69
0.74 0.08 0.69 0.01
0.19 0.05 0.52 0.73
0.05 0.57 0.06 0.77
0.07 0.87 0.27 0.10
0.69 0.04 0.55 0.01
0.06 0.48 0.48 0.52
0.92 0.23 0.02 0.51
0.56 0.04 0.02 0.01
0.03 0.94 0.39 0.15
0.53 0.09 0.55 0.35
0.01 0.87 0.19 0.63
0.53 0.05 0.03 0.86
0.74 0.01 0.26 0.63
0.34 0.84 0.01 0.71
0.06 0.70 0.13 0.34
0.61 0.01 0.69 0.04
0.07 0.15 0.36 0.79
0.07 0.44 0.50 0.14
0.02 0.59 0.06 0.05
0.53 0.11 0.75 0.06
0.52 0.14 0.27 0.58
0.19 0.05 0.21 0.67
0.66 0.03 0.50 0.35
0.18 0.01 0.81 0.74
0.66 0.01 0.36 0.70
0.53 0.32 0.01 0.63
0.02 0.03 0.89 0.24
0.42 0.58 0.23 0.01
0.55 0.05 0.59 0.15
0.74 0.01 0.09 0.62
0.15 0.76 0.56 0.02
0.33 0.09 0.68 0.01
0.26 0.02 0.77 0.38
0.02 0.26 0.63 0.10
0.48 0.29 0.49 0.05
0.10 0.56 0.76 0.04
0.91 0.01 0.06 0.83
0.10 0.45 0.11 0.63
0.07 0.22 0.40 0.55
0.03 0.16 0.12 0.95
0.12 0.15 0.49 0.06
0.29 0.06 0.59 0.07
0.02 0.24 0.22 0.53
0.04 0.02 0.64 0.93
0.01 0.68 0.66 0.07
0.02 0.54 0.54 0.04
0.01 0.47 1.00 0.21
0.98 0.03 0.65 0.01
0.15 0.04 0.56 0.82
0.01 0.50 0.51 0.55
0.01 0.33 0.75 0.80
0.01 0.96 0.60 0.13
0.41 0.12 0.35 0.52
0.26 0.07 0.20 0.27
0.10 0.72 0.04 0.16
0.08 0.67 0.59 0.02
0.85 0.01 0.38 0.36
0.01 0.56 0.74 0.07
0.51 0.16 0.51 0.04
0.03 0.01 0.93 0.52
0.92 0.01 0.26 0.01
0.19 0.01 0.68 0.80
0.07 0.28 0.19 0.88
0.03 0.34 0.05 0.05
0.65 0.03 0.24 0.39
0.11 0.49 0.65 0.04
0.41 0.70 0.07 0.01
0.36 0.15 0.47 0.12
0.06 0.09 0.66 0.51
0.11 0.09 0.11 0.93
0.05 0.04 0.56 0.47
0.16 0.49 0.01 0.88
0.15 0.05 0.49 0.70
0.47 0.10 0.02 0.96
0.19 0.01 0.39 0.62
0.03 0.30 0.04 0.54
0.01 0.74 0.58 0.52
0.28 0.05 0.13 0.98
0.13 0.14 0.79 0.20
0.01 0.15 0.95 0.71
0.51 0.24 0.01 0.99
0.35 0.53 0.17 0.03
0.17 0.09 0.83 0.03
0.01 0.74 0.55 0.42
0.55 0.09 0.01 0.69
0.33 0.82 0.31 0.01
0.28 0.24 0.58 0.05
0.13 0.53 0.02 0.91
0.54 0.59 0.04 0.01
0.06 0.02 0.72 0.14
0.23 0.19 0.09 0.78
0.43 0.14 0.06 0.51
0.35 0.10 0.12 0.08
0.01 0.65 0.04 0.56
0.52 0.07 0.82 0.06
0.31 0.08 0.80 0.06
0.84 0.02 0.01 0.92
0.62 0.02 0.06 0.99
0.17 0.96 0.03 0.11
0.21 0.73 0.20 0.04
0.01 0.93 0.55 0.24
0.07 0.58 0.86 0.03
