0.24 0.57 0.55 0.29
0.84 0.64 0.51 0.85
0.95 0.47 0.55 0.53
0.68 0.75 0.81 0.05
0.76 0.04 0.57 0.79
0.71 0.52 0.98 0.62
0.54 0.60 0.51 0.97
0.90 0.74 0.32 0.68
0.71 0.69 0.31 0.70
0.97 0.71 0.10 0.57
0.56 0.99 0.03 0.20
0.76 0.53 0.65 0.73
0.77 0.73 0.27 0.54
0.78 0.51 0.65 0.54
0.77 0.55 0.85 0.61
0.93 0.03 0.86 0.49
0.64 0.32 0.88 0.73
0.59 0.25 0.93 0.67
0.94 0.49 0.24 0.25
0.36 0.64 0.25 0.89
0.07 0.75 0.53 0.61
0.53 0.20 0.65 0.98
0.51 0.13 0.56 1.00
0.73 0.05 0.18 0.91
0.58 0.86 0.71 0.11
0.81 0.89 0.16 0.81
0.85 0.51 0.64 0.28
0.59 0.11 0.85 0.65
0.64 0.68 0.31 0.72
0.78 0.43 0.13 0.98
0.98 0.78 0.06 0.57
0.61 0.56 0.51 0.88
0.60 0.57 0.53 0.82
0.17 0.65 0.94 0.53
0.08 0.78 0.64 0.52
0.51 0.75 0.92 0.12
0.76 0.03 0.09 0.59
0.22 0.66 0.74 0.96
0.69 0.72 0.41 0.57
0.71 0.18 0.75 0.86
0.67 0.60 0.32 0.89
0.09 0.67 0.87 0.57
0.52 0.63 0.14 0.80
0.06 0.55 0.76 0.64
0.72 0.63 0.37 0.63
0.70 0.53 0.69 0.06
0.51 0.64 0.26 0.40
0.73 0.56 0.26 0.72
0.60 0.65 0.53 0.06
0.24 0.07 0.88 0.99
0.52 0.97 0.68 0.19
0.87 0.53 0.53 0.56
0.55 0.14 0.64 0.50
0.11 0.55 0.72 0.51
0.76 0.97 0.50 0.37
0.64 0.83 0.20 0.67
0.23 0.82 0.17 0.74
0.85 0.63 0.01 0.75
0.89 0.75 0.34 0.20
0.81 0.96 0.80 0.03
0.81 0.87 0.56 0.04
0.06 0.86 0.16 0.71
0.69 0.62 0.52 0.55
0.22 0.67 0.96 0.40
0.31 0.60 0.11 0.80
0.80 0.04 0.43 0.52
0.05 0.52 0.63 0.91
0.93 0.51 0.63 0.49
0.04 0.72 0.58 0.70
0.33 0.56 0.62 0.80
0.99 0.94 0.05 0.69
0.19 0.54 0.98 0.59
0.63 0.04 0.81 0.51
0.87 0.59 0.11 0.46
0.61 0.67 0.03 0.02
0.01 0.93 0.82 0.90
0.49 0.91 0.04 0.55
0.27 0.84 0.99 0.24
0.73 0.12 0.76 0.67
0.31 0.49 0.77 0.69
0.53 0.48 0.95 0.51
0.28 0.85 0.95 0.05
0.53 0.30 0.03 0.89
0.59 0.04 0.74 0.89
0.04 0.02 0.71 0.83
0.69 0.60 0.51 0.70
0.56 0.10 0.64 0.44
0.03 0.54 0.68 0.90
0.72 0.20 0.29 0.65
0.62 0.28 0.05 0.41
0.55 0.13 0.75 0.75
0.94 0.31 0.91 0.31
0.39 0.33 0.83 0.75
0.39 0.79 0.99 0.02
0.59 0.51 0.44 0.86
0.54 0.88 0.01 0.63
0.53 0.53 0.52 0.51
0.36 0.22 0.79 0.68
0.80 0.17 0.07 0.87
0.43 0.54 0.55 0.94
0.61 0.62 0.49 0.55
0.32 0.87 0.87 0.05
0.44 0.83 0.18 0.57
0.52 0.15 0.96 0.60
0.57 0.76 0.71 0.15
0.57 0.27 0.54 0.76
0.64 0.59 0.96 0.19
0.57 0.06 0.05 1.00
0.53 0.34 0.55 0.69
0.57 0.79 0.50 0.22
0.51 0.99 0.30 0.26
0.60 0.53 0.47 0.57
0.16 0.54 0.68 0.61
0.12 0.37 0.63 0.62
0.79 0.49 0.74 0.21
0.73 0.59 0.14 0.06
0.59 0.51 0.03 0.72
0.11 0.11 0.56 0.68
0.07 0.86 0.52 0.61
0.53 0.54 0.23 0.58
0.64 0.54 0.16 0.35
0.24 0.98 0.04 0.62
0.05 0.66 0.16 0.82
0.64 0.40 0.04 0.38
0.52 0.55 0.67 0.59
0.34 0.81 0.14 0.66
0.91 0.11 0.82 0.43
0.10 0.71 0.65 0.61
0.31 0.87 0.31 0.66
0.58 0.36 0.70 0.24
0.58 0.64 0.71 0.01
0.03 0.62 0.44 0.75
0.33 0.86 0.59 0.26
0.51 0.71 0.53 0.04
0.16 0.46 0.63 0.26
0.72 0.44 0.85 0.12
0.72 0.15 0.50 0.94
0.73 0.86 0.01 0.87
0.38 0.11 0.73 0.56
0.51 0.69 0.26 0.30
0.18 0.59 0.54 1.00
0.89 0.52 0.52 0.01
0.51 0.30 0.09 0.37
0.06 0.85 0.85 0.03
0.82 0.76 0.01 0.52
0.11 0.77 0.58 0.53
0.07 1.00 0.10 0.93
0.45 0.30 0.93 0.13
0.60 0.62 0.15 0.21
0.10 0.75 0.51 0.15
0.81 0.23 0.78 0.36
0.96 0.01 0.25 0.64
0.57 0.71 0.51 0.20
0.57 0.63 0.82 0.20
0.13 0.88 0.03 0.95
0.09 0.57 0.68 0.58
0.93 0.33 0.61 0.06
0.02 0.78 0.28 0.80
0.65 0.66 0.49 0.11
0.12 0.35 0.86 0.52
0.39 0.27 0.70 0.64
0.92 0.03 0.23 0.14
0.72 0.23 0.23 0.12
0.31 0.62 0.49 0.61
0.63 0.61 0.61 0.07
0.65 0.40 0.57 0.05
0.40 0.43 0.73 0.55
0.64 0.80 0.67 0.01
0.83 0.02 0.75 0.60
0.91 0.11 0.04 0.91
0.55 0.12 0.59 0.08
0.01 0.66 0.79 0.51
0.06 0.54 1.00 0.77
0.10 0.76 0.07 0.74
0.29 0.71 0.58 0.01
0.69 0.75 0.02 0.11
0.94 0.50 0.74 0.02
0.57 0.03 0.87 0.80
0.04 0.85 0.01 0.67
0.20 0.60 0.67 0.12
0.29 0.10 0.86 0.16
0.49 0.58 0.40 0.83
0.94 0.28 0.01 0.92
0.03 0.82 0.01 0.75
0.66 0.63 0.02 0.66
0.18 0.51 0.55 0.95
0.09 0.48 0.68 0.96
0.52 0.37 0.05 0.71
0.35 0.94 0.21 0.31
0.58 0.72 0.01 0.40
0.84 0.60 0.97 0.01
0.54 0.04 0.72 0.13
0.05 0.02 0.69 0.53
0.13 0.66 0.52 0.64
0.55 0.10 0.64 0.74
0.18 0.76 0.34 0.66
0.34 0.14 0.09 0.89
0.15 0.51 0.55 0.75
0.34 0.60 0.43 0.19
0.49 0.80 0.08 0.71
0.01 0.40 0.66 0.70
0.59 0.89 0.51 0.03
0.62 0.68 0.59 0.01
0.08 0.61 0.32 0.57
0.66 0.27 0.03 0.66
0.59 0.63 0.66 0.03
0.12 1.00 0.07 0.65
0.50 0.75 0.15 0.61
0.18 0.70 0.76 0.07
0.22 0.05 0.15 0.66
0.05 0.41 0.67 0.60
0.75 0.02 0.66 0.04
0.22 0.30 0.59 0.65
0.73 0.04 0.52 0.78
0.50 0.58 0.54 0.51
0.07 0.46 0.61 0.85
0.57 0.55 0.51 0.24
0.89 0.03 0.20 0.10
0.25 0.23 0.60 0.38
0.15 0.60 0.11 0.77
0.87 0.01 0.67 0.58
0.86 0.01 0.52 0.99
0.68 0.14 0.88 0.01
0.03 0.70 0.71 0.62
0.99 0.76 0.31 0.01
0.62 0.65 0.35 0.14
0.01 0.88 0.15 0.90
0.57 0.03 0.66 0.73
0.12 0.58 0.82 0.48
0.77 0.16 0.18 0.36
0.57 0.83 0.54 0.02
0.24 0.86 0.13 0.40
0.73 0.57 0.08 0.34
0.65 0.01 0.73 0.54
0.01 0.63 0.55 0.68
0.26 0.42 0.53 0.60
0.87 0.01 0.55 0.70
0.18 0.67 0.06 0.71
0.94 0.40 0.19 0.10
0.14 0.51 0.82 0.03
0.71 0.63 0.01 0.03
0.46 0.82 0.06 0.52
0.20 0.84 0.10 0.17
0.19 0.22 0.56 0.44
0.41 0.09 0.57 0.10
0.66 0.06 0.70 0.32
0.22 0.61 0.43 0.25
0.52 0.01 0.83 0.71
0.59 0.69 0.02 0.59
0.02 0.74 0.53 0.90
0.80 0.03 0.65 0.48
0.60 0.42 0.93 0.04
0.82 0.52 0.02 0.04
0.72 0.84 0.22 0.01
0.91 0.62 0.01 0.98
0.04 0.78 0.72 0.58
0.08 0.56 0.52 0.69
0.45 0.69 0.58 0.07
0.57 0.02 0.03 0.74
0.04 0.61 0.55 0.76
0.65 0.05 0.63 0.64
0.01 0.24 0.01 0.81
0.63 0.02 0.42 0.69
0.91 0.07 0.01 0.62
0.68 0.59 0.48 0.03
0.60 0.51 0.55 0.32
0.01 0.72 0.84 0.07
0.87 0.03 0.61 0.45
0.05 0.82 0.48 0.63
0.03 0.64 0.42 0.70
0.02 0.72 0.60 0.26
0.01 0.67 0.65 0.22
0.15 0.55 0.54 0.20
0.07 0.72 0.20 0.20
0.54 0.93 0.15 0.15
0.17 0.37 1.00 0.32
0.31 0.25 0.50 0.53
0.50 0.01 0.81 0.80
0.51 0.53 0.53 0.08
0.06 0.40 0.99 0.50
0.32 0.64 0.22 0.55
0.42 0.60 0.13 0.64
0.17 0.83 0.14 0.39
0.06 0.63 0.01 0.77
0.16 0.91 0.11 0.31
0.82 0.19 0.41 0.21
0.78 0.21 0.01 0.60
0.33 0.53 0.41 0.02
0.61 0.37 0.51 0.09
0.02 0.73 0.01 0.53
0.14 0.62 0.29 0.57
0.58 0.81 0.53 0.01
0.25 0.62 0.77 0.03
0.11 0.58 0.14 0.25
0.51 0.02 1.00 0.18
0.13 0.56 0.33 0.70
0.05 0.26 0.21 0.21
0.68 0.05 0.54 0.41
0.55 0.57 0.78 0.01
0.01 0.52 0.72 0.32
0.03 0.51 0.57 0.77
0.20 0.15 0.27 0.29
0.03 0.04 0.61 0.98
0.51 0.30 0.65 0.03
0.51 0.19 0.12 0.79
0.60 0.01 0.85 0.32
0.21 0.76 0.13 0.51
0.45 0.01 0.60 0.95
0.09 0.19 0.67 0.53
0.83 0.01 0.55 0.65
0.54 0.01 0.58 0.18
0.68 0.01 0.34 0.20
0.13 0.16 0.16 0.88
0.79 0.01 0.32 0.20
0.52 0.04 0.38 0.82
0.47 0.06 0.54 0.46
0.47 0.09 0.08 0.29
0.48 0.62 0.40 0.16
0.12 0.24 0.01 0.75
0.31 0.86 0.02 0.43
0.64 0.03 0.05 0.61
0.14 0.04 0.57 0.75
0.01 0.90 0.51 0.72
0.03 0.59 0.35 0.53
0.33 0.09 0.98 0.52
0.53 0.06 0.45 0.65
0.52 0.10 0.04 0.86
0.38 0.35 0.63 0.11
0.78 0.32 0.54 0.03
0.90 0.54 0.01 0.36
0.06 0.64 0.07 0.59
0.02 0.14 0.86 0.17
0.13 0.17 0.52 0.75
0.57 0.07 0.57 0.11
0.51 0.65 0.01 0.59
0.79 0.55 0.15 0.24
0.73 0.21 0.80 0.01
0.82 0.87 0.08 0.01
0.58 0.98 0.07 0.21
0.34 0.53 0.32 0.08
0.78 0.11 0.55 0.11
0.07 0.08 0.35 0.70
0.61 0.82 0.01 0.38
0.12 0.21 0.07 0.84
0.63 0.01 0.05 0.56
0.40 0.06 0.61 0.65
0.03 0.13 0.70 0.71
0.56 0.62 0.59 0.01
0.29 0.41 0.83 0.16
0.53 0.64 0.07 0.25
0.39 0.43 0.70 0.06
0.38 0.92 0.08 0.03
0.69 0.54 0.05 0.05
0.63 0.58 0.25 0.11
0.10 0.15 0.23 0.51
0.98 0.61 0.26 0.03
0.22 0.10 0.60 0.52
0.42 0.12 0.56 0.65
0.57 0.68 0.12 0.01
0.51 0.02 0.51 0.86
0.35 0.32 0.96 0.06
0.95 0.36 0.07 0.03
0.15 0.58 0.10 0.45
0.20 0.11 0.27 0.96
0.17 0.36 0.12 0.64
0.25 0.94 0.65 0.13
0.09 0.45 0.37 0.06
0.46 0.58 0.01 0.28
0.39 0.02 0.57 0.55
0.08 0.13 0.74 0.44
0.14 0.59 0.05 0.52
0.28 0.05 0.30 0.47
0.03 0.42 0.60 0.50
0.76 0.09 0.26 0.11
0.06 0.66 0.05 0.60
0.32 0.60 0.23 0.06
0.42 0.02 0.27 0.74
0.12 0.75 0.83 0.04
0.70 0.13 0.98 0.05
0.02 0.32 0.42 0.25
0.09 0.07 0.63 0.88
0.01 0.27 0.81 0.60
0.10 0.69 0.91 0.02
0.02 0.78 0.18 0.52
0.44 0.12 0.86 0.01
0.09 0.16 0.11 0.68
0.33 0.02 0.66 0.72
0.03 0.63 0.43 0.06
0.87 0.38 0.01 0.10
0.62 0.38 0.06 0.17
0.70 0.47 0.01 0.68
0.47 0.07 0.71 0.39
0.26 0.66 0.07 0.51
0.42 0.57 0.18 0.62
0.12 0.37 0.95 0.13
0.62 0.23 0.09 0.18
0.13 0.92 0.28 0.12
0.58 0.29 0.49 0.19
0.98 0.53 0.06 0.01
0.92 0.25 0.53 0.08
0.72 0.54 0.01 0.49
0.64 0.31 0.47 0.17
0.71 0.53 0.04 0.32
0.13 0.51 0.04 0.26
0.34 0.72 0.02 0.62
0.69 0.05 0.01 0.66
0.77 0.65 0.53 0.01
0.01 0.23 0.94 0.80
0.06 0.06 0.04 0.44
0.46 0.03 0.07 0.68
0.92 0.18 0.51 0.07
0.26 0.02 0.53 0.94
0.59 0.46 0.66 0.01
0.57 0.44 0.17 0.10
0.68 0.01 0.08 0.47
0.02 0.67 0.06 0.73
0.06 0.63 0.55 0.05
0.35 0.72 0.33 0.03
0.01 0.18 0.84 0.89
0.41 0.56 0.28 0.05
0.66 0.02 0.43 0.46
0.03 0.77 0.09 0.13
0.20 0.99 0.52 0.02
0.50 0.03 0.66 0.53
0.02 0.07 0.95 0.04
0.93 0.15 0.10 0.03
0.56 0.55 0.02 0.52
0.52 0.70 0.01 0.25
0.01 0.91 0.22 0.57
0.61 0.41 0.41 0.04
0.34 0.02 0.71 0.51
0.01 0.63 0.46 0.76
0.53 0.31 0.18 0.14
0.73 0.51 0.01 0.51
0.55 0.06 0.11 0.42
0.28 0.12 0.70 0.14
0.66 0.29 0.51 0.07
0.22 0.52 0.15 0.13
0.64 0.53 0.02 0.68
0.53 0.01 0.78 0.04
0.22 0.41 0.61 0.12
0.36 0.64 0.71 0.01
0.66 0.60 0.24 0.05
0.19 0.10 0.62 0.40
0.95 0.06 0.19 0.07
0.56 0.60 0.07 0.25
0.52 0.25 0.03 0.42
0.27 0.70 0.01 0.27
0.50 0.65 0.36 0.03
0.57 0.10 0.60 0.02
0.51 0.39 0.36 0.08
0.72 0.05 0.02 0.32
0.35 0.56 0.02 0.56
0.70 0.07 0.71 0.04
0.08 0.01 0.71 0.84
0.20 0.01 0.53 0.44
0.67 0.29 0.73 0.01
0.01 0.60 0.56 0.71
0.62 0.26 0.07 0.36
0.59 0.05 0.14 0.38
0.37 0.54 0.07 0.10
0.64 0.54 0.01 0.09
0.41 0.17 0.61 0.06
0.50 0.30 0.39 0.12
0.98 0.03 0.03 0.73
0.52 0.71 0.05 0.06
0.57 0.27 0.56 0.17
0.20 0.65 0.05 0.23
0.01 0.25 0.59 0.66
0.47 0.04 0.78 0.43
0.31 0.03 0.28 0.49
0.29 0.52 0.34 0.04
0.69 0.39 0.52 0.04
0.39 0.11 0.75 0.11
0.59 0.11 0.12 0.27
0.06 0.92 0.75 0.01
0.02 0.68 0.66 0.18
0.84 0.57 0.33 0.01
0.69 0.09 0.03 0.05
0.63 0.07 0.30 0.03
0.04 0.54 0.41 0.77
0.28 0.67 0.33 0.01
0.17 0.76 0.31 0.12
0.93 0.04 0.61 0.05
0.01 0.93 0.54 0.44
0.03 0.95 0.07 0.34
0.59 0.12 0.41 0.17
0.04 0.18 0.29 0.60
0.48 0.02 0.96 0.01
0.73 0.03 0.14 0.41
0.54 0.02 0.52 0.55
0.23 0.46 0.84 0.04
0.05 0.46 0.02 0.57
0.01 0.97 0.68 0.08
0.76 0.61 0.09 0.01
0.02 0.20 0.12 0.56
0.05 0.12 0.60 0.01
0.66 0.51 0.03 0.24
0.46 0.54 0.01 0.68
0.53 0.02 0.71 0.08
0.52 0.22 0.01 0.82
0.01 0.57 0.32 0.66
0.41 0.49 0.27 0.06
0.65 0.23 0.02 0.61
0.33 0.60 0.08 0.04
0.04 0.42 0.16 0.54
0.13 0.55 0.11 0.20
0.61 0.02 0.34 0.69
0.58 0.62 0.06 0.05
0.24 0.52 0.19 0.08
0.53 0.04 0.22 0.11
0.35 0.38 0.02 0.65
0.03 0.51 0.31 0.52
0.51 0.38 0.59 0.08
0.67 0.10 0.01 0.90
0.91 0.54 0.17 0.03
0.01 1.00 0.60 0.14
0.60 0.18 0.22 0.05
0.40 0.02 0.05 0.66
0.01 0.84 0.56 0.51
0.82 0.05 0.08 0.02
0.24 0.02 0.24 0.94
0.03 0.54 0.56 0.15
0.06 0.23 0.12 0.25
0.09 0.01 0.51 0.77
0.01 0.08 0.97 0.97
0.01 0.03 0.52 0.62
0.61 0.13 0.10 0.14
0.05 0.11 0.61 0.53
0.07 0.84 0.10 0.10
0.47 0.03 0.27 0.52
0.57 0.02 0.30 0.61
0.01 0.65 0.67 0.12
0.23 0.10 0.84 0.25
0.04 0.80 0.97 0.03
0.01 0.04 0.70 0.58
0.37 0.05 0.12 0.58
0.05 0.28 0.57 0.09
0.01 0.60 0.19 0.36
0.06 0.05 0.65 0.61
0.08 0.04 0.08 0.89
0.02 0.41 0.07 0.69
0.02 0.61 0.55 0.03
0.31 0.02 0.45 0.45
0.07 0.93 0.22 0.07
0.04 0.22 0.77 0.05
0.56 0.80 0.03 0.20
0.10 0.52 0.54 0.05
0.97 0.04 0.14 0.01
0.04 0.25 0.01 0.80
0.54 0.51 0.02 0.23
0.83 0.77 0.02 0.01
0.37 0.06 0.25 0.41
0.25 0.01 0.64 0.13
0.55 0.87 0.16 0.01
0.84 0.49 0.02 0.08
0.60 0.42 0.15 0.07
0.51 0.29 0.59 0.01
0.33 0.91 0.02 0.13
0.32 0.33 0.41 0.12
0.81 0.06 0.58 0.01
0.51 0.07 0.16 0.20
0.53 0.08 0.60 0.04
0.89 0.32 0.25 0.01
0.12 0.56 0.12 0.07
0.55 0.02 0.34 0.57
0.73 0.63 0.18 0.02
0.65 0.44 0.20 0.02
0.02 0.19 0.46 0.64
0.58 0.42 0.53 0.03
0.02 0.58 0.81 0.06
0.55 0.10 0.09 0.22
0.27 0.10 0.60 0.10
0.53 0.01 0.06 0.89
0.14 0.11 0.59 0.26
0.43 0.55 0.01 0.37
0.86 0.05 0.12 0.01
0.20 0.06 0.90 0.41
0.02 0.02 0.51 0.88
0.58 0.45 0.57 0.02
0.49 0.01 0.03 0.58
0.72 0.49 0.18 0.04
0.30 0.08 0.01 0.63
0.68 0.53 0.14 0.10
0.01 0.01 0.51 0.71
0.02 0.54 0.62 0.11
0.14 0.74 0.10 0.22
0.03 0.20 0.10 0.69
0.03 0.54 0.88 0.04
0.02 0.53 0.12 0.05
0.02 0.15 0.76 0.53
0.21 0.13 0.49 0.40
0.39 0.62 0.03 0.03
0.16 0.88 0.03 0.03
0.62 0.58 0.03 0.20
0.01 0.86 0.01 0.69
0.18 0.79 0.52 0.01
0.52 0.05 0.88 0.06
0.52 0.45 0.57 0.05
0.68 0.27 0.15 0.05
