24 57 55 29
84 64 51 85
95 47 55 53
68 75 81 5
76 4 57 79
71 52 98 62
54 60 51 97
90 74 32 68
71 69 31 70
97 71 10 57
56 99 3 20
76 53 65 73
77 73 27 54
78 51 65 54
77 55 85 61
93 3 86 49
64 32 88 73
59 25 93 67
94 49 24 25
36 64 25 89
7 75 53 61
53 20 65 98
51 13 56 100
73 5 18 91
58 86 71 11
81 89 16 81
85 51 64 28
59 11 85 65
64 68 31 72
78 43 13 98
98 78 6 57
61 56 51 88
60 57 53 82
17 65 94 53
8 78 64 52
51 75 92 12
76 3 9 59
22 66 74 96
69 72 41 57
71 18 75 86
67 60 32 89
9 67 87 57
52 63 14 80
6 55 76 64
72 63 37 63
70 53 69 6
51 64 26 40
73 56 26 72
60 65 53 6
24 7 88 99
52 97 68 19
87 53 53 56
55 14 64 50
11 55 72 51
76 97 50 37
64 83 20 67
23 82 17 74
85 63 1 75
89 75 34 20
81 96 80 3
81 87 56 4
6 86 16 71
69 62 52 55
22 67 96 40
31 60 11 80
80 4 43 52
5 52 63 91
93 51 63 49
4 72 58 70
33 56 62 80
99 94 5 69
19 54 98 59
63 4 81 51
87 59 11 46
61 67 3 2
1 93 82 90
49 91 4 55
27 84 99 24
73 12 76 67
31 49 77 69
53 48 95 51
28 85 95 5
53 30 3 89
59 4 74 89
4 2 71 83
69 60 51 70
56 10 64 44
3 54 68 90
72 20 29 65
62 28 5 41
55 13 75 75
94 31 91 31
39 33 83 75
39 79 99 2
59 51 44 86
54 88 1 63
53 53 52 51
36 22 79 68
80 17 7 87
43 54 55 94
61 62 49 55
32 87 87 5
44 83 18 57
52 15 96 60
57 76 71 15
57 27 54 76
64 59 96 19
57 6 5 100
53 34 55 69
57 79 50 22
51 99 30 26
60 53 47 57
16 54 68 61
12 37 63 62
79 49 74 21
73 59 14 6
59 51 3 72
11 11 56 68
7 86 52 61
53 54 23 58
64 54 16 35
24 98 4 62
5 66 16 82
64 40 4 38
52 55 67 59
34 81 14 66
91 11 82 43
10 71 65 61
31 87 31 66
58 36 70 24
58 64 71 1
3 62 44 75
33 86 59 26
51 71 53 4
16 46 63 26
72 44 85 12
72 15 50 94
73 86 1 87
38 11 73 56
51 69 26 30
18 59 54 100
89 52 52 1
51 30 9 37
6 85 85 3
82 76 1 52
11 77 58 53
7 100 10 93
45 30 93 13
60 62 15 21
10 75 51 15
81 23 78 36
96 1 25 64
57 71 51 20
57 63 82 20
13 88 3 95
9 57 68 58
93 33 61 6
2 78 28 80
65 66 49 11
12 35 86 52
39 27 70 64
92 3 23 14
72 23 23 12
31 62 49 61
63 61 61 7
65 40 57 5
40 43 73 55
64 80 67 1
83 2 75 60
91 11 4 91
55 12 59 8
1 66 79 51
6 54 100 77
10 76 7 74
29 71 58 1
69 75 2 11
94 50 74 2
57 3 87 80
4 85 1 67
20 60 67 12
29 10 86 16
49 58 40 83
94 28 1 92
3 82 1 75
66 63 2 66
18 51 55 95
9 48 68 96
52 37 5 71
35 94 21 31
58 72 1 40
84 60 97 1
54 4 72 13
5 2 69 53
13 66 52 64
55 10 64 74
18 76 34 66
34 14 9 89
15 51 55 75
34 60 43 19
49 80 8 71
1 40 66 70
59 89 51 3
62 68 59 1
8 61 32 57
66 27 3 66
59 63 66 3
12 100 7 65
50 75 15 61
18 70 76 7
22 5 15 66
5 41 67 60
75 2 66 4
22 30 59 65
73 4 52 78
50 58 54 51
7 46 61 85
57 55 51 24
89 3 20 10
25 23 60 38
15 60 11 77
87 1 67 58
86 1 52 99
68 14 88 1
3 70 71 62
99 76 31 1
62 65 35 14
1 88 15 90
57 3 66 73
12 58 82 48
77 16 18 36
57 83 54 2
24 86 13 40
73 57 8 34
65 1 73 54
1 63 55 68
26 42 53 60
87 1 55 70
18 67 6 71
94 40 19 10
14 51 82 3
71 63 1 3
46 82 6 52
20 84 10 17
19 22 56 44
41 9 57 10
66 6 70 32
22 61 43 25
52 1 83 71
59 69 2 59
2 74 53 90
80 3 65 48
60 42 93 4
82 52 2 4
72 84 22 1
91 62 1 98
4 78 72 58
8 56 52 69
45 69 58 7
57 2 3 74
4 61 55 76
65 5 63 64
1 24 1 81
63 2 42 69
91 7 1 62
68 59 48 3
60 51 55 32
1 72 84 7
87 3 61 45
5 82 48 63
3 64 42 70
2 72 60 26
1 67 65 22
15 55 54 20
7 72 20 20
54 93 15 15
17 37 100 32
31 25 50 53
50 1 81 80
51 53 53 8
6 40 99 50
32 64 22 55
42 60 13 64
17 83 14 39
6 63 1 77
16 91 11 31
82 19 41 21
78 21 1 60
33 53 41 2
61 37 51 9
2 73 1 53
14 62 29 57
58 81 53 1
25 62 77 3
11 58 14 25
51 2 100 18
13 56 33 70
5 26 21 21
68 5 54 41
55 57 78 1
1 52 72 32
3 51 57 77
20 15 27 29
3 4 61 98
51 30 65 3
51 19 12 79
60 1 85 32
21 76 13 51
45 1 60 95
9 19 67 53
83 1 55 65
54 1 58 18
68 1 34 20
13 16 16 88
79 1 32 20
52 4 38 82
47 6 54 46
47 9 8 29
48 62 40 16
12 24 1 75
31 86 2 43
64 3 5 61
14 4 57 75
1 90 51 72
3 59 35 53
33 9 98 52
53 6 45 65
52 10 4 86
38 35 63 11
78 32 54 3
90 54 1 36
6 64 7 59
2 14 86 17
13 17 52 75
57 7 57 11
51 65 1 59
79 55 15 24
73 21 80 1
82 87 8 1
58 98 7 21
34 53 32 8
78 11 55 11
7 8 35 70
61 82 1 38
12 21 7 84
63 1 5 56
40 6 61 65
3 13 70 71
56 62 59 1
29 41 83 16
53 64 7 25
39 43 70 6
38 92 8 3
69 54 5 5
63 58 25 11
10 15 23 51
98 61 26 3
22 10 60 52
42 12 56 65
57 68 12 1
51 2 51 86
35 32 96 6
95 36 7 3
15 58 10 45
20 11 27 96
17 36 12 64
25 94 65 13
9 45 37 6
46 58 1 28
39 2 57 55
8 13 74 44
14 59 5 52
28 5 30 47
3 42 60 50
76 9 26 11
6 66 5 60
32 60 23 6
42 2 27 74
12 75 83 4
70 13 98 5
2 32 42 25
9 7 63 88
1 27 81 60
10 69 91 2
2 78 18 52
44 12 86 1
9 16 11 68
33 2 66 72
3 63 43 6
87 38 1 10
62 38 6 17
70 47 1 68
47 7 71 39
26 66 7 51
42 57 18 62
12 37 95 13
62 23 9 18
13 92 28 12
58 29 49 19
98 53 6 1
92 25 53 8
72 54 1 49
64 31 47 17
71 53 4 32
13 51 4 26
34 72 2 62
69 5 1 66
77 65 53 1
1 23 94 80
6 6 4 44
46 3 7 68
92 18 51 7
26 2 53 94
59 46 66 1
57 44 17 10
68 1 8 47
2 67 6 73
6 63 55 5
35 72 33 3
1 18 84 89
41 56 28 5
66 2 43 46
3 77 9 13
20 99 52 2
50 3 66 53
2 7 95 4
93 15 10 3
56 55 2 52
52 70 1 25
1 91 22 57
61 41 41 4
34 2 71 51
1 63 46 76
53 31 18 14
73 51 1 51
55 6 11 42
28 12 70 14
66 29 51 7
22 52 15 13
64 53 2 68
53 1 78 4
22 41 61 12
36 64 71 1
66 60 24 5
19 10 62 40
95 6 19 7
56 60 7 25
52 25 3 42
27 70 1 27
50 65 36 3
57 10 60 2
51 39 36 8
72 5 2 32
35 56 2 56
70 7 71 4
8 1 71 84
20 1 53 44
67 29 73 1
1 60 56 71
62 26 7 36
59 5 14 38
37 54 7 10
64 54 1 9
41 17 61 6
50 30 39 12
98 3 3 73
52 71 5 6
57 27 56 17
20 65 5 23
1 25 59 66
47 4 78 43
31 3 28 49
29 52 34 4
69 39 52 4
39 11 75 11
59 11 12 27
6 92 75 1
2 68 66 18
84 57 33 1
69 9 3 5
63 7 30 3
4 54 41 77
28 67 33 1
17 76 31 12
93 4 61 5
1 93 54 44
3 95 7 34
59 12 41 17
4 18 29 60
48 2 96 1
73 3 14 41
54 2 52 55
23 46 84 4
5 46 2 57
1 97 68 8
76 61 9 1
2 20 12 56
5 12 60 1
66 51 3 24
46 54 1 68
53 2 71 8
52 22 1 82
1 57 32 66
41 49 27 6
65 23 2 61
33 60 8 4
4 42 16 54
13 55 11 20
61 2 34 69
58 62 6 5
24 52 19 8
53 4 22 11
35 38 2 65
3 51 31 52
51 38 59 8
67 10 1 90
91 54 17 3
1 100 60 14
60 18 22 5
40 2 5 66
1 84 56 51
82 5 8 2
24 2 24 94
3 54 56 15
6 23 12 25
9 1 51 77
1 8 97 97
1 3 52 62
61 13 10 14
5 11 61 53
7 84 10 10
47 3 27 52
57 2 30 61
1 65 67 12
23 10 84 25
4 80 97 3
1 4 70 58
37 5 12 58
5 28 57 9
1 60 19 36
6 5 65 61
8 4 8 89
2 41 7 69
2 61 55 3
31 2 45 45
7 93 22 7
4 22 77 5
56 80 3 20
10 52 54 5
97 4 14 1
4 25 1 80
54 51 2 23
83 77 2 1
37 6 25 41
25 1 64 13
55 87 16 1
84 49 2 8
60 42 15 7
51 29 59 1
33 91 2 13
32 33 41 12
81 6 58 1
51 7 16 20
53 8 60 4
89 32 25 1
12 56 12 7
55 2 34 57
73 63 18 2
65 44 20 2
2 19 46 64
58 42 53 3
2 58 81 6
55 10 9 22
27 10 60 10
53 1 6 89
14 11 59 26
43 55 1 37
86 5 12 1
20 6 90 41
2 2 51 88
58 45 57 2
49 1 3 58
72 49 18 4
30 8 1 63
68 53 14 10
1 1 51 71
2 54 62 11
14 74 10 22
3 20 10 69
3 54 88 4
2 53 12 5
2 15 76 53
21 13 49 40
39 62 3 3
16 88 3 3
62 58 3 20
1 86 1 69
18 79 52 1
52 5 88 6
52 45 57 5
68 27 15 5
