0.99 0.29 0.61 0.57
0.69 0.95 0.84 0.72
0.67 0.76 0.73 0.70
0.77 0.82 0.63 0.96
0.86 1.00 0.18 0.67
0.83 0.58 0.67 0.75
0.52 0.82 0.68 0.86
0.26 0.74 0.68 0.61
0.52 0.78 0.71 0.59
0.42 0.54 0.30 0.73
0.28 0.72 0.62 0.78
0.54 0.91 0.82 0.24
0.60 0.48 0.76 0.52
0.60 0.54 0.74 0.69
0.73 0.61 0.65 0.68
0.51 0.16 0.84 0.13
0.78 0.59 0.02 0.52
0.81 0.53 0.11 0.53
0.51 0.11 0.41 0.72
0.42 0.51 0.86 0.52
0.86 0.52 0.71 0.51
0.62 0.77 0.81 0.22
0.24 0.99 1.00 0.53
0.69 0.52 0.63 0.47
0.58 0.99 0.76 0.35
0.51 0.92 0.58 0.61
0.07 0.85 0.95 0.78
0.70 0.96 0.52 0.43
0.60 0.57 0.07 0.89
0.94 0.05 0.92 0.76
0.40 0.73 0.62 0.59
0.92 0.33 0.17 0.18
0.74 0.37 0.61 0.44
0.73 0.54 0.34 0.22
0.25 0.59 0.41 0.76
0.92 0.88 0.59 0.03
0.31 0.89 0.59 0.34
0.87 0.79 0.59 0.19
0.94 0.01 0.67 0.98
0.57 0.70 0.76 0.56
0.69 0.96 0.59 0.20
0.68 0.48 0.22 0.90
0.01 0.88 0.61 0.77
0.78 0.05 0.51 0.68
0.33 0.67 0.96 0.55
0.66 0.98 0.29 0.75
0.68 0.89 0.09 0.52
0.95 0.69 0.92 0.06
0.12 0.99 0.74 0.54
0.72 0.38 0.56 0.55
0.09 0.68 0.85 0.96
0.52 0.51 0.30 0.99
0.69 0.98 0.11 0.50
0.79 0.66 0.75 0.20
0.46 0.03 0.63 0.85
0.02 0.60 0.71 0.68
0.54 0.72 0.24 0.64
0.72 0.20 0.62 0.44
0.11 0.21 0.55 0.56
0.24 0.87 0.33 0.49
0.75 0.54 0.99 0.11
0.64 0.01 0.88 0.52
0.56 0.67 0.78 0.50
0.31 0.71 0.51 0.29
0.36 0.53 0.52 0.30
0.81 0.69 0.60 0.04
0.94 0.17 0.73 0.32
0.04 0.10 0.09 1.00
0.68 0.67 0.68 0.08
0.69 0.82 0.69 0.06
0.63 0.76 0.68 0.14
0.04 0.86 0.62 0.64
0.05 0.90 0.08 1.00
0.17 0.75 0.40 0.78
0.72 0.95 0.07 0.86
0.88 0.67 0.26 0.18
0.97 0.66 0.65 0.15
0.62 0.69 0.34 0.46
0.64 0.08 0.55 0.57
0.05 0.90 0.11 0.91
0.07 0.59 0.90 0.25
0.63 0.51 0.73 0.14
0.56 0.34 0.04 0.92
0.63 0.93 0.68 0.08
0.09 0.56 0.61 0.68
0.70 0.68 0.51 0.30
0.59 0.54 0.37 0.54
0.65 0.92 0.06 0.72
0.98 0.99 0.51 0.13
0.81 0.01 0.53 0.91
0.54 0.86 0.85 0.11
0.58 0.09 0.83 0.51
0.07 0.20 0.98 0.74
0.56 0.65 0.27 0.60
0.58 0.92 0.01 0.09
0.17 0.15 0.81 0.62
0.66 0.90 0.45 0.30
0.51 0.74 0.11 0.81
0.81 0.73 0.26 0.13
0.55 0.59 0.08 0.58
0.77 0.05 0.36 0.26
0.54 0.57 0.87 0.05
0.26 0.69 0.07 0.59
0.29 0.08 0.54 0.92
0.94 0.86 0.55 0.07
0.66 0.65 0.72 0.09
0.97 0.02 0.77 0.57
0.40 0.17 0.58 0.88
0.50 0.59 0.93 0.09
0.75 0.08 0.31 0.69
0.62 0.34 0.02 0.59
0.37 0.53 0.94 0.15
0.56 0.92 0.24 0.16
0.64 0.32 0.53 0.63
0.64 0.56 0.03 0.44
0.04 0.29 0.54 0.87
0.10 0.52 0.86 0.79
0.83 0.49 0.08 0.51
0.18 0.58 0.53 0.29
0.96 0.57 0.10 0.33
0.60 0.06 0.55 0.59
0.09 0.85 0.08 0.78
0.24 0.48 0.25 0.09
0.60 0.82 0.22 0.55
0.17 0.97 0.25 0.67
0.86 0.01 0.26 0.68
0.61 0.79 0.61 0.07
0.19 0.03 0.53 0.85
0.59 0.11 0.94 0.36
0.56 0.75 0.06 0.53
0.58 0.40 0.63 0.53
0.16 0.13 0.60 0.98
0.43 0.05 0.76 0.63
0.14 0.08 0.61 0.35
0.80 0.05 0.51 0.03
0.75 0.68 0.60 0.04
0.61 0.14 0.53 0.16
0.76 0.18 0.57 0.11
0.59 0.82 0.84 0.02
0.02 0.51 0.52 0.92
0.60 0.43 0.39 0.86
0.09 0.53 0.69 0.69
0.01 0.54 0.19 0.95
0.73 0.68 0.61 0.03
0.61 0.13 0.08 0.82
0.35 0.16 0.95 0.28
0.89 0.32 0.08 0.60
0.05 0.88 0.83 0.37
0.40 0.73 0.53 0.05
0.08 0.08 0.59 0.67
0.20 0.87 0.14 0.62
0.03 0.84 0.51 0.64
0.70 0.79 0.01 0.51
0.04 0.53 0.11 0.62
0.54 0.22 0.68 0.31
0.70 0.07 0.63 0.13
0.57 0.99 0.51 0.06
0.59 0.36 0.84 0.05
0.56 0.22 0.52 0.63
0.58 0.84 0.06 0.18
0.53 0.51 0.16 0.77
0.59 0.02 0.80 0.99
0.91 0.63 0.01 0.84
0.66 0.69 0.71 0.04
0.69 0.90 0.16 0.06
0.49 0.07 0.29 0.62
0.13 0.60 0.68 0.52
0.06 0.81 0.98 0.58
0.21 0.07 0.82 0.14
0.06 0.96 0.80 0.39
0.83 0.02 0.89 0.43
0.33 0.02 0.51 0.92
0.61 0.73 0.07 0.17
0.55 0.18 0.52 0.59
0.71 0.73 0.29 0.03
0.04 0.89 0.69 0.04
0.11 0.80 0.87 0.55
0.12 0.72 0.04 0.95
0.58 0.52 0.23 0.06
0.62 0.99 0.68 0.04
0.06 0.12 0.85 0.53
0.48 0.39 0.11 0.72
0.24 0.60 0.75 0.07
0.99 0.79 0.07 0.12
0.80 0.01 0.60 0.92
0.07 0.11 0.71 0.95
0.64 0.14 0.88 0.03
0.84 0.07 0.06 0.65
0.79 0.58 0.16 0.18
0.76 0.01 0.59 0.93
0.67 0.18 0.14 0.77
0.22 0.53 0.51 0.54
0.97 0.70 0.50 0.01
0.05 0.45 0.63 0.76
0.09 0.73 0.53 0.58
0.03 0.69 0.80 0.24
0.06 0.67 0.80 0.05
0.01 0.88 0.92 0.69
0.02 0.99 0.69 0.64
0.84 0.86 0.42 0.02
0.92 0.69 0.85 0.02
0.92 0.74 0.12 0.12
0.04 0.83 0.56 0.29
0.05 0.31 0.20 0.56
0.74 0.27 0.63 0.04
0.53 0.75 0.11 0.58
0.03 0.67 0.90 0.55
0.56 0.62 0.10 0.51
0.05 0.57 0.04 0.62
0.92 0.14 0.23 0.34
0.66 0.43 0.51 0.26
0.38 0.95 0.40 0.01
0.63 0.21 0.51 0.53
0.01 0.97 0.26 0.84
0.79 0.71 0.01 0.62
0.54 0.99 0.22 0.48
0.12 0.79 0.58 0.17
0.96 0.04 0.59 0.63
0.69 0.02 0.55 0.18
0.59 0.87 0.03 0.93
0.04 0.25 0.96 0.75
0.62 0.78 0.03 0.58
0.27 0.89 0.03 0.74
0.69 0.08 0.72 0.16
0.02 0.52 0.98 0.62
0.49 0.01 0.93 0.74
0.73 0.52 0.19 0.40
0.32 0.08 0.52 0.43
0.73 0.03 0.44 0.72
0.08 0.80 0.71 0.51
0.74 0.34 0.73 0.01
0.88 0.18 0.03 0.24
0.84 0.74 0.66 0.02
0.51 0.42 0.51 0.54
0.57 0.15 0.12 0.54
0.05 0.70 0.74 0.47
0.97 0.09 0.02 0.62
0.17 0.12 0.67 0.15
0.51 0.99 0.06 0.24
0.96 0.75 0.10 0.08
0.40 0.82 0.17 0.57
0.67 0.66 0.02 0.51
0.13 0.77 0.68 0.51
0.56 0.01 0.86 0.83
0.55 0.73 0.32 0.07
0.84 0.11 0.03 0.88
0.71 0.57 0.70 0.05
0.14 0.97 0.78 0.02
0.04 0.06 0.68 0.56
0.67 0.04 0.79 0.55
0.59 0.83 0.46 0.02
0.99 0.65 0.12 0.21
0.44 0.73 0.90 0.03
0.65 0.08 0.71 0.10
0.38 0.77 0.43 0.06
0.98 0.09 0.09 0.59
0.66 0.79 0.01 0.69
0.61 0.01 0.73 0.81
0.83 0.82 0.03 0.35
0.74 0.22 0.01 0.87
0.56 0.87 0.63 0.01
0.68 0.54 0.11 0.01
0.10 0.82 0.25 0.13
0.03 0.11 0.67 0.58
0.04 0.68 0.20 0.59
0.09 0.65 0.78 0.19
0.18 0.62 0.19 0.57
0.10 0.60 0.40 0.35
0.53 0.88 0.93 0.02
0.72 0.05 0.41 0.91
0.68 0.17 0.74 0.06
0.02 0.04 0.60 0.75
0.42 0.42 0.55 0.15
0.18 0.10 0.58 0.60
0.24 0.54 0.53 0.07
0.61 0.03 0.91 0.74
0.09 0.28 0.58 0.60
0.14 0.30 0.48 0.55
0.47 0.86 0.03 0.20
0.98 0.64 0.01 0.15
0.35 0.66 0.75 0.03
0.24 0.27 0.44 0.74
0.61 0.30 0.23 0.16
0.58 0.01 0.77 1.00
0.66 0.01 0.65 0.91
0.02 0.97 0.71 0.61
0.01 0.63 0.17 0.61
0.37 0.02 0.93 0.10
0.85 0.52 0.01 0.20
0.61 0.45 0.02 0.52
0.59 0.02 0.05 0.96
0.75 0.75 0.01 0.85
0.08 0.98 0.45 0.54
0.08 0.87 0.02 0.46
0.99 0.10 0.32 0.41
0.16 0.24 0.54 0.68
0.56 0.68 0.53 0.03
0.73 0.12 0.09 0.01
0.89 0.02 0.40 0.57
0.48 0.68 0.68 0.03
0.08 0.87 0.07 0.16
0.67 0.08 0.36 0.61
0.15 0.29 0.53 0.64
0.32 0.76 0.13 0.53
0.29 0.67 0.21 0.41
0.51 0.01 0.58 0.79
0.10 0.53 0.62 0.52
0.22 0.12 0.56 0.69
0.74 0.31 0.06 0.58
0.33 0.07 0.26 0.88
0.07 0.58 0.60 0.14
0.67 0.01 0.27 0.64
0.33 0.75 0.52 0.02
0.41 0.71 0.04 0.43
0.57 0.81 0.02 1.00
0.20 0.53 0.19 0.56
0.02 0.07 0.74 0.65
0.57 0.05 0.47 0.10
0.51 0.07 0.52 0.23
0.30 0.53 0.07 0.34
0.51 0.05 0.71 0.54
0.15 0.28 0.29 0.73
0.01 0.52 0.85 0.99
0.44 0.56 0.02 0.81
0.62 0.74 0.06 0.20
0.54 0.18 0.15 0.86
0.55 0.01 0.86 0.62
0.20 0.79 0.91 0.04
0.07 0.16 0.77 0.49
0.55 0.14 0.30 0.03
0.35 0.10 0.30 0.58
0.80 0.81 0.07 0.10
0.07 0.18 0.70 0.01
0.12 0.68 0.51 0.21
0.55 0.05 0.51 0.61
0.03 0.52 0.60 0.07
0.19 0.04 0.04 0.76
0.62 0.05 0.23 0.61
0.60 0.61 0.02 0.62
0.51 0.26 0.14 0.52
0.09 0.17 0.73 0.53
0.64 0.29 0.01 0.70
0.61 0.04 0.52 0.56
0.41 0.06 0.36 0.57
0.81 0.84 0.01 0.46
0.95 0.26 0.04 0.03
0.02 0.61 0.60 0.62
0.14 0.68 0.38 0.52
0.03 0.17 0.86 0.45
0.07 0.56 0.54 0.52
0.19 0.05 0.53 0.17
0.05 0.71 0.37 0.33
0.70 0.18 0.14 0.19
0.07 0.53 0.09 0.51
0.85 0.06 0.35 0.22
0.11 0.24 0.31 0.65
0.48 0.66 0.57 0.04
0.57 0.02 0.67 0.42
0.76 0.09 0.13 0.68
0.60 0.01 0.74 0.53
0.67 0.60 0.34 0.02
0.67 0.03 0.02 0.17
0.14 0.86 0.21 0.45
0.54 0.34 0.05 0.58
0.53 0.03 0.78 0.67
0.56 0.52 0.04 0.61
0.01 0.92 0.63 0.48
0.56 0.72 0.02 0.77
0.86 0.53 0.06 0.02
0.05 0.01 0.54 0.95
0.03 0.52 0.51 0.97
0.02 0.71 0.74 0.52
0.02 0.52 0.98 0.57
0.41 0.21 0.24 0.06
0.15 0.52 0.30 0.53
0.40 0.05 0.43 0.58
0.53 0.62 0.66 0.01
0.65 0.01 0.48 0.96
0.03 0.54 0.11 0.84
0.01 0.06 0.63 0.65
0.02 0.59 0.59 0.70
0.67 0.01 0.19 0.78
0.01 0.51 0.54 0.24
0.70 0.86 0.01 0.08
0.92 0.02 0.18 0.43
0.01 0.55 0.25 0.67
0.11 0.05 0.52 0.71
0.23 0.82 0.54 0.03
0.07 0.08 0.69 0.12
0.01 0.51 0.04 0.79
0.58 0.52 0.20 0.50
0.17 0.58 0.02 0.55
0.03 0.31 0.62 0.72
0.09 0.11 0.24 0.71
0.51 0.07 0.28 0.75
0.55 0.18 0.15 0.59
0.10 0.76 0.56 0.22
0.21 0.03 0.85 0.67
0.26 0.16 0.63 0.07
0.59 0.15 0.08 0.64
0.61 0.08 0.06 0.44
0.10 0.60 0.27 0.17
0.19 0.25 0.41 0.42
0.03 0.55 0.17 0.59
0.07 0.88 0.01 0.56
0.53 0.06 0.44 0.51
0.04 0.28 0.05 0.88
0.33 0.51 0.02 0.68
0.55 0.05 0.77 0.05
0.03 0.99 0.04 0.60
0.04 0.08 0.58 0.92
0.11 0.15 0.57 0.57
0.55 0.69 0.05 0.38
0.06 0.52 0.49 0.28
0.56 0.02 0.51 0.73
0.32 0.83 0.23 0.14
0.12 0.20 0.16 0.55
0.03 0.76 0.37 0.24
0.07 0.53 0.03 0.69
0.15 0.69 0.59 0.13
0.07 0.21 0.02 1.00
0.12 0.38 0.62 0.51
0.03 0.35 0.23 0.82
0.01 0.42 0.33 0.91
0.16 0.19 0.45 0.59
0.62 0.66 0.30 0.02
0.02 0.44 0.79 0.59
0.04 0.30 0.81 0.29
0.12 0.03 0.67 0.51
0.54 0.02 0.86 0.54
0.17 0.15 0.33 0.51
0.33 0.59 0.06 0.52
0.98 0.01 0.97 0.03
0.11 0.52 0.06 0.75
0.60 0.02 0.75 0.41
0.13 0.78 0.01 0.33
0.34 0.02 0.71 0.66
0.19 0.51 0.03 0.79
0.01 0.49 0.61 0.13
0.55 0.63 0.05 0.50
0.12 0.85 0.44 0.01
0.06 0.65 0.86 0.04
0.62 0.55 0.01 0.53
0.21 0.13 0.47 0.64
0.67 0.01 0.57 0.63
0.01 0.02 0.86 0.85
0.53 0.22 0.06 0.72
0.11 0.71 0.14 0.14
0.71 0.61 0.04 0.01
0.57 0.31 0.18 0.19
0.10 0.89 0.12 0.01
0.11 0.19 0.09 0.87
0.09 0.69 0.04 0.08
0.66 0.04 0.37 0.70
0.02 0.13 0.69 0.49
0.51 0.01 0.88 0.32
0.53 0.02 0.55 0.19
0.44 0.58 0.01 0.92
0.27 0.60 0.64 0.01
0.63 0.67 0.11 0.07
0.53 0.64 0.63 0.03
0.20 0.62 0.63 0.03
0.10 0.23 0.56 0.52
0.87 0.01 0.54 0.52
0.16 0.81 0.64 0.01
0.70 0.75 0.10 0.05
0.86 0.01 0.87 0.36
0.60 0.36 0.53 0.02
0.36 0.06 0.12 0.44
0.30 0.07 0.94 0.05
0.14 0.52 0.14 0.62
0.19 0.78 0.55 0.04
0.99 0.92 0.03 0.03
1.00 0.73 0.01 0.12
0.03 0.16 0.60 0.63
0.41 0.87 0.41 0.04
0.64 0.04 0.50 0.43
0.55 0.32 0.09 0.66
0.64 0.10 0.01 0.99
0.24 0.01 0.60 0.90
0.42 0.67 0.02 0.04
0.23 0.42 0.01 0.94
0.53 0.01 0.71 0.67
0.01 0.20 0.53 0.59
0.60 0.35 0.23 0.12
0.06 0.51 0.91 0.02
0.03 0.11 0.59 0.67
0.70 0.30 0.03 0.16
0.61 0.02 0.12 0.75
0.06 0.72 0.74 0.06
0.03 0.92 0.63 0.03
0.29 0.24 0.02 0.70
0.05 0.36 0.03 0.10
0.05 0.63 0.01 0.56
0.01 0.96 0.06 0.72
0.18 0.02 0.83 0.64
0.79 0.10 0.74 0.02
0.02 0.13 0.58 0.81
0.73 0.53 0.01 0.15
0.66 0.10 0.56 0.04
0.85 0.27 0.01 0.66
0.24 0.57 0.02 0.85
0.48 0.40 0.41 0.01
0.04 0.19 0.80 0.05
0.42 0.06 0.95 0.07
0.40 0.13 0.76 0.01
0.01 0.65 0.31 0.59
0.62 0.36 0.55 0.01
0.74 0.01 0.44 0.12
0.36 0.53 0.55 0.05
0.61 0.01 0.66 0.62
0.08 0.26 0.23 0.66
0.35 0.05 0.09 0.58
0.29 0.57 0.38 0.08
0.75 0.38 0.01 0.23
0.52 0.28 0.07 0.26
0.01 0.53 0.40 0.60
0.56 0.01 0.53 0.49
0.77 0.01 0.25 0.37
0.28 0.01 0.80 0.56
0.44 0.03 0.94 0.08
0.35 0.01 0.52 0.61
0.40 0.04 0.47 0.55
0.04 0.46 0.41 0.60
0.61 0.04 0.84 0.18
0.02 0.44 0.71 0.32
0.11 0.72 0.38 0.01
0.02 0.49 0.22 0.87
0.45 0.56 0.17 0.06
0.20 0.28 0.18 0.53
0.30 0.20 0.23 0.08
0.54 0.13 0.57 0.16
0.19 0.87 0.21 0.03
0.95 0.02 0.15 0.69
0.52 0.30 0.60 0.01
0.62 0.43 0.20 0.06
0.19 0.76 0.34 0.03
0.17 0.62 0.01 0.58
0.39 0.14 0.76 0.10
0.12 0.43 0.02 0.84
0.11 0.52 0.59 0.06
0.62 0.03 0.83 0.16
0.66 0.04 0.26 0.28
0.72 0.04 0.63 0.05
0.34 0.04 0.52 0.65
0.36 0.66 0.52 0.01
0.27 0.12 0.93 0.05
0.02 0.95 0.68 0.08
0.44 0.02 0.05 0.07
0.10 0.02 0.90 0.69
0.54 0.62 0.01 0.24
0.41 0.19 0.06 0.74
0.21 0.10 0.01 0.67
0.43 0.55 0.01 0.51
0.02 0.09 0.92 0.07
0.05 0.06 0.15 0.90
0.04 0.09 0.20 0.57
0.54 0.02 0.93 0.06
0.01 0.85 0.05 0.67
0.04 0.57 0.16 0.03
0.59 0.26 0.01 0.43
0.19 0.03 0.33 0.94
0.03 0.80 0.48 0.21
0.02 0.06 0.55 0.94
0.02 0.38 0.02 0.74
0.61 0.01 0.76 0.19
0.29 0.26 0.07 0.30
0.04 0.05 0.05 0.77
0.23 0.03 0.32 0.86
0.09 0.54 0.01 0.92
0.04 0.98 0.01 0.65
0.29 0.02 0.66 0.77
0.55 0.80 0.04 0.02
0.04 0.54 0.17 0.14
0.44 0.01 0.22 0.81
0.69 0.08 0.99 0.03
0.03 0.13 0.30 0.65
0.56 0.03 0.04 0.51
0.83 0.01 0.20 0.24
0.53 0.01 0.68 0.60
0.06 0.08 0.12 0.07
0.04 0.18 0.02 0.89
0.06 0.65 0.72 0.02
0.95 0.19 0.05 0.05
0.03 0.06 0.92 0.54
0.64 0.01 0.58 0.19
0.01 0.98 0.01 0.84
0.68 0.64 0.01 0.15
0.19 0.01 0.73 0.57
0.03 0.06 0.52 0.91
0.57 0.67 0.12 0.03
0.33 0.02 0.64 0.71
0.61 0.01 0.06 0.31
0.02 0.07 0.89 0.63
0.60 0.01 0.30 0.69
0.03 0.62 0.90 0.06
0.90 0.60 0.04 0.03
0.30 0.07 0.06 0.60
0.01 0.21 0.02 0.94
0.72 0.17 0.13 0.02
