99 29 61 57
69 95 84 72
67 76 73 70
77 82 63 96
86 100 18 67
83 58 67 75
52 82 68 86
26 74 68 61
52 78 71 59
42 54 30 73
28 72 62 78
54 91 82 24
60 48 76 52
60 54 74 69
73 61 65 68
51 16 84 13
78 59 2 52
81 53 11 53
51 11 41 72
42 51 86 52
86 52 71 51
62 77 81 22
24 99 100 53
69 52 63 47
58 99 76 35
51 92 58 61
7 85 95 78
70 96 52 43
60 57 7 89
94 5 92 76
40 73 62 59
92 33 17 18
74 37 61 44
73 54 34 22
25 59 41 76
92 88 59 3
31 89 59 34
87 79 59 19
94 1 67 98
57 70 76 56
69 96 59 20
68 48 22 90
1 88 61 77
78 5 51 68
33 67 96 55
66 98 29 75
68 89 9 52
95 69 92 6
12 99 74 54
72 38 56 55
9 68 85 96
52 51 30 99
69 98 11 50
79 66 75 20
46 3 63 85
2 60 71 68
54 72 24 64
72 20 62 44
11 21 55 56
24 87 33 49
75 54 99 11
64 1 88 52
56 67 78 50
31 71 51 29
36 53 52 30
81 69 60 4
94 17 73 32
4 10 9 100
68 67 68 8
69 82 69 6
63 76 68 14
4 86 62 64
5 90 8 100
17 75 40 78
72 95 7 86
88 67 26 18
97 66 65 15
62 69 34 46
64 8 55 57
5 90 11 91
7 59 90 25
63 51 73 14
56 34 4 92
63 93 68 8
9 56 61 68
70 68 51 30
59 54 37 54
65 92 6 72
98 99 51 13
81 1 53 91
54 86 85 11
58 9 83 51
7 20 98 74
56 65 27 60
58 92 1 9
17 15 81 62
66 90 45 30
51 74 11 81
81 73 26 13
55 59 8 58
77 5 36 26
54 57 87 5
26 69 7 59
29 8 54 92
94 86 55 7
66 65 72 9
97 2 77 57
40 17 58 88
50 59 93 9
75 8 31 69
62 34 2 59
37 53 94 15
56 92 24 16
64 32 53 63
64 56 3 44
4 29 54 87
10 52 86 79
83 49 8 51
18 58 53 29
96 57 10 33
60 6 55 59
9 85 8 78
24 48 25 9
60 82 22 55
17 97 25 67
86 1 26 68
61 79 61 7
19 3 53 85
59 11 94 36
56 75 6 53
58 40 63 53
16 13 60 98
43 5 76 63
14 8 61 35
80 5 51 3
75 68 60 4
61 14 53 16
76 18 57 11
59 82 84 2
2 51 52 92
60 43 39 86
9 53 69 69
1 54 19 95
73 68 61 3
61 13 8 82
35 16 95 28
89 32 8 60
5 88 83 37
40 73 53 5
8 8 59 67
20 87 14 62
3 84 51 64
70 79 1 51
4 53 11 62
54 22 68 31
70 7 63 13
57 99 51 6
59 36 84 5
56 22 52 63
58 84 6 18
53 51 16 77
59 2 80 99
91 63 1 84
66 69 71 4
69 90 16 6
49 7 29 62
13 60 68 52
6 81 98 58
21 7 82 14
6 96 80 39
83 2 89 43
33 2 51 92
61 73 7 17
55 18 52 59
71 73 29 3
4 89 69 4
11 80 87 55
12 72 4 95
58 52 23 6
62 99 68 4
6 12 85 53
48 39 11 72
24 60 75 7
99 79 7 12
80 1 60 92
7 11 71 95
64 14 88 3
84 7 6 65
79 58 16 18
76 1 59 93
67 18 14 77
22 53 51 54
97 70 50 1
5 45 63 76
9 73 53 58
3 69 80 24
6 67 80 5
1 88 92 69
2 99 69 64
84 86 42 2
92 69 85 2
92 74 12 12
4 83 56 29
5 31 20 56
74 27 63 4
53 75 11 58
3 67 90 55
56 62 10 51
5 57 4 62
92 14 23 34
66 43 51 26
38 95 40 1
63 21 51 53
1 97 26 84
79 71 1 62
54 99 22 48
12 79 58 17
96 4 59 63
69 2 55 18
59 87 3 93
4 25 96 75
62 78 3 58
27 89 3 74
69 8 72 16
2 52 98 62
49 1 93 74
73 52 19 40
32 8 52 43
73 3 44 72
8 80 71 51
74 34 73 1
88 18 3 24
84 74 66 2
51 42 51 54
57 15 12 54
5 70 74 47
97 9 2 62
17 12 67 15
51 99 6 24
96 75 10 8
40 82 17 57
67 66 2 51
13 77 68 51
56 1 86 83
55 73 32 7
84 11 3 88
71 57 70 5
14 97 78 2
4 6 68 56
67 4 79 55
59 83 46 2
99 65 12 21
44 73 90 3
65 8 71 10
38 77 43 6
98 9 9 59
66 79 1 69
61 1 73 81
83 82 3 35
74 22 1 87
56 87 63 1
68 54 11 1
10 82 25 13
3 11 67 58
4 68 20 59
9 65 78 19
18 62 19 57
10 60 40 35
53 88 93 2
72 5 41 91
68 17 74 6
2 4 60 75
42 42 55 15
18 10 58 60
24 54 53 7
61 3 91 74
9 28 58 60
14 30 48 55
47 86 3 20
98 64 1 15
35 66 75 3
24 27 44 74
61 30 23 16
58 1 77 100
66 1 65 91
2 97 71 61
1 63 17 61
37 2 93 10
85 52 1 20
61 45 2 52
59 2 5 96
75 75 1 85
8 98 45 54
8 87 2 46
99 10 32 41
16 24 54 68
56 68 53 3
73 12 9 1
89 2 40 57
48 68 68 3
8 87 7 16
67 8 36 61
15 29 53 64
32 76 13 53
29 67 21 41
51 1 58 79
10 53 62 52
22 12 56 69
74 31 6 58
33 7 26 88
7 58 60 14
67 1 27 64
33 75 52 2
41 71 4 43
57 81 2 100
20 53 19 56
2 7 74 65
57 5 47 10
51 7 52 23
30 53 7 34
51 5 71 54
15 28 29 73
1 52 85 99
44 56 2 81
62 74 6 20
54 18 15 86
55 1 86 62
20 79 91 4
7 16 77 49
55 14 30 3
35 10 30 58
80 81 7 10
7 18 70 1
12 68 51 21
55 5 51 61
3 52 60 7
19 4 4 76
62 5 23 61
60 61 2 62
51 26 14 52
9 17 73 53
64 29 1 70
61 4 52 56
41 6 36 57
81 84 1 46
95 26 4 3
2 61 60 62
14 68 38 52
3 17 86 45
7 56 54 52
19 5 53 17
5 71 37 33
70 18 14 19
7 53 9 51
85 6 35 22
11 24 31 65
48 66 57 4
57 2 67 42
76 9 13 68
60 1 74 53
67 60 34 2
67 3 2 17
14 86 21 45
54 34 5 58
53 3 78 67
56 52 4 61
1 92 63 48
56 72 2 77
86 53 6 2
5 1 54 95
3 52 51 97
2 71 74 52
2 52 98 57
41 21 24 6
15 52 30 53
40 5 43 58
53 62 66 1
65 1 48 96
3 54 11 84
1 6 63 65
2 59 59 70
67 1 19 78
1 51 54 24
70 86 1 8
92 2 18 43
1 55 25 67
11 5 52 71
23 82 54 3
7 8 69 12
1 51 4 79
58 52 20 50
17 58 2 55
3 31 62 72
9 11 24 71
51 7 28 75
55 18 15 59
10 76 56 22
21 3 85 67
26 16 63 7
59 15 8 64
61 8 6 44
10 60 27 17
19 25 41 42
3 55 17 59
7 88 1 56
53 6 44 51
4 28 5 88
33 51 2 68
55 5 77 5
3 99 4 60
4 8 58 92
11 15 57 57
55 69 5 38
6 52 49 28
56 2 51 73
32 83 23 14
12 20 16 55
3 76 37 24
7 53 3 69
15 69 59 13
7 21 2 100
12 38 62 51
3 35 23 82
1 42 33 91
16 19 45 59
62 66 30 2
2 44 79 59
4 30 81 29
12 3 67 51
54 2 86 54
17 15 33 51
33 59 6 52
98 1 97 3
11 52 6 75
60 2 75 41
13 78 1 33
34 2 71 66
19 51 3 79
1 49 61 13
55 63 5 50
12 85 44 1
6 65 86 4
62 55 1 53
21 13 47 64
67 1 57 63
1 2 86 85
53 22 6 72
11 71 14 14
71 61 4 1
57 31 18 19
10 89 12 1
11 19 9 87
9 69 4 8
66 4 37 70
2 13 69 49
51 1 88 32
53 2 55 19
44 58 1 92
27 60 64 1
63 67 11 7
53 64 63 3
20 62 63 3
10 23 56 52
87 1 54 52
16 81 64 1
70 75 10 5
86 1 87 36
60 36 53 2
36 6 12 44
30 7 94 5
14 52 14 62
19 78 55 4
99 92 3 3
100 73 1 12
3 16 60 63
41 87 41 4
64 4 50 43
55 32 9 66
64 10 1 99
24 1 60 90
42 67 2 4
23 42 1 94
53 1 71 67
1 20 53 59
60 35 23 12
6 51 91 2
3 11 59 67
70 30 3 16
61 2 12 75
6 72 74 6
3 92 63 3
29 24 2 70
5 36 3 10
5 63 1 56
1 96 6 72
18 2 83 64
79 10 74 2
2 13 58 81
73 53 1 15
66 10 56 4
85 27 1 66
24 57 2 85
48 40 41 1
4 19 80 5
42 6 95 7
40 13 76 1
1 65 31 59
62 36 55 1
74 1 44 12
36 53 55 5
61 1 66 62
8 26 23 66
35 5 9 58
29 57 38 8
75 38 1 23
52 28 7 26
1 53 40 60
56 1 53 49
77 1 25 37
28 1 80 56
44 3 94 8
35 1 52 61
40 4 47 55
4 46 41 60
61 4 84 18
2 44 71 32
11 72 38 1
2 49 22 87
45 56 17 6
20 28 18 53
30 20 23 8
54 13 57 16
19 87 21 3
95 2 15 69
52 30 60 1
62 43 20 6
19 76 34 3
17 62 1 58
39 14 76 10
12 43 2 84
11 52 59 6
62 3 83 16
66 4 26 28
72 4 63 5
34 4 52 65
36 66 52 1
27 12 93 5
2 95 68 8
44 2 5 7
10 2 90 69
54 62 1 24
41 19 6 74
21 10 1 67
43 55 1 51
2 9 92 7
5 6 15 90
4 9 20 57
54 2 93 6
1 85 5 67
4 57 16 3
59 26 1 43
19 3 33 94
3 80 48 21
2 6 55 94
2 38 2 74
61 1 76 19
29 26 7 30
4 5 5 77
23 3 32 86
9 54 1 92
4 98 1 65
29 2 66 77
55 80 4 2
4 54 17 14
44 1 22 81
69 8 99 3
3 13 30 65
56 3 4 51
83 1 20 24
53 1 68 60
6 8 12 7
4 18 2 89
6 65 72 2
95 19 5 5
3 6 92 54
64 1 58 19
1 98 1 84
68 64 1 15
19 1 73 57
3 6 52 91
57 67 12 3
33 2 64 71
61 1 6 31
2 7 89 63
60 1 30 69
3 62 90 6
90 60 4 3
30 7 6 60
1 21 2 94
72 17 13 2
