0.67 0.18 0.11 0.63
0.94 0.53 0.05 0.95
0.63 0.58 0.87 0.85
0.70 0.71 0.66 0.53
0.58 0.86 0.88 0.96
0.21 0.64 0.73 0.74
0.29 0.98 0.66 0.54
0.44 0.18 0.03 0.96
0.64 0.62 0.83 0.94
0.82 0.09 0.61 0.53
0.59 0.73 0.60 0.72
0.79 0.96 0.01 0.99
0.70 0.86 0.48 0.31
0.54 0.57 0.91 0.88
0.92 0.33 0.07 0.94
0.76 0.25 0.87 0.56
0.77 0.71 0.97 0.16
0.35 0.80 0.36 0.53
0.53 0.53 0.02 0.98
0.94 0.71 0.54 0.37
0.71 0.60 0.90 0.59
0.64 0.71 0.57 0.73
0.45 0.57 0.62 0.62
0.53 0.09 0.76 0.72
0.40 0.95 0.61 0.13
0.55 0.20 0.67 0.61
0.30 0.62 0.57 0.63
0.82 0.80 0.17 0.56
0.37 0.70 0.79 0.52
0.57 0.87 0.94 0.41
0.72 0.82 0.31 0.54
0.09 0.95 0.77 0.07
0.09 0.89 0.80 0.98
0.18 0.94 0.30 0.24
0.55 0.43 0.46 0.95
0.65 0.87 0.27 0.84
0.57 0.73 0.76 0.52
0.74 0.56 0.59 0.52
0.29 0.85 0.12 0.79
0.17 0.52 0.97 0.59
0.48 0.73 0.40 0.55
0.60 0.08 0.99 0.93
0.72 0.61 0.90 0.22
0.66 0.01 0.71 0.90
0.98 0.19 0.01 0.63
0.83 0.54 0.64 0.50
0.61 0.66 0.21 0.18
0.71 0.62 0.51 0.56
0.44 0.55 0.59 0.65
0.63 0.49 0.21 0.52
0.02 0.62 0.96 0.02
0.68 0.90 0.02 0.69
0.91 0.60 0.86 0.11
0.88 0.58 0.69 0.45
0.34 0.83 0.76 0.57
0.94 0.56 0.51 0.42
0.50 0.40 0.91 0.26
0.87 0.50 0.52 0.01
0.18 0.57 0.32 0.83
0.02 0.74 0.80 0.64
0.78 0.51 0.08 0.77
0.61 0.59 0.06 0.95
0.32 0.84 0.81 0.24
0.80 0.56 0.11 0.04
0.99 0.11 0.04 0.59
0.04 0.72 0.89 0.62
0.78 0.99 0.60 0.07
0.41 0.66 0.74 0.11
0.53 0.64 0.90 0.10
0.35 0.44 0.59 0.58
0.83 0.55 0.59 0.10
0.56 0.55 0.73 0.34
0.51 0.72 0.65 0.22
0.32 0.35 0.93 0.56
0.08 0.37 0.11 0.86
0.38 0.54 0.75 0.19
0.52 0.69 0.55 0.51
0.04 0.67 0.84 0.68
0.39 0.32 0.63 0.66
0.51 0.35 0.37 0.82
0.04 0.94 0.63 0.73
0.10 0.77 0.68 0.84
0.55 0.15 0.90 0.53
0.74 0.61 0.79 0.12
0.40 0.40 0.80 0.52
0.54 0.29 0.22 0.08
0.71 0.66 0.17 0.34
0.98 0.57 0.01 0.59
0.57 0.57 0.17 0.51
0.52 0.33 0.39 0.90
0.69 0.17 0.09 0.63
0.13 0.93 0.75 0.75
0.61 0.22 0.53 0.95
0.60 0.23 0.86 0.51
0.57 0.91 0.04 0.52
0.43 0.68 0.56 0.80
0.33 0.64 0.55 0.66
0.06 0.73 0.44 0.75
0.74 0.89 0.87 0.07
0.72 0.02 0.96 0.30
0.56 0.78 0.12 0.09
0.70 0.58 0.16 0.60
0.97 0.36 0.48 0.01
0.53 0.10 0.90 0.52
0.41 0.56 0.05 0.89
0.02 0.62 0.56 0.52
0.01 0.91 0.98 0.94
0.47 0.50 0.79 0.18
0.07 0.74 0.49 0.61
0.10 0.36 0.38 0.53
0.18 0.15 0.70 0.75
0.60 0.22 0.55 0.58
0.51 0.75 0.44 0.11
0.12 0.98 0.18 0.68
0.70 0.69 0.70 0.01
0.50 0.87 0.50 0.50
0.72 0.53 0.06 0.88
0.64 0.70 0.06 0.62
0.64 0.99 0.05 0.29
0.96 0.24 0.70 0.51
0.51 0.41 0.64 0.36
0.54 0.30 0.10 0.84
0.65 0.54 0.02 0.84
0.93 0.02 0.89 0.72
0.26 0.62 0.20 0.08
0.86 0.17 0.52 0.12
0.82 0.03 0.95 0.89
0.57 0.67 0.07 0.78
0.18 0.53 0.99 0.52
0.84 0.76 0.03 0.71
0.16 0.34 0.59 0.05
0.30 0.54 0.32 0.73
0.53 0.18 0.42 0.78
0.39 0.78 0.03 0.94
0.69 0.22 0.77 0.53
0.04 0.58 0.63 0.77
0.04 0.05 0.94 0.73
0.95 0.54 0.08 0.72
0.54 0.57 0.02 0.63
0.91 0.89 0.06 0.58
0.44 0.59 0.46 0.27
0.09 0.71 0.94 0.27
0.79 0.10 0.72 0.62
0.83 0.56 0.03 0.50
0.56 0.03 0.98 0.83
0.52 0.17 0.71 0.65
0.99 0.06 0.85 0.80
0.64 0.53 0.84 0.01
0.55 0.11 0.27 0.73
0.77 0.76 0.02 0.34
0.53 0.28 0.55 0.57
0.81 0.16 0.59 0.62
0.83 0.55 0.38 0.02
0.64 0.07 0.97 0.30
0.85 0.27 0.90 0.21
0.11 0.15 0.64 0.76
0.63 0.54 0.58 0.01
0.51 0.56 0.34 0.72
0.86 0.15 0.37 0.39
0.05 0.98 0.51 0.71
0.77 0.23 1.00 0.02
0.01 0.84 0.95 0.72
0.22 0.07 0.89 0.58
0.08 0.47 0.59 0.25
0.47 0.66 0.17 0.67
0.95 0.01 0.61 0.81
0.60 0.14 0.11 0.56
0.61 0.55 0.06 0.71
0.05 0.66 0.69 0.16
0.71 0.17 0.57 0.53
0.32 0.22 0.48 0.80
0.43 0.04 0.02 0.77
0.06 0.79 0.06 0.62
0.37 0.24 0.18 0.89
0.91 0.50 0.05 0.58
0.78 0.82 0.56 0.03
0.92 0.01 0.80 0.06
0.90 0.80 0.34 0.02
0.55 0.22 0.64 0.38
0.70 0.15 0.98 0.04
0.21 0.90 0.14 0.09
0.19 0.06 0.48 0.92
0.01 0.55 0.70 0.80
0.01 0.58 0.77 0.78
0.48 0.45 0.09 0.73
0.78 0.75 0.01 0.61
0.72 0.01 0.54 0.92
0.36 0.19 0.21 0.92
0.46 0.62 0.58 0.03
0.25 0.32 0.54 0.88
0.71 0.10 0.52 0.49
0.13 0.62 0.03 0.75
0.01 0.64 0.51 0.73
0.78 0.97 0.36 0.06
0.48 0.18 0.74 0.56
0.77 0.05 0.51 0.06
0.54 0.04 0.09 0.55
0.62 0.26 0.75 0.22
0.65 0.51 0.08 0.74
0.54 0.17 0.02 0.60
0.47 0.33 0.36 0.62
0.02 0.52 0.92 0.61
0.16 0.85 0.54 0.36
0.55 0.83 0.73 0.01
0.27 0.96 0.10 0.55
0.09 0.68 0.33 0.48
0.55 0.08 0.14 0.38
0.03 0.61 0.56 0.83
0.12 0.03 0.64 0.76
0.53 0.29 0.96 0.30
0.53 0.65 0.08 0.65
0.01 0.61 0.75 0.68
0.12 0.65 0.17 0.60
0.51 0.91 0.07 0.27
0.47 0.87 0.03 0.66
0.27 0.59 0.32 0.75
0.56 0.54 0.62 0.04
0.39 0.11 1.00 0.57
0.03 0.41 0.72 0.51
0.27 0.18 0.63 0.40
1.00 0.03 0.75 0.71
0.78 0.41 0.09 0.44
0.47 0.08 0.06 0.76
0.04 0.92 0.03 0.93
0.68 0.15 0.58 0.24
0.67 0.80 0.29 0.04
0.26 0.34 0.10 0.57
0.30 0.04 0.98 0.70
0.82 0.98 0.01 0.23
0.65 0.52 0.06 0.50
0.89 0.35 0.08 0.58
0.85 0.55 0.04 0.58
0.05 0.19 0.69 0.50
0.03 0.37 0.84 0.54
0.85 0.05 0.38 0.53
0.90 0.19 0.39 0.10
0.83 0.01 0.96 0.12
0.12 0.85 0.60 0.21
0.56 0.54 0.23 0.05
0.84 0.01 0.90 0.51
0.66 0.54 0.06 0.43
0.81 0.83 0.01 0.18
0.67 0.20 0.82 0.24
0.56 0.95 0.06 0.53
0.16 0.72 0.10 0.59
0.66 0.48 0.12 0.53
0.62 0.13 0.65 0.08
0.14 0.56 0.56 0.51
0.93 0.73 0.20 0.03
0.08 0.04 0.88 0.21
0.20 0.15 0.65 0.40
0.72 0.01 0.92 0.81
0.10 0.58 0.54 0.28
0.01 0.84 0.77 0.58
0.54 0.10 0.64 0.54
0.60 0.61 0.14 0.31
0.15 0.10 0.52 0.80
0.79 0.02 0.90 0.74
0.77 0.04 0.48 0.51
0.07 0.10 0.75 0.83
0.02 0.78 0.77 0.46
0.84 0.89 0.03 0.03
0.63 0.54 0.01 0.04
0.24 0.63 0.08 0.40
0.03 0.57 0.61 0.60
0.50 0.56 0.57 0.05
0.07 0.95 0.56 0.01
0.69 0.03 0.14 0.61
0.26 0.40 0.36 0.19
0.54 0.31 0.01 0.79
0.60 0.26 0.74 0.21
0.04 0.08 0.88 0.29
0.81 0.10 0.07 0.60
0.15 0.53 0.97 0.20
0.06 0.31 0.34 0.53
0.13 0.34 0.87 0.10
0.79 0.02 0.25 0.77
0.52 0.02 0.59 0.42
0.07 0.60 0.48 0.50
0.08 0.75 0.18 0.64
0.51 0.27 0.56 0.10
0.38 0.11 0.79 0.40
0.58 0.52 0.18 0.33
0.55 0.64 0.06 0.52
0.80 0.14 0.36 0.06
0.55 0.45 0.45 0.03
0.51 0.49 0.06 0.66
0.03 0.14 0.84 0.75
0.65 0.31 0.51 0.06
0.16 0.40 0.74 0.03
0.48 0.89 0.05 0.10
0.10 0.63 0.07 0.11
0.03 0.52 0.86 0.39
0.40 0.03 0.74 0.31
0.26 0.04 0.79 0.69
0.82 0.94 0.54 0.01
0.83 0.39 0.94 0.04
0.80 0.28 0.52 0.03
0.96 0.48 0.73 0.01
0.02 0.72 0.26 0.89
0.74 0.01 0.59 0.61
0.31 0.29 0.22 0.92
0.03 0.29 0.73 0.79
0.80 0.04 0.54 0.18
0.44 0.59 0.17 0.05
0.11 0.15 0.54 0.73
0.77 0.53 0.02 0.36
0.01 0.57 0.90 0.70
0.54 0.21 0.44 0.07
0.53 0.51 0.04 0.31
0.14 0.32 0.74 0.04
0.56 0.03 0.95 0.23
0.45 0.54 0.27 0.24
0.02 0.68 0.40 0.60
0.06 0.60 0.27 0.49
0.03 0.54 0.97 0.26
0.81 0.51 0.03 0.52
0.64 1.00 0.24 0.02
0.55 0.02 0.06 0.37
0.46 0.50 0.29 0.55
0.74 0.10 0.89 0.16
0.55 0.08 0.14 0.32
0.21 0.91 0.04 0.54
0.86 0.03 0.04 0.93
0.23 0.51 0.10 0.18
0.58 0.20 0.95 0.10
0.47 0.38 0.17 0.53
0.60 0.14 0.77 0.15
0.66 0.06 0.48 0.17
0.05 0.57 0.57 0.81
0.99 0.12 0.36 0.01
0.11 1.00 0.01 0.76
0.51 0.10 0.45 0.25
0.85 0.01 0.76 0.47
0.02 0.42 0.94 0.78
0.48 0.77 0.05 0.69
0.56 0.61 0.71 0.02
0.15 0.19 0.07 0.71
0.01 0.16 0.79 0.69
0.22 0.13 0.77 0.60
0.01 0.76 0.33 0.99
0.57 0.66 0.73 0.01
0.92 0.01 0.69 0.53
0.09 0.71 0.92 0.03
0.04 0.68 0.32 0.69
0.66 0.01 0.67 0.99
0.60 0.01 0.76 0.32
0.08 0.01 0.41 0.82
0.97 0.52 0.01 0.66
0.06 0.01 0.67 0.76
0.32 0.30 0.81 0.38
0.30 0.12 0.54 0.54
0.08 0.61 0.28 0.36
0.06 0.54 0.88 0.14
0.05 0.63 0.26 0.68
0.08 0.14 0.70 0.40
0.01 0.77 0.21 0.51
0.56 0.67 0.58 0.01
0.48 0.04 0.57 0.68
1.00 0.09 0.05 0.12
0.94 0.01 0.27 0.52
0.32 0.66 0.02 1.00
0.12 0.52 0.18 0.71
0.73 0.53 0.01 0.69
0.37 0.10 0.23 0.98
0.32 0.04 0.14 0.90
0.48 0.07 0.74 0.03
0.02 0.61 0.74 0.14
0.70 0.18 0.61 0.09
0.40 0.63 0.58 0.06
0.66 0.53 0.51 0.01
0.13 0.54 0.17 0.63
0.63 0.05 0.63 0.27
0.14 0.74 0.66 0.05
0.69 0.71 0.46 0.01
0.04 0.67 0.02 0.40
0.03 0.58 0.55 0.59
0.20 0.60 0.53 0.14
0.83 0.52 0.88 0.01
0.37 0.61 0.09 0.56
0.81 0.28 0.67 0.01
0.95 0.58 0.21 0.02
0.22 0.48 0.41 0.08
0.56 0.11 0.64 0.13
0.04 0.51 0.63 0.58
0.37 0.21 0.25 0.09
0.21 0.11 0.52 0.71
0.89 0.49 0.01 0.57
0.14 0.14 0.02 0.92
0.30 0.70 0.57 0.06
0.46 0.67 0.01 0.94
0.70 0.01 0.96 0.19
0.55 0.94 0.01 0.59
0.56 0.52 0.20 0.08
0.03 0.05 0.68 0.89
0.52 0.83 0.16 0.01
0.01 0.15 0.34 0.56
0.38 0.01 0.49 0.64
0.16 0.46 0.05 0.51
0.05 0.24 0.30 0.56
0.79 0.52 0.80 0.01
0.02 0.79 0.60 0.22
0.13 0.93 0.68 0.09
0.10 0.25 0.16 0.72
0.07 0.84 0.54 0.21
0.65 0.12 0.49 0.13
0.12 0.16 0.80 0.02
0.04 0.60 0.03 0.95
0.65 0.30 0.02 0.53
0.98 0.07 0.68 0.03
0.33 0.01 0.63 0.64
0.20 0.45 0.01 0.49
0.02 0.22 0.20 0.84
0.06 0.54 0.15 0.70
0.19 0.01 0.76 0.70
0.96 0.11 0.06 0.27
0.89 0.49 0.06 0.07
0.03 0.10 0.53 0.59
0.42 0.20 0.14 0.68
0.41 0.37 0.11 0.33
0.04 0.55 0.91 0.08
0.02 0.60 0.36 0.52
0.28 0.10 0.61 0.54
0.21 0.08 0.37 0.11
0.61 0.38 0.73 0.04
0.01 0.59 0.56 0.27
0.02 0.12 0.83 0.74
0.28 0.57 0.52 0.04
0.95 0.16 0.02 0.64
0.41 0.16 0.77 0.04
0.34 0.07 0.57 0.76
0.08 0.65 0.68 0.21
0.56 0.08 0.58 0.03
0.09 0.03 0.73 0.15
0.82 0.19 0.27 0.09
0.55 0.04 0.31 0.14
0.67 0.05 0.61 0.03
0.36 0.38 0.30 0.52
0.07 0.07 0.81 0.38
0.51 0.56 0.19 0.08
0.03 0.56 0.87 0.16
0.55 0.57 0.02 0.23
0.03 0.01 0.89 0.70
0.56 1.00 0.04 0.08
0.52 0.02 0.54 0.62
0.05 0.55 0.20 0.58
0.73 0.01 0.43 0.55
0.06 0.06 0.19 0.83
0.09 0.89 0.32 0.27
0.01 0.13 0.85 0.99
0.37 0.01 0.76 0.63
0.04 0.29 0.22 0.83
0.21 0.07 0.16 0.54
0.58 0.10 0.01 0.91
0.88 0.01 0.26 0.70
0.01 0.64 0.74 0.05
0.09 0.84 0.26 0.04
0.53 0.16 0.25 0.47
0.09 0.11 0.37 0.57
0.09 0.48 0.27 0.51
0.42 0.01 0.50 0.30
0.07 0.71 0.59 0.12
0.06 0.91 0.70 0.12
0.87 0.97 0.13 0.02
0.67 0.03 0.76 0.04
0.83 0.36 0.20 0.08
0.87 0.19 0.02 0.54
0.82 0.15 0.04 0.49
0.09 0.03 0.14 0.98
0.90 0.23 0.69 0.02
0.37 0.74 0.15 0.06
0.02 0.78 0.08 0.65
0.09 0.94 0.71 0.03
0.96 0.05 0.01 0.53
0.20 0.01 0.63 0.26
0.04 0.10 0.35 0.67
0.01 0.72 0.89 0.01
0.51 0.12 0.76 0.01
0.12 0.07 0.01 0.75
0.15 0.60 0.68 0.21
0.48 0.06 0.04 0.64
1.00 0.03 0.01 0.19
0.16 0.51 0.32 0.15
0.03 0.58 0.12 0.64
0.04 0.63 0.56 0.02
0.54 0.76 0.26 0.01
0.03 0.55 0.97 0.11
0.08 0.76 0.51 0.02
0.01 0.81 0.02 0.58
0.09 0.62 0.56 0.09
0.65 0.25 0.02 0.58
0.64 0.51 0.29 0.07
0.25 0.05 0.59 0.21
0.08 0.05 0.11 0.58
0.13 0.46 0.23 0.32
0.04 0.95 0.20 0.19
0.59 0.58 0.29 0.02
0.54 0.46 0.63 0.02
0.72 0.46 0.14 0.10
0.02 0.90 0.33 0.21
0.94 0.33 0.07 0.12
0.80 0.17 0.50 0.05
0.12 0.02 0.01 0.57
0.93 0.01 0.14 0.87
0.89 0.68 0.17 0.03
0.28 0.06 0.71 0.18
0.02 0.03 0.54 0.56
0.48 0.90 0.01 0.28
0.18 0.05 0.95 0.03
0.11 0.58 0.87 0.01
0.54 0.93 0.04 0.17
0.69 0.01 0.18 0.82
0.53 0.74 0.36 0.03
0.92 0.15 0.70 0.01
0.54 0.21 0.68 0.06
0.03 0.21 0.87 0.42
0.05 0.02 0.63 0.99
1.00 0.59 0.03 0.01
0.52 0.28 0.22 0.12
0.71 0.23 0.72 0.01
0.11 0.20 0.04 0.96
0.03 0.30 0.68 0.43
0.02 0.10 0.76 0.36
0.08 0.64 0.13 0.56
0.06 0.40 0.55 0.51
0.69 0.17 0.56 0.02
0.03 0.70 0.02 0.33
0.04 0.77 0.01 0.95
0.98 0.48 0.07 0.02
0.11 0.18 0.22 0.25
0.53 0.81 0.05 0.14
0.53 0.71 0.63 0.01
0.11 0.68 0.07 0.06
0.67 0.35 0.01 0.01
0.18 0.67 0.38 0.05
0.65 0.63 0.32 0.01
0.55 0.09 0.15 0.04
0.01 0.52 0.94 0.02
0.66 0.19 0.03 0.51
0.48 0.75 0.01 0.01
0.93 0.14 0.55 0.01
0.52 0.70 0.57 0.01
0.10 0.19 0.43 0.28
0.08 0.61 0.62 0.07
0.70 0.01 0.88 0.12
0.10 0.59 0.09 0.41
0.82 0.04 0.07 0.31
0.08 0.14 0.59 0.30
0.91 0.12 0.06 0.08
0.29 0.57 0.51 0.01
0.07 0.62 0.53 0.35
0.05 0.52 0.71 0.17
0.03 0.54 0.14 0.22
0.28 0.43 0.57 0.05
0.80 0.10 0.05 0.13
0.53 0.02 0.84 0.17
0.96 0.01 0.01 0.56
0.88 0.01 0.96 0.05
0.55 0.49 0.12 0.29
0.37 0.24 0.02 0.56
0.66 0.02 0.95 0.02
0.10 0.64 0.52 0.02
0.08 0.02 0.93 0.51
0.53 0.35 0.12 0.53
0.02 0.52 0.48 0.54
0.32 0.01 0.69 0.03
0.30 0.54 0.81 0.01
0.06 0.51 0.71 0.30
0.34 0.57 0.01 0.04
0.05 0.15 0.61 0.23
0.05 0.15 0.42 0.02
0.66 0.09 0.68 0.01
0.41 0.06 0.38 0.02
0.98 0.06 0.07 0.29
0.06 0.07 0.94 0.52
0.55 0.03 0.22 0.05
0.34 0.72 0.41 0.03
0.07 0.54 0.12 0.66
0.04 0.13 0.14 0.60
0.07 0.31 0.20 0.25
0.42 0.51 0.24 0.01
0.54 0.55 0.04 0.03
0.03 0.51 0.48 0.47
0.01 0.70 0.05 0.53
0.27 0.56 0.61 0.01
0.27 0.85 0.05 0.04
0.46 0.32 0.92 0.01
0.03 0.55 0.83 0.16
0.25 0.27 0.09 0.54
0.27 0.14 0.56 0.10
0.02 0.67 0.10 0.77
0.04 0.24 0.09 0.31
0.02 0.08 0.25 0.66
0.08 0.02 0.48 0.38
0.04 0.53 0.77 0.29
0.02 0.53 0.17 0.66
0.98 0.31 0.10 0.06
0.01 0.48 0.99 0.10
0.94 0.03 0.05 0.46
0.01 0.54 0.77 0.46
