0.60 0.72 0.47 0.06
0.74 0.65 0.64 0.61
0.56 0.93 0.36 0.81
0.53 0.70 0.90 0.89
0.85 0.61 0.71 0.69
0.76 0.70 0.88 0.34
0.74 0.48 0.60 0.95
0.30 1.00 0.17 0.87
0.87 0.45 1.00 0.53
0.82 0.51 0.10 0.78
0.04 0.62 0.82 0.65
0.24 0.87 0.77 0.99
0.66 0.68 0.77 0.64
0.08 0.85 0.65 0.57
0.68 0.89 0.13 0.70
0.05 0.17 0.69 0.76
0.76 0.64 0.70 0.41
0.59 0.90 0.63 0.52
0.57 0.17 0.57 0.64
0.56 0.37 0.81 0.54
0.59 0.65 0.25 0.32
0.43 0.11 0.80 0.56
0.16 0.70 0.20 0.21
0.73 0.36 0.76 0.01
0.35 0.55 0.59 0.75
0.07 0.76 0.86 0.56
0.58 0.35 0.01 0.93
0.72 0.06 0.61 0.73
0.78 0.11 0.52 0.49
0.55 0.67 0.02 0.87
0.42 0.09 0.87 0.54
0.87 0.12 0.21 0.89
0.76 0.52 0.53 0.61
0.05 0.32 0.63 0.37
0.68 0.99 0.02 0.63
0.62 0.59 0.57 0.52
0.70 0.58 0.12 0.89
0.40 0.54 0.56 0.28
0.37 0.09 0.74 0.74
0.92 0.86 0.19 0.53
0.88 0.63 0.11 0.65
0.38 0.94 0.51 0.06
0.68 0.04 0.79 0.50
0.67 0.17 0.07 0.56
0.60 0.81 0.09 0.79
0.67 0.65 0.03 0.59
0.59 0.12 0.64 0.82
0.60 0.04 0.72 0.48
0.22 0.15 0.53 0.35
0.64 0.64 0.52 0.29
0.97 0.07 0.76 0.37
0.47 0.02 0.92 0.54
0.76 0.32 0.62 0.17
0.52 0.65 0.33 0.57
0.18 0.10 0.99 0.98
0.02 0.49 0.56 0.95
0.75 0.10 0.03 0.87
0.94 0.02 0.51 0.84
0.32 0.08 0.86 0.38
0.18 0.76 0.07 0.65
0.89 0.02 0.66 0.79
0.77 0.62 0.07 0.52
0.54 0.70 0.87 0.10
0.11 0.63 0.58 0.55
0.63 0.12 0.36 0.79
0.66 0.70 0.08 0.59
0.34 0.11 0.51 0.67
0.20 0.07 0.66 0.08
0.69 0.10 0.49 0.62
0.17 0.65 0.52 0.63
0.68 0.65 0.23 0.03
0.52 0.06 0.57 0.86
0.11 0.51 0.51 0.84
0.09 0.85 0.16 0.67
0.55 0.33 0.59 0.16
0.12 0.90 0.83 0.28
0.69 0.51 0.48 0.10
0.80 0.08 0.31 0.39
0.51 0.62 0.51 0.63
0.80 0.01 0.92 0.58
1.00 0.07 0.64 0.46
0.60 0.73 0.17 0.80
0.54 0.92 0.37 0.08
0.69 0.07 0.08 0.70
0.12 0.79 0.61 0.51
0.14 0.63 0.99 0.10
0.04 0.04 0.76 0.46
0.02 0.91 1.00 0.04
0.65 0.12 0.92 0.04
0.24 1.00 0.59 0.12
0.88 0.03 0.27 0.68
0.70 0.68 0.01 0.69
0.50 0.57 0.14 0.94
0.54 0.03 0.44 0.40
0.59 0.52 0.32 0.66
0.57 0.85 0.84 0.05
0.80 0.61 0.02 0.58
0.88 0.55 0.06 0.85
0.64 0.74 0.08 0.61
0.98 0.76 0.08 0.29
0.45 0.61 0.53 0.33
0.52 0.13 0.56 0.14
0.64 0.64 0.04 0.61
0.61 0.65 0.08 0.19
0.85 0.27 0.01 0.90
0.75 0.11 0.24 0.58
0.94 0.58 0.57 0.07
0.73 0.82 0.02 0.51
0.95 0.22 0.04 0.84
0.05 0.56 0.53 0.86
0.51 0.94 0.32 0.12
0.69 0.36 0.37 0.53
0.58 0.78 0.60 0.05
0.32 0.66 0.30 0.52
0.63 0.62 0.24 0.57
0.50 0.84 0.32 0.11
0.55 0.89 0.04 0.37
0.01 0.59 0.58 0.34
0.68 0.60 0.64 0.12
0.05 0.74 0.85 0.31
0.03 0.51 0.73 0.04
0.35 0.15 0.32 0.58
0.89 0.06 0.28 0.23
0.55 0.74 0.17 0.57
0.96 0.69 0.08 0.15
0.53 0.02 0.39 0.84
0.51 0.99 0.68 0.03
0.89 0.82 0.75 0.02
0.35 0.10 0.58 0.04
0.48 0.60 0.08 0.61
1.00 0.15 0.50 0.01
0.63 0.57 0.69 0.01
0.35 0.57 0.67 0.03
0.61 0.64 0.41 0.35
0.03 0.78 0.54 0.69
0.51 0.68 0.12 0.54
0.66 0.36 0.06 0.62
0.22 0.32 0.41 0.76
0.05 0.95 0.12 0.28
0.74 0.02 0.83 0.83
0.88 0.59 0.18 0.53
0.14 0.62 0.52 0.68
0.52 0.05 0.54 1.00
0.51 0.58 0.21 0.64
0.57 0.57 0.47 0.35
0.95 0.45 0.55 0.19
0.53 0.74 0.37 0.09
0.17 0.58 0.52 0.79
0.86 0.72 0.07 0.14
0.06 0.93 0.18 0.77
0.52 0.06 0.74 0.72
0.57 0.92 0.31 0.15
0.12 0.83 0.51 0.51
0.15 0.94 0.65 0.26
0.67 0.83 0.13 0.09
0.73 0.51 0.24 0.52
0.73 0.50 0.65 0.01
0.74 0.01 0.65 0.70
0.79 0.56 0.54 0.01
0.03 0.17 0.26 0.64
0.46 0.51 0.17 0.23
0.82 0.20 0.02 0.58
0.66 0.43 0.03 0.57
0.10 0.86 0.51 0.06
0.94 0.29 0.55 0.19
0.51 0.86 0.03 0.56
0.44 0.12 0.76 0.03
0.62 0.86 0.77 0.02
0.58 0.80 0.53 0.03
0.93 0.79 0.14 0.01
0.54 0.59 0.12 0.82
0.24 0.03 0.93 0.74
0.66 0.87 0.06 0.18
0.15 0.07 0.54 0.76
0.51 0.62 0.51 0.18
0.47 0.46 0.11 0.98
0.21 0.47 0.62 0.21
0.83 0.63 0.04 0.43
0.59 0.61 0.54 0.19
0.13 0.40 0.66 0.12
0.54 0.57 0.13 0.83
0.46 0.75 0.06 0.79
0.06 0.62 0.55 0.58
0.33 0.68 0.07 0.99
0.94 0.66 0.03 0.41
0.59 0.53 0.13 0.30
0.40 0.07 0.62 0.73
0.49 0.95 0.36 0.09
0.62 0.74 0.16 0.06
0.64 0.64 0.31 0.19
0.44 0.80 0.47 0.18
0.82 0.62 0.12 0.22
0.13 0.85 0.17 0.13
0.62 0.61 0.21 0.18
0.21 0.55 0.07 0.64
0.52 0.66 0.42 0.16
0.64 0.01 0.81 0.72
0.90 0.01 0.55 0.13
0.97 0.58 0.48 0.03
0.02 0.69 0.55 0.73
0.75 0.04 0.22 0.79
0.61 0.43 0.20 0.73
0.09 0.20 0.07 0.85
0.17 0.80 0.03 0.53
0.01 0.02 1.00 0.21
0.45 0.52 0.08 0.58
0.30 0.55 0.52 0.56
0.05 0.61 0.40 0.63
0.19 0.91 0.28 0.01
0.62 0.70 0.18 0.15
0.54 0.21 0.55 0.24
0.01 0.85 0.74 0.05
0.35 0.06 0.66 0.62
0.71 0.01 0.67 0.16
0.61 0.76 0.01 0.74
0.23 0.63 0.11 0.22
0.09 0.79 0.11 0.57
0.03 0.65 0.29 0.37
0.10 0.45 0.25 0.36
0.02 0.81 0.08 0.98
0.98 0.09 0.16 0.69
0.05 0.62 0.12 0.94
0.92 0.27 0.01 0.84
0.91 0.15 0.24 0.25
0.97 0.13 0.01 0.84
0.55 0.10 0.05 0.61
0.05 0.01 0.73 0.88
0.08 0.07 0.11 0.64
0.04 0.08 0.61 0.05
0.59 0.55 0.37 0.16
0.02 0.57 0.65 0.89
0.53 0.01 0.96 0.51
0.53 0.08 0.51 0.07
0.49 0.03 0.59 0.80
0.87 0.89 0.01 0.55
1.00 0.14 0.12 0.54
0.68 0.71 0.15 0.08
0.51 0.03 0.09 0.56
0.49 0.72 0.05 0.84
0.67 0.65 0.58 0.01
0.30 0.73 0.75 0.03
0.29 0.45 0.20 0.63
0.96 0.95 0.05 0.34
0.34 0.01 0.57 0.55
0.05 0.65 0.03 0.93
0.36 0.54 0.03 0.91
0.12 0.88 0.45 0.25
0.12 0.01 0.82 0.65
0.02 0.16 0.51 0.69
0.67 0.64 0.51 0.04
0.52 0.54 0.24 0.02
0.69 0.59 0.01 0.78
0.86 0.02 0.04 0.72
0.67 0.52 0.79 0.02
0.01 0.58 0.73 0.60
0.01 0.64 0.48 0.42
0.68 0.11 0.24 0.36
0.21 0.24 0.55 0.11
0.87 0.01 0.12 0.29
0.21 0.57 0.64 0.04
0.64 0.61 0.08 0.24
0.13 0.03 0.59 1.00
0.03 0.10 0.85 0.73
0.01 0.54 0.68 0.63
0.60 0.47 0.81 0.02
0.52 0.63 0.08 0.52
0.87 0.74 0.10 0.12
0.03 0.09 0.75 0.60
0.51 0.57 0.55 0.08
0.52 0.88 0.67 0.01
0.60 0.03 0.09 0.54
0.09 0.39 0.84 0.03
0.56 0.51 0.02 0.76
0.71 0.29 0.04 0.88
0.10 0.01 0.60 0.95
0.16 0.53 0.43 0.17
0.62 0.03 0.45 0.22
0.64 0.57 0.02 0.69
0.93 0.04 0.56 0.11
0.12 0.96 0.74 0.01
0.61 0.05 0.59 0.32
0.51 0.76 0.04 0.65
0.79 0.37 0.02 0.86
0.61 0.20 0.04 0.70
0.10 0.21 0.55 0.51
0.45 0.03 0.56 0.16
0.85 0.06 0.07 0.99
0.69 0.57 0.05 0.33
0.32 0.59 0.10 0.60
0.01 0.57 0.61 0.99
0.94 0.76 0.02 0.22
0.18 0.67 0.71 0.04
0.53 0.06 0.84 0.15
0.55 0.61 0.01 0.94
0.82 0.04 0.16 0.07
0.70 0.58 0.08 0.08
0.22 0.51 0.04 0.72
0.30 0.83 0.01 0.65
0.91 0.13 0.01 0.86
0.06 0.51 0.12 0.12
0.30 0.82 0.79 0.02
0.06 0.73 0.10 0.78
0.53 0.02 0.82 0.51
0.75 0.33 0.14 0.07
0.34 0.60 0.04 0.69
0.78 0.83 0.02 0.24
0.28 0.78 0.53 0.01
0.25 0.05 0.56 0.58
0.82 0.71 0.03 0.26
0.01 0.66 0.37 0.55
0.89 0.32 0.09 0.07
0.20 0.27 0.03 0.81
0.72 0.75 0.22 0.02
0.51 1.00 0.02 0.51
0.22 0.63 0.01 0.76
0.07 0.27 0.08 0.80
0.99 0.09 0.04 0.51
0.83 0.76 0.02 0.55
0.52 0.75 0.02 0.63
0.47 0.62 0.09 0.53
0.04 0.95 0.09 0.91
0.05 0.90 0.07 0.23
0.90 0.53 0.58 0.03
0.52 0.34 0.09 0.51
0.01 0.55 0.78 0.10
0.03 0.93 0.76 0.02
0.76 0.27 0.23 0.50
0.42 0.41 0.02 0.09
0.55 0.12 0.02 0.93
0.05 0.07 0.60 0.76
0.59 0.02 0.82 0.35
0.38 0.20 0.52 0.06
0.04 0.61 0.10 0.11
0.95 0.01 0.78 0.05
0.09 0.59 0.60 0.10
0.08 0.99 0.05 0.58
0.71 0.03 0.64 0.06
0.57 0.23 0.38 0.51
0.43 0.11 0.09 0.19
0.07 0.69 0.80 0.03
0.01 0.12 0.71 0.46
0.49 0.53 0.01 0.54
0.01 0.35 0.69 0.07
0.92 0.79 0.15 0.03
0.05 0.54 0.82 0.03
0.86 0.31 0.01 0.56
0.77 0.17 0.94 0.02
0.64 0.09 0.35 0.53
0.71 0.02 0.54 0.70
0.94 0.43 0.21 0.06
0.42 0.04 0.44 0.27
0.10 0.90 0.65 0.03
0.31 0.22 0.30 0.63
0.15 0.32 0.59 0.30
0.40 0.71 0.94 0.02
0.01 0.57 0.48 0.74
0.96 0.31 0.07 0.52
0.02 0.40 0.52 0.60
0.82 0.01 0.66 0.45
0.47 0.36 0.01 0.78
0.26 0.17 0.85 0.01
0.26 0.09 0.59 0.06
0.54 0.42 0.62 0.03
0.30 0.36 0.51 0.21
0.52 0.70 0.63 0.01
0.42 0.36 0.17 0.63
0.03 0.58 0.55 0.18
0.34 0.20 0.04 0.49
0.23 0.55 0.22 0.06
0.05 0.12 0.08 0.10
0.01 0.56 0.30 0.93
0.84 0.63 0.02 0.05
0.83 0.01 0.39 0.98
0.64 0.02 0.71 0.40
0.43 0.04 0.13 0.95
0.03 0.09 0.31 0.77
0.60 0.51 0.19 0.02
0.03 0.97 0.07 0.96
0.22 0.94 0.02 0.53
0.68 0.27 0.02 0.58
0.71 0.67 0.16 0.05
0.66 0.28 0.72 0.02
0.67 0.76 0.22 0.01
0.12 0.11 0.59 0.56
0.75 0.67 0.53 0.01
0.18 0.55 0.06 0.61
0.01 0.95 0.13 0.72
0.61 0.23 0.03 0.53
0.65 0.77 0.05 0.01
0.30 0.02 0.55 0.64
0.72 0.83 0.02 0.05
0.15 0.69 0.69 0.04
0.51 0.18 0.47 0.06
0.08 0.84 0.86 0.01
0.01 0.62 0.56 0.59
0.64 0.97 0.11 0.07
0.42 0.06 0.39 0.90
0.90 0.30 0.14 0.08
0.10 0.03 0.57 0.91
0.06 0.02 0.88 0.41
0.02 0.44 0.18 0.92
0.56 0.05 0.02 0.54
0.04 0.57 0.56 0.14
0.46 0.83 0.08 0.01
0.63 0.01 0.15 0.38
0.18 0.99 0.68 0.01
0.03 1.00 0.20 0.05
0.01 0.31 0.39 0.97
0.01 0.90 0.22 0.99
0.05 0.78 0.05 0.24
0.97 0.27 0.53 0.04
0.02 0.27 0.85 0.10
0.03 0.90 0.61 0.09
0.60 0.01 0.78 0.37
0.13 0.07 0.67 0.52
0.37 0.33 0.56 0.04
0.01 0.08 0.38 0.51
0.01 0.99 0.07 0.80
0.67 0.52 0.01 0.72
0.35 0.04 0.34 0.85
0.02 0.40 0.19 0.73
0.56 0.84 0.03 0.02
0.60 0.04 0.07 0.59
0.32 0.01 0.43 0.53
0.65 0.68 0.02 0.02
0.86 0.93 0.01 0.51
0.77 0.75 0.46 0.01
0.61 0.04 0.02 0.93
0.34 0.86 0.51 0.04
0.96 0.21 0.58 0.02
0.53 0.01 0.16 0.85
0.25 0.02 0.54 0.84
0.56 0.81 0.01 0.51
0.59 0.01 0.93 0.08
0.19 0.76 0.79 0.02
0.02 0.92 0.51 0.36
0.68 0.04 0.06 0.71
0.01 0.73 0.10 0.93
0.23 0.86 0.01 0.17
0.90 0.62 0.05 0.04
0.19 0.03 0.83 0.54
0.52 0.02 0.98 0.28
0.80 0.13 0.89 0.02
0.09 0.73 0.07 0.57
0.74 0.50 0.60 0.03
0.38 0.04 0.11 0.86
0.15 0.74 0.60 0.08
0.61 0.72 0.01 0.07
0.05 0.55 0.07 0.52
0.18 0.03 0.16 0.74
1.00 0.54 0.01 0.47
0.18 0.68 0.01 0.01
0.01 0.73 0.24 0.73
0.29 0.06 0.70 0.54
0.98 0.09 0.24 0.06
0.31 0.53 0.02 0.75
0.89 0.01 0.05 0.05
0.04 0.70 0.09 0.54
0.03 0.82 0.45 0.10
0.37 0.03 0.66 0.52
0.17 0.55 0.03 0.97
0.53 0.20 0.02 0.98
0.08 0.12 0.52 0.08
0.75 0.54 0.51 0.01
0.14 0.83 0.78 0.01
0.23 0.65 0.88 0.02
0.14 0.71 0.01 0.88
0.52 0.03 0.02 0.80
0.66 0.51 0.02 0.07
0.74 0.02 0.51 0.06
0.94 0.38 0.01 0.07
0.03 0.11 0.05 0.87
0.67 0.04 0.82 0.09
0.16 0.02 0.56 0.71
0.41 0.60 0.78 0.02
0.57 0.35 0.06 0.36
0.07 0.88 0.03 0.76
0.18 0.24 0.53 0.06
0.28 0.04 0.33 0.33
0.73 0.08 0.34 0.19
0.03 0.80 0.03 0.64
0.73 0.39 0.57 0.02
0.36 0.49 0.01 0.60
0.75 0.27 0.57 0.02
0.06 0.06 0.67 0.61
0.60 0.06 0.79 0.06
0.51 0.51 0.65 0.01
0.40 0.03 0.93 0.30
0.09 0.04 0.79 0.41
0.01 0.77 0.03 0.67
0.39 0.63 0.03 0.52
0.08 0.99 0.69 0.03
0.76 0.67 0.01 0.52
0.42 0.05 0.79 0.19
0.93 0.01 0.72 0.01
0.11 0.59 0.03 0.60
0.31 0.02 0.52 0.10
0.86 0.16 0.19 0.03
0.43 0.62 0.54 0.04
0.02 1.00 0.51 0.09
0.01 0.57 0.30 0.11
0.71 0.05 0.88 0.03
0.63 0.01 0.12 0.53
0.70 0.04 0.37 0.15
0.22 0.01 0.22 0.93
0.08 0.64 0.04 0.53
0.72 0.44 0.43 0.03
0.81 0.16 0.01 0.74
0.02 0.52 0.16 0.94
0.01 0.56 0.05 0.72
0.90 0.24 0.55 0.02
0.63 0.12 0.55 0.05
0.03 0.84 0.27 0.54
0.17 0.02 0.73 0.68
0.07 0.58 0.03 0.95
0.32 0.02 0.08 0.33
0.24 0.63 0.63 0.04
0.21 0.01 0.79 0.50
0.02 0.02 0.69 0.81
0.19 0.05 0.88 0.23
0.72 0.01 0.04 0.81
0.01 0.48 0.27 0.78
0.44 0.62 0.22 0.05
0.67 0.07 1.00 0.03
0.71 0.53 0.53 0.01
0.13 0.67 0.01 0.96
0.01 0.82 0.56 0.03
0.23 0.40 0.73 0.02
0.12 0.38 0.05 0.57
0.79 0.21 0.01 0.53
0.78 0.08 0.13 0.25
0.82 0.66 0.01 0.51
0.90 0.12 0.53 0.04
0.86 0.40 0.64 0.01
0.69 0.14 0.05 0.07
0.55 0.08 0.07 0.61
0.80 0.41 0.06 0.02
0.01 0.52 0.58 0.25
0.13 0.60 0.69 0.03
0.19 0.07 0.87 0.31
0.72 0.62 0.01 0.53
0.72 0.03 0.05 0.65
0.28 0.02 0.97 0.24
0.47 0.19 0.48 0.04
0.07 0.04 0.71 0.55
0.71 0.49 0.44 0.04
0.23 0.05 0.16 0.61
0.20 0.60 0.68 0.02
0.02 0.59 0.28 0.62
0.01 0.51 0.04 0.98
0.02 0.72 0.87 0.02
0.28 0.50 0.53 0.05
0.19 0.01 0.74 0.78
0.28 0.55 0.05 0.16
0.13 0.04 0.57 0.83
0.16 0.52 0.05 0.19
0.13 0.05 0.56 1.00
0.08 0.86 0.03 0.15
0.54 0.10 0.06 0.11
0.06 0.70 0.17 0.08
0.17 0.51 0.02 0.54
0.52 0.18 0.03 0.71
0.02 0.45 0.28 0.58
0.22 0.36 0.63 0.04
0.53 0.11 0.03 0.68
0.62 0.44 0.01 0.68
0.06 0.69 0.65 0.01
0.12 0.67 1.00 0.02
0.08 0.04 0.31 0.91
1.00 0.03 0.03 0.61
0.64 0.21 0.35 0.07
0.97 0.52 0.32 0.01
0.70 0.08 0.37 0.04
0.15 0.57 0.02 0.59
0.63 0.19 0.58 0.02
0.74 0.49 0.13 0.02
0.16 0.79 0.05 0.10
0.04 0.07 0.57 0.02
0.02 0.84 0.54 0.07
0.65 0.06 0.01 0.58
0.02 0.32 0.80 0.06
0.73 0.07 0.02 0.29
0.21 0.04 0.72 0.28
0.88 0.31 0.05 0.05
0.66 0.03 0.51 0.11
0.08 0.56 0.03 0.62
0.54 0.21 0.01 0.51
0.56 0.35 0.43 0.08
0.34 0.57 0.02 0.53
0.46 0.10 0.26 0.06
0.86 0.34 0.76 0.01
0.66 0.06 0.61 0.09
0.22 0.01 0.64 0.69
0.03 0.53 0.98 0.02
0.06 0.57 0.18 0.03
0.53 0.02 0.03 0.52
0.16 0.04 0.28 0.68
0.01 0.51 0.16 0.70
0.81 0.61 0.01 0.38
0.52 0.12 0.54 0.03
