60 72 47 6
74 65 64 61
56 93 36 81
53 70 90 89
85 61 71 69
76 70 88 34
74 48 60 95
30 100 17 87
87 45 100 53
82 51 10 78
4 62 82 65
24 87 77 99
66 68 77 64
8 85 65 57
68 89 13 70
5 17 69 76
76 64 70 41
59 90 63 52
57 17 57 64
56 37 81 54
59 65 25 32
43 11 80 56
16 70 20 21
73 36 76 1
35 55 59 75
7 76 86 56
58 35 1 93
72 6 61 73
78 11 52 49
55 67 2 87
42 9 87 54
87 12 21 89
76 52 53 61
5 32 63 37
68 99 2 63
62 59 57 52
70 58 12 89
40 54 56 28
37 9 74 74
92 86 19 53
88 63 11 65
38 94 51 6
68 4 79 50
67 17 7 56
60 81 9 79
67 65 3 59
59 12 64 82
60 4 72 48
22 15 53 35
64 64 52 29
97 7 76 37
47 2 92 54
76 32 62 17
52 65 33 57
18 10 99 98
2 49 56 95
75 10 3 87
94 2 51 84
32 8 86 38
18 76 7 65
89 2 66 79
77 62 7 52
54 70 87 10
11 63 58 55
63 12 36 79
66 70 8 59
34 11 51 67
20 7 66 8
69 10 49 62
17 65 52 63
68 65 23 3
52 6 57 86
11 51 51 84
9 85 16 67
55 33 59 16
12 90 83 28
69 51 48 10
80 8 31 39
51 62 51 63
80 1 92 58
100 7 64 46
60 73 17 80
54 92 37 8
69 7 8 70
12 79 61 51
14 63 99 10
4 4 76 46
2 91 100 4
65 12 92 4
24 100 59 12
88 3 27 68
70 68 1 69
50 57 14 94
54 3 44 40
59 52 32 66
57 85 84 5
80 61 2 58
88 55 6 85
64 74 8 61
98 76 8 29
45 61 53 33
52 13 56 14
64 64 4 61
61 65 8 19
85 27 1 90
75 11 24 58
94 58 57 7
73 82 2 51
95 22 4 84
5 56 53 86
51 94 32 12
69 36 37 53
58 78 60 5
32 66 30 52
63 62 24 57
50 84 32 11
55 89 4 37
1 59 58 34
68 60 64 12
5 74 85 31
3 51 73 4
35 15 32 58
89 6 28 23
55 74 17 57
96 69 8 15
53 2 39 84
51 99 68 3
89 82 75 2
35 10 58 4
48 60 8 61
100 15 50 1
63 57 69 1
35 57 67 3
61 64 41 35
3 78 54 69
51 68 12 54
66 36 6 62
22 32 41 76
5 95 12 28
74 2 83 83
88 59 18 53
14 62 52 68
52 5 54 100
51 58 21 64
57 57 47 35
95 45 55 19
53 74 37 9
17 58 52 79
86 72 7 14
6 93 18 77
52 6 74 72
57 92 31 15
12 83 51 51
15 94 65 26
67 83 13 9
73 51 24 52
73 50 65 1
74 1 65 70
79 56 54 1
3 17 26 64
46 51 17 23
82 20 2 58
66 43 3 57
10 86 51 6
94 29 55 19
51 86 3 56
44 12 76 3
62 86 77 2
58 80 53 3
93 79 14 1
54 59 12 82
24 3 93 74
66 87 6 18
15 7 54 76
51 62 51 18
47 46 11 98
21 47 62 21
83 63 4 43
59 61 54 19
13 40 66 12
54 57 13 83
46 75 6 79
6 62 55 58
33 68 7 99
94 66 3 41
59 53 13 30
40 7 62 73
49 95 36 9
62 74 16 6
64 64 31 19
44 80 47 18
82 62 12 22
13 85 17 13
62 61 21 18
21 55 7 64
52 66 42 16
64 1 81 72
90 1 55 13
97 58 48 3
2 69 55 73
75 4 22 79
61 43 20 73
9 20 7 85
17 80 3 53
1 2 100 21
45 52 8 58
30 55 52 56
5 61 40 63
19 91 28 1
62 70 18 15
54 21 55 24
1 85 74 5
35 6 66 62
71 1 67 16
61 76 1 74
23 63 11 22
9 79 11 57
3 65 29 37
10 45 25 36
2 81 8 98
98 9 16 69
5 62 12 94
92 27 1 84
91 15 24 25
97 13 1 84
55 10 5 61
5 1 73 88
8 7 11 64
4 8 61 5
59 55 37 16
2 57 65 89
53 1 96 51
53 8 51 7
49 3 59 80
87 89 1 55
100 14 12 54
68 71 15 8
51 3 9 56
49 72 5 84
67 65 58 1
30 73 75 3
29 45 20 63
96 95 5 34
34 1 57 55
5 65 3 93
36 54 3 91
12 88 45 25
12 1 82 65
2 16 51 69
67 64 51 4
52 54 24 2
69 59 1 78
86 2 4 72
67 52 79 2
1 58 73 60
1 64 48 42
68 11 24 36
21 24 55 11
87 1 12 29
21 57 64 4
64 61 8 24
13 3 59 100
3 10 85 73
1 54 68 63
60 47 81 2
52 63 8 52
87 74 10 12
3 9 75 60
51 57 55 8
52 88 67 1
60 3 9 54
9 39 84 3
56 51 2 76
71 29 4 88
10 1 60 95
16 53 43 17
62 3 45 22
64 57 2 69
93 4 56 11
12 96 74 1
61 5 59 32
51 76 4 65
79 37 2 86
61 20 4 70
10 21 55 51
45 3 56 16
85 6 7 99
69 57 5 33
32 59 10 60
1 57 61 99
94 76 2 22
18 67 71 4
53 6 84 15
55 61 1 94
82 4 16 7
70 58 8 8
22 51 4 72
30 83 1 65
91 13 1 86
6 51 12 12
30 82 79 2
6 73 10 78
53 2 82 51
75 33 14 7
34 60 4 69
78 83 2 24
28 78 53 1
25 5 56 58
82 71 3 26
1 66 37 55
89 32 9 7
20 27 3 81
72 75 22 2
51 100 2 51
22 63 1 76
7 27 8 80
99 9 4 51
83 76 2 55
52 75 2 63
47 62 9 53
4 95 9 91
5 90 7 23
90 53 58 3
52 34 9 51
1 55 78 10
3 93 76 2
76 27 23 50
42 41 2 9
55 12 2 93
5 7 60 76
59 2 82 35
38 20 52 6
4 61 10 11
95 1 78 5
9 59 60 10
8 99 5 58
71 3 64 6
57 23 38 51
43 11 9 19
7 69 80 3
1 12 71 46
49 53 1 54
1 35 69 7
92 79 15 3
5 54 82 3
86 31 1 56
77 17 94 2
64 9 35 53
71 2 54 70
94 43 21 6
42 4 44 27
10 90 65 3
31 22 30 63
15 32 59 30
40 71 94 2
1 57 48 74
96 31 7 52
2 40 52 60
82 1 66 45
47 36 1 78
26 17 85 1
26 9 59 6
54 42 62 3
30 36 51 21
52 70 63 1
42 36 17 63
3 58 55 18
34 20 4 49
23 55 22 6
5 12 8 10
1 56 30 93
84 63 2 5
83 1 39 98
64 2 71 40
43 4 13 95
3 9 31 77
60 51 19 2
3 97 7 96
22 94 2 53
68 27 2 58
71 67 16 5
66 28 72 2
67 76 22 1
12 11 59 56
75 67 53 1
18 55 6 61
1 95 13 72
61 23 3 53
65 77 5 1
30 2 55 64
72 83 2 5
15 69 69 4
51 18 47 6
8 84 86 1
1 62 56 59
64 97 11 7
42 6 39 90
90 30 14 8
10 3 57 91
6 2 88 41
2 44 18 92
56 5 2 54
4 57 56 14
46 83 8 1
63 1 15 38
18 99 68 1
3 100 20 5
1 31 39 97
1 90 22 99
5 78 5 24
97 27 53 4
2 27 85 10
3 90 61 9
60 1 78 37
13 7 67 52
37 33 56 4
1 8 38 51
1 99 7 80
67 52 1 72
35 4 34 85
2 40 19 73
56 84 3 2
60 4 7 59
32 1 43 53
65 68 2 2
86 93 1 51
77 75 46 1
61 4 2 93
34 86 51 4
96 21 58 2
53 1 16 85
25 2 54 84
56 81 1 51
59 1 93 8
19 76 79 2
2 92 51 36
68 4 6 71
1 73 10 93
23 86 1 17
90 62 5 4
19 3 83 54
52 2 98 28
80 13 89 2
9 73 7 57
74 50 60 3
38 4 11 86
15 74 60 8
61 72 1 7
5 55 7 52
18 3 16 74
100 54 1 47
18 68 1 1
1 73 24 73
29 6 70 54
98 9 24 6
31 53 2 75
89 1 5 5
4 70 9 54
3 82 45 10
37 3 66 52
17 55 3 97
53 20 2 98
8 12 52 8
75 54 51 1
14 83 78 1
23 65 88 2
14 71 1 88
52 3 2 80
66 51 2 7
74 2 51 6
94 38 1 7
3 11 5 87
67 4 82 9
16 2 56 71
41 60 78 2
57 35 6 36
7 88 3 76
18 24 53 6
28 4 33 33
73 8 34 19
3 80 3 64
73 39 57 2
36 49 1 60
75 27 57 2
6 6 67 61
60 6 79 6
51 51 65 1
40 3 93 30
9 4 79 41
1 77 3 67
39 63 3 52
8 99 69 3
76 67 1 52
42 5 79 19
93 1 72 1
11 59 3 60
31 2 52 10
86 16 19 3
43 62 54 4
2 100 51 9
1 57 30 11
71 5 88 3
63 1 12 53
70 4 37 15
22 1 22 93
8 64 4 53
72 44 43 3
81 16 1 74
2 52 16 94
1 56 5 72
90 24 55 2
63 12 55 5
3 84 27 54
17 2 73 68
7 58 3 95
32 2 8 33
24 63 63 4
21 1 79 50
2 2 69 81
19 5 88 23
72 1 4 81
1 48 27 78
44 62 22 5
67 7 100 3
71 53 53 1
13 67 1 96
1 82 56 3
23 40 73 2
12 38 5 57
79 21 1 53
78 8 13 25
82 66 1 51
90 12 53 4
86 40 64 1
69 14 5 7
55 8 7 61
80 41 6 2
1 52 58 25
13 60 69 3
19 7 87 31
72 62 1 53
72 3 5 65
28 2 97 24
47 19 48 4
7 4 71 55
71 49 44 4
23 5 16 61
20 60 68 2
2 59 28 62
1 51 4 98
2 72 87 2
28 50 53 5
19 1 74 78
28 55 5 16
13 4 57 83
16 52 5 19
13 5 56 100
8 86 3 15
54 10 6 11
6 70 17 8
17 51 2 54
52 18 3 71
2 45 28 58
22 36 63 4
53 11 3 68
62 44 1 68
6 69 65 1
12 67 100 2
8 4 31 91
100 3 3 61
64 21 35 7
97 52 32 1
70 8 37 4
15 57 2 59
63 19 58 2
74 49 13 2
16 79 5 10
4 7 57 2
2 84 54 7
65 6 1 58
2 32 80 6
73 7 2 29
21 4 72 28
88 31 5 5
66 3 51 11
8 56 3 62
54 21 1 51
56 35 43 8
34 57 2 53
46 10 26 6
86 34 76 1
66 6 61 9
22 1 64 69
3 53 98 2
6 57 18 3
53 2 3 52
16 4 28 68
1 51 16 70
81 61 1 38
52 12 54 3
