0.12 0.24 0.99 0.93
0.71 0.63 0.01 0.88
0.66 0.42 0.56 0.53
0.31 0.34 0.84 0.10
0.73 0.66 0.79 0.48
0.81 0.26 0.99 0.54
0.52 0.67 0.78 0.57
0.85 0.77 0.68 0.47
0.82 0.24 0.97 0.08
0.31 0.68 0.79 0.82
0.65 0.57 0.66 0.74
0.92 0.77 0.74 0.03
0.93 0.09 0.77 0.80
0.66 0.33 0.81 0.84
0.71 0.81 0.01 0.54
0.94 0.72 0.54 0.70
0.84 0.11 0.51 1.00
0.55 0.76 0.64 0.69
0.87 0.75 0.70 0.27
0.69 0.64 0.23 0.31
0.61 0.61 0.82 0.05
0.63 0.71 0.75 0.95
0.60 0.65 0.56 0.38
0.58 1.00 0.63 0.70
0.97 0.27 0.18 0.95
0.51 0.26 0.95 0.55
1.00 0.37 0.46 0.52
0.71 0.51 0.53 0.89
0.32 0.17 0.19 0.97
0.34 0.80 0.72 0.71
0.90 0.58 0.61 0.52
0.87 0.28 0.86 0.56
0.58 0.75 0.29 0.27
0.54 0.84 0.58 0.91
0.85 0.70 0.55 0.19
0.55 0.28 0.42 0.70
0.03 0.88 0.10 0.28
0.51 0.64 0.67 0.72
0.82 0.52 0.46 0.64
0.68 0.59 0.52 0.66
0.39 0.55 0.54 0.86
0.82 0.22 0.65 0.80
0.28 0.48 0.61 0.80
0.72 0.21 0.58 0.94
0.87 0.13 0.73 0.81
0.78 0.01 0.62 0.64
0.65 0.54 0.55 0.63
0.51 0.59 0.79 0.59
0.83 0.62 0.05 0.54
0.90 0.35 0.51 0.37
0.64 0.42 0.10 0.62
0.51 0.24 0.73 0.53
0.98 0.15 0.76 0.51
0.37 0.71 0.63 0.23
0.15 0.64 0.90 0.60
0.87 0.24 0.83 0.52
0.66 0.65 0.11 0.01
0.79 0.54 0.31 0.57
0.75 0.64 0.08 0.64
0.25 0.32 0.32 0.78
0.56 0.65 0.08 1.00
0.62 0.56 0.27 0.75
0.66 0.21 0.58 0.55
0.71 0.65 0.07 0.72
0.54 0.60 0.56 0.52
0.14 0.75 0.70 0.65
0.55 0.86 0.29 0.85
0.81 0.33 0.78 0.43
0.03 0.75 0.82 0.70
0.10 0.48 0.60 0.61
0.68 0.08 0.91 0.55
0.60 0.70 0.44 0.51
0.51 0.25 0.54 0.92
0.68 0.32 0.18 0.92
0.71 0.07 0.88 0.65
0.02 1.00 0.93 0.91
0.49 0.39 0.07 0.69
0.22 0.70 0.80 0.53
0.18 0.01 0.85 0.57
1.00 0.01 0.57 0.96
0.10 0.87 0.52 0.79
0.25 0.54 0.77 0.54
0.62 0.52 0.57 0.18
0.54 0.87 0.69 0.15
0.46 0.09 0.34 0.54
0.74 0.24 0.75 0.02
0.59 0.76 0.14 0.52
0.70 0.42 0.64 0.10
0.56 0.56 0.92 0.05
0.88 0.16 0.99 0.21
0.31 0.15 0.75 0.46
0.08 0.40 0.70 0.67
0.40 0.10 0.68 0.83
0.69 0.47 0.30 0.52
0.79 0.56 0.13 0.15
0.20 0.33 0.72 1.00
0.48 0.89 0.88 0.08
0.23 0.80 0.37 0.85
0.88 0.58 0.03 0.41
0.60 0.05 0.67 0.82
1.00 0.07 0.26 0.89
0.53 0.96 0.58 0.22
0.05 0.58 0.88 0.89
0.49 0.09 0.87 0.27
0.58 0.68 0.64 0.28
0.02 0.54 0.89 0.96
0.29 0.27 0.73 0.63
0.11 0.53 0.76 0.55
0.93 0.20 0.53 0.12
0.02 0.66 0.88 0.59
0.87 0.57 0.65 0.04
0.16 0.38 0.72 0.89
0.56 0.60 0.08 0.46
0.68 0.24 0.08 0.70
0.26 0.52 0.67 0.24
0.39 0.55 0.82 0.02
0.61 0.08 0.86 0.56
0.59 0.14 0.65 0.43
0.02 0.54 0.91 0.58
0.59 0.53 0.59 0.46
0.82 0.47 0.60 0.06
0.05 0.02 0.95 0.02
0.26 0.02 0.92 0.39
0.01 0.30 0.31 0.90
0.97 0.07 0.52 0.85
0.78 0.53 0.06 0.36
0.52 0.07 0.67 0.53
0.59 0.45 0.63 0.32
0.57 0.23 0.77 0.02
0.52 0.12 0.67 0.21
0.02 0.84 0.49 0.48
0.51 0.79 0.32 0.60
0.12 0.79 0.53 0.71
0.39 0.70 0.63 0.47
0.60 0.39 0.26 0.57
0.26 0.69 0.31 0.60
0.60 0.83 0.72 0.11
0.78 0.10 0.05 0.95
0.56 0.28 0.20 0.81
0.84 0.05 0.83 0.61
0.30 0.58 0.09 0.16
0.95 0.03 0.60 0.87
0.23 0.65 0.86 0.53
0.98 0.02 0.42 0.60
0.51 0.90 0.08 0.43
0.76 0.61 0.07 0.51
0.51 0.93 0.15 0.03
0.54 0.84 0.03 0.81
0.81 0.64 0.81 0.01
0.75 0.21 0.29 0.88
0.64 0.03 0.73 0.19
0.28 0.97 0.67 0.01
0.14 0.82 0.51 0.51
0.05 0.60 0.51 0.61
0.39 0.09 0.64 0.96
0.90 0.23 0.28 0.25
0.21 0.29 0.62 0.10
0.06 0.79 0.76 0.55
0.09 0.16 0.29 0.55
0.70 0.10 0.68 0.43
0.58 0.15 0.30 0.81
0.56 0.52 0.52 0.13
0.04 0.92 0.74 0.01
0.59 0.63 0.78 0.01
0.61 0.29 0.75 0.06
0.71 0.14 0.24 0.98
0.95 0.15 0.24 0.56
0.82 0.01 0.56 0.75
0.01 0.08 0.35 0.66
0.62 0.52 0.10 0.43
0.08 0.55 0.82 0.47
0.64 0.70 0.02 0.84
0.19 0.78 0.09 0.66
0.07 0.93 0.64 0.04
0.87 0.04 0.27 0.54
0.04 0.88 0.80 0.20
0.32 0.53 0.29 0.52
0.81 0.17 0.17 0.69
0.27 0.81 0.59 0.28
0.54 0.56 0.56 0.22
0.87 0.19 0.10 0.64
0.70 0.79 0.04 0.61
0.51 0.54 0.40 0.14
0.13 0.72 0.56 0.42
0.61 0.53 0.05 0.85
0.93 0.44 0.15 0.45
0.05 0.79 0.52 0.59
0.96 0.26 0.70 0.09
0.69 0.06 0.07 0.04
0.58 0.24 0.09 0.91
0.01 0.06 0.55 0.94
0.76 0.56 0.97 0.01
0.64 0.02 0.56 0.76
0.04 0.87 0.24 0.12
0.19 0.77 0.19 0.92
0.39 0.43 0.22 0.64
0.05 0.61 0.82 0.59
0.56 0.02 0.82 0.83
0.65 0.28 0.65 0.24
0.55 0.53 0.03 0.52
0.91 0.03 0.59 0.06
0.86 0.04 0.30 0.87
0.02 0.67 0.57 0.38
0.52 0.68 0.01 0.81
0.66 0.02 0.50 0.15
0.68 0.07 0.09 0.46
0.53 0.02 0.80 0.61
0.63 0.03 0.87 0.44
0.70 0.01 0.96 0.29
0.59 0.08 0.55 0.56
0.02 0.04 0.56 0.21
0.74 0.01 0.70 0.29
0.35 0.25 0.55 0.53
0.32 0.96 0.01 0.65
0.39 0.03 0.55 0.68
0.62 0.55 0.64 0.08
0.62 0.12 0.48 0.12
0.03 0.65 0.23 0.94
0.59 0.85 0.01 0.07
0.82 0.07 0.02 0.95
0.08 0.61 0.89 0.06
0.51 0.14 0.26 0.59
0.03 0.37 0.53 0.64
0.47 0.64 0.37 0.03
0.80 0.48 0.06 0.93
0.53 0.55 0.73 0.01
0.06 0.52 0.36 0.51
0.31 0.95 0.22 0.02
0.17 0.46 0.90 0.02
0.13 0.85 0.27 0.53
0.24 0.98 0.05 0.47
0.67 0.11 0.59 0.03
0.66 0.62 0.21 0.05
0.71 0.01 0.81 0.83
0.55 0.52 0.54 0.09
0.46 0.80 0.81 0.08
0.60 0.50 0.22 0.58
0.74 0.81 0.02 0.37
0.64 0.56 0.53 0.08
0.06 0.63 0.87 0.04
0.04 0.63 0.54 0.45
0.01 0.97 0.55 0.58
0.55 0.87 0.19 0.02
0.59 0.79 0.35 0.14
0.17 0.74 0.52 0.33
0.93 0.02 0.04 0.75
0.06 0.64 0.35 0.10
0.65 0.03 0.28 0.86
0.06 0.12 0.40 0.54
0.85 0.76 0.09 0.01
0.51 0.73 0.03 0.34
0.41 0.54 0.07 0.86
0.98 0.60 0.01 0.96
0.59 0.01 0.18 0.73
0.52 0.05 0.44 0.86
0.68 0.01 0.38 0.53
0.14 0.57 0.18 0.59
0.74 0.54 0.67 0.01
0.57 0.23 0.04 0.78
0.29 0.58 0.55 0.48
0.85 0.62 0.01 0.80
0.56 0.02 0.68 0.68
0.78 0.19 0.79 0.02
0.94 0.02 0.09 0.70
0.54 0.56 0.16 0.07
0.64 0.53 0.43 0.28
0.17 0.51 0.04 0.77
0.10 0.57 0.68 0.05
0.04 0.80 0.37 0.04
0.53 0.64 0.01 0.53
0.09 0.86 0.09 0.84
0.01 0.73 0.70 0.53
0.18 0.53 0.88 0.17
0.55 0.24 0.21 0.70
0.64 0.74 0.01 0.18
0.01 0.40 0.96 0.16
0.10 0.86 0.22 0.15
0.63 0.55 0.29 0.23
0.57 0.01 0.83 0.66
0.59 0.25 0.22 0.14
0.59 0.53 0.67 0.01
0.76 0.04 0.66 0.01
0.56 0.91 0.11 0.11
0.78 0.02 0.47 0.51
0.34 0.81 0.07 0.76
0.07 0.60 0.26 0.74
0.61 0.59 0.01 0.65
0.15 0.27 0.34 0.45
0.63 0.52 0.03 0.97
0.44 0.62 0.02 0.71
0.41 0.01 0.89 0.34
0.79 0.31 0.04 0.61
0.01 0.72 0.18 0.94
0.51 0.45 0.20 0.15
0.50 0.08 0.08 0.68
0.18 0.12 0.14 0.82
0.43 0.81 0.06 0.56
0.32 0.36 0.77 0.09
0.03 0.69 0.20 0.12
0.31 0.54 0.15 0.54
0.13 0.23 0.26 0.88
0.52 0.65 0.01 0.80
0.61 0.53 0.63 0.05
0.95 0.66 0.03 0.21
0.29 0.17 0.28 0.65
0.61 0.23 0.70 0.09
0.74 0.57 0.04 0.07
0.72 0.32 0.01 0.93
0.39 0.04 0.70 0.14
0.52 0.08 0.04 0.80
0.62 0.40 0.56 0.07
0.34 0.89 0.08 0.58
0.66 0.58 0.05 0.17
0.23 0.52 0.20 0.67
0.19 0.25 0.07 0.16
0.58 0.58 0.01 0.94
0.17 0.21 0.22 0.35
0.06 0.55 0.15 0.13
0.55 0.22 0.05 0.59
0.17 0.54 0.81 0.19
0.01 0.61 0.78 0.54
0.31 0.78 0.79 0.02
0.21 0.05 0.17 0.97
0.06 0.84 0.06 0.17
0.33 0.07 0.51 0.67
0.02 0.68 0.01 0.78
0.28 0.93 0.30 0.06
0.25 0.76 0.01 0.13
0.22 0.51 0.03 0.51
0.62 0.39 0.41 0.08
0.06 0.81 0.05 0.62
0.66 0.21 0.14 0.55
0.04 0.52 0.41 0.61
0.74 0.87 0.02 0.02
0.53 0.57 0.51 0.11
0.01 0.94 0.79 0.51
0.27 0.05 0.42 0.75
0.01 0.78 0.92 0.16
0.75 0.04 0.12 0.99
0.55 0.55 0.71 0.07
0.17 0.76 0.76 0.04
0.20 0.85 0.78 0.03
0.02 0.28 0.19 0.59
0.14 0.63 0.03 0.67
0.22 0.49 0.01 0.61
0.27 0.05 0.68 0.18
0.55 0.82 0.54 0.02
0.88 0.72 0.01 0.30
0.54 0.03 0.23 1.00
0.19 0.40 0.70 0.03
0.02 0.25 0.25 0.75
0.24 0.86 0.86 0.01
0.02 0.37 0.52 0.53
1.00 0.04 0.25 0.56
0.57 0.01 0.59 0.90
0.54 0.54 0.57 0.13
0.55 0.35 0.58 0.13
0.59 0.03 0.75 0.57
0.39 0.51 0.53 0.07
0.63 0.03 0.70 0.12
0.54 0.03 0.80 0.36
0.52 0.53 0.17 0.09
0.64 0.03 0.35 0.46
0.28 0.53 0.55 0.12
0.52 0.04 0.48 0.57
0.01 0.57 0.62 0.24
0.27 0.02 0.53 0.43
0.25 0.99 0.67 0.01
0.09 0.72 0.11 0.53
0.04 1.00 0.04 0.68
0.67 0.02 0.49 0.71
0.19 0.63 0.05 0.39
0.09 0.44 0.56 0.08
0.60 0.69 0.65 0.02
0.51 0.01 0.12 0.98
0.13 0.54 0.17 0.87
0.59 0.66 0.15 0.06
0.02 0.88 0.26 0.56
0.11 0.60 0.62 0.01
0.59 0.66 0.06 0.19
0.80 0.01 0.34 0.63
0.53 0.56 0.06 0.10
0.65 0.01 0.71 0.51
0.63 0.03 0.05 0.84
0.97 0.16 0.61 0.02
0.17 0.58 0.03 0.75
0.57 0.30 0.55 0.10
0.29 0.01 0.51 0.58
0.93 0.02 0.81 0.12
0.75 0.15 0.86 0.01
0.13 0.01 0.63 0.77
0.02 0.15 0.97 0.20
0.12 0.02 0.76 0.56
0.16 0.25 0.54 0.44
0.72 0.10 0.01 0.74
0.61 0.74 0.58 0.02
0.66 0.01 0.62 0.23
0.53 0.73 0.01 0.15
0.84 0.04 0.23 0.64
0.54 0.34 0.01 0.64
0.52 0.62 0.51 0.07
0.74 0.02 0.54 0.04
0.01 0.01 0.83 0.92
0.28 0.14 0.04 1.00
0.02 0.56 0.81 0.03
0.66 0.67 0.01 0.07
0.77 0.01 0.06 0.60
0.61 0.52 0.01 0.59
0.83 0.16 0.06 0.49
0.57 0.51 0.01 0.38
0.45 0.05 0.27 0.59
0.67 0.44 0.02 0.54
0.43 0.65 0.54 0.02
0.60 0.05 0.25 0.56
0.68 0.57 0.58 0.04
0.56 0.04 0.92 0.08
0.41 0.08 0.15 0.80
0.15 0.57 0.13 0.93
0.87 0.02 0.04 0.65
0.58 0.02 0.33 0.80
0.47 0.69 0.01 0.23
0.20 0.38 0.04 0.70
0.62 0.55 0.08 0.06
0.55 0.58 0.07 0.08
0.77 0.01 0.76 0.04
0.01 0.68 0.38 0.58
0.68 0.12 0.24 0.15
0.16 0.51 0.54 0.41
0.70 0.01 0.15 0.60
0.26 0.79 0.57 0.02
0.49 0.74 0.53 0.02
0.56 0.54 0.01 0.60
0.65 0.53 0.01 0.17
0.59 0.19 0.03 0.77
0.09 0.42 0.52 0.10
0.40 0.19 0.24 0.10
0.49 0.17 0.06 0.65
0.13 0.54 0.16 0.60
0.05 0.20 0.11 0.52
0.01 1.00 0.27 0.63
0.58 0.16 0.51 0.09
0.15 0.22 0.55 0.48
1.00 0.12 0.03 0.11
0.17 0.11 0.37 0.52
0.57 0.05 0.21 0.52
0.03 0.55 0.52 0.46
0.18 0.11 0.09 0.76
0.28 0.55 0.65 0.07
0.68 0.19 0.05 0.74
0.72 0.63 0.38 0.02
0.01 0.78 0.16 0.61
0.57 0.70 0.53 0.02
0.62 0.53 0.51 0.05
0.07 0.13 0.14 0.06
0.61 0.28 0.01 0.13
0.01 0.77 0.77 0.15
0.81 0.54 0.24 0.02
0.69 0.78 0.05 0.06
0.37 0.77 0.60 0.03
0.97 0.14 0.06 0.58
0.10 0.35 0.01 0.52
0.63 0.69 0.05 0.11
0.52 0.62 0.61 0.04
0.01 0.70 0.03 0.29
0.62 0.01 0.67 0.40
0.65 0.52 0.59 0.02
0.82 0.16 0.21 0.01
0.53 0.53 0.52 0.04
0.02 0.69 0.55 0.17
0.02 0.55 0.16 0.99
1.00 0.08 0.05 0.15
0.10 0.79 0.61 0.03
0.25 0.57 0.28 0.02
0.25 0.90 0.01 0.11
0.59 0.65 0.04 0.10
0.01 0.54 0.85 0.49
0.01 0.11 0.75 0.28
0.02 0.64 0.11 0.28
0.82 0.66 0.09 0.02
0.56 0.02 0.80 0.33
0.59 0.50 0.48 0.03
0.69 0.05 0.69 0.14
0.01 0.04 0.65 0.53
0.58 0.09 0.13 0.63
0.22 0.16 0.11 0.06
0.13 0.64 0.02 0.09
0.01 0.52 0.10 0.76
0.63 0.63 0.05 0.08
0.86 0.01 0.51 0.02
0.21 0.54 0.57 0.01
0.51 0.08 0.51 0.15
0.06 0.25 0.85 0.15
0.55 0.03 0.30 0.59
0.03 0.02 0.98 0.50
0.09 0.60 0.06 0.25
0.54 0.65 0.18 0.04
0.65 0.13 0.02 0.65
0.11 0.22 0.02 0.52
0.65 0.12 0.68 0.11
0.02 0.77 0.75 0.06
0.68 0.53 0.19 0.03
0.53 0.52 0.85 0.01
0.30 0.18 0.73 0.05
0.34 0.08 0.12 0.94
0.09 0.38 0.22 0.01
0.62 0.01 0.34 0.23
0.56 0.79 0.01 0.06
0.09 0.04 0.46 0.78
0.67 0.59 0.12 0.05
0.81 0.07 0.03 1.00
0.01 0.62 0.89 0.19
0.03 0.75 0.64 0.01
0.16 0.85 0.18 0.03
0.63 0.09 0.05 0.54
0.17 0.07 0.52 0.52
0.56 0.02 0.04 0.67
0.68 0.10 0.40 0.05
0.61 0.81 0.15 0.03
0.59 0.03 0.25 0.62
0.48 0.02 0.08 0.92
0.30 0.07 0.27 0.74
0.12 0.01 0.75 0.76
0.75 0.04 0.78 0.02
0.02 0.74 0.53 0.27
0.02 0.62 0.73 0.17
0.72 0.36 0.86 0.01
0.57 0.09 0.54 0.03
0.54 0.01 0.12 0.62
0.71 0.11 0.02 0.58
0.46 0.26 0.18 0.01
0.51 0.14 0.01 0.25
0.22 0.10 0.62 0.01
0.28 0.01 0.54 0.92
0.49 0.01 0.67 0.54
0.24 0.69 0.01 0.24
0.02 0.65 0.80 0.05
0.06 0.31 0.30 0.39
0.28 0.54 0.07 0.09
0.08 0.01 0.41 0.34
0.21 0.11 0.20 0.52
0.01 0.72 0.02 0.67
0.63 0.06 0.56 0.19
0.45 0.02 0.77 0.17
0.20 0.80 0.07 0.04
0.73 0.09 0.73 0.01
0.12 0.87 0.13 0.04
0.02 0.71 0.62 0.12
0.56 0.12 0.14 0.13
0.07 0.46 0.03 0.81
0.72 0.05 0.39 0.22
0.03 0.73 0.10 0.19
0.13 0.02 0.71 0.05
0.55 0.96 0.01 0.06
0.91 0.52 0.03 0.01
0.01 0.55 0.14 0.46
0.74 0.04 0.32 0.27
0.91 0.01 0.13 0.53
0.79 0.01 0.39 0.21
0.55 0.02 0.01 0.22
0.87 0.63 0.13 0.02
0.93 0.01 0.20 0.15
0.50 0.06 0.38 0.54
0.01 0.18 0.61 0.52
0.59 0.56 0.04 0.04
0.75 0.01 0.62 0.18
0.06 0.67 0.51 0.03
0.05 0.33 0.93 0.06
0.02 0.29 0.12 0.58
0.01 0.58 0.05 0.89
0.70 0.01 0.91 0.06
0.88 0.52 0.15 0.01
0.06 0.60 0.10 0.54
0.04 0.94 0.60 0.03
0.05 0.65 0.06 0.68
0.96 0.08 0.06 0.19
0.70 0.02 0.05 0.09
0.03 0.38 0.51 0.55
0.56 0.10 0.58 0.01
0.02 0.77 0.25 0.27
0.09 0.07 0.33 0.74
0.24 0.10 0.25 0.96
0.58 0.09 0.47 0.05
0.51 0.11 0.23 0.37
0.23 0.84 0.02 0.06
0.03 0.55 0.02 0.93
0.19 0.10 0.67 0.11
0.10 0.02 0.21 0.56
0.54 0.65 0.02 0.07
0.04 0.17 0.54 0.55
0.28 0.08 0.37 0.53
0.03 0.84 0.52 0.07
0.03 0.55 0.90 0.18
0.59 0.06 0.60 0.14
0.01 0.08 0.92 0.52
0.72 0.89 0.09 0.02
0.01 0.96 0.99 0.14
0.01 0.08 0.20 0.05
0.06 0.01 0.71 0.34
0.01 0.03 0.51 0.88
0.29 0.33 0.01 0.89
