11 84 8 22
68 83 75 71
73 71 35 40
89 62 89 65
59 67 68 69
53 44 73 96
61 51 90 73
64 44 96 85
74 76 51 34
60 16 90 87
52 62 72 68
52 79 22 42
51 34 84 97
27 65 56 89
91 68 92 33
25 94 45 14
80 64 23 97
84 55 63 68
71 24 28 89
84 69 78 53
74 12 70 97
88 57 50 64
59 52 99 86
97 25 94 72
98 4 83 73
93 36 83 80
60 43 77 54
99 53 21 61
56 57 2 64
60 62 67 40
53 60 92 81
53 51 86 56
35 80 87 76
100 52 71 65
100 92 1 82
19 22 82 92
88 68 55 37
49 51 67 68
52 41 45 75
95 72 93 9
7 63 89 39
97 54 18 91
14 70 51 82
81 59 63 4
60 65 39 60
32 57 84 70
94 11 82 74
67 96 34 1
86 75 33 6
56 65 93 28
66 93 98 11
7 92 84 41
52 14 40 79
57 85 97 17
78 53 51 55
15 81 78 65
62 59 66 63
52 19 79 74
88 58 48 54
75 52 14 100
8 64 56 87
25 24 62 70
99 54 32 60
52 75 87 56
97 10 43 77
71 7 93 97
73 42 86 53
37 36 59 77
80 81 67 33
70 68 52 37
79 60 35 63
24 47 87 26
90 72 83 2
16 60 81 66
27 83 56 69
87 72 61 19
74 13 56 1
66 49 96 16
54 56 18 57
60 90 54 18
3 76 57 66
55 57 71 18
91 45 22 48
60 96 10 5
4 67 52 73
19 91 54 6
27 52 86 31
81 69 14 54
71 8 34 34
51 31 59 64
74 31 29 59
67 70 53 42
29 86 5 78
77 4 97 100
43 66 1 63
39 57 65 67
49 83 77 12
52 71 54 57
59 64 1 96
28 59 67 51
11 8 70 59
78 85 55 20
14 71 84 1
64 74 36 48
95 2 55 93
13 56 58 78
1 80 54 22
53 69 67 39
60 6 87 63
31 77 51 52
56 49 73 57
78 2 70 66
80 1 61 82
69 47 75 26
70 3 98 92
60 2 93 69
52 55 4 60
84 20 22 18
76 16 51 31
51 52 51 80
64 63 33 56
23 64 1 58
5 71 2 47
71 57 70 19
65 20 41 55
58 65 25 32
51 90 59 19
13 8 55 92
67 4 84 27
8 63 74 94
100 94 19 13
71 62 11 54
91 3 20 92
1 77 65 56
67 1 57 58
7 56 4 67
56 25 41 52
69 12 51 95
86 81 25 16
62 3 64 57
95 53 18 85
2 58 76 84
89 74 52 14
34 54 53 76
38 61 59 55
53 21 85 51
23 62 32 56
60 11 10 66
62 59 100 14
54 53 56 58
1 75 90 79
51 54 92 13
65 18 73 54
57 10 61 67
57 71 62 23
55 48 80 30
56 6 96 57
59 48 12 66
89 88 1 8
10 5 93 58
14 63 21 62
73 50 32 64
69 59 4 55
12 4 86 56
20 52 69 62
72 4 35 51
69 71 3 11
72 74 68 10
3 36 59 61
66 8 13 62
52 55 76 9
52 37 91 14
42 67 75 35
63 88 53 17
60 58 52 3
54 75 69 22
65 45 8 74
83 26 51 10
57 7 55 77
94 39 3 13
58 2 100 71
45 15 97 29
11 66 35 28
73 64 51 25
27 52 39 57
99 3 68 6
25 44 72 19
12 12 53 64
78 11 79 20
5 2 35 57
6 82 99 18
26 53 60 53
99 10 11 93
57 16 33 68
52 64 32 16
34 41 90 51
62 69 15 11
70 52 49 34
58 90 41 12
4 81 26 73
2 5 70 70
61 40 75 44
63 8 78 53
65 1 94 33
19 51 52 41
60 31 31 53
52 76 58 5
4 73 46 90
36 2 62 43
59 54 73 12
48 61 59 17
75 5 67 25
3 88 89 12
76 3 52 20
57 52 35 23
53 5 5 63
15 9 9 93
63 21 17 51
1 77 16 61
89 51 4 49
19 38 70 40
51 2 96 31
64 56 60 9
17 20 78 30
2 38 66 88
2 17 5 51
50 78 58 21
61 21 100 28
71 7 63 19
55 60 32 16
73 2 11 91
4 54 78 45
28 56 57 19
51 68 34 13
59 36 65 15
66 14 85 5
51 48 20 17
53 1 82 99
32 67 51 5
74 70 54 2
63 52 1 62
19 66 39 19
61 88 15 7
56 54 86 11
55 96 20 12
65 2 84 16
65 9 60 56
18 46 64 8
85 38 3 62
6 92 88 16
98 4 56 6
77 5 63 9
15 13 37 54
1 75 97 63
84 70 1 55
37 71 21 17
51 84 47 9
87 30 18 21
92 52 52 2
49 78 77 3
65 85 31 1
17 4 13 83
3 91 100 6
1 56 85 88
65 60 40 7
61 10 2 52
40 1 55 3
73 33 24 15
52 24 3 69
98 48 2 25
43 79 12 8
54 69 70 2
41 81 19 24
56 7 4 68
71 62 64 2
60 1 52 59
84 6 1 67
52 84 53 2
1 69 25 60
56 61 81 1
4 42 93 9
3 43 93 2
64 79 4 39
9 69 65 50
32 48 55 22
55 58 52 11
55 41 2 62
2 99 86 8
3 3 10 64
1 54 59 19
59 52 1 62
82 77 31 3
44 54 23 30
1 84 43 26
22 77 73 4
43 70 14 3
42 42 4 81
70 51 70 2
80 99 6 7
1 58 91 16
9 10 96 56
80 55 30 4
13 58 53 40
27 67 89 3
56 35 15 4
93 21 9 4
59 99 13 3
61 29 53 22
67 2 33 65
50 66 3 21
13 62 62 9
27 52 52 39
55 67 18 3
65 18 52 46
1 24 61 73
52 10 12 31
26 8 97 52
49 51 34 49
66 73 65 1
52 65 46 10
57 67 51 2
8 74 52 41
75 52 2 32
11 91 88 11
30 63 3 17
5 58 1 73
8 70 84 13
37 59 1 63
62 22 31 21
4 12 98 56
65 36 7 1
36 7 7 87
25 59 58 7
1 94 18 11
10 1 52 87
62 5 1 49
2 52 77 25
42 53 17 42
98 3 16 47
56 24 5 49
30 1 21 89
17 92 70 2
36 21 74 32
51 51 2 91
69 34 21 12
71 29 51 5
44 61 54 6
62 15 10 37
87 28 37 5
77 1 21 61
45 64 28 2
23 65 42 44
5 8 79 53
93 9 16 19
30 4 66 56
20 54 54 36
16 69 41 18
25 97 59 2
3 63 56 10
66 54 6 25
50 51 42 48
69 84 1 21
5 77 55 43
57 98 10 11
56 57 42 2
12 51 59 10
42 59 25 37
59 79 62 1
53 59 82 2
76 30 48 10
51 52 51 11
31 70 88 5
26 13 63 52
26 2 6 90
6 55 73 13
54 77 1 41
2 9 68 99
38 51 53 40
37 66 30 8
31 18 100 13
4 8 86 42
51 45 13 36
71 19 54 13
52 70 68 1
76 9 30 3
13 65 1 53
54 83 12 1
17 59 28 39
31 90 68 1
25 82 66 2
4 56 76 15
43 25 71 2
1 63 53 22
88 2 21 37
3 67 3 76
50 1 53 62
21 20 85 4
58 51 7 5
10 56 54 26
8 97 82 8
7 66 1 14
58 55 95 1
2 2 92 91
62 22 7 40
3 79 11 10
89 13 2 7
52 44 18 17
16 56 2 64
8 24 85 35
18 16 97 18
16 60 64 9
31 50 26 45
61 17 11 32
74 28 16 10
26 96 38 7
35 15 81 13
75 94 5 7
78 52 2 4
23 5 57 49
22 59 13 42
23 56 66 1
9 5 64 56
36 29 83 4
68 25 2 21
43 5 52 36
18 9 61 56
1 28 55 51
52 39 51 30
4 68 73 7
1 60 54 53
67 1 2 65
56 3 52 48
68 3 52 27
48 1 11 63
22 51 66 1
15 96 71 3
27 60 63 1
80 4 28 56
3 56 53 35
3 84 5 10
17 71 77 1
6 68 33 3
17 78 76 2
26 12 93 38
57 54 4 59
4 38 97 19
17 20 69 41
97 52 1 47
7 2 2 70
50 100 52 1
61 57 2 9
2 91 98 9
25 49 56 47
91 1 4 11
51 25 54 13
27 94 10 2
31 49 52 8
75 17 47 10
14 42 99 4
62 51 56 1
45 89 12 5
73 59 5 3
5 6 99 12
2 98 68 9
1 24 33 56
41 49 86 1
24 40 67 32
2 95 74 7
68 4 33 48
80 34 12 17
18 11 96 31
1 75 30 59
55 78 1 1
61 49 1 10
43 51 25 31
12 66 56 1
7 15 15 57
11 56 30 1
55 51 3 61
72 1 13 17
15 15 80 10
5 61 70 17
22 2 4 55
10 61 20 43
55 52 43 8
54 74 5 12
10 54 68 12
86 16 51 1
53 47 88 1
67 18 20 26
11 27 65 11
2 76 51 2
5 18 14 41
62 14 89 2
21 17 85 6
50 57 9 5
39 30 6 17
35 28 29 38
71 9 38 24
20 2 97 51
2 59 88 12
53 36 51 2
5 14 61 51
7 12 16 55
59 38 23 2
71 3 4 36
1 59 21 48
2 10 15 98
71 22 28 1
11 15 52 9
69 8 38 7
72 3 1 51
55 17 1 23
29 19 57 2
62 1 7 52
9 41 62 31
66 5 13 2
14 51 51 22
1 3 98 35
10 27 53 22
59 11 70 2
1 61 52 12
17 78 12 7
39 56 3 62
1 5 15 98
1 4 77 42
6 8 91 21
58 9 32 51
27 55 12 36
51 66 6 2
25 16 17 42
4 72 56 8
32 5 66 25
26 13 87 31
36 8 57 18
62 3 77 2
1 56 57 30
4 78 17 29
4 14 73 37
54 7 35 2
1 1 84 65
12 57 3 65
1 14 23 71
51 25 47 5
2 13 60 83
28 84 8 6
59 61 3 5
1 41 12 77
2 90 15 44
1 41 9 67
42 56 13 16
50 97 29 1
63 23 15 1
4 72 66 6
5 87 18 3
1 41 53 51
60 58 9 3
13 1 79 72
50 53 6 14
45 1 24 88
6 67 90 9
35 5 99 13
21 56 8 10
5 1 45 69
4 75 24 28
1 36 52 49
55 14 28 30
51 52 35 10
9 85 81 1
54 28 33 26
12 31 22 24
82 12 68 1
76 1 2 62
21 4 71 56
1 61 94 1
52 55 2 61
72 2 54 4
1 61 7 64
12 54 49 22
6 11 83 27
14 11 64 52
53 5 19 51
31 5 22 14
7 56 59 16
10 56 90 10
16 51 26 22
29 7 71 30
10 59 64 12
97 12 65 1
31 21 5 14
12 13 94 18
13 23 1 100
65 2 53 9
7 29 15 25
1 33 21 83
6 6 53 2
4 28 65 2
54 58 6 11
3 53 64 19
4 2 98 58
