0.70 0.95 0.70 0.00
0.84 0.22 0.73 0.61
0.73 0.52 0.21 0.97
0.85 0.59 0.15 0.90
0.88 0.89 0.76 0.27
0.46 0.67 0.56 0.81
0.72 0.51 0.53 0.52
0.41 0.93 0.59 0.55
0.51 0.62 0.61 0.99
0.83 0.88 0.71 0.02
0.63 0.89 0.60 0.66
0.92 0.51 0.76 0.51
0.14 0.95 0.04 0.57
0.82 0.93 0.62 0.51
0.94 0.26 0.58 0.59
0.62 0.61 0.64 0.99
0.70 0.59 0.74 0.80
0.92 0.86 0.41 0.79
0.55 0.65 0.98 0.86
0.75 0.36 0.72 0.61
0.84 0.83 0.05 0.38
0.63 0.53 0.58 0.57
0.61 0.61 0.57 0.82
0.70 0.48 0.71 0.83
0.79 0.31 0.05 0.63
0.56 0.84 0.92 0.55
0.81 0.82 0.06 0.53
0.64 0.60 0.50 0.74
0.63 0.38 0.69 0.53
0.95 0.64 0.54 0.11
0.77 0.13 0.18 0.68
0.53 0.90 0.98 0.46
0.58 0.84 0.81 0.71
0.33 0.91 0.55 0.11
0.53 0.91 0.87 0.10
0.92 0.59 0.63 0.26
0.55 0.60 0.30 0.84
0.65 0.90 0.59 0.53
0.51 0.86 0.79 0.61
0.61 0.65 0.66 0.73
0.56 0.56 0.97 0.59
0.39 0.57 0.95 0.48
0.47 0.85 0.21 0.79
1.00 0.34 0.90 0.25
0.58 0.09 0.64 0.62
0.47 1.00 0.03 0.40
0.98 0.10 0.61 0.67
0.26 0.63 0.51 0.71
0.66 0.56 0.66 0.08
0.07 0.70 0.96 0.73
0.68 0.82 0.10 0.63
0.80 0.88 0.02 0.32
0.25 0.41 0.69 0.24
0.03 0.55 0.81 0.63
0.72 0.83 0.95 0.02
0.12 0.55 0.91 0.52
0.82 0.72 0.56 0.06
0.02 0.49 0.78 1.00
0.75 0.77 0.23 0.80
0.14 0.70 0.67 0.54
0.68 0.31 0.85 0.59
0.74 0.41 0.63 0.61
0.05 0.53 0.81 0.86
0.21 0.51 0.78 0.19
0.51 0.53 0.34 0.95
0.60 0.54 0.62 0.55
0.53 0.53 0.68 0.32
0.91 0.63 0.64 0.46
0.45 0.62 0.56 0.90
0.60 0.82 0.06 0.84
0.90 0.24 0.95 0.52
0.45 0.80 0.58 0.55
0.40 0.28 0.87 0.91
0.78 0.53 0.59 0.37
0.57 0.74 0.80 0.10
0.51 0.55 0.54 0.80
0.68 0.57 0.51 0.51
0.36 0.84 0.47 0.12
0.08 0.79 0.32 0.88
0.89 0.04 0.56 0.89
0.59 0.78 0.28 0.80
0.65 0.65 0.71 0.16
0.86 0.07 0.57 0.77
0.09 0.74 0.68 0.79
0.21 0.37 0.68 0.94
0.84 0.27 0.11 0.53
0.81 0.77 0.60 0.05
0.88 0.05 0.71 0.90
0.73 0.72 0.08 0.51
0.89 0.70 0.01 0.95
0.87 0.68 0.27 0.02
1.00 0.87 0.17 0.34
0.58 0.66 0.66 0.61
0.22 0.02 0.97 0.02
0.62 0.63 0.38 0.67
0.63 0.58 0.36 0.49
0.67 0.04 0.75 0.67
0.24 0.59 0.53 0.64
0.81 0.60 0.01 0.67
0.74 0.83 0.25 0.39
0.10 0.54 0.11 0.93
0.33 0.19 0.92 0.81
0.61 0.85 0.08 0.51
0.70 0.24 0.60 0.06
0.92 0.93 0.78 0.01
0.07 0.99 0.66 1.00
0.50 0.97 0.94 0.05
0.68 0.70 0.04 0.56
0.70 0.60 0.24 0.65
0.60 0.61 0.51 0.12
0.54 0.57 0.66 0.52
0.07 0.91 0.80 0.53
0.16 0.57 0.15 0.45
0.55 0.98 0.73 0.04
0.81 0.06 0.58 0.99
0.76 0.13 0.56 0.59
0.63 0.40 0.53 0.91
0.55 0.20 0.64 0.99
0.28 0.44 0.60 1.00
0.87 0.63 0.22 0.29
0.37 0.12 0.96 0.83
0.53 0.82 0.74 0.02
0.52 0.28 0.72 0.88
0.57 0.15 0.95 0.68
0.69 0.13 0.05 0.92
0.95 0.01 0.62 0.93
0.65 0.60 0.63 0.11
0.02 0.72 0.61 0.94
0.55 0.10 0.93 0.75
0.86 0.41 0.54 0.52
0.09 0.58 0.59 0.14
0.38 0.26 0.91 0.40
0.53 0.45 0.55 0.98
0.15 0.99 0.58 0.15
0.22 0.17 0.62 0.74
0.58 0.51 0.11 0.57
0.67 0.61 0.73 0.06
0.54 0.51 0.95 0.05
0.53 0.64 0.06 0.94
0.80 0.83 0.33 0.13
0.71 0.81 0.10 0.52
0.64 0.62 0.06 0.91
0.66 0.48 0.60 0.85
0.66 0.14 0.58 0.78
0.84 0.95 0.16 0.24
0.05 0.98 0.89 0.04
0.08 0.86 0.69 0.67
0.90 0.01 0.81 0.73
0.03 0.55 0.74 0.93
0.43 0.04 0.61 0.13
0.57 0.76 0.03 0.59
0.12 0.01 0.52 0.18
0.69 0.35 0.40 0.80
0.96 0.59 0.60 0.02
0.61 0.72 0.64 0.10
0.46 0.63 0.90 0.07
0.76 0.84 0.41 0.23
0.80 0.68 0.60 0.04
0.79 0.98 0.17 0.03
0.12 0.05 0.39 0.97
0.31 0.63 0.01 0.99
0.52 0.56 0.93 0.11
0.75 0.14 0.85 0.10
0.42 0.70 0.61 0.09
0.71 0.78 0.09 0.55
0.03 0.78 0.58 0.78
0.92 0.18 0.31 0.30
0.02 0.75 0.95 0.72
0.86 0.07 0.25 0.76
0.82 0.58 0.56 0.09
0.18 0.49 0.82 0.09
0.58 0.23 0.18 0.03
0.42 0.68 0.14 0.62
0.52 0.90 0.04 0.79
0.59 0.98 0.15 0.32
0.83 0.16 0.21 0.16
0.62 0.53 0.10 0.97
0.86 0.07 0.19 0.92
0.73 0.04 0.89 0.07
0.23 0.57 0.12 0.83
0.29 0.94 0.60 0.01
0.05 0.72 0.30 0.82
0.03 0.08 0.83 0.68
0.68 0.10 0.47 0.76
0.04 0.64 0.92 0.11
0.85 0.15 0.05 0.88
0.09 0.01 0.94 0.59
0.03 0.86 0.60 0.64
0.75 0.36 0.06 0.88
0.07 0.11 0.74 0.82
0.52 0.56 0.51 0.79
0.53 0.59 0.62 0.12
0.44 0.54 0.28 0.67
0.08 0.45 0.53 0.87
0.53 0.62 0.70 0.03
0.69 0.08 0.27 0.65
0.66 0.02 0.02 0.42
0.55 0.67 0.04 0.68
0.34 0.66 0.05 0.84
0.03 0.52 0.53 0.58
0.44 0.46 0.33 0.87
0.26 0.55 0.13 0.77
0.68 0.60 0.12 0.36
0.02 0.57 0.84 0.94
0.55 0.93 0.24 0.19
0.49 0.46 0.51 0.33
0.92 0.64 0.06 0.07
0.21 0.93 0.55 0.15
0.35 0.15 0.23 0.57
0.79 0.15 0.19 0.13
0.02 0.56 0.75 0.63
0.28 0.65 0.37 0.35
0.15 0.83 0.41 0.80
0.10 0.37 0.69 0.64
0.26 0.63 0.02 0.91
0.65 0.59 0.07 0.96
0.54 0.93 0.03 0.70
0.08 0.87 0.75 0.43
0.02 0.41 0.99 0.18
0.09 0.07 0.50 0.50
0.34 0.75 0.76 0.05
0.51 0.78 0.58 0.06
0.64 0.13 0.20 0.80
0.06 0.91 0.20 0.87
0.03 0.55 0.83 0.41
0.94 0.01 0.79 0.13
0.86 0.76 0.89 0.02
0.58 0.24 0.10 0.90
0.47 0.28 0.42 0.54
0.05 0.79 0.03 0.27
0.06 0.70 0.27 0.92
0.04 0.57 0.64 0.53
0.03 0.57 0.09 0.72
0.56 0.74 0.13 0.51
0.99 0.57 0.96 0.02
0.37 0.64 0.02 0.53
0.53 0.51 0.01 0.16
0.01 0.93 0.87 0.74
0.87 0.09 0.16 0.21
0.30 0.68 0.81 0.12
0.08 0.28 0.68 0.95
0.52 0.67 0.24 0.30
0.73 0.99 0.06 0.13
0.01 0.90 0.84 0.90
0.23 0.33 0.31 0.80
0.19 0.57 0.20 0.20
0.53 0.56 0.38 0.09
0.18 0.84 0.49 0.14
0.56 0.28 0.07 0.60
0.52 0.23 0.78 0.10
0.24 0.58 0.05 0.95
0.66 0.75 0.08 0.01
0.04 0.89 0.04 0.73
0.07 0.43 0.38 0.89
0.02 0.25 0.57 0.63
0.59 0.79 0.13 0.15
0.01 0.07 0.74 0.55
0.20 0.01 0.91 0.11
0.82 0.61 0.77 0.01
0.55 0.21 0.61 0.03
0.61 0.12 0.33 0.52
0.34 0.72 0.02 0.02
0.43 0.79 0.12 0.01
0.04 0.12 0.10 0.28
0.01 0.87 0.40 0.59
0.77 0.55 0.04 0.14
0.21 0.98 0.43 0.15
0.54 0.21 0.02 0.68
0.09 0.96 0.60 0.06
0.52 0.29 0.67 0.09
0.50 0.52 0.02 0.97
0.38 0.56 0.06 0.94
0.27 0.55 0.69 0.17
0.64 0.03 0.17 0.81
0.46 0.04 0.48 0.91
0.25 0.70 0.03 0.60
0.50 0.61 0.04 0.84
0.82 0.23 0.97 0.01
0.63 0.71 0.47 0.01
0.51 0.55 0.09 0.56
0.44 0.70 0.64 0.05
0.15 0.53 0.97 0.13
0.78 0.06 0.79 0.01
0.01 0.60 0.83 0.47
0.64 0.54 0.12 0.12
0.93 0.66 0.18 0.02
0.70 0.64 0.81 0.02
0.79 0.54 0.17 0.01
0.32 0.58 0.05 0.92
0.02 0.07 0.83 0.54
0.58 0.11 0.07 0.93
0.76 0.61 0.09 0.11
0.78 0.08 0.43 0.30
0.37 0.31 0.53 0.03
0.04 0.68 0.06 0.89
0.71 0.53 0.72 0.01
0.70 0.15 0.55 0.03
0.56 0.10 0.32 0.59
0.13 0.95 0.90 0.11
0.60 0.07 0.31 0.85
0.03 0.82 0.33 0.68
0.03 0.54 0.01 0.79
0.01 0.49 0.71 0.86
0.03 0.89 0.08 0.63
0.15 0.15 0.08 0.35
0.41 0.35 0.73 0.01
0.96 0.23 0.11 0.15
0.62 0.13 0.72 0.02
0.20 0.76 0.71 0.03
0.60 0.68 0.05 0.15
0.77 0.58 0.01 0.11
0.25 0.54 0.86 0.03
0.52 0.43 0.09 0.19
0.90 0.14 0.48 0.13
0.57 0.33 0.01 0.99
0.52 0.69 0.34 0.14
0.58 0.20 0.74 0.05
0.02 0.66 0.40 0.75
0.33 0.88 0.30 0.07
0.01 0.51 0.01 0.86
0.54 0.03 0.51 0.96
0.92 0.41 0.09 0.16
0.64 0.27 0.03 0.62
0.89 0.15 0.01 0.88
0.64 0.01 0.37 0.77
0.60 0.13 0.89 0.04
0.28 0.20 0.04 0.52
0.01 0.88 0.76 0.10
0.73 0.09 0.20 0.15
0.73 0.71 0.14 0.02
0.69 0.02 0.60 0.14
0.01 0.58 0.58 0.75
0.03 0.63 0.98 0.10
0.01 0.80 0.81 0.54
0.31 0.94 0.58 0.03
0.05 0.64 0.86 0.10
0.01 0.81 0.99 0.09
0.01 0.55 0.57 0.53
0.02 0.53 0.59 0.55
0.23 0.58 0.70 0.11
1.00 0.17 0.01 0.80
0.98 0.12 0.60 0.08
0.22 0.80 0.57 0.12
0.23 0.79 0.90 0.02
0.35 0.83 0.71 0.01
0.81 0.12 0.29 0.13
0.56 0.10 0.82 0.01
0.04 0.56 0.40 0.05
0.01 1.00 0.51 0.45
0.30 0.37 0.79 0.13
0.57 0.06 0.51 0.74
0.57 0.09 0.36 0.91
0.11 0.08 0.04 0.26
0.18 0.99 0.27 0.18
0.46 0.04 0.28 0.85
0.68 0.64 0.48 0.02
0.53 0.08 1.00 0.01
0.02 0.94 0.55 0.57
0.01 0.12 0.59 0.61
0.26 0.78 0.88 0.01
0.01 0.68 0.64 0.47
0.52 0.14 0.74 0.06
0.01 0.95 0.06 0.54
0.02 0.18 0.20 0.18
0.64 0.18 0.56 0.16
0.22 0.70 0.05 0.21
0.05 0.19 0.53 0.02
0.98 0.48 0.01 0.61
1.00 0.04 0.57 0.02
0.65 0.05 0.13 0.79
0.86 0.06 0.01 0.88
0.39 0.67 0.10 0.24
0.01 0.72 0.86 0.06
0.01 0.71 0.53 0.75
0.86 0.23 0.01 0.45
0.01 0.32 0.90 0.22
0.58 0.04 0.03 0.73
0.03 0.01 0.74 0.73
0.01 0.57 0.22 0.74
0.01 0.54 0.87 0.17
0.83 0.01 0.48 0.68
0.01 0.01 0.27 0.57
0.63 0.03 0.26 0.72
0.65 0.24 0.01 0.90
0.79 0.02 0.62 0.04
0.80 0.04 0.84 0.01
0.94 0.47 0.53 0.01
0.43 0.83 0.01 0.52
0.26 0.54 0.54 0.01
0.54 0.62 0.51 0.01
0.76 0.07 0.71 0.01
0.22 0.78 0.81 0.01
0.09 0.75 0.01 0.58
0.28 0.88 0.39 0.03
0.89 0.30 0.68 0.01
0.01 0.96 0.56 0.02
0.06 0.06 0.87 0.51
0.41 0.17 0.03 0.21
0.53 0.04 0.29 0.53
1.00 0.27 0.05 0.04
0.18 0.05 0.56 0.16
0.51 0.08 0.52 0.04
0.51 0.06 0.15 0.94
0.04 0.05 0.82 0.47
0.02 0.65 0.15 0.13
0.25 0.47 0.68 0.01
0.11 0.22 0.22 0.14
0.69 0.12 0.64 0.02
0.17 0.39 0.12 0.16
0.65 0.78 0.33 0.01
0.70 0.02 0.64 0.02
0.52 0.40 0.21 0.13
0.45 0.06 0.26 0.85
0.35 0.63 0.15 0.12
0.41 0.13 0.56 0.12
0.46 0.59 0.02 0.55
0.20 0.60 0.26 0.10
0.92 0.01 0.48 0.34
0.53 0.48 0.01 0.38
0.72 0.03 0.09 0.17
0.22 0.74 0.66 0.01
0.71 0.04 0.01 0.84
0.60 0.03 0.29 0.54
0.90 0.08 0.47 0.06
0.19 0.90 0.26 0.09
0.22 0.37 0.18 0.17
0.52 0.06 0.11 0.96
0.80 0.65 0.15 0.06
0.13 0.58 0.18 0.21
0.28 0.53 0.03 0.74
0.24 0.13 0.59 0.10
0.26 0.24 0.03 0.72
1.00 0.05 0.47 0.08
0.51 0.07 0.13 0.62
0.01 0.64 0.19 0.82
0.52 0.68 0.34 0.05
0.98 0.52 0.09 0.06
0.06 0.02 0.69 0.26
0.98 0.14 0.42 0.03
1.00 0.51 0.24 0.02
0.36 0.06 0.51 0.29
0.67 0.52 0.01 0.13
0.01 0.52 0.82 0.16
0.93 0.04 0.58 0.08
0.01 0.69 0.67 0.30
0.57 0.11 0.32 0.22
0.07 0.08 0.83 0.10
0.10 0.67 0.24 0.05
0.53 0.01 0.08 0.97
0.67 0.70 0.04 0.11
0.53 0.04 0.53 0.16
0.25 0.04 0.09 0.08
0.56 0.42 0.01 0.59
0.35 0.50 0.52 0.04
0.09 0.72 0.06 0.61
0.78 0.12 0.01 0.52
0.79 0.16 0.53 0.03
0.01 0.62 0.16 0.78
1.00 0.07 0.01 0.38
0.20 0.03 0.64 0.08
0.01 0.89 0.18 0.71
0.76 0.02 0.01 0.57
0.30 0.60 0.01 0.59
0.03 0.51 0.12 0.75
0.03 0.65 0.03 0.69
1.00 0.10 0.02 0.11
0.03 0.57 0.01 0.58
0.86 0.06 0.53 0.01
0.03 0.06 0.93 0.44
0.58 0.05 0.58 0.06
0.26 0.28 0.02 0.75
0.34 0.29 0.03 0.55
0.53 0.18 0.04 0.11
0.51 0.82 0.08 0.01
0.19 0.49 0.06 0.12
0.99 0.18 0.05 0.07
0.01 0.64 0.22 0.36
0.22 0.17 0.11 0.25
0.96 0.26 0.01 0.07
0.03 0.89 0.08 0.12
0.81 0.04 0.04 0.28
0.72 0.05 0.94 0.01
0.16 0.60 0.27 0.04
0.12 0.96 0.34 0.04
0.11 0.54 0.10 0.24
0.01 0.29 0.85 0.47
0.64 0.03 0.10 0.96
0.01 0.39 0.21 0.70
0.57 0.18 0.78 0.01
0.52 0.97 0.01 0.13
0.14 0.94 0.13 0.10
0.01 0.77 0.36 0.25
0.06 0.81 0.55 0.01
0.97 0.15 0.05 0.09
0.01 0.52 0.61 0.43
0.92 0.03 0.08 0.38
0.84 0.59 0.15 0.05
0.66 0.01 0.09 0.84
0.71 0.67 0.07 0.07
0.98 0.52 0.07 0.02
0.01 0.96 0.33 0.14
1.00 0.02 0.29 0.06
0.12 0.76 0.11 0.20
0.53 0.52 0.34 0.05
0.31 0.51 0.04 0.20
0.27 0.23 0.01 0.84
0.59 0.77 0.25 0.01
0.91 0.72 0.01 0.10
0.04 0.98 0.12 0.09
0.86 0.01 0.60 0.03
0.02 0.90 0.78 0.03
0.53 0.64 0.49 0.01
0.04 0.08 0.56 0.40
0.60 0.01 0.15 0.68
0.58 0.57 0.13 0.07
0.12 0.04 0.09 1.00
0.85 0.46 0.44 0.02
0.22 0.71 0.01 0.38
0.02 0.85 0.07 0.60
0.06 0.11 0.06 0.58
0.54 0.06 0.80 0.02
0.16 0.27 0.84 0.01
0.69 0.58 0.19 0.01
0.32 0.01 0.25 0.51
0.90 0.05 0.73 0.01
0.51 0.09 0.87 0.02
0.86 0.17 0.50 0.04
0.03 0.53 0.12 0.72
0.26 0.03 0.24 0.34
0.08 0.88 0.01 0.17
0.95 0.62 0.06 0.10
0.10 0.60 0.11 0.24
0.08 0.56 0.15 0.16
0.28 0.09 0.64 0.07
0.11 0.36 0.12 0.11
0.02 0.98 0.14 0.37
0.75 0.32 0.68 0.01
0.01 0.57 0.15 0.56
0.36 0.41 0.01 0.61
0.49 0.70 0.26 0.01
0.51 0.01 0.03 0.67
0.71 0.07 0.01 0.75
0.75 0.05 0.08 0.29
0.51 0.83 0.01 0.32
0.03 0.58 0.80 0.15
0.52 0.62 0.11 0.06
0.16 0.95 0.04 0.02
0.56 0.59 0.07 0.07
0.03 1.00 0.54 0.05
0.47 0.15 0.60 0.06
0.62 0.08 0.14 0.03
0.04 0.66 0.70 0.02
0.01 0.22 0.84 0.17
0.60 0.03 0.20 0.40
0.05 0.52 0.80 0.01
0.08 0.71 0.04 0.54
0.15 0.01 0.09 0.66
0.06 0.13 0.04 0.75
0.65 0.01 0.31 0.16
0.59 0.07 0.63 0.03
0.86 0.16 0.07 0.06
0.70 0.70 0.04 0.01
0.04 0.05 0.61 0.20
0.21 0.53 0.01 0.51
0.56 0.01 0.81 0.10
0.11 0.58 0.69 0.01
0.03 0.05 0.63 0.40
0.51 0.15 0.08 0.16
0.09 0.56 0.05 0.24
0.55 0.05 0.54 0.05
0.83 0.29 0.35 0.02
0.01 0.91 0.08 0.63
0.57 0.02 0.17 0.09
0.95 0.44 0.06 0.02
0.59 0.58 0.02 0.03
0.26 0.43 0.03 0.48
0.74 0.27 0.01 0.70
0.51 0.56 0.39 0.06
0.76 0.46 0.03 0.09
0.13 0.02 0.21 0.85
0.17 0.07 0.14 0.54
0.01 0.67 0.76 0.17
0.72 0.54 0.10 0.01
0.22 0.55 0.79 0.01
0.53 0.43 0.44 0.04
0.16 0.05 0.71 0.05
0.01 0.58 0.53 0.55
0.25 0.10 0.96 0.01
0.55 0.67 0.08 0.02
0.87 0.10 0.03 0.35
0.51 0.75 0.01 0.07
0.60 0.01 0.48 0.03
0.15 0.60 0.39 0.05
0.61 0.15 0.04 0.04
0.01 0.58 0.64 0.32
0.03 0.81 0.80 0.07
0.84 0.30 0.65 0.01
0.60 0.04 0.04 0.51
0.01 0.79 0.66 0.14
0.02 0.52 0.51 0.05
