250 7
31 0 81 21 75 18 67
38 27 53 86 90 69 1
89 59 87 15 71 33 56
76 79 21 84 52 65 72
20 69 75 86 88 82 83
52 12 81 62 60 77 84
57 66 55 92 61 65 37
97 54 58 85 70 37 68
24 99 62 83 33 85 51
17 53 83 82 88 79 88
55 68 88 66 88 71 62
67 79 66 96 91 12 67
67 62 58 94 87 79 63
67 92 59 56 34 77 48
34 75 24 85 81 13 77
96 9 77 96 25 77 1
77 64 93 93 53 36 95
64 92 52 13 71 75 53
23 98 82 84 65 42 82
72 16 72 89 73 44 46
45 88 74 57 52 55 59
59 94 5 77 81 60 57
24 34 83 92 86 98 72
54 60 66 60 90 56 92
95 58 53 76 72 89 51
73 89 71 70 100 92 78
54 79 48 27 88 79 67
99 59 82 77 73 60 58
74 90 49 57 79 93 83
9 18 76 74 71 67 60
60 60 75 97 70 71 85
71 81 61 83 51 94 88
53 51 15 95 63 91 51
52 90 54 58 63 53 95
99 22 89 63 65 74 93
76 59 77 54 71 92 82
74 58 75 64 52 81 70
70 34 53 97 60 39 70
72 63 59 57 78 77 77
76 63 96 52 77 82 53
71 68 64 77 100 99 79
55 90 100 13 68 55 63
64 76 77 57 60 84 60
53 83 26 58 53 97 88
55 69 99 78 43 52 90
80 80 94 52 65 73 62
44 96 82 99 78 75 52
36 93 62 69 61 89 30
54 75 65 55 66 93 14
76 51 60 69 91 54 54
68 67 54 52 68 93 91
55 61 63 62 67 77 94
76 84 67 81 64 95 21
57 81 74 24 77 61 78
83 39 80 82 64 77 43
56 62 99 68 64 100 82
69 4 61 96 59 15 72
99 78 76 81 66 79 40
51 68 88 65 96 83 53
62 57 88 71 70 79 70
79 30 95 54 84 40 52
81 82 49 66 85 92 54
65 75 79 54 79 70 85
61 76 57 65 47 63 25
91 12 86 99 67 58 57
72 51 54 83 93 76 55
13 54 72 55 59 87 73
66 77 23 99 25 53 81
68 51 63 89 72 56 99
71 72 7 60 100 99 74
79 73 92 85 87 5 83
57 56 60 87 76 100 64
87 18 84 94 58 99 71
60 94 80 52 56 51 3
58 70 53 4 80 87 99
81 71 71 73 13 52 46
95 46 44 83 66 93 11
76 55 11 67 68 62 55
51 82 11 16 91 79 97
81 74 23 53 88 51 68
56 76 66 64 57 80 92
52 14 42 36 94 84 82
80 52 43 61 57 78 51
91 29 58 75 61 81 65
54 74 90 67 37 94 84
21 61 60 70 71 17 98
66 19 63 100 84 95 89
84 51 79 74 63 81 80
94 59 17 91 64 87 65
100 82 63 33 70 79 84
73 62 24 89 73 5 63
93 86 96 58 63 26 64
55 60 81 4 65 97 11
56 92 12 90 86 100 51
31 44 54 81 63 72 77
76 55 98 97 72 75 52
72 57 95 87 66 65 72
100 77 71 20 57 79 75
10 94 59 100 90 73 89
70 77 99 54 88 56 54
65 73 61 12 70 43 78
55 63 100 83 67 58 92
92 9 16 94 53 77 10
24 65 46 60 86 53 86
99 88 56 66 86 53 64
95 54 84 64 73 82 50
93 46 62 54 98 67 62
75 72 73 66 64 79 84
99 95 31 80 57 45 40
53 90 70 85 61 76 90
80 58 79 71 6 25 48
58 84 95 67 63 77 29
76 91 82 49 63 33 71
23 92 74 54 76 76 69
92 68 32 68 54 85 72
58 94 55 76 57 56 76
41 68 74 73 63 63 22
54 65 22 64 87 57 100
27 23 65 91 55 72 74
94 73 7 89 31 94 26
54 68 77 30 97 96 77
55 65 80 77 51 71 97
95 20 53 62 31 95 100
58 77 83 55 5 96 65
84 51 71 15 51 51 34
73 61 100 40 25 69 50
40 49 60 58 95 58 69
65 66 69 61 66 68 4
60 57 46 43 66 33 54
99 49 75 3 85 54 87
95 56 82 64 34 88 100
83 59 34 52 97 67 54
55 78 86 53 70 58 77
70 80 51 74 86 5 59
53 78 79 53 81 59 46
74 67 76 8 100 72 86
97 87 15 57 55 59 67
69 69 12 88 60 99 52
64 84 93 78 94 56 8
79 47 66 53 82 56 55
60 94 81 96 70 3 53
95 94 78 58 19 91 95
77 59 85 86 65 73 36
1 97 56 79 95 24 79
43 53 57 17 71 73 56
46 63 89 74 53 57 96
13 27 58 83 50 59 98
76 87 77 91 13 94 53
45 60 56 56 17 92 67
66 84 58 99 70 58 1
31 87 65 92 54 90 80
82 87 54 53 62 16 95
75 76 5 32 70 9 80
97 51 55 67 65 61 79
37 93 96 27 71 69 94
81 95 7 75 91 54 51
46 10 84 94 67 13 58
61 8 90 62 57 84 42
73 62 56 48 74 74 1
51 31 62 55 85 91 85
83 64 14 95 41 71 65
9 50 57 9 65 52 90
97 56 10 100 81 80 96
77 27 98 78 74 61 99
86 54 56 78 72 57 77
45 82 41 52 83 80 79
40 70 96 52 85 94 52
51 72 25 73 54 100 93
59 99 49 81 68 59 74
77 71 79 63 48 96 32
61 65 100 95 54 67 58
68 81 61 75 30 80 100
25 97 17 91 62 59 56
82 94 99 55 47 92 76
96 31 4 96 1 95 94
70 49 67 64 67 81 58
97 64 82 7 60 82 33
18 83 20 63 21 52 96
77 68 59 58 76 12 55
8 56 58 76 51 32 11
62 97 61 88 8 75 73
68 100 90 8 57 69 56
61 84 78 14 61 46 64
65 74 74 74 60 71 65
16 89 58 83 95 28 94
92 80 65 10 87 52 51
83 62 33 63 85 82 26
20 77 25 59 51 89 66
74 87 64 7 78 67 95
7 89 84 72 58 77 39
77 37 53 59 86 57 58
62 52 98 92 54 66 88
83 80 94 22 69 57 87
80 85 52 4 58 57 66
95 70 75 30 42 99 90
89 78 59 23 89 73 28
17 85 57 22 60 82 60
78 65 53 100 52 61 89
94 86 18 63 84 81 74
48 76 23 58 74 54 69
95 55 12 54 10 55 68
75 14 73 98 62 23 52
75 97 28 60 73 76 17
57 67 95 62 90 37 6
51 69 42 6 94 69 84
78 5 55 62 86 75 51
59 10 58 97 79 52 81
16 6 83 93 45 74 88
71 10 43 84 91 82 51
91 72 54 9 45 61 54
52 70 59 100 19 44 90
52 61 53 21 94 26 84
68 68 66 72 84 54 34
72 85 57 62 51 62 99
69 88 92 25 6 78 62
88 75 69 98 27 58 97
24 57 55 58 91 61 87
75 85 92 80 19 93 40
60 56 84 50 52 95 74
68 24 84 79 98 79 51
9 60 100 13 67 83 46
29 80 63 65 21 99 60
63 57 84 68 86 66 8
81 89 72 91 49 71 18
53 91 79 3 61 20 59
60 90 54 73 51 54 81
98 28 62 46 23 82 72
72 84 66 62 48 89 50
14 98 78 55 68 85 75
55 69 54 67 67 28 80
20 63 1 75 11 98 88
64 77 70 98 73 18 68
61 4 39 87 63 28 51
93 96 87 54 39 46 65
72 55 68 60 64 61 78
57 72 86 63 39 68 60
11 51 68 90 55 66 70
32 67 85 67 74 85 64
56 7 61 14 56 95 68
21 63 47 58 90 63 38
80 55 69 63 88 83 12
85 65 58 3 56 99 71
79 78 8 90 87 71 70
99 57 72 95 89 23 96
56 67 18 100 71 56 75
52 47 78 15 78 89 21
72 27 64 3 99 95 58
99 61 66 3 77 88 24
56 94 34 75 61 62 70
86 83 13 61 91 96 62
