250 7
63 1 29 58 20 74 44
66 72 12 100 51 94 16
87 82 38 88 92 34 70
63 95 91 89 2 56 77
59 82 63 82 3 93 64
76 82 99 76 89 68 44
91 56 88 8 61 25 69
53 87 55 69 58 65 95
58 52 84 67 70 97 71
62 8 87 76 4 88 84
73 90 92 84 53 10 59
71 84 89 53 96 58 11
59 51 97 77 71 58 88
91 54 59 30 75 62 60
67 65 93 28 87 16 100
82 55 69 47 62 91 10
69 37 59 86 52 71 61
86 79 81 92 100 82 37
10 91 64 76 63 92 100
54 56 89 90 81 82 55
74 76 47 97 63 55 93
60 67 84 72 75 71 91
41 48 58 84 96 98 51
64 64 92 68 84 61 97
51 51 54 65 80 86 57
52 96 59 80 65 84 52
82 52 34 62 97 91 21
66 88 95 86 51 65 70
69 59 88 36 65 81 65
52 98 24 94 44 3 7
65 86 93 74 61 59 95
87 63 5 90 84 80 93
55 59 61 87 80 61 92
78 66 88 99 76 17 58
58 88 44 95 53 93 99
100 47 61 96 93 52 76
41 45 68 51 94 57 85
79 32 88 81 74 57 43
68 78 13 91 79 58 96
70 92 66 51 71 71 59
43 54 81 19 86 99 80
55 67 90 97 78 77 7
53 52 55 46 82 87 74
56 60 77 72 62 71 58
88 67 35 96 58 33 100
52 91 51 76 63 97 95
62 57 77 67 54 88 79
99 62 88 52 71 3 83
68 58 99 55 87 58 54
97 43 68 58 68 67 24
66 89 79 65 60 72 52
51 9 78 96 58 76 99
64 80 70 16 32 2 72
58 90 52 63 87 98 46
30 76 54 91 95 91 98
65 86 91 98 64 71 19
83 81 7 88 97 100 56
60 57 92 60 95 20 54
79 71 85 61 2 62 94
96 55 96 63 56 55 73
62 63 70 41 79 51 16
56 73 54 59 77 37 87
81 50 61 89 61 55 60
65 62 71 75 53 66 1
11 78 90 68 96 81 80
64 95 51 79 87 22 75
73 91 52 98 67 52 31
2 15 73 84 93 86 89
76 72 57 47 59 91 86
64 75 57 57 54 96 58
92 85 72 90 94 50 65
3 67 95 87 43 56 99
4 20 18 33 98 98 90
56 56 82 75 71 78 96
69 68 71 57 64 100 79
4 52 88 80 57 55 80
28 60 20 57 68 35 90
21 89 68 42 29 67 70
63 54 6 68 60 83 55
90 64 63 43 55 29 22
61 78 99 70 69 61 64
77 46 51 62 46 31 87
96 89 60 60 49 29 96
53 81 94 52 96 57 73
66 66 86 90 62 61 92
1 86 86 44 9 51 55
70 86 91 79 50 31 64
52 76 94 100 67 53 81
72 77 83 53 45 61 71
70 97 82 2 96 6 71
59 11 99 55 94 100 80
89 96 28 64 88 84 2
64 100 13 57 73 68 96
75 76 67 58 9 71 90
53 51 58 59 16 62 86
48 83 61 30 18 12 90
67 36 64 79 68 52 58
82 98 94 24 83 53 14
15 100 72 58 79 77 75
71 52 16 97 72 81 86
89 91 55 59 61 66 56
83 71 43 48 65 54 74
15 53 10 38 69 56 78
91 39 50 90 74 52 62
79 54 71 15 99 55 77
60 17 87 100 100 88 3
61 54 100 78 57 72 8
62 58 34 21 87 34 93
65 6 62 20 60 86 60
70 83 92 55 57 73 57
55 89 55 62 79 58 65
66 79 23 86 69 74 75
20 77 51 76 80 63 61
28 60 59 66 82 62 67
69 57 72 22 100 60 71
77 60 53 18 79 62 23
57 87 17 68 67 59 52
53 75 57 89 80 85 58
94 51 83 57 88 70 1
77 58 71 79 57 17 15
90 72 21 65 81 51 68
85 98 64 89 65 29 58
34 88 67 83 86 41 51
69 64 96 97 74 20 66
93 35 23 68 64 81 56
51 97 67 82 71 92 77
82 64 80 60 59 61 53
76 61 86 13 55 98 96
70 80 56 69 58 1 11
53 69 14 95 80 89 51
62 92 58 69 58 44 57
82 51 63 51 63 71 60
90 29 67 86 79 99 12
33 59 68 81 72 92 36
8 99 55 57 27 57 18
73 64 64 67 82 70 62
69 74 97 18 71 61 99
39 75 98 100 84 61 28
47 64 52 89 70 56 57
86 28 89 32 40 56 93
99 73 66 25 21 73 66
48 61 55 100 62 44 59
66 66 64 91 37 60 88
92 63 92 64 52 89 6
80 59 45 95 57 71 24
54 91 74 15 31 65 31
78 57 37 56 53 54 44
99 61 54 4 50 84 79
86 14 81 51 80 6 7
1 74 98 100 86 97 57
72 67 55 72 100 53 78
72 24 53 55 12 61 71
62 90 54 43 63 55 88
47 77 75 84 95 52 60
89 65 76 74 75 63 26
53 93 16 58 25 72 15
37 60 75 85 52 65 66
57 62 67 77 66 52 60
59 99 59 57 10 92 22
24 63 64 77 51 10 73
46 83 17 70 14 88 59
13 38 94 72 70 82 55
40 55 57 86 89 46 13
93 93 58 93 56 51 84
65 60 88 59 96 60 74
57 96 63 75 29 64 14
87 61 79 4 82 53 54
100 38 78 91 65 60 77
19 83 52 91 78 68 13
76 33 57 82 89 58 71
68 55 100 76 35 69 82
86 73 12 27 80 92 98
51 54 91 73 8 54 79
63 14 27 26 77 56 31
64 78 9 6 61 74 55
77 90 98 67 9 43 75
79 96 84 84 16 54 89
1 79 90 98 60 62 100
53 76 71 67 53 53 33
67 15 22 87 18 78 67
82 57 53 63 73 68 2
50 61 64 85 56 98 96
69 78 100 56 59 46 43
70 67 79 15 82 53 82
85 69 77 82 53 2 52
57 99 28 25 97 73 94
2 52 70 80 58 75 73
40 53 68 80 3 52 55
55 52 10 23 61 64 43
69 69 70 72 70 86 2
81 13 58 64 57 71 63
4 99 54 62 93 16 98
57 59 89 61 100 60 60
76 4 35 92 8 64 61
52 41 8 66 91 71 93
93 2 92 90 82 51 71
15 88 78 88 51 2 59
99 89 85 83 8 63 29
54 9 51 88 83 79 87
64 78 82 1 5 77 91
82 80 21 32 53 94 73
86 1 70 54 70 63 36
58 81 83 66 61 63 56
76 73 53 65 57 34 83
56 77 86 58 60 76 98
83 72 57 82 90 14 90
43 55 64 74 64 91 62
87 32 100 100 81 81 4
58 56 96 62 29 70 67
31 79 93 52 97 55 97
61 81 66 94 56 71 34
84 97 83 60 3 72 75
82 92 91 56 26 97 17
50 7 15 76 95 60 6
70 74 55 94 7 51 100
34 68 86 53 98 64 48
34 30 70 85 67 65 81
68 90 80 99 71 13 51
60 55 90 18 99 83 82
72 64 57 84 34 28 85
65 64 87 55 72 88 22
52 65 11 84 79 53 53
6 54 54 65 79 88 79
67 81 10 51 92 33 90
63 67 57 88 52 64 85
70 68 59 9 73 74 90
58 98 96 74 8 68 62
29 26 90 67 74 82 25
27 87 49 80 38 85 67
38 22 100 67 93 86 83
43 53 84 71 53 64 74
35 62 99 56 81 49 42
87 86 81 51 74 52 68
51 51 72 53 60 83 99
92 28 9 100 69 62 67
85 67 83 61 58 64 19
51 56 91 54 56 81 62
53 63 60 64 92 26 35
71 22 65 83 54 15 95
55 71 73 34 89 51 55
90 80 27 62 45 77 63
89 58 23 60 59 99 54
84 59 81 57 19 51 100
63 79 60 88 58 58 27
70 90 53 60 52 59 96
78 43 74 64 75 58 67
27 92 85 61 98 62 53
81 80 2 79 22 22 79
99 53 78 66 89 97 12
80 84 57 14 88 55 92
