250 7
60 89 73 48 46 39 97
83 97 100 52 67 89 64
62 85 76 72 58 68 39
75 84 94 74 70 97 51
94 69 95 57 97 53 69
69 53 72 76 52 82 65
77 87 60 52 63 81 53
94 97 76 78 70 44 59
70 97 85 62 58 65 84
71 61 97 73 56 91 26
82 38 67 22 84 84 79
82 53 74 95 72 55 27
74 69 95 56 78 89 72
53 74 57 59 65 82 14
63 86 94 89 67 1 94
98 51 88 85 65 69 58
95 76 94 28 93 82 97
84 85 91 47 63 64 97
65 53 3 60 73 5 63
97 92 51 71 73 4 94
90 71 80 53 33 61 57
63 92 47 84 94 48 65
58 100 72 91 77 64 51
90 52 97 88 60 97 88
99 78 12 68 87 70 59
83 97 56 81 53 30 2
68 27 53 97 96 87 80
71 61 68 83 56 74 54
88 72 97 58 76 60 81
70 77 82 57 81 62 79
56 73 87 78 48 86 72
76 11 94 99 66 57 59
97 51 68 61 69 81 95
33 74 66 58 69 72 40
53 67 58 73 67 59 98
78 78 85 12 9 57 99
100 97 56 52 63 85 59
52 65 67 86 85 96 62
63 95 26 54 26 75 75
62 32 91 84 81 90 84
79 91 66 99 83 68 57
60 75 99 73 65 77 88
75 71 64 100 89 14 61
81 21 87 82 98 97 77
58 93 51 59 48 41 71
67 32 62 71 54 65 6
90 14 99 85 58 76 77
76 29 81 81 48 71 70
39 60 22 98 61 73 59
55 65 66 97 87 91 95
85 72 74 52 63 40 77
81 18 96 61 95 54 53
66 89 85 93 65 54 53
90 59 78 71 52 93 60
37 55 68 14 12 73 65
63 62 36 89 73 62 79
92 79 13 68 15 64 56
2 90 90 70 63 80 74
78 85 59 62 57 20 18
69 83 55 55 78 74 75
56 59 58 60 61 89 64
73 53 54 32 74 94 6
58 89 15 91 73 80 25
60 47 58 58 94 52 79
92 52 89 81 88 13 53
72 95 8 96 68 76 54
63 81 51 70 14 63 96
66 1 57 8 78 62 57
75 57 99 20 9 72 77
72 77 10 90 23 99 74
85 40 65 52 69 99 83
53 83 99 58 60 100 29
33 71 98 82 99 96 82
70 86 63 68 51 80 75
54 68 77 20 64 64 89
93 88 51 75 95 47 55
2 68 6 62 1 68 92
56 96 86 64 72 20 70
56 59 53 74 64 63 70
65 94 56 4 95 98 76
81 87 25 48 2 83 29
54 57 47 98 58 88 54
61 93 27 65 12 95 67
71 11 78 97 95 38 94
50 61 70 19 72 92 3
73 77 14 62 44 85 70
99 20 31 48 98 52 3
78 83 5 81 70 56 2
91 58 75 24 60 70 94
80 62 53 98 42 95 10
2 94 68 69 63 76 13
85 69 10 84 56 85 61
82 52 52 77 28 90 92
29 70 91 62 69 54 88
53 28 57 65 84 77 72
17 96 59 98 85 52 82
58 62 82 66 77 90 55
89 1 88 78 87 41 60
79 78 73 95 89 58 2
88 95 48 16 30 3 14
34 10 97 75 9 97 91
83 57 52 98 71 79 17
69 86 4 80 89 100 39
95 74 87 54 3 78 75
91 72 65 36 99 71 55
95 90 53 23 58 63 59
85 89 97 57 79 74 7
53 71 86 45 74 64 56
11 66 58 12 64 92 56
10 89 98 65 67 55 78
41 84 62 100 78 15 61
13 83 94 90 56 34 81
100 85 81 12 56 76 81
4 60 55 59 15 55 98
57 93 70 70 51 63 40
73 51 61 68 51 52 58
61 52 98 81 70 95 64
52 70 67 3 74 98 80
68 2 45 37 10 22 53
91 53 33 93 77 97 32
66 73 67 23 98 54 60
100 51 30 57 84 81 67
92 55 82 70 92 75 38
58 77 100 93 92 60 83
64 91 70 24 65 65 99
100 62 6 54 62 2 61
54 42 95 63 97 98 71
93 98 3 58 80 9 86
76 61 98 5 56 76 26
95 54 96 21 96 69 54
34 93 78 59 63 56 80
78 55 63 89 83 56 14
93 77 68 18 59 89 58
65 77 59 69 41 66 97
62 61 78 80 60 90 52
55 41 86 67 84 66 26
34 75 51 57 86 58 68
79 96 97 53 51 51 52
56 65 5 92 72 68 89
70 54 13 97 63 5 2
17 60 53 67 58 16 55
100 83 51 36 75 87 76
62 74 69 62 67 13 51
87 83 77 62 1 99 89
18 73 51 11 98 55 31
79 45 73 89 99 21 76
45 97 86 89 50 81 63
76 93 97 33 79 82 56
56 70 42 89 49 98 2
89 97 99 4 56 76 61
73 81 34 78 87 94 62
39 92 81 66 63 65 91
51 24 51 71 78 100 98
65 98 53 59 78 55 61
72 94 7 67 57 64 97
61 56 40 59 54 30 100
54 52 76 98 53 77 71
69 18 85 74 94 59 51
62 52 67 92 56 58 78
97 84 29 56 100 47 87
53 65 65 88 71 13 96
51 73 46 99 54 51 70
56 54 63 2 100 62 89
17 55 9 98 68 81 6
53 25 49 94 90 81 63
55 56 58 64 85 86 51
65 54 76 89 50 86 70
89 93 73 17 54 71 70
84 68 53 69 20 30 51
65 44 67 56 54 70 92
63 59 79 42 58 74 53
6 15 99 76 51 94 29
93 84 67 32 76 53 83
81 36 56 11 60 94 88
92 93 80 6 82 51 91
1 97 64 100 63 93 94
55 90 8 57 91 26 68
48 57 68 19 63 74 43
71 10 42 76 55 70 51
72 29 76 89 77 13 73
10 97 62 95 62 57 23
58 77 61 59 52 91 86
55 82 95 37 79 63 77
97 60 71 7 74 76 89
37 76 71 52 7 87 27
78 60 93 29 66 21 53
82 56 64 57 99 82 4
53 88 74 77 78 4 60
58 78 94 80 83 68 54
66 79 68 79 12 53 99
63 56 75 64 69 50 87
5 55 56 61 66 94 81
85 41 25 63 91 66 100
63 76 41 71 54 65 94
96 62 7 72 77 72 37
81 99 96 82 53 51 52
90 74 10 33 84 30 77
90 67 36 36 87 81 85
85 52 64 40 53 57 52
66 85 94 90 27 79 6
55 49 85 76 67 92 92
50 55 64 37 3 80 72
55 81 58 63 62 73 73
3 52 76 3 12 28 28
52 99 65 54 84 13 71
93 44 96 34 87 2 33
6 65 59 51 43 67 54
48 51 66 99 59 76 34
12 71 86 66 94 65 11
95 93 67 64 51 78 32
83 69 68 2 68 97 96
10 26 97 27 99 74 80
18 56 53 72 21 32 83
58 36 39 52 75 57 95
54 98 28 76 85 56 68
90 72 2 87 85 8 79
90 94 77 66 87 70 3
81 66 26 52 19 82 82
57 86 15 6 87 30 88
55 62 63 71 40 71 66
65 52 59 60 41 14 80
44 71 54 87 56 63 65
64 52 53 83 91 79 70
57 57 63 91 65 69 72
91 88 87 1 57 53 75
93 92 3 73 86 67 24
96 64 53 69 42 76 5
51 54 89 78 2 2 36
65 58 61 1 78 99 55
51 61 10 52 74 78 64
83 62 78 67 61 98 6
60 100 4 64 75 63 88
19 60 68 58 98 67 44
57 35 98 71 98 54 82
58 56 52 53 89 54 71
96 84 37 59 49 67 89
84 84 20 34 72 30 39
60 51 68 65 95 66 76
76 79 36 49 76 64 66
64 57 71 92 81 71 60
51 99 26 53 4 77 77
48 33 82 87 67 86 58
65 62 57 53 99 81 62
65 23 72 77 55 77 58
51 65 67 3 82 69 61
66 52 27 16 89 77 31
32 23 72 90 79 42 89
65 39 90 89 66 51 97
94 51 58 15 56 63 98
21 96 96 56 79 47 4
