250 7
63 9 32 48 42 31 79
78 99 76 33 93 72 80
69 81 67 47 69 71 20
100 72 97 52 24 82 77
99 82 57 100 64 14 83
96 99 66 95 64 60 72
75 68 10 51 91 52 71
71 100 7 74 90 81 86
73 100 72 88 52 99 61
31 78 68 81 56 59 63
86 80 75 93 80 70 62
78 74 90 98 56 67 76
70 70 8 54 59 95 73
52 95 83 77 75 100 70
96 100 54 73 78 80 74
84 57 64 66 61 98 73
90 22 75 91 62 14 78
66 76 82 68 52 99 12
96 81 97 34 94 93 79
88 53 73 76 24 16 54
79 57 68 47 81 70 70
6 97 68 72 69 81 85
88 95 23 60 100 2 60
77 57 66 70 7 85 34
9 41 69 84 92 41 53
56 80 88 51 88 73 38
76 52 99 73 82 51 62
58 89 70 85 94 74 52
80 60 80 52 86 64 52
58 50 51 88 65 58 57
55 94 97 71 81 26 75
58 99 24 51 68 73 63
81 3 70 44 70 97 52
71 85 87 90 27 96 100
67 88 78 75 70 60 62
71 91 77 90 65 91 19
65 84 64 48 76 67 66
18 85 55 73 62 60 93
36 93 70 60 56 64 89
59 70 64 78 85 67 75
60 57 70 67 71 66 16
49 96 97 63 70 72 64
8 67 57 95 58 75 56
98 61 92 76 7 57 73
91 51 100 54 60 86 74
88 53 51 81 90 71 56
51 88 88 77 45 64 70
87 96 61 29 51 58 82
62 54 58 59 80 67 76
96 75 96 35 54 93 81
55 59 85 68 91 98 57
37 68 54 67 73 59 84
24 61 54 80 71 77 89
62 90 59 66 58 88 69
54 81 70 69 69 69 87
52 93 81 93 71 71 39
59 13 47 78 98 79 59
65 78 55 51 74 76 60
53 85 32 92 64 94 92
73 91 61 63 74 94 49
95 65 58 70 79 78 35
83 90 13 58 36 59 88
55 70 66 58 5 54 89
59 96 92 3 72 95 51
76 55 13 75 95 81 63
56 94 100 65 56 20 90
64 92 71 64 72 77 64
13 13 81 94 97 79 26
13 75 90 66 58 99 100
94 52 69 70 65 55 55
67 66 53 55 90 88 62
53 95 53 97 58 96 90
67 23 100 6 82 84 54
97 23 79 77 92 72 68
71 98 60 91 56 76 72
94 71 70 79 6 51 93
76 98 18 53 54 36 55
89 39 58 91 87 1 56
75 47 82 72 35 64 80
58 76 98 14 55 70 26
93 70 96 10 89 95 61
36 72 81 54 56 95 77
15 70 93 87 51 80 67
88 79 59 82 60 86 54
60 82 77 73 27 65 57
82 72 62 41 62 9 74
27 37 60 67 85 19 79
51 61 6 80 97 67 70
100 90 45 35 63 61 45
28 95 97 57 66 58 58
85 65 9 54 75 78 82
60 57 64 42 74 62 52
64 66 5 59 52 90 74
92 93 70 27 13 58 83
71 94 53 60 54 64 46
70 66 75 1 73 88 99
57 2 93 66 86 55 70
52 54 40 61 78 89 42
60 85 73 62 42 7 90
67 70 84 67 54 100 33
47 42 66 85 60 83 64
95 93 75 63 64 70 59
43 21 80 65 56 38 17
74 82 60 8 55 93 89
14 89 50 56 27 13 89
60 70 79 69 56 63 70
66 53 89 45 83 56 8
24 88 51 37 91 93 82
55 58 83 65 78 34 56
100 62 27 70 82 53 73
26 74 55 66 60 96 56
12 60 77 93 60 69 85
100 59 81 19 96 8 69
92 96 52 59 53 83 78
64 98 96 29 88 53 65
100 71 72 10 65 72 71
37 78 68 60 12 91 70
9 58 100 100 62 76 64
70 61 62 14 88 17 88
77 64 94 45 83 52 95
95 55 93 79 97 96 5
92 85 100 56 1 10 75
62 66 53 58 75 42 86
30 62 66 19 67 58 78
86 68 52 21 83 1 92
68 90 56 27 94 95 78
82 66 16 66 59 76 99
77 53 57 82 92 73 52
87 71 57 19 95 62 51
23 74 67 94 65 79 73
90 78 86 21 87 83 9
59 54 90 28 88 74 14
86 65 59 62 85 7 58
61 56 63 73 73 98 95
79 39 66 56 14 80 89
61 60 70 66 17 93 51
80 95 74 83 53 76 58
84 94 90 77 20 56 82
90 91 54 63 74 70 16
72 53 77 87 16 73 95
81 90 30 63 56 52 56
65 68 72 1 24 39 97
87 76 25 88 35 80 77
77 53 75 57 70 65 69
31 76 86 73 61 35 95
76 56 53 87 75 77 42
24 70 96 96 34 57 81
98 81 52 11 55 66 96
53 59 60 68 3 14 58
2 92 78 29 79 93 22
52 57 73 95 47 83 85
88 62 20 54 98 60 93
92 22 23 90 74 60 54
54 78 70 13 9 71 79
9 92 70 55 97 70 55
61 59 53 55 80 57 20
79 54 57 78 67 15 94
55 92 64 62 60 31 88
58 47 52 51 13 51 75
85 96 67 24 78 51 99
69 80 91 56 74 98 50
62 58 58 51 65 55 66
86 92 39 25 97 99 93
88 45 13 94 17 9 97
84 29 76 28 77 70 57
66 53 59 34 61 24 2
11 61 65 52 75 63 88
91 91 63 34 51 62 77
63 32 48 54 8 69 71
61 26 52 71 64 57 95
71 59 58 96 70 51 52
83 68 93 47 90 21 84
100 33 17 13 64 51 64
53 95 74 31 84 93 69
20 86 91 57 79 88 67
50 24 62 66 79 83 76
86 43 57 43 60 91 30
74 70 54 96 70 74 4
99 86 29 88 12 70 58
86 66 45 70 69 76 78
64 47 39 90 72 98 37
32 79 6 90 65 94 66
95 65 23 51 92 39 89
34 61 52 59 95 81 96
59 92 37 73 60 69 65
82 83 53 53 54 63 55
91 52 95 74 55 65 73
83 4 27 57 81 57 94
58 83 60 52 86 67 17
58 80 92 40 33 72 19
81 54 21 71 55 51 50
29 35 63 96 52 66 90
84 98 59 48 55 79 52
42 67 30 76 75 34 88
99 74 51 100 12 55 38
81 82 84 13 14 65 78
100 51 43 71 4 96 86
66 34 51 22 93 97 12
24 12 66 52 71 99 92
78 94 10 54 7 88 91
8 47 97 78 99 69 49
28 58 67 75 74 82 72
26 51 75 73 90 91 82
22 81 57 89 81 67 81
38 95 68 85 66 84 46
97 92 18 93 62 98 69
66 79 57 80 55 95 38
6 82 57 63 95 98 39
51 54 12 61 84 38 70
69 87 97 7 86 99 62
77 61 40 30 90 61 86
57 90 59 51 94 90 84
28 75 53 90 90 71 73
48 82 72 69 99 56 22
19 91 7 78 47 77 94
89 45 55 54 81 69 47
29 55 54 24 72 82 57
42 59 91 86 77 81 64
80 16 75 82 72 56 65
10 94 61 84 91 25 37
71 16 81 64 89 56 56
2 96 52 43 68 34 53
18 60 63 68 100 16 72
73 63 56 65 81 1 84
77 69 54 73 68 3 65
53 52 83 55 54 88 68
51 88 62 94 57 75 57
71 2 1 77 60 82 88
41 57 48 75 81 76 65
56 76 84 61 57 75 80
76 91 79 29 53 57 88
91 51 64 51 85 73 67
63 16 89 64 6 94 69
44 87 6 99 86 65 19
62 79 1 97 56 88 62
39 61 85 8 52 74 81
19 59 61 94 82 65 41
63 98 58 63 53 80 6
9 55 23 51 64 24 19
51 48 53 96 33 64 44
15 10 3 79 92 51 66
87 2 99 55 63 52 68
87 36 38 68 51 59 26
100 61 61 68 8 96 51
68 86 54 14 45 87 77
13 91 87 98 62 56 58
51 35 66 98 48 66 62
29 94 24 67 53 95 91
62 88 56 53 14 94 67
77 59 69 97 66 3 50
