250 7
51 12 58 31 34 5 71
84 53 89 52 51 75 68
87 77 99 93 74 55 68
90 65 12 75 90 56 77
92 58 55 69 62 75 55
8 67 51 74 43 90 99
84 79 59 65 82 53 70
57 8 51 62 78 78 58
84 64 79 76 7 52 66
90 92 76 89 99 66 69
52 55 95 57 52 89 46
90 55 64 82 22 70 73
61 98 72 59 70 66 64
93 17 55 94 75 16 58
60 71 18 97 95 98 24
77 89 85 24 62 96 87
64 65 72 86 87 8 12
66 40 81 79 73 98 59
63 20 85 83 81 57 60
89 89 99 53 91 62 64
55 44 26 76 57 11 66
99 24 62 92 87 67 55
63 82 52 95 64 94 58
91 91 65 37 74 81 55
100 83 54 63 68 55 97
89 63 71 77 87 79 10
100 58 68 56 83 87 52
90 99 17 16 21 80 81
17 83 42 92 51 85 61
56 39 57 57 74 68 94
85 69 1 40 56 94 69
88 89 12 95 55 56 35
84 92 19 77 63 90 52
87 53 5 77 85 79 56
61 58 63 18 94 46 68
19 57 55 80 96 87 93
56 56 78 86 57 87 31
68 84 77 94 58 39 57
72 87 6 15 76 77 54
64 55 100 61 43 56 60
56 82 86 82 27 70 97
98 78 87 59 60 51 68
85 58 90 57 91 23 64
73 9 64 100 52 66 60
77 92 19 52 65 47 79
78 53 56 82 58 63 51
56 71 27 69 48 79 58
79 56 84 87 70 23 64
40 59 59 24 83 93 70
88 6 76 59 85 62 58
62 80 51 27 88 54 6
52 55 63 59 59 65 26
69 74 65 70 53 31 63
80 98 92 67 30 86 67
52 68 81 62 53 69 65
11 90 79 81 86 94 71
38 31 64 93 76 97 72
56 95 90 85 75 58 63
62 72 51 86 79 80 55
72 63 91 97 63 61 56
83 91 91 26 52 97 97
48 71 86 88 88 73 59
75 57 25 95 92 97 79
76 71 62 96 83 69 40
64 48 72 53 85 60 62
83 82 99 57 44 63 54
65 65 91 52 90 51 22
91 62 98 94 52 97 30
78 82 51 51 59 93 59
51 87 58 19 40 85 91
52 89 83 83 74 29 67
12 82 79 85 16 70 92
59 9 75 99 52 97 99
92 76 92 82 86 36 61
63 84 73 88 99 15 15
86 42 57 92 52 45 78
28 97 68 66 70 72 60
86 67 29 62 57 85 92
73 91 58 59 68 60 65
68 1 89 57 88 79 77
3 87 82 67 70 83 59
84 53 63 78 61 99 64
84 99 53 83 74 65 44
59 13 31 78 70 69 78
84 96 37 53 75 9 73
94 54 82 95 70 96 42
92 55 57 54 58 53 83
96 64 54 29 65 36 57
76 53 80 55 70 62 56
76 81 87 58 93 66 2
56 76 54 95 54 34 64
71 98 70 89 59 21 48
81 95 74 52 69 81 67
71 65 22 61 22 70 57
51 2 78 19 63 85 64
32 60 52 81 69 59 79
74 99 14 30 86 52 23
14 63 75 76 73 57 79
2 60 61 62 61 58 91
95 65 59 52 86 80 68
52 91 58 56 33 66 97
17 69 92 75 72 92 86
41 100 69 61 71 88 86
58 93 75 93 87 63 56
81 23 74 68 70 82 59
78 98 98 68 69 57 66
54 69 83 90 29 55 85
70 93 44 100 96 81 55
87 71 96 34 68 2 38
60 95 15 90 80 52 84
98 94 44 42 66 61 86
57 6 90 67 72 67 66
3 82 48 77 48 62 81
93 58 86 16 66 87 68
62 83 7 4 89 82 75
66 60 80 71 52 2 85
64 74 62 23 73 91 68
82 71 14 73 70 14 92
8 82 86 65 80 81 81
72 12 84 69 82 95 51
63 73 70 60 51 70 18
89 95 77 83 75 49 52
27 89 97 98 11 85 86
62 85 54 71 26 72 12
54 78 56 73 57 99 82
47 64 100 53 96 76 71
51 55 98 52 82 100 43
77 90 4 61 3 67 27
51 87 52 77 68 63 59
56 71 3 55 18 81 75
64 100 51 60 77 57 75
61 100 96 93 82 53 54
56 57 53 24 82 71 89
78 73 86 68 58 69 59
61 52 2 60 76 90 86
85 86 71 8 54 78 59
42 65 63 51 71 15 77
78 73 74 48 20 4 98
85 65 52 51 87 60 66
2 61 57 57 74 96 75
68 56 85 61 93 1 86
57 54 91 29 69 57 51
92 77 77 6 29 81 19
57 60 16 71 66 60 46
5 84 29 49 100 91 89
60 96 100 9 80 8 63
73 19 73 73 23 75 70
60 36 70 77 67 46 60
54 31 87 65 78 77 46
98 1 90 85 75 88 99
55 41 93 88 73 15 62
99 62 81 63 14 91 57
89 6 90 13 71 88 95
61 87 16 52 1 99 62
64 62 52 53 71 89 78
55 63 77 93 78 59 9
65 72 80 91 89 100 4
72 93 52 49 54 92 81
22 58 78 78 63 72 32
95 52 59 45 75 93 57
95 80 59 88 74 51 60
80 69 60 58 72 84 52
74 33 55 65 88 68 43
76 51 74 13 67 90 91
63 53 48 92 50 89 71
5 65 73 15 38 91 97
86 54 100 1 75 55 76
76 72 81 76 57 4 83
57 83 96 94 76 4 100
58 83 1 52 85 95 85
62 62 56 15 100 54 99
75 9 74 72 91 64 21
97 65 40 78 65 59 17
66 35 97 94 51 64 24
57 66 41 80 56 77 100
93 59 31 75 58 69 69
51 65 89 65 92 88 46
58 40 68 71 66 53 32
52 83 97 71 53 87 63
59 83 76 54 94 16 64
86 71 75 89 24 52 17
32 56 91 71 66 62 59
89 72 12 93 69 72 97
66 3 75 85 71 83 58
78 30 79 63 81 63 56
91 69 7 89 55 54 70
95 91 12 25 80 62 1
53 15 22 76 72 58 78
66 85 18 57 79 79 97
82 53 56 86 88 3 55
99 90 83 95 93 70 3
55 83 51 60 97 42 52
84 34 76 93 79 76 52
48 61 21 100 48 17 94
28 71 64 55 58 88 51
55 81 89 79 54 80 52
73 87 70 57 90 50 60
50 18 58 77 64 86 68
77 57 94 7 75 69 26
73 86 53 59 81 94 12
99 79 60 77 22 62 99
69 69 38 4 81 19 60
98 26 85 96 61 46 47
65 16 14 69 76 99 61
46 87 29 61 94 86 80
92 68 90 63 52 66 41
64 4 34 47 97 76 95
8 9 33 86 86 58 77
73 8 57 58 90 84 76
91 59 84 51 47 39 70
20 25 67 85 68 92 98
38 90 83 94 85 56 72
21 82 83 87 85 67 14
90 57 65 19 79 53 79
29 72 42 89 85 16 95
51 3 63 91 63 64 15
76 60 75 60 56 60 69
63 78 51 66 94 69 69
23 71 33 60 76 76 67
67 74 13 64 62 59 61
100 52 85 95 6 67 30
81 57 98 85 53 76 57
18 65 83 10 94 72 100
2 52 83 81 94 71 95
43 58 97 68 95 86 73
61 90 86 87 39 84 67
94 95 75 5 22 89 77
95 82 81 29 11 70 45
54 68 57 51 84 75 16
65 76 11 53 94 68 51
69 61 55 70 51 75 98
55 97 59 83 14 58 52
6 69 93 76 94 93 69
87 78 51 52 61 75 78
95 64 56 51 61 67 57
55 90 76 14 69 60 77
54 79 44 99 44 24 72
67 71 85 38 61 42 64
42 75 75 62 55 89 75
87 93 45 63 57 68 1
16 55 87 51 65 77 98
12 48 58 92 86 76 16
98 67 60 7 44 69 91
64 79 56 6 90 87 47
77 86 99 63 32 74 20
67 67 83 59 8 73 29
66 95 87 95 26 14 84
92 89 62 99 9 63 64
21 87 88 82 15 91 69
28 64 63 91 56 96 85
