250 6
54 30 78 30 6 10
29 99 53 49 92 99
25 21 33 37 100 6
51 27 24 16 32 15
26 43 98 19 31 27
11 1 24 33 19 33
16 49 22 91 44 61
2 49 27 38 15 21
41 13 13 39 11 97
34 19 14 71 50 29
8 34 25 45 37 10
11 100 22 22 31 17
46 45 21 5 35 19
11 48 25 20 2 7
55 24 83 5 22 13
6 46 46 38 26 22
5 48 45 42 25 31
8 48 47 25 31 9
47 25 36 30 75 48
12 49 28 1 80 100
39 11 4 3 16 27
17 42 14 56 36 32
37 4 16 50 21 8
26 21 44 12 36 48
53 100 23 14 35 15
20 41 47 2 42 58
35 58 20 49 33 22
38 36 8 9 50 47
8 7 6 35 40 34
39 49 17 2 26 1
28 24 46 7 38 35
27 44 15 90 29 46
11 32 16 41 39 36
31 17 21 62 9 30
1 17 6 41 11 9
19 40 23 26 85 35
11 42 16 4 37 48
18 3 49 7 91 14
36 49 49 2 34 53
39 12 15 24 6 32
60 4 46 5 8 23
50 28 7 2 66 47
6 10 32 2 59 93
21 92 20 46 85 3
2 3 21 30 52 21
18 31 9 32 6 21
18 46 2 4 94 7
29 42 21 26 7 1
26 2 6 3 28 3
32 22 20 12 11 48
5 24 26 38 40 15
37 4 2 13 1 32
11 14 18 44 37 29
95 25 26 8 69 2
10 7 42 66 19 32
18 3 55 34 6 56
12 43 48 29 65 19
12 20 41 23 32 31
43 6 47 1 26 16
17 17 13 31 50 48
32 9 28 25 18 31
2 22 1 4 5 29
39 30 36 34 4 20
35 16 22 70 6 39
43 58 15 15 9 25
27 34 21 22 16 18
8 38 32 63 1 48
34 28 46 11 7 28
14 69 15 16 36 4
16 35 15 11 48 14
22 17 38 21 81 50
34 23 14 50 31 1
15 15 28 40 31 4
16 8 23 31 28 40
48 9 44 8 9 34
32 21 35 16 25 34
15 16 46 1 33 35
12 11 19 62 17 8
29 1 9 38 18 3
5 26 4 75 35 3
48 3 13 78 10 35
22 14 7 80 13 82
31 20 42 42 2 37
33 49 4 20 90 11
7 47 43 36 30 10
1 36 20 26 17 82
32 34 22 9 14 18
18 21 33 14 4 25
23 11 18 6 33 16
12 36 18 5 23 16
7 33 4 20 32 18
20 19 49 22 6 28
26 7 3 47 11 23
36 42 40 3 15 25
11 26 16 23 24 3
3 15 22 29 13 31
46 13 7 47 21 7
30 13 9 10 22 30
11 17 14 11 38 13
25 20 2 16 40 16
24 22 15 50 26 3
75 14 43 15 24 21
84 38 23 8 24 3
21 2 33 32 14 45
17 12 5 39 31 25
24 35 4 48 31 19
37 15 30 30 13 25
2 40 39 22 27 19
3 21 12 32 33 14
8 35 10 31 23 10
8 13 96 32 10 72
13 45 18 47 1 18
45 25 1 9 99 7
20 27 22 2 6 13
14 7 17 47 7 19
20 5 6 11 22 8
12 49 9 7 1 29
38 3 33 23 23 46
35 17 2 83 32 6
16 86 33 12 15 24
63 41 25 33 46 2
40 1 45 8 16 3
50 4 12 15 15 17
2 21 44 55 6 48
4 24 58 23 24 14
35 41 18 2 21 95
23 23 21 47 1 32
25 5 93 17 7 14
18 3 65 11 18 11
37 23 17 7 10 24
44 3 12 9 8 35
72 39 15 25 5 8
15 3 21 50 7 32
17 3 23 55 23 16
10 9 1 30 49 17
14 14 11 80 14 8
14 17 28 7 25 32
5 7 45 3 10 34
31 1 11 5 1 13
40 78 4 45 2 25
36 39 49 27 25 1
2 16 16 23 10 15
18 9 48 20 26 16
31 10 18 30 48 1
82 26 17 2 84 100
1 29 20 74 3 21
2 3 72 7 19 25
6 32 24 18 39 20
14 45 2 36 44 23
1 29 8 50 8 37
13 19 41 4 18 47
7 14 35 22 32 12
15 4 19 30 22 32
46 3 49 43 6 12
65 41 5 85 23 15
14 1 19 11 30 21
16 66 12 29 23 16
56 98 2 21 1 31
11 9 1 99 4 1
4 5 45 6 19 43
12 2 80 76 13 98
5 10 52 35 74 16
20 29 51 12 95 4
11 66 52 1 75 96
7 51 43 7 55 2
51 1 63 2 13 55
5 20 20 6 11 9
19 7 3 35 37 12
4 54 4 24 4 7
5 37 44 46 66 7
25 15 2 5 30 82
10 10 17 34 31 44
9 24 6 1 18 50
8 13 8 40 16 14
78 66 32 19 5 6
2 46 28 29 2 26
13 7 31 28 22 44
3 93 30 18 91 4
47 30 3 2 11 34
4 6 7 47 18 6
3 84 66 24 70 11
30 7 1 8 19 22
21 7 1 58 42 11
28 14 49 6 15 21
20 18 36 6 50 1
8 16 42 9 20 18
48 4 22 27 80 1
16 14 18 21 13 48
17 42 3 1 59 33
12 44 6 1 8 9
74 97 13 18 83 2
1 81 28 37 23 29
43 4 39 2 27 15
1 8 50 22 65 15
16 5 8 22 48 63
49 6 38 27 14 8
44 27 94 23 1 6
13 21 7 40 12 3
1 12 27 42 18 43
19 68 35 4 4 7
1 72 13 28 37 44
3 23 19 19 13 27
1 7 41 1 61 90
28 36 39 26 9 8
23 11 4 45 20 14
2 6 28 87 33 45
10 9 23 25 19 43
19 15 12 59 7 78
16 15 18 19 47 19
27 20 83 43 3 28
1 46 33 33 24 12
14 27 50 19 34 6
1 49 7 14 20 21
27 13 27 10 21 37
33 13 17 2 10 23
27 14 14 5 12 50
1 20 28 13 28 28
7 12 15 25 20 48
24 42 8 26 78 1
1 16 20 17 11 45
70 27 45 18 1 11
15 45 4 46 38 17
9 25 34 10 62 8
1 12 42 10 8 5
10 7 12 50 77 1
35 1 4 24 21 58
19 40 29 38 1 41
94 39 8 24 3 29
20 6 59 43 16 7
12 24 31 44 39 7
13 23 40 45 3 11
10 49 16 46 36 1
2 8 55 17 72 51
22 10 26 9 20 45
4 25 36 15 12 20
23 2 3 44 32 44
61 7 26 1 47 4
19 39 3 33 2 40
3 12 43 49 3 21
12 30 77 42 5 2
5 25 4 83 100 7
56 21 47 4 13 7
12 30 8 12 46 19
24 11 1 32 9 24
2 37 14 35 47 28
73 6 2 69 62 4
52 46 5 48 6 17
11 1 39 46 58 25
15 46 5 30 19 21
46 36 35 7 18 3
