250 6
0.48 0.47 0.70 0.63 0.80 0.32
0.89 0.62 0.47 0.81 0.30 0.58
0.24 0.01 0.30 0.36 0.49 0.36
0.45 0.40 0.96 0.40 0.13 0.12
0.49 0.01 0.14 0.07 0.29 0.23
0.28 0.38 0.90 0.24 0.31 0.30
0.47 0.41 0.26 0.50 0.29 0.42
0.38 0.20 0.03 0.28 0.28 0.34
0.22 0.34 0.01 0.20 0.61 0.06
0.11 0.15 0.09 0.67 0.75 0.14
0.47 0.19 0.16 0.18 0.19 0.49
0.17 0.20 0.25 0.32 0.19 0.21
0.17 0.12 0.82 0.56 0.99 0.06
0.12 0.08 0.49 0.34 0.27 0.17
0.16 0.21 0.02 0.35 0.28 0.35
0.05 0.24 0.29 0.34 0.16 0.91
0.15 0.50 0.23 0.20 0.09 0.14
0.23 0.19 0.21 0.62 0.25 0.04
0.10 0.40 0.01 0.03 0.45 0.50
0.10 0.13 0.27 0.04 0.02 0.07
0.30 0.24 0.33 0.15 0.64 0.05
0.04 0.46 0.05 0.37 0.36 0.15
0.03 0.49 0.19 0.45 0.24 0.31
0.47 0.27 0.45 0.30 0.01 0.06
0.25 0.31 0.21 0.10 0.13 0.45
0.11 0.07 0.48 0.50 0.48 0.37
0.04 0.23 0.47 0.20 0.49 0.11
0.46 0.59 0.01 0.45 0.49 0.07
0.03 0.06 0.01 0.47 0.72 0.05
0.20 0.03 0.34 0.27 0.35 0.28
0.31 0.12 0.41 0.24 0.27 0.48
0.40 0.42 0.14 0.39 0.27 0.92
0.10 0.34 0.38 0.31 0.01 0.13
0.12 0.46 0.18 0.25 0.05 0.38
0.02 0.81 0.43 0.25 0.21 0.46
0.14 0.05 0.34 0.23 0.43 0.02
0.03 0.37 0.69 0.01 0.39 0.23
0.48 0.20 0.21 0.23 0.61 0.09
0.25 0.08 0.15 0.06 0.36 0.27
0.04 0.17 0.27 0.02 0.01 0.97
0.31 0.25 0.25 0.60 0.07 0.53
0.28 0.05 0.14 0.45 0.15 0.18
0.16 0.16 0.28 0.06 0.01 0.18
0.15 0.45 0.21 0.42 0.27 0.07
0.78 0.26 0.52 0.01 0.44 0.41
0.40 0.05 0.39 0.27 0.13 0.37
0.01 0.82 0.41 0.04 0.39 0.97
0.03 0.95 0.21 0.07 0.11 0.28
0.27 0.40 0.19 0.95 0.04 0.45
0.31 0.50 0.24 0.09 0.17 0.11
0.44 0.93 0.05 0.05 0.08 0.27
0.14 0.30 0.09 0.09 0.40 0.30
0.15 0.01 0.03 0.48 0.04 0.44
0.21 0.12 0.02 0.12 0.24 0.03
0.35 0.12 0.39 0.42 0.18 0.66
0.09 0.33 0.27 0.11 0.14 0.45
0.28 0.14 0.26 0.12 0.12 0.21
0.47 0.19 0.39 0.09 0.33 0.02
0.34 0.07 0.34 0.43 0.09 0.18
0.33 0.03 0.07 0.12 0.43 0.50
0.91 0.42 0.18 0.51 0.11 0.21
0.46 0.27 0.13 0.46 0.19 0.04
0.35 0.46 0.02 0.46 0.16 0.05
0.35 0.23 0.06 0.26 0.04 0.73
0.11 0.06 0.08 0.31 0.01 0.09
0.09 0.22 0.20 0.56 0.48 0.65
0.07 0.10 0.07 0.72 0.23 0.09
0.28 0.25 0.26 0.07 0.29 0.37
0.01 0.02 0.17 0.03 0.05 0.43
0.02 0.09 0.23 0.98 0.45 0.10
0.03 0.22 0.42 0.21 0.25 0.01
0.09 0.10 0.56 0.39 0.10 0.09
0.10 0.28 0.01 0.96 0.17 0.15
0.02 0.43 0.15 0.06 0.14 0.36
0.50 0.07 0.10 0.49 0.09 0.03
0.36 0.06 0.21 0.11 0.26 0.06
0.15 0.03 0.15 0.20 0.05 0.41
0.51 0.05 0.09 0.34 0.46 0.27
0.04 0.08 0.18 0.48 0.08 0.05
0.42 0.73 0.90 0.13 0.10 0.01
0.07 0.08 0.55 0.06 0.10 0.27
0.46 0.40 0.24 0.08 0.22 0.40
0.07 0.09 0.15 0.32 0.17 0.14
0.10 0.11 0.50 0.30 0.50 0.37
0.48 0.16 0.04 0.06 0.19 0.05
0.10 0.26 0.22 0.60 0.24 0.04
0.46 0.19 0.27 0.22 0.01 0.05
0.16 0.12 0.08 0.03 0.11 0.59
0.14 0.38 0.64 0.22 0.02 0.01
0.22 0.07 0.06 0.20 0.42 0.35
0.08 0.06 0.41 0.66 0.49 0.26
0.18 0.01 0.04 0.42 0.02 0.11
0.42 0.04 0.14 0.10 0.46 0.29
0.23 0.05 0.32 0.14 0.86 0.25
0.09 0.23 0.17 0.15 0.28 0.10
0.88 0.16 0.04 0.02 0.15 0.07
0.02 0.55 0.64 0.02 0.83 0.22
0.25 0.11 0.08 0.16 0.49 0.50
0.11 0.03 0.67 0.48 0.14 0.03
0.20 0.21 0.09 0.03 0.34 0.26
0.91 0.03 0.33 0.03 0.15 0.12
0.29 0.31 0.03 0.11 0.37 0.30
0.01 0.33 0.15 0.07 0.40 0.05
0.02 0.27 0.07 0.42 0.26 0.14
0.05 0.01 0.31 0.12 0.11 0.58
0.40 0.13 0.42 0.01 0.19 0.24
0.22 0.32 0.04 0.11 0.39 0.07
0.23 0.06 0.01 0.37 0.20 0.31
0.37 0.35 0.31 0.24 0.60 0.01
0.09 0.46 0.38 0.09 0.18 0.09
0.48 0.40 0.01 0.01 0.47 0.36
0.27 0.04 0.07 0.31 0.41 0.02
0.37 0.45 0.45 0.37 0.24 0.02
0.01 0.06 0.38 0.22 0.21 0.17
0.04 0.11 0.06 0.25 0.23 0.18
0.42 0.03 0.36 0.16 0.16 0.31
0.41 0.02 0.12 0.18 0.49 0.40
0.02 0.11 0.33 0.27 0.09 0.31
0.48 0.06 0.24 0.10 0.25 0.01
0.04 0.31 0.28 0.24 0.20 0.06
0.09 0.42 0.10 0.10 0.85 0.34
0.13 0.04 0.11 0.87 0.25 0.13
0.15 0.48 0.85 0.13 0.45 0.04
0.32 0.18 0.97 0.16 0.03 0.04
0.91 0.25 0.13 0.14 0.10 0.51
0.13 0.32 0.26 0.30 0.23 0.16
0.27 0.31 0.01 0.48 0.13 0.07
0.05 0.11 0.49 0.01 0.04 0.58
0.11 0.16 0.48 0.39 0.45 0.03
0.08 0.36 0.13 0.45 0.45 0.10
0.20 0.20 0.47 0.21 0.24 0.04
0.32 0.50 0.18 0.10 0.23 0.30
0.06 0.32 0.48 0.18 0.50 0.08
0.25 0.24 0.46 0.01 0.32 0.39
0.31 0.20 0.04 0.33 0.22 0.36
0.43 0.23 0.20 0.02 0.24 0.23
0.33 0.42 0.25 0.06 0.32 0.20
0.10 0.40 0.37 0.55 0.01 0.35
0.45 0.29 0.06 0.08 0.01 0.28
0.01 0.33 0.24 0.41 0.14 0.01
0.39 0.17 0.01 0.23 0.19 0.40
0.34 0.10 0.03 0.29 0.25 0.14
0.27 0.09 0.48 0.31 0.40 0.01
0.33 0.14 0.14 0.18 0.23 0.14
0.59 0.42 0.03 0.40 0.17 0.10
0.05 0.30 0.17 0.33 0.46 0.07
0.22 0.21 0.22 0.47 0.90 0.02
0.05 0.22 0.43 0.46 0.09 0.26
0.22 0.29 0.42 0.01 0.14 0.78
0.35 0.14 0.85 0.20 0.04 0.06
0.21 0.08 0.04 0.31 0.04 0.10
0.24 0.06 0.16 0.27 0.36 0.15
0.28 0.31 0.06 0.24 0.11 0.85
0.35 0.05 0.04 0.28 0.29 0.37
0.01 0.45 0.06 0.88 0.35 0.07
0.03 0.30 0.41 0.25 1.00 0.06
0.40 0.49 0.43 0.29 0.07 0.05
0.26 0.02 0.07 0.24 0.04 0.45
0.22 0.21 0.05 0.01 0.55 0.43
0.07 0.07 0.25 0.35 0.16 0.31
0.49 0.04 0.12 0.23 0.37 0.12
0.15 0.03 0.28 0.30 0.49 0.14
0.43 0.01 0.38 0.05 0.40 0.19
0.18 0.41 0.26 0.10 0.05 0.01
0.45 0.32 0.43 0.99 0.01 0.01
0.14 0.13 0.05 0.21 0.54 0.91
0.03 0.18 0.05 0.19 0.76 0.03
0.10 0.04 0.07 0.35 0.27 0.37
0.50 0.38 0.03 0.13 0.04 0.43
0.07 0.43 0.05 0.32 0.44 0.05
0.17 0.03 0.01 0.31 0.17 0.02
0.07 0.05 0.06 0.87 0.23 0.15
0.03 0.50 0.14 0.32 0.01 0.25
0.29 0.32 0.26 0.32 0.07 0.03
0.24 0.04 0.63 0.17 0.65 0.29
0.16 0.35 0.05 0.40 0.10 0.30
0.30 0.01 0.10 0.10 0.47 0.27
0.17 0.33 0.39 0.11 0.23 0.05
0.08 0.33 0.04 0.46 0.29 0.33
0.06 0.48 0.05 0.55 0.08 0.63
0.04 0.55 0.16 0.24 0.30 0.05
0.49 0.12 0.68 0.01 0.44 0.48
0.14 0.05 0.23 0.33 0.15 0.19
0.23 0.32 0.19 0.20 0.18 0.31
0.38 0.11 0.17 0.06 0.07 0.14
0.77 0.04 0.02 0.17 0.39 0.11
0.07 0.14 0.50 0.21 0.07 0.08
0.40 0.01 0.11 0.27 0.14 0.08
0.12 0.36 0.23 0.28 0.07 0.23
0.09 0.01 0.37 0.40 0.47 0.32
0.26 0.51 0.50 0.03 0.66 0.14
0.70 0.29 0.20 0.02 0.14 0.43
0.01 0.13 0.05 0.12 0.44 0.07
0.07 0.06 0.32 0.28 0.13 0.40
0.37 0.01 0.95 0.20 0.07 0.26
0.76 0.27 0.35 0.26 0.07 0.02
0.12 0.07 0.07 0.33 0.43 0.43
0.18 0.11 0.46 0.21 0.03 0.14
0.12 0.36 0.75 0.02 0.09 0.12
0.12 0.07 0.10 0.40 0.58 0.02
0.35 0.10 0.05 0.07 0.99 0.17
0.23 0.06 0.23 0.05 0.28 0.24
0.44 0.07 0.17 0.12 0.33 0.16
0.35 0.29 0.20 0.02 0.65 0.08
0.46 0.02 0.08 0.05 0.47 0.07
0.34 0.25 0.45 0.01 0.02 0.02
0.05 0.49 0.03 0.08 0.08 0.47
0.07 0.30 0.48 0.09 0.26 0.03
0.38 0.41 0.38 0.05 0.77 0.06
0.49 0.21 0.22 0.01 0.23 0.29
0.16 0.78 0.40 0.02 0.07 0.95
0.07 0.50 0.01 0.94 0.41 0.05
0.33 0.02 0.02 0.48 0.04 0.99
0.40 0.47 0.14 0.06 0.21 0.45
0.01 0.17 0.04 0.41 0.71 0.13
0.07 0.44 0.40 0.05 0.99 0.23
0.24 0.34 0.19 0.02 0.03 0.66
0.03 0.01 0.27 0.02 0.40 0.39
0.07 0.02 0.10 0.04 0.48 0.37
0.43 0.15 0.26 0.01 0.36 0.03
0.71 0.04 0.02 0.83 0.03 0.20
0.29 0.57 0.08 0.01 0.23 0.90
0.06 0.96 0.03 0.32 0.01 0.22
0.52 0.28 0.16 0.01 0.35 0.06
0.16 0.36 0.19 0.03 0.04 0.17
0.09 0.59 0.03 0.17 0.23 0.08
0.14 0.28 0.33 0.02 0.02 0.35
0.06 0.04 0.49 0.44 0.39 0.32
0.24 0.05 0.01 0.43 0.03 0.29
0.05 0.09 0.14 0.17 0.26 0.31
0.50 0.03 0.44 0.19 0.18 0.19
0.37 0.02 0.28 0.09 0.22 0.19
0.49 0.19 0.05 0.39 0.03 0.03
0.18 0.05 0.39 0.04 0.32 0.23
0.02 0.24 0.04 0.36 0.38 0.09
0.07 0.79 0.72 0.19 0.94 0.01
0.07 0.02 0.29 0.02 0.10 0.22
0.30 0.42 0.31 0.08 0.44 0.03
0.07 0.46 0.03 0.99 0.19 0.72
0.12 0.03 0.15 0.43 0.50 0.14
0.08 0.19 0.29 0.25 0.23 0.17
0.09 0.30 0.09 0.31 0.03 0.16
0.11 0.14 0.43 0.01 0.22 0.83
0.02 0.39 0.45 0.02 0.27 0.33
0.08 0.12 0.03 0.39 0.19 0.13
0.39 0.46 0.03 0.29 0.14 0.50
0.08 0.61 0.02 0.82 0.66 0.61
0.48 0.03 0.03 0.38 0.11 0.06
0.13 0.20 0.26 0.01 0.25 0.22
0.03 0.32 0.40 0.14 0.24 0.07
