250 6
0.28 0.01 0.33 0.81 0.07 0.95
0.68 0.91 0.92 0.67 0.60 0.70
0.23 0.99 0.45 0.49 0.31 0.43
0.04 0.13 0.11 0.40 0.22 0.10
0.05 0.17 0.43 0.34 0.13 0.29
0.55 0.02 0.15 0.17 0.02 0.09
0.39 0.05 0.35 0.47 0.12 0.46
0.45 0.39 0.43 0.45 0.02 0.07
0.25 0.50 0.03 0.46 0.38 0.35
0.37 0.12 0.36 0.45 0.10 0.22
0.03 0.48 0.12 0.15 0.02 0.15
0.23 0.26 0.03 0.13 0.87 0.39
0.37 0.35 0.50 0.90 0.02 0.87
0.06 0.27 0.20 0.23 0.15 0.24
0.08 0.28 0.08 0.48 0.37 0.06
0.22 0.38 0.17 0.13 0.09 0.53
0.97 0.04 0.06 0.01 0.19 0.06
0.96 0.18 0.15 0.69 0.08 0.07
0.15 0.06 0.22 0.34 0.21 0.05
0.16 0.35 0.04 0.47 0.11 0.07
0.27 0.86 0.16 0.03 0.13 0.36
0.07 0.09 0.40 0.37 0.81 0.38
0.18 0.33 0.12 0.08 0.21 0.06
0.27 0.31 0.44 0.01 0.10 0.06
0.30 0.01 0.36 0.32 0.22 0.02
0.39 0.20 0.35 0.23 0.04 0.35
0.40 0.13 0.09 0.52 0.60 0.51
0.26 0.12 0.24 0.07 0.13 0.38
0.30 0.19 0.34 0.13 0.25 0.27
0.53 0.02 0.49 0.38 0.16 0.30
0.08 0.86 0.04 0.16 0.20 0.06
0.32 0.13 0.09 0.02 0.20 0.33
0.41 0.06 0.18 0.14 0.42 0.22
0.19 0.29 0.12 0.61 0.06 0.19
0.15 0.18 0.23 0.09 0.24 0.10
0.04 0.24 0.50 0.27 0.03 0.08
0.20 0.44 0.06 0.23 0.43 0.12
0.22 0.09 0.86 0.36 0.20 0.11
0.13 0.11 0.27 0.03 0.40 0.38
0.70 0.31 0.12 0.31 0.15 0.19
0.15 0.12 0.34 0.10 0.39 0.21
0.83 0.01 0.97 0.18 0.02 0.04
0.27 0.16 0.48 0.17 0.02 0.32
0.34 0.08 0.37 0.14 0.36 0.28
0.25 0.41 0.81 0.12 0.15 0.22
0.07 0.12 0.20 0.28 0.42 0.22
0.35 0.90 0.05 0.36 0.01 0.99
0.11 0.02 0.19 0.02 0.47 0.47
0.06 0.18 0.11 0.21 0.09 0.48
0.36 0.03 0.01 0.32 0.46 0.09
0.02 0.32 0.28 0.45 0.05 0.97
0.35 0.17 0.49 0.41 0.03 0.05
0.20 0.15 0.30 0.33 0.77 0.21
0.03 0.10 0.06 0.35 0.08 0.40
0.45 0.09 0.13 0.14 0.12 0.27
0.48 0.39 0.46 0.10 0.21 0.05
0.09 0.25 0.24 0.06 0.29 0.18
0.74 0.09 0.13 0.38 0.11 0.05
0.29 0.47 0.07 0.29 0.17 0.38
0.13 0.34 0.23 0.12 0.46 0.21
0.39 0.50 0.30 0.04 0.08 0.64
0.26 0.77 0.42 0.12 0.13 0.12
0.29 0.12 0.26 0.31 0.07 0.49
0.43 0.45 0.36 0.43 0.14 0.14
0.02 0.25 0.18 0.86 0.07 0.47
0.07 0.11 0.28 0.49 0.23 0.20
0.25 0.07 0.43 0.13 0.37 0.48
0.16 0.10 0.02 0.36 0.31 0.05
0.36 0.26 0.49 0.13 0.62 0.04
0.34 0.16 0.06 0.22 0.24 0.67
0.36 0.08 0.15 0.30 0.40 0.33
0.04 0.06 0.43 0.24 0.27 0.02
0.13 0.35 0.05 0.16 0.84 0.42
0.17 0.11 0.16 0.25 0.35 0.49
0.32 0.19 0.11 0.11 0.36 0.20
0.40 0.31 0.40 0.12 0.18 0.35
0.15 0.13 0.08 0.41 0.28 0.17
0.10 0.41 0.01 0.35 0.24 0.29
0.44 0.07 0.34 0.45 0.08 0.04
0.49 0.31 0.17 0.44 0.02 0.49
0.07 0.18 0.07 0.05 0.43 0.03
0.72 0.29 0.01 0.27 0.25 0.28
0.45 0.39 0.33 0.09 0.05 0.04
0.09 0.46 0.04 0.11 0.12 0.35
0.96 0.08 0.08 0.24 0.15 0.51
0.50 0.14 0.42 0.21 0.08 0.38
0.28 0.03 0.36 0.37 0.41 0.05
0.46 0.34 0.44 0.20 0.08 0.34
0.31 0.02 0.10 0.06 0.95 0.27
0.18 0.36 0.39 0.05 0.02 0.11
0.74 0.84 0.15 0.03 0.90 0.16
0.29 0.12 0.45 0.26 0.20 0.28
0.38 0.06 0.40 0.37 0.19 0.82
0.50 0.26 0.32 0.38 0.06 0.27
0.07 0.45 0.48 0.32 0.10 0.47
0.05 0.34 0.47 0.62 0.10 0.16
0.14 0.16 0.57 0.43 0.07 0.49
0.26 0.48 0.01 0.54 0.05 0.07
0.26 0.09 0.02 0.27 0.36 0.26
0.37 0.26 0.31 0.07 0.12 0.44
0.48 0.02 0.08 0.44 0.51 0.21
0.27 0.07 0.48 0.10 0.14 0.36
0.24 0.29 0.28 0.11 0.19 0.11
0.22 0.32 0.07 0.28 0.23 0.06
0.20 0.27 0.02 0.03 0.60 0.05
0.10 0.11 0.18 0.47 0.63 0.18
0.47 0.03 0.37 0.19 0.85 0.11
0.12 0.33 0.33 0.06 0.16 0.11
0.44 0.49 0.29 0.40 0.10 0.07
0.03 0.05 0.49 0.41 0.65 0.43
0.21 0.05 0.25 0.30 0.34 0.98
0.32 0.18 0.04 0.09 1.00 0.36
0.07 0.26 0.17 0.31 0.29 0.13
0.11 0.36 0.11 0.35 0.17 0.18
0.39 0.47 0.02 0.03 0.19 0.14
0.12 0.10 0.22 0.70 0.38 0.20
0.33 0.22 0.26 0.24 0.06 0.48
0.25 0.02 0.30 0.20 0.30 0.28
0.42 0.04 0.43 0.02 0.78 0.22
0.38 0.30 0.11 0.23 0.32 0.29
0.55 0.53 0.63 0.81 0.01 0.68
0.49 0.10 0.23 0.08 0.24 0.74
0.20 0.27 0.05 0.17 0.49 0.26
0.26 0.02 0.23 0.17 0.02 0.01
0.10 0.37 0.16 0.17 0.16 0.17
0.50 0.31 0.08 0.25 0.13 0.24
0.01 0.10 0.24 0.64 0.30 0.44
0.10 0.34 0.22 0.02 0.92 0.31
0.36 0.15 0.10 0.09 0.22 0.28
0.05 0.09 0.32 0.60 0.32 0.38
0.05 0.04 0.08 0.01 0.48 0.33
0.06 0.75 0.15 0.12 0.38 0.43
0.12 0.34 0.19 0.01 0.26 0.41
0.38 0.87 0.23 0.21 0.01 0.45
0.23 0.27 0.46 0.48 0.13 0.08
0.23 0.38 0.19 0.36 0.05 0.40
0.05 0.05 0.67 0.04 0.33 0.06
0.44 0.31 0.24 0.45 0.01 0.37
0.12 0.03 0.33 0.30 0.07 0.08
0.07 0.30 0.40 0.14 0.41 0.49
0.39 0.06 0.43 0.08 0.26 0.41
0.02 0.45 0.88 0.11 0.08 0.04
0.19 0.11 0.13 0.22 0.42 0.30
0.21 0.72 0.05 0.45 0.18 0.17
0.09 0.46 0.47 0.20 0.06 0.30
0.02 0.19 0.47 0.04 0.31 0.61
0.22 0.40 0.26 0.40 0.02 0.33
0.69 0.31 0.17 0.29 0.12 0.04
0.27 0.12 0.09 0.24 0.47 0.09
0.38 0.28 0.07 0.01 0.33 0.26
0.37 0.62 0.04 0.98 0.02 0.63
0.58 0.01 0.24 0.53 0.40 0.70
0.35 0.77 0.64 0.73 0.01 0.49
0.59 0.04 0.06 0.72 0.45 0.21
0.32 0.06 0.22 0.27 0.48 0.30
0.13 0.02 0.78 0.34 0.33 0.87
0.86 0.46 0.14 0.37 0.39 0.03
0.21 0.47 0.09 0.29 0.11 0.53
0.16 0.06 0.04 0.80 0.25 0.80
0.03 0.21 0.35 0.19 0.28 0.26
0.20 0.44 0.18 0.32 0.07 0.21
0.24 0.36 0.12 0.07 0.18 0.21
0.44 0.29 0.05 0.30 0.07 0.13
0.11 0.29 0.48 0.72 0.10 0.17
0.39 0.10 0.47 0.06 0.15 0.93
0.30 0.14 0.04 0.13 0.48 0.43
0.04 0.23 0.12 0.41 0.05 0.20
0.01 0.38 0.32 0.47 0.07 0.07
0.50 0.31 0.35 0.01 0.16 0.93
0.16 0.59 0.01 0.30 0.12 0.49
0.16 0.08 0.30 0.01 0.50 0.30
0.26 0.89 0.08 0.22 0.15 0.25
0.24 0.11 0.07 0.13 0.05 0.21
0.13 0.13 0.44 0.08 0.32 0.84
0.48 0.20 0.34 0.31 0.01 0.24
0.10 0.89 0.08 0.10 0.21 0.20
0.09 0.04 0.20 0.28 0.30 0.21
0.12 0.30 0.55 0.15 0.23 0.46
0.29 0.05 0.01 0.29 0.94 0.39
0.06 0.45 0.34 0.20 0.13 0.36
0.23 0.25 0.73 0.10 0.20 0.03
0.49 0.44 0.31 0.06 0.26 0.06
0.01 0.01 0.16 0.25 0.37 0.42
0.41 0.08 0.03 0.18 0.22 0.49
0.84 0.99 0.06 0.02 0.42 0.60
0.20 0.11 0.36 0.26 0.36 0.17
0.46 0.08 0.49 0.15 0.06 0.54
0.17 0.20 0.08 0.31 0.24 0.05
0.01 0.13 0.41 0.91 0.52 0.16
0.18 0.05 0.44 0.09 0.34 0.39
0.25 0.62 0.19 0.21 0.07 0.01
0.08 0.12 0.02 0.12 0.29 0.26
0.36 0.18 0.41 0.01 0.13 0.81
0.14 0.28 0.06 0.36 0.12 0.21
0.02 0.07 0.21 0.50 0.57 0.22
0.26 0.22 0.28 0.04 0.28 0.43
0.18 0.41 0.15 0.46 0.11 0.06
0.09 0.10 0.06 0.06 0.44 0.25
0.31 0.07 0.36 0.05 0.87 0.30
0.28 0.15 0.24 0.11 0.14 0.15
0.49 0.05 0.44 0.15 0.01 0.18
0.32 0.05 0.18 0.12 0.32 0.57
0.50 0.01 0.07 0.96 0.03 0.10
0.03 0.01 0.77 0.17 0.01 0.08
0.22 0.38 0.11 0.30 0.09 0.12
0.02 0.11 0.06 0.30 0.47 0.20
0.02 0.12 0.18 0.10 0.17 0.36
0.46 0.55 0.11 0.46 0.06 0.15
0.18 0.57 0.13 0.05 0.38 0.46
0.07 0.22 0.37 0.07 0.06 0.14
0.48 0.27 0.32 0.16 0.22 0.03
0.20 0.28 0.09 0.28 0.02 0.30
0.64 0.36 0.51 0.51 0.01 0.02
0.34 0.19 0.42 0.13 0.35 0.06
0.40 0.07 0.16 0.01 0.60 0.09
0.11 0.43 0.41 0.05 0.06 0.69
0.81 0.04 0.05 0.42 0.55 0.06
0.06 0.23 0.19 0.21 0.15 0.34
0.42 0.17 0.04 0.18 0.84 0.12
0.66 0.34 0.19 0.02 0.40 0.09
0.37 0.39 0.03 0.18 0.10 0.06
0.42 0.56 0.13 0.12 0.11 0.08
0.34 0.10 0.48 0.02 0.25 0.50
0.45 0.32 0.41 0.03 0.14 0.37
0.09 0.05 0.21 0.49 0.26 0.41
0.21 0.09 0.35 0.28 0.03 0.35
0.08 0.03 0.85 0.04 0.17 0.17
0.16 0.36 0.15 0.19 0.09 0.10
0.36 0.17 0.40 0.08 0.39 0.18
0.27 0.19 0.19 0.23 0.04 0.16
0.06 0.20 0.61 0.10 0.52 0.21
0.06 0.07 0.21 0.06 0.42 0.48
0.20 0.06 0.40 0.28 0.34 0.03
0.16 0.45 0.49 0.05 0.13 0.39
0.03 0.81 0.55 0.77 0.52 0.01
0.03 0.50 0.15 0.10 0.47 0.12
0.16 0.46 0.13 0.48 0.51 0.01
0.18 0.71 0.11 0.03 0.28 0.35
0.12 0.73 0.29 0.12 0.08 0.16
0.49 0.06 0.07 0.30 0.22 0.49
0.28 0.10 0.13 0.13 0.02 0.27
0.01 0.08 0.44 0.49 0.03 0.46
0.06 0.20 0.26 0.31 0.23 0.07
0.46 0.38 0.25 0.01 0.21 0.19
0.71 0.29 0.01 0.27 0.29 0.34
0.33 0.20 0.36 0.10 0.01 0.46
0.03 0.18 0.25 0.24 0.23 0.28
0.11 0.10 0.01 0.34 0.64 0.41
0.42 0.06 0.04 0.11 0.31 0.31
0.84 0.01 0.77 0.14 0.90 0.47
