250 6
0.60 0.77 0.23 0.06 0.44 0.72
0.72 0.72 0.11 0.61 0.62 0.89
0.40 0.30 0.86 0.43 0.01 0.19
0.64 0.13 0.23 0.23 0.13 0.40
0.83 0.42 0.13 0.12 0.48 0.25
0.37 0.04 0.10 0.06 0.32 0.36
0.49 0.04 0.35 0.25 0.42 0.01
0.08 0.22 0.09 0.06 0.13 0.15
0.40 0.10 0.15 0.50 0.26 0.21
0.45 0.39 0.58 0.29 0.42 0.02
0.38 0.03 0.42 0.20 0.45 0.06
0.15 0.07 0.23 0.90 0.30 0.21
0.57 0.27 0.03 0.11 0.09 0.06
0.23 0.18 0.07 0.46 0.20 0.03
0.02 0.52 0.19 0.20 0.32 0.08
0.41 0.49 0.42 0.93 0.04 0.29
0.42 0.38 0.44 0.02 0.09 0.06
0.20 0.39 0.26 0.11 0.37 0.11
0.33 0.62 0.02 0.17 0.14 0.36
0.32 0.45 0.29 0.35 0.35 0.02
0.06 0.18 0.36 0.44 0.26 0.38
0.26 0.19 0.41 0.04 0.09 0.49
0.26 0.35 0.40 0.25 0.16 0.08
0.11 0.39 0.36 0.15 0.49 0.09
0.21 0.09 0.16 0.11 0.47 0.10
0.14 0.06 0.33 0.08 0.18 0.05
0.42 0.04 0.05 0.35 0.02 0.18
0.47 0.33 0.04 0.58 0.46 0.14
0.02 0.89 0.32 0.28 0.26 0.20
0.39 0.13 0.05 0.40 0.13 0.81
0.46 0.13 0.18 0.45 0.38 0.02
0.24 0.17 0.09 0.36 0.42 0.11
0.43 0.17 0.07 0.12 0.21 0.32
0.46 0.45 0.39 0.04 0.13 0.20
0.06 0.39 0.21 0.34 0.05 0.24
0.04 0.18 0.44 0.28 0.07 0.68
0.07 0.08 0.37 0.32 0.04 0.50
0.48 0.12 0.19 0.25 0.02 0.20
0.28 0.97 0.37 0.06 0.01 0.48
0.50 0.36 0.06 0.36 0.45 0.15
0.06 0.34 0.13 0.22 0.16 0.18
0.26 0.34 0.04 0.05 0.01 0.44
0.46 0.07 0.45 0.30 0.15 0.09
0.12 0.45 0.05 0.19 0.43 0.38
0.30 0.12 0.03 0.71 0.45 0.28
0.46 0.39 0.01 0.64 0.17 0.04
0.01 0.29 0.47 1.00 0.15 0.38
0.43 0.37 0.48 0.31 0.04 0.01
0.07 0.33 0.04 0.34 0.48 0.27
0.11 0.13 0.36 0.30 0.17 0.10
0.05 0.15 0.37 0.05 0.36 0.50
0.32 0.07 0.46 0.27 0.08 0.40
0.14 0.09 0.31 0.38 0.10 0.08
0.46 0.06 0.18 0.03 0.46 0.36
0.14 0.09 0.24 0.37 0.33 0.24
0.51 0.17 0.09 0.20 0.12 0.59
0.38 0.33 0.19 0.20 0.09 0.35
0.32 0.23 0.06 0.12 0.50 0.46
0.42 0.23 0.11 0.02 0.33 0.76
0.38 0.26 0.02 0.34 0.28 0.08
0.12 0.19 0.06 0.48 0.49 0.01
0.29 0.29 0.06 0.17 0.16 0.12
0.27 0.33 0.40 0.03 0.47 0.17
0.03 0.24 0.19 0.34 0.09 0.07
0.31 0.11 0.39 0.23 0.13 0.53
0.09 0.04 0.02 0.17 0.15 0.04
0.37 0.03 0.01 0.45 0.16 0.18
0.38 0.29 0.07 0.10 0.33 0.34
0.04 0.37 0.15 0.31 0.22 0.97
0.38 0.31 0.46 0.48 0.30 0.02
0.30 0.37 0.16 0.44 0.35 0.02
0.50 0.42 0.50 0.02 0.14 0.03
0.04 0.38 0.06 0.17 0.33 0.26
0.19 0.95 0.50 0.33 0.02 0.10
0.03 0.21 0.01 0.45 0.32 0.15
0.05 0.39 0.20 0.25 0.20 0.39
0.36 0.06 0.28 0.38 0.06 0.33
0.48 0.88 0.28 0.06 0.18 0.13
0.89 0.08 0.35 0.47 0.26 0.03
0.37 0.21 0.47 0.41 0.04 0.33
0.34 0.16 0.44 0.42 0.02 0.39
0.42 0.40 0.04 0.15 0.95 0.32
0.20 0.04 0.48 0.40 0.01 0.43
0.23 0.26 0.04 0.20 0.14 0.49
0.41 0.24 0.38 0.23 0.06 0.17
0.07 0.22 0.23 0.19 0.40 0.49
0.30 0.50 0.08 0.01 0.21 0.65
0.04 0.29 0.08 0.23 0.76 0.29
0.10 0.37 0.39 0.01 0.31 0.43
0.19 0.92 0.03 0.12 0.41 0.39
0.36 0.08 0.13 0.10 0.28 0.46
0.33 0.31 0.10 0.07 0.06 0.13
0.45 0.18 0.17 0.26 0.43 0.01
0.53 0.20 0.49 0.43 0.01 0.34
0.96 0.16 0.47 0.14 0.04 0.34
0.06 0.45 0.15 0.15 0.43 0.25
0.25 0.05 0.12 0.01 0.05 0.14
0.19 0.05 0.49 0.02 0.34 0.01
0.22 0.19 0.01 0.91 0.15 0.49
0.24 0.79 0.43 0.29 0.10 0.45
0.19 0.22 0.05 0.23 0.03 0.85
0.05 0.18 0.35 0.37 0.03 0.27
0.06 0.22 0.29 0.35 0.03 0.21
0.16 0.42 0.26 0.12 0.03 0.08
0.39 0.32 0.12 0.25 0.01 0.19
0.11 0.18 0.21 0.33 0.06 0.27
0.40 0.47 0.16 0.37 0.10 0.10
0.13 0.03 0.79 0.13 0.15 0.45
0.46 0.02 0.35 0.48 0.19 0.19
0.15 0.16 0.08 0.31 0.42 0.03
0.16 0.57 0.31 0.02 0.06 0.31
0.18 0.05 0.21 0.43 0.10 0.42
0.04 0.03 0.46 0.32 0.36 0.84
0.04 0.42 0.49 0.30 0.37 0.20
0.09 0.39 0.12 0.36 0.11 0.30
0.35 0.02 0.12 0.35 0.27 0.45
0.43 0.55 0.20 0.08 0.86 0.02
0.49 0.02 0.09 0.47 0.07 0.37
0.35 0.03 0.16 0.06 0.40 0.06
0.08 0.20 0.97 0.22 0.79 0.37
0.07 0.23 0.85 0.78 0.31 0.17
0.60 0.06 0.66 0.24 0.01 0.18
0.64 0.02 0.51 0.16 0.27 0.37
0.02 0.65 0.59 0.15 0.56 0.27
0.77 0.72 0.11 0.01 0.20 0.27
0.01 0.40 0.07 0.68 0.22 0.91
0.08 0.85 0.02 0.93 0.23 0.33
0.22 0.02 0.88 0.63 0.20 0.64
0.09 0.95 0.02 0.38 0.40 0.01
0.07 0.04 0.05 0.29 0.34 0.11
0.12 0.01 0.03 0.28 0.29 0.44
0.18 0.15 0.29 0.50 0.08 0.03
0.97 0.06 0.05 0.30 0.10 0.06
0.17 0.81 0.86 0.97 0.01 0.83
0.18 0.41 0.99 0.07 0.10 0.05
0.23 0.18 0.06 0.43 0.10 0.27
0.05 0.33 0.23 0.14 0.25 0.28
0.35 0.21 0.01 0.52 0.88 0.08
0.48 0.19 0.07 0.09 0.27 0.37
0.38 0.11 0.10 0.22 0.10 0.42
0.06 0.48 0.69 0.10 0.98 0.19
0.01 0.28 0.72 0.14 0.23 0.77
0.22 0.04 0.22 0.22 0.06 0.37
0.30 0.13 0.23 0.15 0.36 0.02
0.05 0.06 0.44 0.72 0.71 0.85
0.45 0.82 0.15 0.40 0.02 0.01
0.30 0.36 0.04 0.12 0.04 0.08
0.06 0.21 0.38 0.25 0.25 0.23
0.04 0.17 0.39 0.89 0.11 0.02
0.27 0.50 0.22 0.23 0.01 0.08
0.45 0.14 0.14 0.46 0.11 0.13
0.08 0.12 0.46 1.00 0.03 0.60
0.02 0.99 0.75 0.29 0.01 0.21
0.12 0.39 0.03 0.28 0.29 0.02
0.50 0.15 0.12 0.49 0.13 0.10
0.36 0.46 0.47 0.13 0.37 0.01
0.18 0.03 0.91 0.01 0.93 0.41
0.12 0.18 0.03 0.28 0.13 0.10
0.06 0.49 0.09 0.29 0.08 0.18
0.03 0.18 0.05 0.20 0.07 0.36
0.01 0.12 0.01 0.55 0.27 0.50
0.35 0.35 0.10 0.13 0.18 0.12
0.68 0.49 0.09 0.01 0.50 0.35
0.08 0.04 0.10 0.40 0.11 0.43
0.18 0.48 0.01 0.18 0.50 0.34
0.54 0.41 0.05 0.04 0.29 0.30
0.15 0.03 0.23 0.03 0.25 0.38
0.20 0.24 0.30 0.12 0.05 0.12
0.81 0.49 0.02 0.08 0.16 0.10
0.09 0.21 0.47 0.07 0.15 0.13
0.10 0.03 0.25 0.46 0.94 0.43
0.20 0.08 0.25 0.38 0.01 0.18
0.03 0.65 0.07 0.44 0.23 0.16
0.10 0.07 0.38 0.42 0.04 0.44
0.23 0.09 0.19 0.60 0.08 0.05
0.06 0.14 0.30 0.26 0.31 0.61
0.35 0.14 0.23 0.33 0.09 0.02
0.07 0.28 0.50 0.46 0.17 0.03
0.05 0.14 0.61 0.11 0.04 0.28
0.25 0.38 1.00 0.38 0.14 0.02
0.30 0.34 0.04 0.03 0.44 0.18
0.14 0.28 0.18 0.02 0.37 0.18
0.01 0.22 0.49 0.35 0.15 0.20
0.15 0.20 0.25 0.09 0.20 0.11
0.35 0.02 0.92 0.20 0.54 0.72
0.36 0.19 0.01 0.33 0.13 0.43
0.02 0.33 0.17 0.31 0.15 0.48
0.15 0.05 0.14 0.29 0.12 0.11
0.10 0.46 0.49 0.03 0.43 0.29
0.18 0.04 0.15 0.15 0.21 0.74
0.10 0.03 0.99 0.42 0.79 0.27
0.36 0.01 0.26 0.05 0.14 0.36
0.04 0.07 0.08 0.19 0.48 0.47
0.03 0.34 0.12 0.04 0.30 0.48
0.83 0.02 0.58 0.04 0.68 0.54
0.44 0.83 0.03 0.43 0.12 0.09
0.30 0.04 0.61 0.16 0.49 0.07
0.09 0.34 0.22 0.25 0.01 0.66
0.10 0.28 0.38 0.13 0.39 0.10
0.33 0.49 0.31 0.12 0.01 0.15
0.47 0.01 0.11 0.31 0.22 0.46
0.32 0.22 0.37 0.22 0.18 0.01
0.37 0.27 0.03 0.02 0.04 0.12
0.03 0.04 0.07 0.18 0.26 0.70
0.04 0.32 0.63 0.03 0.06 0.03
0.13 0.03 0.40 0.06 0.43 0.15
0.11 0.91 0.19 0.05 0.25 0.31
0.13 0.01 0.77 0.30 0.20 0.04
0.02 0.42 0.46 0.46 0.36 0.37
0.29 0.24 0.01 0.14 0.71 0.21
0.09 0.47 0.37 0.35 0.03 0.13
0.03 0.50 0.43 0.50 0.02 0.33
0.11 0.04 0.24 0.27 0.13 0.16
0.15 0.48 0.04 0.12 0.20 0.09
0.78 0.61 0.01 0.48 0.85 0.06
0.30 0.17 0.01 0.43 0.43 0.28
0.23 0.27 0.01 0.28 0.33 0.05
0.16 0.46 0.43 0.04 0.40 0.09
0.04 0.27 0.10 0.06 0.50 0.04
0.07 0.46 0.45 0.25 0.48 0.06
0.73 0.02 0.47 0.86 0.50 0.11
0.15 0.32 0.43 0.24 0.08 0.16
0.02 0.20 0.42 0.19 0.78 0.36
0.03 0.46 0.79 0.32 0.20 0.13
0.33 0.23 0.06 0.02 0.11 0.02
0.15 0.07 0.19 0.06 0.46 0.18
0.08 0.39 0.37 0.36 0.06 0.12
0.19 0.21 0.58 0.56 0.09 0.01
0.15 0.07 0.26 0.02 0.06 0.39
0.10 0.02 0.06 0.26 0.22 0.07
0.01 0.72 0.24 0.69 0.04 0.83
0.70 0.03 0.39 0.03 0.13 0.67
0.06 0.29 0.20 0.10 0.17 0.33
0.01 0.77 0.38 0.20 0.42 0.46
0.09 0.43 0.93 0.58 0.46 0.01
0.03 0.13 0.98 0.04 0.13 0.43
0.99 0.28 0.03 0.01 0.48 0.31
0.40 0.30 0.02 0.10 0.30 0.41
0.39 0.15 0.05 0.86 0.11 0.10
0.13 0.22 0.78 0.12 0.15 0.04
0.23 0.37 0.35 0.47 0.18 0.01
0.18 0.26 0.18 0.03 0.22 0.09
0.32 0.22 0.14 0.12 0.46 0.09
0.16 0.11 0.02 0.04 0.20 0.66
0.01 0.28 0.25 0.26 0.39 0.21
0.16 0.12 0.19 0.13 0.27 0.06
0.02 0.13 0.06 0.36 0.29 0.04
0.16 0.50 0.06 0.14 0.12 0.15
0.42 0.24 0.02 0.06 0.05 0.17
0.39 0.41 0.01 0.12 0.76 0.60
