250 6
0.64 0.01 0.59 0.30 0.67 0.65
0.75 0.80 0.35 0.01 0.64 0.14
0.29 0.20 0.53 0.29 0.14 0.49
0.45 0.42 0.03 0.49 0.48 0.37
0.01 0.23 0.20 0.17 0.23 0.28
0.37 0.67 0.21 0.79 0.09 0.49
0.31 0.24 0.04 0.30 0.38 0.47
0.07 0.06 0.29 0.17 0.50 0.11
0.01 0.02 0.93 0.40 0.34 0.25
0.47 0.12 0.45 0.42 0.23 0.44
0.50 0.34 0.11 0.43 0.31 0.09
0.06 0.96 0.40 0.28 0.01 0.23
0.09 0.49 0.02 0.85 0.12 0.76
0.45 0.03 0.34 0.03 0.36 0.05
0.38 0.18 0.11 0.24 0.34 0.18
0.86 0.39 0.45 0.12 0.85 0.03
0.03 0.14 0.47 0.91 0.65 0.50
0.88 0.99 0.39 0.90 0.15 0.27
0.08 0.86 0.37 0.36 0.31 0.01
0.37 0.05 0.08 0.22 0.42 0.43
0.81 0.31 0.41 0.20 0.20 0.13
0.01 0.10 0.29 0.86 0.08 0.79
0.23 0.40 0.99 0.14 0.28 0.70
0.28 0.27 0.49 0.46 0.09 0.21
0.30 0.15 0.19 0.02 0.20 0.13
0.24 0.48 0.03 0.06 0.19 0.35
0.47 0.23 0.23 0.35 0.06 0.42
0.05 0.45 0.01 0.34 0.17 0.56
0.10 0.04 0.48 0.06 0.32 0.47
0.87 0.38 0.20 0.28 0.20 0.06
0.45 0.40 0.17 0.47 0.32 0.31
0.19 0.46 0.31 0.03 0.53 0.29
0.36 0.22 0.48 0.01 0.23 0.27
0.11 0.35 0.20 0.02 0.58 0.74
0.44 0.05 0.28 0.06 0.41 0.20
0.18 0.12 0.11 0.24 0.46 0.49
0.77 0.44 0.40 0.40 0.04 0.19
0.43 0.72 0.15 0.47 0.15 0.50
0.15 0.32 0.30 0.23 0.13 0.02
0.04 0.50 0.79 0.01 0.50 0.11
0.37 0.31 0.16 0.28 0.16 0.09
0.34 0.38 0.21 0.29 0.22 0.09
0.11 0.41 0.16 0.23 0.13 0.38
0.32 0.40 0.44 0.33 0.04 0.22
0.45 0.27 0.45 0.47 0.13 0.03
0.68 0.22 0.03 0.28 0.22 0.20
0.19 0.60 0.19 0.11 0.14 0.11
0.11 0.04 0.38 0.30 0.40 0.81
0.44 0.02 0.43 0.20 0.31 0.74
0.14 0.49 0.21 0.03 0.45 0.39
0.14 0.08 0.07 0.49 0.31 0.48
0.37 0.22 0.92 0.75 0.03 0.70
0.06 0.44 0.10 0.40 0.46 0.77
0.38 0.08 0.22 0.33 0.13 0.10
0.13 0.13 0.45 0.14 0.26 0.28
0.49 0.12 0.48 0.11 0.07 0.11
0.10 0.37 0.24 0.32 0.41 0.11
0.07 0.48 0.45 0.11 0.30 0.48
0.40 0.37 0.19 0.32 0.23 0.01
0.03 0.03 0.48 0.25 0.31 0.14
0.47 0.44 0.06 0.21 0.24 0.30
0.14 0.19 0.08 0.50 0.24 0.43
0.32 0.44 0.07 0.05 0.90 0.22
0.19 0.24 0.85 0.34 0.06 0.19
0.20 0.09 0.24 0.03 0.35 0.99
0.08 0.18 0.38 0.01 0.30 0.47
0.19 0.18 0.05 0.41 0.12 0.46
0.45 0.98 0.14 0.32 0.37 0.01
0.32 0.13 0.23 0.10 0.23 0.13
0.32 0.29 0.48 0.08 0.14 0.10
0.31 0.13 0.09 0.35 0.35 0.15
0.19 0.38 0.50 0.14 0.04 0.29
0.25 0.23 0.33 0.19 0.10 0.17
0.05 0.11 0.45 0.10 0.35 0.40
0.24 0.05 0.95 0.47 0.03 0.17
0.45 0.50 0.19 0.20 0.15 0.36
0.47 0.10 0.15 0.13 0.08 0.30
0.14 0.35 0.26 0.01 0.21 0.03
0.27 0.22 0.02 0.42 0.11 0.44
0.38 0.15 0.21 0.37 0.49 0.08
0.39 0.08 0.99 0.20 0.44 0.06
0.70 0.45 0.14 0.49 0.13 0.05
0.02 0.15 0.47 0.13 0.17 0.17
0.38 0.46 0.29 0.27 0.04 0.20
0.55 0.02 0.14 0.47 0.03 0.15
0.20 0.47 0.26 0.70 0.20 0.13
0.26 0.44 0.03 0.24 0.15 0.43
0.03 0.58 0.11 0.20 0.12 0.31
0.09 0.20 0.27 0.04 0.03 0.34
0.21 0.41 0.02 0.28 0.49 0.25
0.97 0.33 0.22 0.05 0.09 0.18
0.41 0.12 0.02 0.74 0.11 0.46
0.06 0.86 0.05 0.27 0.22 0.49
0.25 0.49 0.34 0.17 0.02 0.47
0.46 0.49 0.08 0.17 0.20 0.13
0.23 0.23 0.05 0.41 0.07 0.41
0.07 0.36 0.42 0.07 0.39 0.06
0.38 0.06 0.95 0.23 0.29 0.22
0.08 0.47 0.35 0.08 0.25 0.12
0.01 0.12 0.12 0.39 0.34 0.33
0.22 0.05 0.34 0.50 0.42 0.85
0.25 0.27 0.19 0.29 0.98 0.25
0.78 0.01 0.30 0.22 0.96 0.07
0.11 0.34 0.46 0.03 0.32 0.23
0.33 0.25 0.34 0.23 0.02 0.32
0.03 0.10 0.13 0.43 0.18 0.07
0.45 0.07 0.25 0.26 0.50 0.04
0.01 0.30 0.47 0.42 0.36 0.08
0.07 0.46 0.35 0.50 0.13 0.28
0.39 0.24 0.46 0.40 0.03 0.24
0.44 0.12 0.31 0.26 0.07 0.10
0.38 0.19 0.46 0.16 0.19 0.13
0.32 0.50 0.02 0.35 0.19 0.30
0.02 0.44 0.19 0.25 0.47 0.32
0.23 0.28 0.74 0.85 0.03 0.17
0.47 0.46 0.11 0.06 0.03 0.21
0.06 0.10 0.27 0.33 0.21 0.39
0.43 0.23 0.14 0.15 0.90 0.11
0.50 0.38 0.13 0.26 0.06 0.12
0.03 0.85 0.79 0.25 0.01 0.10
0.66 0.25 0.01 0.39 0.29 0.08
0.17 0.43 0.24 0.18 0.04 0.44
0.47 0.41 0.04 0.28 0.50 0.12
0.06 0.20 0.47 0.47 0.48 0.03
0.83 0.23 0.08 0.01 0.04 0.26
0.21 0.39 0.10 0.07 0.35 0.26
0.58 0.37 0.17 0.01 0.88 0.28
0.45 0.15 0.29 0.25 0.30 0.04
0.12 0.04 0.43 0.05 0.80 0.24
0.27 0.20 0.02 0.15 0.11 0.57
0.02 0.28 0.09 0.36 0.10 0.98
0.09 0.16 0.75 0.03 0.10 0.45
0.29 0.28 0.16 0.33 0.17 0.07
0.07 0.13 0.43 0.29 0.39 0.28
0.16 0.18 0.37 0.36 0.31 0.25
0.29 0.29 0.16 0.02 0.49 0.18
0.36 0.20 0.02 0.30 0.13 0.31
0.49 0.50 0.10 0.03 0.15 0.48
0.21 0.36 0.21 0.02 0.47 0.01
0.12 0.18 0.39 0.17 0.19 0.16
0.26 0.34 0.26 0.14 0.43 0.16
0.29 0.87 0.27 0.11 0.07 0.12
0.01 0.04 0.46 0.26 0.09 0.31
0.20 0.36 0.24 0.08 0.50 0.15
0.40 0.12 0.28 0.13 0.32 0.08
0.15 0.36 0.14 0.30 0.97 0.39
0.19 0.01 0.34 0.26 0.40 0.60
0.38 0.01 0.42 0.32 0.20 0.01
0.10 0.03 0.22 0.28 0.39 0.32
0.09 0.19 0.05 0.50 0.10 0.46
0.30 0.36 0.13 0.42 0.49 0.17
0.10 0.33 0.39 0.03 0.15 0.48
0.02 0.23 0.26 0.09 0.78 0.03
0.22 0.50 0.03 0.25 0.29 0.17
0.37 0.15 0.02 0.08 0.19 0.29
0.24 0.05 0.46 0.14 0.36 0.17
0.45 0.21 0.09 0.34 0.29 0.19
0.29 0.33 0.68 0.10 0.23 0.31
0.21 0.35 0.03 0.27 0.11 0.42
0.04 0.41 0.38 0.13 0.07 0.80
0.07 0.33 0.52 0.88 0.04 0.21
0.13 0.31 0.33 0.06 0.47 0.04
0.35 0.30 0.37 0.02 0.09 0.43
0.03 0.01 0.67 0.38 0.32 0.33
0.39 0.27 0.45 0.15 0.11 0.23
0.12 0.34 0.16 0.03 0.42 0.48
0.01 0.01 0.42 0.34 0.19 0.53
0.13 0.47 0.06 0.43 0.04 0.01
0.04 0.16 0.73 0.25 0.06 0.46
0.23 0.97 0.15 0.03 0.12 0.22
0.04 0.08 0.34 0.30 0.47 0.44
0.35 0.34 0.21 0.08 0.10 0.56
0.24 0.07 0.25 0.22 0.72 0.39
0.39 0.20 0.25 0.50 0.17 0.08
0.30 0.25 0.06 0.24 0.50 0.23
0.05 0.02 0.27 0.33 0.21 0.34
0.44 0.27 0.22 0.26 0.13 0.06
0.42 0.09 0.44 0.23 0.39 0.44
0.19 0.08 0.10 0.05 0.63 0.36
0.29 0.31 0.25 0.09 0.47 0.41
0.13 0.18 0.02 0.31 0.68 0.57
0.03 0.99 0.43 0.48 0.02 0.25
0.20 0.07 0.13 0.37 0.24 0.24
0.05 0.35 0.01 0.46 0.47 0.87
0.07 0.32 0.33 0.03 0.29 0.46
0.24 0.31 0.85 0.28 0.35 0.03
0.44 0.52 0.28 0.35 0.05 0.11
0.18 0.18 0.05 0.34 0.18 0.15
0.07 0.32 0.79 0.31 0.31 0.10
0.29 0.33 0.15 0.30 0.34 0.03
0.01 0.97 0.10 0.97 0.19 0.35
0.05 0.76 0.59 0.06 0.92 0.97
0.23 0.38 0.22 0.70 0.03 0.12
0.42 0.31 0.23 0.06 0.12 0.21
1.00 0.77 0.01 0.11 0.35 0.87
0.04 0.71 0.20 0.13 0.52 0.58
0.39 0.32 0.45 0.39 0.11 0.03
0.30 0.21 0.24 0.35 0.13 0.07
0.37 0.07 0.63 0.50 0.33 0.11
0.01 0.05 0.30 0.34 0.36 0.32
0.18 0.14 0.18 0.20 0.04 0.99
0.25 0.47 0.33 0.09 0.04 0.33
0.68 0.28 0.07 0.26 0.40 0.03
0.36 0.38 0.25 0.05 0.04 0.25
0.01 0.02 0.18 0.06 0.47 0.02
0.10 0.30 0.11 0.31 0.47 0.35
0.19 0.46 0.10 0.07 0.39 0.28
0.01 0.59 0.15 0.06 0.55 0.83
0.04 0.35 0.32 0.14 0.30 0.25
0.33 0.26 0.15 0.15 0.50 0.34
0.92 0.12 0.05 0.41 0.50 0.25
0.22 0.13 0.16 0.35 0.16 0.18
0.61 0.01 0.16 0.03 0.04 0.30
0.36 0.41 0.06 0.14 0.43 0.33
0.12 0.05 0.38 0.15 0.11 0.12
0.37 0.19 0.28 0.02 0.15 0.46
0.02 0.35 0.35 0.45 0.33 0.15
0.31 0.01 0.28 0.16 0.08 0.34
0.39 0.37 0.02 0.01 0.20 0.15
0.54 0.94 0.74 0.20 0.02 0.30
0.17 0.20 0.22 0.57 0.15 0.21
0.50 0.15 0.10 0.47 0.35 0.13
0.20 0.24 0.36 0.10 0.13 0.29
0.43 0.26 0.27 0.23 0.17 0.01
0.96 0.03 0.08 0.41 0.39 0.39
0.05 0.32 0.47 0.23 0.10 0.45
0.24 0.28 0.03 0.23 0.12 0.50
0.63 0.81 0.56 0.07 0.01 0.88
0.22 0.03 0.07 0.12 0.32 0.23
0.08 0.45 0.03 0.06 0.46 0.07
0.31 0.03 0.85 0.14 0.29 0.03
0.49 0.38 0.33 0.21 0.02 0.98
0.26 0.88 0.02 0.29 0.45 0.22
0.12 0.47 0.07 0.04 0.18 0.36
0.46 0.23 0.05 0.45 0.38 0.14
0.07 0.99 0.19 0.22 0.18 0.23
0.08 0.43 0.11 0.33 0.27 0.10
0.19 0.31 0.33 0.02 0.07 0.23
0.12 0.06 0.06 0.13 0.36 0.22
0.39 0.32 0.03 0.05 0.24 0.02
0.56 0.32 0.14 0.48 0.66 0.01
0.30 0.03 0.14 0.25 0.05 0.49
0.23 0.06 0.07 0.42 0.06 0.08
0.13 0.05 0.16 0.25 0.23 0.25
0.06 0.07 0.08 0.92 0.71 0.77
0.11 0.85 0.04 0.15 0.25 0.34
0.27 0.20 0.32 0.03 0.35 0.23
0.35 0.04 0.38 0.08 0.02 0.33
0.07 0.28 0.22 0.22 0.28 0.12
0.35 0.20 0.25 0.27 0.44 0.05
