250 6
0.64 0.71 0.08 0.73 0.47 0.99
0.67 0.66 0.51 0.31 0.90 0.36
0.25 0.34 0.28 0.19 0.24 0.32
0.44 0.23 0.08 0.21 0.11 0.44
0.38 0.19 0.23 0.15 0.18 0.63
0.02 0.35 0.16 0.20 0.50 0.15
0.18 0.36 0.08 0.16 0.45 0.42
0.76 0.02 0.24 0.32 0.17 0.80
0.22 0.18 0.03 0.30 0.16 0.25
0.34 0.92 0.27 0.49 0.04 0.12
0.17 0.11 0.24 0.25 0.42 0.03
0.16 0.87 0.21 0.34 0.05 0.31
0.47 0.41 0.34 0.17 0.38 0.28
0.21 0.17 0.39 0.12 0.32 0.10
0.76 0.26 0.31 0.23 0.28 0.40
0.09 0.40 0.25 0.32 0.41 0.56
0.02 0.38 0.77 0.16 0.19 0.04
0.44 0.30 0.31 0.21 0.29 0.42
0.25 0.11 0.77 0.13 0.36 0.23
0.22 0.37 0.05 0.08 0.47 0.09
0.15 0.34 0.25 0.46 0.05 0.48
0.36 0.28 0.65 0.07 0.22 0.30
0.65 0.10 0.27 0.01 0.05 0.12
0.02 0.10 0.26 1.00 0.34 0.36
0.54 0.21 0.31 0.22 0.43 0.34
0.27 0.04 0.21 0.45 0.34 0.50
0.06 0.11 0.38 0.40 0.36 0.46
0.10 0.17 0.46 0.13 0.27 0.03
0.23 0.31 0.34 0.09 0.28 0.05
0.09 0.48 0.11 0.40 0.17 0.26
0.08 0.05 0.37 0.33 0.26 0.34
0.26 0.13 0.07 0.35 0.13 0.36
0.33 0.15 0.14 0.85 0.34 0.28
0.01 0.37 0.36 0.04 0.45 0.17
0.03 0.39 0.44 0.38 0.86 0.04
0.49 0.37 0.08 0.13 0.34 0.20
0.06 0.42 0.20 0.17 0.18 0.12
0.17 0.13 0.50 0.46 0.40 0.29
0.09 0.06 0.12 0.12 0.27 0.35
0.39 0.21 0.41 0.06 0.01 0.37
0.24 0.19 0.15 0.24 0.16 0.36
0.34 0.35 0.23 0.04 0.81 0.33
0.45 0.04 0.11 0.41 0.26 0.27
0.36 0.46 0.10 0.24 0.05 0.21
0.35 0.17 0.21 0.19 0.15 0.32
0.08 0.09 0.18 0.66 0.38 0.50
0.01 0.36 0.48 0.39 0.28 0.50
0.21 0.90 0.07 0.47 0.16 0.01
0.05 0.03 0.04 0.45 0.38 0.24
0.21 0.01 0.38 0.33 0.14 0.25
0.14 0.49 0.18 0.11 0.17 0.47
0.21 0.20 0.01 0.59 0.42 0.44
0.35 0.67 0.32 0.11 0.30 0.08
0.08 0.34 0.39 0.09 0.06 0.09
0.31 0.10 0.34 0.23 0.20 0.26
0.16 0.86 0.97 0.69 0.05 0.24
0.23 0.38 0.32 0.47 0.20 0.19
0.01 0.97 0.12 0.49 0.49 0.33
0.20 0.31 0.26 0.35 0.41 0.17
0.72 0.13 0.87 0.16 0.02 0.01
0.30 0.12 0.92 0.29 0.05 0.85
0.03 0.38 0.08 0.61 0.43 0.32
0.12 0.38 0.42 0.01 0.35 0.20
0.25 0.28 0.24 0.47 0.15 0.05
0.19 0.23 0.02 0.69 0.44 0.26
0.12 0.33 0.75 0.20 0.12 0.13
0.08 0.33 0.16 0.39 0.11 0.27
0.12 0.34 0.29 0.43 0.05 0.20
0.25 0.77 0.06 0.75 0.05 0.24
0.33 0.12 0.21 0.92 0.09 0.38
0.43 0.06 0.47 0.48 0.25 0.03
0.10 0.43 0.37 0.18 0.39 0.09
0.43 0.50 0.09 0.19 0.12 0.83
0.07 0.21 0.19 0.90 0.17 0.22
0.13 0.45 0.42 0.28 0.19 0.05
0.46 0.21 0.27 0.02 0.39 0.32
0.20 0.16 0.28 0.17 0.29 0.31
0.11 0.08 0.35 0.38 0.07 0.02
0.45 0.07 0.03 0.96 0.05 0.02
0.16 0.28 0.45 0.40 0.05 0.09
0.03 0.02 0.31 0.37 0.26 0.22
0.38 0.05 0.74 0.25 0.04 0.17
0.43 0.46 0.33 0.13 0.43 0.06
0.41 0.33 0.33 0.38 0.29 0.18
0.18 0.13 0.45 0.01 0.16 0.45
0.17 0.45 0.29 0.38 0.04 0.34
0.03 0.02 0.28 0.19 0.31 0.24
0.37 0.27 0.14 0.01 0.35 0.41
0.49 0.37 0.01 0.19 0.03 0.07
0.65 0.49 0.09 0.04 0.31 0.39
0.29 0.10 0.70 0.12 0.27 0.22
0.44 0.31 0.12 0.61 0.24 0.06
0.19 0.31 0.30 0.22 0.41 0.16
0.21 0.28 0.15 0.24 0.23 0.16
0.06 0.01 0.17 0.23 0.36 0.25
0.06 0.50 0.47 0.26 0.09 0.28
0.50 0.15 0.29 0.23 0.47 0.23
0.21 0.48 0.13 0.48 0.25 0.01
0.31 0.48 0.46 0.08 0.08 0.15
0.01 0.10 0.38 0.32 0.44 0.04
0.41 0.21 0.38 0.01 0.68 0.19
0.24 0.07 0.65 0.03 0.19 0.19
0.23 0.38 0.01 0.14 0.31 0.20
0.38 0.06 0.34 0.41 0.21 0.26
0.40 0.04 0.13 0.24 0.59 0.07
0.01 0.19 0.45 0.49 0.08 0.49
0.19 0.45 0.20 0.16 0.31 0.06
0.14 0.47 0.06 0.22 0.68 0.18
0.74 0.15 0.15 0.46 0.24 0.20
0.01 0.49 0.20 0.55 0.24 0.03
0.14 0.47 0.13 0.36 0.23 0.26
0.05 0.42 0.41 0.06 0.06 0.22
0.01 0.96 0.39 0.50 0.03 0.17
0.49 0.15 0.12 0.35 0.22 0.09
0.02 0.25 0.40 0.19 0.33 0.97
0.16 0.20 0.08 0.39 0.42 0.12
0.43 0.12 0.08 0.34 0.04 0.38
0.01 0.20 0.37 0.99 0.10 0.24
0.19 0.26 0.34 0.05 0.08 0.16
0.48 0.08 0.19 0.02 0.32 0.42
0.37 0.20 0.29 0.49 0.05 0.26
0.09 0.05 0.07 0.29 0.30 0.10
0.40 0.21 0.22 0.18 0.33 0.31
0.15 0.41 0.06 0.86 0.11 0.36
0.49 0.02 0.64 0.09 0.90 0.20
0.20 0.45 0.13 0.07 0.07 0.35
0.91 0.32 0.11 0.09 0.19 0.42
0.14 0.12 0.41 0.31 0.04 0.16
0.33 0.04 0.34 0.02 0.16 0.07
0.91 0.02 0.60 0.71 0.05 0.52
0.45 0.43 0.20 0.09 0.55 0.01
0.89 0.06 0.12 0.14 0.16 0.92
0.47 0.15 0.08 0.19 0.05 0.17
0.06 0.15 0.09 0.18 0.35 0.39
0.31 0.10 0.02 0.22 0.28 0.06
0.04 0.05 0.24 0.41 0.52 0.15
0.20 0.14 0.03 0.40 0.11 0.22
0.38 0.16 0.35 0.25 0.08 0.10
0.59 0.33 0.28 0.20 0.45 0.11
0.27 0.14 0.12 0.47 0.03 0.36
0.12 0.29 0.33 0.12 0.25 0.36
0.21 0.16 0.04 0.26 0.17 0.42
0.03 0.01 0.23 0.50 0.44 0.72
0.46 0.46 0.33 0.08 0.01 0.23
0.13 0.32 0.05 0.21 0.29 0.18
0.03 0.30 0.19 0.76 0.02 0.02
0.47 0.42 0.22 0.10 0.26 0.12
0.41 0.29 0.05 0.33 0.12 0.48
0.33 0.04 0.23 0.16 0.32 0.13
0.44 0.17 0.17 0.29 0.01 0.18
0.21 0.83 0.76 0.74 0.03 0.94
0.47 0.18 0.29 0.03 0.44 0.46
0.47 0.02 0.52 0.33 0.18 0.04
0.74 0.12 0.19 0.02 0.47 0.01
0.38 0.19 0.25 0.30 0.14 0.21
0.15 0.33 0.06 0.44 0.24 0.05
0.40 0.45 0.10 0.23 0.20 0.23
0.08 0.83 0.32 0.47 0.03 0.85
0.14 0.23 0.20 0.05 0.05 0.45
0.25 0.39 0.77 0.16 0.04 0.17
0.41 0.30 0.32 0.28 0.06 0.11
0.11 0.73 0.27 0.16 0.44 0.02
0.03 0.30 0.26 0.45 0.21 0.13
0.22 0.15 0.10 0.38 0.23 0.77
0.45 0.43 0.23 0.06 0.20 0.27
0.58 0.14 0.30 0.33 0.15 0.31
0.34 0.14 0.20 0.09 0.51 0.52
0.17 0.04 0.02 0.01 0.37 0.02
0.20 0.29 0.23 0.53 0.24 0.21
0.02 0.45 0.23 0.37 0.41 0.28
0.34 0.24 0.07 0.04 0.31 0.37
0.49 0.74 0.30 0.71 0.20 0.04
0.07 0.39 0.14 0.32 0.11 0.26
0.25 0.39 0.01 0.02 0.50 0.49
0.30 0.04 0.24 0.37 0.33 0.03
0.19 0.46 0.25 0.07 0.03 0.24
0.32 0.32 0.44 0.41 0.02 0.27
0.25 0.03 0.46 0.01 0.24 0.24
0.02 0.18 0.40 0.49 0.15 0.76
0.36 0.31 0.32 0.18 0.10 0.44
0.14 0.42 0.13 0.17 0.68 0.20
0.25 0.36 0.22 0.48 0.10 0.37
0.07 0.16 0.16 0.14 0.25 0.47
0.17 0.28 0.54 0.34 0.02 0.22
0.41 0.07 0.17 0.94 0.02 0.69
0.07 0.23 0.22 0.93 0.25 0.18
0.17 0.23 0.11 0.28 0.26 0.42
0.11 0.10 0.39 0.34 0.08 0.49
0.43 0.38 0.11 0.14 0.20 0.16
0.02 0.25 0.77 0.35 0.11 0.21
0.10 0.14 0.11 0.21 0.01 0.17
0.09 0.17 0.31 0.34 0.07 0.14
0.43 0.01 0.28 0.13 0.19 0.01
0.12 0.88 0.27 0.02 0.03 0.04
0.04 0.50 0.33 0.17 0.37 0.80
0.45 0.41 0.41 0.49 0.03 0.05
0.02 0.06 0.35 0.10 0.04 0.12
0.34 0.01 0.42 0.50 0.27 0.20
0.01 0.11 0.24 0.41 0.17 0.08
0.03 0.13 0.34 0.14 0.04 0.94
0.01 0.25 0.27 0.22 0.10 0.91
0.29 0.43 0.10 0.40 0.14 0.14
0.34 0.03 0.02 0.32 0.43 0.03
0.15 0.31 0.36 0.09 0.02 0.01
0.17 0.01 0.34 0.08 0.41 0.09
0.12 0.94 0.15 0.05 0.23 0.04
0.29 0.52 0.01 0.26 0.06 0.42
0.49 0.05 0.09 0.39 0.08 0.44
0.39 0.30 0.15 0.02 0.21 0.74
0.04 0.27 0.29 0.29 0.06 0.40
0.44 0.42 0.29 0.11 0.14 0.29
0.10 0.17 0.01 0.13 0.59 0.50
0.81 0.06 0.14 0.21 0.10 0.28
0.04 0.40 0.14 0.49 0.12 0.45
0.05 0.28 0.25 0.40 0.14 0.27
0.08 0.11 0.14 0.10 0.35 0.04
0.13 0.15 0.20 0.09 0.43 0.33
0.01 0.24 0.61 0.03 0.34 0.89
0.27 0.51 0.01 0.04 0.09 0.13
0.19 0.10 0.15 0.91 0.15 0.30
0.12 0.98 0.09 0.02 0.22 0.35
0.06 0.04 0.04 0.53 0.44 0.02
0.24 0.15 0.63 0.05 0.07 0.19
0.10 0.35 0.10 0.03 0.28 0.29
0.03 0.19 0.26 0.21 0.01 0.44
0.01 0.18 0.28 0.15 0.42 0.28
0.04 0.45 0.29 0.20 0.24 0.22
0.31 0.32 0.29 0.01 0.10 0.31
0.12 0.05 0.05 0.11 0.21 0.31
0.05 0.62 0.56 0.67 0.15 0.09
0.17 0.26 0.17 0.16 0.13 0.09
0.37 0.20 0.30 0.14 0.26 0.21
0.13 0.04 0.17 0.41 0.15 0.90
0.14 0.15 0.23 0.06 0.28 0.17
0.44 0.02 0.18 0.75 0.07 0.24
0.13 0.19 0.30 0.50 0.36 0.03
0.44 0.12 0.10 0.34 0.05 0.31
0.63 0.71 0.73 0.01 0.05 0.45
0.17 0.13 0.31 0.42 0.03 0.32
0.27 0.14 0.01 0.18 0.08 0.39
0.33 0.23 0.21 0.04 0.31 0.21
0.21 0.21 0.30 0.04 0.15 0.05
0.90 0.06 0.41 0.81 0.10 0.11
0.02 0.09 0.24 0.29 0.05 0.38
0.26 0.09 0.35 0.06 0.35 0.46
0.21 0.01 0.86 0.01 0.64 0.27
0.07 0.48 0.06 0.41 0.41 0.36
0.14 0.01 0.25 0.40 0.34 0.16
0.04 0.89 0.23 0.22 0.37 0.10
0.08 0.70 0.12 0.16 0.25 0.01
