250 6
0.11 0.70 0.37 0.11 0.04 0.75
0.54 0.69 0.61 0.43 0.53 0.69
0.73 0.51 0.81 0.55 0.55 0.86
0.90 0.82 0.65 0.09 0.74 0.64
0.66 0.70 0.99 0.60 0.96 0.67
0.79 0.71 0.83 0.87 0.52 0.37
0.96 0.58 0.71 0.60 0.80 0.67
0.83 0.54 0.65 0.83 0.70 0.74
0.95 0.96 0.87 0.66 0.53 0.59
0.69 0.65 0.57 0.95 0.69 0.85
0.61 0.64 0.62 0.91 0.52 0.97
0.95 0.56 0.77 0.57 0.57 0.05
0.74 1.00 0.81 0.85 0.72 0.56
0.74 0.13 0.51 0.67 0.67 0.89
0.86 0.67 0.95 0.67 0.95 0.79
0.69 0.39 0.61 0.67 0.57 0.52
0.91 0.27 0.92 0.53 0.97 0.70
0.79 0.59 0.75 0.59 0.81 0.59
0.59 0.96 0.94 0.78 0.06 0.65
0.70 0.74 0.03 0.63 0.69 0.52
0.74 0.56 0.85 0.55 0.85 0.83
0.31 0.87 0.26 0.82 0.73 0.90
0.80 0.56 0.53 0.91 0.71 0.73
0.90 0.64 0.72 0.83 0.59 0.51
0.73 0.54 0.87 0.83 0.55 0.79
0.84 0.04 0.85 0.84 0.62 0.98
0.63 0.60 0.63 0.64 0.52 0.62
0.84 0.62 0.56 0.57 0.43 0.94
0.69 0.98 0.53 0.54 0.95 0.62
0.90 0.68 0.99 0.42 0.66 0.86
0.94 0.69 0.57 0.74 0.80 0.84
0.61 0.68 0.94 0.78 0.96 0.91
0.99 0.33 0.63 0.89 0.81 0.08
0.84 0.94 0.96 0.10 0.71 0.84
0.52 0.60 0.63 0.65 0.67 0.75
0.65 0.81 0.55 0.76 0.90 0.51
0.77 0.62 0.81 0.98 0.97 0.16
0.52 0.92 0.62 0.88 0.86 0.42
0.77 0.26 0.72 0.61 0.62 0.69
0.61 0.60 0.96 0.96 0.60 0.63
0.83 0.58 0.77 0.81 0.72 0.06
0.53 1.00 0.85 0.64 0.91 0.72
0.82 0.67 0.86 0.66 0.82 0.55
0.81 0.59 0.83 0.52 0.70 0.65
0.25 0.78 0.57 0.05 0.52 0.76
0.54 0.58 0.80 0.98 0.18 0.60
0.83 0.56 0.96 0.54 0.86 0.76
0.58 0.55 0.89 0.78 0.98 0.65
0.93 0.51 0.70 0.59 0.93 0.54
0.81 0.96 0.89 0.60 0.25 0.53
0.67 0.64 0.96 0.58 0.92 0.97
0.79 0.56 0.61 0.56 0.80 0.62
0.80 0.73 0.55 1.00 0.93 0.66
0.51 0.94 0.67 0.82 0.78 0.13
0.57 0.80 0.62 0.81 0.85 0.67
0.85 0.59 0.52 0.54 0.66 0.95
0.85 0.52 0.06 0.70 0.17 0.75
0.88 0.85 0.80 0.81 0.26 0.73
0.66 0.74 0.34 0.72 0.96 0.87
0.12 0.96 0.84 0.86 0.87 0.69
0.78 0.86 0.87 0.10 0.88 0.65
0.56 0.98 0.74 0.83 0.32 0.74
0.96 0.70 0.73 0.71 0.71 0.51
0.57 0.02 0.77 0.75 0.54 0.96
0.51 0.66 0.95 0.70 0.57 0.54
0.81 0.82 0.53 0.63 0.52 0.71
0.69 0.58 0.20 0.72 0.85 0.51
0.83 0.58 0.90 0.51 0.90 0.53
0.88 0.64 0.59 0.57 0.58 0.74
0.67 0.93 0.54 0.85 0.74 0.58
0.65 0.57 0.66 0.72 0.53 0.55
0.66 0.57 0.61 0.67 0.71 0.97
0.53 0.88 0.84 0.54 0.75 0.52
0.49 0.71 0.94 0.94 0.75 0.70
0.86 0.60 0.06 0.61 0.56 0.55
0.93 0.62 0.83 0.54 0.55 0.58
0.99 0.37 0.78 0.57 0.75 0.77
0.53 0.31 0.85 0.67 0.68 0.55
0.68 1.00 0.61 0.72 0.95 0.32
0.57 0.99 1.00 0.86 0.62 0.51
0.15 0.56 0.05 0.16 0.85 0.67
0.55 0.79 0.75 0.62 0.60 0.27
0.53 0.61 0.68 0.54 0.83 0.70
0.53 0.99 0.84 0.07 0.13 0.63
0.64 0.84 0.57 0.90 0.96 0.57
0.54 0.54 0.98 0.97 0.51 0.75
0.67 0.62 0.71 0.55 0.51 0.77
0.49 0.56 0.94 0.59 0.66 0.77
0.86 0.65 1.00 0.13 0.65 0.79
0.66 0.61 0.71 0.60 0.76 0.64
0.77 0.69 0.01 0.99 0.65 0.61
0.53 0.52 0.52 0.84 0.80 0.72
0.68 0.57 0.87 0.78 0.88 0.52
0.64 0.40 0.70 0.68 0.82 0.54
0.58 0.08 0.78 0.65 0.82 0.96
0.73 0.64 0.99 0.59 0.61 0.75
0.27 0.70 0.63 0.90 0.80 0.61
0.53 0.78 0.74 0.72 0.58 0.53
0.59 0.55 0.82 0.90 0.88 0.67
0.62 0.67 0.63 0.90 0.46 0.55
0.63 0.57 0.99 0.71 0.64 0.71
0.83 0.56 0.58 0.99 0.70 0.57
0.41 0.53 0.74 0.95 0.84 0.59
0.70 0.82 0.57 0.89 0.81 0.51
0.55 0.22 0.90 0.77 0.84 0.76
0.66 0.59 0.22 0.97 0.54 0.62
0.57 0.85 0.56 0.67 0.82 0.71
0.67 0.55 0.84 0.88 0.62 0.65
0.77 0.77 0.91 0.58 0.51 0.63
0.53 0.55 0.59 0.54 0.90 0.40
0.80 0.81 0.85 0.54 0.65 0.60
0.82 0.39 0.60 0.91 0.51 0.63
0.74 0.49 0.06 0.59 0.99 0.99
0.82 0.19 0.84 0.97 0.54 0.83
0.74 0.68 0.95 0.89 0.70 0.19
0.55 0.54 1.00 0.57 0.69 0.57
0.51 0.74 0.55 0.59 0.73 0.61
0.56 0.75 0.62 0.73 0.80 0.59
0.51 0.21 0.92 1.00 0.47 0.66
0.95 0.02 0.69 0.91 0.60 0.55
0.72 0.68 0.81 0.11 0.58 0.81
0.82 0.89 0.95 0.90 0.61 0.17
0.55 0.53 0.81 0.69 0.81 0.68
0.55 0.53 0.33 0.61 0.61 0.83
0.75 0.93 0.63 0.55 0.10 0.59
0.59 0.62 0.61 0.52 0.67 0.98
0.82 0.56 0.67 0.33 0.64 0.98
0.42 0.87 0.22 0.64 0.60 0.76
0.01 0.73 0.89 0.58 0.86 0.86
0.04 0.70 0.89 0.89 0.64 0.99
0.86 0.55 0.68 0.64 0.61 0.51
0.73 0.53 0.59 0.78 0.96 0.62
0.78 0.58 0.78 0.76 0.79 0.03
0.63 1.00 0.70 0.54 0.70 0.61
0.57 0.69 1.00 0.70 0.45 0.64
0.88 0.02 0.77 0.55 0.75 0.76
0.93 0.02 0.69 1.00 0.43 0.84
0.81 0.59 0.54 0.79 0.81 0.51
0.90 0.83 0.63 0.55 0.67 0.67
0.56 0.58 0.97 0.58 0.68 0.19
0.44 0.51 0.83 0.45 0.75 0.41
0.77 0.52 0.85 0.27 0.62 0.99
0.49 0.30 1.00 0.57 0.86 0.69
0.60 0.72 0.05 0.58 0.73 0.18
0.74 0.68 0.59 0.60 0.78 0.56
0.34 0.69 0.69 0.79 0.78 0.97
0.69 0.84 0.60 0.71 0.60 0.74
0.67 0.64 0.65 0.56 0.62 0.64
0.84 0.67 0.01 0.87 0.74 0.94
0.65 0.90 0.86 0.54 0.51 0.61
0.62 0.80 0.01 0.70 0.56 0.85
0.59 0.55 0.77 0.56 0.29 0.92
0.62 0.72 0.55 0.82 0.98 0.06
0.76 0.54 0.74 0.62 1.00 0.54
0.51 0.59 0.93 0.90 0.55 0.99
0.64 0.98 0.63 0.59 0.56 0.58
0.53 0.62 0.69 0.75 0.35 0.53
0.58 0.58 0.54 0.92 0.58 0.90
0.95 0.54 0.53 0.77 0.81 0.65
0.72 0.62 0.83 0.53 0.51 0.65
0.82 0.13 0.54 0.88 0.52 0.97
0.56 0.58 0.14 0.83 0.53 0.99
0.59 0.96 0.57 0.80 0.99 0.58
0.85 0.95 0.60 0.10 0.56 0.59
0.07 0.77 0.58 0.51 0.64 0.94
0.64 0.65 0.08 0.89 0.88 0.49
0.84 0.87 1.00 0.74 0.55 0.29
0.55 0.85 0.91 0.66 0.53 0.53
0.82 0.51 0.68 0.60 0.99 0.67
0.73 0.68 0.85 0.67 0.36 0.61
0.73 0.71 0.13 0.75 0.72 0.71
0.87 0.56 0.77 0.55 0.62 0.81
0.61 0.90 0.81 0.72 0.52 0.57
0.77 0.52 0.52 0.71 0.91 0.80
0.53 0.52 0.83 0.80 0.91 0.10
0.64 0.52 0.57 0.91 0.83 0.54
0.51 0.67 0.99 0.79 0.55 0.61
0.73 0.54 0.51 0.82 0.51 0.58
0.17 0.82 0.40 0.60 0.58 0.51
0.52 0.55 0.07 0.80 0.71 0.91
0.61 0.61 0.86 0.85 0.56 0.76
0.96 0.66 0.05 0.95 0.83 0.78
0.76 0.99 0.70 0.54 0.65 0.59
0.09 0.56 0.51 0.84 0.76 0.81
0.61 0.52 0.76 0.83 0.71 0.77
0.61 0.67 0.69 0.61 0.71 0.63
0.70 0.90 0.64 0.52 0.57 0.61
0.88 0.66 0.25 0.83 0.83 0.51
0.75 0.68 0.75 0.74 0.30 0.60
0.51 0.52 0.11 0.78 0.90 0.68
0.78 0.20 0.50 0.73 0.88 0.88
0.11 0.83 0.79 0.52 0.79 0.68
0.56 1.00 0.54 0.46 0.75 0.13
0.66 0.29 0.66 0.87 0.82 0.66
0.53 0.87 0.92 0.62 0.57 0.26
0.62 0.63 0.95 0.71 0.60 0.74
0.30 0.36 0.64 0.65 0.66 0.55
0.76 0.81 0.90 0.11 0.97 0.54
0.88 0.89 0.79 0.51 0.84 0.68
0.75 0.11 0.70 0.98 0.85 0.87
0.53 0.91 0.65 0.56 0.87 0.61
0.62 0.63 0.87 0.36 0.52 0.74
0.95 0.56 0.54 0.55 0.44 0.67
0.21 0.53 0.82 0.96 0.85 0.54
0.99 0.61 0.78 0.94 0.53 0.52
0.57 0.78 0.86 0.67 0.70 0.53
0.96 0.52 0.59 0.96 0.58 0.72
0.49 0.84 1.00 0.66 0.01 0.97
0.91 0.69 0.99 0.55 0.12 0.88
0.62 0.47 0.85 0.74 0.52 0.70
0.96 0.60 0.30 0.81 0.94 0.01
0.62 0.56 0.79 0.97 0.52 0.87
0.75 0.55 0.54 0.74 0.84 0.67
0.93 0.59 0.62 0.38 0.77 0.99
0.11 0.77 0.86 0.72 0.72 0.74
0.75 0.87 0.88 0.71 0.90 0.05
0.70 0.54 0.70 0.60 0.59 0.76
0.98 0.82 0.61 0.74 0.95 0.16
0.89 0.55 0.91 0.77 0.25 0.59
0.79 1.00 0.70 0.84 0.16 0.51
0.55 0.71 0.51 0.97 0.98 0.56
0.57 0.63 0.86 0.71 0.03 0.52
0.12 0.97 0.54 0.56 0.53 0.62
0.64 0.56 0.33 0.93 0.73 0.51
0.93 0.98 0.82 0.59 0.66 0.57
0.80 0.58 0.45 0.65 0.51 0.92
0.51 0.52 0.94 0.79 0.64 0.70
0.60 0.66 0.29 0.66 0.72 0.73
0.26 0.44 0.91 0.87 0.78 0.57
0.89 0.82 0.56 0.74 0.52 0.63
0.96 0.54 0.59 0.76 0.64 0.57
0.61 0.55 0.73 0.60 0.25 0.86
0.74 0.53 0.93 0.89 0.13 0.60
0.76 0.64 0.84 0.78 0.13 0.58
1.00 0.70 0.53 0.61 0.87 0.54
0.85 0.57 0.94 0.63 0.52 0.81
0.64 0.59 0.55 0.96 0.52 0.99
0.43 0.93 0.93 0.92 0.53 0.73
0.56 0.52 0.94 0.35 0.62 0.74
0.60 0.89 0.69 0.53 0.38 0.63
0.81 0.52 0.56 0.76 0.82 0.51
0.60 0.91 0.71 0.56 0.76 0.52
0.64 0.54 0.55 0.77 0.68 0.58
0.78 0.54 0.58 0.51 0.54 0.57
0.94 0.03 0.51 0.45 0.59 0.51
0.83 0.66 0.53 0.91 0.58 0.51
0.56 0.55 0.68 0.93 0.95 0.13
0.65 0.56 0.86 0.13 0.54 0.86
0.77 0.93 0.55 0.80 0.71 0.47
0.51 0.59 0.69 0.92 0.73 0.42
