250 6
0.97 0.33 0.86 0.02 0.93 0.65
0.78 1.00 0.52 0.57 0.74 0.71
0.62 0.80 0.72 0.98 0.91 0.78
0.68 0.88 0.06 0.98 0.58 0.67
0.80 0.66 0.97 0.58 0.92 0.99
0.53 0.78 0.80 0.52 0.89 0.83
0.77 0.58 0.76 0.59 0.33 0.46
0.73 0.90 0.82 0.75 0.91 0.81
0.99 0.93 0.33 0.79 0.98 0.56
0.62 0.53 0.58 0.87 0.63 0.86
0.85 0.65 0.93 0.51 0.79 0.83
0.71 0.60 0.42 0.64 0.96 0.53
0.61 0.62 0.64 0.66 0.91 0.99
0.86 0.86 0.38 0.83 0.84 0.90
0.80 0.70 0.74 0.90 0.76 0.53
0.57 0.52 0.72 0.61 0.80 0.83
0.67 0.78 0.96 0.55 0.91 0.58
0.59 0.95 0.69 0.54 0.58 0.51
0.27 0.80 0.64 0.73 0.80 0.66
0.99 0.90 0.72 0.70 0.60 0.92
0.51 0.71 0.61 0.88 0.16 0.82
0.82 0.61 0.63 0.89 0.84 0.24
0.52 0.92 0.74 0.90 0.67 0.53
0.69 0.53 0.16 0.62 0.70 0.75
0.57 0.75 0.65 0.92 0.99 0.66
0.58 0.54 0.84 0.78 0.58 0.73
0.67 0.92 0.84 0.41 0.68 0.57
0.76 0.62 0.05 0.82 0.69 0.79
0.54 0.55 0.76 0.93 0.67 0.98
0.77 0.01 0.94 0.87 0.60 0.88
0.99 0.71 0.78 0.58 0.67 0.91
0.75 0.55 0.49 0.92 0.59 0.94
0.69 0.57 0.62 0.58 0.59 0.36
0.51 0.89 0.75 0.64 0.52 0.93
0.51 0.74 0.59 0.74 0.72 0.87
0.63 0.58 0.84 0.79 0.58 0.55
0.69 0.95 0.87 0.51 0.85 0.08
0.74 0.25 0.63 0.80 0.69 0.95
0.54 0.92 0.61 0.57 0.60 0.92
0.75 0.92 0.55 0.73 0.94 0.70
0.66 0.90 0.91 0.74 0.64 0.80
0.90 0.95 0.79 0.18 0.18 0.61
0.94 0.97 0.64 0.81 0.52 0.83
0.77 0.56 0.69 0.76 0.19 0.46
0.63 0.73 0.67 0.92 0.70 0.70
0.53 0.61 0.88 0.92 0.51 0.97
0.96 0.61 0.59 0.64 0.67 0.56
0.55 0.59 0.42 0.89 0.74 0.92
0.11 0.62 0.68 0.79 0.75 0.97
0.93 0.71 0.64 0.96 0.54 0.12
0.83 0.86 0.96 0.67 0.26 0.92
0.98 0.52 0.12 0.70 0.60 0.67
0.76 0.93 0.75 0.52 0.66 0.80
0.89 0.82 0.85 0.53 0.76 0.53
0.74 0.70 0.51 0.66 0.93 0.52
0.67 0.57 0.65 0.63 0.96 0.79
0.95 0.88 0.53 0.53 0.82 0.94
0.82 0.53 0.58 0.71 0.70 0.68
0.67 0.88 0.81 0.59 0.74 0.79
0.99 0.66 0.66 0.52 0.33 0.66
0.57 0.94 0.55 0.54 0.69 0.60
0.66 0.93 0.78 0.54 0.75 0.71
0.70 0.52 0.76 0.74 0.78 0.80
0.91 0.77 0.68 0.78 0.54 0.71
0.98 0.90 0.90 0.56 0.71 0.94
1.00 0.57 0.53 0.57 1.00 0.68
0.87 0.41 0.65 0.93 0.78 0.69
0.73 0.97 0.87 0.70 0.57 0.90
0.68 0.53 0.57 0.96 0.96 0.98
0.60 0.84 0.53 0.74 0.96 0.96
0.27 0.61 0.71 0.89 0.53 0.93
0.16 0.62 0.94 0.75 0.52 0.74
0.19 0.68 0.63 0.73 0.85 0.96
0.73 0.60 0.92 0.95 0.53 0.06
0.75 0.59 0.54 0.90 0.94 0.61
0.65 0.09 0.95 0.91 0.58 0.75
0.76 0.97 0.58 0.98 0.87 0.59
0.80 0.52 0.92 0.54 0.86 0.61
0.62 0.75 0.64 0.60 0.87 0.90
0.56 1.00 0.71 0.54 0.82 0.67
0.99 0.13 0.67 0.57 0.90 0.58
0.68 0.64 0.54 0.79 0.98 0.89
0.97 0.53 0.76 0.68 0.59 0.56
0.94 0.69 0.04 0.60 0.86 0.79
0.83 0.68 0.60 0.82 0.58 0.70
0.57 0.62 0.69 0.78 0.68 0.93
0.54 0.75 0.77 0.99 0.49 0.60
0.60 0.90 0.55 0.69 0.60 0.84
0.68 0.78 0.64 0.62 0.85 0.18
0.57 0.99 0.69 0.85 0.04 0.95
0.53 0.71 0.85 0.81 0.85 0.54
0.59 0.75 0.99 0.78 0.97 0.60
0.51 0.70 0.61 0.77 0.25 0.69
0.64 0.66 0.57 0.93 0.84 0.66
0.66 0.85 0.37 0.88 0.93 0.93
0.55 0.47 0.64 0.80 0.96 0.56
0.89 0.85 0.85 0.48 0.75 0.79
0.74 0.52 0.91 0.76 0.54 0.71
0.05 0.64 0.77 0.74 0.74 0.86
0.58 0.91 0.63 0.89 0.06 0.74
0.84 0.52 0.81 0.62 0.68 0.82
0.84 0.96 0.80 0.54 0.51 0.98
0.73 0.79 0.54 0.89 0.66 0.59
0.58 0.64 0.81 0.51 0.71 0.77
0.83 0.92 0.59 0.55 0.77 0.60
0.55 0.95 0.61 0.58 0.88 0.71
0.90 0.83 0.63 0.62 0.52 0.54
0.96 0.68 1.00 0.54 0.81 0.68
0.55 0.82 0.56 0.73 0.92 0.69
0.99 0.53 0.81 0.99 0.54 0.81
0.60 1.00 0.60 0.70 0.56 0.86
0.55 0.63 0.67 0.60 0.58 0.62
0.68 0.86 0.63 0.54 0.95 0.53
0.67 0.77 0.62 0.72 0.83 0.82
0.54 0.92 0.81 0.56 0.51 0.53
0.60 0.81 0.89 1.00 0.64 0.59
0.52 0.66 0.91 0.69 0.52 0.82
0.77 0.67 0.75 0.12 0.63 0.96
0.79 0.51 0.56 0.81 0.61 0.31
0.73 0.93 0.68 0.52 0.28 0.63
0.56 0.61 0.97 0.71 0.97 0.78
0.77 0.66 0.56 0.79 0.56 0.79
0.63 0.67 0.89 1.00 0.73 0.51
0.51 0.68 0.60 0.78 0.84 0.86
0.76 0.68 0.82 0.94 0.56 0.90
0.59 0.55 0.61 0.51 0.66 0.82
0.80 0.52 0.76 0.98 0.55 0.93
0.51 0.95 0.62 0.54 0.89 0.76
0.52 0.80 0.61 0.71 0.62 0.70
0.59 0.58 0.72 0.51 0.71 0.58
0.84 0.79 0.26 1.00 0.58 0.54
0.81 0.54 0.75 0.58 0.91 0.55
0.96 0.66 0.61 0.71 0.70 0.54
0.59 0.93 0.69 0.56 0.82 0.59
0.61 0.81 0.68 0.52 0.89 0.52
0.81 0.76 0.57 0.73 0.91 0.70
0.89 0.64 0.67 0.53 0.62 0.73
0.55 0.62 0.71 0.85 0.90 0.82
0.51 0.56 0.69 0.63 0.64 0.58
0.85 0.91 0.58 0.60 0.58 0.52
0.59 0.69 0.61 0.64 0.64 0.75
0.87 0.66 0.75 0.51 0.54 0.79
0.58 0.53 0.76 0.53 0.85 0.57
0.62 0.52 0.80 0.80 0.55 0.79
0.57 0.78 0.64 0.75 0.84 0.84
0.57 0.87 0.83 0.86 0.15 0.96
0.57 0.57 0.57 0.65 0.55 0.71
0.53 0.87 1.00 0.83 0.63 0.57
0.52 0.96 0.62 0.58 0.61 0.68
0.54 0.94 0.84 0.52 0.68 0.89
0.80 0.78 0.52 0.85 0.63 0.95
0.61 0.76 0.86 0.59 0.56 1.00
0.69 0.64 0.86 0.64 0.57 0.53
0.58 0.68 0.54 0.58 0.93 0.53
0.54 0.82 0.56 0.98 0.89 0.95
0.56 0.51 0.70 0.57 0.71 0.97
0.68 0.67 0.65 0.80 0.79 0.32
0.52 0.51 0.68 0.82 1.00 0.82
0.99 0.86 0.92 0.03 0.68 0.81
0.88 0.88 0.92 0.72 0.64 0.08
0.78 0.89 0.56 0.53 0.66 0.82
0.66 0.83 0.66 0.61 0.89 0.66
0.56 0.72 0.55 0.80 0.72 0.55
0.93 0.91 0.57 0.53 0.81 0.67
0.57 0.51 0.70 0.94 0.72 0.54
0.37 0.81 0.57 0.75 0.98 0.53
0.94 0.76 0.75 0.53 0.64 0.65
0.59 0.95 0.53 0.74 0.75 0.92
0.56 0.72 0.61 0.51 0.90 0.98
0.52 0.53 0.98 0.53 0.82 0.52
0.74 0.59 0.52 0.97 0.77 0.61
0.65 0.51 0.57 0.79 0.84 0.70
0.68 0.99 0.52 0.62 0.92 0.58
1.00 0.57 0.84 0.51 0.62 0.69
0.58 0.78 0.64 0.61 0.52 0.73
0.58 0.68 0.71 0.65 0.76 0.34
0.60 0.88 0.68 0.34 0.41 0.80
0.65 0.34 0.85 0.75 0.98 1.00
0.52 0.55 0.59 0.63 0.56 0.92
0.95 0.96 0.74 0.58 0.62 0.29
0.66 0.92 0.76 0.96 0.54 0.68
0.99 0.84 0.63 0.51 0.89 0.40
0.65 0.54 0.85 0.21 0.61 0.85
0.77 0.79 0.69 0.56 0.98 0.72
0.60 0.54 0.74 0.89 0.52 0.75
0.65 0.61 0.54 0.56 0.90 0.66
0.58 0.65 0.75 0.72 0.53 0.97
0.62 0.01 0.61 0.26 0.76 0.91
0.94 0.59 0.68 0.57 0.56 0.73
0.61 0.27 0.80 0.54 0.98 0.51
0.87 0.88 0.94 0.57 0.84 0.53
0.89 0.66 0.58 0.51 0.86 0.83
0.54 0.96 0.72 0.64 0.64 0.57
0.93 0.15 0.81 0.96 0.72 0.78
0.99 0.62 0.58 0.59 0.92 0.07
0.57 0.33 0.89 0.52 0.61 0.33
0.90 0.26 0.79 0.58 0.67 0.63
0.77 0.74 0.34 0.51 0.95 0.69
0.68 0.65 0.64 0.70 0.60 0.51
0.52 0.64 0.53 0.90 0.27 0.36
0.73 0.63 0.75 0.99 0.52 0.71
0.60 0.64 0.81 0.59 0.63 0.82
0.56 0.71 0.87 0.61 0.53 0.52
0.68 0.69 0.55 0.65 0.62 0.81
0.79 0.53 0.86 0.67 0.95 0.51
0.52 0.93 0.53 0.65 0.63 0.66
0.67 0.61 0.58 0.87 0.79 0.64
0.89 0.56 0.63 0.56 0.86 0.79
0.82 0.83 0.52 0.86 0.67 0.13
0.55 0.64 0.75 0.94 0.90 0.21
0.82 0.53 0.61 0.37 0.51 0.94
0.61 0.53 0.67 0.60 0.80 0.92
0.54 0.20 0.72 0.81 0.52 0.89
0.79 0.80 0.32 0.71 0.65 0.76
0.73 0.63 0.71 0.52 0.53 0.54
0.39 0.53 0.80 0.33 0.61 0.65
0.87 0.48 0.77 0.64 0.97 0.65
0.81 0.65 0.86 0.54 0.06 0.67
0.95 0.95 1.00 0.27 0.95 0.53
0.22 0.57 0.75 0.95 0.58 0.69
0.67 0.13 1.00 0.52 0.53 0.54
0.89 0.87 0.52 0.69 0.62 0.53
0.69 0.83 0.52 0.98 0.93 0.66
0.91 0.60 0.56 0.59 0.99 0.73
0.57 0.79 0.75 0.55 0.10 0.60
0.51 0.56 0.62 0.73 0.82 0.82
0.52 0.78 0.56 0.84 0.61 0.77
1.00 0.66 0.17 0.60 0.51 0.78
0.75 0.34 0.76 0.96 0.65 0.85
0.79 0.92 0.65 0.77 0.55 0.66
0.71 0.99 0.59 0.65 0.62 0.61
0.86 0.63 0.51 0.76 0.81 0.71
0.89 0.52 0.53 0.78 0.79 0.92
0.52 0.51 0.82 0.61 0.52 0.49
0.56 0.90 0.68 0.08 0.71 0.54
0.64 0.64 0.62 0.54 1.00 0.71
0.74 0.75 0.60 0.62 0.55 0.56
0.93 0.68 0.86 0.60 0.31 0.66
0.53 0.99 0.97 0.55 0.56 0.88
0.19 0.99 0.65 0.73 0.56 0.62
0.59 0.53 0.10 0.75 0.63 0.99
0.59 0.68 0.51 0.68 0.67 0.16
0.54 0.31 0.53 0.62 0.66 0.59
0.52 0.76 0.87 0.56 0.66 0.56
0.73 0.57 0.70 0.54 0.81 0.68
0.63 0.61 0.67 0.99 0.54 0.68
0.66 0.67 0.64 0.53 0.59 0.77
0.70 0.63 0.69 0.71 0.14 0.71
0.63 0.87 0.79 0.08 0.62 0.54
0.95 0.57 0.83 0.56 0.71 0.39
