250 6
97 33 86 2 93 65
78 100 52 57 74 71
62 80 72 98 91 78
68 88 6 98 58 67
80 66 97 58 92 99
53 78 80 52 89 83
77 58 76 59 33 46
73 90 82 75 91 81
99 93 33 79 98 56
62 53 58 87 63 86
85 65 93 51 79 83
71 60 42 64 96 53
61 62 64 66 91 99
86 86 38 83 84 90
80 70 74 90 76 53
57 52 72 61 80 83
67 78 96 55 91 58
59 95 69 54 58 51
27 80 64 73 80 66
99 90 72 70 60 92
51 71 61 88 16 82
82 61 63 89 84 24
52 92 74 90 67 53
69 53 16 62 70 75
57 75 65 92 99 66
58 54 84 78 58 73
67 92 84 41 68 57
76 62 5 82 69 79
54 55 76 93 67 98
77 1 94 87 60 88
99 71 78 58 67 91
75 55 49 92 59 94
69 57 62 58 59 36
51 89 75 64 52 93
51 74 59 74 72 87
63 58 84 79 58 55
69 95 87 51 85 8
74 25 63 80 69 95
54 92 61 57 60 92
75 92 55 73 94 70
66 90 91 74 64 80
90 95 79 18 18 61
94 97 64 81 52 83
77 56 69 76 19 46
63 73 67 92 70 70
53 61 88 92 51 97
96 61 59 64 67 56
55 59 42 89 74 92
11 62 68 79 75 97
93 71 64 96 54 12
83 86 96 67 26 92
98 52 12 70 60 67
76 93 75 52 66 80
89 82 85 53 76 53
74 70 51 66 93 52
67 57 65 63 96 79
95 88 53 53 82 94
82 53 58 71 70 68
67 88 81 59 74 79
99 66 66 52 33 66
57 94 55 54 69 60
66 93 78 54 75 71
70 52 76 74 78 80
91 77 68 78 54 71
98 90 90 56 71 94
100 57 53 57 100 68
87 41 65 93 78 69
73 97 87 70 57 90
68 53 57 96 96 98
60 84 53 74 96 96
27 61 71 89 53 93
16 62 94 75 52 74
19 68 63 73 85 96
73 60 92 95 53 6
75 59 54 90 94 61
65 9 95 91 58 75
76 97 58 98 87 59
80 52 92 54 86 61
62 75 64 60 87 90
56 100 71 54 82 67
99 13 67 57 90 58
68 64 54 79 98 89
97 53 76 68 59 56
94 69 4 60 86 79
83 68 60 82 58 70
57 62 69 78 68 93
54 75 77 99 49 60
60 90 55 69 60 84
68 78 64 62 85 18
57 99 69 85 4 95
53 71 85 81 85 54
59 75 99 78 97 60
51 70 61 77 25 69
64 66 57 93 84 66
66 85 37 88 93 93
55 47 64 80 96 56
89 85 85 48 75 79
74 52 91 76 54 71
5 64 77 74 74 86
58 91 63 89 6 74
84 52 81 62 68 82
84 96 80 54 51 98
73 79 54 89 66 59
58 64 81 51 71 77
83 92 59 55 77 60
55 95 61 58 88 71
90 83 63 62 52 54
96 68 100 54 81 68
55 82 56 73 92 69
99 53 81 99 54 81
60 100 60 70 56 86
55 63 67 60 58 62
68 86 63 54 95 53
67 77 62 72 83 82
54 92 81 56 51 53
60 81 89 100 64 59
52 66 91 69 52 82
77 67 75 12 63 96
79 51 56 81 61 31
73 93 68 52 28 63
56 61 97 71 97 78
77 66 56 79 56 79
63 67 89 100 73 51
51 68 60 78 84 86
76 68 82 94 56 90
59 55 61 51 66 82
80 52 76 98 55 93
51 95 62 54 89 76
52 80 61 71 62 70
59 58 72 51 71 58
84 79 26 100 58 54
81 54 75 58 91 55
96 66 61 71 70 54
59 93 69 56 82 59
61 81 68 52 89 52
81 76 57 73 91 70
89 64 67 53 62 73
55 62 71 85 90 82
51 56 69 63 64 58
85 91 58 60 58 52
59 69 61 64 64 75
87 66 75 51 54 79
58 53 76 53 85 57
62 52 80 80 55 79
57 78 64 75 84 84
57 87 83 86 15 96
57 57 57 65 55 71
53 87 100 83 63 57
52 96 62 58 61 68
54 94 84 52 68 89
80 78 52 85 63 95
61 76 86 59 56 100
69 64 86 64 57 53
58 68 54 58 93 53
54 82 56 98 89 95
56 51 70 57 71 97
68 67 65 80 79 32
52 51 68 82 100 82
99 86 92 3 68 81
88 88 92 72 64 8
78 89 56 53 66 82
66 83 66 61 89 66
56 72 55 80 72 55
93 91 57 53 81 67
57 51 70 94 72 54
37 81 57 75 98 53
94 76 75 53 64 65
59 95 53 74 75 92
56 72 61 51 90 98
52 53 98 53 82 52
74 59 52 97 77 61
65 51 57 79 84 70
68 99 52 62 92 58
100 57 84 51 62 69
58 78 64 61 52 73
58 68 71 65 76 34
60 88 68 34 41 80
65 34 85 75 98 100
52 55 59 63 56 92
95 96 74 58 62 29
66 92 76 96 54 68
99 84 63 51 89 40
65 54 85 21 61 85
77 79 69 56 98 72
60 54 74 89 52 75
65 61 54 56 90 66
58 65 75 72 53 97
62 1 61 26 76 91
94 59 68 57 56 73
61 27 80 54 98 51
87 88 94 57 84 53
89 66 58 51 86 83
54 96 72 64 64 57
93 15 81 96 72 78
99 62 58 59 92 7
57 33 89 52 61 33
90 26 79 58 67 63
77 74 34 51 95 69
68 65 64 70 60 51
52 64 53 90 27 36
73 63 75 99 52 71
60 64 81 59 63 82
56 71 87 61 53 52
68 69 55 65 62 81
79 53 86 67 95 51
52 93 53 65 63 66
67 61 58 87 79 64
89 56 63 56 86 79
82 83 52 86 67 13
55 64 75 94 90 21
82 53 61 37 51 94
61 53 67 60 80 92
54 20 72 81 52 89
79 80 32 71 65 76
73 63 71 52 53 54
39 53 80 33 61 65
87 48 77 64 97 65
81 65 86 54 6 67
95 95 100 27 95 53
22 57 75 95 58 69
67 13 100 52 53 54
89 87 52 69 62 53
69 83 52 98 93 66
91 60 56 59 99 73
57 79 75 55 10 60
51 56 62 73 82 82
52 78 56 84 61 77
100 66 17 60 51 78
75 34 76 96 65 85
79 92 65 77 55 66
71 99 59 65 62 61
86 63 51 76 81 71
89 52 53 78 79 92
52 51 82 61 52 49
56 90 68 8 71 54
64 64 62 54 100 71
74 75 60 62 55 56
93 68 86 60 31 66
53 99 97 55 56 88
19 99 65 73 56 62
59 53 10 75 63 99
59 68 51 68 67 16
54 31 53 62 66 59
52 76 87 56 66 56
73 57 70 54 81 68
63 61 67 99 54 68
66 67 64 53 59 77
70 63 69 71 14 71
63 87 79 8 62 54
95 57 83 56 71 39
