250 6
67 89 7 27 75 66
54 93 89 90 56 100
76 100 88 88 70 53
76 30 50 73 52 92
79 73 75 68 92 88
51 97 18 95 73 96
79 74 78 63 70 76
93 70 52 96 53 83
53 95 64 53 61 53
82 100 59 80 76 64
87 73 86 53 70 98
73 61 78 56 92 53
98 69 70 76 13 85
97 80 87 100 64 81
89 54 97 52 77 71
70 62 80 51 91 100
52 52 79 54 99 65
60 71 67 74 60 55
62 71 91 100 59 74
79 55 55 52 79 80
54 69 100 78 85 67
77 59 94 77 90 63
100 62 97 75 93 9
66 55 63 53 78 72
57 88 65 80 77 92
65 58 74 52 76 90
80 72 15 96 59 45
34 88 93 59 63 51
77 100 63 75 64 62
86 42 66 64 57 91
84 72 71 62 61 93
100 33 53 94 65 83
59 63 67 91 78 95
64 62 83 65 55 52
64 60 82 65 57 69
78 62 81 46 64 97
69 85 54 16 99 66
84 56 92 77 63 86
55 66 53 65 66 68
77 79 65 77 51 62
92 57 75 58 83 69
80 66 95 59 67 78
81 57 61 62 97 65
97 58 92 87 92 12
78 59 81 78 52 81
87 93 87 63 51 65
85 74 56 28 68 30
69 80 5 77 100 19
61 90 66 62 87 63
72 64 70 64 53 88
90 52 67 71 57 80
99 77 87 56 59 92
92 67 64 54 70 87
45 80 71 63 87 91
93 65 87 56 60 89
72 56 81 99 71 73
94 35 57 53 86 55
60 66 53 72 84 56
69 59 72 65 70 83
77 88 3 82 91 81
75 55 71 87 69 57
53 53 75 61 77 39
53 53 87 75 56 94
59 85 61 28 83 49
55 51 85 56 85 84
82 85 33 99 55 73
85 52 95 63 66 63
69 53 55 63 53 86
65 66 77 78 55 63
95 20 72 61 62 72
98 52 84 96 56 75
36 68 83 49 62 81
55 83 53 63 68 63
54 58 55 93 77 85
94 77 94 83 80 10
64 70 75 60 28 63
56 59 69 91 76 84
33 47 27 65 62 56
58 78 64 84 70 51
14 73 87 82 85 54
88 69 71 67 84 53
73 91 54 77 37 56
51 62 65 52 14 92
64 56 70 57 76 81
76 1 83 93 62 57
40 96 79 56 72 73
69 78 55 52 71 83
4 68 65 83 98 89
64 89 53 88 52 76
77 55 54 58 53 80
52 13 75 72 98 89
62 85 73 73 57 71
73 62 57 16 54 83
52 73 77 51 81 71
83 10 58 67 90 88
96 61 62 57 67 76
54 85 53 59 98 54
76 83 66 89 69 53
62 53 67 83 26 63
80 58 47 77 76 54
65 69 59 96 61 69
52 83 63 54 87 83
56 68 98 56 63 70
84 4 60 94 94 67
81 51 66 76 52 84
93 28 66 56 66 98
99 67 87 53 98 47
97 80 54 59 67 4
92 22 90 52 87 53
18 74 62 62 95 53
61 83 25 96 85 71
60 99 63 79 59 69
68 66 98 70 47 67
75 72 100 13 74 86
52 60 86 52 5 100
64 58 9 65 65 71
71 88 56 59 37 22
71 51 79 41 57 98
69 58 20 83 54 31
84 89 96 54 66 60
68 70 96 57 93 60
77 63 71 34 65 55
60 99 56 26 92 82
58 65 14 75 76 86
100 66 83 13 56 70
80 55 54 82 63 51
87 99 68 92 95 4
59 18 69 76 97 82
54 60 67 67 90 52
79 67 59 58 73 77
68 45 52 62 95 1
90 95 8 60 64 96
57 92 56 53 93 56
55 56 51 63 61 57
71 100 5 56 85 51
55 68 75 98 57 51
69 76 55 70 56 7
90 49 64 81 56 83
61 82 85 85 59 75
4 98 99 73 98 26
96 60 71 87 1 81
2 60 67 52 79 59
53 56 86 53 53 66
95 76 65 7 92 62
54 97 82 4 64 82
88 31 72 68 89 70
95 80 5 82 80 74
80 86 51 73 51 64
11 70 56 73 63 61
93 79 56 84 51 69
52 72 89 61 90 53
67 12 79 46 8 91
73 75 55 60 68 73
58 82 100 78 65 55
88 56 90 62 59 52
86 75 81 91 62 29
55 82 61 80 59 72
77 13 84 51 84 72
59 52 67 96 58 77
90 59 54 90 51 66
52 68 90 99 89 53
66 96 59 51 51 66
59 93 72 74 56 78
79 85 51 55 37 91
5 54 91 60 100 79
94 82 56 52 64 100
50 57 74 64 84 84
58 55 31 71 84 26
62 86 66 77 51 71
79 59 67 4 95 92
25 57 81 73 93 53
68 37 77 69 59 54
67 92 21 60 56 52
90 52 76 57 88 96
22 57 97 69 94 54
64 57 56 53 72 84
57 59 68 97 78 5
80 51 91 79 69 29
78 68 77 45 63 65
38 69 86 55 72 5
61 78 60 84 23 94
80 71 94 20 69 71
53 55 72 51 77 74
13 59 97 57 53 69
54 51 55 89 51 52
57 97 69 74 56 70
64 89 53 53 63 90
100 38 44 79 61 83
55 69 66 63 53 81
57 71 61 61 96 80
93 100 65 80 54 5
68 67 43 55 52 71
72 63 63 53 52 64
97 25 56 87 70 64
74 32 65 99 72 100
67 24 64 78 55 56
13 91 55 80 100 67
52 62 76 60 53 64
76 61 84 58 58 69
60 11 97 58 52 40
20 76 17 31 97 94
60 37 79 56 92 81
88 5 100 86 99 76
87 93 85 67 54 8
59 51 59 52 89 68
90 55 91 42 80 60
52 59 85 94 88 55
57 87 53 59 72 10
32 90 80 58 55 75
93 52 65 83 54 86
86 57 53 78 54 84
57 59 61 74 35 98
85 51 53 56 93 98
93 77 74 51 64 72
54 88 87 77 51 84
95 12 89 35 95 60
83 55 100 78 30 76
61 53 94 60 80 55
73 69 52 90 83 12
53 67 85 88 22 55
82 56 82 51 62 88
51 93 93 87 51 81
95 52 71 65 68 42
52 57 94 61 80 85
80 58 88 51 72 79
76 97 64 75 10 83
67 95 54 57 3 61
87 51 54 67 61 83
89 43 74 60 77 81
52 54 64 94 38 63
58 73 20 75 61 55
93 56 48 61 95 92
98 11 67 70 64 90
72 78 54 72 31 89
62 99 93 80 43 89
57 28 85 74 18 21
52 77 95 92 70 53
99 76 80 59 57 60
100 57 63 58 75 56
53 84 77 63 68 51
80 51 90 61 88 66
74 57 61 7 55 70
56 85 2 79 100 88
71 74 59 64 63 54
56 72 27 70 98 52
61 64 95 70 52 63
95 2 74 69 81 78
67 64 59 72 91 14
84 89 96 3 96 92
82 14 62 69 90 98
