250 6
0.75 0.88 0.51 0.98 0.21 0.43
0.51 0.88 0.70 0.72 0.83 0.18
0.76 0.83 0.75 0.60 0.66 0.89
0.75 0.61 0.95 0.72 0.58 0.89
0.65 0.86 0.91 0.87 0.66 0.98
0.57 0.86 0.91 0.52 0.81 0.80
0.53 0.78 0.58 0.78 0.53 0.60
0.85 0.66 0.67 0.37 0.55 0.84
0.81 0.90 0.87 0.69 0.85 0.74
0.65 0.61 0.63 0.59 0.84 0.58
1.00 0.87 0.80 0.93 1.00 0.51
1.00 0.68 0.99 0.55 0.95 0.77
0.62 0.97 0.94 0.55 0.52 0.75
0.76 0.58 0.90 0.80 0.63 0.81
0.98 0.57 0.56 0.53 0.98 0.76
0.80 0.65 0.87 0.76 0.71 0.90
0.59 0.52 0.64 0.94 0.59 0.91
0.45 0.91 0.65 0.60 0.68 0.54
0.99 0.61 0.96 0.93 0.81 0.52
0.69 0.98 0.97 0.53 0.55 0.57
0.54 0.52 0.60 0.65 0.84 0.63
0.63 0.60 0.76 0.76 0.37 0.70
0.70 0.77 0.86 0.71 0.66 0.99
0.93 0.34 0.98 0.78 0.76 0.88
0.60 0.63 0.59 0.89 0.95 0.55
0.87 0.69 0.58 0.58 0.59 0.60
0.69 0.86 0.72 0.70 0.82 0.57
0.63 0.71 0.74 0.61 0.58 0.99
0.55 0.90 0.75 0.59 0.98 0.72
0.78 0.79 0.62 0.55 0.90 0.70
0.97 0.57 0.96 0.74 0.78 0.51
0.82 0.62 0.96 0.52 0.61 0.80
0.61 0.87 0.76 0.58 0.70 0.86
0.87 0.56 0.59 0.99 0.57 0.90
0.60 0.97 0.68 0.03 0.81 0.54
0.94 0.59 0.73 0.51 0.97 0.67
0.52 0.70 0.59 0.90 0.80 0.71
0.40 0.72 0.59 0.87 1.00 0.61
0.95 0.73 0.56 0.98 0.62 0.88
0.75 0.69 0.56 0.77 0.62 0.71
0.46 0.16 0.75 0.91 0.70 0.81
0.79 0.76 0.71 0.63 0.57 0.87
0.82 0.87 0.50 0.94 0.61 0.58
0.65 0.95 0.58 0.62 0.58 0.74
0.65 0.75 0.85 0.69 0.70 0.87
0.73 0.55 0.64 0.85 0.78 0.94
0.88 0.85 0.56 0.73 0.97 0.92
0.89 0.52 0.63 0.63 0.62 0.94
0.75 0.71 0.40 0.53 0.63 0.97
0.93 0.51 0.63 0.82 0.71 0.51
0.71 0.80 0.83 0.73 0.51 0.81
0.95 0.79 0.54 0.78 0.69 0.96
0.55 0.56 0.85 0.70 0.65 0.76
0.87 0.56 0.88 0.54 0.67 0.66
0.86 0.67 0.94 0.99 0.60 0.54
0.56 0.78 0.68 0.62 0.80 0.81
0.99 0.96 0.25 0.99 0.67 0.70
0.62 0.67 0.52 0.76 0.66 0.93
0.79 0.48 0.80 0.54 0.76 0.69
1.00 0.80 0.63 0.70 0.52 0.67
0.58 0.06 0.22 0.79 0.61 0.94
0.34 0.79 0.61 0.69 0.92 0.67
0.72 0.88 0.89 0.55 0.72 0.64
0.21 0.83 0.88 0.65 0.51 0.54
0.51 0.77 0.53 0.99 0.89 0.06
0.67 0.59 0.86 0.81 1.00 0.58
0.95 0.57 0.87 0.95 0.55 0.67
0.59 0.51 0.66 0.92 0.79 0.87
0.31 0.66 0.56 0.84 0.80 0.86
0.83 0.59 0.58 0.04 0.91 0.84
0.60 0.83 0.12 0.63 0.81 0.76
0.13 0.57 0.95 0.70 0.57 0.77
0.65 0.71 0.60 0.75 0.67 0.25
0.60 0.79 0.64 0.72 0.57 0.90
0.55 0.70 0.60 0.52 0.72 0.94
0.54 0.82 0.98 0.57 0.82 0.60
0.64 0.57 0.90 0.70 0.81 0.59
0.55 0.56 0.92 0.69 0.55 0.88
0.72 0.62 0.55 0.55 0.87 0.69
0.53 0.71 0.53 0.64 0.90 0.61
0.62 0.88 0.60 0.94 0.94 0.43
0.87 0.55 0.86 0.42 0.91 0.66
0.51 0.99 0.83 0.77 0.82 0.51
0.54 0.93 0.71 0.26 0.95 0.97
0.62 0.84 0.89 0.51 0.77 0.62
0.85 0.55 0.65 0.71 0.57 0.91
0.53 0.71 0.96 0.65 0.58 0.85
0.75 0.15 0.69 0.66 0.95 0.56
0.63 0.97 0.82 0.61 0.66 0.96
0.52 0.61 0.57 0.68 0.87 0.79
0.91 0.84 0.75 0.56 0.79 0.67
0.71 0.04 0.63 0.93 0.86 0.93
0.58 0.86 0.83 0.70 0.80 0.70
0.98 0.81 0.78 0.81 0.10 0.97
0.91 0.56 0.87 0.75 0.87 0.53
0.68 0.61 0.64 0.70 0.53 0.82
0.62 0.71 0.88 0.77 0.56 0.56
0.66 0.76 0.61 1.00 0.52 0.72
0.74 0.56 0.53 0.71 0.94 0.76
0.76 0.55 0.87 0.80 0.59 0.84
0.53 0.62 0.99 0.81 0.03 0.62
0.77 0.20 0.66 0.60 0.89 0.81
0.53 0.83 0.42 0.88 0.78 0.57
0.53 0.92 0.83 0.64 0.58 0.98
0.61 0.84 0.56 0.21 0.96 0.59
0.65 0.62 0.75 0.63 0.82 0.79
0.96 0.83 0.83 0.54 0.99 0.65
0.70 0.53 0.69 0.68 0.79 0.55
0.85 0.69 0.52 0.97 0.60 0.99
0.90 0.76 0.54 0.63 0.84 0.59
0.54 0.01 0.51 0.89 0.72 0.71
0.24 0.58 0.88 0.73 0.56 0.77
0.61 0.89 0.64 0.56 0.89 0.77
0.78 0.52 0.79 0.41 0.72 0.89
0.87 0.86 0.85 0.71 0.52 0.75
0.87 0.70 0.83 0.53 0.65 0.52
0.52 0.74 0.53 0.94 0.70 1.00
0.65 0.79 0.54 0.63 0.81 0.52
0.70 0.51 0.68 0.77 0.86 0.67
0.90 0.83 0.55 0.53 0.54 0.51
0.89 0.66 0.59 0.83 0.96 0.63
0.77 0.52 0.54 0.89 0.61 0.57
0.51 1.00 0.60 0.90 0.71 0.85
0.53 0.53 0.81 0.56 1.00 0.84
0.63 0.12 0.84 0.69 0.98 0.69
0.86 0.60 0.68 0.87 0.98 0.55
0.60 0.84 0.56 0.66 0.13 0.69
0.53 0.70 0.72 0.57 0.65 1.00
0.58 0.61 0.57 0.63 0.55 0.91
0.69 0.95 0.53 0.53 0.97 0.90
0.67 0.83 0.98 0.63 0.72 0.67
0.92 0.68 0.27 0.51 0.91 0.54
0.56 0.73 0.59 0.57 0.80 0.58
0.74 0.66 0.89 0.54 0.83 0.76
0.78 0.76 0.54 0.79 0.88 0.62
0.64 0.62 0.86 0.77 0.61 0.59
0.61 0.53 0.79 0.53 1.00 0.55
0.56 0.58 0.95 0.62 0.54 0.54
0.18 0.77 0.87 0.24 0.13 0.56
0.53 0.94 0.01 0.76 0.77 0.93
0.63 0.64 0.63 0.54 0.70 0.72
0.52 0.92 0.84 0.96 0.62 0.57
0.95 0.98 0.78 0.70 0.55 0.37
0.53 0.68 0.56 0.75 0.66 0.76
0.62 0.85 0.80 0.61 0.69 0.21
0.53 0.06 0.56 0.83 0.18 0.74
0.59 0.52 0.60 0.67 0.60 0.71
0.79 0.57 0.52 0.58 0.28 0.56
0.69 0.51 0.75 0.81 0.77 0.79
0.66 0.80 0.66 0.26 0.80 0.91
0.70 0.88 0.86 0.41 0.89 0.51
0.86 0.78 0.74 0.56 0.53 0.74
0.73 0.85 0.37 0.64 0.67 0.95
0.82 0.77 0.98 0.51 0.68 0.01
0.59 0.64 0.98 0.54 0.79 0.93
0.51 0.55 0.90 0.70 0.54 0.59
0.60 0.99 0.62 0.06 0.92 0.68
0.92 0.52 0.78 0.54 0.65 0.91
0.73 0.67 0.76 0.69 0.54 0.57
0.64 0.99 0.57 0.54 0.89 0.64
0.75 0.66 0.96 0.59 0.74 0.56
0.67 0.53 0.88 0.66 0.63 0.53
0.86 0.59 0.82 0.57 0.96 0.59
0.65 0.73 0.87 0.69 0.54 0.95
0.69 0.91 0.66 0.58 0.58 0.96
0.51 0.97 0.71 0.71 0.64 0.63
0.94 0.72 0.93 0.82 0.58 0.51
0.68 0.60 0.83 0.54 0.77 0.83
0.83 0.86 0.76 0.61 0.94 0.55
0.91 0.51 0.99 0.60 0.82 0.56
0.60 0.63 0.54 0.85 0.98 0.85
0.78 0.91 0.53 0.79 0.95 0.53
0.67 0.57 0.98 0.56 0.57 0.73
0.71 0.89 0.61 0.56 0.07 0.54
0.94 0.61 0.90 0.56 0.58 0.84
0.67 0.76 0.57 0.68 0.59 0.77
0.97 0.65 0.68 0.52 0.71 0.72
0.65 0.83 0.54 0.99 0.77 0.67
0.70 0.52 0.65 0.58 0.75 1.00
0.55 0.51 0.67 0.69 0.62 0.65
0.80 0.53 0.72 0.60 0.70 0.63
0.51 0.06 0.70 0.88 0.65 0.92
0.81 0.57 0.51 0.66 1.00 0.56
0.56 0.76 0.56 0.95 0.14 0.92
0.99 0.86 0.87 0.59 0.51 0.51
0.51 0.55 0.67 0.78 0.53 0.65
0.49 0.70 0.54 0.53 0.62 0.56
0.61 0.83 0.90 0.54 0.87 0.55
0.74 0.65 0.57 0.79 0.64 0.59
0.72 0.81 0.51 0.56 0.92 0.80
0.79 0.58 0.57 0.55 0.81 0.94
0.82 0.53 0.63 0.94 0.58 0.54
0.57 0.67 0.73 0.76 0.65 0.63
0.75 0.58 0.53 0.63 0.56 0.93
0.75 0.52 0.96 0.60 0.72 0.93
0.56 0.52 0.87 0.95 0.94 0.52
0.98 0.89 0.54 0.84 0.52 0.53
0.65 0.96 0.78 0.51 0.87 0.53
0.51 0.58 0.87 0.53 0.94 0.78
0.59 0.82 0.58 0.64 1.00 0.55
0.64 0.55 0.88 0.59 0.65 0.85
0.65 0.69 0.60 0.60 0.76 0.55
0.78 0.59 0.77 0.58 0.64 0.76
0.75 0.84 0.77 0.65 0.12 0.52
0.64 0.86 0.72 0.82 0.52 0.61
0.59 0.66 0.64 0.78 0.68 0.62
0.65 0.56 0.84 0.81 0.51 0.81
0.59 0.63 0.71 0.62 0.64 0.69
0.88 0.76 0.59 0.86 0.07 0.66
0.56 0.60 0.94 0.81 0.98 0.55
0.63 0.53 0.73 0.60 0.70 0.68
0.63 0.56 0.85 0.74 0.57 0.18
0.72 0.98 0.69 0.99 0.59 0.52
0.58 0.78 0.77 0.83 0.73 0.54
0.64 0.67 0.54 0.52 0.56 0.53
0.59 0.98 0.62 0.56 0.91 0.55
0.97 0.53 0.86 0.83 0.51 0.57
0.52 0.61 0.80 0.62 0.62 0.80
0.94 0.51 0.67 0.61 0.83 0.84
0.75 0.94 0.53 0.89 0.55 0.95
0.74 0.51 0.61 0.76 0.68 0.74
0.56 0.65 0.61 0.69 0.62 0.96
0.95 0.54 0.59 0.77 0.53 0.99
0.59 0.74 0.84 0.53 0.61 0.97
0.61 0.58 0.51 0.64 1.00 0.79
0.51 0.52 0.87 0.59 0.70 0.61
0.76 0.51 0.52 0.87 0.69 0.91
0.86 0.81 0.85 0.69 0.53 0.52
0.61 0.53 0.73 0.62 0.78 0.96
0.57 0.58 0.83 0.24 0.72 0.54
0.64 0.58 0.53 0.51 0.75 0.92
0.55 0.96 0.52 0.80 0.54 0.82
0.82 0.63 0.97 0.52 0.63 0.59
0.71 0.53 0.51 0.55 0.77 0.65
1.00 0.22 0.78 0.68 0.80 0.84
0.77 0.54 0.96 0.53 0.88 0.93
0.56 0.59 0.83 0.88 0.87 0.54
0.92 0.53 0.94 0.95 0.75 0.51
0.59 0.52 0.54 0.58 0.58 0.51
0.93 0.52 0.58 0.51 0.55 0.56
0.69 0.75 0.52 0.57 0.68 0.53
0.93 0.05 0.61 0.67 0.84 0.74
0.80 0.95 0.91 0.15 0.66 0.92
0.74 0.70 0.52 0.90 0.94 0.61
0.32 0.81 0.61 0.80 0.58 1.00
0.56 0.77 0.75 0.70 0.14 0.51
0.69 0.58 0.93 0.72 0.53 0.67
0.58 0.70 0.73 0.51 0.67 0.60
0.97 1.00 0.76 0.54 0.93 0.03
0.78 0.89 0.59 0.58 0.55 0.73
