250 6
29 39 83 98 9 98
87 56 81 75 85 81
81 95 96 54 55 16
94 59 41 99 83 68
59 59 98 52 95 54
96 36 54 94 59 99
70 55 66 94 53 87
51 91 67 93 81 78
78 56 90 73 76 55
23 81 77 96 99 73
96 54 99 25 61 55
79 57 67 84 99 60
53 97 100 77 83 57
38 62 84 86 92 94
64 62 67 52 86 67
95 61 51 64 66 4
85 76 64 52 94 90
98 56 83 80 92 76
97 60 53 95 78 86
81 93 95 55 80 93
74 89 64 60 61 58
80 98 82 100 95 53
51 97 56 76 60 90
68 74 55 82 32 32
72 47 59 63 17 79
64 85 76 70 61 66
84 63 78 68 79 43
85 72 58 95 88 28
71 74 76 58 71 98
98 80 64 55 43 90
64 66 94 11 61 67
64 98 95 54 67 57
58 94 72 89 66 61
71 60 81 68 92 91
60 56 84 60 85 81
68 82 84 75 76 86
57 92 54 89 76 51
75 54 38 69 90 84
76 67 80 76 10 98
55 77 76 84 62 56
68 55 79 72 89 67
90 55 54 58 95 83
75 73 75 55 88 64
71 56 99 95 52 65
42 81 60 92 80 52
97 71 59 55 99 24
61 51 65 61 89 68
91 66 86 57 94 53
60 76 60 62 55 84
68 91 11 95 91 82
85 94 54 89 66 71
50 51 79 95 62 85
77 57 62 67 91 78
91 61 68 91 72 53
82 75 65 59 100 100
81 73 60 84 70 68
69 66 74 92 76 96
93 84 56 58 68 47
95 8 51 89 71 53
73 68 65 92 8 60
100 75 76 63 53 76
58 88 72 58 73 67
40 56 66 73 69 65
80 62 60 75 84 72
57 90 64 88 67 89
52 52 65 94 59 86
93 61 79 59 40 85
70 95 89 72 70 63
11 91 85 71 84 89
61 69 92 67 82 68
87 88 62 57 96 57
71 69 58 94 80 77
95 11 96 87 61 63
80 53 80 68 80 55
72 97 95 61 73 52
79 55 58 60 75 86
73 99 85 63 95 17
94 70 86 56 95 25
63 52 83 57 15 63
57 87 59 94 71 82
84 78 89 54 97 66
51 77 55 97 55 61
88 94 92 17 86 52
51 79 76 55 95 65
91 77 93 52 67 91
56 60 80 86 64 42
52 87 67 91 30 90
25 58 64 58 97 3
83 59 74 78 61 78
61 51 74 94 53 97
66 76 60 100 51 96
96 74 59 81 57 76
61 65 86 66 60 75
81 85 81 60 69 99
84 91 81 67 48 63
61 39 93 54 91 86
79 79 100 80 40 51
60 78 80 81 54 58
59 65 87 37 70 59
23 51 85 28 72 100
67 65 53 100 54 70
66 51 60 92 92 100
100 97 71 78 70 2
55 70 52 48 89 96
54 82 89 71 65 92
89 65 55 91 63 78
59 90 62 53 69 68
89 85 60 54 59 81
51 74 60 77 94 52
66 55 61 97 100 86
92 87 65 26 61 51
60 86 92 60 65 84
62 89 56 57 96 59
84 81 89 75 94 7
82 52 79 100 97 52
81 88 66 57 91 85
93 55 65 90 87 56
55 98 75 87 20 51
52 71 68 71 62 87
56 100 57 87 2 73
84 58 62 92 72 61
58 56 91 56 8 67
33 66 58 59 65 72
66 87 57 96 79 57
100 94 57 59 56 27
51 94 82 62 42 7
48 53 79 67 23 22
38 57 73 76 81 82
62 96 70 58 79 57
92 61 32 88 60 69
59 79 61 100 8 79
72 9 85 74 72 53
83 63 54 82 55 73
82 59 52 88 87 94
76 96 74 5 70 84
84 63 54 83 99 61
80 60 93 51 99 71
86 69 68 97 77 5
70 64 69 98 71 63
51 100 77 54 90 77
51 61 59 78 68 82
58 58 79 51 87 39
87 68 78 55 82 84
91 52 63 95 64 72
52 94 78 63 62 98
22 28 60 26 97 71
78 69 72 64 82 53
76 45 59 74 94 54
68 19 70 72 89 56
58 62 60 24 98 80
57 83 94 52 91 71
94 83 33 72 61 92
56 64 60 62 92 89
66 92 53 99 75 51
69 84 53 56 3 71
33 83 99 93 52 95
78 51 18 63 80 89
60 60 76 51 91 70
61 70 69 54 61 90
78 97 52 67 69 92
53 71 69 85 62 62
89 57 79 56 64 80
63 63 65 59 76 73
90 51 77 93 58 72
67 85 68 72 74 57
92 58 60 88 61 68
61 71 57 83 59 84
88 68 53 95 70 55
20 15 98 68 76 86
55 77 64 52 53 58
73 53 68 85 63 63
65 33 33 64 94 88
71 87 59 57 51 53
38 90 76 89 63 59
52 98 93 54 85 57
92 57 80 55 76 75
60 74 63 82 84 59
51 84 91 54 89 94
91 44 72 51 62 31
80 51 73 80 52 70
74 56 51 94 59 99
99 73 53 54 83 97
58 87 90 66 85 54
88 73 77 58 51 79
56 93 59 70 78 66
74 63 59 86 78 78
53 57 70 71 57 89
75 69 21 93 76 70
79 65 43 95 80 54
73 53 93 52 95 53
85 68 73 63 58 59
77 88 67 11 73 83
81 81 11 54 2 55
29 59 54 89 79 57
59 82 60 65 53 97
76 53 28 70 97 84
75 6 81 53 89 70
91 71 56 76 82 78
53 40 52 65 100 78
52 75 61 48 81 59
75 61 73 78 95 35
78 95 80 4 73 67
94 74 63 78 54 51
58 55 55 79 66 72
84 70 74 93 70 53
70 63 66 58 78 67
71 56 60 89 93 66
67 76 64 52 74 84
44 66 90 93 52 92
73 56 92 69 78 8
20 51 51 75 76 98
58 51 81 60 23 92
88 71 68 52 52 65
53 71 98 95 20 75
54 74 96 63 66 71
78 51 58 69 91 85
64 80 48 70 63 95
16 97 76 73 96 7
92 66 1 86 78 54
60 84 79 44 75 66
59 51 67 66 65 93
62 56 62 82 31 58
80 80 94 12 55 63
52 84 76 83 73 64
26 51 52 69 89 61
69 88 43 92 87 81
69 73 82 54 56 62
82 68 65 77 63 59
2 95 91 74 65 64
53 48 71 84 91 91
63 58 92 19 76 69
80 64 57 71 63 85
60 55 75 71 83 54
79 73 69 51 64 3
57 67 57 74 56 55
73 96 51 85 79 77
64 54 51 67 87 82
74 79 54 87 68 55
51 80 58 84 56 42
98 61 74 65 51 68
85 70 85 55 72 57
61 77 71 79 51 97
58 27 98 67 97 86
21 87 53 65 75 87
51 77 55 52 27 56
80 58 62 54 41 64
34 64 51 72 100 64
95 86 1 84 60 82
99 55 69 54 65 75
66 72 56 62 71 96
