250 6
0.81 0.62 0.32 0.84 0.29 0.43
0.68 0.73 0.87 0.75 0.64 0.72
0.90 0.53 0.56 0.71 0.87 0.96
0.98 0.63 0.58 0.92 0.75 0.41
0.79 0.45 0.82 1.00 0.70 0.80
0.72 0.78 0.77 0.71 0.71 0.52
0.99 0.93 0.99 0.56 0.59 0.61
0.78 0.71 0.74 0.95 0.59 0.74
0.65 0.40 0.56 0.61 0.64 0.75
0.89 0.98 0.62 0.63 0.65 0.52
0.96 0.23 0.89 0.94 0.77 0.63
0.86 0.59 0.92 0.62 0.98 0.58
0.59 0.61 0.57 0.51 0.62 0.80
0.85 0.72 0.64 0.53 0.73 0.66
0.81 0.29 0.91 0.93 0.87 0.82
0.93 1.00 0.86 0.03 0.62 0.57
0.67 0.57 0.72 0.62 0.94 0.69
0.57 0.87 0.73 0.28 0.55 0.88
0.75 0.76 0.60 0.62 0.94 0.74
1.00 0.57 0.56 0.77 0.82 0.57
0.53 0.99 0.66 0.55 0.85 0.94
0.99 0.68 0.90 0.61 0.52 1.00
0.99 0.53 0.97 0.80 0.74 0.15
0.62 0.94 0.62 0.82 0.53 0.69
0.85 0.74 0.90 1.00 0.17 0.89
0.66 0.36 0.65 0.69 0.63 0.62
0.87 0.65 0.99 0.55 0.68 0.68
0.69 0.60 0.57 0.75 0.28 0.67
0.70 0.72 0.67 0.23 0.72 0.57
0.55 0.80 0.55 0.75 0.56 0.92
0.52 0.59 1.00 0.61 0.70 0.72
0.97 0.86 0.24 0.78 0.59 0.59
0.65 0.67 0.54 0.54 0.97 0.83
0.59 0.57 0.78 0.55 0.84 0.09
0.91 0.90 0.65 0.48 0.65 0.88
0.77 0.78 0.63 0.63 0.54 0.53
0.69 0.77 0.98 0.61 0.75 0.51
0.60 0.69 0.63 0.95 0.58 0.78
0.68 0.70 0.96 0.59 0.61 0.64
0.55 0.52 0.60 0.96 0.77 0.74
0.66 0.95 0.71 0.55 0.56 0.63
0.70 0.52 0.83 0.54 0.99 0.75
0.99 0.66 0.74 0.60 0.90 0.60
0.91 0.69 0.54 0.83 0.81 0.69
0.53 0.71 0.80 0.76 0.78 0.72
0.69 0.53 0.77 0.58 0.52 0.55
0.53 0.51 0.82 0.55 0.66 0.90
0.98 0.91 0.78 0.42 0.95 0.51
0.86 0.31 0.80 0.84 0.65 0.70
0.67 0.73 0.67 0.62 0.62 0.61
0.56 0.74 0.89 0.82 0.99 0.67
0.99 0.52 0.68 0.80 0.59 0.74
0.65 0.66 0.88 0.54 0.61 0.66
0.51 0.71 0.85 0.52 0.53 0.83
0.66 0.41 0.14 0.73 0.51 0.92
0.94 0.58 0.70 0.90 0.62 0.71
0.87 0.84 0.55 0.54 0.68 0.79
0.80 0.55 0.69 0.77 0.60 0.57
0.71 0.80 0.57 0.65 0.91 0.74
0.73 0.91 0.60 0.86 0.93 0.51
0.54 0.58 1.00 0.66 0.92 0.55
1.00 0.64 0.51 0.85 0.65 0.12
0.91 0.63 0.39 0.69 0.93 0.85
0.49 0.61 0.86 0.99 0.62 0.81
0.71 1.00 0.57 0.72 0.75 0.55
0.77 0.64 0.61 0.23 0.71 0.76
0.67 0.53 0.82 0.67 0.29 0.97
0.54 0.59 0.82 0.56 0.53 0.34
0.72 0.67 0.90 0.52 0.65 0.65
0.60 0.21 0.91 0.05 0.92 0.71
0.72 0.95 0.21 0.87 0.87 0.71
0.57 0.04 0.52 0.99 0.53 0.94
0.52 0.65 0.85 0.93 0.59 0.55
0.52 0.76 0.63 0.96 0.29 0.96
0.99 0.66 0.61 0.78 0.79 0.52
0.63 0.71 0.62 0.78 0.54 0.60
0.79 0.77 0.87 0.15 0.96 0.71
0.56 0.73 0.62 1.00 0.72 0.59
0.85 0.50 0.73 0.67 0.57 0.61
0.56 0.97 0.56 0.72 0.80 0.83
0.03 0.90 0.60 0.62 0.51 0.97
0.47 0.52 0.68 0.95 0.93 0.81
0.51 0.79 0.33 1.00 0.60 0.69
0.62 0.85 0.55 0.74 0.56 0.57
0.51 0.76 0.91 0.78 0.70 0.78
0.73 0.53 0.58 0.57 0.97 0.85
0.60 0.73 0.67 0.84 0.83 0.77
0.66 0.54 0.73 0.60 0.53 0.90
0.38 0.56 0.90 0.85 0.87 0.59
0.59 0.77 0.60 0.68 0.86 0.67
0.64 0.87 0.54 0.16 0.63 0.71
0.56 0.86 0.21 0.51 0.98 0.89
0.74 0.61 0.86 0.54 0.95 0.38
0.33 0.57 0.78 0.75 0.63 0.73
1.00 0.77 0.89 0.78 0.02 0.63
0.54 0.64 0.72 0.64 0.69 0.65
0.56 0.87 0.74 0.57 0.88 0.94
0.72 0.60 0.53 0.86 0.75 0.69
0.75 0.93 0.72 0.32 0.62 0.66
0.88 0.97 0.51 0.75 0.98 0.73
0.66 0.56 0.98 0.63 0.69 0.40
0.58 0.79 0.64 0.71 0.44 0.77
0.55 0.53 0.69 0.97 0.56 0.94
0.80 0.11 0.97 0.60 0.97 0.83
0.97 0.83 0.54 0.56 0.59 0.97
0.75 0.63 0.54 0.93 1.00 0.68
0.63 0.70 0.72 0.86 0.37 0.62
0.72 0.21 0.58 0.66 0.99 0.85
0.98 0.54 0.90 0.53 0.85 0.59
0.38 0.54 0.66 0.79 0.89 0.74
0.65 0.65 0.64 0.73 0.70 0.52
0.87 0.61 0.61 0.56 0.89 0.62
0.57 0.53 0.80 0.70 0.54 0.93
0.51 0.81 0.60 0.97 0.72 0.92
0.55 0.55 1.00 0.58 0.76 0.71
0.88 0.59 0.55 0.70 0.67 1.00
0.67 0.94 0.71 0.52 0.54 0.61
0.10 0.89 0.75 0.56 0.68 0.89
0.77 0.83 0.71 0.58 0.05 0.81
1.00 0.81 0.57 0.57 0.94 0.55
0.99 0.94 0.78 0.56 0.60 0.59
0.86 0.52 0.67 0.84 0.23 0.89
0.68 0.92 0.69 0.60 0.91 0.60
0.68 0.78 0.67 0.79 0.24 0.69
0.89 0.56 0.59 0.58 0.76 0.87
0.92 0.72 0.55 0.68 0.71 0.66
0.76 0.51 0.60 0.85 0.63 0.81
0.74 0.23 0.55 0.81 0.84 0.60
0.55 0.37 0.79 0.82 0.86 0.57
0.38 0.65 0.58 0.58 0.98 0.99
0.63 0.63 0.63 0.57 0.43 0.35
0.39 0.73 0.12 0.86 0.66 1.00
0.27 0.44 0.66 0.71 0.59 0.59
0.53 0.95 0.77 0.64 0.68 0.67
0.90 0.80 0.53 0.51 0.62 0.81
0.83 0.88 0.52 0.73 0.53 0.73
0.81 0.53 0.87 0.21 0.84 0.69
0.64 1.00 0.16 0.59 0.81 0.79
0.51 0.56 0.92 0.67 1.00 0.53
0.54 0.97 0.91 0.83 0.15 0.84
0.67 0.58 0.60 0.73 0.92 0.54
0.52 0.82 0.70 0.79 0.95 0.58
0.54 0.60 0.55 1.00 0.98 0.73
0.57 0.90 0.55 0.71 0.96 0.70
0.09 0.80 0.54 0.99 0.83 0.63
0.57 0.89 0.73 0.95 0.60 0.03
0.94 0.61 0.90 0.65 0.73 0.32
0.53 0.80 0.65 0.54 0.54 0.85
0.85 0.91 0.60 0.70 0.97 0.49
0.71 0.58 0.59 0.93 0.62 0.83
0.95 0.80 0.59 0.76 0.41 0.51
0.70 0.90 0.25 0.34 1.00 0.41
0.66 0.55 0.61 0.15 0.65 0.66
0.94 1.00 0.61 0.70 0.91 0.59
0.87 0.59 0.72 0.60 0.56 0.96
0.72 0.77 0.09 0.84 0.73 0.63
0.87 0.85 0.91 0.54 0.55 0.56
0.54 0.88 0.02 0.73 0.90 0.10
0.91 0.65 0.71 0.55 0.08 0.96
0.74 0.83 0.75 0.90 0.21 0.61
0.27 0.71 0.70 0.93 0.92 0.54
0.64 0.71 0.54 0.75 0.99 0.97
0.81 0.92 0.94 0.71 0.86 0.07
0.77 0.59 0.95 0.99 0.60 0.19
0.18 0.87 0.89 0.67 0.57 0.59
0.97 0.79 0.95 0.54 0.55 0.56
0.51 0.76 0.52 0.51 0.56 0.64
0.65 0.98 0.52 1.00 0.70 0.55
0.55 0.86 0.09 0.58 0.95 0.50
0.91 0.19 0.90 0.99 0.65 0.77
0.98 0.73 0.52 0.61 0.90 0.55
0.48 0.69 0.96 0.69 0.61 0.70
0.57 0.57 0.94 0.56 0.82 0.58
0.57 0.54 0.68 0.85 0.52 0.67
0.73 0.67 0.82 0.51 0.55 0.81
0.69 0.62 0.68 0.66 0.57 0.53
0.76 0.95 0.15 0.57 0.53 0.61
0.96 0.70 0.70 0.79 0.34 0.52
0.35 0.44 0.63 0.06 0.59 0.98
0.85 0.64 0.69 0.71 0.99 0.10
0.85 0.61 0.54 0.54 0.64 0.48
0.96 0.76 0.31 0.98 0.60 0.53
0.58 0.39 0.52 0.94 0.68 0.89
0.94 0.21 0.87 0.78 0.97 0.84
0.79 0.56 0.93 0.87 0.52 0.51
0.90 0.08 0.80 0.92 0.69 0.64
0.65 0.56 0.53 1.00 0.66 0.63
0.88 0.57 0.80 0.54 0.61 0.64
0.42 0.95 0.70 0.67 0.78 0.61
0.63 0.86 0.55 0.61 0.81 0.51
0.77 0.89 0.91 0.47 0.08 0.85
0.56 0.92 0.68 0.10 0.97 0.53
0.43 0.87 0.65 0.61 0.60 0.53
0.58 0.79 0.64 0.76 0.54 0.58
0.63 0.04 0.94 0.93 0.98 0.89
0.79 0.86 0.80 0.31 0.88 0.44
0.91 0.84 0.52 0.11 0.53 0.84
0.84 0.67 0.53 0.55 0.65 0.89
0.61 0.79 0.63 0.40 0.89 0.89
0.80 0.72 0.82 0.58 0.22 0.88
0.92 0.51 0.99 0.64 0.75 0.60
0.92 0.61 0.54 0.64 0.59 0.66
0.69 0.78 0.64 0.92 0.02 0.88
0.62 0.58 0.62 0.69 0.90 0.87
0.92 0.53 0.54 0.85 0.74 0.56
0.65 0.66 0.55 0.94 0.72 0.54
0.99 0.52 0.95 0.82 0.45 0.92
0.03 0.59 0.68 0.75 0.80 0.70
0.49 0.99 0.54 0.83 0.65 0.68
0.98 0.90 0.83 0.54 0.53 0.57
0.58 0.73 0.88 0.97 0.98 0.03
0.75 0.95 0.55 0.86 0.68 0.52
0.54 0.84 0.75 0.64 0.64 0.58
0.80 0.54 0.78 0.52 0.51 0.64
0.56 0.55 0.51 0.77 0.73 0.88
0.78 0.64 0.07 0.62 0.83 0.52
0.62 0.92 0.82 0.51 0.53 0.81
0.77 0.60 0.63 0.59 0.51 0.81
0.88 0.09 0.79 0.58 0.71 0.72
0.59 0.75 0.68 0.55 0.65 0.69
0.75 0.97 0.58 0.82 0.93 0.04
0.01 0.91 0.81 0.75 0.52 0.75
0.73 0.57 0.57 0.59 0.91 0.66
0.39 0.52 0.73 0.63 0.92 0.73
0.60 0.99 0.66 0.06 0.97 0.66
0.70 0.66 0.98 0.97 0.24 0.56
0.65 0.81 0.93 0.87 0.25 0.58
0.76 0.95 0.53 0.63 0.86 0.55
0.95 0.75 0.67 0.66 0.19 0.64
0.68 0.57 0.55 0.68 0.71 0.87
0.79 0.71 0.55 0.96 0.71 0.33
0.46 0.82 0.51 0.54 0.72 0.89
0.46 0.65 0.56 0.82 0.90 0.51
0.78 0.87 0.58 0.96 0.16 0.73
0.53 0.71 1.00 0.78 0.54 0.52
0.91 0.51 0.96 0.60 0.66 0.87
0.62 0.70 0.55 0.57 0.53 0.60
0.62 0.29 0.02 0.79 0.88 0.92
0.51 0.70 0.96 0.79 0.75 0.58
0.61 0.71 0.28 0.77 0.68 0.78
0.72 0.68 0.61 0.89 0.69 0.54
0.78 0.51 0.89 0.61 0.62 0.61
0.54 0.65 0.17 0.82 0.82 0.85
0.91 0.84 0.67 0.33 0.55 0.68
0.59 0.54 0.56 0.85 0.89 0.51
0.73 0.84 0.71 0.51 0.55 0.56
0.75 0.55 0.59 0.97 0.08 0.90
0.78 0.52 0.53 0.99 0.74 0.15
0.83 0.82 0.91 0.51 0.51 0.73
0.50 0.75 0.97 0.81 0.54 0.76
