250 6
46 30 100 94 53 1
58 82 75 59 51 77
51 83 72 62 55 72
30 76 94 77 87 98
63 98 63 81 93 95
92 82 62 51 79 69
86 78 65 58 65 99
57 98 69 73 100 58
92 61 96 72 72 8
53 58 91 68 75 100
54 97 88 61 94 52
69 47 88 56 81 82
87 44 89 82 99 68
68 79 80 75 93 96
52 99 57 96 70 63
55 72 62 77 100 51
51 80 90 87 95 76
83 100 52 66 83 63
60 88 78 73 80 51
91 85 62 63 60 52
83 69 95 79 58 74
72 51 60 55 100 64
64 58 73 68 69 85
88 56 87 61 68 88
66 67 63 69 35 93
88 85 80 80 59 57
70 56 57 63 61 71
77 93 61 86 66 69
28 89 64 78 57 71
92 66 92 47 70 61
92 78 66 57 84 89
52 54 90 81 71 70
56 63 61 59 74 84
51 35 64 90 93 100
54 61 72 54 52 63
81 90 18 71 71 89
68 59 89 85 81 64
51 70 69 64 3 60
52 36 76 86 53 52
61 55 56 93 93 53
66 72 64 63 9 61
99 72 17 60 81 59
69 41 41 60 23 98
45 71 73 61 97 61
77 81 90 74 58 56
94 51 77 76 67 55
68 64 71 59 64 97
65 55 91 52 88 92
61 67 60 51 61 72
63 99 67 59 65 65
84 15 56 79 73 53
55 90 52 81 81 100
53 99 56 78 98 46
97 10 71 78 86 92
54 40 88 83 94 91
58 71 68 61 52 96
74 56 100 76 55 54
3 85 90 55 51 94
64 75 73 96 98 1
86 57 99 70 94 65
42 82 87 66 95 84
91 12 69 64 54 66
78 78 26 69 75 80
80 58 83 55 98 71
62 59 85 65 92 97
66 98 82 56 97 8
51 71 71 99 72 49
60 89 90 63 72 2
83 57 78 55 95 70
84 77 52 54 56 96
19 72 57 58 86 58
93 53 5 71 98 78
19 75 58 70 81 60
90 54 67 97 70 97
65 11 95 62 100 53
63 69 70 55 83 52
18 69 85 79 57 90
41 70 59 71 67 98
79 52 100 81 97 70
87 76 55 55 99 89
64 56 52 98 80 65
92 63 66 55 73 59
98 89 64 60 76 52
63 55 63 53 64 82
75 54 66 52 90 67
96 76 12 72 97 72
39 59 51 83 59 79
52 67 77 56 84 56
75 31 98 74 89 70
54 62 57 51 95 83
63 95 55 76 80 99
86 66 99 4 100 100
61 38 86 95 20 68
92 54 73 63 67 21
88 47 96 55 84 95
88 52 72 99 66 64
64 77 76 58 72 55
70 79 74 60 60 15
80 61 91 51 93 83
90 77 51 80 73 86
54 82 56 88 42 63
63 89 59 59 69 89
55 57 89 64 59 64
69 78 54 86 94 71
82 51 40 86 71 10
60 63 90 88 97 51
25 74 69 82 99 55
85 57 54 99 54 88
54 66 64 78 73 59
58 45 58 84 64 85
95 86 86 66 12 51
89 52 87 58 62 86
53 75 61 71 65 57
80 90 71 54 71 70
68 78 74 21 83 67
71 90 55 54 52 72
32 64 59 52 60 97
71 51 60 59 62 64
53 55 56 69 74 58
63 56 70 97 72 80
87 77 76 53 54 63
86 63 54 32 87 68
68 76 99 22 84 83
57 98 51 65 57 65
12 53 60 66 77 75
23 70 91 93 67 87
22 74 56 61 82 91
54 95 1 81 91 70
68 65 95 62 89 58
64 74 60 70 64 66
80 78 94 82 59 51
86 68 53 26 57 98
15 94 98 66 71 67
72 74 52 83 54 88
57 96 78 63 51 97
51 91 52 76 60 40
92 70 30 71 78 83
8 94 80 73 98 97
93 71 40 54 80 64
34 86 78 96 60 78
72 69 83 62 37 58
87 73 51 69 76 62
84 19 79 70 65 82
90 83 57 56 53 81
65 69 57 76 54 63
55 84 71 67 86 10
55 100 62 59 59 55
60 72 66 57 58 67
57 51 49 79 93 84
88 53 30 90 79 92
83 56 65 2 89 58
20 67 91 35 68 75
72 69 70 54 51 94
40 72 60 65 63 84
54 63 87 52 53 83
89 55 65 96 51 63
7 75 97 54 69 92
54 54 53 62 64 79
92 51 66 79 60 89
60 56 91 52 82 93
53 97 97 55 96 59
94 96 58 84 54 56
90 83 53 98 55 63
88 47 76 93 99 51
59 51 77 51 77 96
77 5 62 64 98 76
53 39 74 95 95 78
74 71 96 61 51 92
65 80 70 100 61 39
51 85 51 98 90 75
58 92 85 60 74 42
67 70 67 17 69 96
27 56 100 3 99 98
94 94 69 94 51 53
89 80 54 67 80 53
71 58 58 78 51 63
59 54 71 53 64 79
62 69 51 55 97 68
65 76 35 90 16 88
68 55 63 96 73 59
32 52 66 61 63 61
67 55 88 64 53 80
61 83 68 34 76 74
10 65 73 92 68 74
51 71 53 71 64 74
83 76 63 51 52 73
58 66 53 69 54 99
12 58 68 94 77 54
54 73 57 56 76 72
70 61 92 60 61 26
68 53 74 55 71 69
97 74 95 68 60 51
2 66 59 71 78 93
66 59 91 55 56 80
88 14 77 94 6 82
82 28 59 94 55 5
52 58 69 90 92 59
97 64 59 62 25 78
79 94 62 62 87 9
69 76 61 68 32 82
64 97 13 55 93 57
62 87 51 98 56 57
83 83 76 2 81 75
56 92 54 65 57 53
72 52 60 65 58 65
32 68 54 90 100 90
54 67 66 53 64 77
57 37 54 99 52 72
68 54 78 63 98 57
51 52 61 56 90 73
70 55 71 63 65 56
89 13 70 95 82 66
82 73 59 77 88 57
80 57 69 29 62 54
93 55 82 94 52 70
70 88 41 93 56 70
57 85 53 36 93 71
66 100 6 62 85 76
87 69 73 85 76 52
49 60 59 92 72 77
97 55 60 89 68 58
82 34 57 75 52 50
54 63 68 57 99 55
83 51 52 87 58 91
59 70 62 76 57 61
68 66 66 76 66 51
67 84 92 13 86 81
88 67 51 63 54 94
56 77 87 53 71 59
94 80 54 86 56 54
82 68 55 89 56 78
63 96 61 61 53 82
56 63 54 88 68 73
55 74 98 76 54 52
60 56 53 57 78 60
97 93 97 39 97 16
54 56 54 86 67 68
76 1 91 100 53 56
62 67 78 73 65 55
91 54 86 64 99 52
58 64 55 65 52 88
58 76 52 78 73 62
68 66 74 53 73 73
76 95 71 60 78 55
72 79 54 73 75 63
58 64 93 67 55 57
55 77 66 96 62 74
91 59 66 58 51 68
52 61 72 60 66 61
70 51 61 68 57 55
