0.59 0.89 0.20 0.15 0.04 0.79
0.82 0.86 0.70 0.87 0.99 0.33
0.66 0.35 0.74 0.61 0.98 0.83
0.30 0.39 0.31 0.17 0.50 0.38
0.06 0.60 0.68 0.97 0.95 0.90
0.55 0.24 0.88 1.00 0.55 0.53
0.11 0.46 0.11 0.38 0.01 0.39
0.64 0.15 0.72 0.93 0.07 0.43
0.53 0.63 0.70 0.77 0.45 0.30
0.89 0.77 0.76 0.23 0.15 0.82
0.84 0.81 0.58 0.77 0.56 0.01
0.66 0.57 0.56 0.62 0.64 0.29
0.50 0.04 0.96 0.09 0.03 0.16
0.56 0.65 0.04 0.66 0.83 0.57
0.25 0.17 0.45 0.23 0.24 0.10
0.60 0.36 0.90 0.05 0.12 0.83
0.68 0.04 0.74 0.60 0.55 0.91
0.81 0.57 0.78 0.10 0.54 0.83
0.85 0.32 0.27 0.55 0.83 0.79
0.07 0.99 0.56 0.65 0.62 0.99
0.05 0.37 0.21 0.39 0.80 0.30
0.73 0.87 0.05 0.51 0.90 0.94
0.97 0.15 0.83 0.52 0.84 0.78
0.58 0.78 0.66 0.05 0.85 0.19
0.91 0.96 0.07 0.57 0.01 0.08
0.14 0.73 0.89 0.51 0.73 0.24
0.03 0.69 0.76 0.90 0.51 0.51
0.55 0.52 0.08 0.70 0.98 0.54
0.39 0.49 0.32 0.27 0.35 0.16
0.10 0.77 0.82 0.54 0.42 0.71
0.06 0.76 0.66 0.95 0.67 0.81
0.94 0.14 0.54 0.82 0.86 0.43
0.60 0.06 0.75 0.57 0.52 0.82
0.11 0.03 0.37 0.35 0.31 0.41
0.69 0.75 0.64 0.08 0.56 0.96
0.83 0.02 0.77 0.49 0.82 0.55
0.66 0.26 0.93 0.14 0.04 0.72
0.71 0.01 0.97 0.35 0.65 0.86
0.87 0.88 0.83 0.12 0.41 0.74
0.86 0.52 0.58 0.07 0.81 0.75
0.79 0.42 0.05 0.53 0.53 0.56
0.32 0.46 0.31 0.07 0.30 0.76
0.11 0.62 0.60 0.88 0.93 0.18
0.74 0.94 0.61 0.81 0.79 0.07
0.03 0.98 0.97 0.68 0.91 0.61
0.43 0.48 0.08 0.08 0.86 0.26
0.87 0.99 0.81 0.36 0.64 0.08
0.70 0.65 0.74 0.01 0.93 0.70
0.41 0.40 0.35 0.42 0.35 0.28
0.94 0.01 0.95 0.76 0.66 0.67
0.43 0.25 0.58 0.26 0.01 0.06
0.95 0.40 0.44 0.84 0.56 0.19
0.79 0.52 0.79 0.75 0.73 0.01
0.68 0.58 0.59 0.94 0.68 0.01
0.34 0.42 0.18 0.08 0.48 0.43
0.59 0.87 0.57 0.03 0.75 0.55
0.57 0.62 0.53 0.04 0.94 0.45
0.79 0.93 0.78 0.80 0.20 0.04
0.77 0.05 0.84 0.27 0.82 0.71
0.76 0.30 0.34 0.70 0.97 0.82
0.66 0.93 0.49 0.58 0.76 0.08
0.03 0.06 0.43 0.02 0.02 0.44
0.01 0.85 0.70 0.93 0.60 0.74
0.71 0.55 0.02 0.62 0.61 0.84
0.56 0.35 0.49 0.26 0.45 0.09
0.82 0.81 0.24 0.85 0.65 0.23
0.69 0.97 0.01 0.97 0.58 0.25
0.02 0.53 0.84 0.47 0.02 0.66
0.99 0.81 0.51 0.61 0.70 0.03
0.76 0.63 0.01 0.84 1.00 0.98
0.01 0.80 0.70 0.78 0.85 0.60
0.21 0.01 0.05 0.10 0.49 0.28
0.01 0.84 0.61 0.83 0.82 0.97
0.01 0.90 0.66 0.72 0.73 0.65
0.23 0.17 0.33 0.06 0.11 0.23
0.40 0.26 0.53 0.77 0.77 0.01
0.89 0.90 0.04 0.66 0.59 0.44
0.67 0.89 0.04 0.97 0.71 0.87
0.05 0.94 0.18 0.54 0.67 0.90
0.74 0.75 0.81 0.52 0.83 0.02
0.76 0.85 0.01 0.88 0.75 0.22
0.14 0.24 0.95 0.22 0.26 0.01
0.33 0.01 0.89 0.69 0.32 0.53
0.80 0.84 0.73 0.01 0.58 0.91
0.75 0.94 0.04 0.89 0.56 0.97
0.75 0.03 0.87 0.25 0.90 0.17
0.87 0.86 0.02 0.92 0.32 0.62
0.03 0.95 0.62 0.93 0.68 0.24
0.34 0.07 0.03 0.08 0.29 0.31
0.61 0.67 0.73 0.51 0.84 0.04
0.79 0.04 0.57 0.65 0.07 0.66
0.49 0.68 0.64 0.01 0.85 0.54
0.22 0.07 0.88 0.68 0.67 0.13
0.90 0.57 0.90 0.06 0.41 0.09
0.02 0.90 0.96 0.91 0.65 0.43
0.65 0.54 0.43 0.77 0.76 0.10
0.90 0.75 0.40 0.01 0.92 0.86
0.96 0.09 0.97 0.59 1.00 0.09
0.67 0.79 0.17 0.82 0.27 0.30
0.96 0.10 0.79 0.32 0.94 0.18
0.75 0.91 0.22 0.77 0.85 0.23
0.84 0.61 0.10 0.73 0.28 0.65
0.82 0.09 0.92 0.66 0.82 0.07
0.13 0.83 0.17 0.81 0.82 0.34
0.63 0.99 0.02 0.79 0.57 0.90
0.11 0.63 0.07 0.86 0.71 0.90
0.33 0.23 0.09 0.26 0.09 0.31
0.51 0.93 0.01 0.62 0.72 0.76
0.74 0.30 0.76 0.61 0.93 0.01
0.05 0.75 0.06 0.86 0.87 0.37
0.97 0.18 0.12 0.67 0.69 0.26
1.00 0.96 0.06 0.73 0.65 0.07
0.05 0.78 0.03 0.94 0.83 0.50
0.65 0.25 0.10 0.36 0.97 0.26
0.54 0.82 0.19 0.86 0.48 0.04
0.72 0.79 0.51 0.07 0.61 0.13
0.92 0.99 0.60 0.58 0.57 0.05
0.86 0.82 0.02 0.74 0.58 0.83
0.86 0.70 0.48 0.38 0.14 0.12
0.64 0.69 0.62 0.55 0.85 0.05
0.62 0.81 0.02 0.46 0.90 0.54
0.02 0.87 0.59 0.59 0.52 0.78
0.01 0.94 0.59 0.68 0.86 0.06
0.50 0.51 0.24 0.24 0.17 0.32
0.02 0.71 0.77 0.73 0.79 0.94
0.24 0.89 0.58 0.67 0.74 0.07
0.73 0.93 0.02 0.94 0.86 0.67
0.02 0.14 0.37 0.08 0.16 0.21
0.72 0.85 0.04 0.74 0.60 0.15
0.88 0.39 0.02 0.13 0.75 0.89
0.07 0.57 0.08 0.62 0.80 0.70
0.73 0.34 0.24 0.82 0.62 0.19
0.65 0.96 0.12 0.97 0.26 0.22
0.57 0.58 0.19 0.05 0.55 0.76
0.51 0.73 0.40 0.79 0.83 0.03
0.56 0.88 0.74 0.03 0.53 0.41
0.92 0.90 0.61 0.61 0.95 0.05
0.88 0.68 0.54 0.38 0.04 0.11
0.54 0.73 0.01 0.83 0.68 0.79
0.56 0.29 0.30 0.65 0.89 0.11
0.02 0.92 0.23 0.68 0.37 0.78
0.01 0.79 0.56 0.56 0.98 0.67
0.92 0.58 0.64 0.03 0.64 0.11
0.40 0.27 0.28 0.10 0.01 0.25
0.10 0.57 0.15 0.79 0.70 0.54
0.82 0.71 0.02 0.56 0.66 0.52
0.93 0.88 0.86 0.54 0.55 0.02
0.11 0.31 0.03 0.61 0.47 0.70
0.66 0.77 0.91 0.51 0.80 0.01
0.21 0.62 0.66 0.62 0.73 0.13
0.65 0.81 0.06 0.64 0.01 0.77
0.03 0.61 0.06 0.13 0.27 0.85
0.90 0.91 0.01 0.79 0.77 0.77
0.35 0.20 0.32 0.22 0.88 0.21
0.90 0.16 0.56 0.75 0.08 0.26
0.60 0.61 0.93 0.90 0.55 0.02
0.70 0.96 0.59 0.92 0.51 0.02
0.54 0.51 0.97 0.01 0.92 0.70
0.39 0.19 0.40 0.32 0.10 0.39
0.90 0.69 0.11 0.96 0.76 0.24
0.75 0.89 0.01 0.98 0.49 0.80
0.16 0.83 0.69 0.89 0.86 0.05
0.06 0.63 0.81 0.80 0.64 0.17
0.73 0.54 0.67 0.29 0.59 0.01
0.65 0.17 0.26 0.07 0.82 0.51
0.35 0.56 0.68 0.80 0.77 0.03
0.72 0.63 0.63 0.88 0.25 0.04
0.35 0.06 0.84 0.79 0.69 0.25
0.81 0.78 0.98 0.01 0.35 0.65
0.92 0.63 0.81 0.23 0.68 0.03
0.45 0.18 0.70 0.71 0.18 0.10
0.69 0.96 0.82 0.73 0.58 0.02
0.13 0.65 0.95 0.63 0.51 0.02
0.08 0.20 0.02 0.42 0.01 0.25
0.68 0.14 0.01 0.94 0.73 0.67
0.63 0.86 0.58 0.01 0.97 0.94
0.70 0.84 0.71 0.99 0.56 0.02
0.64 0.44 0.01 0.60 0.55 0.56
0.10 0.06 0.19 0.40 0.14 0.24
0.88 0.77 0.57 0.51 0.73 0.04
0.60 0.23 0.78 0.76 0.03 0.16
0.53 0.52 0.27 0.98 0.87 0.08
0.76 0.11 0.85 0.77 0.96 0.01
0.92 0.65 0.01 0.52 0.94 0.58
0.72 0.72 0.24 0.23 1.00 0.25
0.01 0.74 0.91 0.87 0.66 0.99
0.12 0.41 0.24 0.27 0.33 0.37
0.77 0.83 0.30 0.73 0.77 0.02
0.52 0.75 0.40 0.01 0.64 0.10
0.96 0.81 0.91 0.64 0.57 0.01
0.01 0.68 0.71 0.06 0.62 0.75
0.55 0.02 0.35 0.56 0.10 0.73
0.01 0.20 0.79 0.69 0.60 0.81
1.00 0.68 0.14 0.07 0.59 0.75
0.54 0.02 0.99 0.51 0.61 0.14
0.71 0.83 0.94 0.70 0.13 0.03
0.12 0.69 0.97 0.01 0.64 0.51
0.81 0.73 0.58 0.34 0.91 0.05
0.46 0.39 0.27 0.21 0.58 0.18
0.80 0.53 0.01 0.59 0.81 0.54
0.48 0.73 0.71 0.05 0.82 0.37
0.29 0.71 0.56 0.59 0.86 0.02
0.64 0.51 0.56 0.06 0.60 0.12
1.00 0.85 0.23 0.22 0.02 0.66
0.70 0.55 0.63 0.37 0.08 0.05
0.40 0.65 0.20 0.98 0.94 0.01
0.63 0.85 0.79 0.57 0.78 0.04
0.53 0.59 0.84 0.95 0.62 0.01
0.10 0.26 0.17 0.33 0.47 0.16
0.53 0.55 0.03 0.05 0.96 0.78
0.25 0.94 0.01 0.61 0.70 0.88
0.80 0.96 0.57 0.75 0.57 0.01
0.41 0.86 0.73 0.01 0.97 0.97
0.01 0.70 0.62 0.95 0.80 0.67
0.21 0.22 0.30 0.36 0.19 0.07
0.76 0.55 0.29 0.01 0.85 0.60
0.96 0.57 0.63 0.88 0.56 0.03
0.30 0.55 0.91 0.83 0.77 0.05
0.72 0.60 0.07 0.78 0.54 0.19
0.69 0.90 0.02 0.92 0.95 0.22
0.98 0.55 0.74 0.01 0.72 0.57
0.93 0.36 0.45 0.33 0.49 0.09
0.63 0.73 0.01 0.73 0.93 0.65
0.39 0.18 0.30 0.06 0.11 0.29
0.79 0.30 0.64 0.28 0.53 0.04
0.90 0.02 0.97 0.86 0.30 0.27
0.97 0.01 0.99 0.58 0.31 0.79
0.71 0.72 0.61 0.09 0.56 0.13
0.72 0.92 0.23 0.68 1.00 0.13
0.62 0.78 0.86 0.69 0.55 0.01
