60 72 98 20 3 82
97 85 15 75 92 70
99 51 99 7 93 75
76 87 65 98 68 71
56 91 41 85 71 95
61 70 59 67 51 72
66 88 62 80 18 63
66 71 52 85 66 98
75 17 87 67 96 51
47 96 36 21 41 20
36 16 19 32 15 50
31 40 33 80 35 49
13 97 57 78 66 71
66 24 21 14 15 11
61 60 98 29 90 77
44 39 40 26 58 5
26 54 99 69 65 68
61 79 81 55 1 91
3 31 30 85 45 33
56 25 85 99 1 83
75 92 16 69 75 56
44 18 32 46 43 2
83 2 92 98 27 36
53 55 81 87 10 66
5 77 19 79 65 20
15 75 51 53 75 88
67 3 90 92 78 76
32 17 50 62 53 43
29 78 75 76 76 53
16 67 10 38 31 18
58 67 1 62 85 68
26 23 32 19 25 6
53 83 63 10 67 58
73 4 31 10 4 14
12 89 56 53 69 87
95 55 90 7 60 89
24 65 45 71 98 90
87 66 56 46 1 82
1 47 25 16 15 2
64 76 5 35 75 61
68 93 78 95 9 85
84 1 51 55 28 81
52 10 79 89 89 86
31 8 94 25 34 4
83 74 12 36 99 75
62 84 54 12 78 52
61 58 16 85 54 87
26 38 15 20 38 19
87 62 6 100 100 78
1 17 94 80 83 77
92 66 2 89 61 96
25 58 12 3 9 50
97 93 82 6 65 40
9 26 9 30 29 28
64 66 85 88 12 11
67 6 72 57 66 53
72 70 91 2 79 69
79 6 2 75 57 89
9 41 37 38 8 46
91 1 70 20 75 72
52 54 5 99 79 74
95 64 2 74 30 42
41 76 66 51 7 58
55 1 67 72 76 87
4 42 94 73 88 78
65 10 59 32 88 95
26 13 19 61 91 71
82 23 26 80 100 6
100 15 2 97 16 86
88 1 51 52 65 77
35 4 72 53 57 80
55 2 54 98 59 57
97 31 13 3 39 33
93 24 10 74 65 90
66 56 63 55 3 80
56 52 94 77 4 70
7 25 38 2 15 11
57 98 88 10 67 7
56 3 62 73 69 77
87 7 79 97 61 1
15 9 20 13 94 50
21 15 6 25 27 40
68 9 84 7 67 89
7 62 15 93 69 95
85 42 96 60 2 57
78 97 74 72 2 63
15 65 58 69 6 77
64 53 6 17 81 85
47 47 27 9 48 19
79 92 77 66 1 65
85 90 6 56 64 20
92 81 4 69 75 83
54 2 56 89 70 73
26 40 16 1 37 36
53 60 57 75 14 35
84 99 8 75 62 19
83 90 5 53 81 51
45 39 23 24 36 3
18 6 98 68 56 58
100 76 29 51 5 94
36 99 79 69 4 74
94 2 85 88 54 52
59 60 19 99 5 87
27 48 3 22 89 12
22 63 63 95 4 66
88 65 8 66 14 93
82 98 4 39 83 60
67 55 75 80 3 34
88 3 68 74 77 15
57 19 3 51 82 78
67 81 66 98 69 1
32 18 10 5 31 45
91 74 1 100 80 87
54 93 4 89 69 82
24 17 21 18 31 19
71 13 68 63 89 29
69 78 51 52 8 26
57 58 2 6 61 100
45 69 1 51 58 79
6 14 99 97 66 89
58 56 55 76 88 1
59 8 56 61 70 96
71 8 60 29 31 83
83 73 58 60 1 1
51 19 83 59 2 92
15 71 38 69 6 3
29 70 80 39 1 71
66 16 78 79 97 22
55 81 61 71 5 57
84 7 26 56 1 56
59 8 44 40 73 67
61 10 13 70 78 48
6 20 92 99 66 50
81 86 71 97 2 83
77 92 75 64 10 13
70 10 20 37 20 81
65 52 9 59 14 7
70 7 90 83 52 86
11 61 5 58 4 77
2 35 51 65 73 90
65 6 93 58 97 63
83 3 81 36 25 79
53 84 51 73 2 84
32 8 65 59 71 85
73 5 7 95 80 75
56 8 71 67 43 94
42 2 28 36 34 11
74 82 67 64 2 82
2 75 83 78 6 89
40 3 98 81 72 92
56 1 82 95 85 76
23 17 10 42 9 14
3 21 82 95 96 58
10 69 91 91 1 97
72 66 51 56 100 1
53 93 66 94 5 54
17 48 40 71 8 36
21 100 58 75 3 100
61 1 97 89 55 77
92 68 1 51 16 80
65 76 10 3 31 66
67 56 7 4 96 51
94 100 3 64 83 51
27 7 11 19 18 30
78 64 2 78 85 54
27 93 6 11 74 59
94 71 1 72 55 74
58 96 11 73 98 10
16 1 17 30 40 39
8 12 54 100 77 80
1 38 65 87 63 81
97 74 1 95 71 66
92 1 86 57 5 70
85 69 4 55 75 63
28 28 5 49 7 40
76 70 89 84 2 24
84 93 66 53 3 61
73 77 90 4 8 93
60 72 18 17 75 5
52 73 78 77 3 72
8 6 36 99 97 12
37 4 3 89 42 58
64 86 5 100 55 17
64 63 81 52 6 93
59 71 1 99 77 73
100 60 1 82 7 67
36 33 28 11 20 28
71 54 1 37 76 95
70 76 51 67 4 52
81 6 9 71 64 55
38 28 34 79 1 69
5 91 75 65 51 1
13 13 75 51 52 92
93 52 3 90 85 52
58 95 30 96 92 1
2 61 71 1 97 83
21 67 13 49 23 7
54 57 4 67 75 80
5 24 100 100 78 97
72 100 86 1 27 19
26 69 3 88 99 52
57 65 60 23 4 63
95 6 20 3 63 57
71 85 1 60 98 57
3 37 37 18 35 17
97 91 77 31 2 39
73 78 58 59 25 1
74 60 1 81 62 54
89 3 32 12 68 59
52 98 68 62 3 14
36 10 87 15 82 75
60 97 4 67 87 53
52 54 17 79 38 6
57 56 1 92 78 33
77 17 6 60 14 75
70 15 67 97 73 2
71 84 1 76 77 62
22 100 2 71 88 56
24 4 9 32 30 27
54 82 2 62 99 63
52 98 97 54 7 5
53 57 8 82 67 32
10 17 89 88 31 98
76 1 83 91 31 62
100 5 67 84 99 4
80 14 67 57 52 1
100 76 2 49 75 84
9 7 58 70 44 91
39 93 3 60 87 82
63 1 80 52 73 19
