0.02 0.42 0.11 0.85 0.89 0.85
0.55 0.56 0.92 0.61 0.55 0.73
0.82 0.70 0.61 0.90 0.65 0.90
0.18 0.58 0.66 0.55 0.54 0.69
0.83 0.53 0.84 0.55 0.98 0.65
0.63 0.76 0.44 0.73 0.97 0.92
0.91 0.98 0.86 0.47 0.74 0.90
0.97 0.73 0.87 0.72 0.86 0.55
0.61 0.72 0.99 0.87 0.10 1.00
0.49 0.39 0.44 0.68 0.11 0.42
0.20 0.27 0.21 0.28 0.27 0.29
0.67 0.46 0.38 0.29 0.31 0.05
0.08 0.93 0.95 0.63 0.44 0.57
0.68 0.35 0.18 0.28 0.25 0.16
0.02 0.65 0.72 0.57 0.98 0.57
0.98 0.56 0.60 0.67 0.16 0.83
0.51 0.78 0.74 0.06 0.39 0.34
0.07 0.47 0.34 0.37 0.12 0.10
0.93 0.24 0.57 0.88 0.76 0.07
0.63 0.57 1.00 0.71 0.37 0.01
0.80 0.17 0.59 0.67 0.93 0.82
0.75 0.87 0.73 0.32 0.09 0.84
0.49 0.10 0.63 0.28 0.67 0.46
0.43 0.16 0.31 0.49 0.95 0.26
0.15 0.10 0.38 0.36 0.02 0.52
0.81 0.51 0.80 0.95 0.95 0.04
0.51 0.68 0.74 0.16 0.57 0.55
0.95 0.07 0.87 0.61 0.29 0.95
0.68 0.22 0.49 0.50 0.47 0.26
0.93 0.03 0.69 0.31 0.85 0.76
0.95 0.51 0.29 0.86 0.01 0.73
0.95 0.39 0.89 0.15 0.82 0.73
0.93 0.06 0.85 0.65 0.84 0.90
0.19 0.12 0.01 0.19 0.47 0.32
0.73 0.67 0.05 0.62 0.12 0.54
0.69 0.65 0.72 0.06 0.84 0.64
0.68 0.08 0.67 0.92 0.42 0.97
0.37 0.02 0.95 0.72 0.92 0.82
0.28 0.38 0.14 0.07 0.58 0.22
0.93 0.04 0.78 0.70 0.69 0.60
0.65 0.06 0.70 0.75 0.94 0.17
0.87 0.66 0.26 0.88 0.12 0.58
0.54 0.64 0.66 0.80 0.09 0.39
0.50 0.36 0.48 0.20 0.29 0.31
0.68 0.74 0.02 0.99 0.64 0.09
0.55 0.96 0.07 0.92 0.42 0.93
0.22 0.15 0.91 0.53 0.43 0.08
0.63 0.97 0.59 0.22 0.62 0.01
0.17 0.52 0.65 0.06 0.76 0.80
0.94 0.57 0.55 0.70 0.73 0.04
0.81 0.04 0.01 0.61 0.89 0.83
0.51 0.36 0.78 0.16 0.19 0.78
0.97 0.33 0.01 0.68 0.28 0.52
0.10 0.14 0.99 0.85 0.63 0.93
0.54 0.93 0.66 0.07 0.51 0.88
0.04 0.70 0.39 0.83 0.21 0.64
0.99 0.82 0.69 0.01 0.60 1.00
0.85 0.09 0.90 0.58 0.64 0.62
0.37 0.28 0.22 0.23 0.13 0.15
0.99 0.54 0.83 0.05 0.76 0.77
0.70 0.07 0.82 0.92 0.80 0.80
0.13 0.34 0.28 0.21 0.27 0.50
0.04 0.62 0.79 0.87 0.52 0.14
0.46 0.55 0.80 0.04 0.97 0.96
0.97 0.74 0.05 0.17 0.98 0.69
0.54 0.31 0.74 0.12 0.57 0.66
0.79 0.51 0.31 0.14 0.18 0.70
0.56 0.61 0.85 0.03 0.87 0.56
0.91 0.05 0.94 1.00 0.04 0.69
0.16 0.94 0.37 0.98 0.99 0.08
0.79 0.72 0.59 0.60 0.85 0.04
0.35 0.08 0.42 0.46 0.42 0.18
0.68 0.04 0.06 0.79 0.21 0.80
0.72 0.91 0.40 0.15 0.11 0.98
0.53 0.06 0.84 0.54 0.65 0.90
0.82 0.84 0.76 0.85 0.27 0.03
0.56 0.24 0.98 0.18 0.67 0.76
0.94 0.05 0.82 0.24 0.32 0.57
0.60 0.76 0.64 0.55 0.71 0.02
0.57 0.03 0.80 0.73 0.51 0.11
0.80 0.53 0.88 0.05 0.97 0.92
0.47 0.39 0.07 0.47 0.43 0.41
0.65 0.63 0.91 0.15 0.87 0.14
0.05 0.93 0.47 0.69 0.76 0.80
0.57 0.06 0.84 0.68 0.63 0.89
0.56 0.77 0.88 0.26 0.57 0.13
0.87 0.08 0.52 0.36 0.25 0.93
0.63 0.71 0.67 0.08 0.55 0.51
0.42 0.38 0.49 0.21 0.07 0.33
0.06 0.34 0.05 0.64 0.02 0.69
0.02 0.81 0.31 0.69 0.95 0.62
0.63 0.98 0.56 0.18 0.14 0.65
0.76 0.21 0.74 0.04 0.58 0.53
0.63 0.75 0.89 0.89 0.08 0.32
0.02 0.93 0.90 0.82 0.91 0.69
0.98 0.67 0.01 0.65 0.29 0.87
0.68 0.89 0.01 0.64 0.09 0.74
0.56 0.01 0.67 0.61 0.67 0.96
0.06 0.49 0.76 0.44 0.18 0.37
0.63 0.58 0.84 0.86 0.96 0.07
0.09 0.81 0.30 0.10 0.58 0.52
0.69 0.83 0.58 0.81 0.03 0.24
0.40 0.14 0.56 0.03 0.99 0.53
0.05 0.37 0.82 0.86 0.53 0.98
0.75 0.59 0.52 0.90 0.02 0.13
0.02 0.59 0.69 0.68 0.80 0.79
0.37 0.41 0.24 0.42 0.10 0.39
0.32 0.77 0.59 0.68 0.80 0.07
0.02 1.00 0.78 0.84 0.51 0.77
0.08 0.81 0.11 0.72 0.63 0.30
0.06 0.84 0.12 0.63 0.32 0.78
0.01 0.71 0.94 0.92 0.05 0.08
0.55 0.77 0.51 0.76 0.94 0.04
0.97 0.01 0.34 0.77 0.82 0.63
0.87 0.06 0.93 0.67 0.79 0.75
0.95 0.19 0.39 0.93 0.56 0.23
0.04 0.66 0.62 0.54 0.89 0.29
0.71 0.53 0.03 0.88 0.03 0.94
0.30 0.35 0.23 0.37 0.16 0.25
0.95 0.01 0.66 0.86 0.89 0.80
0.64 0.39 0.81 0.60 0.14 0.10
0.76 0.88 0.52 0.94 0.59 0.04
0.83 0.53 0.01 0.70 0.16 0.90
0.30 0.65 0.04 0.54 0.16 0.98
0.23 0.70 0.56 0.29 0.94 0.02
0.85 0.05 0.75 0.99 0.92 0.66
0.87 0.80 0.83 0.93 0.58 0.03
0.16 0.18 0.38 0.21 0.09 0.11
0.08 0.74 0.66 0.01 0.26 0.51
0.93 0.36 0.55 0.08 0.60 0.70
0.20 0.67 0.75 0.57 0.02 0.38
0.04 0.56 0.83 0.68 0.92 0.85
0.01 0.94 0.36 0.74 0.97 0.53
0.56 0.51 0.07 0.97 0.66 0.14
0.02 0.71 0.58 0.54 0.80 0.57
0.36 0.04 0.94 0.87 0.64 0.66
0.18 0.26 0.03 0.10 0.34 0.39
0.92 0.17 0.73 0.99 0.37 0.40
0.71 0.20 0.55 0.69 0.93 0.05
0.04 0.60 0.64 0.26 0.90 0.94
0.99 0.72 0.45 0.06 0.57 0.58
0.43 0.54 0.67 0.41 0.90 0.07
0.64 0.53 0.56 0.67 0.69 0.02
0.68 0.96 0.91 0.86 0.83 0.01
0.40 0.62 0.53 0.06 0.52 0.76
0.73 0.69 0.87 0.05 0.12 0.73
0.50 0.67 0.71 0.06 0.50 0.21
0.61 0.07 0.04 0.52 0.52 0.95
0.96 0.61 0.69 0.12 0.20 0.69
0.85 0.96 0.64 0.64 0.05 0.39
0.62 0.18 0.52 0.10 0.73 0.79
0.26 0.13 0.43 0.25 0.37 0.07
0.04 0.88 0.56 0.69 0.78 0.07
0.84 0.65 0.86 0.85 0.52 0.04
0.76 0.52 0.66 0.09 0.28 0.93
0.02 0.95 1.00 0.60 0.74 0.58
0.05 0.35 0.41 0.50 0.65 0.70
0.76 0.64 0.56 0.16 0.82 0.12
0.13 0.53 0.59 0.18 0.87 0.63
0.96 0.51 0.75 0.08 0.52 0.73
0.49 0.33 0.16 0.30 0.48 0.17
0.02 0.55 0.98 0.94 0.70 0.58
0.97 0.29 0.51 0.02 0.87 0.39
0.13 0.32 0.74 0.53 0.17 0.49
0.75 0.01 0.48 0.81 0.72 0.91
0.74 0.82 0.69 0.18 0.56 0.23
0.81 0.52 0.74 0.03 0.68 0.95
0.05 0.80 0.72 0.93 0.52 0.47
0.11 0.82 0.56 0.85 0.87 0.01
0.02 0.81 0.66 0.16 0.68 0.56
0.77 0.60 0.99 0.73 0.01 0.58
0.14 0.30 0.47 0.47 0.09 0.47
0.78 0.04 0.93 0.66 0.81 0.93
0.01 0.88 0.64 0.78 0.76 0.69
0.46 0.41 0.38 0.16 0.23 0.42
0.55 0.05 0.70 0.33 0.59 0.93
0.65 0.63 0.66 0.60 0.01 0.31
0.72 0.03 0.64 0.83 0.88 0.54
0.55 0.31 0.13 0.55 0.29 0.63
0.61 0.10 0.36 0.91 0.69 0.52
0.79 0.65 0.47 0.80 0.80 0.03
0.05 0.76 0.79 0.61 0.69 0.51
0.14 0.36 0.04 0.50 0.15 0.14
0.92 0.07 0.56 0.94 0.20 0.53
0.56 0.82 0.76 0.14 0.80 0.17
0.92 1.00 0.53 0.02 0.65 0.57
0.12 0.05 0.48 0.72 0.79 0.66
0.71 0.98 0.65 0.02 0.92 0.84
0.98 0.03 0.30 0.14 0.17 0.69
0.53 0.89 0.64 0.53 0.68 0.03
0.90 0.91 0.60 0.04 0.97 0.74
0.08 0.09 0.17 0.28 0.10 0.28
0.78 0.05 0.71 0.72 0.80 0.63
0.82 0.68 0.56 0.95 0.57 0.04
0.16 0.26 0.11 0.36 0.10 0.21
0.06 0.95 0.62 0.64 0.59 0.52
0.71 0.53 0.58 0.70 0.60 0.02
0.53 0.02 0.93 0.81 0.82 0.92
0.48 0.28 0.28 0.01 0.34 0.24
0.56 0.53 0.54 0.78 0.72 0.01
0.37 0.72 0.81 0.03 0.77 0.63
0.75 0.74 0.67 0.04 0.10 0.40
0.01 0.57 0.67 0.75 0.67 0.82
0.07 0.40 0.48 0.49 0.03 0.31
0.04 0.91 0.39 1.00 0.92 0.55
0.56 0.86 0.53 0.78 0.88 0.01
0.71 0.04 0.91 0.57 0.99 0.87
0.80 0.24 0.32 0.08 0.85 0.72
0.67 0.06 0.33 0.80 0.76 0.76
0.52 0.92 0.87 0.15 0.25 0.82
0.13 0.60 0.04 0.59 0.54 0.98
0.22 0.24 0.04 0.12 0.90 0.36
0.62 0.76 0.62 0.56 0.91 0.04
0.01 0.87 0.85 0.63 1.00 0.72
0.50 0.16 0.46 0.41 0.32 0.25
0.05 0.67 0.99 0.47 0.95 0.59
0.49 0.66 0.59 0.24 0.04 0.58
0.80 0.78 0.53 0.04 0.67 0.11
0.63 0.82 0.34 0.91 0.89 0.06
0.49 0.03 0.04 0.52 0.69 0.84
0.69 0.05 0.87 0.62 0.66 0.69
0.05 0.68 0.12 0.27 0.58 0.76
0.68 0.56 0.53 0.55 0.94 0.04
0.60 0.56 0.84 0.52 0.55 0.01
0.16 0.49 0.31 0.18 0.18 0.66
0.60 0.04 0.85 0.79 0.23 0.84
0.34 0.08 0.72 0.59 0.52 0.63
0.03 0.67 0.79 0.70 0.75 0.55
0.02 0.43 0.41 0.46 0.07 0.44
0.08 0.96 0.59 0.15 0.77 0.59
