2 42 11 85 89 85
55 56 92 61 55 73
82 70 61 90 65 90
18 58 66 55 54 69
83 53 84 55 98 65
63 76 44 73 97 92
91 98 86 47 74 90
97 73 87 72 86 55
61 72 99 87 10 100
49 39 44 68 11 42
20 27 21 28 27 29
67 46 38 29 31 5
8 93 95 63 44 57
68 35 18 28 25 16
2 65 72 57 98 57
98 56 60 67 16 83
51 78 74 6 39 34
7 47 34 37 12 10
93 24 57 88 76 7
63 57 100 71 37 1
80 17 59 67 93 82
75 87 73 32 9 84
49 10 63 28 67 46
43 16 31 49 95 26
15 10 38 36 2 52
81 51 80 95 95 4
51 68 74 16 57 55
95 7 87 61 29 95
68 22 49 50 47 26
93 3 69 31 85 76
95 51 29 86 1 73
95 39 89 15 82 73
93 6 85 65 84 90
19 12 1 19 47 32
73 67 5 62 12 54
69 65 72 6 84 64
68 8 67 92 42 97
37 2 95 72 92 82
28 38 14 7 58 22
93 4 78 70 69 60
65 6 70 75 94 17
87 66 26 88 12 58
54 64 66 80 9 39
50 36 48 20 29 31
68 74 2 99 64 9
55 96 7 92 42 93
22 15 91 53 43 8
63 97 59 22 62 1
17 52 65 6 76 80
94 57 55 70 73 4
81 4 1 61 89 83
51 36 78 16 19 78
97 33 1 68 28 52
10 14 99 85 63 93
54 93 66 7 51 88
4 70 39 83 21 64
99 82 69 1 60 100
85 9 90 58 64 62
37 28 22 23 13 15
99 54 83 5 76 77
70 7 82 92 80 80
13 34 28 21 27 50
4 62 79 87 52 14
46 55 80 4 97 96
97 74 5 17 98 69
54 31 74 12 57 66
79 51 31 14 18 70
56 61 85 3 87 56
91 5 94 100 4 69
16 94 37 98 99 8
79 72 59 60 85 4
35 8 42 46 42 18
68 4 6 79 21 80
72 91 40 15 11 98
53 6 84 54 65 90
82 84 76 85 27 3
56 24 98 18 67 76
94 5 82 24 32 57
60 76 64 55 71 2
57 3 80 73 51 11
80 53 88 5 97 92
47 39 7 47 43 41
65 63 91 15 87 14
5 93 47 69 76 80
57 6 84 68 63 89
56 77 88 26 57 13
87 8 52 36 25 93
63 71 67 8 55 51
42 38 49 21 7 33
6 34 5 64 2 69
2 81 31 69 95 62
63 98 56 18 14 65
76 21 74 4 58 53
63 75 89 89 8 32
2 93 90 82 91 69
98 67 1 65 29 87
68 89 1 64 9 74
56 1 67 61 67 96
6 49 76 44 18 37
63 58 84 86 96 7
9 81 30 10 58 52
69 83 58 81 3 24
40 14 56 3 99 53
5 37 82 86 53 98
75 59 52 90 2 13
2 59 69 68 80 79
37 41 24 42 10 39
32 77 59 68 80 7
2 100 78 84 51 77
8 81 11 72 63 30
6 84 12 63 32 78
1 71 94 92 5 8
55 77 51 76 94 4
97 1 34 77 82 63
87 6 93 67 79 75
95 19 39 93 56 23
4 66 62 54 89 29
71 53 3 88 3 94
30 35 23 37 16 25
95 1 66 86 89 80
64 39 81 60 14 10
76 88 52 94 59 4
83 53 1 70 16 90
30 65 4 54 16 98
23 70 56 29 94 2
85 5 75 99 92 66
87 80 83 93 58 3
16 18 38 21 9 11
8 74 66 1 26 51
93 36 55 8 60 70
20 67 75 57 2 38
4 56 83 68 92 85
1 94 36 74 97 53
56 51 7 97 66 14
2 71 58 54 80 57
36 4 94 87 64 66
18 26 3 10 34 39
92 17 73 99 37 40
71 20 55 69 93 5
4 60 64 26 90 94
99 72 45 6 57 58
43 54 67 41 90 7
64 53 56 67 69 2
68 96 91 86 83 1
40 62 53 6 52 76
73 69 87 5 12 73
50 67 71 6 50 21
61 7 4 52 52 95
96 61 69 12 20 69
85 96 64 64 5 39
62 18 52 10 73 79
26 13 43 25 37 7
4 88 56 69 78 7
84 65 86 85 52 4
76 52 66 9 28 93
2 95 100 60 74 58
5 35 41 50 65 70
76 64 56 16 82 12
13 53 59 18 87 63
96 51 75 8 52 73
49 33 16 30 48 17
2 55 98 94 70 58
97 29 51 2 87 39
13 32 74 53 17 49
75 1 48 81 72 91
74 82 69 18 56 23
81 52 74 3 68 95
5 80 72 93 52 47
11 82 56 85 87 1
2 81 66 16 68 56
77 60 99 73 1 58
14 30 47 47 9 47
78 4 93 66 81 93
1 88 64 78 76 69
46 41 38 16 23 42
55 5 70 33 59 93
65 63 66 60 1 31
72 3 64 83 88 54
55 31 13 55 29 63
61 10 36 91 69 52
79 65 47 80 80 3
5 76 79 61 69 51
14 36 4 50 15 14
92 7 56 94 20 53
56 82 76 14 80 17
92 100 53 2 65 57
12 5 48 72 79 66
71 98 65 2 92 84
98 3 30 14 17 69
53 89 64 53 68 3
90 91 60 4 97 74
8 9 17 28 10 28
78 5 71 72 80 63
82 68 56 95 57 4
16 26 11 36 10 21
6 95 62 64 59 52
71 53 58 70 60 2
53 2 93 81 82 92
48 28 28 1 34 24
56 53 54 78 72 1
37 72 81 3 77 63
75 74 67 4 10 40
1 57 67 75 67 82
7 40 48 49 3 31
4 91 39 100 92 55
56 86 53 78 88 1
71 4 91 57 99 87
80 24 32 8 85 72
67 6 33 80 76 76
52 92 87 15 25 82
13 60 4 59 54 98
22 24 4 12 90 36
62 76 62 56 91 4
1 87 85 63 100 72
50 16 46 41 32 25
5 67 99 47 95 59
49 66 59 24 4 58
80 78 53 4 67 11
63 82 34 91 89 6
49 3 4 52 69 84
69 5 87 62 66 69
5 68 12 27 58 76
68 56 53 55 94 4
60 56 84 52 55 1
16 49 31 18 18 66
60 4 85 79 23 84
34 8 72 59 52 63
3 67 79 70 75 55
2 43 41 46 7 44
8 96 59 15 77 59
