0.22 0.72 0.37 0.03 0.51 0.79
0.68 0.58 0.87 0.53 0.80 0.82
0.69 0.60 0.86 0.53 0.81 0.62
0.26 0.25 0.06 0.20 0.31 0.36
0.69 0.91 0.66 0.96 0.65 0.22
0.90 0.71 0.69 0.58 0.01 0.46
0.35 0.22 0.49 0.20 0.20 0.53
0.06 0.07 0.10 0.62 0.47 0.83
0.25 0.08 0.82 0.01 0.46 0.82
0.96 0.31 0.73 0.73 0.65 0.18
0.20 0.92 0.82 0.56 0.77 0.92
0.20 0.18 0.20 0.46 0.16 0.19
0.62 0.02 0.98 0.98 0.71 0.70
0.62 0.15 0.79 0.32 0.71 0.70
0.70 0.54 0.98 0.54 0.78 0.10
0.99 0.89 0.51 0.96 0.15 0.65
0.09 0.14 0.47 0.10 0.45 0.25
0.60 0.91 0.56 0.82 0.67 0.09
0.05 0.78 0.67 0.28 0.99 0.63
0.80 0.76 0.89 0.84 0.90 0.05
0.66 0.54 0.65 0.28 0.05 0.75
0.91 0.23 0.98 0.58 0.78 0.18
0.99 0.12 0.61 0.69 0.67 0.68
0.21 0.43 0.01 0.74 0.08 0.32
0.35 0.06 0.84 0.87 0.82 0.48
0.88 0.59 0.83 0.48 0.51 0.08
0.58 0.95 0.65 0.57 0.89 0.06
0.92 0.70 0.05 0.66 0.66 0.53
0.36 0.28 0.47 0.04 0.46 0.20
0.92 0.78 1.00 0.97 0.86 0.07
0.62 0.13 0.62 0.61 0.99 0.68
0.87 0.08 0.94 0.40 0.12 0.13
0.84 0.70 0.84 0.11 0.01 0.69
0.84 0.13 0.51 0.77 0.82 0.76
0.82 0.46 0.24 0.23 0.41 0.26
0.47 0.54 0.99 0.95 0.02 0.51
0.90 0.75 0.20 0.13 0.53 0.91
0.79 0.57 0.36 0.11 0.54 0.95
0.35 0.80 0.69 0.72 0.62 0.07
0.35 0.11 0.83 0.58 0.64 0.65
0.86 0.85 0.15 0.17 0.73 0.73
0.37 0.17 0.30 0.12 0.15 0.08
0.86 0.02 0.87 0.70 0.92 0.78
0.73 0.10 0.84 0.67 1.00 0.56
0.71 0.55 0.64 0.81 0.02 0.89
0.04 0.18 0.02 0.26 0.32 0.05
0.92 0.80 0.83 0.08 0.43 0.27
0.79 0.94 0.85 0.65 0.97 0.04
0.75 0.05 0.84 0.82 0.57 0.63
0.68 0.89 0.89 0.70 0.07 0.23
1.00 0.46 0.61 0.87 0.06 0.64
0.36 0.12 0.34 0.60 0.14 0.08
0.68 0.56 0.64 0.65 0.09 0.33
0.60 0.90 0.79 0.53 0.80 0.04
0.93 0.59 0.62 0.56 0.12 0.97
0.28 0.30 0.40 0.75 0.12 0.11
0.81 0.90 0.61 0.62 0.13 0.55
0.33 0.07 0.95 0.60 0.87 0.99
0.03 0.76 0.78 0.81 0.70 0.61
0.10 0.48 0.33 0.26 0.01 0.49
0.03 0.40 0.58 0.59 0.14 0.93
0.68 0.11 0.73 0.76 0.71 0.62
0.97 0.03 0.52 0.80 0.84 0.90
0.77 0.06 0.51 0.59 0.55 0.86
0.40 0.01 0.47 0.12 0.07 0.33
0.80 0.04 0.38 0.65 0.90 0.90
0.08 0.93 0.01 0.56 0.06 0.75
0.75 0.69 0.65 0.03 0.70 0.93
0.74 0.75 0.67 0.41 0.07 0.28
0.77 0.72 0.17 0.03 0.68 0.92
0.58 0.84 0.69 0.78 0.05 0.16
0.54 0.58 0.81 0.03 0.61 0.93
0.76 0.78 0.72 0.56 0.89 0.04
0.09 0.35 0.48 0.42 0.24 0.01
0.93 0.14 0.14 0.52 0.52 0.68
0.96 0.14 0.14 0.54 0.85 0.13
0.74 0.07 0.14 0.74 0.81 0.69
0.58 0.90 0.21 0.70 0.13 0.60
0.04 0.49 0.51 0.60 0.01 0.98
0.78 0.81 0.90 0.05 0.58 0.03
0.70 0.84 0.05 0.06 0.89 0.52
0.38 0.14 0.42 0.08 0.26 0.14
0.53 0.94 0.93 0.20 0.01 0.89
0.55 0.08 0.45 0.52 0.74 0.53
0.93 0.77 0.06 0.01 0.65 0.95
0.07 0.57 0.72 0.12 0.74 0.59
0.55 0.66 0.70 0.05 0.34 0.25
0.03 0.60 0.94 0.80 0.72 0.77
0.76 0.89 0.01 0.60 0.77 0.76
0.30 0.26 0.05 0.04 0.35 0.09
0.58 0.73 0.20 0.71 0.06 0.80
0.69 0.57 0.80 0.03 0.61 0.87
0.73 0.86 0.01 0.52 0.75 0.52
0.15 0.30 0.54 0.11 0.24 0.29
0.01 0.86 0.85 0.69 0.69 0.79
0.79 0.58 1.00 0.88 0.08 0.29
0.86 0.55 0.51 0.24 0.67 0.03
0.01 0.90 0.66 0.44 0.28 0.66
0.94 1.00 0.51 0.01 0.59 0.75
0.03 0.54 0.76 0.76 0.83 0.60
0.05 0.25 0.22 0.72 0.30 0.28
0.04 0.95 0.68 0.25 0.97 0.73
0.89 0.82 0.81 0.02 0.99 0.95
0.81 0.37 0.24 0.04 0.33 0.14
0.99 0.78 0.74 0.03 0.60 0.78
0.62 0.59 0.01 0.56 0.88 0.54
0.13 0.23 0.06 0.41 0.05 0.44
0.52 0.10 0.80 0.01 0.55 0.87
0.66 0.67 0.73 0.53 0.11 0.06
0.48 0.78 0.01 0.60 0.66 0.70
0.02 0.97 0.51 0.86 0.69 0.80
0.51 0.72 0.97 0.06 0.62 0.07
0.64 0.89 0.64 0.02 0.54 0.60
0.12 0.25 0.08 0.26 0.12 0.67
0.20 0.04 0.93 0.87 0.22 0.24
0.60 0.62 0.95 0.01 0.72 0.58
0.50 0.15 0.20 0.60 0.86 0.60
0.96 0.01 0.83 0.69 0.98 0.10
0.81 0.55 0.01 0.72 0.75 0.94
1.00 0.65 0.59 0.01 0.83 0.76
0.01 0.38 0.98 0.40 0.30 0.48
0.03 0.51 0.31 0.89 0.42 0.84
0.01 0.78 0.94 0.91 0.67 1.00
0.75 0.65 0.01 0.58 0.66 0.71
0.17 0.35 0.20 0.38 0.08 0.14
0.51 0.84 0.82 0.91 0.02 0.47
0.05 0.69 0.66 0.37 0.12 0.83
0.55 0.60 0.45 0.70 0.70 0.02
1.00 0.15 0.32 0.24 0.96 0.16
0.92 0.52 0.70 0.97 0.08 0.06
0.27 0.02 0.97 0.87 0.78 0.84
0.03 0.78 0.70 0.57 0.59 0.87
0.69 0.81 0.08 0.03 0.48 0.92
0.51 0.96 0.54 0.02 0.60 0.70
0.03 0.85 0.58 1.00 0.60 0.80
0.66 0.47 0.63 0.66 0.01 0.92
0.08 0.06 0.35 0.18 0.43 0.36
0.90 0.03 0.32 0.86 0.57 0.78
0.65 0.58 0.70 0.01 0.08 0.65
0.57 0.68 0.87 0.01 0.84 0.79
0.63 0.78 0.63 0.01 0.90 0.68
0.42 0.40 0.27 0.94 0.07 0.22
0.69 0.27 0.74 0.71 0.04 0.96
0.23 0.01 0.98 0.88 0.73 0.93
0.63 0.57 0.86 0.49 0.12 0.05
0.57 0.71 0.65 0.05 0.07 0.86
0.97 0.03 0.12 0.60 0.64 0.89
0.75 0.67 0.60 0.02 0.92 0.87
0.24 0.20 0.34 0.08 0.22 0.10
0.08 0.61 0.61 0.54 0.04 0.85
0.02 0.58 0.61 0.79 0.64 0.81
0.81 0.53 0.70 0.01 0.63 0.02
0.75 0.79 0.88 0.63 0.23 0.02
0.66 0.83 0.99 0.98 0.07 0.04
0.56 0.92 0.68 0.05 0.05 0.64
0.90 0.02 0.94 0.03 0.60 1.00
0.13 0.13 0.12 0.40 0.07 0.05
0.04 0.53 0.93 0.86 0.30 0.65
0.55 0.16 0.08 0.87 0.96 0.53
1.00 0.67 0.01 0.14 0.51 0.85
0.93 0.55 0.01 0.62 0.99 0.55
0.32 0.01 0.81 0.81 0.45 0.73
0.01 0.86 0.04 0.91 0.73 0.56
0.67 0.10 0.57 0.63 0.76 0.11
0.80 0.01 0.82 0.11 0.88 0.37
0.09 0.74 0.43 0.90 0.07 0.78
0.58 0.93 0.67 0.08 0.85 0.03
0.53 0.18 0.52 0.97 0.53 0.03
0.78 0.16 0.65 0.66 0.01 0.20
0.09 0.72 0.56 0.05 0.45 0.47
0.03 0.90 0.90 0.72 0.67 0.55
0.06 0.78 0.68 0.67 0.93 0.01
0.83 0.43 0.01 0.63 0.66 0.93
0.86 0.11 0.67 0.96 0.56 0.15
0.05 0.16 0.79 0.93 0.60 0.97
0.60 0.82 0.19 0.58 0.01 0.86
0.36 0.33 0.42 0.44 0.04 0.48
0.63 0.57 0.54 0.03 0.77 0.78
0.01 0.29 0.51 0.63 0.70 0.91
0.03 0.59 0.46 0.82 0.59 0.56
0.67 0.74 0.72 0.23 0.71 0.06
0.85 0.08 0.90 0.53 0.37 0.22
0.61 0.63 0.64 0.23 0.77 0.04
0.67 0.10 0.30 0.97 0.27 0.55
0.05 0.66 0.56 0.98 0.26 0.73
0.48 0.04 0.58 0.93 0.65 0.19
0.39 0.85 0.40 0.94 0.81 0.04
0.06 0.55 0.66 0.91 0.27 0.58
0.97 0.11 0.15 0.79 0.32 0.65
0.05 0.11 0.99 0.83 0.18 0.67
0.55 0.15 0.01 0.65 0.99 0.86
0.96 0.04 0.71 0.19 0.71 0.17
0.90 0.09 0.90 0.52 0.72 0.21
0.63 0.10 0.78 0.51 0.68 0.20
0.90 0.87 0.80 0.10 0.06 0.77
0.65 0.07 0.53 0.92 0.79 0.15
0.70 0.62 0.01 0.50 0.94 0.66
0.02 0.53 0.78 0.71 0.51 0.67
0.10 0.18 0.26 0.43 0.18 0.03
0.02 0.83 0.91 0.30 0.78 0.93
0.02 0.98 0.49 0.99 0.58 0.90
0.81 0.64 0.59 0.07 0.02 0.92
0.39 0.21 0.62 0.13 0.62 0.06
0.54 0.02 0.73 0.01 0.54 0.75
0.58 0.17 0.11 1.00 0.64 0.82
0.56 0.54 0.93 0.52 0.05 0.19
0.02 0.76 0.21 0.68 0.60 0.79
0.75 0.52 0.60 0.03 0.72 0.88
0.95 0.94 0.88 0.02 0.27 0.58
0.97 0.60 0.61 0.02 0.67 0.72
0.02 0.45 0.31 0.15 0.31 0.48
0.64 0.56 0.55 0.08 0.61 0.04
0.70 0.58 0.78 0.35 0.57 0.03
0.73 0.74 0.43 0.03 0.97 0.67
0.70 0.27 0.59 0.94 0.06 0.21
0.95 0.66 0.20 0.93 0.89 0.01
0.80 0.20 0.01 0.78 0.57 0.75
0.65 0.58 0.62 0.69 0.07 0.03
0.58 0.92 0.63 0.02 0.60 0.04
0.22 0.70 0.27 0.65 0.82 0.02
0.60 0.40 0.77 0.93 0.03 0.60
0.01 0.84 0.81 0.52 0.68 0.28
0.25 0.04 0.32 0.98 0.98 0.85
0.60 0.57 0.70 0.99 0.03 0.20
0.17 0.01 0.80 0.40 0.86 0.81
0.45 0.66 0.49 0.75 0.02 0.20
0.76 0.33 0.01 0.86 0.54 0.74
0.26 0.94 0.79 0.02 0.56 0.61
0.89 0.57 0.84 0.04 0.21 0.99
0.74 0.61 0.53 0.04 0.24 0.59
