0.73 0.97 0.60 0.27 0.57 0.79
0.79 0.58 0.76 0.26 0.75 0.98
0.86 1.00 0.92 0.80 0.36 0.65
0.89 0.78 0.69 0.64 0.98 0.75
0.86 0.96 0.08 0.86 0.73 0.92
0.56 0.97 0.92 0.18 0.32 0.64
0.32 0.18 0.41 0.04 0.22 0.16
0.13 0.23 0.64 0.13 0.43 0.14
0.07 0.06 0.06 0.78 0.39 0.66
0.90 0.64 0.84 0.65 0.83 0.08
1.00 0.21 0.12 0.52 0.44 0.25
0.57 0.72 0.21 0.75 0.11 1.00
0.23 0.72 0.46 0.15 0.36 0.21
0.95 0.82 0.18 0.69 0.90 0.72
0.88 0.17 0.89 0.60 0.92 0.51
0.91 0.71 0.13 0.87 0.96 0.52
0.20 0.48 0.18 0.06 0.39 0.48
0.77 0.01 0.97 0.99 0.85 0.97
0.68 0.74 0.88 0.68 0.66 0.01
0.05 0.46 0.04 0.32 0.28 0.25
0.72 0.04 0.81 0.51 0.93 0.59
0.90 0.13 0.74 0.94 0.91 0.14
0.77 0.68 0.64 0.58 0.11 0.95
0.03 0.22 0.44 0.41 0.07 0.12
0.57 0.52 0.63 0.54 0.88 0.06
0.77 0.89 0.13 0.93 0.83 0.06
0.24 0.52 0.68 0.68 0.95 0.03
0.87 0.61 0.75 0.02 0.54 0.67
0.70 0.11 0.04 0.47 0.03 0.72
0.60 0.61 0.02 0.15 0.76 0.76
0.55 0.99 0.55 0.29 0.59 0.04
0.14 0.43 0.38 0.23 0.24 0.50
0.55 0.01 0.58 0.95 0.58 0.51
0.75 0.54 0.88 0.71 0.79 0.08
0.53 0.40 0.70 0.04 0.92 0.03
0.67 0.83 0.01 0.59 0.80 0.92
0.14 0.09 0.45 0.43 0.28 0.47
0.63 0.83 0.69 0.71 0.92 0.04
0.03 0.56 1.00 0.59 0.54 0.11
0.67 0.67 0.53 0.39 0.14 0.64
0.68 0.05 0.86 0.78 0.70 0.71
0.24 0.32 0.55 0.08 0.21 0.11
1.00 0.05 0.21 0.58 1.00 0.57
0.71 0.07 0.88 0.73 0.53 0.41
0.70 0.79 0.75 0.18 0.06 0.98
0.91 0.11 0.30 0.23 0.52 0.17
0.59 0.18 0.01 0.61 0.76 0.62
0.85 0.23 0.23 0.41 0.62 0.87
0.98 0.01 0.53 0.66 0.84 0.67
0.47 0.83 0.94 0.51 0.01 0.18
0.78 0.98 0.13 0.65 0.09 0.61
0.70 0.81 0.55 0.80 0.05 0.70
0.60 0.41 0.32 0.71 0.54 0.03
0.97 0.09 0.52 0.68 0.60 0.01
0.98 0.76 0.69 0.51 0.56 0.09
0.35 0.26 0.03 0.17 0.29 0.12
0.72 0.69 0.50 0.66 0.50 0.09
0.67 0.25 0.31 0.54 0.66 1.00
0.99 0.03 0.55 0.60 0.58 0.69
0.81 0.90 0.04 0.75 0.02 0.93
0.82 0.59 0.69 0.80 0.05 0.62
0.10 0.49 0.20 0.15 0.22 0.03
0.64 0.66 0.65 0.25 0.14 0.88
0.76 0.81 0.62 0.01 0.55 0.78
0.90 0.65 0.84 0.14 0.15 0.74
0.14 0.14 0.31 0.60 0.67 0.51
0.90 0.01 0.68 0.88 0.55 0.71
0.72 0.86 0.79 0.24 0.14 0.69
0.13 0.39 0.40 0.40 0.03 0.49
0.02 0.79 0.98 0.68 0.96 0.55
0.52 0.62 0.37 0.52 0.12 0.80
0.58 0.04 0.94 0.80 0.79 0.57
0.67 0.01 0.81 0.93 0.60 0.44
0.49 0.04 0.15 0.31 0.49 0.16
0.73 0.60 0.19 0.03 0.92 0.27
0.68 0.31 0.70 0.76 0.65 0.05
0.79 0.82 0.64 0.02 0.73 0.51
0.85 0.01 0.91 0.59 0.51 0.16
0.86 0.86 0.01 0.67 0.71 0.51
0.88 0.53 0.73 0.01 0.01 0.79
0.02 0.57 0.92 0.74 0.91 0.80
0.27 0.56 0.38 0.25 0.07 0.45
0.23 0.74 0.15 0.52 0.14 0.87
0.60 0.23 0.02 0.54 0.62 0.91
0.68 0.24 0.08 0.58 0.81 0.58
0.66 0.01 0.69 0.72 0.94 0.34
0.09 0.06 0.98 0.88 0.74 0.55
0.01 0.46 0.78 0.90 0.68 0.99
0.03 0.20 0.07 0.41 0.36 0.82
0.56 0.20 0.85 0.85 0.09 0.52
0.93 0.55 0.09 0.14 0.62 0.98
0.91 0.08 0.73 1.00 0.20 0.90
0.95 0.81 0.47 0.61 0.66 0.02
0.01 0.58 0.87 0.79 0.82 0.02
0.67 0.18 0.12 0.99 0.90 0.50
0.91 0.07 0.78 0.70 0.83 0.01
0.94 0.92 0.77 0.68 0.78 0.02
0.22 0.22 0.21 0.98 0.24 0.13
0.08 0.73 0.98 0.13 0.72 0.59
0.60 0.75 0.60 0.64 0.06 0.29
0.61 0.02 0.98 0.67 0.84 0.91
0.27 0.10 0.94 0.40 0.12 0.36
0.89 0.21 0.51 0.99 0.84 0.12
0.82 0.29 0.84 0.02 0.81 0.84
0.84 0.09 0.93 0.75 0.99 0.03
0.79 0.61 0.28 0.86 0.02 0.89
0.90 0.98 0.11 0.15 0.32 0.74
0.70 0.01 0.21 0.87 0.04 0.71
0.69 0.15 0.82 0.69 0.03 0.27
0.09 0.56 0.94 0.17 0.84 0.63
0.89 0.03 0.74 0.62 0.91 0.71
0.86 0.38 0.15 0.26 0.25 0.77
0.65 0.46 0.62 0.84 0.76 0.01
0.62 0.36 0.54 0.95 0.68 0.09
0.20 0.09 0.19 0.53 0.66 0.90
0.72 0.17 0.94 0.08 0.53 0.94
0.65 0.03 0.57 0.07 0.88 0.74
0.51 0.01 0.53 0.70 0.99 0.67
0.34 0.49 0.45 0.36 0.01 0.25
0.97 0.08 0.59 0.26 0.25 0.72
0.52 0.01 0.78 0.31 0.97 0.66
0.96 0.07 0.86 0.29 0.60 0.66
0.57 0.51 0.01 0.65 0.65 0.93
0.81 0.77 0.07 0.92 0.49 0.02
0.58 0.77 0.95 0.05 0.12 0.55
0.73 0.34 0.01 0.60 0.53 0.70
0.51 0.11 0.07 0.56 0.79 1.00
0.75 0.13 0.13 0.98 0.96 0.58
0.69 0.90 0.01 0.58 0.17 0.54
0.65 0.15 0.79 0.54 0.10 0.60
0.51 0.75 0.59 0.80 0.72 0.01
0.67 0.25 0.24 0.01 0.23 0.38
0.02 0.94 0.51 0.91 0.95 0.64
0.85 0.86 0.16 0.14 0.47 0.48
0.73 0.02 0.60 0.62 0.88 0.76
0.74 0.20 0.07 0.97 0.76 0.20
0.94 0.57 0.63 0.21 0.65 0.01
0.06 0.64 0.79 0.21 0.54 0.83
0.34 0.29 0.19 0.44 0.14 0.36
0.51 0.08 0.42 0.92 0.18 0.82
0.70 0.56 0.79 0.07 0.07 0.81
0.02 0.88 0.66 0.76 0.81 0.54
0.61 0.93 0.53 0.01 0.53 0.75
0.92 0.08 0.68 0.55 0.16 0.90
0.83 0.02 0.83 0.01 0.58 0.93
0.97 0.03 0.65 0.69 0.83 0.79
0.38 0.21 0.16 0.40 0.11 0.27
0.79 0.82 0.17 0.13 0.40 0.57
0.61 0.03 0.53 0.82 0.53 0.72
0.07 0.12 0.76 0.73 0.85 0.99
0.19 0.27 0.40 0.43 0.90 0.68
0.57 0.22 0.04 0.79 0.73 0.94
1.00 0.09 0.57 0.80 0.10 0.61
0.57 0.77 0.53 0.13 0.20 0.75
0.80 0.70 0.82 0.99 0.05 0.02
0.09 0.84 0.85 0.17 0.94 0.85
0.01 0.62 0.93 0.80 0.80 0.75
0.18 0.15 0.16 0.23 0.29 0.47
0.31 0.85 0.02 0.53 0.63 0.55
0.01 0.76 0.89 0.95 0.72 0.56
0.02 0.14 0.60 0.65 0.71 0.58
0.90 0.91 0.24 0.71 0.03 0.62
0.66 0.90 0.81 0.01 0.33 0.93
0.06 0.01 0.30 0.27 0.16 0.04
0.95 0.02 0.08 0.74 0.57 0.98
0.73 0.18 0.01 0.93 0.63 0.33
0.02 0.84 0.63 0.65 0.86 0.14
0.06 0.31 0.10 0.81 0.67 0.61
0.55 0.33 0.20 0.80 0.06 0.68
0.53 0.31 0.74 0.69 0.05 0.25
0.01 0.61 0.55 0.63 0.95 0.98
0.87 0.52 0.01 0.58 0.73 0.57
0.02 0.72 0.95 0.88 0.64 0.79
0.01 0.67 0.83 0.73 0.93 0.99
0.34 0.27 0.21 0.21 0.50 0.04
0.26 0.58 0.79 0.42 0.01 0.98
0.85 0.54 0.89 0.99 0.65 0.01
0.02 0.98 0.98 0.86 0.56 0.84
0.71 0.73 0.76 0.01 0.91 0.25
0.84 0.65 0.01 0.89 0.59 0.65
0.33 0.28 0.07 0.64 0.05 0.16
0.77 0.74 0.90 0.89 0.51 0.02
0.56 0.17 0.64 0.15 0.61 1.00
0.22 0.15 0.15 0.23 0.24 0.46
0.59 0.93 0.88 0.68 0.02 0.21
0.58 0.17 0.04 0.48 0.80 0.75
0.75 0.55 0.18 0.02 0.64 0.90
0.79 0.01 0.60 0.76 1.00 0.01
0.92 0.67 0.04 0.04 0.92 0.51
0.88 0.68 0.01 0.69 0.46 0.59
0.14 0.67 0.78 0.84 0.65 0.02
0.01 0.67 0.53 0.54 0.56 0.85
0.66 0.81 0.01 0.81 0.71 0.77
0.25 0.16 0.35 0.10 0.11 0.23
0.54 0.90 0.86 0.61 0.78 0.01
0.01 0.93 0.01 0.09 0.71 0.66
0.48 0.89 0.63 0.03 0.64 0.76
0.80 0.21 0.52 0.70 0.08 0.55
0.01 0.01 0.99 0.95 0.82 0.67
0.96 0.93 0.69 0.17 0.02 0.62
0.66 0.85 0.02 0.63 0.52 0.91
0.13 0.13 0.29 0.37 0.11 0.38
0.95 0.09 0.83 0.01 0.63 0.80
0.55 0.33 0.29 0.11 0.73 0.98
0.56 0.92 0.60 0.02 0.82 1.00
0.81 0.55 0.67 0.11 0.87 0.01
0.97 0.70 0.01 0.56 0.53 0.84
0.01 0.14 0.11 0.05 0.73 0.23
0.76 0.10 0.63 0.79 0.01 0.63
0.02 0.54 0.88 0.88 0.62 0.73
0.56 0.03 0.20 0.35 0.73 0.63
0.88 0.76 0.13 0.96 0.94 0.11
0.01 0.67 0.60 0.87 0.94 0.08
0.39 0.14 0.48 0.30 0.10 0.84
0.39 0.59 0.02 0.72 0.75 0.60
0.46 0.59 0.80 0.77 0.69 0.01
0.02 0.29 0.88 0.70 0.16 0.70
0.86 0.29 0.64 0.82 0.54 0.01
0.30 0.78 0.70 1.00 0.56 0.01
0.01 0.37 0.71 0.88 0.61 0.51
0.55 0.13 0.03 0.63 0.93 1.00
0.62 0.84 0.07 0.70 0.01 0.89
0.69 0.97 0.84 0.10 0.55 0.08
0.07 0.04 0.18 0.27 0.02 0.38
0.72 0.56 0.05 0.68 0.06 0.64
0.50 0.78 0.88 0.02 0.80 0.68
0.51 0.12 0.74 0.66 0.52 0.01
0.55 0.20 0.05 0.59 0.86 0.65
0.64 0.77 0.72 0.03 0.54 0.84
0.02 0.87 0.59 0.72 0.18 0.02
