73 97 60 27 57 79
79 58 76 26 75 98
86 100 92 80 36 65
89 78 69 64 98 75
86 96 8 86 73 92
56 97 92 18 32 64
32 18 41 4 22 16
13 23 64 13 43 14
7 6 6 78 39 66
90 64 84 65 83 8
100 21 12 52 44 25
57 72 21 75 11 100
23 72 46 15 36 21
95 82 18 69 90 72
88 17 89 60 92 51
91 71 13 87 96 52
20 48 18 6 39 48
77 1 97 99 85 97
68 74 88 68 66 1
5 46 4 32 28 25
72 4 81 51 93 59
90 13 74 94 91 14
77 68 64 58 11 95
3 22 44 41 7 12
57 52 63 54 88 6
77 89 13 93 83 6
24 52 68 68 95 3
87 61 75 2 54 67
70 11 4 47 3 72
60 61 2 15 76 76
55 99 55 29 59 4
14 43 38 23 24 50
55 1 58 95 58 51
75 54 88 71 79 8
53 40 70 4 92 3
67 83 1 59 80 92
14 9 45 43 28 47
63 83 69 71 92 4
3 56 100 59 54 11
67 67 53 39 14 64
68 5 86 78 70 71
24 32 55 8 21 11
100 5 21 58 100 57
71 7 88 73 53 41
70 79 75 18 6 98
91 11 30 23 52 17
59 18 1 61 76 62
85 23 23 41 62 87
98 1 53 66 84 67
47 83 94 51 1 18
78 98 13 65 9 61
70 81 55 80 5 70
60 41 32 71 54 3
97 9 52 68 60 1
98 76 69 51 56 9
35 26 3 17 29 12
72 69 50 66 50 9
67 25 31 54 66 100
99 3 55 60 58 69
81 90 4 75 2 93
82 59 69 80 5 62
10 49 20 15 22 3
64 66 65 25 14 88
76 81 62 1 55 78
90 65 84 14 15 74
14 14 31 60 67 51
90 1 68 88 55 71
72 86 79 24 14 69
13 39 40 40 3 49
2 79 98 68 96 55
52 62 37 52 12 80
58 4 94 80 79 57
67 1 81 93 60 44
49 4 15 31 49 16
73 60 19 3 92 27
68 31 70 76 65 5
79 82 64 2 73 51
85 1 91 59 51 16
86 86 1 67 71 51
88 53 73 1 1 79
2 57 92 74 91 80
27 56 38 25 7 45
23 74 15 52 14 87
60 23 2 54 62 91
68 24 8 58 81 58
66 1 69 72 94 34
9 6 98 88 74 55
1 46 78 90 68 99
3 20 7 41 36 82
56 20 85 85 9 52
93 55 9 14 62 98
91 8 73 100 20 90
95 81 47 61 66 2
1 58 87 79 82 2
67 18 12 99 90 50
91 7 78 70 83 1
94 92 77 68 78 2
22 22 21 98 24 13
8 73 98 13 72 59
60 75 60 64 6 29
61 2 98 67 84 91
27 10 94 40 12 36
89 21 51 99 84 12
82 29 84 2 81 84
84 9 93 75 99 3
79 61 28 86 2 89
90 98 11 15 32 74
70 1 21 87 4 71
69 15 82 69 3 27
9 56 94 17 84 63
89 3 74 62 91 71
86 38 15 26 25 77
65 46 62 84 76 1
62 36 54 95 68 9
20 9 19 53 66 90
72 17 94 8 53 94
65 3 57 7 88 74
51 1 53 70 99 67
34 49 45 36 1 25
97 8 59 26 25 72
52 1 78 31 97 66
96 7 86 29 60 66
57 51 1 65 65 93
81 77 7 92 49 2
58 77 95 5 12 55
73 34 1 60 53 70
51 11 7 56 79 100
75 13 13 98 96 58
69 90 1 58 17 54
65 15 79 54 10 60
51 75 59 80 72 1
67 25 24 1 23 38
2 94 51 91 95 64
85 86 16 14 47 48
73 2 60 62 88 76
74 20 7 97 76 20
94 57 63 21 65 1
6 64 79 21 54 83
34 29 19 44 14 36
51 8 42 92 18 82
70 56 79 7 7 81
2 88 66 76 81 54
61 93 53 1 53 75
92 8 68 55 16 90
83 2 83 1 58 93
97 3 65 69 83 79
38 21 16 40 11 27
79 82 17 13 40 57
61 3 53 82 53 72
7 12 76 73 85 99
19 27 40 43 90 68
57 22 4 79 73 94
100 9 57 80 10 61
57 77 53 13 20 75
80 70 82 99 5 2
9 84 85 17 94 85
1 62 93 80 80 75
18 15 16 23 29 47
31 85 2 53 63 55
1 76 89 95 72 56
2 14 60 65 71 58
90 91 24 71 3 62
66 90 81 1 33 93
6 1 30 27 16 4
95 2 8 74 57 98
73 18 1 93 63 33
2 84 63 65 86 14
6 31 10 81 67 61
55 33 20 80 6 68
53 31 74 69 5 25
1 61 55 63 95 98
87 52 1 58 73 57
2 72 95 88 64 79
1 67 83 73 93 99
34 27 21 21 50 4
26 58 79 42 1 98
85 54 89 99 65 1
2 98 98 86 56 84
71 73 76 1 91 25
84 65 1 89 59 65
33 28 7 64 5 16
77 74 90 89 51 2
56 17 64 15 61 100
22 15 15 23 24 46
59 93 88 68 2 21
58 17 4 48 80 75
75 55 18 2 64 90
79 1 60 76 100 1
92 67 4 4 92 51
88 68 1 69 46 59
14 67 78 84 65 2
1 67 53 54 56 85
66 81 1 81 71 77
25 16 35 10 11 23
54 90 86 61 78 1
1 93 1 9 71 66
48 89 63 3 64 76
80 21 52 70 8 55
1 1 99 95 82 67
96 93 69 17 2 62
66 85 2 63 52 91
13 13 29 37 11 38
95 9 83 1 63 80
55 33 29 11 73 98
56 92 60 2 82 100
81 55 67 11 87 1
97 70 1 56 53 84
1 14 11 5 73 23
76 10 63 79 1 63
2 54 88 88 62 73
56 3 20 35 73 63
88 76 13 96 94 11
1 67 60 87 94 8
39 14 48 30 10 84
39 59 2 72 75 60
46 59 80 77 69 1
2 29 88 70 16 70
86 29 64 82 54 1
30 78 70 100 56 1
1 37 71 88 61 51
55 13 3 63 93 100
62 84 7 70 1 89
69 97 84 10 55 8
7 4 18 27 2 38
72 56 5 68 6 64
50 78 88 2 80 68
51 12 74 66 52 1
55 20 5 59 86 65
64 77 72 3 54 84
2 87 59 72 18 2
