0.45 0.91 1.00 0.56 0.77 0.25
0.70 0.51 0.93 0.59 0.81 0.53
1.00 0.98 0.77 0.60 0.72 0.61
0.42 0.32 0.14 0.26 0.17 0.36
0.85 0.98 0.69 0.56 0.81 0.23
0.44 0.16 0.06 0.27 0.24 0.50
0.47 0.14 0.58 0.75 0.80 0.64
0.62 0.52 0.67 0.52 0.68 0.21
0.18 0.67 0.79 0.10 0.94 0.93
0.31 0.70 0.84 0.57 0.92 0.96
0.46 0.83 0.04 0.72 0.65 0.89
0.28 0.26 0.40 0.39 0.13 0.19
0.86 0.66 0.93 0.11 0.67 0.65
0.61 0.73 0.73 0.64 0.99 0.05
0.17 0.32 0.50 0.43 0.48 0.02
0.76 0.63 0.32 0.08 0.53 0.64
0.86 0.58 0.65 0.29 0.02 0.94
0.73 0.14 0.74 0.78 0.75 0.91
0.33 0.15 0.37 0.42 0.01 0.37
0.97 0.73 0.93 0.22 0.55 0.62
0.33 0.95 0.96 0.35 0.91 0.72
0.51 0.51 0.31 0.66 0.52 0.04
0.16 0.11 0.96 0.61 0.94 0.99
0.06 0.99 0.86 0.87 0.73 0.78
0.53 0.09 0.90 0.96 0.81 0.59
0.58 0.77 0.37 0.23 0.93 0.96
0.16 0.67 0.86 0.59 0.89 0.89
0.61 0.60 0.71 0.12 0.97 0.53
0.06 0.41 0.57 0.25 0.23 0.96
0.93 0.01 0.85 0.58 0.73 0.53
0.34 0.19 0.03 0.46 0.28 0.04
0.87 0.80 0.59 0.99 0.57 0.01
0.22 0.63 0.47 0.60 0.25 0.40
0.09 0.80 0.81 0.31 0.58 0.57
0.76 0.13 0.87 0.65 0.78 0.69
0.07 0.84 0.09 0.26 0.20 0.26
0.13 0.51 0.75 0.61 0.82 0.73
0.71 0.61 0.74 0.01 0.95 0.64
0.14 0.46 0.47 0.29 0.03 0.31
0.88 0.05 0.73 0.86 0.80 0.70
0.71 0.06 0.75 0.65 0.99 0.97
0.03 0.31 0.05 0.32 0.37 0.01
0.71 0.04 0.91 0.97 0.81 0.75
0.12 0.11 0.20 0.36 0.45 0.17
0.69 0.94 0.66 0.07 0.67 0.59
0.56 0.03 0.84 0.60 0.66 0.71
0.75 0.01 0.90 0.59 0.61 0.83
0.91 0.37 0.31 0.14 0.07 0.40
0.01 0.94 1.00 0.16 0.75 0.61
0.58 0.85 0.81 0.08 0.82 0.55
0.11 0.24 0.26 0.33 0.48 0.16
0.85 0.70 0.87 0.06 0.85 0.06
0.34 0.06 0.69 0.63 0.94 0.17
0.75 0.55 0.59 0.21 0.42 0.61
0.95 0.24 0.94 0.04 0.99 0.99
0.63 0.59 0.51 0.03 0.81 0.66
0.93 0.70 0.81 0.04 0.82 0.64
0.21 0.60 0.25 0.20 0.58 0.54
0.63 0.12 0.97 0.89 0.09 0.55
0.65 0.01 0.56 0.85 0.81 0.96
0.01 0.35 0.28 0.05 0.14 0.02
0.54 0.85 0.02 0.81 0.85 0.63
0.55 0.10 0.51 0.55 0.88 0.93
0.53 0.89 0.02 0.96 0.75 0.82
0.33 0.39 0.27 0.08 0.22 0.40
0.96 0.02 0.76 0.97 0.94 0.95
0.89 0.61 0.69 0.02 0.43 0.58
0.81 0.88 0.27 0.96 0.02 0.48
0.81 0.64 0.19 0.20 0.58 0.94
0.64 0.05 0.41 0.62 0.97 0.75
0.66 0.85 0.76 0.01 0.60 0.96
0.06 0.43 0.02 0.43 0.44 0.47
0.26 0.04 0.53 0.97 0.67 0.80
0.88 0.07 0.63 0.89 0.65 0.54
0.53 0.65 0.84 0.13 0.66 0.01
0.65 0.64 0.01 0.57 0.56 0.80
0.18 0.13 0.13 0.21 0.26 0.45
0.58 0.66 0.18 0.11 0.58 0.77
0.89 0.75 0.72 0.03 0.76 0.55
0.19 0.16 1.00 0.14 0.20 0.40
0.65 0.08 0.67 0.63 0.57 0.61
0.05 0.23 0.98 0.63 0.56 0.75
0.43 0.01 0.66 0.77 0.73 0.55
0.91 0.13 0.45 0.05 0.03 0.92
0.66 0.57 0.85 0.04 0.91 0.55
0.07 0.54 0.68 0.76 0.02 0.11
0.91 0.80 0.01 0.85 0.51 0.78
0.05 0.10 0.40 0.37 0.28 0.07
0.58 0.70 0.23 0.95 0.26 0.08
0.73 0.07 0.65 0.96 0.92 0.13
0.27 0.01 0.30 0.54 1.00 0.52
0.62 0.34 0.96 0.12 0.61 0.84
1.00 0.68 0.63 0.01 0.80 0.74
0.57 0.03 0.71 0.64 0.90 0.36
0.90 0.97 0.23 0.55 0.16 0.74
0.85 0.11 0.13 0.59 0.47 0.66
0.76 0.88 0.70 0.04 0.56 0.95
0.80 0.05 0.04 0.55 0.96 0.81
0.34 0.96 0.10 0.20 0.44 0.14
0.79 0.08 0.54 0.99 0.72 0.51
0.92 0.67 0.59 0.01 0.93 0.04
0.99 0.86 0.78 0.74 0.02 0.24
0.08 0.62 0.98 0.04 0.58 0.70
0.18 0.03 0.10 0.01 0.41 0.04
0.90 0.93 0.02 0.86 0.51 0.23
0.09 0.06 0.54 0.94 0.01 0.82
0.83 0.10 0.39 0.59 0.12 0.97
0.01 0.28 0.60 0.96 0.84 0.56
0.68 0.02 0.11 0.87 0.85 0.90
0.69 0.87 0.61 0.63 0.11 0.23
0.67 0.02 0.43 0.76 0.79 0.90
0.05 0.55 0.53 0.01 0.89 0.66
0.73 0.01 0.69 0.56 0.64 0.96
0.28 0.61 0.58 0.70 0.02 0.98
0.90 0.04 0.02 0.63 0.96 0.72
0.33 0.91 0.19 0.75 0.08 0.96
0.56 0.01 0.52 0.62 0.98 0.33
0.16 0.73 0.26 0.89 0.15 0.86
0.81 0.71 0.83 0.14 0.04 0.94
0.95 0.01 0.80 0.57 0.61 0.64
0.10 0.64 0.63 0.09 0.13 0.05
0.94 0.07 0.57 0.88 0.11 0.84
0.74 0.82 0.26 0.68 0.07 0.51
0.16 0.21 0.62 0.02 0.21 0.56
0.39 0.02 0.63 0.76 0.85 0.70
0.79 0.77 0.63 0.76 0.12 0.09
0.96 0.08 0.85 0.77 0.23 0.23
0.56 0.81 0.91 0.26 0.09 0.74
0.74 0.70 0.06 0.71 0.14 0.91
0.84 0.83 0.02 0.65 0.09 0.58
0.54 0.01 0.89 0.80 0.72 0.97
0.29 0.97 0.16 0.21 0.21 0.39
0.01 1.00 0.73 0.80 0.84 0.01
0.02 0.23 0.89 0.53 0.96 0.95
0.05 0.60 0.77 0.95 0.05 0.86
0.73 0.05 0.58 0.55 0.10 1.00
0.27 0.44 0.43 0.36 0.03 0.01
0.97 0.07 0.80 0.88 0.19 0.73
0.91 0.65 0.01 0.59 0.55 0.85
0.52 0.02 0.53 0.59 0.61 0.86
0.68 0.58 0.47 0.19 0.07 0.68
0.54 0.64 0.01 0.66 1.00 0.63
0.11 0.43 0.11 0.02 0.07 0.50
0.88 0.08 0.95 0.84 0.14 0.80
0.64 0.11 0.40 0.63 0.07 0.98
0.13 0.64 0.81 0.60 0.02 0.31
0.58 0.16 0.91 0.19 0.10 0.64
0.95 0.79 0.01 0.84 0.82 0.70
0.73 0.02 0.76 0.32 0.94 0.59
0.54 0.14 0.87 0.88 0.14 0.99
0.52 0.01 0.89 0.93 0.60 0.88
0.03 0.01 0.58 0.88 0.75 0.92
0.62 0.01 0.65 0.91 0.57 0.66
0.45 0.61 0.38 0.88 0.11 0.07
0.88 0.15 0.09 0.61 0.17 0.76
0.84 0.09 0.78 0.74 0.23 0.71
0.51 0.02 0.90 0.62 0.28 0.39
0.07 0.89 0.05 0.87 0.34 0.79
0.87 0.66 0.04 0.88 0.21 0.67
0.88 0.59 0.29 0.58 0.02 0.74
0.65 0.02 0.87 0.39 0.66 0.76
0.88 0.15 0.04 0.64 0.58 0.64
1.00 0.68 0.17 0.66 0.24 0.31
0.56 0.71 0.04 0.16 0.96 0.70
0.59 0.91 0.14 0.91 0.05 0.79
0.94 0.93 0.93 0.06 0.04 0.71
0.07 0.47 0.49 0.03 0.42 0.10
0.89 0.85 0.01 0.18 0.75 0.78
0.36 0.41 0.02 0.55 0.92 0.67
0.29 0.04 0.77 0.15 0.31 0.88
0.62 0.93 0.08 0.20 0.70 0.75
0.02 0.62 0.97 0.98 0.07 1.00
0.79 0.59 0.08 0.21 0.73 0.75
0.76 0.01 0.97 0.74 0.50 0.70
0.62 0.04 0.85 0.31 0.15 0.87
0.63 0.72 0.02 0.61 0.09 0.72
0.67 0.01 0.71 0.56 0.19 0.67
0.91 0.95 0.80 0.10 0.01 0.51
0.25 0.08 0.05 0.94 0.64 0.62
0.10 0.64 0.94 0.68 0.01 0.82
0.82 0.53 0.02 0.38 0.34 0.69
0.85 0.10 0.10 0.69 0.24 0.73
0.89 0.68 0.07 0.26 0.70 0.72
0.80 0.65 0.01 0.02 0.75 0.96
0.63 0.02 0.80 0.66 0.78 0.55
0.65 0.08 0.76 1.00 0.08 0.07
0.43 0.78 0.01 0.51 0.95 0.03
0.74 0.68 0.06 0.07 0.96 0.53
0.01 0.80 0.92 0.98 0.08 0.52
0.51 0.76 0.51 0.22 0.03 0.78
0.73 0.93 0.02 0.18 0.47 0.78
1.00 0.02 0.54 0.92 0.63 0.65
0.60 0.74 0.02 0.88 0.43 0.59
0.61 0.27 0.57 0.95 0.91 0.01
0.84 0.02 0.66 0.56 0.57 0.85
0.32 0.22 0.47 0.15 0.12 0.12
0.78 0.72 0.63 0.20 0.55 0.01
0.01 0.07 0.97 0.63 0.55 0.68
0.93 0.01 0.55 0.78 0.57 0.85
0.84 0.53 0.41 0.20 0.01 0.54
0.83 0.13 0.06 0.83 0.88 0.76
0.33 0.32 0.11 0.78 0.21 0.53
0.79 0.05 0.86 0.67 0.76 0.03
0.15 0.58 0.99 0.01 0.26 0.80
0.51 0.01 0.95 0.82 0.63 0.74
0.72 0.68 0.51 0.33 0.02 0.70
0.06 0.98 0.68 0.97 0.05 0.88
0.11 0.01 0.84 0.76 0.44 0.51
0.08 0.90 0.72 0.51 0.04 0.55
0.64 0.67 0.01 0.94 0.45 0.75
0.61 0.23 0.32 0.52 0.19 0.75
0.92 0.01 0.68 0.83 0.69 0.83
0.30 0.46 0.08 0.13 0.31 0.10
0.62 0.53 0.01 0.30 0.95 1.00
0.77 0.14 0.56 0.88 1.00 0.02
0.69 0.01 0.99 0.02 0.80 0.80
0.69 0.71 0.36 0.84 0.04 0.78
0.64 0.03 0.71 1.00 0.13 0.80
0.91 0.97 0.07 0.68 0.15 0.57
0.04 0.28 0.80 0.55 0.92 0.97
0.59 0.27 0.64 0.17 0.04 0.78
0.95 0.75 0.04 0.66 0.20 0.27
0.95 0.01 0.86 0.54 0.71 0.63
0.47 0.13 0.62 0.24 0.60 0.01
0.31 0.83 0.66 0.09 0.04 0.55
0.78 0.07 0.90 0.83 0.04 0.80
0.52 0.59 0.19 0.75 0.06 0.88
0.92 0.02 0.14 0.51 0.84 0.74
0.09 0.92 0.93 0.02 0.57 0.93
0.15 0.73 0.58 1.00 0.13 0.19
