45 91 100 56 77 25
70 51 93 59 81 53
100 98 77 60 72 61
42 32 14 26 17 36
85 98 69 56 81 23
44 16 6 27 24 50
47 14 58 75 80 64
62 52 67 52 68 21
18 67 79 10 94 93
31 70 84 57 92 96
46 83 4 72 65 89
28 26 40 39 13 19
86 66 93 11 67 65
61 73 73 64 99 5
17 32 50 43 48 2
76 63 32 8 53 64
86 58 65 29 2 94
73 14 74 78 75 91
33 15 37 42 1 37
97 73 93 22 55 62
33 95 96 35 91 72
51 51 31 66 52 4
16 11 96 61 94 99
6 99 86 87 73 78
53 9 90 96 81 59
58 77 37 23 93 96
16 67 86 59 89 89
61 60 71 12 97 53
6 41 57 25 23 96
93 1 85 58 73 53
34 19 3 46 28 4
87 80 59 99 57 1
22 63 47 60 25 40
9 80 81 31 58 57
76 13 87 65 78 69
7 84 9 26 20 26
13 51 75 61 82 73
71 61 74 1 95 64
14 46 47 29 3 31
88 5 73 86 80 70
71 6 75 65 99 97
3 31 5 32 37 1
71 4 91 97 81 75
12 11 20 36 45 17
69 94 66 7 67 59
56 3 84 60 66 71
75 1 90 59 61 83
91 37 31 14 7 40
1 94 100 16 75 61
58 85 81 8 82 55
11 24 26 33 48 16
85 70 87 6 85 6
34 6 69 63 94 17
75 55 59 21 42 61
95 24 94 4 99 99
63 59 51 3 81 66
93 70 81 4 82 64
21 60 25 20 58 54
63 12 97 89 9 55
65 1 56 85 81 96
1 35 28 5 14 2
54 85 2 81 85 63
55 10 51 55 88 93
53 89 2 96 75 82
33 39 27 8 22 40
96 2 76 97 94 95
89 61 69 2 43 58
81 88 27 96 2 48
81 64 19 20 58 94
64 5 41 62 97 75
66 85 76 1 60 96
6 43 2 43 44 47
26 4 53 97 67 80
88 7 63 89 65 54
53 65 84 13 66 1
65 64 1 57 56 80
18 13 13 21 26 45
58 66 18 11 58 77
89 75 72 3 76 55
19 16 100 14 20 40
65 8 67 63 57 61
5 23 98 63 56 75
43 1 66 77 73 55
91 13 45 5 3 92
66 57 85 4 91 55
7 54 68 76 2 11
91 80 1 85 51 78
5 10 40 37 28 7
58 70 23 95 26 8
73 7 65 96 92 13
27 1 30 54 100 52
62 34 96 12 61 84
100 68 63 1 80 74
57 3 71 64 90 36
90 97 23 55 16 74
85 11 13 59 47 66
76 88 70 4 56 95
80 5 4 55 96 81
34 96 10 20 44 14
79 8 54 99 72 51
92 67 59 1 93 4
99 86 78 74 2 24
8 62 98 4 58 70
18 3 10 1 41 4
90 93 2 86 51 23
9 6 54 94 1 82
83 10 39 59 12 97
1 28 60 96 84 56
68 2 11 87 85 90
69 87 61 63 11 23
67 2 43 76 79 90
5 55 53 1 89 66
73 1 69 56 64 96
28 61 58 70 2 98
90 4 2 63 96 72
33 91 19 75 8 96
56 1 52 62 98 33
16 73 26 89 15 86
81 71 83 14 4 94
95 1 80 57 61 64
10 64 63 9 13 5
94 7 57 88 11 84
74 82 26 68 7 51
16 21 62 2 21 56
39 2 63 76 85 70
79 77 63 76 12 9
96 8 85 77 23 23
56 81 91 26 9 74
74 70 6 71 14 91
84 83 2 65 9 58
54 1 89 80 72 97
29 97 16 21 21 39
1 100 73 80 84 1
2 23 89 53 96 95
5 60 77 95 5 86
73 5 58 55 10 100
27 44 43 36 3 1
97 7 80 88 19 73
91 65 1 59 55 85
52 2 53 59 61 86
68 58 47 19 7 68
54 64 1 66 100 63
11 43 11 2 7 50
88 8 95 84 14 80
64 11 40 63 7 98
13 64 81 60 2 31
58 16 91 19 10 64
95 79 1 84 82 70
73 2 76 32 94 59
54 14 87 88 14 99
52 1 89 93 60 88
3 1 58 88 75 92
62 1 65 91 57 66
45 61 38 88 11 7
88 15 9 61 17 76
84 9 78 74 23 71
51 2 90 62 28 39
7 89 5 87 34 79
87 66 4 88 21 67
88 59 29 58 2 74
65 2 87 39 66 76
88 15 4 64 58 64
100 68 17 66 24 31
56 71 4 16 96 70
59 91 14 91 5 79
94 93 93 6 4 71
7 47 49 3 42 10
89 85 1 18 75 78
36 41 2 55 92 67
29 4 77 15 31 88
62 93 8 20 70 75
2 62 97 98 7 100
79 59 8 21 73 75
76 1 97 74 50 70
62 4 85 31 15 87
63 72 2 61 9 72
67 1 71 56 19 67
91 95 80 10 1 51
25 8 5 94 64 62
10 64 94 68 1 82
82 53 2 38 34 69
85 10 10 69 24 73
89 68 7 26 70 72
80 65 1 2 75 96
63 2 80 66 78 55
65 8 76 100 8 7
43 78 1 51 95 3
74 68 6 7 96 53
1 80 92 98 8 52
51 76 51 22 3 78
73 93 2 18 47 78
100 2 54 92 63 65
60 74 2 88 43 59
61 27 57 95 91 1
84 2 66 56 57 85
32 22 47 15 12 12
78 72 63 20 55 1
1 7 97 63 55 68
93 1 55 78 57 85
84 53 41 20 1 54
83 13 6 83 88 76
33 32 11 78 21 53
79 5 86 67 76 3
15 58 99 1 26 80
51 1 95 82 63 74
72 68 51 33 2 70
6 98 68 97 5 88
11 1 84 76 44 51
8 90 72 51 4 55
64 67 1 94 45 75
61 23 32 52 19 75
92 1 68 83 69 83
30 46 8 13 31 10
62 53 1 30 95 100
77 14 56 88 100 2
69 1 99 2 80 80
69 71 36 84 4 78
64 3 71 100 13 80
91 97 7 68 15 57
4 28 80 55 92 97
59 27 64 17 4 78
95 75 4 66 20 27
95 1 86 54 71 63
47 13 62 24 60 1
31 83 66 9 4 55
78 7 90 83 4 80
52 59 19 75 6 88
92 2 14 51 84 74
9 92 93 2 57 93
15 73 58 100 13 19
