41 98 54 15 78 90
75 39 99 80 71 99
81 100 66 98 72 84
77 61 85 71 70 62
78 97 92 37 36 91
93 22 3 52 30 56
29 35 81 24 25 50
51 95 75 54 85 58
37 77 58 82 88 81
24 20 18 21 50 43
57 88 59 88 44 86
63 93 43 96 38 84
84 94 67 91 87 31
4 15 15 22 3 13
18 16 37 5 18 90
24 1 6 21 22 4
65 91 37 95 67 3
98 63 2 53 86 69
91 97 62 14 96 85
38 10 22 16 13 2
51 66 84 11 72 71
16 76 59 13 62 88
92 88 3 93 69 79
57 79 57 13 70 73
18 40 11 6 88 72
52 93 65 4 32 87
3 68 97 67 61 58
30 14 21 8 46 98
2 39 32 18 11 24
65 24 58 2 45 68
94 54 4 4 85 94
5 52 75 11 57 93
52 68 2 71 88 52
93 85 4 9 88 2
61 70 100 6 72 75
10 8 38 83 64 47
67 92 68 10 60 52
92 71 79 11 89 51
48 8 46 15 76 34
79 85 1 4 76 96
1 74 65 81 1 97
79 90 99 1 59 83
8 51 5 70 57 88
4 17 1 86 31 23
99 88 1 60 51 13
64 57 53 9 27 67
56 60 91 2 62 74
60 86 63 1 90 60
38 15 16 39 1 35
98 60 2 77 87 81
83 9 54 97 66 1
71 75 65 7 93 24
51 18 4 76 88 92
46 44 12 5 27 19
1 60 57 2 56 77
22 10 81 6 61 83
71 88 4 38 96 52
86 92 3 4 97 68
2 61 66 70 1 55
93 96 22 4 71 68
73 61 67 6 26 60
3 66 9 75 59 81
51 69 2 47 81 69
60 89 68 5 5 21
84 78 1 8 81 92
44 87 91 9 51 56
19 57 71 99 89 10
30 74 67 44 92 1
51 93 3 52 78 93
14 17 49 2 11 21
84 5 4 90 97 53
10 54 43 3 53 57
1 66 82 70 54 96
99 76 1 59 70 80
24 88 55 1 63 88
3 62 59 1 66 92
43 2 12 27 9 53
89 53 2 73 67 79
80 84 3 61 65 56
38 46 25 7 44 31
6 61 69 2 73 75
94 63 1 15 57 55
23 13 56 32 77 22
76 99 2 61 78 65
3 7 62 69 100 51
73 87 90 53 51 1
54 57 20 2 77 83
59 79 8 8 52 82
59 41 57 1 89 87
1 71 5 56 77 62
1 75 63 59 54 93
19 46 26 17 7 1
1 73 57 22 62 60
52 58 1 63 88 77
52 92 3 85 98 33
93 1 2 51 56 56
44 9 11 8 11 26
1 83 76 55 91 52
84 14 1 91 82 60
3 71 71 17 58 71
2 69 2 80 59 82
74 67 53 5 83 4
79 11 1 62 100 65
29 28 10 15 79 6
1 35 97 93 72 51
94 7 79 82 7 69
65 56 75 1 70 65
1 77 81 68 53 96
32 24 4 44 8 70
87 5 4 74 65 58
14 13 59 67 19 36
36 63 2 63 95 96
84 68 25 90 90 1
58 88 39 2 86 51
50 56 2 59 75 88
78 98 1 71 78 98
12 7 9 5 43 19
52 52 75 1 77 58
7 55 6 81 93 13
20 84 1 80 92 59
95 89 85 1 71 57
3 86 88 86 70 11
68 20 3 69 87 89
28 14 12 3 38 47
10 1 93 77 78 98
54 88 92 70 5 4
2 66 2 97 85 77
94 5 95 2 91 67
2 11 82 89 94 69
9 52 21 92 53 12
1 29 25 63 70 97
90 58 5 18 92 71
1 94 34 9 100 97
3 70 30 52 96 95
67 16 96 72 56 1
99 100 61 19 3 41
67 20 95 74 57 1
85 55 94 1 62 66
97 81 55 22 1 66
98 98 1 82 80 46
75 41 5 48 86 6
69 86 18 78 95 3
69 64 80 3 7 95
3 15 75 56 96 79
1 62 93 70 92 60
33 1 15 47 9 38
95 91 3 67 35 52
6 12 79 96 63 100
14 57 89 59 60 6
14 57 1 10 84 69
1 57 66 69 84 53
1 58 96 75 59 52
40 6 15 17 23 80
55 86 74 10 8 84
3 65 21 84 62 74
74 28 2 64 81 4
33 35 97 92 27 3
2 58 52 56 10 9
64 61 13 81 7 11
10 70 5 54 97 100
58 64 78 86 5 3
1 86 71 91 70 52
1 80 78 74 70 51
84 12 54 67 3 72
11 63 64 1 21 76
65 52 1 70 84 69
13 32 13 21 41 10
80 56 1 51 77 62
46 99 71 1 67 53
60 72 1 66 78 59
77 26 4 71 57 69
24 17 43 3 2 60
69 56 3 68 70 65
56 99 4 99 68 1
100 71 49 12 77 10
52 56 9 11 54 1
75 61 2 52 55 62
82 39 10 66 9 65
96 81 62 7 55 1
93 56 2 71 52 79
67 6 37 10 6 3
9 10 71 28 52 72
89 80 21 1 94 99
85 21 89 1 99 61
3 83 52 87 7 61
1 83 58 36 69 24
1 85 63 97 68 20
69 84 81 1 63 70
10 43 37 17 41 16
100 69 18 90 15 5
6 80 13 68 100 52
81 55 3 73 65 60
14 78 86 69 64 8
58 83 88 5 71 18
74 87 3 63 90 67
95 61 1 87 91 22
14 2 45 2 75 24
55 58 4 61 77 52
1 70 80 54 4 80
58 91 1 83 79 70
4 46 26 5 35 17
68 96 1 55 13 85
60 33 1 77 56 65
33 89 8 19 59 66
84 69 4 71 55 27
93 60 64 3 70 12
12 51 75 73 97 6
91 26 19 15 10 58
5 86 86 83 53 8
77 70 1 27 51 51
73 50 87 1 74 80
30 75 77 2 2 93
78 55 1 83 53 92
70 11 96 85 4 74
66 67 2 66 100 58
1 32 43 36 69 50
80 61 59 1 61 29
100 11 59 67 4 91
92 93 5 16 70 73
2 94 58 59 76 1
57 66 1 56 70 74
35 7 4 4 35 29
58 65 1 27 16 85
61 54 64 1 62 54
89 64 1 66 96 54
95 71 57 8 10 11
73 63 1 69 77 84
12 29 90 32 6 10
76 7 3 26 61 86
3 30 43 1 98 58
