0.05 0.49 0.96 0.44 0.06 0.98
0.01 0.69 0.99 0.99 0.28 0.92
0.74 0.65 0.57 0.54 0.99 0.87
0.83 0.76 0.93 0.99 0.54 0.60
0.45 0.22 0.08 0.26 0.98 0.47
0.93 0.64 0.57 0.82 0.46 0.70
0.37 0.87 0.58 0.52 0.25 0.53
0.70 0.80 0.52 0.92 0.20 0.53
0.84 0.86 0.60 0.79 0.84 0.02
0.13 0.02 0.35 0.81 0.92 0.27
0.28 0.43 0.50 0.07 0.43 0.24
0.68 0.79 0.08 0.76 0.76 0.81
0.03 0.31 0.01 0.09 0.06 0.04
0.88 0.04 0.96 0.58 0.71 0.78
1.00 0.59 0.83 0.03 0.58 0.74
0.43 0.12 0.33 0.36 0.43 0.13
0.86 0.83 0.91 0.03 0.79 0.50
0.64 0.28 0.95 0.58 0.33 0.88
0.75 0.11 0.84 0.56 0.69 0.21
0.75 0.91 0.91 0.02 0.53 0.24
0.69 0.07 0.88 0.59 0.56 0.61
0.33 0.48 0.04 0.31 0.16 0.01
0.50 0.02 0.75 0.68 0.79 0.68
0.39 0.31 0.45 0.08 0.48 0.27
0.66 0.24 0.52 0.89 0.16 0.86
0.98 0.71 0.90 0.03 0.91 0.61
0.57 0.03 0.58 0.58 0.51 0.82
0.79 0.70 0.86 0.05 0.71 0.57
0.21 0.10 0.02 0.22 0.46 0.43
0.93 0.18 0.65 0.80 0.09 0.65
0.55 0.08 0.71 0.54 0.83 0.84
0.82 0.82 0.82 0.04 0.87 0.86
0.11 0.10 0.52 0.69 0.95 0.74
0.49 0.22 0.47 0.04 0.21 0.48
0.87 0.57 0.64 0.99 0.03 0.91
0.95 0.57 0.40 0.07 0.85 0.69
0.95 0.98 0.67 0.01 0.99 0.54
0.76 0.08 0.51 0.76 0.78 0.74
0.60 0.58 0.52 0.74 0.02 0.54
0.41 0.17 0.22 0.16 0.33 0.11
0.54 0.99 0.91 0.07 0.18 0.72
0.64 0.72 0.30 0.03 0.99 0.76
0.86 0.39 0.50 0.52 0.80 0.01
0.74 0.58 0.56 0.69 0.01 0.65
0.73 0.94 0.93 0.03 0.83 0.85
0.22 0.47 0.43 0.03 0.17 0.70
0.46 0.20 0.86 0.98 0.07 0.77
0.01 0.73 0.97 0.94 0.63 0.57
0.77 0.51 0.89 0.63 0.01 0.91
0.43 0.22 0.39 0.30 0.07 0.36
0.67 1.00 0.83 0.01 0.62 0.87
0.88 0.74 0.57 0.01 0.72 0.87
0.16 0.25 1.00 0.35 0.67 0.19
0.66 0.57 0.58 0.72 0.02 0.69
0.78 0.35 0.74 0.03 0.61 0.41
0.51 0.61 0.09 0.06 0.79 0.98
0.65 0.20 0.03 0.09 0.77 0.59
0.54 0.03 0.57 0.83 0.53 0.59
0.10 0.17 0.57 0.63 0.33 0.15
0.53 0.01 0.59 0.81 0.77 0.88
0.70 0.21 0.64 0.81 0.16 0.80
0.50 0.24 0.50 0.22 0.18 0.23
0.77 0.06 0.81 0.89 0.90 0.51
0.66 0.01 0.69 0.74 0.81 0.94
1.00 0.03 0.72 0.67 0.86 0.76
0.13 0.22 0.22 0.70 0.23 0.46
0.94 0.22 0.97 0.95 0.32 0.18
0.01 1.00 0.74 0.26 0.87 0.79
0.74 0.26 0.21 0.71 0.41 0.82
0.56 0.56 0.35 0.07 0.70 0.69
0.73 0.06 0.58 0.56 0.81 0.95
0.02 0.94 0.88 0.60 0.69 0.63
0.02 0.07 0.16 0.31 0.45 0.11
0.65 0.06 0.56 0.84 0.84 0.54
0.52 0.61 0.82 0.48 0.03 0.70
0.96 0.59 0.78 0.67 0.04 0.75
0.25 0.43 0.49 0.08 1.00 0.22
0.90 0.64 0.77 0.01 0.59 0.97
0.67 0.02 1.00 0.41 0.55 0.94
0.19 0.06 0.67 0.66 0.88 0.66
0.48 0.21 0.75 0.65 0.26 0.67
0.63 0.98 0.74 0.03 0.96 0.57
0.21 0.44 0.43 0.03 0.45 0.32
0.80 0.04 0.63 0.62 0.59 0.67
0.52 0.85 0.91 1.00 0.02 0.58
0.65 0.85 0.91 0.01 0.82 0.99
0.41 0.18 0.41 0.30 0.23 0.41
0.61 0.11 0.52 0.86 0.04 0.78
0.56 0.04 0.57 0.78 0.66 0.63
0.29 0.02 0.95 0.73 0.78 0.77
0.53 0.04 0.63 0.44 0.74 1.00
0.80 0.01 0.62 0.77 0.71 0.86
0.37 0.14 0.12 0.33 0.04 0.10
0.64 0.89 0.78 0.92 0.01 0.80
0.78 0.03 0.89 0.77 0.97 0.62
0.89 0.62 0.60 0.58 0.02 0.53
0.19 0.16 0.08 0.12 0.38 0.44
0.81 0.81 0.57 0.02 0.75 0.88
0.01 0.82 0.99 0.70 0.96 0.70
0.13 0.26 0.97 0.35 0.01 0.10
0.76 0.84 0.58 0.52 0.01 0.83
0.69 0.23 0.01 0.80 0.77 0.55
0.80 0.01 0.75 0.54 0.20 0.86
0.08 0.01 0.19 0.48 0.24 0.47
0.92 0.77 0.59 0.67 0.03 0.93
0.58 0.51 0.41 0.01 0.97 0.55
0.01 0.67 0.92 0.57 0.17 0.77
0.76 0.93 0.56 0.67 0.03 0.75
0.02 0.35 0.78 0.32 0.79 0.06
0.75 0.02 0.39 0.52 0.77 0.43
0.61 0.01 0.05 0.59 0.54 0.60
0.98 0.89 0.13 0.02 0.77 0.58
0.89 0.03 0.62 0.16 0.61 0.92
0.55 0.34 0.60 0.90 0.03 0.86
1.00 0.61 0.92 0.02 0.78 0.72
0.12 0.05 0.40 0.09 0.48 0.10
0.53 0.53 0.96 0.77 0.02 0.72
0.72 0.73 0.71 0.96 0.01 0.86
0.33 0.21 0.11 0.10 0.07 0.92
0.01 0.76 0.60 0.60 0.49 0.71
0.94 0.07 0.88 0.62 0.18 0.66
0.76 0.14 0.63 0.51 0.08 0.05
0.72 0.62 0.60 0.68 0.03 0.85
0.71 0.06 0.24 0.26 0.72 0.60
0.53 0.28 0.94 0.23 0.76 0.02
0.99 0.83 0.75 0.02 0.73 0.75
0.96 0.62 0.91 0.02 0.97 0.53
0.25 0.09 0.47 0.35 0.16 0.50
0.77 0.04 0.89 0.27 0.65 0.56
0.58 0.62 0.74 0.02 0.19 0.09
0.87 0.54 0.75 0.93 0.02 0.40
0.27 0.73 0.21 0.08 0.43 0.95
0.01 0.87 0.58 0.03 0.66 0.50
0.63 0.04 0.87 0.46 0.56 0.89
0.01 0.77 0.81 0.93 0.85 0.54
0.94 0.06 1.00 0.62 0.08 0.85
0.90 0.19 0.61 0.58 0.81 0.07
0.42 0.89 0.98 0.01 0.57 0.90
0.64 1.00 0.58 0.02 0.69 0.99
0.76 0.36 0.56 0.65 0.91 0.01
0.01 0.52 0.82 0.71 0.84 0.14
0.03 0.11 0.43 0.09 0.48 0.50
0.91 0.75 0.57 0.29 0.05 0.58
0.38 0.71 0.81 0.05 0.86 0.16
0.63 0.03 0.69 0.47 0.58 0.91
0.66 0.75 0.78 0.68 0.03 0.65
0.91 0.14 0.83 0.07 0.79 0.10
0.57 0.67 0.93 0.67 0.02 0.77
0.62 0.51 0.80 0.85 0.02 0.91
0.10 0.08 0.19 0.19 0.50 0.41
0.75 0.81 0.77 0.01 0.85 0.56
0.74 0.23 0.17 0.03 0.74 0.98
0.63 0.11 0.70 0.91 0.42 0.15
0.02 0.69 0.79 0.19 0.54 0.91
0.59 0.19 0.08 0.55 0.08 0.79
0.14 0.92 0.88 0.71 0.04 0.23
0.88 0.62 0.25 0.02 0.62 0.94
0.58 0.85 0.95 0.01 0.93 0.63
0.55 0.53 0.54 0.02 0.24 0.05
0.53 0.05 0.37 0.18 0.98 0.94
0.69 0.02 0.92 0.88 0.85 0.44
0.06 0.09 0.08 0.66 0.95 0.61
0.01 0.94 0.62 0.73 0.52 0.59
0.55 0.88 0.06 0.22 0.03 0.86
0.99 0.03 0.60 0.33 0.90 0.87
0.74 0.96 0.63 0.91 0.02 0.41
0.80 0.80 0.72 0.01 0.70 0.53
0.94 0.36 0.88 0.90 0.12 0.02
0.84 0.15 0.54 0.18 0.14 0.87
0.91 1.00 0.60 0.01 0.90 0.60
0.42 0.87 0.72 0.93 0.01 0.95
0.31 0.95 0.49 0.02 0.36 0.02
0.59 0.72 0.87 0.60 0.01 0.66
0.66 0.89 0.53 0.52 0.03 0.58
0.47 0.26 0.63 0.36 0.37 0.08
0.02 0.87 0.86 0.72 0.34 0.64
0.89 0.52 0.52 0.01 0.96 0.82
1.00 0.13 0.51 0.67 0.25 0.10
0.90 1.00 0.90 0.01 0.38 0.53
0.79 0.81 0.75 0.03 0.05 0.98
0.01 0.69 0.70 0.08 0.81 0.95
0.05 0.25 0.47 0.21 0.06 0.21
0.60 0.83 0.87 0.52 0.01 0.70
0.62 0.34 0.99 0.01 0.60 0.93
0.81 0.36 0.73 0.03 0.73 0.95
0.95 0.83 0.74 0.64 0.01 0.84
0.29 0.09 0.32 0.16 0.55 0.40
0.92 0.57 0.21 0.08 0.93 0.54
0.55 0.09 0.54 0.99 0.15 0.98
0.82 0.84 0.09 0.06 0.87 0.57
0.87 0.35 0.85 0.08 1.00 0.07
0.73 0.75 0.85 0.01 0.60 0.76
0.77 0.79 0.09 0.76 0.03 0.97
0.16 0.93 0.08 0.10 0.01 0.09
0.01 0.78 0.94 0.72 0.82 0.61
0.34 0.54 0.61 0.63 0.05 0.79
0.75 0.17 0.54 0.01 0.71 0.81
0.01 0.64 0.79 0.80 0.60 0.82
0.12 0.09 0.19 0.11 0.17 0.03
0.65 0.63 0.60 0.05 0.01 0.86
0.01 0.35 0.58 0.91 0.04 0.91
0.83 0.03 0.65 0.11 0.80 1.00
0.96 0.63 0.75 0.08 0.02 0.80
0.76 0.06 0.77 0.78 0.08 0.68
1.00 0.70 0.33 0.80 0.01 0.78
1.00 0.65 0.09 0.17 0.02 0.59
0.64 0.83 0.92 0.06 0.02 0.64
0.90 0.23 0.67 0.64 0.01 0.36
0.55 0.64 0.75 0.65 0.04 0.05
0.24 0.64 0.24 0.04 0.54 0.09
0.70 0.55 0.96 0.01 0.59 0.81
0.77 0.10 0.56 0.07 0.82 0.65
0.89 0.11 0.67 0.18 0.09 0.56
0.86 0.01 0.73 0.69 0.13 0.99
0.64 0.32 0.32 0.99 0.72 0.02
0.91 0.03 0.75 0.26 0.66 0.73
0.92 0.64 0.35 0.78 0.02 0.61
0.70 0.86 0.44 0.02 0.94 0.83
0.63 0.09 0.90 0.57 0.10 0.65
0.56 0.63 0.57 1.00 0.01 0.74
0.17 0.17 0.03 0.09 0.05 0.28
0.13 0.76 0.97 0.02 0.88 0.36
0.52 0.04 0.80 0.37 1.00 0.79
0.93 0.64 0.52 0.01 0.95 0.95
0.59 0.71 0.78 0.77 0.02 0.81
0.01 0.73 0.86 0.73 0.23 0.60
0.76 0.33 0.24 0.02 0.30 0.34
0.54 0.87 1.00 0.75 0.02 0.03
0.40 0.57 0.92 0.94 0.02 0.75
0.60 0.48 0.04 0.74 0.04 0.64
