250 6
0.00 0.98 0.22 0.80 0.22 0.95
0.84 0.82 0.78 0.79 0.97 0.86
0.82 0.90 0.66 0.79 0.91 0.46
0.80 0.25 0.82 0.59 0.75 0.86
0.89 0.20 0.26 0.10 0.06 0.06
0.40 0.40 0.49 0.10 0.45 0.33
0.13 0.76 0.65 0.80 0.69 0.01
0.78 0.59 0.38 0.68 0.79 0.67
0.58 0.95 0.59 0.08 0.51 0.81
0.79 0.92 0.08 0.72 0.98 0.88
0.11 0.87 0.76 0.12 0.15 0.20
0.39 0.44 0.08 0.15 0.27 0.07
0.06 0.99 0.58 0.67 0.76 0.17
0.50 0.06 0.54 0.64 0.83 0.61
0.14 0.91 0.61 0.53 0.59 0.86
0.04 0.13 0.43 0.09 0.29 0.77
0.69 0.31 0.40 0.68 0.84 0.79
0.68 0.52 0.99 0.87 0.12 0.64
0.51 0.68 0.99 0.09 0.61 0.52
0.83 0.62 0.93 0.85 0.65 0.03
0.61 0.26 0.34 0.43 0.35 0.40
0.52 0.19 0.69 0.14 0.85 0.73
0.82 0.03 0.67 0.14 0.73 0.72
0.35 0.33 0.41 0.19 0.04 0.09
0.69 0.74 0.66 0.08 0.86 0.73
0.52 0.09 0.61 0.98 0.60 0.82
0.90 0.96 0.61 0.94 0.02 0.83
0.42 0.36 0.25 0.34 0.21 0.16
0.56 0.30 0.96 0.98 0.72 0.55
0.90 0.89 0.83 0.01 0.88 0.60
0.28 0.36 0.43 0.20 0.07 0.46
0.69 0.75 0.06 0.57 0.68 0.60
0.65 0.85 0.71 0.71 0.83 0.05
0.39 0.04 0.32 0.31 0.89 0.02
0.63 0.39 0.52 0.96 0.85 0.03
1.00 0.79 0.08 0.96 0.08 0.03
0.95 0.15 0.88 0.52 0.53 0.65
0.55 0.30 0.75 0.55 0.35 0.10
0.22 0.70 0.18 0.92 1.00 0.97
0.94 0.63 0.93 0.87 0.49 0.01
0.80 0.30 0.27 0.99 0.94 0.58
0.71 0.55 0.53 0.05 0.86 0.87
0.65 0.51 0.99 0.90 0.51 0.05
0.81 0.10 0.59 0.77 0.75 0.18
0.16 0.62 0.18 0.78 0.98 0.90
0.99 0.70 0.06 0.83 0.53 0.38
0.90 0.64 0.86 0.01 0.57 0.79
0.01 0.64 0.54 0.67 0.59 0.94
0.64 0.03 0.13 0.25 0.27 0.77
0.57 0.06 0.23 0.72 0.76 0.02
0.93 0.69 0.51 0.63 0.03 0.87
0.52 0.36 0.02 0.71 0.96 0.14
0.46 0.03 0.17 0.23 0.39 0.21
0.13 0.59 0.77 0.16 0.76 0.54
0.69 0.66 0.05 0.93 0.66 0.36
0.24 0.79 0.37 0.93 0.70 0.03
0.25 0.74 0.95 0.40 0.71 0.76
0.59 0.01 0.82 0.67 0.12 0.93
0.76 0.56 0.05 0.73 0.64 0.14
0.04 0.58 0.84 0.86 0.66 0.51
0.17 0.40 0.14 0.49 0.35 0.47
0.16 0.05 0.77 0.55 0.16 0.95
0.15 0.91 0.58 0.68 0.80 0.06
0.85 0.93 0.70 0.96 0.02 0.98
0.12 0.18 0.70 0.90 0.78 0.62
0.56 0.01 0.55 0.14 0.50 0.57
0.66 0.70 0.06 0.54 0.59 0.99
0.12 0.65 0.65 0.80 0.55 0.27
0.04 0.23 0.23 0.46 0.26 0.03
0.99 0.53 0.95 0.05 0.89 0.08
0.85 0.77 0.76 0.05 0.88 0.25
0.13 0.69 0.15 0.92 0.54 0.97
0.17 0.56 0.05 0.67 0.83 0.73
0.03 0.81 0.96 0.79 0.06 0.82
0.51 0.93 0.73 0.30 0.79 0.06
0.04 0.10 0.64 0.91 0.71 0.98
0.55 0.24 0.75 0.04 0.65 0.71
0.91 0.78 0.60 0.01 0.76 0.77
0.08 0.52 0.13 0.13 0.29 0.31
0.97 0.88 0.64 0.01 0.97 0.52
0.61 0.02 0.64 0.79 0.22 0.93
0.46 0.59 0.07 0.17 0.19 0.37
0.03 0.61 0.61 0.90 0.76 0.80
0.55 0.82 0.01 0.98 0.82 0.71
0.15 0.15 0.25 0.09 0.30 0.24
0.27 0.75 0.99 0.06 0.66 0.61
0.71 0.03 0.78 0.88 0.14 0.68
0.40 0.03 0.89 0.91 0.87 0.34
0.83 0.61 0.01 0.65 0.67 0.03
0.24 0.01 0.87 0.85 0.54 0.73
0.88 0.22 0.11 0.42 0.82 0.84
0.63 0.63 0.74 0.02 0.83 0.10
0.88 0.29 0.09 0.97 0.53 0.83
0.67 0.78 0.07 0.11 0.74 0.53
0.99 0.23 0.92 0.06 0.73 0.94
0.57 0.77 0.80 0.21 0.03 0.83
0.28 0.10 0.66 0.70 0.96 0.62
0.86 0.03 0.76 0.02 0.96 0.68
0.28 0.79 0.02 0.19 0.01 0.27
0.10 0.77 0.63 0.58 0.19 0.17
0.61 0.11 0.97 0.65 0.25 0.61
0.02 0.51 0.66 0.99 0.58 0.83
0.09 0.50 0.23 0.20 0.43 0.40
0.32 0.09 0.93 0.62 0.59 0.72
0.52 0.84 0.84 0.06 0.57 0.85
0.41 0.67 0.74 0.09 0.18 0.21
0.59 0.41 0.03 0.71 0.17 0.79
0.80 0.65 0.16 0.93 0.57 0.04
0.88 0.69 0.23 0.13 0.97 0.01
0.73 0.79 0.01 0.81 0.60 0.57
0.81 0.53 0.72 0.80 0.02 0.67
0.87 0.55 0.03 0.88 0.19 0.54
0.95 0.65 0.77 0.01 0.95 0.61
0.34 0.06 0.14 0.20 0.12 0.03
0.27 0.06 0.15 0.03 0.88 0.93
0.84 0.97 0.58 0.01 0.86 0.17
0.64 0.58 0.84 0.03 0.99 0.92
0.26 0.76 0.61 0.54 0.55 0.01
1.00 0.61 0.45 0.07 0.78 0.59
1.00 0.52 0.21 0.60 0.07 0.54
0.27 0.79 0.08 0.40 0.78 0.85
0.75 0.94 0.59 0.04 0.96 0.73
0.57 0.32 0.59 0.80 0.08 0.60
0.29 0.36 0.28 0.08 0.18 0.20
0.07 0.97 0.38 0.45 0.44 0.92
0.70 0.61 0.34 0.01 0.93 1.00
0.82 0.86 0.35 0.03 0.04 0.82
0.56 0.52 0.89 0.04 0.52 0.72
0.65 0.77 0.91 0.30 0.75 0.02
0.95 0.96 0.97 0.05 0.65 0.64
0.52 0.01 0.73 0.76 0.72 0.75
0.79 0.73 0.44 0.57 0.03 0.71
0.01 0.94 0.61 0.51 0.65 0.62
0.10 0.42 0.24 0.38 0.03 0.41
0.65 0.77 0.01 0.67 0.92 0.61
0.73 0.65 0.72 0.05 0.53 0.90
0.21 0.13 0.06 0.32 0.52 0.34
0.82 0.82 0.55 0.06 0.84 0.97
1.00 0.78 0.54 0.82 0.01 0.71
0.57 0.41 0.19 0.58 0.16 0.01
0.02 0.74 0.55 0.85 0.66 0.27
0.68 0.81 0.65 0.19 0.84 0.02
0.13 0.12 0.63 0.92 0.27 0.65
0.52 0.42 0.02 0.67 0.82 0.87
0.87 0.55 0.02 0.77 0.94 0.68
0.08 0.12 0.15 0.80 0.26 0.46
0.61 0.56 0.06 0.57 0.73 0.29
0.88 0.15 0.78 0.02 0.21 0.72
0.76 0.70 0.97 0.06 0.51 0.52
0.96 0.87 0.97 0.02 0.81 0.15
0.63 0.98 0.62 0.02 0.85 0.86
0.05 0.26 0.15 0.05 0.24 0.06
0.03 0.67 0.74 0.99 0.87 0.06
0.01 0.86 0.72 0.80 0.15 0.99
0.81 0.17 0.78 0.55 0.11 0.67
0.88 0.51 0.15 0.33 0.01 0.54
0.91 0.69 0.03 0.53 0.52 0.83
0.86 0.75 0.04 0.62 0.19 0.83
0.30 0.08 0.32 0.36 0.38 0.24
0.05 0.67 0.36 0.67 0.20 0.75
0.53 0.57 0.05 0.67 0.76 0.67
0.73 0.82 0.22 0.10 0.22 0.15
0.02 0.84 0.61 0.78 0.78 0.88
0.71 0.94 0.52 0.01 0.44 0.75
0.51 0.71 0.91 0.73 0.01 0.76
0.65 0.62 0.71 0.01 0.66 0.66
0.43 0.29 0.95 0.01 0.21 0.58
0.32 0.97 0.86 0.01 0.88 0.56
0.81 0.01 0.96 0.05 0.12 0.58
0.38 0.54 0.84 0.70 0.53 0.01
0.98 0.98 0.73 0.99 0.02 0.04
0.51 0.51 0.46 0.02 0.78 0.56
0.10 0.23 0.02 0.53 0.69 0.52
0.08 0.59 0.04 0.74 0.76 0.89
0.02 0.71 0.57 0.73 0.74 0.64
0.44 0.41 0.97 0.14 0.14 0.05
0.56 0.87 0.48 0.14 0.08 0.63
0.53 0.79 0.37 0.93 0.27 0.02
0.57 0.57 0.81 0.02 0.73 0.77
0.82 0.74 0.78 0.03 0.74 0.60
0.95 0.71 0.03 0.88 0.13 0.67
0.21 0.32 0.45 0.16 0.03 0.03
0.53 0.20 0.57 0.02 0.74 0.95
0.59 0.05 1.00 0.02 0.93 0.53
0.52 0.01 0.72 0.88 0.51 0.84
0.23 0.12 1.00 0.52 0.73 0.92
0.58 0.77 0.86 0.53 0.02 0.93
0.50 0.17 0.37 0.01 0.45 0.52
0.68 0.66 0.90 0.91 0.01 0.62
0.24 0.91 0.33 0.01 0.95 0.82
0.93 0.52 0.75 0.51 0.01 0.51
0.22 0.48 0.03 0.06 0.30 0.22
0.68 0.72 0.59 0.69 0.02 0.65
0.02 0.51 0.66 0.83 0.72 0.84
0.03 0.91 0.52 0.30 0.76 0.59
0.52 0.01 0.93 0.76 1.00 0.51
0.16 0.11 0.39 0.43 0.16 0.19
0.93 0.10 0.10 0.93 0.99 0.58
0.04 0.62 0.47 0.96 0.23 0.67
0.15 0.20 0.72 0.60 0.19 0.74
0.65 0.63 0.71 0.02 0.24 0.84
0.36 0.60 0.55 0.01 0.39 0.45
0.80 0.03 0.78 0.58 0.22 0.57
0.02 0.68 0.56 0.61 0.81 0.55
0.07 0.08 0.75 0.56 0.86 0.98
0.35 0.83 0.82 0.02 0.72 0.87
0.20 0.58 0.86 0.82 0.17 0.08
0.03 0.96 0.34 0.87 0.57 0.80
0.02 0.98 0.96 0.70 0.54 0.85
0.85 0.73 0.62 0.01 0.52 0.40
0.81 0.76 0.51 0.02 0.30 0.65
0.07 0.25 0.79 0.46 0.08 0.40
0.56 0.51 0.76 0.14 0.09 0.05
0.94 0.63 0.66 0.03 0.83 0.33
0.67 0.46 0.01 0.86 0.21 0.12
0.70 0.60 0.34 0.06 0.06 0.55
0.84 0.72 0.79 0.07 0.58 0.04
0.39 0.11 0.70 0.08 0.52 1.00
0.03 0.68 0.53 0.02 0.54 0.64
0.01 0.98 0.20 0.96 0.92 0.51
0.04 0.93 0.79 0.01 0.87 0.63
0.26 0.05 0.96 0.66 0.58 0.52
0.58 0.61 0.10 0.63 0.72 0.05
0.65 0.93 0.80 0.01 0.70 0.28
0.63 0.59 0.90 0.02 0.23 0.58
0.76 0.02 0.59 0.90 0.90 0.52
0.77 0.09 0.10 0.92 0.91 0.99
0.52 0.85 0.01 0.98 0.20 0.51
0.02 0.22 0.36 0.85 0.25 0.14
0.64 0.28 0.58 0.63 0.01 0.58
0.47 0.71 0.01 0.53 0.95 0.22
0.02 0.75 0.61 0.70 0.61 0.60
0.20 0.92 0.04 0.56 0.13 0.60
0.98 0.58 0.08 1.00 0.72 0.02
0.01 0.65 0.18 0.66 0.74 0.69
0.01 0.69 0.83 0.59 0.93 0.57
0.69 0.26 0.06 0.23 0.45 0.41
0.03 0.55 0.92 0.76 0.95 0.72
0.62 0.59 0.04 0.57 0.68 0.18
0.90 0.18 0.02 0.02 0.99 0.07
0.13 0.09 0.84 0.60 0.91 0.43
0.03 0.19 0.95 0.06 0.05 0.60
0.62 0.02 0.35 0.58 0.88 0.57
0.27 0.72 0.98 0.41 0.79 0.02
0.47 0.65 0.01 0.51 0.92 0.71
0.87 0.20 0.69 0.53 0.10 0.92
0.03 0.84 0.74 0.59 0.58 0.59
0.94 0.74 0.06 0.59 0.22 0.59
0.77 0.96 0.30 0.45 0.09 0.15
0.89 0.86 0.08 0.75 0.23 0.05
