250 6
6 20 62 0 53 100
76 68 54 69 95 64
54 91 41 97 85 77
29 29 77 33 7 64
5 93 83 70 88 69
82 3 71 64 69 63
88 96 52 61 64 8
39 38 40 35 7 45
35 13 66 63 34 13
97 81 41 100 93 35
63 98 1 65 57 52
78 16 36 38 17 12
77 94 64 75 44 25
63 73 65 1 59 82
34 5 22 45 24 13
25 59 92 96 77 68
68 81 58 12 79 1
84 59 19 95 22 69
22 50 26 31 37 14
83 92 38 14 9 71
82 58 1 49 81 18
64 82 61 27 79 100
51 87 6 69 51 55
57 24 68 7 72 49
69 60 1 87 83 90
87 78 2 91 59 31
3 63 64 65 55 92
60 65 13 59 77 83
2 2 27 48 19 8
53 91 3 59 89 8
75 13 84 25 71 73
74 70 55 22 97 55
64 94 92 3 79 52
15 42 59 39 7 33
54 62 70 83 2 88
50 33 30 17 36 25
53 74 8 53 90 100
56 95 58 10 71 5
17 13 15 37 35 38
62 82 4 99 73 58
80 93 97 55 14 17
52 72 12 66 96 74
70 71 4 85 67 80
22 8 3 26 48 34
66 97 4 69 75 1
67 90 56 11 63 35
76 53 58 81 6 65
58 54 59 87 56 6
13 39 19 16 20 38
70 72 57 61 63 6
87 86 68 5 60 67
5 3 39 17 36 10
95 54 69 74 58 4
74 90 100 96 4 19
57 66 62 52 3 75
67 68 73 3 16 57
43 26 34 28 23 14
70 53 33 64 7 36
35 83 60 4 87 58
83 66 62 9 72 81
71 37 60 75 15 58
64 62 61 11 69 52
98 74 65 68 99 1
5 6 27 34 35 33
71 92 75 7 11 98
54 94 54 2 57 70
67 86 52 5 93 100
52 62 1 69 75 62
24 56 36 21 8 53
91 73 66 7 37 81
52 56 9 14 94 62
74 19 44 23 9 45
74 23 60 11 75 90
79 87 12 73 11 81
67 76 62 69 3 66
62 86 50 15 91 81
32 7 39 7 24 1
70 98 45 68 6 30
99 51 17 24 60 67
1 64 89 88 76 96
81 8 100 51 8 54
80 76 3 84 60 17
72 25 22 5 91 86
97 67 31 98 4 67
93 88 2 19 95 87
1 63 24 61 10 72
87 96 72 3 69 4
81 40 77 79 8 27
54 20 88 76 8 71
97 93 5 62 62 3
55 72 19 71 76 25
15 57 13 55 84 23
79 36 74 1 90 96
3 57 75 34 54 70
98 66 70 33 1 75
39 18 55 72 3 8
60 64 69 4 33 98
72 50 100 59 6 67
92 66 89 2 59 90
12 44 33 34 95 1
3 68 90 22 78 69
27 49 75 71 55 5
61 95 3 87 14 70
8 95 52 63 2 61
56 2 16 71 64 88
45 86 93 79 2 61
53 97 20 95 58 32
72 73 89 6 72 12
38 26 23 33 15 24
63 61 70 2 68 63
57 16 51 52 13 71
93 56 63 99 2 56
1 55 77 69 86 94
27 22 36 40 26 19
71 70 89 84 1 89
68 52 76 1 97 10
63 93 9 70 74 16
98 27 61 6 31 69
66 90 97 8 9 57
70 62 1 75 67 69
94 35 3 44 50 2
48 97 4 59 10 96
95 52 92 77 2 87
53 72 9 59 12 54
74 81 32 87 12 53
53 73 85 2 99 9
3 28 2 48 34 43
68 37 1 54 35 98
54 23 51 1 69 63
1 63 96 80 100 54
2 19 70 82 12 64
52 41 51 3 84 1
55 67 61 1 38 91
52 1 73 79 75 98
13 62 28 41 19 38
95 83 71 2 53 67
26 53 94 13 88 67
88 100 1 90 4 87
73 81 51 4 47 74
5 86 76 73 67 3
27 84 96 15 26 61
10 62 55 9 53 85
62 64 53 71 3 57
39 26 35 30 44 43
91 84 54 63 22 7
59 100 41 5 88 75
90 64 72 5 59 55
70 100 59 100 1 87
89 8 12 19 16 23
61 61 57 1 82 52
49 37 94 5 81 98
54 15 70 88 15 71
95 88 50 68 3 95
64 95 98 7 13 76
93 8 1 67 68 58
94 55 3 17 57 75
7 48 5 43 6 6
56 82 10 27 36 56
29 71 23 10 80 53
100 62 57 52 1 58
91 1 61 61 70 66
74 61 39 3 65 11
93 88 4 13 89 63
79 72 4 80 79 24
74 84 52 86 2 89
51 66 9 98 3 97
40 36 2 40 28 35
60 74 90 69 2 94
58 78 93 82 2 53
91 1 56 67 82 61
10 46 26 44 29 50
29 88 70 98 5 76
74 60 60 4 59 82
57 64 12 9 63 82
63 94 1 67 65 37
52 7 91 87 14 80
2 16 31 36 24 29
98 68 73 6 4 51
75 1 61 100 75 62
59 61 60 36 3 54
92 88 86 1 70 57
43 49 1 47 19 3
68 62 69 61 1 53
58 1 81 73 82 55
56 70 60 93 1 67
29 12 26 33 38 19
53 63 10 95 4 94
7 67 90 86 1 68
60 54 55 60 3 97
85 61 86 64 1 75
32 37 42 48 2 8
32 93 91 3 63 98
83 1 86 55 83 55
53 21 34 12 15 61
51 18 8 98 5 83
68 81 71 31 7 85
46 1 91 59 56 85
84 51 28 51 64 2
88 80 39 1 85 31
31 39 55 92 53 2
98 14 1 57 83 91
36 15 54 6 55 63
65 76 56 2 95 59
97 35 20 91 2 83
69 100 86 24 2 71
66 4 12 30 61 79
61 58 92 28 1 13
74 22 32 85 1 88
72 62 72 1 59 99
51 89 82 12 10 72
54 63 96 1 58 75
53 67 94 5 78 68
11 31 42 29 22 15
98 3 68 92 3 74
90 1 72 71 76 99
55 77 35 4 80 81
51 90 59 85 1 56
2 76 100 46 2 63
24 22 23 49 47 28
95 87 86 2 61 56
77 82 70 38 2 88
71 16 14 61 22 100
73 54 63 95 1 59
53 93 61 4 69 21
63 100 57 2 56 79
35 17 19 35 2 79
69 51 87 1 95 60
1 69 58 31 67 99
15 10 17 42 27 39
36 54 21 33 99 15
94 63 54 3 56 84
36 12 84 72 8 1
24 57 76 94 4 67
1 82 33 97 89 53
75 84 21 7 79 81
85 21 68 4 62 84
51 73 25 10 90 5
30 50 72 83 51 4
8 56 5 17 92 88
65 83 4 97 15 47
84 87 58 66 1 78
81 2 62 45 58 80
90 81 8 6 82 49
80 54 13 6 88 52
42 64 59 4 92 90
3 55 61 76 7 46
78 9 65 34 19 92
19 4 60 13 56 61
75 25 7 51 46 66
93 59 83 2 67 66
