250 6
3 30 2 50 89 95
52 26 66 70 86 81
51 73 77 85 86 64
96 94 61 63 59 59
15 13 24 79 36 9
65 81 52 63 14 38
37 50 37 39 23 39
9 18 84 97 90 91
80 65 67 99 6 86
99 1 90 71 79 89
63 61 7 93 74 86
50 28 1 44 19 47
27 65 89 60 42 81
59 68 40 58 18 87
16 83 93 73 86 53
32 51 55 57 96 69
19 12 85 47 86 56
69 72 53 58 5 98
11 86 52 24 92 69
65 11 65 72 57 94
32 42 18 32 46 26
43 76 51 16 87 73
85 5 54 17 45 80
25 34 48 23 20 35
86 69 93 9 58 91
75 75 75 11 78 51
38 17 13 4 68 18
54 13 94 55 57 59
80 70 57 61 61 21
6 39 31 64 57 11
58 3 70 95 95 91
47 90 36 10 32 21
14 51 87 57 17 75
85 21 61 57 51 76
85 1 86 53 59 83
25 27 31 30 45 47
99 96 74 7 8 57
20 20 2 75 55 62
74 70 66 60 13 70
14 94 38 37 90 83
64 9 23 71 61 58
85 2 52 61 89 59
56 79 79 53 17 62
4 24 3 3 49 24
57 19 5 89 60 93
72 64 92 59 2 69
69 74 74 70 15 69
43 42 19 33 27 88
59 67 72 47 5 70
96 75 76 96 54 1
3 43 66 13 24 78
31 50 31 19 27 46
88 64 82 27 95 3
88 3 77 6 69 72
70 70 56 63 54 3
77 1 89 23 76 81
10 15 11 14 32 27
2 82 58 60 60 72
20 69 70 10 9 70
56 31 79 91 9 84
83 100 52 73 2 67
98 62 2 87 51 2
90 46 82 84 3 99
60 82 54 64 3 73
46 44 14 5 88 17
61 4 66 61 94 77
68 61 57 68 52 17
7 27 1 41 36 35
97 9 67 51 91 73
72 6 56 87 61 98
46 6 69 58 57 77
90 65 78 76 87 3
9 42 34 10 34 37
2 66 66 79 65 84
4 70 59 90 17 48
84 8 79 69 70 68
75 8 90 87 84 69
77 43 43 12 15 7
92 53 96 80 9 85
3 71 68 92 84 33
63 51 88 100 15 67
13 31 38 10 12 33
2 71 52 94 59 89
58 91 100 80 75 6
53 90 63 98 7 79
31 49 13 36 33 7
2 76 76 56 96 93
36 87 98 62 5 55
64 10 52 73 60 9
74 83 56 48 93 4
69 10 2 76 77 89
81 31 37 22 6 15
81 6 77 82 89 60
77 87 33 98 17 24
59 90 62 53 20 27
51 35 76 86 3 65
81 99 3 64 99 14
77 69 83 96 88 1
48 21 2 57 96 42
80 63 92 84 5 92
44 29 41 4 45 24
76 71 79 65 11 50
43 21 80 58 1 62
65 51 53 68 81 4
52 7 96 73 95 57
66 5 57 82 79 61
9 9 9 42 23 73
61 80 73 27 8 91
3 39 66 35 87 66
93 3 64 99 83 2
58 56 24 67 93 3
94 57 44 2 83 56
71 98 36 45 17 53
53 61 55 80 4 93
35 44 26 21 12 8
100 94 100 54 54 1
14 90 67 33 96 13
69 59 53 100 89 1
64 5 53 75 75 69
83 67 52 79 72 5
29 47 13 100 87 23
100 5 85 62 19 68
75 68 61 74 51 6
29 1 41 36 19 42
80 52 11 100 86 22
3 90 59 78 62 64
57 16 76 92 12 98
15 71 3 92 34 72
1 99 62 91 95 68
73 26 5 29 10 27
99 83 59 55 100 3
34 20 2 35 28 39
30 57 97 12 9 65
81 12 66 10 60 87
86 84 58 73 47 3
9 97 82 45 8 57
60 83 69 98 8 62
75 11 26 10 57 91
2 73 57 99 87 60
66 88 78 2 97 57
91 37 75 75 40 3
3 78 95 81 6 76
88 65 71 83 92 3
17 49 20 5 1 27
73 8 97 57 6 55
76 41 29 87 66 7
68 99 68 2 99 95
73 2 90 13 51 87
84 8 59 29 97 72
93 88 52 1 78 68
40 2 8 3 35 3
6 14 38 63 96 57
56 45 61 78 4 79
22 68 54 62 98 14
63 68 2 7 55 77
85 77 75 82 71 1
8 20 13 15 8 7
3 60 84 69 80 67
25 77 55 2 21 52
53 59 96 22 53 1
93 55 62 61 94 1
51 13 3 85 63 56
11 45 97 73 71 6
96 85 93 1 93 39
24 3 77 55 83 9
2 77 96 74 94 29
77 70 66 90 93 1
49 74 3 4 20 21
34 74 69 73 55 1
7 91 87 74 20 59
87 83 62 59 64 2
7 47 59 41 15 50
57 94 82 54 71 2
9 99 55 54 67 5
72 8 13 2 95 31
74 88 92 1 75 71
51 55 79 85 55 2
44 13 17 24 25 6
1 81 97 88 85 30
73 32 74 85 6 90
51 29 97 88 5 55
56 37 61 96 1 52
2 74 100 91 26 83
53 60 53 2 39 84
52 67 69 77 6 12
2 78 71 42 84 61
29 43 31 2 38 26
65 81 76 54 83 2
26 98 4 55 31 74
92 17 74 75 12 61
30 88 82 55 76 3
48 93 65 1 62 27
99 98 51 58 79 2
100 61 75 1 81 62
6 26 51 23 38 26
82 4 88 82 15 54
94 65 19 29 7 85
17 76 1 59 13 73
99 74 57 42 70 1
61 85 83 72 75 1
99 62 37 40 51 2
88 89 6 58 55 2
90 78 66 17 4 12
1 51 25 57 88 73
74 75 98 3 4 58
80 59 62 71 96 2
25 2 2 16 29 48
2 75 92 56 69 86
79 73 3 72 1 96
3 57 97 92 86 62
30 10 86 65 18 54
61 91 54 51 73 1
11 36 2 29 8 2
7 51 100 75 10 66
55 40 71 67 5 53
12 96 62 93 99 1
1 82 61 83 95 59
1 10 83 13 53 65
4 56 69 69 6 69
65 98 7 71 6 78
2 75 81 32 54 80
51 15 5 50 46 46
96 92 98 71 11 1
3 62 79 47 53 76
1 90 81 85 99 33
23 5 58 80 32 84
99 97 6 56 6 62
23 10 88 60 91 21
6 87 80 94 5 100
68 89 77 1 87 88
37 78 8 1 79 55
51 1 65 32 63 64
77 29 36 3 13 96
3 81 61 76 85 95
100 1 43 94 54 13
58 66 54 55 3 10
7 7 81 75 51 81
60 72 17 9 27 34
2 62 4 54 73 68
3 55 61 95 85 67
53 31 74 81 5 25
74 8 90 81 9 60
61 17 1 87 83 68
94 27 8 90 6 10
88 53 91 1 69 90
66 60 15 50 1 59
87 10 73 62 33 32
51 44 36 74 5 89
3 72 100 91 98 34
83 1 30 62 81 35
