250 6
0.36 0.78 0.93 0.28 0.17 0.14
0.84 0.70 0.84 0.94 0.92 0.92
0.12 0.38 0.86 0.81 0.66 0.88
0.91 0.98 0.51 0.64 0.95 0.97
0.46 0.28 0.50 0.50 0.33 0.25
0.57 0.01 0.70 1.00 0.52 0.04
0.75 0.12 0.71 0.86 0.82 0.69
0.97 1.00 0.88 0.82 0.56 0.21
0.78 0.69 0.48 0.66 0.63 0.65
0.89 0.64 0.20 0.95 0.62 0.56
0.45 0.15 0.38 0.40 0.10 0.47
0.10 0.72 0.79 0.98 0.74 0.13
0.56 0.71 0.86 0.39 0.85 0.31
0.14 0.05 0.11 0.33 0.32 0.02
0.97 0.89 0.72 0.78 0.04 0.61
0.75 0.04 0.84 0.95 1.00 0.69
0.63 0.98 0.90 0.04 0.93 0.61
0.11 0.49 0.10 0.34 0.12 0.01
0.98 0.77 0.99 0.73 0.03 0.69
0.47 0.38 0.08 0.48 0.27 0.31
0.72 0.71 0.93 0.07 0.88 0.70
0.84 0.74 0.97 0.05 0.97 0.72
0.56 0.98 0.60 0.12 0.98 0.75
0.03 0.49 0.11 0.06 0.49 0.06
0.80 0.67 0.98 0.63 0.03 0.70
0.74 0.52 0.06 0.92 0.70 0.56
0.09 0.02 0.49 0.08 0.86 0.50
0.99 0.44 0.67 0.07 0.76 0.60
0.64 0.95 0.03 0.89 0.97 0.93
0.13 0.29 0.35 0.22 0.99 0.88
0.83 0.51 0.95 0.01 0.89 0.90
0.03 0.33 0.26 0.07 0.39 0.96
0.01 0.92 0.61 0.86 0.77 0.83
0.55 0.03 0.74 0.54 0.80 0.64
0.09 0.20 0.30 0.47 0.75 0.23
0.86 0.56 0.81 0.71 0.07 0.61
0.76 0.70 0.01 0.95 0.96 0.62
0.14 0.02 0.36 0.48 0.28 0.06
0.77 0.03 0.97 0.65 0.11 0.54
0.10 0.67 1.00 0.92 0.27 0.85
0.91 0.86 0.67 0.04 0.94 0.59
0.17 0.46 0.34 0.18 0.42 0.57
0.96 0.61 0.65 0.91 0.01 0.66
0.13 0.31 0.55 0.50 0.76 0.07
0.91 0.09 0.06 0.59 0.58 0.94
0.54 0.57 0.35 0.07 0.35 0.73
0.04 0.90 0.02 0.77 0.19 0.93
0.01 0.66 0.73 0.53 0.34 0.68
0.79 0.52 0.07 0.80 0.65 0.63
0.54 0.70 0.63 0.94 0.01 0.66
0.83 0.86 0.82 0.92 0.08 0.81
0.21 0.43 0.20 0.24 0.23 0.07
0.59 0.73 0.07 0.77 0.75 0.33
0.61 0.51 0.36 0.69 0.02 0.97
0.85 0.84 0.98 0.90 0.10 0.09
0.70 0.41 0.95 0.56 0.03 0.51
0.51 0.57 0.34 0.04 0.32 0.75
0.59 0.58 0.39 0.67 0.05 0.96
0.87 0.63 0.06 0.79 0.68 0.73
0.28 0.49 0.02 0.82 0.65 0.36
0.66 0.98 0.06 0.01 0.78 0.69
0.85 0.58 0.75 0.29 0.12 0.78
0.74 0.65 0.59 0.91 0.08 0.63
0.73 0.80 0.16 0.31 0.28 0.32
0.93 0.56 0.62 0.19 0.35 0.69
0.66 0.53 0.03 0.52 0.62 0.85
0.33 0.33 0.10 0.35 0.57 0.34
0.01 0.99 0.73 0.79 1.00 0.44
0.78 0.11 0.80 0.57 0.07 0.96
0.96 0.12 0.52 0.71 0.26 0.72
0.31 0.20 0.83 0.54 0.17 0.73
0.74 0.95 0.97 0.89 0.04 0.10
0.63 0.65 0.06 0.74 0.11 0.68
0.72 0.13 0.25 0.38 0.06 0.13
0.02 0.83 0.23 0.61 0.15 0.87
0.76 0.25 0.02 0.27 0.73 0.68
0.74 0.83 0.67 0.73 0.03 0.62
0.98 0.62 0.87 0.07 0.92 0.04
0.97 0.21 0.57 0.14 0.30 0.57
0.70 0.55 0.54 0.03 0.69 0.51
0.98 0.67 0.70 0.18 0.64 0.01
0.68 0.62 0.02 0.64 0.65 0.54
0.45 0.40 0.85 0.02 0.85 0.61
0.06 0.93 0.42 0.37 0.33 0.29
0.64 0.37 0.08 0.32 0.72 0.85
0.86 0.01 0.65 0.59 0.76 0.88
0.65 0.52 0.56 0.59 0.08 0.63
0.73 0.60 0.01 0.44 0.51 0.55
0.23 0.11 0.49 0.10 0.43 0.25
0.47 0.78 0.84 0.61 0.03 0.56
0.10 0.71 0.78 0.61 0.14 0.86
0.84 0.74 0.24 0.20 0.29 0.67
0.07 0.76 0.82 0.56 0.17 0.78
0.80 0.77 0.74 0.01 0.98 0.82
0.02 0.76 0.84 0.76 0.60 0.62
0.82 0.71 0.03 0.31 0.72 0.93
0.47 0.09 0.46 0.08 0.33 0.21
0.82 0.40 0.68 0.04 0.82 0.87
0.03 0.67 0.02 0.52 0.56 0.94
0.55 0.98 0.07 0.94 0.01 0.76
0.51 0.24 0.11 0.81 0.26 0.79
0.52 0.36 0.04 0.92 0.61 0.99
0.77 0.01 0.67 0.87 0.82 0.93
0.94 0.87 0.59 0.03 0.29 0.74
0.60 0.76 0.90 0.02 0.78 0.89
0.65 0.82 0.53 0.17 0.12 0.88
0.25 0.11 0.30 0.82 0.45 0.01
0.85 0.84 0.03 0.75 0.73 0.39
0.73 0.19 0.12 0.17 0.37 0.12
0.97 0.87 0.83 0.11 0.11 0.82
0.79 0.92 0.02 0.26 0.89 0.77
0.51 0.51 0.99 0.69 0.09 0.64
0.58 0.15 0.23 0.77 0.23 0.70
0.15 0.85 0.74 0.66 0.01 0.52
0.52 0.73 0.64 0.03 0.65 0.70
0.35 0.54 0.06 0.75 0.70 0.94
0.01 0.74 0.98 0.53 0.94 0.55
0.02 0.38 0.42 0.32 0.27 0.47
0.63 0.82 0.02 0.26 0.72 0.93
0.80 0.93 0.90 0.02 0.89 0.22
0.92 0.82 0.72 0.02 0.41 0.55
0.91 0.98 0.25 0.04 0.58 0.92
0.51 0.73 0.54 0.31 0.01 0.04
0.94 0.01 0.74 0.63 0.70 0.49
0.78 0.99 0.05 0.28 0.56 0.54
0.10 0.33 0.67 0.53 0.46 0.95
0.69 1.00 0.01 0.64 0.70 0.89
0.90 0.63 0.56 0.95 0.04 0.78
0.07 0.47 0.93 0.10 0.38 0.12
0.39 0.54 0.84 0.33 0.05 0.78
0.61 0.53 0.65 0.96 0.02 0.61
0.89 0.84 0.13 0.70 0.11 0.85
0.68 0.51 0.95 0.81 0.06 0.13
0.12 0.32 0.08 0.14 0.75 0.44
0.59 0.85 0.79 0.03 0.57 0.84
0.68 0.59 0.73 0.54 0.08 0.92
0.04 0.36 0.43 0.22 0.11 0.08
0.01 0.75 0.86 0.70 0.68 0.52
0.07 0.24 0.88 0.31 0.76 0.77
0.62 0.13 0.67 0.23 0.68 0.18
0.51 0.97 0.67 0.03 0.14 0.58
0.53 0.68 0.03 0.74 0.95 0.84
0.80 0.36 0.05 0.71 0.15 0.74
0.57 0.71 0.81 0.67 0.07 1.00
0.54 0.60 0.04 0.61 0.93 0.80
0.34 0.08 0.80 0.38 0.17 0.17
0.63 0.63 0.58 0.20 0.21 0.82
0.59 0.72 0.06 0.74 0.87 0.80
0.30 0.34 0.35 0.29 0.55 0.49
0.55 0.68 0.01 0.54 0.52 0.60
0.60 0.67 0.62 0.98 0.04 0.70
0.34 0.84 0.40 0.22 0.42 0.02
0.26 0.96 0.05 0.87 0.78 0.84
0.57 0.82 0.41 0.97 0.02 0.52
0.59 0.14 0.91 0.07 0.90 0.93
0.61 0.01 0.90 0.62 0.59 0.96
0.29 0.30 0.20 0.11 0.43 0.18
0.57 0.56 0.49 0.87 0.02 0.68
0.55 0.93 0.96 0.03 0.63 0.85
0.59 0.66 0.89 0.01 0.58 0.67
0.79 0.66 0.73 0.03 0.59 0.78
0.11 0.06 0.13 0.42 0.28 0.35
0.71 0.70 0.72 0.03 0.55 1.00
0.82 0.75 0.02 0.76 0.81 0.35
0.37 0.99 0.93 0.54 0.04 0.67
0.23 0.70 0.05 0.80 0.75 0.56
0.16 0.11 0.43 0.32 0.77 0.30
0.80 0.59 0.05 0.44 0.44 0.21
1.00 0.12 0.68 0.05 0.81 0.59
0.54 0.69 0.55 0.75 0.04 0.54
0.82 0.74 0.85 0.05 0.78 0.27
0.68 0.55 0.67 0.05 0.61 0.99
0.72 0.58 0.07 0.67 0.16 0.62
0.76 0.02 0.54 0.50 0.07 0.03
0.65 0.84 0.62 0.02 0.93 0.53
0.52 0.54 0.05 0.70 0.95 0.81
0.06 0.22 0.26 0.28 0.25 0.44
0.78 0.73 0.04 0.09 0.91 0.52
0.20 0.79 0.07 0.67 0.84 0.17
0.93 0.81 0.82 0.02 1.00 0.72
0.56 0.01 0.60 0.56 0.83 0.68
0.02 0.16 0.43 0.77 0.36 0.44
0.65 0.20 0.01 1.00 1.00 0.86
0.72 0.54 0.76 0.81 0.04 0.87
0.60 0.72 0.53 0.51 0.02 1.00
0.61 0.01 0.07 0.33 0.21 0.48
0.86 0.59 0.46 0.93 0.04 0.78
0.60 0.89 0.60 0.02 0.80 0.58
0.14 0.47 0.22 0.20 0.31 0.36
0.80 0.76 0.66 0.03 0.52 0.81
0.83 0.65 0.65 0.74 0.05 0.55
0.54 0.56 0.95 0.23 0.07 0.98
0.04 0.02 0.44 0.96 0.50 0.60
0.46 0.21 0.60 0.69 0.06 0.79
0.10 0.12 0.03 0.52 0.78 0.95
0.32 0.93 0.01 0.99 0.53 0.71
0.91 0.58 0.64 0.90 0.02 0.58
0.06 0.94 0.66 0.99 0.04 0.75
0.92 0.91 0.28 0.02 0.45 0.59
0.44 0.93 0.75 0.08 0.20 0.31
0.64 0.66 0.72 0.03 0.58 0.93
0.72 0.17 0.02 0.96 0.84 0.82
0.46 0.69 0.86 0.58 0.07 0.52
0.54 0.68 0.57 0.28 0.01 0.67
0.75 0.11 0.68 0.02 0.80 0.60
0.54 1.00 0.56 0.04 0.70 0.66
0.22 0.93 0.46 0.06 0.44 0.37
0.01 0.74 0.28 0.80 0.66 0.86
0.51 0.87 0.92 0.03 0.64 0.82
0.31 0.36 0.16 0.33 0.24 0.12
0.60 0.64 0.95 0.97 0.07 0.53
0.01 0.08 0.04 0.74 0.54 0.68
0.69 0.78 0.98 0.13 0.14 0.60
0.15 0.92 0.70 0.01 0.51 0.89
0.78 0.71 0.79 0.10 0.21 0.87
0.01 0.60 0.11 0.79 0.60 0.66
0.53 0.54 0.59 0.88 0.06 0.54
0.39 0.18 0.31 0.06 0.08 0.24
0.45 0.61 0.81 0.97 0.07 0.86
0.64 0.96 0.66 0.03 0.49 0.84
0.66 0.14 0.05 0.69 0.73 0.70
1.00 0.53 0.81 0.87 0.04 0.62
0.85 0.57 0.02 0.42 0.63 0.61
0.46 0.06 0.24 0.68 0.07 0.24
0.02 0.97 0.58 0.09 0.01 0.64
0.55 0.09 0.73 0.62 0.23 0.53
0.87 0.57 0.60 0.01 0.94 0.60
0.93 0.78 0.95 0.01 0.01 0.98
0.07 0.02 0.76 0.69 0.55 0.95
0.61 0.05 0.85 0.42 0.11 0.07
0.38 0.76 0.96 0.01 0.73 0.89
0.89 0.86 0.69 0.04 0.55 0.70
0.50 0.86 0.89 0.01 0.60 0.79
0.21 0.41 0.04 0.34 0.34 0.19
0.73 0.54 0.01 0.99 0.59 0.99
0.63 0.13 0.57 0.01 1.00 0.69
0.58 0.35 0.56 0.89 0.05 0.56
0.82 0.76 0.14 0.05 0.72 0.81
0.66 0.87 0.05 0.94 0.93 0.09
0.26 0.73 0.93 0.92 0.01 0.79
0.96 0.71 0.06 0.22 0.51 0.75
0.01 0.49 0.14 0.05 0.34 0.23
0.63 0.69 0.51 0.65 0.06 0.97
0.01 0.94 0.72 0.93 0.92 0.13
0.70 0.12 0.57 0.06 0.39 0.58
0.64 1.00 0.02 0.86 0.87 0.17
0.75 0.89 0.17 0.82 0.04 0.88
0.60 0.56 0.02 1.00 0.62 0.61
0.11 0.06 0.46 0.33 0.07 0.03
0.69 0.74 0.02 0.82 0.51 0.83
