250 6
50 75 73 25 30 66
51 81 18 84 66 87
70 55 81 66 56 59
98 60 65 60 100 73
75 65 60 99 96 66
64 84 68 65 82 68
69 86 84 70 91 21
30 49 45 40 54 41
10 5 45 16 23 19
21 10 23 7 17 17
71 64 52 71 57 10
37 15 4 8 3 22
28 4 2 34 46 34
53 91 61 57 81 1
95 92 84 72 29 12
30 71 65 54 62 13
4 8 84 65 95 42
62 85 59 3 20 86
18 49 37 27 20 3
71 56 1 100 74 62
7 77 95 71 54 62
9 100 80 69 77 87
1 75 12 90 78 69
27 37 30 54 12 24
95 7 91 68 84 2
65 22 70 2 78 58
4 77 99 12 91 61
4 79 85 82 92 92
43 36 4 13 35 6
84 3 54 86 99 74
89 74 61 4 51 84
11 76 79 70 63 5
95 98 81 6 67 9
90 92 22 57 22 13
55 78 79 4 85 71
54 2 86 91 69 90
7 48 1 14 11 21
73 52 67 63 2 72
61 69 24 51 2 57
38 1 80 75 98 57
93 1 97 83 63 13
55 2 81 75 60 44
79 69 71 1 62 45
5 16 28 20 40 14
4 72 59 55 99 53
58 93 77 1 60 92
44 12 10 50 8 15
3 51 83 69 64 85
76 35 82 89 57 8
51 78 83 3 67 64
3 87 56 71 93 97
19 27 48 25 14 43
97 3 91 40 58 80
90 1 94 92 51 90
98 90 57 62 55 2
53 1 81 99 61 61
13 79 13 13 42 4
87 71 56 69 75 1
2 28 37 13 47 86
67 51 90 4 57 51
1 80 90 21 93 93
83 67 27 4 69 53
4 71 93 60 53 9
34 47 21 10 27 32
9 38 68 95 14 88
89 3 65 54 90 79
56 3 25 94 25 51
77 64 96 32 70 2
60 80 64 95 1 97
4 33 65 13 90 5
2 59 95 75 64 69
34 35 20 13 38 30
2 91 55 61 54 68
92 58 89 79 74 2
5 95 11 64 76 93
80 1 77 88 62 57
13 28 3 5 14 10
1 5 70 90 72 79
72 66 92 75 92 2
3 52 85 78 70 26
9 6 60 79 66 75
22 1 45 36 1 26
61 74 86 10 72 8
4 71 89 98 11 91
57 1 37 50 72 97
51 54 23 4 95 75
78 64 31 84 86 2
100 51 69 1 60 88
73 76 56 59 67 2
89 85 55 3 89 64
38 37 50 25 6 18
80 80 62 4 58 58
80 67 72 70 68 1
49 1 16 13 75 5
58 98 100 2 57 60
52 71 51 3 78 60
6 20 26 21 45 8
69 85 20 86 86 1
36 9 75 78 57 16
99 52 95 3 53 19
94 58 54 83 59 2
82 75 13 2 66 77
3 88 78 97 59 59
35 49 6 1 5 40
92 28 45 21 4 4
5 72 71 37 28 92
3 5 80 91 19 52
4 59 43 73 80 31
2 84 60 51 10 74
6 55 60 69 2 92
53 70 41 3 84 7
88 53 51 68 59 1
1 99 64 56 63 89
72 73 2 56 56 11
84 60 62 66 56 1
4 84 89 94 24 22
58 92 2 78 58 11
89 14 94 2 86 29
70 61 59 74 59 2
73 96 76 55 88 2
2 88 56 26 90 61
68 3 83 24 52 52
97 27 56 2 92 76
43 8 42 64 34 36
9 34 79 86 35 51
100 32 79 9 51 7
6 68 21 60 72 53
4 76 56 67 66 79
64 95 57 71 70 2
9 90 84 9 96 91
90 4 78 23 33 71
5 60 82 90 3 68
91 58 84 59 74 1
45 37 34 16 89 4
64 63 66 52 100 2
2 78 68 32 46 99
54 99 55 53 84 2
93 22 26 5 19 47
57 94 60 41 92 1
2 66 77 29 89 53
3 63 71 75 1 54
79 82 14 97 82 1
3 1 75 63 100 88
29 14 39 36 9 59
76 69 91 69 95 2
65 100 52 80 64 1
33 45 37 44 1 8
4 66 66 98 78 74
44 3 100 2 70 66
92 18 65 2 76 90
6 82 77 81 35 14
52 91 2 76 6 52
89 2 24 50 12 93
56 23 97 6 91 90
51 48 87 80 85 2
51 4 62 8 52 93
88 2 32 93 59 83
1 67 87 89 8 89
2 17 69 99 66 86
3 72 63 74 69 7
82 18 93 17 58 12
1 64 86 88 56 73
67 77 53 95 56 2
62 2 8 45 50 3
2 10 76 52 91 55
4 75 24 77 54 56
76 94 67 93 76 1
9 67 44 23 74 1
53 93 42 87 50 1
70 17 100 1 51 91
10 28 74 14 63 67
63 33 1 76 100 81
94 1 2 87 98 80
62 3 52 25 68 72
1 46 84 25 80 86
30 92 81 58 13 20
1 27 71 70 68 55
37 56 91 65 87 2
6 65 65 53 72 1
29 64 5 54 70 9
92 8 13 14 65 74
22 78 27 64 6 84
57 19 89 1 82 100
68 76 93 65 1 1
100 86 59 2 70 4
78 91 80 59 6 6
54 97 77 63 68 2
41 35 33 31 11 1
26 71 84 78 11 2
97 70 91 7 73 4
82 3 60 6 62 83
3 67 93 59 75 63
17 2 88 46 29 98
4 56 70 13 86 74
97 13 64 28 14 85
66 68 3 16 94 5
6 29 8 55 61 58
12 80 62 28 4 54
55 3 70 1 89 89
97 81 71 3 63 37
3 81 84 62 45 97
1 29 25 54 68 68
3 63 73 71 84 53
10 56 59 61 9 58
79 79 58 1 60 10
3 83 19 83 72 98
72 4 65 1 56 9
5 76 85 62 78 5
1 91 96 83 65 68
4 91 31 95 51 68
2 95 80 66 92 51
13 3 22 24 18 36
100 16 70 1 39 79
1 93 77 81 59 9
55 14 72 67 84 4
3 73 71 12 96 96
62 72 78 3 67 23
94 52 5 54 74 4
87 1 15 62 71 51
2 81 67 58 98 57
23 32 41 29 4 36
22 73 49 9 8 69
2 41 69 55 38 58
99 3 4 81 21 74
91 61 32 81 2 81
3 95 99 75 91 6
4 60 99 52 31 61
87 3 31 59 18 25
69 35 90 1 40 52
1 62 2 59 92 39
78 14 3 79 97 30
68 83 100 2 61 13
83 100 17 34 2 99
82 12 16 20 51 60
34 87 78 4 13 82
6 78 65 65 17 17
58 59 6 67 1 84
54 19 55 73 71 4
2 99 63 36 75 75
59 40 54 2 77 99
67 21 2 57 83 17
51 77 20 54 77 1
80 26 54 4 98 80
98 40 2 17 73 86
2 60 74 88 57 2
1 53 82 99 64 72
11 55 50 13 9 60
90 73 53 24 57 1
13 58 54 3 82 52
27 35 53 29 31 2
