250 6
0.89 0.60 0.93 0.08 0.98 0.34
0.70 0.93 0.53 0.69 0.37 0.68
0.80 0.99 0.71 0.54 0.58 0.92
0.90 0.46 0.89 0.65 0.77 0.82
0.96 0.96 0.83 0.80 0.62 0.63
0.82 0.88 0.97 0.79 0.51 0.75
0.01 0.15 0.42 0.44 0.22 0.17
0.39 0.38 0.50 0.18 0.17 0.04
0.23 0.39 0.30 0.29 0.17 0.02
0.53 0.75 0.09 0.77 0.44 0.68
0.86 0.11 0.55 0.67 0.85 0.89
0.40 0.17 0.02 0.13 0.70 0.97
0.89 0.99 0.59 0.99 0.10 0.67
0.48 0.58 0.28 0.33 0.20 0.07
0.81 1.00 0.70 0.66 0.01 0.12
0.08 0.02 0.74 0.87 0.88 0.72
0.30 0.19 0.22 0.32 0.47 0.19
0.57 0.80 0.88 0.09 0.95 0.98
0.74 0.40 0.13 0.27 0.63 0.58
0.82 0.92 0.68 0.97 0.16 0.81
0.71 0.84 0.53 0.05 0.54 0.42
0.83 0.52 0.79 0.12 0.71 0.86
0.69 0.27 0.42 0.04 0.46 0.89
0.13 0.91 0.61 0.58 0.04 0.65
0.72 0.07 0.58 0.87 0.01 0.87
1.00 0.04 0.86 0.68 0.63 0.57
0.50 0.34 0.48 0.16 0.07 0.04
0.60 0.63 0.73 0.06 0.82 0.38
0.80 0.08 0.94 0.75 0.52 0.06
0.74 0.96 0.11 0.58 0.84 0.75
0.89 0.88 0.94 0.69 0.01 0.97
0.44 0.10 0.39 0.04 0.32 0.07
0.12 0.60 0.85 0.02 0.51 0.66
0.54 0.79 0.07 0.91 0.60 0.89
0.25 0.65 0.99 0.63 0.04 0.63
0.57 0.58 0.74 0.01 0.83 0.77
0.41 0.33 0.14 0.95 0.63 0.11
0.22 0.98 0.59 0.94 0.44 0.06
0.87 0.89 0.55 0.05 0.13 0.86
0.33 0.64 0.18 0.89 0.94 0.95
0.03 0.75 0.58 0.25 0.52 0.89
0.91 0.92 0.60 0.02 0.75 1.00
0.12 0.43 0.67 0.23 0.11 0.17
0.32 0.04 0.87 1.00 0.71 0.61
0.82 0.07 0.97 0.70 0.65 0.62
0.67 0.94 0.23 0.18 0.97 0.79
0.08 0.50 0.05 0.33 0.22 0.42
0.99 0.99 0.35 0.09 0.94 0.82
0.89 0.43 0.12 0.53 0.72 0.88
0.99 0.04 0.63 0.63 0.57 0.83
0.34 0.02 0.66 0.60 0.72 0.64
0.05 0.97 0.06 0.94 0.77 0.71
0.34 0.55 0.69 0.56 0.08 0.10
0.28 0.04 0.60 0.61 0.87 0.72
0.72 0.90 0.94 0.60 0.04 0.97
0.34 0.26 0.29 0.45 0.46 0.03
0.65 0.54 0.10 0.82 0.94 0.34
0.63 0.53 0.88 0.55 0.06 0.59
0.83 0.59 0.05 0.32 0.88 0.39
0.01 0.88 0.89 0.81 0.20 0.54
0.86 0.78 0.72 0.82 0.05 0.92
0.61 0.11 0.66 0.04 0.02 0.40
0.33 0.48 0.17 0.62 0.60 0.63
0.71 0.60 0.02 0.80 0.86 0.83
0.53 0.67 0.79 0.35 0.05 0.64
0.71 0.09 0.84 0.87 0.80 0.53
0.06 0.48 0.44 0.43 0.26 0.18
0.09 0.89 0.67 0.33 0.15 0.58
0.62 0.66 0.06 0.99 0.14 0.84
0.76 0.09 0.91 0.23 0.76 0.91
0.97 0.02 0.55 0.60 0.59 0.84
1.00 0.90 0.23 0.20 0.92 0.58
0.20 0.55 0.28 0.06 0.77 0.72
0.70 0.68 0.16 0.16 0.53 0.83
0.01 0.99 1.00 0.05 0.68 0.59
0.58 0.71 0.77 0.02 0.67 0.77
0.13 0.40 0.44 0.34 0.37 0.65
0.70 0.02 0.59 0.95 0.77 0.94
0.48 0.40 0.40 0.08 0.18 0.30
0.76 0.46 0.12 0.98 0.65 0.99
0.65 0.04 0.56 0.57 0.82 0.66
0.78 0.07 0.51 0.54 0.95 0.54
0.82 0.10 0.30 0.68 0.34 0.66
0.58 0.06 0.01 0.59 0.55 0.59
0.62 0.02 0.73 0.83 0.68 0.58
0.96 0.40 0.08 0.24 0.30 0.62
0.76 0.01 0.70 0.65 0.57 0.67
0.36 0.82 0.47 0.09 0.84 0.49
0.52 0.73 0.14 0.71 0.98 0.12
0.86 0.56 0.06 0.74 0.33 0.41
0.80 0.24 0.54 0.31 0.22 0.52
0.63 0.82 0.57 0.90 0.01 0.76
0.84 0.89 0.57 0.01 0.53 0.76
0.56 0.21 0.20 0.24 0.46 0.20
0.49 0.23 0.87 0.03 0.79 0.87
0.51 0.09 0.82 0.85 0.66 0.82
0.86 0.02 0.29 0.69 0.61 0.02
0.95 0.25 0.03 0.92 0.99 0.54
0.40 0.90 0.04 0.94 0.55 0.84
0.97 0.01 0.56 0.37 0.82 0.75
0.55 0.09 0.14 0.05 0.94 0.67
0.85 0.56 0.50 0.61 0.02 0.75
0.13 0.32 0.70 0.13 0.63 0.53
1.00 0.55 0.80 0.03 0.63 0.73
0.09 0.39 0.27 0.30 0.42 0.30
0.27 0.75 0.55 0.26 0.69 0.53
0.65 0.08 0.95 0.30 0.85 0.77
0.97 0.87 0.62 0.66 0.03 0.26
0.74 0.51 0.02 0.72 0.98 0.18
0.52 0.04 0.06 0.94 0.68 0.51
0.84 0.24 0.53 0.71 0.98 0.03
0.07 0.89 0.06 0.81 0.90 0.21
0.86 0.90 0.01 0.56 0.72 0.89
0.69 0.01 0.67 0.19 0.84 0.95
0.77 0.04 0.96 0.51 0.67 0.60
0.23 0.62 0.34 0.43 0.12 0.42
0.49 0.54 0.17 0.80 0.77 0.01
0.57 0.09 0.25 0.78 0.91 0.13
0.03 0.06 0.59 0.57 0.85 0.61
0.63 0.70 0.03 0.52 0.78 0.94
0.53 0.40 1.00 0.58 0.05 0.44
0.70 0.65 0.12 0.98 0.12 0.56
0.84 0.92 1.00 0.01 0.64 0.19
0.50 0.29 0.23 0.18 0.17 0.26
0.78 0.50 0.05 0.81 0.09 0.70
0.77 0.02 0.51 0.96 0.52 0.67
0.74 0.47 0.55 0.01 0.60 0.73
0.74 0.05 0.24 0.82 0.66 0.66
0.88 0.98 0.58 0.80 0.03 0.46
0.88 0.03 0.67 0.85 0.55 0.73
0.79 0.04 0.75 0.53 0.69 0.94
0.18 0.18 0.32 0.46 0.30 0.11
0.44 0.93 0.01 0.86 0.87 0.51
0.68 0.77 0.60 0.01 0.83 0.51
0.05 0.88 0.22 0.97 0.64 0.48
0.99 0.89 0.18 0.93 0.07 0.88
0.51 0.19 0.20 1.00 0.53 0.78
0.79 0.51 0.09 0.67 0.59 0.31
0.23 0.22 0.23 0.04 0.17 0.07
0.21 0.39 0.39 0.02 0.26 0.65
0.04 0.10 0.93 0.97 0.02 0.88
0.32 1.00 0.63 0.41 0.01 0.55
0.79 0.02 0.77 0.61 0.60 0.80
0.57 0.72 0.04 0.74 0.59 0.62
0.66 0.91 0.54 0.72 0.84 0.01
0.93 0.80 0.93 0.02 0.87 0.45
0.07 0.31 0.54 0.57 0.16 0.98
0.04 0.57 0.62 0.42 0.84 0.85
0.08 0.58 0.60 0.87 0.63 0.16
0.76 0.92 0.04 0.31 0.79 0.03
0.90 0.22 0.58 0.94 0.14 0.59
0.96 0.04 0.54 0.51 0.72 0.92
0.54 0.77 0.76 0.82 0.03 0.98
0.50 0.03 0.07 0.07 0.18 0.05
0.37 0.57 0.64 0.81 0.35 0.01
0.77 0.70 0.90 0.65 0.01 0.36
0.23 0.95 0.02 0.76 0.77 0.92
0.77 0.06 0.76 0.02 0.94 0.54
0.73 0.83 0.56 0.20 0.78 0.01
0.56 0.58 0.54 0.64 0.03 0.82
0.46 0.05 0.74 0.68 0.68 0.82
0.71 0.01 0.90 1.00 0.54 0.52
0.32 0.81 0.16 0.05 0.33 0.16
0.20 0.10 0.54 0.91 0.68 0.88
0.09 0.60 0.71 0.20 0.94 0.41
0.01 0.14 0.14 0.71 0.88 0.87
0.38 0.53 0.13 0.70 0.14 0.73
0.53 0.77 0.44 0.51 0.07 0.84
0.07 0.03 0.71 0.05 0.88 0.79
0.52 0.83 0.51 0.66 0.01 0.90
0.94 0.01 0.08 0.64 0.68 0.54
0.68 0.01 0.78 0.59 0.59 0.96
0.79 0.75 0.03 0.73 0.29 0.85
0.43 0.40 0.01 0.43 0.11 0.15
0.94 0.10 0.78 0.59 0.05 0.69
0.14 0.28 0.75 0.97 0.97 0.03
0.55 0.63 0.79 0.93 0.01 0.75
0.12 0.58 0.86 0.66 0.88 0.09
0.11 0.64 0.68 0.20 0.84 0.96
0.41 0.08 0.49 0.65 0.83 0.13
0.76 0.92 0.54 0.99 0.04 0.40
0.93 0.80 0.52 0.83 0.03 0.11
0.81 0.58 0.84 0.03 0.07 0.60
0.73 0.64 0.73 0.03 0.74 0.60
0.73 0.77 0.23 0.55 0.03 0.60
0.94 0.59 0.01 0.74 0.58 0.02
0.34 0.38 0.22 0.50 0.20 0.37
0.72 0.70 0.43 0.52 0.09 0.77
0.68 0.74 0.04 0.08 0.56 0.62
0.18 0.82 0.06 0.21 0.52 0.76
0.06 0.40 0.23 0.67 0.55 0.59
0.67 0.21 0.86 0.01 0.72 0.69
0.93 0.02 0.99 0.64 0.51 0.69
0.98 0.79 0.06 0.59 0.17 0.06
0.29 0.08 0.77 0.98 0.88 0.59
0.82 0.85 0.95 0.70 0.01 0.16
0.35 0.06 0.73 0.56 0.71 0.84
0.59 0.05 0.03 0.72 0.56 0.74
0.97 0.70 0.62 0.01 0.69 0.33
0.43 0.78 0.80 0.82 0.01 0.75
0.27 0.87 0.63 0.80 0.09 0.75
0.65 0.13 0.02 0.33 0.43 0.24
0.22 0.84 0.11 0.13 0.57 0.62
0.03 0.52 0.02 0.92 0.64 0.86
0.66 0.71 0.27 0.75 0.09 0.60
0.73 0.55 0.63 0.66 0.82 0.01
0.82 0.02 0.65 0.70 0.63 0.70
0.47 0.26 0.38 0.24 0.08 0.21
0.09 0.90 1.00 0.66 0.03 0.87
0.82 0.01 0.92 0.87 0.85 0.19
0.64 0.87 0.62 0.82 0.03 0.64
0.09 0.91 0.89 0.13 0.58 0.86
0.11 0.74 0.69 0.98 0.68 0.02
0.08 0.26 0.24 0.91 0.14 0.13
0.14 0.78 0.61 0.12 0.75 0.73
0.01 0.90 0.87 0.63 0.57 0.05
0.04 0.53 0.63 0.15 0.80 0.98
0.64 0.51 0.18 0.81 0.10 0.09
0.64 0.01 0.95 0.09 0.89 1.00
0.53 0.38 0.58 0.90 0.03 0.82
0.68 0.03 0.05 0.78 0.54 0.64
0.57 0.76 0.92 0.64 0.04 0.71
0.86 0.02 0.18 0.06 0.35 0.27
0.78 0.96 0.52 0.07 0.12 0.86
0.92 0.71 0.58 0.17 0.65 0.03
0.06 0.86 0.18 0.84 0.87 0.52
0.58 0.92 0.83 0.01 0.24 0.94
0.19 0.64 0.71 0.62 0.07 0.75
0.04 0.16 0.26 0.46 0.32 0.25
0.10 0.12 0.97 0.52 0.65 0.94
0.65 0.86 0.35 0.01 0.96 0.80
0.93 0.54 0.41 0.36 0.05 0.78
0.74 0.01 0.98 0.73 0.58 0.72
0.86 0.61 0.04 0.98 0.08 0.76
0.56 0.01 0.61 0.63 0.66 0.73
0.54 0.76 0.60 0.78 0.04 0.51
0.09 0.46 0.29 0.02 0.30 0.47
0.55 0.11 0.92 0.73 0.11 0.53
0.11 0.62 0.62 0.66 0.13 0.60
0.85 0.59 0.44 0.01 0.70 0.77
0.04 0.63 0.61 0.01 0.80 0.90
0.99 0.73 0.54 0.89 0.02 0.67
0.42 0.23 0.03 0.29 0.34 0.35
0.01 0.63 0.26 0.81 0.61 0.97
0.21 0.89 0.86 0.29 0.52 0.12
0.41 0.56 0.86 0.07 0.85 0.02
0.83 0.01 0.57 0.66 0.89 0.70
0.97 0.57 0.06 0.04 0.84 0.59
0.88 0.64 0.73 0.01 0.87 0.72
0.23 0.77 0.06 0.86 0.80 0.24
