250 6
58 5 20 28 71 31
18 88 48 61 26 80
53 53 56 73 61 52
1 2 48 49 39 19
54 63 98 14 77 73
88 54 82 43 56 51
86 71 12 74 25 68
4 1 20 19 30 17
52 73 86 70 1 86
98 32 6 51 95 95
91 99 72 12 60 96
70 74 12 82 62 69
86 94 55 11 66 90
90 12 87 4 45 52
52 88 96 92 27 61
18 29 43 29 19 23
87 74 100 67 15 51
65 74 68 58 98 1
14 5 95 70 16 75
33 20 9 33 28 40
90 6 8 86 53 77
14 60 99 2 92 67
80 80 60 61 79 12
32 55 53 11 2 28
65 60 68 51 70 6
60 88 13 6 77 74
65 13 30 41 28 35
52 91 79 96 100 12
66 11 18 63 57 75
84 68 1 76 92 76
3 100 29 36 1 50
70 97 96 9 29 81
82 74 58 1 63 74
5 5 18 8 37 66
74 52 9 68 4 76
40 99 62 75 57 12
30 35 50 49 50 16
87 75 8 92 3 97
92 91 64 62 26 7
76 57 73 3 18 71
82 92 62 36 1 53
78 70 15 95 56 19
88 17 41 5 53 64
83 68 91 81 58 15
44 63 17 15 31 73
56 100 69 53 60 12
19 21 25 56 6 17
88 77 85 93 5 19
1 90 71 39 82 26
78 69 3 72 50 69
51 67 65 70 76 10
65 89 51 86 69 9
38 53 40 2 50 42
59 54 59 2 44 88
56 63 89 55 93 2
17 57 53 93 28 94
21 13 9 13 16 42
89 2 79 55 77 16
77 7 3 71 61 64
97 52 82 9 58 52
89 54 77 55 15 69
26 16 9 10 58 1
12 92 38 35 2 89
69 91 7 100 83 90
89 65 65 51 51 14
54 16 55 84 8 100
84 96 73 40 53 4
58 63 6 60 81 86
17 21 77 4 85 96
60 69 98 58 1 64
30 55 86 100 5 57
81 24 89 73 3 56
6 70 70 54 56 13
41 37 35 45 23 35
66 53 1 83 98 61
72 74 4 75 69 61
88 75 7 1 69 80
90 12 4 88 68 52
17 45 31 30 7 25
3 81 95 29 90 98
85 88 6 96 35 85
6 78 65 51 2 76
5 82 61 92 99 7
1 1 99 65 88 88
56 64 5 72 10 94
53 11 73 88 12 83
85 100 2 34 88 52
52 6 92 36 19 22
95 77 80 99 20 2
80 24 60 10 44 56
80 51 8 54 84 76
64 46 77 6 64 41
72 75 4 73 72 87
14 21 8 1 27 59
73 95 8 100 89 54
63 11 74 71 96 13
61 5 89 70 9 77
97 38 87 96 3 89
7 7 4 8 19 20
61 3 93 55 15 55
84 9 61 4 62 69
56 94 2 71 69 24
10 75 1 100 65 60
2 70 95 25 91 60
14 42 63 62 11 96
60 66 2 88 70 66
70 5 15 94 90 69
89 74 72 62 53 4
12 25 88 29 14 7
99 9 82 85 5 98
77 93 3 96 81 56
20 26 7 64 17 3
40 85 56 5 100 16
96 98 69 7 65 31
81 53 3 74 26 92
55 19 76 2 55 1
87 76 1 86 72 47
60 71 74 62 43 9
85 5 18 57 79 56
99 54 74 57 55 6
51 85 3 51 61 66
39 78 29 31 9 17
65 63 3 72 67 69
40 3 21 7 39 9
2 80 61 23 93 81
74 54 63 55 4 76
71 54 78 78 2 88
14 78 100 5 10 93
81 9 97 3 62 96
38 92 39 58 5 82
97 6 14 67 98 95
82 97 51 54 3 78
78 39 45 85 7 4
73 97 56 1 79 57
3 18 20 15 45 9
2 93 100 45 67 86
85 37 2 100 61 97
12 91 98 4 89 67
77 62 60 88 1 96
52 5 63 1 43 72
88 91 70 59 1 86
9 1 8 30 12 25
1 60 55 93 89 4
68 84 55 70 48 2
3 70 52 9 63 23
68 15 72 96 90 2
89 79 7 3 88 77
76 2 27 13 76 68
54 66 31 2 66 58
10 92 63 7 78 75
11 54 83 87 8 88
61 62 20 90 7 99
53 52 1 78 68 56
15 33 22 9 35 9
1 77 14 82 56 61
37 85 2 79 90 53
94 79 63 6 10 80
97 80 93 5 13 78
57 15 74 57 10 96
52 84 71 81 16 11
98 32 69 90 2 49
86 53 2 60 72 71
1 67 18 65 81 100
20 1 6 40 1 6
83 90 3 80 52 57
5 64 6 74 80 87
76 60 2 69 88 63
58 61 2 58 66 92
25 5 50 24 18 34
13 48 76 66 80 2
14 56 60 82 1 64
2 86 59 19 52 53
40 77 93 25 1 72
60 92 93 1 86 11
6 66 20 76 1 58
99 79 94 87 49 1
9 98 100 73 10 54
76 73 1 3 64 77
5 44 75 76 16 82
82 35 33 8 46 7
84 87 3 71 52 71
90 57 2 11 66 87
51 78 2 67 100 76
82 95 72 39 55 5
86 85 1 94 64 71
2 85 100 1 84 57
16 70 47 11 8 40
1 90 33 100 69 51
4 87 55 61 19 77
69 70 2 75 94 10
82 96 69 6 84 7
90 73 52 61 41 3
74 9 73 81 52 5
2 52 48 2 36 2
55 100 87 8 2 54
71 76 59 1 92 39
18 36 84 20 8 6
24 35 54 7 55 57
67 54 32 80 57 1
17 17 93 97 3 51
62 56 1 42 3 79
2 65 46 6 74 60
18 34 84 67 6 56
1 91 61 6 54 90
67 87 1 96 99 55
60 84 3 39 59 60
72 51 6 2 92 93
74 64 1 53 56 55
73 94 6 1 51 51
83 72 86 1 67 23
10 58 92 69 56 1
100 55 1 65 58 73
4 60 1 20 80 89
8 64 3 88 42 4
92 17 62 6 79 45
75 92 78 7 7 57
79 42 4 30 88 7
3 94 53 51 19 90
62 79 100 1 24 59
52 56 1 93 79 68
66 65 2 8 83 91
6 74 63 53 3 63
70 1 1 64 89 56
54 82 2 84 60 71
6 5 19 29 29 23
40 88 1 51 67 62
79 12 46 62 88 1
92 31 89 63 53 5
83 53 1 83 66 98
57 60 5 52 2 65
64 68 1 66 94 74
9 4 39 8 9 33
12 66 53 59 8 88
75 13 70 3 77 63
70 13 3 58 6 60
10 52 1 56 80 72
64 96 81 1 12 79
32 99 1 58 52 78
72 77 1 80 52 56
6 88 10 94 62 91
86 40 2 85 52 59
50 43 28 17 5 3
2 98 30 66 76 58
59 80 3 53 97 73
57 91 24 60 21 2
44 5 99 86 81 2
95 8 70 6 81 58
1 82 59 76 35 55
1 94 29 52 99 74
71 17 58 3 64 52
