250 6
73 80 74 36 57 99
56 68 59 51 74 64
51 53 62 68 79 89
85 65 55 84 87 100
87 31 55 81 6 30
80 80 62 76 94 53
70 96 85 82 84 59
86 26 42 10 15 86
48 1 42 26 35 25
30 81 71 69 84 90
3 87 63 73 69 61
38 13 27 34 29 5
29 27 29 22 39 36
30 33 47 6 26 10
83 61 63 77 19 77
80 86 69 60 10 77
17 5 13 88 41 17
42 43 46 30 79 15
6 74 72 67 63 31
79 3 29 100 72 63
83 86 4 67 77 79
32 94 17 7 8 37
3 68 10 61 65 91
6 51 84 55 55 91
13 89 35 94 13 10
84 100 75 62 3 28
42 62 60 73 25 75
86 99 12 86 55 92
42 14 16 24 19 11
76 65 56 74 8 60
19 93 73 59 59 32
59 89 2 86 62 83
35 40 45 9 18 44
3 58 51 61 21 68
87 55 5 72 63 83
81 7 5 84 16 76
8 95 68 75 68 55
42 80 3 25 15 18
75 32 1 82 95 65
70 72 52 97 3 86
1 95 57 94 30 55
67 22 38 13 30 35
87 65 89 82 5 62
16 70 84 90 60 58
4 96 68 2 76 64
31 92 20 67 95 63
34 3 25 38 50 22
10 62 72 62 100 22
63 61 88 53 4 68
88 67 32 95 13 60
71 54 1 68 94 85
27 40 13 48 66 46
60 76 61 70 10 89
80 68 12 59 70 76
19 75 46 43 50 3
8 66 90 62 90 65
26 50 57 26 10 85
46 53 3 90 78 98
23 50 9 3 47 36
58 59 79 90 9 95
33 96 83 20 87 2
53 83 98 75 4 89
56 99 94 53 1 68
64 99 66 84 99 1
1 80 51 56 86 78
79 88 95 2 70 55
2 23 90 13 4 50
79 93 5 100 85 1
60 2 23 85 55 92
76 99 61 1 67 82
46 47 48 100 3 28
13 10 33 31 6 31
12 48 71 63 98 93
67 92 32 80 12 55
91 99 74 96 11 22
7 73 58 54 9 67
100 67 53 92 83 2
33 81 19 33 36 68
2 87 62 43 71 94
52 77 62 65 4 94
81 91 29 77 12 75
76 69 4 95 68 99
1 90 73 56 55 93
77 9 41 34 19 49
95 60 2 77 87 78
15 90 56 20 3 75
57 25 7 33 36 68
86 69 12 92 96 3
9 81 83 67 64 17
4 67 92 4 62 94
62 82 70 64 4 84
52 90 22 10 2 93
6 72 86 87 54 57
48 45 1 47 24 7
68 54 100 52 81 4
2 95 63 26 96 56
83 87 89 78 92 1
56 87 90 51 99 2
13 81 4 4 30 49
99 3 1 63 65 37
17 97 2 83 74 84
90 8 73 25 65 99
11 53 63 60 85 79
24 50 16 31 27 43
59 46 55 3 97 52
86 62 74 2 97 97
55 11 7 66 85 52
56 5 19 51 1 68
1 86 94 99 98 75
63 78 78 89 1 26
97 90 50 60 66 2
35 19 8 29 42 33
17 57 12 63 87 11
90 5 44 15 62 57
55 99 73 58 80 2
81 70 61 90 18 3
66 75 13 11 4 60
50 88 1 15 55 83
1 96 61 61 69 55
54 31 70 85 92 3
80 56 29 2 92 88
10 58 59 62 14 75
11 99 91 12 83 60
17 25 75 84 85 4
55 68 33 89 62 4
63 54 59 71 4 21
99 69 63 79 2 57
1 40 37 5 34 37
10 69 21 52 64 60
74 1 36 60 59 95
37 73 54 87 6 5
94 54 94 39 25 3
35 64 6 52 74 97
60 65 76 80 58 1
94 63 76 70 2 16
72 55 81 86 2 54
48 49 6 27 28 33
48 11 83 16 21 59
91 55 2 45 15 68
57 51 8 74 1 57
60 68 26 85 58 4
73 54 79 67 3 61
21 84 45 93 29 27
92 57 13 38 53 19
57 99 85 62 1 39
88 28 94 11 98 70
68 64 94 2 60 92
96 70 52 81 74 4
6 29 7 64 53 74
77 47 72 79 48 2
88 85 9 19 29 55
33 87 52 73 1 70
100 91 4 36 92 9
25 51 3 12 54 79
1 90 83 69 21 57
64 64 17 13 32 54
4 70 51 70 98 20
62 58 73 72 78 4
91 82 59 6 3 81
16 90 1 86 99 70
95 7 12 57 11 100
64 88 83 11 12 89
9 15 53 52 95 91
4 32 83 80 69 88
87 99 88 35 29 1
84 57 83 62 76 4
56 21 78 15 100 79
52 36 99 4 94 100
15 26 23 37 37 7
55 84 66 56 2 75
98 52 5 52 7 60
95 70 49 4 4 70
94 41 73 68 68 2
80 65 96 2 85 79
80 62 66 5 28 89
98 51 73 92 4 53
19 48 46 2 32 26
75 15 5 97 66 83
70 59 63 20 17 81
57 31 89 7 62 53
70 34 61 89 82 1
35 96 9 74 17 47
64 57 90 86 3 27
4 5 51 88 89 76
73 89 62 1 80 76
57 26 6 65 89 97
26 36 19 16 4 37
57 70 61 54 3 60
88 83 36 63 2 67
11 8 70 48 83 65
38 55 84 51 9 25
2 75 33 41 75 100
12 29 91 93 60 37
64 96 82 1 39 58
62 13 82 12 87 89
97 71 2 25 86 59
4 85 89 51 26 42
4 92 69 68 57 7
94 9 17 76 52 54
15 75 82 3 99 83
67 42 55 2 73 70
53 54 35 57 62 3
85 67 56 88 10 30
11 53 68 29 28 54
72 74 84 7 73 8
91 72 5 75 14 59
75 3 76 81 72 3
19 81 97 75 75 1
17 28 24 1 3 46
88 85 92 13 99 2
14 92 27 69 25 89
61 53 98 100 61 1
74 58 74 67 16 13
93 1 13 51 79 78
26 7 69 7 76 89
85 100 76 53 1 54
55 61 3 60 8 63
10 82 3 67 55 87
16 41 20 24 19 1
63 59 84 98 1 56
86 68 76 80 9 16
64 62 16 64 52 1
5 80 61 77 15 46
52 71 30 59 1 91
79 79 1 28 53 77
81 3 88 14 70 12
11 16 66 57 74 59
55 2 40 56 76 63
39 51 2 91 17 71
4 72 5 53 85 80
44 94 91 60 4 30
98 55 57 42 1 63
2 100 67 92 87 4
62 16 11 80 37 87
98 85 59 31 1 85
9 70 70 91 18 82
11 84 4 58 88 54
98 87 10 67 58 3
22 45 1 20 15 34
56 8 66 13 54 66
9 38 67 77 91 69
65 4 21 78 90 98
8 73 75 80 19 10
95 69 91 7 68 8
62 8 61 55 65 14
64 70 4 2 77 84
72 2 54 60 91 12
16 19 62 2 6 79
15 66 12 53 74 64
73 89 55 72 8 22
