300 6
79 61 73 73 82 69
47 72 95 51 76 55
88 95 8 23 6 36
31 15 1 9 54 6
1 42 12 29 31 10
33 46 81 96 19 36
38 9 8 6 30 45
14 36 27 4 33 43
49 9 5 9 10 19
44 1 19 4 42 16
1 25 24 7 44 33
1 8 30 45 7 18
46 4 71 44 21 41
26 21 28 18 48 42
41 20 33 43 21 45
41 66 40 18 32 3
8 46 1 70 95 6
35 5 16 45 68 15
23 10 77 22 32 32
47 2 21 60 37 34
35 35 24 18 24 11
33 41 16 37 33 35
49 23 22 20 2 18
28 42 49 74 28 17
26 32 32 38 37 28
32 14 72 44 12 29
43 50 5 14 3 46
16 8 46 8 16 38
42 37 21 43 2 36
48 17 26 13 15 27
46 75 13 22 9 31
18 33 28 48 47 12
25 48 7 16 37 26
48 30 4 22 42 27
8 11 79 14 83 24
40 21 24 76 12 86
23 1 7 33 23 16
35 8 22 66 24 15
11 19 20 19 43 82
23 13 34 17 16 45
8 18 20 21 7 12
81 16 3 50 27 24
46 44 8 27 46 20
2 50 11 21 8 2
51 12 12 3 5 3
35 53 22 11 22 67
43 12 14 53 2 39
6 19 42 25 10 98
38 2 25 32 50 66
2 26 40 37 20 38
24 20 33 16 27 63
19 13 8 47 10 62
10 40 14 49 29 1
41 40 1 45 32 34
48 39 36 9 12 37
5 45 53 24 22 6
21 21 50 7 7 39
35 9 42 47 5 9
42 9 31 3 50 2
8 37 1 18 28 35
27 12 2 1 52 20
37 25 2 21 23 45
33 93 29 17 36 10
24 26 37 17 2 7
30 12 22 13 45 49
11 26 15 42 44 29
41 19 34 12 23 24
28 10 5 48 45 75
12 7 19 22 7 13
2 39 20 24 44 72
49 48 13 83 5 98
11 37 2 47 17 26
25 42 57 28 39 1
26 43 42 36 1 40
16 97 18 3 49 1
31 44 34 30 2 46
2 46 16 43 24 17
9 23 24 14 2 20
14 29 34 13 7 100
3 86 97 2 47 32
12 15 36 48 18 10
38 47 29 6 18 8
15 17 5 43 62 19
1 37 19 62 29 39
25 56 6 38 32 12
14 24 20 50 4 2
17 34 83 12 42 16
21 25 16 17 42 30
42 43 33 11 12 2
23 25 25 11 34 73
46 78 3 43 18 5
36 4 36 47 5 33
32 24 10 24 4 42
15 21 41 20 11 29
26 40 47 31 38 3
10 23 46 11 37 20
28 14 11 6 21 94
46 21 40 6 6 10
24 27 51 5 29 44
6 31 48 10 31 5
41 8 16 32 19 26
32 13 7 41 9 22
3 34 6 5 18 35
7 28 35 17 6 26
1 98 91 16 11 21
7 9 8 29 36 32
35 7 75 19 26 5
23 2 41 38 16 47
96 6 45 44 20 42
49 49 9 42 15 15
28 9 13 16 44 46
35 80 5 11 18 24
17 21 97 14 21 20
40 46 57 8 9 13
17 28 16 13 27 29
48 1 15 2 7 38
23 45 40 41 77 7
20 9 31 15 49 31
32 19 10 34 22 2
8 15 44 8 41 79
16 7 2 44 21 29
47 17 25 35 32 12
18 8 15 4 2 61
28 18 25 4 41 24
10 19 89 5 31 39
29 44 7 39 7 40
50 4 29 43 41 1
6 38 38 39 46 5
10 5 48 3 34 99
48 74 6 42 19 32
82 3 11 27 1 5
8 25 4 37 35 42
74 6 5 11 34 31
15 30 36 5 19 3
43 24 30 15 35 16
12 26 87 3 11 32
37 34 12 19 34 21
46 20 34 5 24 49
2 25 63 17 24 29
27 3 33 10 7 8
44 21 7 6 24 34
50 25 9 40 5 40
34 19 6 36 7 7
28 32 17 6 32 3
14 45 15 26 6 60
2 32 14 18 45 7
48 85 53 10 18 6
29 39 28 2 47 40
15 3 48 12 75 9
3 54 4 45 21 100
33 11 26 17 44 28
16 26 4 24 44 21
2 4 95 12 26 46
12 26 4 39 24 28
26 5 4 1 5 44
16 2 86 12 36 50
25 15 5 4 42 20
9 19 14 35 42 4
12 23 36 63 3 19
18 9 11 22 29 44
21 22 8 67 20 37
6 20 30 31 41 43
32 26 9 28 48 19
20 5 48 100 36 4
48 10 14 47 13 23
47 49 13 47 20 3
23 30 33 9 37 1
8 36 4 91 27 28
10 13 76 40 41 8
3 47 35 27 18 29
25 16 46 7 18 47
20 21 1 14 14 72
54 33 9 10 6 41
20 47 18 22 42 25
3 2 3 1 9 30
22 23 29 12 62 16
18 29 29 35 11 6
13 48 61 59 25 3
20 21 10 10 8 17
84 44 7 47 81 2
36 3 28 43 90 3
80 13 7 66 1 42
39 5 6 19 22 4
66 10 2 30 7 44
46 19 63 25 5 3
43 23 12 29 16 11
1 46 22 30 46 8
9 1 45 45 41 34
8 19 19 7 29 29
12 50 7 8 2 41
23 22 45 26 19 5
10 22 18 68 17 1
6 43 2 9 14 12
18 1 59 1 15 79
37 36 2 75 20 31
49 30 17 13 5 5
34 5 25 31 12 16
7 22 98 27 53 27
2 25 22 34 19 7
48 18 2 2 13 12
86 32 7 27 6 8
23 10 54 10 2 4
30 54 2 8 9 33
2 50 10 34 1 33
7 16 4 49 35 24
18 27 6 18 2 1
13 4 13 7 7 26
15 22 57 17 4 25
8 37 39 27 9 9
88 1 36 17 8 35
4 7 1 4 36 31
26 12 1 49 34 40
7 9 47 44 44 22
41 46 50 9 6 41
43 2 10 35 44 7
37 4 3 21 7 38
1 27 33 21 6 4
9 27 11 37 10 19
43 2 15 3 7 17
1 84 76 1 67 19
27 50 9 9 10 10
5 12 23 20 6 18
27 2 28 41 17 16
23 13 15 11 94 6
37 47 22 5 20 12
3 40 5 12 27 11
28 6 7 7 1 2
11 2 63 23 75 14
2 42 81 12 11 57
13 94 2 44 15 2
7 4 50 35 41 10
50 71 2 25 6 20
6 46 2 17 18 1
16 18 48 1 26 14
1 99 36 1 40 1
7 2 75 73 54 26
24 30 40 16 4 3
19 1 88 13 25 42
8 36 38 28 1 88
4 8 44 7 48 3
37 40 19 1 6 39
23 1 67 43 20 49
16 60 6 9 12 19
4 13 29 28 35 27
15 49 4 5 19 25
3 30 33 83 79 3
9 24 10 44 41 18
13 2 4 6 9 2
10 27 24 12 6 31
66 10 49 5 40 14
4 1 35 48 79 55
8 9 33 8 1 25
30 22 46 3 60 7
1 58 13 33 29 33
12 17 63 10 11 11
2 36 18 21 37 36
24 81 21 1 19 15
44 99 2 33 4 26
47 18 6 30 6 37
45 35 2 34 3 48
1 18 1 41 19 49
12 32 4 26 2 19
1 76 74 8 91 4
5 8 15 49 1 16
29 1 2 50 6 17
28 19 4 27 8 29
4 36 32 29 43 10
1 53 51 95 2 8
3 68 49 4 43 23
29 10 10 1 12 14
70 40 1 46 19 45
33 21 19 3 2 29
4 19 1 15 21 15
1 40 14 23 75 31
16 1 57 49 36 28
18 1 20 20 38 4
14 1 7 27 32 7
9 2 97 40 2 48
11 40 19 46 2 12
9 33 11 21 17 12
87 12 5 96 3 63
39 5 1 31 3 73
2 8 46 47 20 5
32 40 1 30 29 3
45 2 3 18 49 16
19 22 32 1 1 79
3 17 4 49 1 46
47 21 48 3 20 5
46 34 43 4 17 12
9 12 37 36 42 12
30 27 2 99 2 95
1 18 37 18 45 25
75 3 86 71 1 28
2 1 14 30 28 46
1 71 39 12 19 41
2 19 40 29 34 43
29 12 67 31 27 1
3 28 18 15 36 10
5 1 31 40 14 50
4 6 14 18 35 24
