300 6
0.99 0.64 0.92 0.03 0.39 0.34
0.40 0.85 0.17 0.78 0.28 0.63
0.47 0.48 0.42 0.43 0.45 0.13
0.25 0.45 0.23 0.21 0.39 0.35
0.31 0.13 0.37 0.08 0.35 0.08
0.42 0.19 0.21 0.11 0.77 0.22
0.47 0.03 0.05 0.99 0.26 0.07
0.10 0.24 0.36 0.40 0.13 0.03
0.59 0.07 0.83 0.29 0.29 0.46
0.17 0.07 0.17 0.44 0.06 0.19
0.03 0.65 0.55 0.32 0.10 0.66
0.50 0.15 0.84 0.07 0.12 0.75
0.46 0.77 0.09 0.09 0.34 0.06
0.39 0.09 0.32 0.98 0.48 0.07
0.32 0.05 0.30 0.22 0.09 0.19
0.21 0.07 0.30 0.08 0.43 0.04
0.02 0.17 0.07 0.42 0.22 0.21
0.11 0.50 0.33 0.45 0.08 0.49
0.42 0.01 0.04 0.27 0.24 0.10
0.23 0.19 0.13 0.07 0.42 0.37
0.09 0.40 0.33 0.58 0.06 0.50
0.01 0.67 0.50 0.19 0.43 0.25
0.43 0.16 0.43 0.08 0.49 0.02
0.11 0.24 0.13 0.22 0.34 0.05
0.02 0.30 0.46 0.19 0.34 0.09
0.41 0.28 0.05 0.29 0.04 0.31
0.26 0.12 0.05 0.18 0.04 0.04
0.21 0.10 0.32 0.19 0.30 0.08
0.26 0.10 0.04 0.38 0.48 0.07
0.01 0.09 0.34 0.29 0.38 0.39
0.73 0.66 0.35 0.11 0.23 0.17
0.48 0.21 0.09 0.03 0.20 0.21
0.01 0.45 0.09 0.34 0.34 0.21
0.40 0.04 0.24 0.45 0.09 0.16
0.09 0.41 0.07 0.45 0.21 0.24
0.19 0.23 0.38 0.40 0.24 0.27
0.02 0.72 0.64 0.36 0.34 0.01
0.31 0.44 0.26 0.08 0.27 0.46
0.22 0.06 0.45 0.25 0.05 0.50
0.30 0.09 0.62 0.39 0.06 0.40
0.09 0.28 0.01 0.42 0.07 0.24
0.10 0.41 0.50 0.20 0.23 0.24
0.24 0.46 0.04 0.30 0.38 0.38
0.11 0.03 0.60 0.27 0.19 0.43
0.42 0.13 0.34 0.37 0.44 0.03
0.27 0.26 0.02 0.04 0.22 0.44
0.11 0.03 0.37 0.32 0.22 0.15
0.29 0.80 0.32 0.05 0.47 0.36
0.21 0.70 0.06 0.38 0.16 0.04
0.46 0.18 0.11 0.02 0.13 0.09
0.34 0.26 0.47 0.17 0.98 0.01
0.36 0.43 0.16 0.14 0.03 0.39
0.07 0.96 0.37 0.41 0.01 0.05
0.19 0.36 0.89 0.08 0.08 0.83
0.28 0.43 0.39 0.03 0.23 0.49
0.07 0.19 0.46 0.11 0.20 0.23
0.47 0.28 0.07 0.06 0.20 0.47
0.15 0.42 0.05 0.41 0.27 0.14
0.28 0.46 0.04 0.49 0.05 0.46
0.67 0.25 0.26 0.13 0.43 0.04
0.36 0.10 0.07 0.44 0.15 0.22
0.02 0.05 0.24 0.03 0.72 0.30
0.33 0.96 0.18 0.07 0.15 0.29
0.01 0.41 0.12 0.59 0.07 0.96
0.25 0.62 0.81 0.07 0.38 0.23
0.05 0.40 0.44 0.21 0.06 0.27
0.08 0.15 0.49 0.36 0.18 0.16
0.12 0.39 0.06 0.09 0.04 0.46
0.26 0.48 0.02 0.50 0.01 0.06
0.05 0.23 0.41 0.16 0.01 0.46
0.09 0.06 0.31 0.39 0.47 0.19
0.28 0.92 0.20 0.48 0.02 0.13
0.41 0.48 0.33 0.42 0.84 0.02
0.46 0.08 0.12 0.16 0.25 0.03
0.42 0.09 0.43 0.05 0.50 0.23
0.38 0.09 0.23 0.38 0.02 0.23
0.12 0.19 0.94 0.14 0.35 0.18
0.08 0.43 0.08 0.35 0.14 0.23
0.01 0.14 0.40 0.23 0.18 0.17
0.03 0.34 0.31 0.02 0.59 0.32
0.31 0.47 0.06 0.03 0.45 0.34
0.35 0.32 0.14 0.11 0.09 0.42
0.15 0.28 0.19 0.27 0.25 0.12
0.27 0.41 0.23 0.37 0.03 0.34
0.36 0.42 0.15 0.14 0.31 0.21
0.50 0.04 0.55 0.09 0.86 0.38
0.49 0.30 0.28 0.05 0.41 0.05
0.35 0.05 0.15 0.17 0.71 0.20
0.24 0.22 0.41 0.16 0.25 0.19
0.54 0.08 0.01 0.17 0.43 0.28
0.02 0.21 0.16 0.48 0.10 0.32
0.26 0.60 0.03 0.18 0.35 0.05
0.21 0.22 0.10 0.17 0.11 0.38
0.16 0.49 0.01 0.24 0.37 0.36
0.13 0.28 0.20 0.13 0.05 0.20
0.39 0.84 0.89 0.01 0.57 0.61
0.13 0.33 0.07 0.23 0.42 0.10
0.31 0.03 0.20 0.20 0.17 0.29
0.19 0.11 0.44 0.06 0.24 0.50
0.35 0.35 0.13 0.03 0.34 0.11
0.21 0.04 0.09 0.25 0.27 0.19
0.15 0.33 0.24 0.02 0.15 0.50
0.04 0.37 0.84 0.13 0.17 0.08
0.78 0.33 0.50 0.01 0.50 0.04
0.07 0.27 0.36 0.24 0.46 0.22
0.11 0.28 0.16 0.09 0.25 0.46
0.17 0.43 0.15 0.20 0.99 0.37
0.41 0.06 0.49 0.35 0.07 0.46
0.10 0.32 0.01 0.16 0.26 0.23
0.07 0.48 0.24 0.69 0.04 0.38
0.03 0.06 0.25 0.21 0.25 0.08
0.20 0.05 0.18 0.24 0.09 0.33
0.02 0.95 0.34 0.10 0.22 0.48
0.37 0.11 0.08 0.38 0.07 0.75
0.04 0.39 0.46 0.57 0.06 0.06
0.03 0.01 0.04 0.72 0.49 0.48
0.39 0.19 0.77 0.01 0.07 0.74
0.02 0.12 0.34 0.93 0.27 0.47
0.63 0.03 0.45 0.24 0.33 0.02
0.03 0.11 0.34 0.08 0.06 0.26
0.12 0.38 0.60 0.19 0.10 0.19
0.12 0.33 0.07 0.42 0.74 0.14
0.40 0.25 0.24 0.06 0.78 0.18
0.34 0.17 0.27 0.01 0.36 0.39
0.13 0.44 0.35 0.89 0.48 0.04
0.01 0.27 0.28 0.36 0.32 0.43
0.06 0.14 0.01 0.27 0.47 0.41
0.10 0.28 0.10 0.11 0.29 0.45
0.09 0.09 0.10 0.47 0.12 0.45
0.27 0.16 0.38 0.15 0.12 0.10
0.12 0.10 0.39 0.04 0.70 0.19
0.15 0.36 0.12 0.35 0.36 0.19
0.22 0.48 0.29 0.24 0.03 0.46
0.37 0.13 0.01 0.10 0.20 0.44
0.26 0.04 0.21 0.25 0.39 0.08
0.24 0.61 0.20 0.05 0.81 0.65
0.12 0.05 0.07 0.38 0.31 0.15
0.17 0.02 0.18 0.18 0.02 0.73
0.14 0.15 0.04 0.11 0.69 0.31
0.04 0.40 0.07 0.40 0.11 0.36
0.13 0.59 0.42 0.17 0.73 0.15
0.39 0.02 0.19 0.41 0.60 0.39
0.16 0.27 0.19 0.03 0.45 0.07
0.09 0.31 0.26 0.10 0.08 0.94
0.18 0.44 0.07 0.07 0.24 0.36
0.18 0.24 0.24 0.02 0.07 0.21
0.13 0.17 0.14 0.16 0.34 0.37
0.29 0.98 0.37 0.66 0.90 0.01
0.47 0.04 0.34 0.22 0.24 0.22
0.01 0.17 0.34 0.19 0.46 0.37
0.27 0.21 0.03 0.14 0.21 0.04
0.09 0.11 0.29 0.16 0.10 0.18
0.48 0.01 0.25 0.28 0.19 0.42
0.53 0.34 0.86 0.27 0.02 0.40
0.14 0.38 0.11 0.67 0.13 0.18
0.50 0.08 0.19 0.18 0.14 0.44
0.09 0.35 0.34 0.25 0.19 0.17
0.24 0.43 0.11 0.14 0.33 0.16
0.31 0.50 0.18 0.36 0.17 0.02
0.15 0.10 0.64 0.17 0.45 0.28
0.07 0.18 0.31 0.09 0.44 0.20
0.14 0.15 0.13 0.25 0.16 0.24
0.72 0.03 0.48 0.25 0.11 0.65
0.49 0.27 0.03 0.09 0.06 0.61
0.06 0.40 0.02 0.24 0.13 0.02
0.23 0.17 0.06 0.32 0.09 0.18
0.27 0.18 0.11 0.14 0.27 0.47
0.07 0.90 0.01 0.53 0.59 0.01
0.32 0.11 0.04 0.41 0.01 0.20
0.24 0.02 0.22 0.04 0.23 0.04
0.52 0.97 0.07 0.16 0.05 0.19
0.10 0.04 0.12 0.92 0.43 0.48
0.05 0.10 0.44 0.12 0.04 0.44
0.35 0.08 0.51 0.45 0.01 0.29
0.05 0.40 0.41 0.47 0.42 0.02
0.25 0.20 0.07 0.04 0.26 0.98
0.09 0.32 0.17 0.25 0.04 0.35
0.01 0.49 0.02 0.31 0.20 0.19
0.08 0.18 0.15 0.50 0.15 0.45
0.29 0.18 0.97 0.02 0.78 0.76
0.31 0.01 0.94 0.87 0.24 0.84
0.01 0.48 0.38 0.01 0.50 0.18
0.46 0.05 0.08 0.30 0.21 0.06
0.34 0.01 0.30 0.48 0.21 0.49
0.31 0.01 0.30 0.83 0.59 0.22
0.43 0.10 0.08 0.42 0.17 0.23
0.14 0.01 0.33 0.14 0.48 0.13
0.91 0.21 0.74 0.96 0.83 0.01
0.23 0.44 0.04 0.17 0.11 0.05
0.21 0.30 0.22 0.15 0.26 0.04
0.20 0.46 0.40 0.06 0.39 0.05
0.06 0.28 0.27 0.49 0.05 0.41
0.40 0.17 0.01 1.00 0.34 0.33
0.15 0.15 0.07 0.36 0.01 0.11
0.14 0.47 0.40 0.01 0.17 0.88
0.04 0.32 0.09 0.80 0.31 0.14
0.26 0.30 0.50 0.01 0.48 0.46
0.14 0.17 0.07 0.13 0.15 0.14
0.16 0.49 0.09 0.24 0.09 0.30
0.58 0.14 0.12 0.16 0.11 0.45
0.45 0.19 0.27 0.50 0.04 0.03
0.47 0.02 0.07 0.24 0.06 0.08
0.08 0.53 0.64 0.04 0.99 0.10
0.17 0.21 0.40 0.07 0.27 0.18
0.42 0.48 0.10 0.02 0.33 0.09
0.17 0.23 0.01 0.33 0.29 0.26
0.47 0.27 0.04 0.16 0.03 0.28
1.00 0.06 0.71 0.85 0.02 0.29
0.45 0.06 0.05 0.09 0.22 0.36
0.39 0.28 0.05 0.95 0.03 0.19
0.28 0.20 0.47 0.03 0.43 0.45
0.09 0.23 0.21 0.12 0.07 0.32
0.28 0.07 1.00 0.25 0.04 0.27
0.77 0.04 0.03 0.59 0.62 0.02
0.05 0.75 0.63 0.76 0.04 0.27
0.02 0.19 0.21 0.21 0.03 0.16
0.16 0.87 0.37 0.20 0.03 0.16
0.95 0.99 0.15 0.18 0.01 0.30
0.08 0.01 0.43 0.92 0.04 0.42
0.45 0.31 0.02 0.19 0.01 0.55
0.14 0.83 0.48 0.09 0.47 0.06
0.09 0.08 0.11 0.06 0.11 0.44
0.04 0.22 0.06 0.15 0.37 0.17
0.46 0.03 0.48 0.02 0.25 0.17
0.11 0.17 0.10 0.74 0.94 0.18
0.11 0.18 0.45 0.16 0.13 0.14
0.27 0.44 0.13 0.06 0.37 0.27
0.02 0.72 0.32 0.07 0.07 0.44
0.81 0.40 0.05 0.15 0.10 0.40
0.53 0.07 0.03 0.34 0.34 0.27
0.23 0.05 0.80 0.22 0.12 0.12
0.16 0.15 0.48 0.01 0.14 0.34
0.61 0.38 0.93 0.49 0.03 0.08
0.02 0.25 0.38 0.11 0.09 0.19
0.40 0.09 0.01 0.42 0.33 0.45
0.16 0.09 0.13 0.02 0.50 0.26
0.59 0.13 0.33 0.03 0.11 0.64
0.33 0.04 0.15 0.11 0.17 0.24
0.32 0.01 0.30 0.47 0.03 0.03
0.73 0.49 0.12 0.01 0.15 0.47
0.14 0.17 0.03 0.04 0.08 0.34
0.24 0.14 0.33 0.34 0.12 0.07
0.27 0.41 0.08 0.08 0.73 0.21
0.06 0.03 0.30 0.43 0.48 0.87
0.46 0.04 0.38 0.02 0.47 0.67
0.12 0.13 0.43 0.35 0.23 0.03
0.17 0.24 0.17 0.03 0.07 0.37
0.39 0.01 0.23 0.25 0.14 0.30
0.20 0.23 0.24 0.10 0.04 0.08
0.03 0.35 0.01 0.88 0.81 0.79
0.11 0.20 0.13 0.29 0.44 0.13
0.26 0.41 0.15 0.16 0.33 0.04
0.14 0.50 0.06 0.02 0.11 0.42
0.30 0.49 0.11 0.28 0.10 0.01
0.08 0.85 0.16 0.08 0.07 0.81
0.38 0.06 0.07 0.45 0.63 0.06
0.01 0.38 0.22 0.29 0.07 0.14
0.15 0.65 0.03 0.84 0.02 0.99
0.09 0.15 0.94 0.62 0.84 0.06
0.05 0.12 0.76 0.37 0.11 0.06
0.98 0.97 0.33 0.20 0.02 0.26
0.20 0.04 0.44 0.11 0.24 0.05
0.35 0.34 0.06 0.16 0.03 0.49
0.20 0.11 0.07 0.18 0.29 0.31
0.85 0.33 0.13 0.28 0.18 0.03
0.37 0.86 0.29 0.04 0.02 0.25
0.19 0.05 0.27 0.43 0.07 0.39
0.36 0.23 0.41 0.02 0.24 0.55
0.12 0.26 0.16 0.19 0.18 0.04
0.74 0.04 0.16 0.09 0.22 0.03
0.13 0.16 0.68 0.03 0.15 0.40
0.22 0.59 0.11 0.12 0.52 0.02
0.46 0.02 0.39 0.42 0.22 0.03
0.09 0.17 0.14 0.02 0.16 0.71
0.50 0.04 0.10 0.09 0.35 0.11
0.50 0.01 0.05 0.06 0.24 0.63
0.47 0.42 0.42 0.02 0.06 0.27
0.17 0.24 0.76 0.12 0.24 0.22
0.31 0.09 0.16 0.37 0.13 0.37
0.19 0.08 0.41 0.51 0.33 0.02
0.12 0.03 0.12 0.69 0.25 0.48
0.19 0.24 0.10 0.12 0.07 0.44
0.77 0.26 0.02 0.11 0.27 0.17
0.16 0.33 0.03 0.39 0.50 0.01
0.33 0.55 0.60 0.33 0.01 0.32
0.09 0.22 0.10 0.47 0.37 0.01
0.29 0.74 0.50 0.27 0.01 0.29
0.37 0.18 0.28 0.61 0.27 0.02
0.10 0.25 0.04 0.02 0.15 0.10
0.20 0.12 0.34 0.25 0.03 0.12
0.13 0.04 0.28 0.13 0.29 0.12
0.02 0.02 0.45 0.97 0.20 0.39
0.15 0.23 0.42 0.60 0.02 0.03
0.38 0.03 0.44 0.27 0.17 0.15
0.12 0.14 0.37 0.07 0.09 0.40
0.04 0.05 0.27 0.19 0.46 0.18
0.20 0.13 0.11 0.06 0.01 0.34
0.17 0.25 0.02 0.04 0.72 0.26
0.32 0.12 0.94 0.32 0.01 0.06
0.02 0.34 0.01 0.02 0.03 0.08
