300 6
0.44 0.89 0.48 0.65 0.78 0.92
0.45 0.43 0.93 0.47 0.93 0.76
0.19 0.25 0.25 0.24 0.09 0.37
0.29 0.22 0.07 0.28 0.15 0.40
0.14 0.49 0.20 0.02 0.33 0.31
0.19 0.48 0.10 0.46 0.34 0.08
0.34 0.30 0.09 0.97 0.38 0.04
0.04 0.29 0.20 0.39 0.10 0.34
0.24 0.46 0.04 0.19 0.33 0.25
0.13 0.05 0.09 0.54 0.26 0.17
0.06 0.48 0.27 0.27 0.36 0.11
0.83 0.94 0.26 0.09 0.15 0.15
0.38 0.30 0.24 0.50 0.39 0.03
0.14 0.02 0.04 0.29 0.12 0.93
0.34 0.18 0.50 0.35 0.09 0.05
0.31 0.01 0.43 0.30 0.19 0.37
0.13 0.09 0.17 0.20 0.36 0.26
0.02 0.46 0.91 0.27 0.46 0.46
0.09 0.48 0.03 0.99 0.17 0.70
0.13 0.46 0.85 0.03 0.03 0.15
0.12 0.01 0.48 0.42 0.39 0.46
0.20 0.16 0.19 0.39 0.14 0.22
0.40 0.43 0.27 0.25 0.34 0.07
0.25 0.33 0.06 0.40 0.86 0.83
0.23 0.19 0.02 0.48 0.19 0.24
0.35 0.05 0.11 0.28 0.19 0.19
0.52 0.40 0.32 0.37 0.38 0.05
0.21 0.37 0.26 0.82 0.32 0.16
0.08 0.04 0.05 0.75 0.36 0.19
0.59 0.27 0.04 0.93 0.04 0.14
0.36 0.36 0.22 0.66 0.09 0.48
0.32 0.31 0.30 0.07 0.76 0.22
0.24 0.10 0.03 0.06 0.49 0.49
0.13 0.89 0.40 0.27 0.04 0.13
0.07 0.17 0.18 0.19 0.02 0.16
0.06 0.47 0.71 0.12 0.27 0.42
0.18 0.18 0.32 0.27 0.29 0.01
0.06 0.89 0.09 0.10 0.05 0.18
0.26 0.04 0.29 0.07 0.17 0.46
0.24 0.44 0.01 0.06 0.28 0.39
0.01 0.76 0.01 0.34 0.32 0.41
0.06 0.94 0.94 0.07 0.15 0.59
0.15 0.44 0.14 0.24 0.04 0.38
0.25 0.10 0.29 0.38 0.35 0.34
0.42 0.01 0.19 0.19 0.43 0.37
0.23 0.79 0.12 0.14 0.43 0.24
0.46 0.09 0.22 0.49 0.21 0.06
0.22 0.39 0.28 0.46 0.46 0.03
0.10 0.50 0.36 0.01 0.29 0.21
0.85 0.06 0.87 0.27 0.23 0.44
0.04 0.28 0.13 0.06 0.47 0.46
0.04 0.20 0.48 0.47 0.50 0.14
0.09 0.13 0.42 0.38 0.45 0.31
0.07 0.44 0.17 0.47 0.36 0.18
0.24 0.03 0.51 0.06 0.09 0.49
0.05 0.03 0.56 0.43 0.33 0.41
0.10 0.22 0.26 0.01 0.15 0.30
0.09 0.35 0.14 0.12 0.04 0.77
0.10 0.47 0.09 0.29 0.45 0.15
0.48 0.36 0.46 0.04 0.03 0.40
0.37 0.10 0.19 0.15 0.35 0.06
0.07 0.34 0.43 0.35 0.17 0.13
0.27 0.04 0.07 0.08 0.18 0.32
0.04 0.24 0.05 0.12 0.30 0.21
0.29 0.47 0.22 0.12 0.02 0.48
0.15 0.12 0.12 0.53 0.26 0.10
0.05 0.35 0.04 0.22 0.22 0.14
0.08 0.14 0.15 0.43 0.15 0.08
0.08 0.30 0.28 0.11 0.05 0.31
0.37 0.39 0.15 0.45 0.04 0.27
0.83 0.24 0.20 0.03 0.87 0.36
0.15 0.35 0.34 0.14 0.18 0.18
0.07 0.27 0.48 0.18 0.13 0.33
0.13 0.46 0.14 0.03 0.44 0.18
0.71 0.34 0.92 0.04 0.36 0.05
0.27 0.26 0.43 0.01 0.26 0.25
0.01 0.39 0.49 0.24 0.16 0.35
0.07 0.16 0.14 0.54 0.50 0.91
0.18 0.04 0.27 0.15 0.32 0.08
0.05 0.47 0.50 0.38 0.13 0.32
0.50 0.04 0.25 0.39 0.94 0.29
0.16 0.06 0.18 0.19 0.15 0.10
0.03 0.39 0.20 0.43 0.18 0.23
0.56 0.20 0.14 0.27 0.71 0.02
0.36 0.18 0.10 0.18 0.02 0.24
0.38 0.17 0.06 0.27 0.37 0.12
0.05 0.36 0.39 0.82 0.28 0.05
0.33 0.08 0.04 0.28 0.20 0.16
0.26 0.25 0.18 0.06 0.19 0.37
0.23 0.10 0.44 0.13 0.65 0.37
0.48 0.39 0.44 0.12 0.22 0.04
0.01 0.31 0.28 0.53 0.02 0.07
0.11 0.41 0.35 0.08 0.45 0.08
0.28 0.05 0.19 0.01 0.15 0.20
0.07 0.31 0.01 0.42 0.49 0.55
0.49 0.29 0.54 0.42 0.06 0.07
0.47 0.02 0.35 0.05 0.35 0.33
0.17 0.55 0.36 0.07 0.07 0.35
0.37 0.19 0.04 0.11 0.09 0.22
0.20 0.28 0.06 0.30 0.24 0.69
0.31 0.42 0.31 0.09 0.37 0.12
0.33 0.46 0.48 0.50 0.01 0.23
0.25 0.16 0.35 0.17 0.26 0.48
0.10 0.32 0.04 0.08 0.23 0.30
0.16 0.26 0.02 0.22 0.06 0.90
0.41 0.40 0.32 0.23 0.02 0.13
0.25 0.13 0.47 0.06 0.10 0.35
0.19 0.46 0.12 0.03 0.40 0.49
0.24 0.03 0.30 0.25 0.26 0.77
0.14 0.87 0.02 0.91 0.37 0.29
0.47 0.43 0.32 0.03 0.14 0.30
0.01 0.37 0.01 0.43 0.09 0.02
0.43 0.48 0.21 0.06 0.12 0.66
0.44 0.13 0.47 0.01 0.06 0.10
0.04 0.02 0.17 0.33 0.43 0.22
0.17 0.19 0.04 0.26 0.29 0.56
0.32 0.31 0.07 0.33 0.12 0.42
0.27 0.18 0.35 0.49 0.01 0.22
0.08 0.03 0.57 0.46 0.09 0.48
0.22 0.04 0.55 0.30 0.28 0.43
0.17 0.18 0.43 0.31 0.40 0.05
0.18 0.38 0.19 0.02 0.01 0.03
0.17 0.35 0.29 0.47 0.24 0.05
0.01 0.06 0.38 0.09 0.70 0.29
0.26 0.25 0.46 0.14 0.13 0.43
0.08 0.05 0.05 0.15 0.73 0.06
0.46 0.08 0.15 0.16 0.28 0.25
0.28 0.09 0.37 0.30 0.14 0.19
0.40 0.08 0.04 0.13 0.56 0.04
0.22 0.10 0.18 0.06 0.39 0.16
0.04 0.11 0.44 0.34 0.40 0.36
0.04 0.28 0.44 0.09 0.19 0.51
0.37 0.01 0.01 0.18 0.05 0.20
0.16 0.14 0.45 0.48 0.44 0.05
0.10 0.79 0.10 0.02 0.50 0.04
0.35 0.14 0.67 0.19 0.13 0.33
0.21 0.03 0.03 0.08 0.01 0.20
0.15 0.41 0.12 0.24 0.51 0.08
0.10 0.28 0.30 0.03 0.21 0.29
0.06 0.83 0.08 0.02 0.39 0.03
0.06 0.06 0.66 0.15 0.04 0.16
0.46 0.50 0.08 0.02 0.26 0.98
0.02 0.36 0.46 0.33 0.33 0.41
0.74 0.14 0.09 0.47 0.15 0.15
0.02 0.15 0.61 0.79 0.06 1.00
0.14 0.10 0.19 0.30 0.07 0.02
0.11 0.91 0.02 0.16 0.26 0.15
0.08 0.04 0.04 0.12 0.35 0.70
0.01 0.02 0.02 0.30 0.13 0.48
0.25 0.42 0.05 0.11 0.17 0.04
0.15 0.04 0.38 0.20 0.04 0.60
0.07 0.17 0.33 0.42 0.03 0.12
0.15 0.03 0.33 0.10 0.45 0.02
0.18 0.02 0.23 0.09 0.18 0.45
0.16 0.04 0.10 0.47 0.16 0.08
0.05 0.29 0.45 0.43 0.15 0.02
0.16 0.01 0.46 0.21 0.92 0.03
0.20 0.43 0.08 0.10 0.07 0.45
0.04 0.67 0.85 0.05 0.06 0.38
0.09 0.22 0.23 0.29 0.17 0.04
0.07 0.49 0.08 0.09 0.23 0.35
0.13 0.18 0.15 0.01 0.23 0.18
0.45 0.14 0.03 0.27 0.24 0.08
0.14 0.13 0.36 0.25 0.12 0.96
0.18 0.03 0.02 0.39 0.49 0.10
0.04 0.12 0.16 0.18 0.34 0.48
0.11 0.49 0.80 0.26 0.31 0.06
0.15 0.45 0.07 0.02 0.10 0.46
0.24 0.18 0.01 0.14 0.27 0.15
0.15 0.10 0.14 0.13 0.16 0.06
0.04 0.06 0.37 0.32 0.04 0.19
0.23 0.11 0.28 0.07 0.14 0.49
0.33 0.45 0.08 0.02 0.20 0.38
0.09 0.37 0.12 0.47 0.06 0.21
0.24 0.48 0.16 0.03 0.08 0.28
0.08 0.09 0.16 0.03 0.41 0.47
0.02 0.36 0.13 0.25 0.44 0.34
0.01 0.04 0.78 0.01 0.43 0.27
0.40 0.12 0.46 0.13 0.44 0.04
0.07 0.32 0.39 0.12 0.15 0.35
0.12 0.23 0.10 0.46 0.40 0.10
0.13 0.24 0.31 0.14 0.09 0.27
0.28 0.31 0.03 0.06 0.49 0.18
0.04 0.43 0.33 0.23 0.07 0.08
0.36 0.12 0.25 0.12 0.18 0.19
0.97 0.02 0.43 0.47 0.47 0.12
0.23 0.02 0.06 0.24 0.29 0.12
0.20 0.07 0.12 0.37 0.42 0.40
0.07 0.66 0.09 0.02 0.38 0.96
0.19 0.19 0.65 0.04 0.19 0.08
0.02 0.16 0.45 0.14 0.01 0.18
0.03 0.29 0.36 0.34 0.77 0.40
0.76 0.49 0.41 0.01 0.13 0.05
0.18 0.48 0.07 0.29 0.56 0.13
0.27 0.31 0.42 0.04 0.93 0.12
0.09 0.95 0.34 0.27 0.30 0.04
0.68 0.93 0.27 0.76 0.55 0.01
0.09 0.33 0.41 0.01 0.30 0.19
0.10 0.06 0.39 0.25 0.36 0.46
0.01 0.27 0.37 0.20 0.05 0.87
0.05 0.21 0.10 0.15 0.86 0.27
0.41 0.30 0.59 0.12 0.36 0.12
0.12 0.07 0.27 0.24 0.18 0.28
0.51 0.26 0.02 0.03 0.71 0.42
0.15 0.12 0.04 0.09 0.49 0.29
0.08 0.08 0.30 0.20 0.29 0.24
0.60 0.08 0.14 0.49 0.48 0.03
0.10 0.03 0.46 0.24 0.44 0.03
0.15 0.47 0.34 0.07 0.01 0.09
0.46 0.02 0.62 0.22 0.06 0.04
0.18 0.20 0.03 0.12 0.17 0.36
0.05 0.11 0.23 0.17 0.35 0.11
0.49 0.29 0.50 0.75 0.02 0.09
0.14 0.11 0.09 0.18 0.48 0.49
0.33 0.02 0.22 0.85 0.12 0.08
0.46 0.39 0.04 0.40 0.02 0.16
0.19 0.11 0.04 0.26 0.36 0.44
0.46 0.13 0.30 0.03 0.05 0.29
0.19 0.10 0.38 0.28 0.08 0.40
0.11 0.48 0.31 0.15 0.26 0.21
0.42 0.19 0.05 0.50 0.25 0.05
0.42 0.07 0.29 0.24 0.02 0.16
0.42 0.11 0.16 0.04 0.38 0.44
0.12 0.10 0.48 0.17 0.41 0.15
0.15 0.03 0.17 0.16 0.38 0.36
0.34 0.02 0.81 0.02 0.83 0.79
0.30 0.02 0.07 0.09 0.74 0.12
0.14 0.30 0.02 0.31 0.30 0.07
0.20 0.14 0.74 0.47 0.05 0.01
0.04 0.21 0.12 0.40 0.14 0.43
0.04 0.22 0.26 0.48 0.38 0.11
0.47 0.14 0.13 0.67 0.14 0.16
0.21 0.39 0.05 0.05 0.31 0.68
0.15 0.38 0.14 0.27 0.14 0.12
0.44 0.32 0.31 0.06 0.06 0.34
0.09 0.32 0.13 0.37 0.24 0.04
0.10 0.30 0.19 0.17 0.30 0.09
0.20 0.01 0.54 0.30 0.52 0.60
0.08 0.29 0.03 0.21 0.49 0.14
0.45 0.01 0.13 0.23 0.02 0.12
0.20 0.07 0.28 0.18 0.17 0.15
0.22 0.22 0.09 0.24 0.31 0.19
0.06 0.03 0.48 0.19 0.53 0.02
0.16 0.24 0.27 0.90 0.01 0.25
0.17 0.12 0.44 0.08 0.43 0.06
0.13 0.27 0.22 0.24 0.19 0.14
0.10 0.47 0.12 0.18 0.22 0.01
0.11 0.50 0.24 0.07 0.35 0.29
0.02 0.12 0.14 0.25 0.41 0.20
0.05 0.17 0.31 0.14 0.08 0.23
0.05 0.56 0.89 0.95 0.02 0.02
0.36 0.03 0.34 0.34 0.01 0.03
0.20 0.10 0.11 0.09 0.07 0.40
0.06 0.36 0.33 0.46 0.47 0.08
0.25 0.15 0.24 0.16 0.03 0.17
0.09 0.76 0.75 0.11 0.87 0.12
0.38 0.42 0.10 0.10 0.29 0.03
0.01 0.26 0.27 0.07 0.01 0.01
0.28 0.47 0.11 0.02 0.16 0.02
0.83 0.05 0.15 0.16 0.30 0.15
0.26 0.11 0.02 0.12 0.50 0.46
0.19 0.01 0.49 0.22 0.50 0.06
0.21 0.34 0.06 0.62 0.45 0.05
0.12 0.19 0.41 0.15 0.49 0.15
0.33 0.09 0.01 0.50 0.09 0.50
0.01 0.25 0.35 0.30 0.03 0.15
0.02 0.10 0.25 0.28 0.31 0.25
0.28 0.37 0.01 0.05 0.03 0.28
0.74 0.01 0.17 0.01 0.11 0.35
0.14 0.17 0.16 0.09 0.27 0.41
0.01 0.18 0.40 0.13 0.28 0.40
0.14 0.43 0.10 0.31 0.42 0.03
0.20 0.09 0.59 1.00 0.65 0.01
0.27 0.14 0.10 0.02 0.48 0.10
0.02 0.12 0.19 0.32 0.37 0.22
0.45 0.32 0.02 0.18 0.38 0.02
0.21 0.02 0.39 0.42 0.31 0.16
0.10 0.02 0.04 0.42 0.81 0.42
0.51 0.32 0.08 0.44 0.13 0.16
0.38 0.72 0.69 0.01 0.15 0.08
0.19 0.03 0.32 0.08 0.33 0.37
0.14 0.23 0.16 0.40 0.10 0.43
0.67 0.09 0.37 0.03 0.03 0.77
0.10 0.07 0.43 0.49 0.11 0.06
0.14 0.16 0.27 0.06 0.03 0.20
0.10 0.36 0.11 0.21 0.30 0.01
0.34 0.22 0.34 0.45 0.02 0.03
0.07 0.38 0.47 0.06 0.22 0.18
0.83 0.36 0.09 0.02 0.01 0.20
0.15 0.17 0.42 0.14 0.12 0.02
0.15 0.23 0.87 0.83 0.05 0.03
0.44 0.92 0.08 0.01 0.03 0.49
0.25 0.02 0.39 0.13 0.35 0.24
0.34 0.31 0.18 0.04 0.09 0.34
0.13 0.06 0.07 0.20 0.23 0.27
0.54 0.77 0.01 0.58 0.02 0.26
0.17 0.18 0.17 0.23 0.69 0.02
0.06 0.46 0.14 0.04 0.36 0.90
0.35 0.01 0.29 0.16 0.90 0.15
0.04 0.09 0.35 0.23 0.08 0.17
