300 6
44 89 48 65 78 92
45 43 93 47 93 76
19 25 25 24 9 37
29 22 7 28 15 40
14 49 20 2 33 31
19 48 10 46 34 8
34 30 9 97 38 4
4 29 20 39 10 34
24 46 4 19 33 25
13 5 9 54 26 17
6 48 27 27 36 11
83 94 26 9 15 15
38 30 24 50 39 3
14 2 4 29 12 93
34 18 50 35 9 5
31 1 43 30 19 37
13 9 17 20 36 26
2 46 91 27 46 46
9 48 3 99 17 70
13 46 85 3 3 15
12 1 48 42 39 46
20 16 19 39 14 22
40 43 27 25 34 7
25 33 6 40 86 83
23 19 2 48 19 24
35 5 11 28 19 19
52 40 32 37 38 5
21 37 26 82 32 16
8 4 5 75 36 19
59 27 4 93 4 14
36 36 22 66 9 48
32 31 30 7 76 22
24 10 3 6 49 49
13 89 40 27 4 13
7 17 18 19 2 16
6 47 71 12 27 42
18 18 32 27 29 1
6 89 9 10 5 18
26 4 29 7 17 46
24 44 1 6 28 39
1 76 1 34 32 41
6 94 94 7 15 59
15 44 14 24 4 38
25 10 29 38 35 34
42 1 19 19 43 37
23 79 12 14 43 24
46 9 22 49 21 6
22 39 28 46 46 3
10 50 36 1 29 21
85 6 87 27 23 44
4 28 13 6 47 46
4 20 48 47 50 14
9 13 42 38 45 31
7 44 17 47 36 18
24 3 51 6 9 49
5 3 56 43 33 41
10 22 26 1 15 30
9 35 14 12 4 77
10 47 9 29 45 15
48 36 46 4 3 40
37 10 19 15 35 6
7 34 43 35 17 13
27 4 7 8 18 32
4 24 5 12 30 21
29 47 22 12 2 48
15 12 12 53 26 10
5 35 4 22 22 14
8 14 15 43 15 8
8 30 28 11 5 31
37 39 15 45 4 27
83 24 20 3 87 36
15 35 34 14 18 18
7 27 48 18 13 33
13 46 14 3 44 18
71 34 92 4 36 5
27 26 43 1 26 25
1 39 49 24 16 35
7 16 14 54 50 91
18 4 27 15 32 8
5 47 50 38 13 32
50 4 25 39 94 29
16 6 18 19 15 10
3 39 20 43 18 23
56 20 14 27 71 2
36 18 10 18 2 24
38 17 6 27 37 12
5 36 39 82 28 5
33 8 4 28 20 16
26 25 18 6 19 37
23 10 44 13 65 37
48 39 44 12 22 4
1 31 28 53 2 7
11 41 35 8 45 8
28 5 19 1 15 20
7 31 1 42 49 55
49 29 54 42 6 7
47 2 35 5 35 33
17 55 36 7 7 35
37 19 4 11 9 22
20 28 6 30 24 69
31 42 31 9 37 12
33 46 48 50 1 23
25 16 35 17 26 48
10 32 4 8 23 30
16 26 2 22 6 90
41 40 32 23 2 13
25 13 47 6 10 35
19 46 12 3 40 49
24 3 30 25 26 77
14 87 2 91 37 29
47 43 32 3 14 30
1 37 1 43 9 2
43 48 21 6 12 66
44 13 47 1 6 10
4 2 17 33 43 22
17 19 4 26 29 56
32 31 7 33 12 42
27 18 35 49 1 22
8 3 57 46 9 48
22 4 55 30 28 43
17 18 43 31 40 5
18 38 19 2 1 3
17 35 29 47 24 5
1 6 38 9 70 29
26 25 46 14 13 43
8 5 5 15 73 6
46 8 15 16 28 25
28 9 37 30 14 19
40 8 4 13 56 4
22 10 18 6 39 16
4 11 44 34 40 36
4 28 44 9 19 51
37 1 1 18 5 20
16 14 45 48 44 5
10 79 10 2 50 4
35 14 67 19 13 33
21 3 3 8 1 20
15 41 12 24 51 8
10 28 30 3 21 29
6 83 8 2 39 3
6 6 66 15 4 16
46 50 8 2 26 98
2 36 46 33 33 41
74 14 9 47 15 15
2 15 61 79 6 100
14 10 19 30 7 2
11 91 2 16 26 15
8 4 4 12 35 70
1 2 2 30 13 48
25 42 5 11 17 4
15 4 38 20 4 60
7 17 33 42 3 12
15 3 33 10 45 2
18 2 23 9 18 45
16 4 10 47 16 8
5 29 45 43 15 2
16 1 46 21 92 3
20 43 8 10 7 45
4 67 85 5 6 38
9 22 23 29 17 4
7 49 8 9 23 35
13 18 15 1 23 18
45 14 3 27 24 8
14 13 36 25 12 96
18 3 2 39 49 10
4 12 16 18 34 48
11 49 80 26 31 6
15 45 7 2 10 46
24 18 1 14 27 15
15 10 14 13 16 6
4 6 37 32 4 19
23 11 28 7 14 49
33 45 8 2 20 38
9 37 12 47 6 21
24 48 16 3 8 28
8 9 16 3 41 47
2 36 13 25 44 34
1 4 78 1 43 27
40 12 46 13 44 4
7 32 39 12 15 35
12 23 10 46 40 10
13 24 31 14 9 27
28 31 3 6 49 18
4 43 33 23 7 8
36 12 25 12 18 19
97 2 43 47 47 12
23 2 6 24 29 12
20 7 12 37 42 40
7 66 9 2 38 96
19 19 65 4 19 8
2 16 45 14 1 18
3 29 36 34 77 40
76 49 41 1 13 5
18 48 7 29 56 13
27 31 42 4 93 12
9 95 34 27 30 4
68 93 27 76 55 1
9 33 41 1 30 19
10 6 39 25 36 46
1 27 37 20 5 87
5 21 10 15 86 27
41 30 59 12 36 12
12 7 27 24 18 28
51 26 2 3 71 42
15 12 4 9 49 29
8 8 30 20 29 24
60 8 14 49 48 3
10 3 46 24 44 3
15 47 34 7 1 9
46 2 62 22 6 4
18 20 3 12 17 36
5 11 23 17 35 11
49 29 50 75 2 9
14 11 9 18 48 49
33 2 22 85 12 8
46 39 4 40 2 16
19 11 4 26 36 44
46 13 30 3 5 29
19 10 38 28 8 40
11 48 31 15 26 21
42 19 5 50 25 5
42 7 29 24 2 16
42 11 16 4 38 44
12 10 48 17 41 15
15 3 17 16 38 36
34 2 81 2 83 79
30 2 7 9 74 12
14 30 2 31 30 7
20 14 74 47 5 1
4 21 12 40 14 43
4 22 26 48 38 11
47 14 13 67 14 16
21 39 5 5 31 68
15 38 14 27 14 12
44 32 31 6 6 34
9 32 13 37 24 4
10 30 19 17 30 9
20 1 54 30 52 60
8 29 3 21 49 14
45 1 13 23 2 12
20 7 28 18 17 15
22 22 9 24 31 19
6 3 48 19 53 2
16 24 27 90 1 25
17 12 44 8 43 6
13 27 22 24 19 14
10 47 12 18 22 1
11 50 24 7 35 29
2 12 14 25 41 20
5 17 31 14 8 23
5 56 89 95 2 2
36 3 34 34 1 3
20 10 11 9 7 40
6 36 33 46 47 8
25 15 24 16 3 17
9 76 75 11 87 12
38 42 10 10 29 3
1 26 27 7 1 1
28 47 11 2 16 2
83 5 15 16 30 15
26 11 2 12 50 46
19 1 49 22 50 6
21 34 6 62 45 5
12 19 41 15 49 15
33 9 1 50 9 50
1 25 35 30 3 15
2 10 25 28 31 25
28 37 1 5 3 28
74 1 17 1 11 35
14 17 16 9 27 41
1 18 40 13 28 40
14 43 10 31 42 3
20 9 59 100 65 1
27 14 10 2 48 10
2 12 19 32 37 22
45 32 2 18 38 2
21 2 39 42 31 16
10 2 4 42 81 42
51 32 8 44 13 16
38 72 69 1 15 8
19 3 32 8 33 37
14 23 16 40 10 43
67 9 37 3 3 77
10 7 43 49 11 6
14 16 27 6 3 20
10 36 11 21 30 1
34 22 34 45 2 3
7 38 47 6 22 18
83 36 9 2 1 20
15 17 42 14 12 2
15 23 87 83 5 3
44 92 8 1 3 49
25 2 39 13 35 24
34 31 18 4 9 34
13 6 7 20 23 27
54 77 1 58 2 26
17 18 17 23 69 2
6 46 14 4 36 90
35 1 29 16 90 15
4 9 35 23 8 17
