300 6
82 74 40 74 6 14
24 37 53 88 89 54
2 100 80 4 78 22
46 5 30 50 33 20
48 48 34 10 22 91
78 3 5 3 10 39
26 34 47 19 27 43
50 48 48 96 4 34
3 6 43 22 11 56
30 36 40 19 5 7
2 14 14 30 38 47
5 38 27 7 27 26
50 30 48 35 56 20
21 17 22 18 10 93
40 3 14 66 69 9
39 5 28 37 13 20
80 31 46 29 24 20
49 10 15 11 25 62
23 60 48 40 33 17
12 24 29 20 42 24
22 27 74 27 49 22
88 50 13 19 9 22
14 27 4 34 63 50
9 45 11 53 48 46
10 49 16 34 42 7
44 47 49 7 15 8
45 12 48 6 7 7
50 30 52 20 33 2
3 20 9 1 2 40
29 16 14 6 17 32
1 33 89 6 2 13
35 13 22 14 6 19
16 10 27 46 50 26
35 81 12 45 26 35
39 32 30 10 29 12
41 20 27 22 55 5
35 12 50 47 48 33
36 2 74 83 16 48
21 26 36 40 16 15
26 79 14 23 50 10
25 7 11 11 46 22
31 47 3 37 15 46
12 18 8 22 26 23
41 28 21 39 5 26
88 18 45 12 31 9
9 7 36 86 10 44
1 28 7 9 17 37
100 25 20 41 89 8
75 28 43 17 33 5
6 21 8 2 49 2
84 19 5 61 32 22
40 4 4 11 26 25
20 19 15 34 19 29
3 36 33 43 28 31
13 82 30 40 37 14
3 57 16 10 41 16
85 4 68 29 37 3
13 4 10 20 37 46
1 10 3 57 15 26
38 30 30 36 44 2
83 23 39 53 13 5
4 43 18 32 94 15
32 44 3 44 39 53
43 48 3 29 37 25
5 18 14 12 8 19
4 7 61 3 27 81
26 43 38 50 1 11
67 18 2 25 27 59
45 3 36 19 46 32
49 3 29 37 12 39
3 9 35 47 14 21
2 45 46 23 16 33
50 93 23 11 18 15
29 5 65 41 44 29
4 38 58 16 13 4
21 32 23 19 24 6
46 44 36 27 4 18
44 12 7 38 24 22
25 9 2 26 24 34
56 1 20 28 30 36
29 65 3 8 18 37
19 11 94 8 47 17
1 3 19 7 68 29
16 32 41 48 1 15
21 17 2 11 50 47
6 43 39 10 39 21
13 97 37 10 41 12
44 87 46 3 28 32
48 30 6 17 1 14
35 12 22 17 14 13
12 25 3 11 39 2
25 4 93 87 57 28
1 2 48 16 36 47
7 12 27 28 11 30
3 29 45 47 52 2
2 7 36 49 50 45
77 17 93 5 47 43
60 5 23 39 8 60
47 80 33 8 19 5
24 11 11 8 46 3
81 20 42 24 15 5
38 6 5 50 46 7
2 21 14 21 46 41
11 38 25 8 38 9
21 38 46 42 6 20
1 47 25 33 32 36
43 7 41 46 2 50
12 18 14 14 7 43
29 35 49 43 33 2
82 2 16 58 75 36
2 5 5 50 35 42
13 92 35 66 22 4
35 10 68 9 27 30
3 32 49 31 19 29
29 8 32 43 21 39
3 2 39 72 75 45
40 44 21 24 20 5
35 42 8 4 30 43
29 8 59 23 39 36
50 4 16 24 27 10
1 49 31 8 42 6
29 47 44 18 17 2
2 39 35 35 7 24
40 20 42 6 50 14
18 7 18 27 40 24
20 25 5 20 10 2
5 25 13 42 19 35
15 16 46 23 32 37
34 38 3 41 3 20
6 95 64 5 11 20
2 19 9 21 36 36
40 13 9 27 62 21
23 31 42 44 10 1
47 5 12 41 25 23
2 34 46 6 47 4
38 24 3 7 7 35
6 6 64 15 36 25
76 20 9 21 16 35
11 7 3 2 6 17
37 7 33 34 16 7
41 44 64 44 6 3
99 3 2 30 63 32
31 11 48 50 18 5
5 32 10 6 47 21
4 13 3 37 39 49
38 2 35 26 22 17
24 3 44 55 58 8
70 5 3 23 15 50
46 22 1 43 19 45
4 43 20 9 33 12
5 16 22 30 34 34
45 6 7 49 10 21
13 17 1 36 31 49
81 35 67 11 5 7
18 2 84 16 49 2
45 6 27 17 23 31
1 42 40 31 45 20
34 81 12 12 16 5
95 98 20 28 32 1
1 1 66 9 49 40
16 32 10 45 18 7
50 19 4 49 1 1
2 21 43 15 15 45
2 37 24 43 8 50
33 36 1 30 27 45
14 38 24 43 24 15
16 3 28 12 7 30
24 79 2 26 24 47
34 39 2 59 14 100
4 43 20 24 4 14
4 50 15 28 23 18
5 29 69 5 25 16
37 31 4 1 67 18
27 1 12 12 77 93
37 14 1 14 30 1
39 50 2 86 23 6
23 20 48 44 11 6
9 32 21 21 44 5
35 7 2 16 25 62
27 46 28 22 3 37
24 6 45 7 48 7
49 14 15 38 5 50
48 36 50 9 41 3
11 31 6 1 7 40
12 10 37 27 22 7
21 13 18 1 37 10
26 10 18 41 15 9
6 46 5 21 23 7
10 24 7 21 36 21
48 12 32 13 31 8
2 13 25 20 42 25
2 34 23 4 40 30
18 34 31 9 17 4
30 3 48 5 26 1
3 13 12 43 10 50
44 22 27 1 25 18
22 91 24 87 3 4
5 35 19 31 4 21
1 23 98 39 10 49
7 15 4 6 26 46
3 42 9 8 28 13
20 47 28 21 8 2
93 32 30 22 7 10
2 47 10 23 39 20
80 1 36 12 18 18
4 8 1 7 21 20
24 44 25 32 12 1
4 31 68 36 30 16
9 45 24 43 46 2
2 32 48 5 10 29
44 6 2 45 46 32
14 13 47 34 4 29
9 14 40 2 11 2
5 2 48 42 35 27
5 2 4 42 43 74
1 46 38 52 31 13
18 10 17 65 32 3
60 11 37 28 2 41
27 19 36 1 31 33
29 21 34 9 46 2
83 15 43 41 3 16
39 15 19 46 1 31
3 46 7 4 7 15
34 1 26 42 41 3
11 21 33 28 2 5
50 2 55 4 37 46
2 9 36 22 2 50
2 38 37 49 9 48
6 21 45 38 5 27
2 8 19 1 19 24
1 15 6 29 47 37
13 1 45 43 95 47
1 25 45 3 26 15
45 2 38 30 4 28
70 2 19 5 75 78
44 2 49 31 86 8
14 33 13 9 18 7
25 20 2 5 33 26
46 3 11 3 21 95
50 20 20 22 3 16
23 58 42 7 6 5
2 17 4 50 54 23
49 12 4 57 25 1
2 51 3 29 31 22
4 14 47 18 7 10
39 99 8 12 26 4
37 21 1 23 7 18
20 16 3 27 15 8
51 12 1 5 19 35
10 38 8 2 28 12
10 37 4 31 49 11
99 2 15 48 15 16
3 22 17 65 37 2
32 23 31 26 45 1
36 38 85 23 1 10
5 50 17 28 17 11
24 3 38 47 39 9
26 5 42 8 16 28
11 19 36 8 24 6
10 13 40 13 2 36
76 2 12 75 58 62
4 36 48 13 17 12
17 1 48 87 37 8
33 44 29 39 1 10
3 5 3 19 16 46
14 37 27 9 79 1
21 4 1 10 7 39
18 6 41 6 4 20
21 2 40 12 39 49
17 24 1 82 11 24
9 70 22 33 2 32
10 16 2 29 15 22
19 17 29 1 33 7
2 32 13 48 84 21
23 43 12 44 7 15
85 5 22 58 4 90
9 38 31 7 28 10
34 21 28 36 15 1
26 29 15 1 32 33
23 2 27 8 4 29
95 1 57 76 15 80
20 15 34 39 22 8
27 1 5 31 12 10
3 14 25 2 5 50
39 8 12 7 50 4
2 1 4 17 8 33
1 7 20 14 39 24
51 47 49 12 6 7
1 20 28 40 7 12
28 43 36 3 11 2
58 5 23 53 69 1
45 6 10 2 45 15
54 1 8 16 19 32
57 16 47 9 1 37
8 45 23 88 26 3
50 48 14 2 38 9
12 3 13 36 7 24
13 46 2 4 4 48
2 16 78 2 84 6
23 8 46 2 5 18
