300 6
0.90 0.19 0.81 0.35 0.56 0.21
0.53 0.57 0.42 0.87 0.33 0.82
0.29 0.34 0.47 0.29 0.31 0.07
0.38 0.32 0.38 0.05 0.36 0.34
0.11 0.08 0.07 0.12 0.18 0.14
0.49 0.11 0.12 0.41 0.14 0.39
0.60 0.09 0.01 0.14 0.35 0.29
0.38 0.14 0.48 0.33 0.46 0.13
0.05 0.90 0.22 0.29 0.30 0.11
0.45 0.14 0.45 0.08 0.34 0.97
0.01 0.01 0.32 0.24 0.65 0.26
0.45 0.04 0.11 0.30 0.04 0.38
0.46 0.03 0.55 0.08 0.32 0.25
0.37 0.47 0.35 0.31 0.27 0.10
0.23 0.03 0.10 0.51 0.23 0.51
0.07 0.02 0.06 0.38 0.34 0.19
0.08 0.46 0.16 0.28 0.25 0.48
0.21 0.38 0.32 0.44 0.34 0.10
0.85 0.42 0.01 0.90 0.57 0.28
0.22 0.47 0.25 0.14 0.47 0.13
0.28 0.29 0.12 0.45 0.07 0.28
0.01 0.12 0.05 0.11 0.08 0.04
0.45 0.01 0.44 0.13 0.22 0.08
0.99 0.02 0.27 0.06 0.27 0.40
0.14 0.02 0.36 0.19 0.13 0.03
0.48 0.23 0.32 0.04 0.02 0.40
0.11 0.08 0.04 0.46 0.13 0.66
0.33 0.20 0.37 0.08 0.15 0.58
0.03 0.06 0.45 0.18 0.38 0.12
0.24 0.27 0.41 0.03 0.28 0.04
0.13 0.26 0.33 0.02 0.48 0.84
0.26 0.37 0.33 0.35 0.02 0.15
0.04 0.02 0.12 0.43 0.97 0.16
0.61 0.90 0.13 0.05 0.49 0.26
0.88 0.32 0.31 0.23 0.02 0.45
0.03 0.17 0.27 0.07 0.08 0.48
0.64 0.04 0.33 0.04 0.09 0.06
0.31 0.62 0.23 0.39 0.44 0.01
0.88 0.06 0.25 0.35 0.31 0.34
0.49 0.10 0.72 0.43 0.09 0.24
0.91 0.15 0.19 0.01 0.30 0.69
0.40 0.10 0.04 0.05 0.31 0.47
0.19 0.18 0.01 0.42 0.05 0.37
0.40 0.10 0.07 0.06 0.24 0.58
0.20 0.90 0.07 0.19 0.04 0.23
0.70 0.04 0.08 0.44 0.18 0.30
0.15 0.08 0.50 0.09 0.46 0.01
0.55 0.25 0.01 0.39 0.09 0.35
0.50 0.14 0.03 0.12 0.19 0.10
0.09 0.21 0.04 0.13 0.50 0.10
0.22 0.59 0.23 0.03 0.11 0.02
0.12 0.09 0.44 0.10 0.20 0.59
0.33 0.59 0.11 0.07 0.44 0.33
0.37 0.50 0.16 0.47 0.06 0.09
0.03 0.25 0.32 0.07 0.47 0.27
0.41 0.06 0.40 0.29 0.10 0.42
0.43 0.28 0.40 0.09 0.03 0.14
0.36 0.80 0.01 0.50 0.03 0.17
0.28 0.36 0.05 0.06 0.05 0.02
0.30 0.09 0.27 0.27 0.29 0.11
0.25 0.11 0.01 0.14 0.12 0.22
0.31 0.20 0.21 0.01 0.36 0.07
0.33 0.40 0.14 0.53 0.03 0.45
0.67 0.03 0.21 0.86 0.09 0.41
0.08 0.10 0.02 0.08 0.41 0.43
0.28 0.24 0.39 0.05 0.17 0.23
0.98 0.06 0.15 0.48 0.10 0.36
0.30 0.20 0.01 0.08 0.08 0.24
0.07 0.06 0.93 0.12 0.14 0.85
0.11 0.59 0.92 0.08 0.19 0.12
0.48 0.34 0.09 0.15 0.05 0.02
0.47 0.05 0.22 0.28 0.03 0.38
0.38 0.40 0.04 0.14 0.06 0.48
0.12 0.50 0.43 0.02 0.34 0.42
0.12 0.32 0.45 0.19 0.04 0.01
0.03 0.46 0.19 0.24 0.47 0.03
0.20 0.24 0.39 0.07 0.19 0.26
0.15 0.33 0.21 0.20 0.03 0.08
0.24 0.15 0.30 0.18 0.07 0.15
0.40 0.26 0.42 0.07 0.02 0.15
0.97 0.06 0.34 0.42 0.09 0.01
0.21 0.28 0.22 0.04 0.26 0.01
0.43 0.02 0.41 0.10 0.41 0.18
0.47 0.07 0.36 0.03 0.36 0.06
0.23 0.01 0.31 0.28 0.39 0.21
0.48 0.03 0.05 0.44 0.41 0.38
0.19 0.02 0.15 0.29 0.45 0.38
0.43 0.11 0.77 0.40 0.06 0.04
0.03 0.37 0.14 0.06 0.36 0.01
0.01 0.48 0.24 0.08 0.06 0.22
0.07 0.03 0.03 0.07 0.39 0.33
0.10 0.42 0.06 0.04 0.15 0.30
0.41 0.10 0.31 0.13 0.05 0.29
0.70 0.11 0.05 0.16 0.06 0.21
0.32 0.11 0.15 0.04 0.36 0.36
0.08 0.04 0.29 0.17 0.27 0.21
0.25 0.88 0.14 0.02 0.26 0.21
0.14 0.73 0.31 0.19 0.04 0.07
0.37 0.01 0.01 0.23 0.45 0.43
0.05 0.26 0.50 0.06 0.63 0.50
0.18 0.05 0.25 0.71 0.09 0.68
0.09 0.07 0.08 0.42 0.20 0.53
0.03 0.23 0.10 0.37 0.03 0.14
0.09 0.34 0.08 0.09 0.03 0.25
0.24 0.04 0.22 0.05 0.32 0.30
0.02 0.43 0.03 0.39 0.31 0.16
0.05 0.47 0.01 0.26 0.36 0.20
0.48 0.50 0.77 0.03 0.03 0.48
0.14 0.07 0.23 0.26 0.49 0.15
0.10 0.02 0.05 0.24 0.02 0.14
0.42 0.57 0.72 0.04 0.11 0.43
0.71 0.76 0.15 0.01 0.34 0.90
0.06 0.23 0.14 0.01 0.17 0.14
0.26 0.11 0.20 0.07 0.11 0.07
0.36 0.48 0.37 0.45 0.15 0.01
0.06 0.18 0.15 0.01 0.14 0.43
0.16 0.14 0.45 0.06 0.13 0.44
0.72 0.19 0.63 0.36 0.03 0.13
0.16 0.38 0.04 0.30 0.25 0.28
0.07 0.05 0.02 0.24 0.23 0.44
0.07 0.42 0.04 0.08 0.22 0.98
0.08 0.02 0.37 0.11 0.43 0.41
0.23 0.50 0.48 0.16 0.07 0.06
0.47 0.16 0.17 0.26 0.12 0.01
0.18 0.20 0.10 0.14 0.05 0.37
0.17 0.04 0.33 0.12 0.08 0.19
0.11 0.38 0.28 0.40 0.06 0.04
0.09 0.01 0.01 0.09 0.17 0.43
0.25 0.36 0.01 0.26 0.38 0.20
0.04 0.19 0.06 0.26 0.01 0.32
0.43 0.37 0.38 0.06 0.04 0.39
0.23 0.02 0.44 0.30 0.11 0.10
0.01 0.10 0.11 0.42 0.03 0.33
0.32 0.08 0.24 0.02 0.41 0.47
0.15 0.30 0.70 0.09 0.06 0.13
0.26 0.42 0.06 0.07 0.29 0.09
0.37 0.29 0.01 0.20 0.22 0.17
0.01 0.18 0.12 0.08 0.92 0.47
0.17 0.15 0.49 0.06 0.21 0.41
0.38 0.06 0.17 0.23 0.16 0.26
0.16 0.14 0.23 0.04 0.29 0.31
0.02 0.48 0.41 0.37 0.04 0.37
0.27 0.05 0.05 0.97 0.74 0.03
0.41 0.21 0.02 0.43 0.25 0.16
0.22 0.01 0.04 0.46 0.29 0.27
0.49 0.43 0.49 0.65 0.01 0.19
0.28 0.03 0.03 0.08 0.11 0.37
0.20 0.08 0.17 0.18 0.46 0.04
0.34 0.04 0.26 1.00 0.21 0.06
0.47 0.26 0.05 0.12 0.04 0.30
0.50 0.19 0.29 0.02 0.15 0.42
0.17 0.32 0.13 0.17 0.03 0.38
0.37 0.01 0.65 0.53 0.09 0.68
0.50 0.19 0.04 0.42 0.07 0.10
0.75 0.07 1.00 0.08 0.03 0.11
0.79 0.31 0.64 0.05 0.03 0.26
0.99 0.61 0.85 0.20 0.01 0.72
0.36 0.18 0.77 0.10 0.28 0.02
0.09 0.08 0.28 0.88 0.14 0.12
0.34 0.01 0.22 0.21 0.34 0.32
0.89 0.35 0.01 0.29 0.45 0.10
0.23 0.07 0.19 0.01 0.32 0.16
0.29 0.23 0.76 0.42 0.06 0.13
0.05 0.23 0.82 0.39 0.01 0.30
0.07 0.01 0.39 0.11 0.48 0.09
0.13 0.02 0.30 0.08 0.76 0.24
0.13 0.33 0.38 0.26 0.02 0.11
0.29 0.29 0.05 0.04 0.02 0.03
0.50 0.35 0.04 0.21 0.07 0.11
0.33 0.01 0.44 0.39 0.14 0.23
0.04 0.99 0.72 0.04 0.92 0.57
0.96 0.40 0.25 0.03 0.04 0.82
0.89 0.81 0.65 0.81 0.01 0.08
0.87 0.69 0.03 0.05 0.59 0.51
0.06 0.31 0.17 0.24 0.02 0.39
0.59 0.05 0.56 0.05 0.27 0.88
0.04 0.42 0.49 0.01 0.30 0.26
0.22 0.30 0.01 0.30 0.03 0.04
0.08 0.02 0.08 0.24 0.03 0.23
0.01 0.80 0.41 0.06 0.85 0.16
0.02 0.09 0.07 0.26 0.02 0.06
0.24 0.39 0.01 0.11 0.15 0.33
0.78 0.32 0.05 0.01 0.08 0.38
0.23 0.06 0.21 0.06 0.79 0.34
0.05 0.03 0.25 0.05 0.50 0.27
0.13 0.45 0.04 0.40 0.02 0.16
0.50 0.03 0.45 0.08 0.34 0.21
0.65 0.92 0.89 0.01 0.83 0.03
0.38 0.18 0.16 0.01 0.94 0.11
0.46 0.07 0.49 0.10 0.34 0.13
0.18 0.01 0.40 0.76 0.28 0.41
0.03 0.15 0.07 0.02 0.48 0.95
0.36 0.05 0.25 0.18 0.46 0.15
0.07 0.26 0.03 0.48 0.34 0.43
0.72 0.47 0.02 0.21 0.08 0.12
0.27 0.03 0.29 0.08 0.48 0.11
0.49 0.27 0.10 0.05 0.40 0.01
0.01 0.36 0.28 0.46 0.05 0.14
0.47 0.15 0.03 0.41 0.50 0.02
0.64 0.50 0.40 0.02 0.20 0.11
0.26 0.09 0.02 0.31 0.42 0.40
0.03 0.12 0.11 0.04 0.22 0.11
0.01 0.01 0.13 0.38 0.05 0.39
0.11 0.07 0.18 0.31 0.01 0.31
0.82 0.38 0.71 0.01 0.05 0.56
0.04 0.11 0.16 0.07 0.03 0.18
0.97 0.04 0.25 0.09 0.69 0.14
0.12 0.31 0.01 0.31 0.17 0.39
0.02 0.21 0.12 0.07 0.62 0.32
0.45 0.44 0.74 0.01 0.07 0.35
0.17 0.32 0.04 0.21 0.07 0.50
0.48 0.67 0.96 0.02 0.04 0.63
0.12 0.20 0.33 0.01 0.12 0.03
0.24 0.41 0.08 0.03 0.40 0.01
0.44 0.23 0.10 0.01 0.32 0.87
0.08 0.31 0.34 0.04 0.13 0.10
0.28 0.13 0.30 0.04 0.12 0.16
0.41 0.05 0.20 0.75 0.08 0.11
0.05 0.19 0.44 0.31 0.07 0.01
0.36 0.07 0.13 0.34 0.33 0.11
0.09 0.06 0.49 0.32 0.44 0.04
0.18 0.02 0.02 0.49 0.23 0.29
0.34 0.05 0.45 0.15 0.02 0.38
0.03 0.09 0.01 0.33 0.43 0.06
0.18 0.09 0.26 0.12 0.01 0.35
0.05 0.03 0.81 0.77 0.50 0.04
0.07 0.07 0.57 0.37 0.31 0.30
0.06 0.02 0.24 0.02 0.72 0.22
0.14 0.15 0.32 0.01 0.39 0.22
0.02 0.63 0.23 0.12 0.05 0.40
0.45 0.01 0.40 0.10 0.16 0.14
0.13 0.50 0.01 0.23 0.37 0.32
0.45 0.07 0.30 0.21 0.24 0.24
0.14 0.89 0.18 0.04 0.01 0.50
0.06 0.05 0.37 0.40 0.12 0.22
0.05 0.17 0.06 0.06 0.25 0.44
0.27 0.92 0.23 0.01 0.23 0.07
0.02 0.15 0.26 0.23 0.01 1.00
0.05 0.01 0.47 0.69 0.97 0.25
0.46 0.04 0.42 0.01 0.03 0.09
0.38 0.56 0.03 0.41 0.02 0.63
0.50 0.01 0.25 0.16 0.02 0.20
0.15 0.17 0.07 0.09 0.22 0.01
0.39 0.02 0.75 0.01 0.33 0.26
0.12 0.07 0.40 0.08 0.05 0.24
0.90 1.00 0.06 0.01 0.29 0.18
0.31 0.50 0.21 0.41 0.02 0.01
0.10 0.01 0.34 0.10 0.49 0.38
0.05 0.08 0.47 0.10 0.01 0.22
0.06 0.97 0.55 0.01 0.91 0.02
0.21 0.06 0.33 0.28 0.01 0.47
0.03 0.44 0.29 0.12 0.17 0.03
0.19 0.21 0.04 0.24 0.05 0.03
0.72 0.01 0.04 0.27 0.43 0.25
0.31 0.02 0.44 0.55 0.01 0.30
0.17 0.05 0.34 0.04 0.36 0.02
0.47 0.03 0.48 0.08 0.44 0.15
0.01 0.99 0.77 0.34 0.03 0.53
0.15 0.30 0.04 0.20 0.22 0.29
0.80 0.01 0.53 0.16 0.01 0.14
0.12 0.10 0.37 0.35 0.47 0.04
0.33 0.22 0.13 0.07 0.26 0.10
0.48 0.03 0.40 0.18 0.22 0.05
0.08 0.50 0.06 0.03 0.01 0.68
0.10 0.48 0.05 0.05 0.47 0.78
0.35 0.10 0.44 0.04 0.31 0.24
0.21 0.06 0.32 0.84 0.11 0.13
0.07 0.19 0.02 0.22 0.08 0.07
0.41 0.15 0.12 0.04 0.02 0.34
0.27 0.16 0.03 0.99 0.04 0.42
0.26 0.27 0.16 0.07 0.30 0.04
0.43 0.09 0.54 0.10 0.33 0.01
0.54 0.30 0.04 0.08 0.61 0.07
0.32 0.41 0.17 0.24 0.08 0.01
0.29 0.32 0.06 0.21 0.01 0.45
0.01 0.13 0.36 0.10 0.41 0.43
0.23 0.97 0.06 0.09 0.46 0.22
0.41 0.02 0.63 0.02 0.26 0.16
0.05 0.17 0.04 0.47 0.30 0.19
0.26 0.05 0.28 0.23 0.22 0.28
0.06 0.28 0.22 0.55 0.01 0.06
0.14 0.23 0.06 0.10 0.01 0.83
0.19 0.20 0.16 0.05 0.10 0.43
0.13 0.07 0.39 0.01 0.04 0.45
0.52 0.95 0.66 0.02 0.02 0.89
0.17 0.08 0.04 0.29 0.10 0.24
0.14 0.05 0.36 0.03 0.24 0.48
0.07 0.35 0.02 0.23 0.67 0.04
0.22 0.11 0.12 0.29 0.28 0.03
0.43 0.01 0.04 0.29 0.33 0.22
0.04 0.05 0.48 0.24 0.23 0.44
0.22 0.07 0.24 0.17 0.38 0.38
0.54 0.03 0.77 0.64 0.46 0.02
0.33 0.27 0.01 0.43 0.22 0.13
0.19 0.45 0.03 0.17 0.46 0.09
0.17 0.49 0.04 0.11 0.08 0.03
0.76 0.25 0.31 0.04 0.03 0.11
0.11 0.33 0.38 0.03 0.04 0.11
0.45 0.07 0.20 0.01 0.16 0.07
0.18 0.74 0.11 0.01 0.37 0.35
