300 5
51 45 76 80 15
80 64 75 55 86
79 100 65 87 74
55 76 33 76 67
79 53 72 52 73
93 86 69 14 69
58 27 63 61 97
92 100 56 21 59
67 55 64 27 56
62 81 75 84 65
79 73 57 59 67
78 54 62 72 74
55 96 59 72 75
52 100 52 61 77
51 56 97 76 66
65 75 63 88 90
70 89 51 98 54
95 60 98 6 66
63 90 38 67 66
93 75 85 60 54
64 73 71 68 10
92 70 50 73 72
92 71 19 93 67
82 60 56 65 56
97 40 86 77 92
87 21 68 74 90
71 61 83 4 51
88 42 56 65 87
77 71 7 61 80
69 67 63 64 69
84 97 74 65 42
65 81 15 71 86
54 58 77 53 57
9 94 99 59 82
54 41 62 83 58
89 62 19 84 73
59 79 51 53 59
53 51 94 51 70
62 73 69 70 84
52 95 36 74 79
92 57 60 69 74
85 99 65 13 72
5 71 54 73 72
63 58 67 24 58
65 57 93 57 65
67 11 94 57 35
81 76 66 83 35
91 71 55 93 53
73 55 52 10 100
71 65 82 70 51
56 83 51 91 59
96 65 91 79 45
75 56 60 53 66
83 67 52 66 72
90 67 62 59 51
78 77 68 83 28
55 48 56 83 58
60 55 77 74 76
22 69 90 70 63
82 75 56 68 55
54 60 63 77 56
89 57 71 70 41
39 84 93 48 80
52 87 70 60 38
98 56 52 5 62
95 55 99 7 69
59 56 38 73 58
46 82 59 91 71
74 57 9 84 78
57 96 72 64 25
34 6 70 12 60
95 60 55 97 55
25 59 96 54 82
59 85 85 68 11
56 33 64 58 79
54 58 69 18 95
2 73 86 58 85
85 66 59 54 78
54 64 61 39 51
77 65 39 89 56
7 59 61 93 76
57 94 96 92 8
83 75 10 100 53
76 52 68 90 52
77 11 64 100 56
53 86 44 46 29
24 92 66 70 52
72 66 88 51 24
17 61 66 43 55
48 64 51 71 78
69 93 29 61 73
66 69 51 38 91
73 53 87 57 51
54 82 52 73 66
88 51 93 60 58
88 72 76 90 8
81 79 28 89 36
51 18 29 89 90
30 22 55 67 54
97 51 90 65 53
87 66 57 59 70
68 66 54 51 65
7 9 57 87 73
21 59 96 77 78
51 75 64 66 88
68 14 5 83 96
73 79 54 76 43
95 76 25 60 72
67 69 62 22 76
84 62 75 1 94
65 77 18 56 84
11 85 75 62 51
66 66 7 60 77
28 68 78 41 52
98 54 44 61 10
85 53 46 71 59
41 2 97 99 97
70 71 77 57 15
59 100 35 73 60
55 76 14 65 69
55 62 87 65 51
62 2 71 52 98
74 35 52 78 60
63 88 40 68 51
8 58 67 51 93
61 85 60 98 52
57 56 3 59 86
60 69 58 65 85
87 33 71 62 39
66 44 15 100 56
66 57 18 91 81
62 96 95 37 56
61 54 53 71 59
51 55 66 4 51
51 93 60 52 87
94 58 2 88 57
70 58 46 90 53
29 58 57 56 69
77 52 65 19 89
85 78 67 91 31
83 80 52 52 72
58 94 100 2 58
84 63 69 98 12
60 94 17 56 68
51 54 72 64 58
53 67 20 56 70
81 57 23 18 76
8 81 79 33 82
51 85 59 20 45
92 81 71 67 16
81 15 59 85 85
65 96 22 89 56
85 78 20 60 54
92 65 66 38 6
80 14 76 63 57
83 60 72 86 36
88 2 10 81 22
37 88 53 84 49
64 57 64 86 52
87 72 52 76 16
82 89 16 54 98
14 85 97 14 64
87 65 96 64 1
26 65 58 73 51
89 4 75 53 52
78 80 77 73 2
66 61 55 62 65
67 65 1 69 67
60 90 2 4 91
74 68 58 58 27
95 58 77 87 9
86 65 60 68 41
80 26 75 97 52
81 51 87 80 12
94 51 63 62 88
51 64 51 79 63
83 64 17 49 73
58 57 39 96 62
82 78 53 65 51
69 88 93 62 16
64 71 55 27 54
4 96 25 80 68
66 54 64 57 79
83 52 24 69 4
6 65 75 96 39
77 93 53 69 11
73 58 70 74 37
24 57 66 73 77
12 52 95 76 92
81 53 32 4 53
21 58 98 60 76
2 42 65 97 29
7 57 72 53 62
15 74 7 63 86
61 96 62 71 25
56 83 77 72 50
9 98 77 6 73
51 83 100 66 36
77 65 54 67 55
69 53 67 43 81
1 61 64 96 83
54 5 60 81 55
66 66 60 55 97
57 91 11 59 51
54 79 59 54 82
74 67 84 54 19
63 60 57 58 59
42 58 57 8 100
9 53 82 59 98
77 13 55 97 99
19 75 55 54 95
95 55 9 76 97
2 11 61 69 85
53 51 2 83 81
64 53 60 91 29
73 97 51 19 71
52 80 5 77 94
69 79 38 61 51
96 45 69 57 60
67 5 85 88 46
80 64 89 27 6
66 57 57 80 21
7 81 41 73 86
87 51 98 56 59
63 6 51 51 53
96 43 73 15 27
61 59 62 58 61
53 81 60 79 42
24 61 57 75 55
92 14 64 18 93
51 1 96 100 98
73 92 75 59 5
55 71 42 63 64
3 71 51 96 66
81 84 56 45 52
71 79 86 4 19
80 51 79 81 11
60 81 67 54 31
80 71 10 92 52
47 27 15 65 99
56 55 49 58 82
71 59 87 51 15
53 56 34 100 72
97 42 60 70 51
77 65 6 55 67
87 63 66 66 6
90 67 94 75 2
95 95 4 66 67
69 82 30 75 52
44 70 51 55 100
37 75 82 2 90
52 19 53 52 34
75 24 55 63 8
47 74 12 86 83
54 100 25 12 64
61 12 54 59 66
77 3 54 52 53
79 56 29 60 53
54 77 37 88 66
90 82 63 51 38
98 68 3 53 72
16 48 84 95 59
27 71 78 71 51
63 62 3 85 59
56 72 14 88 61
5 64 91 69 77
11 56 94 8 81
78 10 63 62 31
53 69 10 92 71
71 79 52 39 52
47 31 54 96 66
52 61 13 70 84
60 1 62 54 94
92 51 61 48 93
52 22 45 74 89
20 37 86 72 12
97 63 70 47 35
9 71 52 36 76
88 69 89 61 5
63 12 67 7 90
4 67 86 63 57
87 68 9 78 55
84 62 56 3 91
7 60 62 44 90
62 36 52 30 68
83 60 80 2 93
52 73 63 14 74
13 82 77 76 11
51 76 76 56 30
70 67 97 95 3
42 96 61 66 66
54 58 48 6 87
70 52 12 91 68
93 72 59 24 20
71 75 2 74 18
6 79 85 72 78
45 63 35 91 94
12 99 53 98 24
24 92 59 74 7
75 88 90 68 4
