300 5
0.59 0.30 0.99 0.92 0.93
0.96 0.66 0.66 0.96 0.94
0.65 0.65 0.82 0.81 0.60
0.65 1.00 0.95 0.71 0.99
0.59 0.70 0.70 0.92 0.83
0.67 0.57 0.84 0.98 0.64
0.80 0.54 0.83 0.98 0.02
0.70 0.97 0.69 0.80 0.99
0.70 1.00 0.68 0.66 0.79
0.53 0.95 0.65 0.81 0.55
0.96 0.60 0.65 0.85 0.85
0.57 0.66 0.61 0.90 0.83
0.68 0.69 0.73 0.71 0.78
0.65 0.55 0.85 0.83 0.77
0.66 0.89 0.59 0.67 0.55
0.97 0.56 0.88 0.61 0.98
0.54 0.78 0.58 0.86 0.91
0.84 0.82 0.95 0.66 0.10
0.71 0.74 0.60 0.69 0.62
0.90 0.74 0.51 0.71 0.78
0.56 0.92 0.81 0.71 0.96
0.91 0.92 0.63 0.54 0.63
0.80 0.53 0.88 0.86 0.73
0.75 0.41 0.51 0.58 0.72
0.58 0.48 0.56 0.99 0.57
0.87 0.52 0.58 0.94 0.62
0.78 0.75 0.68 0.51 0.73
0.93 0.87 0.86 0.19 0.64
0.03 0.90 0.90 1.00 0.12
0.61 0.80 0.90 0.27 0.87
0.56 0.58 0.53 0.61 0.82
0.82 0.57 0.75 0.53 0.11
0.64 0.82 0.98 0.72 0.72
0.68 0.91 0.88 0.14 0.56
0.66 0.53 0.69 0.53 0.67
0.71 0.83 0.91 0.63 0.57
0.92 0.94 0.12 1.00 0.73
0.84 0.33 0.92 0.19 0.56
0.78 0.54 0.51 0.66 0.51
0.93 0.63 0.59 0.52 0.52
0.95 0.57 0.38 0.93 0.83
0.04 0.71 0.65 0.94 0.61
0.78 0.12 0.69 0.68 0.61
0.83 0.99 0.71 0.63 0.55
0.68 0.73 0.66 0.89 0.38
0.89 0.78 0.63 0.30 0.26
0.94 0.88 0.51 0.55 0.38
0.31 0.97 0.76 0.76 0.98
0.94 0.14 0.52 0.33 0.39
0.48 0.86 0.91 0.66 0.79
0.62 0.40 0.93 0.67 0.74
0.54 0.77 0.91 0.62 0.75
0.62 0.64 0.67 0.60 0.72
0.74 0.99 0.85 0.76 0.52
0.77 0.06 0.63 0.82 0.59
0.51 0.59 0.90 1.00 0.72
0.70 0.52 0.99 0.64 0.55
0.53 0.63 0.63 0.93 0.65
0.63 0.92 0.56 0.54 0.87
0.76 0.74 0.95 0.80 0.57
0.52 0.60 0.82 0.78 0.58
0.63 0.63 0.04 0.57 0.64
0.56 0.77 0.61 0.99 0.51
0.88 0.82 0.64 0.62 0.62
0.65 0.70 0.74 0.02 0.76
0.35 0.65 0.90 0.96 0.55
0.51 0.83 0.77 0.37 0.75
0.85 0.23 0.67 0.61 0.62
0.60 0.54 0.73 0.34 0.38
0.57 0.68 0.85 0.55 0.96
0.60 0.80 0.37 0.62 0.55
0.55 0.86 0.89 0.54 0.49
0.73 0.08 0.59 0.70 0.72
0.97 0.56 0.96 0.79 0.16
0.04 0.71 0.87 0.75 0.97
0.56 0.70 0.60 0.67 0.69
0.80 0.74 0.88 0.30 0.60
0.60 0.66 0.86 0.13 0.92
0.53 0.97 0.74 0.76 0.15
0.86 0.70 0.44 0.95 0.52
0.66 0.20 0.65 0.96 0.62
0.57 0.69 0.82 0.74 0.57
0.74 0.66 0.24 1.00 0.54
0.63 0.57 0.55 0.96 0.80
0.51 0.68 0.78 0.61 0.70
0.62 0.64 0.63 0.74 0.68
0.55 0.95 0.71 0.66 0.82
0.51 0.61 0.58 0.91 0.70
0.60 0.64 0.71 0.84 0.45
0.49 0.82 0.78 0.54 0.81
0.67 0.14 1.00 0.84 0.56
0.52 0.64 0.52 0.87 0.97
0.51 0.51 0.90 0.84 0.91
0.51 0.87 0.52 0.53 0.81
0.94 0.92 0.35 0.87 0.57
0.69 0.71 0.63 0.56 0.82
0.55 0.51 0.60 0.71 0.59
0.57 0.85 0.57 0.83 0.17
0.58 1.00 0.28 0.90 0.73
0.19 0.51 0.53 0.12 0.83
0.80 0.61 0.95 0.95 0.26
0.18 0.93 0.77 0.87 0.86
0.56 0.65 0.59 0.72 0.16
0.25 0.95 0.74 0.60 0.57
0.99 0.82 0.87 0.09 0.53
0.53 0.52 0.97 0.79 0.63
0.97 0.81 0.58 0.94 0.14
0.60 0.72 0.75 0.22 0.10
0.74 0.53 0.38 0.64 0.81
0.53 0.62 0.68 0.61 0.11
0.97 0.01 0.59 0.95 0.07
0.62 0.65 0.69 0.55 0.54
0.55 0.66 0.99 0.60 0.36
0.22 0.93 0.86 0.63 0.60
0.98 0.03 0.52 0.75 0.88
0.80 0.57 0.64 0.50 0.71
0.06 0.60 0.08 0.87 0.73
0.66 0.51 0.55 0.94 0.59
0.66 0.38 0.65 0.64 0.65
0.24 0.53 0.01 0.57 0.70
0.64 0.58 0.54 1.00 0.69
0.86 0.65 0.70 0.25 0.55
0.78 0.85 0.53 0.07 0.74
0.84 0.95 0.42 0.19 0.18
0.76 0.72 0.58 0.01 0.94
0.91 0.72 0.54 0.61 0.52
0.59 0.30 0.75 0.62 0.99
0.90 0.62 0.13 0.60 0.61
0.64 0.91 0.62 0.59 0.57
0.66 0.46 0.92 0.63 0.78
0.03 0.76 0.86 0.81 0.66
0.21 0.58 0.99 0.55 0.51
0.10 0.55 0.92 0.73 0.61
0.85 0.66 0.47 0.87 0.62
0.01 0.91 0.39 0.82 0.64
0.57 0.98 0.44 0.58 0.54
0.88 0.05 0.84 0.81 0.94
0.91 0.51 0.82 0.81 0.58
0.55 0.96 0.51 0.32 0.65
0.92 0.69 0.84 0.12 0.77
0.61 0.65 0.52 0.84 0.06
0.68 0.97 0.66 0.66 0.20
0.89 0.54 0.60 0.56 0.56
0.87 0.16 0.51 0.57 0.34
0.60 0.95 0.62 0.58 0.51
0.72 0.14 0.79 0.83 0.71
0.60 0.75 0.29 0.54 0.63
0.33 0.28 0.96 0.51 0.97
0.58 0.91 0.66 0.26 0.60
0.56 0.69 0.90 0.52 0.69
0.69 0.68 0.56 0.16 0.39
0.82 0.40 0.80 0.84 0.33
0.13 0.52 0.67 0.93 0.79
0.21 0.83 0.96 0.64 0.78
0.55 0.94 0.82 0.04 0.88
0.72 0.18 0.67 0.81 0.80
0.59 0.48 0.87 0.60 0.92
0.81 0.66 0.55 0.54 0.56
0.66 0.39 0.55 0.93 0.72
0.45 0.71 0.90 0.11 0.85
0.98 0.04 0.51 0.57 0.56
0.54 0.96 0.59 0.34 0.22
0.51 0.03 0.89 0.55 0.60
0.71 0.57 0.63 0.74 0.40
0.84 0.53 0.75 0.44 0.78
0.75 0.69 0.52 0.05 0.88
0.99 0.56 0.87 0.97 0.03
0.81 0.69 0.26 0.53 0.60
0.70 0.94 0.54 0.71 0.52
0.55 0.95 0.77 0.55 0.63
0.76 0.76 0.78 0.63 0.04
0.53 0.73 0.43 0.58 0.68
0.33 0.86 0.55 0.43 0.51
0.57 0.97 0.85 0.81 0.05
0.64 0.56 0.18 0.98 0.60
0.55 0.57 0.59 0.86 0.65
0.77 0.54 0.62 0.56 0.37
0.84 0.52 0.11 0.84 0.52
0.49 0.14 0.73 0.90 0.74
0.18 0.58 0.54 0.93 1.00
0.70 0.67 0.66 0.51 0.26
0.60 0.94 0.75 0.10 0.95
0.70 0.34 0.59 0.64 0.65
0.10 0.62 0.76 0.98 0.71
0.91 0.64 0.96 0.80 0.01
0.96 0.65 0.50 0.53 0.82
0.88 0.53 0.60 0.74 0.15
0.83 0.62 0.68 0.51 0.56
0.51 0.81 0.99 0.14 0.82
0.52 0.65 0.63 0.58 0.32
0.64 0.64 0.66 0.72 0.57
0.99 0.62 0.85 0.25 0.54
0.94 0.09 0.74 0.52 0.19
0.64 0.80 0.91 0.59 0.01
0.58 0.75 0.93 0.23 0.75
0.81 0.14 0.30 0.64 0.89
0.80 0.67 0.45 0.54 0.73
0.62 0.51 0.54 0.59 0.61
0.51 0.87 0.03 0.74 0.58
0.57 0.93 0.54 0.88 0.53
0.59 0.58 0.18 0.43 0.87
0.73 0.68 0.97 0.52 0.13
0.97 0.83 0.15 0.54 0.20
0.63 0.56 0.51 0.36 0.26
0.55 0.57 0.69 0.53 0.77
0.83 0.47 0.61 0.14 0.60
0.61 0.88 0.70 0.21 0.63
0.59 0.36 0.78 0.58 0.54
0.74 0.97 0.65 0.08 0.90
0.88 0.03 0.31 0.60 0.67
0.73 0.80 0.06 0.61 0.56
0.58 0.19 0.73 0.87 0.86
0.80 0.82 0.96 0.07 0.56
0.82 0.95 0.65 0.65 0.05
0.61 0.66 0.57 0.69 0.55
0.01 0.72 0.75 0.51 0.77
0.67 0.18 0.62 0.73 0.90
0.72 0.17 0.62 0.61 0.88
0.56 0.17 0.72 0.91 0.67
0.67 0.19 0.28 0.97 0.54
0.94 0.86 0.90 0.05 0.32
0.56 0.19 0.67 0.73 0.77
0.24 0.92 0.90 0.76 0.62
0.51 0.71 1.00 0.58 0.49
0.11 0.91 0.54 0.53 0.79
0.54 0.84 0.76 0.57 0.41
0.69 0.11 0.77 0.97 0.92
0.71 0.34 0.66 0.58 0.82
0.89 0.67 0.83 0.08 0.89
0.56 0.03 0.94 0.56 0.57
0.56 0.06 0.56 0.89 0.66
0.88 0.03 0.73 0.72 0.61
0.81 0.19 0.68 0.51 0.90
0.36 0.59 0.53 0.70 0.62
0.88 0.83 0.45 0.35 0.95
0.65 0.98 0.64 0.01 0.77
0.87 0.55 0.63 0.94 0.24
0.06 0.90 0.73 0.43 0.82
0.94 0.91 0.66 0.56 0.18
0.03 0.54 0.78 0.97 0.13
0.85 0.26 0.61 0.87 0.66
0.91 0.03 0.58 0.86 0.64
0.53 0.59 0.71 0.57 0.57
0.03 0.55 0.36 0.83 0.81
0.72 0.32 0.88 0.94 0.41
0.68 0.60 0.33 0.24 0.79
0.52 0.52 0.29 0.68 0.83
0.69 0.57 0.54 0.35 0.55
0.89 0.56 0.83 0.12 0.56
0.65 0.86 0.98 0.11 0.56
0.51 0.57 0.97 0.24 0.70
0.32 0.74 0.96 0.94 0.07
0.55 0.58 0.05 0.54 0.69
0.84 0.14 0.78 0.05 0.67
0.17 0.58 0.89 0.52 0.75
0.56 0.76 0.85 0.25 0.74
0.53 0.70 0.65 0.23 0.70
0.93 0.57 1.00 0.09 0.51
0.52 0.59 0.94 0.51 0.62
0.48 0.84 0.55 0.55 0.58
0.63 0.50 0.05 0.71 0.81
0.59 0.79 0.58 0.67 0.62
0.65 0.58 0.13 0.68 0.21
0.53 0.54 0.38 0.66 0.67
0.25 0.52 0.98 0.89 0.26
0.95 0.04 0.62 0.82 0.55
0.52 0.23 0.78 0.59 0.68
0.57 0.82 0.24 0.09 0.50
0.91 0.90 0.59 0.54 0.07
0.54 0.05 0.23 0.62 1.00
0.63 0.78 0.94 0.12 0.64
0.16 0.62 0.80 0.14 0.81
0.56 0.72 0.61 0.30 0.67
0.58 0.92 0.60 0.53 0.30
0.53 0.84 0.66 0.60 0.21
0.58 0.05 0.78 0.87 0.93
0.57 0.55 0.60 0.95 0.55
0.76 0.82 0.27 0.01 0.95
0.03 0.88 0.57 0.54 0.67
0.57 0.02 0.94 0.92 0.97
0.70 0.52 0.56 0.54 0.67
0.64 0.36 0.61 0.16 0.62
0.30 0.56 0.64 0.86 0.67
0.61 0.23 0.59 0.51 0.61
0.08 0.71 0.81 0.80 0.68
0.78 0.53 0.06 0.89 0.59
0.11 0.93 0.54 0.51 0.72
0.15 0.63 0.93 0.74 0.43
0.77 0.56 0.93 0.71 0.06
0.94 0.88 0.82 0.82 0.01
0.12 0.63 0.65 0.75 0.66
0.80 0.78 0.58 0.57 0.25
0.96 0.72 0.45 0.91 0.10
0.54 0.55 0.89 0.51 0.72
0.51 0.51 0.71 0.90 0.74
0.55 0.60 0.42 0.83 0.04
0.89 0.56 0.06 0.55 0.33
0.45 0.90 0.86 0.76 0.16
0.70 0.75 0.81 0.13 0.06
0.61 0.39 0.66 0.76 0.54
