300 5
0.83 0.76 0.35 0.11 0.03
0.71 0.77 0.58 0.59 0.99
0.72 0.77 0.92 0.85 0.95
0.86 0.53 0.86 0.63 0.92
0.98 0.54 0.51 0.79 0.55
0.73 0.60 0.69 0.01 0.80
0.92 0.69 0.65 0.78 0.68
0.59 0.98 0.85 0.26 0.56
0.88 0.73 0.56 0.63 0.58
0.56 0.75 0.07 0.82 0.81
0.58 0.48 0.86 0.61 0.62
0.67 0.96 0.63 0.59 0.97
0.75 0.44 0.55 0.58 0.89
0.07 0.82 0.88 0.94 0.65
0.81 0.55 0.82 0.28 0.85
0.62 0.74 0.81 0.33 0.39
0.51 0.04 0.61 1.00 0.86
0.51 0.74 0.90 0.91 0.70
0.51 0.76 0.13 0.76 0.51
0.71 0.78 0.75 0.75 0.92
0.75 0.64 0.72 0.52 0.67
0.56 0.51 0.67 0.95 0.95
0.57 0.93 0.61 0.70 0.96
0.85 0.03 0.52 0.76 0.83
0.61 0.65 0.47 0.51 0.18
0.99 0.59 0.73 0.40 0.86
0.57 0.87 0.63 0.59 0.51
0.52 0.72 0.99 0.22 0.98
0.68 0.54 0.66 0.82 0.53
0.83 0.34 0.81 0.16 0.65
0.20 0.87 0.70 0.76 0.90
0.59 0.95 0.55 0.63 0.55
0.89 0.32 0.95 1.00 0.64
0.58 0.60 0.18 0.85 0.78
0.57 0.48 0.49 0.92 0.86
0.09 0.98 0.82 0.98 0.99
0.93 0.27 0.88 0.94 0.56
0.64 0.63 0.62 0.83 0.67
0.73 0.61 0.94 0.73 0.60
0.83 0.59 0.46 0.83 0.77
0.64 0.52 0.78 0.94 0.64
0.56 0.97 0.84 0.51 0.63
0.34 0.53 0.56 0.62 0.94
0.52 0.94 0.75 0.49 0.91
0.59 0.70 0.87 0.81 0.54
0.60 0.76 0.60 0.64 0.77
0.04 0.83 0.64 0.56 0.88
0.91 0.56 0.79 0.58 0.69
0.52 0.74 0.87 0.45 0.53
0.54 0.65 0.64 0.92 0.90
0.67 0.30 1.00 0.53 0.92
0.56 0.88 0.96 0.16 0.51
0.77 0.96 0.16 0.03 1.00
0.54 0.79 0.77 0.13 0.81
0.66 0.62 0.81 0.91 0.10
0.91 0.63 0.72 0.78 0.40
0.99 0.25 0.95 0.89 0.66
0.11 0.95 0.73 0.95 0.53
0.77 0.52 0.51 0.53 0.74
0.51 0.52 0.73 0.91 0.67
0.85 0.58 0.57 0.86 0.65
0.51 0.88 0.71 0.49 0.48
0.52 0.56 0.98 0.70 0.56
0.84 0.38 0.52 0.74 0.95
0.54 0.64 0.72 0.99 0.25
0.56 0.60 0.74 0.81 0.85
0.55 0.87 0.75 0.65 0.72
0.91 0.56 0.53 0.74 0.59
0.59 0.99 0.11 0.78 0.91
0.54 0.51 0.51 0.66 0.52
0.40 0.96 0.38 0.98 0.75
0.90 0.53 0.96 0.58 0.53
0.45 0.70 0.79 0.76 0.89
0.53 0.73 0.86 0.70 0.54
0.55 0.77 0.72 0.65 0.54
0.64 0.60 0.04 0.75 0.75
0.58 0.73 0.65 0.87 0.02
0.95 0.54 0.33 0.98 0.62
0.49 0.86 0.77 0.99 0.57
0.36 0.78 0.64 0.62 0.71
0.84 0.06 0.73 0.77 0.85
0.08 0.70 0.25 0.51 0.56
0.56 0.75 0.81 0.64 0.54
0.65 0.56 0.50 0.82 0.60
0.09 0.30 0.54 0.86 0.51
0.78 0.96 0.24 0.72 0.66
0.70 0.57 0.39 0.95 0.58
0.60 0.69 0.67 0.30 0.63
0.23 0.88 0.67 0.59 0.14
0.69 0.52 0.75 0.65 0.78
0.68 0.65 0.94 0.12 0.60
0.51 0.63 0.67 0.91 0.34
0.84 0.40 0.21 0.80 0.96
0.07 0.70 0.90 0.77 0.98
0.83 0.54 0.69 0.59 0.56
0.10 0.68 0.85 0.69 0.93
0.98 0.22 0.77 0.80 0.74
0.31 0.76 0.64 0.61 0.55
0.67 0.92 0.93 0.76 0.03
0.68 0.27 0.44 0.85 0.71
0.13 0.54 0.78 0.77 0.92
0.52 0.62 0.59 0.62 0.54
0.61 0.64 0.73 0.79 0.43
0.82 0.62 1.00 0.51 0.79
0.87 0.78 0.08 0.91 0.73
0.92 0.99 0.10 0.61 0.85
0.76 0.54 0.62 0.62 0.79
0.81 0.54 0.96 0.42 0.55
0.12 0.59 0.79 0.63 0.59
0.64 0.65 0.56 0.01 0.57
0.75 0.17 0.21 0.86 0.71
0.51 0.76 0.96 0.58 0.08
0.52 0.87 0.88 0.17 0.74
0.55 0.72 0.61 0.59 0.42
0.42 0.09 0.67 0.66 0.74
0.54 0.54 0.48 0.53 0.97
0.49 0.58 0.66 0.60 0.86
0.11 0.88 0.78 0.13 0.70
0.69 0.99 0.03 0.84 0.83
0.50 0.63 0.63 0.80 0.60
0.42 0.89 0.57 0.76 0.45
1.00 0.53 0.39 0.71 0.65
0.81 0.23 0.01 0.91 0.73
0.58 0.57 0.82 0.63 0.71
0.06 0.87 0.21 0.82 0.83
0.32 0.60 0.70 0.61 0.79
0.84 0.66 0.99 0.72 0.17
0.57 0.78 0.54 0.64 0.55
0.71 0.94 0.11 0.88 0.15
0.81 0.92 0.38 0.69 0.51
0.82 0.59 0.97 0.93 0.02
0.58 0.52 0.76 0.52 0.57
0.62 0.43 0.91 0.57 0.79
0.11 0.14 0.88 0.31 0.68
0.82 0.56 0.33 0.51 0.47
0.81 0.58 0.74 1.00 0.32
0.62 0.51 0.61 0.41 0.86
0.84 0.60 1.00 0.55 0.45
0.29 0.54 0.93 0.52 0.67
0.57 0.65 0.55 0.58 0.81
0.04 0.79 0.74 0.75 0.13
0.57 0.64 0.53 0.35 0.93
0.34 0.69 0.66 0.56 0.99
0.80 0.59 0.91 0.04 0.77
0.53 0.56 0.57 0.80 0.88
0.52 0.68 0.95 0.30 0.75
0.17 0.81 0.91 0.08 0.59
0.62 0.60 0.56 0.25 0.93
0.76 0.58 0.91 0.74 0.18
0.62 0.98 0.75 0.15 0.57
0.89 0.74 0.18 0.74 0.87
0.80 0.53 0.74 0.07 0.86
0.60 0.96 0.62 0.40 0.37
0.95 0.65 0.80 0.68 0.09
0.63 0.27 0.79 0.21 0.88
0.65 0.87 0.19 0.71 0.61
0.51 0.98 0.63 0.09 0.06
0.80 0.20 0.79 0.64 0.79
0.77 0.55 0.51 0.36 0.61
0.62 0.73 0.68 0.40 0.62
0.18 0.84 0.14 0.57 0.52
0.25 0.75 0.34 0.81 0.07
0.98 0.18 0.55 0.57 0.59
0.73 0.54 0.82 0.79 0.21
0.80 0.36 0.58 0.75 0.06
0.72 0.78 0.47 0.28 0.72
0.86 0.07 0.88 0.73 0.88
0.03 0.71 0.58 0.86 0.63
0.56 0.71 0.13 0.89 0.44
0.59 0.67 0.92 0.56 0.51
0.03 0.60 0.96 0.65 0.92
0.60 0.76 0.69 0.74 0.32
0.93 0.38 0.78 0.02 0.69
0.86 0.39 0.71 0.58 0.78
0.93 0.06 0.26 0.53 0.73
0.07 0.80 0.86 0.64 0.81
0.54 0.71 0.04 0.74 0.82
0.77 0.46 0.11 0.59 0.56
0.55 0.54 0.93 0.84 0.47
0.56 0.71 0.74 0.01 0.86
0.51 0.67 0.90 0.62 0.56
0.01 0.99 0.63 0.87 0.54
0.26 0.68 0.26 0.91 0.54
0.56 0.69 1.00 0.60 0.64
0.56 0.68 0.73 0.53 0.56
0.05 0.74 0.90 0.76 0.81
0.69 0.60 0.78 0.83 0.48
0.66 0.64 0.86 0.58 0.52
0.55 0.66 0.88 0.53 0.63
0.61 0.56 0.62 0.61 0.53
0.82 0.34 0.87 0.61 0.73
0.70 0.66 0.41 0.81 0.62
0.70 0.59 0.55 0.03 0.22
0.68 0.34 0.75 0.77 0.67
0.51 0.56 0.81 0.54 0.86
0.69 0.68 0.74 0.81 0.16
1.00 0.30 0.56 0.70 0.38
0.76 0.25 0.25 0.98 0.53
0.52 0.56 0.58 0.78 0.90
0.85 0.03 0.74 0.84 0.15
0.52 0.80 0.78 0.57 0.22
0.68 0.14 0.74 0.87 0.52
0.78 0.10 0.71 0.64 0.77
0.87 0.62 0.59 0.54 0.18
0.59 0.73 0.56 0.35 0.09
0.63 0.11 0.61 0.93 0.53
0.56 0.61 0.63 0.57 0.71
0.54 0.88 0.12 0.92 0.71
0.66 0.04 0.35 0.71 0.92
0.25 0.57 0.54 0.86 0.27
0.58 0.82 0.77 0.47 0.61
0.05 0.97 0.73 0.82 0.62
0.88 0.67 0.09 0.30 0.99
0.79 0.59 0.37 0.57 0.98
0.45 0.87 0.76 0.53 0.29
0.53 0.58 0.70 0.52 0.88
0.51 0.81 0.55 0.29 0.63
0.98 0.62 0.95 0.01 0.53
0.20 0.96 0.52 0.51 0.22
0.57 0.61 0.64 0.65 0.57
0.28 0.69 0.74 0.35 0.81
0.63 0.46 0.55 0.80 0.78
0.90 0.71 0.08 0.57 0.99
0.76 0.54 0.74 0.08 0.99
0.57 0.80 0.59 0.57 0.07
1.00 0.71 0.08 0.99 0.70
0.54 0.10 0.72 0.73 0.68
0.80 0.13 0.67 0.52 0.51
0.54 0.27 0.92 0.59 0.01
0.57 0.72 0.49 0.54 0.15
0.54 0.72 0.18 0.65 0.78
0.66 0.22 0.89 0.91 0.51
0.65 0.56 0.62 0.10 0.68
0.99 0.01 0.86 0.58 0.61
0.60 0.18 0.51 0.08 0.55
0.81 0.56 0.69 0.06 0.67
0.99 0.68 0.24 0.51 0.64
0.54 0.36 0.82 0.55 0.72
0.51 0.20 0.59 0.78 0.90
0.58 1.00 0.10 0.64 0.56
0.03 0.90 0.53 0.92 0.96
0.10 0.31 0.65 0.68 0.81
0.56 0.72 0.57 0.69 0.51
0.38 0.08 0.82 0.93 0.18
0.21 0.66 0.94 0.40 0.45
0.65 0.64 0.19 0.61 0.96
0.54 0.90 0.03 0.94 0.76
0.54 0.56 0.01 0.98 0.90
0.17 0.51 0.37 0.84 0.57
0.53 1.00 0.02 0.99 0.61
0.45 0.59 0.63 0.10 0.28
0.18 0.59 0.18 0.56 0.99
0.57 0.64 1.00 0.56 0.11
0.61 0.76 0.78 0.70 0.08
0.71 0.45 0.82 0.51 0.23
0.54 0.62 0.51 0.57 0.84
0.27 0.61 0.84 0.06 0.91
0.67 0.96 0.22 0.59 0.51
0.81 0.16 0.09 0.79 0.43
0.54 0.54 0.81 0.55 0.33
0.59 0.72 0.22 0.23 0.87
0.69 0.67 0.24 0.78 0.74
0.75 0.82 0.65 0.63 0.01
0.63 0.10 0.01 0.98 0.06
0.77 0.01 0.44 0.67 0.97
0.54 0.26 0.64 0.78 0.79
0.89 0.04 0.79 0.64 0.56
0.76 0.02 0.81 0.99 1.00
0.73 0.16 0.92 0.22 0.51
0.55 0.52 0.73 0.54 0.93
0.88 0.72 0.15 0.51 0.91
0.70 0.58 0.86 0.65 0.22
0.88 0.79 0.27 0.72 0.18
0.69 0.11 1.00 0.64 0.53
0.51 0.88 0.60 0.63 0.25
0.59 0.60 0.26 0.95 0.61
0.54 0.17 0.63 0.77 0.86
0.54 0.67 0.54 0.51 0.94
0.72 0.64 0.52 0.61 0.48
0.65 0.58 0.54 0.80 0.13
0.51 0.58 0.77 0.54 0.58
0.81 0.64 0.99 0.56 0.02
0.83 0.77 0.17 0.11 0.75
0.40 0.62 0.58 0.62 0.62
0.94 0.13 0.10 0.66 0.82
0.60 0.01 0.66 0.94 0.92
0.57 0.64 0.05 0.51 0.68
0.51 0.49 0.86 0.69 0.56
0.51 0.91 0.79 0.05 0.95
0.09 0.22 0.85 0.96 0.96
0.31 0.32 0.76 0.72 0.79
0.53 0.54 0.95 0.90 0.46
0.90 0.10 0.57 0.74 0.39
0.80 0.91 0.92 0.07 0.16
0.64 0.52 0.14 0.96 0.93
0.61 0.82 0.75 0.77 0.03
0.92 0.31 0.01 0.58 0.97
0.83 0.08 0.13 0.96 0.65
0.08 0.67 0.70 0.92 0.91
0.17 0.54 0.66 0.62 0.77
