300 5
0.44 0.76 0.71 0.01 0.91
0.95 0.57 0.67 0.85 0.72
0.94 0.53 0.78 0.90 0.94
0.75 0.87 0.57 0.48 0.66
0.27 0.73 0.82 0.51 0.54
0.97 0.35 0.93 0.79 0.56
0.53 0.87 0.69 0.59 0.86
0.58 0.78 0.57 0.99 0.80
0.71 0.93 0.62 0.85 0.98
0.63 0.78 0.01 0.74 0.99
0.71 0.69 0.64 0.99 0.95
0.96 0.78 0.57 0.10 0.83
0.74 0.74 0.71 0.90 0.91
0.93 0.75 0.56 0.93 0.52
0.71 0.87 0.55 0.07 0.48
0.74 0.67 0.65 0.51 0.96
0.10 0.81 0.87 0.83 0.87
0.72 0.65 0.15 0.54 0.76
0.72 0.58 0.73 0.09 0.08
0.36 0.82 0.65 0.58 0.74
0.77 0.25 0.66 0.08 0.61
0.91 0.29 0.51 0.17 0.53
0.71 0.83 0.55 0.92 0.82
0.62 0.24 0.99 0.66 0.54
0.87 0.62 0.61 0.92 0.75
0.91 0.74 0.15 0.89 0.70
0.71 0.53 0.85 0.91 0.94
0.60 0.61 0.60 0.54 0.63
0.23 1.00 0.78 0.59 0.76
0.01 0.82 0.57 0.73 0.77
0.73 0.66 0.69 0.88 0.54
0.63 0.64 0.57 0.61 0.53
0.62 0.89 0.96 0.85 0.29
0.96 0.58 0.48 0.95 0.87
0.65 0.33 0.59 0.51 0.89
0.56 0.94 0.62 0.72 0.46
0.57 0.59 0.56 0.64 0.86
0.71 0.61 0.58 0.84 0.85
0.57 0.53 0.59 0.71 0.72
0.64 0.53 0.52 0.54 0.35
0.93 0.16 0.88 0.98 0.12
0.23 0.70 0.97 0.66 0.88
0.60 0.43 0.92 0.44 0.87
0.30 0.78 0.71 0.52 0.89
0.59 0.08 0.92 0.71 0.58
0.98 0.53 0.99 0.01 0.64
0.53 0.95 0.37 0.65 0.99
0.61 0.56 0.57 0.90 0.72
0.60 0.75 0.58 0.59 0.63
0.69 0.90 0.51 0.84 0.51
0.07 0.62 0.90 0.28 0.93
0.83 0.90 0.51 0.73 0.54
0.58 0.33 0.74 0.72 0.68
0.42 0.87 0.66 0.68 0.64
0.93 0.02 0.74 1.00 0.11
0.56 0.78 0.64 0.67 0.61
0.58 0.52 0.88 0.51 0.90
0.76 0.60 0.65 0.51 0.79
0.55 0.57 0.41 0.55 0.57
0.30 0.01 0.99 0.83 0.60
0.63 0.78 0.39 0.58 0.72
0.59 0.86 0.80 0.89 0.55
0.69 0.74 0.57 0.51 0.80
0.72 1.00 0.01 0.83 0.62
0.89 0.57 0.55 0.03 0.80
0.56 0.56 0.65 0.78 0.61
0.64 0.45 0.68 0.95 0.91
0.69 0.79 0.96 0.61 0.11
0.76 0.15 0.60 0.96 0.58
0.54 0.05 0.69 0.88 1.00
0.54 0.82 0.56 0.70 0.80
0.02 0.99 0.36 0.66 0.80
0.58 0.79 0.52 0.28 0.55
0.51 0.70 0.83 0.64 0.61
0.01 0.97 0.71 0.55 0.68
0.29 0.54 0.42 0.86 0.79
0.92 0.95 0.64 0.87 0.25
0.54 0.52 0.70 0.93 0.49
0.99 0.24 0.51 0.73 0.97
0.57 0.46 0.66 0.07 0.95
0.10 0.90 0.99 0.87 0.73
0.93 0.61 0.13 0.76 0.56
0.37 0.69 0.76 0.97 0.56
0.50 0.65 0.80 0.83 0.87
0.29 0.56 0.59 0.58 0.86
0.61 0.93 0.52 0.24 0.61
0.55 0.79 0.53 0.82 0.53
0.55 0.87 0.13 0.64 0.69
0.41 0.55 0.64 0.82 0.51
0.53 0.77 0.82 0.55 0.01
0.71 0.92 0.82 0.52 0.17
0.80 0.97 0.57 0.55 0.06
0.51 0.95 0.63 0.35 0.75
0.58 0.67 0.67 0.64 0.41
0.61 0.80 0.62 0.68 0.54
0.49 0.95 0.70 0.55 0.89
0.17 0.71 0.56 0.92 0.68
0.16 0.51 0.58 0.61 0.88
0.92 0.72 0.78 0.96 0.03
0.56 0.70 0.19 0.79 0.62
0.70 0.72 0.51 0.42 0.95
0.57 0.74 0.97 0.79 0.53
0.85 0.58 0.65 0.52 0.24
0.73 0.78 0.66 0.84 0.10
0.87 0.82 0.57 0.53 0.52
0.51 0.64 0.84 0.78 0.56
0.71 0.72 0.96 0.63 0.27
0.89 0.19 0.51 0.57 0.14
0.22 0.70 0.75 0.55 0.79
0.91 0.57 0.27 0.61 0.69
0.58 0.87 0.78 0.44 0.06
0.67 0.78 0.91 0.38 0.63
0.69 0.72 0.53 0.51 0.69
0.92 0.18 1.00 0.85 0.51
0.32 0.38 0.91 0.53 0.61
0.51 0.66 0.81 0.81 0.59
0.73 0.57 0.70 0.37 0.64
0.72 0.74 0.53 0.66 0.03
0.71 0.84 0.21 0.76 0.54
0.72 0.74 0.64 0.46 0.69
0.60 0.53 0.53 0.74 0.73
0.52 0.65 0.57 0.62 0.78
0.59 0.12 0.91 0.76 0.77
0.97 0.70 0.49 0.53 0.83
0.56 0.24 0.64 0.74 0.89
0.71 0.86 0.71 0.17 0.53
0.59 0.30 0.99 0.62 0.71
0.61 0.54 0.54 0.64 0.96
0.67 0.59 0.78 0.45 0.72
0.85 1.00 0.52 0.20 0.53
0.51 0.37 0.85 0.80 0.85
0.48 0.69 0.85 0.69 0.74
0.70 0.51 0.88 0.61 0.53
0.65 0.51 0.88 0.56 0.77
0.89 0.78 0.58 0.20 0.67
0.57 0.63 0.52 0.28 0.52
0.60 0.72 0.72 0.91 0.04
0.65 0.53 0.34 0.64 0.78
0.82 0.93 0.35 0.52 0.77
0.74 0.42 0.84 0.03 0.93
0.80 0.59 0.55 0.57 0.08
0.17 0.63 0.91 0.61 0.77
0.68 0.52 0.67 0.57 0.71
0.31 0.31 0.92 0.65 0.57
0.76 0.91 0.09 0.75 0.88
0.24 0.52 0.71 0.07 0.98
0.52 0.59 0.74 0.79 0.66
0.72 0.23 0.99 0.51 0.57
0.97 0.85 0.53 0.55 0.08
0.03 0.92 0.84 0.63 0.89
0.53 0.99 0.66 0.53 0.67
0.45 0.57 0.52 1.00 0.73
0.64 0.63 0.88 0.22 0.59
0.76 0.11 0.51 0.99 0.57
0.80 0.69 0.19 0.86 0.59
0.38 0.57 0.68 0.56 0.57
0.69 0.61 0.80 0.90 0.14
0.37 0.79 1.00 0.91 0.28
0.87 0.59 0.25 0.42 0.60
0.64 0.55 0.82 0.09 0.83
0.63 0.53 0.78 0.90 0.67
0.34 0.81 0.71 0.91 0.68
0.76 0.57 0.55 0.35 0.72
0.78 0.54 0.75 0.39 0.58
0.69 0.95 0.72 0.74 0.33
0.89 0.20 0.31 0.74 0.98
0.52 0.74 0.97 0.69 0.53
0.86 0.61 0.38 0.76 0.60
0.18 0.53 0.87 0.96 0.62
0.90 0.63 0.80 0.98 0.01
0.51 0.61 0.39 0.89 0.69
0.59 0.54 0.94 0.64 0.54
0.52 0.23 0.21 0.57 0.90
0.36 0.70 0.80 0.97 0.72
0.58 0.89 0.65 0.96 0.12
0.26 0.34 0.64 0.72 0.54
0.96 0.09 0.61 0.66 0.63
0.91 0.70 0.41 0.80 0.51
0.56 0.04 0.96 0.97 0.82
0.05 0.61 0.94 0.67 0.56
0.77 0.57 0.66 0.01 0.82
0.68 0.72 0.76 0.60 0.02
0.23 0.89 0.11 0.80 0.59
0.67 0.02 0.90 0.71 0.90
0.57 0.55 0.59 0.23 0.62
0.58 0.82 0.20 0.64 0.85
0.54 0.75 0.22 0.64 0.55
0.73 0.83 0.14 0.99 0.98
0.56 0.62 0.26 0.64 0.11
0.94 0.36 0.16 0.62 0.74
0.69 0.85 0.24 0.54 0.97
0.97 0.05 0.78 0.92 0.92
0.52 0.95 0.06 0.61 0.59
0.83 0.67 0.56 0.52 0.51
0.98 0.68 0.23 0.92 0.55
0.80 0.31 0.77 0.93 0.01
0.09 0.60 0.47 0.79 0.95
0.84 0.52 0.41 0.76 0.61
0.73 0.93 0.71 0.59 0.04
0.57 0.59 0.68 0.67 0.51
0.53 0.57 0.62 0.63 0.83
0.69 0.61 0.92 0.89 0.03
0.08 0.72 0.58 0.77 0.38
0.66 0.53 0.78 0.12 0.52
0.58 0.80 0.01 0.77 0.80
0.60 1.00 0.01 0.84 0.25
0.68 0.97 0.39 0.53 0.71
0.85 0.19 0.03 0.93 0.92
0.32 0.93 0.90 0.34 0.55
0.01 0.84 0.88 0.76 0.65
0.63 0.51 0.54 0.60 0.74
0.41 0.84 0.40 0.60 0.54
0.30 0.13 0.77 0.77 0.58
0.25 0.54 0.51 0.73 0.50
0.65 0.55 0.56 0.18 0.61
0.01 0.84 0.52 0.43 0.52
0.67 0.99 0.03 0.73 0.30
0.99 0.56 0.72 0.34 0.36
0.71 0.14 0.29 0.25 0.02
0.65 0.60 0.30 0.81 0.77
0.96 1.00 0.99 0.01 0.37
0.63 0.09 0.92 0.72 0.56
0.93 0.02 0.14 0.61 0.83
0.66 0.25 0.52 0.55 0.79
0.62 0.53 0.53 0.56 0.51
0.66 0.81 0.32 0.60 0.60
0.69 0.84 0.55 0.25 0.79
0.35 0.52 0.59 0.89 0.68
0.53 0.31 0.80 0.63 0.71
0.25 0.76 0.60 0.56 0.88
0.55 0.99 0.65 0.13 0.99
0.39 0.50 0.69 0.70 0.96
0.92 0.64 0.02 0.58 0.59
0.51 0.76 0.54 0.29 0.62
0.74 0.55 0.98 0.11 0.51
0.36 0.04 0.76 0.66 1.00
0.57 0.54 0.69 0.61 0.57
0.54 0.93 0.71 0.73 0.34
0.77 0.53 0.06 0.60 0.90
0.52 0.54 0.66 0.60 0.62
0.11 0.70 0.77 0.61 0.63
0.85 0.69 0.19 0.83 0.59
0.69 0.88 0.66 0.11 0.93
0.87 0.80 0.79 0.02 0.53
0.55 0.87 0.64 0.88 0.35
0.64 0.76 0.58 0.26 0.77
0.80 0.91 0.01 0.62 0.40
0.71 0.13 0.94 0.01 0.67
0.84 0.68 0.07 0.93 0.76
1.00 0.56 0.24 0.87 0.08
0.53 0.80 0.45 0.56 0.26
0.55 0.68 0.55 0.45 0.61
0.64 0.69 0.14 0.62 0.18
0.65 0.31 0.62 0.70 0.78
0.09 0.60 0.81 0.86 0.76
0.56 0.02 0.59 0.74 0.63
0.54 0.06 0.63 0.01 0.90
0.54 0.69 0.28 0.58 0.74
0.41 0.83 0.86 0.76 0.02
0.72 0.80 0.42 0.05 0.86
0.74 0.57 0.53 0.11 0.84
0.37 0.72 0.76 0.69 0.76
0.52 0.96 0.65 0.35 0.57
0.60 0.53 0.84 0.57 0.89
0.40 0.78 0.28 0.68 0.52
0.05 0.63 0.99 0.58 0.77
0.55 0.60 0.20 0.79 0.78
0.94 0.28 0.23 0.64 0.68
0.97 0.53 0.82 0.84 0.01
0.52 0.60 0.56 0.41 0.90
0.57 0.93 0.62 0.55 0.07
0.54 0.72 0.91 0.65 0.30
0.31 0.72 0.99 0.57 0.63
0.17 0.52 0.93 0.85 0.70
0.06 0.85 0.16 0.35 0.75
0.30 0.52 0.58 0.66 0.87
0.07 0.72 0.93 0.97 0.28
0.65 0.68 0.51 0.51 0.05
0.70 0.61 0.76 0.83 0.02
0.53 0.55 0.86 0.52 0.72
0.74 0.08 0.28 0.80 0.69
0.65 0.91 0.19 0.30 0.30
0.61 0.79 0.19 0.05 0.96
0.69 0.74 0.01 0.97 0.94
0.64 0.54 0.73 0.53 0.78
0.85 0.53 0.12 0.56 0.53
0.52 0.57 0.53 0.51 0.71
0.54 0.68 0.82 0.93 0.24
0.69 0.92 0.07 0.89 0.37
0.93 0.62 0.07 0.45 0.60
0.15 0.74 0.57 0.58 0.90
0.62 0.76 0.18 0.90 0.56
0.69 0.57 0.74 0.72 0.17
0.59 0.55 0.11 0.84 0.88
0.52 0.52 0.75 0.01 0.51
0.59 0.54 0.38 0.76 0.62
0.62 0.24 0.70 0.88 0.47
0.27 0.42 0.51 0.79 0.82
0.21 0.57 0.78 0.97 0.84
0.81 0.36 0.87 0.17 0.21
