300 5
0.76 0.93 0.16 0.52 0.70
0.68 0.99 0.76 0.52 0.80
0.59 0.74 0.74 0.83 0.54
0.39 0.76 0.86 0.71 0.78
0.55 0.94 0.75 0.54 0.51
0.57 0.56 0.90 0.68 0.72
0.53 0.12 0.91 0.84 0.55
0.74 0.87 0.53 0.60 0.75
0.90 0.84 0.03 1.00 0.99
0.55 0.88 0.80 0.85 0.58
0.76 0.64 0.67 0.61 0.87
0.83 0.89 0.69 0.52 0.69
0.76 0.56 0.61 0.81 0.67
0.92 0.64 0.66 0.66 0.90
0.52 0.74 0.71 0.69 0.85
0.54 0.55 0.62 0.66 0.68
0.97 0.76 0.92 0.53 0.82
0.82 0.97 0.54 0.94 0.54
0.74 0.45 0.92 0.09 0.80
0.52 0.51 0.18 0.62 0.68
0.59 0.48 0.51 0.74 0.52
0.51 0.86 0.80 0.98 0.81
0.99 0.15 0.59 0.67 0.11
0.96 0.46 0.96 0.82 0.64
0.58 0.84 0.88 0.53 0.51
0.66 0.79 0.58 0.02 0.95
0.57 0.57 0.93 0.36 0.56
0.82 0.84 0.54 0.56 0.06
0.80 0.13 0.80 0.73 0.71
0.28 0.73 0.53 0.90 0.91
0.98 0.54 0.53 0.39 0.66
0.11 0.80 0.88 0.57 1.00
0.79 0.64 0.66 0.58 1.00
0.89 0.93 0.70 0.54 0.53
0.56 0.60 0.87 0.63 0.08
0.61 0.20 0.84 0.57 0.95
0.72 0.60 0.75 0.61 0.94
0.69 0.56 0.72 0.53 1.00
0.95 0.83 0.64 0.57 0.77
0.68 0.51 0.85 0.58 0.58
0.53 0.67 0.80 0.53 0.79
0.78 0.55 0.79 0.58 0.72
0.56 0.55 0.81 0.52 0.78
0.54 0.62 0.58 0.54 0.42
0.76 0.23 0.66 0.79 0.75
0.90 0.54 0.20 0.10 0.57
0.38 0.88 0.76 0.54 0.88
0.64 0.52 0.83 0.77 0.07
0.01 0.16 0.84 0.90 0.88
0.91 0.75 0.88 0.06 0.92
0.16 0.83 0.53 0.75 0.71
0.78 0.90 0.78 0.14 0.61
0.82 0.82 0.23 0.67 0.60
0.24 0.84 0.96 0.22 0.57
0.78 0.69 0.85 0.74 0.25
0.11 0.86 0.62 0.53 0.91
0.84 0.70 0.85 0.53 0.69
0.78 0.74 0.40 0.22 0.97
0.51 0.83 0.09 0.74 0.83
0.83 0.62 0.54 0.65 0.35
0.57 0.52 0.76 0.89 0.44
0.66 0.51 0.55 0.61 0.60
0.20 0.64 0.64 0.67 0.88
0.81 0.07 0.88 0.83 0.57
0.93 0.85 0.63 0.08 0.93
0.74 0.54 0.62 0.51 0.48
0.17 0.56 0.94 0.59 0.52
0.80 0.72 0.24 0.16 0.57
0.61 0.21 0.87 0.67 0.83
0.97 0.61 0.09 0.54 0.78
0.73 0.09 0.85 0.60 0.68
0.68 0.96 0.51 0.53 0.77
0.56 0.63 0.84 0.81 0.10
0.59 0.62 0.90 0.32 0.64
0.85 0.54 0.86 0.64 0.29
0.85 0.56 0.62 0.41 0.84
0.52 1.00 0.60 0.08 0.60
0.50 0.84 0.93 0.58 0.67
0.56 0.59 0.03 0.32 0.63
0.80 0.01 0.98 0.51 0.79
0.29 0.60 0.85 0.61 0.89
0.65 0.80 0.14 0.62 0.57
0.52 0.94 0.58 0.97 0.63
0.06 0.71 0.97 0.61 0.69
0.53 1.00 0.76 0.87 0.59
0.61 0.75 0.76 0.55 0.01
0.55 0.52 0.69 0.73 0.64
0.51 0.40 0.87 0.64 0.72
0.56 0.84 0.82 0.53 0.58
0.83 0.41 0.79 0.83 0.72
0.64 0.11 0.76 0.02 0.97
0.45 0.58 0.93 0.58 0.62
0.39 0.63 0.64 0.74 0.64
0.19 0.54 0.81 0.88 0.98
0.61 0.29 0.33 0.76 0.68
0.52 0.90 0.56 0.15 0.70
0.14 0.80 0.96 1.00 0.84
0.76 0.69 0.68 0.26 0.50
0.68 0.30 0.51 0.60 0.65
0.02 0.99 0.72 0.99 0.72
0.65 0.60 0.55 0.93 0.27
0.65 1.00 0.40 0.59 0.20
0.82 0.35 0.71 0.93 0.52
0.64 0.66 0.53 0.55 0.62
0.98 0.53 0.90 0.53 0.62
0.41 0.77 0.97 0.52 0.67
0.01 0.39 0.67 0.96 0.63
0.80 0.56 0.16 0.61 0.59
0.46 0.72 0.66 0.30 0.77
0.86 0.76 0.25 0.63 0.52
0.87 0.48 0.93 0.69 0.39
0.73 0.13 0.31 0.54 0.75
0.52 0.61 0.88 0.54 0.60
0.65 0.27 0.81 0.33 0.51
0.55 0.55 0.98 0.97 0.48
0.74 0.31 0.25 0.65 0.67
0.36 0.84 0.75 0.60 0.62
0.51 0.23 0.86 0.56 0.20
0.57 0.53 0.81 0.86 0.04
0.52 0.34 0.82 0.77 0.71
0.93 0.93 0.68 0.39 0.44
0.51 0.74 0.29 0.88 0.85
0.23 0.61 0.25 0.95 0.56
0.55 0.66 0.70 0.30 0.62
0.80 0.52 0.76 0.91 0.23
0.46 0.90 0.62 0.67 0.19
0.41 0.64 0.63 0.71 0.91
0.55 0.57 0.74 0.97 0.60
0.59 0.72 0.60 0.09 0.93
0.73 0.95 0.79 0.51 0.60
0.52 0.71 0.91 0.22 0.94
0.16 0.74 0.68 0.52 0.74
0.54 0.93 0.37 0.84 0.52
0.58 0.61 0.98 0.28 0.55
0.96 0.88 0.52 0.96 0.51
0.51 0.84 0.90 0.01 0.75
0.51 0.15 0.90 0.94 0.09
0.96 0.10 0.54 0.86 0.59
0.53 0.57 0.79 0.68 0.64
0.61 0.52 0.74 0.57 0.92
0.35 0.79 0.72 0.76 0.72
0.48 0.73 0.53 0.90 0.88
0.57 0.62 0.56 0.55 0.49
0.13 0.57 0.76 0.61 0.53
0.02 0.75 0.31 0.63 0.87
0.54 0.99 0.79 0.48 0.50
0.65 0.44 0.56 0.80 0.62
0.69 0.72 0.84 0.53 0.41
0.42 0.73 0.94 0.51 0.61
0.99 0.12 0.52 0.72 0.63
0.48 0.21 1.00 0.64 0.99
0.37 0.65 0.63 0.67 0.89
0.62 0.12 0.74 0.62 0.51
1.00 0.68 0.59 0.52 0.53
0.67 0.63 0.82 0.20 0.87
0.73 0.62 0.78 0.73 0.35
0.93 0.84 0.02 0.69 0.66
0.53 0.57 0.60 0.57 0.10
0.54 0.76 0.78 0.16 0.53
0.60 0.14 0.62 0.62 0.95
0.53 0.20 0.57 0.55 0.79
0.56 0.94 0.40 0.76 0.57
0.69 0.81 0.51 0.74 0.37
0.04 0.66 0.59 0.99 0.78
0.56 0.81 0.97 0.09 0.55
0.66 0.64 0.60 0.21 0.63
0.58 0.05 0.65 0.71 0.68
0.72 0.53 0.57 0.06 0.54
0.91 0.66 0.55 0.05 0.87
0.66 0.58 0.58 0.55 0.23
0.78 0.57 0.85 0.02 0.61
0.69 0.72 0.51 0.63 0.52
0.55 0.74 0.38 0.84 0.38
0.77 0.63 0.55 0.58 0.60
0.99 0.80 0.03 0.97 0.53
0.48 0.72 0.10 1.00 0.88
0.70 0.61 0.81 0.60 0.02
0.65 0.51 0.54 0.70 0.60
0.36 0.92 0.92 0.22 0.22
0.65 0.96 0.55 0.69 0.53
0.25 0.66 0.51 0.98 0.43
0.59 0.94 0.84 0.03 0.59
0.62 0.61 0.58 0.66 0.52
0.98 0.23 0.73 0.93 0.52
0.46 0.29 0.52 0.69 0.93
0.64 0.88 0.05 0.60 0.62
0.67 0.60 0.10 0.67 0.30
0.93 0.52 0.63 0.69 0.45
0.51 0.91 0.40 0.72 0.79
0.16 0.62 0.64 1.00 0.56
0.61 0.04 0.71 0.61 0.45
0.58 0.14 0.61 0.80 0.92
0.62 0.80 0.58 0.15 0.67
0.74 0.92 0.55 0.51 0.45
0.51 0.96 0.56 0.51 0.70
0.55 0.92 0.52 0.53 0.93
0.19 0.68 0.68 0.67 0.85
0.72 0.50 0.55 0.58 0.17
0.24 0.70 0.52 0.82 0.67
0.13 0.89 0.67 0.80 0.66
0.53 0.83 0.57 0.85 0.55
0.06 0.21 0.68 0.76 0.37
0.59 0.60 0.98 0.15 0.85
0.17 0.69 0.80 0.54 0.57
0.91 0.69 0.52 0.86 0.07
0.70 0.97 0.05 0.88 0.52
0.68 0.74 0.66 0.03 0.65
0.54 0.57 0.55 0.93 0.54
0.87 0.53 0.03 0.53 0.99
0.88 0.71 0.61 0.76 0.07
0.84 0.63 0.87 0.32 0.52
0.10 0.53 0.11 0.64 0.91
0.44 0.54 0.58 0.99 0.86
0.53 0.56 0.97 0.72 0.17
0.20 0.85 0.64 0.77 0.51
0.95 0.56 0.56 0.37 0.56
0.55 0.59 0.92 0.40 0.30
0.83 0.62 0.55 0.24 0.99
0.55 0.84 0.74 0.95 0.08
0.64 0.02 0.78 0.96 0.86
0.15 0.91 0.93 0.29 0.88
0.93 0.03 0.86 0.92 0.93
0.85 0.58 0.74 0.03 0.72
0.12 0.86 0.94 0.62 0.55
0.52 0.72 0.64 0.61 0.66
0.11 0.87 0.93 0.61 0.62
0.61 0.98 0.62 0.84 0.02
0.22 0.69 0.63 0.60 0.05
0.80 0.01 0.12 0.50 0.73
0.92 0.67 0.11 0.43 0.57
0.58 0.41 0.51 0.95 0.69
0.55 0.81 0.05 0.66 0.95
0.21 0.68 0.57 0.96 0.66
0.22 0.74 0.60 0.80 0.28
0.82 0.17 0.64 0.24 0.89
0.42 0.67 0.61 0.61 0.60
0.74 0.89 0.53 0.04 0.62
0.75 0.69 0.81 0.04 0.70
0.89 0.01 0.51 0.95 0.58
0.39 0.55 0.96 0.68 0.53
0.75 0.84 0.17 0.38 0.56
0.67 0.57 0.59 0.35 1.00
0.58 0.97 0.56 0.08 0.99
0.16 0.51 0.51 0.90 0.56
0.16 0.07 0.85 0.61 0.70
0.78 0.55 0.83 0.02 0.72
0.65 0.76 0.19 0.09 0.89
0.57 0.94 0.60 0.53 0.11
0.85 0.12 0.48 0.59 0.28
0.03 0.69 0.97 0.77 0.70
0.62 0.72 0.84 0.52 0.48
0.54 0.97 0.22 0.65 0.53
0.55 0.84 0.58 0.36 0.51
0.59 0.52 0.77 0.47 0.39
0.98 0.76 0.30 0.64 0.09
0.54 0.50 0.75 0.26 0.62
0.51 0.96 0.58 0.94 0.52
0.65 0.93 0.22 0.68 0.13
0.67 0.55 0.87 0.15 0.79
0.94 0.98 0.01 0.70 0.80
0.58 0.82 0.45 0.58 0.18
0.91 0.16 0.87 0.43 0.66
0.74 0.90 0.02 0.99 0.60
0.69 0.02 1.00 0.22 0.95
0.61 0.98 0.70 0.51 0.34
0.66 0.26 0.75 0.10 0.54
0.12 0.68 0.62 0.84 0.88
0.77 0.64 0.48 0.14 0.52
0.98 0.41 0.11 0.76 0.89
0.61 0.49 0.57 0.69 0.63
0.45 0.90 0.66 0.05 0.01
0.07 0.63 0.07 0.88 0.69
0.33 0.68 0.47 0.52 0.79
0.97 0.45 0.73 0.72 0.12
0.90 0.19 0.84 0.45 0.77
0.55 0.78 0.77 0.14 0.99
0.53 0.31 0.31 0.83 0.43
0.56 0.87 0.64 0.59 0.08
0.37 0.68 0.05 0.58 0.98
0.83 0.27 0.40 0.86 0.53
0.07 0.67 0.58 0.61 0.96
0.45 0.97 0.63 0.18 0.85
0.89 0.51 0.11 0.78 0.69
0.91 0.79 0.46 0.56 0.52
0.12 0.80 0.58 0.71 0.66
0.25 0.67 0.70 0.68 0.70
0.72 0.93 0.03 0.05 0.52
0.18 0.59 0.86 0.52 0.54
0.74 0.26 0.52 0.71 0.53
0.88 0.57 0.81 0.68 0.02
0.80 0.08 0.81 0.68 0.03
0.63 0.02 0.50 0.83 0.83
0.69 0.75 0.54 0.05 0.58
0.56 0.57 0.87 0.05 0.58
0.95 0.79 0.58 0.50 0.08
0.08 0.82 0.91 0.80 0.31
0.55 0.99 0.71 0.01 1.00
0.51 0.98 0.42 0.60 0.61
0.23 0.09 0.96 0.90 0.61
0.61 0.67 0.53 0.34 0.61
