300 5
76 93 16 52 70
68 99 76 52 80
59 74 74 83 54
39 76 86 71 78
55 94 75 54 51
57 56 90 68 72
53 12 91 84 55
74 87 53 60 75
90 84 3 100 99
55 88 80 85 58
76 64 67 61 87
83 89 69 52 69
76 56 61 81 67
92 64 66 66 90
52 74 71 69 85
54 55 62 66 68
97 76 92 53 82
82 97 54 94 54
74 45 92 9 80
52 51 18 62 68
59 48 51 74 52
51 86 80 98 81
99 15 59 67 11
96 46 96 82 64
58 84 88 53 51
66 79 58 2 95
57 57 93 36 56
82 84 54 56 6
80 13 80 73 71
28 73 53 90 91
98 54 53 39 66
11 80 88 57 100
79 64 66 58 100
89 93 70 54 53
56 60 87 63 8
61 20 84 57 95
72 60 75 61 94
69 56 72 53 100
95 83 64 57 77
68 51 85 58 58
53 67 80 53 79
78 55 79 58 72
56 55 81 52 78
54 62 58 54 42
76 23 66 79 75
90 54 20 10 57
38 88 76 54 88
64 52 83 77 7
1 16 84 90 88
91 75 88 6 92
16 83 53 75 71
78 90 78 14 61
82 82 23 67 60
24 84 96 22 57
78 69 85 74 25
11 86 62 53 91
84 70 85 53 69
78 74 40 22 97
51 83 9 74 83
83 62 54 65 35
57 52 76 89 44
66 51 55 61 60
20 64 64 67 88
81 7 88 83 57
93 85 63 8 93
74 54 62 51 48
17 56 94 59 52
80 72 24 16 57
61 21 87 67 83
97 61 9 54 78
73 9 85 60 68
68 96 51 53 77
56 63 84 81 10
59 62 90 32 64
85 54 86 64 29
85 56 62 41 84
52 100 60 8 60
50 84 93 58 67
56 59 3 32 63
80 1 98 51 79
29 60 85 61 89
65 80 14 62 57
52 94 58 97 63
6 71 97 61 69
53 100 76 87 59
61 75 76 55 1
55 52 69 73 64
51 40 87 64 72
56 84 82 53 58
83 41 79 83 72
64 11 76 2 97
45 58 93 58 62
39 63 64 74 64
19 54 81 88 98
61 29 33 76 68
52 90 56 15 70
14 80 96 100 84
76 69 68 26 50
68 30 51 60 65
2 99 72 99 72
65 60 55 93 27
65 100 40 59 20
82 35 71 93 52
64 66 53 55 62
98 53 90 53 62
41 77 97 52 67
1 39 67 96 63
80 56 16 61 59
46 72 66 30 77
86 76 25 63 52
87 48 93 69 39
73 13 31 54 75
52 61 88 54 60
65 27 81 33 51
55 55 98 97 48
74 31 25 65 67
36 84 75 60 62
51 23 86 56 20
57 53 81 86 4
52 34 82 77 71
93 93 68 39 44
51 74 29 88 85
23 61 25 95 56
55 66 70 30 62
80 52 76 91 23
46 90 62 67 19
41 64 63 71 91
55 57 74 97 60
59 72 60 9 93
73 95 79 51 60
52 71 91 22 94
16 74 68 52 74
54 93 37 84 52
58 61 98 28 55
96 88 52 96 51
51 84 90 1 75
51 15 90 94 9
96 10 54 86 59
53 57 79 68 64
61 52 74 57 92
35 79 72 76 72
48 73 53 90 88
57 62 56 55 49
13 57 76 61 53
2 75 31 63 87
54 99 79 48 50
65 44 56 80 62
69 72 84 53 41
42 73 94 51 61
99 12 52 72 63
48 21 100 64 99
37 65 63 67 89
62 12 74 62 51
100 68 59 52 53
67 63 82 20 87
73 62 78 73 35
93 84 2 69 66
53 57 60 57 10
54 76 78 16 53
60 14 62 62 95
53 20 57 55 79
56 94 40 76 57
69 81 51 74 37
4 66 59 99 78
56 81 97 9 55
66 64 60 21 63
58 5 65 71 68
72 53 57 6 54
91 66 55 5 87
66 58 58 55 23
78 57 85 2 61
69 72 51 63 52
55 74 38 84 38
77 63 55 58 60
99 80 3 97 53
48 72 10 100 88
70 61 81 60 2
65 51 54 70 60
36 92 92 22 22
65 96 55 69 53
25 66 51 98 43
59 94 84 3 59
62 61 58 66 52
98 23 73 93 52
46 29 52 69 93
64 88 5 60 62
67 60 10 67 30
93 52 63 69 45
51 91 40 72 79
16 62 64 100 56
61 4 71 61 45
58 14 61 80 92
62 80 58 15 67
74 92 55 51 45
51 96 56 51 70
55 92 52 53 93
19 68 68 67 85
72 50 55 58 17
24 70 52 82 67
13 89 67 80 66
53 83 57 85 55
6 21 68 76 37
59 60 98 15 85
17 69 80 54 57
91 69 52 86 7
70 97 5 88 52
68 74 66 3 65
54 57 55 93 54
87 53 3 53 99
88 71 61 76 7
84 63 87 32 52
10 53 11 64 91
44 54 58 99 86
53 56 97 72 17
20 85 64 77 51
95 56 56 37 56
55 59 92 40 30
83 62 55 24 99
55 84 74 95 8
64 2 78 96 86
15 91 93 29 88
93 3 86 92 93
85 58 74 3 72
12 86 94 62 55
52 72 64 61 66
11 87 93 61 62
61 98 62 84 2
22 69 63 60 5
80 1 12 50 73
92 67 11 43 57
58 41 51 95 69
55 81 5 66 95
21 68 57 96 66
22 74 60 80 28
82 17 64 24 89
42 67 61 61 60
74 89 53 4 62
75 69 81 4 70
89 1 51 95 58
39 55 96 68 53
75 84 17 38 56
67 57 59 35 100
58 97 56 8 99
16 51 51 90 56
16 7 85 61 70
78 55 83 2 72
65 76 19 9 89
57 94 60 53 11
85 12 48 59 28
3 69 97 77 70
62 72 84 52 48
54 97 22 65 53
55 84 58 36 51
59 52 77 47 39
98 76 30 64 9
54 50 75 26 62
51 96 58 94 52
65 93 22 68 13
67 55 87 15 79
94 98 1 70 80
58 82 45 58 18
91 16 87 43 66
74 90 2 99 60
69 2 100 22 95
61 98 70 51 34
66 26 75 10 54
12 68 62 84 88
77 64 48 14 52
98 41 11 76 89
61 49 57 69 63
45 90 66 5 1
7 63 7 88 69
33 68 47 52 79
97 45 73 72 12
90 19 84 45 77
55 78 77 14 99
53 31 31 83 43
56 87 64 59 8
37 68 5 58 98
83 27 40 86 53
7 67 58 61 96
45 97 63 18 85
89 51 11 78 69
91 79 46 56 52
12 80 58 71 66
25 67 70 68 70
72 93 3 5 52
18 59 86 52 54
74 26 52 71 53
88 57 81 68 2
80 8 81 68 3
63 2 50 83 83
69 75 54 5 58
56 57 87 5 58
95 79 58 50 8
8 82 91 80 31
55 99 71 1 100
51 98 42 60 61
23 9 96 90 61
61 67 53 34 61
