300 5
67 73 28 87 23
74 39 81 89 87
81 80 82 52 3
55 99 51 2 89
100 70 88 40 88
92 86 77 64 72
81 96 73 72 94
88 76 83 58 62
59 34 88 94 90
64 64 55 71 92
73 62 74 47 78
66 89 58 63 76
68 81 18 57 56
63 58 64 98 89
84 46 83 93 81
69 84 88 52 91
68 52 53 51 79
82 69 53 74 66
83 59 67 85 62
79 94 76 38 94
65 35 85 19 15
56 90 67 83 85
97 54 61 79 43
50 96 51 61 83
67 38 74 79 55
65 34 65 90 83
55 58 56 68 56
54 90 88 83 54
55 57 86 69 86
78 69 77 80 31
93 55 47 69 87
64 62 83 64 75
71 75 65 49 60
82 86 55 26 81
79 24 73 90 97
78 52 30 69 97
56 70 70 78 52
87 72 80 27 67
62 85 96 14 76
69 100 9 88 85
80 16 69 77 97
83 99 75 54 49
62 100 66 89 53
93 53 16 75 54
96 47 60 28 98
52 70 71 94 73
62 87 55 96 60
60 57 63 72 69
62 78 67 93 54
28 84 80 62 30
83 96 10 65 98
52 98 75 73 74
79 75 73 59 41
80 40 51 68 51
93 86 3 70 90
64 62 58 64 64
75 88 75 67 52
8 66 51 55 91
63 71 69 51 52
79 52 77 40 90
59 100 54 93 56
48 45 78 52 88
11 52 70 67 64
90 83 98 5 82
83 100 61 61 43
52 86 72 74 55
100 83 54 55 66
68 63 62 81 16
65 85 40 88 88
6 81 90 56 36
61 57 63 69 64
92 95 61 56 69
65 57 55 88 83
65 80 43 95 94
56 83 82 45 89
7 87 83 95 90
71 60 69 55 71
62 70 90 59 65
70 81 66 73 39
7 89 73 51 29
54 81 54 94 8
71 64 32 93 83
60 75 58 94 53
57 93 59 14 93
59 72 38 75 60
53 93 69 99 72
92 20 88 98 89
76 85 59 32 65
52 8 64 67 52
55 30 68 54 81
64 77 57 11 90
74 71 51 96 67
69 97 17 73 13
51 79 72 63 69
54 45 75 58 70
13 90 63 97 78
99 66 57 46 53
96 18 56 73 89
81 80 74 53 51
57 25 52 56 92
77 75 10 79 57
25 79 54 79 84
55 66 58 77 54
90 83 2 80 70
23 33 1 96 67
43 72 68 19 60
87 69 64 55 71
87 30 58 65 70
66 81 55 65 78
66 88 59 59 88
18 97 65 77 64
95 63 11 29 83
72 95 73 84 11
2 60 65 68 99
82 75 74 1 2
62 69 25 70 65
16 53 59 33 82
82 47 62 67 78
55 53 63 71 75
57 66 54 88 72
90 54 66 6 75
56 95 51 70 61
80 27 99 4 76
66 7 98 97 77
58 78 79 91 5
92 69 63 42 18
13 87 74 54 52
88 77 73 87 8
74 2 59 82 81
38 81 58 72 51
22 74 65 1 78
72 58 57 37 51
6 54 94 93 58
80 22 55 59 68
53 64 35 87 87
92 68 6 89 73
51 62 52 100 61
52 91 63 66 79
70 91 42 44 51
56 31 47 51 84
93 69 69 23 71
68 90 98 3 51
95 52 79 57 57
73 62 19 90 95
59 84 70 62 58
58 77 61 64 60
80 67 54 51 73
57 20 59 62 51
67 59 73 96 48
64 5 57 87 61
77 59 51 78 74
54 55 72 58 71
55 57 54 72 79
16 86 99 53 67
61 57 47 45 77
38 71 82 63 63
64 100 57 89 11
58 56 89 17 10
87 8 76 66 70
29 52 89 71 54
53 96 34 87 92
40 32 83 85 81
60 57 51 79 38
15 77 64 56 64
93 3 100 43 97
80 49 77 21 6
63 26 96 53 62
72 13 10 36 60
37 70 7 78 67
51 68 62 68 76
65 68 2 76 91
77 62 86 86 8
51 100 36 57 24
51 73 48 67 95
64 55 34 60 72
78 21 6 74 49
64 59 7 62 19
74 39 78 95 2
56 93 53 77 59
66 70 83 56 75
62 42 90 52 70
80 58 39 88 34
76 16 98 13 67
54 91 79 32 51
67 82 61 17 64
65 55 38 54 87
57 76 14 65 71
73 82 2 100 65
88 55 61 57 59
55 61 70 57 11
76 77 61 60 22
67 4 96 58 86
70 2 80 93 60
54 99 71 84 8
70 52 51 65 46
87 6 57 65 94
61 58 73 57 76
74 59 54 11 91
5 81 62 99 53
9 80 61 78 80
70 77 59 55 76
58 63 51 82 61
59 52 69 45 29
56 71 54 56 65
48 75 56 66 50
95 9 55 53 69
35 85 78 82 53
56 99 60 31 51
56 70 55 53 61
57 54 99 21 88
59 1 61 65 84
61 60 26 66 77
23 51 30 92 97
53 65 71 37 79
84 63 90 16 56
57 6 60 76 100
17 77 86 18 60
70 87 62 59 55
47 46 87 49 96
63 40 51 54 54
39 52 60 85 54
93 40 2 82 88
97 38 6 20 54
58 98 53 70 57
84 62 67 75 12
94 58 76 1 62
10 81 48 93 88
26 95 52 70 61
57 71 32 73 79
54 81 20 70 15
77 75 53 15 100
48 70 71 82 59
52 96 57 42 81
55 97 64 54 69
40 80 77 88 13
6 5 52 52 94
53 55 51 58 79
65 73 32 56 61
58 52 69 66 41
60 3 77 58 66
63 65 57 49 62
54 62 65 66 59
91 10 76 54 80
10 85 82 79 65
22 74 96 51 56
14 61 71 60 55
74 51 12 28 68
93 62 56 51 24
51 96 69 61 52
51 98 55 67 56
53 59 59 76 63
6 82 67 52 59
62 46 96 56 66
65 64 73 70 3
51 66 53 89 53
57 97 51 58 75
60 60 56 62 64
17 65 76 76 26
44 59 63 75 13
90 100 59 64 17
53 62 78 13 92
56 52 51 72 69
89 53 66 3 92
52 98 39 66 21
91 77 6 70 79
50 3 81 61 72
69 33 55 57 83
68 98 71 92 6
5 1 53 80 100
62 84 62 89 3
67 5 83 61 51
14 82 62 53 66
56 61 61 57 28
19 94 43 80 33
58 53 63 54 61
81 83 72 82 1
94 53 100 14 59
93 4 84 19 40
95 78 46 58 51
89 63 49 77 9
91 6 93 60 54
75 62 10 54 54
62 60 60 55 71
53 56 53 65 64
76 65 24 4 99
68 53 52 94 36
5 76 89 95 71
57 81 18 64 51
67 56 69 43 13
86 67 54 52 15
52 59 52 70 84
54 87 69 58 56
53 54 65 55 9
37 76 62 71 9
62 63 55 2 77
63 17 56 100 57
66 98 82 22 57
68 63 80 27 32
13 87 49 78 28
21 65 69 95 51
