300 5
0.36 0.60 0.43 0.14 0.98
0.78 0.60 0.03 0.67 0.65
0.57 0.98 0.88 0.57 0.60
0.72 0.55 0.78 0.66 0.63
0.97 0.44 0.86 0.35 0.93
0.72 0.74 0.90 0.90 0.32
0.56 0.93 0.69 0.89 0.66
0.87 0.49 0.69 0.58 0.77
0.68 0.80 0.33 0.69 0.65
0.84 0.68 0.90 0.03 0.62
0.63 0.94 0.55 0.93 0.57
0.77 0.91 0.54 0.86 0.62
0.16 0.53 0.65 0.97 0.59
0.34 0.74 0.82 0.72 0.77
0.56 0.92 0.71 0.06 0.81
0.71 0.96 0.68 0.43 0.84
0.05 0.66 0.13 0.40 0.51
0.77 0.63 0.67 0.61 0.39
0.66 0.29 0.94 0.14 0.67
1.00 0.95 0.57 0.39 0.84
0.81 0.72 0.58 0.35 0.93
0.51 0.13 0.74 0.88 0.56
0.82 0.54 0.55 1.00 0.56
0.88 0.57 0.69 0.56 0.58
0.63 0.64 0.67 0.70 0.68
0.10 0.64 0.51 0.88 0.58
0.59 0.63 0.68 0.93 0.51
0.72 0.64 0.67 0.77 0.13
0.88 0.53 0.76 0.86 0.72
0.52 0.19 0.54 0.55 0.93
0.61 0.80 0.78 0.20 0.92
0.90 0.10 0.47 0.72 0.64
0.80 0.52 0.91 0.53 0.89
0.80 0.52 0.87 0.31 0.29
0.59 0.91 0.74 0.18 0.63
0.69 0.02 0.83 0.82 0.98
0.64 0.64 0.94 0.25 0.61
0.72 0.62 0.65 0.80 0.25
0.20 0.56 0.59 0.61 0.84
0.07 0.54 0.54 0.86 0.37
0.65 0.23 0.78 0.74 0.59
0.69 0.58 0.92 0.63 0.81
0.70 0.64 0.72 0.46 0.70
0.60 0.43 0.67 0.90 0.25
0.84 0.64 0.49 0.59 0.97
0.92 0.99 0.78 0.66 0.12
0.93 0.98 0.92 0.19 0.61
0.76 0.40 0.95 0.80 0.19
0.70 0.91 0.59 0.16 0.90
0.82 0.66 0.65 0.11 0.51
0.63 0.76 0.73 0.12 0.94
0.82 0.62 0.68 0.18 0.11
0.86 0.35 0.59 0.75 0.70
0.59 0.80 0.91 0.64 0.25
0.88 0.10 0.82 0.68 0.70
0.81 0.65 0.73 0.53 0.68
0.12 0.58 0.88 0.78 0.51
0.86 0.56 0.56 0.55 0.51
0.59 0.83 0.12 0.84 0.57
0.65 0.69 0.87 0.52 0.02
0.67 0.57 0.68 0.05 0.98
0.96 0.16 0.71 0.85 0.56
0.53 0.61 0.80 0.84 0.51
0.30 0.66 0.76 0.55 0.27
0.55 0.65 0.98 0.51 0.65
0.71 0.59 0.85 0.58 0.92
0.68 0.59 0.84 0.54 0.53
0.91 0.37 0.69 0.89 0.51
0.96 0.08 0.57 0.99 0.72
0.33 0.04 0.71 0.88 0.82
0.57 0.65 0.55 0.63 0.82
0.66 0.71 0.09 0.62 0.77
0.76 0.51 0.69 0.80 0.14
0.84 0.51 0.68 0.65 0.58
0.72 0.23 0.79 0.54 0.60
0.64 0.57 0.51 0.69 0.87
0.63 0.52 0.53 0.87 0.98
0.79 0.57 0.51 0.52 0.85
0.61 0.52 0.77 0.80 0.57
0.91 0.60 0.99 0.02 0.97
0.67 0.55 0.85 0.85 0.52
0.01 0.87 0.92 0.89 0.63
0.08 0.83 0.58 0.68 0.35
0.66 0.52 0.66 0.70 0.79
0.76 0.45 0.60 0.75 0.71
0.51 0.31 0.98 0.80 0.57
0.91 0.53 0.04 0.60 0.48
0.79 0.55 0.52 0.85 0.89
0.96 0.55 0.70 0.58 0.51
0.80 0.51 0.75 0.51 0.65
0.57 0.61 0.70 0.53 0.49
0.09 0.84 0.98 0.12 0.71
0.74 0.82 0.73 0.36 0.83
0.74 0.56 0.67 0.82 0.56
0.99 0.76 0.04 0.57 0.82
0.67 0.31 0.57 0.01 0.94
0.87 0.96 0.10 0.31 0.66
0.68 0.95 0.55 0.36 0.97
0.04 0.54 0.15 0.71 0.96
0.57 0.79 0.54 0.22 0.84
0.81 0.56 0.53 0.55 0.63
0.39 0.65 0.95 0.77 0.44
0.87 0.55 0.38 0.67 0.68
0.80 0.92 0.68 0.25 0.67
0.73 0.81 0.67 0.54 0.35
0.68 0.85 0.52 0.47 0.20
0.51 0.41 0.63 0.69 0.68
0.72 0.87 0.52 0.83 0.07
0.46 0.65 0.51 0.99 0.56
1.00 0.95 0.85 0.57 0.08
0.59 0.56 0.73 0.69 0.54
0.75 0.01 0.75 0.65 0.64
0.04 0.73 0.18 0.56 0.69
0.73 0.54 0.54 0.61 0.63
0.83 0.72 0.89 0.17 0.11
0.78 0.75 0.87 0.29 0.83
0.73 0.68 0.56 0.01 0.90
0.83 0.21 1.00 0.84 0.55
0.53 0.55 0.64 0.47 0.95
0.83 0.51 0.58 0.52 0.18
0.18 0.54 0.60 0.63 0.57
1.00 0.60 0.85 0.20 0.64
0.15 0.62 0.76 0.59 0.55
0.95 0.77 0.15 0.80 0.29
0.59 0.76 0.78 0.74 0.20
0.69 0.33 0.55 0.99 0.56
0.65 0.18 0.77 0.86 0.91
0.85 0.71 0.01 0.90 0.55
0.58 0.53 0.77 0.62 0.63
0.67 0.36 0.58 0.54 0.77
0.81 0.51 0.52 0.84 0.76
0.87 0.62 0.32 0.87 0.56
0.56 0.63 0.86 0.57 0.90
0.45 0.52 0.69 0.84 0.99
0.83 0.59 0.81 0.05 0.57
0.52 0.39 0.85 0.64 0.68
0.95 0.06 0.59 0.91 0.81
0.61 0.43 0.56 0.61 0.62
0.65 0.62 0.54 0.54 0.72
0.51 0.59 0.51 0.86 0.88
0.60 0.68 0.65 0.39 0.60
0.73 0.60 0.20 0.86 0.59
0.91 0.54 0.16 0.53 0.96
0.88 0.80 0.62 0.97 0.07
0.94 0.10 0.73 0.74 0.61
0.53 0.58 0.71 0.57 0.73
0.67 0.51 0.91 0.53 0.53
0.90 0.59 0.53 0.93 0.51
0.59 0.61 0.52 0.62 0.58
0.75 0.53 0.88 0.52 0.53
0.87 0.53 0.18 0.80 0.57
0.56 0.59 0.56 0.51 0.98
0.88 0.61 0.02 0.99 0.82
0.73 0.12 0.52 0.88 0.62
0.99 0.35 0.68 0.80 0.40
0.73 0.23 0.76 0.79 0.72
0.21 0.62 0.57 0.83 0.77
0.51 0.55 0.61 0.54 0.99
0.62 0.62 0.68 0.60 0.71
0.71 0.80 0.61 0.56 0.12
0.94 0.79 0.51 0.27 0.18
0.51 0.64 0.77 0.55 0.13
0.52 0.51 0.62 0.70 0.55
0.05 0.65 0.32 0.58 0.55
0.61 0.53 0.90 0.68 0.58
0.86 0.14 0.69 0.57 0.92
0.66 0.11 0.70 0.95 0.61
0.52 0.57 0.97 0.52 0.66
0.68 0.53 0.12 0.53 0.84
0.77 0.90 0.93 0.12 0.81
0.69 0.17 0.88 0.72 0.62
0.84 0.68 0.53 0.12 0.68
0.77 0.87 0.58 0.28 0.62
0.80 0.60 0.67 0.74 0.36
0.62 0.50 0.51 0.69 0.78
0.52 0.62 0.71 0.60 0.65
0.92 0.95 0.29 0.92 0.40
0.41 0.64 0.92 0.98 0.33
0.52 0.60 0.64 0.54 0.52
0.03 0.80 0.25 0.59 0.69
0.62 0.31 0.54 0.82 0.87
0.69 0.54 0.52 0.77 0.53
0.05 0.60 0.91 0.55 0.55
0.64 0.96 0.83 0.59 0.10
0.71 0.39 0.54 0.75 0.70
0.17 0.83 0.85 0.31 0.60
0.47 0.98 0.96 0.09 0.74
0.90 0.59 0.66 0.99 0.01
0.54 0.11 0.58 0.88 0.70
0.69 0.56 0.72 0.51 0.84
0.70 0.72 0.52 0.94 0.33
0.80 1.00 0.91 0.12 0.78
0.60 0.47 0.52 0.67 0.68
0.67 0.62 0.53 0.55 0.74
0.83 0.64 0.13 0.87 0.53
0.90 0.75 0.47 0.13 0.30
0.85 0.56 0.84 0.37 0.87
0.48 0.16 0.65 1.00 0.72
0.64 0.04 0.73 0.64 0.90
0.83 0.12 0.63 0.97 0.58
0.51 0.61 0.95 0.54 0.48
0.84 0.75 0.26 0.02 0.58
0.54 0.77 0.02 0.37 0.65
0.75 0.54 0.96 0.73 0.52
0.66 0.33 0.63 0.08 0.93
0.88 0.23 0.53 0.81 0.90
0.69 0.84 0.56 0.67 0.42
0.75 0.60 0.26 0.73 0.66
0.68 0.61 0.76 0.51 0.77
0.85 0.60 0.64 0.23 0.88
0.90 0.32 0.67 0.71 0.63
0.52 0.07 0.60 0.78 0.97
0.55 0.31 0.96 0.22 0.53
0.51 0.22 0.80 0.72 0.57
0.73 0.62 0.51 0.76 0.60
0.53 0.60 0.56 0.53 0.62
0.51 0.36 0.60 0.54 0.88
0.46 0.57 0.24 0.11 0.83
0.51 0.55 0.66 0.80 0.14
0.55 0.51 0.70 0.65 0.74
0.70 0.72 0.09 0.32 0.51
0.66 0.99 0.55 0.93 0.32
0.77 0.19 0.53 0.77 0.53
0.54 0.81 0.88 0.91 0.01
0.56 0.53 0.54 0.93 0.73
0.92 0.05 0.54 0.65 0.78
0.86 0.05 0.66 0.76 0.16
0.18 0.73 0.77 0.12 0.92
0.65 0.06 0.82 0.04 0.75
0.78 0.29 0.86 0.75 0.55
0.57 0.64 0.68 0.57 0.51
0.66 0.49 0.61 0.58 0.51
0.57 0.56 0.52 0.85 0.65
0.78 0.51 0.21 0.93 0.64
0.71 0.59 0.63 0.17 0.59
0.80 0.64 0.87 0.24 0.49
0.90 0.65 0.57 0.69 0.32
0.76 0.47 0.51 0.70 0.59
0.04 0.76 0.88 0.80 0.30
0.74 0.62 0.32 0.77 0.62
0.78 0.15 0.87 0.84 0.07
0.10 0.36 0.81 0.78 0.88
0.78 0.72 0.08 0.92 0.47
0.51 0.82 0.93 0.49 0.19
0.52 0.51 0.94 0.67 0.62
0.34 0.60 0.83 0.60 0.72
0.76 0.15 0.52 0.51 0.89
0.55 0.99 0.67 0.81 0.09
0.85 0.64 0.55 0.84 0.51
0.92 0.66 0.58 0.04 0.51
0.73 0.98 0.71 0.74 0.01
0.58 0.57 0.41 0.99 0.48
0.11 0.35 0.69 0.78 0.57
0.55 0.73 0.96 0.39 0.34
0.67 0.51 0.56 0.93 0.54
0.69 0.52 0.49 1.00 0.69
0.76 0.62 0.07 0.97 0.90
0.06 0.27 0.77 0.82 0.77
0.53 0.51 0.58 0.56 0.87
0.82 0.72 0.71 0.75 0.06
1.00 0.60 0.56 0.99 0.08
0.73 0.55 0.51 0.57 0.52
0.17 0.02 0.93 0.50 0.91
0.82 0.03 0.67 0.90 0.70
0.73 0.78 0.54 1.00 0.01
0.76 0.06 0.83 0.87 0.18
0.96 0.52 0.17 0.78 0.90
0.58 0.29 0.70 0.67 0.64
0.95 0.34 0.51 0.83 0.32
0.39 0.72 0.64 0.65 0.23
0.20 0.59 0.64 0.44 0.98
0.98 0.64 0.89 0.60 0.03
0.59 0.10 0.75 0.53 0.56
0.04 0.51 0.87 0.61 0.71
0.17 0.32 0.43 0.69 0.98
0.53 0.54 0.78 0.07 0.77
0.70 0.75 0.51 0.67 0.37
0.59 0.60 0.02 0.77 0.67
0.83 0.77 0.54 0.62 0.08
0.64 0.65 1.00 0.01 0.88
0.39 0.59 0.52 0.52 0.78
0.69 0.70 0.63 0.05 0.59
0.86 0.72 0.05 0.55 0.96
0.15 0.93 0.73 0.12 0.53
0.65 0.62 0.57 0.85 0.57
0.52 0.37 0.65 0.63 0.87
0.80 0.57 0.39 0.57 0.52
0.58 0.34 0.84 0.51 0.81
0.11 0.04 0.92 0.85 0.54
0.74 0.82 0.07 0.84 0.60
0.84 0.95 0.75 0.35 0.02
0.74 0.92 0.94 0.71 0.01
0.97 0.58 0.55 0.99 0.09
0.59 0.65 0.74 0.87 0.12
0.53 0.47 0.83 0.10 0.79
0.52 0.52 0.67 0.95 0.04
0.53 0.23 0.66 0.04 0.93
0.30 0.42 0.78 0.46 0.93
0.83 0.42 0.70 0.92 0.09
0.53 0.58 0.62 0.60 0.20
