300 5
36 60 43 14 98
78 60 3 67 65
57 98 88 57 60
72 55 78 66 63
97 44 86 35 93
72 74 90 90 32
56 93 69 89 66
87 49 69 58 77
68 80 33 69 65
84 68 90 3 62
63 94 55 93 57
77 91 54 86 62
16 53 65 97 59
34 74 82 72 77
56 92 71 6 81
71 96 68 43 84
5 66 13 40 51
77 63 67 61 39
66 29 94 14 67
100 95 57 39 84
81 72 58 35 93
51 13 74 88 56
82 54 55 100 56
88 57 69 56 58
63 64 67 70 68
10 64 51 88 58
59 63 68 93 51
72 64 67 77 13
88 53 76 86 72
52 19 54 55 93
61 80 78 20 92
90 10 47 72 64
80 52 91 53 89
80 52 87 31 29
59 91 74 18 63
69 2 83 82 98
64 64 94 25 61
72 62 65 80 25
20 56 59 61 84
7 54 54 86 37
65 23 78 74 59
69 58 92 63 81
70 64 72 46 70
60 43 67 90 25
84 64 49 59 97
92 99 78 66 12
93 98 92 19 61
76 40 95 80 19
70 91 59 16 90
82 66 65 11 51
63 76 73 12 94
82 62 68 18 11
86 35 59 75 70
59 80 91 64 25
88 10 82 68 70
81 65 73 53 68
12 58 88 78 51
86 56 56 55 51
59 83 12 84 57
65 69 87 52 2
67 57 68 5 98
96 16 71 85 56
53 61 80 84 51
30 66 76 55 27
55 65 98 51 65
71 59 85 58 92
68 59 84 54 53
91 37 69 89 51
96 8 57 99 72
33 4 71 88 82
57 65 55 63 82
66 71 9 62 77
76 51 69 80 14
84 51 68 65 58
72 23 79 54 60
64 57 51 69 87
63 52 53 87 98
79 57 51 52 85
61 52 77 80 57
91 60 99 2 97
67 55 85 85 52
1 87 92 89 63
8 83 58 68 35
66 52 66 70 79
76 45 60 75 71
51 31 98 80 57
91 53 4 60 48
79 55 52 85 89
96 55 70 58 51
80 51 75 51 65
57 61 70 53 49
9 84 98 12 71
74 82 73 36 83
74 56 67 82 56
99 76 4 57 82
67 31 57 1 94
87 96 10 31 66
68 95 55 36 97
4 54 15 71 96
57 79 54 22 84
81 56 53 55 63
39 65 95 77 44
87 55 38 67 68
80 92 68 25 67
73 81 67 54 35
68 85 52 47 20
51 41 63 69 68
72 87 52 83 7
46 65 51 99 56
100 95 85 57 8
59 56 73 69 54
75 1 75 65 64
4 73 18 56 69
73 54 54 61 63
83 72 89 17 11
78 75 87 29 83
73 68 56 1 90
83 21 100 84 55
53 55 64 47 95
83 51 58 52 18
18 54 60 63 57
100 60 85 20 64
15 62 76 59 55
95 77 15 80 29
59 76 78 74 20
69 33 55 99 56
65 18 77 86 91
85 71 1 90 55
58 53 77 62 63
67 36 58 54 77
81 51 52 84 76
87 62 32 87 56
56 63 86 57 90
45 52 69 84 99
83 59 81 5 57
52 39 85 64 68
95 6 59 91 81
61 43 56 61 62
65 62 54 54 72
51 59 51 86 88
60 68 65 39 60
73 60 20 86 59
91 54 16 53 96
88 80 62 97 7
94 10 73 74 61
53 58 71 57 73
67 51 91 53 53
90 59 53 93 51
59 61 52 62 58
75 53 88 52 53
87 53 18 80 57
56 59 56 51 98
88 61 2 99 82
73 12 52 88 62
99 35 68 80 40
73 23 76 79 72
21 62 57 83 77
51 55 61 54 99
62 62 68 60 71
71 80 61 56 12
94 79 51 27 18
51 64 77 55 13
52 51 62 70 55
5 65 32 58 55
61 53 90 68 58
86 14 69 57 92
66 11 70 95 61
52 57 97 52 66
68 53 12 53 84
77 90 93 12 81
69 17 88 72 62
84 68 53 12 68
77 87 58 28 62
80 60 67 74 36
62 50 51 69 78
52 62 71 60 65
92 95 29 92 40
41 64 92 98 33
52 60 64 54 52
3 80 25 59 69
62 31 54 82 87
69 54 52 77 53
5 60 91 55 55
64 96 83 59 10
71 39 54 75 70
17 83 85 31 60
47 98 96 9 74
90 59 66 99 1
54 11 58 88 70
69 56 72 51 84
70 72 52 94 33
80 100 91 12 78
60 47 52 67 68
67 62 53 55 74
83 64 13 87 53
90 75 47 13 30
85 56 84 37 87
48 16 65 100 72
64 4 73 64 90
83 12 63 97 58
51 61 95 54 48
84 75 26 2 58
54 77 2 37 65
75 54 96 73 52
66 33 63 8 93
88 23 53 81 90
69 84 56 67 42
75 60 26 73 66
68 61 76 51 77
85 60 64 23 88
90 32 67 71 63
52 7 60 78 97
55 31 96 22 53
51 22 80 72 57
73 62 51 76 60
53 60 56 53 62
51 36 60 54 88
46 57 24 11 83
51 55 66 80 14
55 51 70 65 74
70 72 9 32 51
66 99 55 93 32
77 19 53 77 53
54 81 88 91 1
56 53 54 93 73
92 5 54 65 78
86 5 66 76 16
18 73 77 12 92
65 6 82 4 75
78 29 86 75 55
57 64 68 57 51
66 49 61 58 51
57 56 52 85 65
78 51 21 93 64
71 59 63 17 59
80 64 87 24 49
90 65 57 69 32
76 47 51 70 59
4 76 88 80 30
74 62 32 77 62
78 15 87 84 7
10 36 81 78 88
78 72 8 92 47
51 82 93 49 19
52 51 94 67 62
34 60 83 60 72
76 15 52 51 89
55 99 67 81 9
85 64 55 84 51
92 66 58 4 51
73 98 71 74 1
58 57 41 99 48
11 35 69 78 57
55 73 96 39 34
67 51 56 93 54
69 52 49 100 69
76 62 7 97 90
6 27 77 82 77
53 51 58 56 87
82 72 71 75 6
100 60 56 99 8
73 55 51 57 52
17 2 93 50 91
82 3 67 90 70
73 78 54 100 1
76 6 83 87 18
96 52 17 78 90
58 29 70 67 64
95 34 51 83 32
39 72 64 65 23
20 59 64 44 98
98 64 89 60 3
59 10 75 53 56
4 51 87 61 71
17 32 43 69 98
53 54 78 7 77
70 75 51 67 37
59 60 2 77 67
83 77 54 62 8
64 65 100 1 88
39 59 52 52 78
69 70 63 5 59
86 72 5 55 96
15 93 73 12 53
65 62 57 85 57
52 37 65 63 87
80 57 39 57 52
58 34 84 51 81
11 4 92 85 54
74 82 7 84 60
84 95 75 35 2
74 92 94 71 1
97 58 55 99 9
59 65 74 87 12
53 47 83 10 79
52 52 67 95 4
53 23 66 4 93
30 42 78 46 93
83 42 70 92 9
53 58 62 60 20
