300 5
80 59 1 13 33
21 91 46 87 56
33 47 23 36 16
26 60 68 53 30
28 23 27 30 11
36 9 37 97 9
27 57 25 45 79
47 36 21 74 49
23 2 38 30 60
28 43 88 22 89
16 34 3 20 9
42 41 45 9 90
29 26 86 1 34
59 12 21 19 14
11 7 12 21 1
97 20 9 46 26
16 25 48 12 95
51 25 9 20 66
32 23 25 15 76
7 70 37 40 6
29 33 9 72 13
34 5 9 67 84
83 21 29 5 76
7 87 34 25 87
95 2 43 99 23
81 43 12 18 60
45 2 60 98 17
96 2 10 39 20
47 11 24 10 36
27 2 18 80 33
43 61 83 3 90
2 50 23 39 29
2 5 21 52 90
22 41 42 4 24
4 22 10 57 58
20 26 27 14 49
49 1 42 95 9
46 5 52 2 19
46 23 5 29 30
11 41 17 6 3
9 26 4 65 90
3 65 86 89 5
43 45 8 19 30
9 23 61 8 85
31 35 77 3 30
19 37 20 15 30
3 75 17 94 14
9 24 18 4 56
57 48 43 5 8
7 37 95 9 64
16 31 9 90 8
45 82 8 85 6
27 47 76 1 22
82 4 48 1 9
52 20 10 3 31
4 38 33 97 9
54 76 9 8 23
41 16 40 6 93
16 44 69 4 41
3 95 43 23 38
40 35 100 8 8
36 31 11 36 35
5 28 67 2 53
42 38 26 17 15
21 17 1 31 48
79 1 93 94 33
64 41 1 2 1
2 89 53 35 30
10 28 15 48 36
10 19 32 84 40
6 18 93 4 35
83 2 45 35 12
23 15 18 2 78
1 28 35 38 25
43 58 23 1 4
49 1 17 27 34
3 15 10 31 97
10 60 13 22 69
5 18 25 99 49
6 90 3 63 89
11 6 87 28 46
84 27 5 22 26
6 26 14 35 27
31 3 50 27 8
2 45 39 29 79
63 12 4 76 59
42 15 7 23 48
31 31 21 6 9
3 47 100 7 40
48 35 33 2 46
1 48 58 28 21
15 13 1 71 43
6 8 23 24 20
20 21 85 12 67
5 43 66 12 81
10 94 40 20 20
20 19 2 1 13
14 8 37 20 93
12 31 6 81 30
30 17 27 10 70
4 100 57 34 23
5 24 45 62 8
70 9 49 12 32
13 98 9 18 28
1 21 50 10 89
5 92 51 29 70
42 16 57 14 32
18 64 7 40 2
46 29 84 20 11
3 3 25 76 37
32 64 1 3 85
18 32 88 1 10
2 6 28 25 64
44 1 9 37 94
8 43 50 3 96
12 13 5 25 16
8 36 75 48 14
70 6 4 30 27
13 3 46 34 31
49 2 40 28 6
42 6 97 14 32
41 1 46 18 61
97 16 9 5 6
10 58 50 10 5
6 20 46 4 93
75 12 75 12 18
85 4 10 47 34
19 34 20 14 28
40 1 54 46 13
10 12 13 5 97
13 17 29 13 50
33 80 31 1 2
1 16 22 31 48
43 3 22 26 22
6 61 16 30 19
85 16 16 20 43
15 46 4 70 17
9 42 50 40 18
10 16 100 23 18
7 70 31 3 79
9 72 42 1 59
45 10 95 14 40
44 6 41 47 7
39 11 14 10 88
64 14 3 4 49
7 7 33 10 76
49 1 8 39 89
10 69 42 31 14
8 43 31 19 65
10 35 55 3 4
27 4 26 50 46
28 3 57 43 20
5 45 37 16 78
12 10 55 16 22
14 5 10 70 94
6 2 96 4 29
3 4 87 28 11
20 4 13 86 25
17 6 9 89 97
31 5 5 5 46
35 17 7 17 43
4 37 95 18 8
10 43 2 86 64
40 3 25 46 47
14 7 45 4 52
7 45 64 40 15
9 100 5 15 23
28 15 4 37 41
4 1 41 91 31
28 10 28 12 21
5 4 5 20 7
25 15 2 8 3
1 38 49 25 43
19 29 19 7 11
10 88 1 36 53
4 94 12 88 48
10 8 4 9 24
4 40 81 33 28
3 17 18 49 20
2 29 11 28 43
1 81 98 77 15
5 41 34 1 94
17 37 1 60 49
4 7 48 90 6
4 31 37 77 7
5 3 81 26 35
28 35 1 22 32
89 44 38 1 10
1 51 65 43 12
75 2 85 14 88
2 61 27 16 13
9 35 8 3 10
21 2 35 94 49
3 85 1 34 80
41 22 1 32 46
1 10 1 44 9
12 8 29 10 10
32 80 82 11 2
11 20 58 11 18
37 3 17 79 10
4 20 16 1 80
3 35 44 26 16
13 1 89 81 15
21 46 1 8 24
76 23 37 5 7
6 49 10 14 14
2 29 49 48 3
2 5 35 15 42
7 18 28 7 30
7 65 28 4 53
28 4 1 28 97
2 8 30 31 27
10 59 51 87 1
4 40 45 25 41
99 1 31 21 7
85 52 1 1 66
31 2 39 48 6
13 10 11 8 27
32 3 20 12 8
9 90 83 33 3
30 5 24 6 47
51 2 16 92 77
24 3 7 33 42
14 2 67 19 85
38 11 86 1 20
27 12 1 4 45
6 46 92 19 11
22 14 53 2 4
3 78 91 2 18
22 13 58 6 36
65 5 37 2 65
1 24 13 38 6
24 1 41 36 18
2 49 21 3 97
46 62 1 2 29
82 3 17 3 4
1 57 16 29 2
3 7 57 5 29
1 97 8 61 4
31 1 81 47 3
37 5 64 40 2
1 47 49 22 29
9 10 19 9 4
86 6 3 67 74
29 8 98 5 13
74 2 38 29 16
2 10 12 42 46
11 5 11 19 90
3 2 27 57 10
9 12 32 3 95
3 91 64 5 9
44 1 31 47 83
2 62 7 23 91
7 6 3 27 26
60 4 36 46 5
7 41 92 17 26
11 81 86 2 24
34 4 41 10 6
12 32 76 8 15
7 1 31 43 14
20 41 43 1 6
1 51 54 10 84
13 12 34 3 70
3 36 10 36 6
1 3 53 42 20
32 3 26 2 64
3 89 72 23 11
1 3 42 11 80
4 64 27 1 43
44 1 34 21 33
13 24 16 8 7
38 29 1 13 32
63 2 84 2 80
3 18 14 78 2
11 2 9 12 28
72 4 35 89 4
4 15 48 28 17
80 2 99 5 4
38 2 18 50 11
79 1 28 10 21
6 78 7 54 5
4 67 9 35 71
2 21 7 5 14
46 11 3 16 60
2 35 3 5 10
6 1 18 84 35
2 58 48 1 7
17 1 52 7 87
40 1 34 13 49
13 1 59 26 66
24 13 78 2 24
18 8 2 2 24
6 1 49 30 77
4 2 10 94 92
99 15 22 1 7
20 10 28 1 24
66 5 23 55 2
43 9 7 1 24
21 3 6 46 86
25 4 65 3 55
