300 5
47 17 75 75 98
1 89 81 71 93
51 100 14 4 94
16 48 89 4 39
11 47 50 41 83
97 32 73 72 43
49 41 20 72 15
24 3 15 5 96
30 47 29 19 18
31 32 24 12 58
35 61 74 4 21
62 49 28 41 32
27 8 43 23 8
31 5 59 49 31
33 100 19 21 42
43 51 9 94 46
24 45 11 43 50
34 8 45 2 29
4 45 43 3 81
11 36 82 48 78
27 36 17 27 85
20 90 30 31 20
7 42 33 2 26
10 52 10 58 32
13 12 21 72 75
15 48 82 82 8
90 96 73 12 9
4 14 6 31 45
64 25 13 42 33
36 73 24 81 17
22 72 66 43 12
5 92 22 27 2
10 63 90 38 12
20 34 76 75 27
87 42 10 40 37
18 9 16 13 80
19 42 12 87 2
99 77 88 29 2
94 81 29 66 6
31 29 53 18 37
9 35 18 7 40
21 40 39 16 36
92 55 42 34 14
19 81 13 18 14
28 46 11 25 94
26 39 39 35 29
65 14 34 65 33
77 41 2 28 7
28 29 89 1 13
27 12 98 7 5
13 78 36 24 24
38 11 16 22 73
37 3 19 49 57
51 30 6 28 3
40 52 46 18 2
34 48 16 46 21
32 42 27 9 19
7 2 85 5 81
19 52 58 2 11
27 6 22 6 78
39 34 11 6 2
22 47 45 10 11
19 35 79 14 39
4 31 92 88 19
7 57 72 75 2
36 5 6 35 24
46 33 3 74 16
21 3 37 22 34
50 6 33 32 50
15 7 79 38 75
9 66 43 99 15
7 88 66 95 4
21 19 65 29 8
4 26 74 80 10
5 2 41 17 25
4 37 3 6 34
10 12 20 3 22
21 7 36 14 31
8 72 16 25 6
20 88 18 3 14
30 33 5 61 44
16 8 76 1 36
4 33 28 73 1
27 8 23 79 25
42 4 19 44 45
11 29 45 15 4
25 62 17 18 8
19 22 1 14 14
64 29 15 15 1
9 24 23 1 36
37 17 35 4 17
24 30 3 11 29
45 2 16 25 44
2 77 60 77 25
31 41 26 37 3
47 3 6 41 21
4 11 55 33 55
78 54 6 7 30
40 3 23 66 24
18 36 32 50 13
17 28 16 24 35
72 8 11 99 11
30 29 16 9 48
89 3 29 35 25
33 100 46 7 3
2 77 23 27 31
28 8 31 3 57
7 41 9 16 22
74 4 49 47 18
48 1 1 83 39
33 20 30 61 20
9 65 13 69 13
73 23 1 6 21
74 33 8 1 21
25 6 74 11 91
39 42 29 4 21
34 6 25 97 6
36 66 24 19 1
31 66 14 1 68
12 3 74 1 28
8 2 14 46 41
3 92 34 13 40
82 9 26 50 11
1 42 28 15 55
3 50 20 37 10
9 5 70 39 14
34 9 32 21 31
67 3 6 25 64
1 62 50 52 42
26 2 37 27 9
12 8 40 18 79
10 19 26 1 39
18 31 31 22 9
6 47 33 4 22
18 70 5 31 24
45 67 85 1 23
6 3 4 97 35
19 8 17 26 2
52 41 63 41 1
74 19 44 8 15
35 21 3 37 9
13 38 14 8 27
2 100 5 44 94
7 32 1 30 95
26 34 3 2 6
92 7 6 12 61
79 16 19 24 32
9 41 23 17 14
2 35 26 34 49
40 19 8 27 54
6 33 62 1 30
44 7 37 25 10
55 5 14 6 17
60 2 34 25 11
18 15 13 75 18
79 6 58 4 22
7 91 26 14 2
13 18 29 15 7
4 16 81 100 16
51 32 8 40 1
17 15 14 3 84
3 3 60 2 31
2 19 4 96 47
64 10 6 7 17
37 11 10 31 26
14 12 85 36 11
9 23 13 93 37
71 13 1 69 14
55 3 14 33 71
5 48 20 6 9
16 4 50 4 11
31 7 8 46 2
21 19 1 40 20
17 12 33 76 2
1 99 32 17 27
14 100 14 26 11
87 7 25 56 1
6 27 98 42 2
50 16 21 1 2
17 92 9 29 16
33 25 2 11 87
3 90 36 20 4
11 43 9 3 100
6 20 15 33 12
19 3 1 47 52
44 24 13 10 17
1 46 34 28 7
3 22 33 21 43
38 4 95 95 2
28 6 35 57 3
66 2 13 11 77
29 6 40 21 14
44 14 13 24 90
9 7 15 92 33
7 15 7 3 7
10 17 72 99 6
42 4 15 7 33
6 97 28 2 40
7 95 89 66 1
18 25 65 23 2
3 25 10 10 96
16 11 34 79 7
15 41 2 64 76
17 26 7 27 3
49 71 45 1 33
43 2 6 27 32
7 54 86 31 3
21 5 40 25 10
3 48 17 62 22
48 28 42 2 21
1 41 95 83 82
27 67 22 10 1
5 47 10 89 15
13 7 21 37 46
6 9 16 36 59
2 3 24 16 91
41 12 38 2 70
40 88 25 1 5
5 22 30 13 13
1 84 44 6 56
5 4 22 74 14
1 34 41 12 9
14 92 13 42 4
42 4 11 16 22
10 66 6 96 33
92 5 16 1 99
29 11 76 4 6
4 45 11 65 15
22 4 8 25 79
1 38 24 8 83
26 18 5 2 41
35 41 68 6 4
3 22 4 56 32
61 1 93 46 73
46 27 35 12 4
51 41 38 38 1
2 1 93 12 92
1 42 22 87 49
8 22 5 3 20
36 1 61 8 26
45 35 91 9 1
4 5 52 92 38
2 73 3 89 11
3 5 48 75 48
49 37 37 43 1
87 60 56 12 1
30 1 47 46 82
4 37 32 4 13
49 30 3 39 3
1 14 54 31 12
12 24 11 89 5
6 6 78 44 2
3 20 26 22 45
81 1 20 24 8
24 11 8 11 25
70 6 25 92 5
4 36 24 70 26
18 1 8 24 24
57 1 11 7 11
18 9 1 73 96
25 7 6 13 73
3 48 19 11 29
2 91 1 70 63
5 4 29 22 66
5 1 38 23 35
54 13 1 60 46
41 45 17 1 97
64 24 20 1 55
48 16 36 23 3
8 31 53 1 28
82 11 32 2 90
13 31 8 62 3
6 47 8 3 31
40 1 23 22 45
10 6 4 31 23
13 1 33 42 34
9 89 22 25 1
63 92 4 63 2
14 25 34 14 3
28 4 20 27 21
4 81 59 16 5
5 33 63 56 11
3 41 30 33 21
3 55 84 78 2
26 6 29 26 14
92 9 4 62 20
46 8 2 21 12
25 11 2 17 41
9 52 33 59 2
53 3 22 13 11
33 2 32 9 93
11 32 10 67 4
34 3 3 60 45
38 9 22 17 23
1 56 30 95 31
29 8 21 22 31
61 7 28 52 1
8 36 76 36 6
1 17 21 6 4
8 29 1 97 70
