300 5
67 82 76 46 12
1 81 67 46 92
32 36 30 53 15
8 53 41 2 81
95 23 91 71 97
53 92 11 10 35
37 69 81 20 17
42 67 33 73 14
81 87 35 46 42
15 46 71 31 7
17 35 95 1 69
41 31 20 76 14
14 51 88 14 82
46 7 39 10 54
17 9 37 17 76
98 16 29 29 3
89 84 78 6 78
96 16 29 91 43
3 55 47 24 40
40 17 93 76 33
47 16 34 13 34
45 83 79 16 74
20 40 1 21 23
25 29 34 75 78
23 98 69 7 12
81 29 46 48 30
37 34 55 22 48
24 31 11 50 68
14 90 16 12 76
19 60 34 34 60
12 25 25 3 27
26 14 1 46 23
2 23 16 15 83
91 5 26 35 9
8 13 58 80 31
5 46 31 41 38
58 20 91 6 19
39 5 42 90 70
34 26 4 1 85
58 95 45 35 16
37 17 9 87 8
15 7 32 9 20
58 90 44 41 3
9 36 12 71 47
20 36 8 18 33
8 4 37 7 52
30 29 83 25 16
55 4 94 55 32
4 45 49 41 27
33 6 68 2 25
17 17 12 38 28
10 88 12 6 12
15 22 3 4 7
10 4 45 57 48
46 95 82 21 2
13 69 7 89 74
24 16 5 95 6
3 25 39 64 48
30 12 19 46 66
8 51 10 16 11
8 50 32 82 17
7 88 81 6 58
37 27 28 33 4
37 48 1 27 5
80 17 30 50 9
10 70 1 75 65
5 33 34 31 65
8 29 43 90 30
18 35 37 21 1
39 22 24 21 5
1 79 45 1 76
3 41 47 22 55
13 2 2 91 7
68 2 16 61 32
23 16 2 6 1
6 89 26 42 45
93 1 32 34 76
49 14 25 84 14
40 20 1 24 27
3 9 6 31 15
7 27 2 20 19
13 33 59 15 15
7 38 86 6 13
33 39 1 29 69
5 12 3 31 100
21 47 45 20 3
4 60 64 21 59
1 36 1 86 34
13 68 46 38 8
3 36 26 99 11
3 15 2 56 36
45 12 50 1 51
2 62 41 21 6
11 26 20 8 1
15 13 50 41 1
25 10 23 13 19
38 2 74 6 3
3 18 45 21 95
35 18 46 2 73
1 24 96 54 85
96 3 57 37 45
3 74 17 6 7
1 96 68 78 29
30 51 2 2 90
18 3 30 75 2
60 4 8 25 10
19 99 16 1 26
9 98 17 5 74
26 2 76 21 3
20 7 48 15 3
4 8 39 20 68
43 3 36 47 6
17 1 42 12 85
18 2 73 10 8
9 41 8 37 13
5 43 38 99 10
14 1 15 41 47
89 10 32 41 2
11 15 29 9 84
4 6 31 96 33
32 9 98 4 60
46 21 1 11 7
24 39 24 1 41
4 34 35 43 7
6 18 4 3 43
1 30 36 30 66
63 1 6 29 10
1 58 26 13 42
13 33 5 11 8
8 4 24 45 40
91 2 16 51 9
37 11 1 48 45
97 62 14 1 57
78 3 3 64 60
4 7 32 89 29
6 53 84 25 3
12 6 69 74 27
47 3 44 36 22
13 1 17 7 74
1 35 30 53 33
42 1 48 31 20
9 97 10 2 11
42 13 8 15 31
50 2 2 27 10
6 53 6 6 15
2 10 57 18 41
1 17 48 57 34
11 7 38 20 43
6 2 85 7 65
6 10 43 31 2
16 47 2 1 29
60 7 38 25 7
3 58 33 44 9
5 47 58 19 33
40 17 36 5 56
20 27 1 86 30
22 15 77 2 34
12 11 14 72 3
92 81 12 1 13
32 1 40 14 39
10 2 59 44 39
1 30 69 45 23
27 6 1 12 40
6 88 39 5 32
8 31 86 26 12
4 44 14 5 5
1 31 92 26 15
96 54 16 3 13
5 41 38 18 71
48 6 10 59 27
19 85 94 3 14
24 3 16 75 5
90 24 21 1 18
90 23 4 1 18
6 64 19 87 2
57 6 40 14 11
17 99 2 30 7
2 10 2 75 41
14 1 16 12 37
7 53 9 37 12
31 5 87 3 34
6 4 47 78 38
2 25 7 47 20
79 5 23 17 19
20 5 26 4 26
21 18 45 17 2
19 2 14 43 6
4 7 52 44 35
2 34 62 15 24
4 10 37 1 77
5 5 34 24 34
1 35 13 87 74
3 2 16 19 64
2 47 39 18 9
27 6 57 7 19
45 10 60 1 45
5 37 1 24 46
2 48 20 5 14
8 29 3 7 49
21 84 6 3 8
42 16 8 5 47
10 15 30 86 4
13 10 90 2 27
26 6 6 55 34
3 47 8 26 17
47 4 7 49 97
1 40 40 22 25
4 19 68 96 2
20 28 14 5 2
8 29 37 15 27
31 6 60 25 6
8 13 10 21 10
1 10 16 71 4
48 4 84 4 31
6 13 27 1 6
63 7 31 38 2
88 4 51 7 6
33 38 1 32 27
7 14 6 29 20
3 8 24 8 76
51 12 33 4 16
20 4 30 19 35
1 11 58 9 33
90 2 15 31 6
5 49 11 5 44
10 5 13 54 2
3 38 40 3 5
29 12 10 61 2
6 29 15 66 4
5 3 42 36 13
1 46 29 44 39
28 8 42 46 5
5 1 25 61 11
2 1 23 75 19
77 5 1 19 4
1 7 36 21 8
39 3 1 95 36
13 19 30 36 2
46 46 2 5 33
12 16 21 8 68
32 3 61 7 61
83 4 76 4 19
77 7 9 18 7
4 42 2 41 65
60 12 1 15 13
9 10 27 2 16
2 11 23 16 17
1 29 17 68 28
85 8 89 1 52
11 93 3 28 2
5 4 83 39 1
5 18 29 4 36
14 4 1 93 19
13 18 13 10 3
5 17 52 78 2
54 13 18 18 20
25 12 47 23 2
36 55 4 3 26
32 2 52 28 28
1 45 99 30 7
87 57 76 3 3
100 8 40 2 55
67 9 90 1 91
71 5 4 1 14
12 7 16 30 18
1 61 23 40 28
21 17 12 34 3
84 67 23 3 6
4 67 3 49 13
3 54 1 48 18
1 48 96 19 28
88 13 19 26 2
44 8 10 16 11
22 4 69 12 14
79 1 24 28 17
2 55 85 35 3
64 10 34 1 16
28 45 10 1 35
3 41 11 3 23
11 1 66 1 58
35 1 73 81 8
3 32 63 70 3
17 2 48 50 24
66 4 4 44 8
17 9 44 42 3
94 3 67 3 4
35 10 2 66 15
1 50 5 19 87
11 10 37 53 5
32 1 18 11 27
7 11 60 6 27
57 1 70 57 3
29 11 89 10 7
26 1 64 55 29
7 7 7 46 88
3 24 7 29 17
16 2 93 62 3
1 24 9 8 77
8 6 21 6 47
6 34 2 84 23
