300 5
21 88 0 63 0
92 81 61 98 51
83 52 4 22 90
60 67 32 36 8
69 2 89 10 59
9 49 61 44 60
78 37 45 31 24
29 1 1 39 78
32 100 13 29 26
34 77 66 28 39
40 80 8 20 88
4 6 25 11 14
90 72 12 8 50
47 62 31 8 14
2 44 10 70 75
19 7 1 13 14
35 44 23 3 100
2 65 26 3 28
31 42 35 98 12
54 13 6 3 13
4 79 13 6 95
37 72 20 49 7
60 28 5 82 13
36 93 27 49 1
85 27 29 1 28
35 20 90 71 11
5 65 1 61 26
45 6 24 100 34
3 37 33 23 31
41 8 37 97 5
15 11 2 1 80
10 80 13 26 38
7 57 40 4 49
7 36 9 81 41
52 80 100 1 43
2 53 12 8 52
3 37 18 33 48
42 93 46 12 8
46 49 36 100 2
6 96 23 2 87
87 36 11 18 11
43 4 24 39 34
44 13 35 4 6
13 78 23 26 39
39 33 6 2 77
13 36 31 3 1
84 6 22 17 17
47 1 8 48 23
41 63 7 6 24
54 4 68 21 7
7 23 18 50 23
14 82 18 43 11
56 1 51 23 42
63 2 93 65 15
16 38 7 11 46
2 18 44 46 14
46 19 10 5 46
42 31 37 24 9
3 4 18 37 69
34 8 29 97 1
17 1 57 37 34
49 1 3 33 19
27 5 32 31 10
6 25 15 48 4
18 2 36 84 48
40 20 44 10 38
4 81 82 73 11
5 38 21 46 18
99 2 37 23 76
10 5 30 1 8
7 1 38 39 48
37 18 40 40 2
38 52 1 44 2
16 38 24 33 39
10 47 17 22 88
33 29 13 13 10
1 26 33 100 74
24 41 23 6 12
16 5 25 53 16
18 35 31 12 2
15 93 3 14 64
9 4 86 33 13
6 13 15 18 17
7 8 6 72 7
14 98 14 1 26
24 3 29 26 89
46 3 39 27 41
62 2 11 26 44
40 5 20 32 27
73 2 6 11 70
23 39 18 9 10
48 31 43 29 3
21 65 27 47 5
17 10 98 56 6
1 11 17 19 9
13 35 33 77 2
48 17 78 19 2
41 2 50 88 13
12 23 23 4 19
82 32 14 90 3
6 23 64 10 21
16 45 5 35 32
2 26 18 51 2
44 7 16 71 9
99 19 10 35 8
85 15 41 48 5
11 8 3 43 31
1 81 100 3 86
1 21 10 36 56
5 3 39 59 24
64 74 2 10 16
6 9 50 3 17
36 1 48 64 12
44 29 8 25 1
57 93 5 10 65
3 87 9 83 49
3 8 17 85 36
1 2 24 31 16
72 4 49 14 49
10 1 30 96 71
12 17 17 3 6
35 94 5 8 61
25 6 14 15 20
14 5 13 59 42
6 2 50 7 13
4 44 32 5 35
13 49 6 31 51
56 5 24 5 25
1 40 8 44 43
52 4 62 6 93
6 29 11 58 22
47 14 18 7 37
62 39 4 2 30
43 67 2 2 4
4 79 14 96 7
21 4 31 42 13
61 65 4 1 37
34 1 36 22 79
21 29 12 12 55
37 3 38 54 4
5 48 2 55 17
87 41 7 91 6
8 40 36 37 3
31 1 31 12 33
15 15 2 40 22
2 15 21 15 44
23 1 60 27 87
14 9 8 1 68
4 78 16 100 37
30 12 27 100 2
36 3 10 82 26
34 10 15 9 20
50 7 26 20 4
33 11 62 20 2
1 70 5 37 48
12 4 52 2 40
7 4 84 89 12
70 1 10 43 16
8 30 78 15 8
6 94 11 91 10
26 28 9 56 3
2 4 4 27 13
30 1 53 3 15
15 7 40 46 3
88 51 2 8 63
35 50 3 7 2
1 22 23 16 31
1 19 50 1 29
11 51 16 21 5
73 8 5 83 5
10 2 70 69 9
2 5 38 14 27
29 67 11 51 9
97 11 49 6 7
23 32 14 43 10
64 39 2 7 6
18 68 1 65 25
23 1 25 84 12
1 96 11 25 9
5 37 31 12 5
88 18 61 95 1
91 24 23 1 23
3 17 2 12 37
8 5 1 100 80
7 21 40 9 21
25 44 9 58 5
42 26 29 1 41
11 92 48 34 1
2 5 19 98 10
97 12 24 10 12
6 67 61 34 2
80 37 23 5 1
14 2 83 34 9
45 4 19 17 3
6 97 55 22 2
45 18 7 20 1
61 2 45 5 84
44 42 12 13 13
75 13 69 15 1
1 37 16 44 16
75 24 2 2 33
1 62 5 72 40
7 9 23 49 8
11 25 25 5 74
2 1 43 65 51
27 1 57 12 16
10 3 11 20 12
4 59 65 9 23
1 14 45 10 48
3 71 91 17 19
45 100 1 6 2
22 2 11 45 15
88 2 1 10 54
17 6 55 57 1
5 18 30 4 45
7 3 10 21 17
11 29 5 8 58
1 65 9 56 16
53 4 78 12 10
2 22 15 19 9
15 22 33 47 1
95 14 15 8 5
69 35 6 44 3
28 68 1 10 57
12 21 16 13 2
6 72 20 1 94
45 28 12 17 8
58 53 1 3 94
20 41 8 70 8
76 30 64 2 6
4 64 41 1 59
1 35 39 3 89
37 2 21 21 30
87 22 33 4 2
25 6 13 14 31
46 9 42 16 4
9 24 19 7 46
81 11 82 13 7
34 3 11 18 32
64 65 6 54 1
1 44 9 37 16
47 23 4 12 13
23 36 1 12 71
66 51 97 1 1
14 18 5 87 10
13 31 2 7 88
18 10 12 7 44
27 48 12 20 2
57 60 1 34 11
84 28 2 38 10
2 16 21 10 32
42 2 35 82 13
41 7 6 2 69
33 74 11 42 11
62 55 20 4 4
96 63 66 1 5
22 1 10 73 8
8 75 12 18 7
6 13 8 15 12
93 3 13 13 37
6 50 49 1 38
15 65 6 2 62
1 46 34 4 12
19 20 44 33 1
10 8 28 1 55
71 76 7 9 1
39 10 50 10 1
72 43 1 8 89
17 18 11 1 27
94 4 11 88 2
15 38 3 6 79
3 23 95 9 2
2 1 1 33 63
42 36 5 82 2
2 21 63 10 20
1 25 32 42 2
60 3 42 17 25
56 25 12 1 11
61 49 5 66 4
24 30 2 1 25
1 95 28 68 7
45 4 42 8 44
17 94 8 14 28
94 9 8 5 62
30 11 16 47 3
78 15 2 25 11
32 21 84 14 1
59 4 48 2 31
32 79 17 60 1
25 74 13 1 3
2 12 81 14 24
9 40 53 6 15
73 1 34 9 23
13 2 85 85 6
26 9 29 24 8
48 9 47 18 2
8 60 9 6 91
37 2 4 68 21
20 53 3 5 21
46 39 2 1 2
