300 5
48 73 10 36 97
70 39 58 70 76
44 45 23 33 29
2 6 43 76 33
14 85 15 91 75
24 70 41 7 21
86 87 19 18 28
81 68 31 73 22
15 34 2 61 34
66 17 60 60 1
16 21 25 7 72
89 5 3 13 68
6 31 32 42 38
29 9 51 40 5
78 22 18 8 81
81 7 39 31 66
47 37 22 5 49
16 11 97 12 34
84 16 42 87 18
97 56 12 22 64
30 3 39 16 91
24 14 36 1 9
12 27 13 44 20
66 93 31 15 46
43 12 30 28 47
62 14 35 18 2
92 7 50 72 26
7 26 20 4 26
11 91 52 3 39
74 11 39 69 34
10 19 22 35 27
19 19 48 7 6
68 28 29 59 7
13 7 64 52 54
14 12 65 56 8
18 54 48 6 15
2 57 18 52 9
4 39 11 24 90
88 6 24 42 40
24 7 14 52 43
10 54 51 44 23
44 40 10 63 27
37 18 14 51 8
7 46 19 38 13
14 23 13 42 23
33 17 12 2 69
39 37 30 41 20
33 12 11 86 87
25 31 14 36 7
20 5 37 70 76
30 2 93 16 9
6 37 9 86 8
9 87 5 40 23
25 14 17 17 32
2 22 48 85 19
85 14 11 34 73
85 87 1 1 11
52 93 22 26 7
44 11 2 13 24
6 62 12 8 46
9 10 17 45 38
43 12 52 21 44
16 22 9 65 80
24 11 22 18 40
4 33 22 11 45
94 26 27 13 5
97 22 43 8 7
32 19 25 6 69
61 3 20 79 5
16 42 9 25 50
22 19 34 4 2
97 4 29 14 5
30 2 19 97 53
14 10 6 21 7
75 62 2 43 19
12 29 13 24 4
22 8 66 83 17
32 18 9 13 45
81 6 39 10 28
16 52 2 32 58
11 39 11 14 45
32 2 47 11 79
3 17 32 61 60
97 80 7 9 9
12 2 22 83 45
49 23 1 4 41
1 43 45 42 90
92 12 6 6 83
8 20 85 28 44
23 6 44 6 13
1 76 8 36 16
4 37 35 9 89
6 19 97 59 39
20 6 22 43 2
2 27 10 45 19
20 6 15 76 65
36 42 2 14 22
29 5 38 33 29
8 37 15 33 7
42 71 52 7 1
21 1 76 37 67
79 4 28 26 19
62 94 4 63 20
93 10 41 11 24
49 2 13 51 36
9 8 73 35 53
22 20 23 28 3
55 1 31 3 21
62 53 1 63 35
12 15 45 40 29
5 58 63 22 37
64 70 62 49 1
35 52 4 4 8
39 45 22 1 25
13 5 42 47 20
7 10 2 54 70
18 18 11 8 42
48 9 38 23 47
43 8 7 60 50
85 12 82 1 98
30 17 16 13 23
92 13 4 71 5
57 28 30 2 3
2 9 13 83 19
46 2 21 82 90
64 13 27 9 36
5 2 57 23 50
78 3 23 20 50
87 35 3 22 12
6 20 12 74 32
65 7 28 3 17
43 43 48 40 1
39 18 10 32 2
21 13 2 24 5
23 15 95 18 12
18 1 2 39 87
10 75 1 38 69
31 3 7 36 18
86 23 36 3 6
52 1 39 2 80
20 11 4 43 4
38 38 12 20 15
25 92 14 5 21
7 84 57 8 10
97 28 18 3 48
1 86 49 19 21
2 31 58 25 7
3 66 87 10 31
65 64 29 2 3
11 1 23 62 56
22 5 23 55 64
7 27 34 2 39
3 52 36 4 5
4 61 17 39 2
48 2 93 5 12
11 3 48 37 46
42 6 13 11 54
8 5 27 17 23
27 22 17 16 18
14 39 69 12 4
40 50 14 17 8
48 45 20 2 9
29 21 4 12 20
62 3 16 3 10
39 87 1 20 18
6 35 35 18 33
34 2 73 7 35
9 34 54 26 18
50 1 5 38 24
1 21 38 86 99
38 4 6 72 66
2 6 86 13 89
37 10 23 15 13
39 32 10 9 70
44 5 6 8 5
20 5 50 13 75
66 11 8 3 74
9 21 56 9 39
67 81 9 3 21
31 95 8 17 14
20 21 17 16 16
12 69 16 12 19
31 28 1 30 34
3 40 8 86 5
63 40 13 70 1
16 12 83 13 50
11 46 24 16 18
23 49 28 9 2
7 36 76 6 15
39 5 56 93 12
64 1 4 46 51
11 59 22 81 2
22 2 41 42 52
5 16 45 73 44
19 16 5 50 50
4 44 32 7 96
15 3 26 19 9
4 31 8 31 2
31 45 17 6 30
17 24 55 3 19
23 9 10 30 38
1 4 12 80 37
4 7 51 39 31
7 8 81 15 84
53 71 3 9 40
9 17 100 57 12
60 4 3 60 45
57 27 1 53 40
63 87 3 36 3
13 67 7 23 5
14 95 27 12 2
21 30 61 21 3
79 36 14 5 36
29 23 30 4 32
10 43 16 19 53
6 22 27 18 34
35 2 16 31 88
1 10 91 55 65
32 13 9 4 14
26 30 8 1 33
32 6 1 54 9
6 15 8 47 66
11 30 11 31 89
28 60 1 7 35
40 20 7 2 4
4 29 78 9 45
4 28 28 26 69
18 27 37 41 4
31 64 28 70 1
14 6 73 70 19
32 4 31 1 35
2 71 25 26 79
53 1 21 27 43
45 76 20 22 3
11 71 21 17 19
40 1 51 47 19
67 6 2 41 21
9 16 3 30 98
59 6 97 2 19
22 2 17 17 75
10 26 5 33 24
46 10 81 6 5
61 3 15 9 23
10 1 15 50 97
14 8 35 86 3
10 9 86 1 72
7 25 32 43 7
3 58 85 23 1
5 49 2 96 95
80 39 2 44 4
30 11 43 2 11
48 2 33 40 38
15 1 37 66 11
8 39 15 18 32
9 19 45 9 85
15 19 44 3 1
14 27 11 7 24
24 1 26 8 67
12 10 14 30 49
9 14 40 25 13
5 44 9 26 5
23 18 30 1 56
3 91 21 28 44
6 95 3 99 7
7 22 34 67 9
6 56 19 7 62
16 22 16 16 20
33 36 19 63 1
4 90 28 8 30
15 3 32 14 41
2 85 41 26 1
1 98 64 9 30
16 47 7 1 51
1 31 33 73 64
38 1 71 9 22
17 8 44 55 3
6 99 31 9 11
1 49 89 11 21
41 20 7 3 3
1 76 69 6 27
71 4 1 19 17
37 40 4 18 4
23 2 48 65 18
9 37 17 1 35
15 15 2 43 80
23 27 6 18 33
26 71 2 10 44
3 3 24 34 51
39 38 22 23 1
24 25 2 9 2
2 1 75 31 92
25 15 1 75 58
6 23 21 30 17
14 43 2 8 28
21 1 50 62 31
14 16 42 16 39
29 3 24 91 26
15 29 5 12 47
5 29 40 80 18
32 2 38 38 5
