300 5
0.84 0.21 0.76 0.31 0.50
0.46 0.52 0.91 0.02 0.82
0.53 0.27 0.76 0.17 0.18
0.80 0.07 0.24 0.11 0.79
0.21 0.85 0.10 0.31 0.18
0.21 0.02 0.18 0.40 0.39
0.06 0.32 0.29 0.44 0.72
0.14 0.80 0.68 0.01 0.10
0.45 0.44 0.78 0.23 0.48
0.41 0.53 0.98 0.07 0.51
0.23 0.24 0.08 0.07 0.26
0.01 0.36 0.53 0.77 0.13
0.79 0.89 0.02 0.11 0.02
0.21 0.70 0.35 0.08 0.77
0.12 0.36 0.97 0.11 0.28
0.50 0.23 0.07 0.39 0.96
0.08 0.18 0.26 0.36 0.18
0.45 0.17 0.46 0.13 0.23
0.10 0.66 0.63 0.11 0.70
0.29 0.43 0.25 0.26 0.01
0.28 0.37 0.50 0.25 0.08
0.02 0.06 0.06 0.46 0.37
0.92 0.36 0.18 0.09 0.07
0.22 0.33 0.47 0.02 0.20
0.03 0.14 0.54 0.28 0.47
0.11 0.30 0.44 0.24 0.22
0.92 0.45 0.04 0.25 0.26
0.33 0.14 0.18 0.41 0.10
0.13 0.52 0.16 0.03 0.37
0.15 0.79 0.07 0.06 0.46
0.92 0.42 0.43 0.39 0.04
0.44 0.19 0.07 0.90 0.05
0.08 0.13 0.25 0.35 0.91
0.04 0.28 0.60 0.70 0.11
0.22 0.03 0.01 0.09 0.35
0.43 0.89 0.01 0.35 0.17
0.01 0.21 0.30 0.50 0.33
0.28 0.49 0.46 0.27 0.07
0.11 0.49 0.04 0.45 0.62
0.02 0.11 0.32 0.26 0.99
0.28 0.01 1.00 0.73 0.63
0.22 0.18 0.62 0.14 0.18
0.29 0.07 0.56 0.35 0.24
0.10 0.98 0.65 0.25 0.41
0.58 0.03 0.11 0.03 0.89
0.29 0.22 0.14 0.94 0.31
0.27 0.19 0.82 0.26 0.16
0.23 0.14 0.18 0.18 0.02
0.02 0.90 0.31 0.34 0.88
0.25 0.23 0.39 0.69 0.01
0.28 0.08 0.21 0.11 0.20
0.10 0.04 0.49 0.77 0.49
0.08 0.10 0.65 0.85 0.18
0.66 0.04 0.07 0.86 0.12
0.43 0.48 0.75 0.09 0.06
0.12 0.46 0.01 0.37 0.83
0.48 0.14 0.25 0.10 0.09
0.26 0.04 0.22 0.07 0.56
0.32 0.86 0.03 0.42 0.06
0.43 0.32 0.13 0.07 0.06
0.43 0.10 0.04 0.46 0.04
0.21 0.04 0.27 0.05 0.16
0.81 0.36 0.03 0.97 0.16
0.38 0.63 0.12 0.34 0.24
0.49 0.13 0.06 0.28 0.03
0.03 0.19 0.04 0.80 0.38
0.25 0.31 0.88 0.11 0.07
0.54 0.16 0.19 0.46 0.01
0.37 0.01 0.36 0.08 0.16
0.07 0.88 0.23 0.64 0.12
0.08 0.14 0.62 0.26 0.71
0.30 0.81 0.25 0.08 0.03
0.14 0.34 0.21 0.77 0.27
0.11 0.05 0.02 0.29 0.20
0.62 0.43 0.04 0.10 0.01
0.12 0.08 0.04 0.15 0.09
0.36 0.03 0.16 0.14 0.09
0.07 0.36 0.78 0.50 0.12
0.04 0.20 0.61 0.12 0.48
0.12 0.27 0.25 0.23 0.01
0.19 0.35 0.97 0.06 0.39
0.17 0.31 0.90 0.04 0.47
0.85 0.18 0.47 0.03 0.75
0.02 0.60 0.14 0.40 0.16
0.71 0.80 0.29 0.03 0.22
0.29 0.17 0.31 0.04 0.31
0.42 0.26 0.11 0.04 0.21
0.11 0.25 0.36 0.20 0.46
0.03 0.41 0.04 0.21 0.09
0.02 0.19 0.81 0.08 0.36
0.09 0.14 0.65 0.56 0.32
0.15 0.43 0.24 0.16 0.04
0.10 0.27 0.22 0.30 0.11
0.18 0.20 0.95 0.14 0.25
0.01 0.02 0.70 0.23 0.28
0.55 0.22 0.23 0.10 0.06
0.39 0.48 0.09 0.02 0.35
0.01 0.89 0.84 0.17 0.29
0.12 0.05 0.01 0.09 0.26
0.19 0.21 0.63 0.59 0.02
0.09 0.25 0.43 0.05 0.73
0.08 0.46 0.73 0.07 0.20
0.09 0.40 0.01 0.92 0.84
0.07 0.73 0.44 0.15 0.18
0.57 0.01 0.24 0.21 0.66
0.09 0.40 0.16 0.98 0.05
0.03 0.02 0.32 0.06 0.31
0.09 0.11 0.05 0.98 0.24
0.12 0.61 0.89 0.03 0.21
0.21 0.22 0.23 0.24 0.01
0.64 0.35 0.30 0.02 0.49
0.40 0.20 0.98 0.02 0.68
0.02 0.01 0.61 0.70 0.93
0.20 0.19 0.41 0.03 0.09
0.10 0.42 0.48 0.02 0.32
0.35 0.04 0.48 0.04 0.84
0.02 0.05 0.07 0.02 0.06
0.05 0.02 0.37 0.36 0.17
0.37 0.11 0.05 0.11 0.07
0.61 0.18 0.31 0.01 0.74
0.09 0.56 0.40 0.47 0.02
0.36 0.01 0.58 0.49 0.06
0.06 0.73 0.36 0.23 0.04
0.02 0.24 0.17 0.23 0.02
0.72 0.86 0.01 0.04 0.87
0.02 0.08 0.03 0.24 0.40
0.01 0.49 0.01 0.26 0.26
0.20 0.87 0.01 0.62 0.23
0.01 0.22 0.37 0.12 0.84
0.81 0.87 0.10 0.04 0.02
0.19 0.32 0.43 0.16 0.02
0.07 0.96 0.07 0.07 0.03
0.01 0.14 0.30 0.47 0.67
0.05 0.66 0.14 1.00 0.01
0.24 0.71 0.06 0.08 0.63
0.33 0.10 0.32 0.09 0.01
0.23 0.58 0.01 0.59 0.04
0.01 0.63 0.34 0.31 0.23
0.83 0.50 0.18 0.01 0.04
0.58 0.01 0.34 0.08 0.40
0.12 0.13 0.13 0.14 0.03
0.40 0.02 0.21 0.03 0.48
0.01 0.33 0.12 0.63 0.93
0.01 0.47 0.43 0.68 0.18
0.40 0.31 0.34 0.01 0.33
0.78 0.92 0.03 0.01 0.83
0.14 0.02 0.44 0.26 0.21
0.01 0.92 0.08 0.37 0.09
0.71 0.79 0.01 0.04 0.31
0.35 0.28 0.12 0.89 0.01
0.01 0.91 0.97 0.17 0.24
0.10 0.10 0.49 0.56 0.04
0.31 0.03 0.97 0.44 0.15
0.06 0.44 0.03 0.33 0.38
0.23 0.01 0.90 0.55 0.65
0.01 0.51 0.47 0.08 0.35
0.10 0.33 0.55 0.20 0.04
0.40 0.99 0.04 0.07 0.52
0.27 0.06 0.06 0.10 0.09
0.01 0.75 0.21 0.47 0.23
0.85 0.01 0.17 0.18 0.30
0.29 0.48 0.06 0.08 0.28
0.01 0.04 0.34 0.02 0.92
0.36 0.51 0.10 0.28 0.02
0.41 0.48 0.37 0.01 0.13
0.78 0.01 0.09 0.81 0.47
0.63 0.43 0.02 0.20 0.06
0.24 0.21 0.05 0.05 0.69
0.65 0.11 0.01 0.41 0.10
0.08 0.03 0.11 0.01 0.13
0.06 0.01 0.48 0.26 0.71
0.01 0.34 0.74 0.40 0.21
0.01 0.31 0.38 0.78 0.22
0.29 0.09 0.14 0.02 0.04
0.06 0.59 0.03 0.12 0.55
0.33 0.06 0.40 0.49 0.04
0.98 0.05 0.41 1.00 0.04
0.01 0.54 0.12 0.08 0.98
0.39 0.79 0.06 0.02 0.78
0.01 0.22 0.37 0.37 0.75
0.08 0.07 0.01 0.17 0.49
0.68 0.66 0.05 0.01 0.98
0.46 0.01 0.34 0.33 0.08
0.01 0.26 0.08 0.43 0.03
0.24 0.87 0.02 0.49 0.19
0.80 0.01 0.04 0.78 0.62
0.78 0.79 0.48 0.04 0.03
0.02 0.03 0.05 0.47 0.51
0.50 0.36 0.05 0.27 0.03
0.04 0.87 0.02 0.02 0.43
0.12 0.26 0.10 0.38 0.02
0.01 0.32 0.19 0.22 0.47
0.11 0.05 0.06 0.18 0.56
0.79 0.05 0.19 0.50 0.04
0.86 0.02 0.09 0.01 0.13
0.68 0.15 0.02 0.21 0.11
0.28 0.10 0.50 0.81 0.02
0.25 0.30 0.02 0.16 0.09
0.12 0.09 0.92 0.66 0.03
0.61 0.07 0.25 0.94 0.02
0.36 0.39 0.70 0.01 0.10
0.66 0.02 0.09 0.09 0.41
0.44 0.51 0.02 0.76 0.08
0.55 0.04 0.03 0.45 0.12
0.01 0.40 0.09 0.05 0.33
0.34 0.33 0.06 0.34 0.05
0.03 0.17 0.03 0.45 0.22
0.01 0.82 0.58 0.33 0.19
0.30 0.09 0.09 0.01 0.38
0.11 0.01 0.57 0.65 0.07
0.03 0.16 0.01 0.65 0.47
0.01 0.82 0.54 0.01 0.62
0.36 0.52 0.04 0.07 0.06
0.19 0.05 0.32 0.31 0.03
0.01 0.79 0.05 0.02 0.04
0.25 0.85 0.01 0.15 0.12
0.08 0.12 0.05 0.28 0.08
0.40 0.18 0.01 0.93 0.08
0.10 0.01 0.50 0.22 0.01
0.40 0.61 0.01 0.27 0.11
0.01 0.46 0.66 0.01 0.30
0.95 0.46 0.06 0.04 0.98
0.81 0.08 0.01 0.06 0.65
0.05 0.42 0.05 0.81 0.08
0.49 0.17 0.17 0.46 0.02
0.83 0.04 0.09 0.24 0.02
0.39 0.42 0.11 0.31 0.01
0.09 0.04 0.75 0.51 0.08
0.89 0.03 0.44 0.07 0.06
0.31 0.02 0.13 0.10 0.12
0.14 0.02 0.25 0.26 0.55
0.25 0.39 0.04 0.08 0.09
0.95 0.78 0.05 0.05 0.50
0.13 0.03 0.08 0.92 0.34
0.46 0.75 0.10 0.01 0.22
0.27 0.73 0.02 0.01 0.90
0.01 0.29 0.39 0.07 0.02
0.33 0.01 0.88 0.15 0.67
0.19 0.15 0.01 0.76 0.03
0.01 0.03 0.68 0.29 0.20
0.62 0.18 0.25 0.05 0.01
0.30 0.62 0.02 0.03 0.46
0.21 0.21 0.02 0.37 0.04
0.01 0.06 0.13 0.94 0.73
0.01 0.29 0.03 0.48 0.29
0.13 0.60 0.21 0.02 0.05
0.58 0.67 0.02 0.52 0.01
0.54 0.38 0.02 0.08 0.05
0.99 0.01 0.34 0.23 0.23
0.09 0.17 0.94 0.81 0.04
0.35 0.03 0.10 0.40 0.20
0.01 0.78 0.05 0.14 0.03
0.46 0.25 0.02 0.02 0.60
0.01 0.07 0.19 0.77 0.77
0.05 0.09 0.37 0.01 0.45
0.29 0.56 0.14 0.13 0.03
0.58 0.15 0.01 0.26 0.02
0.60 0.53 0.05 0.01 0.96
0.39 0.47 0.02 0.07 0.27
0.19 0.01 0.14 0.14 0.11
0.01 0.61 0.31 0.16 0.30
0.70 0.89 0.03 0.15 0.03
0.03 0.10 0.05 0.46 0.29
0.51 0.07 0.54 0.07 0.02
0.89 0.58 0.01 0.01 0.27
0.30 0.49 0.41 0.21 0.01
0.46 0.02 0.12 0.14 0.47
0.26 0.06 0.16 0.18 0.03
0.05 0.21 0.05 0.13 0.56
0.01 0.11 0.18 0.82 0.31
0.08 0.02 0.29 0.71 0.88
0.58 0.54 0.02 0.01 0.78
0.03 0.49 0.01 0.47 0.09
0.33 0.01 0.23 0.35 0.03
0.64 0.01 0.38 0.55 0.01
0.24 0.16 0.11 0.37 0.01
0.08 0.51 0.02 0.14 0.94
0.14 0.20 0.15 0.13 0.01
0.93 0.01 0.06 0.74 0.73
0.02 0.04 0.28 0.39 0.13
0.39 0.01 0.17 0.26 0.09
0.49 0.06 0.01 0.52 0.22
0.42 0.01 0.04 0.67 0.73
0.06 0.08 0.32 0.85 0.03
0.03 0.24 0.74 0.01 0.05
0.45 0.01 0.08 0.84 0.34
0.09 0.01 0.23 0.12 0.16
0.88 0.68 0.11 0.06 0.02
0.81 0.23 0.01 0.02 0.33
0.11 0.07 0.10 0.62 0.02
0.02 0.06 0.91 0.22 0.05
0.17 0.99 0.03 0.09 0.12
0.01 0.50 0.29 0.24 0.21
0.01 0.14 0.47 0.61 0.48
0.67 0.02 0.02 0.16 0.09
0.01 0.99 0.03 0.98 0.06
0.01 0.44 0.41 0.01 0.04
0.39 0.66 0.01 0.33 0.03
0.36 0.02 0.05 0.01 0.12
0.60 0.03 0.40 0.02 0.10
