300 5
78 96 61 83 17
65 77 22 100 42
25 54 13 65 41
36 63 21 78 19
25 85 48 50 81
21 36 5 9 3
99 20 18 4 49
8 55 1 18 47
8 22 45 16 16
80 3 45 37 16
21 7 3 40 40
28 29 1 80 72
41 40 17 4 42
4 53 1 28 63
96 12 94 12 26
93 34 42 30 3
61 26 29 14 53
22 7 62 92 36
13 19 33 8 91
81 31 25 90 33
9 97 24 30 46
38 47 40 8 79
68 60 21 8 33
93 40 15 18 1
5 31 21 51 54
12 75 38 66 7
36 12 32 39 25
7 28 90 50 49
34 22 44 31 45
36 49 4 47 38
24 77 48 13 2
14 5 10 40 24
45 13 30 22 62
18 57 16 31 39
49 21 69 7 6
5 60 2 50 17
33 21 22 57 23
6 33 19 4 37
10 11 24 28 49
32 2 47 2 66
40 30 22 4 99
6 11 29 34 24
16 6 31 1 20
64 29 2 70 13
26 57 1 6 1
21 22 26 70 6
2 55 44 13 83
36 19 31 38 15
76 32 22 59 14
4 26 11 40 34
48 22 32 7 11
10 55 94 97 4
15 67 39 21 28
29 43 66 7 15
66 24 6 56 7
3 75 24 51 25
66 49 43 2 7
36 10 22 9 10
26 1 92 92 68
20 54 18 17 21
4 19 23 48 91
73 20 15 25 62
2 42 46 10 5
21 56 22 7 2
12 4 34 15 5
59 9 47 14 11
23 48 1 30 46
1 34 85 3 50
10 71 11 98 10
21 3 2 36 31
13 31 14 24 38
46 30 21 6 34
27 87 27 3 32
2 21 14 22 35
18 87 16 34 11
9 19 20 97 27
45 13 10 34 38
33 18 56 50 2
9 15 75 22 38
29 30 1 96 57
32 4 15 2 33
95 37 8 8 13
72 37 61 2 1
41 29 15 2 29
37 27 6 48 25
52 23 2 5 16
35 1 14 3 15
5 65 20 20 62
54 41 1 15 51
1 7 96 3 49
69 14 13 6 39
1 56 6 8 14
20 11 12 36 41
25 1 36 45 62
6 12 20 70 43
57 22 5 26 24
16 11 12 22 48
10 20 24 15 60
22 1 30 64 84
18 49 7 70 48
12 31 28 18 35
9 54 10 48 53
3 3 31 73 47
32 22 2 63 19
18 8 11 19 42
42 2 2 11 38
17 26 7 25 72
1 9 90 17 11
38 42 2 11 50
15 51 3 53 74
11 49 41 80 15
23 35 18 3 28
8 10 58 12 30
3 11 47 22 39
12 83 17 6 87
33 39 2 4 30
72 38 54 20 2
47 12 22 61 3
19 64 55 2 4
30 1 98 38 9
9 5 35 13 23
1 9 93 1 2
28 26 30 17 3
7 7 96 8 13
32 32 52 8 9
4 37 60 67 18
3 11 7 28 10
15 4 27 52 90
21 24 6 2 50
6 4 13 64 86
80 34 12 40 4
1 18 76 18 20
35 4 13 4 41
29 52 51 5 2
36 1 82 30 7
32 4 11 17 82
93 23 80 45 4
19 42 18 13 42
3 2 94 87 35
39 2 1 7 4
12 12 39 4 24
52 1 11 84 29
23 49 31 3 7
86 25 53 64 2
3 31 83 34 6
9 6 11 37 67
13 80 1 15 9
6 25 21 19 56
17 17 9 38 5
35 5 16 75 10
19 6 29 32 2
13 11 79 6 49
27 36 2 3 65
24 42 82 54 1
5 6 3 13 57
1 2 42 8 21
1 87 18 3 76
4 42 2 53 27
12 6 13 71 17
18 16 6 48 30
1 73 50 7 28
9 9 22 7 4
51 16 43 18 2
5 20 2 57 83
21 98 35 30 1
9 4 37 49 70
81 6 42 93 1
71 49 41 1 6
23 1 75 44 93
78 10 24 41 3
7 28 44 1 99
9 1 36 16 86
21 21 9 12 40
34 43 30 2 10
10 15 4 48 47
27 1 93 98 61
7 51 30 2 48
4 9 18 15 6
33 98 16 1 35
1 50 3 67 16
17 20 45 5 10
11 18 6 37 25
54 56 76 32 1
13 75 20 1 36
8 78 12 43 5
42 16 8 1 41
43 16 20 71 3
1 3 27 49 15
90 12 59 63 1
31 2 25 43 69
30 3 8 66 13
2 40 5 34 33
5 34 11 12 30
87 1 43 70 14
100 40 8 4 9
7 90 10 33 9
25 6 19 30 33
6 44 20 2 32
87 24 57 83 1
15 44 1 3 20
60 1 7 77 79
37 11 6 18 41
9 57 8 2 55
14 24 69 42 1
3 9 42 5 56
23 2 15 47 29
1 6 11 40 49
4 1 46 58 25
1 86 69 70 6
15 96 2 16 8
11 91 32 1 54
10 7 4 69 15
30 14 16 6 12
12 55 2 16 98
17 72 15 61 3
9 2 15 74 52
33 10 2 19 20
7 96 1 19 73
96 51 28 6 3
26 12 18 9 58
3 27 3 55 59
33 8 10 19 51
21 1 6 11 65
11 18 21 1 15
50 33 9 2 6
3 59 6 91 13
21 70 1 4 16
3 17 32 1 41
4 7 11 30 19
48 3 41 2 13
68 47 8 42 2
38 30 7 2 26
8 47 41 45 2
2 50 40 94 6
15 54 22 44 2
11 43 36 93 1
8 65 3 5 38
96 20 1 1 19
8 68 15 89 3
20 84 79 13 3
23 11 13 3 40
19 80 9 7 16
38 14 9 1 87
32 4 47 13 7
4 9 6 13 25
1 46 49 13 1
20 69 1 17 9
62 6 64 94 1
49 1 39 1 32
8 42 16 18 2
18 16 23 5 94
1 25 24 35 58
1 89 37 10 1
21 56 55 4 2
49 83 4 2 20
2 37 37 8 11
4 7 27 7 56
1 1 62 1 91
57 6 47 7 3
6 14 52 10 6
9 92 71 4 1
38 32 6 35 18
29 60 14 5 15
17 40 1 31 12
45 34 53 34 1
27 77 29 2 4
71 4 29 65 2
30 22 1 36 83
27 2 7 35 53
9 6 7 26 48
1 29 14 15 45
76 2 31 95 2
14 20 87 79 1
11 80 1 99 7
4 9 37 4 10
23 5 14 5 7
9 81 6 95 11
42 34 5 33 3
2 37 2 66 95
17 2 27 31 37
51 54 19 84 1
25 97 6 37 1
36 23 14 22 6
13 13 63 2 56
2 31 92 3 49
26 3 10 11 1
23 7 4 10 97
6 13 17 46 2
87 15 2 4 43
19 1 10 64 63
10 99 19 10 12
18 20 3 29 6
33 13 2 37 11
44 46 61 2 7
25 32 7 6 15
43 4 54 1 95
12 20 27 1 11
14 31 3 58 8
41 98 13 1 25
1 4 5 80 78
