300 5
0.53 0.33 0.25 1.00 0.05
0.71 0.16 0.85 0.89 0.73
0.84 0.02 0.29 0.53 0.37
0.71 0.13 0.19 0.30 0.03
0.40 0.94 0.21 0.98 0.36
0.83 0.39 0.13 0.25 0.42
0.14 0.01 0.89 0.63 0.25
0.50 0.32 0.25 0.26 0.64
0.49 0.46 0.45 0.16 0.03
0.35 0.28 0.30 0.56 0.81
0.11 0.64 0.01 0.18 0.30
0.46 0.09 0.50 0.65 0.69
0.66 0.14 0.22 0.88 0.58
0.15 0.27 0.11 0.48 0.81
0.25 0.49 0.95 0.12 0.75
0.36 0.02 0.58 0.25 0.77
0.65 0.06 0.48 0.23 0.44
0.42 0.01 0.32 0.48 0.31
0.37 0.46 0.03 0.57 0.90
0.33 0.43 1.00 0.36 0.88
0.82 0.13 0.10 0.13 0.44
0.53 0.09 0.27 0.62 0.22
0.53 0.32 0.05 0.93 0.90
0.67 0.17 0.83 0.48 0.18
0.43 0.08 0.53 0.04 0.49
0.12 0.30 0.78 0.23 0.31
0.05 0.46 0.38 0.19 0.55
0.14 0.12 0.48 0.22 0.39
0.45 0.22 0.58 0.43 0.01
0.19 0.32 0.04 0.55 0.38
0.33 0.02 0.57 0.53 0.45
0.54 0.34 0.01 0.21 0.96
0.02 0.38 0.80 0.19 0.70
0.19 0.34 0.09 0.64 0.33
0.33 0.06 0.99 0.05 0.03
0.32 0.19 0.11 0.44 0.90
0.05 0.52 0.23 0.49 0.34
0.22 0.03 0.95 0.61 0.80
0.13 0.54 0.53 0.02 0.96
0.17 0.21 0.29 0.96 0.02
0.24 0.07 0.05 0.36 0.44
0.16 0.72 0.41 0.49 0.16
0.28 0.72 0.25 0.73 0.10
0.01 0.75 0.20 0.51 0.19
0.02 0.94 0.25 0.07 0.65
0.42 0.02 0.28 0.40 0.61
0.04 0.58 0.89 0.22 0.01
0.16 0.17 0.89 0.50 0.05
0.20 0.48 0.04 0.16 0.49
0.45 0.89 0.89 0.06 0.37
0.21 0.24 0.37 0.03 0.97
0.04 0.25 0.45 0.63 0.07
0.25 0.14 0.47 0.29 0.17
0.59 0.02 0.03 0.98 0.21
0.49 0.13 0.20 0.43 0.07
0.32 0.03 0.01 0.13 0.47
0.14 0.07 0.25 0.71 0.79
0.03 0.10 0.82 0.15 0.62
0.16 0.11 0.31 0.22 0.79
0.52 0.58 0.25 0.91 0.03
0.17 0.04 0.76 0.33 0.50
0.28 0.87 0.12 0.48 0.24
0.52 0.07 0.90 0.42 0.38
0.16 0.24 0.76 0.35 0.05
0.27 0.17 0.02 0.51 0.54
0.67 0.37 0.02 0.40 0.42
0.71 0.01 0.19 0.78 0.40
0.82 0.54 0.16 0.15 0.10
0.07 0.80 0.02 0.47 0.50
0.05 0.71 0.43 0.23 0.18
0.08 0.47 0.30 0.33 0.93
0.26 0.26 0.03 0.09 0.77
0.43 0.83 0.46 0.47 0.10
0.47 0.92 0.46 0.19 0.09
0.02 0.40 0.06 0.07 0.34
0.04 0.23 0.08 0.24 0.27
0.01 1.00 0.75 0.33 0.49
0.43 0.28 0.50 0.22 0.12
0.14 0.11 0.56 0.24 0.14
0.13 0.29 0.36 0.88 0.06
0.35 0.81 0.64 0.39 0.02
0.45 0.38 0.28 0.69 0.03
0.55 0.02 0.18 0.63 0.11
0.74 0.61 0.43 0.01 0.05
0.01 0.15 0.79 0.01 0.07
0.19 0.29 0.02 0.50 0.49
0.21 0.03 0.55 0.42 0.37
0.32 0.86 0.40 0.13 0.32
0.12 0.37 0.25 0.12 0.49
0.47 0.37 0.44 0.22 0.16
0.27 0.76 0.33 0.73 0.03
0.06 0.01 0.43 0.37 0.48
0.69 0.18 0.43 0.03 0.14
0.37 0.94 0.42 0.22 0.03
0.09 0.56 0.28 0.06 0.38
0.41 0.22 0.68 0.16 0.35
0.09 0.86 0.22 0.52 0.15
0.97 0.21 0.05 0.41 0.10
0.64 0.12 0.95 0.05 0.13
0.06 0.12 0.27 0.17 0.45
0.29 0.04 0.13 0.03 0.09
0.28 0.09 0.07 0.44 0.37
0.17 0.21 0.03 0.16 0.51
0.27 0.34 0.09 0.52 0.19
0.06 0.09 0.65 0.37 0.09
0.19 0.08 0.06 0.64 0.07
0.26 0.21 0.10 0.29 0.43
0.23 0.41 0.04 0.32 0.29
0.14 0.13 0.27 0.78 0.14
0.13 0.46 0.21 0.84 0.03
0.73 0.08 0.98 0.01 0.13
0.19 0.30 0.50 0.36 0.08
0.34 0.31 0.01 0.84 0.11
0.02 0.84 0.02 0.48 0.72
0.23 0.07 0.87 0.13 0.68
0.11 0.02 0.67 0.11 0.93
0.73 0.40 0.03 0.38 0.23
0.20 0.08 0.01 0.59 0.78
0.16 0.05 0.15 0.15 0.94
0.04 0.48 0.14 0.02 0.91
0.43 0.66 0.54 0.13 0.03
0.28 0.21 0.21 0.51 0.01
0.09 0.81 0.56 0.48 0.14
0.16 0.19 0.30 0.23 0.01
0.81 0.01 0.94 0.36 0.42
0.14 0.25 0.02 0.19 0.27
0.33 0.33 0.19 0.10 0.08
0.01 0.37 0.22 0.31 0.58
0.97 0.49 0.30 0.02 0.22
0.16 0.46 0.17 0.11 0.03
0.12 0.89 0.16 0.29 0.14
0.04 0.24 0.29 0.80 0.19
0.03 0.05 0.05 0.57 0.04
0.13 0.04 0.17 0.07 0.25
0.11 0.92 0.19 0.06 0.51
0.01 0.53 0.17 0.36 0.45
0.97 0.04 0.04 0.54 0.01
0.77 0.12 0.15 0.06 0.02
0.32 0.49 0.15 0.01 0.52
0.38 0.08 0.05 0.13 0.23
0.28 0.39 0.01 0.19 0.29
0.07 0.73 0.11 0.07 0.22
0.18 0.06 0.47 0.13 0.23
0.16 0.41 0.08 0.03 0.27
0.63 0.03 0.14 0.41 0.17
0.24 0.05 0.05 0.20 0.17
0.42 0.02 0.26 0.17 0.17
0.03 0.26 0.94 0.29 0.05
0.07 0.18 0.49 0.16 0.33
0.14 0.49 0.26 0.22 0.23
0.16 0.60 0.66 0.01 0.30
0.10 0.01 0.43 0.09 0.25
0.51 0.91 0.06 0.11 0.25
0.69 0.04 0.01 0.09 0.35
0.15 0.09 0.04 0.91 0.29
0.25 0.31 0.11 0.07 0.16
0.11 0.93 0.62 0.36 0.16
0.20 0.57 0.06 0.04 0.73
0.85 0.48 0.04 0.36 0.19
0.44 0.40 0.01 0.06 0.14
0.17 0.29 0.22 0.55 0.12
0.86 0.53 0.05 0.04 0.21
0.05 0.47 0.19 0.54 0.17
0.36 0.79 0.02 0.07 0.23
0.11 0.38 0.28 0.20 0.39
0.34 0.03 0.75 0.23 0.04
0.13 0.39 0.12 0.02 0.34
0.30 0.38 0.10 0.17 0.11
0.13 0.43 0.37 0.11 0.22
0.68 0.02 0.04 0.28 0.22
0.17 0.20 0.16 0.10 0.86
0.18 0.22 0.48 0.18 0.21
0.09 0.08 0.44 0.33 0.40
0.03 0.01 0.37 0.42 0.18
0.04 0.76 0.01 0.22 0.80
0.64 0.06 0.24 0.47 0.06
0.85 0.21 0.84 0.01 0.04
0.41 0.12 0.03 0.20 0.25
0.64 0.17 0.10 0.12 0.42
0.03 0.30 0.39 0.32 0.46
0.56 0.13 0.76 0.09 0.08
0.28 0.81 0.14 0.70 0.01
0.29 0.22 0.09 0.11 0.49
0.03 0.26 0.51 0.09 0.41
0.21 0.37 0.84 0.22 0.02
0.13 0.45 0.02 0.59 0.79
0.03 0.14 0.72 0.31 0.13
0.11 0.02 0.49 0.01 0.60
0.22 0.08 0.28 0.15 0.17
0.02 0.82 0.45 0.38 0.25
0.07 0.48 0.50 0.86 0.01
0.31 0.01 0.21 0.20 0.02
0.23 0.25 0.31 0.15 0.07
0.07 0.23 0.35 0.01 0.62
0.18 0.03 0.26 0.32 0.05
0.45 0.03 0.08 0.96 0.15
0.05 0.19 0.76 0.03 0.40
0.20 0.02 0.16 0.07 0.31
0.13 0.01 0.03 0.67 0.47
0.36 0.89 0.01 0.47 0.03
0.12 0.03 0.80 0.83 0.05
0.15 0.42 0.17 0.05 0.17
0.58 0.03 0.32 0.11 0.12
0.83 0.24 0.04 0.18 0.06
0.02 0.34 0.17 0.29 0.19
0.48 0.06 0.02 0.40 0.25
0.14 0.21 0.06 0.36 0.19
0.21 0.20 0.22 0.38 0.21
0.50 0.81 0.15 0.21 0.05
0.05 0.11 0.43 0.51 0.02
0.15 0.32 0.05 0.23 0.12
0.08 0.33 0.17 0.12 0.61
0.08 0.36 0.01 0.38 0.64
0.03 0.30 0.09 0.10 0.27
0.07 0.01 0.54 0.15 0.28
0.28 0.23 0.27 0.23 0.09
0.11 0.59 0.03 1.00 0.03
0.45 0.25 0.02 0.34 0.09
0.40 0.15 0.43 0.46 0.01
0.05 0.07 0.02 0.01 0.10
0.39 0.28 0.18 0.44 0.01
0.23 0.27 0.01 0.96 0.10
0.40 0.19 0.18 0.45 0.07
0.76 0.04 0.02 0.17 0.11
0.16 0.31 0.60 0.05 0.04
0.14 0.31 0.38 0.09 0.05
0.07 0.01 0.35 0.47 0.59
0.58 0.14 0.51 0.17 0.08
0.45 0.58 0.06 0.04 0.04
0.11 0.86 0.06 0.15 0.03
0.67 0.43 0.04 0.50 0.06
0.05 0.01 0.15 0.10 0.31
0.33 0.37 0.13 0.80 0.03
0.02 0.23 0.69 0.64 0.08
0.92 0.07 0.39 0.53 0.01
0.89 0.33 0.10 0.54 0.05
0.01 0.90 0.06 0.17 0.06
0.01 0.10 0.02 0.33 0.35
0.26 0.50 0.15 0.44 0.08
0.12 0.38 0.01 0.31 0.66
0.04 0.86 0.03 0.93 0.15
0.01 0.03 0.16 0.01 0.57
0.44 0.94 0.76 0.14 0.02
0.77 0.99 0.12 0.14 0.03
0.03 0.24 0.54 0.18 0.17
0.12 0.55 0.18 0.14 0.04
0.17 0.32 0.01 0.59 0.07
0.54 0.11 0.01 0.20 0.02
0.62 0.28 0.92 0.17 0.06
0.02 0.27 0.14 0.16 0.04
0.20 0.06 0.95 0.26 0.05
0.03 0.83 0.05 0.10 0.91
0.01 0.05 0.23 0.90 0.37
0.73 0.41 0.11 0.05 0.04
0.54 0.03 0.03 0.12 0.92
0.37 0.43 0.48 0.06 0.06
0.70 0.43 0.27 0.41 0.01
0.21 0.30 0.01 0.97 0.13
0.01 0.25 0.55 0.32 0.47
0.02 0.10 0.03 0.02 0.43
0.01 0.97 0.18 0.14 0.34
0.30 0.75 0.39 0.03 0.01
0.01 0.03 0.23 0.36 0.50
0.43 0.38 0.41 0.06 0.08
0.41 0.45 0.24 0.03 0.01
0.10 0.18 0.58 0.18 0.08
0.47 0.17 0.01 0.33 0.35
0.07 0.05 0.45 0.41 0.04
0.36 0.92 0.04 0.06 0.06
0.03 0.28 0.10 0.17 0.41
0.10 0.04 0.10 0.92 0.12
0.11 0.95 0.31 0.15 0.02
0.06 0.35 0.07 0.42 0.01
0.10 0.36 0.18 0.05 0.03
0.22 0.01 0.29 0.15 0.08
0.25 0.07 0.95 0.02 0.08
0.73 0.01 0.27 0.01 0.45
0.30 0.85 0.01 0.83 0.06
0.11 0.54 0.01 0.07 0.77
0.01 0.79 0.39 0.10 0.04
0.02 0.84 0.29 0.04 0.39
0.47 0.09 0.18 0.88 0.01
0.01 0.02 0.45 0.44 0.51
0.70 0.02 0.14 0.41 0.05
0.78 0.19 0.62 0.05 0.07
0.10 0.07 0.48 0.67 0.02
0.14 0.14 0.01 0.18 0.20
0.42 0.07 0.14 0.44 0.05
0.04 0.26 0.39 0.68 0.03
0.01 0.13 0.98 0.09 0.10
0.15 0.04 0.19 0.46 0.16
0.99 0.17 0.27 0.02 0.09
0.04 0.20 0.16 0.44 0.14
0.20 0.02 0.75 0.70 0.17
0.12 0.25 0.99 0.27 0.05
0.03 0.18 0.02 0.80 0.26
0.69 0.18 0.40 0.78 0.01
0.60 0.26 0.16 0.16 0.03
0.10 0.18 0.01 0.39 0.44
0.94 0.07 0.01 0.05 0.63
