300 5
0.23 0.73 0.91 0.17 0.95
0.82 0.38 0.94 0.89 0.46
0.56 0.74 0.02 0.31 0.44
0.39 0.27 0.81 1.00 0.84
0.69 0.63 0.66 0.74 0.65
0.10 0.77 0.65 0.79 0.85
0.10 0.84 0.67 0.95 0.35
0.53 0.87 0.97 0.60 0.90
0.59 0.89 0.98 0.97 0.09
0.94 0.86 0.67 0.04 0.62
0.80 0.72 0.94 0.90 0.18
0.43 0.80 0.52 0.60 0.09
0.19 0.12 0.78 0.33 0.60
0.70 0.52 0.99 0.78 0.52
0.55 0.66 0.52 0.93 0.86
0.75 0.88 0.83 0.08 0.12
0.04 0.98 0.59 0.89 0.59
0.64 0.38 0.79 0.78 0.26
0.16 1.00 0.37 0.80 0.72
0.58 0.79 0.52 0.56 0.30
0.02 0.80 0.49 0.54 0.64
0.58 0.06 0.70 0.81 0.59
0.20 0.65 0.59 0.69 0.84
0.01 0.53 0.52 0.96 0.96
0.59 0.62 0.65 0.67 0.95
0.85 0.60 0.56 0.99 0.65
0.11 0.13 0.84 0.60 0.51
0.59 0.61 0.74 0.14 0.46
0.95 0.90 0.85 0.54 0.11
0.89 0.31 0.62 0.56 0.82
0.73 0.60 0.66 0.03 0.85
0.66 0.53 0.96 0.58 0.55
0.31 0.29 0.68 0.76 0.79
0.44 0.67 0.23 0.85 0.98
0.98 0.96 0.29 0.55 0.35
0.69 0.97 0.13 0.55 0.10
0.18 0.97 0.83 0.94 0.09
0.47 0.54 0.05 0.61 0.62
0.18 0.31 0.73 0.92 0.86
0.48 0.30 0.15 0.69 0.35
0.97 0.72 0.32 0.77 0.12
0.71 0.41 0.70 0.73 0.15
0.59 0.62 0.97 0.18 0.14
0.05 0.52 0.66 0.01 0.63
0.96 0.12 0.59 0.83 0.97
0.14 1.00 0.77 0.20 0.60
0.70 0.48 0.57 0.68 0.88
0.34 0.35 0.72 0.60 0.08
0.63 0.58 0.59 0.34 0.92
0.52 0.52 0.83 0.53 0.56
0.02 0.75 0.60 0.60 0.80
0.67 0.91 0.96 0.32 0.05
0.19 0.40 0.77 0.25 0.86
0.77 0.70 0.92 0.64 0.03
0.89 0.04 0.80 0.27 0.27
0.51 0.54 0.53 0.51 0.64
0.67 0.06 0.99 0.71 0.77
0.36 0.80 0.51 0.71 0.55
0.55 0.78 0.51 0.55 0.34
0.19 0.95 0.48 0.61 0.79
0.93 0.31 0.91 0.07 0.51
0.90 0.92 0.04 0.01 0.96
0.88 0.31 0.71 0.09 0.84
0.15 0.67 0.58 0.76 0.67
0.76 0.96 0.53 0.08 0.99
1.00 0.80 0.64 0.24 0.16
0.65 0.23 0.35 0.20 0.61
0.52 0.44 0.51 0.64 0.18
0.81 0.36 0.75 0.04 0.72
0.91 0.63 0.14 0.62 0.20
0.72 0.11 0.37 0.18 0.25
0.33 0.77 0.44 0.52 0.51
0.74 0.03 0.80 0.55 0.11
0.22 0.51 0.83 0.88 0.51
0.96 0.37 0.90 0.12 0.69
0.30 0.16 0.56 0.67 0.66
0.30 0.56 0.43 0.40 0.61
0.35 0.08 0.65 0.69 0.87
0.51 0.65 0.54 0.03 0.76
0.47 0.73 0.09 0.84 0.01
0.21 0.26 0.09 0.22 0.64
0.12 0.57 0.66 1.00 0.17
0.57 0.58 0.61 0.53 0.54
0.20 0.62 0.82 0.67 0.51
0.09 0.87 0.36 0.36 0.67
0.47 0.65 0.94 0.26 0.55
0.11 0.12 0.61 0.79 0.78
0.65 0.97 0.48 0.26 0.56
0.11 0.76 0.74 0.98 0.53
0.81 0.88 0.03 0.58 0.38
0.54 0.09 0.26 0.55 0.65
0.83 0.58 0.14 0.49 0.08
0.54 0.51 0.04 0.02 0.47
0.83 0.88 0.11 0.52 0.43
0.78 0.07 0.79 0.51 0.68
0.08 0.10 0.81 0.52 0.82
0.38 0.65 0.34 0.74 0.54
0.62 0.04 0.45 0.52 0.61
0.82 0.79 0.68 0.67 0.05
0.37 0.57 0.90 0.10 0.60
0.61 0.02 0.92 0.02 0.80
0.54 0.28 0.74 0.89 0.03
0.06 0.06 0.65 0.89 0.82
0.27 0.66 0.76 0.63 0.62
0.28 0.66 0.05 0.30 0.98
0.97 0.69 0.01 0.56 0.14
0.29 0.51 0.61 0.42 0.53
0.14 0.51 0.84 0.53 0.66
0.18 0.43 0.94 0.91 0.22
0.93 0.62 0.89 0.86 0.06
0.84 0.04 0.76 0.13 0.57
0.01 0.84 0.64 0.06 0.70
0.42 0.77 0.13 0.77 0.54
0.52 0.07 0.87 0.86 0.33
0.15 0.57 0.09 0.08 0.93
0.16 0.95 0.74 0.55 0.24
0.58 0.34 0.01 0.77 0.91
0.04 1.00 0.66 0.41 0.63
0.47 0.77 0.96 0.18 0.01
0.05 0.98 0.60 0.36 0.86
0.25 0.17 0.62 0.52 0.05
0.64 0.61 0.64 0.23 0.46
0.41 0.76 0.26 0.58 0.36
0.85 0.36 0.01 0.59 0.27
1.00 0.57 0.22 0.74 0.17
0.85 0.45 0.59 0.03 0.20
0.58 0.04 0.10 0.92 0.76
0.79 0.63 0.17 0.57 0.30
0.53 0.64 0.15 0.53 0.28
0.62 0.90 0.08 0.70 0.15
0.55 0.61 0.52 0.38 0.34
0.01 0.75 0.92 0.48 0.89
0.68 0.01 0.31 0.98 0.97
0.94 0.10 0.34 0.41 0.57
0.19 0.84 0.56 0.52 0.78
0.55 0.94 0.60 0.35 0.31
0.99 0.57 0.51 0.24 0.22
0.39 0.88 0.60 0.24 0.39
0.72 0.60 0.27 0.04 0.31
0.05 0.93 0.68 0.38 0.01
0.72 0.53 0.03 0.84 0.84
0.51 0.07 0.55 0.93 0.97
0.82 0.09 0.55 0.57 0.06
0.18 0.66 0.57 0.80 0.73
0.01 0.60 0.59 0.99 0.58
0.58 0.76 0.98 0.15 0.20
0.63 0.41 0.75 0.16 0.74
0.03 0.85 0.83 0.19 0.67
0.46 0.99 0.54 0.26 0.39
0.24 0.88 0.96 0.85 0.48
0.64 1.00 0.89 0.17 0.14
0.42 0.52 0.05 0.69 0.95
0.59 0.23 0.76 0.30 0.79
0.11 0.59 0.10 0.68 0.30
0.74 0.61 0.71 0.24 0.09
0.26 0.21 0.51 0.94 1.00
0.54 0.66 0.27 0.16 0.40
0.20 0.58 0.91 0.51 0.04
0.85 0.26 0.71 0.04 0.47
0.52 0.87 0.04 0.57 0.70
0.01 0.64 0.74 0.13 0.65
0.10 0.55 0.90 0.93 0.53
0.97 0.04 0.54 0.12 0.58
0.35 0.82 0.29 0.37 0.19
0.99 0.13 0.15 0.46 0.62
0.03 0.56 0.11 0.68 0.69
0.78 0.02 0.95 0.65 0.68
0.68 0.14 0.64 0.19 0.69
0.05 0.81 0.25 0.28 0.63
0.37 0.81 0.52 0.10 0.55
0.07 0.92 0.83 0.99 0.38
0.51 0.57 0.90 0.05 0.61
0.75 0.79 0.75 0.19 0.18
0.30 0.08 0.76 0.88 0.48
0.10 0.61 0.79 0.98 0.51
0.75 0.69 0.24 0.67 0.04
0.52 0.07 0.57 0.63 0.68
0.03 0.56 0.52 0.94 0.25
0.59 0.66 0.01 0.54 0.79
0.27 0.15 0.77 0.38 0.95
0.68 0.60 0.76 0.51 0.20
0.52 0.59 0.96 0.01 0.62
0.04 0.62 0.59 0.62 0.52
0.70 0.04 0.36 0.11 0.64
0.14 0.47 0.68 0.69 0.80
0.03 0.53 0.51 0.23 0.90
0.52 0.55 0.91 0.33 0.08
0.19 0.62 0.08 0.73 0.99
0.04 0.84 0.78 0.65 0.50
0.76 0.24 0.36 0.92 0.45
0.81 0.30 0.20 0.84 0.19
0.58 0.24 0.25 0.87 0.54
0.71 0.29 0.57 0.33 0.51
0.01 0.52 0.60 0.55 0.53
0.99 0.07 0.20 0.85 0.84
0.97 0.80 0.90 0.64 0.03
0.09 0.16 0.46 0.17 0.70
0.69 0.72 0.52 0.61 0.01
0.51 0.03 0.34 0.89 0.75
0.63 0.56 0.32 0.82 0.03
0.51 0.84 0.70 0.16 0.09
0.22 0.13 0.47 0.64 0.69
0.55 0.21 0.03 0.81 0.02
0.55 0.67 0.01 0.76 0.19
0.46 0.05 0.58 0.96 0.95
0.96 0.51 0.75 0.01 0.99
0.06 0.63 0.38 0.55 0.52
0.07 0.40 0.57 0.85 0.56
0.20 0.51 0.76 0.63 0.53
0.78 0.42 0.61 0.18 0.04
0.25 0.70 0.22 0.49 0.14
0.10 0.09 0.77 0.52 0.73
0.35 0.96 0.54 0.87 0.08
0.31 0.53 0.25 0.73 0.58
1.00 0.06 0.56 0.84 0.10
0.90 0.11 0.15 0.10 0.39
0.76 0.67 0.52 0.60 0.20
0.57 0.02 0.79 0.55 0.58
0.99 0.63 0.02 0.54 0.68
0.01 0.70 1.00 0.17 0.62
0.88 0.92 0.01 0.21 0.80
0.33 0.60 0.66 0.67 0.01
0.90 0.78 0.02 0.59 0.09
0.01 0.53 0.07 0.74 0.18
0.32 0.87 0.53 0.73 0.11
0.84 0.32 0.70 0.05 0.11
0.16 0.51 0.78 0.67 0.58
0.61 0.59 0.88 0.01 0.16
0.15 0.51 0.87 0.65 0.04
0.95 0.38 0.07 0.72 0.20
0.67 0.20 0.16 0.66 0.61
0.72 0.46 0.22 0.57 0.19
0.60 0.21 0.90 0.15 0.63
0.67 0.76 0.09 0.23 0.05
0.75 0.28 0.10 0.77 0.62
0.69 0.29 0.09 0.21 0.20
0.52 0.33 0.72 0.05 0.69
0.20 0.51 0.87 0.59 0.52
0.01 0.65 0.66 0.89 0.05
0.66 0.06 0.02 0.15 0.58
0.10 0.24 0.68 0.54 0.59
0.03 0.13 0.78 0.40 0.27
0.61 0.70 0.55 0.44 0.14
0.76 0.07 0.51 0.03 0.75
0.10 0.85 0.57 0.98 0.12
0.21 0.76 0.70 0.62 0.34
0.64 0.26 0.91 0.14 0.82
0.67 0.74 0.56 0.53 0.06
0.09 0.03 0.84 0.97 0.37
0.60 0.28 0.30 0.74 0.53
0.45 0.63 0.06 0.37 0.96
0.67 0.19 0.53 0.80 0.31
0.59 0.01 0.63 0.73 0.89
0.64 0.01 0.70 0.01 0.60
0.07 0.55 0.43 0.64 0.54
0.63 0.16 0.61 0.87 0.53
0.01 0.80 0.55 0.28 0.81
0.07 0.15 0.57 0.94 0.65
0.63 0.10 0.80 0.67 0.11
0.39 0.28 0.35 0.20 0.72
0.26 0.05 0.91 0.69 0.52
0.28 0.92 1.00 0.53 0.02
0.29 0.12 0.46 1.00 0.52
0.12 0.79 0.23 0.08 0.18
0.60 0.46 0.63 0.24 0.44
0.27 0.67 0.08 0.56 0.78
0.54 0.94 0.35 0.83 0.02
0.62 0.24 0.55 0.64 0.27
0.81 0.69 0.57 0.24 0.17
0.10 0.12 0.64 0.21 0.90
0.09 0.15 0.62 0.69 0.15
0.52 0.40 0.23 0.83 0.30
0.13 0.89 0.12 0.56 0.97
0.72 0.28 0.14 0.03 0.82
0.07 0.48 0.55 0.70 0.57
0.83 0.02 0.10 0.93 0.67
0.99 0.03 0.46 0.70 0.92
0.59 0.66 0.12 0.72 0.20
0.40 0.55 0.72 0.41 0.35
0.94 0.09 0.30 0.70 0.33
0.02 0.46 0.93 0.67 0.57
0.03 0.23 0.63 0.95 0.28
0.18 0.04 0.85 0.82 0.73
0.54 0.30 0.15 0.31 0.53
0.12 0.02 0.87 0.85 0.74
0.05 0.52 0.18 0.02 0.72
0.50 0.16 0.34 0.82 0.73
0.23 0.04 0.18 0.90 0.78
0.03 0.18 0.50 0.61 0.56
0.44 0.08 0.71 0.67 0.56
0.08 0.36 0.79 0.13 0.09
0.41 0.14 0.08 0.53 0.55
0.10 0.73 0.42 0.54 0.63
0.77 0.49 0.01 0.46 0.86
0.20 0.74 0.90 0.05 0.53
0.60 0.18 0.51 0.45 0.53
0.70 0.07 0.04 0.26 0.27
0.35 0.82 0.51 0.88 0.09
0.56 0.05 0.31 0.96 0.75
0.29 0.65 0.49 0.56 0.32
