300 5
0.69 0.11 0.50 0.11 0.51
0.22 0.61 0.57 0.26 0.87
0.52 1.00 0.70 0.94 0.76
1.00 0.04 0.69 0.30 0.17
0.62 0.99 0.70 0.20 0.53
0.29 1.00 0.46 0.59 0.93
0.20 0.79 0.99 0.46 0.83
0.99 0.61 0.41 0.85 0.55
0.01 0.56 0.13 0.97 0.72
0.22 0.75 0.96 0.87 0.82
0.68 0.85 0.19 0.66 0.30
0.61 0.99 0.14 0.58 0.53
0.79 0.89 0.91 0.11 0.25
0.62 0.92 0.37 0.99 0.42
0.66 0.68 0.77 0.86 0.81
0.49 0.82 0.62 0.60 0.33
0.48 0.70 0.94 0.55 0.58
0.46 0.62 0.77 0.66 0.29
0.89 0.18 0.21 0.57 0.71
0.29 0.72 0.65 0.79 0.37
0.63 0.54 0.55 0.12 0.85
0.48 0.97 0.62 0.16 0.77
0.59 0.02 0.80 0.07 0.79
0.63 0.42 0.71 0.88 0.54
0.74 0.54 0.04 0.99 0.82
0.77 0.61 0.37 0.67 0.66
0.60 0.63 0.97 0.89 0.08
0.84 0.54 0.92 0.58 0.11
0.72 0.59 0.66 0.65 0.03
0.44 0.43 0.85 0.62 0.43
0.54 0.85 0.40 0.39 0.71
0.37 0.70 0.44 0.89 0.61
0.09 0.95 0.46 0.51 0.90
0.78 0.01 0.81 0.72 0.73
0.27 0.78 0.54 0.75 0.87
0.80 0.58 0.58 0.66 0.12
0.87 0.85 0.90 0.79 0.01
0.98 0.04 0.79 0.43 0.60
0.40 0.71 0.68 0.60 0.23
0.23 0.92 0.96 0.80 0.40
0.70 0.51 0.48 0.19 0.72
0.24 0.65 0.91 0.96 0.51
0.69 0.75 0.48 0.60 0.15
0.95 0.19 0.45 0.66 0.61
0.10 0.82 0.15 0.90 0.97
0.55 1.00 0.91 0.85 0.04
0.41 0.77 0.86 0.09 0.65
0.68 0.51 0.59 0.12 0.53
0.06 0.65 0.59 0.82 0.94
0.30 0.13 0.92 0.82 0.56
0.56 0.77 0.90 1.00 0.19
0.66 0.76 0.82 0.75 0.06
0.52 0.51 0.99 0.02 0.70
0.52 0.27 0.73 0.73 0.56
0.55 0.70 0.87 0.67 0.15
0.96 0.70 0.78 0.08 0.34
0.02 0.58 0.92 0.81 0.58
0.82 0.20 0.11 0.31 0.94
0.01 0.50 0.54 0.72 0.49
0.78 0.65 0.34 0.74 0.72
0.98 0.53 0.99 0.71 0.04
0.45 0.75 0.72 0.32 0.02
0.76 0.93 0.04 0.13 0.96
0.28 0.55 0.57 0.71 0.81
0.58 0.91 0.29 0.35 0.94
0.29 0.69 0.88 0.74 0.21
0.42 0.39 0.53 0.71 0.27
0.52 0.58 0.74 0.43 0.38
0.73 0.86 0.13 0.69 0.80
0.64 0.63 0.62 0.21 0.40
0.33 0.93 0.06 0.53 0.62
0.50 0.68 0.67 0.70 0.08
0.32 0.56 0.80 0.69 0.42
0.45 0.57 0.66 0.66 0.99
0.66 0.97 0.54 0.87 0.03
0.47 0.78 0.59 0.57 0.53
0.70 0.35 0.76 0.07 0.11
0.91 0.27 0.17 0.22 0.53
0.98 0.98 0.63 0.09 0.34
0.69 0.67 0.30 0.51 0.69
0.09 0.61 0.78 0.58 0.78
0.90 1.00 0.12 0.72 0.16
0.22 0.49 0.59 0.02 0.97
0.53 0.89 0.70 0.54 0.52
0.52 0.10 0.65 0.45 0.95
0.87 0.77 0.35 0.73 0.41
0.03 0.31 0.25 0.15 0.48
0.64 0.85 0.21 0.62 0.29
0.97 0.82 0.79 0.08 0.02
0.76 0.65 0.61 0.62 0.28
0.68 0.60 0.56 0.46 0.03
0.61 1.00 0.61 0.60 0.04
0.58 0.31 0.71 0.60 0.07
0.32 0.07 0.73 0.38 0.57
0.91 0.54 0.11 0.82 0.65
0.90 0.94 0.38 0.61 0.07
0.83 0.01 0.90 0.27 0.70
0.64 0.51 0.92 0.51 0.07
0.23 0.80 0.68 0.94 0.05
0.09 0.10 0.76 0.70 0.80
0.96 0.03 0.74 0.71 0.19
0.35 0.99 0.77 0.25 0.36
0.69 0.63 0.22 0.63 0.68
0.07 0.16 0.75 0.73 0.95
0.57 0.09 0.63 0.80 0.82
0.37 0.39 0.06 0.41 0.83
0.72 0.22 0.35 0.82 0.67
0.25 0.10 0.75 0.17 0.66
0.67 0.07 0.72 0.37 0.66
0.79 0.96 0.03 0.99 0.74
0.48 0.82 0.52 0.57 0.37
0.64 0.80 0.19 0.84 0.44
0.90 0.14 0.70 0.95 0.03
0.26 0.46 0.62 0.01 0.57
0.79 0.67 0.43 0.10 0.89
0.30 0.82 0.88 0.78 0.04
0.08 0.85 0.07 0.77 0.69
0.75 0.56 0.13 0.90 0.77
0.92 0.31 0.49 0.68 0.18
0.63 0.58 0.17 0.96 0.65
0.43 0.92 0.67 0.51 0.05
0.73 0.64 0.14 0.21 0.60
0.84 0.03 0.75 0.55 0.53
0.54 0.03 0.63 0.66 0.55
0.23 0.08 0.58 0.95 0.05
0.21 0.38 0.77 0.73 0.23
0.46 0.07 0.65 0.70 0.74
0.72 0.78 0.11 0.65 0.59
0.63 0.32 0.52 0.96 0.21
0.94 0.03 0.73 0.51 0.88
0.91 0.52 0.67 0.92 0.12
0.02 0.28 0.90 0.51 0.78
0.83 0.79 0.11 0.44 0.76
0.94 0.37 0.37 0.94 0.46
0.72 0.58 0.09 0.21 0.99
0.04 0.76 0.53 0.55 0.07
0.86 0.08 0.73 0.88 0.51
0.74 0.53 0.05 0.74 0.04
0.69 0.70 0.17 0.10 0.63
0.51 0.54 0.04 0.30 0.33
0.66 0.91 0.44 0.76 0.15
0.53 0.46 0.40 0.91 0.36
0.63 0.76 0.54 0.02 0.59
0.50 0.92 0.22 0.58 0.61
0.93 0.57 0.59 0.28 0.37
0.29 0.34 0.20 0.51 0.78
0.62 0.26 0.84 0.85 0.51
0.21 0.08 0.75 0.49 0.22
0.74 0.62 0.97 0.06 0.09
0.43 0.51 0.73 0.70 0.33
0.63 0.52 0.02 0.80 0.46
0.25 0.20 0.58 0.63 0.97
0.64 0.03 0.54 0.73 0.10
0.53 0.27 0.30 0.26 0.62
0.69 0.56 0.89 0.72 0.03
0.55 0.90 0.40 0.54 0.17
0.82 0.03 0.02 0.76 0.56
0.64 0.66 0.54 0.15 0.21
0.25 0.74 0.51 0.66 0.45
0.77 0.52 0.19 0.82 0.20
0.41 0.80 0.06 0.42 0.25
0.55 0.42 0.52 0.98 0.47
0.62 0.06 0.51 0.53 0.71
0.43 0.23 0.25 0.88 0.60
0.68 0.28 0.57 0.63 0.18
0.36 0.96 0.02 0.31 0.65
0.56 0.13 0.82 0.84 0.07
0.02 0.93 0.78 0.15 0.62
0.01 0.99 0.21 0.19 0.51
0.90 0.01 0.80 0.75 0.53
0.66 0.97 0.33 0.01 0.92
0.09 0.10 0.94 0.59 0.73
0.95 0.62 0.94 0.89 0.02
0.22 0.61 0.62 0.80 0.08
0.81 0.20 0.59 0.29 0.37
0.29 0.28 0.56 0.98 0.96
0.85 0.97 0.69 0.39 0.04
0.62 0.59 0.15 0.96 0.21
0.79 0.72 0.08 0.06 0.78
0.96 0.04 0.26 0.63 0.92
1.00 0.95 0.02 0.32 0.29
0.59 0.06 0.66 0.16 0.55
0.68 0.25 0.18 0.73 0.75
0.84 0.53 0.84 0.03 0.30
0.41 0.73 0.74 0.07 0.14
0.57 0.30 0.59 0.23 0.07
0.21 0.55 0.59 0.15 0.33
0.78 0.27 0.81 0.16 0.39
0.49 0.05 0.57 0.14 0.84
0.55 0.12 0.28 0.77 0.46
0.95 0.02 0.53 0.90 0.72
0.57 0.19 0.99 0.07 1.00
0.61 0.14 0.27 0.88 0.90
0.78 0.53 0.29 0.46 0.04
0.13 0.61 0.21 0.71 0.51
0.67 0.04 0.95 0.50 0.48
0.77 0.58 0.89 0.62 0.06
0.59 0.19 0.64 0.66 0.54
0.85 0.23 0.79 0.60 0.04
0.51 0.07 0.98 0.60 0.56
0.01 0.44 0.80 0.39 0.99
0.55 0.33 0.87 0.53 0.12
0.75 0.40 0.24 0.80 0.63
0.67 0.98 0.98 0.01 0.31
0.56 0.80 0.03 0.72 0.82
0.29 0.08 0.52 0.74 0.53
0.04 0.03 0.59 0.01 0.96
0.74 0.29 0.58 1.00 0.01
0.99 0.31 0.04 0.04 0.92
0.28 0.61 0.15 0.78 0.91
0.72 0.26 0.22 0.64 0.76
0.65 0.57 0.96 0.80 0.01
0.78 0.67 0.47 0.03 0.79
0.34 0.99 0.17 0.06 0.87
0.17 0.67 0.11 0.91 0.77
0.87 0.92 0.64 0.16 0.13
0.61 0.78 0.49 0.58 0.05
0.64 0.95 0.02 0.79 0.55
0.38 0.86 0.14 0.42 0.76
0.68 0.27 0.57 0.29 0.47
0.57 1.00 0.19 0.18 0.52
0.46 0.13 0.11 0.81 0.06
0.91 0.30 0.34 0.13 0.86
0.88 0.94 0.40 0.99 0.03
0.19 0.14 0.68 0.80 0.84
0.94 0.55 0.84 0.01 0.53
0.83 0.82 0.52 0.65 0.03
0.41 0.88 0.25 0.96 0.02
0.25 0.01 0.60 0.66 0.80
0.65 1.00 0.16 0.13 0.27
0.55 0.15 0.84 0.05 0.93
0.59 0.26 0.41 0.60 0.98
0.32 0.11 0.95 0.85 0.13
0.30 0.66 0.12 0.73 0.91
0.18 0.71 0.56 0.98 0.33
0.64 0.62 0.81 0.81 0.05
0.20 0.92 0.20 0.77 0.53
0.14 0.92 0.98 0.23 0.04
0.91 0.65 0.11 0.29 0.55
0.22 0.94 0.64 0.09 0.46
0.07 0.63 0.85 0.72 0.27
0.56 0.97 0.66 0.78 0.03
0.03 0.65 0.10 0.86 1.00
0.98 1.00 0.01 0.07 0.73
0.09 0.62 0.94 0.01 0.83
0.66 0.10 0.42 0.81 0.93
0.56 0.50 0.72 0.69 0.08
0.31 0.25 0.61 0.86 0.08
0.89 0.26 0.57 0.65 0.29
0.58 0.68 0.36 0.62 0.02
0.05 0.50 0.62 0.89 0.44
0.26 0.95 0.37 0.90 0.07
0.58 0.20 0.45 0.70 0.36
0.68 0.92 0.91 0.77 0.01
0.60 0.82 0.53 0.29 0.46
0.64 0.92 0.74 0.68 0.01
0.53 0.74 0.02 0.69 0.74
0.91 0.69 0.99 0.73 0.01
0.86 0.43 0.07 0.14 0.57
0.12 0.53 0.18 0.54 0.69
0.01 0.66 0.97 0.39 0.76
0.78 0.50 0.86 0.04 0.54
0.67 0.90 0.97 0.22 0.08
0.02 0.22 0.42 0.64 0.61
0.11 0.82 0.63 0.09 0.49
0.26 0.69 0.67 0.69 0.04
0.32 0.77 0.52 0.98 0.24
0.08 0.32 0.51 0.08 0.90
0.26 0.20 0.55 0.32 0.50
0.52 0.61 0.61 0.04 0.70
0.78 0.91 0.51 0.05 0.52
0.02 0.77 0.48 0.82 0.57
0.05 0.76 0.87 0.11 0.90
0.39 0.67 0.51 0.77 0.04
0.89 0.09 0.62 0.04 0.73
0.24 0.89 0.14 0.75 0.75
0.03 0.20 0.63 0.58 0.98
0.13 0.25 0.98 0.45 0.71
0.78 0.31 0.26 0.75 0.40
0.77 0.26 0.98 0.30 0.47
0.50 0.79 0.52 0.59 0.45
0.09 0.25 0.08 0.87 0.91
0.15 0.09 0.89 0.72 0.40
0.84 0.78 0.16 0.08 0.21
0.55 0.96 0.39 0.22 0.09
0.58 0.94 0.02 0.72 0.36
0.57 0.92 0.73 0.05 0.54
0.82 0.65 0.63 0.33 0.03
0.10 0.54 0.76 0.17 0.23
0.64 0.01 0.67 0.71 0.78
0.61 0.24 0.80 0.88 0.05
0.66 0.66 0.08 0.26 0.59
0.52 0.91 0.08 0.58 0.05
1.00 0.57 0.17 0.55 0.23
0.46 0.07 0.12 0.51 0.62
0.78 0.09 0.66 0.56 0.53
0.29 0.80 0.67 0.04 0.50
0.24 0.14 0.60 0.77 0.52
0.54 0.88 0.03 0.80 0.57
0.87 0.10 0.02 0.73 0.96
