300 5
21 38 42 21 79
45 51 57 87 69
93 76 50 43 60
62 67 87 81 77
77 92 53 64 73
89 66 86 86 50
73 65 92 86 23
73 93 53 70 64
95 21 39 26 94
38 85 89 77 23
92 52 14 94 65
90 62 96 15 75
54 41 66 51 35
57 10 88 63 17
79 99 51 53 51
51 85 11 85 21
71 6 70 57 61
20 77 80 100 94
90 28 65 57 93
71 95 18 79 3
25 35 36 24 66
96 78 59 19 40
1 27 32 72 53
65 43 63 55 18
77 90 59 18 65
97 75 38 67 45
49 57 57 51 54
85 89 99 18 81
82 100 59 75 18
57 56 51 12 75
100 62 1 95 86
51 56 86 24 64
79 73 95 3 67
97 48 83 12 59
77 68 75 96 8
66 90 38 65 22
71 76 66 12 68
1 61 74 78 24
96 59 23 78 63
21 75 53 86 1
99 92 59 5 29
51 87 10 71 75
45 36 73 4 56
89 31 73 1 4
94 10 67 95 56
54 9 58 92 53
51 59 13 94 55
25 78 11 31 15
69 27 41 5 73
59 39 71 51 23
57 98 18 3 64
94 96 1 86 93
50 75 8 72 18
56 68 93 97 12
3 52 84 15 96
96 61 40 5 45
77 52 9 16 67
85 100 59 10 55
76 62 27 69 73
56 25 96 20 56
35 70 87 10 97
31 55 80 58 56
79 50 39 60 45
13 94 89 44 39
23 79 79 16 93
81 66 69 2 80
90 62 39 71 2
83 13 93 35 65
61 75 66 72 5
67 53 88 83 8
33 99 56 16 84
29 18 66 67 76
17 50 62 70 37
3 77 60 54 96
61 90 74 21 23
76 61 55 49 58
54 23 94 20 19
38 3 72 66 7
23 86 95 48 56
96 1 10 89 96
89 100 51 28 10
86 26 53 90 94
10 55 99 51 77
93 71 55 25 39
62 16 96 1 49
46 41 28 35 58
71 24 46 58 53
65 20 7 82 81
70 2 22 100 57
74 73 2 54 66
28 52 5 86 89
9 28 53 68 66
22 66 85 15 57
37 13 96 61 72
21 8 3 84 49
76 6 28 85 93
55 20 67 40 71
24 80 21 46 67
26 56 27 81 20
20 78 48 62 17
22 3 9 91 73
72 10 71 51 88
38 52 55 18 69
66 21 52 78 20
85 75 6 37 80
2 83 98 28 56
72 11 57 50 89
84 77 91 20 18
53 63 16 81 49
50 68 2 35 47
1 9 52 66 73
58 54 21 78 79
76 55 14 79 83
34 29 87 60 69
65 21 15 76 63
88 77 74 38 21
72 23 60 45 63
83 92 32 70 2
96 10 56 76 65
9 82 34 52 64
100 67 31 5 96
32 70 81 16 5
20 100 28 5 58
55 26 58 22 65
14 96 83 86 18
74 1 80 61 64
67 10 59 70 54
23 52 93 63 26
42 89 69 29 15
58 56 61 97 7
58 71 78 24 54
51 12 88 94 3
65 77 63 27 11
86 17 32 54 79
94 6 59 22 71
52 63 100 47 19
68 14 97 28 67
80 4 26 23 64
8 97 85 92 13
53 28 99 51 7
91 59 9 93 48
86 92 74 24 15
54 89 51 82 6
92 2 10 19 70
66 18 49 39 14
38 72 59 14 94
6 87 41 78 49
66 63 80 69 3
85 65 87 37 36
23 2 97 100 49
18 61 16 53 98
97 88 26 6 82
4 81 80 51 51
19 55 23 81 77
98 6 55 58 3
64 6 43 68 73
70 75 10 22 63
58 54 63 14 61
22 33 4 78 90
38 40 51 88 36
71 58 66 15 56
93 65 71 32 25
11 58 62 17 94
31 12 85 56 80
6 80 86 63 79
60 84 55 82 7
93 93 56 8 53
66 16 65 53 31
5 18 93 55 99
29 70 27 51 69
36 18 100 75 56
79 13 76 56 44
86 78 31 3 23
10 51 56 92 9
64 56 77 27 52
18 89 39 86 13
52 79 89 55 4
54 89 81 1 94
25 51 55 53 7
67 70 28 34 59
78 56 31 75 57
54 26 54 63 71
61 32 16 69 74
56 4 1 69 70
73 87 64 11 55
85 97 57 61 5
64 66 18 61 92
80 68 31 77 15
35 21 52 69 52
51 64 85 1 73
69 52 1 46 70
66 44 74 51 7
89 81 66 2 63
58 17 18 81 60
23 64 28 24 92
52 37 64 19 5
8 10 64 52 84
22 84 2 96 92
68 1 53 89 39
23 52 100 36 74
61 10 60 36 57
59 92 29 57 12
12 92 69 44 52
72 24 92 18 87
67 85 1 68 74
87 10 63 8 6
51 51 45 58 57
1 71 71 75 17
28 76 56 77 1
58 6 34 1 85
33 6 76 64 57
61 52 32 5 76
61 60 52 35 52
82 1 70 81 39
64 83 6 12 8
91 53 49 64 3
82 6 51 93 20
69 80 84 9 15
1 100 92 32 84
18 39 77 31 63
10 17 87 71 62
64 13 92 10 78
23 69 86 39 10
5 88 54 65 68
9 100 84 70 13
100 27 52 6 59
67 78 15 71 1
30 8 82 81 17
32 82 80 2 92
49 30 61 63 8
69 96 79 67 2
59 82 8 90 7
45 25 58 72 39
48 72 1 95 88
63 27 62 60 13
31 7 72 78 54
4 3 68 40 65
38 69 68 50 64
1 19 77 66 67
6 28 28 91 60
95 27 73 4 81
9 69 97 1 93
86 78 11 72 1
8 92 51 4 94
72 4 42 63 20
71 53 29 13 94
16 61 33 4 70
63 57 30 23 39
50 96 61 19 29
70 60 59 22 64
69 37 15 95 28
61 88 29 73 3
64 59 44 66 18
64 5 70 82 54
99 69 14 76 33
77 92 93 1 63
22 2 97 72 54
51 51 65 17 82
67 4 11 18 35
45 90 59 7 60
72 23 3 60 38
11 99 75 54 13
2 3 75 71 79
55 59 10 52 88
86 55 24 10 25
54 33 63 14 79
71 61 94 64 3
23 23 75 28 92
40 60 34 20 39
98 78 7 28 41
69 86 68 6 57
7 56 67 53 75
52 67 16 59 60
51 33 22 5 61
5 75 41 58 80
6 44 30 52 36
14 82 93 72 7
85 88 34 58 2
44 8 61 53 67
40 59 85 56 4
9 57 74 72 18
27 94 9 70 87
71 3 78 4 61
59 89 4 20 66
14 79 32 5 36
33 25 60 37 51
55 3 46 92 4
63 74 8 99 12
88 16 42 16 36
82 95 11 85 5
52 10 12 38 1
81 8 74 16 31
1 84 25 63 56
4 83 69 98 47
40 75 1 58 79
11 84 56 55 20
74 70 63 2 52
30 43 61 71 12
61 2 75 60 82
6 86 85 28 95
