300 5
63 38 95 26 94
71 74 91 82 61
92 52 64 83 93
60 51 65 10 63
68 78 35 70 79
26 67 92 9 95
8 21 91 83 74
87 71 71 87 43
98 72 86 67 54
72 32 61 69 83
96 95 54 36 63
38 99 77 95 89
86 61 98 88 61
89 97 6 79 84
46 60 57 7 100
64 63 10 25 76
93 38 71 68 72
76 85 98 78 55
62 58 58 9 56
60 64 39 62 97
78 65 60 72 24
88 8 31 100 73
87 80 69 51 21
93 48 57 88 58
18 65 20 56 30
73 88 52 5 59
92 12 69 92 82
99 23 74 59 65
29 66 6 80 91
66 21 87 91 63
59 58 93 69 66
92 50 81 82 32
61 58 72 94 51
66 94 100 93 8
86 54 99 77 28
87 1 62 83 36
1 33 78 61 77
46 24 86 17 5
78 11 58 81 42
18 86 9 61 93
7 87 83 56 87
77 9 71 85 68
51 92 59 13 64
81 62 52 89 82
82 57 36 77 57
89 51 83 75 21
59 19 40 60 53
7 55 76 67 87
31 61 95 100 72
10 63 83 57 36
82 56 16 60 87
97 54 37 73 34
64 26 80 42 64
95 57 2 79 97
78 58 75 32 45
76 88 5 68 70
2 90 78 44 95
56 79 91 13 6
59 47 24 13 88
47 5 47 83 94
84 69 79 68 22
55 55 51 60 82
4 12 78 83 66
96 8 55 15 62
90 97 39 76 7
75 83 85 63 13
90 51 66 6 98
11 76 72 69 7
76 67 54 24 61
20 35 76 82 67
58 57 46 88 59
51 57 63 94 93
32 57 91 98 3
95 9 87 4 11
16 72 38 8 74
94 59 40 71 16
92 74 73 41 7
6 56 93 28 99
53 70 5 58 61
99 70 53 2 79
54 40 2 28 69
61 71 15 14 16
43 84 69 2 94
58 82 20 12 77
90 63 71 54 4
34 71 59 57 22
95 96 3 68 67
2 86 15 97 90
53 95 6 13 51
61 77 13 59 6
5 74 32 74 71
12 53 10 42 46
51 8 62 11 98
8 67 84 60 70
51 79 52 80 14
99 36 39 94 53
11 74 63 41 76
69 73 32 1 82
59 78 2 99 61
73 32 35 67 73
51 34 41 72 95
41 41 51 88 52
87 35 76 9 75
82 27 72 24 39
100 1 92 97 28
36 85 90 18 72
12 97 44 60 43
70 7 47 52 74
63 65 52 6 63
37 71 87 31 88
72 14 12 96 54
98 45 31 84 44
22 11 78 5 84
54 18 53 92 62
17 96 78 4 38
79 90 24 53 15
80 10 74 63 55
54 100 57 4 69
17 81 9 3 82
17 29 77 79 44
54 56 80 37 54
41 2 78 68 92
98 15 19 11 25
85 8 72 77 61
90 89 100 6 53
62 52 67 76 8
70 37 9 67 77
11 27 74 76 78
41 15 76 66 97
70 18 60 12 81
81 77 55 37 3
86 9 75 1 80
80 49 1 52 59
62 23 86 75 36
4 81 12 63 64
70 3 28 55 57
5 45 1 61 53
32 67 14 29 85
32 11 82 82 22
20 94 47 21 63
44 18 71 7 34
11 89 73 63 8
62 62 62 92 25
39 100 53 3 53
44 71 22 56 13
88 54 18 6 67
72 62 18 40 64
82 31 43 58 26
16 7 91 78 86
40 6 93 87 80
9 73 29 30 41
43 11 78 24 60
27 19 70 57 90
74 14 85 20 15
11 99 60 98 10
75 25 69 77 9
93 32 24 4 36
59 4 83 92 86
89 20 70 44 65
99 6 96 45 64
54 73 58 10 66
98 66 65 97 10
100 87 78 3 39
11 21 59 83 85
4 45 61 57 32
53 93 25 9 61
55 50 12 7 95
88 54 54 38 3
92 20 53 99 21
49 2 54 64 69
38 79 100 7 67
80 94 57 2 51
66 53 44 62 12
27 3 68 3 58
85 2 82 62 54
20 94 99 18 52
54 14 55 73 64
72 61 51 60 13
54 64 1 98 35
55 63 18 11 93
25 73 27 73 16
97 5 89 81 47
30 51 65 29 74
2 98 62 80 19
93 66 19 61 6
56 8 29 19 63
64 3 50 93 51
69 22 6 94 11
69 93 4 59 1
48 51 22 55 64
33 37 61 22 87
74 64 53 11 29
86 69 90 66 2
95 65 22 5 91
21 6 79 76 62
9 63 63 39 84
2 44 55 3 51
46 11 75 85 37
80 22 52 91 52
60 1 58 19 64
59 94 51 9 54
56 6 18 80 8
55 22 57 57 93
26 21 63 85 73
63 42 53 20 62
51 76 57 1 18
28 95 70 27 43
40 66 67 93 11
53 68 29 91 5
25 26 94 53 74
13 18 83 30 52
61 16 66 3 72
91 51 54 21 16
20 73 67 81 26
69 49 57 2 77
58 18 70 76 34
69 58 3 10 53
36 61 27 7 72
45 63 69 2 86
4 41 53 18 58
63 42 55 15 83
1 83 28 86 69
94 2 16 69 55
93 81 12 76 6
13 6 46 96 80
34 15 65 54 56
48 70 54 32 54
98 7 64 65 46
13 16 39 62 74
33 9 66 79 84
1 42 98 33 77
2 79 49 87 81
97 76 14 92 42
71 77 58 12 12
4 29 13 67 56
54 90 67 61 1
82 13 94 75 54
20 27 55 9 71
2 88 89 90 14
64 39 15 3 72
59 5 18 13 55
49 16 60 53 88
56 13 56 58 52
25 82 52 36 7
93 14 10 85 83
74 65 74 38 23
7 12 55 78 59
67 81 84 82 3
10 79 56 10 37
61 23 4 70 60
70 58 23 28 4
58 83 51 2 21
87 49 73 54 13
56 34 53 8 72
19 95 89 5 29
10 28 75 40 89
54 67 74 5 39
73 3 87 99 38
60 25 84 52 32
53 13 84 76 56
94 89 2 94 18
93 78 65 94 1
1 71 52 34 99
61 60 37 64 11
58 1 39 51 72
4 92 30 9 87
75 94 36 4 67
1 87 87 15 88
27 21 16 70 36
4 100 47 74 4
63 17 9 88 75
63 74 55 59 10
43 85 2 21 92
23 16 100 51 2
16 29 92 99 46
3 94 91 52 1
87 90 6 37 52
30 7 46 94 78
57 51 40 1 69
90 7 81 73 20
73 73 84 1 36
91 83 6 77 40
9 28 94 71 85
87 42 69 50 22
57 53 40 57 31
54 65 5 30 61
71 32 66 8 35
94 23 59 61 22
79 31 70 63 49
18 16 99 11 84
62 10 98 73 34
75 53 83 44 5
85 53 75 69 3
57 1 56 78 5
10 68 74 93 6
33 12 69 93 38
56 94 8 93 22
93 56 18 56 18
16 88 42 60 9
86 17 56 5 6
