300 5
0.88 0.91 0.92 0.99 0.72
0.76 0.01 0.17 0.67 0.84
0.03 0.72 0.55 0.15 0.73
0.58 0.89 0.54 0.73 0.47
0.90 0.56 0.92 0.80 0.64
0.60 0.34 0.17 0.31 0.04
0.65 0.07 0.66 0.47 0.72
0.55 0.69 0.58 0.52 0.66
0.48 0.99 0.65 0.73 0.63
0.37 0.64 0.54 0.81 0.89
0.99 0.64 0.90 0.82 0.03
0.94 0.13 0.93 0.67 0.55
0.32 0.09 0.59 0.29 0.98
0.69 0.96 0.03 0.81 0.10
0.48 0.76 0.99 0.83 0.44
0.70 0.22 0.60 0.72 0.76
0.36 0.62 0.81 0.91 0.87
0.53 0.76 0.56 0.94 0.40
0.49 0.62 0.55 0.87 0.93
0.51 0.41 0.62 0.95 0.63
0.57 0.41 0.68 0.82 0.53
0.25 0.56 0.58 0.91 0.70
0.52 0.99 0.19 0.55 0.62
0.67 0.36 0.76 0.28 0.53
0.48 0.67 0.96 0.63 0.60
0.63 0.24 0.68 0.88 0.93
0.59 0.49 0.59 0.31 0.60
0.15 0.75 0.68 0.88 0.31
0.56 0.68 0.78 0.96 0.54
0.61 0.25 0.53 0.98 0.26
0.05 0.88 0.62 0.57 0.56
0.70 0.90 0.06 0.66 0.62
0.53 0.52 1.00 0.48 0.95
0.68 0.28 0.95 0.62 0.70
0.75 0.63 0.06 0.70 0.78
0.20 0.07 0.87 0.72 0.69
0.92 0.94 0.40 0.17 0.53
0.95 0.78 0.16 0.73 0.69
0.01 0.51 0.41 0.52 0.76
0.52 0.65 0.75 0.84 0.61
0.64 0.95 1.00 0.70 0.03
0.31 0.19 0.73 0.71 0.84
0.54 0.53 0.59 0.93 0.06
0.05 0.76 0.09 0.86 0.93
0.76 0.51 0.08 0.15 0.67
0.64 0.71 0.02 0.02 0.96
0.77 0.21 0.19 0.56 0.30
0.81 0.19 0.76 0.08 0.24
0.02 0.69 0.93 0.83 0.01
0.48 0.56 0.60 0.13 0.91
0.69 0.10 0.46 0.69 0.79
0.59 0.84 0.40 0.63 0.84
0.65 0.09 0.23 0.56 0.01
0.59 0.81 0.53 0.52 0.50
0.88 0.17 0.53 0.28 0.63
0.10 0.65 0.93 0.60 0.45
0.56 1.00 0.15 0.04 0.77
0.75 0.79 0.67 0.12 0.94
1.00 0.59 0.83 0.02 0.42
0.52 0.87 0.13 0.61 0.15
0.71 0.67 0.80 0.08 1.00
0.48 0.62 0.37 0.98 0.74
0.44 0.39 1.00 0.58 0.67
0.05 0.95 0.54 0.77 0.10
0.47 0.14 0.92 0.56 0.70
0.95 0.04 0.69 0.87 0.78
0.73 0.02 0.69 0.89 0.33
0.19 0.33 0.84 0.79 0.48
0.17 1.00 0.83 0.66 0.54
0.46 0.65 0.21 0.65 0.95
0.66 0.88 0.89 0.12 0.13
0.59 0.55 1.00 0.15 0.59
0.31 0.08 0.57 0.61 0.89
0.12 0.58 0.62 0.81 0.23
0.03 0.99 0.22 0.17 0.53
0.63 0.32 1.00 0.95 0.51
0.56 0.82 0.93 0.56 0.61
0.99 0.96 0.75 0.23 0.46
0.39 0.62 0.53 0.90 0.74
0.99 0.91 0.10 0.59 0.11
0.56 0.02 0.78 0.40 0.75
0.38 0.63 0.85 0.09 0.95
0.27 0.95 0.87 0.62 0.04
0.54 0.16 0.74 0.73 0.82
0.57 0.51 0.54 0.49 0.64
0.09 0.91 0.81 0.11 0.93
0.40 0.75 0.82 0.61 0.69
0.08 0.04 0.59 0.33 0.63
0.12 0.97 0.89 0.52 0.31
0.75 0.53 0.31 0.02 0.86
0.97 0.16 0.31 0.34 0.68
0.96 0.50 0.60 0.15 0.81
0.37 0.65 0.13 0.62 0.88
0.10 0.53 0.82 0.73 0.56
0.80 0.35 0.06 0.61 0.77
0.58 0.92 0.87 0.46 0.41
0.05 0.73 0.48 0.81 0.56
0.57 0.17 0.33 0.72 0.69
0.10 0.55 0.97 0.78 0.06
0.62 0.51 0.60 0.08 0.63
0.62 0.15 0.85 0.58 0.62
0.56 0.71 0.38 0.97 0.52
0.88 0.05 0.10 0.78 0.91
0.51 0.11 0.58 0.54 0.67
0.88 0.61 0.84 0.07 0.51
0.63 0.38 1.00 0.25 0.35
0.97 0.08 0.64 0.94 0.48
0.69 0.72 0.12 0.16 0.59
0.85 0.62 0.06 0.59 0.49
0.13 0.72 0.90 0.35 0.48
0.83 0.12 0.08 0.82 0.61
0.10 0.70 0.51 0.99 0.54
0.59 0.56 0.65 0.74 0.56
0.35 0.23 0.71 0.57 0.56
0.59 0.90 0.95 0.15 0.69
0.59 0.56 0.92 0.63 0.54
0.07 0.96 0.80 0.03 0.85
0.11 0.62 0.28 0.85 0.10
0.51 0.93 0.53 0.61 0.51
0.93 0.31 0.01 0.54 0.87
0.11 0.69 0.62 0.51 0.01
0.58 0.95 0.77 0.16 0.24
0.77 0.08 0.88 0.57 0.45
0.73 0.61 0.71 0.22 0.14
0.65 0.56 0.59 0.53 0.03
0.17 0.90 0.53 0.51 0.85
0.91 0.71 0.65 0.04 0.85
0.72 0.90 0.73 0.01 0.53
0.98 0.07 0.76 0.57 0.38
0.53 0.63 0.20 0.60 0.54
0.63 0.24 0.47 0.16 0.68
0.24 0.53 0.32 0.85 0.58
0.65 0.80 0.15 0.06 0.85
0.90 0.19 0.65 0.43 0.52
0.85 0.12 0.81 0.28 0.10
0.11 0.88 0.78 0.30 0.56
0.78 0.63 0.06 0.70 0.68
0.53 0.23 0.63 0.23 0.70
0.55 0.53 0.88 0.05 0.99
0.99 0.04 0.52 0.20 0.78
0.59 0.59 0.10 0.32 0.62
0.61 0.68 0.05 1.00 0.06
0.02 0.56 0.61 0.06 0.99
0.31 0.85 0.20 0.80 0.92
0.52 0.45 0.22 0.53 0.56
0.57 0.22 0.76 0.89 0.26
0.58 0.04 0.31 0.08 0.49
0.83 0.74 0.90 0.03 0.61
0.87 0.88 0.34 0.24 0.02
0.94 0.03 0.09 0.57 1.00
0.40 0.62 0.36 0.10 0.89
0.09 0.49 0.03 0.70 0.54
0.16 0.28 0.42 0.14 0.84
0.64 0.83 0.23 0.29 0.88
0.65 0.82 0.93 0.30 0.26
0.14 0.53 0.06 0.95 0.08
0.29 0.25 0.04 0.80 0.91
0.53 0.52 0.79 0.52 0.54
0.03 0.08 0.75 0.95 0.79
0.05 0.53 0.61 0.38 0.91
0.79 0.11 0.98 0.06 0.22
0.33 0.94 0.06 0.53 0.76
0.04 0.91 0.40 0.51 0.41
0.20 0.55 0.35 0.68 0.81
0.01 0.55 0.19 0.35 0.69
0.49 0.46 0.58 0.57 0.57
0.38 0.54 0.53 0.01 0.94
0.03 0.65 0.90 0.98 0.53
0.27 0.72 0.59 0.37 0.52
0.13 0.83 0.09 1.00 0.40
0.55 0.62 0.98 0.47 0.57
0.09 0.77 0.10 0.58 0.81
0.08 0.51 0.93 0.90 0.22
0.51 0.26 0.26 0.73 1.00
0.98 0.85 0.01 0.98 0.60
0.51 0.83 0.69 0.11 0.88
0.01 0.62 0.59 0.20 0.62
0.67 0.59 0.16 0.69 0.47
0.55 0.53 0.74 0.93 0.01
0.64 0.10 0.11 0.74 0.53
0.55 0.65 0.10 0.23 0.01
0.28 0.68 0.86 0.57 0.24
0.66 0.03 0.58 0.92 0.08
0.01 0.67 0.72 0.16 0.52
0.05 0.05 0.96 0.79 0.88
0.75 0.03 0.88 0.75 0.29
0.27 0.27 0.57 0.16 0.77
0.34 0.12 0.24 0.81 0.69
0.73 0.64 0.20 0.31 0.01
0.55 0.60 0.72 0.54 0.46
0.57 0.59 0.63 0.10 0.61
0.08 0.57 0.69 0.62 0.43
0.52 0.90 0.72 0.13 0.02
0.53 0.07 0.18 0.28 0.76
0.76 0.97 0.85 0.10 0.15
0.33 0.64 0.63 0.89 0.08
0.56 0.67 0.79 0.09 0.93
0.67 0.58 0.47 0.03 0.52
0.88 0.03 0.51 0.69 0.72
0.75 0.89 0.07 0.54 0.37
0.13 0.57 0.54 0.80 0.52
0.60 0.28 0.60 0.72 0.30
0.38 0.37 0.79 0.27 0.65
0.23 0.07 0.18 0.89 0.59
0.98 0.08 0.07 0.64 0.57
0.13 0.57 0.73 0.19 0.84
0.13 0.04 0.80 0.97 0.56
0.72 0.64 0.02 0.78 0.73
1.00 0.63 0.62 0.25 0.22
0.36 0.91 0.40 0.79 0.35
0.52 0.13 0.15 0.55 0.84
0.04 0.85 0.53 0.90 0.60
0.54 0.38 0.47 0.22 0.60
0.29 0.52 0.99 0.51 0.13
0.52 0.62 0.56 0.08 0.80
0.83 0.57 0.01 0.33 0.78
0.02 0.67 0.54 0.57 0.58
0.25 0.74 0.41 0.17 0.09
0.06 0.03 0.51 0.91 0.58
0.24 0.95 0.55 0.05 0.60
0.57 0.57 0.96 0.92 0.04
0.01 0.01 0.90 0.48 0.69
0.66 0.56 0.04 0.65 0.68
0.57 0.41 0.75 0.04 0.70
0.58 0.47 0.60 0.97 0.37
0.80 0.12 0.03 0.65 0.98
0.48 0.26 0.47 0.05 0.86
0.26 0.68 0.62 0.66 0.33
0.21 0.72 0.81 0.26 0.44
0.11 0.90 0.76 0.04 0.03
0.45 0.72 0.27 0.16 0.22
0.05 0.66 0.02 0.95 0.99
0.52 0.79 0.93 0.11 0.59
0.53 0.45 0.52 0.82 0.29
0.69 0.70 0.94 0.20 0.03
0.38 0.25 0.37 0.28 0.24
0.30 0.68 0.34 0.55 0.64
0.73 0.94 0.52 0.07 0.30
0.24 0.05 0.55 0.74 0.89
0.25 0.68 0.57 0.03 0.75
0.53 0.11 0.40 0.20 0.63
0.56 0.02 0.49 0.57 0.66
0.66 0.03 0.23 0.45 0.78
0.07 0.98 0.05 0.09 0.60
0.43 0.06 0.65 0.63 0.55
0.53 0.04 0.95 0.68 0.58
0.53 0.37 0.62 0.25 0.59
0.35 0.51 0.64 0.73 0.52
0.71 0.61 0.55 0.03 0.48
0.96 0.44 0.75 0.07 0.61
0.92 0.03 0.05 0.71 0.92
0.31 0.57 0.86 0.58 0.27
0.13 0.76 0.12 0.56 0.26
0.25 0.49 0.34 0.11 0.52
0.48 0.11 0.38 0.56 0.10
0.64 0.46 0.40 0.31 0.01
0.26 0.21 0.72 0.51 0.34
0.56 0.46 0.69 0.71 0.02
0.92 0.34 0.09 0.77 0.71
0.30 0.03 0.87 0.78 0.23
0.13 0.75 0.48 0.03 0.53
0.30 0.83 0.25 0.12 0.69
0.36 0.55 0.63 0.72 0.26
0.79 0.81 0.71 0.02 0.67
0.26 0.65 0.61 0.08 0.82
0.72 0.61 0.11 0.30 0.62
0.14 0.36 0.54 0.09 0.01
0.70 0.96 0.03 0.18 0.80
0.12 0.10 0.76 0.86 0.26
0.10 0.09 0.58 0.76 0.46
0.52 0.30 0.53 0.88 0.09
0.13 0.15 0.75 0.22 0.55
0.85 0.01 0.96 0.91 0.30
0.73 0.45 0.21 0.08 0.80
0.66 0.42 0.05 0.81 0.61
0.03 0.22 0.58 0.11 0.05
0.42 0.98 0.04 0.21 0.92
0.05 0.09 0.51 0.69 0.85
0.07 0.20 0.39 0.59 1.00
0.81 0.60 0.11 0.84 0.23
0.26 0.85 0.11 0.50 0.94
0.89 0.02 0.84 0.54 0.31
0.11 0.61 0.42 0.68 0.51
0.64 0.09 0.54 0.69 0.14
0.41 0.22 0.78 0.55 0.02
0.62 0.30 0.28 0.02 0.40
0.96 0.02 0.86 0.29 0.50
0.14 0.48 0.05 0.85 0.21
0.66 0.60 0.58 0.02 0.06
0.65 0.72 0.19 0.01 0.77
0.94 0.21 0.12 0.70 0.84
0.70 0.25 0.01 0.78 0.96
0.02 0.60 0.51 0.96 0.40
0.93 0.89 0.25 0.22 0.52
0.85 0.52 0.03 0.23 0.76
1.00 0.59 0.01 0.55 0.62
0.75 0.02 0.71 0.50 1.00
0.24 0.68 0.15 0.48 0.85
0.55 0.85 0.11 0.13 0.80
0.66 0.75 0.01 0.97 0.81
