300 5
88 91 92 99 72
76 1 17 67 84
3 72 55 15 73
58 89 54 73 47
90 56 92 80 64
60 34 17 31 4
65 7 66 47 72
55 69 58 52 66
48 99 65 73 63
37 64 54 81 89
99 64 90 82 3
94 13 93 67 55
32 9 59 29 98
69 96 3 81 10
48 76 99 83 44
70 22 60 72 76
36 62 81 91 87
53 76 56 94 40
49 62 55 87 93
51 41 62 95 63
57 41 68 82 53
25 56 58 91 70
52 99 19 55 62
67 36 76 28 53
48 67 96 63 60
63 24 68 88 93
59 49 59 31 60
15 75 68 88 31
56 68 78 96 54
61 25 53 98 26
5 88 62 57 56
70 90 6 66 62
53 52 100 48 95
68 28 95 62 70
75 63 6 70 78
20 7 87 72 69
92 94 40 17 53
95 78 16 73 69
1 51 41 52 76
52 65 75 84 61
64 95 100 70 3
31 19 73 71 84
54 53 59 93 6
5 76 9 86 93
76 51 8 15 67
64 71 2 2 96
77 21 19 56 30
81 19 76 8 24
2 69 93 83 1
48 56 60 13 91
69 10 46 69 79
59 84 40 63 84
65 9 23 56 1
59 81 53 52 50
88 17 53 28 63
10 65 93 60 45
56 100 15 4 77
75 79 67 12 94
100 59 83 2 42
52 87 13 61 15
71 67 80 8 100
48 62 37 98 74
44 39 100 58 67
5 95 54 77 10
47 14 92 56 70
95 4 69 87 78
73 2 69 89 33
19 33 84 79 48
17 100 83 66 54
46 65 21 65 95
66 88 89 12 13
59 55 100 15 59
31 8 57 61 89
12 58 62 81 23
3 99 22 17 53
63 32 100 95 51
56 82 93 56 61
99 96 75 23 46
39 62 53 90 74
99 91 10 59 11
56 2 78 40 75
38 63 85 9 95
27 95 87 62 4
54 16 74 73 82
57 51 54 49 64
9 91 81 11 93
40 75 82 61 69
8 4 59 33 63
12 97 89 52 31
75 53 31 2 86
97 16 31 34 68
96 50 60 15 81
37 65 13 62 88
10 53 82 73 56
80 35 6 61 77
58 92 87 46 41
5 73 48 81 56
57 17 33 72 69
10 55 97 78 6
62 51 60 8 63
62 15 85 58 62
56 71 38 97 52
88 5 10 78 91
51 11 58 54 67
88 61 84 7 51
63 38 100 25 35
97 8 64 94 48
69 72 12 16 59
85 62 6 59 49
13 72 90 35 48
83 12 8 82 61
10 70 51 99 54
59 56 65 74 56
35 23 71 57 56
59 90 95 15 69
59 56 92 63 54
7 96 80 3 85
11 62 28 85 10
51 93 53 61 51
93 31 1 54 87
11 69 62 51 1
58 95 77 16 24
77 8 88 57 45
73 61 71 22 14
65 56 59 53 3
17 90 53 51 85
91 71 65 4 85
72 90 73 1 53
98 7 76 57 38
53 63 20 60 54
63 24 47 16 68
24 53 32 85 58
65 80 15 6 85
90 19 65 43 52
85 12 81 28 10
11 88 78 30 56
78 63 6 70 68
53 23 63 23 70
55 53 88 5 99
99 4 52 20 78
59 59 10 32 62
61 68 5 100 6
2 56 61 6 99
31 85 20 80 92
52 45 22 53 56
57 22 76 89 26
58 4 31 8 49
83 74 90 3 61
87 88 34 24 2
94 3 9 57 100
40 62 36 10 89
9 49 3 70 54
16 28 42 14 84
64 83 23 29 88
65 82 93 30 26
14 53 6 95 8
29 25 4 80 91
53 52 79 52 54
3 8 75 95 79
5 53 61 38 91
79 11 98 6 22
33 94 6 53 76
4 91 40 51 41
20 55 35 68 81
1 55 19 35 69
49 46 58 57 57
38 54 53 1 94
3 65 90 98 53
27 72 59 37 52
13 83 9 100 40
55 62 98 47 57
9 77 10 58 81
8 51 93 90 22
51 26 26 73 100
98 85 1 98 60
51 83 69 11 88
1 62 59 20 62
67 59 16 69 47
55 53 74 93 1
64 10 11 74 53
55 65 10 23 1
28 68 86 57 24
66 3 58 92 8
1 67 72 16 52
5 5 96 79 88
75 3 88 75 29
27 27 57 16 77
34 12 24 81 69
73 64 20 31 1
55 60 72 54 46
57 59 63 10 61
8 57 69 62 43
52 90 72 13 2
53 7 18 28 76
76 97 85 10 15
33 64 63 89 8
56 67 79 9 93
67 58 47 3 52
88 3 51 69 72
75 89 7 54 37
13 57 54 80 52
60 28 60 72 30
38 37 79 27 65
23 7 18 89 59
98 8 7 64 57
13 57 73 19 84
13 4 80 97 56
72 64 2 78 73
100 63 62 25 22
36 91 40 79 35
52 13 15 55 84
4 85 53 90 60
54 38 47 22 60
29 52 99 51 13
52 62 56 8 80
83 57 1 33 78
2 67 54 57 58
25 74 41 17 9
6 3 51 91 58
24 95 55 5 60
57 57 96 92 4
1 1 90 48 69
66 56 4 65 68
57 41 75 4 70
58 47 60 97 37
80 12 3 65 98
48 26 47 5 86
26 68 62 66 33
21 72 81 26 44
11 90 76 4 3
45 72 27 16 22
5 66 2 95 99
52 79 93 11 59
53 45 52 82 29
69 70 94 20 3
38 25 37 28 24
30 68 34 55 64
73 94 52 7 30
24 5 55 74 89
25 68 57 3 75
53 11 40 20 63
56 2 49 57 66
66 3 23 45 78
7 98 5 9 60
43 6 65 63 55
53 4 95 68 58
53 37 62 25 59
35 51 64 73 52
71 61 55 3 48
96 44 75 7 61
92 3 5 71 92
31 57 86 58 27
13 76 12 56 26
25 49 34 11 52
48 11 38 56 10
64 46 40 31 1
26 21 72 51 34
56 46 69 71 2
92 34 9 77 71
30 3 87 78 23
13 75 48 3 53
30 83 25 12 69
36 55 63 72 26
79 81 71 2 67
26 65 61 8 82
72 61 11 30 62
14 36 54 9 1
70 96 3 18 80
12 10 76 86 26
10 9 58 76 46
52 30 53 88 9
13 15 75 22 55
85 1 96 91 30
73 45 21 8 80
66 42 5 81 61
3 22 58 11 5
42 98 4 21 92
5 9 51 69 85
7 20 39 59 100
81 60 11 84 23
26 85 11 50 94
89 2 84 54 31
11 61 42 68 51
64 9 54 69 14
41 22 78 55 2
62 30 28 2 40
96 2 86 29 50
14 48 5 85 21
66 60 58 2 6
65 72 19 1 77
94 21 12 70 84
70 25 1 78 96
2 60 51 96 40
93 89 25 22 52
85 52 3 23 76
100 59 1 55 62
75 2 71 50 100
24 68 15 48 85
55 85 11 13 80
66 75 1 97 81
