250 7
28 59 13 84 76 48 98
89 65 83 57 57 84 94
89 40 82 73 86 55 92
1 79 89 56 82 95 84
48 96 55 59 82 72 62
88 96 68 91 74 87 4
98 38 51 99 63 87 63
57 71 73 66 99 54 72
74 96 78 83 44 67 84
98 44 55 84 99 56 40
79 81 15 91 4 90 61
71 51 95 92 52 37 60
74 86 88 52 94 71 69
95 88 80 61 88 92 62
28 68 13 89 23 46 40
90 64 80 14 65 66 90
82 66 96 96 98 13 52
86 65 56 100 80 40 71
68 62 98 32 56 57 65
79 59 76 35 61 80 84
56 7 1 44 69 35 68
83 52 92 30 52 85 47
57 86 30 49 69 54 57
78 31 89 31 61 59 77
62 57 54 27 89 52 35
38 88 30 54 86 64 75
58 63 67 95 73 11 21
36 94 6 99 84 88 62
27 5 52 75 48 55 5
83 71 46 86 63 54 46
34 73 86 42 30 95 64
7 63 76 88 54 82 11
8 98 63 86 58 97 89
80 92 98 49 84 95 3
13 30 63 17 79 97 61
45 94 36 79 62 2 96
84 52 94 57 71 26 20
6 37 16 58 66 17 79
64 7 75 100 68 41 67
53 83 42 85 38 75 50
46 32 49 78 73 96 66
13 53 98 90 64 48 12
41 59 11 64 1 97 83
99 88 73 85 94 47 21
10 52 35 19 64 41 91
51 96 9 63 73 73 88
47 86 67 54 15 65 100
80 97 28 70 59 95 18
54 2 72 88 76 53 6
85 51 81 85 86 35 4
91 49 9 6 15 20 59
80 86 67 81 82 16 59
94 44 79 41 51 35 57
93 14 34 83 93 55 53
71 56 63 90 64 23 96
70 53 53 69 86 79 55
56 60 70 55 85 5 56
63 30 74 74 85 54 62
22 51 30 53 53 33 96
13 69 52 95 90 69 78
53 62 5 92 61 50 48
78 90 7 7 34 55 75
83 52 75 73 68 59 57
35 66 94 56 52 85 7
84 92 77 29 88 35 72
51 42 96 26 64 70 15
71 76 36 45 22 80 77
51 85 88 55 54 61 56
35 98 30 88 62 98 61
39 23 90 7 69 85 60
92 4 88 51 60 80 41
35 84 86 39 75 77 79
63 78 53 96 54 90 2
16 51 4 94 60 47 44
76 98 96 11 96 37 58
50 1 82 89 57 53 70
60 61 78 49 85 58 43
24 75 37 27 43 30 31
90 10 79 66 61 86 97
23 63 58 74 77 85 77
54 16 87 31 86 87 18
71 78 54 88 75 19 4
89 1 71 100 10 53 75
96 10 49 43 48 80 31
82 89 70 62 35 90 65
57 70 10 92 58 39 90
89 63 26 24 81 94 76
54 16 65 65 90 59 56
59 6 55 56 12 8 76
7 99 80 83 50 82 58
95 99 100 61 62 28 51
41 75 76 16 98 85 86
53 71 80 74 95 68 23
55 30 13 74 90 71 97
72 3 56 71 96 54 92
74 64 25 3 56 78 77
58 97 63 65 15 80 11
57 60 79 19 92 69 7
22 83 60 98 56 2 51
83 47 20 96 100 79 35
63 37 76 70 9 61 17
38 54 76 55 60 24 68
64 92 28 83 91 32 73
75 83 16 51 91 62 65
79 78 64 73 10 71 71
69 63 46 72 93 86 16
70 55 62 97 6 17 93
90 50 48 69 56 36 56
87 54 69 48 60 61 92
74 64 5 92 53 13 70
72 80 92 66 13 97 13
55 54 63 21 59 92 61
65 52 57 93 17 60 75
56 62 65 68 39 58 28
85 67 97 25 64 4 25
14 45 81 19 12 84 45
83 97 71 65 1 66 62
83 81 85 55 85 81 23
4 66 70 58 78 49 84
81 67 32 54 41 28 93
51 87 99 15 51 61 39
33 4 86 100 19 76 16
18 59 85 92 98 83 22
35 56 29 76 80 54 63
88 63 53 92 22 55 73
70 91 55 32 36 96 30
46 44 8 98 96 95 58
72 100 2 99 66 76 81
95 58 76 62 22 72 7
74 67 55 72 2 67 31
23 99 65 57 78 39 14
6 52 66 4 51 95 67
57 78 5 52 76 26 70
75 32 19 18 41 82 76
71 79 38 23 37 45 93
82 100 19 96 60 73 21
3 58 95 41 37 85 51
64 84 63 53 49 13 31
58 92 73 49 63 26 89
71 62 93 31 70 1 18
93 51 47 69 62 55 52
3 39 89 82 30 55 57
40 92 55 69 96 28 50
53 55 70 57 80 85 66
56 99 8 95 83 16 61
99 1 83 8 35 41 66
59 98 80 52 34 51 84
90 37 58 93 85 4 45
10 86 67 92 65 96 55
47 14 98 37 57 3 85
67 98 76 56 68 9 74
68 46 74 78 75 66 2
59 3 82 76 96 79 67
51 26 15 63 81 93 81
83 17 33 80 58 40 67
18 35 37 88 68 66 34
88 1 91 95 67 34 99
80 74 92 63 51 63 72
57 94 79 23 52 53 59
85 20 29 51 31 94 13
59 55 96 4 51 9 60
55 63 72 62 78 91 72
99 69 92 68 62 54 55
72 51 60 32 12 68 57
79 42 83 61 94 95 27
74 83 28 83 8 95 21
98 100 52 76 1 60 100
92 26 100 42 91 56 53
78 73 89 47 4 19 79
96 1 57 82 11 90 88
80 4 53 77 79 58 51
56 36 31 5 90 68 73
93 40 92 58 51 67 69
42 35 9 45 58 67 63
80 76 2 74 41 87 74
83 58 93 61 60 97 36
99 73 75 94 38 63 12
75 34 38 32 69 76 59
100 30 53 72 92 9 20
83 24 97 37 19 20 79
91 96 96 4 18 57 94
38 17 17 97 60 86 99
8 53 56 82 77 83 65
22 11 69 54 45 90 54
18 100 69 99 59 87 84
78 83 41 85 91 11 95
27 77 61 51 96 91 14
21 96 82 66 66 76 60
66 55 75 77 1 62 64
5 42 74 58 94 88 18
52 12 63 12 16 76 88
57 97 82 53 30 55 76
99 58 7 99 46 34 23
92 59 30 87 57 66 57
58 63 6 71 65 62 61
84 58 11 11 91 76 94
50 95 13 92 100 76 30
80 82 9 98 59 62 15
54 78 97 56 13 73 76
47 84 9 69 95 28 85
64 74 70 68 80 48 60
87 74 55 32 83 4 54
88 68 42 68 85 4 66
65 52 81 62 28 75 58
11 1 26 51 51 12 43
79 75 51 2 78 73 98
4 79 96 17 71 74 79
62 69 87 59 91 73 16
69 20 79 71 17 62 62
98 83 3 62 22 96 75
63 80 95 65 4 59 87
81 67 54 5 66 85 35
68 73 87 27 51 38 64
85 77 73 58 36 71 10
76 93 12 7 58 90 29
5 92 76 13 51 83 75
62 89 91 8 71 99 52
70 56 91 78 74 16 38
23 95 58 76 9 96 87
85 100 96 54 68 4 61
69 59 9 88 19 60 88
11 100 58 70 71 62 40
20 69 72 2 72 52 80
65 93 82 51 22 6 94
15 97 5 56 86 73 80
16 66 49 95 25 14 98
87 67 98 37 18 55 20
58 73 52 16 74 71 57
65 65 84 46 27 7 79
75 79 87 70 80 84 8
11 98 88 90 12 69 87
96 38 54 56 22 1 67
1 96 52 81 26 59 67
55 51 80 5 92 57 88
36 83 91 1 100 63 97
49 63 32 38 82 50 62
55 50 5 13 77 80 62
70 26 72 47 68 60 99
61 68 89 98 72 43 12
3 54 74 96 72 83 95
74 96 89 17 45 94 78
69 37 61 68 84 52 20
69 70 5 82 61 70 82
88 44 23 38 92 74 64
29 6 24 67 81 48 95
97 66 18 40 55 80 43
34 51 46 60 73 8 76
10 99 89 54 62 79 88
64 25 16 48 71 2 84
58 3 78 97 38 56 80
