250 7
52 31 14 63 35 40 73
99 84 60 79 54 64 55
75 78 97 55 65 52 95
12 60 51 91 57 60 94
90 81 68 84 73 67 69
33 1 95 57 52 55 62
81 55 97 77 80 76 49
64 72 59 88 93 31 64
53 60 84 53 42 53 27
29 83 100 25 64 72 54
93 79 53 51 93 78 94
97 81 83 85 62 93 71
94 87 66 54 73 93 79
60 23 88 91 96 89 77
54 71 65 20 58 91 81
51 67 86 52 71 78 86
11 97 56 70 42 67 85
57 80 78 99 89 52 64
70 70 70 94 73 11 72
7 73 76 65 48 57 59
54 83 87 80 66 51 52
80 73 71 81 70 60 69
6 58 39 29 54 90 27
73 68 59 92 81 55 13
30 27 99 59 56 95 95
1 81 60 88 83 26 93
85 33 97 73 62 88 20
90 56 91 94 87 10 53
88 66 74 2 68 67 42
94 71 93 98 68 64 26
46 12 78 41 76 56 98
72 19 68 61 96 62 92
39 91 51 72 19 69 47
8 62 26 93 88 76 8
29 88 51 75 85 60 51
60 59 73 63 62 50 14
68 41 85 98 91 2 39
59 59 8 86 6 17 53
83 57 22 55 57 74 45
80 91 61 10 94 94 12
87 56 65 49 67 63 7
69 61 23 58 52 75 82
4 85 90 33 16 79 85
76 76 12 75 57 17 45
39 43 66 74 59 75 79
21 97 84 75 27 62 97
79 81 99 17 81 67 68
50 4 91 96 72 15 88
91 72 36 92 61 39 23
93 47 99 100 33 75 90
25 82 89 95 31 54 83
74 82 75 61 51 65 44
89 54 89 68 57 85 66
89 73 79 45 72 63 35
38 69 64 71 64 3 78
95 76 55 73 63 67 63
84 98 20 18 2 65 51
94 58 82 84 56 63 59
83 42 93 69 80 63 7
66 64 83 92 19 15 56
80 68 93 65 32 51 51
91 49 100 60 47 29 56
97 92 69 59 87 74 2
60 92 54 66 78 22 89
93 89 96 71 51 39 18
70 65 34 25 69 28 91
70 4 4 52 16 43 94
90 62 85 72 55 30 80
96 63 76 61 52 78 51
32 68 55 15 68 98 71
74 9 30 85 84 60 71
91 88 1 50 100 98 61
53 48 54 91 96 64 61
91 86 32 5 73 26 93
99 29 96 75 5 85 53
75 90 89 49 74 71 55
63 24 7 92 11 86 65
41 75 35 20 19 34 39
15 76 67 95 93 55 74
61 50 20 68 65 90 54
93 72 70 84 5 71 90
56 25 86 7 57 74 92
56 91 99 65 15 80 55
91 89 95 66 63 8 61
75 73 24 71 55 27 66
85 14 60 98 100 38 60
93 29 93 2 98 74 92
62 18 78 54 82 64 80
55 96 27 2 42 42 93
73 61 100 100 32 51 2
73 1 1 90 81 87 55
39 100 42 89 77 17 92
12 70 12 43 58 11 59
66 71 75 53 64 52 35
97 66 86 66 52 77 16
93 23 66 64 81 54 26
81 85 98 35 78 57 30
64 54 85 92 65 66 53
57 83 66 61 56 36 14
74 54 68 55 64 9 92
75 60 90 16 78 75 29
43 86 85 52 15 93 95
4 72 47 75 8 86 62
94 58 60 38 60 89 74
84 78 79 85 14 35 5
75 5 18 89 67 77 62
61 80 35 49 28 93 33
74 100 91 3 82 81 12
57 31 85 99 3 92 99
83 63 91 48 97 3 3
11 84 78 10 58 77 86
90 20 67 46 24 75 89
89 62 70 72 47 55 61
28 33 100 85 99 13 80
63 94 55 79 7 29 21
53 99 100 62 42 51 17
68 14 83 34 70 49 87
93 65 89 59 55 27 80
52 1 58 62 4 92 69
85 44 72 77 2 23 71
44 62 18 3 76 30 53
81 17 11 74 72 17 93
71 52 78 90 89 84 33
18 56 79 74 69 63 58
40 62 86 92 24 21 43
5 91 94 66 80 61 69
72 55 15 43 43 15 21
66 51 14 43 52 91 68
6 83 71 59 88 33 95
28 85 5 68 73 24 68
11 47 78 75 81 75 85
58 29 83 81 92 53 96
85 11 67 30 82 84 99
57 10 96 22 12 86 84
79 76 1 87 55 95 83
62 26 53 91 69 96 28
15 76 61 7 95 57 79
10 65 100 12 85 59 66
62 45 83 30 84 9 95
60 20 70 51 73 90 40
62 25 76 93 39 71 12
67 43 54 67 83 92 51
53 3 31 64 91 87 96
81 14 9 84 80 32 68
5 67 57 97 94 50 100
13 81 63 14 66 32 65
70 80 35 63 25 43 15
91 53 44 38 55 80 59
88 92 55 15 62 17 58
95 39 77 61 22 81 59
13 100 87 55 70 4 69
28 96 31 80 76 68 51
51 57 67 75 44 91 65
97 41 69 12 32 85 53
90 98 73 56 100 69 6
76 53 80 92 56 76 39
21 36 79 26 9 67 25
37 59 100 15 74 50 95
4 56 63 64 95 45 72
38 66 77 7 95 9 81
75 49 32 29 52 60 82
69 59 84 85 90 27 42
59 88 63 98 17 61 47
83 85 76 11 74 61 100
77 49 52 20 74 64 46
13 55 65 96 79 60 12
87 90 63 46 16 43 26
63 2 60 97 5 24 56
70 27 57 13 96 76 89
54 69 65 57 58 67 89
96 66 72 73 87 66 2
71 73 77 26 98 98 31
91 80 6 88 86 19 83
47 70 48 33 58 3 88
39 28 88 32 82 57 91
46 59 67 85 79 64 68
76 49 78 77 94 17 84
52 35 54 51 95 98 95
58 79 1 87 60 71 57
51 54 23 73 47 64 88
12 68 78 84 20 80 81
62 73 15 6 100 76 17
31 96 98 64 83 2 72
5 65 72 71 70 70 78
8 41 97 52 48 92 40
20 69 51 8 78 73 99
48 42 49 9 94 54 89
13 97 93 69 55 69 42
100 60 69 69 10 88 42
42 19 76 52 52 49 64
94 43 56 99 89 100 23
58 97 79 63 83 98 11
57 19 66 99 90 71 11
53 70 74 95 96 73 46
72 83 81 88 57 5 70
68 19 98 37 78 76 55
63 55 73 33 66 30 98
82 1 55 6 5 98 18
96 93 46 67 11 45 53
74 34 15 13 96 76 32
86 28 36 71 87 27 77
71 78 96 65 92 52 1
53 9 81 37 85 53 65
98 32 96 3 98 80 52
58 54 55 99 34 93 56
14 68 85 68 92 87 93
87 25 94 67 73 76 10
16 26 95 77 52 12 61
6 72 62 62 37 46 91
13 60 36 67 35 64 52
22 74 7 55 35 54 95
92 89 4 23 100 71 68
99 83 45 51 17 71 78
60 86 46 78 80 97 8
60 93 40 74 51 78 30
74 20 54 69 52 57 58
99 1 84 79 5 62 61
62 87 96 12 88 59 17
52 100 91 16 97 80 19
12 33 48 62 95 52 86
81 93 50 77 11 70 72
93 76 26 18 7 53 83
96 66 56 57 19 2 73
5 7 31 28 81 65 62
26 14 92 64 57 96 99
6 4 57 30 74 87 72
36 25 53 49 85 67 29
81 87 70 84 18 53 54
91 75 23 72 28 35 15
92 99 43 56 63 82 16
61 60 1 83 2 86 28
82 89 20 98 70 48 5
1 62 35 63 62 82 95
20 93 70 100 19 8 81
76 55 63 71 11 7 54
42 94 93 95 57 47 6
62 21 2 78 84 94 64
67 60 66 2 62 65 52
68 77 1 61 60 75 92
91 84 75 12 68 6 86
96 6 13 98 3 82 58
79 41 99 11 67 83 80
90 52 71 82 86 52 65
77 52 57 15 98 61 71
96 14 72 41 97 72 52
47 100 52 28 72 46 12
92 59 63 60 41 62 63
96 67 64 78 91 75 13
8 17 60 79 94 57 81
62 91 90 62 2 73 71
