250 7
0.38 0.10 0.62 0.91 0.19 0.26 0.70
0.14 0.65 0.59 0.91 0.74 0.66 0.90
0.57 0.56 0.65 0.79 0.72 0.66 0.17
0.77 0.82 1.00 0.22 0.82 0.76 0.84
1.00 0.95 0.33 0.77 0.51 0.96 0.72
0.73 0.92 0.72 0.69 0.70 0.58 0.88
0.52 0.99 0.75 0.59 0.77 0.84 0.98
0.03 0.46 0.48 0.87 0.06 0.54 0.97
0.85 0.53 0.61 0.92 0.72 0.78 0.52
0.53 0.80 0.74 0.74 0.97 0.54 0.95
0.43 0.61 0.85 0.52 0.73 0.64 0.89
0.82 0.87 0.76 0.54 0.76 0.84 0.89
0.67 0.56 0.53 0.07 0.73 0.98 0.43
0.90 0.23 0.80 0.78 0.84 0.54 0.63
0.99 0.28 0.42 0.61 0.27 0.58 0.90
0.58 0.20 0.53 0.14 0.75 0.75 0.56
0.55 0.73 0.86 0.71 0.86 0.86 0.78
0.69 0.60 0.80 0.67 0.63 0.84 0.81
0.73 0.85 0.77 0.37 0.34 0.59 0.94
0.97 0.97 0.56 0.52 0.44 0.48 0.76
0.41 0.76 0.90 0.53 0.64 0.60 0.71
0.81 0.49 0.79 0.73 0.81 0.45 0.27
0.78 0.53 0.71 0.73 0.87 0.73 0.79
0.72 0.75 0.60 0.87 0.52 0.83 0.89
0.19 0.76 0.38 0.89 0.51 0.83 0.87
0.54 0.63 0.76 0.56 0.93 0.10 0.60
0.73 0.60 0.52 0.53 0.82 0.38 0.73
0.73 0.21 0.94 0.31 0.81 0.85 0.22
0.20 0.31 0.11 0.21 0.33 0.62 0.77
1.00 0.15 0.74 0.84 0.95 0.74 0.67
0.05 0.87 0.26 0.64 0.89 0.96 0.37
0.76 0.40 0.79 0.04 0.91 0.20 0.42
0.57 0.84 0.80 0.88 0.39 0.90 0.74
0.99 0.67 0.60 0.69 0.95 0.56 0.34
0.94 0.86 0.62 0.56 0.26 0.43 0.68
0.47 0.37 0.78 0.62 0.36 0.58 1.00
0.86 0.70 0.72 0.02 0.56 0.88 0.83
0.89 0.52 0.70 0.87 0.81 0.63 0.58
1.00 0.56 0.55 1.00 0.52 0.88 0.75
0.65 0.89 0.93 0.51 0.38 0.77 0.51
0.54 0.80 0.70 0.26 0.79 0.51 0.29
0.82 0.88 0.72 0.71 0.82 0.30 0.46
0.98 0.08 0.44 0.82 0.28 0.90 0.99
0.17 0.89 0.55 0.74 0.75 0.77 0.63
0.68 0.82 0.84 0.79 0.29 0.70 0.99
0.84 0.52 0.76 0.99 0.57 0.54 0.64
0.81 0.51 0.96 0.28 0.45 0.84 0.58
0.26 0.91 0.88 0.97 0.15 0.86 0.83
1.00 0.86 0.80 0.19 0.70 0.97 0.59
0.69 0.19 0.76 0.16 0.69 0.44 0.49
0.52 0.75 0.62 0.16 0.85 0.56 0.55
0.79 0.17 0.90 0.81 0.77 0.89 0.18
0.51 1.00 0.58 0.83 0.62 0.62 0.69
0.67 0.98 0.72 0.53 0.70 0.18 0.43
0.71 0.71 0.74 0.64 0.57 0.71 0.24
0.84 0.21 0.54 0.72 0.30 0.96 0.32
0.53 0.04 0.77 0.38 0.60 0.52 0.63
0.78 0.03 0.55 0.39 0.09 0.90 0.95
0.61 0.90 0.75 0.56 0.68 0.76 0.67
0.95 0.26 0.60 0.35 0.97 0.70 0.22
0.14 0.87 0.53 0.68 0.83 0.94 0.97
1.00 0.31 0.10 0.20 0.55 0.14 0.33
0.02 0.96 0.80 0.54 0.92 0.52 0.26
0.59 0.95 0.55 0.08 0.21 0.95 0.97
0.99 0.71 0.61 0.55 0.62 0.60 0.84
0.88 0.53 0.93 0.33 0.67 0.30 0.18
0.55 0.67 0.40 0.79 0.29 0.34 0.18
0.97 0.68 0.62 0.28 0.58 0.49 0.55
0.45 0.37 0.71 0.37 0.59 1.00 0.53
0.81 0.52 0.70 0.32 0.73 0.62 0.75
0.57 0.87 0.20 0.31 0.47 0.56 0.68
0.45 0.60 0.39 0.79 0.59 0.84 0.54
0.76 0.33 0.89 0.39 0.01 0.10 0.77
0.09 0.79 0.64 0.49 0.32 0.91 0.94
0.90 0.91 0.33 0.74 0.64 0.51 0.87
0.64 0.88 0.98 0.15 0.22 0.93 0.62
0.84 0.60 1.00 0.87 0.33 0.94 0.61
0.96 0.94 0.06 0.74 0.42 0.82 0.60
0.61 0.77 0.89 0.62 0.11 0.42 0.81
0.85 0.78 0.24 0.87 0.16 0.95 0.91
0.53 0.70 0.79 0.52 0.93 0.15 0.82
0.94 0.60 0.09 0.77 0.48 0.78 0.70
0.84 0.86 0.58 0.53 0.56 0.90 0.72
0.53 0.55 0.60 0.97 0.82 1.00 0.63
0.15 0.47 0.54 0.40 0.83 0.58 0.13
0.71 0.95 0.91 0.69 0.03 0.79 0.15
0.82 0.92 0.79 0.70 0.67 0.16 0.56
0.53 0.90 0.22 0.79 0.79 0.04 0.51
0.69 0.59 0.73 0.18 0.58 0.21 0.12
0.12 0.85 0.89 0.27 0.57 0.86 0.76
0.44 0.75 0.76 0.56 0.76 0.03 0.84
0.97 0.55 0.92 0.91 0.40 0.38 0.62
0.59 0.94 0.70 0.68 0.86 0.46 0.05
0.66 0.24 0.72 0.67 0.46 0.74 0.90
0.02 0.82 0.17 0.96 0.04 0.39 0.59
0.51 0.36 0.77 0.43 0.81 0.55 0.83
0.72 0.58 0.96 0.72 0.58 0.63 0.55
0.53 0.92 0.65 0.84 0.53 0.19 0.90
0.22 0.81 0.53 0.95 0.03 0.71 0.73
0.60 0.86 0.88 0.57 0.75 0.09 0.75
0.72 0.58 0.04 0.68 0.86 0.77 0.59
0.37 0.40 0.99 0.81 0.28 0.70 0.70
0.34 0.92 0.77 0.71 0.71 0.96 0.14
0.64 0.50 0.55 0.16 0.74 0.66 0.60
0.08 0.92 0.33 0.61 0.03 0.11 0.88
0.81 0.67 0.11 0.99 0.84 0.36 0.83
0.04 0.59 0.72 0.09 0.99 0.70 0.48
0.51 0.82 0.14 0.90 0.32 0.74 0.67
0.51 0.24 0.86 0.59 0.18 0.70 0.19
0.64 0.74 0.58 0.90 0.08 0.56 0.65
0.62 0.64 0.80 0.58 0.25 0.51 0.98
0.63 0.10 0.80 0.63 0.42 0.03 0.52
0.51 0.29 0.85 0.79 0.69 0.66 0.97
0.75 0.26 0.65 0.87 0.72 0.62 0.82
0.75 0.75 0.24 0.25 0.48 0.52 0.16
0.46 0.16 0.75 0.09 0.78 0.48 0.59
0.81 0.08 0.94 0.63 0.93 0.20 0.82
0.58 0.87 0.45 0.24 0.23 0.64 0.63
0.87 0.12 0.94 0.11 0.18 0.69 1.00
0.85 0.54 0.70 0.32 0.51 0.86 0.58
0.21 0.45 0.80 0.75 0.25 0.55 0.89
0.56 0.44 0.92 0.87 0.39 0.57 0.60
0.93 0.36 0.59 0.13 0.50 0.03 0.43
0.18 0.73 0.82 0.84 0.65 0.93 0.87
0.95 0.14 0.18 0.82 0.53 0.16 0.98
0.10 0.15 0.88 0.66 0.70 0.87 0.51
0.80 0.22 0.64 0.81 0.20 0.82 0.52
0.88 0.31 0.66 0.44 0.75 0.97 0.30
0.80 0.98 0.10 0.63 0.51 0.58 0.97
0.52 0.95 0.40 0.18 0.35 1.00 0.69
0.97 0.27 0.36 0.97 0.88 0.19 0.61
0.63 0.61 0.76 0.85 0.95 0.29 0.66
0.19 0.93 0.07 0.70 0.88 1.00 0.67
0.08 0.60 0.81 0.18 0.40 0.85 0.60
0.07 0.85 0.76 0.53 0.55 0.97 0.68
0.80 0.72 0.94 0.36 0.73 0.11 0.74
0.52 0.56 0.91 0.75 0.17 0.64 0.86
0.60 0.14 0.74 0.79 0.57 0.65 0.40
0.81 0.05 0.81 0.79 0.40 0.07 0.60
0.53 0.78 0.91 0.84 0.36 0.59 0.57
0.55 0.60 0.05 0.55 0.57 0.47 0.99
0.93 0.92 0.12 0.31 0.08 0.88 0.29
0.01 0.98 0.38 0.22 0.60 0.86 0.13
0.51 0.86 0.32 0.64 0.70 0.84 0.37
0.62 0.80 0.05 0.97 0.69 0.53 0.21
0.77 0.68 0.26 0.20 0.05 0.73 0.72
0.23 0.86 0.68 0.58 0.56 0.59 0.57
0.94 0.62 0.53 0.63 0.80 0.05 0.54
0.41 0.78 0.05 0.89 0.63 0.68 0.53
0.23 0.21 0.74 0.63 0.76 0.24 0.51
0.88 0.91 0.05 0.60 0.49 0.94 0.61
0.95 0.78 0.44 0.62 0.28 0.17 0.59
0.22 0.76 0.86 0.93 0.85 0.46 0.99
0.87 0.71 0.75 0.85 0.24 0.59 0.94
0.75 0.09 0.53 0.63 0.77 0.83 0.85
0.90 0.64 0.30 0.58 0.57 0.57 0.77
0.09 0.62 0.29 0.70 0.11 0.51 0.05
0.61 0.67 0.51 0.94 0.36 0.26 0.11
0.12 0.13 0.02 0.92 0.46 0.37 0.74
0.72 0.80 0.32 0.57 0.80 0.35 0.76
0.13 0.26 0.60 0.97 0.40 0.78 0.03
0.46 0.85 0.83 0.69 0.72 0.70 0.48
0.90 0.70 0.14 0.66 0.91 0.47 0.32
0.83 0.19 0.58 0.66 0.65 0.60 0.97
0.57 0.83 0.67 0.62 0.54 0.40 0.21
0.03 0.42 0.52 0.28 0.79 0.73 0.93
0.71 0.04 0.31 0.57 0.05 0.60 0.54
0.91 0.21 0.70 0.79 0.80 0.52 0.58
0.78 0.89 0.62 0.97 0.01 0.20 0.60
0.59 0.95 0.81 0.35 0.52 0.63 0.46
0.70 0.30 0.72 0.09 0.62 0.67 0.83
0.70 0.56 0.32 0.36 0.05 0.61 0.47
0.52 0.25 0.76 0.88 0.67 0.97 0.91
0.54 0.20 0.41 0.89 0.28 0.65 0.72
0.79 0.04 0.52 0.99 0.36 0.43 0.89
0.13 0.15 0.90 0.59 0.22 0.40 0.91
0.60 0.62 0.89 0.50 0.29 0.75 0.53
0.41 0.99 0.01 0.61 0.22 0.11 0.63
0.78 0.99 0.68 0.04 0.60 0.81 0.85
1.00 0.03 0.70 0.41 0.72 0.74 0.08
0.83 0.58 0.92 0.73 0.76 0.90 0.12
0.26 0.71 0.82 0.63 0.18 0.14 0.24
0.89 0.18 0.28 0.22 1.00 0.77 0.80
0.83 0.52 0.36 0.11 0.78 0.45 0.57
0.07 0.43 0.76 0.60 0.55 0.69 0.50
0.65 0.02 0.72 0.57 0.39 0.70 0.80
0.57 0.73 0.98 0.56 0.47 0.34 0.85
0.57 0.34 0.83 0.52 0.65 0.98 0.24
0.60 0.25 0.67 0.20 0.60 0.46 0.62
0.05 0.04 0.55 0.66 0.43 0.52 0.57
0.71 0.98 0.36 0.80 0.28 0.01 0.59
0.69 0.77 0.46 0.52 0.23 0.99 0.58
0.81 0.57 0.24 0.70 0.81 0.46 0.40
0.35 0.61 0.21 0.86 0.90 0.78 0.38
0.29 0.57 0.91 0.77 0.76 0.77 0.37
0.80 0.21 0.63 0.09 0.99 0.58 0.26
0.06 0.27 0.78 0.62 0.85 0.35 0.58
0.53 0.67 0.25 0.69 0.57 0.96 0.07
0.59 0.71 0.01 0.31 0.61 1.00 0.66
0.94 0.34 0.61 0.63 0.32 0.33 0.68
0.83 0.81 0.50 0.99 0.10 0.37 0.27
0.57 0.86 0.89 0.58 0.63 0.53 0.59
0.92 0.60 0.91 0.85 0.24 0.10 0.01
0.86 0.85 0.53 0.17 0.81 0.03 0.74
0.67 0.62 0.58 0.62 0.27 0.70 0.99
0.17 0.02 0.51 0.17 0.66 0.97 0.74
0.93 0.54 0.63 0.72 0.14 0.30 0.71
0.72 0.15 0.54 0.56 0.22 0.29 0.60
0.50 0.84 0.65 0.16 0.96 0.91 0.40
0.04 0.34 0.90 0.94 0.55 0.69 0.78
0.65 0.49 0.58 0.78 0.79 0.71 0.27
0.90 0.05 0.62 0.91 0.04 0.92 0.28
0.77 0.58 0.43 0.65 0.73 0.53 0.92
0.47 0.10 0.92 0.59 0.53 0.27 0.54
0.67 0.71 0.80 0.92 0.99 0.79 0.04
0.34 0.85 0.03 1.00 0.19 0.61 0.12
0.54 0.86 0.87 0.40 0.62 0.49 0.91
0.56 0.65 0.90 0.37 0.74 0.69 0.02
0.38 0.79 0.95 0.72 1.00 0.02 0.71
0.37 0.63 0.70 0.63 0.09 0.71 0.02
0.14 0.96 0.10 0.86 0.81 1.00 0.72
0.47 0.73 0.97 0.10 0.82 0.54 0.54
0.54 0.86 0.33 0.18 0.22 0.67 0.20
0.22 0.80 0.83 0.58 0.98 0.90 0.03
0.56 0.83 0.51 0.06 0.79 0.87 0.57
0.82 0.69 0.66 0.57 0.32 0.57 0.42
0.76 0.90 0.76 0.78 0.59 0.08 0.97
0.63 0.19 0.55 0.47 0.74 0.58 0.62
0.06 0.59 0.67 0.18 0.51 0.95 0.71
0.45 0.92 0.08 0.75 0.59 0.95 0.31
0.93 0.01 0.67 0.73 0.63 0.11 0.80
0.31 0.04 0.77 0.38 0.92 0.38 0.70
0.66 0.83 0.90 0.58 0.18 0.85 0.57
0.02 0.95 0.51 0.50 0.11 0.81 0.65
0.56 0.83 0.70 0.13 0.66 0.82 0.98
0.01 0.50 0.99 0.70 0.71 0.13 0.36
0.55 0.68 0.27 0.74 0.87 0.69 0.36
0.87 0.89 0.52 0.59 0.82 0.16 0.68
0.80 0.58 0.71 0.48 0.85 0.26 0.70
0.10 0.79 0.82 0.10 0.61 0.74 0.01
0.13 0.56 0.73 0.88 0.95 0.65 0.05
0.96 0.42 0.03 0.16 0.20 0.18 0.05
0.79 0.97 0.65 0.01 0.63 0.98 0.02
0.85 0.69 0.63 0.27 0.53 0.50 0.52
0.76 0.70 0.04 0.08 1.00 0.62 0.96
0.40 0.27 0.65 0.59 0.80 0.76 0.26
0.94 0.63 0.17 0.92 0.86 0.98 0.55
0.66 0.58 0.73 0.63 0.57 0.69 0.66
0.70 0.31 0.65 0.31 0.85 0.44 0.82
0.59 0.71 0.44 0.62 0.63 0.39 0.82
