250 7
0.25 0.54 0.28 0.57 0.26 0.14 0.17
0.59 0.28 0.21 0.70 0.82 0.84 0.60
0.59 0.96 0.71 0.33 0.11 0.90 0.76
0.02 0.31 0.66 0.59 0.84 0.91 0.97
0.96 0.94 0.53 0.74 0.19 0.79 0.67
0.01 0.70 0.89 0.86 0.77 0.95 0.93
0.67 0.69 0.11 0.53 0.53 0.77 0.64
0.93 0.79 0.57 0.89 0.60 0.93 0.06
0.28 0.26 0.72 0.56 0.77 0.83 0.66
0.99 0.72 0.83 0.33 0.90 0.80 0.59
0.94 0.65 0.99 0.31 0.90 0.55 0.60
0.79 0.75 0.68 0.56 0.63 0.91 0.54
0.90 0.96 0.13 0.85 0.52 0.95 0.60
0.93 0.23 0.65 0.78 0.79 0.86 0.93
0.88 0.25 0.57 0.30 0.33 0.68 0.64
0.92 0.98 0.26 0.78 0.97 0.60 0.19
0.01 0.87 0.70 0.51 0.87 0.53 0.75
0.64 0.62 0.04 1.00 1.00 0.85 0.97
0.94 0.78 0.89 0.66 0.69 0.07 0.62
0.44 0.51 0.81 0.56 0.22 0.89 0.82
0.98 0.77 0.45 0.52 0.69 0.76 0.63
0.96 0.59 0.41 0.55 0.65 0.49 0.61
0.25 0.83 0.91 0.42 0.88 0.64 0.95
0.85 0.91 0.96 0.54 0.97 0.87 0.07
0.69 0.26 0.58 0.60 0.77 0.86 0.61
0.47 0.96 0.85 0.78 0.12 0.72 0.80
0.69 0.96 0.88 0.03 0.84 0.52 0.77
0.66 0.74 0.48 0.19 0.88 0.06 0.83
0.77 0.52 0.21 0.69 0.87 0.65 0.77
0.13 0.70 0.75 0.68 0.49 0.86 0.53
0.36 0.52 0.55 0.72 0.26 0.65 0.74
0.54 0.75 0.94 0.22 0.66 0.01 0.73
0.11 0.23 0.55 0.61 0.66 0.53 0.81
0.61 0.83 0.76 0.85 0.12 0.58 0.69
0.77 0.40 0.94 0.14 0.34 0.88 0.04
0.76 0.51 0.50 0.55 0.60 0.89 0.87
0.56 0.59 0.29 0.84 0.03 0.73 0.64
1.00 0.81 0.69 0.27 0.67 0.96 0.92
0.56 0.22 0.04 0.30 0.79 0.87 0.90
0.23 0.78 0.92 0.55 0.76 0.04 0.88
0.98 0.11 0.63 0.68 0.64 0.74 0.77
0.26 0.52 0.55 0.94 0.70 0.58 0.64
0.55 0.91 0.86 0.42 0.79 0.61 0.51
0.75 0.79 0.31 0.76 0.08 0.82 0.79
0.04 0.16 0.69 0.65 0.70 0.90 0.54
0.47 0.97 0.59 0.95 0.01 0.89 0.17
0.82 0.73 0.14 0.75 0.11 0.39 0.96
0.74 0.90 0.12 0.78 0.61 0.58 0.67
0.90 0.46 0.98 0.56 0.51 0.38 0.99
0.95 0.27 0.52 0.20 0.61 0.54 0.84
0.13 0.73 0.85 0.24 0.60 0.70 0.27
0.70 0.79 0.34 0.40 0.93 0.72 0.77
0.21 0.78 0.22 0.64 0.90 0.91 0.72
0.66 0.85 0.97 0.32 0.18 0.73 0.88
0.78 0.45 0.57 0.39 0.31 0.51 1.00
0.53 0.53 0.95 0.28 1.00 0.94 0.89
0.89 0.74 0.94 0.06 0.92 0.51 0.02
0.44 0.02 0.98 0.57 0.90 0.37 0.96
0.59 0.19 0.76 0.88 0.82 0.87 0.94
0.54 0.82 0.55 0.20 0.29 0.82 0.83
0.21 0.83 0.81 0.17 0.88 0.99 0.88
0.98 0.12 0.94 0.38 0.37 0.75 0.39
0.52 0.71 0.04 0.85 0.83 0.52 0.97
0.03 0.61 0.59 0.40 0.79 0.56 0.67
0.78 0.52 0.83 0.80 0.19 0.63 0.68
0.04 0.99 0.84 0.94 0.78 0.82 0.75
0.70 0.81 0.84 0.68 0.48 0.08 0.55
0.48 0.22 0.82 0.44 0.66 0.01 0.89
0.54 0.92 0.59 0.25 0.76 0.60 0.89
0.85 0.90 0.56 0.16 0.22 0.79 0.10
0.34 0.24 0.11 0.58 0.83 0.58 0.66
0.29 0.63 0.17 0.05 0.44 0.71 0.55
0.41 0.72 0.05 0.31 0.40 0.84 0.06
1.00 0.40 0.19 0.52 0.81 0.70 0.57
0.40 0.95 0.97 0.79 0.09 0.02 0.02
0.87 0.58 0.81 0.18 0.84 0.73 0.94
0.54 0.26 0.82 0.42 0.51 0.79 0.04
0.88 0.40 1.00 0.07 0.72 0.57 0.73
0.79 0.69 0.15 0.34 0.52 0.81 0.93
0.79 0.57 0.04 0.65 0.48 0.93 1.00
0.41 0.82 0.66 0.16 0.56 0.67 0.25
0.85 0.18 0.28 0.57 0.40 0.33 0.69
0.50 0.66 0.98 0.45 0.16 0.98 0.65
0.49 0.66 0.54 0.58 1.00 0.09 0.61
0.74 0.95 0.91 0.98 0.60 0.18 0.05
0.96 0.32 0.33 0.35 0.81 0.47 0.79
0.19 0.86 0.73 0.53 0.22 0.70 0.68
0.08 0.60 0.62 0.76 0.22 0.81 1.00
0.07 0.26 0.85 0.66 0.54 0.94 0.82
0.72 0.65 0.80 0.60 0.11 0.84 0.07
0.93 0.51 0.83 0.78 0.89 0.67 0.54
1.00 0.14 0.37 0.55 0.26 0.40 0.63
0.93 0.26 0.26 0.83 0.64 1.00 0.61
0.63 0.27 0.19 0.98 0.85 0.90 0.08
0.17 0.76 0.13 0.09 0.95 0.28 0.51
0.02 0.49 0.94 0.68 0.19 0.52 1.00
0.07 0.70 0.05 0.62 0.81 0.72 0.47
0.02 0.76 0.99 0.94 0.80 0.64 0.77
0.74 0.14 0.79 0.58 0.72 0.23 0.89
0.23 0.68 0.85 0.89 0.61 0.15 0.48
0.89 0.87 0.79 0.05 0.54 0.94 0.44
0.36 0.83 0.24 0.68 0.68 0.56 0.49
0.71 0.84 0.55 0.29 0.33 0.64 0.89
0.51 0.14 0.30 0.66 0.70 0.96 0.67
0.81 0.69 0.55 0.78 0.99 0.71 0.13
0.54 0.16 0.85 0.70 0.71 0.69 0.59
1.00 0.99 0.01 0.51 0.11 0.20 0.99
0.96 0.74 0.54 0.73 0.04 0.02 0.79
0.97 0.46 0.92 0.01 0.73 0.99 0.33
0.17 0.84 0.96 0.81 0.88 0.67 0.52
0.20 0.99 0.54 0.95 0.44 0.83 0.60
0.52 0.08 0.88 0.95 0.64 0.52 0.22
0.79 0.52 0.99 0.62 0.04 0.52 0.85
0.95 0.32 0.68 0.90 0.93 0.53 0.14
0.08 0.27 0.66 0.60 0.62 0.86 0.83
0.10 1.00 0.86 0.77 0.08 0.88 0.79
0.08 0.95 0.68 0.20 0.97 0.60 0.86
0.57 0.37 0.65 0.53 0.10 0.63 0.07
0.88 0.56 0.07 0.34 0.80 0.53 0.79
0.56 0.31 0.50 0.76 0.55 0.94 0.88
0.66 0.58 0.52 0.51 0.66 0.70 0.37
0.69 0.60 0.39 0.09 0.74 0.68 0.83
0.58 0.20 0.86 0.46 0.84 0.89 0.11
0.65 0.16 0.92 0.92 0.52 0.90 0.98
0.41 0.01 0.79 0.92 0.60 0.75 0.75
0.74 0.60 0.80 0.50 0.98 0.87 0.52
0.83 0.10 0.60 0.61 0.53 0.84 0.65
0.56 0.83 0.67 0.65 0.20 0.25 0.99
0.96 0.08 0.76 0.95 0.95 0.66 0.80
0.18 0.67 0.63 1.00 0.64 0.21 0.04
0.92 0.61 0.52 0.93 0.76 0.21 0.04
0.51 0.77 0.80 0.01 0.65 0.17 0.25
0.51 0.37 0.72 0.19 0.83 0.94 0.68
0.53 0.39 0.92 0.78 0.06 0.57 0.71
0.15 0.54 0.47 0.81 0.22 0.82 0.62
0.99 0.13 0.05 0.25 0.59 0.79 0.50
0.80 0.20 0.87 0.92 0.95 0.86 0.52
0.70 0.42 0.71 0.52 0.13 0.19 0.40
0.92 0.56 0.56 0.53 0.60 0.54 0.73
0.15 0.79 0.07 0.51 0.84 0.25 0.06
0.60 0.88 0.05 0.96 0.79 0.45 0.71
0.78 0.59 0.90 0.34 0.13 0.41 0.55
0.64 0.03 0.95 0.65 0.64 0.38 0.81
0.45 0.92 0.28 0.30 0.78 0.32 0.84
0.54 0.99 0.63 0.54 0.66 0.37 0.95
0.88 0.23 0.76 0.14 0.73 0.22 0.58
0.98 0.35 0.98 0.74 0.99 0.84 0.02
0.91 0.16 0.65 0.73 0.73 0.56 0.56
0.70 0.95 0.99 0.15 0.30 0.64 0.29
0.70 0.51 0.85 0.81 0.06 0.52 0.45
0.18 0.47 0.78 0.27 0.52 0.25 0.86
0.60 0.61 0.40 0.71 0.16 0.55 0.46
0.74 0.52 0.54 0.42 0.58 0.64 0.87
0.05 0.37 0.72 0.12 0.42 0.43 0.85
0.66 0.02 0.62 0.55 0.63 0.57 0.96
0.93 0.17 0.55 0.83 0.21 0.70 0.66
0.86 0.68 0.57 0.99 0.47 0.84 0.02
0.04 0.73 0.67 0.70 0.35 0.79 0.96
0.85 0.87 0.66 0.60 0.65 0.03 0.53
0.90 0.91 0.86 0.19 0.83 0.98 0.08
0.62 0.67 0.19 0.89 0.94 0.52 0.54
0.90 0.31 0.16 0.79 0.75 0.54 0.67
0.97 0.53 0.99 0.24 0.10 0.82 0.39
0.18 0.74 0.04 0.97 0.19 0.65 0.88
0.72 0.54 0.71 0.44 0.74 0.76 0.54
0.05 0.46 0.24 0.35 0.82 0.69 0.64
0.52 0.50 0.91 0.58 0.99 0.84 0.56
0.88 0.10 0.97 0.86 0.53 0.78 0.70
0.56 0.83 0.51 0.55 0.60 0.67 0.89
0.76 0.39 0.69 0.84 0.01 0.65 0.94
0.64 0.56 0.85 0.01 0.69 0.37 0.36
0.88 0.75 0.94 0.05 0.69 0.32 0.93
0.89 0.99 0.74 0.51 0.51 0.56 0.16
0.52 0.26 0.44 0.59 0.99 0.60 0.59
0.63 0.27 0.84 0.33 0.81 0.36 0.92
0.82 0.59 0.98 0.09 0.16 0.73 0.78
0.85 0.23 0.57 0.76 0.55 0.57 0.30
0.76 0.02 0.42 0.75 0.03 0.54 0.14
0.65 0.36 0.86 0.51 0.53 0.74 0.59
0.69 0.09 0.77 0.95 0.67 0.52 0.91
0.71 0.20 0.07 0.64 0.70 0.03 0.87
0.45 0.59 0.31 0.42 0.57 0.97 0.93
0.33 0.98 0.21 0.79 0.26 0.78 0.71
0.75 0.10 0.66 0.86 0.89 0.84 0.34
0.16 0.12 0.57 0.04 0.56 0.57 0.73
0.84 0.83 0.94 0.01 0.58 0.10 0.28
0.06 0.75 0.53 0.25 0.58 0.48 0.61
0.08 0.60 0.89 0.53 0.82 0.75 0.60
0.81 1.00 0.68 0.53 0.69 0.08 0.56
0.61 0.88 0.58 0.64 0.08 0.92 0.62
0.10 0.58 0.10 0.61 0.67 0.53 0.86
0.73 0.61 0.86 0.37 0.88 0.64 0.19
0.76 0.06 0.46 0.93 0.77 0.42 0.30
0.65 0.74 0.74 0.74 0.96 0.62 0.05
0.86 0.74 0.66 0.17 0.95 0.96 0.46
0.89 0.14 0.61 0.67 0.63 0.17 0.94
0.58 0.69 0.84 0.77 0.97 0.58 0.08
0.75 0.01 0.67 0.57 0.72 0.97 0.66
0.59 0.93 0.77 0.85 0.37 0.02 0.78
0.97 0.24 0.93 0.97 0.48 0.18 0.29
0.74 0.63 0.61 0.76 0.02 0.32 0.72
0.74 0.89 0.73 0.55 0.56 0.23 0.28
0.91 0.57 0.01 0.54 0.46 0.90 0.76
0.14 0.84 0.95 0.05 0.77 0.93 0.59
0.03 0.84 0.87 0.08 0.98 0.96 0.67
0.30 0.92 0.68 0.80 0.64 0.11 0.32
0.87 0.76 0.61 0.67 0.22 0.75 0.25
0.66 0.30 0.48 0.67 0.64 0.58 0.94
0.84 0.66 0.60 0.53 0.73 0.35 0.96
0.79 0.07 0.82 0.98 0.77 0.05 0.63
0.30 0.08 0.08 0.41 0.45 0.52 0.83
0.16 0.62 0.67 0.88 0.54 0.85 0.56
0.57 0.08 0.65 0.79 0.20 0.78 0.68
0.80 0.09 0.48 0.65 0.28 0.67 0.84
0.54 0.57 0.67 0.37 0.82 0.52 0.93
0.79 0.82 0.76 0.78 0.76 0.13 0.62
0.78 0.91 0.37 0.08 0.98 0.54 0.58
0.85 0.65 0.59 0.38 0.73 0.51 0.96
0.85 0.37 0.78 0.89 0.99 0.10 0.17
0.17 0.08 0.68 0.26 0.05 0.87 0.75
0.76 0.89 0.67 0.41 0.81 0.52 0.57
0.80 0.34 0.52 0.34 0.69 0.90 0.57
0.57 0.62 0.70 0.52 0.60 0.20 0.74
0.39 0.41 0.83 0.84 0.50 0.06 0.98
0.23 0.49 0.09 0.71 0.95 0.97 0.68
0.61 0.32 0.86 0.59 0.77 0.57 0.11
0.70 0.76 0.20 0.68 0.63 0.69 0.20
0.63 0.80 0.85 0.74 0.78 0.59 0.01
0.23 0.71 0.75 0.18 0.98 0.76 0.46
0.73 0.69 0.14 0.66 0.79 0.70 0.42
0.51 0.40 0.62 0.75 0.86 0.70 0.53
0.88 0.06 0.55 0.62 0.49 0.14 0.12
0.85 0.83 0.75 0.01 0.76 1.00 0.10
0.97 0.60 0.36 0.29 0.36 0.31 0.60
0.34 0.59 0.96 0.54 0.74 0.29 0.65
0.74 0.53 0.22 0.80 0.74 0.11 0.79
0.35 0.84 0.80 0.56 0.04 0.86 0.96
0.57 0.73 0.20 0.74 0.81 0.51 1.00
0.83 0.59 0.62 0.72 0.59 0.61 0.06
0.92 0.20 0.74 0.15 0.55 0.16 0.28
0.21 0.52 0.72 0.98 0.51 0.80 0.23
0.57 0.81 0.55 0.84 0.95 0.11 0.78
0.57 0.58 0.76 0.37 0.09 0.74 0.75
0.13 0.06 0.63 0.89 0.15 0.65 0.87
0.87 0.38 0.95 0.10 0.54 0.85 0.14
0.53 0.64 0.26 0.32 0.80 0.56 0.81
0.45 0.46 0.77 0.93 0.79 0.19 0.51
0.13 0.62 0.66 0.52 1.00 0.88 0.32
0.35 0.70 0.81 0.54 0.01 0.64 0.79
0.71 0.68 0.43 0.47 0.58 0.58 0.76
