250 7
25 54 28 57 26 14 17
59 28 21 70 82 84 60
59 96 71 33 11 90 76
2 31 66 59 84 91 97
96 94 53 74 19 79 67
1 70 89 86 77 95 93
67 69 11 53 53 77 64
93 79 57 89 60 93 6
28 26 72 56 77 83 66
99 72 83 33 90 80 59
94 65 99 31 90 55 60
79 75 68 56 63 91 54
90 96 13 85 52 95 60
93 23 65 78 79 86 93
88 25 57 30 33 68 64
92 98 26 78 97 60 19
1 87 70 51 87 53 75
64 62 4 100 100 85 97
94 78 89 66 69 7 62
44 51 81 56 22 89 82
98 77 45 52 69 76 63
96 59 41 55 65 49 61
25 83 91 42 88 64 95
85 91 96 54 97 87 7
69 26 58 60 77 86 61
47 96 85 78 12 72 80
69 96 88 3 84 52 77
66 74 48 19 88 6 83
77 52 21 69 87 65 77
13 70 75 68 49 86 53
36 52 55 72 26 65 74
54 75 94 22 66 1 73
11 23 55 61 66 53 81
61 83 76 85 12 58 69
77 40 94 14 34 88 4
76 51 50 55 60 89 87
56 59 29 84 3 73 64
100 81 69 27 67 96 92
56 22 4 30 79 87 90
23 78 92 55 76 4 88
98 11 63 68 64 74 77
26 52 55 94 70 58 64
55 91 86 42 79 61 51
75 79 31 76 8 82 79
4 16 69 65 70 90 54
47 97 59 95 1 89 17
82 73 14 75 11 39 96
74 90 12 78 61 58 67
90 46 98 56 51 38 99
95 27 52 20 61 54 84
13 73 85 24 60 70 27
70 79 34 40 93 72 77
21 78 22 64 90 91 72
66 85 97 32 18 73 88
78 45 57 39 31 51 100
53 53 95 28 100 94 89
89 74 94 6 92 51 2
44 2 98 57 90 37 96
59 19 76 88 82 87 94
54 82 55 20 29 82 83
21 83 81 17 88 99 88
98 12 94 38 37 75 39
52 71 4 85 83 52 97
3 61 59 40 79 56 67
78 52 83 80 19 63 68
4 99 84 94 78 82 75
70 81 84 68 48 8 55
48 22 82 44 66 1 89
54 92 59 25 76 60 89
85 90 56 16 22 79 10
34 24 11 58 83 58 66
29 63 17 5 44 71 55
41 72 5 31 40 84 6
100 40 19 52 81 70 57
40 95 97 79 9 2 2
87 58 81 18 84 73 94
54 26 82 42 51 79 4
88 40 100 7 72 57 73
79 69 15 34 52 81 93
79 57 4 65 48 93 100
41 82 66 16 56 67 25
85 18 28 57 40 33 69
50 66 98 45 16 98 65
49 66 54 58 100 9 61
74 95 91 98 60 18 5
96 32 33 35 81 47 79
19 86 73 53 22 70 68
8 60 62 76 22 81 100
7 26 85 66 54 94 82
72 65 80 60 11 84 7
93 51 83 78 89 67 54
100 14 37 55 26 40 63
93 26 26 83 64 100 61
63 27 19 98 85 90 8
17 76 13 9 95 28 51
2 49 94 68 19 52 100
7 70 5 62 81 72 47
2 76 99 94 80 64 77
74 14 79 58 72 23 89
23 68 85 89 61 15 48
89 87 79 5 54 94 44
36 83 24 68 68 56 49
71 84 55 29 33 64 89
51 14 30 66 70 96 67
81 69 55 78 99 71 13
54 16 85 70 71 69 59
100 99 1 51 11 20 99
96 74 54 73 4 2 79
97 46 92 1 73 99 33
17 84 96 81 88 67 52
20 99 54 95 44 83 60
52 8 88 95 64 52 22
79 52 99 62 4 52 85
95 32 68 90 93 53 14
8 27 66 60 62 86 83
10 100 86 77 8 88 79
8 95 68 20 97 60 86
57 37 65 53 10 63 7
88 56 7 34 80 53 79
56 31 50 76 55 94 88
66 58 52 51 66 70 37
69 60 39 9 74 68 83
58 20 86 46 84 89 11
65 16 92 92 52 90 98
41 1 79 92 60 75 75
74 60 80 50 98 87 52
83 10 60 61 53 84 65
56 83 67 65 20 25 99
96 8 76 95 95 66 80
18 67 63 100 64 21 4
92 61 52 93 76 21 4
51 77 80 1 65 17 25
51 37 72 19 83 94 68
53 39 92 78 6 57 71
15 54 47 81 22 82 62
99 13 5 25 59 79 50
80 20 87 92 95 86 52
70 42 71 52 13 19 40
92 56 56 53 60 54 73
15 79 7 51 84 25 6
60 88 5 96 79 45 71
78 59 90 34 13 41 55
64 3 95 65 64 38 81
45 92 28 30 78 32 84
54 99 63 54 66 37 95
88 23 76 14 73 22 58
98 35 98 74 99 84 2
91 16 65 73 73 56 56
70 95 99 15 30 64 29
70 51 85 81 6 52 45
18 47 78 27 52 25 86
60 61 40 71 16 55 46
74 52 54 42 58 64 87
5 37 72 12 42 43 85
66 2 62 55 63 57 96
93 17 55 83 21 70 66
86 68 57 99 47 84 2
4 73 67 70 35 79 96
85 87 66 60 65 3 53
90 91 86 19 83 98 8
62 67 19 89 94 52 54
90 31 16 79 75 54 67
97 53 99 24 10 82 39
18 74 4 97 19 65 88
72 54 71 44 74 76 54
5 46 24 35 82 69 64
52 50 91 58 99 84 56
88 10 97 86 53 78 70
56 83 51 55 60 67 89
76 39 69 84 1 65 94
64 56 85 1 69 37 36
88 75 94 5 69 32 93
89 99 74 51 51 56 16
52 26 44 59 99 60 59
63 27 84 33 81 36 92
82 59 98 9 16 73 78
85 23 57 76 55 57 30
76 2 42 75 3 54 14
65 36 86 51 53 74 59
69 9 77 95 67 52 91
71 20 7 64 70 3 87
45 59 31 42 57 97 93
33 98 21 79 26 78 71
75 10 66 86 89 84 34
16 12 57 4 56 57 73
84 83 94 1 58 10 28
6 75 53 25 58 48 61
8 60 89 53 82 75 60
81 100 68 53 69 8 56
61 88 58 64 8 92 62
10 58 10 61 67 53 86
73 61 86 37 88 64 19
76 6 46 93 77 42 30
65 74 74 74 96 62 5
86 74 66 17 95 96 46
89 14 61 67 63 17 94
58 69 84 77 97 58 8
75 1 67 57 72 97 66
59 93 77 85 37 2 78
97 24 93 97 48 18 29
74 63 61 76 2 32 72
74 89 73 55 56 23 28
91 57 1 54 46 90 76
14 84 95 5 77 93 59
3 84 87 8 98 96 67
30 92 68 80 64 11 32
87 76 61 67 22 75 25
66 30 48 67 64 58 94
84 66 60 53 73 35 96
79 7 82 98 77 5 63
30 8 8 41 45 52 83
16 62 67 88 54 85 56
57 8 65 79 20 78 68
80 9 48 65 28 67 84
54 57 67 37 82 52 93
79 82 76 78 76 13 62
78 91 37 8 98 54 58
85 65 59 38 73 51 96
85 37 78 89 99 10 17
17 8 68 26 5 87 75
76 89 67 41 81 52 57
80 34 52 34 69 90 57
57 62 70 52 60 20 74
39 41 83 84 50 6 98
23 49 9 71 95 97 68
61 32 86 59 77 57 11
70 76 20 68 63 69 20
63 80 85 74 78 59 1
23 71 75 18 98 76 46
73 69 14 66 79 70 42
51 40 62 75 86 70 53
88 6 55 62 49 14 12
85 83 75 1 76 100 10
97 60 36 29 36 31 60
34 59 96 54 74 29 65
74 53 22 80 74 11 79
35 84 80 56 4 86 96
57 73 20 74 81 51 100
83 59 62 72 59 61 6
92 20 74 15 55 16 28
21 52 72 98 51 80 23
57 81 55 84 95 11 78
57 58 76 37 9 74 75
13 6 63 89 15 65 87
87 38 95 10 54 85 14
53 64 26 32 80 56 81
45 46 77 93 79 19 51
13 62 66 52 100 88 32
35 70 81 54 1 64 79
71 68 43 47 58 58 76
