250 7
38 52 79 2 14 7 69
36 79 12 84 95 15 66
80 74 67 76 72 100 72
78 90 97 56 99 90 51
75 71 93 68 60 66 58
83 83 54 90 75 93 60
40 84 93 77 86 55 56
98 58 71 36 73 57 57
8 53 85 75 37 96 77
87 100 68 6 64 57 39
98 98 9 81 44 97 92
90 81 34 87 59 57 100
98 100 67 92 59 79 51
40 86 62 92 59 72 81
83 73 64 83 98 67 83
51 80 92 91 9 75 45
62 72 22 89 68 51 72
55 53 21 66 93 60 33
68 43 74 55 85 22 7
54 15 54 29 63 95 80
57 95 46 87 83 6 26
20 94 53 99 64 75 64
78 83 97 57 83 61 53
100 91 13 96 92 54 74
14 61 76 70 58 70 60
71 51 59 87 98 72 92
89 25 75 1 70 63 37
75 31 85 89 50 15 80
59 8 84 86 86 58 21
24 78 74 51 88 93 52
98 68 54 7 80 80 70
10 71 89 86 87 63 26
58 27 58 44 79 61 1
55 95 81 8 93 93 67
10 100 54 81 67 65 14
93 67 56 93 86 83 64
24 31 73 73 5 13 97
83 19 84 51 82 90 19
71 96 46 64 47 78 81
61 62 92 32 90 71 54
53 93 30 79 3 62 93
46 7 90 59 96 88 75
21 77 94 62 63 98 92
2 82 94 82 69 94 53
6 39 54 9 88 58 90
62 59 52 65 62 60 54
83 5 16 89 84 72 52
93 87 25 55 53 66 24
3 17 90 47 75 65 99
95 68 56 75 69 98 14
43 25 70 55 95 54 80
72 90 84 92 8 55 77
18 97 87 4 91 56 88
9 76 25 70 57 3 98
71 55 23 48 81 89 38
35 57 62 16 71 33 68
59 52 56 92 73 62 34
30 60 87 48 17 82 57
88 100 52 66 33 92 59
96 62 67 63 65 89 19
67 43 78 81 88 11 73
89 54 9 70 52 92 70
1 64 92 11 6 88 18
8 91 21 69 19 60 79
82 67 74 95 99 7 28
73 17 60 96 10 28 78
22 68 52 47 60 57 86
53 26 24 47 3 68 53
84 3 22 39 96 63 97
87 54 76 91 28 61 59
55 71 78 47 93 80 12
42 89 59 12 64 96 92
70 75 67 89 29 58 81
52 71 67 100 83 35 51
55 60 10 73 74 71 66
25 68 65 48 44 31 40
81 46 92 58 78 70 22
78 32 78 52 2 92 54
13 97 92 54 85 23 24
86 75 66 24 8 89 71
87 60 14 8 84 80 74
67 50 11 17 64 10 94
89 70 62 27 58 95 98
3 62 81 93 2 56 74
56 8 86 71 11 54 66
84 42 68 71 64 59 36
55 68 87 58 62 52 9
45 4 57 68 79 28 5
88 15 40 62 57 73 98
94 94 56 87 83 23 52
75 68 84 94 52 81 34
17 88 61 92 80 83 10
85 5 65 12 78 81 37
72 40 76 60 66 33 100
99 84 92 1 77 37 21
86 5 78 40 93 23 97
15 67 42 67 56 68 85
9 80 44 52 82 15 23
64 64 95 24 31 78 52
51 52 31 8 75 59 76
4 66 80 83 87 61 83
54 31 51 15 100 96 53
26 55 45 81 81 5 92
10 98 85 77 56 4 67
11 74 84 57 91 58 42
88 47 6 59 93 46 54
32 87 14 67 21 52 81
2 93 15 73 97 77 78
31 68 60 82 24 55 88
5 95 95 81 61 68 78
40 63 100 76 26 29 25
79 32 61 52 97 16 89
17 84 58 76 73 51 82
83 24 50 23 36 85 63
88 89 1 47 52 68 68
47 21 70 75 29 74 52
50 8 57 84 16 72 41
17 62 51 71 71 73 97
15 74 74 73 62 93 21
86 66 8 54 80 85 75
45 91 63 77 56 52 51
62 89 83 73 27 87 29
83 75 54 52 29 66 67
52 74 37 86 4 93 60
83 74 71 23 34 56 76
80 70 12 94 58 63 2
54 23 26 31 28 39 63
96 55 95 35 9 54 73
77 71 100 89 81 2 55
31 1 21 92 81 15 86
10 92 40 100 96 25 1
16 7 90 27 63 79 24
52 61 92 69 32 27 67
82 86 64 62 31 10 61
58 57 16 53 60 63 88
5 69 69 22 98 40 89
64 73 3 96 92 93 1
53 18 60 85 96 21 54
60 29 72 10 20 62 10
71 56 52 91 88 59 52
78 68 60 87 71 32 66
74 49 5 72 23 10 78
78 85 91 26 16 64 51
77 84 56 87 53 45 15
76 92 42 36 80 41 7
27 95 52 2 80 53 63
57 46 99 34 5 87 99
89 57 16 74 78 84 72
56 72 87 52 82 78 39
92 87 53 85 17 63 97
54 86 58 55 100 96 12
42 93 87 43 74 37 21
81 59 26 39 96 53 19
61 73 5 67 37 65 42
48 90 58 98 71 66 44
58 9 54 100 80 69 2
59 43 37 97 28 80 34
49 20 57 77 54 69 55
1 79 33 74 43 80 64
38 19 93 84 48 52 89
70 47 73 89 92 9 78
61 60 94 66 84 7 10
37 11 58 80 62 80 4
94 39 62 21 70 94 29
83 73 70 82 45 17 32
71 66 100 85 51 5 95
55 59 85 38 61 82 19
60 6 58 56 36 97 66
94 79 58 73 59 42 58
9 68 93 99 86 52 88
76 71 38 1 67 42 97
90 14 70 86 72 53 58
61 3 67 66 67 98 69
21 69 92 57 42 31 92
76 80 72 30 100 55 28
67 1 88 69 98 94 96
45 80 58 55 51 75 69
92 74 90 59 73 27 60
26 71 12 22 13 59 83
56 23 52 53 65 75 48
88 71 88 99 84 3 92
91 57 29 28 61 96 32
100 69 90 14 39 56 58
88 75 93 35 36 3 89
16 9 65 92 57 10 97
80 94 56 29 84 92 40
42 57 66 90 72 24 91
51 54 61 63 18 89 23
30 69 39 78 73 100 58
20 99 55 85 69 42 34
92 66 59 85 46 61 37
62 90 40 82 2 51 56
8 95 74 68 100 68 77
95 59 60 40 24 92 12
87 74 85 55 62 48 34
69 26 91 21 30 52 17
68 14 23 61 51 23 78
28 13 79 64 86 96 64
74 60 89 73 75 36 51
66 33 69 58 51 66 1
8 88 39 94 93 45 29
75 53 61 9 54 98 64
76 34 57 68 51 88 12
57 47 12 90 53 2 43
75 80 19 33 99 62 79
6 80 41 96 89 59 91
72 30 91 99 51 59 1
85 15 99 65 53 62 54
87 82 15 63 88 54 93
87 61 57 54 91 61 54
36 24 31 86 76 66 73
82 100 31 74 37 4 85
79 32 66 56 15 52 88
88 21 59 71 37 10 3
51 100 18 90 53 77 55
87 7 75 31 66 75 87
23 74 21 1 73 98 93
66 50 51 17 70 72 69
80 86 56 86 76 100 20
99 8 90 52 79 63 59
17 24 67 99 80 45 64
61 57 51 6 84 61 98
95 20 31 75 89 95 4
26 76 82 79 21 97 53
48 56 16 31 63 84 47
56 86 81 54 87 91 4
23 73 62 57 96 76 64
11 5 59 55 48 76 82
63 88 3 100 67 88 100
96 55 16 94 31 94 65
16 61 76 50 30 80 60
77 56 83 72 76 25 45
72 8 7 28 72 35 94
62 18 55 82 70 76 71
85 68 87 70 62 8 46
91 64 53 52 50 58 57
85 10 26 89 33 44 83
80 72 3 86 51 98 8
54 51 77 89 71 15 90
87 6 81 20 73 67 67
49 63 64 93 47 68 32
52 62 54 17 59 87 61
97 67 15 61 28 61 92
49 79 98 63 81 52 38
25 87 52 88 59 79 71
52 57 6 84 34 76 7
37 51 91 24 73 87 70
74 9 59 72 64 88 70
30 62 76 100 4 84 90
66 73 56 76 91 70 17
