250 7
0.87 0.27 0.51 0.30 0.19 0.89 0.18
0.95 0.71 0.64 0.03 0.56 0.94 0.76
0.89 0.36 0.80 0.91 0.67 0.54 0.88
0.60 0.95 0.86 0.98 0.95 0.90 0.83
0.91 0.61 0.94 0.65 0.58 0.65 0.56
0.76 0.51 0.73 0.82 0.61 0.99 0.51
0.59 0.68 0.62 0.57 0.52 0.79 0.88
0.94 0.81 0.55 0.85 0.88 0.75 0.80
0.52 0.93 0.61 0.13 0.89 0.72 0.82
0.60 0.61 0.97 0.75 0.91 0.79 0.93
0.18 0.94 0.62 0.81 0.95 0.53 0.82
0.14 0.99 0.58 0.96 0.59 0.34 0.78
0.73 0.88 0.73 0.94 0.63 0.74 0.68
0.69 0.10 0.59 0.83 0.64 0.82 0.58
0.51 0.66 0.84 0.35 0.63 0.44 0.53
0.66 1.00 0.78 0.83 0.05 0.79 0.72
0.86 0.66 0.54 0.85 0.51 0.67 0.72
0.42 0.64 0.73 0.81 0.59 0.90 0.37
0.98 0.69 0.83 0.75 0.73 0.67 0.22
0.51 0.34 0.08 0.82 0.64 0.57 0.19
0.87 0.54 0.91 0.75 0.67 0.52 0.86
0.75 0.46 0.84 0.46 0.76 0.34 0.18
0.59 0.47 0.11 0.06 0.66 0.95 0.04
0.09 0.48 1.00 0.63 0.73 0.56 0.67
0.99 0.71 0.15 0.16 0.56 0.08 0.88
0.47 0.53 0.81 0.68 0.39 0.66 0.96
0.61 0.10 0.97 0.03 0.87 0.77 0.12
0.43 0.53 0.95 0.55 0.58 0.60 0.75
0.88 0.65 0.74 0.25 0.55 0.71 0.82
0.64 0.91 0.03 0.78 0.69 0.85 0.45
0.82 0.06 0.89 0.91 0.41 0.24 0.95
0.78 1.00 0.60 0.82 0.28 0.84 0.15
0.19 0.14 0.10 0.66 0.81 0.75 0.71
0.71 0.78 0.54 0.92 0.62 0.87 0.89
0.52 0.16 0.72 0.59 0.52 0.96 0.82
0.73 0.84 0.06 0.72 0.53 0.56 0.08
0.69 0.37 0.41 0.56 0.84 0.85 0.64
0.17 0.02 0.32 0.37 0.36 0.73 0.63
0.73 0.07 0.37 0.55 0.51 0.93 0.13
0.13 0.93 0.81 0.50 0.69 0.96 0.84
0.81 0.96 0.69 0.87 0.10 0.71 0.01
0.61 0.80 0.57 0.56 0.99 0.71 0.82
0.78 0.71 0.07 0.92 0.73 0.61 0.62
0.72 0.67 0.45 0.74 0.74 0.11 0.97
0.51 0.03 0.62 0.41 0.66 0.99 0.57
0.85 0.94 0.37 0.38 0.31 0.53 0.46
0.55 0.79 0.01 0.96 0.81 0.85 0.26
0.31 0.18 0.89 0.53 0.60 0.34 0.97
0.76 0.80 0.30 0.94 0.53 0.95 0.90
0.79 0.51 0.63 0.82 0.22 0.70 0.55
0.22 1.00 0.36 0.07 0.64 0.22 0.56
0.85 0.84 0.33 0.48 0.05 0.09 0.97
0.97 0.79 0.91 0.53 0.71 0.23 0.73
0.67 0.70 0.79 0.24 0.88 0.50 0.35
0.41 0.99 0.73 0.27 0.75 0.51 1.00
0.93 0.20 0.64 0.55 0.21 0.05 0.90
0.61 0.74 0.88 0.98 0.27 0.33 0.98
0.69 0.84 0.33 0.49 0.85 0.88 0.01
0.23 0.82 0.48 0.78 0.39 0.86 0.59
0.31 0.86 0.77 0.87 0.95 0.96 0.47
0.55 0.92 0.81 0.48 0.48 0.69 0.78
0.96 0.64 0.55 0.96 0.33 0.85 0.28
0.55 0.66 0.57 0.81 0.29 0.57 0.78
0.51 0.19 0.22 0.07 0.24 0.25 0.94
0.72 0.76 0.15 0.78 0.74 0.29 0.80
0.22 0.61 0.65 0.68 0.85 0.62 0.56
0.53 0.71 0.85 0.56 0.30 0.84 0.57
0.97 0.63 0.73 0.76 0.91 0.67 0.51
0.99 0.91 0.27 0.92 0.39 0.91 0.54
0.82 0.86 0.34 0.57 0.74 0.77 0.12
0.01 0.40 0.07 0.61 0.78 0.55 0.62
0.91 0.54 0.76 0.15 0.56 0.65 0.54
0.39 0.72 0.89 0.85 1.00 0.69 0.11
0.81 0.93 0.58 0.69 0.40 0.63 0.59
0.21 0.73 0.50 0.12 0.24 0.73 0.90
0.71 0.33 0.62 0.28 0.84 0.58 0.74
0.37 0.59 0.59 0.66 0.71 0.52 0.50
0.55 0.96 0.52 0.97 0.59 0.14 0.19
0.48 0.76 0.06 0.05 0.75 0.29 0.74
0.72 0.74 0.60 0.20 0.38 1.00 0.53
0.71 0.58 0.52 0.66 0.68 0.05 0.94
0.65 0.83 0.02 0.99 0.67 0.22 0.56
0.81 0.75 0.42 0.56 0.98 0.53 0.53
0.76 0.15 0.75 0.38 0.86 0.53 0.89
0.99 0.73 0.54 0.18 0.44 0.88 0.89
0.72 0.99 0.83 0.66 0.75 0.66 0.10
0.98 0.14 0.62 0.61 0.82 0.21 0.91
0.94 0.52 0.81 0.76 0.63 0.36 0.74
0.68 0.68 0.77 0.65 0.70 0.25 0.60
0.55 0.58 0.10 0.19 0.59 0.40 0.53
0.89 0.98 0.56 0.79 0.46 0.21 0.37
0.69 0.38 0.54 0.53 0.77 0.68 0.43
0.16 0.23 0.51 0.86 0.85 0.40 0.64
0.63 0.52 0.93 0.71 0.08 0.09 0.86
0.93 0.86 0.16 0.71 0.73 0.32 0.68
0.66 0.80 0.07 0.69 0.61 0.39 0.95
1.00 0.07 0.37 0.27 0.43 0.60 0.46
0.57 0.59 0.95 0.17 0.58 0.96 0.14
0.14 0.95 0.90 0.98 0.92 0.58 0.15
0.54 0.80 0.85 0.69 0.56 0.64 0.91
0.52 0.79 0.49 0.74 0.89 0.85 0.24
0.84 0.29 0.58 0.63 0.11 0.54 0.62
0.67 0.34 0.76 0.36 0.55 0.78 0.64
0.60 0.16 0.75 0.34 0.90 0.40 0.97
0.52 0.89 0.36 0.02 0.64 0.87 0.66
0.53 0.58 0.93 0.22 0.92 0.67 0.31
0.64 0.34 0.78 0.96 0.74 0.39 0.11
0.82 0.50 0.74 0.23 0.05 0.04 0.33
0.66 0.88 0.88 0.24 0.56 0.01 0.58
0.97 0.56 1.00 0.18 0.02 0.02 0.91
0.70 0.97 0.72 0.85 0.65 0.39 0.57
0.43 0.99 0.52 0.80 0.26 0.70 0.77
0.93 0.40 0.64 0.78 0.63 0.86 0.13
0.87 0.70 0.95 0.27 0.13 0.07 0.14
0.61 0.68 0.93 0.98 0.02 0.55 0.52
0.28 0.88 0.80 0.02 0.77 0.98 0.64
0.52 0.16 0.03 0.87 0.29 0.81 0.97
0.94 0.60 0.11 0.81 0.49 0.17 0.94
0.68 0.43 0.59 0.99 0.75 0.26 0.84
0.71 0.76 0.88 0.82 1.00 0.26 0.47
0.94 0.23 0.78 0.49 0.45 0.96 0.38
0.71 0.80 0.50 0.28 0.33 0.31 0.77
0.16 0.04 0.88 0.64 0.94 0.27 0.48
0.97 0.61 0.75 0.72 0.58 0.58 0.20
0.64 0.55 0.73 0.33 0.91 0.83 0.86
0.22 0.74 0.75 0.61 0.37 0.25 0.20
0.23 0.49 0.55 0.57 0.91 0.21 0.97
0.81 0.94 0.53 0.69 0.58 0.25 0.84
0.63 0.71 0.76 0.04 0.86 0.21 0.62
0.55 0.93 0.54 0.89 0.56 0.69 0.74
0.94 0.15 0.68 0.76 0.89 0.64 0.23
0.99 0.58 0.76 0.79 0.75 0.60 0.05
0.51 0.09 0.39 0.10 0.78 0.90 0.83
0.34 0.50 0.65 0.35 0.65 0.96 0.17
0.85 0.12 0.64 0.46 0.83 0.57 0.56
0.69 0.60 0.22 0.72 0.05 0.56 0.82
0.68 0.33 0.34 0.74 0.66 0.34 0.81
0.11 0.44 0.43 0.96 0.61 0.07 0.96
0.01 0.81 0.13 0.36 0.54 0.81 0.43
0.78 0.63 0.57 0.89 0.09 0.74 0.57
0.26 0.66 0.52 0.29 0.97 0.10 0.74
0.95 0.10 0.76 0.04 0.98 0.72 0.24
0.73 0.65 0.79 0.78 0.51 0.78 0.24
0.88 0.03 0.68 1.00 0.65 0.63 0.75
0.82 0.30 0.27 0.98 0.98 0.81 0.06
0.74 0.79 0.05 0.60 0.50 0.61 0.85
0.95 0.63 0.30 0.67 0.51 0.55 0.54
0.59 0.65 0.97 0.69 0.51 0.60 0.88
0.90 0.52 0.83 0.13 0.69 0.63 0.88
0.66 0.79 0.72 0.61 0.83 0.66 0.47
0.19 0.84 0.57 0.78 0.75 0.26 0.86
0.81 0.54 0.80 0.35 0.85 0.47 0.67
0.32 0.61 0.92 0.72 0.82 0.27 0.75
0.20 0.27 0.54 0.82 0.23 0.38 0.56
0.36 0.33 0.78 1.00 0.93 0.96 0.51
0.43 0.32 0.65 0.24 0.61 0.63 0.83
0.30 0.93 0.04 0.29 0.43 0.86 0.68
0.82 0.72 0.50 0.03 0.91 0.66 0.57
0.55 0.78 0.89 0.97 0.06 0.77 0.66
0.42 0.99 0.01 0.76 1.00 0.89 0.90
0.58 0.87 0.77 0.12 0.68 0.71 0.84
0.89 0.58 0.26 0.75 0.05 0.81 0.38
1.00 0.62 0.02 0.24 0.09 0.33 0.83
0.53 0.85 0.30 0.96 0.53 0.91 0.84
0.84 0.78 0.67 0.61 0.88 0.13 0.78
0.77 0.64 0.57 0.68 0.52 0.91 0.42
0.04 0.30 0.84 0.12 0.60 0.55 0.33
0.02 0.69 0.36 0.04 0.04 0.88 0.98
0.61 0.61 0.88 0.52 0.80 0.93 0.20
0.55 0.60 0.58 0.67 1.00 0.94 0.52
0.68 0.03 0.90 0.69 0.87 0.45 0.99
0.84 0.01 0.76 0.62 0.53 0.36 0.91
0.96 0.89 0.81 0.19 0.49 0.87 0.87
0.68 0.51 0.73 0.81 0.63 0.66 0.51
1.00 0.09 0.17 0.97 0.92 0.98 0.73
0.16 0.78 0.54 0.90 0.88 0.96 0.57
0.32 0.74 0.50 0.89 0.66 0.58 0.51
0.69 0.99 0.74 0.63 0.85 0.13 0.83
0.07 0.76 0.56 0.81 0.52 0.83 0.83
0.40 0.58 0.64 0.57 0.62 0.98 0.37
0.73 0.87 0.04 0.55 0.66 0.96 0.71
0.30 0.82 0.59 0.57 0.67 0.69 0.63
0.77 0.31 0.70 0.12 0.14 0.57 0.79
0.81 0.90 0.39 0.59 0.50 0.49 0.90
0.73 0.70 0.97 0.11 0.45 0.52 0.89
0.17 0.88 0.54 0.90 0.32 0.68 0.90
0.09 0.47 0.90 0.86 0.08 0.78 0.35
0.62 0.94 0.54 0.58 0.69 0.67 0.11
0.96 0.75 0.22 0.15 0.93 0.78 0.22
0.64 0.95 0.66 0.75 0.22 0.22 0.64
0.88 0.78 0.51 0.90 0.84 0.23 0.27
0.88 0.73 0.65 0.59 0.27 0.87 0.64
0.95 0.81 0.95 0.19 0.13 0.94 0.94
0.19 0.95 0.42 0.64 0.16 0.90 0.73
0.92 0.58 0.28 0.78 0.69 0.22 0.84
0.41 0.72 0.57 0.96 0.12 1.00 0.96
0.59 0.56 0.82 0.67 0.27 0.28 0.51
0.20 0.98 0.15 0.79 0.52 0.61 1.00
0.22 0.47 0.76 0.67 0.94 0.47 0.59
0.79 0.66 0.71 0.04 0.63 0.19 1.00
0.01 0.68 0.58 0.62 0.78 0.44 0.40
0.57 0.82 0.48 0.60 0.83 0.21 0.77
0.67 0.52 0.26 0.59 0.81 0.19 0.87
0.27 0.49 0.69 0.35 0.99 0.63 0.52
0.76 0.82 0.12 0.41 0.92 0.25 0.93
0.73 0.12 0.82 0.43 0.70 0.73 0.51
0.91 0.93 0.11 0.90 0.17 0.44 0.67
0.08 0.98 0.99 0.75 0.96 0.11 0.72
0.86 0.53 0.52 0.53 0.99 0.30 0.20
0.52 0.99 0.80 0.27 0.62 0.98 0.82
0.54 0.92 0.76 0.23 0.86 0.91 0.62
0.40 0.06 0.85 0.61 0.77 0.66 0.82
0.80 0.15 0.86 0.17 0.89 0.33 0.60
0.91 0.91 0.30 0.54 0.79 0.89 0.10
0.50 0.95 0.07 0.01 0.29 0.59 0.64
0.81 0.26 0.98 0.31 0.69 0.29 0.74
0.87 0.05 0.27 0.97 0.97 0.56 0.52
0.10 0.95 0.57 0.89 0.24 0.59 0.92
0.02 0.94 0.06 0.61 0.46 0.53 0.42
0.70 0.73 0.77 0.98 0.85 0.55 0.39
0.62 0.96 0.65 0.82 0.53 0.23 0.43
0.71 0.36 0.18 0.54 0.53 0.90 0.77
0.81 0.57 0.19 0.78 0.17 0.90 0.88
0.35 0.31 0.75 0.78 0.58 0.47 0.66
0.99 0.78 0.98 0.57 0.84 0.84 0.01
0.85 0.17 0.96 0.32 0.08 0.80 0.79
0.93 0.48 0.91 0.43 0.61 1.00 0.17
0.79 0.56 0.04 0.52 0.13 0.77 0.90
0.77 0.57 0.78 0.29 0.69 0.74 0.05
0.56 0.70 0.34 0.59 0.57 0.57 0.69
0.59 0.62 0.79 0.07 0.12 0.85 0.39
0.49 0.54 0.52 0.62 0.26 0.53 0.41
0.62 0.64 0.86 0.79 0.88 0.19 0.53
0.78 0.94 0.35 0.71 0.75 0.67 0.02
0.10 0.90 0.96 0.75 0.22 0.51 0.92
0.58 0.26 0.87 0.54 0.66 0.66 0.77
0.59 0.26 0.68 0.33 0.59 0.19 0.68
0.76 1.00 0.60 0.59 0.39 0.81 0.60
0.78 0.55 0.62 0.78 0.69 0.51 0.63
0.79 0.56 0.96 0.54 0.21 0.49 0.69
0.61 0.83 0.98 0.95 1.00 0.86 0.08
0.73 0.65 0.92 0.71 0.92 0.64 0.25
0.93 0.12 0.01 0.92 0.77 0.86 0.74
0.73 0.72 0.47 0.78 0.94 0.86 0.05
0.74 0.06 0.80 0.77 0.70 0.03 0.51
0.56 0.21 0.61 0.64 0.93 0.73 0.57
0.20 0.56 0.95 0.89 0.77 0.14 0.55
0.14 0.73 0.78 0.92 0.73 0.77 0.64
0.67 0.16 0.66 0.89 0.72 0.95 0.52
0.15 0.35 0.14 0.73 0.52 0.52 0.69
