250 7
0.59 0.47 0.82 0.59 0.13 0.36 0.47
0.67 0.10 0.72 0.69 0.48 0.94 0.76
0.95 0.63 0.62 0.54 0.59 0.56 0.95
0.76 0.88 0.72 0.72 0.57 0.46 0.35
0.78 0.68 0.78 0.87 0.95 0.90 0.77
0.57 0.79 0.64 0.70 0.65 0.92 0.73
0.57 0.86 0.84 0.83 0.65 0.64 0.92
0.20 0.91 0.85 0.96 0.82 0.60 0.37
0.65 0.57 0.72 0.64 0.86 1.00 1.00
0.22 0.97 0.92 0.84 0.56 0.43 0.61
0.97 0.28 0.90 0.68 0.69 0.57 0.51
0.66 0.76 0.56 0.85 0.69 0.71 0.51
0.95 0.78 0.73 0.51 0.90 0.66 0.01
0.91 0.76 0.59 0.62 0.73 0.67 0.80
0.79 0.80 0.59 0.71 0.79 0.76 0.93
0.57 0.16 0.56 0.07 0.27 0.65 0.54
0.99 0.80 0.97 0.62 0.07 0.50 0.79
0.96 0.20 0.55 0.60 0.83 0.90 0.85
0.46 0.19 0.66 0.72 0.75 0.78 0.30
0.65 0.90 0.95 0.43 0.77 0.39 0.92
0.63 0.95 0.92 0.55 0.99 0.60 0.60
0.54 0.82 0.96 0.62 0.77 0.94 0.86
0.74 0.70 0.21 0.56 0.75 0.52 0.74
0.86 0.29 0.11 0.75 0.60 0.90 0.08
0.73 0.75 0.93 0.51 0.13 0.99 0.82
0.69 0.65 0.67 0.75 0.66 0.28 0.96
0.69 0.65 0.93 0.90 0.87 0.27 0.84
0.51 0.61 0.91 0.58 0.12 0.95 0.68
0.64 0.50 0.10 0.98 0.25 0.87 0.12
0.60 0.26 0.18 0.82 0.17 0.63 0.70
0.56 0.93 0.37 0.85 0.51 0.59 0.08
0.01 0.95 0.04 0.56 0.95 0.45 0.93
0.87 0.96 0.10 0.91 0.43 0.73 0.40
0.28 0.81 0.67 0.68 0.60 0.82 0.12
0.75 0.05 0.91 0.09 0.13 0.87 0.68
0.98 0.09 0.58 0.59 0.42 0.74 0.90
0.72 0.99 0.88 0.02 0.53 0.63 0.63
0.51 0.76 0.28 0.85 0.59 0.79 0.37
0.58 0.60 0.11 0.51 0.60 0.89 0.88
0.71 0.53 0.66 0.95 0.32 0.29 0.12
0.26 0.85 0.23 0.89 0.90 0.57 0.74
0.96 0.75 0.77 0.28 0.88 0.88 0.35
0.61 0.33 0.51 0.64 0.61 0.72 0.83
0.78 0.78 0.63 0.69 0.72 0.56 0.47
0.38 0.99 0.72 0.05 0.65 0.64 0.57
0.22 0.87 0.59 0.62 0.75 0.65 0.90
0.85 0.02 0.82 0.56 0.73 0.98 0.97
0.89 0.32 0.60 0.52 0.45 0.59 0.63
0.46 0.61 0.60 0.91 0.51 0.82 0.87
0.12 0.77 0.59 0.84 0.14 0.76 0.96
0.33 0.86 0.98 0.66 0.60 0.96 0.97
0.93 0.07 0.87 0.42 0.97 0.86 0.79
0.93 0.76 0.83 0.69 0.71 0.19 0.19
0.69 1.00 0.60 0.64 0.62 0.59 0.75
0.93 0.80 0.10 0.42 0.85 0.81 0.25
0.25 0.60 0.93 0.62 0.56 0.73 0.55
0.84 0.02 0.55 0.74 0.29 0.92 0.82
0.21 0.91 0.34 0.54 0.55 0.72 0.76
0.94 0.24 0.34 0.25 0.91 0.25 0.72
0.84 0.70 0.22 0.66 0.61 0.77 0.59
0.86 0.20 0.27 0.60 0.90 0.79 0.59
0.67 0.46 0.56 0.58 0.86 0.56 0.51
0.42 0.52 0.77 0.85 0.31 0.87 0.40
0.70 0.18 0.97 0.75 0.31 0.13 0.69
0.52 0.80 0.53 0.65 0.60 0.95 0.39
0.40 0.75 0.80 0.85 0.73 0.95 0.57
0.14 0.31 0.37 0.47 0.27 0.19 0.92
0.59 0.88 0.93 0.99 0.85 0.58 0.42
0.46 0.94 0.30 0.89 0.12 0.56 0.11
0.12 0.74 0.84 0.17 1.00 0.99 0.95
0.68 0.77 0.77 0.94 0.99 0.41 0.69
0.71 0.59 0.36 0.77 0.62 0.41 0.44
0.90 1.00 0.02 0.87 0.08 0.67 0.29
0.79 0.50 0.77 0.39 0.83 0.68 0.26
0.08 0.61 0.87 0.64 0.82 0.99 0.79
0.89 0.56 0.58 0.45 0.32 0.57 0.64
0.52 0.95 0.74 0.78 0.29 0.23 0.53
0.68 0.70 0.27 0.82 0.60 0.71 0.05
0.43 0.71 0.31 0.30 0.09 0.88 0.37
0.55 1.00 0.73 0.17 0.54 0.43 0.69
0.93 0.88 0.73 0.33 0.55 0.47 0.07
0.79 0.48 0.59 0.76 0.26 0.97 0.09
0.04 0.59 0.19 0.12 0.19 0.75 0.88
0.68 0.12 0.68 0.50 0.52 0.71 0.87
0.03 0.85 0.83 0.80 0.61 0.51 0.82
0.76 0.67 0.28 0.52 0.55 0.73 0.36
0.23 0.95 0.82 0.65 0.70 0.63 0.61
0.78 0.86 0.23 0.56 0.56 0.44 0.91
0.64 0.96 0.79 0.39 0.54 0.89 0.29
0.46 0.70 0.53 0.97 0.64 0.97 0.82
0.55 0.35 0.65 0.87 0.48 0.76 0.55
0.62 0.28 0.50 0.87 1.00 0.63 0.54
0.38 0.96 0.38 0.03 0.92 0.10 0.66
0.53 0.59 0.84 0.59 0.62 0.87 0.75
0.75 0.74 0.94 0.09 0.95 0.23 0.96
0.78 0.09 0.58 0.87 0.30 0.79 0.53
0.58 0.56 0.61 0.64 0.73 0.59 0.27
0.82 0.58 0.28 0.92 0.95 0.78 0.53
0.91 0.44 0.60 0.71 0.43 0.79 0.27
0.90 0.14 0.66 0.94 0.75 0.06 0.85
0.64 0.61 0.55 0.53 0.63 0.69 0.61
0.21 0.85 0.70 0.95 0.62 0.96 0.74
0.95 0.83 0.67 0.98 0.10 0.63 0.86
0.11 0.93 0.53 0.61 0.66 0.72 1.00
0.96 0.20 0.71 0.89 0.36 0.87 0.46
0.16 0.51 0.58 0.23 0.02 0.97 0.67
0.78 0.87 0.88 0.90 0.07 0.03 0.19
0.21 0.92 0.89 0.35 0.88 0.74 0.34
0.61 0.52 1.00 0.54 0.79 0.95 0.29
0.82 0.60 0.84 0.53 0.16 0.53 0.75
0.07 0.93 0.99 0.59 0.63 0.94 0.82
0.56 0.61 0.39 0.06 0.67 0.93 0.07
0.68 0.37 0.81 0.81 0.37 0.62 0.64
0.95 0.45 0.74 0.72 0.70 0.73 0.37
0.45 0.71 0.60 0.46 0.66 0.53 0.43
0.21 1.00 0.35 0.76 0.63 0.24 0.63
0.39 0.70 0.69 0.94 0.76 0.23 0.65
0.34 0.95 0.35 0.74 0.56 0.01 0.80
0.80 0.93 0.24 0.77 0.05 0.82 0.97
0.54 0.58 0.52 0.53 0.96 1.00 0.53
0.95 0.80 0.51 0.74 0.52 0.84 0.70
0.74 0.51 0.78 0.57 0.44 0.57 0.87
0.60 0.41 0.91 0.02 0.23 0.26 0.69
0.38 0.85 0.84 0.84 0.79 0.39 0.19
0.37 0.76 0.79 0.58 0.66 0.22 0.91
0.31 0.13 0.95 0.68 0.94 0.60 0.63
0.57 0.79 0.52 0.34 0.51 0.05 0.90
0.96 0.70 0.86 0.53 0.44 0.88 0.39
0.04 0.03 0.78 0.73 0.80 0.59 0.51
0.98 0.93 0.37 0.19 0.23 0.83 0.82
0.90 0.08 1.00 0.55 0.35 0.08 0.52
0.09 0.31 0.81 0.79 0.88 0.38 0.71
0.21 0.76 0.99 0.41 0.84 0.65 0.73
0.37 0.06 0.66 0.88 0.84 0.76 0.62
0.54 0.98 0.90 0.01 0.85 0.70 0.93
0.66 0.41 0.66 0.79 0.44 0.85 0.37
0.77 0.25 0.84 0.53 0.78 0.88 0.13
0.62 0.65 0.04 0.57 0.52 0.30 0.89
0.50 0.61 0.41 0.06 0.02 0.62 0.90
0.68 0.88 0.84 0.34 0.32 0.35 0.90
0.27 0.38 0.69 0.63 0.84 0.73 0.80
0.09 0.86 0.79 0.67 0.25 0.74 0.78
0.98 0.37 0.82 0.63 0.22 0.64 0.84
0.71 0.53 0.15 0.51 0.87 0.49 0.84
0.70 0.06 0.95 0.36 0.77 0.14 0.85
0.88 0.06 0.87 0.61 0.18 0.16 0.49
0.56 0.97 0.88 0.03 0.31 0.67 0.01
0.54 0.05 0.61 0.54 0.03 0.57 0.24
0.91 0.74 0.52 0.77 0.05 0.58 0.46
0.25 0.17 0.93 0.68 0.71 0.72 0.95
0.31 0.90 0.72 0.79 0.70 0.27 0.81
0.16 0.56 0.77 0.52 0.63 0.72 0.76
0.64 0.08 0.31 0.72 0.58 0.49 0.45
0.65 0.91 0.68 0.74 0.56 0.28 0.52
0.86 0.92 0.35 0.75 0.96 0.47 0.69
0.02 0.94 0.83 0.86 0.79 0.76 0.23
0.30 0.79 0.83 0.76 0.65 0.51 0.20
0.22 0.73 0.52 0.86 0.71 1.00 0.37
0.56 0.48 0.56 0.41 0.97 0.68 0.56
0.83 0.83 0.47 0.72 0.07 0.93 0.76
0.73 0.36 0.34 0.53 0.91 0.44 0.21
0.31 0.97 0.86 0.15 0.72 0.86 0.72
0.91 0.97 0.86 0.71 0.78 0.73 0.10
0.67 0.80 0.13 0.69 0.26 0.61 0.71
0.80 0.67 0.61 0.73 0.08 0.97 0.07
0.97 0.98 0.83 0.72 0.96 0.31 0.15
0.71 0.67 0.16 0.23 0.55 0.96 0.73
0.55 0.83 0.33 0.55 0.53 0.65 0.24
0.66 0.97 0.85 0.50 0.51 0.62 0.79
0.57 0.88 0.28 0.69 0.99 0.67 0.48
0.91 0.84 0.59 0.69 0.83 0.60 0.23
0.98 0.18 0.27 0.65 0.88 1.00 0.88
0.01 0.78 0.55 0.21 0.57 0.97 0.43
0.04 0.88 0.84 0.99 0.91 0.51 0.43
0.80 0.86 0.64 0.61 0.56 0.55 0.08
0.63 0.15 0.32 0.52 0.68 0.59 0.97
0.86 0.21 0.55 0.73 0.08 0.24 0.89
0.41 0.84 0.84 0.20 0.83 0.25 0.60
0.55 0.33 0.16 0.60 0.53 0.73 0.88
0.57 0.69 0.65 0.72 0.68 0.26 0.66
0.69 0.69 0.59 0.67 0.59 0.52 0.73
0.62 0.51 0.79 0.43 0.69 0.54 0.66
0.70 0.76 0.57 0.73 0.94 0.69 0.06
0.42 0.59 0.60 0.95 0.73 0.07 0.93
0.10 0.59 0.93 0.81 0.11 0.89 0.78
0.57 0.42 0.08 0.97 0.71 0.21 0.70
0.91 0.62 0.23 0.71 0.62 0.84 0.07
0.45 0.69 0.31 0.60 0.29 0.83 0.76
0.81 0.73 0.56 0.46 0.52 0.12 0.06
0.09 0.62 0.78 0.65 0.83 0.18 0.53
0.50 0.97 0.24 0.26 0.76 0.28 0.92
0.31 0.53 0.64 0.76 0.83 0.86 0.43
0.16 0.97 0.58 0.66 0.77 0.53 0.71
0.85 0.82 1.00 0.62 0.60 1.00 0.05
0.43 0.11 0.57 0.83 0.74 1.00 0.24
0.23 0.13 0.75 0.01 0.71 0.17 0.58
0.91 0.57 0.20 0.87 0.23 0.32 0.93
0.53 0.86 0.93 0.14 0.68 0.86 0.54
0.58 0.91 0.06 1.00 0.88 1.00 0.88
0.38 0.66 0.21 0.97 0.06 1.00 0.42
0.78 0.85 0.82 0.56 0.07 0.12 0.17
0.09 0.51 0.45 0.13 0.67 0.53 0.07
0.16 0.80 0.47 0.78 0.82 0.91 0.05
0.17 0.70 0.53 0.90 0.88 0.48 0.67
0.99 0.76 0.51 0.08 0.93 0.74 0.61
0.88 0.73 0.27 0.91 0.56 0.73 0.31
0.49 0.61 0.98 0.79 0.06 0.48 0.21
0.78 0.75 0.64 0.51 0.91 0.18 0.07
0.28 0.76 0.57 0.01 1.00 0.98 0.61
0.17 0.02 0.08 0.78 0.79 0.64 0.91
0.55 0.01 0.99 0.34 0.11 0.31 0.46
0.35 0.67 0.35 0.70 0.09 0.53 0.35
0.60 0.77 0.61 0.56 0.60 0.28 0.57
0.65 0.70 0.94 0.75 0.10 0.93 0.14
0.67 0.06 0.57 0.29 0.96 0.97 0.95
0.65 0.73 0.96 0.73 0.95 0.60 0.02
0.11 0.18 0.72 0.03 0.71 0.78 0.77
0.94 0.16 0.68 0.69 0.83 0.94 0.21
0.58 0.27 0.32 0.93 0.60 0.54 0.72
0.74 0.89 0.26 0.96 0.71 0.52 0.65
0.91 0.68 0.06 0.53 0.72 0.54 0.61
0.66 0.67 0.95 0.36 0.17 0.17 0.70
0.32 0.61 0.99 0.83 0.53 0.89 0.55
0.45 0.92 1.00 0.61 0.71 0.06 0.92
0.64 0.52 0.69 0.95 0.40 0.92 0.17
0.57 0.08 0.71 0.54 0.83 0.11 0.46
0.85 0.02 0.71 0.70 1.00 0.97 0.57
0.69 0.68 0.05 0.79 0.78 0.62 0.45
0.93 0.96 0.66 0.05 0.53 0.86 0.94
0.39 0.55 0.38 0.67 0.74 0.21 0.80
0.98 0.37 0.81 0.77 0.96 0.03 0.69
0.76 0.90 0.53 0.94 0.95 0.41 0.08
0.12 0.71 0.89 0.80 0.24 0.68 0.69
0.09 0.40 0.13 0.90 0.14 0.93 0.41
0.56 0.93 0.86 0.64 0.36 0.53 0.63
0.43 0.18 0.84 0.41 0.61 0.98 0.63
0.84 0.79 0.27 0.40 0.95 0.90 0.59
0.27 0.07 0.70 0.68 0.72 0.70 0.89
0.53 0.46 0.96 0.64 0.76 0.40 0.52
0.61 0.66 0.92 0.55 0.20 0.74 0.15
0.02 0.12 0.55 0.92 0.21 0.11 0.84
0.08 0.67 0.64 0.76 0.43 0.96 0.42
0.97 0.97 0.49 0.58 0.78 0.41 0.27
0.51 0.90 0.33 0.79 0.82 0.44 0.88
0.49 0.66 0.82 0.66 0.62 0.78 0.24
0.68 0.71 0.68 0.52 0.97 0.22 0.61
0.20 0.96 0.96 0.08 0.63 0.90 0.78
0.76 0.82 0.53 0.70 0.33 0.21 0.31
0.51 0.58 0.74 0.68 0.52 0.93 0.11
0.82 0.41 0.59 0.52 0.10 0.46 0.93
