200 7
0.84 0.29 0.13 0.35 0.38 0.74 0.65
0.96 0.64 0.63 0.09 0.80 0.76 0.58
0.15 0.49 0.39 0.97 0.48 0.28 0.50
0.26 0.10 0.39 0.35 0.10 0.72 0.19
0.23 0.19 0.49 0.67 0.30 0.46 0.82
0.02 0.26 0.23 0.87 0.29 0.48 0.59
0.45 0.26 0.82 0.30 0.50 0.15 0.26
0.24 0.19 0.40 0.07 0.40 0.16 0.01
0.60 0.48 0.18 0.48 0.74 0.40 0.79
0.63 0.27 0.26 0.22 0.06 0.48 0.38
0.32 0.19 0.13 0.25 0.63 1.00 0.30
0.35 0.38 0.33 0.68 0.39 0.71 0.38
0.23 0.21 0.51 0.04 0.42 0.47 0.95
0.12 0.26 0.62 0.23 0.19 0.06 0.13
0.30 0.10 0.09 0.21 0.53 0.42 0.48
0.23 0.34 0.01 0.50 0.46 0.17 0.11
0.12 0.87 0.34 0.67 0.43 0.02 0.73
0.26 0.03 0.33 0.21 0.73 0.25 0.95
0.13 0.97 0.72 0.36 0.92 0.48 0.08
0.35 0.85 0.60 0.70 0.53 0.07 0.65
0.06 0.71 0.43 0.42 0.21 0.94 0.66
0.91 0.16 0.24 0.79 0.50 0.32 0.87
0.19 0.08 0.58 0.44 0.95 0.72 0.33
0.13 0.20 0.38 0.03 0.05 0.45 0.41
0.52 0.32 0.03 0.18 0.78 0.27 0.29
0.57 0.35 0.45 0.39 0.31 0.22 0.56
0.40 0.79 0.26 0.35 0.23 0.05 0.14
0.28 0.07 0.88 0.82 0.29 0.42 0.62
0.52 0.84 0.31 0.27 0.05 0.23 0.76
0.46 0.75 0.17 0.15 0.08 0.42 0.20
0.40 0.91 0.10 0.49 0.33 0.26 0.34
0.08 0.22 0.39 0.95 0.18 0.11 0.38
0.59 0.16 0.61 0.94 0.48 0.63 0.55
0.16 0.28 0.06 0.55 0.42 0.19 0.77
0.98 0.03 0.37 0.21 0.71 0.78 0.48
0.19 0.95 0.30 0.24 0.81 0.82 0.36
0.03 0.15 0.35 0.43 0.21 0.25 0.21
0.70 0.40 0.07 0.55 0.35 0.14 0.95
0.32 0.34 0.20 0.34 0.06 0.86 0.14
0.54 0.31 0.74 0.13 0.27 0.18 0.22
0.19 0.04 0.55 0.83 0.40 0.12 0.05
0.17 0.30 0.09 0.15 0.51 0.18 0.47
0.48 0.40 0.48 0.44 0.04 0.04 0.44
0.31 0.19 0.97 0.33 0.11 0.90 0.92
0.23 0.69 0.90 0.74 0.07 0.73 0.06
0.17 0.19 0.86 0.07 0.87 0.38 0.04
0.36 0.17 0.02 0.07 0.39 0.08 0.16
0.57 0.58 0.67 0.85 0.04 0.39 0.13
0.78 0.40 0.20 0.25 0.57 0.01 0.44
0.49 0.22 0.31 0.34 0.34 0.43 0.33
0.30 0.20 0.67 0.04 0.52 0.94 0.34
0.17 0.54 0.60 0.99 0.51 0.07 0.41
0.67 0.21 0.79 0.39 0.32 0.25 0.64
0.35 0.20 0.15 0.40 0.13 0.73 0.14
0.23 0.46 0.45 0.90 0.19 0.19 0.83
0.81 0.22 0.69 0.24 0.33 0.07 0.73
0.55 0.08 0.01 0.19 1.00 0.54 0.71
0.86 0.37 0.80 0.26 0.68 0.01 0.67
0.03 0.16 0.69 0.34 0.17 0.99 0.36
1.00 0.73 0.08 0.28 0.21 0.48 0.09
0.57 0.21 0.33 0.40 0.36 0.99 0.04
0.65 0.22 0.08 0.26 0.04 0.28 0.13
0.05 0.54 0.58 0.80 0.65 0.22 0.93
0.62 0.47 0.31 0.25 0.22 0.31 0.12
0.13 0.31 0.36 0.33 0.35 1.00 0.19
0.31 0.27 0.03 0.45 0.24 0.90 0.35
0.43 0.81 0.86 0.39 0.07 0.04 0.88
0.93 0.08 0.67 0.05 0.30 0.15 0.01
0.91 0.56 0.16 0.04 0.25 0.51 0.41
0.91 0.68 0.50 0.36 0.32 0.25 0.37
0.51 0.01 0.64 0.23 0.09 0.63 0.93
0.86 0.14 0.01 0.34 0.21 0.11 0.12
0.50 0.92 0.92 0.41 0.21 0.39 0.12
0.04 0.31 0.19 0.12 0.45 0.37 0.38
0.12 0.55 0.75 0.37 0.67 0.62 0.06
0.06 0.08 0.62 0.99 0.36 0.31 0.51
0.36 0.80 0.36 0.95 0.32 0.35 0.03
0.16 0.12 0.11 0.30 0.61 0.14 0.39
0.45 0.14 0.56 0.21 0.26 0.45 0.13
0.49 0.02 0.71 0.05 0.20 0.08 0.31
0.52 0.49 0.59 0.85 0.14 0.17 0.22
0.10 0.87 0.32 0.63 0.53 0.76 0.37
0.19 0.80 0.98 0.15 0.10 0.30 0.14
0.02 0.53 0.93 0.03 0.96 0.10 0.12
0.30 0.05 0.18 0.35 0.15 0.19 0.95
0.20 0.32 0.63 0.01 0.08 0.37 0.06
0.09 0.86 0.46 0.49 0.12 0.65 0.01
0.48 0.19 0.15 0.67 0.42 0.51 0.09
0.38 0.47 0.16 0.78 0.04 0.37 1.00
0.08 0.04 0.06 0.41 0.14 0.85 0.04
0.28 0.67 0.40 0.84 0.01 0.83 0.99
0.31 0.67 0.88 0.11 0.93 0.12 0.40
0.94 0.84 0.18 0.10 0.16 0.40 0.72
0.01 0.42 0.14 0.29 0.39 0.36 0.01
0.29 0.28 0.07 0.24 0.29 0.75 0.76
0.79 0.34 0.48 0.83 0.17 0.01 0.89
0.69 0.41 0.05 0.49 0.01 0.51 0.94
0.50 0.55 0.20 0.32 0.30 0.07 0.85
0.10 0.04 0.19 0.11 0.91 0.20 0.97
0.95 0.37 0.47 0.05 0.31 0.19 0.03
0.19 0.83 0.27 0.14 0.26 0.40 0.47
0.39 0.67 0.34 0.62 0.24 0.01 0.35
0.40 0.71 0.70 0.05 0.70 0.44 0.05
0.39 0.30 0.09 0.29 0.17 0.66 0.49
0.95 0.36 0.05 0.27 0.31 0.41 0.31
0.44 0.07 0.65 0.14 0.44 0.02 0.44
0.06 0.76 0.44 0.35 0.45 0.06 0.73
0.49 0.57 0.13 0.74 0.09 0.12 0.28
0.98 0.07 0.86 0.28 0.30 0.32 0.19
0.03 0.78 0.26 0.02 0.59 0.34 0.52
0.10 0.21 0.32 0.29 0.32 0.01 0.09
0.31 0.77 0.87 0.09 0.86 0.13 0.71
0.46 0.71 0.38 0.50 0.04 0.28 0.59
0.41 0.23 0.03 0.46 0.33 0.77 0.70
0.20 0.10 0.85 0.58 0.35 0.21 0.04
0.23 0.38 0.17 0.08 0.94 0.25 0.50
0.11 0.77 0.35 0.04 0.52 0.72 0.99
0.04 0.56 0.40 0.88 0.03 0.04 0.04
0.57 0.88 0.25 0.05 0.31 0.16 0.83
0.38 0.14 0.08 0.60 0.07 0.81 0.21
0.83 0.21 0.60 0.09 0.12 0.75 0.27
0.75 0.04 0.23 0.14 0.16 0.09 0.10
0.38 0.32 0.43 0.02 0.30 0.19 0.70
0.08 0.19 0.21 0.31 0.03 0.98 0.03
0.91 0.15 0.96 0.27 0.14 0.12 0.78
0.75 0.18 0.33 0.84 0.02 0.56 0.35
0.26 0.10 0.11 0.85 0.33 0.08 0.20
0.67 0.82 0.28 0.66 0.15 0.90 0.01
0.11 0.09 0.51 0.41 0.73 0.28 0.06
0.20 0.41 0.59 0.04 0.39 0.95 0.40
0.26 0.67 0.20 0.19 0.57 0.39 0.24
0.82 0.32 0.78 0.04 0.16 0.03 0.37
0.14 0.66 0.84 0.14 0.90 0.30 0.50
0.07 0.05 0.99 0.27 0.54 0.40 0.48
0.05 0.41 0.44 0.31 0.37 0.05 0.16
0.08 0.57 0.75 0.75 0.73 0.01 0.73
0.74 0.17 0.86 0.80 0.24 0.27 0.13
0.12 0.41 0.15 0.14 0.29 0.87 0.96
0.63 0.50 0.04 0.24 0.31 0.90 0.34
0.23 0.78 0.57 0.24 0.82 0.14 0.33
0.04 0.51 0.17 0.42 0.59 0.17 0.30
0.12 0.37 0.41 0.01 0.10 0.26 0.37
0.13 0.01 0.87 0.06 0.19 0.50 0.19
0.58 0.01 0.18 0.39 0.45 0.23 0.22
0.14 1.00 0.17 0.22 0.06 0.07 0.33
0.29 0.23 0.04 0.03 0.98 0.04 0.58
0.33 0.58 0.07 0.04 0.68 0.69 0.70
0.04 0.03 0.42 0.95 0.93 0.33 0.16
0.14 0.12 0.02 0.31 0.76 0.69 0.20
0.36 0.18 0.62 0.18 0.17 0.95 0.16
0.24 0.01 0.10 0.98 0.75 0.93 0.63
0.21 0.23 0.37 0.29 0.02 0.41 0.92
0.05 0.69 0.92 0.61 0.20 0.73 0.02
0.06 0.20 0.24 0.15 0.04 0.90 0.36
0.56 0.26 0.87 0.92 0.02 0.41 0.14
0.01 0.53 0.97 0.50 0.24 0.81 0.04
0.95 0.20 0.04 0.10 0.69 0.16 0.02
0.56 0.10 0.48 0.86 0.30 0.48 0.63
0.31 0.63 0.47 0.36 0.18 0.03 0.60
0.26 0.14 0.92 0.36 0.11 0.36 0.43
0.27 0.32 0.16 0.58 0.22 0.12 0.12
0.41 0.05 0.50 1.00 0.07 0.02 0.25
0.03 0.32 0.65 0.33 0.96 0.45 0.67
0.63 0.13 0.69 0.04 0.79 0.18 0.03
0.35 0.16 0.84 0.29 0.59 0.49 0.14
0.02 0.43 0.36 0.36 0.37 0.15 0.39
0.32 0.06 0.35 0.55 0.62 0.26 0.45
0.95 0.61 0.24 0.13 0.50 0.15 0.02
0.76 0.03 0.15 0.75 0.45 0.79 0.27
0.87 0.90 0.38 0.23 0.20 0.06 0.50
0.07 0.70 0.08 0.22 0.85 0.37 0.36
0.16 0.35 0.54 0.17 0.51 0.34 0.69
0.40 0.14 0.10 0.17 0.76 0.11 0.72
0.47 0.39 0.52 0.59 0.08 0.07 0.15
0.05 0.35 0.48 0.39 0.29 0.11 0.33
0.14 0.51 0.16 0.66 0.34 0.76 0.07
0.01 0.21 0.10 0.72 0.33 0.36 0.19
0.43 0.98 0.32 0.18 0.15 0.08 0.47
1.00 0.79 0.92 0.26 0.08 0.15 0.47
0.13 0.48 0.14 0.14 0.70 0.35 0.17
0.87 0.32 0.02 0.52 0.01 0.47 0.96
0.52 0.07 1.00 0.78 0.10 0.80 0.15
0.79 0.01 0.53 0.38 0.70 0.48 0.30
0.13 0.23 0.23 0.20 0.37 0.19 0.57
0.06 0.73 0.25 0.43 0.10 0.43 0.36
0.49 0.11 0.41 0.67 0.22 0.08 0.07
0.08 0.07 0.90 0.22 0.68 0.75 0.75
0.16 0.08 0.13 0.53 0.21 0.18 0.81
0.70 0.03 0.28 0.25 0.77 0.34 0.35
0.01 0.09 0.40 0.98 0.10 0.34 0.49
0.21 0.25 0.06 0.24 0.88 0.79 0.31
0.89 0.06 0.98 0.65 0.51 0.65 0.08
0.08 0.14 0.33 0.29 0.72 0.31 0.59
0.28 0.08 0.30 0.89 0.59 0.13 0.78
0.16 0.38 0.36 0.15 0.26 0.22 0.31
0.55 0.23 0.80 0.52 0.27 0.24 0.10
0.51 0.08 0.16 0.02 0.36 0.44 0.46
0.11 0.09 0.82 0.31 0.17 0.25 0.27
0.40 0.85 0.02 0.70 0.14 0.45 0.71
0.36 0.34 0.05 0.42 0.40 0.46 0.07
