200 7
0.14 1.00 0.93 0.49 0.16 0.04 0.70
0.67 0.18 0.73 0.70 0.84 0.18 0.25
0.05 0.20 0.15 0.06 0.03 0.71 0.26
0.62 0.45 0.21 0.67 0.68 0.28 0.27
0.88 0.09 0.06 0.36 0.20 0.19 0.88
0.07 0.61 0.32 0.44 0.09 0.10 0.37
0.32 0.19 0.39 0.16 0.09 0.97 0.42
0.22 0.37 0.79 0.98 0.43 0.20 0.04
0.80 0.54 0.04 0.16 0.10 0.52 0.29
0.39 0.53 0.71 0.57 0.44 0.12 0.16
0.29 0.30 0.85 0.83 0.76 0.37 0.82
0.69 0.13 0.50 0.82 0.74 0.04 0.98
0.25 0.24 0.29 0.06 0.96 0.31 0.80
0.25 0.26 0.06 0.20 0.39 0.77 0.90
0.58 0.56 0.12 0.85 0.78 0.41 0.15
0.28 0.93 0.34 0.03 0.08 0.28 0.10
0.37 0.02 0.32 0.03 0.15 0.34 0.71
0.36 0.07 0.58 0.07 0.07 0.26 0.40
0.06 0.02 0.46 0.71 0.44 0.44 0.84
0.33 0.48 0.09 0.77 0.78 0.24 0.08
0.55 0.25 0.46 0.04 0.27 0.19 0.26
0.02 0.48 0.45 0.39 0.49 0.94 0.23
0.06 0.15 0.44 0.28 0.26 0.35 0.66
0.21 0.14 0.39 0.19 0.22 0.48 1.00
0.43 0.45 0.01 0.08 0.45 0.06 0.17
0.89 0.47 0.56 0.51 0.37 0.71 0.15
0.19 0.82 0.47 0.40 0.14 0.45 0.81
0.93 0.23 0.88 0.21 0.06 0.25 0.38
0.27 0.11 0.52 0.15 0.19 0.24 0.18
0.36 0.13 0.07 0.79 0.62 0.96 0.85
0.05 0.71 0.30 0.16 0.01 0.44 0.66
0.47 0.38 0.77 0.66 0.18 0.07 0.26
0.75 0.79 0.07 0.24 0.08 0.77 0.47
0.55 0.71 0.31 0.07 0.80 0.30 0.70
0.16 0.13 0.22 0.72 0.25 0.04 0.43
0.13 0.05 0.40 0.17 0.65 0.23 0.48
0.67 0.60 0.29 0.01 0.26 0.29 0.20
0.15 0.10 0.37 0.15 0.33 0.61 0.19
0.02 0.47 0.46 0.54 0.88 0.68 0.12
0.14 0.79 0.31 0.28 0.34 0.44 0.53
0.08 0.89 0.96 0.14 0.47 0.32 0.30
0.31 0.03 0.24 0.59 0.19 0.23 0.07
0.47 0.20 0.05 0.85 0.90 0.03 0.09
0.09 0.48 0.16 0.17 0.24 0.20 0.30
0.96 0.26 0.94 0.23 0.02 0.09 0.56
0.41 0.44 0.86 0.66 0.01 0.68 0.05
0.07 0.06 0.27 0.08 0.03 0.04 0.14
0.75 0.06 0.63 0.03 0.87 0.05 0.67
0.05 0.17 0.57 0.03 0.42 0.16 0.83
0.40 0.26 0.25 0.68 0.04 0.49 0.90
0.08 0.41 0.22 0.09 0.84 0.46 0.99
0.15 0.06 0.01 0.44 0.12 0.90 0.81
0.97 0.24 0.01 0.83 0.61 0.78 0.93
0.18 0.99 0.02 0.09 0.90 0.25 0.46
0.71 0.15 0.54 0.62 0.46 0.16 0.10
0.35 0.11 0.88 0.43 0.80 0.81 0.10
0.50 0.62 0.78 0.93 0.39 0.01 0.34
0.31 0.04 0.44 0.36 0.32 0.61 0.30
0.05 0.39 0.64 0.20 0.28 0.27 0.72
0.03 0.25 0.81 0.63 0.29 0.42 0.35
0.53 0.83 0.08 0.67 0.41 0.59 0.35
0.23 0.10 0.34 0.23 0.46 0.03 0.28
0.39 0.21 0.24 0.04 0.23 0.79 0.21
0.60 0.30 0.04 0.83 0.13 0.55 0.65
0.16 0.09 0.15 0.80 0.75 0.13 0.12
0.16 0.71 0.11 0.37 0.89 0.24 0.43
0.01 0.44 0.54 0.01 0.21 0.11 0.15
0.28 0.05 0.47 0.17 0.71 0.38 0.38
0.73 0.49 0.16 0.97 0.06 0.38 0.89
0.06 0.48 0.69 0.79 0.50 0.81 0.07
0.06 0.41 0.27 0.40 0.82 0.16 0.01
0.55 0.40 0.05 0.53 0.56 0.09 0.16
0.41 0.31 0.20 0.45 0.34 0.93 0.05
0.75 0.07 0.45 0.48 0.02 0.72 0.49
0.08 0.37 0.37 0.42 0.19 0.02 0.27
0.49 0.29 0.49 0.36 0.44 0.21 0.13
0.03 0.89 0.36 0.26 0.06 0.11 0.01
0.10 0.14 0.18 0.49 0.03 0.92 0.21
1.00 0.90 0.24 0.28 0.16 0.62 0.05
0.61 0.21 0.68 0.89 0.70 0.40 0.03
0.25 0.02 0.20 0.42 0.69 1.00 0.37
0.36 0.72 0.88 0.03 0.61 0.16 0.11
0.16 0.97 0.13 0.42 0.10 0.03 0.35
0.10 0.41 0.09 0.61 0.36 0.12 0.35
0.47 0.73 0.76 0.02 0.11 0.78 0.96
0.06 0.51 0.04 0.48 0.03 0.02 0.91
0.17 0.20 0.13 0.37 0.36 0.14 0.06
0.04 0.51 0.95 0.23 0.06 0.43 0.32
0.84 0.67 0.14 0.55 0.06 0.74 0.53
0.27 0.05 0.08 0.39 0.60 0.64 0.48
0.41 0.64 0.72 0.53 0.26 0.83 0.06
0.80 0.02 0.66 0.14 0.20 0.49 0.30
0.73 0.32 0.11 0.16 0.70 0.43 0.13
0.61 0.33 0.18 0.67 0.26 0.20 0.26
0.13 0.51 0.08 0.17 0.28 0.47 0.60
0.33 0.16 0.09 0.60 0.44 0.58 0.21
0.47 0.58 0.20 0.01 0.98 0.10 0.34
0.65 0.62 0.12 0.96 0.10 0.54 0.81
0.32 0.32 0.31 0.86 0.33 0.81 0.01
0.74 0.27 0.26 0.37 0.16 0.42 0.25
0.23 0.15 0.56 0.77 0.01 0.20 0.40
0.36 0.10 0.84 0.02 1.00 0.05 0.03
0.35 0.01 0.53 0.52 0.72 0.73 0.61
0.31 0.86 0.11 0.57 0.46 0.23 0.18
0.90 0.10 0.56 0.04 0.19 0.48 0.63
0.77 0.91 0.23 0.12 0.25 0.01 0.79
0.14 0.14 0.12 0.72 0.66 0.80 0.22
0.47 0.82 0.62 0.16 0.24 0.56 0.10
0.48 0.17 0.16 0.54 0.16 0.78 0.12
0.09 0.38 0.21 0.49 0.27 0.20 0.73
0.34 0.05 0.86 0.16 0.31 0.40 0.70
0.26 0.01 0.14 0.71 0.95 0.18 0.49
0.57 0.89 0.08 0.05 0.42 0.92 0.27
0.94 0.08 0.53 0.42 0.95 0.02 0.34
0.10 0.71 0.05 0.48 0.64 0.45 0.70
0.57 0.17 0.11 0.47 0.34 0.02 0.09
0.64 0.27 0.13 0.25 0.44 0.07 0.78
0.46 0.16 0.04 0.12 0.05 0.12 0.50
0.06 0.95 0.57 0.40 0.04 0.31 0.49
0.36 0.07 0.37 0.44 0.22 0.48 0.13
0.42 0.26 0.17 0.11 0.10 0.96 0.10
0.33 0.05 0.28 0.93 0.16 0.11 0.55
0.78 0.63 0.49 0.07 0.88 0.81 0.16
0.47 0.43 0.11 0.25 0.02 0.62 0.24
0.07 0.18 0.33 0.21 0.14 0.24 0.11
0.18 0.78 0.61 0.25 0.90 0.48 0.04
0.29 0.45 0.09 0.36 0.56 0.72 0.07
0.09 0.89 0.13 0.45 0.37 0.89 0.49
0.24 0.31 0.36 0.48 0.72 0.04 0.09
0.44 0.35 0.16 0.21 0.51 0.79 0.10
0.17 0.27 0.07 0.48 0.18 0.21 0.80
0.08 0.45 0.07 0.19 0.23 0.20 0.51
0.89 0.01 1.00 0.04 0.05 0.35 0.31
0.22 0.28 0.04 0.72 0.93 0.88 0.80
0.68 0.02 0.54 0.68 0.66 0.81 0.56
0.15 0.46 0.91 0.72 0.34 0.19 0.09
0.28 0.31 0.45 0.03 0.09 0.42 0.28
0.66 0.48 0.11 0.15 0.40 0.32 0.28
0.68 0.03 0.14 0.05 0.37 0.72 0.08
0.21 0.98 0.10 0.23 0.89 0.24 0.35
0.72 0.02 0.29 0.17 0.23 0.57 0.59
0.75 0.46 0.36 0.41 0.11 0.07 0.02
0.04 0.12 0.85 0.83 0.03 0.11 0.97
0.38 0.08 0.05 0.03 0.36 0.66 0.64
0.44 0.73 0.14 0.28 0.29 0.44 0.44
0.56 0.51 0.73 0.61 0.01 0.43 0.58
0.67 0.47 0.08 0.19 0.47 0.48 0.01
0.97 0.21 0.31 0.38 0.75 0.03 0.62
0.64 0.26 0.66 0.80 0.28 0.27 0.04
0.14 0.64 0.62 0.88 0.23 0.09 0.12
0.29 0.22 0.07 0.49 0.83 0.27 0.21
0.64 0.20 0.10 0.05 0.27 0.55 0.33
0.06 0.11 0.25 0.10 0.15 0.28 0.70
0.55 0.18 0.40 0.04 0.46 0.88 0.21
0.21 0.49 0.05 0.27 0.11 0.03 0.70
0.45 0.31 0.05 0.52 0.51 0.23 0.33
0.91 0.35 0.04 0.33 0.19 0.06 0.37
0.89 0.73 0.03 0.16 0.72 0.78 0.12
0.07 0.65 0.42 0.51 0.27 0.79 0.09
0.05 0.45 0.11 0.56 0.87 0.14 0.07
0.07 0.24 0.21 0.42 0.27 0.18 0.82
0.09 0.38 0.05 0.11 0.76 0.05 0.77
0.50 0.49 0.08 0.37 0.12 0.02 0.31
0.26 0.74 0.52 0.49 0.46 0.20 0.01
0.26 0.10 0.01 0.76 0.63 0.21 0.81
0.01 1.00 0.96 0.49 0.58 0.09 0.54
0.19 0.06 0.20 0.11 0.70 0.25 0.42
0.40 0.26 0.23 0.10 0.47 0.37 0.32
0.04 0.03 0.74 0.12 0.58 0.60 0.55
0.24 0.72 0.42 0.09 0.03 0.37 0.12
0.64 0.07 0.07 0.80 0.70 0.26 0.57
0.10 0.25 0.21 0.24 0.09 0.34 0.96
0.49 0.17 0.69 0.28 0.93 0.20 0.03
0.76 0.83 0.82 0.06 0.07 0.15 0.88
0.23 0.17 0.53 0.92 0.50 0.25 0.07
0.04 0.68 0.04 0.03 0.10 0.92 0.48
0.19 0.47 0.12 0.73 0.03 0.30 0.29
0.05 0.33 0.20 0.27 0.99 0.09 0.33
0.02 0.56 0.12 0.67 0.90 0.50 0.74
0.59 0.29 0.01 0.44 0.12 0.25 0.12
0.62 0.01 0.62 0.61 0.87 0.71 0.27
0.39 0.32 0.38 0.06 0.34 0.35 0.43
0.14 0.23 0.37 0.55 0.29 0.39 0.10
0.43 0.01 0.91 0.76 0.68 0.88 0.99
0.41 0.31 0.39 0.03 0.72 0.01 0.15
0.10 0.63 0.49 0.05 0.14 0.57 0.48
0.22 0.13 0.48 0.02 0.29 0.13 0.33
0.43 0.58 0.39 0.92 0.02 0.21 0.08
0.22 0.13 0.15 0.83 0.69 0.65 0.59
0.16 0.64 0.26 0.07 0.37 0.45 0.25
0.87 0.96 0.55 0.15 0.60 0.01 0.60
0.32 0.08 0.56 0.03 0.26 0.05 0.29
0.06 0.73 0.14 0.28 0.84 0.40 0.15
0.25 0.24 0.79 0.30 0.01 0.75 0.74
0.20 0.17 0.20 0.06 0.63 0.11 0.16
0.83 0.10 0.09 0.05 0.66 0.07 0.97
0.06 0.20 0.17 0.16 0.82 0.28 0.57
0.38 0.39 0.59 0.43 0.77 0.03 0.21
0.55 0.47 0.48 0.21 0.74 0.18 0.13
0.13 0.43 0.13 0.69 0.47 0.59 0.06
