200 7
14 100 93 49 16 4 70
67 18 73 70 84 18 25
5 20 15 6 3 71 26
62 45 21 67 68 28 27
88 9 6 36 20 19 88
7 61 32 44 9 10 37
32 19 39 16 9 97 42
22 37 79 98 43 20 4
80 54 4 16 10 52 29
39 53 71 57 44 12 16
29 30 85 83 76 37 82
69 13 50 82 74 4 98
25 24 29 6 96 31 80
25 26 6 20 39 77 90
58 56 12 85 78 41 15
28 93 34 3 8 28 10
37 2 32 3 15 34 71
36 7 58 7 7 26 40
6 2 46 71 44 44 84
33 48 9 77 78 24 8
55 25 46 4 27 19 26
2 48 45 39 49 94 23
6 15 44 28 26 35 66
21 14 39 19 22 48 100
43 45 1 8 45 6 17
89 47 56 51 37 71 15
19 82 47 40 14 45 81
93 23 88 21 6 25 38
27 11 52 15 19 24 18
36 13 7 79 62 96 85
5 71 30 16 1 44 66
47 38 77 66 18 7 26
75 79 7 24 8 77 47
55 71 31 7 80 30 70
16 13 22 72 25 4 43
13 5 40 17 65 23 48
67 60 29 1 26 29 20
15 10 37 15 33 61 19
2 47 46 54 88 68 12
14 79 31 28 34 44 53
8 89 96 14 47 32 30
31 3 24 59 19 23 7
47 20 5 85 90 3 9
9 48 16 17 24 20 30
96 26 94 23 2 9 56
41 44 86 66 1 68 5
7 6 27 8 3 4 14
75 6 63 3 87 5 67
5 17 57 3 42 16 83
40 26 25 68 4 49 90
8 41 22 9 84 46 99
15 6 1 44 12 90 81
97 24 1 83 61 78 93
18 99 2 9 90 25 46
71 15 54 62 46 16 10
35 11 88 43 80 81 10
50 62 78 93 39 1 34
31 4 44 36 32 61 30
5 39 64 20 28 27 72
3 25 81 63 29 42 35
53 83 8 67 41 59 35
23 10 34 23 46 3 28
39 21 24 4 23 79 21
60 30 4 83 13 55 65
16 9 15 80 75 13 12
16 71 11 37 89 24 43
1 44 54 1 21 11 15
28 5 47 17 71 38 38
73 49 16 97 6 38 89
6 48 69 79 50 81 7
6 41 27 40 82 16 1
55 40 5 53 56 9 16
41 31 20 45 34 93 5
75 7 45 48 2 72 49
8 37 37 42 19 2 27
49 29 49 36 44 21 13
3 89 36 26 6 11 1
10 14 18 49 3 92 21
100 90 24 28 16 62 5
61 21 68 89 70 40 3
25 2 20 42 69 100 37
36 72 88 3 61 16 11
16 97 13 42 10 3 35
10 41 9 61 36 12 35
47 73 76 2 11 78 96
6 51 4 48 3 2 91
17 20 13 37 36 14 6
4 51 95 23 6 43 32
84 67 14 55 6 74 53
27 5 8 39 60 64 48
41 64 72 53 26 83 6
80 2 66 14 20 49 30
73 32 11 16 70 43 13
61 33 18 67 26 20 26
13 51 8 17 28 47 60
33 16 9 60 44 58 21
47 58 20 1 98 10 34
65 62 12 96 10 54 81
32 32 31 86 33 81 1
74 27 26 37 16 42 25
23 15 56 77 1 20 40
36 10 84 2 100 5 3
35 1 53 52 72 73 61
31 86 11 57 46 23 18
90 10 56 4 19 48 63
77 91 23 12 25 1 79
14 14 12 72 66 80 22
47 82 62 16 24 56 10
48 17 16 54 16 78 12
9 38 21 49 27 20 73
34 5 86 16 31 40 70
26 1 14 71 95 18 49
57 89 8 5 42 92 27
94 8 53 42 95 2 34
10 71 5 48 64 45 70
57 17 11 47 34 2 9
64 27 13 25 44 7 78
46 16 4 12 5 12 50
6 95 57 40 4 31 49
36 7 37 44 22 48 13
42 26 17 11 10 96 10
33 5 28 93 16 11 55
78 63 49 7 88 81 16
47 43 11 25 2 62 24
7 18 33 21 14 24 11
18 78 61 25 90 48 4
29 45 9 36 56 72 7
9 89 13 45 37 89 49
24 31 36 48 72 4 9
44 35 16 21 51 79 10
17 27 7 48 18 21 80
8 45 7 19 23 20 51
89 1 100 4 5 35 31
22 28 4 72 93 88 80
68 2 54 68 66 81 56
15 46 91 72 34 19 9
28 31 45 3 9 42 28
66 48 11 15 40 32 28
68 3 14 5 37 72 8
21 98 10 23 89 24 35
72 2 29 17 23 57 59
75 46 36 41 11 7 2
4 12 85 83 3 11 97
38 8 5 3 36 66 64
44 73 14 28 29 44 44
56 51 73 61 1 43 58
67 47 8 19 47 48 1
97 21 31 38 75 3 62
64 26 66 80 28 27 4
14 64 62 88 23 9 12
29 22 7 49 83 27 21
64 20 10 5 27 55 33
6 11 25 10 15 28 70
55 18 40 4 46 88 21
21 49 5 27 11 3 70
45 31 5 52 51 23 33
91 35 4 33 19 6 37
89 73 3 16 72 78 12
7 65 42 51 27 79 9
5 45 11 56 87 14 7
7 24 21 42 27 18 82
9 38 5 11 76 5 77
50 49 8 37 12 2 31
26 74 52 49 46 20 1
26 10 1 76 63 21 81
1 100 96 49 58 9 54
19 6 20 11 70 25 42
40 26 23 10 47 37 32
4 3 74 12 58 60 55
24 72 42 9 3 37 12
64 7 7 80 70 26 57
10 25 21 24 9 34 96
49 17 69 28 93 20 3
76 83 82 6 7 15 88
23 17 53 92 50 25 7
4 68 4 3 10 92 48
19 47 12 73 3 30 29
5 33 20 27 99 9 33
2 56 12 67 90 50 74
59 29 1 44 12 25 12
62 1 62 61 87 71 27
39 32 38 6 34 35 43
14 23 37 55 29 39 10
43 1 91 76 68 88 99
41 31 39 3 72 1 15
10 63 49 5 14 57 48
22 13 48 2 29 13 33
43 58 39 92 2 21 8
22 13 15 83 69 65 59
16 64 26 7 37 45 25
87 96 55 15 60 1 60
32 8 56 3 26 5 29
6 73 14 28 84 40 15
25 24 79 30 1 75 74
20 17 20 6 63 11 16
83 10 9 5 66 7 97
6 20 17 16 82 28 57
38 39 59 43 77 3 21
55 47 48 21 74 18 13
13 43 13 69 47 59 6
