200 7
91 71 57 78 81 19 23
55 48 51 71 51 82 53
33 3 34 1 24 40 32
13 40 72 1 31 54 49
6 69 79 15 50 3 22
18 67 58 38 63 88 65
74 50 14 70 17 72 48
88 49 1 22 26 20 30
94 27 21 26 9 73 4
11 42 29 81 31 50 48
10 97 84 70 25 8 40
73 9 1 46 42 1 28
58 50 49 15 26 26 27
1 10 13 2 93 4 93
50 34 46 44 68 13 5
72 6 41 29 100 6 28
10 39 48 6 87 19 32
5 79 8 65 42 9 24
67 15 31 6 47 48 17
74 10 10 12 31 11 12
77 8 33 21 84 10 26
32 15 31 100 10 92 95
32 52 94 43 95 32 21
53 23 4 52 29 60 53
19 79 98 17 28 21 71
2 31 12 54 3 42 44
10 30 2 20 29 10 27
1 67 16 7 39 68 14
13 24 94 73 23 1 81
19 22 29 66 8 81 22
30 74 35 41 13 21 23
26 10 51 47 42 85 20
33 1 43 67 18 22 75
29 15 28 95 14 70 43
26 57 80 17 89 44 1
7 33 26 4 40 11 37
45 12 72 23 44 15 5
41 11 32 31 38 49 60
23 43 17 47 42 28 13
67 37 30 68 59 79 21
55 48 3 59 17 84 32
32 18 85 53 84 28 37
53 17 84 2 5 5 49
2 11 89 2 52 6 93
43 11 23 6 22 48 24
89 74 4 30 32 21 4
89 70 43 9 4 87 86
37 26 53 41 91 96 25
92 26 7 31 28 9 41
61 14 15 1 36 63 1
3 33 13 35 31 4 2
20 47 38 11 30 38 53
61 100 2 84 57 34 26
28 34 89 19 15 20 42
97 83 5 79 38 11 9
3 27 91 48 90 36 20
59 7 13 31 25 45 40
37 14 42 71 50 39 23
81 81 79 52 2 85 88
25 52 3 54 24 22 21
16 32 21 15 7 98 2
50 34 82 24 100 4 15
28 80 35 19 7 35 42
20 34 6 15 20 37 26
64 99 5 35 93 91 4
24 49 43 52 10 40 29
58 41 9 13 54 69 30
10 1 31 38 15 59 20
79 95 98 83 19 73 2
38 58 81 44 4 89 38
51 30 42 58 23 29 49
42 18 14 38 28 12 39
4 14 49 55 19 4 4
13 20 27 11 25 28 70
45 96 92 57 15 4 58
19 24 66 34 5 26 9
34 23 39 16 50 33 41
25 4 24 72 70 38 88
100 79 89 52 26 20 25
34 94 4 67 58 6 57
27 91 14 6 2 22 73
89 14 22 3 38 39 55
20 1 51 79 68 43 52
31 36 23 31 34 31 16
29 25 61 53 9 44 25
54 88 10 49 3 4 64
34 11 43 48 21 47 9
94 66 71 78 17 74 2
25 35 53 15 11 38 27
94 13 49 52 30 7 10
32 8 95 38 14 44 2
16 76 99 14 4 74 92
50 49 24 20 32 7 93
47 48 9 98 47 8 3
62 92 68 26 24 1 74
32 3 31 16 34 47 49
96 46 45 15 47 4 39
33 78 31 77 9 25 97
60 85 38 41 4 79 26
19 71 2 5 58 21 59
4 2 79 85 14 33 16
24 83 79 14 67 51 27
1 52 98 44 37 38 64
33 25 51 3 2 21 71
12 88 45 18 39 13 39
1 70 11 52 90 78 41
14 10 30 2 24 78 61
86 1 23 72 79 68 36
8 25 48 31 47 8 46
39 15 45 14 44 34 20
2 58 64 65 95 93 7
35 88 13 17 14 77 50
44 46 62 20 7 64 37
12 9 9 32 24 18 80
40 59 31 40 19 29 83
83 62 31 48 12 43 100
43 25 90 30 14 17 85
48 6 13 80 55 43 50
50 66 46 21 31 22 25
85 22 71 52 17 25 30
24 7 33 34 21 61 31
87 3 71 87 69 10 12
36 29 66 18 31 93 5
8 16 44 79 20 68 10
28 80 4 55 12 84 43
17 12 36 80 17 45 10
11 11 83 39 28 7 12
27 25 61 24 15 78 27
6 73 48 92 17 34 1
7 29 15 42 4 48 52
54 16 86 15 52 17 59
1 10 86 92 57 14 28
26 39 19 27 37 48 11
29 11 81 96 8 54 15
56 39 52 26 31 4 10
4 46 11 42 41 12 15
83 52 42 4 21 87 92
31 65 36 9 7 6 54
52 3 53 55 3 43 77
46 20 55 66 31 3 55
95 21 34 24 27 39 67
43 32 24 15 21 41 35
17 20 18 6 92 19 16
44 81 81 1 86 39 27
100 22 8 16 2 3 23
27 82 85 68 9 58 8
25 8 38 91 1 36 8
9 9 34 89 48 42 95
84 49 87 17 6 41 16
1 48 22 74 62 37 85
38 11 24 68 16 31 66
62 79 90 17 66 42 15
6 7 52 45 73 42 28
30 12 59 100 71 69 7
22 12 35 29 23 49 25
33 91 20 81 2 17 8
42 8 19 30 2 66 23
47 34 17 35 19 17 19
16 72 26 19 20 19 99
44 82 2 7 95 16 39
3 15 42 41 65 81 100
71 97 13 13 48 6 90
44 50 72 14 69 4 44
41 53 11 18 21 9 27
3 36 24 24 58 49 47
52 51 66 22 2 3 58
13 88 49 43 97 3 32
38 28 76 32 29 17 60
29 19 30 7 9 11 19
65 76 10 7 78 84 5
3 51 20 76 6 29 19
21 11 35 68 66 56 50
33 28 7 45 9 46 3
49 46 50 18 56 7 54
94 8 29 60 69 58 22
86 29 47 56 5 55 28
65 18 91 10 33 24 46
70 6 18 25 6 49 85
29 24 27 96 43 67 2
46 62 1 39 35 93 8
30 2 11 79 22 15 41
33 12 13 27 39 53 37
91 9 98 21 95 40 3
24 33 48 44 10 47 14
4 80 54 68 9 27 56
41 14 85 47 20 19 86
49 18 13 15 46 37 95
3 85 62 6 80 84 18
54 48 26 49 18 13 47
69 55 3 61 73 42 14
16 2 1 7 48 27 11
14 97 37 5 23 70 46
29 82 96 5 36 47 74
45 30 11 44 9 42 99
11 52 45 19 9 54 58
27 5 26 21 6 44 50
12 12 35 60 17 54 21
80 63 70 16 1 85 54
83 35 17 77 9 37 48
20 79 88 7 4 1 44
