200 7
90 88 90 12 32 41 38
84 80 93 82 7 51 4
22 61 13 4 37 96 42
69 12 74 36 82 5 37
39 86 28 74 29 57 50
50 50 63 64 3 33 48
32 35 48 22 38 7 75
1 99 24 6 23 10 41
7 67 11 10 38 64 63
39 37 94 37 20 75 2
34 55 46 99 47 30 54
27 36 1 44 94 58 38
12 67 29 16 77 20 22
38 44 47 49 15 73 95
29 12 85 49 39 25 94
84 11 34 6 67 7 59
58 27 35 80 4 46 49
22 6 15 56 31 2 18
78 6 45 25 3 62 16
17 95 7 29 29 18 7
48 82 24 92 10 77 33
77 24 19 25 3 26 69
55 53 68 6 28 27 3
48 17 35 39 34 37 29
2 29 91 34 40 22 12
91 3 56 64 13 62 79
90 1 4 71 92 3 60
79 89 14 30 27 4 91
40 21 48 9 8 50 48
22 3 28 2 50 29 47
4 40 97 47 18 27 26
57 30 31 21 32 29 92
35 56 4 54 16 72 11
36 9 100 2 13 34 9
39 39 39 10 76 11 27
15 39 39 80 52 18 13
22 89 10 9 5 45 26
46 50 9 49 45 55 48
21 2 75 37 83 40 35
24 63 26 24 44 74 44
38 2 38 46 10 1 40
75 76 38 7 17 34 95
13 11 36 1 98 50 31
2 20 20 33 25 2 38
88 26 29 49 30 3 31
100 7 9 2 95 74 54
46 68 72 4 49 16 49
20 41 17 30 56 1 51
53 76 28 11 36 81 76
61 25 29 44 52 68 2
6 10 4 31 93 39 7
42 91 36 85 25 39 24
39 5 15 10 7 15 94
2 69 70 12 68 3 33
7 13 2 50 27 29 38
90 60 44 1 71 23 62
67 98 44 47 8 10 81
18 21 29 8 28 19 38
1 90 49 87 53 68 91
24 84 7 15 3 32 14
19 58 50 76 14 62 35
3 88 35 33 40 11 10
11 29 58 77 80 58 29
53 16 40 36 46 34 34
63 40 41 91 22 49 24
44 22 2 44 85 69 55
49 70 5 12 1 8 3
4 15 83 58 10 64 68
88 1 9 46 90 41 2
92 11 60 3 11 22 85
13 26 61 9 97 36 33
84 2 8 36 96 8 62
42 65 35 20 26 27 90
83 51 19 92 42 41 16
19 70 88 3 2 92 45
19 35 1 95 83 90 5
33 44 57 34 82 35 5
39 50 32 14 74 87 37
61 19 33 47 24 61 91
67 45 4 11 11 25 18
21 47 15 77 72 77 33
93 56 21 5 73 2 37
82 17 5 33 90 2 40
56 36 36 86 9 49 22
89 21 67 1 43 27 92
59 34 10 61 26 17 14
11 17 35 55 2 39 93
13 23 84 85 2 31 36
3 2 82 1 3 85 2
3 83 25 5 50 23 15
44 27 42 45 51 44 31
31 10 6 30 10 6 64
39 5 38 33 37 84 63
29 57 11 1 91 27 92
60 29 6 36 44 15 15
42 17 64 8 20 71 21
20 21 5 1 17 7 13
97 71 2 42 79 32 5
43 70 4 20 12 27 6
27 44 36 40 8 21 65
73 38 95 48 82 8 11
40 40 11 38 62 5 11
2 50 29 48 10 29 81
26 91 35 48 12 4 1
98 20 35 19 41 59 71
48 42 11 1 20 9 6
19 16 52 1 64 80 54
32 1 60 58 65 31 30
16 99 20 4 16 51 30
21 12 68 20 35 21 28
13 57 50 62 65 40 5
22 4 42 10 61 45 41
4 17 50 23 57 26 91
11 23 29 13 23 25 56
36 87 4 37 36 81 27
21 2 11 34 3 3 16
17 63 45 30 42 11 28
80 90 32 27 77 2 96
68 11 36 6 5 20 33
47 39 47 28 9 13 31
81 25 15 1 91 84 6
26 42 21 68 14 54 11
3 65 68 80 22 37 42
67 100 41 7 3 11 53
39 87 40 49 6 42 7
93 1 21 36 66 74 25
58 92 10 8 60 74 12
22 50 25 32 13 45 28
67 26 87 13 2 72 97
97 18 45 35 41 9 4
14 74 31 66 67 96 22
29 75 81 13 4 3 1
4 18 36 35 14 5 6
7 12 68 6 55 57 82
5 88 33 81 35 58 2
75 52 2 81 26 13 33
40 72 10 29 6 34 20
1 47 36 17 12 27 18
67 91 2 30 52 59 67
17 21 57 11 94 34 83
30 37 28 6 41 7 10
84 40 3 97 8 81 81
69 20 25 29 10 8 94
32 9 29 73 69 17 8
15 18 23 50 91 55 34
34 38 45 53 14 31 3
65 10 21 6 86 22 45
95 48 1 25 70 16 10
68 48 1 34 35 6 72
18 34 56 30 81 42 23
14 33 82 28 75 52 4
64 30 71 18 1 40 48
44 72 22 14 5 34 46
78 30 19 97 12 64 15
25 31 95 38 12 31 2
96 3 6 62 92 14 29
68 77 2 40 47 88 37
79 76 22 5 15 39 39
27 78 85 35 12 50 11
41 40 40 45 3 12 14
19 28 44 25 35 1 36
32 58 87 87 38 79 2
8 26 7 8 89 21 30
81 99 5 84 74 3 58
14 11 9 13 5 92 31
15 72 24 53 67 51 32
24 5 66 8 49 49 32
45 88 2 41 33 17 83
71 31 74 89 73 43 2
81 3 42 95 1 16 6
8 48 75 96 9 29 4
71 26 28 22 4 8 35
65 1 32 2 6 32 58
16 84 6 49 77 13 50
16 27 7 77 11 88 40
45 12 15 5 3 20 31
34 92 35 49 17 2 25
43 32 2 63 4 80 28
7 84 17 49 19 36 13
17 13 16 81 7 36 37
61 86 2 68 42 23 43
60 36 20 4 27 2 91
72 4 62 65 60 72 12
4 50 14 39 5 9 5
15 17 83 20 26 7 4
35 63 39 22 65 2 61
36 42 95 34 24 7 1
1 53 77 12 78 99 95
77 12 1 19 46 90 67
56 15 10 89 86 53 10
13 8 73 68 89 24 66
2 46 100 26 11 9 48
12 4 52 1 54 57 87
70 13 5 70 18 86 35
5 14 33 71 26 22 23
4 28 46 30 72 83 11
5 23 27 85 43 42 20
24 62 91 23 8 19 6
60 70 22 8 7 9 49
7 23 12 11 100 76 25
