200 7
0.81 0.85 0.95 0.55 0.91 0.21 0.32
0.57 0.85 0.34 0.78 0.75 0.83 0.87
0.22 0.31 0.29 0.26 0.48 0.26 0.94
0.13 0.44 0.11 0.29 0.99 0.25 0.56
0.73 0.78 0.46 0.37 0.08 0.07 0.23
0.50 0.37 0.19 0.16 0.05 0.17 0.45
0.94 0.59 0.36 0.93 1.00 0.75 0.09
0.47 0.48 1.00 0.01 0.33 0.46 0.02
0.65 0.14 0.64 0.15 0.52 0.08 0.29
0.91 0.37 0.26 0.67 0.99 0.42 0.22
0.30 0.44 0.55 0.33 0.36 0.39 0.43
0.19 0.94 0.43 0.50 0.11 0.43 0.19
0.10 0.10 0.06 0.42 0.19 0.91 0.72
0.15 0.26 0.01 0.14 0.20 0.51 0.33
0.75 0.78 0.11 0.76 0.21 0.34 0.42
0.92 0.51 0.18 0.01 0.46 0.05 0.41
0.31 0.25 0.27 0.94 0.08 0.73 0.20
0.67 0.08 0.93 0.42 0.06 0.16 0.41
0.20 0.17 0.10 0.10 0.15 0.64 0.13
0.70 0.19 0.39 0.19 0.42 0.08 0.51
0.25 0.71 0.82 0.74 0.06 0.24 0.33
0.40 0.23 0.63 0.37 0.85 0.29 0.39
0.70 0.26 0.43 0.09 0.92 0.43 0.78
0.71 0.38 0.97 0.82 0.04 0.05 0.90
0.25 0.01 0.43 0.84 0.64 0.25 0.35
0.08 1.00 0.49 0.29 0.34 0.33 0.25
0.25 0.28 0.47 0.38 0.81 0.38 0.13
0.35 0.49 0.48 0.16 0.84 0.33 0.16
0.33 0.79 0.77 0.49 0.17 0.16 0.49
0.40 0.25 0.18 0.93 0.25 0.56 0.15
0.03 0.01 0.05 0.02 0.12 0.80 1.00
0.45 0.24 0.03 0.37 0.33 0.02 0.21
0.26 1.00 0.55 0.02 0.23 0.75 0.79
0.13 0.10 0.06 0.03 0.13 0.06 0.40
0.84 0.06 0.04 0.43 0.26 0.04 0.20
0.51 0.62 0.36 0.15 0.32 0.93 0.05
0.11 0.48 0.93 0.21 0.09 0.32 0.18
0.03 0.12 0.28 0.08 0.17 0.29 0.64
0.11 0.50 0.89 0.84 0.67 0.69 0.52
0.16 0.03 0.29 0.85 0.76 0.34 0.43
0.25 0.09 0.49 0.20 0.52 0.20 0.91
0.45 0.61 0.27 0.37 0.28 0.87 0.06
0.59 0.09 0.47 0.74 0.57 0.47 0.62
0.58 0.52 0.45 0.86 0.18 0.54 0.23
0.71 0.23 0.09 0.67 0.48 0.32 0.01
0.20 0.20 0.35 0.02 0.19 0.06 0.02
0.33 0.29 0.33 0.31 0.26 0.81 0.04
0.58 0.22 0.49 0.39 0.12 0.11 0.88
0.02 0.28 0.41 0.48 0.26 0.59 0.96
0.29 0.42 0.01 0.89 0.26 0.34 0.09
0.79 0.04 0.53 0.40 0.06 0.22 0.24
0.31 0.99 0.14 0.32 0.33 0.38 0.06
0.68 0.28 0.05 0.52 0.05 0.19 0.87
0.04 0.60 0.49 0.08 0.48 0.47 0.10
0.48 0.11 0.94 0.38 0.91 0.93 0.13
0.80 0.70 0.19 0.42 0.93 0.13 0.18
0.15 0.80 0.24 0.40 0.11 0.14 0.31
0.43 0.50 0.40 0.96 0.08 0.48 0.04
0.11 0.10 0.79 0.07 0.93 0.50 0.03
0.95 0.05 0.20 0.15 0.76 0.21 0.27
0.12 0.70 0.12 0.76 0.46 0.56 0.90
0.65 0.70 0.88 0.50 0.12 0.14 0.07
0.50 0.05 0.05 0.39 0.07 0.02 0.23
0.32 0.26 0.25 0.10 0.11 0.84 0.45
0.04 0.57 0.01 0.23 0.45 0.73 0.27
0.67 0.63 0.14 0.09 0.05 0.17 0.35
0.03 0.14 0.36 0.61 0.76 0.06 0.91
0.22 0.05 0.14 0.02 0.11 0.06 0.31
0.42 0.41 0.52 0.03 0.07 0.81 0.14
0.19 0.44 0.52 0.44 0.58 0.47 0.27
0.41 0.39 0.30 0.50 0.03 0.12 0.28
0.01 0.07 0.03 0.09 0.23 0.11 0.31
0.10 0.28 0.65 0.73 0.16 0.65 0.59
0.44 0.11 0.35 0.58 0.32 0.26 0.15
0.02 0.06 0.80 0.24 0.67 0.45 0.06
0.94 0.12 0.03 0.18 0.20 0.35 0.20
0.74 0.02 0.01 0.61 0.86 0.90 0.77
0.81 0.44 0.54 0.01 0.78 0.31 0.44
0.02 0.75 0.45 0.21 0.06 0.66 0.07
0.14 0.03 0.10 0.50 0.43 0.36 0.68
0.77 0.18 0.85 0.99 0.22 0.28 0.21
0.95 0.30 0.20 0.95 0.05 0.05 0.40
0.56 1.00 0.01 0.64 0.53 0.35 0.52
0.39 0.07 0.25 0.11 0.56 0.81 0.13
1.00 0.38 0.10 0.05 0.31 0.90 0.17
0.89 0.97 0.19 0.59 0.10 0.72 0.08
0.19 0.46 0.08 0.85 0.57 0.76 0.24
0.12 0.30 0.61 0.67 0.20 0.13 0.22
0.15 0.49 0.08 0.88 0.35 0.74 0.13
0.06 0.47 0.80 1.00 0.28 0.45 0.14
0.18 0.98 0.26 0.86 0.64 0.07 0.22
0.17 0.37 0.19 0.23 0.30 0.15 0.29
0.54 0.02 0.32 0.93 0.50 0.10 0.63
0.03 0.25 0.92 0.66 0.23 0.10 0.11
0.21 0.85 0.29 0.39 0.11 0.31 0.43
0.60 0.01 0.41 0.82 0.19 0.82 0.05
0.16 0.35 0.66 0.25 0.39 0.60 0.07
0.36 0.30 0.07 0.48 0.60 0.48 0.08
0.08 0.17 0.32 0.15 0.47 0.57 0.05
0.01 0.02 0.42 0.22 0.43 0.49 0.73
0.19 0.49 0.58 0.21 0.94 0.02 0.37
0.76 0.77 0.01 0.81 0.77 0.71 0.04
0.06 0.65 0.28 0.20 0.76 0.21 0.23
0.16 0.20 0.13 0.01 0.04 0.70 0.06
0.32 0.69 0.17 0.01 0.09 0.82 0.03
0.11 0.77 0.23 0.81 0.31 0.08 0.41
0.09 0.33 0.71 0.35 0.04 0.98 0.13
0.70 0.33 0.32 0.11 0.01 0.61 0.81
0.62 0.17 0.98 0.11 0.03 0.83 0.94
0.04 0.42 0.65 0.04 0.46 0.10 0.65
0.02 0.47 0.23 0.12 0.03 0.50 0.74
0.56 0.29 0.53 0.79 0.96 0.18 0.01
0.24 0.22 0.18 0.49 0.86 0.19 0.13
0.58 0.14 0.21 0.73 0.79 0.16 0.06
0.76 0.25 0.77 0.98 0.13 0.64 0.09
0.81 0.84 0.02 0.56 0.08 0.21 0.50
0.01 0.38 0.09 0.51 0.21 0.24 0.36
0.21 0.33 0.15 0.30 0.71 0.12 0.30
0.46 0.09 0.15 0.09 0.50 0.76 0.07
0.39 0.51 0.53 0.25 0.09 0.34 0.18
0.87 0.60 0.04 0.86 0.82 0.21 0.03
0.48 0.26 0.59 0.20 0.08 0.08 0.29
0.27 0.47 0.09 0.47 0.05 0.08 0.36
0.04 0.22 0.94 0.83 0.14 0.13 0.63
0.08 0.50 0.87 0.59 0.67 0.05 0.28
0.59 0.97 0.06 0.26 0.30 0.90 0.27
0.45 0.13 0.84 0.05 0.80 0.74 0.10
0.05 0.88 0.82 0.33 0.65 0.32 0.17
0.11 0.11 0.27 0.81 0.05 0.03 0.74
0.57 0.95 0.26 0.48 0.84 0.01 0.25
0.32 0.14 0.47 0.75 0.07 0.03 0.39
0.23 0.48 0.21 0.23 0.23 0.40 0.12
0.42 0.21 0.08 0.35 0.11 0.89 0.42
0.32 0.47 0.54 0.23 0.42 0.02 0.70
0.62 0.50 0.14 0.21 0.21 0.01 0.60
0.44 0.34 0.13 0.28 0.49 0.42 0.13
0.53 0.55 0.96 0.74 0.01 0.66 0.82
0.21 0.50 0.46 0.87 0.15 0.29 0.31
0.41 0.36 0.12 0.16 0.24 0.10 0.25
0.17 0.02 0.23 1.00 0.21 0.82 0.15
0.91 0.94 0.32 0.66 0.92 0.86 0.02
0.11 0.78 0.85 0.18 0.09 0.34 0.18
0.67 0.19 0.67 0.84 0.06 0.38 0.53
0.07 0.23 1.00 0.26 0.25 0.40 0.20
0.83 0.02 0.44 0.01 0.56 0.96 0.13
0.23 0.10 0.02 0.33 0.24 0.04 0.22
0.08 0.11 0.44 0.07 0.42 0.01 0.25
0.12 0.05 0.05 0.25 0.66 0.20 0.23
0.64 0.96 0.65 0.93 0.01 0.05 0.30
0.09 0.17 0.15 0.26 0.06 0.52 0.17
0.51 0.04 0.80 0.62 0.21 0.79 0.72
0.55 0.53 0.14 0.26 0.21 0.17 0.07
0.48 0.30 0.08 0.31 0.03 0.06 0.98
0.03 0.14 0.01 0.60 0.03 0.42 0.94
0.49 0.91 0.24 0.22 0.08 0.41 0.79
0.64 0.23 0.92 0.38 0.31 0.05 0.01
0.11 0.39 0.91 0.83 0.30 0.03 0.16
0.01 0.65 0.77 0.55 0.23 0.33 0.20
0.83 0.02 0.38 0.25 0.41 0.38 0.42
0.74 0.13 0.41 0.45 0.11 0.44 0.15
0.37 0.04 0.68 0.55 0.74 0.75 0.63
0.66 0.08 0.01 0.15 0.14 0.96 0.28
0.09 0.19 0.13 0.01 0.81 0.06 0.18
0.94 0.34 0.08 0.03 0.41 0.48 0.07
0.14 0.10 0.69 0.19 0.07 0.26 0.65
0.32 0.25 0.78 0.38 0.01 0.68 0.24
0.29 0.65 0.89 0.42 0.02 0.02 0.49
0.50 0.21 0.17 0.75 0.39 0.47 0.18
0.40 0.04 0.91 0.90 0.06 0.89 0.44
0.06 0.03 0.28 0.43 0.10 0.32 0.58
0.82 0.62 0.11 0.02 0.59 0.47 0.11
0.57 0.11 0.28 0.88 0.97 1.00 0.03
0.76 0.42 0.13 0.80 0.91 0.01 0.67
0.68 0.86 0.23 0.01 0.42 0.25 0.13
0.38 0.39 0.93 0.15 0.12 0.04 0.23
0.04 0.34 0.01 0.07 0.46 0.13 0.39
0.93 0.22 0.21 0.49 0.04 0.02 0.71
0.34 0.44 0.88 0.84 0.68 0.04 0.21
0.18 0.98 0.12 0.80 0.67 0.11 0.21
0.19 0.03 0.35 0.11 0.21 0.32 0.05
0.03 0.32 0.81 0.63 0.33 0.05 0.73
0.32 0.74 0.79 0.24 0.01 0.43 0.92
0.42 0.84 0.84 0.02 0.03 0.22 0.41
0.07 0.03 0.88 0.27 0.95 0.59 0.19
0.23 0.59 0.38 0.95 0.09 0.23 0.20
0.03 0.59 0.27 0.50 0.01 0.18 0.84
0.02 0.48 0.03 0.46 0.43 0.06 0.76
0.02 0.77 0.90 0.45 0.01 1.00 0.86
0.37 0.42 0.29 0.53 0.19 0.31 0.26
0.46 0.50 0.44 0.32 0.09 0.26 0.88
0.60 0.01 0.22 0.34 0.85 0.89 0.25
0.10 0.41 0.38 0.93 0.77 0.94 0.01
0.46 0.51 0.08 0.36 0.03 0.82 0.71
0.39 0.12 0.52 0.16 0.11 0.01 0.12
0.04 0.21 0.14 0.44 0.50 0.71 0.09
0.11 0.01 0.93 0.75 0.82 0.36 0.01
0.02 0.14 0.71 0.47 0.46 0.08 0.34
0.68 0.29 0.81 0.96 0.03 0.64 0.17
0.80 0.17 0.25 0.16 0.33 0.31 0.30
0.15 0.02 0.33 0.28 0.56 0.83 0.08
