200 7
0.10 0.11 0.82 0.95 0.26 0.97 0.09
0.20 0.80 0.02 0.60 0.66 0.85 0.21
0.75 0.90 0.48 0.48 0.34 0.78 0.86
0.55 0.65 0.65 0.12 0.61 0.22 0.60
0.58 0.40 0.95 0.10 0.50 0.43 0.19
0.31 0.18 0.91 0.59 0.34 0.11 0.40
0.90 0.24 0.25 0.34 0.30 0.70 0.35
0.26 0.09 0.90 0.64 0.45 0.44 0.31
0.49 0.25 0.66 0.45 0.04 0.54 0.96
0.30 0.37 0.76 0.97 0.68 0.66 0.13
0.39 0.44 0.43 0.33 0.60 0.10 0.42
0.08 0.09 0.22 0.80 0.91 0.40 0.64
0.14 0.08 0.97 0.22 0.68 0.10 0.05
0.44 0.11 0.32 0.35 0.95 0.37 0.59
0.98 0.98 0.93 0.44 0.08 0.32 0.03
0.46 0.14 0.06 0.26 0.28 0.12 0.38
0.25 0.79 0.34 0.54 0.60 0.52 0.45
0.22 0.27 0.83 0.20 0.79 0.24 0.23
0.30 0.65 0.43 0.35 0.93 0.94 0.44
0.53 0.64 0.38 0.24 0.27 0.08 0.99
0.28 0.60 0.52 0.31 0.58 0.72 0.62
0.10 0.52 0.06 0.40 0.88 0.14 0.31
0.82 0.58 0.43 0.19 0.46 0.37 0.42
0.83 0.79 0.85 0.74 0.30 0.15 0.01
0.35 0.47 0.88 0.36 0.46 0.45 0.29
0.38 0.39 0.31 0.70 0.39 0.80 0.91
0.33 0.74 0.43 0.47 0.52 0.20 0.58
0.81 0.32 0.34 0.30 0.24 0.17 0.34
0.34 0.30 0.55 0.17 0.60 0.50 0.29
0.49 0.02 0.05 0.34 1.00 0.69 0.25
0.85 0.42 0.17 0.23 0.14 0.69 0.83
0.30 0.53 0.28 0.37 0.08 0.48 0.17
0.77 0.46 0.83 0.95 0.04 0.43 0.62
0.04 0.42 0.66 0.12 0.25 0.01 0.52
0.08 0.32 0.05 0.85 0.93 0.15 0.38
0.01 0.42 0.31 0.45 0.36 0.73 0.98
0.90 0.64 0.64 0.22 0.50 0.13 0.21
0.21 0.43 0.44 0.02 0.46 0.12 0.22
0.48 0.13 0.87 0.08 0.99 0.20 0.16
0.01 0.42 0.63 0.54 0.43 0.26 0.04
0.95 0.96 0.64 0.43 0.21 0.26 0.47
0.98 0.92 0.31 0.46 0.47 0.26 0.13
0.29 0.94 0.16 0.42 0.13 0.60 0.47
0.49 0.74 0.33 0.13 0.48 0.44 0.30
0.01 0.36 0.57 0.42 0.12 0.99 0.16
0.09 0.29 0.73 0.57 0.18 0.11 0.62
0.59 0.52 0.99 0.03 0.13 0.39 0.08
0.08 0.28 0.84 0.23 0.34 0.16 0.12
0.21 0.24 0.27 0.30 0.72 0.06 0.52
0.61 0.94 0.23 0.10 0.50 0.81 0.31
0.40 0.25 0.25 0.35 0.58 0.96 0.22
0.46 0.78 0.49 0.37 0.16 0.43 0.89
0.59 0.05 0.15 0.07 0.36 0.42 0.10
0.36 0.17 0.45 0.55 0.82 0.22 0.70
0.36 0.95 0.39 0.60 0.60 0.02 0.08
0.16 0.07 0.91 0.04 0.17 0.50 0.12
0.34 0.73 0.13 0.05 0.37 0.47 0.07
0.43 0.15 0.90 0.22 0.43 0.46 0.93
0.06 0.09 0.04 0.82 0.60 0.73 0.83
0.72 0.02 0.52 0.90 0.62 0.31 0.18
0.96 0.14 0.31 0.20 0.27 0.36 0.78
0.16 0.20 0.44 0.97 0.23 0.82 0.12
0.49 0.33 0.92 0.34 0.72 0.36 0.02
0.01 0.48 0.56 0.23 0.67 0.22 0.02
0.22 0.22 0.72 0.65 0.73 0.45 0.50
0.13 0.71 0.33 0.12 0.67 0.83 0.04
0.02 0.12 0.45 0.60 0.47 0.12 0.39
0.52 0.03 0.48 0.91 0.39 0.37 0.29
0.16 0.81 0.55 0.19 0.21 0.46 0.12
0.19 0.38 0.71 0.57 0.26 0.05 0.30
0.19 0.08 0.25 0.07 0.11 0.84 0.52
0.23 0.19 0.84 0.70 0.16 0.30 0.23
0.05 0.21 0.39 0.09 0.58 0.52 0.40
0.77 0.30 0.10 0.02 0.11 0.11 0.19
0.27 0.07 0.11 0.64 0.16 0.30 0.07
0.79 0.79 0.53 0.67 0.05 0.11 0.01
0.45 0.47 0.43 0.49 0.15 0.43 0.40
0.42 0.06 0.19 0.19 0.38 0.24 0.27
0.71 0.97 0.02 0.39 0.31 0.08 0.30
0.15 0.28 0.34 0.72 0.80 0.24 0.27
0.19 0.53 0.15 0.32 0.27 0.88 0.90
0.07 0.14 0.53 0.66 0.10 0.57 0.79
0.41 0.79 0.07 0.30 0.26 0.25 0.36
0.08 0.03 0.31 0.47 0.86 0.48 0.52
0.63 0.22 0.18 0.24 0.01 0.51 0.23
0.71 0.56 0.12 0.92 0.04 0.93 0.39
0.14 0.62 0.92 0.15 0.78 0.13 0.34
1.00 0.14 0.14 0.12 0.87 0.38 0.35
0.37 0.45 0.24 0.46 0.24 0.01 0.74
0.03 0.02 0.24 0.23 0.16 0.35 0.78
0.13 0.01 0.59 0.08 0.47 0.14 1.00
0.33 0.44 0.81 0.25 0.18 0.40 0.05
0.38 0.25 0.38 0.03 0.23 0.16 0.57
0.96 0.45 0.97 0.05 0.18 0.17 0.08
0.19 0.16 0.30 0.17 0.38 0.44 0.08
0.27 0.13 0.52 0.24 0.97 0.86 0.18
0.47 0.79 0.50 0.64 0.44 0.11 0.68
0.30 0.07 0.17 0.40 0.35 0.10 0.29
0.33 0.70 0.81 0.07 0.79 0.39 0.01
0.23 0.88 0.40 0.82 0.55 0.21 0.22
0.03 0.72 0.74 0.33 0.28 0.05 0.08
0.10 0.06 0.07 0.39 0.44 0.15 0.27
0.27 0.81 0.04 0.43 0.17 0.32 0.63
0.50 0.01 0.06 0.23 0.41 0.17 0.23
0.50 0.29 0.12 0.91 0.05 0.94 0.47
0.31 0.03 0.05 0.17 0.72 0.29 0.43
0.49 0.45 0.75 0.39 0.02 0.05 0.82
0.83 0.88 0.56 0.25 0.06 0.26 0.12
0.49 0.29 0.15 0.21 0.13 0.20 0.21
0.43 0.03 0.46 0.02 0.04 0.84 0.08
0.24 0.02 0.36 0.50 0.95 0.33 0.10
0.48 0.04 0.39 0.34 0.44 0.37 0.12
0.28 0.34 0.54 0.31 0.20 0.21 0.23
0.73 0.23 0.09 0.03 0.20 0.22 0.17
0.37 0.88 0.46 0.88 0.11 0.48 0.15
0.05 0.45 0.39 0.52 0.60 0.14 0.01
0.07 0.42 0.44 0.89 0.27 0.13 0.20
0.79 0.11 0.40 1.00 0.68 0.70 0.01
0.29 0.78 0.21 0.37 0.91 0.06 0.97
0.09 0.50 0.40 0.37 0.10 0.95 0.03
0.30 0.35 0.31 0.26 0.41 0.40 0.22
0.97 0.14 0.12 0.62 0.05 0.50 0.50
0.58 0.27 0.03 0.85 0.11 0.71 0.60
0.14 0.06 0.62 0.44 0.18 0.19 0.33
0.14 0.45 1.00 0.64 0.07 0.67 0.13
0.02 0.13 0.49 0.99 0.04 0.48 0.77
0.30 0.19 0.01 0.19 0.21 0.34 0.65
0.58 0.14 0.67 0.66 0.83 0.03 0.39
0.06 0.25 0.11 0.31 0.13 0.64 0.17
0.03 0.29 0.85 0.44 0.31 0.15 0.50
0.23 0.99 0.88 0.51 0.09 0.52 0.40
0.35 0.38 0.60 0.70 0.48 0.09 0.18
0.97 0.87 0.86 0.21 0.07 0.60 0.70
0.46 0.38 0.31 0.16 0.25 0.11 0.12
0.81 0.04 0.93 0.10 0.98 0.07 0.74
0.62 0.44 0.34 0.60 0.12 0.48 0.36
0.89 0.13 0.35 0.53 0.39 0.02 0.84
0.15 0.24 0.03 0.32 0.30 0.40 0.34
0.58 0.28 0.47 0.65 0.33 0.10 0.03
0.03 0.36 0.15 0.11 0.11 0.45 0.06
0.96 0.92 0.92 0.27 0.07 0.18 0.60
0.20 0.90 0.55 0.08 0.29 0.56 0.30
0.09 0.68 0.72 0.06 0.33 0.52 0.18
0.79 0.70 0.08 0.10 1.00 0.83 0.94
0.13 0.33 0.37 0.26 0.13 0.36 0.05
0.05 0.12 0.37 0.96 0.15 0.47 0.90
0.96 0.83 0.65 0.68 0.02 0.47 0.13
0.03 0.10 0.15 0.21 0.35 0.37 0.26
0.13 0.82 0.40 0.10 0.71 0.72 0.35
0.60 0.09 1.00 0.67 0.04 0.37 0.54
0.38 0.32 0.06 0.76 0.01 0.97 0.20
0.06 0.34 0.24 0.04 0.64 0.37 0.44
0.04 0.35 0.02 0.27 0.20 0.21 0.17
0.33 0.07 0.69 0.12 0.01 0.16 0.43
0.20 0.04 0.26 0.07 0.15 0.71 0.72
0.14 0.45 0.07 0.67 0.07 0.15 0.93
0.04 0.40 0.21 0.03 0.82 0.91 0.32
0.49 0.18 0.02 0.91 0.19 0.11 0.42
0.26 0.65 0.79 0.93 0.07 0.94 0.51
0.22 0.32 0.36 0.17 0.13 0.56 0.27
0.47 0.04 0.82 0.73 0.33 0.41 0.76
0.35 0.40 0.22 0.79 0.38 0.19 0.06
0.04 0.68 0.48 0.11 0.03 0.50 0.50
0.24 0.73 0.05 0.12 0.58 0.54 0.57
0.48 0.47 0.43 0.38 0.21 0.18 0.03
0.28 0.91 0.83 0.82 0.75 0.13 0.03
0.09 0.73 0.44 0.21 0.29 0.23 0.01
0.67 0.82 0.82 0.13 0.07 0.30 0.23
0.59 0.47 0.11 0.09 0.32 0.71 0.14
0.76 0.54 0.57 0.87 0.01 0.21 0.40
0.88 0.03 0.22 0.42 0.27 0.42 0.10
0.68 0.17 0.12 0.43 0.24 0.48 0.98
0.23 0.87 0.10 0.77 0.19 0.03 0.16
0.92 0.08 0.37 0.47 0.16 0.22 0.05
0.52 0.27 0.14 0.08 0.62 0.84 0.26
0.92 0.14 0.28 1.00 0.06 0.88 0.40
0.17 0.04 0.37 0.36 0.90 0.32 0.48
0.40 0.68 0.44 0.02 0.21 0.18 0.04
0.87 0.24 0.37 0.24 0.26 0.10 0.01
0.91 0.28 0.47 0.73 0.55 0.08 0.58
0.57 0.33 0.21 0.07 0.57 0.15 0.02
0.07 0.88 0.07 0.30 0.31 0.18 0.44
0.93 0.79 0.33 0.07 0.03 0.24 0.76
0.08 0.09 0.14 0.41 0.22 0.85 0.14
0.59 0.57 0.24 0.36 0.09 0.49 0.89
0.30 0.55 0.04 0.15 0.28 0.54 0.47
0.22 0.19 0.49 0.91 0.11 0.08 0.91
0.97 0.27 0.04 0.02 0.01 0.11 0.28
0.81 0.56 0.08 0.16 0.59 0.87 0.29
0.50 0.67 0.07 0.81 0.25 0.04 0.51
0.03 0.98 0.10 0.39 0.12 1.00 0.10
0.06 0.18 0.08 0.60 0.26 0.01 0.77
0.33 0.11 0.04 0.35 0.33 0.62 0.69
0.27 0.90 0.36 0.41 0.15 0.24 0.69
0.11 0.93 0.48 0.06 0.33 0.99 0.17
0.97 0.24 0.95 0.70 0.91 0.01 0.44
0.73 0.36 0.25 0.23 0.26 0.06 0.72
0.45 0.08 0.55 0.11 0.54 0.63 0.94
0.08 0.42 0.67 0.11 0.49 0.03 0.49
0.02 0.26 0.40 0.88 0.41 0.34 0.21
