200 7
0.02 0.66 0.64 0.73 0.03 0.77 0.21
0.79 0.98 0.01 0.69 0.55 0.03 0.18
0.35 0.16 0.69 0.71 0.36 0.65 0.05
0.93 0.98 0.37 0.33 0.75 0.07 0.29
0.70 0.51 0.31 0.97 0.62 0.03 0.33
0.30 0.64 0.25 0.28 0.95 0.88 0.07
0.45 0.20 0.19 0.41 0.22 0.18 0.33
0.25 0.27 0.32 0.37 0.13 0.88 0.97
0.08 0.26 0.29 0.90 0.27 0.31 0.14
0.14 0.41 0.18 0.10 0.52 0.18 0.19
0.47 0.42 0.12 0.35 0.04 0.41 0.93
0.18 0.50 0.76 0.08 0.14 0.10 0.21
0.08 0.11 0.23 0.85 0.50 0.29 0.17
0.06 0.22 0.26 0.51 0.43 0.63 0.42
0.03 0.75 0.57 0.17 0.61 0.72 0.51
0.44 0.03 0.99 0.98 0.86 0.19 0.01
0.24 0.57 0.21 0.43 0.24 0.40 0.46
0.39 0.06 0.22 0.33 0.27 0.18 0.84
0.60 0.28 0.81 0.34 0.40 0.17 0.87
0.45 0.98 0.40 0.06 0.45 0.40 0.70
0.15 0.60 0.84 0.23 0.36 0.20 0.10
0.50 0.71 0.62 0.85 0.06 0.50 0.47
0.67 0.97 0.69 0.31 0.27 0.94 0.51
0.18 0.50 0.46 0.83 0.16 0.41 0.12
0.95 0.91 0.11 0.02 0.33 0.94 0.87
0.30 0.12 0.01 0.25 0.18 0.29 0.55
0.24 0.05 0.30 0.29 0.02 0.03 0.86
0.35 0.40 0.39 0.34 0.34 0.55 0.34
0.23 0.97 0.06 0.29 0.08 0.03 0.18
0.96 0.21 0.45 0.04 0.96 0.37 0.77
0.70 0.01 0.24 0.56 0.72 0.24 0.19
0.96 0.04 0.93 0.23 0.30 0.22 0.60
0.12 0.27 0.87 0.41 0.01 0.36 0.03
0.80 0.11 0.33 0.58 0.87 0.22 0.01
0.10 0.41 0.45 0.61 0.86 0.28 0.26
0.14 0.37 0.31 0.22 0.25 0.43 0.42
0.42 0.37 0.83 0.72 0.96 0.03 0.53
0.33 0.13 0.80 0.76 0.54 0.03 0.69
0.42 0.66 0.15 0.01 0.71 0.08 0.91
0.55 0.30 0.31 0.08 0.22 0.16 0.09
0.86 0.37 0.96 0.27 0.50 0.10 0.09
0.06 0.30 0.09 0.04 0.30 0.10 0.06
0.37 0.38 0.16 0.41 0.16 0.56 0.15
0.19 0.06 0.48 0.05 0.08 0.22 0.07
0.16 0.95 0.04 0.83 0.06 0.44 0.33
0.03 0.83 0.87 0.26 0.22 0.88 0.37
0.79 0.11 0.20 0.26 0.68 0.32 0.47
0.50 0.46 0.24 0.03 0.27 0.08 0.40
0.04 0.54 0.18 0.15 0.43 0.34 0.26
0.13 0.28 0.35 0.22 0.20 0.95 0.56
0.60 0.04 0.46 0.14 0.29 0.09 0.83
0.23 0.29 0.28 0.43 0.03 0.30 0.44
0.40 0.25 0.21 0.02 0.54 0.17 0.39
0.96 0.14 0.34 0.33 0.55 0.95 0.27
0.03 0.30 0.30 0.07 0.64 0.09 0.67
0.58 0.37 0.05 0.29 0.43 0.39 0.31
0.17 0.10 0.16 0.37 0.37 0.64 0.36
0.29 0.08 0.41 0.64 0.50 0.05 0.20
0.35 0.96 1.00 0.27 0.45 0.22 0.03
0.55 0.08 0.16 0.45 0.40 0.74 0.08
0.49 0.79 0.61 0.79 0.59 0.29 0.05
0.05 0.37 0.25 0.41 0.05 0.76 0.11
0.10 0.44 0.99 0.13 0.32 0.86 0.01
0.05 0.52 0.12 0.02 0.06 0.08 0.28
0.39 0.52 0.13 0.44 0.04 0.33 0.45
0.94 0.05 0.87 0.89 0.81 0.53 0.08
0.12 0.25 0.18 0.30 0.01 0.46 0.79
0.08 0.41 0.84 0.41 0.08 0.44 0.17
0.05 0.25 0.98 0.02 0.96 0.38 0.31
0.16 0.25 0.45 0.85 1.00 0.12 0.94
0.13 0.38 0.21 0.91 0.29 0.25 0.65
0.71 0.46 0.71 0.86 0.70 0.56 0.05
0.49 0.51 0.07 0.97 0.37 0.77 0.33
0.02 0.50 0.87 0.38 0.22 0.08 0.40
0.25 0.09 0.15 0.81 0.30 0.54 0.10
0.42 0.34 0.35 0.44 0.18 0.91 0.36
0.95 0.98 0.01 0.46 0.38 0.35 0.18
0.47 0.29 0.20 0.11 0.43 0.32 0.47
0.68 0.73 0.85 1.00 0.89 0.05 0.11
0.21 0.39 0.97 0.32 0.23 0.33 0.05
0.29 0.24 0.25 0.80 0.66 0.45 0.79
0.71 0.87 0.37 0.49 0.14 0.72 0.24
0.91 0.96 0.20 0.01 0.37 0.17 0.14
0.53 0.07 0.39 0.21 0.14 0.74 0.29
0.36 0.23 0.03 0.09 0.37 0.32 0.53
0.26 0.34 0.82 0.42 0.39 0.05 0.11
0.47 0.23 0.42 0.85 0.75 0.27 0.08
0.62 0.04 0.91 0.04 0.19 0.81 0.85
0.17 0.35 0.22 0.39 0.17 0.54 0.36
0.04 0.05 0.42 0.29 0.19 0.35 0.69
0.07 0.74 0.80 0.19 0.03 0.10 0.60
0.81 0.05 0.52 0.67 0.12 0.97 0.77
0.15 0.28 0.32 0.42 0.09 0.82 0.24
0.07 0.26 0.17 0.10 0.47 0.25 0.97
0.65 0.99 0.02 0.80 0.72 0.85 0.31
0.46 0.10 0.45 0.30 0.72 0.59 0.62
0.12 0.88 0.23 0.96 0.02 0.14 0.34
0.40 0.59 0.16 0.04 0.09 0.39 0.09
0.69 0.85 0.44 0.88 0.33 0.05 0.68
0.42 0.23 0.22 0.16 0.41 0.29 0.82
0.21 0.60 0.02 0.77 0.59 0.38 0.78
0.71 0.21 0.09 0.24 0.45 0.16 0.07
0.03 0.10 0.14 0.59 0.05 0.37 0.05
0.37 0.90 0.55 0.91 0.59 0.79 0.03
0.03 0.45 0.43 0.20 0.03 0.15 0.07
0.45 0.55 0.04 0.39 0.13 0.41 0.83
0.54 0.13 0.25 0.85 1.00 0.15 0.16
0.31 0.80 0.48 0.05 0.01 0.98 0.17
0.47 0.46 0.69 0.15 0.23 0.38 0.03
0.26 0.23 0.45 0.38 0.94 0.48 0.24
0.37 0.04 0.48 0.98 0.15 0.60 0.84
0.96 0.16 0.97 0.59 0.04 0.25 0.73
0.26 0.92 0.36 0.01 0.49 0.49 0.66
0.43 0.03 0.39 0.43 0.52 0.25 0.03
0.91 0.26 0.10 0.36 0.35 0.11 0.97
0.26 0.41 0.43 0.03 0.39 0.51 0.19
0.06 0.14 0.63 0.13 0.96 0.61 0.90
0.56 0.27 0.41 0.41 0.16 0.52 0.56
0.37 0.19 0.99 0.04 0.39 0.51 0.31
0.42 0.12 0.22 0.55 0.15 0.05 0.17
0.02 0.44 0.21 0.12 0.82 0.22 0.62
0.23 0.80 0.02 0.14 0.09 0.16 0.36
0.06 0.54 0.18 0.91 0.01 0.52 0.69
0.60 0.10 0.37 0.20 0.40 0.43 0.36
0.28 0.02 0.56 0.13 0.35 0.05 0.30
0.85 0.61 0.62 0.33 0.89 0.57 0.05
0.78 0.48 0.38 0.64 0.38 0.48 0.01
0.11 0.06 0.23 0.45 0.13 0.09 0.33
0.20 0.07 0.83 0.35 0.87 0.09 0.72
0.60 0.01 0.50 0.61 0.37 0.43 0.28
0.93 0.01 0.05 0.34 0.63 0.84 0.05
0.36 0.43 0.62 0.27 0.06 0.60 0.08
0.15 0.50 0.71 0.16 0.35 0.03 0.43
0.31 0.48 0.72 0.01 0.19 0.01 0.50
0.19 0.04 0.05 0.47 0.26 0.29 0.56
0.91 0.38 1.00 0.48 0.01 0.13 0.04
0.04 0.63 0.16 0.07 0.14 0.28 0.31
0.06 0.16 0.59 0.10 0.80 0.90 0.15
0.81 0.05 0.03 0.44 0.78 0.97 0.33
0.41 0.82 0.04 0.40 0.27 0.31 0.03
0.07 0.13 0.48 0.20 0.69 0.26 0.77
0.92 0.02 0.46 0.51 0.99 0.96 0.82
0.90 0.10 0.34 0.07 0.26 0.15 0.46
0.76 0.43 0.11 0.22 0.07 0.84 0.08
0.81 0.01 0.38 0.25 0.79 0.23 0.74
0.45 0.31 0.09 0.91 0.27 0.87 0.13
0.56 0.17 0.57 0.24 0.67 0.89 0.05
0.03 0.27 0.03 0.27 0.35 0.16 0.55
0.11 0.76 0.01 0.33 0.05 0.27 0.19
0.20 0.29 0.88 0.18 0.14 0.04 0.38
0.05 0.34 0.02 0.16 0.15 0.90 0.53
0.41 0.03 0.60 0.42 0.27 0.39 0.40
0.95 0.94 0.30 0.02 0.03 0.03 0.90
0.03 0.06 0.79 0.91 0.45 0.94 0.25
0.20 0.12 0.07 0.82 0.41 0.03 0.38
0.05 0.29 0.11 0.52 0.40 0.33 0.33
0.24 0.05 0.80 0.25 0.31 0.97 0.73
0.48 0.15 0.35 0.30 0.18 0.17 0.28
0.75 0.68 0.82 0.35 0.02 0.31 0.02
0.74 0.06 0.26 0.18 0.55 0.61 0.83
0.36 0.13 0.08 0.24 0.47 0.13 0.39
0.72 0.45 0.69 0.43 0.23 0.07 0.77
0.61 0.75 0.05 0.25 0.80 0.71 0.17
0.74 0.08 0.51 0.71 0.12 0.01 0.52
0.36 0.77 0.39 0.17 0.44 0.04 0.16
0.33 0.01 0.98 0.01 0.65 0.84 0.17
0.48 0.50 0.06 0.73 0.12 0.05 0.33
0.51 0.17 0.08 0.12 0.34 0.88 0.01
0.64 0.24 0.27 0.07 0.77 0.41 0.17
0.45 0.29 0.11 0.86 0.14 0.44 0.13
0.26 0.32 0.88 0.03 0.17 0.48 0.11
0.47 0.15 0.53 0.02 0.40 0.72 0.72
0.32 0.82 0.10 0.16 0.03 0.92 0.25
0.02 0.72 0.49 0.36 0.31 0.22 0.04
0.68 0.07 0.26 0.43 0.91 0.10 0.60
0.60 0.03 0.03 0.87 0.18 0.39 0.40
0.34 0.25 0.92 0.08 0.47 0.47 0.04
0.53 0.17 0.16 0.19 0.95 0.71 0.97
0.16 0.41 1.00 0.37 0.17 0.67 0.66
0.13 0.22 0.02 0.28 0.08 0.44 0.22
0.05 0.12 0.09 0.79 0.59 0.63 0.03
0.07 0.10 0.01 0.24 0.84 0.54 0.72
0.85 0.48 0.19 0.85 0.39 0.29 0.04
0.07 0.66 0.22 0.55 0.45 0.06 0.45
0.18 0.28 0.06 0.31 0.33 0.06 0.32
0.28 0.51 0.10 0.95 0.15 0.29 0.42
0.69 0.75 0.44 0.80 0.66 0.01 0.52
0.29 0.86 0.19 0.01 0.43 0.58 0.86
0.94 0.22 0.17 0.29 0.53 0.11 0.23
0.24 0.34 0.15 0.13 0.40 0.01 0.59
0.15 0.43 0.12 0.04 0.18 0.17 0.44
0.54 0.71 0.84 0.63 0.11 0.03 0.50
0.59 0.40 0.82 0.78 0.32 0.03 0.20
0.10 0.05 0.46 0.28 0.58 0.35 0.35
0.34 0.29 0.17 0.50 0.03 0.26 0.13
0.77 0.26 0.61 0.20 0.07 0.50 0.76
0.29 0.32 0.43 0.10 0.19 0.50 0.16
0.07 0.04 0.26 0.09 0.32 0.17 0.90
0.31 0.29 0.12 0.07 0.69 0.77 0.36
0.06 0.70 0.05 0.43 0.06 0.06 0.44
