20 10 
47 8 35 57 64 21 9 74 66 17 56 93 72
50 60 55 19 11 37 38 27 32 78 53 76 98
42 78 88 75 98 18 97 17 63 61 11 19 88
68 56 54 57 78 93 1 22 46 95 17 33 60
69 69 21 51 0 13 7 1 96 55 67 84 7
71 88 98 92 85 60 67 39 36 22 79 9 5
21 23 95 62 95 56 46 31 16 15 47 28 13
78 66 63 72 0 60 23 13 13 72 16 27 70
21 65 56 65 80 3 4 54 41 27 45 73 75
37 52 57 34 79 42 32 86 90 60 28 51 36
2 35 19 75 85 71 13 12 22 81 75 32 37
18 95 61 41 20 57 14 24 6 11 76 55 18
72 50 70 86 73 32 59 48 69 28 63 54 99
14 33 84 28 41 11 55 17 59 46 94 63 60
23 55 4 48 65 77 56 13 18 81 75 90 13
42 44 80 71 82 62 83 10 71 91 28 77 67
63 59 90 23 48 25 88 46 49 12 49 30 77
98 22 76 37 82 8 49 30 64 87 74 64 27
70 17 14 17 2 65 94 51 95 23 99 13 76
45 25 76 37 20 15 32 42 36 84 53 46 82
