20 10 
84 85 61 50 50 76 51 24 35 79 86 13 45
79 41 17 52 86 99 60 80 26 11 62 11 37
24 37 55 21 71 88 2 9 28 61 75 88 45
55 31 82 76 53 28 75 28 99 88 69 65 39
60 40 21 34 64 23 70 81 19 99 72 27 82
84 64 51 46 61 4 0 28 75 27 61 96 57
43 19 25 61 85 21 2 68 36 94 36 51 54
50 31 4 21 43 28 82 17 92 15 54 57 61
85 97 30 56 33 12 56 30 18 75 95 8 31
73 14 93 94 9 2 48 100 47 22 18 47 92
39 7 41 31 76 46 32 71 21 45 79 79 92
19 41 75 79 66 9 30 67 63 12 39 43 74
38 25 61 64 94 23 81 11 17 70 92 33 7
52 3 42 92 75 61 85 32 27 68 97 72 69
87 67 90 51 70 8 12 39 68 79 6 68 57
47 95 62 71 80 21 9 56 11 91 11 100 59
71 37 46 86 90 36 53 66 18 63 13 73 86
91 56 78 86 56 52 84 31 51 11 93 28 96
97 15 16 56 41 41 12 49 81 62 70 90 92
61 76 93 49 16 54 90 47 34 95 53 0 11
