20 10 
7 69 52 79 4 51 54 3 3 97 88 56 88 25
60 45 14 27 79 59 38 72 19 26 41 94 69 75
41 82 96 17 97 97 40 15 78 50 16 9 22 7
81 39 69 73 86 16 67 75 76 51 19 41 66 7
26 25 36 17 67 6 13 61 41 24 17 53 63 27
70 90 1 6 95 9 69 34 85 99 99 20 40 69
74 8 72 73 78 73 64 80 92 66 94 33 1 38
5 1 82 51 4 3 30 65 28 91 85 31 68 99
69 16 66 44 23 28 30 14 7 55 78 80 99 78
79 55 46 14 93 89 56 32 82 61 40 73 98 25
40 60 96 40 24 92 83 97 24 67 71 20 44 4
52 51 99 80 36 52 62 51 43 90 94 23 56 65
87 62 39 81 76 5 73 93 97 39 19 59 61 40
68 28 81 54 42 10 20 76 27 47 98 10 73 49
49 99 81 7 20 23 32 26 90 11 0 53 40 7
47 52 52 22 65 4 30 5 21 2 87 46 57 27
5 28 0 24 94 15 38 19 42 23 75 64 85 85
13 82 32 48 76 28 85 8 96 21 59 34 60 51
4 41 0 8 98 68 56 13 62 48 2 39 59 86
39 49 60 41 79 42 15 2 87 92 97 40 47 24
