20 10 
50 11 40 16 73 31 22 55 70 63 71 63 24 63
62 42 87 43 91 64 91 84 1 53 40 80 80 8
36 73 68 88 34 5 54 50 34 24 97 80 67 28
62 61 73 67 26 57 100 96 77 81 63 61 61 8
74 89 42 30 22 33 22 4 98 34 48 44 85 3
3 95 59 16 71 45 67 96 84 31 18 93 62 43
75 2 69 39 15 21 61 49 68 98 91 75 56 73
66 74 37 30 52 7 14 14 51 53 64 80 99 96
16 34 39 28 43 13 66 28 97 57 66 4 99 35
23 69 9 17 61 13 33 3 66 35 14 66 62 44
20 80 54 83 0 30 59 56 63 56 43 52 33 15
16 28 6 97 38 39 33 28 8 6 86 0 46 30
38 77 61 65 22 78 56 13 20 62 60 54 33 91
13 94 91 27 36 1 11 16 100 80 49 8 21 50
95 21 78 68 83 30 43 94 28 53 12 96 61 40
28 53 78 63 74 61 4 68 10 89 100 1 41 55
59 63 18 62 24 33 47 13 18 10 18 2 94 32
86 53 50 33 18 88 69 88 92 46 2 5 71 44
68 61 92 45 88 61 4 19 0 80 78 65 63 2
73 81 44 54 39 3 97 99 73 37 0 63 28 90
