20 10 
74 20 79 56 85 35 62 53 80 86 33 28 100 86
97 9 30 33 18 15 97 75 100 37 30 40 45 51
85 6 10 31 9 80 3 77 45 38 0 36 53 26
31 53 23 47 70 41 13 55 83 83 68 2 5 22
6 25 5 60 90 84 26 69 22 78 55 55 8 98
43 57 85 95 11 3 92 40 37 46 86 89 17 54
16 31 34 26 4 32 83 16 42 5 6 79 68 16
75 91 91 72 82 47 97 32 77 66 73 42 81 22
51 10 9 75 22 63 63 32 49 25 65 19 40 89
7 25 18 32 38 10 2 84 71 20 67 86 95 13
53 15 66 95 11 87 23 92 36 53 65 70 56 64
34 8 4 97 17 72 89 95 76 54 36 45 47 71
21 6 18 19 42 78 19 84 94 41 47 76 4 25
66 92 10 59 90 65 51 82 27 30 93 100 27 6
76 86 33 36 47 38 26 10 3 15 21 90 88 8
99 21 66 97 57 64 26 92 17 27 19 15 30 50
45 34 45 94 61 100 80 81 4 41 62 55 32 12
52 50 39 11 56 15 78 52 15 64 8 25 81 33
93 71 0 99 59 12 1 49 2 31 78 75 70 56
5 5 68 45 41 77 30 53 81 33 44 52 9 94
