250 7
50 72 22 24 52 81 79
60 87 79 59 95 60 5
99 5 35 10 36 31 21
27 70 10 50 69 31 90
94 97 57 83 46 42 88
90 13 69 33 95 95 43
42 94 18 16 28 51 4
55 12 10 76 16 55 48
33 20 69 71 39 100 40
26 20 65 5 21 43 87
49 19 24 15 20 58 28
8 47 22 16 55 3 100
73 27 26 62 27 47 18
53 17 33 45 45 9 44
31 2 21 11 40 30 71
39 60 13 9 83 38 37
55 75 45 28 68 27 2
54 66 29 88 27 7 83
49 48 78 97 20 14 94
4 44 94 23 22 91 5
54 72 21 37 42 4 32
22 36 29 26 39 25 70
90 46 83 92 1 28 21
94 37 24 30 1 94 35
60 38 15 16 94 23 50
99 42 41 29 30 35 1
39 19 21 19 69 47 53
94 84 29 30 1 67 30
25 28 41 5 84 83 18
13 29 39 92 5 63 69
36 88 7 67 26 9 18
45 43 37 75 33 39 24
7 48 96 27 6 33 73
27 69 20 41 6 39 49
18 58 29 91 2 25 2
10 39 26 7 42 98 8
5 37 46 11 17 43 34
34 27 34 17 40 29 15
56 10 8 13 43 4 47
43 96 84 62 91 21 20
27 27 1 83 50 85 39
28 93 36 4 26 3 43
45 69 28 37 37 17 17
94 38 32 5 16 20 43
35 48 30 11 20 4 44
38 82 77 100 45 12 24
3 16 1 3 6 33 36
44 15 57 70 66 38 70
77 14 36 37 94 4 34
100 11 46 17 41 10 87
44 41 76 66 13 63 13
28 9 93 13 38 9 40
100 72 28 95 33 40 20
16 41 16 7 18 28 77
42 17 82 69 89 42 23
61 87 4 46 42 34 1
14 92 50 6 48 12 85
8 90 76 3 69 4 11
95 4 34 48 32 72 63
64 64 22 15 50 14 3
28 67 30 80 29 24 78
45 100 9 28 25 45 22
14 25 82 20 31 13 48
3 43 25 1 23 55 38
21 15 32 69 28 42 88
55 85 37 62 11 21 27
48 46 8 30 47 56 15
29 41 32 23 77 61 35
16 4 78 35 15 92 6
29 40 16 32 71 27 12
53 38 18 43 69 8 40
1 90 100 99 7 85 79
14 67 55 47 70 32 14
25 42 11 56 13 6 25
45 70 16 39 7 44 2
60 73 20 23 6 12 71
83 13 57 48 82 17 27
77 15 21 92 18 21 53
58 1 68 63 14 83 18
66 82 26 4 96 6 44
17 17 81 11 26 35 27
16 74 4 82 48 55 22
45 25 76 21 54 46 8
2 42 28 66 31 88 21
49 53 22 46 40 70 33
24 55 72 88 85 14 16
26 4 42 17 50 32 7
82 25 22 99 26 45 13
75 21 47 17 6 15 48
94 17 46 17 2 49 6
29 34 56 23 28 27 41
12 14 4 5 17 76 97
81 74 12 22 28 10 46
27 31 56 66 5 32 50
69 3 29 45 18 13 49
25 19 36 11 2 51 23
3 26 52 79 26 58 2
26 10 2 29 32 35 71
53 54 30 56 24 10 8
35 30 12 18 60 26 12
48 98 94 58 1 65 74
28 44 89 91 39 8 22
22 44 69 60 30 10 37
42 34 25 52 26 12 16
8 21 51 93 88 64 10
6 39 34 94 8 31 32
5 26 61 93 43 16 17
27 19 10 29 43 23 45
99 6 7 83 45 90 64
50 61 32 100 8 24 38
15 13 54 50 33 11 89
27 30 26 24 7 6 72
88 88 6 23 73 99 14
47 44 5 3 40 26 28
31 43 18 53 33 52 27
4 30 48 75 51 93 16
99 38 27 33 17 4 10
64 6 74 71 51 28 64
31 2 27 29 82 49 29
93 32 10 7 14 49 7
6 58 59 58 100 79 12
10 90 54 57 83 42 12
14 14 36 43 70 36 26
50 34 2 51 2 26 39
55 40 8 34 1 72 74
42 43 50 14 45 4 65
31 95 77 83 2 21 61
36 11 35 40 9 64 50
48 6 22 13 88 34 53
50 12 79 1 64 46 41
10 67 97 57 49 12 53
55 17 33 1 31 11 99
41 41 29 10 18 25 97
6 95 98 85 4 91 25
12 49 27 32 42 17 9
37 9 95 55 14 18 5
38 2 28 20 37 42 49
6 1 47 77 100 32 67
98 76 84 64 62 2 42
3 33 97 40 45 23 18
17 80 39 17 64 32 41
19 9 17 47 20 25 18
40 100 52 96 52 2 22
24 34 36 2 28 41 88
87 91 1 94 69 62 22
37 28 41 86 47 40 13
37 75 56 15 27 2 44
29 25 4 12 28 10 55
50 4 43 42 38 1 27
93 36 27 31 21 15 13
30 36 38 9 11 71 7
65 20 58 11 87 99 12
14 91 71 65 85 80 4
89 8 37 12 90 51 39
43 7 42 71 88 5 42
92 37 17 84 15 3 25
34 4 73 38 47 64 68
30 8 13 16 89 43 48
19 77 21 3 32 29 15
4 18 22 16 93 22 43
24 13 43 19 43 75 47
96 22 35 100 90 51 9
14 87 11 2 68 30 21
79 15 4 14 25 35 77
20 3 3 11 28 29 97
28 87 46 35 16 59 9
17 12 52 27 90 80 38
23 81 1 8 36 29 5
11 53 21 77 73 34 24
31 92 97 44 42 7 3
90 79 35 27 8 34 5
40 34 38 23 22 18 34
55 3 99 35 69 31 20
60 1 41 4 14 71 68
55 33 43 26 10 11 37
10 98 74 11 3 74 88
22 45 60 29 43 36 11
73 50 10 26 9 15 49
27 1 85 84 75 38 17
11 50 45 45 53 37 11
49 20 44 87 11 54 4
67 75 20 81 64 30 4
8 40 12 44 49 58 5
97 46 93 3 16 26 63
79 23 47 10 43 19 52
12 38 32 50 20 24 69
91 54 52 94 59 3 3
4 18 80 6 92 2 52
5 18 59 35 7 41 14
44 48 44 16 42 24 31
34 75 40 37 87 5 27
19 59 69 63 56 7 75
6 17 93 94 15 12 67
37 1 47 38 84 19 63
37 78 28 2 65 29 51
15 83 87 40 5 26 8
11 42 55 62 30 30 86
24 46 9 59 10 22 84
16 45 67 10 77 28 19
4 51 83 73 62 3 25
17 92 37 28 48 7 40
80 43 69 33 98 19 11
29 47 9 38 8 2 23
57 46 12 18 43 30 15
7 63 38 15 42 15 19
5 37 91 13 49 74 17
36 72 59 96 92 15 9
98 35 33 12 61 6 46
39 100 7 30 100 5 29
15 72 66 44 49 14 35
9 49 57 37 65 27 75
91 5 46 9 2 41 96
100 41 42 3 69 38 1
24 45 9 29 7 98 29
54 7 9 12 10 52 3
29 46 60 67 34 33 16
52 5 41 16 50 71 4
36 2 31 14 49 84 34
47 2 47 95 8 23 84
69 10 23 76 78 5 30
14 19 50 66 29 9 54
39 41 55 39 45 28 33
26 25 46 7 12 16 12
67 95 11 67 68 1 65
89 29 27 30 22 5 2
22 9 44 23 49 48 71
17 91 5 40 15 25 65
18 58 50 77 41 35 22
60 25 24 8 88 62 9
1 8 42 50 60 8 34
24 84 83 84 6 15 55
50 56 3 44 20 46 27
42 71 4 41 5 8 31
73 6 81 39 25 57 35
31 3 1 8 23 71 22
60 11 27 55 61 41 2
46 1 1 33 40 37 74
79 21 18 67 4 87 20
45 3 18 8 94 46 33
35 31 13 56 42 56 21
12 91 23 1 61 81 99
13 33 25 3 2 36 31
8 89 50 72 36 29 89
75 90 10 65 72 24 4
61 2 59 62 43 31 64
21 11 1 15 37 42 58
43 11 28 15 34 7 74
62 35 29 4 70 49 22
74 12 67 25 4 89 69
94 20 8 19 84 15 39
