250 7
49 31 26 4 45 51 29
68 17 93 70 90 73 39
17 21 11 39 48 57 19
24 12 91 62 10 47 14
30 23 14 43 31 15 86
35 5 71 24 10 23 29
26 11 25 23 32 40 34
10 24 16 42 100 39 70
44 77 21 18 43 39 50
43 97 56 35 27 81 42
2 9 45 26 40 12 6
64 7 21 79 60 4 34
28 65 86 56 3 16 58
39 32 2 61 77 27 19
84 42 14 73 5 24 9
31 13 5 34 48 10 78
35 91 39 57 32 84 9
66 32 31 32 43 71 33
7 41 17 70 45 15 46
18 69 99 49 29 31 19
48 9 68 77 19 35 36
58 3 6 43 20 1 6
38 43 90 12 52 89 65
16 35 28 34 21 42 29
90 46 15 32 89 33 34
44 37 59 6 5 5 46
19 75 98 70 10 41 49
37 34 9 55 33 81 45
20 34 11 76 39 99 67
7 45 50 59 24 86 49
11 84 26 2 69 48 23
53 45 65 2 55 7 73
17 38 49 67 11 97 60
47 6 41 14 41 5 48
35 57 51 82 20 44 32
29 99 16 77 11 44 71
11 7 47 1 1 12 45
28 44 20 47 55 54 24
38 59 44 39 14 37 3
14 20 44 39 1 36 33
12 17 6 28 22 14 37
22 89 29 5 38 20 12
27 87 20 30 81 9 18
36 71 33 4 45 34 36
11 30 23 91 7 26 12
8 68 91 15 57 96 15
23 10 20 13 84 23 36
28 61 30 6 23 45 99
54 69 70 48 11 92 26
34 3 66 77 81 60 57
86 65 37 11 89 34 65
13 22 3 47 53 93 74
28 20 39 50 3 68 43
23 99 32 2 4 50 5
66 62 2 8 94 54 6
57 27 49 53 34 35 12
59 22 6 43 4 82 89
55 44 13 21 22 45 16
22 12 24 4 81 73 90
54 45 5 26 47 28 3
16 11 20 47 2 24 14
22 64 1 57 88 85 80
31 66 7 10 46 76 39
2 7 66 13 91 56 3
8 18 31 99 38 32 12
62 4 68 29 16 92 97
39 29 16 13 93 14 91
79 47 23 17 62 9 95
95 64 7 14 56 10 63
52 89 5 99 11 40 62
37 82 42 16 81 9 100
19 42 30 11 66 68 20
80 31 43 1 11 95 9
31 2 95 16 9 40 36
90 50 8 16 86 47 5
48 92 36 38 4 40 21
28 60 39 37 14 87 87
35 32 57 1 90 22 41
28 41 5 93 71 38 67
2 43 3 66 16 28 90
89 2 3 73 4 1 67
54 16 22 42 44 84 52
5 52 23 86 88 12 95
29 57 6 38 27 44 8
17 35 98 9 37 28 35
18 27 26 11 31 4 43
100 2 2 31 28 28 17
76 25 74 41 14 81 16
66 1 66 59 71 100 52
40 42 80 22 14 86 37
75 13 86 79 44 95 4
16 15 46 46 7 88 1
84 42 23 50 12 14 73
54 90 17 67 47 17 27
36 49 91 98 32 9 19
11 82 32 66 66 16 23
37 34 10 31 16 66 79
30 34 5 39 19 20 36
15 25 25 34 11 62 71
42 7 11 16 15 27 27
36 4 6 12 21 31 32
1 17 59 81 94 84 34
18 5 74 87 10 72 48
4 3 48 31 27 32 53
36 41 11 18 40 11 89
84 25 9 79 9 94 68
21 5 6 58 32 39 84
20 35 35 32 19 16 49
9 83 10 87 69 86 40
88 44 6 19 66 13 1
6 54 15 9 6 59 47
33 42 33 18 44 42 29
66 27 41 37 82 83 3
24 94 5 69 5 36 91
75 5 29 14 45 44 27
94 21 78 74 56 79 1
56 41 91 29 18 78 13
50 4 32 53 24 27 69
8 89 42 20 62 6 68
91 48 3 8 62 90 83
13 9 63 67 12 50 13
60 1 14 3 34 37 100
15 42 42 31 30 39 26
18 14 31 54 43 2 8
69 34 5 27 84 69 50
64 60 15 84 1 53 53
47 27 86 50 69 3 97
99 77 25 11 17 60 16
68 87 80 9 16 45 31
8 1 99 9 67 3 19
45 44 9 33 42 2 26
45 43 21 18 92 20 21
25 93 11 23 34 98 32
2 68 51 49 1 45 5
23 6 29 56 19 87 47
54 45 13 1 24 78 47
2 87 27 57 84 84 21
45 100 25 8 46 36 27
74 5 25 31 17 79 91
24 32 12 89 17 14 98
9 15 72 71 87 5 92
43 40 9 92 18 25 42
2 10 1 39 11 46 81
32 65 12 81 76 9 41
22 29 48 4 25 18 17
46 42 31 31 2 67 24
44 51 49 43 50 5 30
26 48 94 40 30 12 23
99 36 81 58 10 19 17
59 99 66 38 14 19 23
95 14 5 2 18 38 46
3 67 40 3 33 39 39
33 39 45 69 32 65 7
91 27 20 23 53 10 1
34 38 91 3 1 40 27
3 10 21 4 35 40 15
3 36 84 88 11 56 61
21 39 36 31 94 5 14
40 84 3 18 60 51 51
11 95 12 3 93 38 81
97 5 7 7 14 96 35
13 23 97 11 40 17 9
30 30 40 77 14 46 13
80 68 6 2 91 87 86
23 28 16 51 34 11 88
50 31 13 30 23 54 5
21 56 18 2 30 66 26
72 4 3 65 36 30 18
6 38 42 59 17 28 33
8 30 53 69 8 15 50
84 99 53 17 26 7 37
2 14 25 28 78 77 18
36 42 8 85 21 33 11
32 71 40 52 24 1 20
70 3 79 15 84 84 74
23 24 55 16 18 77 15
17 79 43 49 8 4 9
4 74 76 26 28 94 13
10 22 63 21 15 27 23
39 29 75 45 6 52 28
8 72 59 3 67 46 24
40 24 45 17 63 11 98
6 66 26 75 62 47 14
17 37 4 95 56 44 23
38 25 45 34 26 20 30
37 9 15 15 91 28 16
16 47 66 55 50 10 66
18 24 2 1 20 67 1
16 57 2 98 19 69 63
16 37 34 38 71 1 88
49 29 83 24 18 9 29
1 87 85 3 4 40 59
3 100 41 24 24 93 14
68 51 39 6 32 57 26
20 52 37 23 92 10 32
7 25 19 15 76 16 38
7 28 14 61 1 12 44
77 95 75 61 4 3 58
91 26 19 82 8 82 20
19 25 36 19 30 52 95
34 50 2 93 64 4 41
10 1 12 24 47 8 82
24 63 29 39 89 54 3
37 12 18 72 56 8 48
35 3 27 86 10 43 48
34 3 9 68 11 65 68
40 21 44 21 21 46 2
2 3 3 23 29 9 93
24 18 56 52 68 1 66
2 40 62 9 91 2 3
30 13 55 47 31 20 16
52 67 8 74 20 8 71
40 34 13 4 17 5 21
5 23 18 33 64 34 80
1 90 12 1 53 73 27
34 46 11 58 71 33 29
8 83 32 29 90 5 22
6 43 45 78 91 4 17
1 24 7 31 40 87 26
6 81 31 92 21 95 4
96 6 93 25 54 3 58
84 15 86 36 80 7 46
28 53 38 86 23 5 7
34 49 79 21 11 29 37
23 22 41 24 12 9 29
79 39 19 1 19 19 86
3 81 5 41 7 26 20
13 8 72 60 69 60 12
67 31 5 15 55 52 10
32 9 73 24 62 64 36
18 43 20 30 34 26 36
6 83 25 68 68 4 71
3 34 19 13 45 63 63
38 49 24 26 16 78 71
63 28 7 15 86 61 6
30 7 85 49 2 31 6
12 9 16 22 34 53 1
22 27 23 70 16 46 4
51 13 4 12 65 61 85
20 14 30 43 6 56 27
85 5 26 11 44 42 66
53 92 67 6 76 1 38
26 7 48 17 41 76 8
1 61 88 65 14 23 35
79 13 40 12 46 100 13
82 14 41 54 13 13 85
7 33 39 8 17 46 62
35 51 1 14 81 42 88
40 32 9 86 31 17 12
77 12 13 7 14 22 92
