250 7
24 68 37 74 23 30 64
56 57 97 11 100 82 82
12 5 69 8 19 79 11
82 50 43 4 91 83 13
10 34 22 11 58 86 75
71 6 96 41 8 59 50
49 3 36 74 59 9 91
84 57 87 40 7 73 26
3 11 4 77 59 2 42
14 89 48 43 12 57 23
77 33 19 27 60 86 55
7 53 22 34 68 20 41
46 14 93 12 30 14 23
88 97 42 31 83 59 11
24 50 42 58 27 94 26
47 22 75 29 77 12 62
7 3 97 53 34 99 53
43 2 9 70 16 30 60
15 8 14 33 7 49 92
9 57 57 42 24 84 25
17 21 44 98 13 35 44
2 82 17 73 88 99 43
27 20 66 88 3 6 72
20 14 76 69 49 31 94
67 15 38 47 17 3 29
71 17 41 7 92 15 52
44 69 85 22 31 39 46
46 95 87 42 33 47 19
23 3 27 16 21 10 17
52 71 74 7 2 35 18
4 63 4 32 21 30 14
9 63 88 69 93 5 54
84 22 68 27 26 24 9
39 36 12 30 64 99 37
7 99 7 25 30 1 30
26 56 31 4 32 56 29
4 19 1 25 55 45 51
47 51 42 41 95 72 2
11 31 80 17 22 5 94
20 49 6 42 45 50 26
13 21 43 61 81 22 16
45 12 21 29 80 49 41
46 22 23 32 10 12 23
22 28 21 56 77 6 33
36 52 9 24 25 50 3
34 88 14 61 53 8 31
19 65 6 85 33 14 21
54 9 65 49 45 6 76
9 34 11 47 48 65 97
50 36 37 19 38 62 14
45 12 28 1 2 51 15
89 64 91 21 12 18 21
37 28 90 2 69 19 14
3 19 36 47 3 57 2
23 5 42 16 30 85 6
5 25 17 55 38 76 47
53 60 81 47 14 7 19
7 12 83 39 2 72 23
16 32 12 51 34 43 34
2 28 45 83 6 100 61
40 17 23 45 21 89 67
84 89 33 4 5 17 2
85 23 21 13 25 6 10
29 43 11 47 16 66 7
12 26 15 4 2 37 96
7 18 7 77 3 4 25
35 42 38 13 30 6 64
13 23 35 26 82 27 37
81 91 86 26 2 32 62
75 8 13 66 41 95 7
16 100 37 49 11 55 4
23 50 75 1 44 45 32
24 14 9 79 47 100 15
33 41 63 2 14 70 18
89 3 22 20 97 50 35
17 85 6 23 42 22 15
50 7 43 29 44 69 2
41 64 8 5 43 30 2
54 1 74 29 43 93 93
5 17 37 76 44 36 42
78 48 14 59 34 33 24
7 69 38 3 74 9 3
24 70 24 9 7 48 52
22 11 9 31 71 70 12
4 29 34 28 25 9 22
60 88 11 47 7 40 63
45 37 27 39 40 8 51
12 42 17 44 29 10 32
90 51 13 30 31 22 76
4 13 23 6 11 46 42
19 19 80 50 21 32 57
30 61 13 90 23 6 8
1 33 3 40 90 4 2
70 4 68 9 45 19 74
7 37 17 15 28 32 20
53 77 55 47 20 25 20
13 5 27 55 15 10 50
35 35 20 13 38 8 2
14 6 5 20 40 50 3
1 83 37 95 45 85 47
41 87 83 5 25 12 90
22 15 22 32 95 7 95
22 4 60 20 8 24 30
45 88 92 15 81 5 68
38 19 49 10 46 26 94
56 87 69 7 44 27 5
38 76 9 27 9 29 3
80 43 10 1 7 50 26
92 2 82 31 68 83 17
99 76 84 13 19 14 55
30 9 4 90 46 100 63
100 49 18 75 18 2 81
19 90 58 1 56 63 32
39 71 71 62 12 17 64
44 41 5 36 14 84 88
86 11 6 9 58 37 83
6 31 60 49 23 11 2
25 51 14 18 45 11 36
76 52 3 70 15 54 64
26 36 6 13 99 53 88
12 6 7 36 42 4 25
7 62 16 17 41 20 48
68 30 98 5 16 7 48
97 11 90 51 44 2 52
1 44 11 30 41 10 53
26 46 48 2 43 39 41
83 96 63 4 28 24 86
60 37 10 95 29 33 10
2 81 46 99 27 29 30
27 91 46 13 52 83 18
80 75 54 5 15 6 3
38 35 1 30 6 40 10
79 44 2 11 68 2 93
78 42 76 82 4 55 10
61 67 24 40 2 10 26
29 16 36 97 36 6 12
23 44 14 19 53 51 8
89 27 17 14 6 43 40
8 86 88 5 60 49 64
46 16 5 8 7 20 36
13 7 89 23 60 10 41
2 73 53 7 73 52 58
55 50 34 17 20 53 9
4 62 18 48 11 2 50
49 31 86 24 12 6 52
62 37 10 4 16 66 87
45 36 33 4 8 15 28
17 3 44 33 34 27 26
57 47 31 11 94 11 75
47 99 69 4 78 98 2
51 29 89 31 8 11 20
98 30 49 25 94 14 5
10 39 69 19 81 70 17
86 3 9 84 44 24 17
46 17 95 73 33 4 62
27 43 7 30 4 6 14
13 73 55 40 21 8 65
20 100 49 5 39 5 26
40 8 9 34 34 68 28
53 2 22 64 94 60 99
1 54 52 61 4 82 10
25 62 62 29 86 27 14
49 76 16 73 4 6 11
38 5 17 3 90 89 83
6 45 33 83 63 86 21
24 42 71 10 81 61 39
35 33 49 34 50 10 7
30 85 30 90 66 2 22
15 34 35 10 23 16 99
60 64 44 92 45 3 22
39 17 39 24 6 36 19
8 56 9 49 50 19 98
42 34 17 47 57 46 10
6 9 65 50 88 87 19
21 16 55 10 53 35 18
10 13 75 13 7 12 29
81 6 62 8 40 80 74
26 29 12 87 2 48 83
29 58 37 36 32 71 4
76 20 47 11 71 13 14
32 12 29 47 15 49 52
11 83 33 1 78 83 74
43 31 53 11 50 55 1
13 60 33 21 85 37 4
12 44 34 44 22 33 72
15 10 27 31 94 4 53
43 60 64 8 31 28 26
11 9 43 22 27 72 31
8 20 10 12 34 68 5
39 13 17 83 91 45 17
65 10 87 23 5 43 23
5 78 47 61 1 75 56
91 47 99 39 46 3 35
18 16 85 8 57 44 17
13 44 81 36 24 6 84
17 11 85 93 32 77 15
20 15 56 98 43 3 72
25 2 42 89 1 4 27
42 63 33 5 17 40 85
60 33 32 25 25 6 82
80 3 72 10 55 12 88
38 67 11 19 91 60 49
21 12 28 35 14 52 24
65 20 22 82 3 18 9
87 7 21 59 76 37 21
75 19 19 15 1 18 22
44 26 17 54 28 7 45
36 14 47 32 14 37 21
45 1 68 67 83 94 91
27 59 35 90 18 92 11
7 10 53 5 17 64 46
76 76 59 35 11 5 20
16 26 1 19 5 13 50
81 13 71 19 71 28 2
58 18 25 16 92 40 32
63 27 42 34 21 3 28
9 2 77 26 75 83 24
67 11 28 51 81 35 1
11 16 26 11 91 96 18
23 46 1 38 36 35 2
19 61 6 90 51 99 2
6 58 36 48 49 7 34
7 31 22 9 30 8 25
86 12 10 88 16 13 91
83 83 73 7 74 5 90
17 14 22 51 6 1 22
87 34 27 15 100 10 9
51 57 25 2 4 37 7
25 7 81 20 86 3 49
22 8 8 25 3 8 8
13 75 57 1 76 29 51
99 92 42 27 38 1 30
37 23 99 15 12 8 79
16 19 46 39 16 40 40
7 35 65 3 60 61 78
94 5 14 99 11 80 98
89 56 48 2 61 14 14
12 23 45 52 41 40 19
42 34 7 25 84 35 22
6 6 42 60 6 58 1
89 15 12 21 18 21 10
18 2 82 82 85 11 96
43 23 18 10 29 1 97
52 11 36 2 12 57 87
33 95 2 74 84 19 25
39 70 54 1 32 49 37
2 11 19 32 23 19 47
10 31 49 8 7 100 79
8 3 38 48 21 77 14
61 1 22 80 92 93 72
