250 7
1 44 16 99 36 88 38
100 14 51 85 50 61 62
97 76 25 51 42 91 68
23 11 87 85 68 93 31
35 99 29 56 48 56 24
21 63 16 53 39 4 10
14 41 7 48 3 10 76
36 100 72 34 40 42 54
52 51 14 88 36 73 64
19 30 52 34 30 5 41
19 33 18 49 55 30 7
39 43 86 29 75 38 20
97 11 46 41 26 2 54
95 26 27 30 45 74 29
83 63 26 41 95 29 26
24 24 21 59 52 63 50
52 32 90 63 7 92 38
71 24 89 97 12 84 13
39 53 42 9 26 35 12
41 5 87 11 18 20 35
12 51 24 70 24 7 39
42 32 41 48 8 27 42
82 7 68 34 78 39 87
86 14 1 34 10 65 49
81 7 25 81 5 7 14
70 50 27 14 14 50 5
9 84 58 52 19 67 47
6 36 64 11 22 25 89
66 5 90 4 28 22 23
82 4 75 47 59 49 33
28 88 33 48 18 63 28
11 44 39 64 43 9 33
26 31 1 23 53 44 74
56 61 70 10 10 55 33
47 85 77 74 22 55 40
74 5 3 17 1 30 40
32 55 43 43 97 49 65
19 31 11 74 20 3 88
12 10 64 98 73 16 28
28 8 54 33 23 4 99
38 83 26 17 74 38 31
25 26 96 33 19 88 73
40 47 91 58 36 72 13
41 19 18 71 45 29 47
14 14 27 41 12 10 62
38 27 54 5 13 4 18
14 48 50 37 86 47 60
49 57 38 43 18 2 16
6 20 36 17 95 61 25
3 64 10 31 6 88 28
6 69 98 46 1 42 21
36 31 15 33 16 75 71
43 9 1 35 67 66 46
9 31 11 25 2 70 12
39 46 11 19 76 48 18
7 13 10 42 61 52 31
15 55 28 93 31 8 10
42 91 33 73 38 42 38
90 33 23 17 100 87 39
42 42 27 37 31 22 60
64 46 9 9 61 50 36
18 16 24 72 97 39 11
10 39 4 27 37 22 29
12 35 38 97 34 56 70
8 27 83 14 37 38 23
36 1 48 55 9 93 31
11 21 86 22 12 4 64
31 11 1 96 19 69 30
89 95 18 70 24 18 22
6 93 20 2 29 18 84
55 13 16 17 37 79 82
11 6 11 93 87 1 15
20 36 44 34 94 42 43
32 30 40 25 70 43 23
35 23 4 49 20 33 4
53 30 44 53 23 47 2
48 45 52 41 23 12 10
42 52 13 39 94 14 81
23 39 19 8 36 4 85
47 57 8 58 95 8 59
1 20 54 23 20 10 86
38 37 83 36 11 47 37
34 2 38 13 13 50 62
4 25 92 41 99 6 10
40 75 8 29 13 3 41
29 60 28 79 88 4 40
4 79 32 19 24 80 18
32 79 45 52 69 2 24
74 50 43 78 15 36 33
100 50 25 84 51 15 9
27 46 71 27 13 44 87
29 64 43 23 42 1 16
40 31 15 44 43 41 42
46 12 35 49 21 48 28
7 29 25 27 34 29 68
34 8 16 43 40 76 22
29 13 48 37 3 93 92
24 21 31 7 39 23 88
69 70 1 71 28 41 5
28 46 40 24 7 64 43
49 48 96 1 43 35 44
47 6 43 9 38 8 51
43 4 52 8 31 27 3
39 75 34 7 77 20 73
7 50 19 35 37 16 69
23 21 33 35 67 26 91
54 10 27 58 79 17 91
27 28 80 31 8 1 7
81 62 39 37 86 19 6
74 47 48 5 39 27 7
91 10 67 3 61 40 73
71 42 84 1 43 34 40
45 89 33 2 53 11 17
20 74 59 5 48 36 28
2 7 29 5 94 24 7
52 74 50 83 17 20 45
2 22 21 86 85 6 77
18 36 5 49 49 22 41
79 99 46 47 9 28 39
49 87 18 20 3 86 36
4 88 25 90 62 17 18
6 18 13 13 96 91 34
2 42 93 41 19 1 70
1 36 16 33 32 96 36
36 75 27 18 16 43 82
12 82 9 100 89 57 14
64 66 39 4 47 82 35
29 55 37 76 12 5 13
3 66 70 50 82 9 54
10 18 31 1 46 57 31
16 4 21 14 55 27 77
12 2 80 10 98 51 31
79 14 88 11 13 95 89
9 64 35 64 36 98 7
51 35 84 46 15 13 3
7 11 39 45 10 1 62
14 59 65 39 12 53 23
1 7 24 39 63 99 44
3 18 56 18 35 89 29
85 6 32 46 8 13 89
4 84 60 92 78 93 14
11 41 36 29 17 8 12
72 5 34 38 48 32 28
57 28 26 54 73 1 80
47 7 14 10 15 44 27
6 60 31 82 84 29 42
38 12 24 32 41 46 27
8 73 68 98 80 34 27
16 44 3 76 71 19 96
30 39 13 36 50 21 39
54 25 59 58 15 92 22
67 29 27 25 42 91 12
43 50 37 9 84 16 16
92 45 53 32 98 6 17
13 7 11 94 30 59 3
69 4 28 1 48 25 15
55 12 25 5 80 99 39
15 49 8 69 24 26 50
20 24 97 74 17 36 46
3 59 16 1 99 39 98
6 89 87 63 61 1 76
66 47 73 32 23 1 10
61 47 51 27 17 31 63
32 16 11 92 10 35 99
62 15 29 86 76 38 7
13 35 37 59 66 36 67
16 10 4 24 16 87 27
8 66 32 48 37 20 49
3 2 19 49 35 21 35
7 87 31 20 24 82 69
45 89 22 30 36 95 6
11 88 56 7 29 48 96
18 40 11 42 5 48 39
37 93 34 22 6 82 50
50 31 60 2 47 96 4
1 45 8 7 45 45 20
6 94 79 76 8 28 64
69 46 33 83 40 9 24
49 6 92 54 43 7 21
2 32 30 4 37 44 51
65 58 18 51 56 4 96
15 9 16 37 21 93 27
98 42 11 72 16 18 41
68 74 15 30 27 22 91
13 18 27 7 29 42 9
26 79 68 3 35 60 96
23 59 29 7 31 19 82
54 7 35 85 10 15 84
30 93 46 3 27 34 72
9 12 9 30 11 23 12
8 78 100 51 60 80 11
91 92 33 26 23 28 61
86 18 22 78 9 46 31
21 2 97 40 41 14 40
52 61 9 13 40 75 19
86 97 89 64 1 42 38
71 1 26 13 6 13 33
67 91 43 24 73 42 1
60 73 2 68 56 55 13
75 6 39 12 62 23 21
28 71 18 89 6 47 12
35 21 9 11 76 66 22
74 1 45 15 3 1 18
10 29 23 4 42 29 20
40 28 6 44 58 34 87
50 11 31 23 69 5 1
28 33 47 25 27 35 25
2 62 67 82 88 80 19
55 1 74 75 54 46 36
32 23 71 17 11 23 33
31 1 45 37 57 35 40
18 51 62 10 9 11 32
37 76 42 13 36 23 14
8 33 68 41 3 63 15
61 69 26 1 24 43 50
5 34 41 2 90 14 17
25 12 8 37 69 22 26
79 2 34 77 23 2 36
73 77 3 52 61 14 66
49 24 72 10 77 16 18
25 9 5 33 6 98 19
57 51 59 17 5 86 71
58 49 1 5 52 1 78
13 95 7 67 34 17 36
34 10 10 5 59 3 43
21 41 1 31 11 1 22
41 54 13 11 16 41 57
68 16 5 33 38 20 10
6 5 60 15 95 30 75
63 79 18 4 42 88 79
20 9 8 100 57 52 14
12 59 29 15 39 98 54
18 74 79 16 3 16 8
11 10 44 7 64 32 24
40 8 27 4 16 20 74
37 46 72 48 4 47 33
69 85 37 10 9 95 32
67 10 76 43 30 67 15
57 5 25 36 44 98 43
28 20 37 42 87 2 96
69 21 35 91 23 19 17
6 32 56 26 92 12 67
49 44 65 28 5 7 92
47 37 34 98 46 7 39
48 16 79 27 30 1 81
43 33 40 14 13 33 92
24 35 94 31 43 12 36
6 93 100 53 12 12 100
18 20 2 59 6 83 92
55 34 50 91 7 24 42
