250 7
0.60 0.90 0.71 0.88 0.29 0.38 0.94
0.66 0.85 0.21 0.74 0.23 1.00 0.87
0.45 0.33 0.24 0.74 0.15 0.12 0.31
0.39 0.36 0.61 0.88 0.45 0.48 0.71
0.34 0.01 0.22 0.31 0.47 0.11 0.09
0.42 0.58 0.70 0.02 0.12 0.51 0.49
0.26 0.71 0.47 0.63 1.00 0.09 0.19
0.32 0.33 0.39 0.97 0.18 0.11 0.66
0.57 0.32 0.62 0.12 0.08 0.36 0.02
0.50 0.78 0.34 0.75 0.30 0.02 0.41
0.18 0.70 0.39 0.42 0.80 0.09 0.61
0.10 0.59 0.24 0.15 0.42 0.68 0.32
0.94 0.33 0.76 0.10 0.19 0.43 0.57
0.54 0.17 0.89 0.03 0.07 0.88 0.98
0.16 0.54 0.96 0.30 0.81 0.98 0.61
0.09 0.88 0.35 0.93 0.72 0.32 0.74
0.09 0.13 0.05 0.96 0.44 0.08 0.25
0.52 0.53 0.13 0.88 0.40 0.24 0.87
0.41 0.29 0.29 0.31 0.41 0.19 0.71
0.36 0.25 0.27 0.92 0.38 0.70 0.12
0.24 0.10 0.70 0.22 0.97 0.38 0.94
0.04 0.92 0.58 0.75 0.36 0.08 0.55
0.30 0.34 0.39 0.08 0.07 0.98 0.11
0.49 0.22 0.93 0.06 0.20 0.20 0.54
0.22 0.29 0.36 0.19 0.45 0.45 0.58
0.72 0.91 0.50 0.23 0.50 0.28 0.14
0.41 0.01 0.86 0.25 0.45 0.06 0.60
0.45 0.16 0.28 0.21 0.38 0.75 0.87
0.50 0.22 0.45 0.11 0.31 0.64 0.49
0.08 0.20 0.20 0.77 0.64 0.16 0.60
0.84 0.47 0.08 0.26 0.46 0.86 0.49
0.06 0.24 0.02 0.17 0.15 0.09 0.14
0.79 0.81 0.14 0.09 0.06 0.24 0.61
0.19 0.11 0.78 0.39 0.09 0.47 0.68
0.40 0.29 0.60 0.16 0.67 0.38 0.44
0.64 0.31 0.88 0.19 0.02 0.07 0.05
0.16 0.14 0.37 0.42 0.01 0.49 0.24
0.85 0.09 0.05 0.17 0.55 0.42 0.78
0.85 0.48 0.03 0.99 0.10 0.26 0.38
0.10 0.01 0.35 0.53 0.24 0.08 0.06
0.18 0.31 0.40 0.13 0.42 0.83 0.39
0.34 0.46 0.71 0.87 0.02 0.23 0.39
0.49 0.17 0.52 0.12 0.09 0.44 0.02
0.08 0.09 0.74 0.33 0.55 0.69 0.86
0.98 0.24 0.38 0.76 0.06 0.04 0.46
0.78 0.89 0.32 0.27 0.08 0.98 0.48
0.45 0.16 0.02 0.98 0.52 0.22 0.92
0.74 0.52 0.33 0.41 0.14 0.12 0.29
0.08 0.96 0.89 0.52 0.83 0.83 0.06
0.11 0.08 0.89 0.85 0.20 0.10 0.51
0.03 0.74 0.53 0.27 0.50 0.20 0.90
0.20 0.08 0.66 0.08 0.24 0.17 0.70
0.20 0.33 0.37 0.11 0.39 0.31 0.35
0.88 0.19 0.13 0.10 0.86 0.57 0.37
0.38 0.18 0.15 0.06 0.05 0.29 0.86
0.18 0.08 0.21 0.33 0.35 0.42 0.86
0.07 0.85 0.03 0.04 0.04 0.03 0.91
0.30 0.05 0.36 0.32 0.15 0.03 0.50
0.10 0.24 0.75 0.04 0.25 0.24 0.18
0.70 0.31 0.33 0.03 0.78 0.38 0.06
0.37 0.32 0.26 0.18 0.05 0.11 0.16
0.35 0.09 0.03 0.36 0.58 0.73 0.38
0.44 0.18 0.22 0.47 0.20 0.20 0.34
0.33 0.81 0.21 0.31 0.09 0.50 0.46
0.40 0.89 0.21 0.47 0.59 0.01 0.01
0.22 0.75 0.41 0.18 0.86 0.07 0.08
0.26 0.77 0.97 0.07 0.09 0.37 0.01
0.28 0.87 1.00 0.21 0.24 0.12 0.11
0.05 0.37 0.10 0.48 0.54 0.41 0.72
0.25 0.50 0.20 0.15 0.72 0.50 0.34
0.97 0.27 0.74 0.41 0.02 0.75 0.61
0.61 0.04 0.15 0.23 0.34 0.23 0.33
0.06 0.75 0.25 0.38 0.10 0.07 0.25
0.45 0.36 0.78 0.31 0.43 0.32 0.06
0.08 0.34 0.03 0.07 0.50 0.16 0.22
0.87 0.80 0.47 0.85 0.01 0.13 0.83
0.17 0.23 0.78 0.79 0.34 0.22 0.03
0.29 0.27 0.20 0.34 0.28 0.07 0.23
0.96 0.60 0.59 0.93 0.27 0.10 0.04
0.43 0.13 0.06 0.46 0.46 0.48 0.76
0.32 0.68 0.18 0.85 0.56 0.74 0.12
0.10 0.09 0.12 0.14 0.14 0.24 0.84
0.06 0.67 0.30 0.35 0.34 0.02 0.09
0.83 0.59 0.27 0.84 0.52 0.70 0.04
0.29 0.11 0.09 0.48 0.93 0.52 0.05
0.03 0.44 0.51 0.92 0.14 0.85 0.61
0.36 0.14 1.00 0.13 0.11 0.84 0.98
0.26 0.77 0.36 0.30 0.40 0.03 0.02
0.14 0.20 0.17 0.31 0.49 0.67 0.16
0.14 0.30 0.18 0.15 0.46 0.41 0.21
0.81 0.01 0.95 0.67 0.07 0.86 0.61
0.06 0.34 0.26 0.19 0.48 0.54 0.08
0.82 0.58 0.58 0.20 0.46 0.06 0.47
0.66 0.09 0.28 0.51 0.13 0.31 0.14
0.03 0.09 0.64 0.88 0.42 0.37 0.31
0.49 0.37 0.63 0.12 0.27 0.01 0.61
0.02 0.64 0.45 0.29 0.31 0.47 0.98
0.92 0.15 0.56 0.23 0.99 0.06 0.37
0.23 0.11 0.88 0.07 0.42 0.34 0.49
0.32 0.45 0.79 0.59 0.05 0.01 0.19
0.01 0.39 0.04 0.44 0.78 0.37 0.32
0.27 0.88 0.32 0.59 0.09 0.36 0.27
0.53 0.02 0.38 0.30 0.50 0.05 0.05
0.33 0.50 0.13 0.06 0.27 0.19 0.62
0.46 0.20 0.09 0.49 0.09 0.23 0.84
0.66 0.22 0.49 0.29 0.32 0.72 0.14
0.05 0.47 0.26 0.72 0.04 0.06 0.51
0.55 0.04 0.85 0.36 0.19 0.81 0.74
0.04 0.15 0.50 0.30 0.73 0.31 0.84
0.39 0.33 0.39 0.58 0.25 0.05 0.15
0.34 0.36 0.28 0.09 0.84 0.15 0.74
0.02 0.41 0.42 0.27 0.11 0.28 0.43
0.45 0.37 0.74 0.08 0.05 0.75 0.63
0.95 0.98 0.32 0.78 0.03 0.74 0.54
0.28 0.34 0.17 0.12 0.12 0.32 0.37
0.86 0.25 0.19 0.35 0.48 0.18 0.10
0.39 0.36 0.97 0.21 0.65 0.02 0.64
0.87 0.02 0.26 0.01 0.68 0.64 0.61
0.90 0.06 0.57 0.46 0.16 0.73 0.30
0.47 0.85 0.17 0.34 0.25 0.92 0.11
0.12 0.47 0.38 0.04 0.01 0.88 0.18
0.17 0.52 0.64 0.03 0.45 0.60 0.30
0.35 0.06 0.31 0.49 0.46 0.07 0.74
0.24 0.26 0.19 0.37 0.48 0.70 0.12
0.01 0.11 0.46 0.18 0.45 0.28 0.26
0.18 0.98 0.03 0.06 0.62 0.20 0.65
0.73 0.58 0.10 0.84 0.70 0.01 0.60
0.52 0.93 0.06 0.34 0.44 0.17 0.06
0.09 0.33 0.03 0.97 0.12 0.45 0.03
0.43 0.01 0.21 0.32 0.26 0.03 0.21
0.58 0.03 0.16 0.11 0.64 0.93 0.56
0.54 0.46 0.81 0.07 0.43 0.24 0.01
0.37 0.07 0.73 0.05 0.90 0.54 0.92
0.24 0.08 0.27 0.19 0.55 0.26 0.38
0.99 0.29 0.42 0.15 0.16 0.31 0.60
0.01 0.50 0.63 0.57 0.31 0.98 0.29
0.21 0.15 0.82 0.39 0.79 0.16 0.86
0.06 0.57 0.68 0.10 0.18 0.93 0.20
0.13 0.07 0.29 0.57 0.03 0.18 0.28
0.18 0.15 0.50 0.21 0.36 0.42 0.06
0.06 0.80 0.72 0.73 0.43 0.48 0.03
0.27 0.30 0.14 0.84 0.27 0.07 0.78
0.42 0.21 0.76 0.55 0.05 0.24 0.36
0.36 0.47 0.91 0.18 0.06 0.28 0.07
0.04 0.91 0.65 0.30 0.71 0.21 0.68
0.03 0.34 0.09 0.16 0.50 0.40 0.25
0.64 0.08 0.41 0.65 0.21 0.48 0.23
0.36 0.75 0.13 0.77 0.03 0.56 0.98
0.21 0.45 0.27 0.60 0.02 0.89 0.37
0.89 0.57 0.54 0.14 0.25 0.36 0.27
0.31 0.20 0.24 0.31 0.56 0.50 0.73
0.36 0.34 0.05 0.10 0.42 1.00 0.14
0.59 0.15 0.92 0.34 0.04 0.76 0.03
0.31 0.39 0.48 0.05 0.44 0.94 0.42
0.11 0.31 0.39 0.11 0.55 0.52 0.21
0.74 0.27 0.46 0.11 0.36 0.26 0.21
0.77 0.57 0.84 0.84 0.68 0.02 0.09
0.44 0.80 0.54 0.02 0.30 0.71 0.62
0.22 0.27 0.47 0.48 0.43 0.04 0.75
0.42 0.60 0.07 0.04 0.98 0.29 0.34
0.84 0.95 0.53 0.01 0.27 0.23 0.36
0.20 0.02 0.33 0.74 0.46 0.19 0.31
0.27 0.42 0.49 0.22 0.23 0.95 0.01
0.89 0.65 0.15 0.55 0.71 0.53 0.02
0.26 0.37 0.01 0.11 0.43 0.03 0.39
0.47 0.10 0.42 0.41 0.65 0.07 0.19
0.29 0.33 0.14 0.12 0.02 0.96 0.02
0.34 0.40 0.29 0.07 0.05 0.03 0.98
0.06 0.41 0.51 0.07 0.07 0.37 0.74
0.05 0.32 0.11 0.88 0.76 0.40 0.10
0.42 0.29 0.14 0.08 0.68 0.55 0.62
0.07 0.01 0.43 0.09 0.16 0.08 0.36
0.03 0.97 0.66 0.65 0.50 0.09 0.54
0.72 0.48 0.27 0.19 0.19 0.01 0.28
0.73 0.67 0.06 0.02 0.12 0.52 0.77
0.75 0.35 0.12 0.04 0.29 0.05 0.38
0.09 0.11 0.04 0.44 0.89 0.02 0.93
0.09 0.05 0.44 0.35 0.14 0.31 0.02
0.08 0.20 0.82 0.05 0.15 0.01 0.88
0.98 0.21 0.21 0.81 0.17 0.44 0.31
0.81 0.92 0.08 0.65 0.11 0.58 0.32
0.37 0.98 0.27 0.55 0.01 0.84 0.34
0.02 0.43 0.24 0.03 0.31 0.57 0.41
0.03 0.04 0.51 0.72 0.52 0.77 0.87
0.52 0.24 0.48 0.29 0.18 0.18 0.11
0.84 0.37 0.22 0.23 0.33 0.07 0.11
0.45 0.16 0.31 0.50 0.30 0.34 0.04
0.54 0.36 0.02 0.83 0.10 0.34 0.02
1.00 0.33 0.84 0.16 0.52 0.06 0.68
0.12 0.40 0.19 0.10 0.15 0.38 0.20
0.64 0.21 0.37 0.04 0.75 0.95 1.00
0.37 0.89 0.07 0.70 0.12 0.21 0.57
0.73 0.08 0.12 0.63 0.76 0.73 0.27
0.34 0.23 0.45 0.21 0.41 0.42 0.32
0.67 0.14 0.80 0.65 0.46 0.17 0.03
0.44 0.09 0.05 0.98 0.14 0.09 0.07
0.03 0.62 0.01 0.91 0.09 0.97 0.50
0.02 0.12 0.67 0.35 0.19 0.28 0.01
0.58 0.97 0.60 0.01 0.47 0.58 0.99
0.13 0.97 0.37 0.09 0.26 0.90 0.12
0.01 0.06 0.30 0.30 0.51 0.61 0.64
0.28 0.28 0.43 0.10 0.15 0.02 0.13
0.98 0.17 0.44 0.29 0.35 0.01 0.08
0.96 0.76 0.75 0.60 0.03 0.09 0.89
0.36 0.13 0.70 0.18 0.63 0.19 0.22
0.42 0.80 0.47 0.07 0.37 0.04 0.01
0.05 0.77 0.33 0.33 0.10 0.25 0.10
0.16 0.30 0.61 0.07 0.08 0.33 0.40
0.04 0.33 0.09 0.66 0.48 0.89 0.51
0.16 0.69 0.98 0.91 0.39 0.01 0.18
0.05 0.22 0.47 0.05 0.16 0.26 0.21
0.04 0.57 0.21 0.79 0.26 0.26 0.58
0.04 0.57 0.19 0.59 0.82 0.45 0.18
0.84 0.07 0.46 0.32 0.22 0.15 0.35
0.40 0.31 0.77 0.02 0.96 0.59 0.95
0.16 0.49 0.46 0.03 0.96 0.40 0.91
0.67 0.08 0.07 0.03 0.04 0.56 0.04
0.21 0.10 0.41 0.20 0.42 0.35 0.03
0.89 0.90 0.65 0.02 0.52 0.22 0.46
0.38 0.58 0.43 0.80 0.23 0.48 0.07
0.26 0.50 0.92 0.03 0.42 0.03 0.41
0.12 0.12 0.41 0.19 0.19 0.04 0.43
0.03 0.16 0.83 0.91 0.67 0.17 0.24
0.61 0.19 0.55 0.67 0.85 0.02 0.96
0.20 0.60 0.26 0.21 0.06 0.70 0.48
0.92 0.24 0.02 0.10 0.47 0.39 0.40
0.24 0.46 0.07 0.13 0.06 0.46 0.54
0.48 0.52 0.81 0.03 0.50 0.21 0.14
0.70 0.22 0.12 0.87 0.26 0.17 0.41
0.22 0.05 0.18 0.49 0.36 0.29 0.38
0.14 0.01 0.01 0.91 0.98 0.54 0.73
0.02 0.76 0.09 0.67 0.28 0.06 0.81
0.46 0.24 0.67 0.18 0.14 0.82 0.43
0.09 0.36 0.65 0.45 0.04 0.02 0.89
0.36 0.79 0.07 0.90 0.12 0.20 0.36
0.38 0.36 0.21 0.76 0.11 0.32 0.33
0.43 0.10 0.58 0.24 0.28 0.79 0.23
0.88 0.66 0.05 0.77 0.79 0.31 0.13
0.06 0.39 0.01 0.43 0.42 0.73 0.36
0.21 0.50 0.33 0.40 0.96 0.32 0.05
0.52 0.16 0.15 1.00 0.02 0.97 0.74
0.19 0.42 0.29 0.48 0.68 0.04 0.32
0.10 0.03 0.35 0.28 0.82 0.08 0.32
0.94 0.01 0.80 0.44 0.04 0.91 0.91
0.07 0.37 0.20 0.05 0.09 0.64 0.29
0.41 0.43 0.20 0.47 0.43 0.05 0.14
0.81 0.17 0.74 0.82 0.82 0.02 0.64
0.42 0.35 0.36 0.03 0.52 0.10 0.16
0.13 0.95 0.99 0.49 0.18 0.02 0.15
0.26 0.06 0.26 0.45 0.14 0.38 0.27
