250 7
80 80 88 25 75 88 13
80 7 43 72 70 38 7
14 32 37 30 45 41 3
9 60 36 2 42 80 25
5 45 11 85 25 75 26
32 14 65 21 35 9 72
52 89 18 9 42 44 15
27 77 60 39 34 93 4
22 25 26 25 35 88 74
33 10 17 26 76 90 32
32 20 43 18 83 38 54
56 11 42 41 27 2 100
2 8 65 53 9 32 16
94 95 55 75 3 29 17
16 39 3 2 3 11 29
45 23 19 4 36 35 54
26 30 28 44 98 40 29
26 75 74 25 63 30 14
16 33 18 95 4 33 20
99 7 72 5 68 55 10
65 28 89 17 31 68 66
42 31 38 40 74 32 73
74 15 96 20 8 27 13
11 30 21 47 7 6 29
1 40 79 97 95 10 94
29 10 47 85 57 43 99
12 15 92 33 25 49 33
30 9 23 35 34 78 11
14 62 16 19 48 10 60
43 46 15 20 3 2 26
74 64 72 1 52 90 53
9 52 59 37 35 89 48
35 11 28 50 30 16 85
25 18 10 80 42 18 29
89 35 4 48 3 36 34
82 21 20 98 30 35 33
38 27 3 38 53 81 68
69 15 50 56 22 5 37
22 23 47 73 43 49 14
47 15 26 16 49 20 11
75 11 16 28 43 43 47
97 47 39 43 6 98 14
1 52 66 80 96 96 63
25 25 13 75 33 30 4
31 19 1 43 7 74 38
78 34 18 13 33 99 12
24 64 49 1 17 11 50
54 37 30 17 6 20 54
79 29 26 62 23 54 44
10 45 41 17 5 95 13
77 14 70 11 5 26 40
77 20 13 65 16 83 35
12 82 43 7 2 32 20
82 9 9 99 89 66 52
1 66 85 63 48 8 58
54 14 58 22 26 62 91
16 7 20 14 15 39 20
39 26 80 30 8 36 73
34 3 96 41 60 10 5
73 68 11 17 78 41 5
45 2 45 26 35 30 11
4 7 2 28 85 14 65
34 50 62 41 2 23 15
49 32 33 36 41 20 66
29 59 77 21 11 6 24
49 34 30 37 41 71 9
91 92 81 84 15 97 6
1 15 40 69 55 11 7
97 17 34 45 42 4 7
26 41 22 34 53 4 8
7 89 85 8 57 61 27
7 6 98 99 19 21 82
25 33 34 27 46 20 20
7 97 32 83 75 100 92
39 19 3 24 30 88 46
43 100 78 35 26 71 6
100 24 64 28 67 8 23
31 3 76 34 62 32 21
25 45 22 23 1 13 73
30 14 13 9 6 35 13
81 37 27 55 39 29 23
66 71 70 61 17 36 11
96 22 21 24 1 94 69
51 75 9 21 31 5 4
8 54 12 39 11 6 50
21 50 22 9 33 3 33
65 4 81 35 21 32 94
44 96 95 18 73 75 10
29 49 81 91 25 47 6
15 47 76 55 5 13 76
9 1 26 44 19 48 14
65 4 10 95 68 77 99
37 10 65 48 82 11 2
55 2 13 35 88 38 56
31 23 82 80 63 1 93
24 5 34 44 64 18 73
28 38 8 34 92 8 75
11 28 46 40 37 78 39
42 16 56 9 95 23 39
30 87 28 49 14 28 7
19 6 12 69 23 30 94
90 7 58 32 46 3 71
46 20 66 21 15 27 94
94 96 48 55 26 21 17
81 14 16 79 61 33 26
15 49 5 89 13 20 20
6 26 14 15 28 52 30
45 34 29 32 93 3 1
91 7 12 10 10 47 8
39 51 32 20 1 2 66
61 80 98 62 17 11 11
77 24 17 4 72 68 82
7 11 21 82 24 36 29
12 11 20 22 19 29 50
14 76 8 44 15 81 61
23 22 21 44 11 31 14
63 96 4 28 10 10 28
6 11 33 98 62 7 95
48 5 41 11 20 25 89
12 21 94 41 31 6 28
60 58 71 1 59 54 93
39 3 43 98 71 44 24
2 8 20 4 70 68 86
26 9 83 64 96 27 31
32 5 73 13 93 47 78
30 22 90 6 22 66 41
43 2 60 14 39 19 60
53 33 13 75 13 33 19
55 49 48 32 15 1 45
21 1 85 14 43 17 49
4 34 32 40 40 2 93
4 25 59 39 43 26 24
34 40 10 47 25 7 57
2 68 1 55 95 2 98
76 35 40 27 11 58 6
64 1 31 43 52 41 35
61 27 11 91 18 22 37
39 2 69 79 82 35 28
88 35 5 10 8 13 20
15 8 5 29 49 30 35
64 18 87 11 62 13 58
8 7 65 31 19 5 63
46 29 25 89 12 8 57
30 23 39 99 53 3 39
76 29 82 3 14 54 21
45 9 37 39 26 8 37
13 53 56 61 77 56 12
19 10 15 29 19 36 7
64 3 32 14 50 44 43
17 30 41 69 13 43 14
70 64 98 35 4 97 4
28 11 76 50 36 25 25
59 88 99 77 28 82 5
12 19 26 48 2 6 98
25 3 8 72 91 5 53
5 37 36 43 63 100 30
3 19 26 48 25 5 60
21 26 14 43 15 7 8
90 60 100 97 5 96 11
6 28 67 23 66 44 81
17 32 3 46 11 45 96
20 15 6 63 29 48 19
7 95 95 43 100 18 54
11 5 8 54 5 95 74
34 8 86 67 71 59 9
13 22 10 37 42 24 20
24 18 27 26 18 32 12
19 80 2 91 27 19 29
96 23 47 5 36 29 95
1 64 66 65 50 72 94
66 17 6 47 46 45 27
96 42 26 20 69 84 1
16 33 7 43 33 34 2
14 1 68 87 100 87 12
5 9 48 15 29 76 36
26 43 32 13 47 6 50
37 76 44 96 10 60 6
72 88 3 76 84 22 3
35 13 72 3 53 38 64
16 28 74 15 42 33 87
34 80 17 10 15 40 7
2 13 14 4 48 67 1
1 67 99 54 53 99 54
35 27 76 17 70 17 54
7 2 45 9 69 50 57
31 90 43 37 28 4 26
79 4 39 58 46 13 75
88 45 41 21 7 23 10
45 12 36 95 11 50 39
5 16 42 51 27 10 21
48 1 71 25 74 6 10
22 12 37 78 15 61 15
33 19 3 19 2 60 60
9 48 42 32 50 42 13
80 5 53 41 5 10 56
52 12 5 17 11 46 51
29 2 61 35 22 77 92
6 16 52 45 14 50 83
6 25 88 29 85 56 11
12 75 58 33 38 6 17
2 27 47 58 12 6 42
45 23 8 98 34 33 96
70 41 4 14 82 83 7
75 25 100 37 99 4 68
29 30 80 9 10 46 26
65 72 4 65 100 1 53
14 16 48 33 20 36 35
65 3 31 51 71 19 38
13 43 95 23 33 23 16
1 88 48 34 19 29 97
8 95 94 2 29 14 47
29 50 6 3 62 4 2
1 42 32 43 47 61 12
15 88 88 95 39 52 11
32 39 8 81 19 76 13
78 25 80 14 29 26 9
88 20 6 12 86 1 18
84 8 33 40 7 14 11
11 46 23 61 5 22 61
98 68 49 61 1 30 18
13 67 30 81 42 1 26
16 4 74 20 26 59 19
43 2 87 37 5 84 82
41 14 41 7 91 44 65
44 1 83 20 47 42 9
27 34 26 35 14 12 68
93 83 84 61 14 53 5
14 18 46 13 19 19 77
1 14 99 26 27 14 23
86 23 12 5 16 11 50
22 28 15 10 30 54 36
65 70 1 75 60 3 36
8 73 57 40 63 34 5
1 17 13 43 34 19 86
89 11 61 17 7 75 57
33 9 19 62 41 91 13
78 32 11 39 18 31 35
82 31 52 19 36 30 44
46 7 49 30 24 1 17
84 95 6 26 33 82 1
81 77 1 21 84 40 71
86 26 12 40 76 36 18
11 48 99 95 3 49 19
19 86 29 56 8 77 3
39 18 33 28 33 50 7
75 5 44 100 36 5 22
51 60 77 12 2 70 63
69 26 45 8 18 31 5
2 30 53 85 85 2 70
9 72 47 86 13 30 1
