250 7
0.82 0.92 0.69 0.07 0.82 0.41 0.23
0.73 0.97 0.05 0.89 0.70 0.81 0.23
0.23 0.87 0.18 0.11 0.15 0.14 0.32
0.10 0.44 0.07 0.01 0.44 0.75 0.84
0.08 0.95 0.87 0.50 0.96 0.16 0.15
0.82 0.42 0.21 0.36 0.17 0.57 0.34
0.23 0.69 0.85 0.27 0.38 0.59 0.03
0.37 0.39 0.02 0.55 0.20 0.23 0.85
0.63 0.44 0.29 0.15 0.69 0.17 0.18
0.77 0.04 0.99 0.49 0.53 0.28 0.11
0.47 0.29 0.07 0.21 0.06 0.19 0.40
0.96 0.33 0.10 0.09 0.15 0.27 0.01
0.46 0.72 0.65 0.53 0.02 0.07 0.31
0.41 0.47 0.28 0.33 0.39 0.13 0.46
0.31 0.85 0.14 0.74 0.31 0.75 0.28
0.43 0.42 0.72 0.59 0.41 0.41 0.68
0.44 0.71 0.19 0.32 0.13 0.11 0.39
0.32 0.81 0.57 0.47 0.12 0.07 0.91
0.08 0.10 0.17 0.55 0.29 0.44 0.27
0.17 0.16 0.49 0.21 0.76 0.21 0.33
0.77 0.40 0.54 0.03 0.67 0.45 0.12
0.40 0.57 0.37 0.31 0.70 0.42 0.02
0.41 0.40 0.14 0.21 0.32 0.17 0.97
0.05 0.10 0.34 0.60 0.21 0.35 0.50
0.51 0.02 0.35 0.42 0.49 0.02 0.95
0.30 0.18 0.32 0.07 0.24 0.22 0.37
0.58 0.87 0.38 0.43 0.32 0.68 0.26
0.20 0.66 0.22 0.17 0.20 0.32 0.18
0.04 0.14 0.06 0.74 0.30 0.40 0.24
0.07 0.47 0.21 0.39 0.40 0.03 0.78
0.72 0.11 0.62 0.03 0.33 0.69 0.39
0.40 0.02 0.32 0.84 0.20 0.17 0.26
0.46 0.33 0.27 0.01 0.30 0.07 0.53
0.44 0.10 0.43 0.30 0.14 0.27 0.82
0.75 0.62 0.87 0.85 0.53 0.70 0.18
0.74 0.50 0.09 0.24 0.15 0.29 0.21
0.55 0.17 0.16 0.03 0.11 0.44 0.97
0.36 0.31 0.19 0.37 0.41 0.15 0.31
0.17 0.39 0.46 0.22 0.90 0.63 0.10
0.66 0.39 0.05 0.14 0.12 0.72 0.46
0.82 0.45 0.03 0.45 0.72 0.38 0.51
0.93 0.41 0.12 0.31 0.86 0.37 0.14
0.09 0.14 0.03 0.83 0.29 0.50 0.44
0.34 0.80 0.53 0.15 0.09 0.24 0.38
0.98 0.16 0.55 0.02 0.36 0.17 0.40
0.73 0.25 0.81 0.29 0.08 0.04 0.97
0.31 0.22 0.37 0.42 0.11 0.16 0.54
0.59 0.73 0.25 0.05 0.14 0.90 0.70
0.46 0.60 0.51 0.66 0.07 0.03 0.76
0.38 0.39 0.81 0.63 0.06 0.46 0.99
0.79 0.26 0.62 0.45 0.44 0.37 0.25
0.44 0.18 0.82 0.41 0.04 0.04 0.82
0.56 0.25 0.05 0.44 0.62 0.32 0.08
0.96 0.07 0.48 0.07 0.11 0.07 0.04
0.04 0.38 0.34 0.83 0.65 0.26 0.66
0.18 0.14 0.54 0.26 0.20 0.96 0.14
0.74 0.05 0.13 0.15 0.35 0.23 0.96
0.81 0.04 0.06 0.44 0.76 0.10 0.03
0.39 0.69 0.72 0.04 0.90 0.44 0.46
0.25 0.25 0.42 0.01 0.35 0.54 0.47
0.02 0.77 0.21 0.78 0.15 0.68 0.62
0.27 0.46 0.91 0.36 0.21 0.37 0.53
0.49 0.76 0.08 0.27 0.27 0.38 0.20
0.34 0.15 0.52 0.17 0.17 0.31 0.20
0.74 0.10 0.93 0.01 0.81 0.38 0.46
0.32 0.03 0.49 0.10 0.02 0.47 0.10
0.06 0.24 0.36 0.93 0.26 0.71 0.48
0.20 0.63 0.62 0.03 0.91 0.59 0.77
0.22 0.79 0.31 0.16 0.32 0.60 0.71
0.16 0.65 0.14 0.55 0.28 0.09 0.34
0.49 0.39 0.75 0.88 0.06 0.20 0.34
0.32 0.27 0.01 0.30 0.99 0.01 0.08
0.14 0.32 0.73 0.72 0.72 0.25 0.43
0.92 0.77 0.54 0.05 0.76 0.08 0.46
0.29 0.49 0.45 0.13 0.50 0.38 0.49
0.05 0.06 0.50 0.42 0.32 0.09 0.03
0.23 0.05 0.77 0.06 0.79 0.63 0.51
0.26 0.23 0.39 0.23 0.83 0.29 0.50
0.29 0.81 0.41 0.96 0.13 0.99 0.01
0.29 0.09 0.02 0.50 0.58 0.12 0.47
0.28 0.37 0.59 0.27 0.68 0.85 0.36
0.03 0.59 0.24 0.41 0.79 0.21 0.10
0.22 0.92 0.81 0.02 0.32 0.28 0.28
0.80 0.85 0.93 0.14 0.39 0.40 0.20
0.06 0.20 0.01 0.41 0.26 0.15 0.15
0.93 0.90 0.92 0.07 0.70 0.37 0.34
0.22 0.25 0.12 0.27 0.37 0.45 0.54
0.63 0.28 1.00 0.97 0.57 0.02 0.08
0.85 0.37 0.13 0.12 0.32 0.15 0.30
0.14 0.27 0.38 0.78 0.97 0.05 0.17
0.59 0.09 0.35 0.38 0.62 0.79 0.92
0.39 0.20 0.15 0.15 0.44 0.44 0.20
0.40 0.71 0.78 0.98 0.23 0.90 0.09
0.23 0.44 0.65 0.78 0.11 0.03 0.13
0.13 0.14 0.53 0.22 0.28 0.23 0.05
0.96 0.10 0.52 0.21 0.16 0.06 0.38
1.00 0.24 0.33 0.39 0.13 0.11 0.48
0.65 0.59 0.37 0.02 0.65 0.43 0.49
0.85 0.11 0.69 0.25 0.89 0.43 0.36
0.03 0.93 0.97 0.87 0.17 0.46 0.46
0.76 0.04 0.18 0.37 0.51 0.95 0.40
0.21 0.09 0.54 0.82 0.04 0.10 0.75
0.47 0.75 0.11 0.49 0.25 0.25 0.28
0.09 0.63 0.33 0.91 0.36 0.08 0.17
0.14 0.10 0.75 0.35 0.37 0.24 0.17
0.01 0.86 0.47 0.94 0.04 0.36 0.37
0.99 0.50 0.03 0.91 0.21 0.95 0.61
0.69 0.47 0.23 0.37 0.03 0.12 0.04
0.42 0.29 0.67 0.99 0.10 0.04 0.16
0.34 0.70 0.12 0.06 0.43 0.24 0.04
0.58 0.97 0.98 0.31 0.95 0.06 0.61
0.14 0.82 0.17 0.68 0.06 0.46 0.37
0.04 0.01 0.14 0.09 0.34 0.28 0.38
0.07 0.20 0.27 0.21 0.09 0.69 0.98
0.45 0.24 0.21 0.15 0.08 0.41 0.27
0.42 0.74 0.76 0.11 0.12 0.42 0.76
0.98 0.07 0.67 0.01 0.83 0.35 0.85
0.15 0.61 0.11 0.38 0.27 0.04 0.39
0.44 0.30 0.46 0.07 0.28 0.44 0.04
0.33 0.51 0.17 0.71 0.15 0.79 0.52
0.98 0.31 0.20 0.92 0.56 0.10 0.77
0.12 0.18 0.74 0.37 0.41 0.22 0.61
0.47 0.58 0.20 0.80 0.03 0.33 0.30
0.73 0.86 0.89 0.59 0.50 0.01 0.06
0.37 0.66 0.27 0.96 0.11 0.76 0.85
0.19 0.31 0.03 0.27 0.05 0.40 0.19
0.04 0.15 0.17 0.51 0.22 0.27 0.54
0.16 0.81 0.47 0.48 0.13 0.15 0.35
0.15 0.32 0.12 0.89 0.15 0.14 0.49
0.12 0.07 0.17 0.79 0.41 0.68 0.28
0.40 0.59 0.28 0.73 0.10 0.11 0.18
0.25 0.18 0.49 0.30 0.30 0.04 0.45
0.46 0.67 0.01 0.17 0.32 0.50 0.36
0.08 0.70 0.21 0.03 0.17 0.46 0.53
0.96 0.11 0.20 0.07 0.49 0.32 0.86
0.65 0.79 0.09 0.44 0.55 0.04 0.82
0.68 0.99 0.58 0.03 0.15 0.58 0.40
0.07 0.60 0.79 0.28 0.31 0.26 0.58
0.01 0.44 0.10 0.56 0.36 0.28 0.50
0.41 0.52 0.92 0.29 0.47 0.12 0.77
0.91 0.13 0.75 0.28 0.85 0.06 0.79
0.38 0.47 0.18 0.29 0.02 0.49 0.90
0.42 0.29 0.15 0.38 0.08 0.82 0.12
0.02 0.01 0.09 0.57 0.11 0.66 0.89
0.19 0.35 0.80 0.47 0.27 0.09 0.08
0.32 0.87 0.36 0.93 0.06 0.32 0.06
0.86 1.00 0.31 0.04 0.42 0.27 0.35
0.20 0.60 0.01 0.34 0.99 0.78 0.75
0.45 0.03 0.12 0.02 0.85 0.27 0.07
0.25 0.37 0.65 0.15 0.03 0.36 0.72
0.52 0.61 0.72 0.73 0.40 0.34 0.02
0.84 0.35 0.17 0.45 0.43 0.30 0.06
0.51 0.01 0.48 0.17 0.93 0.99 0.34
0.25 0.17 0.41 0.58 0.28 0.34 0.24
0.15 0.87 0.03 0.99 0.13 0.47 0.20
0.48 0.38 0.96 0.69 0.22 0.09 0.03
0.14 0.49 0.41 0.07 0.49 0.04 0.51
0.14 0.11 0.10 0.85 0.74 0.52 0.69
0.68 0.44 0.17 0.83 0.09 0.80 0.15
0.65 0.13 0.32 0.05 0.99 0.13 0.68
0.02 0.45 0.37 0.48 0.01 0.42 0.25
0.01 0.48 0.51 0.29 0.05 0.49 0.98
0.40 0.15 0.19 0.14 0.31 0.18 0.64
0.62 0.89 0.97 0.33 0.28 0.09 0.55
0.07 0.04 0.69 0.84 0.76 0.08 0.40
0.11 0.01 0.05 0.41 0.23 0.50 0.16
0.58 0.15 0.10 0.04 0.48 0.25 0.13
0.73 0.29 0.78 0.14 0.38 0.47 0.09
0.01 0.60 0.09 0.60 0.14 0.55 0.02
0.23 0.80 0.06 0.08 0.25 0.31 0.68
0.44 0.44 0.97 0.03 0.41 0.24 0.52
0.29 0.59 0.56 0.57 0.01 0.26 0.90
0.66 0.50 0.30 0.07 0.23 0.39 0.62
0.60 0.85 0.18 0.11 0.41 0.79 0.26
0.13 0.31 0.22 0.86 0.04 0.43 0.53
0.39 0.50 0.99 0.06 0.20 0.14 0.42
0.63 0.82 0.91 0.04 0.45 0.82 0.15
0.13 0.24 0.35 0.62 0.22 0.23 0.34
0.95 0.25 0.52 0.81 0.02 0.53 0.03
0.01 0.13 0.64 0.28 0.27 0.24 0.22
0.78 0.47 0.52 0.06 0.42 0.30 0.10
0.88 0.89 0.23 0.18 0.03 0.24 0.67
0.89 0.88 0.89 0.41 0.15 0.10 0.30
0.31 0.31 0.10 0.16 0.06 0.92 0.45
0.01 0.09 0.91 0.55 0.45 0.26 0.29
0.45 0.15 0.30 0.26 0.57 0.04 0.07
0.24 0.17 0.11 0.75 0.26 0.11 0.21
0.85 0.35 0.20 0.93 0.02 0.88 0.31
0.27 0.44 0.30 0.03 0.27 0.65 1.00
0.60 0.24 0.14 0.25 0.10 0.39 0.76
0.36 0.21 0.28 0.16 0.27 0.90 0.77
0.23 0.15 0.27 0.76 0.26 0.11 0.53
0.25 0.04 0.26 0.98 0.73 0.53 0.08
0.50 0.94 0.13 0.01 0.55 0.43 0.36
0.55 0.42 0.53 0.38 0.42 0.64 0.01
0.80 0.51 0.05 0.15 0.07 0.17 0.18
0.17 0.34 0.38 0.25 0.24 0.58 0.23
0.18 0.32 0.17 0.42 0.07 0.05 0.30
0.54 0.66 0.22 0.01 0.02 0.46 0.20
0.25 0.21 0.16 0.18 0.45 0.47 0.33
0.77 0.18 0.04 0.86 0.86 0.22 0.06
0.60 0.13 0.47 0.62 0.64 0.68 0.02
0.12 0.27 0.06 0.06 0.76 0.93 0.30
0.09 0.39 0.17 0.93 0.47 0.11 0.75
0.48 0.47 0.72 0.23 0.87 0.13 0.43
0.18 0.92 0.03 0.19 0.36 0.86 0.10
0.25 0.04 0.33 0.97 0.07 0.27 0.11
0.36 0.18 0.10 0.86 0.84 0.12 0.36
0.02 0.87 0.60 0.56 0.79 0.29 0.03
0.02 0.73 0.48 0.60 0.89 0.03 0.69
0.38 0.39 0.31 0.03 0.94 0.34 0.01
0.05 0.96 0.93 0.12 0.22 0.10 0.14
0.34 0.49 0.34 0.40 0.22 0.38 0.10
0.20 0.17 0.81 0.83 0.15 0.31 0.72
0.73 0.61 0.05 0.11 0.70 0.04 0.09
0.91 0.45 0.23 0.74 0.05 0.76 0.08
0.37 0.17 0.02 0.42 0.50 0.38 0.55
0.21 0.26 0.22 0.49 0.25 0.19 0.07
0.27 0.22 0.54 0.06 0.65 0.28 0.72
0.17 0.16 0.43 0.61 0.39 0.06 0.40
0.07 0.50 0.85 0.74 0.86 0.03 0.48
0.72 0.43 0.12 0.56 0.04 0.85 0.90
0.13 0.17 0.28 0.87 0.03 0.35 0.43
0.06 0.27 0.20 0.06 0.50 0.03 0.87
0.24 0.13 0.65 0.49 0.19 0.60 0.91
0.63 0.08 0.06 0.76 0.77 0.46 0.30
0.35 0.40 0.04 0.07 0.13 0.38 0.36
0.22 0.56 0.67 0.02 0.41 0.78 0.59
0.19 0.37 0.12 0.71 0.18 0.09 0.28
0.33 0.26 0.33 0.57 0.13 0.89 0.88
0.01 0.12 0.50 0.14 0.08 0.45 0.47
0.13 0.75 0.53 0.12 0.84 0.90 0.16
0.21 0.87 0.72 0.99 0.06 0.17 0.22
0.55 0.24 0.13 0.93 0.43 0.07 0.37
0.04 0.97 0.37 0.81 0.11 0.34 0.36
0.50 0.43 0.46 0.13 0.15 0.16 0.30
0.08 0.30 0.55 0.63 0.03 0.44 0.47
0.63 0.48 0.82 0.83 0.26 0.58 0.02
0.91 0.38 0.69 0.06 0.17 0.07 0.71
0.78 0.05 0.49 0.61 0.26 0.04 0.30
0.26 0.23 1.00 0.40 0.03 0.06 0.26
0.31 0.30 0.06 0.50 0.03 0.48 0.24
0.63 0.02 0.09 0.74 0.22 0.75 0.81
0.13 0.23 0.12 0.35 0.33 0.02 0.34
0.19 0.71 0.80 0.97 0.99 0.04 0.08
0.49 0.47 0.22 0.05 0.83 0.11 0.56
0.07 0.61 0.42 0.51 0.02 0.05 0.42
0.37 0.25 0.28 0.37 0.43 0.30 0.01
0.49 0.06 0.11 0.61 0.50 0.63 0.10
0.15 0.39 0.92 0.33 0.42 0.34 0.01
