36 36 47 67 82 35
53 38 61 68 19 2
77 76 39 48 92 81
97 16 45 51 36 10
30 34 27 15 51 3
35 43 5 28 13 89
88 8 37 7 22 40
25 13 71 11 18 24
33 50 58 38 42 98
57 48 1 24 10 84
5 28 25 42 10 88
43 34 38 40 34 44
35 34 62 15 12 33
33 6 57 39 90 92
5 15 30 32 36 17
22 57 85 2 78 49
5 98 20 41 44 11
33 4 35 56 26 49
35 62 14 40 33 21
23 37 42 6 94 84
6 18 51 97 32 8
65 85 10 66 97 54
36 23 5 91 40 20
15 44 62 55 5 91
27 49 20 45 28 33
25 68 18 76 56 16
68 29 3 58 22 63
100 1 48 10 52 17
84 37 26 10 50 70
96 47 34 95 11 27
91 31 32 6 14 13
51 50 13 26 91 16
82 10 10 1 17 45
20 86 79 25 21 13
41 25 9 48 17 27
47 63 91 46 6 47
69 72 39 21 11 15
2 30 35 22 31 61
4 74 35 47 42 58
80 74 20 73 6 92
11 35 30 16 19 98
17 29 47 31 24 7
85 97 1 36 37 43
14 35 21 61 4 22
56 1 33 32 98 11
30 23 53 74 6 1
94 19 29 46 29 12
69 40 16 18 30 62
54 27 55 7 58 100
89 92 19 40 51 2
61 63 24 80 19 4
71 21 55 30 44 37
9 33 30 12 31 36
37 61 26 27 7 9
16 17 85 10 9 37
58 100 1 47 73 76
12 22 41 40 25 88
14 12 31 99 90 70
34 29 16 93 21 41
35 73 9 7 91 98
55 18 76 4 11 72
29 2 26 60 89 15
83 89 34 10 34 5
3 48 40 52 4 41
32 6 34 13 64 8
93 46 17 42 37 1
54 94 14 40 16 35
12 24 30 79 32 41
8 69 52 14 84 70
20 40 9 9 37 27
55 89 85 1 44 40
3 75 5 25 18 5
34 30 37 39 2 46
39 10 7 7 64 13
65 18 13 93 33 79
49 27 20 60 5 49
40 43 12 30 4 72
52 66 60 5 96 93
29 29 38 48 29 1
27 68 3 31 38 42
99 14 3 75 58 13
91 74 1 39 52 47
10 85 82 42 7 24
40 62 24 2 81 13
16 7 87 13 7 64
12 20 46 39 7 25
40 34 18 23 20 38
60 47 71 41 35 1
74 13 76 9 18 29
27 30 29 71 74 30
40 93 9 24 58 17
49 13 10 12 13 11
10 44 45 39 16 89
70 62 24 2 80 98
13 42 24 9 98 95
21 70 73 21 26 96
45 35 93 32 10 3
40 60 15 43 31 64
54 18 68 24 1 54
18 30 28 39 7 46
45 75 48 5 62 57
38 1 37 55 32 58
100 41 7 6 48 40
20 15 13 89 9 39
56 65 4 87 41 100
3 1 15 48 84 48
14 19 22 29 46 67
21 49 42 26 13 29
89 64 1 53 93 1
22 15 35 53 2 54
71 47 95 2 77 12
3 25 25 19 68 37
32 11 97 90 42 33
59 3 26 3 83 54
13 20 29 42 93 3
9 29 84 47 33 69
2 30 2 4 85 47
49 93 99 6 17 44
5 48 18 21 14 96
55 57 6 44 81 15
42 65 2 66 19 99
46 67 98 9 31 56
21 63 33 30 70 8
43 15 10 62 30 63
79 33 17 41 6 5
35 26 9 93 6 67
55 28 96 43 17 6
17 43 50 90 10 11
48 3 1 26 64 51
31 50 42 51 14 4
1 12 80 48 93 11
36 32 29 13 29 39
15 29 8 18 27 23
54 31 93 27 41 2
9 68 59 14 9 12
18 80 97 57 2 86
94 25 4 18 91 70
9 3 47 25 22 15
58 24 23 3 38 7
2 62 31 99 65 7
29 15 36 45 19 48
16 38 55 3 73 83
77 7 21 1 42 13
34 39 11 54 8 95
75 10 95 6 85 23
9 1 18 44 67 93
41 13 32 40 1 74
12 1 22 51 54 49
21 16 40 12 29 89
67 56 17 27 9 8
21 73 37 80 19 4
15 54 34 7 8 22
99 76 88 57 3 8
9 15 60 10 7 6
6 52 99 30 20 45
1 22 24 25 49 50
99 82 10 92 3 1
10 15 41 99 14 4
68 10 17 68 63 46
9 74 13 94 15 71
26 17 50 18 84 57
30 3 15 24 37 50
2 36 14 28 68 88
37 2 18 98 69 91
61 12 26 22 6 24
9 36 15 48 32 7
94 44 3 11 47 58
93 82 8 2 71 86
30 11 93 42 5 17
77 22 85 3 22 77
6 20 90 46 43 10
5 36 4 9 21 52
14 21 49 60 45 5
52 60 70 15 49 4
35 45 64 29 4 55
22 1 47 4 22 18
1 16 65 78 84 66
14 17 18 55 62 92
76 46 32 25 3 62
28 38 13 47 10 93
41 1 20 17 26 67
92 41 21 77 95 1
31 22 7 8 16 88
11 52 39 31 34 5
47 50 9 22 11 30
61 58 74 32 67 2
6 14 35 36 18 21
7 30 17 77 68 8
62 91 10 7 59 51
97 2 18 57 18 40
8 38 6 6 59 19
9 6 23 91 47 32
15 5 14 99 46 59
97 8 38 32 91 4
51 16 44 92 15 3
59 41 2 68 11 30
10 23 88 1 30 45
37 4 49 75 33 7
66 31 18 89 3 51
27 87 48 67 17 14
25 18 44 6 18 97
60 8 24 81 14 40
15 21 34 50 29 14
44 57 37 14 50 18
27 19 3 60 95 82
12 87 35 88 9 81
24 44 42 36 35 13
11 72 19 91 1 87
74 6 83 33 11 9
87 8 3 22 11 45
93 99 10 83 7 97
26 94 37 1 46 7
77 95 12 9 79 12
51 6 34 8 42 96
31 35 86 43 4 58
32 30 30 54 4 75
33 26 17 90 71 5
10 6 7 32 7 7
98 32 29 17 7 7
16 88 72 43 58 3
78 58 3 72 69 19
3 42 27 39 15 37
29 32 48 27 12 40
47 11 12 10 9 3
8 90 94 90 13 28
75 4 6 89 52 2
34 4 49 19 11 67
3 9 6 43 48 11
1 75 97 9 91 18
79 14 5 28 40 95
