0.82 0.70 0.59 0.17 0.91 0.22
0.25 0.17 0.46 0.84 0.30 0.48
0.68 0.32 0.42 0.18 0.94 0.92
0.36 0.37 0.07 0.97 0.81 0.28
0.98 0.11 0.33 0.33 0.41 0.86
0.49 0.45 0.83 0.29 0.11 0.19
0.52 1.00 0.99 0.78 0.02 0.56
0.28 0.13 0.18 0.91 0.74 0.55
0.19 0.44 0.78 0.33 0.17 0.19
0.07 0.30 0.70 0.96 0.37 0.92
0.84 0.50 0.60 0.32 0.84 0.01
0.97 0.09 0.48 0.17 0.12 0.88
0.02 0.96 0.21 0.31 0.49 0.21
0.31 0.23 0.15 0.77 0.19 0.13
0.80 0.33 0.24 0.08 0.43 0.32
0.53 0.79 0.51 0.27 0.44 0.30
0.47 0.54 0.03 0.13 0.33 0.22
0.38 0.42 0.24 0.12 0.30 0.19
0.03 0.06 0.46 0.25 0.19 0.17
0.94 0.41 0.11 0.94 0.09 0.87
0.46 0.90 0.09 0.44 0.34 0.27
0.23 0.54 0.83 0.08 0.47 0.41
0.48 0.38 0.55 0.61 0.17 0.01
0.22 0.36 0.27 0.01 0.89 0.05
0.75 0.40 0.32 0.45 0.39 0.15
0.36 0.82 0.50 0.27 0.37 0.03
0.28 0.13 0.75 0.12 0.23 0.34
1.00 0.30 0.60 0.13 0.38 0.10
0.85 0.17 0.68 0.24 0.37 0.10
0.25 0.47 0.16 0.77 0.23 0.41
0.87 0.31 0.41 0.69 0.20 0.56
0.69 0.40 0.40 0.53 0.23 0.76
0.90 0.19 0.41 0.05 0.45 0.38
0.12 0.18 0.03 0.88 0.62 0.04
0.05 0.06 0.54 0.26 0.34 0.11
0.47 0.04 0.34 0.45 0.20 0.33
0.55 0.07 0.34 0.68 0.06 0.43
0.47 0.48 0.16 0.44 0.07 0.76
0.40 0.97 0.20 0.65 0.62 0.32
0.93 0.80 0.47 0.39 0.86 0.16
0.42 0.17 0.03 0.54 0.36 0.49
0.09 0.24 0.37 0.28 0.11 0.39
0.02 0.27 0.42 0.67 0.12 0.75
0.69 0.79 0.16 0.46 0.06 0.10
0.50 0.92 0.27 0.41 0.27 0.77
0.88 0.30 0.20 0.38 0.19 0.22
0.48 0.15 0.97 0.03 0.24 0.14
0.89 0.10 0.52 0.68 0.23 0.09
0.05 0.95 0.12 0.29 0.44 0.90
0.79 0.71 0.31 0.22 0.16 0.57
0.52 0.44 0.66 0.01 0.12 0.12
0.15 0.02 0.02 1.00 0.88 0.69
0.94 0.40 0.14 0.93 0.47 0.20
0.51 0.22 0.07 0.55 0.36 0.08
0.32 0.79 0.37 0.52 0.18 0.37
0.36 0.06 0.49 0.22 0.68 0.46
0.43 0.22 0.83 0.29 0.18 0.17
0.11 0.01 0.34 0.58 0.18 0.45
0.02 0.26 0.61 0.03 0.57 0.25
0.84 1.00 0.27 0.15 0.40 0.12
0.10 0.45 0.09 0.53 0.68 0.07
0.30 0.10 0.40 0.29 0.37 0.55
0.32 0.61 0.21 0.02 0.47 0.38
0.35 0.13 0.99 0.20 0.01 0.08
0.61 0.60 0.57 0.03 0.35 0.81
0.04 0.30 0.17 0.07 0.13 0.25
0.46 0.38 0.79 0.10 0.05 0.26
0.55 0.01 0.94 0.18 0.31 0.72
0.30 0.67 0.24 0.55 0.34 0.17
0.01 0.87 0.50 0.33 0.19 0.03
0.86 0.07 0.53 0.29 0.36 0.08
0.36 0.12 0.66 0.14 0.10 0.51
0.83 1.00 0.14 0.54 0.25 0.31
0.09 0.29 0.09 0.15 0.02 0.29
0.30 0.77 0.03 0.56 0.68 0.09
0.65 0.20 0.29 0.59 0.06 0.96
0.08 0.43 0.14 0.51 0.48 0.26
0.08 0.96 0.12 0.82 0.25 0.45
0.77 0.79 0.33 0.90 0.40 0.02
0.30 0.13 0.07 0.46 0.45 0.34
0.45 0.40 0.04 0.02 0.11 0.75
0.80 0.33 0.11 0.46 0.20 0.21
0.73 0.33 0.38 0.58 0.21 0.23
0.35 0.16 0.04 0.89 0.22 0.83
0.26 0.17 0.14 0.57 0.16 0.60
0.46 0.97 0.01 0.47 0.11 0.76
0.08 0.19 0.44 0.73 0.09 0.26
0.75 0.20 0.05 0.02 0.34 0.85
0.32 0.37 0.47 0.03 0.31 0.19
0.05 0.61 0.99 0.24 0.08 0.68
0.11 0.18 0.34 0.78 0.10 0.88
0.06 0.17 0.28 0.40 0.75 0.81
0.15 0.43 0.63 0.49 0.04 0.22
0.70 0.63 0.25 0.06 0.63 0.11
0.17 0.25 0.41 0.32 0.09 0.51
0.92 0.10 0.19 0.14 0.45 0.69
0.05 0.26 0.15 0.45 0.41 0.04
0.93 0.86 0.10 0.86 0.89 0.04
0.24 0.89 0.03 0.32 0.73 0.13
0.92 0.65 0.03 0.72 0.06 0.09
0.14 0.44 0.04 0.81 0.47 0.44
0.11 0.25 0.76 0.18 0.97 0.39
0.75 0.54 0.52 0.23 0.19 0.05
0.29 0.01 0.97 0.12 0.27 0.07
0.67 0.28 0.29 0.36 0.42 0.85
0.05 0.93 0.11 1.00 0.98 0.90
0.02 0.10 0.22 0.63 0.05 0.25
0.92 0.15 0.50 0.13 0.89 0.35
0.70 0.24 0.17 0.27 0.31 0.35
0.14 0.25 0.04 0.59 0.98 0.85
0.01 0.63 0.67 0.14 0.05 0.42
0.78 0.37 0.01 0.53 0.22 0.06
0.41 0.11 0.87 0.21 0.46 0.41
0.47 0.22 0.20 0.29 0.05 0.16
0.57 0.76 0.56 0.43 0.18 0.01
0.45 0.76 0.77 0.02 0.20 0.54
0.44 0.41 0.03 0.40 0.07 0.95
0.74 0.02 0.89 0.48 0.29 0.36
0.99 0.01 0.48 0.35 0.81 0.08
0.23 0.46 0.20 0.20 0.87 0.13
0.12 0.59 0.22 0.10 0.11 0.71
0.38 0.88 0.03 0.19 0.89 0.17
0.45 0.69 0.29 0.61 0.85 0.02
0.39 0.19 0.28 0.19 0.20 0.22
0.54 0.98 0.44 0.22 0.59 0.05
0.96 0.06 0.90 0.54 0.14 0.06
0.18 0.19 0.20 0.12 0.02 0.64
0.66 0.03 0.13 0.92 0.71 0.76
0.45 0.51 0.13 0.09 0.49 0.03
0.50 0.11 0.26 0.10 0.40 0.09
0.56 0.39 0.47 0.06 0.28 0.24
0.49 0.47 0.84 0.01 0.04 0.98
0.07 0.10 0.63 0.82 0.11 0.07
0.41 0.64 0.11 0.05 0.52 0.34
0.22 0.41 0.09 0.18 0.40 0.20
0.94 0.19 0.15 0.59 0.91 0.31
0.26 0.68 0.55 0.20 0.26 0.16
0.21 0.46 0.70 0.34 0.21 0.08
0.37 0.38 0.77 0.57 0.24 0.01
0.49 0.21 0.44 0.75 0.75 0.13
0.24 0.22 0.28 0.04 0.75 0.40
0.14 0.67 0.08 0.52 0.89 0.80
0.33 0.08 0.03 0.08 0.93 0.15
0.16 0.69 0.65 0.02 0.27 0.44
0.11 0.31 0.10 0.29 0.23 0.01
0.11 0.61 0.49 0.12 0.47 0.14
0.04 0.11 0.89 0.97 0.80 0.13
0.22 0.58 0.04 0.58 0.72 0.25
0.86 0.43 0.09 0.42 0.37 0.06
0.41 0.86 0.02 0.25 0.60 0.25
0.91 0.91 0.61 0.01 0.26 0.92
0.51 0.05 0.36 0.83 0.37 0.13
0.33 0.97 0.48 0.14 0.15 0.08
0.03 0.09 0.24 0.23 0.11 0.20
0.41 0.59 0.02 0.53 0.15 0.51
0.04 0.05 0.44 0.85 0.30 0.13
0.50 0.45 0.82 0.25 0.01 0.18
0.50 0.06 0.74 0.82 0.11 0.29
0.36 0.04 0.54 0.59 0.84 0.24
0.52 0.23 0.55 0.05 0.60 0.85
0.75 0.02 0.41 0.07 0.87 0.72
0.43 0.09 0.41 0.69 0.37 0.02
0.03 0.67 0.22 0.61 0.43 0.64
0.57 0.38 0.44 0.03 0.42 0.05
0.04 0.02 0.43 0.48 0.44 0.44
0.42 0.41 0.35 0.03 0.33 0.95
0.30 0.12 0.46 0.80 0.45 0.02
0.45 0.07 0.02 0.32 0.18 0.42
0.94 0.04 0.63 0.75 0.40 0.28
0.67 0.01 0.81 0.30 0.96 0.73
0.63 0.39 0.20 0.21 0.08 0.09
0.21 0.67 0.11 0.07 0.09 0.47
0.02 0.18 0.22 0.60 0.86 0.62
0.37 0.06 0.33 0.05 0.04 0.47
0.38 0.02 0.83 0.44 0.24 0.87
0.03 0.72 0.31 0.08 0.39 0.34
0.72 0.86 0.72 0.09 0.05 0.38
0.87 0.28 0.42 0.09 0.34 0.21
0.32 0.37 0.01 0.07 0.97 0.93
0.07 0.73 0.06 0.59 0.96 0.97
0.91 0.41 0.69 0.14 0.03 0.31
0.29 0.09 0.77 0.65 0.08 0.46
0.15 0.13 0.04 0.45 0.05 0.40
0.09 0.53 0.06 0.15 0.90 0.02
0.19 0.27 0.02 0.26 0.46 0.02
0.48 0.52 0.12 0.10 0.83 0.63
0.80 0.08 0.30 0.93 0.58 0.10
0.69 0.45 0.64 0.01 0.12 0.32
0.60 0.11 0.82 0.83 0.02 0.27
0.93 0.67 0.25 0.03 0.45 0.16
0.47 0.03 0.48 0.12 0.39 1.00
0.12 1.00 0.03 0.02 0.46 0.90
0.19 0.08 0.45 0.39 0.99 0.84
0.36 0.33 0.24 0.04 0.65 0.85
0.24 0.42 0.52 0.37 0.09 0.13
0.44 0.46 0.05 0.39 0.21 0.23
0.24 0.42 0.15 0.23 0.99 0.07
0.27 0.05 0.03 0.87 0.43 0.98
0.87 0.23 0.96 0.97 0.19 0.05
0.33 0.02 0.30 0.07 0.68 0.73
0.79 0.13 0.16 0.72 0.18 0.34
0.35 0.50 0.77 0.04 0.15 0.13
0.80 0.26 0.09 0.14 0.55 0.41
0.31 0.86 0.02 0.05 0.55 0.87
0.43 0.13 0.14 0.09 0.41 0.05
0.13 0.96 0.17 0.68 0.04 0.27
0.24 0.75 0.25 0.11 0.14 0.14
0.01 0.60 0.47 0.56 0.37 0.63
0.17 0.40 0.63 0.88 0.08 0.18
0.32 0.41 0.08 0.33 0.22 0.56
0.22 0.67 0.08 0.79 0.01 0.92
0.93 0.28 0.37 0.28 0.02 0.22
0.03 0.01 0.23 0.81 0.32 0.90
0.08 0.61 0.86 0.07 0.90 0.02
0.31 0.85 0.08 0.30 0.09 0.28
0.34 0.11 0.15 0.21 0.48 0.29
0.23 0.11 0.21 0.66 0.69 0.90
0.43 0.10 0.74 0.04 0.03 0.38
0.01 0.68 0.28 0.52 0.06 0.76
0.43 0.21 0.76 0.29 0.45 0.04
0.14 0.68 0.08 0.75 0.78 0.77
0.71 0.93 0.13 0.03 0.92 0.11
0.05 0.36 0.89 0.01 0.05 0.36
0.04 0.47 0.08 0.30 0.50 0.89
0.49 0.38 0.04 0.20 0.88 0.03
0.25 0.34 0.16 0.26 0.22 0.07
0.46 0.44 0.64 0.01 0.57 0.76
0.30 0.67 0.30 0.03 0.28 0.01
0.61 0.75 0.55 0.60 0.01 0.97
0.19 0.16 0.06 0.32 0.19 0.27
