0.60 0.77 0.17 0.21 0.73 0.34
0.49 0.84 0.24 0.40 0.37 0.49
0.40 0.42 0.03 0.48 0.40 0.02
0.13 0.92 0.18 0.22 0.65 0.24
0.09 0.97 0.09 0.23 0.03 0.65
0.39 0.23 0.94 0.26 0.49 0.09
0.14 0.87 0.01 0.53 0.43 0.22
0.84 0.45 0.17 0.05 0.10 0.25
0.12 0.62 0.18 0.80 0.72 0.23
0.46 0.36 0.02 0.48 0.25 0.50
0.13 0.35 0.48 0.93 0.72 0.27
0.44 0.57 0.19 0.08 0.25 0.10
0.24 0.22 0.48 0.43 0.17 0.12
0.12 0.24 0.08 0.83 0.08 0.48
0.08 0.14 0.40 0.69 0.30 0.89
0.49 0.15 0.63 0.31 0.22 0.02
0.36 0.97 0.06 0.70 0.50 0.18
0.27 0.08 0.42 0.47 0.30 0.17
0.40 0.19 0.21 0.10 0.49 0.41
0.98 0.34 0.34 0.41 0.19 0.70
0.20 0.79 0.09 0.14 0.91 0.83
0.04 0.17 0.27 0.86 0.99 0.54
0.97 0.33 0.88 0.64 0.20 0.10
0.32 0.62 0.91 0.68 0.81 0.04
0.29 0.37 0.20 0.18 0.03 0.40
0.60 0.01 0.40 0.46 0.57 0.53
0.14 0.44 0.39 0.30 0.44 0.13
0.39 0.60 0.73 0.05 0.61 0.13
0.82 0.87 0.25 0.59 0.02 0.78
0.01 0.83 0.36 0.25 0.41 0.42
0.16 0.10 0.60 0.34 0.86 0.10
0.11 0.19 0.25 0.41 0.23 0.58
0.21 0.17 0.09 0.45 0.74 0.34
0.05 0.13 0.77 0.56 0.74 0.31
0.75 0.67 0.63 0.02 0.01 0.29
0.36 0.08 0.10 0.47 0.16 0.57
0.33 0.07 0.27 0.55 0.10 0.88
0.38 0.17 0.40 0.24 0.41 0.63
0.75 0.06 0.52 0.19 0.29 0.16
0.79 0.05 0.29 0.46 0.31 0.29
0.25 0.22 0.25 0.26 0.19 0.54
0.01 0.22 0.85 0.49 0.71 0.13
0.76 0.21 0.47 0.37 0.01 0.41
0.10 0.73 0.33 0.95 0.09 0.02
0.71 0.38 0.57 0.89 0.97 0.05
0.31 0.22 0.46 0.42 0.19 0.34
0.08 0.53 0.43 0.42 0.09 0.30
0.03 0.07 0.86 0.69 0.87 0.09
0.02 0.43 0.34 0.18 0.76 0.70
0.31 0.77 0.20 0.01 0.47 0.11
0.68 0.94 0.43 0.07 0.41 0.29
0.65 0.05 0.89 0.02 0.34 0.51
0.08 0.32 0.61 0.36 0.97 0.71
0.32 0.48 0.82 0.08 0.41 0.47
0.06 0.66 0.07 0.57 0.45 0.89
0.03 0.33 0.18 0.11 0.83 0.12
0.04 0.26 0.38 0.89 0.47 0.29
0.27 0.34 0.74 0.10 0.70 0.29
0.10 0.66 0.25 0.43 0.68 0.10
0.64 0.36 0.80 0.06 0.45 0.70
0.69 0.17 0.52 0.02 0.69 0.40
0.70 0.49 0.10 0.37 0.50 0.23
0.48 0.46 0.10 0.05 0.03 0.02
0.08 0.99 0.84 0.01 0.31 0.91
0.43 0.17 0.08 0.52 0.14 0.29
0.20 0.01 0.39 0.15 0.97 0.61
0.02 0.51 0.52 0.46 0.65 0.04
0.39 0.36 0.14 0.78 0.30 0.42
0.28 0.31 0.13 0.35 0.24 0.51
0.96 0.27 0.33 0.43 0.26 0.07
0.14 0.20 0.12 0.15 1.00 0.33
0.52 0.04 0.59 0.96 0.16 0.86
0.80 0.47 0.05 0.21 0.37 0.59
0.37 0.45 0.85 0.83 0.07 0.21
0.20 0.50 0.64 0.35 0.27 0.83
0.70 0.14 0.28 0.41 0.20 0.05
0.45 0.29 0.36 0.11 0.02 0.38
0.12 0.10 0.16 0.83 0.49 0.02
0.15 0.15 0.56 0.07 0.18 0.40
0.55 0.01 0.77 0.69 0.81 0.66
0.26 0.40 0.04 0.05 0.27 0.23
0.46 0.18 0.30 0.64 0.39 0.05
0.89 0.33 0.27 0.23 0.22 0.45
0.62 1.00 0.40 0.03 0.45 0.75
0.98 0.30 0.15 0.46 0.74 0.07
0.47 0.32 0.46 0.55 0.08 0.23
0.14 0.32 0.21 0.55 0.50 0.02
0.01 0.59 0.05 0.03 0.46 0.91
0.83 0.11 0.85 0.10 0.75 0.47
0.37 0.58 0.47 0.25 0.36 0.13
0.46 0.51 0.80 0.27 0.29 0.13
0.39 0.05 0.46 0.70 0.44 0.27
0.78 0.06 0.73 0.66 0.15 0.63
0.25 0.29 0.59 0.03 0.39 0.03
0.79 0.91 0.03 0.33 0.41 0.96
0.43 0.81 0.51 0.01 0.10 0.46
0.01 0.08 0.79 0.80 0.73 0.21
0.03 0.32 0.81 0.81 0.30 0.08
0.06 0.45 0.92 0.36 0.06 0.10
0.05 0.16 0.81 0.94 0.22 0.87
0.05 0.30 0.26 0.13 0.29 0.46
0.17 0.97 0.99 0.03 0.70 0.61
0.25 0.62 0.55 0.01 0.25 0.94
0.74 0.12 0.31 0.36 0.09 0.21
0.77 0.03 0.61 0.03 0.76 0.34
0.30 0.23 0.95 0.45 0.92 0.03
0.60 0.17 0.35 0.18 0.34 0.37
0.09 0.33 0.44 0.35 0.76 0.01
0.44 0.37 0.06 0.41 0.81 0.38
0.64 0.22 0.94 0.29 0.10 0.79
0.12 0.76 0.90 0.38 0.42 0.26
0.37 0.11 1.00 0.15 0.55 0.11
0.39 0.90 0.50 0.14 0.20 0.36
0.25 0.07 0.61 0.96 0.15 0.05
0.20 0.02 0.33 0.93 0.32 0.06
0.52 0.65 0.47 0.27 0.11 0.01
0.38 0.36 0.23 0.06 0.21 0.42
0.27 0.06 0.87 0.75 0.50 0.95
0.04 0.42 0.02 0.75 0.51 0.97
0.10 0.92 0.82 0.51 0.01 0.54
0.04 0.06 0.28 0.48 0.20 0.45
0.10 1.00 0.53 0.22 0.25 0.14
0.01 0.41 0.19 0.24 0.41 0.68
0.41 0.01 0.57 0.58 0.27 0.97
0.25 0.11 0.19 0.32 0.48 0.09
0.88 0.27 0.17 0.38 0.86 0.20
0.12 0.52 0.85 0.66 0.52 0.13
0.51 0.50 0.44 0.32 0.02 0.34
0.08 0.04 0.63 0.98 0.03 0.87
0.28 0.11 0.03 0.12 0.86 0.87
0.09 0.28 0.39 0.40 0.63 0.70
0.34 0.78 0.03 0.25 0.74 0.90
0.28 0.51 0.01 0.93 0.43 0.16
0.04 0.61 0.69 0.44 0.17 0.29
0.21 0.15 0.93 0.46 0.38 0.18
0.32 0.07 0.23 0.54 0.84 0.59
0.03 0.32 0.42 0.63 0.18 0.20
0.10 0.22 0.59 0.17 0.85 0.38
0.49 0.41 0.10 0.87 0.41 0.17
0.14 0.82 0.97 0.18 0.41 0.06
0.25 0.03 0.09 0.22 0.19 0.10
0.10 0.50 0.55 0.28 0.32 0.10
0.89 0.12 0.97 0.22 0.12 0.94
0.11 0.35 0.08 0.26 0.31 0.13
0.73 0.59 0.84 0.01 0.61 0.96
0.12 0.93 0.03 0.41 0.71 0.08
0.11 0.12 0.19 0.06 0.45 0.62
0.42 0.44 0.74 0.87 0.02 0.47
0.68 0.02 0.79 0.37 0.18 0.18
0.46 0.49 0.16 0.98 0.07 0.49
0.99 0.45 0.18 0.10 0.03 0.79
0.03 0.29 0.84 0.19 0.08 0.37
0.22 0.25 0.45 0.23 0.11 0.39
0.03 0.53 0.61 0.55 0.68 0.03
0.22 0.82 0.10 0.64 0.08 0.14
0.16 0.67 0.15 0.31 0.04 0.11
0.73 0.29 0.41 0.50 0.03 0.09
0.04 0.46 0.05 0.91 0.25 0.26
0.03 0.09 0.81 0.64 0.64 0.92
0.13 0.41 0.18 0.04 0.08 0.23
0.51 0.33 0.54 0.09 0.03 0.51
0.45 0.11 0.01 0.16 0.03 0.28
0.06 0.88 0.08 1.00 0.23 0.34
0.21 0.96 0.57 0.59 0.40 0.06
0.04 0.86 0.83 0.79 0.02 0.77
0.03 0.26 0.19 0.09 0.52 1.00
0.06 0.32 0.87 0.72 0.39 0.04
0.47 0.94 0.10 0.56 0.16 0.21
0.22 0.08 0.29 0.11 0.08 0.39
0.45 0.10 0.24 0.71 0.69 0.03
0.02 0.11 0.26 0.94 0.71 0.31
0.01 0.30 0.49 0.59 0.44 0.89
0.12 0.85 0.32 0.21 0.03 0.98
0.05 0.09 0.41 0.36 0.34 0.25
0.75 0.29 0.84 1.00 0.48 0.01
0.14 0.76 0.76 0.63 0.27 0.13
0.13 0.15 0.14 0.50 0.43 0.38
0.35 0.56 0.60 0.02 0.80 0.54
0.76 0.17 0.16 0.32 0.41 0.09
0.50 0.27 0.12 0.19 0.47 0.15
0.92 0.51 0.14 0.03 0.48 0.86
0.10 0.44 0.85 0.17 0.18 0.15
0.85 0.90 0.01 0.33 0.52 0.16
0.27 0.78 0.01 0.66 0.19 0.29
0.55 0.40 0.30 0.14 0.19 0.38
0.03 0.46 0.66 0.36 0.04 0.65
0.03 0.11 0.10 0.07 0.18 0.17
0.87 0.37 0.11 0.96 0.86 0.07
0.51 0.10 0.05 0.05 0.19 0.69
0.66 0.06 0.45 0.07 0.78 0.73
0.32 0.42 0.01 0.55 0.77 0.95
0.15 0.52 0.33 0.29 0.10 0.04
0.33 0.77 0.32 0.01 0.18 0.44
0.09 0.25 0.17 0.28 0.02 0.04
0.08 0.02 0.19 0.60 0.85 0.95
0.93 0.69 0.44 0.04 0.04 0.33
0.08 0.83 0.54 0.27 0.08 0.13
0.39 0.23 0.22 0.47 0.53 0.05
0.88 0.71 1.00 0.01 0.97 0.65
0.02 0.25 0.56 0.31 0.50 0.12
0.07 0.35 0.11 0.17 0.27 0.14
0.21 0.26 0.15 0.18 0.07 0.46
0.65 0.78 0.14 0.01 0.22 0.45
0.54 0.65 0.93 0.93 0.01 0.78
0.01 0.64 0.19 0.21 0.70 0.33
0.12 0.50 0.15 0.36 0.89 0.10
0.07 0.44 0.17 0.50 0.10 0.60
0.07 0.03 0.16 0.54 0.75 0.05
0.01 0.39 0.55 0.30 0.18 0.49
0.88 0.04 0.38 0.02 0.44 0.89
0.70 0.01 0.29 0.88 0.73 0.59
0.51 0.38 0.03 0.37 0.35 0.02
0.32 0.26 0.23 0.94 0.06 0.02
0.23 0.01 0.14 0.77 0.07 0.81
0.02 0.84 0.01 0.43 0.36 0.39
0.06 0.72 0.57 0.95 0.17 0.56
0.81 0.09 0.96 0.74 0.05 0.43
0.14 0.26 0.06 0.50 0.39 0.43
0.19 0.09 0.14 0.32 0.06 0.71
0.66 0.04 0.46 0.05 0.07 0.08
0.65 0.62 0.50 0.02 0.60 0.33
0.05 0.12 0.53 0.71 0.10 0.07
0.44 0.58 0.02 0.43 0.02 0.44
0.14 0.02 0.01 0.46 0.28 0.09
0.56 0.32 0.42 0.02 0.55 0.81
0.01 0.63 0.83 0.51 0.74 0.48
0.13 0.20 0.94 0.02 0.86 0.22
0.13 0.33 0.43 0.02 0.01 0.30
0.12 0.62 0.07 0.47 0.30 0.07
0.24 0.01 0.63 0.40 0.90 0.60
