300 6
6 57 4 8 85 100
81 88 64 77 65 94
34 66 68 16 53 97
93 66 89 57 98 53
53 90 88 59 44 73
77 30 55 73 57 84
98 84 52 65 82 66
55 69 64 63 100 25
89 59 65 50 60 80
90 60 60 97 100 19
77 54 80 70 53 70
57 53 61 73 61 72
99 99 52 54 100 65
14 37 83 53 97 55
89 4 35 74 65 10
78 90 64 51 45 79
73 31 69 80 80 10
76 54 77 25 67 41
63 63 66 88 4 49
32 77 74 67 56 70
9 95 49 41 66 90
40 67 98 11 65 18
70 82 39 83 88 29
70 47 75 69 1 74
100 53 72 70 59 69
98 78 45 1 36 69
84 81 29 76 87 99
81 67 51 66 13 59
73 54 58 91 86 69
79 76 49 77 87 99
56 75 88 3 53 60
18 69 41 55 34 19
86 91 25 85 13 37
68 80 50 73 53 14
100 53 28 54 29 98
85 21 83 87 37 56
97 72 74 74 28 56
15 17 74 54 41 80
89 63 30 87 2 44
60 15 99 97 69 19
25 51 43 67 91 15
69 57 5 100 68 52
32 86 11 95 30 87
79 59 64 16 43 69
3 56 83 8 95 92
68 41 96 59 4 69
3 21 65 1 8 76
58 91 65 28 76 15
45 67 85 74 79 5
51 13 85 85 63 42
89 67 69 58 99 59
67 60 72 87 53 62
5 28 99 32 90 56
53 28 30 36 20 93
9 73 53 75 42 90
93 83 80 52 81 16
57 62 49 51 71 41
80 62 48 87 6 51
43 33 40 78 14 70
91 57 88 60 36 73
64 82 55 39 60 82
83 31 63 58 85 70
67 96 61 21 96 70
51 44 6 93 59 59
85 53 51 34 16 19
82 5 15 68 94 60
55 49 6 89 61 76
72 62 96 47 76 25
17 57 65 81 37 50
71 82 5 100 51 94
67 83 40 72 60 71
58 58 98 60 93 69
63 93 57 63 78 4
86 79 12 16 68 56
59 33 62 96 77 52
75 89 71 33 58 58
55 78 56 58 17 2
3 57 35 55 89 94
59 69 67 17 94 8
31 98 86 32 94 62
52 42 65 54 99 8
98 5 98 67 6 52
59 43 83 22 29 34
62 3 61 75 17 58
97 32 99 59 76 75
92 59 90 71 44 14
1 54 89 66 67 78
53 97 89 54 58 66
74 15 54 72 74 65
95 14 94 65 54 55
69 79 55 32 91 99
74 59 63 42 76 72
84 96 54 51 1 84
39 84 68 9 64 53
53 32 54 4 63 77
80 37 1 18 100 74
27 54 30 77 48 74
58 38 58 77 4 15
78 27 96 27 28 51
85 89 1 90 53 89
37 88 59 53 39 50
28 78 66 93 19 33
74 67 55 82 70 52
24 84 25 28 86 87
1 62 84 51 57 22
77 66 45 28 46 50
19 56 95 83 65 28
9 71 85 33 6 12
62 58 27 57 31 96
43 51 52 18 28 56
84 4 96 8 100 41
27 81 7 93 86 69
53 30 55 94 53 80
75 95 55 52 60 52
93 3 92 53 81 77
87 87 97 17 65 16
81 51 95 63 97 3
85 24 82 78 82 57
65 30 36 81 61 80
58 79 29 99 72 56
77 36 44 54 90 54
88 70 82 17 4 96
96 20 90 69 54 72
70 65 3 58 84 96
4 93 68 7 24 61
77 54 90 68 97 13
62 53 21 72 22 58
54 54 59 75 61 51
5 78 61 64 43 84
73 76 12 98 55 69
70 55 57 45 75 7
79 48 48 27 88 60
65 28 99 67 54 67
47 10 91 81 39 27
60 94 64 40 68 14
52 66 76 51 73 8
84 69 18 96 67 54
98 9 48 67 61 64
6 86 55 70 65 97
22 46 92 70 55 74
54 4 71 91 69 93
54 3 16 35 70 81
61 88 78 64 2 88
94 32 1 71 34 63
69 73 66 48 25 74
12 30 59 96 99 68
59 87 3 67 58 96
83 53 55 62 82 55
74 16 17 68 77 23
85 36 55 4 41 59
78 8 87 59 70 68
88 22 77 57 55 71
2 85 57 97 55 53
59 52 67 68 55 53
88 26 62 8 20 73
73 18 52 89 59 71
47 30 29 85 54 81
59 80 52 57 21 69
28 57 69 17 55 30
39 84 7 99 79 84
47 13 85 51 98 67
31 24 95 78 89 74
98 46 95 98 2 87
74 88 1 89 91 83
69 61 88 12 75 65
41 74 38 71 66 95
51 69 97 15 78 54
71 62 69 20 41 51
55 65 84 83 7 58
75 7 78 71 76 13
55 72 87 63 25 8
60 53 63 63 24 82
57 79 12 90 69 70
4 73 24 99 41 89
16 80 37 68 72 72
17 45 97 83 57 61
80 69 16 99 2 2
53 86 32 31 99 48
32 10 67 58 58 83
71 57 3 87 68 55
21 4 7 97 98 94
35 67 39 13 71 71
81 61 21 95 69 46
26 56 51 43 74 64
80 15 87 51 56 60
71 3 78 98 2 79
95 4 74 42 90 71
80 73 55 64 52 7
64 2 89 40 66 77
84 45 42 95 63 54
3 71 59 55 34 90
72 9 58 75 59 31
60 17 68 86 86 38
14 72 67 100 70 23
54 56 82 98 11 26
29 90 53 46 86 60
59 44 92 13 98 71
72 93 60 32 11 99
48 33 53 68 69 74
40 91 87 16 90 52
55 87 31 77 7 62
58 86 3 78 80 73
98 9 89 35 76 34
69 15 87 25 13 53
82 63 57 3 99 53
1 97 21 54 73 77
68 62 21 59 96 54
86 65 68 60 57 12
51 94 24 57 78 51
16 66 57 94 67 89
91 71 2 66 83 53
80 45 61 16 18 90
90 9 75 60 66 94
27 68 92 23 53 31
8 99 53 28 58 48
89 28 54 23 71 62
59 80 27 84 72 61
75 100 61 47 55 8
91 62 55 17 48 52
14 72 67 90 27 75
86 74 66 28 61 45
65 94 97 14 97 18
81 55 57 61 59 42
4 61 84 55 79 60
73 55 13 65 56 62
97 65 51 19 27 78
53 88 5 68 98 93
55 59 53 11 61 63
55 71 18 91 68 72
17 78 51 72 74 88
76 92 1 91 99 76
77 85 52 13 40 70
78 2 70 79 70 81
82 5 94 51 98 63
75 81 68 8 67 42
93 59 60 30 65 13
20 43 87 76 86 69
73 82 11 80 15 81
63 88 6 93 75 55
20 56 95 68 83 63
38 21 72 52 94 31
4 63 87 59 7 61
81 15 12 74 7 14
80 5 56 19 19 89
90 51 70 71 75 42
72 75 46 16 52 53
43 10 60 51 73 80
80 59 1 86 76 82
63 94 58 54 59 27
78 55 4 88 76 40
63 68 47 68 67 56
75 51 78 64 58 41
26 61 63 62 64 76
39 82 78 9 85 40
73 63 1 83 80 93
58 34 86 30 93 74
55 63 100 83 38 48
73 63 55 60 70 3
2 4 5 37 77 63
78 54 73 70 85 5
72 29 57 59 91 50
58 30 66 85 63 57
69 92 79 3 62 74
60 65 42 85 69 66
79 75 79 11 32 61
66 36 71 63 75 42
82 99 92 16 7 80
8 14 31 62 6 58
59 8 85 65 99 44
93 9 55 56 79 54
56 65 100 93 84 16
66 65 4 86 94 82
52 20 40 4 73 80
82 56 72 28 54 11
90 35 55 53 50 77
2 11 41 83 74 93
58 63 51 55 59 34
77 100 73 57 45 16
62 64 39 8 53 80
55 29 58 70 65 51
82 17 51 41 82 51
41 99 4 71 80 81
63 75 19 99 55 96
63 50 69 73 56 55
2 58 99 67 21 72
61 72 98 83 3 82
12 85 72 90 57 11
71 85 32 68 53 12
71 90 91 55 55 7
44 96 83 42 78 23
56 61 67 58 74 38
65 73 7 61 56 60
48 10 62 39 55 63
57 69 41 53 58 66
70 97 99 52 79 2
89 12 55 53 54 77
55 79 100 22 4 61
98 85 24 82 27 6
56 80 67 54 27 64
43 39 26 79 92 9
