300 6
0.90 0.41 0.90 0.95 0.82 0.78
0.96 0.59 0.55 0.86 0.51 0.69
0.41 0.63 0.61 0.88 0.97 0.77
0.54 0.86 0.64 0.84 0.78 0.92
0.58 0.70 0.95 0.72 0.82 0.60
0.55 0.92 0.57 0.03 0.86 0.76
0.49 0.77 0.18 0.63 0.78 0.47
0.92 0.49 0.73 0.61 0.88 0.56
0.76 0.68 0.92 0.94 0.78 0.57
0.78 0.81 0.07 0.69 0.61 0.70
0.85 0.93 0.69 0.18 0.78 0.10
0.62 0.57 0.46 0.74 0.62 0.73
0.89 0.46 0.78 0.47 0.96 0.66
0.70 0.07 0.85 0.18 0.60 0.42
0.58 0.64 0.50 0.65 0.32 0.52
0.85 0.90 0.65 0.62 0.65 0.92
0.38 0.90 0.40 1.00 0.49 0.68
0.40 0.22 0.69 0.13 0.53 0.82
0.53 0.44 0.81 0.77 0.02 0.86
0.37 0.79 0.14 0.55 0.43 0.42
0.77 0.68 0.51 0.81 0.56 0.01
0.48 0.63 0.81 0.53 0.47 0.83
0.48 0.59 0.45 0.93 0.97 0.77
0.08 0.98 0.65 0.68 0.70 0.98
0.57 0.17 0.07 0.91 0.63 0.85
0.11 0.31 0.53 0.63 0.05 0.53
0.85 0.63 0.91 0.94 0.02 0.84
0.60 0.76 0.84 0.08 0.86 0.67
0.74 0.49 0.55 0.05 0.83 0.54
0.82 0.55 0.24 0.80 0.48 0.54
0.54 0.50 0.02 0.50 0.87 0.68
0.85 0.64 0.98 0.79 0.66 0.02
0.74 0.54 0.97 0.03 0.86 0.56
0.74 0.55 0.68 0.02 0.56 0.31
0.25 0.69 0.12 0.43 0.83 0.62
0.69 0.43 0.69 0.76 0.52 0.44
0.63 0.10 0.86 0.71 0.45 0.72
0.79 0.59 0.64 0.55 0.99 0.52
0.77 0.68 0.62 0.44 0.77 0.84
0.55 1.00 0.77 0.48 0.26 0.58
0.09 0.17 0.48 0.80 0.21 0.55
0.59 0.71 0.66 0.08 0.06 0.61
0.68 0.85 0.32 0.73 0.55 0.23
0.87 0.58 0.92 0.02 0.44 0.41
0.10 0.05 0.63 0.54 0.19 0.89
0.11 0.60 0.47 0.18 0.93 0.52
0.93 1.00 0.62 0.43 0.41 0.78
0.86 0.21 0.63 0.57 0.50 0.65
0.70 0.02 0.83 0.07 0.92 0.63
0.91 0.92 0.05 0.88 0.15 0.63
0.83 0.66 0.47 0.37 0.55 0.77
0.47 0.03 0.66 0.94 0.48 0.65
0.06 0.98 0.74 0.78 0.60 0.88
0.79 0.54 0.62 0.47 0.75 0.57
0.61 0.42 0.50 0.58 0.64 0.53
0.78 0.11 0.77 0.31 0.25 0.08
0.75 0.74 0.06 0.91 0.79 0.56
0.15 0.78 0.81 0.52 0.73 0.70
0.98 0.61 0.04 0.78 0.73 0.65
0.83 0.90 0.77 0.71 0.06 0.09
0.68 0.33 0.95 0.82 0.44 0.37
0.84 0.73 0.88 0.78 0.78 0.06
0.25 0.07 0.49 0.32 0.78 1.00
0.54 0.71 0.87 0.03 0.54 0.84
0.44 0.79 0.88 0.99 0.64 0.12
0.07 0.69 0.39 0.95 0.91 0.72
0.09 0.65 0.86 0.61 0.78 0.96
0.95 0.54 0.13 0.81 0.73 0.79
0.72 0.81 0.16 0.33 0.65 0.26
0.70 0.95 0.55 0.34 0.90 0.82
0.87 0.61 0.10 0.90 0.73 0.60
0.36 0.63 0.28 0.94 0.57 0.62
1.00 0.40 0.86 0.97 0.76 0.04
0.67 0.55 0.61 0.51 0.55 0.31
0.64 0.85 0.59 0.22 0.81 0.41
0.96 0.13 0.74 0.76 1.00 0.52
0.21 0.08 0.13 0.83 0.92 0.98
0.74 0.59 0.81 0.55 0.53 0.65
0.59 0.75 0.52 0.59 0.40 0.59
0.71 0.36 0.52 0.68 0.89 0.72
0.57 0.74 0.49 0.36 0.85 0.59
0.88 0.70 0.65 0.61 0.71 0.02
0.89 0.15 0.51 0.68 0.86 0.04
0.78 0.63 0.66 0.53 0.20 0.64
0.54 0.66 0.24 0.66 0.23 0.59
0.93 0.06 0.78 0.61 0.34 0.74
0.95 0.92 0.51 0.17 0.52 0.49
0.95 0.90 0.44 0.98 0.43 0.36
0.86 0.67 0.51 0.92 0.61 0.26
0.97 0.55 0.02 0.85 0.51 0.86
0.63 0.91 0.08 0.98 0.66 0.77
0.55 0.65 0.99 0.75 0.06 0.17
0.09 0.87 0.80 0.66 0.99 0.01
0.65 0.84 0.69 0.29 0.61 0.55
0.46 0.02 0.77 0.66 0.82 0.39
0.89 0.52 0.58 0.62 0.62 0.81
0.54 0.65 0.11 0.61 0.78 0.78
0.88 0.52 0.51 0.02 0.35 0.82
0.50 0.97 0.63 0.03 0.65 0.58
0.72 0.77 0.78 0.91 0.16 0.51
0.65 0.54 0.70 0.58 0.54 0.62
0.88 0.67 0.20 0.24 0.73 0.78
0.93 0.09 0.22 0.29 0.29 1.00
0.68 0.89 0.23 0.16 0.91 0.83
0.75 0.69 0.77 0.32 0.45 0.75
0.22 0.85 0.91 0.21 0.56 0.69
0.62 0.41 0.14 0.73 0.77 0.18
0.18 0.25 0.26 0.97 0.71 0.82
0.23 0.69 0.23 0.65 0.84 0.64
0.67 0.87 0.26 0.91 0.61 0.18
0.52 0.53 0.32 0.67 0.30 1.00
0.71 0.78 0.25 0.29 0.73 0.74
0.06 0.34 0.59 0.69 0.98 0.99
0.62 0.49 0.64 0.16 0.84 0.65
0.11 0.51 0.66 0.52 0.85 0.91
0.52 0.53 0.95 0.76 0.66 0.51
0.67 0.06 0.62 0.57 0.74 0.66
0.65 0.03 0.97 0.74 0.65 0.64
1.00 0.56 0.66 0.53 0.37 0.32
0.65 0.60 0.52 0.34 0.11 0.57
0.52 0.79 0.84 0.53 0.69 0.51
0.76 0.61 0.25 0.95 0.57 0.98
0.75 0.18 0.44 0.71 0.87 0.63
0.89 0.22 0.20 0.36 0.92 0.89
0.80 0.58 0.53 0.61 0.24 0.72
0.34 0.90 0.99 0.36 0.63 0.16
0.55 0.95 0.81 0.60 0.55 0.13
0.18 0.70 0.84 0.70 0.96 0.15
0.60 0.64 0.93 0.52 0.56 0.13
0.94 0.56 0.59 0.21 0.81 0.12
0.52 0.62 0.97 0.59 0.89 0.24
0.81 0.40 0.42 0.38 0.34 0.53
0.28 0.88 0.64 0.53 0.65 0.74
0.82 0.29 0.52 0.52 1.00 0.61
0.86 0.44 0.41 0.82 0.40 0.73
0.56 0.73 0.02 0.77 0.65 0.72
0.64 0.60 0.57 0.68 0.04 0.68
0.91 0.02 0.93 0.14 0.56 0.98
0.63 0.52 0.75 0.06 0.83 0.57
0.01 0.77 0.86 0.59 0.77 0.68
0.85 0.98 0.36 0.57 0.70 0.20
0.89 0.41 0.15 0.64 0.92 0.55
0.99 0.52 0.73 0.41 0.13 0.89
0.52 0.82 0.90 0.60 0.08 0.79
0.86 0.63 0.52 0.64 0.87 0.09
0.36 0.81 0.43 0.62 1.00 0.40
0.31 0.86 0.31 0.29 0.36 0.87
0.82 0.42 0.26 0.25 0.98 0.87
0.59 0.24 0.96 0.40 0.58 0.30
0.76 0.04 0.68 0.42 0.46 0.57
0.74 0.80 0.18 0.01 0.52 0.68
0.77 0.96 0.63 0.03 0.67 0.05
0.09 0.56 0.29 0.96 0.71 0.07
0.82 0.17 0.06 0.54 0.86 0.12
0.21 0.78 0.88 0.54 0.60 0.52
0.96 0.68 0.19 0.89 0.55 0.93
0.98 0.75 0.05 0.69 0.89 0.35
0.16 0.91 0.62 0.60 0.61 0.98
0.06 0.03 0.59 0.60 0.54 0.72
0.18 0.54 0.69 0.78 0.65 0.15
0.77 0.81 0.68 0.75 0.39 0.47
0.75 0.29 0.91 0.67 0.45 0.61
0.68 0.54 0.97 0.60 0.92 0.25
0.54 0.40 0.20 1.00 0.51 0.35
0.56 0.48 0.56 0.52 0.93 0.54
0.63 0.25 0.46 0.54 0.96 0.12
0.99 0.39 0.28 1.00 0.75 0.58
0.31 0.58 0.94 0.12 0.77 0.53
0.99 0.90 0.76 0.95 0.52 0.29
0.54 0.79 0.98 0.02 0.64 0.08
0.52 0.81 0.69 0.32 0.60 0.67
0.71 0.81 0.13 0.94 0.50 0.68
0.67 0.81 0.34 0.90 0.09 0.51
0.68 0.20 0.90 0.54 0.87 0.79
0.55 0.85 0.15 0.18 0.84 0.43
0.67 0.89 0.87 0.70 0.84 0.11
0.59 0.61 0.58 0.59 0.83 0.80
0.64 0.75 0.27 0.59 0.57 0.22
0.53 0.85 0.70 0.43 0.41 0.69
0.20 0.99 0.68 0.87 0.78 0.35
0.07 0.78 0.43 0.52 0.01 0.76
0.98 0.61 0.91 0.89 0.22 0.18
0.62 0.62 0.59 0.27 0.41 0.47
0.17 0.94 0.88 0.06 0.56 0.68
0.95 0.44 0.11 0.81 0.12 0.03
0.90 0.74 0.53 0.65 0.55 0.14
0.67 0.52 0.33 0.90 0.60 0.90
0.02 0.15 0.12 0.76 0.91 0.35
0.61 0.52 0.63 0.84 0.67 0.14
0.69 0.95 0.78 0.82 0.79 0.03
0.63 0.81 0.81 0.53 0.23 0.02
0.15 0.89 0.21 0.85 0.48 0.78
0.20 0.68 0.51 0.85 0.54 0.20
0.69 0.40 0.65 0.60 0.53 0.66
0.65 0.38 0.36 0.57 0.85 0.97
0.49 0.42 0.71 0.62 0.94 0.60
0.55 0.79 0.87 0.15 0.95 0.70
0.44 0.96 0.32 0.82 1.00 0.24
0.49 0.60 0.67 0.59 0.68 0.56
0.55 0.53 0.85 0.35 0.82 0.52
0.65 0.05 0.55 0.59 0.66 0.61
0.82 0.84 0.02 0.73 0.55 0.77
0.69 0.60 0.14 0.49 0.67 0.69
0.66 0.15 0.61 0.47 0.76 0.90
0.70 0.94 0.71 0.86 0.63 0.17
0.66 0.85 0.51 0.23 0.58 0.89
0.36 0.61 0.29 0.60 0.54 1.00
0.68 0.10 0.70 0.78 0.13 0.95
0.63 0.73 0.19 0.75 0.75 0.86
0.53 0.60 0.04 0.16 0.21 0.57
0.14 0.35 0.69 0.53 0.86 0.84
0.69 0.53 0.94 0.15 0.26 0.86
0.44 0.71 0.88 0.48 0.09 0.64
0.67 0.86 0.42 0.28 0.66 0.28
0.77 0.33 0.95 0.92 0.05 0.31
0.36 0.51 0.94 0.68 0.88 0.33
0.62 0.58 0.79 0.56 0.57 0.66
0.77 0.94 0.44 0.01 0.89 0.57
0.66 0.68 0.66 0.62 0.19 0.50
0.64 0.53 0.98 0.59 0.84 0.19
0.61 0.91 0.88 0.02 0.79 0.71
0.63 0.12 0.75 0.89 0.84 0.56
0.61 0.21 0.46 0.71 0.86 0.41
0.80 0.40 0.83 0.13 0.70 0.72
0.99 0.55 0.09 0.72 0.61 0.92
0.77 0.79 0.07 0.05 0.92 0.66
0.81 0.51 0.62 0.79 0.01 0.52
0.64 0.57 0.09 0.26 0.93 0.80
0.52 0.97 0.57 0.50 0.73 0.58
0.04 0.55 0.81 0.02 0.21 0.28
0.88 0.33 0.12 0.99 0.81 0.44
0.34 0.99 0.30 0.98 0.68 0.77
0.41 0.64 0.52 0.22 0.60 0.82
0.78 0.07 0.20 0.92 0.04 0.81
0.54 0.01 0.23 0.52 0.63 0.78
0.54 0.90 0.74 0.70 0.95 0.38
0.79 0.64 0.51 0.55 0.80 0.53
0.65 0.10 0.70 0.53 0.99 0.70
0.01 0.82 0.72 0.02 0.62 0.65
0.71 0.10 0.22 0.68 0.59 0.71
0.76 0.59 0.95 0.45 0.88 0.19
0.65 0.38 0.84 0.96 0.02 0.66
0.53 0.76 0.95 0.59 0.15 0.42
0.66 0.92 0.60 0.82 0.96 0.06
0.74 0.99 0.19 0.45 0.02 0.33
0.59 0.34 0.44 0.90 0.35 0.91
0.65 0.51 0.91 0.56 0.70 0.70
0.69 0.16 0.67 0.05 0.86 0.73
0.17 0.82 0.08 0.89 0.56 0.76
0.90 0.77 0.77 0.71 0.18 0.06
0.87 0.26 0.63 0.02 0.77 0.60
0.53 0.04 0.62 0.76 0.61 0.67
1.00 0.59 0.92 0.62 0.92 0.04
0.22 0.68 0.19 0.22 0.43 0.52
0.85 0.68 0.96 0.43 0.08 0.55
0.76 0.55 0.54 0.98 0.92 0.15
0.82 0.62 0.13 0.55 0.62 0.38
0.57 0.85 0.68 0.61 0.66 0.33
0.83 0.31 0.74 0.90 0.67 0.14
0.79 0.23 0.13 0.56 0.59 0.74
0.60 0.78 0.51 0.07 0.54 0.94
0.02 0.66 0.80 0.72 0.83 0.81
0.79 0.61 0.13 0.55 0.55 0.35
0.71 0.45 0.61 0.62 0.39 0.67
0.50 0.61 0.13 0.10 0.35 0.31
0.80 0.51 0.73 0.58 0.34 0.64
0.98 0.52 0.65 0.93 0.11 0.01
0.62 0.23 0.55 0.79 0.53 0.52
0.92 0.03 0.54 0.64 0.84 0.73
0.99 0.52 0.37 0.80 0.68 0.70
0.44 0.73 0.46 0.63 0.70 0.43
0.64 0.44 0.08 0.29 0.05 0.75
0.52 0.22 0.77 0.57 0.89 0.73
0.76 0.19 0.08 0.60 0.69 0.75
0.59 0.56 0.65 0.43 0.98 0.59
0.67 0.84 0.65 0.67 0.45 0.27
0.51 0.74 0.01 0.68 0.72 0.95
0.54 0.53 0.69 0.60 0.94 0.55
0.64 0.99 0.72 0.53 0.17 0.41
0.85 0.09 0.98 0.57 0.18 0.95
0.96 0.86 0.47 0.80 0.03 0.17
0.73 0.60 0.92 0.94 0.64 0.23
0.89 0.54 0.61 0.61 0.70 0.11
0.08 0.28 0.11 0.89 0.86 0.38
0.90 0.62 0.85 0.98 0.54 0.03
0.60 0.67 0.89 0.71 0.06 0.52
0.57 0.83 0.60 0.58 0.86 0.14
0.72 0.51 0.80 0.08 0.68 0.54
0.83 0.70 0.53 0.39 0.89 0.12
0.21 0.25 0.26 0.88 0.55 0.81
0.82 0.17 0.63 0.28 0.72 0.77
0.95 0.02 0.33 0.91 0.58 0.79
0.64 0.54 0.95 0.13 0.60 0.78
0.55 0.51 0.20 0.73 0.79 0.87
0.20 0.49 0.71 0.11 0.30 0.53
0.58 0.66 0.66 0.62 0.65 0.06
0.85 0.36 0.56 0.16 0.80 0.19
0.88 0.15 0.19 0.51 0.79 0.65
0.82 0.59 0.24 0.60 0.29 0.53
0.88 0.11 0.66 0.58 0.58 0.60
