300 6
0.96 0.74 0.98 0.62 0.99 0.64
0.23 0.68 0.63 0.11 0.74 0.79
0.82 0.56 0.79 0.92 0.90 0.64
0.67 0.66 0.52 0.75 0.55 0.59
0.01 0.80 0.81 0.77 0.42 0.16
0.94 0.84 0.57 0.57 0.19 0.86
0.99 0.89 0.97 0.64 0.71 0.67
0.70 0.92 0.51 0.69 0.62 0.08
0.72 0.77 0.84 0.74 0.58 0.57
0.81 0.90 0.61 0.53 0.98 0.83
0.92 0.34 0.63 1.00 0.93 0.88
0.17 0.68 0.28 0.97 0.28 0.71
0.60 0.36 0.60 0.99 0.47 0.94
0.83 0.43 0.64 0.58 0.62 0.52
0.66 0.74 0.32 0.06 0.80 0.86
0.93 0.66 0.76 0.99 0.37 0.11
0.67 0.67 0.98 0.60 0.42 0.78
0.31 0.07 0.12 0.55 0.98 0.52
0.21 0.61 0.79 0.95 0.45 0.77
0.21 0.58 0.86 0.41 0.36 0.81
0.08 1.00 0.64 0.58 0.67 0.15
0.81 0.10 0.56 0.39 0.59 0.96
0.98 0.33 0.16 0.11 0.42 0.44
0.55 0.91 0.60 1.00 0.65 0.55
0.72 0.70 0.55 0.69 0.63 0.94
0.65 0.75 0.87 0.92 0.51 0.59
0.84 0.52 0.34 0.70 0.95 0.51
0.64 0.58 0.71 0.62 0.94 0.52
0.18 0.38 0.86 0.64 0.07 0.92
0.47 0.57 0.89 0.41 0.84 0.63
0.95 0.89 0.09 0.62 0.72 0.48
0.60 0.66 0.77 0.84 0.93 0.53
0.67 0.84 0.31 0.92 0.86 0.67
0.95 0.65 0.74 0.94 0.54 0.62
0.82 0.63 0.86 0.98 0.77 0.61
0.82 0.66 0.96 0.93 0.61 0.45
0.53 0.71 0.73 0.58 0.60 0.53
0.46 0.62 0.73 0.74 0.76 0.99
0.04 0.77 0.70 0.81 0.85 0.95
0.61 0.44 0.68 0.23 0.73 0.83
0.33 0.36 0.06 0.21 0.73 0.50
0.56 0.27 0.14 1.00 0.40 0.72
0.96 0.27 0.96 0.96 0.09 0.73
0.78 1.00 0.19 0.15 0.92 0.59
0.68 0.15 0.03 0.96 0.74 0.93
1.00 0.71 0.76 0.35 0.11 0.15
0.46 0.77 0.44 0.54 0.70 0.69
0.61 0.89 0.39 0.93 0.31 0.51
0.23 0.08 0.21 0.79 0.80 0.14
0.19 0.76 0.83 0.23 0.85 0.72
0.59 0.72 0.84 0.65 0.06 0.70
0.04 0.94 0.65 0.61 0.79 0.48
0.84 0.67 0.03 0.89 0.89 0.71
0.41 0.90 0.53 0.63 0.71 0.82
0.48 0.07 0.58 0.58 0.35 0.77
0.22 0.52 0.74 0.87 0.89 0.67
0.64 0.59 0.98 0.17 0.75 0.86
0.37 0.52 0.51 0.10 0.72 0.52
0.29 0.64 0.17 0.82 0.96 0.51
0.60 0.83 0.07 0.04 0.88 0.55
0.01 0.52 0.51 0.75 0.66 0.80
0.15 0.83 0.78 0.15 0.55 0.61
0.79 0.70 0.54 0.68 0.95 0.44
0.77 0.62 0.65 0.49 0.60 0.58
1.00 0.02 0.58 0.57 0.74 0.67
0.79 0.23 1.00 0.66 0.62 0.64
0.10 0.98 0.57 0.53 0.74 0.72
0.78 0.47 0.20 0.64 0.68 0.85
0.83 0.76 0.67 0.58 0.56 0.76
0.98 0.03 0.85 0.57 0.50 0.70
0.78 0.77 0.68 0.60 0.54 0.53
0.79 0.52 0.01 0.29 0.65 0.63
0.51 0.58 0.70 0.64 0.75 0.49
0.54 0.96 0.72 0.76 0.95 0.15
0.85 0.50 0.97 0.69 0.10 0.80
0.76 0.70 0.12 0.74 0.58 0.56
0.76 0.02 0.69 0.81 0.21 0.78
0.95 0.57 0.62 0.68 0.55 0.73
0.58 0.30 0.73 0.10 0.85 0.20
0.04 0.66 0.64 0.33 0.82 0.14
0.58 0.80 0.51 0.64 0.64 0.54
0.58 0.88 0.01 0.77 0.57 0.85
0.01 0.03 0.73 0.03 0.08 0.59
0.90 0.76 0.55 0.66 0.33 0.04
0.57 0.85 0.58 0.67 0.53 0.33
0.91 0.18 0.69 0.06 0.47 0.58
0.06 0.47 0.42 0.40 0.77 0.75
0.76 0.70 0.87 0.71 0.77 0.19
0.89 0.70 0.62 0.87 0.58 0.22
0.71 0.34 0.85 0.84 0.30 0.50
0.71 0.88 0.96 0.15 0.95 0.14
0.41 0.39 0.69 0.18 0.72 0.15
0.70 0.83 0.04 0.68 0.94 0.91
0.24 0.91 0.47 0.01 0.82 0.58
0.80 0.71 0.65 0.02 0.91 0.70
1.00 0.20 0.79 0.11 0.76 0.38
0.33 1.00 0.36 0.64 0.75 0.45
0.56 0.83 0.20 0.64 0.70 0.87
0.95 0.59 0.61 0.60 0.42 0.03
0.09 0.29 0.36 0.57 0.82 0.66
0.15 0.01 1.00 0.72 0.93 0.92
0.73 0.99 0.88 0.52 0.36 0.35
0.05 0.59 0.55 0.31 0.88 0.39
0.53 0.35 0.15 0.13 0.61 0.50
0.43 0.85 0.49 0.44 0.68 0.36
0.56 0.16 0.55 0.50 0.54 0.74
0.13 0.79 0.80 0.24 0.71 0.32
0.74 0.05 0.60 0.56 0.59 0.56
0.92 0.08 0.89 0.70 0.15 0.22
0.37 0.03 0.16 0.29 0.70 0.89
0.83 0.59 0.84 0.57 0.60 0.42
0.75 0.83 0.90 0.55 0.58 0.12
0.94 0.03 0.63 0.58 0.37 0.67
0.80 0.73 0.56 0.87 0.52 0.26
0.40 0.09 0.04 0.57 0.44 0.71
0.96 0.73 0.37 0.10 0.98 0.73
0.76 0.59 0.44 0.77 0.19 0.85
0.84 0.87 0.50 0.60 0.68 0.15
0.69 0.86 0.56 0.83 1.00 0.01
0.30 0.53 0.99 0.90 0.36 0.20
0.52 0.61 0.60 0.35 0.62 0.70
0.34 0.79 0.55 0.95 0.08 0.61
0.34 0.66 0.48 0.55 0.94 0.35
0.92 0.69 0.77 0.71 0.04 0.92
0.60 0.31 0.52 0.69 0.75 0.07
0.12 0.28 0.54 0.62 0.47 0.77
1.00 0.11 0.69 0.54 0.15 0.58
0.99 0.53 0.73 0.23 0.03 0.84
0.20 0.79 0.30 0.15 0.65 0.09
0.84 0.68 0.61 0.63 0.79 0.41
0.86 0.22 0.65 0.47 0.36 0.71
0.19 0.11 0.70 0.74 0.99 0.21
0.64 0.66 0.92 0.36 0.65 0.48
0.73 0.75 0.08 0.16 0.52 0.54
0.51 0.16 0.88 0.84 0.29 0.33
0.58 0.93 0.54 0.68 0.12 0.82
0.19 0.72 0.48 0.74 0.26 0.95
0.51 0.07 0.68 0.74 0.62 0.52
0.44 0.70 0.21 0.91 0.55 0.68
0.80 0.94 0.02 0.23 0.98 0.73
0.04 0.62 0.62 0.80 0.58 0.92
0.79 0.94 0.14 0.58 0.69 0.03
0.41 0.73 0.51 0.98 0.65 0.58
1.00 0.56 0.30 0.86 0.36 0.79
0.52 0.72 0.51 0.55 0.07 0.85
0.82 0.82 0.01 0.71 1.00 0.02
0.56 0.61 0.73 0.67 0.01 0.90
0.13 0.82 0.56 0.38 0.02 0.54
0.75 0.81 0.31 0.99 0.06 0.84
0.69 0.87 0.30 0.59 0.34 0.96
0.62 0.68 0.91 0.81 0.60 0.53
0.31 0.01 0.72 0.50 0.90 0.62
0.93 0.08 0.25 0.53 0.60 0.75
0.92 0.33 0.16 0.47 0.66 0.93
0.58 0.73 0.55 0.51 0.55 0.55
0.80 0.40 0.83 0.14 0.65 0.39
0.55 0.72 0.88 0.56 0.51 0.58
0.39 0.55 0.21 0.70 0.60 0.70
0.51 0.99 0.43 0.73 0.04 0.78
0.31 0.82 0.11 0.28 0.63 0.61
0.57 0.52 0.53 0.69 0.24 0.72
0.48 0.61 0.63 0.56 0.70 0.73
0.99 0.44 0.84 0.06 0.61 0.47
0.71 0.51 0.98 0.01 0.98 0.86
0.50 0.29 0.60 0.91 0.04 0.97
0.59 1.00 0.61 0.52 0.01 0.83
0.44 0.41 0.98 0.74 0.32 0.31
0.64 0.61 0.73 0.85 0.61 0.27
0.73 0.64 1.00 0.66 0.05 0.61
0.28 0.72 0.78 0.65 0.02 0.85
0.80 0.61 0.51 0.03 0.36 0.61
0.61 0.63 0.61 0.71 0.73 0.09
0.91 0.88 0.33 0.53 0.09 0.08
0.87 0.59 0.84 0.57 0.89 0.01
0.04 0.26 0.32 0.99 0.72 0.89
0.76 0.63 0.03 0.65 0.53 0.72
0.89 0.70 0.70 0.59 0.21 0.66
0.68 0.01 0.79 0.48 0.11 0.17
0.67 0.93 0.96 0.57 0.58 0.52
0.92 0.76 0.22 0.06 0.61 0.91
1.00 0.97 0.84 0.56 0.69 0.05
0.57 0.66 0.70 0.82 0.54 0.23
0.32 0.94 0.01 0.81 0.68 0.73
0.89 0.69 0.78 0.23 0.75 0.07
0.83 0.75 0.78 0.77 0.31 0.50
0.63 0.19 0.20 0.93 0.89 0.39
0.51 0.55 0.60 0.53 0.68 0.71
0.81 0.17 0.17 1.00 0.43 0.29
0.02 0.58 0.71 0.94 0.55 0.97
0.83 1.00 0.65 0.20 0.87 0.08
0.12 0.52 0.20 0.69 0.98 0.59
0.73 0.61 0.51 0.75 0.60 0.55
0.15 0.78 0.27 0.05 0.78 0.84
0.26 0.67 0.54 0.98 0.50 0.40
0.64 0.68 0.66 0.01 0.97 0.55
0.82 0.78 0.15 0.40 0.94 0.14
0.72 0.70 0.58 0.43 0.52 0.88
0.93 0.27 0.71 0.96 0.58 0.47
0.28 0.73 0.69 0.23 0.60 0.99
0.53 0.82 0.97 0.02 0.42 1.00
0.79 0.98 0.53 0.81 0.36 0.60
0.56 0.90 0.70 0.07 0.87 0.57
0.53 0.87 0.09 0.72 0.79 0.20
0.89 0.96 0.74 0.37 0.19 0.17
0.62 0.89 0.58 0.09 0.78 0.75
0.10 0.98 0.78 0.02 0.56 0.86
0.27 0.96 0.92 0.76 0.54 0.26
0.88 0.82 0.56 0.58 0.45 0.46
0.74 0.03 0.62 0.79 0.68 0.60
0.97 0.70 0.13 0.62 0.23 0.90
0.61 0.57 0.64 0.87 0.56 0.58
0.66 0.50 0.65 0.91 0.62 0.18
0.67 0.08 0.58 0.19 0.57 0.31
0.55 0.91 0.09 0.60 0.71 0.63
0.83 0.78 0.38 0.53 0.75 0.19
0.72 0.77 0.31 0.89 0.64 0.05
0.25 0.99 0.19 0.31 0.82 0.78
0.75 0.72 0.57 0.80 0.60 0.15
0.83 0.68 0.42 0.93 0.05 0.76
0.92 0.01 0.73 0.33 0.52 0.94
0.11 0.51 0.56 0.59 0.72 0.99
0.43 0.14 0.62 0.99 0.75 0.44
0.58 0.79 0.40 0.95 0.20 0.83
0.28 0.64 0.57 0.83 0.52 0.70
0.72 0.70 0.61 0.76 0.26 0.03
0.52 0.05 0.80 0.68 0.80 0.10
0.73 0.06 0.57 0.85 0.82 0.37
0.51 0.66 0.75 0.70 0.82 0.12
0.82 0.32 0.64 0.67 0.81 0.13
0.87 0.27 0.17 0.55 0.42 0.98
0.17 0.78 0.47 0.89 0.53 0.99
0.59 0.79 0.65 0.61 0.32 0.54
0.65 0.76 0.72 0.92 0.01 0.59
0.90 0.74 0.38 0.60 0.22 0.71
0.55 0.16 0.10 0.02 0.46 0.98
0.73 0.61 0.53 0.57 0.15 0.59
0.97 0.04 0.55 0.81 0.78 0.52
0.60 0.52 0.10 0.86 0.46 0.52
0.61 0.51 0.88 0.83 0.53 0.52
0.34 0.66 0.67 0.62 0.50 0.25
0.65 0.86 0.44 0.86 0.60 0.51
0.36 0.27 0.52 0.21 0.35 0.29
0.74 0.70 0.54 0.62 0.55 0.26
0.05 0.83 0.74 0.65 0.59 0.58
0.61 0.73 0.75 1.00 0.64 0.09
0.07 0.54 0.48 0.84 0.71 0.85
0.12 0.77 0.42 0.96 0.53 0.92
0.62 0.79 0.54 0.70 0.72 0.06
0.71 0.94 0.19 0.07 0.68 0.58
0.11 0.94 0.55 0.29 0.38 0.53
1.00 0.51 0.52 0.90 0.03 0.36
0.06 0.65 0.55 0.73 0.79 0.65
0.06 0.63 0.66 0.88 0.56 0.66
0.65 0.75 0.65 0.36 0.87 0.02
0.01 0.87 0.71 0.56 0.88 0.96
0.54 0.96 0.41 0.99 0.26 0.19
0.83 0.35 0.51 0.63 0.54 0.59
0.08 0.51 0.94 0.61 0.64 0.33
0.78 0.98 0.67 0.99 0.79 0.02
0.14 0.32 0.62 0.94 0.41 0.54
0.80 0.88 0.26 0.72 0.77 0.14
0.86 0.08 0.59 0.53 0.54 0.90
0.10 0.88 0.18 0.96 0.68 0.80
0.98 0.83 0.56 0.28 0.14 0.83
0.40 0.35 0.32 0.66 0.81 0.13
0.51 0.54 0.77 0.78 0.43 0.27
0.72 0.56 0.82 0.58 0.02 0.94
0.65 0.88 0.16 0.60 0.11 0.98
0.89 0.52 0.81 0.78 0.92 0.03
0.80 0.86 0.02 0.61 0.53 0.81
0.73 0.70 0.03 0.96 0.61 0.75
0.04 0.72 0.66 0.79 0.52 0.54
0.63 0.91 0.33 0.45 0.55 0.71
0.71 0.75 0.84 0.10 0.28 0.55
0.95 0.60 1.00 0.97 0.01 0.46
0.50 0.05 0.95 0.86 0.49 0.15
0.02 0.07 0.72 0.97 0.62 0.98
0.58 0.92 0.99 0.76 0.04 0.10
0.52 0.53 0.66 0.99 0.73 0.20
0.59 0.93 0.42 0.69 0.11 0.55
0.57 0.98 0.50 0.68 0.60 0.55
0.51 0.57 0.04 0.82 0.76 0.53
0.27 0.89 0.83 0.02 0.86 0.63
0.24 0.57 0.56 0.33 0.09 1.00
0.85 0.62 0.73 0.03 0.69 0.36
0.96 0.09 0.61 0.16 0.51 0.60
0.78 0.82 0.39 0.68 0.19 0.85
0.05 0.64 0.55 0.72 0.85 0.64
0.69 0.73 0.97 0.54 0.01 0.65
0.58 0.78 0.97 0.89 0.75 0.04
0.81 0.54 0.49 0.41 0.47 0.80
0.42 0.90 0.53 0.04 0.72 0.87
0.10 0.01 0.09 0.83 0.52 0.64
0.58 0.14 0.62 0.07 0.95 0.66
0.95 0.69 0.64 0.93 0.32 0.51
0.02 0.78 0.62 0.62 0.88 0.52
0.81 0.87 0.62 0.16 0.25 0.58
0.81 0.73 0.59 0.57 0.99 0.22
0.61 0.06 0.99 0.75 0.56 0.55
0.63 0.90 0.19 0.40 0.59 0.12
