300 6
0.31 0.72 0.19 0.31 0.43 0.58
0.78 0.62 0.80 0.83 0.74 0.91
0.59 0.13 0.16 0.60 0.72 0.91
0.79 0.76 0.98 0.88 0.20 0.87
0.20 0.69 0.71 0.84 0.74 0.40
0.18 0.96 0.66 0.76 0.57 0.98
0.25 1.00 0.74 0.84 0.64 0.38
0.97 0.53 0.95 0.92 0.68 0.91
0.98 0.58 0.64 0.11 0.42 0.94
0.77 0.23 0.91 0.89 0.82 0.02
0.71 0.26 0.48 0.96 0.75 0.69
0.51 0.21 0.37 0.69 0.72 0.95
0.53 0.75 0.05 0.95 0.84 0.56
0.32 1.00 0.67 0.69 0.04 0.56
0.55 0.57 0.58 0.73 0.83 0.69
0.15 0.79 0.78 0.83 0.92 1.00
0.60 0.61 0.98 0.37 0.35 0.91
0.10 0.47 0.82 0.51 0.71 0.52
0.99 0.68 0.41 0.78 0.26 0.05
0.89 0.03 0.62 0.48 0.91 0.58
0.76 0.61 0.61 0.55 0.37 0.54
0.31 0.01 0.74 0.92 0.57 0.90
0.56 0.89 0.68 0.77 0.87 0.22
0.68 0.91 0.70 0.02 0.65 0.61
0.04 0.71 0.78 0.08 0.03 0.74
0.61 0.56 0.57 0.59 0.77 0.73
0.55 0.53 0.94 0.48 0.60 0.37
0.71 0.52 0.63 0.84 0.69 0.61
0.27 0.12 0.40 0.12 0.77 0.43
0.26 0.69 0.98 0.76 0.93 0.31
0.06 0.62 0.66 0.18 0.74 0.68
0.84 0.78 0.89 0.65 0.75 0.41
0.68 0.39 0.80 0.41 0.26 0.29
0.13 0.75 0.54 0.62 0.67 0.70
0.97 0.83 0.70 0.89 0.04 0.33
0.76 0.26 0.04 0.63 0.40 0.75
0.79 0.01 0.85 0.92 0.57 0.42
0.06 0.11 0.77 0.53 0.60 0.73
0.77 0.70 0.08 0.19 0.65 0.82
0.85 0.66 0.48 0.79 0.86 0.25
0.59 0.75 0.04 0.63 0.80 0.57
0.46 0.88 0.64 0.03 0.77 0.79
0.56 0.62 0.40 0.67 0.61 0.30
0.10 0.66 0.60 0.55 0.54 0.55
0.05 0.12 0.09 0.41 0.40 0.92
0.98 0.49 0.70 0.59 0.74 0.03
0.95 0.48 0.63 0.16 0.68 0.56
0.33 0.65 0.93 0.94 0.56 0.67
0.68 0.91 0.39 0.76 0.35 0.67
0.64 0.88 0.67 0.62 0.15 0.99
0.65 0.97 0.66 0.80 0.31 0.97
0.77 0.59 0.73 0.94 0.61 0.63
0.11 0.60 0.92 0.76 0.94 0.31
0.50 0.98 0.97 0.74 0.04 0.43
0.55 0.52 0.78 0.23 0.01 0.56
0.94 0.55 0.01 0.69 0.85 0.57
0.87 0.25 0.71 0.25 0.73 0.90
0.82 0.69 0.88 0.27 0.99 0.28
0.60 0.70 0.59 0.74 0.02 0.10
0.24 0.91 1.00 0.54 0.72 0.22
0.65 0.71 0.15 0.73 0.53 0.89
0.09 0.77 0.81 0.55 0.69 0.31
0.38 0.63 0.64 0.86 0.73 0.30
0.38 0.95 0.85 0.71 0.40 0.62
0.34 0.82 0.36 0.60 0.53 0.06
0.97 0.56 0.75 0.94 0.51 0.48
0.68 0.17 0.51 0.88 0.76 0.08
0.98 0.83 0.33 0.90 0.71 0.55
0.84 0.58 0.80 0.63 0.65 0.15
0.81 0.52 0.77 0.56 0.60 0.57
0.22 0.82 0.64 0.22 0.51 0.73
0.54 0.75 0.85 0.55 0.76 0.34
0.97 0.53 0.11 0.71 0.21 0.67
0.80 0.22 0.16 0.97 0.16 0.61
0.56 0.60 0.87 0.62 0.77 0.11
0.86 0.34 0.97 0.69 0.16 0.76
0.68 0.35 0.55 0.61 0.85 0.15
0.52 0.63 0.01 0.67 0.54 0.90
0.85 0.48 0.51 0.88 0.71 0.62
0.94 0.89 0.98 0.20 0.65 0.67
0.52 0.55 1.00 0.95 0.06 0.12
0.72 0.07 0.74 0.79 0.73 0.16
0.03 0.43 0.85 0.16 0.75 0.56
0.07 0.75 0.90 0.76 0.67 0.71
0.29 0.02 0.91 0.59 0.87 0.90
0.76 0.77 0.46 0.02 0.67 0.66
0.76 0.73 0.05 0.57 0.22 1.00
0.90 0.41 0.34 0.29 0.89 0.89
0.78 0.65 0.72 0.37 0.46 0.31
0.75 0.83 0.50 0.92 0.41 0.75
0.85 0.56 0.74 0.46 0.22 0.41
0.24 0.53 0.10 0.70 0.52 0.67
0.77 0.68 0.73 0.72 0.63 0.19
0.88 0.53 0.65 0.92 0.49 0.03
0.19 0.56 0.76 0.33 0.18 0.24
0.30 0.05 0.73 0.45 0.54 0.92
0.66 0.66 0.73 0.02 0.29 0.78
0.31 0.66 0.18 0.65 0.78 0.89
0.90 0.60 0.59 0.30 0.65 0.72
0.64 0.55 0.15 0.67 0.70 0.41
0.85 0.71 0.54 0.61 0.61 0.58
0.82 0.81 0.64 0.29 0.65 0.79
0.31 0.67 0.19 0.62 0.56 0.79
0.84 0.72 0.66 0.46 0.60 0.44
0.57 0.08 0.99 0.77 0.64 0.71
0.75 0.44 0.56 0.76 0.74 0.46
0.51 0.51 0.76 0.81 0.67 0.81
0.64 0.47 0.11 0.81 0.32 0.75
0.98 0.08 0.58 0.56 0.94 0.99
0.68 0.50 0.48 0.05 0.19 0.35
0.98 0.54 0.71 0.02 0.92 0.89
0.36 0.16 0.76 0.94 0.61 0.72
0.54 0.69 0.99 0.18 0.04 0.86
0.77 0.59 0.06 0.54 0.68 0.69
0.87 0.64 0.06 1.00 0.52 0.69
0.69 0.62 0.54 0.68 0.73 0.08
0.53 0.64 0.66 0.58 0.75 0.20
0.73 0.69 0.59 0.81 0.05 0.58
0.51 0.69 0.18 0.65 0.49 0.67
0.81 0.88 0.09 0.77 0.76 0.64
0.63 0.68 0.74 0.08 0.82 0.87
0.93 0.02 0.77 0.06 0.86 0.90
0.62 0.59 0.37 0.61 0.55 0.47
0.01 0.86 0.50 0.50 0.78 0.21
0.93 0.65 0.13 0.41 0.96 0.56
0.47 0.08 0.51 0.56 0.55 1.00
0.15 0.58 0.19 0.85 0.95 0.38
0.12 0.09 0.82 0.77 0.94 0.34
0.66 0.05 0.55 0.96 0.93 0.69
0.88 0.68 0.62 0.90 0.69 0.25
0.96 0.42 0.76 0.64 0.60 0.53
0.64 0.08 0.51 0.97 1.00 0.48
1.00 0.52 0.85 0.30 0.79 0.11
0.25 0.78 0.57 0.77 0.54 0.47
0.14 0.56 0.99 0.69 0.11 0.83
0.31 0.84 0.59 0.57 0.80 0.16
0.37 0.53 0.89 0.97 0.16 0.99
0.53 0.38 0.71 0.86 0.57 0.52
0.89 0.02 0.88 0.77 0.63 0.85
0.66 0.98 0.88 0.71 0.82 0.05
0.51 0.67 0.64 0.53 0.52 0.75
0.93 0.87 0.01 0.10 0.59 0.07
0.36 0.73 0.66 0.58 0.19 0.63
0.59 0.54 0.46 0.73 0.53 0.49
0.37 0.05 0.72 0.07 0.77 0.55
0.95 0.82 0.70 0.34 0.79 0.18
0.52 0.27 0.69 0.91 0.36 0.90
0.66 0.38 0.78 0.18 0.68 0.97
0.98 0.23 0.26 0.71 0.61 0.64
0.62 0.94 0.04 0.28 0.93 0.59
0.55 0.99 0.03 0.87 0.75 0.78
0.65 0.11 0.62 0.81 0.59 0.60
0.93 0.09 0.95 0.69 0.58 0.43
0.27 0.76 0.58 0.94 0.47 0.62
0.77 0.85 0.62 0.61 0.13 0.68
0.68 0.60 0.30 0.50 0.67 0.29
0.63 0.33 0.66 0.70 0.60 0.55
0.62 0.35 0.51 0.66 0.79 0.15
0.26 0.75 0.75 0.73 0.78 0.13
0.17 0.44 0.05 0.82 0.07 0.99
0.71 0.85 0.19 0.60 0.08 0.70
0.99 0.58 0.08 0.27 0.66 0.88
0.69 0.18 0.70 0.66 0.75 0.71
0.62 0.57 0.18 0.88 0.15 0.46
0.62 0.82 0.52 0.60 0.12 0.79
0.66 0.54 0.38 0.47 0.77 0.70
0.61 0.52 0.62 0.51 0.07 0.93
0.60 0.43 0.03 0.79 0.95 0.55
0.97 0.06 0.44 0.55 0.86 0.34
0.65 0.54 0.55 0.01 0.61 1.00
0.01 0.77 0.51 0.60 1.00 0.79
0.86 0.88 0.19 0.63 0.25 0.17
0.03 0.69 0.55 0.82 0.82 0.86
0.68 0.99 0.98 0.16 0.74 0.25
0.96 0.30 0.51 0.77 0.30 0.52
0.11 0.62 0.59 0.92 0.96 0.58
0.98 0.21 0.81 0.32 0.30 0.34
0.07 0.64 0.61 0.49 0.77 0.09
0.61 0.61 0.92 0.89 0.61 0.21
0.99 0.55 0.44 0.24 0.54 0.59
0.70 0.70 0.03 0.94 0.77 0.71
0.39 0.64 0.66 0.66 0.65 0.69
0.69 0.15 0.40 0.93 0.65 0.90
0.25 0.55 0.63 0.80 0.05 0.64
0.28 0.10 0.89 0.72 0.96 0.53
0.69 0.82 0.38 0.03 0.77 0.80
0.33 0.54 0.94 0.98 0.62 0.47
0.79 0.58 0.32 0.31 0.73 0.51
0.98 0.74 0.59 0.68 0.62 0.07
0.61 0.91 0.83 0.61 0.36 0.04
0.67 0.61 0.23 0.15 0.77 0.47
0.02 0.58 0.82 1.00 0.67 0.91
0.64 0.96 0.13 0.94 0.65 0.37
0.73 0.90 0.84 0.76 0.88 0.01
0.71 0.69 0.81 0.59 1.00 0.06
0.99 0.75 0.07 0.58 0.15 0.52
0.42 0.75 0.07 0.66 0.98 0.78
0.65 0.56 0.61 0.46 0.75 0.90
0.85 0.89 0.01 0.59 0.92 0.73
0.76 0.10 0.59 0.73 0.88 0.05
0.46 0.69 0.62 0.76 0.03 0.11
0.74 0.86 0.10 1.00 0.71 0.58
0.51 0.62 0.59 1.00 0.23 0.47
0.51 0.61 0.34 0.57 0.08 0.49
0.59 0.59 0.53 0.58 0.70 0.87
0.30 0.56 0.84 0.99 0.76 0.13
0.61 0.60 0.92 0.21 0.65 0.78
0.84 1.00 0.45 0.81 0.06 0.02
0.63 0.16 0.74 0.84 0.68 0.33
0.88 0.40 0.59 0.07 0.67 0.65
0.67 0.51 0.64 0.40 0.59 0.10
0.03 0.82 0.65 0.60 0.61 0.85
0.63 0.99 0.69 0.28 0.52 0.55
0.90 0.79 0.99 0.77 0.79 0.03
0.05 0.71 0.34 0.61 0.73 0.05
0.75 0.06 0.83 0.15 0.78 0.04
0.66 0.10 0.90 0.51 1.00 0.32
0.79 0.03 0.37 0.62 0.62 0.60
0.52 0.84 0.15 0.78 1.00 0.60
0.75 0.57 0.42 0.52 0.10 0.56
0.21 0.70 0.62 0.33 0.98 0.83
0.54 0.51 0.04 0.80 0.25 0.75
0.85 0.64 0.40 0.17 0.23 0.53
0.73 0.73 0.95 0.03 0.59 0.43
0.84 1.00 0.10 0.27 0.08 0.69
0.52 0.43 0.01 0.93 0.81 0.97
0.53 0.73 0.45 0.90 0.91 0.01
0.91 0.65 0.67 0.04 0.93 0.96
0.61 0.58 0.75 0.06 0.87 0.86
0.54 0.67 0.42 0.30 0.73 0.88
0.27 0.62 0.72 0.76 0.34 0.99
0.73 0.56 0.62 0.03 0.54 1.00
0.55 0.67 0.72 0.43 0.67 0.39
0.66 0.07 0.56 0.73 0.66 0.75
0.58 0.02 0.90 0.57 0.80 0.69
0.77 0.06 1.00 0.60 0.67 0.75
0.37 0.50 0.30 0.80 0.90 0.62
0.68 0.99 0.48 0.76 0.03 0.80
0.76 0.04 0.55 0.46 0.94 0.87
0.86 0.75 0.75 0.59 0.58 0.22
0.69 0.98 0.11 0.11 0.61 0.98
0.86 0.67 0.13 0.87 0.74 0.53
0.93 0.41 0.78 0.08 0.06 0.13
0.76 0.03 0.64 0.25 0.70 0.76
0.07 0.69 0.69 0.10 0.76 0.48
0.75 0.70 0.69 0.73 0.06 0.93
0.20 0.69 0.59 0.70 0.51 0.55
0.20 0.95 0.54 0.92 0.55 0.73
0.96 0.44 0.42 0.53 0.75 0.60
0.05 0.70 0.79 0.83 0.58 0.78
0.74 0.41 0.12 0.57 0.61 0.63
0.48 0.03 0.74 0.94 0.90 0.75
0.60 0.78 0.69 0.75 0.70 0.09
0.99 0.16 0.69 0.95 0.08 0.68
0.38 0.80 0.34 0.59 0.40 0.58
0.94 0.62 0.74 0.62 0.52 0.22
0.91 0.43 0.51 0.95 0.11 0.73
0.04 0.87 0.48 0.64 0.80 0.52
0.67 0.86 0.21 0.68 0.54 0.12
0.03 0.56 0.81 0.57 0.73 0.57
0.58 0.11 0.95 0.01 0.89 0.95
0.51 0.07 0.58 0.71 0.75 0.51
0.83 0.01 0.45 0.20 0.53 0.25
0.27 0.62 0.51 0.59 0.02 0.86
0.35 0.80 0.98 0.52 0.69 0.02
0.49 0.27 0.68 0.59 0.73 0.89
0.09 0.47 0.10 0.16 0.92 0.56
0.77 0.01 0.98 0.72 0.70 0.51
0.73 0.24 0.99 0.76 0.56 0.85
0.52 0.63 0.39 0.52 0.91 0.64
0.64 0.73 0.60 0.51 0.41 0.56
0.51 0.36 0.90 0.51 0.11 0.78
0.81 0.35 0.77 0.32 0.60 0.36
0.62 0.60 0.35 0.57 0.55 0.15
0.92 0.51 0.58 0.96 0.67 0.13
0.84 0.40 0.78 0.58 0.31 0.56
0.60 0.86 0.55 0.55 0.38 0.69
0.12 0.73 0.02 0.73 1.00 0.57
0.87 0.74 0.10 0.89 0.63 0.58
0.95 0.42 0.62 0.92 0.25 0.58
0.24 0.74 0.58 0.89 0.51 0.53
0.72 0.65 0.10 0.53 0.12 0.54
0.65 0.17 0.69 0.66 0.66 0.18
0.65 0.63 0.07 0.82 0.60 0.59
0.04 0.84 0.79 0.77 0.41 0.56
0.61 0.61 0.19 0.76 0.52 0.63
0.74 0.18 0.69 0.09 0.99 0.61
0.53 0.17 0.73 0.76 0.62 0.85
0.62 0.14 0.75 0.14 0.88 0.23
0.52 0.53 0.55 0.49 0.65 0.21
0.76 0.53 0.88 0.68 0.64 0.02
0.50 0.12 0.70 0.05 0.28 0.94
0.94 0.82 0.58 0.91 0.01 0.69
0.52 0.99 0.57 0.98 0.52 0.04
0.78 0.29 0.10 0.30 0.76 0.66
0.09 0.80 0.84 0.64 0.61 0.71
0.53 0.73 0.06 0.88 0.99 0.58
0.99 0.69 0.54 0.56 0.61 0.03
0.38 0.97 0.52 0.22 0.68 0.82
0.44 0.12 0.66 0.69 0.38 0.82
