300 6
31 72 19 31 43 58
78 62 80 83 74 91
59 13 16 60 72 91
79 76 98 88 20 87
20 69 71 84 74 40
18 96 66 76 57 98
25 100 74 84 64 38
97 53 95 92 68 91
98 58 64 11 42 94
77 23 91 89 82 2
71 26 48 96 75 69
51 21 37 69 72 95
53 75 5 95 84 56
32 100 67 69 4 56
55 57 58 73 83 69
15 79 78 83 92 100
60 61 98 37 35 91
10 47 82 51 71 52
99 68 41 78 26 5
89 3 62 48 91 58
76 61 61 55 37 54
31 1 74 92 57 90
56 89 68 77 87 22
68 91 70 2 65 61
4 71 78 8 3 74
61 56 57 59 77 73
55 53 94 48 60 37
71 52 63 84 69 61
27 12 40 12 77 43
26 69 98 76 93 31
6 62 66 18 74 68
84 78 89 65 75 41
68 39 80 41 26 29
13 75 54 62 67 70
97 83 70 89 4 33
76 26 4 63 40 75
79 1 85 92 57 42
6 11 77 53 60 73
77 70 8 19 65 82
85 66 48 79 86 25
59 75 4 63 80 57
46 88 64 3 77 79
56 62 40 67 61 30
10 66 60 55 54 55
5 12 9 41 40 92
98 49 70 59 74 3
95 48 63 16 68 56
33 65 93 94 56 67
68 91 39 76 35 67
64 88 67 62 15 99
65 97 66 80 31 97
77 59 73 94 61 63
11 60 92 76 94 31
50 98 97 74 4 43
55 52 78 23 1 56
94 55 1 69 85 57
87 25 71 25 73 90
82 69 88 27 99 28
60 70 59 74 2 10
24 91 100 54 72 22
65 71 15 73 53 89
9 77 81 55 69 31
38 63 64 86 73 30
38 95 85 71 40 62
34 82 36 60 53 6
97 56 75 94 51 48
68 17 51 88 76 8
98 83 33 90 71 55
84 58 80 63 65 15
81 52 77 56 60 57
22 82 64 22 51 73
54 75 85 55 76 34
97 53 11 71 21 67
80 22 16 97 16 61
56 60 87 62 77 11
86 34 97 69 16 76
68 35 55 61 85 15
52 63 1 67 54 90
85 48 51 88 71 62
94 89 98 20 65 67
52 55 100 95 6 12
72 7 74 79 73 16
3 43 85 16 75 56
7 75 90 76 67 71
29 2 91 59 87 90
76 77 46 2 67 66
76 73 5 57 22 100
90 41 34 29 89 89
78 65 72 37 46 31
75 83 50 92 41 75
85 56 74 46 22 41
24 53 10 70 52 67
77 68 73 72 63 19
88 53 65 92 49 3
19 56 76 33 18 24
30 5 73 45 54 92
66 66 73 2 29 78
31 66 18 65 78 89
90 60 59 30 65 72
64 55 15 67 70 41
85 71 54 61 61 58
82 81 64 29 65 79
31 67 19 62 56 79
84 72 66 46 60 44
57 8 99 77 64 71
75 44 56 76 74 46
51 51 76 81 67 81
64 47 11 81 32 75
98 8 58 56 94 99
68 50 48 5 19 35
98 54 71 2 92 89
36 16 76 94 61 72
54 69 99 18 4 86
77 59 6 54 68 69
87 64 6 100 52 69
69 62 54 68 73 8
53 64 66 58 75 20
73 69 59 81 5 58
51 69 18 65 49 67
81 88 9 77 76 64
63 68 74 8 82 87
93 2 77 6 86 90
62 59 37 61 55 47
1 86 50 50 78 21
93 65 13 41 96 56
47 8 51 56 55 100
15 58 19 85 95 38
12 9 82 77 94 34
66 5 55 96 93 69
88 68 62 90 69 25
96 42 76 64 60 53
64 8 51 97 100 48
100 52 85 30 79 11
25 78 57 77 54 47
14 56 99 69 11 83
31 84 59 57 80 16
37 53 89 97 16 99
53 38 71 86 57 52
89 2 88 77 63 85
66 98 88 71 82 5
51 67 64 53 52 75
93 87 1 10 59 7
36 73 66 58 19 63
59 54 46 73 53 49
37 5 72 7 77 55
95 82 70 34 79 18
52 27 69 91 36 90
66 38 78 18 68 97
98 23 26 71 61 64
62 94 4 28 93 59
55 99 3 87 75 78
65 11 62 81 59 60
93 9 95 69 58 43
27 76 58 94 47 62
77 85 62 61 13 68
68 60 30 50 67 29
63 33 66 70 60 55
62 35 51 66 79 15
26 75 75 73 78 13
17 44 5 82 7 99
71 85 19 60 8 70
99 58 8 27 66 88
69 18 70 66 75 71
62 57 18 88 15 46
62 82 52 60 12 79
66 54 38 47 77 70
61 52 62 51 7 93
60 43 3 79 95 55
97 6 44 55 86 34
65 54 55 1 61 100
1 77 51 60 100 79
86 88 19 63 25 17
3 69 55 82 82 86
68 99 98 16 74 25
96 30 51 77 30 52
11 62 59 92 96 58
98 21 81 32 30 34
7 64 61 49 77 9
61 61 92 89 61 21
99 55 44 24 54 59
70 70 3 94 77 71
39 64 66 66 65 69
69 15 40 93 65 90
25 55 63 80 5 64
28 10 89 72 96 53
69 82 38 3 77 80
33 54 94 98 62 47
79 58 32 31 73 51
98 74 59 68 62 7
61 91 83 61 36 4
67 61 23 15 77 47
2 58 82 100 67 91
64 96 13 94 65 37
73 90 84 76 88 1
71 69 81 59 100 6
99 75 7 58 15 52
42 75 7 66 98 78
65 56 61 46 75 90
85 89 1 59 92 73
76 10 59 73 88 5
46 69 62 76 3 11
74 86 10 100 71 58
51 62 59 100 23 47
51 61 34 57 8 49
59 59 53 58 70 87
30 56 84 99 76 13
61 60 92 21 65 78
84 100 45 81 6 2
63 16 74 84 68 33
88 40 59 7 67 65
67 51 64 40 59 10
3 82 65 60 61 85
63 99 69 28 52 55
90 79 99 77 79 3
5 71 34 61 73 5
75 6 83 15 78 4
66 10 90 51 100 32
79 3 37 62 62 60
52 84 15 78 100 60
75 57 42 52 10 56
21 70 62 33 98 83
54 51 4 80 25 75
85 64 40 17 23 53
73 73 95 3 59 43
84 100 10 27 8 69
52 43 1 93 81 97
53 73 45 90 91 1
91 65 67 4 93 96
61 58 75 6 87 86
54 67 42 30 73 88
27 62 72 76 34 99
73 56 62 3 54 100
55 67 72 43 67 39
66 7 56 73 66 75
58 2 90 57 80 69
77 6 100 60 67 75
37 50 30 80 90 62
68 99 48 76 3 80
76 4 55 46 94 87
86 75 75 59 58 22
69 98 11 11 61 98
86 67 13 87 74 53
93 41 78 8 6 13
76 3 64 25 70 76
7 69 69 10 76 48
75 70 69 73 6 93
20 69 59 70 51 55
20 95 54 92 55 73
96 44 42 53 75 60
5 70 79 83 58 78
74 41 12 57 61 63
48 3 74 94 90 75
60 78 69 75 70 9
99 16 69 95 8 68
38 80 34 59 40 58
94 62 74 62 52 22
91 43 51 95 11 73
4 87 48 64 80 52
67 86 21 68 54 12
3 56 81 57 73 57
58 11 95 1 89 95
51 7 58 71 75 51
83 1 45 20 53 25
27 62 51 59 2 86
35 80 98 52 69 2
49 27 68 59 73 89
9 47 10 16 92 56
77 1 98 72 70 51
73 24 99 76 56 85
52 63 39 52 91 64
64 73 60 51 41 56
51 36 90 51 11 78
81 35 77 32 60 36
62 60 35 57 55 15
92 51 58 96 67 13
84 40 78 58 31 56
60 86 55 55 38 69
12 73 2 73 100 57
87 74 10 89 63 58
95 42 62 92 25 58
24 74 58 89 51 53
72 65 10 53 12 54
65 17 69 66 66 18
65 63 7 82 60 59
4 84 79 77 41 56
61 61 19 76 52 63
74 18 69 9 99 61
53 17 73 76 62 85
62 14 75 14 88 23
52 53 55 49 65 21
76 53 88 68 64 2
50 12 70 5 28 94
94 82 58 91 1 69
52 99 57 98 52 4
78 29 10 30 76 66
9 80 84 64 61 71
53 73 6 88 99 58
99 69 54 56 61 3
38 97 52 22 68 82
44 12 66 69 38 82
