300 6
40 12 52 46 23 97
82 96 89 91 86 51
57 72 54 52 90 79
42 13 61 91 80 64
76 58 66 58 94 69
70 28 89 86 76 65
89 5 53 96 71 91
73 92 53 84 80 96
62 96 51 95 57 67
82 90 11 92 58 51
85 71 67 58 51 54
98 68 82 88 72 64
90 54 60 73 12 79
65 91 71 66 77 64
100 59 81 95 55 58
90 65 51 98 82 79
96 69 82 40 63 89
72 68 54 57 65 9
77 53 45 49 2 43
27 79 80 86 88 56
76 62 27 89 99 5
78 30 61 83 65 86
63 67 71 82 86 73
17 2 62 99 19 66
58 63 55 63 34 50
97 54 78 93 55 7
37 82 47 78 59 2
93 47 94 85 51 62
99 80 82 33 95 63
69 58 75 81 82 72
78 41 45 12 21 90
64 76 78 87 98 25
80 90 97 54 93 17
84 33 84 90 63 46
90 64 91 85 79 2
51 99 6 55 77 54
28 7 77 100 86 2
53 52 82 20 72 53
89 74 58 71 63 20
1 81 21 92 67 97
54 84 54 73 85 26
35 52 74 41 100 81
72 17 93 63 2 80
92 41 60 65 78 13
60 75 10 83 57 29
26 74 40 37 30 14
20 98 79 1 100 2
68 23 79 29 43 85
60 76 72 33 45 54
100 28 89 55 53 37
46 10 69 64 19 78
54 84 15 57 52 51
85 77 72 87 42 9
41 51 13 27 66 63
51 61 52 20 83 75
74 46 78 46 53 18
34 30 65 37 82 10
76 96 86 11 77 85
68 73 81 35 54 22
56 81 15 1 53 69
96 14 70 88 91 52
28 65 55 87 52 88
93 70 49 31 69 42
63 67 13 51 57 80
98 21 32 60 28 87
67 51 57 52 75 13
77 72 59 89 88 4
78 54 94 35 67 24
98 18 18 77 63 33
47 100 65 30 16 70
89 65 54 72 89 12
34 70 63 93 78 70
40 73 21 70 59 93
55 51 81 33 57 77
72 32 74 51 67 49
55 64 54 72 79 12
55 18 80 100 66 16
12 40 52 90 85 61
54 10 58 83 20 94
59 71 65 87 44 28
65 68 37 84 34 88
92 85 93 34 32 57
23 62 68 39 81 66
57 59 21 41 81 37
2 88 72 92 93 11
79 30 81 97 75 69
23 65 67 66 55 19
96 35 31 86 70 43
73 75 15 57 20 60
67 74 12 92 9 58
64 71 12 18 60 57
100 87 26 89 12 23
82 12 43 37 83 27
62 2 82 68 80 42
87 68 56 22 82 3
60 73 40 68 83 31
2 39 83 89 4 63
96 42 33 17 64 3
66 87 61 78 22 53
84 61 88 23 55 84
65 58 54 59 61 68
81 51 24 52 61 92
19 87 42 27 88 75
52 96 99 14 47 85
71 21 71 23 52 51
84 17 69 34 90 52
83 69 24 53 54 64
61 59 77 82 61 57
69 43 4 90 90 56
44 51 90 31 58 86
44 84 35 97 53 93
57 56 53 58 40 43
87 86 31 56 49 52
13 32 70 95 66 49
80 92 79 6 90 65
12 61 90 99 57 61
99 78 73 6 11 58
78 53 18 82 95 29
88 32 53 12 72 89
11 89 55 68 3 68
66 72 52 53 37 56
52 33 11 91 65 6
64 73 92 17 99 93
23 38 28 94 25 74
51 33 93 97 47 60
61 12 82 89 100 41
31 88 20 88 78 82
11 91 93 85 68 65
4 59 91 31 57 61
86 82 36 23 43 83
52 61 58 93 62 66
51 54 61 18 58 92
17 55 58 83 60 32
79 65 55 13 84 82
7 56 62 62 21 40
1 93 85 65 87 58
61 69 65 1 95 54
43 7 49 73 58 73
60 57 91 41 32 66
54 96 67 100 57 13
23 5 87 89 80 58
1 28 87 91 81 91
55 62 63 37 75 48
53 99 88 29 64 81
77 66 76 6 55 69
68 24 62 8 71 78
65 40 64 80 65 68
11 92 21 33 90 89
70 74 83 6 80 78
75 86 21 4 97 45
63 11 84 69 55 77
36 74 32 87 32 41
40 76 11 80 91 73
87 79 64 32 76 17
85 65 68 86 72 16
7 99 77 69 87 25
65 52 60 19 39 68
20 53 61 84 53 59
14 79 90 77 97 3
53 98 77 92 14 56
80 51 9 93 84 96
79 89 9 100 75 92
56 83 6 97 31 19
60 54 58 83 81 52
33 81 12 1 73 58
78 54 94 77 18 32
59 64 60 57 60 67
82 86 58 28 94 2
49 64 5 96 92 46
75 69 20 62 58 71
61 71 82 47 33 33
24 70 60 80 61 81
94 51 35 77 55 29
18 82 76 51 51 85
59 87 70 89 17 83
56 4 98 26 93 69
41 13 49 37 94 73
76 83 47 23 72 53
89 7 57 79 90 66
85 87 7 63 63 70
58 15 84 59 60 82
95 66 32 88 56 60
64 21 23 51 42 30
50 47 65 57 53 59
59 55 51 72 62 63
85 54 60 7 51 99
19 85 44 84 56 88
95 1 69 58 62 77
57 29 21 17 74 88
46 52 26 17 62 68
81 60 45 56 80 18
29 14 9 63 74 82
69 64 20 94 21 23
14 4 74 81 95 60
9 78 16 67 76 90
100 83 64 3 51 78
78 87 77 53 69 13
60 95 78 72 13 64
60 94 20 64 76 2
83 68 38 62 15 84
59 33 91 25 77 28
82 69 59 8 68 67
5 71 49 88 13 52
47 54 73 75 81 55
44 97 28 58 79 5
56 60 42 48 56 88
98 81 64 85 51 8
34 62 56 87 87 61
54 96 64 30 54 50
12 55 54 67 51 99
99 20 55 55 68 57
92 72 19 12 52 100
60 51 98 93 2 51
91 66 11 58 64 89
52 93 23 90 65 87
37 2 39 31 94 91
60 64 62 65 41 23
15 78 54 7 52 96
100 54 2 59 60 72
58 70 59 95 8 68
62 2 77 90 3 84
17 87 63 52 76 56
63 83 22 3 68 51
85 86 47 67 25 13
86 56 90 55 59 2
52 89 77 4 18 72
93 25 96 45 3 4
65 10 67 58 60 70
68 61 86 6 78 51
59 35 71 88 69 53
85 72 91 10 52 58
67 76 54 84 10 97
64 84 98 16 67 53
58 58 96 54 55 55
12 87 27 78 58 95
52 74 91 32 45 62
57 64 71 72 76 13
31 51 58 71 65 55
53 68 28 95 26 57
69 99 67 52 22 46
9 53 21 60 59 49
82 92 33 18 37 52
57 54 62 73 52 53
33 48 78 4 70 24
60 70 79 43 61 25
85 82 63 97 1 90
65 24 22 52 62 51
30 20 78 83 76 68
82 72 5 99 67 87
2 43 65 37 59 33
98 37 40 70 34 83
63 8 58 53 80 86
62 82 94 99 29 32
61 58 68 95 16 24
27 30 60 78 95 57
69 88 71 57 18 71
53 6 59 87 91 78
35 63 57 41 33 4
7 83 31 29 2 88
11 84 44 57 28 83
70 32 94 8 70 23
59 72 51 33 89 7
69 64 9 9 56 55
90 54 98 96 6 31
21 65 77 93 9 87
92 56 68 66 74 7
63 59 85 54 24 10
27 67 100 54 34 86
76 69 93 92 11 54
83 64 66 34 70 51
66 61 59 70 38 77
78 8 58 57 24 14
72 81 99 28 27 56
52 58 63 43 77 55
84 8 61 30 55 65
34 89 8 56 59 83
56 10 100 72 99 56
83 53 82 52 52 22
89 68 3 83 46 68
55 27 87 68 44 63
67 31 82 11 93 63
53 60 1 78 67 82
78 73 7 57 57 99
31 96 91 18 100 53
76 54 53 95 61 17
33 2 100 44 82 72
59 51 100 57 52 20
7 52 90 69 52 75
45 10 66 72 14 69
68 38 71 17 81 74
4 51 86 99 55 52
31 72 35 92 24 73
90 90 79 3 57 2
76 6 82 57 71 99
55 11 96 86 48 64
97 60 67 1 87 82
66 32 6 15 82 2
2 84 62 17 97 31
52 22 65 34 65 57
78 51 86 30 51 71
