300 6
86 30 64 6 86 90
70 81 60 33 79 96
94 66 51 71 86 53
28 3 78 55 92 99
80 82 81 89 84 55
80 58 86 80 84 14
64 63 88 11 76 89
75 72 76 51 93 56
76 94 26 96 98 67
83 91 53 79 1 74
94 33 36 78 23 45
53 65 84 12 74 60
73 72 81 58 35 66
71 65 75 17 75 100
90 11 59 14 20 65
30 56 58 69 53 75
57 62 87 66 57 94
42 68 65 85 53 66
38 62 73 29 62 23
20 40 10 81 85 94
79 72 42 56 27 96
56 81 46 61 58 18
63 11 99 78 80 11
29 32 63 88 51 88
7 91 84 74 82 95
20 60 5 82 60 90
40 74 61 84 38 80
63 99 57 95 25 8
53 13 33 33 64 83
79 52 75 13 82 81
98 34 45 55 84 67
54 76 98 79 26 86
99 2 69 85 57 70
92 98 77 88 13 51
30 45 93 94 56 21
55 56 74 25 66 81
94 95 16 98 43 78
90 61 60 37 11 65
73 70 90 67 59 20
39 23 10 85 56 98
57 69 63 93 29 82
52 29 74 73 51 64
52 54 1 58 39 45
79 88 17 97 68 27
44 99 46 37 59 72
13 91 81 11 56 83
77 52 77 89 86 8
75 51 51 53 69 63
51 99 65 93 93 8
49 95 37 68 72 64
52 53 89 59 96 60
82 70 42 92 15 94
93 61 65 80 80 22
95 54 72 89 10 47
64 60 54 74 34 65
79 9 3 76 97 92
84 60 85 25 53 93
21 59 72 63 100 59
10 81 100 40 83 63
98 29 43 31 76 94
4 100 79 87 68 59
26 15 98 54 76 62
59 40 78 46 3 84
74 60 80 44 89 72
72 91 72 57 64 75
66 52 59 95 25 68
22 20 76 98 79 33
89 20 54 45 34 57
54 16 89 90 68 75
69 41 76 57 56 51
44 48 11 86 53 85
47 39 33 98 14 57
64 41 15 92 54 53
82 47 77 54 23 89
52 69 64 57 96 46
88 8 7 6 85 52
90 5 63 76 41 64
74 54 86 51 84 2
76 12 91 38 93 61
69 10 95 3 69 79
85 2 68 51 59 60
58 81 93 65 22 89
48 40 47 69 100 94
30 51 75 9 86 24
73 82 66 26 80 94
24 29 92 78 61 66
4 84 46 69 65 44
75 49 61 68 80 56
86 5 45 41 96 91
57 19 57 84 6 81
70 33 56 75 39 28
88 26 50 90 26 58
26 75 87 65 72 27
5 84 4 64 77 14
66 56 51 35 16 81
95 59 22 80 9 62
68 57 72 62 8 30
70 8 68 68 94 10
66 48 60 20 77 73
40 30 86 50 63 37
61 73 98 36 36 76
5 61 58 96 77 51
21 69 96 88 65 73
22 95 11 52 55 68
74 21 16 75 95 72
79 78 70 74 86 25
80 53 100 84 77 8
85 88 61 71 41 14
82 65 73 96 78 21
56 74 51 39 24 79
10 91 66 58 93 87
96 88 75 58 27 58
51 54 49 38 65 78
76 48 76 29 78 10
30 46 22 52 76 55
20 69 65 80 86 97
17 85 64 98 57 98
52 71 27 54 8 74
71 13 13 65 93 88
58 79 51 10 98 28
70 19 17 72 87 79
97 15 73 96 74 59
51 72 72 80 59 59
64 78 12 17 99 78
57 8 71 62 60 17
9 56 86 64 66 74
97 70 66 93 1 69
36 97 80 57 51 92
100 69 6 63 11 61
86 74 60 20 60 55
51 72 73 65 53 60
78 64 67 36 63 60
8 73 65 64 80 80
79 6 64 64 84 37
100 32 95 8 29 92
92 87 78 12 81 91
62 65 67 95 86 23
51 66 31 65 11 82
87 67 86 56 54 78
76 81 98 2 71 87
79 88 3 8 63 92
30 77 75 55 54 100
74 11 72 49 70 93
35 72 70 91 68 59
56 49 69 63 20 4
54 62 51 4 71 11
49 2 67 66 76 93
69 67 61 52 54 73
80 78 4 66 37 98
96 18 83 80 59 57
8 41 90 73 83 64
12 8 56 65 76 23
98 91 100 45 72 10
92 73 10 58 18 72
74 57 97 15 71 2
97 91 94 58 70 9
73 84 100 2 55 50
44 29 56 53 60 83
74 14 76 16 88 23
81 62 79 37 4 99
55 61 57 85 76 16
21 91 85 78 4 32
16 58 63 61 61 66
39 46 66 53 45 98
79 72 68 4 47 3
61 32 44 80 80 53
88 69 1 85 84 8
63 73 89 15 60 87
80 90 53 63 82 10
27 24 61 41 67 65
51 71 65 89 7 56
60 27 66 68 59 60
78 18 63 11 68 23
11 69 96 56 82 81
87 64 94 53 52 66
90 44 83 13 60 87
12 30 52 71 93 56
59 18 94 90 64 12
88 32 53 91 16 85
46 56 6 81 99 54
72 53 94 96 1 74
25 10 79 51 38 70
79 75 71 2 76 61
51 76 83 25 53 75
67 53 54 21 89 70
61 10 75 99 38 64
71 39 79 68 58 64
9 72 57 57 68 73
14 12 63 99 80 18
49 60 89 52 51 48
23 73 59 54 3 96
43 68 93 84 60 32
88 3 13 61 93 98
45 4 64 65 75 46
56 44 19 64 70 40
10 99 42 48 21 93
3 76 54 24 65 75
95 23 96 61 39 9
57 70 15 54 93 24
60 4 78 63 68 54
54 59 66 75 36 62
78 68 70 56 26 59
83 58 29 61 78 22
8 100 68 71 64 65
14 56 56 71 65 44
62 61 42 2 69 52
87 7 38 70 54 22
71 65 10 74 69 18
36 57 64 11 94 100
3 84 54 41 54 87
20 88 100 63 99 54
98 59 69 35 64 53
1 35 55 82 21 61
73 8 7 79 52 80
35 59 59 95 62 54
68 63 62 54 51 23
4 70 96 88 23 44
25 75 34 91 65 26
32 98 10 79 51 28
12 51 66 100 62 55
24 44 52 82 68 75
74 82 70 18 54 36
95 21 4 87 58 52
95 87 64 26 1 13
98 84 8 28 15 82
89 52 52 62 52 100
77 74 87 63 1 88
94 15 81 59 53 62
73 73 23 67 25 41
93 4 37 50 70 19
71 37 12 53 77 85
60 59 89 36 64 74
71 75 61 55 53 4
54 33 60 5 90 64
51 31 54 17 85 81
92 50 60 26 82 64
59 78 40 51 76 54
3 86 46 48 55 40
83 68 1 98 91 44
50 55 24 53 72 55
24 99 7 1 94 83
83 67 76 53 52 59
58 75 68 1 39 82
58 51 51 15 8 95
45 6 40 78 88 41
90 83 14 36 71 91
70 87 5 76 14 99
65 1 91 96 56 80
97 38 76 22 63 61
59 49 73 51 71 57
26 82 73 37 11 7
69 57 97 21 87 4
54 60 53 22 71 86
87 62 23 57 13 77
82 37 23 73 77 9
81 42 51 22 89 51
42 100 66 67 92 1
71 98 14 31 20 88
96 71 73 50 6 96
29 89 8 2 99 97
58 11 39 57 22 78
85 73 55 57 59 73
2 56 29 12 89 93
64 17 72 12 95 85
73 58 23 5 82 86
69 61 89 51 79 15
62 20 70 62 17 95
52 7 100 93 65 94
81 4 41 85 8 76
25 79 93 88 54 53
64 53 79 51 76 29
24 75 21 26 61 67
95 2 100 62 52 73
71 84 48 67 23 48
91 2 67 84 72 95
42 59 65 75 68 16
46 78 83 59 20 69
87 83 63 36 59 54
53 71 90 76 23 59
33 3 87 89 81 66
59 38 9 15 73 74
77 64 74 58 66 14
9 93 99 30 92 63
40 59 93 90 40 19
11 32 97 56 41 25
56 54 47 76 5 25
4 77 25 69 59 85
76 71 75 82 2 63
21 74 66 54 97 57
52 41 62 76 51 56
59 23 91 77 34 63
53 55 54 95 62 11
66 73 100 28 51 83
100 100 55 20 43 83
69 52 20 55 82 24
52 53 72 69 65 54
51 94 23 1 51 61
19 32 50 88 71 68
73 67 3 52 80 82
87 94 68 24 13 66
