19 19 4 5 55 20 2 20 64 75 11 0 70
77 31 81 37 52 47 52 43 82 22 22 55 73
39 14 14 44 52 60 86 2 92 50 72 49 64
59 72 27 30 19 44 86 56 63 47 46 98 25
4 94 95 13 37 74 95 25 61 44 57 55 81
79 44 98 100 84 18 71 22 39 2 42 35 63
16 24 82 70 18 53 88 13 32 0 38 83 65
61 60 88 42 50 77 50 38 94 72 26 67 69
33 42 30 79 52 83 78 28 27 54 9 93 35
68 7 22 64 3 45 62 88 3 50 97 83 74
86 72 81 19 13 14 31 6 3 28 92 57 6
51 98 73 77 72 38 76 19 60 50 7 57 0
82 49 8 83 4 45 98 69 40 85 12 85 42
76 28 71 69 64 40 72 21 10 64 54 13 60
14 75 38 22 94 86 13 11 82 56 74 22 48
62 32 49 63 42 89 37 6 36 22 53 44 19
57 39 59 96 64 92 82 93 1 7 71 49 59
49 100 1 57 34 21 52 72 100 75 11 6 93
72 10 91 25 94 13 36 42 100 60 1 19 56
6 21 63 1 40 1 28 66 16 56 36 49 28
