200 7
0.18 0.96 0.39 0.26 0.22 0.07 0.75
0.65 0.55 0.90 0.61 0.57 0.75 0.74
0.56 0.78 0.51 0.36 0.97 0.89 0.55
0.29 0.06 0.38 0.24 0.89 0.30 0.74
0.73 0.95 0.70 0.53 0.84 0.90 0.61
0.18 0.19 0.21 0.28 0.84 0.39 0.31
0.85 0.38 0.13 0.30 0.44 0.19 0.47
0.96 0.17 0.68 0.58 0.74 0.98 0.91
0.59 0.83 0.51 0.91 0.83 0.65 0.62
0.80 0.43 0.09 0.25 0.07 0.29 0.43
0.54 0.50 0.03 0.38 0.10 0.34 0.28
0.79 0.09 0.68 0.89 0.64 0.63 0.52
0.16 0.96 1.00 0.67 0.70 0.30 0.51
0.67 0.84 0.04 0.46 0.79 0.31 0.89
0.77 0.57 0.63 0.70 0.19 0.71 0.23
0.63 0.42 0.50 0.30 0.24 0.11 0.50
0.19 0.68 0.60 0.72 0.69 0.37 0.64
0.51 0.65 0.13 0.92 0.59 0.67 0.77
0.36 0.74 0.66 0.92 0.32 0.85 0.97
0.06 0.14 0.15 0.36 0.30 0.49 0.24
0.99 0.61 0.80 0.55 0.89 0.70 0.22
0.26 0.51 0.25 0.33 0.24 0.21 0.05
0.04 0.90 0.87 0.75 0.62 0.57 0.71
0.25 0.45 0.23 0.31 0.47 0.76 0.59
0.12 0.76 0.61 0.84 0.12 0.87 0.28
0.01 0.17 0.19 0.72 0.25 0.20 0.67
0.53 0.06 0.41 0.40 0.45 0.34 0.15
0.37 0.56 0.22 0.70 0.60 0.39 0.05
0.86 0.70 0.69 0.08 0.63 0.67 0.25
0.28 0.48 0.34 0.04 0.27 0.53 0.66
0.46 0.12 0.27 0.22 0.99 0.40 0.26
0.55 0.75 0.45 0.30 0.88 0.18 0.69
0.02 0.80 0.82 0.89 0.13 0.88 0.37
0.88 0.59 0.06 0.52 0.26 0.26 0.81
0.57 0.55 0.39 0.93 0.02 0.71 0.68
0.10 0.14 0.05 0.07 0.40 0.50 0.86
0.18 0.98 0.01 0.98 0.49 1.00 0.83
0.42 0.15 0.02 0.92 0.55 0.90 1.00
0.38 0.60 0.80 0.69 0.85 0.15 0.82
0.41 0.28 0.01 0.26 0.36 0.38 0.30
0.13 0.69 0.77 0.72 0.17 0.65 0.16
0.14 0.10 0.67 0.67 0.56 0.52 0.83
0.61 0.92 0.24 0.18 0.38 0.19 0.53
0.09 0.83 0.45 0.76 0.06 0.22 0.88
0.11 0.09 0.16 0.36 0.80 0.63 0.90
0.92 0.93 0.97 0.22 0.07 0.98 0.79
0.90 0.62 0.87 0.06 0.25 0.73 0.83
0.39 0.07 0.08 0.86 0.16 0.12 0.22
0.34 0.91 0.19 0.90 0.89 0.48 0.13
0.63 0.24 0.80 0.06 0.55 0.30 0.84
0.21 0.08 0.25 0.91 0.80 0.13 0.66
0.97 0.91 0.75 0.92 0.11 0.54 0.03
0.63 0.61 0.30 1.00 0.28 0.10 0.55
0.76 0.75 0.76 0.56 0.85 0.85 0.02
0.22 0.83 0.33 0.47 0.06 0.05 0.18
0.36 0.95 0.24 0.37 0.90 0.25 0.08
0.89 0.67 0.54 0.51 0.10 0.58 0.24
0.11 0.82 0.84 0.11 0.92 1.00 0.51
0.34 0.06 0.55 0.86 0.52 0.96 0.66
0.89 0.08 0.34 0.27 0.41 0.10 0.13
0.29 0.51 0.60 0.03 0.77 0.94 0.82
0.13 0.55 0.36 0.26 0.65 0.24 0.55
0.21 0.59 0.67 0.23 1.00 0.23 0.80
0.80 0.38 0.67 0.05 0.30 0.23 0.38
0.99 0.04 0.83 0.66 0.88 0.63 0.33
0.22 0.81 0.14 0.41 0.02 0.79 0.67
0.72 0.99 0.65 0.25 0.25 0.51 0.58
0.06 0.01 0.25 0.11 0.39 0.12 0.22
0.66 0.78 0.19 0.99 0.79 0.93 0.14
0.10 0.39 0.70 0.07 0.88 0.27 0.61
0.08 0.75 0.73 0.01 0.29 0.11 0.73
0.27 0.30 0.32 0.49 0.01 0.24 0.56
0.96 0.06 0.12 0.84 0.31 0.64 0.94
0.14 0.93 0.14 0.56 0.29 0.09 0.54
0.79 0.60 0.57 0.54 0.22 0.01 0.53
0.85 0.54 0.05 0.46 0.01 0.04 0.06
0.64 0.83 0.62 0.74 0.44 0.01 0.20
0.20 0.41 0.17 0.10 0.14 0.38 0.12
0.54 0.97 0.19 0.63 0.53 0.07 0.98
0.93 0.50 0.15 0.56 0.57 0.06 0.16
0.10 0.06 0.81 0.64 0.86 0.97 0.13
0.54 0.25 0.42 0.68 0.23 0.51 0.82
0.86 0.84 0.71 0.39 0.67 0.97 0.01
0.15 0.45 0.11 0.44 0.43 0.32 0.18
0.96 0.18 0.73 0.09 0.86 0.59 0.81
0.07 0.51 0.24 0.28 0.17 0.27 0.43
0.34 0.51 0.53 0.96 0.64 0.91 0.04
0.85 0.41 0.20 0.85 0.88 0.16 0.52
0.54 0.51 0.56 0.30 0.58 0.05 0.74
0.06 0.51 0.50 0.08 0.68 0.32 0.46
0.91 0.53 0.98 0.01 0.90 0.22 0.90
0.45 0.44 0.09 0.10 0.77 0.13 0.06
0.75 0.70 1.00 0.88 0.54 0.06 0.78
0.31 0.13 0.15 0.41 0.38 0.43 0.54
0.84 0.10 0.63 0.19 0.08 0.96 0.71
0.61 0.50 0.69 0.53 0.61 0.79 0.06
0.01 0.35 0.98 0.17 0.28 0.11 0.35
0.04 0.59 0.77 0.78 0.98 0.63 0.54
0.28 0.56 0.03 0.13 0.04 0.27 0.10
0.87 0.26 0.84 0.68 0.65 0.05 1.00
0.74 0.17 0.79 0.19 0.26 0.96 0.14
0.55 0.83 0.48 0.73 0.55 0.01 0.97
0.04 0.10 0.49 0.13 0.24 0.22 0.49
0.57 0.53 0.78 0.03 0.43 0.80 0.69
0.64 0.61 0.99 0.25 0.65 0.53 0.05
0.11 0.23 0.18 0.22 0.15 0.31 0.05
0.96 0.76 0.79 0.18 0.87 0.94 0.03
0.01 0.82 0.84 0.84 0.92 0.93 0.53
0.25 0.38 0.15 0.67 0.46 0.28 0.17
0.27 0.13 0.87 0.61 0.87 0.78 0.01
0.38 0.98 0.80 0.07 0.24 0.81 0.78
0.57 0.40 0.39 0.73 0.97 0.68 0.03
0.82 0.62 0.07 0.85 0.18 0.03 0.84
1.00 0.09 0.11 0.19 0.21 0.94 0.12
0.64 0.81 0.73 0.37 1.00 0.64 0.03
0.21 0.24 0.04 0.96 0.13 0.33 0.06
0.84 1.00 0.19 0.67 0.80 0.66 0.02
0.17 0.03 0.90 0.97 0.33 0.62 0.96
0.87 0.57 0.95 0.09 0.73 0.91 0.30
0.27 0.79 0.25 0.17 0.26 0.51 0.02
0.61 0.19 0.69 0.52 0.09 0.70 0.67
0.11 0.45 0.14 0.03 0.01 0.49 0.27
0.71 1.00 0.05 0.07 0.63 0.80 0.60
0.92 0.18 0.94 0.83 0.76 0.60 0.10
0.23 0.13 0.85 0.99 0.39 0.37 0.06
0.71 0.52 0.63 0.55 0.86 0.02 0.76
0.78 0.54 0.01 0.85 0.14 0.09 0.03
0.46 0.18 0.24 0.53 0.31 0.27 0.15
0.77 0.44 0.60 0.83 0.43 0.07 0.84
0.91 0.10 0.58 0.44 0.14 0.51 0.83
0.45 0.71 0.94 0.66 0.88 0.09 0.60
0.49 0.36 0.17 0.02 0.37 0.28 0.15
0.54 0.69 0.89 0.21 0.27 0.32 0.07
0.05 0.89 0.80 0.96 0.62 0.83 0.39
0.24 0.96 0.09 0.94 0.81 0.85 0.58
0.42 0.38 0.05 0.28 0.44 0.15 0.79
0.80 0.22 0.47 0.34 0.59 0.10 0.62
0.84 0.59 0.31 0.98 0.94 0.02 0.67
0.50 0.58 1.00 0.54 0.79 0.03 0.64
0.40 0.05 0.58 0.19 0.35 0.46 0.96
0.56 0.08 0.52 0.64 0.20 0.47 0.77
0.50 0.17 0.56 0.04 0.14 0.62 0.35
0.66 0.58 0.09 0.06 0.95 0.78 0.04
0.75 0.87 0.31 0.06 0.79 0.84 0.14
0.53 0.86 0.02 1.00 0.67 0.66 0.01
0.19 0.93 0.21 0.02 0.13 0.87 0.28
1.00 0.43 0.77 0.07 0.15 0.51 0.51
0.85 0.83 0.75 0.22 0.24 0.13 0.64
0.02 0.92 0.91 0.65 0.61 0.78 0.55
0.27 0.23 0.61 0.85 0.37 0.09 0.02
0.48 0.94 0.22 0.22 0.40 0.12 0.96
0.68 0.20 0.75 0.27 0.35 0.92 0.34
0.01 0.52 0.92 0.53 0.84 0.81 0.66
0.24 0.04 0.02 0.69 0.05 0.12 0.01
0.59 0.60 0.09 0.03 0.63 0.92 0.61
0.29 0.45 0.26 0.01 0.41 0.13 0.03
0.98 0.48 0.82 0.10 0.03 0.67 0.12
0.52 0.56 0.21 0.57 0.89 0.68 0.01
0.69 0.02 0.10 0.58 0.70 0.69 0.53
0.02 0.96 0.13 0.66 0.92 0.70 0.86
0.14 0.62 0.15 0.26 0.45 0.06 0.28
0.01 0.92 0.76 0.61 0.81 0.81 0.90
0.01 0.01 0.55 0.13 0.42 0.29 0.13
0.07 0.51 0.09 0.67 0.98 0.74 0.11
0.94 0.15 0.97 0.56 0.79 0.81 0.07
0.39 0.17 0.11 0.81 0.03 0.02 0.40
0.06 0.27 0.07 0.74 0.79 0.87 0.40
0.89 0.68 0.91 0.02 0.57 0.12 0.04
0.60 0.01 0.08 0.82 0.54 0.41 0.29
0.86 0.16 0.89 0.44 0.23 0.73 0.93
0.04 0.58 0.66 0.12 0.88 0.60 0.22
0.83 0.72 0.53 0.10 0.59 0.08 0.66
0.74 0.65 0.69 0.03 0.89 0.06 1.00
0.43 0.20 0.05 0.42 0.10 0.10 0.50
0.96 0.72 0.17 0.83 0.90 0.01 0.87
0.71 0.77 0.52 0.43 0.12 0.03 0.16
0.97 0.51 0.02 0.19 0.10 0.90 0.64
0.96 0.42 0.85 0.74 0.86 0.03 0.70
0.10 0.14 0.09 0.11 0.35 0.06 0.17
0.34 0.90 0.55 0.07 0.77 0.12 0.73
0.15 0.55 0.86 0.56 0.55 0.02 0.90
0.52 0.63 0.05 0.37 0.59 0.21 0.44
0.73 0.34 0.82 0.18 0.10 0.97 0.81
0.31 0.93 0.85 0.75 0.75 0.01 0.95
0.35 0.29 0.02 0.33 0.91 0.50 0.32
0.63 0.19 0.34 0.01 0.69 0.41 0.99
0.61 0.25 0.06 0.32 0.73 0.96 0.53
0.40 0.45 0.07 0.52 0.80 0.62 0.19
0.09 0.78 0.14 0.89 0.66 0.71 0.78
0.96 0.86 0.66 0.51 0.98 0.02 0.09
0.92 0.47 0.04 0.65 0.70 0.35 0.55
0.89 0.01 0.12 0.48 0.25 0.33 0.53
0.80 0.45 0.56 0.67 0.37 0.01 0.26
0.54 0.82 0.11 0.01 0.47 0.41 0.89
0.91 0.79 0.43 0.07 0.76 0.10 0.96
0.03 0.75 0.99 0.83 0.10 0.92 0.84
0.33 0.03 0.14 0.18 0.46 0.82 0.28
0.84 0.51 0.91 0.58 0.06 0.32 0.54
0.15 0.87 0.35 0.18 0.95 0.01 0.91
0.81 0.69 0.83 0.79 0.61 0.11 0.06
