200 7
18 96 39 26 22 7 75
65 55 90 61 57 75 74
56 78 51 36 97 89 55
29 6 38 24 89 30 74
73 95 70 53 84 90 61
18 19 21 28 84 39 31
85 38 13 30 44 19 47
96 17 68 58 74 98 91
59 83 51 91 83 65 62
80 43 9 25 7 29 43
54 50 3 38 10 34 28
79 9 68 89 64 63 52
16 96 100 67 70 30 51
67 84 4 46 79 31 89
77 57 63 70 19 71 23
63 42 50 30 24 11 50
19 68 60 72 69 37 64
51 65 13 92 59 67 77
36 74 66 92 32 85 97
6 14 15 36 30 49 24
99 61 80 55 89 70 22
26 51 25 33 24 21 5
4 90 87 75 62 57 71
25 45 23 31 47 76 59
12 76 61 84 12 87 28
1 17 19 72 25 20 67
53 6 41 40 45 34 15
37 56 22 70 60 39 5
86 70 69 8 63 67 25
28 48 34 4 27 53 66
46 12 27 22 99 40 26
55 75 45 30 88 18 69
2 80 82 89 13 88 37
88 59 6 52 26 26 81
57 55 39 93 2 71 68
10 14 5 7 40 50 86
18 98 1 98 49 100 83
42 15 2 92 55 90 100
38 60 80 69 85 15 82
41 28 1 26 36 38 30
13 69 77 72 17 65 16
14 10 67 67 56 52 83
61 92 24 18 38 19 53
9 83 45 76 6 22 88
11 9 16 36 80 63 90
92 93 97 22 7 98 79
90 62 87 6 25 73 83
39 7 8 86 16 12 22
34 91 19 90 89 48 13
63 24 80 6 55 30 84
21 8 25 91 80 13 66
97 91 75 92 11 54 3
63 61 30 100 28 10 55
76 75 76 56 85 85 2
22 83 33 47 6 5 18
36 95 24 37 90 25 8
89 67 54 51 10 58 24
11 82 84 11 92 100 51
34 6 55 86 52 96 66
89 8 34 27 41 10 13
29 51 60 3 77 94 82
13 55 36 26 65 24 55
21 59 67 23 100 23 80
80 38 67 5 30 23 38
99 4 83 66 88 63 33
22 81 14 41 2 79 67
72 99 65 25 25 51 58
6 1 25 11 39 12 22
66 78 19 99 79 93 14
10 39 70 7 88 27 61
8 75 73 1 29 11 73
27 30 32 49 1 24 56
96 6 12 84 31 64 94
14 93 14 56 29 9 54
79 60 57 54 22 1 53
85 54 5 46 1 4 6
64 83 62 74 44 1 20
20 41 17 10 14 38 12
54 97 19 63 53 7 98
93 50 15 56 57 6 16
10 6 81 64 86 97 13
54 25 42 68 23 51 82
86 84 71 39 67 97 1
15 45 11 44 43 32 18
96 18 73 9 86 59 81
7 51 24 28 17 27 43
34 51 53 96 64 91 4
85 41 20 85 88 16 52
54 51 56 30 58 5 74
6 51 50 8 68 32 46
91 53 98 1 90 22 90
45 44 9 10 77 13 6
75 70 100 88 54 6 78
31 13 15 41 38 43 54
84 10 63 19 8 96 71
61 50 69 53 61 79 6
1 35 98 17 28 11 35
4 59 77 78 98 63 54
28 56 3 13 4 27 10
87 26 84 68 65 5 100
74 17 79 19 26 96 14
55 83 48 73 55 1 97
4 10 49 13 24 22 49
57 53 78 3 43 80 69
64 61 99 25 65 53 5
11 23 18 22 15 31 5
96 76 79 18 87 94 3
1 82 84 84 92 93 53
25 38 15 67 46 28 17
27 13 87 61 87 78 1
38 98 80 7 24 81 78
57 40 39 73 97 68 3
82 62 7 85 18 3 84
100 9 11 19 21 94 12
64 81 73 37 100 64 3
21 24 4 96 13 33 6
84 100 19 67 80 66 2
17 3 90 97 33 62 96
87 57 95 9 73 91 30
27 79 25 17 26 51 2
61 19 69 52 9 70 67
11 45 14 3 1 49 27
71 100 5 7 63 80 60
92 18 94 83 76 60 10
23 13 85 99 39 37 6
71 52 63 55 86 2 76
78 54 1 85 14 9 3
46 18 24 53 31 27 15
77 44 60 83 43 7 84
91 10 58 44 14 51 83
45 71 94 66 88 9 60
49 36 17 2 37 28 15
54 69 89 21 27 32 7
5 89 80 96 62 83 39
24 96 9 94 81 85 58
42 38 5 28 44 15 79
80 22 47 34 59 10 62
84 59 31 98 94 2 67
50 58 100 54 79 3 64
40 5 58 19 35 46 96
56 8 52 64 20 47 77
50 17 56 4 14 62 35
66 58 9 6 95 78 4
75 87 31 6 79 84 14
53 86 2 100 67 66 1
19 93 21 2 13 87 28
100 43 77 7 15 51 51
85 83 75 22 24 13 64
2 92 91 65 61 78 55
27 23 61 85 37 9 2
48 94 22 22 40 12 96
68 20 75 27 35 92 34
1 52 92 53 84 81 66
24 4 2 69 5 12 1
59 60 9 3 63 92 61
29 45 26 1 41 13 3
98 48 82 10 3 67 12
52 56 21 57 89 68 1
69 2 10 58 70 69 53
2 96 13 66 92 70 86
14 62 15 26 45 6 28
1 92 76 61 81 81 90
1 1 55 13 42 29 13
7 51 9 67 98 74 11
94 15 97 56 79 81 7
39 17 11 81 3 2 40
6 27 7 74 79 87 40
89 68 91 2 57 12 4
60 1 8 82 54 41 29
86 16 89 44 23 73 93
4 58 66 12 88 60 22
83 72 53 10 59 8 66
74 65 69 3 89 6 100
43 20 5 42 10 10 50
96 72 17 83 90 1 87
71 77 52 43 12 3 16
97 51 2 19 10 90 64
96 42 85 74 86 3 70
10 14 9 11 35 6 17
34 90 55 7 77 12 73
15 55 86 56 55 2 90
52 63 5 37 59 21 44
73 34 82 18 10 97 81
31 93 85 75 75 1 95
35 29 2 33 91 50 32
63 19 34 1 69 41 99
61 25 6 32 73 96 53
40 45 7 52 80 62 19
9 78 14 89 66 71 78
96 86 66 51 98 2 9
92 47 4 65 70 35 55
89 1 12 48 25 33 53
80 45 56 67 37 1 26
54 82 11 1 47 41 89
91 79 43 7 76 10 96
3 75 99 83 10 92 84
33 3 14 18 46 82 28
84 51 91 58 6 32 54
15 87 35 18 95 1 91
81 69 83 79 61 11 6
