200 7
0.46 0.16 0.66 0.54 0.89 0.60 0.70
0.97 0.59 0.69 0.61 0.72 0.78 0.60
0.05 0.91 0.59 0.57 0.64 0.03 0.54
0.43 0.99 0.23 0.71 0.63 0.87 0.58
0.96 0.67 0.98 0.64 0.66 0.78 0.08
0.33 0.26 0.41 0.40 0.48 0.27 0.43
0.50 0.06 0.79 0.13 0.46 0.16 0.05
0.34 0.57 0.29 0.06 0.45 0.57 0.22
0.40 0.95 0.26 0.14 0.95 0.27 0.26
0.70 0.76 0.77 0.70 0.23 0.46 0.71
0.13 0.16 0.26 0.43 0.14 0.45 0.14
0.60 0.94 0.24 0.90 0.11 0.66 0.39
0.61 0.39 0.39 0.23 0.10 0.48 0.19
0.24 0.08 0.44 0.11 0.30 0.53 0.75
0.09 0.87 0.02 0.56 0.97 0.56 0.18
0.99 0.96 0.07 0.59 0.77 0.36 0.25
0.04 0.88 0.66 0.62 0.55 0.91 0.04
0.29 0.06 0.27 0.38 0.21 0.68 0.33
0.56 0.12 0.54 0.58 0.16 0.41 0.85
0.47 0.72 0.52 0.56 0.86 0.98 0.07
0.58 0.38 0.41 0.32 0.83 0.88 0.65
0.22 0.95 0.75 0.80 0.75 0.12 0.04
0.79 0.79 0.67 0.41 0.70 0.15 0.34
0.63 0.89 0.20 0.74 0.73 0.71 0.73
0.05 0.43 0.12 0.12 0.84 0.89 0.08
0.65 0.02 0.36 0.14 0.31 0.09 0.38
0.01 0.96 0.62 0.92 0.52 0.54 0.69
0.99 0.91 0.24 0.68 0.58 0.54 0.97
0.30 0.07 0.17 0.37 0.32 0.10 0.27
0.21 0.83 0.77 0.97 0.85 0.15 0.32
0.92 0.03 0.02 0.69 0.16 0.36 0.59
0.01 0.83 0.47 0.62 0.95 0.29 0.88
0.54 0.38 0.56 0.30 0.52 0.64 0.54
0.66 0.07 0.45 0.64 0.51 0.54 0.24
0.66 0.82 0.94 0.19 0.11 0.66 0.07
0.59 0.62 0.53 0.84 0.08 0.51 0.96
0.38 0.46 0.97 0.48 0.28 0.14 0.11
0.94 0.86 0.54 0.89 0.73 0.03 0.69
0.09 0.60 0.17 0.25 0.16 0.33 0.03
0.99 0.49 0.06 0.56 0.82 0.58 0.49
0.71 0.09 0.04 0.85 0.48 0.89 0.76
0.37 0.43 0.40 0.32 0.13 0.49 0.02
0.79 0.51 0.54 0.87 0.99 0.56 0.01
0.53 0.99 0.26 0.85 0.19 0.06 0.55
0.22 0.12 0.61 0.65 0.39 0.66 0.54
0.03 0.42 0.41 0.35 0.47 0.72 0.37
0.04 0.95 0.06 0.73 0.51 0.30 0.92
0.57 0.54 0.78 0.29 0.28 0.57 0.76
0.49 0.80 0.09 0.57 0.67 0.69 0.97
0.10 0.48 0.42 0.68 0.30 0.86 0.61
0.01 0.80 0.80 0.78 0.99 0.87 0.05
0.10 0.19 0.29 0.32 0.33 0.21 0.78
0.49 0.38 0.16 0.66 0.71 0.81 0.89
0.72 0.19 0.08 0.88 0.03 0.45 0.82
0.26 0.41 0.11 0.45 0.29 0.28 0.32
0.03 0.51 0.21 0.92 0.99 0.14 0.87
0.58 0.54 0.75 0.93 0.07 0.51 0.56
0.50 0.71 0.08 0.36 0.37 0.30 0.25
0.79 1.00 0.04 0.72 0.91 1.00 0.93
0.90 0.61 0.92 0.67 0.03 0.97 0.57
0.68 0.57 0.24 0.21 0.46 0.85 0.56
0.07 0.53 0.66 0.30 0.48 0.57 0.29
0.08 0.52 0.27 0.74 0.83 0.81 0.76
0.11 0.27 0.18 0.59 0.46 0.14 0.59
0.62 0.40 0.61 0.20 0.98 0.92 0.58
0.46 0.76 0.47 0.19 0.08 0.26 0.24
0.02 0.91 0.99 0.79 0.84 0.63 0.80
0.09 0.34 0.14 0.33 0.73 0.34 0.32
0.04 0.02 0.27 0.71 0.92 0.58 0.98
0.56 0.91 0.05 0.87 0.62 0.69 0.06
0.85 0.86 0.51 0.67 0.75 0.39 0.02
0.31 0.24 0.35 0.46 0.22 0.29 0.11
0.24 0.69 0.08 0.58 0.86 0.94 0.83
0.64 0.15 0.02 0.95 0.43 0.95 0.22
0.46 1.00 0.16 0.09 0.18 0.98 0.88
0.36 0.61 0.09 0.39 0.53 0.69 0.95
0.68 0.34 0.16 0.55 0.66 0.96 1.00
0.24 0.90 0.03 0.30 0.66 0.21 0.99
0.77 0.98 0.04 0.34 0.57 0.77 0.41
0.07 0.31 0.06 0.12 0.40 0.35 0.17
0.20 0.69 0.82 0.06 0.94 0.82 0.71
0.35 0.50 0.05 0.60 0.65 0.60 0.82
0.12 0.70 0.55 0.92 0.63 0.10 0.93
0.42 0.35 0.32 0.05 0.10 0.35 0.26
0.01 0.64 0.97 0.53 0.84 0.16 0.76
0.69 0.99 0.51 0.64 0.54 0.07 0.68
0.22 0.33 0.22 0.70 0.14 0.09 0.14
0.19 0.81 0.70 0.70 0.72 0.21 0.43
0.07 0.86 0.42 0.74 0.57 0.09 0.58
0.61 0.25 0.64 0.52 0.57 0.61 0.07
0.30 0.60 0.80 0.01 0.76 0.57 0.04
0.44 0.89 0.44 0.28 0.26 0.07 0.15
0.22 0.64 0.04 0.67 0.72 0.79 0.36
0.06 0.74 0.84 0.81 0.17 0.65 0.20
0.10 0.61 1.00 0.74 0.46 0.26 0.65
0.21 0.80 0.88 0.11 0.59 0.95 0.58
0.91 0.36 0.91 0.46 0.01 0.83 0.73
0.23 0.08 0.18 0.02 0.23 0.79 0.36
0.03 0.32 0.51 0.90 0.88 0.63 0.93
0.22 0.29 0.13 0.30 0.09 0.73 0.31
0.32 0.86 0.89 0.21 0.54 0.93 0.08
0.04 0.27 0.72 0.85 0.86 0.95 0.84
0.86 0.86 0.09 0.95 0.11 0.89 0.64
0.36 0.37 0.34 0.48 0.01 0.92 0.06
0.67 0.22 0.83 0.65 0.22 0.15 0.02
0.50 0.64 0.54 0.13 0.78 0.34 0.11
0.69 0.93 0.64 0.18 0.03 0.87 0.94
0.55 0.65 0.90 0.61 0.08 0.44 0.89
0.20 0.96 0.03 0.20 0.01 0.50 0.06
0.02 0.88 0.55 0.89 0.24 0.61 0.64
0.94 0.02 0.91 0.36 0.03 0.59 0.51
0.32 0.17 0.43 0.47 0.04 0.02 0.22
0.76 0.37 0.72 0.51 0.64 0.17 0.04
0.96 0.65 0.72 0.01 0.61 0.74 0.74
0.63 0.67 0.03 0.62 0.06 0.04 0.44
0.39 0.01 0.84 0.48 0.96 0.98 0.04
0.84 0.49 0.76 0.39 0.44 0.21 0.19
0.06 0.17 0.65 0.80 0.70 0.65 0.82
0.17 0.86 0.01 0.28 0.83 0.87 0.42
0.59 0.94 1.00 0.23 0.15 0.66 0.21
0.47 0.35 0.12 0.24 0.43 0.42 0.01
0.97 0.07 0.69 0.17 0.23 0.99 0.55
0.07 0.46 0.34 0.35 0.03 0.24 0.21
0.87 0.93 0.37 0.68 0.59 0.06 0.12
0.02 0.43 0.69 0.50 0.63 0.83 0.67
0.51 0.05 0.79 0.55 0.98 0.46 0.99
0.16 1.00 0.03 0.10 0.03 0.26 0.01
0.91 0.05 0.79 0.82 0.74 0.55 0.06
0.86 0.12 0.58 0.84 0.17 0.69 0.62
0.73 0.34 0.10 0.45 0.12 0.22 0.49
0.15 0.72 0.73 0.11 0.78 0.34 0.55
0.95 0.26 0.11 0.44 0.85 0.87 0.40
0.02 0.10 0.64 0.95 0.93 0.87 0.09
0.12 0.86 0.79 0.43 0.66 0.23 0.67
0.60 0.03 0.43 0.72 0.60 0.51 0.67
0.09 0.83 0.38 0.18 0.49 0.31 0.09
0.70 0.52 0.08 0.51 0.05 0.70 0.18
0.67 0.02 0.13 0.55 0.27 0.77 0.59
0.20 0.34 0.83 0.73 0.04 0.60 0.33
0.62 0.93 0.04 0.33 0.02 0.47 0.75
0.96 0.88 0.10 0.29 0.22 0.56 0.56
0.53 0.73 0.03 0.10 0.80 0.93 0.78
0.39 0.77 0.82 0.18 0.24 0.34 0.92
0.39 0.48 0.07 0.80 0.24 0.71 0.54
0.07 0.05 0.42 0.82 0.94 0.60 0.93
0.84 0.60 0.70 0.04 0.66 0.88 0.31
0.39 0.09 0.14 0.44 0.25 0.26 0.17
0.65 0.88 0.73 0.81 1.00 0.01 0.95
0.12 1.00 0.25 0.71 0.22 0.04 0.35
0.17 0.44 0.66 0.44 0.13 0.30 0.40
0.65 0.47 0.04 0.66 0.98 0.80 0.54
0.48 0.27 0.03 0.26 0.38 0.37 0.16
0.13 0.22 0.08 1.00 0.29 0.41 0.82
0.21 0.57 0.04 0.61 0.65 0.84 0.60
0.24 0.99 0.85 0.73 0.94 0.01 0.78
0.03 0.86 0.97 0.60 0.85 0.51 0.31
0.98 0.63 0.06 0.10 0.96 0.61 0.83
0.07 0.46 0.23 0.53 0.85 0.18 0.14
0.02 0.97 0.73 0.85 0.83 0.30 0.91
0.33 0.06 0.57 0.37 0.15 0.33 0.25
0.55 0.62 0.89 0.06 0.68 0.26 0.88
0.55 0.68 0.71 0.58 0.01 0.58 0.10
0.17 0.76 0.45 0.21 0.34 0.13 0.40
0.74 0.88 0.14 0.60 0.19 0.51 0.03
0.41 0.73 0.04 0.34 0.43 0.83 0.67
0.37 0.74 0.15 0.03 0.86 0.96 0.67
0.69 0.82 0.58 0.03 0.73 0.67 0.22
0.43 0.28 0.31 0.31 0.03 0.07 0.15
1.00 0.01 0.69 0.95 0.65 0.77 0.60
0.26 0.17 0.92 0.80 0.39 0.28 0.76
0.23 0.17 0.09 0.80 0.40 0.59 0.97
0.38 0.08 0.22 0.88 0.79 0.35 0.25
0.03 0.43 0.75 0.82 0.72 0.54 0.73
0.99 0.12 1.00 0.04 0.21 0.69 0.92
0.11 0.69 0.67 0.01 0.62 0.04 0.82
0.52 0.04 0.14 0.67 0.38 0.77 0.64
0.69 0.81 0.70 0.73 0.01 0.61 0.52
0.62 0.19 0.42 0.71 0.12 0.16 0.17
0.04 0.11 0.26 0.40 0.50 0.44 0.47
0.55 0.90 0.90 0.93 0.89 0.15 0.02
0.09 0.77 1.00 0.46 0.17 0.12 0.60
0.97 0.56 0.06 0.69 0.06 0.52 0.80
0.95 0.23 0.77 0.03 0.89 0.63 0.57
0.19 0.25 0.48 0.15 0.17 0.46 0.59
0.51 0.63 0.24 0.27 0.60 0.27 0.53
0.19 0.05 0.88 0.77 0.56 0.53 1.00
0.54 0.27 0.46 0.49 0.20 0.07 0.20
0.67 0.18 0.62 0.05 0.54 0.92 0.06
0.23 0.79 0.61 0.85 0.76 0.01 0.32
0.55 0.89 0.53 0.97 0.01 0.55 0.97
0.13 0.39 0.87 0.73 0.12 0.27 0.46
0.01 0.49 0.37 0.01 0.20 0.05 0.40
0.29 0.64 0.07 0.04 0.46 0.88 0.61
0.78 0.26 0.08 0.89 0.64 0.87 0.53
0.32 1.00 0.39 0.57 0.80 0.01 0.08
0.67 0.02 0.74 0.83 0.23 0.78 0.69
0.17 0.75 0.11 0.52 0.12 0.91 0.53
0.01 0.19 0.88 0.54 0.40 0.82 0.70
0.64 0.05 0.97 0.62 0.83 0.75 0.59
0.19 0.91 0.86 0.07 0.04 0.88 0.10
