200 7
0.47 0.07 0.19 0.83 0.80 0.22 0.16
0.63 0.10 0.43 0.43 0.61 0.57 0.56
0.48 0.93 0.68 0.62 0.54 0.63 0.83
0.49 0.96 0.10 0.70 0.53 0.15 0.15
0.62 0.86 0.68 0.55 0.93 0.58 0.48
0.64 0.76 0.93 0.76 0.29 0.89 0.52
0.76 0.29 0.25 0.05 0.37 0.41 0.86
0.18 0.67 0.40 0.47 0.58 0.08 0.36
0.18 0.10 0.42 0.93 0.76 0.48 0.25
0.65 0.76 0.92 0.98 0.32 0.91 0.95
0.26 0.13 0.16 0.50 0.08 0.30 0.10
1.00 0.01 0.13 0.41 0.78 0.04 0.41
0.69 0.87 0.61 0.19 0.42 0.69 0.63
0.65 0.69 0.18 0.26 0.25 0.53 0.14
0.13 0.79 0.75 0.70 0.42 0.77 0.24
0.01 0.07 0.43 0.58 0.26 0.69 0.30
0.10 0.59 0.95 0.65 0.57 0.56 0.84
0.12 0.81 0.42 0.06 0.33 0.82 0.15
0.68 0.94 0.86 0.06 0.37 0.52 0.92
0.67 0.19 0.21 0.01 0.02 0.65 0.28
0.58 0.44 0.16 0.10 0.40 0.34 0.11
0.98 0.56 0.88 0.61 0.64 0.26 0.81
0.19 0.50 0.40 0.24 0.95 0.47 0.30
0.64 1.00 0.59 0.05 0.95 0.75 0.89
0.39 0.40 0.11 0.47 0.36 0.47 0.27
0.12 0.88 0.08 0.99 0.90 0.99 0.84
0.79 0.71 0.04 0.63 0.59 0.59 0.66
0.66 0.14 0.68 0.96 0.55 0.22 0.64
0.35 0.23 0.62 0.39 0.77 0.38 0.81
0.46 0.21 0.24 0.11 0.93 0.54 0.32
0.39 0.81 0.47 0.16 0.95 0.73 0.42
0.84 0.70 0.85 0.68 0.73 0.18 0.05
0.05 0.35 0.05 0.10 0.45 0.26 0.10
0.19 0.90 0.58 0.66 0.11 0.51 0.84
0.87 0.05 0.66 0.92 0.09 0.16 0.52
0.79 0.57 0.94 0.02 0.73 0.24 0.56
0.22 0.83 0.66 0.88 0.16 1.00 0.02
0.76 0.54 0.78 0.52 0.63 0.19 0.53
0.03 0.49 0.60 0.47 0.15 0.43 0.34
0.52 0.63 0.94 0.10 0.46 0.58 0.09
0.82 0.17 0.50 0.20 0.80 0.55 0.49
0.36 0.81 0.39 0.48 0.33 0.04 0.05
0.51 0.78 0.52 0.57 0.03 0.71 0.62
0.04 0.01 0.43 0.20 0.46 0.35 0.33
0.61 0.44 0.81 0.51 0.86 0.22 0.65
0.50 0.86 0.03 0.65 0.95 0.93 0.62
0.15 0.59 0.75 0.09 0.37 0.90 0.04
0.88 0.33 0.12 0.16 0.93 0.44 1.00
0.56 0.82 1.00 0.67 0.65 0.01 0.80
0.13 0.27 0.17 0.44 0.17 0.09 0.30
0.69 0.77 0.01 0.73 0.63 0.87 0.86
0.26 0.37 0.16 0.22 0.08 0.84 0.23
0.61 0.99 0.15 0.20 0.84 0.08 0.66
0.01 0.09 0.63 0.53 0.65 0.97 0.56
1.00 0.50 0.31 0.36 0.13 0.21 0.25
0.82 0.79 0.73 0.59 0.68 0.07 0.74
0.20 0.13 0.07 0.30 0.23 0.24 0.94
0.54 0.42 0.02 0.64 0.88 0.56 0.79
0.89 0.28 0.04 0.78 0.98 0.56 0.55
0.30 0.34 0.04 0.23 0.02 0.51 0.22
0.97 0.70 0.71 0.45 0.37 0.07 0.50
0.41 0.67 0.06 0.52 0.34 0.19 0.21
0.67 0.06 0.73 0.85 0.07 0.51 0.85
0.71 0.02 0.75 0.90 0.44 0.62 0.67
0.68 0.61 0.77 0.15 0.18 0.47 0.59
0.08 0.25 0.25 0.22 0.50 0.51 0.97
0.94 0.11 0.84 0.91 0.10 0.80 0.35
0.01 0.93 0.73 0.11 0.84 0.89 0.82
0.63 0.10 0.24 0.28 0.06 0.83 0.29
0.61 0.61 0.67 0.05 0.89 0.71 0.60
0.51 0.02 0.47 0.13 0.48 0.08 0.77
0.15 0.29 0.84 0.06 0.32 0.22 0.45
0.72 0.48 0.03 0.57 0.89 0.81 0.80
0.79 0.76 0.08 0.82 0.80 0.08 0.97
0.10 0.49 0.27 0.80 0.23 0.41 0.37
0.86 0.77 0.79 0.54 0.92 0.03 0.77
0.88 0.12 0.99 0.15 0.69 0.47 0.06
0.19 0.44 0.04 0.14 0.33 0.33 0.06
0.53 0.02 0.70 0.01 0.96 0.45 0.71
0.74 0.06 0.85 0.95 0.41 0.47 0.02
0.82 0.84 0.72 0.20 0.19 0.56 0.70
0.90 0.99 0.96 0.12 0.43 0.01 0.96
0.75 0.06 0.66 0.86 0.34 0.26 0.82
0.02 0.87 0.86 0.95 0.76 0.73 0.25
0.45 0.47 0.05 0.07 0.10 0.32 0.36
0.60 0.47 0.88 0.08 0.55 0.93 0.28
0.15 0.76 0.86 0.23 0.20 0.66 0.76
0.93 0.98 0.55 0.23 0.53 0.12 0.23
0.80 0.57 0.08 0.54 0.86 0.73 0.02
0.69 0.27 0.10 0.10 0.13 0.03 0.20
0.53 0.80 0.88 0.76 0.13 0.10 0.73
0.48 0.82 0.65 0.06 0.80 0.94 0.07
0.24 0.47 0.76 0.03 0.81 0.61 0.32
0.10 0.58 0.23 0.99 0.38 0.78 0.62
0.61 0.19 0.84 0.66 0.65 0.16 0.42
0.13 0.11 0.28 0.86 0.25 0.21 0.11
0.81 0.17 0.51 0.09 0.56 0.63 0.92
0.81 0.31 0.96 0.77 0.03 0.52 0.83
0.33 0.36 0.07 0.29 0.96 0.23 0.36
0.26 0.88 0.78 0.25 0.20 0.29 0.47
0.97 0.80 0.61 0.76 0.79 0.01 0.83
0.35 0.04 0.18 0.94 0.87 0.48 0.96
0.30 0.54 0.56 0.17 0.67 0.20 0.87
0.57 0.28 0.07 0.06 0.54 0.97 0.84
0.13 0.68 0.71 0.24 0.82 0.99 0.09
0.50 0.06 0.38 0.84 0.39 0.36 0.36
0.65 0.33 0.60 0.01 0.36 0.93 0.64
0.14 0.27 0.27 0.82 0.13 0.90 0.71
0.75 0.93 0.79 0.77 0.33 0.02 0.69
0.79 0.42 0.03 0.92 0.86 0.19 0.70
0.18 0.91 0.32 0.30 0.54 0.20 0.90
0.54 0.59 0.52 0.01 0.30 0.74 0.96
0.28 0.08 0.52 0.17 0.45 0.35 0.30
0.73 0.67 0.06 0.66 0.10 0.65 0.01
0.31 0.63 0.74 0.20 0.11 0.80 0.97
0.54 0.05 0.64 0.53 0.30 0.88 0.57
0.47 0.33 0.83 0.06 0.70 0.87 0.20
0.04 0.47 0.35 0.59 0.08 0.32 0.21
0.22 0.08 0.23 0.95 0.76 0.66 0.98
1.00 0.53 0.31 0.64 0.99 0.88 0.03
0.12 0.97 0.49 0.88 0.94 0.24 0.50
0.85 0.01 0.49 0.69 0.62 0.51 0.20
0.74 0.95 0.62 0.63 0.74 0.02 0.72
0.27 0.31 0.11 0.77 0.33 0.08 0.50
0.94 0.60 0.41 0.21 0.80 0.65 0.02
0.43 0.12 0.41 0.34 0.33 0.92 0.34
0.95 0.52 0.66 0.67 0.05 0.28 0.59
0.56 0.63 0.89 0.79 0.88 0.03 0.69
0.07 0.22 0.28 0.44 0.48 0.85 0.07
0.56 0.22 0.77 0.65 0.06 1.00 0.91
0.65 0.54 0.28 0.24 0.42 0.23 0.06
0.77 0.84 0.19 0.24 0.40 0.80 0.03
0.72 0.94 0.99 0.08 0.36 0.13 0.58
0.79 1.00 0.37 0.16 0.83 0.98 0.03
0.54 0.05 0.42 0.22 0.42 0.29 0.20
0.54 0.06 0.97 0.01 0.58 0.56 0.50
0.52 0.86 0.43 0.97 0.80 0.06 0.03
0.56 0.75 0.78 0.96 0.10 0.09 0.38
0.59 0.54 0.63 0.06 0.76 0.18 0.87
0.25 0.18 0.35 0.26 0.06 0.35 0.37
0.71 0.11 0.79 0.02 0.06 0.73 0.63
0.51 0.57 0.68 0.02 0.85 0.48 0.73
0.63 0.78 0.01 0.32 0.59 0.98 0.59
0.26 0.35 0.91 0.42 0.14 0.92 0.17
0.55 0.61 0.71 0.09 0.76 0.07 0.01
0.73 0.90 0.52 0.70 0.13 0.02 0.16
0.45 0.40 0.72 0.77 0.87 0.85 0.06
0.63 0.29 0.43 0.45 0.27 0.39 0.23
0.65 0.55 0.83 0.37 0.88 0.19 0.51
0.39 0.03 0.69 0.97 0.62 0.53 0.11
0.73 0.27 0.04 0.69 0.63 0.98 0.75
0.64 0.53 0.25 0.38 0.33 0.05 0.48
0.11 0.64 0.75 0.98 0.75 0.19 0.89
0.45 0.30 0.85 0.53 0.13 0.29 0.48
0.06 0.19 0.61 0.88 0.92 0.04 0.81
0.37 0.20 0.28 0.02 0.01 0.02 0.27
0.14 0.78 0.86 0.16 0.35 0.78 0.39
0.01 0.58 0.03 0.95 0.50 0.94 0.65
0.09 0.55 0.79 0.25 0.05 0.12 0.86
0.36 0.17 0.60 0.80 0.59 0.07 0.96
0.64 0.56 0.39 0.84 0.90 0.11 0.07
0.66 0.62 0.12 0.26 0.14 0.13 0.81
0.58 0.29 0.96 0.23 0.58 0.89 0.01
0.26 0.29 0.43 0.43 0.41 0.07 0.75
0.70 0.49 0.01 0.96 0.48 0.58 0.96
0.04 0.91 0.98 0.07 0.98 0.75 0.78
0.32 0.11 0.14 0.96 0.54 0.59 0.33
0.15 0.54 0.70 0.01 0.70 0.66 0.13
0.88 0.09 0.04 0.69 0.04 0.40 0.29
0.86 0.98 0.02 0.69 0.80 0.57 0.60
1.00 0.24 0.21 0.12 0.66 0.75 0.27
0.38 0.79 0.28 0.83 0.69 0.09 0.04
0.73 0.07 0.38 0.66 0.27 0.79 0.74
0.89 0.02 0.39 0.84 0.85 0.95 0.58
0.92 0.59 0.01 0.45 0.67 0.64 0.84
0.10 0.65 0.16 0.10 0.11 0.58 0.15
0.43 0.65 0.10 0.83 0.44 0.01 0.81
0.11 0.71 0.82 0.32 0.34 0.30 0.65
0.40 0.24 0.63 0.69 0.89 0.73 0.03
0.61 0.73 0.03 0.69 0.85 0.56 0.29
0.54 0.12 0.41 0.04 0.61 0.44 0.90
0.31 0.78 0.58 0.95 0.01 0.93 0.24
0.49 0.82 0.89 0.78 0.67 0.66 0.04
0.65 0.90 0.33 0.50 0.56 0.07 0.06
0.44 0.04 0.34 0.01 0.02 0.66 0.50
0.08 0.91 0.82 0.27 0.06 0.77 0.39
0.24 0.91 0.41 0.05 0.52 0.65 0.57
0.38 0.05 0.70 1.00 0.18 0.16 1.00
0.03 0.63 0.06 0.74 0.64 0.92 0.72
0.95 0.63 0.21 0.74 0.16 0.01 0.82
0.88 0.92 0.13 0.65 0.05 0.11 0.83
0.15 0.06 0.99 0.12 0.13 0.23 0.05
0.75 0.69 0.57 0.07 0.81 0.74 0.24
0.16 0.63 0.25 0.59 0.02 1.00 0.44
0.28 0.65 0.71 0.52 0.52 0.02 0.63
0.06 0.34 0.46 0.40 0.40 0.17 0.05
0.08 0.30 0.67 0.58 0.07 0.84 0.09
0.65 0.70 0.60 0.06 0.65 0.53 0.18
0.48 0.21 0.88 0.55 0.07 0.55 0.06
0.96 0.18 0.93 0.72 0.70 0.09 0.48
