200 7
0.80 0.71 0.62 0.93 0.53 0.62 0.57
0.81 0.91 0.19 0.38 0.95 0.53 0.50
0.82 0.87 0.73 0.58 1.00 0.58 0.81
0.95 0.44 0.21 0.25 0.46 0.38 0.94
0.18 0.23 0.85 0.44 0.92 0.56 0.59
0.20 0.36 0.15 0.40 0.04 0.33 0.34
0.90 0.94 0.85 0.16 0.70 0.66 0.66
0.46 0.84 0.15 0.44 0.20 0.36 0.19
0.50 0.53 0.98 0.48 0.41 0.11 0.50
1.00 0.10 0.02 0.25 0.29 0.29 0.47
0.70 0.06 0.97 0.87 0.95 0.90 0.70
0.50 0.24 0.75 0.30 0.10 0.38 0.33
0.83 0.02 0.13 0.79 0.77 0.99 0.70
0.61 0.05 0.78 0.93 0.94 0.56 0.98
0.16 0.86 0.33 0.18 0.29 0.07 0.38
0.84 0.65 0.86 0.67 0.60 0.23 0.85
0.07 0.68 0.05 0.54 0.32 0.49 0.05
0.06 0.34 0.90 0.98 0.68 0.93 0.59
0.22 0.03 0.02 0.92 0.31 0.21 0.18
0.37 0.02 0.59 0.84 0.66 0.13 0.38
0.07 0.20 0.62 1.00 0.94 0.96 0.05
0.18 0.54 0.54 0.71 0.30 0.37 0.73
0.57 0.23 0.20 0.72 0.70 0.64 0.75
0.82 0.14 0.40 0.41 0.26 0.85 0.77
0.54 0.04 0.13 0.58 0.50 0.96 0.11
0.57 0.38 0.92 0.70 0.66 0.20 0.59
0.75 0.02 0.38 0.14 0.98 0.84 0.96
0.27 0.19 0.43 0.17 0.11 0.28 0.61
0.93 0.63 0.02 0.68 0.78 0.68 0.64
0.34 0.50 0.24 0.19 0.04 0.12 0.11
0.95 0.14 0.15 0.54 0.74 0.17 0.54
0.19 0.66 0.69 0.55 0.44 0.29 0.65
0.18 0.15 0.88 0.98 0.60 0.86 0.98
0.06 0.70 1.00 0.69 0.67 0.91 0.94
0.45 0.23 0.39 0.47 0.23 0.04 0.74
0.12 0.20 0.21 0.44 0.16 0.37 0.22
0.34 0.06 0.09 0.71 0.84 0.53 0.08
0.60 0.90 0.52 0.92 0.50 0.03 0.57
0.22 0.06 0.06 0.56 0.59 0.61 0.40
0.71 0.01 0.99 1.00 0.76 0.64 0.61
0.15 0.43 0.20 0.95 0.78 0.78 0.19
0.61 0.53 0.03 0.69 0.88 0.59 0.12
0.04 0.77 0.77 0.93 0.96 0.96 0.96
0.89 0.11 0.20 0.15 0.65 0.26 0.34
0.04 0.47 0.14 0.35 0.49 0.35 0.38
0.72 0.98 0.04 0.61 0.79 0.94 0.81
0.67 0.79 0.02 0.81 0.63 0.52 0.96
0.11 0.17 0.06 0.10 0.83 0.87 0.34
0.11 0.10 0.55 0.08 0.43 0.86 0.91
0.20 0.32 0.82 0.49 0.65 0.71 0.11
0.98 0.10 0.10 0.75 0.15 0.30 0.36
0.44 0.40 0.48 0.03 0.30 0.84 0.21
0.64 0.73 0.53 0.34 0.59 0.09 0.84
0.50 0.10 0.22 0.03 0.84 0.33 0.33
0.03 0.74 0.93 0.23 0.90 0.98 0.72
0.86 0.18 0.83 0.41 0.54 0.06 0.93
0.05 0.12 0.42 0.22 0.91 0.07 0.30
1.00 0.75 0.34 0.91 0.01 0.75 0.97
0.12 0.51 0.19 0.83 0.93 0.96 0.17
0.01 0.24 0.30 0.17 0.01 0.20 0.31
0.85 0.61 0.95 0.09 0.81 0.66 0.68
0.36 0.44 0.53 0.05 0.71 0.96 0.89
0.76 0.51 0.92 0.73 0.78 0.78 0.09
0.42 0.28 0.12 0.53 0.44 0.34 0.79
0.17 0.87 0.06 0.03 0.13 0.25 0.21
0.25 0.67 0.60 0.83 0.84 0.20 0.19
0.95 0.65 0.53 0.46 0.75 0.77 0.05
0.40 0.17 0.02 0.10 0.11 0.47 0.01
0.56 0.98 0.94 0.89 0.42 0.05 0.20
0.80 0.88 0.13 0.85 0.92 0.19 0.51
1.00 0.31 0.01 0.88 0.02 0.40 0.03
0.87 0.01 0.51 0.67 0.99 0.39 0.73
0.34 0.69 0.10 0.50 0.07 0.19 0.08
0.40 0.84 0.90 0.02 0.99 0.56 0.92
0.72 0.14 0.88 0.53 0.34 0.42 0.48
0.93 0.33 0.32 0.46 0.92 0.13 0.95
0.17 0.90 0.01 0.76 0.26 0.74 0.95
0.90 0.01 0.55 0.34 0.54 0.68 0.10
0.19 0.53 0.74 0.03 0.61 0.35 0.25
0.51 0.78 0.04 0.06 0.81 0.89 0.90
0.99 0.11 0.06 0.05 0.01 0.63 0.66
0.10 0.06 0.22 0.11 0.50 0.17 0.45
0.89 0.33 0.71 0.67 0.52 0.06 0.29
0.05 0.93 0.14 0.14 0.97 0.99 0.41
0.64 0.05 0.97 0.81 0.71 0.79 0.96
0.67 0.88 0.03 0.67 0.04 0.64 0.26
0.73 0.58 0.99 0.01 0.86 0.76 0.57
0.27 0.18 0.23 0.44 0.90 0.39 0.30
0.72 0.06 0.92 0.92 0.66 0.97 0.01
0.05 0.35 0.95 0.04 0.21 0.88 0.26
0.76 0.75 0.52 0.79 0.87 0.02 0.99
0.38 0.02 0.08 0.32 0.25 0.09 0.25
0.32 0.02 0.84 0.98 0.76 0.07 0.23
0.50 0.99 0.88 0.68 0.85 0.01 0.81
0.86 0.73 0.10 0.05 0.91 0.88 0.70
0.78 0.73 0.66 0.07 0.66 0.56 0.98
0.52 0.11 0.33 0.71 0.94 0.01 0.25
0.96 0.15 0.38 0.59 0.22 0.70 0.13
0.07 0.94 0.82 0.09 0.61 0.93 0.70
0.73 0.93 0.22 0.30 0.37 0.22 0.25
0.34 0.83 0.82 0.52 0.70 0.05 0.33
0.20 0.25 0.07 0.39 0.80 0.95 0.84
0.16 0.03 0.69 0.87 0.64 0.74 0.34
0.30 0.21 0.35 0.30 0.64 0.76 0.35
0.68 0.03 0.66 0.10 0.63 0.62 0.38
0.84 0.04 0.52 0.47 0.22 0.28 0.79
0.79 0.28 0.68 0.03 0.83 0.91 0.69
0.38 0.35 0.17 0.47 0.08 0.06 0.98
0.90 0.01 0.66 0.80 0.04 0.74 0.88
0.28 0.72 0.82 0.02 0.47 0.92 0.91
0.74 0.67 0.48 0.15 0.18 0.26 0.76
0.84 0.65 0.94 0.02 0.94 0.82 0.65
0.27 0.44 0.58 0.07 0.36 0.46 0.53
0.68 0.48 0.01 0.39 0.14 0.21 0.46
0.24 1.00 0.85 0.53 0.90 0.54 0.05
0.69 0.16 0.88 0.66 0.22 0.20 0.66
0.68 0.01 0.76 0.78 0.75 0.89 0.20
0.22 0.84 0.16 0.01 0.46 0.32 0.57
0.11 0.88 0.52 0.14 0.19 0.59 0.64
0.48 0.19 0.45 0.64 0.14 0.18 0.04
0.66 0.05 0.34 0.82 0.21 0.80 0.66
0.72 0.40 0.68 0.05 0.80 0.83 0.53
0.41 0.45 0.75 0.91 0.78 0.02 0.31
0.75 0.65 0.28 0.92 0.01 0.50 0.71
0.80 0.53 0.84 1.00 0.65 0.38 0.01
0.81 0.15 0.36 0.34 0.42 0.79 0.11
0.29 0.11 0.62 0.25 0.71 0.81 0.15
0.86 0.96 0.82 0.99 0.51 0.03 0.14
0.14 0.16 0.31 0.55 0.89 0.04 0.41
0.25 0.79 0.56 0.05 0.77 0.80 0.82
0.30 0.46 0.92 0.22 0.14 0.40 0.20
0.39 0.37 0.16 0.85 0.09 0.18 0.66
0.32 0.01 0.89 0.17 0.95 0.16 0.59
0.02 0.48 0.92 0.16 0.77 0.61 0.09
0.11 0.55 0.68 0.63 0.90 0.52 0.21
0.83 0.93 0.99 0.54 0.09 0.01 0.74
0.51 0.90 0.91 0.51 0.99 0.03 0.47
0.21 0.43 0.27 0.32 0.22 0.65 0.86
0.59 0.87 0.17 0.33 0.02 0.72 0.48
0.66 0.15 0.55 0.60 0.21 0.15 0.90
0.72 0.58 1.00 0.17 0.75 0.15 0.52
0.48 0.68 0.06 0.27 0.08 0.17 0.18
0.59 0.59 0.97 0.93 0.51 0.03 0.85
0.50 0.42 0.45 0.06 0.50 0.36 0.72
0.64 0.61 0.95 0.85 0.68 0.05 0.03
0.72 0.36 0.84 0.01 0.22 0.77 0.02
0.91 0.82 0.67 0.05 0.16 0.66 0.85
0.19 0.01 0.25 0.18 0.04 0.39 0.79
0.28 0.02 0.61 0.81 0.40 0.06 0.57
0.54 0.60 0.80 0.09 0.27 0.40 0.53
0.16 0.16 0.04 0.71 0.57 0.60 0.66
0.52 0.82 0.95 0.66 0.19 0.03 0.76
0.93 0.67 0.16 0.11 0.92 0.40 0.18
0.04 0.55 0.11 0.24 0.83 0.55 0.51
0.78 0.94 0.53 0.85 0.76 0.01 0.89
0.39 0.50 0.41 0.69 0.17 0.73 0.06
0.19 0.37 0.52 0.11 0.13 0.48 0.97
0.38 0.45 0.41 0.35 0.97 1.00 0.08
0.21 0.83 0.74 0.75 0.12 0.54 0.27
0.94 0.56 0.01 0.28 0.89 0.65 0.65
0.43 0.69 0.49 0.06 0.54 0.70 0.80
0.09 0.42 0.82 0.50 0.38 0.03 0.13
0.99 0.05 0.01 0.60 0.69 0.52 0.91
0.91 0.59 0.14 0.81 0.90 0.02 0.96
0.32 0.34 0.04 0.11 0.63 0.05 0.42
0.52 0.08 0.03 0.57 0.59 0.77 0.81
0.06 0.96 0.64 0.15 0.87 0.77 0.76
0.32 0.07 0.37 0.39 0.16 0.38 0.18
1.00 0.24 0.62 0.09 0.81 0.66 0.34
0.75 0.02 0.04 0.89 0.85 0.88 0.23
0.15 0.97 0.74 0.05 0.44 0.64 0.73
0.06 0.91 0.63 0.77 0.31 0.80 0.22
0.26 0.74 0.82 0.58 0.05 0.91 0.23
0.24 0.13 0.18 0.39 0.44 0.13 0.34
0.06 0.59 0.91 0.05 0.80 0.55 0.86
0.76 0.77 0.02 0.60 0.55 0.06 0.64
0.02 0.03 0.69 0.61 0.94 0.76 0.10
0.33 0.05 0.08 0.03 0.39 0.22 0.50
0.02 0.32 0.75 0.08 0.30 0.88 0.71
0.63 0.16 0.53 0.06 0.16 0.52 0.67
0.99 0.91 0.87 0.68 0.02 0.83 0.11
0.05 0.83 0.79 1.00 0.72 0.18 0.83
0.01 0.53 0.03 0.79 1.00 0.13 0.81
0.05 0.34 0.14 0.10 0.30 0.33 0.55
0.60 0.16 0.14 0.62 0.34 0.75 0.06
0.36 0.74 0.80 0.01 0.60 0.99 0.78
0.67 0.55 0.58 0.28 0.74 0.43 0.09
0.92 0.53 0.69 0.89 0.54 0.15 0.05
0.20 0.18 0.34 0.18 0.45 0.18 0.01
0.90 0.04 0.06 0.64 0.61 0.55 0.91
0.12 0.15 0.93 0.07 0.88 0.80 0.80
0.67 1.00 0.80 0.08 0.61 0.17 0.08
0.99 0.94 0.88 0.72 0.02 0.27 0.19
0.23 0.74 0.23 0.12 0.13 0.35 0.28
0.86 0.28 0.02 0.32 0.17 0.10 0.69
0.20 0.65 0.62 0.09 0.95 0.70 0.77
0.79 0.06 0.57 0.71 0.46 0.95 0.17
0.94 0.83 0.99 0.04 0.04 0.82 0.53
0.19 0.47 0.01 0.60 0.31 0.33 0.52
0.99 0.55 0.82 0.53 0.82 0.07 0.06
