28 55 65 36 40 81
25 36 74 56 89 61
61 45 37 14 50 32
25 42 73 5 37 47
50 48 50 45 37 41
45 37 61 41 36 1
6 14 93 32 65 11
5 32 67 34 74 25
76 13 29 12 1 67
1 22 47 49 18 23
8 23 19 7 32 23
4 89 2 40 72 32
100 8 64 66 31 24
5 63 33 92 60 84
79 16 65 63 52 7
14 58 7 69 1 62
66 55 32 17 20 36
74 3 89 60 22 96
92 89 25 61 3 16
81 4 51 72 92 52
25 24 8 25 70 45
53 40 21 31 25 19
81 97 96 61 16 19
8 51 47 93 93 4
17 85 1 93 67 29
25 4 77 92 35 78
69 40 24 30 19 46
93 38 57 100 78 3
71 21 94 20 96 29
56 49 38 91 89 3
24 4 46 13 73 1
20 22 33 33 47 50
17 10 5 9 90 11
57 56 31 78 85 7
52 56 5 56 70 72
1 55 71 88 6 5
1 22 94 54 3 4
55 64 19 45 39 15
4 83 26 38 67 53
49 64 48 41 31 61
30 9 35 26 7 13
40 34 70 66 19 11
9 83 1 63 75 66
55 23 31 66 81 7
11 53 17 43 13 45
64 50 4 75 62 30
7 29 21 23 11 81
79 6 7 90 54 56
19 99 4 68 13 15
60 78 3 85 97 70
26 38 17 24 9 6
27 76 91 2 16 22
52 77 46 11 23 92
8 93 19 85 91 3
26 32 2 88 3 100
68 74 6 58 83 70
39 8 25 1 83 50
76 83 6 25 63 40
19 14 35 35 50 31
99 96 53 51 2 46
45 6 32 100 89 82
10 8 69 74 2 28
2 47 95 4 92 8
77 48 63 3 37 67
25 15 66 44 10 35
96 62 11 25 58 62
56 50 40 89 6 19
39 29 47 10 15 26
36 98 5 56 34 69
23 34 38 1 65 19
41 1 51 72 32 24
17 16 10 2 84 23
82 15 22 9 34 91
84 51 3 72 76 68
16 92 70 35 79 8
25 53 43 53 13 31
72 13 5 46 72 74
77 49 20 21 16 16
69 20 53 24 42 22
89 40 93 3 76 13
23 46 81 99 84 12
35 1 67 42 9 79
66 73 98 1 65 1
65 94 4 69 35 38
33 16 26 47 46 13
85 8 10 16 92 66
73 18 51 6 66 67
58 87 7 59 9 35
5 59 77 32 82 45
81 30 1 46 25 11
74 17 20 34 2 10
9 48 89 4 84 92
37 9 17 48 35 93
25 32 18 74 55 88
11 88 11 84 69 7
72 74 4 47 5 85
56 6 84 99 24 1
50 80 35 18 50 20
71 25 4 57 3 44
73 42 72 5 62 33
11 19 98 9 2 35
44 88 12 19 33 88
72 32 89 46 72 4
5 38 58 79 12 53
93 88 11 4 60 71
37 2 59 35 96 4
66 72 12 35 61 6
3 15 33 45 80 30
50 59 82 33 63 4
11 41 1 45 12 50
96 84 11 27 36 84
73 58 77 4 58 27
92 37 71 72 22 3
90 29 17 14 76 67
31 61 71 86 5 19
1 16 54 33 25 78
1 12 1 75 89 29
3 10 40 29 23 41
15 84 49 35 13 71
17 67 52 62 4 51
20 27 35 34 7 9
96 7 46 7 48 52
83 4 74 70 40 78
64 5 9 86 41 67
43 10 58 5 37 3
53 53 91 59 1 63
18 23 33 71 5 83
26 51 46 15 9 48
31 71 31 7 12 78
3 64 34 97 11 13
31 89 51 21 51 13
69 17 76 42 33 12
7 88 55 64 79 9
31 46 9 84 77 5
32 89 15 2 35 18
6 77 68 16 4 61
83 74 41 15 77 2
2 15 38 29 78 25
57 42 18 12 25 15
41 98 14 12 81 90
27 29 63 93 46 2
5 66 84 86 7 75
68 1 16 70 91 31
28 55 4 31 55 32
48 4 66 27 51 95
65 7 16 84 83 70
44 46 11 25 16 93
85 42 32 48 84 4
64 60 89 17 20 1
8 33 46 25 5 16
90 37 3 30 53 19
95 4 3 99 91 72
57 57 3 15 63 88
4 77 14 50 38 65
6 75 56 7 47 7
55 4 61 59 46 87
9 92 40 83 76 18
7 40 42 65 33 17
46 45 18 5 14 6
98 86 36 8 9 80
79 34 74 89 48 2
74 22 11 64 33 53
37 12 5 26 42 81
4 17 82 47 8 53
4 6 95 35 100 88
97 2 37 41 51 40
1 4 66 93 34 85
70 7 74 26 47 45
14 75 7 39 62 13
1 10 7 87 68 56
3 81 25 58 56 68
79 52 64 82 34 5
96 33 59 2 62 84
53 30 14 66 17 23
60 42 21 38 12 4
71 74 41 60 2 80
86 45 1 39 34 56
17 100 35 27 3 36
14 4 77 97 28 18
63 97 7 38 68 18
23 7 89 76 84 66
47 27 14 2 1 23
77 51 86 4 75 14
65 2 88 17 96 28
4 69 80 17 18 38
35 4 59 7 59 70
28 6 11 30 87 23
70 44 35 80 53 1
4 67 34 40 86 30
76 12 27 89 23 55
93 7 68 95 11 61
14 31 18 43 40 82
25 58 56 63 49 8
12 66 7 56 58 41
17 32 11 39 7 48
53 77 2 30 81 56
25 61 14 74 14 44
50 62 2 29 28 50
31 4 25 87 82 54
24 90 4 94 38 42
64 72 10 4 53 31
28 18 11 37 42 54
40 21 31 28 72 67
5 68 19 40 99 84
24 3 60 49 3 56
45 20 7 85 51 69
61 15 3 41 78 85
6 59 3 3 71 19
74 43 14 46 14 5
52 74 55 7 38 1
20 81 98 76 96 1
2 77 65 59 2 93
24 37 31 42 71 14
2 21 88 82 92 24
48 3 1 98 35 13
93 28 9 30 60 57
60 7 74 79 62 8
59 10 19 31 11 83
55 26 4 33 81 85
23 94 26 16 49 19
14 79 8 65 76 12
43 5 21 6 24 24
91 1 53 53 29 30
6 51 4 56 70 70
91 5 87 19 2 49
64 7 54 97 57 18
12 32 9 25 32 78
16 15 87 7 34 12
59 40 4 27 6 54
12 99 64 70 21 4
