76 100 15 37 29 15
9 8 35 69 95 88
27 29 73 95 41 40
63 23 69 76 90 77
24 36 3 99 91 22
40 58 98 43 70 75
94 19 35 54 27 39
84 27 22 54 22 39
43 27 5 6 42 94
75 59 7 3 17 76
48 79 85 1 30 95
36 38 30 36 8 44
42 61 47 69 30 34
79 7 99 70 7 60
89 80 17 80 89 6
13 2 21 31 22 21
20 15 51 51 7 81
15 7 5 59 15 8
17 83 98 25 59 90
96 17 85 3 39 30
75 14 98 82 5 29
67 45 97 22 5 37
9 15 46 67 73 8
8 83 66 35 80 93
58 34 65 34 14 28
41 8 28 20 5 44
91 91 3 76 72 79
10 37 78 43 2 3
69 49 27 6 14 58
24 16 92 1 64 64
12 51 55 86 24 49
59 48 65 15 52 78
12 50 95 19 98 27
50 32 33 92 14 10
56 20 94 100 83 2
8 6 100 3 2 79
36 55 14 39 31 45
88 40 100 2 38 20
63 61 1 64 85 18
77 78 2 60 1 94
45 52 18 51 40 10
9 72 73 56 59 33
45 10 10 30 71 2
1 5 61 45 48 64
30 24 24 42 10 14
47 20 96 17 45 2
84 42 26 1 22 30
13 94 94 26 40 77
31 52 61 27 83 92
7 2 50 97 45 66
32 61 49 41 58 5
21 35 97 23 34 5
97 20 91 66 9 21
81 28 16 57 55 85
49 81 26 54 9 22
95 46 3 31 36 26
34 74 51 6 59 62
89 4 38 51 21 22
5 7 17 61 43 35
30 34 66 4 96 56
3 14 34 84 75 22
21 34 45 85 5 38
58 60 81 5 82 1
22 66 2 99 82 75
68 27 80 8 49 67
57 16 32 10 8 26
32 11 8 22 69 41
88 6 7 97 41 79
8 79 5 51 79 74
26 37 17 57 6 41
74 45 2 72 56 69
87 25 42 8 23 2
31 14 25 24 26 16
85 41 88 2 90 60
33 33 75 69 88 1
18 82 71 62 8 55
31 45 13 3 1 71
6 1 45 74 49 72
7 88 57 48 28 94
23 36 16 23 59 39
67 72 84 1 43 3
86 26 77 47 1 73
36 15 40 43 16 42
16 68 67 21 46 16
10 60 50 6 35 11
3 86 65 98 35 8
54 70 1 70 54 26
75 2 65 65 59 15
18 18 32 9 72 37
100 27 14 95 12 68
3 64 14 61 57 67
15 38 26 3 44 24
7 64 35 6 74 6
28 61 4 34 87 89
37 91 60 2 66 72
99 86 62 3 52 8
1 17 34 44 70 86
14 68 89 2 27 20
10 17 61 44 22 75
87 50 9 48 79 6
92 86 8 2 79 76
57 37 12 4 37 32
16 44 3 97 65 35
72 70 62 49 10 11
14 23 33 16 54 66
35 64 1 28 92 70
91 27 7 26 53 33
3 34 45 28 71 25
3 63 14 57 60 84
1 91 73 54 34 31
21 63 20 13 65 58
29 53 54 19 25 69
36 1 54 34 19 9
95 21 14 21 93 16
74 46 7 44 3 79
7 33 99 6 62 62
19 22 77 60 13 12
35 27 17 47 15 67
1 75 84 27 1 96
8 15 52 62 2 82
99 19 67 1 87 96
24 18 8 31 43 50
35 10 7 47 93 2
50 25 3 45 84 75
11 56 34 68 15 84
62 63 86 32 68 6
100 12 37 8 46 44
85 70 32 66 2 8
17 64 50 96 13 78
77 7 2 27 43 94
90 84 20 28 85 29
29 2 17 8 13 7
57 88 13 64 65 1
100 66 94 96 1 31
19 70 60 68 14 73
40 72 40 22 11 53
49 83 2 58 82 7
56 11 32 6 32 60
20 47 44 31 15 11
40 17 40 38 3 12
83 14 66 86 72 1
7 73 58 88 97 2
48 11 45 19 45 4
40 8 99 5 55 6
9 55 94 8 55 2
50 70 21 3 90 58
57 70 66 74 1 13
10 36 12 19 43 33
87 74 16 46 48 13
94 68 3 52 39 52
87 82 2 55 56 91
3 29 8 12 25 13
42 25 2 1 26 90
64 56 16 4 10 60
49 75 94 81 1 53
32 41 30 5 39 26
31 76 1 57 34 68
55 86 19 82 4 66
31 49 29 1 6 41
26 14 61 20 30 16
85 24 52 6 42 51
17 31 15 4 73 55
52 46 2 88 78 21
29 1 81 72 41 49
81 80 2 4 3 50
47 53 3 85 68 53
4 34 29 10 26 21
22 17 83 99 7 76
12 62 49 81 19 24
27 76 53 54 11 63
59 16 4 99 45 82
72 30 4 57 39 29
36 56 81 7 14 25
56 36 1 51 62 68
22 12 6 45 39 43
12 1 19 54 42 92
80 4 4 7 84 35
10 57 74 99 77 1
65 12 53 2 88 75
2 11 30 40 69 36
29 77 72 17 8 54
47 4 6 14 56 32
53 59 3 79 97 71
24 67 10 10 83 29
92 15 9 3 50 74
83 71 12 33 21 33
29 27 16 37 9 33
56 26 73 12 6 92
27 47 77 24 22 95
60 57 42 22 51 6
3 22 36 69 94 21
89 31 81 94 69 1
33 39 2 1 5 18
40 87 16 50 85 6
88 81 84 3 73 1
97 36 16 96 6 59
1 83 40 43 4 22
2 53 1 91 55 86
14 4 37 32 21 59
27 65 60 42 67 3
1 85 39 64 91 7
25 52 40 11 50 9
18 60 11 68 51 4
21 14 47 40 54 18
2 7 67 34 95 96
60 1 21 94 40 82
80 15 65 84 30 4
23 6 96 37 46 16
85 97 28 3 2 58
6 17 50 67 9 62
55 2 4 82 92 15
64 1 34 4 7 34
3 1 80 89 40 30
50 60 89 76 10 1
2 44 6 52 64 24
10 31 57 8 3 77
56 58 43 62 79 1
1 64 93 23 36 37
70 51 97 62 1 59
27 84 35 17 90 4
12 48 84 9 65 7
37 8 32 43 3 60
27 25 4 50 5 59
4 8 4 91 97 59
22 42 77 19 17 66
60 49 88 54 31 1
1 63 90 50 96 52
45 77 4 42 37 3
51 83 32 13 4 43
39 1 95 13 17 11
