52 22 75 60 53 93
1 99 73 35 59 99
26 6 28 30 14 93
41 84 39 47 31 49
91 27 38 19 84 23
47 46 19 74 18 20
50 2 49 8 10 57
18 21 4 9 60 97
82 39 37 43 44 30
62 27 19 76 29 79
33 58 24 7 84 60
6 16 91 5 20 37
15 25 17 67 50 21
18 65 44 65 98 51
63 48 8 47 70 61
10 37 51 55 18 36
54 55 10 78 4 63
29 2 75 30 32 30
17 4 100 18 15 37
95 69 68 30 76 4
98 80 57 74 9 29
11 46 73 13 42 63
41 53 21 27 32 20
35 94 98 42 94 10
36 29 34 1 63 86
19 54 64 72 51 8
32 50 30 42 11 19
40 79 56 50 64 12
64 21 35 43 9 49
18 12 47 1 93 93
56 70 24 85 99 13
80 11 41 83 61 42
76 78 2 4 27 17
8 39 62 37 57 76
8 89 79 64 70 48
78 31 19 28 34 97
20 34 94 97 76 3
76 35 82 10 55 13
11 64 73 42 87 22
77 66 77 36 27 55
8 2 41 44 28 10
89 66 44 5 53 90
48 25 33 50 37 82
37 35 39 58 83 54
28 19 6 11 11 74
4 44 17 84 75 88
38 79 53 41 61 60
15 25 29 10 91 9
20 63 7 19 11 57
97 1 100 80 82 40
74 91 20 24 9 1
65 96 84 7 15 8
44 62 81 19 12 13
58 43 33 86 29 16
29 98 3 82 69 20
13 80 39 30 7 67
85 35 1 50 86 40
53 46 20 54 13 65
22 9 2 26 21 21
76 53 16 11 26 66
96 34 42 43 26 7
52 35 4 84 56 11
50 64 37 40 8 8
1 98 93 6 34 62
49 30 48 66 26 3
60 22 85 53 90 1
44 28 18 30 66 12
4 78 90 1 85 97
64 19 20 27 11 38
40 75 3 8 49 27
40 24 71 78 32 5
42 13 69 58 5 46
4 64 12 52 23 67
67 89 30 10 87 17
38 93 87 3 72 3
6 64 52 13 4 83
14 57 42 3 65 20
73 37 100 33 50 4
52 13 8 76 94 9
18 81 6 7 6 36
70 80 12 67 52 20
35 13 72 38 26 2
99 75 76 29 2 29
8 94 60 89 91 1
49 33 29 27 27 8
19 50 36 9 85 57
1 91 94 81 84 13
2 55 86 68 58 65
75 50 15 1 15 35
30 2 17 92 31 34
100 69 2 73 10 73
69 50 77 10 26 6
7 31 35 52 36 26
32 18 32 51 63 16
43 37 90 22 97 8
2 100 63 66 89 56
9 52 86 88 8 51
43 80 12 19 34 33
15 9 8 49 16 56
24 100 66 6 11 89
82 30 13 13 56 60
12 4 38 67 4 28
65 79 39 52 1 11
47 99 77 66 6 32
86 38 47 74 33 4
73 77 63 2 13 92
24 2 89 12 11 76
5 11 41 30 95 3
11 68 27 61 95 45
30 65 10 1 39 18
73 75 57 9 34 52
51 49 20 24 3 94
26 46 53 23 44 14
21 77 65 6 24 9
56 12 96 1 5 19
17 49 35 7 93 92
76 29 62 1 89 23
2 28 69 66 2 5
2 99 40 64 11 90
2 11 74 85 70 20
94 67 45 94 2 60
27 2 57 28 17 14
19 73 39 44 52 2
1 87 16 77 66 93
10 21 10 9 48 55
6 20 5 93 45 19
8 61 36 51 4 55
80 79 91 9 12 55
25 22 62 56 14 99
16 74 27 41 13 41
69 44 67 64 2 41
61 56 25 59 50 5
51 18 40 16 40 43
67 1 42 79 20 64
85 62 54 78 2 13
86 68 33 10 22 8
3 3 18 11 15 6
68 7 5 74 65 55
51 5 3 96 85 82
27 13 40 13 11 96
66 56 81 52 8 66
34 39 24 34 12 61
21 43 16 12 43 6
2 7 30 80 3 25
34 71 22 97 6 87
8 86 99 85 70 4
61 66 11 67 15 51
28 4 71 3 97 60
89 15 20 48 6 25
36 34 32 86 23 4
31 52 4 70 9 90
50 57 92 11 9 73
14 19 5 94 46 36
52 92 10 20 70 15
83 36 59 7 92 55
7 40 18 73 4 94
46 22 13 94 10 63
98 63 17 13 9 41
1 63 62 58 99 88
66 82 7 78 79 18
10 11 18 37 7 1
7 68 65 40 10 22
41 51 98 13 2 15
41 90 15 46 64 8
67 70 25 36 17 4
51 37 10 1 100 85
14 20 18 1 8 63
70 8 2 56 66 58
39 85 13 88 10 29
29 30 86 31 9 31
45 6 3 83 28 76
54 51 73 1 35 29
36 75 16 40 1 1
64 79 1 24 35 40
14 80 71 36 46 3
39 84 56 6 23 53
81 25 80 1 70 5
1 86 59 92 77 76
92 3 42 30 2 26
85 54 46 20 14 45
3 75 25 62 11 28
2 78 50 62 62 32
60 65 56 59 3 82
29 42 27 31 2 42
82 98 10 77 40 11
67 16 68 38 3 45
6 64 9 74 42 63
32 63 83 7 36 48
93 64 49 35 65 3
13 11 26 2 3 52
7 11 8 82 100 88
82 1 48 57 53 1
59 56 13 8 28 39
16 91 91 94 1 99
69 18 5 11 84 71
29 62 7 20 10 63
26 13 13 1 44 6
1 66 100 4 74 70
6 10 3 38 32 56
85 64 20 18 2 31
47 72 1 63 96 93
45 28 74 32 13 20
80 6 62 82 13 14
41 29 1 99 95 57
84 49 1 31 39 61
89 55 8 77 40 4
65 1 52 74 51 62
48 24 7 20 47 21
92 1 3 98 83 78
70 1 18 71 54 40
4 34 69 7 59 73
34 25 87 34 7 35
4 68 52 43 9 87
1 7 76 4 99 62
62 57 6 29 80 12
11 63 10 44 21 82
47 27 72 6 2 71
10 15 18 29 13 27
40 45 45 7 11 29
1 94 68 42 67 71
28 4 93 6 85 82
73 1 24 39 74 43
72 7 5 75 2 84
48 58 92 28 72 5
5 59 42 38 53 5
1 80 92 51 77 80
34 100 33 7 18 6
54 92 62 20 3 9
8 47 14 35 52 31
78 1 2 81 57 59
