72 94 48 73 49 34
83 71 91 86 26 75
55 8 45 4 10 33
100 9 24 6 40 36
30 85 18 26 17 63
72 14 78 66 82 30
17 3 52 32 58 35
18 65 22 100 22 36
23 18 71 76 15 7
16 76 80 62 7 20
78 96 69 76 29 27
57 42 64 30 9 43
34 78 56 77 38 30
5 5 64 38 21 41
75 3 20 26 17 37
77 90 17 31 48 57
15 51 53 59 36 42
18 10 1 11 72 82
42 11 38 45 97 1
23 2 3 69 93 78
10 7 6 1 3 69
93 78 19 33 17 38
87 96 30 90 59 33
89 7 33 27 12 31
31 72 82 12 23 59
59 49 43 10 15 15
69 88 12 26 66 67
43 47 57 48 2 14
4 61 80 46 28 70
43 59 30 10 55 31
1 74 41 80 76 60
47 95 20 44 19 10
34 34 19 6 8 5
17 100 7 75 91 12
11 4 35 81 81 100
60 9 1 38 8 77
1 95 68 74 95 75
11 74 3 89 70 95
24 4 43 46 46 14
69 2 62 83 76 71
2 33 50 8 28 24
52 3 65 28 88 87
22 4 96 39 12 11
28 27 37 14 5 55
90 85 15 29 74 60
86 78 68 1 49 20
32 4 87 10 65 94
6 96 46 61 25 34
72 32 53 72 87 8
7 46 15 16 23 61
38 4 84 44 57 95
45 52 11 57 38 7
35 2 5 97 4 3
100 59 83 58 86 4
36 5 80 43 57 30
33 32 98 29 33 27
21 82 8 21 30 50
81 86 8 34 12 57
52 5 75 67 57 4
23 19 25 24 57 44
95 40 6 68 88 57
16 77 26 47 42 10
43 1 95 67 3 97
28 6 21 33 28 38
24 87 85 9 5 41
14 50 81 61 98 1
21 91 23 38 75 22
2 86 2 67 67 72
13 27 59 58 99 52
10 23 46 75 48 32
23 73 73 9 65 7
23 32 41 96 9 33
12 32 55 77 40 48
72 41 2 23 80 20
82 32 77 2 89 13
8 75 38 5 91 72
9 79 38 94 52 21
38 14 78 13 20 33
16 58 41 57 91 24
53 83 2 49 33 56
72 74 16 17 2 21
73 45 57 32 63 2
74 8 42 85 62 16
54 8 30 50 26 36
20 64 86 70 93 7
67 21 83 25 84 21
19 40 63 19 10 62
49 31 2 29 37 45
73 74 2 8 17 47
32 18 30 73 98 18
69 96 23 37 63 1
15 88 84 84 81 16
48 39 70 5 2 69
54 64 10 18 95 56
79 8 85 20 30 20
29 16 41 7 44 3
7 65 5 96 54 64
88 59 14 39 4 16
58 2 93 73 73 79
3 25 34 9 47 88
14 69 74 2 30 23
42 53 9 70 36 43
4 61 67 43 15 55
8 65 95 6 90 49
35 5 24 16 28 91
75 56 83 90 1 6
12 10 7 44 4 65
20 29 25 88 76 61
1 40 3 53 82 45
35 38 1 56 2 78
42 10 62 79 25 53
91 18 26 27 14 16
33 8 8 40 93 7
8 76 19 92 62 37
9 8 19 30 77 29
20 27 13 94 95 40
6 49 44 35 64 3
21 75 14 76 6 14
59 18 77 96 54 2
68 58 28 1 86 68
20 10 32 55 24 57
7 66 9 3 77 47
79 12 10 22 93 64
75 57 15 51 77 40
17 27 4 52 21 85
69 18 16 51 84 53
44 61 17 13 34 8
80 7 1 12 96 97
57 2 94 35 91 22
26 26 36 96 67 22
60 29 76 63 6 17
50 17 89 3 33 28
2 7 65 92 97 61
1 24 24 86 47 78
30 8 16 52 30 37
11 90 84 7 30 7
60 90 74 1 78 16
16 25 2 56 95 76
6 53 96 65 28 1
40 8 30 84 36 22
39 62 44 57 6 11
72 70 85 1 75 64
45 82 13 17 47 39
99 28 31 14 33 49
72 62 75 21 2 39
69 69 76 38 1 89
1 13 41 40 57 40
7 71 24 64 10 73
47 11 36 35 6 33
96 40 13 74 21 52
7 68 79 11 13 2
67 48 98 12 7 55
84 15 9 50 57 47
67 2 18 71 89 95
6 41 70 96 44 9
69 41 4 31 13 84
78 83 40 1 93 59
95 6 19 40 17 97
26 18 42 65 18 27
7 67 100 23 80 9
14 22 50 72 51 54
61 8 1 89 20 9
71 53 97 2 79 16
8 25 28 47 29 82
98 92 68 24 7 11
66 60 9 88 88 30
34 5 10 11 44 69
1 10 96 1 79 1
2 79 10 94 93 32
13 4 14 24 8 90
41 29 48 71 20 13
37 19 10 54 48 3
61 62 58 4 82 4
16 2 51 85 93 16
94 34 13 5 93 64
100 8 62 41 62 28
75 53 1 19 86 81
22 90 11 27 42 46
81 1 83 89 60 67
38 30 51 37 9 28
41 94 3 27 43 16
27 94 55 45 18 6
85 5 85 95 98 2
89 6 51 8 17 17
39 100 16 9 37 9
36 61 1 76 99 51
38 43 4 2 49 70
17 92 3 35 46 67
15 2 8 47 71 63
33 76 22 32 97 1
18 93 48 24 63 5
20 89 22 89 5 3
1 69 62 100 55 11
54 75 54 2 26 35
39 2 88 57 19 11
38 79 3 11 83 7
53 93 84 1 90 5
90 33 26 12 7 30
74 75 27 55 81 2
65 34 79 32 4 23
3 60 86 33 74 22
39 27 10 32 50 50
6 5 56 50 72 54
100 23 44 20 8 19
62 32 44 36 3 58
48 92 19 91 3 13
74 9 96 4 34 31
53 75 54 59 37 4
27 93 15 5 51 7
7 85 53 22 2 90
4 76 28 42 56 69
9 43 27 71 94 2
4 53 11 61 52 77
76 52 5 18 11 90
12 9 9 30 43 19
76 2 71 15 70 97
48 4 39 80 61 68
47 4 79 23 95 6
69 15 1 50 77 20
21 35 52 87 58 16
52 19 3 90 30 90
60 8 4 63 21 14
12 44 45 18 21 20
35 72 85 85 2 62
52 94 1 52 63 75
72 9 55 16 7 17
26 66 38 19 3 41
28 47 43 85 54 3
84 94 71 4 80 16
94 19 35 9 76 63
