0.25 0.40 0.61 0.53 0.80 0.43
0.77 0.55 0.10 0.90 0.09 0.93
0.42 0.74 0.42 0.92 0.78 0.71
0.51 0.13 0.14 0.70 0.68 0.84
0.15 0.91 0.32 0.29 0.35 0.16
0.29 0.37 0.44 0.99 0.05 0.35
0.39 0.32 0.13 0.50 0.41 0.38
0.48 0.21 0.62 0.39 0.47 0.77
0.73 0.92 0.10 0.11 0.41 0.25
0.13 0.23 0.92 0.22 0.02 0.06
0.95 0.17 0.94 0.16 0.27 0.85
0.01 0.69 0.64 0.23 0.60 0.66
0.20 0.33 0.42 1.00 0.59 0.48
0.80 0.32 0.71 0.15 0.99 0.26
0.58 0.78 0.55 0.40 0.94 0.86
0.72 0.16 0.39 0.32 0.74 0.46
0.84 0.60 0.81 0.40 0.11 0.72
0.13 0.47 0.29 0.47 0.26 0.77
0.10 0.14 0.33 0.73 0.39 0.50
0.46 0.69 0.71 0.21 0.32 0.24
0.21 0.39 0.61 0.91 0.16 0.54
0.07 0.43 0.27 0.32 0.86 0.19
0.15 0.25 0.32 0.67 0.57 0.60
0.73 0.52 0.01 0.68 0.26 0.35
0.38 0.14 0.51 0.63 0.50 0.42
0.50 0.31 0.03 1.00 0.34 0.52
0.41 0.19 0.32 0.37 0.41 0.42
0.59 0.89 0.38 0.32 0.45 0.93
0.61 0.86 0.67 0.21 0.93 0.96
0.26 0.45 0.30 0.79 0.34 0.21
0.48 0.08 0.95 0.94 0.98 0.65
0.37 0.14 0.31 0.98 0.14 0.23
0.28 0.04 0.43 0.21 0.10 1.00
0.81 0.10 0.01 0.65 0.58 0.14
0.98 0.88 0.43 0.04 0.29 0.56
0.70 0.93 0.92 0.95 0.01 0.35
0.62 0.61 0.45 0.49 0.04 0.24
0.98 0.22 0.25 0.11 0.03 0.07
0.65 0.73 0.03 0.66 0.01 0.97
0.38 0.16 0.99 0.26 0.50 0.25
0.17 0.52 0.64 0.39 0.69 0.53
0.34 0.13 0.45 0.99 0.28 0.25
0.13 0.43 0.83 0.27 0.35 0.88
0.95 0.45 0.88 0.36 0.59 0.63
0.40 0.14 0.19 0.82 0.09 0.28
0.78 0.55 0.52 0.15 0.12 0.18
0.51 0.86 0.07 0.67 0.45 0.05
0.07 0.41 0.51 0.27 0.04 0.01
0.09 0.97 0.42 0.01 0.31 0.43
0.61 0.44 0.50 0.11 0.52 0.23
0.96 0.16 0.03 0.54 0.63 0.49
0.65 0.14 0.43 0.21 0.51 0.82
0.78 0.16 0.50 0.65 0.31 0.46
0.51 0.51 0.04 0.66 0.85 0.39
0.02 0.71 0.41 0.13 0.15 0.72
0.60 0.13 0.69 0.32 0.14 0.73
0.07 0.31 0.26 0.74 0.17 0.85
0.67 0.06 0.76 0.17 0.22 0.50
0.16 0.98 0.34 0.97 0.29 0.39
0.94 0.45 0.33 0.57 0.97 0.16
0.41 0.24 0.29 0.32 0.60 0.78
0.57 0.02 0.80 0.03 0.67 0.47
0.91 0.34 0.78 0.14 0.44 0.44
0.24 0.05 0.81 0.97 0.50 0.54
0.42 0.36 0.23 0.26 0.74 0.56
0.79 0.61 0.55 0.17 0.22 0.03
0.07 0.90 0.81 0.06 0.21 0.39
0.79 0.06 0.22 0.58 0.50 0.51
0.92 0.38 0.22 0.66 0.31 0.81
0.27 0.27 0.02 0.19 0.04 0.39
0.74 0.23 0.08 0.71 0.90 0.54
0.01 0.28 0.19 0.03 0.32 0.44
0.13 0.65 0.10 0.86 0.92 0.35
0.56 0.25 0.90 0.18 0.43 0.87
0.38 0.43 0.48 0.66 0.18 0.06
0.99 0.93 0.97 0.39 0.01 1.00
0.75 0.02 0.19 0.60 0.82 0.68
0.46 0.48 0.40 0.32 0.35 0.37
0.80 0.06 0.24 0.60 0.57 0.08
0.85 0.28 0.51 0.01 0.23 0.05
0.83 0.94 0.47 0.24 0.92 0.03
0.79 0.23 0.57 0.75 0.09 0.20
0.42 0.19 0.41 0.21 0.82 0.68
0.01 0.13 0.67 0.77 0.32 0.47
0.37 0.09 0.04 0.51 0.98 0.29
0.60 0.76 0.62 0.01 0.51 0.49
0.24 0.46 0.02 0.38 0.60 0.90
0.93 0.79 0.38 0.01 0.07 0.50
0.56 0.06 0.37 0.06 0.60 0.77
0.26 0.20 0.42 0.02 0.30 0.40
0.13 0.75 0.03 0.02 0.99 0.07
0.10 0.64 0.73 0.18 0.45 0.26
0.22 0.28 0.18 0.96 0.90 0.62
0.48 0.02 0.83 0.51 0.70 0.86
0.73 0.22 0.80 0.59 0.71 0.04
0.46 0.50 0.60 0.26 0.23 0.13
0.80 0.24 0.11 0.85 0.68 0.75
0.44 0.97 0.44 0.11 0.29 0.28
0.51 0.24 0.10 0.82 0.58 0.59
0.95 0.05 0.39 0.48 0.36 0.40
0.72 0.06 0.55 0.81 0.43 0.89
0.20 0.39 0.98 0.31 0.13 0.03
0.75 0.07 0.60 0.84 0.33 0.44
0.94 0.63 0.36 0.25 1.00 0.33
0.94 0.11 0.45 0.28 0.27 0.80
0.22 0.45 0.01 0.53 0.39 0.06
0.58 0.52 0.37 0.02 0.22 0.52
0.23 0.44 0.15 0.19 0.93 0.49
0.87 0.06 0.84 0.40 0.79 0.01
0.43 0.85 0.70 0.56 0.03 0.70
0.40 0.29 0.41 0.45 0.99 0.26
0.79 0.25 0.62 0.71 0.26 0.98
0.90 0.05 0.52 0.30 0.38 0.66
0.01 0.27 0.92 0.50 0.84 0.44
0.76 0.14 0.38 0.68 0.96 0.64
0.18 0.27 0.26 0.09 0.10 0.82
0.46 0.26 0.13 0.74 0.49 0.34
0.31 0.12 0.35 0.34 0.23 0.21
0.02 0.24 0.86 0.14 0.94 0.58
0.43 0.74 0.68 0.01 0.75 0.14
0.42 0.11 0.52 0.22 0.08 1.00
0.74 0.97 0.10 0.68 0.03 0.41
0.18 0.67 0.11 0.72 0.05 0.83
0.51 0.92 0.74 0.67 0.02 0.69
0.67 0.12 0.55 0.10 0.46 0.04
0.13 0.18 0.09 0.80 0.64 0.77
0.97 0.80 0.26 0.20 0.48 0.06
0.22 0.99 0.43 0.09 0.50 0.06
0.51 0.01 0.33 0.19 0.40 0.34
0.30 0.92 0.02 0.27 0.21 0.35
0.70 0.88 0.11 0.11 0.90 0.80
0.70 0.86 0.41 0.01 0.37 0.62
0.14 0.12 0.07 0.84 0.05 0.29
0.27 0.05 0.40 0.35 0.53 0.97
0.04 0.45 0.86 0.30 0.82 0.39
0.85 0.76 0.03 0.02 0.88 0.33
0.29 0.50 0.60 0.85 0.03 0.19
0.23 0.93 0.80 0.04 0.09 0.27
0.97 0.12 0.78 0.31 0.39 0.14
0.83 0.13 0.82 0.20 0.82 0.03
0.18 0.27 0.89 0.91 0.09 0.18
0.76 0.58 0.05 0.11 0.96 0.99
1.00 0.84 0.01 0.52 0.01 0.23
0.72 0.79 0.21 0.01 0.65 0.62
0.27 0.20 0.32 0.68 0.30 0.68
0.69 0.42 0.11 0.22 0.95 0.20
0.84 0.14 0.96 0.57 0.19 0.21
0.34 0.54 0.37 0.42 0.76 0.16
0.72 0.27 0.11 0.07 0.40 0.39
0.79 0.92 0.80 0.10 0.05 0.80
0.92 0.23 0.81 0.60 0.33 0.05
0.18 0.33 0.37 0.20 0.01 0.24
0.34 0.22 0.55 0.55 0.09 0.78
0.86 0.11 0.27 0.22 0.22 0.88
0.24 0.16 0.70 0.24 0.57 0.82
0.12 0.26 0.87 0.86 0.17 0.78
0.27 0.44 0.06 0.14 0.63 0.62
0.01 0.38 0.64 0.81 0.97 0.06
0.81 0.06 0.17 0.54 0.63 0.19
0.21 0.07 0.31 0.12 0.80 0.49
0.55 0.82 0.81 0.12 0.96 0.07
0.25 0.17 0.18 0.70 0.99 0.04
0.33 0.92 0.04 0.48 0.24 0.31
0.67 0.20 0.61 0.74 0.17 0.45
0.34 0.11 0.28 0.11 0.36 0.31
0.91 0.01 0.46 0.59 0.98 0.18
0.96 0.05 0.11 0.70 0.16 0.61
0.10 0.36 0.63 0.25 0.70 0.02
0.11 0.90 0.16 0.91 0.23 0.49
0.21 0.85 0.91 0.22 0.67 0.13
0.05 0.28 0.11 0.57 0.20 0.69
0.26 0.80 0.30 0.35 0.81 0.34
0.61 0.39 0.19 0.01 0.69 0.64
0.30 0.39 0.47 0.61 0.73 0.10
1.00 0.93 0.03 0.17 0.10 0.88
0.77 0.71 0.13 0.04 0.71 0.74
0.83 0.47 0.32 0.06 0.12 0.93
0.46 0.70 0.34 0.41 0.38 0.03
0.06 0.50 0.39 0.78 0.14 0.53
0.77 0.72 0.36 0.24 0.46 0.29
0.73 0.23 0.19 0.89 0.06 0.09
0.16 0.78 0.09 0.12 0.81 0.90
0.72 0.03 0.63 0.76 0.04 0.96
0.88 0.75 0.92 0.19 0.04 0.09
0.85 0.09 0.34 0.06 0.06 0.51
0.72 0.86 0.30 0.57 0.25 0.35
0.31 0.95 0.34 0.54 0.47 0.02
0.12 0.09 0.43 0.60 0.06 0.13
0.86 0.69 0.07 0.22 0.33 0.12
0.67 0.77 0.11 0.04 0.20 0.65
0.07 0.83 0.12 0.94 0.40 0.14
0.08 0.66 0.72 0.20 0.24 0.59
0.68 0.18 0.18 0.06 0.61 0.60
0.81 0.01 0.49 0.70 0.78 0.01
0.95 0.33 0.22 0.12 0.02 0.22
0.68 1.00 0.23 0.07 0.69 0.06
0.16 0.04 0.91 0.84 0.29 0.57
0.01 0.15 0.38 0.10 0.35 0.46
0.62 0.76 0.06 0.16 0.54 0.84
0.79 0.41 0.10 0.14 0.22 0.27
0.02 0.45 0.35 0.56 0.95 0.03
0.56 0.89 0.63 0.94 0.03 0.08
0.35 0.22 0.90 0.28 0.10 0.98
0.83 0.96 0.35 0.66 0.76 0.01
0.20 0.45 0.33 0.43 0.28 0.62
0.50 0.55 0.83 0.08 0.75 0.01
0.43 0.05 0.91 0.70 0.51 0.54
0.32 0.16 0.20 0.32 0.38 0.01
0.72 0.67 0.41 0.11 0.63 0.22
0.70 0.04 0.73 0.33 0.17 0.52
0.55 0.78 0.06 0.07 0.10 0.25
0.60 0.07 0.91 0.77 0.99 0.08
0.44 0.17 0.13 0.82 0.80 0.02
1.00 0.03 0.31 0.47 0.13 0.78
0.15 0.17 0.32 0.44 0.53 0.20
0.71 0.68 0.04 0.04 0.76 0.60
0.46 0.43 0.21 0.75 0.36 0.13
0.34 0.12 0.41 0.46 0.18 0.51
0.80 0.01 0.32 0.58 0.42 0.54
0.07 0.81 0.98 0.08 0.18 0.33
0.62 0.65 0.36 0.25 0.59 0.24
0.99 0.13 0.25 0.51 0.35 0.96
0.75 0.03 0.44 0.07 0.69 0.17
0.12 0.36 0.98 0.02 0.82 0.27
0.04 0.24 0.12 0.51 0.98 0.56
0.73 0.22 0.12 0.52 0.76 0.77
0.13 0.10 0.18 0.21 0.44 0.17
0.68 0.12 0.82 0.29 0.08 0.72
0.06 0.44 0.58 0.66 0.67 0.25
0.20 0.01 0.22 0.96 0.72 0.68
