0.65 0.77 0.16 0.05 0.86 0.17
0.31 0.55 0.87 0.64 0.82 0.29
0.81 0.61 0.03 0.39 0.32 0.43
0.40 0.19 0.13 0.77 0.07 0.04
0.20 0.10 0.41 0.28 0.42 0.63
0.34 0.13 0.86 0.07 0.62 0.76
0.51 0.35 0.08 0.26 0.31 0.30
0.60 0.33 0.61 0.01 0.20 0.17
0.34 0.56 0.58 0.92 0.73 0.04
0.93 0.12 0.15 0.18 0.10 0.53
0.46 0.41 0.38 0.03 0.78 0.37
0.20 0.49 0.99 0.23 0.87 0.57
0.51 0.10 0.56 0.58 0.81 0.51
0.19 0.85 0.21 0.20 0.13 0.21
0.34 0.29 0.52 0.64 0.23 0.28
0.75 0.84 0.74 0.23 0.51 0.15
0.45 0.12 0.46 0.91 0.41 0.06
0.84 0.72 0.65 0.46 0.08 0.77
0.76 0.19 1.00 0.15 0.21 0.74
0.35 0.33 0.17 0.21 0.02 0.71
0.02 0.31 0.76 0.99 0.15 0.56
0.08 0.30 0.43 0.45 0.06 0.94
0.36 0.39 0.99 0.56 0.40 0.34
0.03 0.86 0.24 0.52 0.99 0.67
0.91 0.25 0.44 0.44 0.35 0.39
0.08 0.63 0.98 0.68 0.77 0.15
0.38 0.26 0.08 0.86 0.61 0.41
0.41 0.41 0.40 0.39 0.25 0.49
0.14 0.37 0.46 0.25 0.91 0.70
0.11 0.85 0.84 0.97 0.76 0.85
0.39 0.09 0.88 0.42 0.25 0.41
0.36 0.78 0.92 0.83 0.60 0.05
0.19 0.42 0.16 0.17 0.40 0.45
0.50 0.76 0.50 0.30 0.89 0.05
0.11 0.97 0.72 0.54 0.79 0.07
0.52 0.36 0.51 0.02 0.88 0.84
0.60 0.18 0.33 0.83 0.25 0.33
0.33 0.34 0.07 0.36 0.89 0.74
0.27 0.34 0.85 0.52 0.18 0.32
0.34 0.16 0.57 0.78 0.35 0.53
0.67 0.86 0.70 0.88 0.06 0.61
0.45 0.34 0.28 0.06 0.29 0.27
0.22 0.02 1.00 0.14 0.30 0.47
0.69 0.86 0.82 0.03 0.82 0.15
0.94 0.34 0.30 0.99 0.34 0.03
0.02 0.25 0.33 0.77 0.48 0.36
0.10 0.61 0.70 0.76 0.15 0.57
0.01 0.31 0.75 0.36 0.14 0.98
0.82 0.91 0.59 0.02 0.67 0.85
0.59 0.05 0.49 0.30 0.09 0.03
0.41 0.20 0.54 0.22 0.08 0.07
0.70 0.27 0.64 0.18 0.69 0.76
0.78 1.00 0.72 0.25 0.94 0.04
0.89 0.38 0.07 0.51 0.04 0.87
0.35 0.60 0.68 0.17 0.94 0.08
0.81 0.42 0.44 0.60 0.10 0.32
0.10 0.26 0.63 0.84 0.24 0.23
0.48 0.16 0.31 0.35 0.14 0.12
0.15 0.40 0.42 0.43 0.83 0.10
0.62 0.03 0.26 0.03 0.86 0.48
0.37 0.21 0.39 0.59 0.57 0.77
0.19 0.46 0.01 0.55 0.50 0.17
0.10 0.72 0.82 0.33 0.26 0.07
0.12 0.07 0.73 0.74 0.98 0.78
0.52 0.23 0.18 0.42 0.13 0.33
0.82 0.67 0.12 0.77 0.27 0.85
0.30 0.54 0.21 0.88 0.09 0.63
0.43 0.33 0.48 0.05 0.08 0.04
0.34 0.16 0.68 0.18 0.24 0.15
0.42 0.99 0.73 0.11 0.54 0.93
0.45 0.84 0.01 0.10 0.04 0.03
0.01 0.32 0.46 0.88 0.93 0.61
0.89 0.70 0.08 0.54 0.66 0.22
0.39 0.24 0.15 0.42 0.04 0.59
0.08 0.73 0.20 0.41 0.60 0.09
0.74 0.13 0.17 0.79 0.78 0.23
0.03 0.93 0.51 0.52 0.58 0.23
0.12 0.64 0.59 0.44 0.20 0.15
0.32 0.44 0.23 0.83 0.21 0.94
0.66 0.47 0.16 0.19 0.17 0.05
0.77 0.02 0.82 0.81 0.81 0.16
0.04 0.14 0.65 0.18 0.38 0.79
0.26 0.57 0.02 0.05 0.26 0.42
0.29 0.84 0.65 0.60 0.13 0.46
0.07 0.68 0.77 0.46 0.68 0.73
0.45 0.07 0.31 0.48 0.30 0.88
0.43 0.02 0.88 0.17 0.40 0.94
0.33 0.24 0.44 0.55 0.71 0.57
0.64 0.02 0.11 0.52 0.66 0.77
0.04 0.04 0.13 0.47 0.84 0.30
0.63 0.74 0.05 0.40 0.88 0.22
0.04 0.01 0.48 0.02 0.10 0.22
0.55 0.50 0.27 0.03 0.19 0.06
0.03 0.88 0.52 0.55 0.68 0.95
0.12 0.77 0.88 0.48 0.02 0.65
0.01 0.70 0.93 0.69 0.57 0.61
0.38 0.48 0.20 0.13 0.64 0.24
0.55 0.54 0.29 0.30 0.11 0.38
0.19 0.24 0.89 0.46 0.41 0.19
0.99 0.31 0.75 0.90 0.01 0.92
0.01 0.62 0.65 0.84 0.12 0.67
0.19 0.97 0.23 0.07 0.41 0.19
1.00 0.35 0.16 0.06 0.67 0.30
0.03 0.03 0.56 0.46 0.80 0.88
0.87 0.10 0.34 0.08 0.02 0.86
0.01 0.79 0.81 0.19 0.68 0.21
0.53 0.59 0.92 0.26 0.47 0.03
0.25 0.60 0.50 0.53 0.16 0.16
0.51 0.96 0.45 0.01 0.98 0.20
0.31 0.26 0.28 0.18 0.02 0.33
0.80 0.58 0.07 0.99 0.75 0.13
0.03 0.55 0.83 0.29 0.88 0.54
0.14 0.19 0.64 0.09 0.09 0.90
0.12 0.11 0.01 0.58 0.17 0.32
0.55 0.94 0.49 0.01 0.78 0.61
0.34 0.34 0.75 0.01 0.31 0.33
0.13 0.56 0.08 0.97 0.98 0.21
0.86 0.15 0.32 0.66 0.02 0.04
0.41 0.78 0.14 0.53 0.69 0.14
0.25 0.21 0.43 0.05 0.28 0.96
0.49 0.42 0.23 0.53 0.15 0.22
0.15 0.84 0.33 0.73 0.16 0.52
0.47 0.84 0.05 0.96 0.03 0.58
0.98 0.51 0.12 0.17 0.37 0.87
0.97 0.07 0.90 0.10 0.84 0.07
0.92 0.12 0.05 0.06 0.63 0.96
0.66 0.16 0.08 0.73 0.25 0.07
0.29 0.21 0.94 0.49 0.23 0.04
0.16 0.77 0.21 0.01 0.74 0.79
0.43 0.44 0.01 0.57 0.63 0.80
0.64 0.71 0.59 0.19 0.75 0.02
0.17 0.73 0.48 0.48 0.03 0.19
0.57 0.64 0.66 0.01 0.23 0.45
0.22 0.05 0.22 0.38 0.20 0.09
0.72 0.47 0.01 0.88 0.06 0.60
0.76 0.74 0.57 0.27 0.83 0.01
0.16 0.30 0.21 0.13 0.16 0.09
0.04 0.55 0.13 0.72 0.99 0.23
0.03 0.58 0.21 0.59 0.73 0.77
0.52 0.28 0.11 0.46 0.35 0.43
0.45 0.77 0.88 0.01 0.24 0.01
0.20 0.57 0.13 0.20 0.79 0.58
0.12 0.71 0.09 0.20 0.94 0.98
0.92 0.52 0.34 0.91 0.08 0.01
0.44 0.10 0.54 0.20 0.04 0.33
0.01 0.35 0.76 0.99 0.55 0.70
0.03 0.43 0.24 0.69 0.29 0.30
0.48 0.58 0.51 0.72 0.05 0.12
0.94 0.87 0.13 0.04 0.85 0.96
0.07 0.07 0.28 0.44 0.58 0.87
0.36 0.33 0.24 0.11 0.50 1.00
0.61 0.21 0.42 0.19 0.87 0.21
0.65 0.14 0.36 0.25 0.42 0.64
0.66 0.76 0.22 0.01 0.93 0.67
0.01 0.44 0.27 0.01 0.43 0.30
0.79 0.60 0.24 0.25 0.08 0.04
0.16 0.11 0.53 0.23 0.65 0.02
0.99 0.04 0.82 0.57 0.01 0.98
0.25 0.62 0.11 0.35 0.04 0.27
0.98 0.25 0.80 0.41 0.01 0.58
0.11 0.20 0.55 0.85 0.68 0.11
0.88 0.03 0.04 0.96 0.78 0.93
0.12 0.01 0.31 1.00 0.04 0.93
0.57 0.32 0.12 0.65 0.94 0.29
0.05 0.19 0.95 0.04 0.04 0.36
0.27 0.27 0.91 0.95 0.51 0.01
0.61 0.53 0.70 0.94 0.01 0.88
0.22 0.29 0.06 0.26 0.23 0.73
0.01 0.68 0.45 0.11 0.15 0.38
0.05 0.90 0.12 0.96 0.89 0.70
0.22 0.42 0.43 0.33 0.15 0.32
0.01 0.82 0.71 0.07 0.14 1.00
0.66 0.03 0.67 0.81 0.03 1.00
0.29 0.01 0.36 0.29 0.59 0.68
0.39 0.61 0.51 0.03 0.71 0.18
0.89 0.47 0.04 0.02 0.65 0.89
0.23 0.33 0.27 0.08 0.53 0.36
0.38 0.87 0.15 0.64 0.93 0.07
0.02 0.71 0.64 0.71 0.86 0.21
0.38 0.58 0.05 0.28 0.19 0.72
0.43 0.46 0.18 0.43 0.25 0.19
0.60 0.61 0.38 0.99 0.75 0.02
0.64 0.16 0.45 0.34 0.26 0.11
0.62 0.11 0.42 0.79 0.22 0.04
0.64 0.37 0.03 0.81 0.79 0.11
0.79 0.55 0.39 0.74 0.08 0.02
0.30 0.18 0.02 0.13 0.60 0.13
0.62 0.82 0.20 0.15 0.34 0.38
0.36 0.30 0.89 0.65 0.22 0.01
0.77 0.18 0.62 0.19 0.60 0.01
0.04 0.79 0.14 0.64 0.79 0.95
0.38 0.17 0.02 0.44 0.76 0.87
0.38 0.26 0.03 0.07 0.46 0.57
0.31 0.79 0.08 0.66 0.59 0.03
0.66 0.51 0.01 0.21 0.59 0.52
0.34 0.34 0.73 0.01 0.63 0.39
0.01 0.04 0.57 0.71 0.40 0.09
0.44 0.79 0.37 0.04 0.85 0.17
0.08 0.94 0.77 0.97 0.02 0.39
0.06 0.42 0.11 0.47 0.48 0.41
0.55 0.42 0.20 0.24 0.57 0.33
0.75 0.04 0.15 0.25 0.11 0.55
0.05 0.87 0.96 0.55 0.09 0.35
0.07 0.71 0.84 0.67 1.00 0.16
0.91 0.64 0.12 0.41 0.55 0.08
0.92 0.02 0.66 0.47 0.02 0.45
0.02 0.80 0.98 0.54 0.12 0.51
0.45 0.34 0.26 0.06 0.13 0.37
0.09 0.91 0.08 0.59 0.68 0.55
0.05 0.74 0.19 0.96 0.14 0.07
0.10 0.71 0.73 0.66 0.77 0.05
0.43 0.78 0.45 0.03 0.01 0.83
0.13 0.37 0.45 0.45 0.54 0.24
0.79 0.82 0.77 0.32 0.05 0.03
0.03 0.36 0.28 0.41 0.17 0.73
0.85 0.01 0.10 0.09 0.88 0.86
0.54 0.08 0.03 0.47 0.58 0.99
0.30 0.59 0.07 0.40 0.52 0.16
0.36 0.63 0.17 0.22 0.21 0.03
0.81 0.12 0.06 0.52 0.49 0.89
0.38 0.03 0.34 0.33 1.00 0.82
0.10 0.33 0.53 0.41 0.71 0.03
0.94 0.68 0.37 0.49 0.90 0.01
0.56 0.44 0.51 0.15 0.01 0.43
0.63 0.69 0.03 0.55 0.19 0.85
0.88 0.01 0.24 0.88 0.01 0.88
0.16 0.63 0.83 0.55 0.07 0.88
0.01 0.55 0.86 0.62 0.60 0.02
0.68 0.02 0.65 0.17 0.23 0.05
0.25 0.11 0.34 0.12 0.20 0.02
