0.97 0.85 0.24 0.78 0.67 0.70
0.55 0.72 0.15 0.22 0.73 0.74
0.01 0.43 0.61 0.45 0.45 0.61
0.01 0.07 0.52 0.08 0.08 0.48
0.47 0.61 0.50 0.27 0.23 0.87
0.05 0.09 0.39 0.63 0.26 0.04
0.78 0.42 0.70 0.30 0.04 0.23
0.71 0.57 0.12 0.12 0.43 0.43
0.35 0.67 0.46 0.55 0.49 0.85
0.84 0.47 0.20 0.47 0.40 0.45
0.29 0.33 0.92 0.41 0.89 0.05
0.42 0.30 0.26 0.15 0.18 0.82
0.17 0.38 0.78 0.56 0.96 0.47
0.11 0.37 0.24 0.15 0.73 0.91
0.03 0.63 0.24 0.09 0.22 0.17
0.08 0.86 0.69 0.77 0.08 0.21
0.68 0.58 0.36 0.12 0.51 0.87
0.27 0.05 0.21 0.77 0.19 0.19
0.50 0.55 0.52 0.61 0.76 0.42
0.76 0.42 0.22 0.15 0.15 0.50
0.40 0.91 0.87 0.26 0.16 0.03
0.19 0.71 0.22 0.66 0.83 0.21
0.82 0.32 0.21 0.49 0.67 0.75
0.30 0.33 0.80 0.84 0.02 0.22
0.06 0.22 0.27 0.78 0.42 0.92
0.83 0.76 0.69 0.85 0.28 0.02
0.05 0.35 0.10 0.73 0.11 0.23
0.49 0.27 0.02 0.63 0.56 0.65
0.25 0.08 0.78 0.88 0.44 0.27
0.22 0.32 0.32 0.15 0.67 0.94
0.47 0.04 0.15 0.34 0.98 0.03
0.86 0.34 0.17 0.96 0.58 0.56
0.55 0.03 0.03 0.14 0.44 0.77
0.58 0.81 0.39 0.19 0.09 0.98
0.96 0.05 0.30 0.44 0.75 0.54
0.31 0.52 0.07 0.80 0.16 0.14
0.96 0.79 0.36 0.05 0.42 0.57
0.03 0.46 0.71 0.21 0.18 0.09
0.31 0.93 0.63 0.56 0.51 0.01
0.16 0.12 0.93 0.50 0.38 0.20
0.87 0.99 0.29 0.95 0.62 0.12
0.28 0.05 0.13 0.28 0.23 0.20
0.58 0.89 0.13 0.57 0.19 0.90
0.48 0.18 0.01 0.25 0.26 0.43
0.15 0.61 0.68 0.28 0.94 0.45
0.13 0.09 0.06 0.75 0.28 0.86
0.34 0.96 0.11 0.99 0.10 0.90
0.46 0.40 0.82 0.10 0.07 0.80
0.52 1.00 0.66 0.81 0.07 0.02
0.61 0.56 0.15 0.21 0.02 0.40
0.73 0.65 0.99 0.01 0.47 0.31
0.51 0.03 0.37 0.05 0.86 0.59
0.48 0.16 0.39 0.02 0.47 0.23
0.62 0.06 0.95 0.13 0.79 0.09
0.81 0.88 0.05 0.99 0.33 0.20
0.67 0.35 0.07 0.17 0.60 0.69
0.62 0.01 0.51 0.61 0.63 0.95
0.36 0.25 0.47 0.11 0.40 0.20
0.85 0.02 0.96 0.73 0.47 0.27
0.44 0.30 0.11 0.82 0.90 0.41
0.11 0.39 0.53 0.51 0.74 0.36
0.33 0.34 0.28 0.03 0.07 0.38
0.79 0.21 0.38 0.09 0.03 0.68
0.12 0.64 0.02 0.88 0.52 0.93
0.81 0.14 0.85 0.10 0.74 0.04
0.85 0.02 0.23 0.46 0.76 0.92
0.19 0.62 0.18 0.34 0.77 0.75
0.07 0.50 0.37 0.76 0.43 0.09
0.36 0.04 0.75 0.56 0.70 0.78
0.99 0.83 0.35 0.58 0.70 0.02
0.02 0.29 0.29 0.31 1.00 0.63
0.01 0.60 0.99 0.82 0.66 0.15
0.19 0.16 0.77 0.36 0.68 0.03
0.36 0.46 0.18 0.11 0.40 0.49
0.96 0.31 0.53 0.53 0.07 0.32
0.86 0.41 1.00 0.30 0.83 0.02
0.31 0.03 0.32 0.45 0.44 0.03
0.32 0.93 0.28 0.21 0.21 0.64
0.55 0.24 0.14 0.82 0.64 0.19
0.59 0.97 0.32 0.96 0.43 0.11
0.55 0.30 0.71 0.15 0.05 0.25
0.65 0.69 0.62 0.01 0.79 0.03
0.17 0.83 0.23 0.06 0.94 0.39
0.37 0.64 0.25 0.74 0.45 0.16
0.09 0.55 0.70 0.13 0.07 0.44
0.57 0.77 0.29 0.87 1.00 0.02
0.57 1.00 0.73 0.84 0.03 0.53
0.14 0.76 0.57 0.14 0.20 0.38
0.03 0.59 0.63 0.71 0.18 0.39
0.20 0.58 0.36 0.41 0.89 0.32
0.08 0.55 0.13 0.66 0.18 0.38
0.90 0.09 0.71 0.06 0.06 0.08
0.23 0.57 0.01 0.28 0.57 0.44
0.66 0.61 0.76 0.26 0.90 0.08
0.72 0.84 0.26 0.38 0.51 0.12
0.63 0.91 0.84 0.17 0.37 0.07
0.07 0.44 0.04 0.50 0.23 0.63
0.39 0.42 0.35 0.26 0.97 0.03
0.74 0.94 0.08 0.79 0.70 0.12
0.21 0.29 0.50 0.01 0.14 0.94
0.95 0.87 0.05 0.84 0.16 0.68
0.38 0.20 0.30 0.25 0.39 0.70
0.19 0.08 0.23 0.23 0.33 0.51
0.31 0.56 0.79 0.06 0.73 0.65
0.17 0.25 0.35 0.18 0.27 0.41
0.18 0.05 0.66 0.72 0.33 0.56
0.39 0.53 0.03 0.82 0.69 0.51
0.04 0.14 0.64 0.44 0.08 0.36
0.55 0.69 0.09 0.10 0.08 0.46
0.78 0.21 0.01 0.19 0.83 0.62
0.12 0.96 0.51 0.63 0.21 0.87
0.80 0.79 0.07 0.41 0.16 0.22
0.81 0.11 0.40 0.39 0.17 0.40
0.55 0.66 0.04 0.59 0.18 0.96
0.30 0.44 0.50 0.12 0.30 0.44
0.96 0.98 0.06 0.41 0.32 0.21
0.37 0.54 0.24 0.71 0.96 0.16
0.46 0.83 0.51 0.23 0.97 0.01
0.47 0.96 0.08 0.63 0.91 0.32
0.03 0.61 0.23 0.75 0.45 0.54
0.93 0.29 0.64 0.21 0.96 0.18
0.77 0.17 0.65 0.24 0.43 0.14
0.37 0.21 0.25 0.03 0.05 0.27
0.83 0.33 0.59 0.40 0.84 0.03
0.98 0.02 0.90 0.62 0.89 0.30
0.73 0.64 0.74 0.84 0.21 0.08
0.49 0.45 0.58 0.09 0.32 0.16
0.12 0.25 0.23 0.44 0.05 0.37
0.11 0.83 0.08 0.80 0.12 0.54
0.53 0.85 0.06 0.52 0.03 0.99
0.60 0.01 0.88 0.70 0.96 0.67
1.00 0.68 0.03 0.17 0.11 0.67
0.22 0.25 0.37 0.45 0.04 0.01
0.95 0.02 0.57 0.77 0.23 0.41
0.93 0.26 0.01 0.49 0.05 0.10
0.01 0.62 0.79 0.65 0.61 0.35
0.31 1.00 0.57 0.04 0.27 0.09
0.29 0.06 0.36 0.59 0.12 0.32
0.54 0.79 0.02 0.86 0.95 0.14
0.11 0.34 0.71 0.34 0.80 0.15
0.07 0.42 0.42 0.11 0.08 0.42
0.98 0.77 0.75 0.78 0.03 0.10
0.87 0.21 0.67 0.42 0.02 1.00
0.58 0.07 0.08 0.68 0.14 0.53
0.22 0.13 0.62 0.31 0.04 0.43
0.01 0.06 0.61 0.91 0.63 0.64
0.16 0.44 0.20 0.16 0.36 0.67
0.78 0.61 0.51 0.99 0.01 0.86
0.09 0.39 0.33 0.44 0.44 0.58
0.39 0.15 0.42 0.10 0.25 0.34
0.46 0.27 0.10 0.22 0.64 0.30
0.01 0.95 0.82 0.10 0.84 0.39
0.50 0.18 0.13 0.20 0.13 0.44
0.53 0.88 0.04 0.75 0.93 0.06
0.16 0.45 0.23 0.09 0.54 0.05
0.83 0.81 0.57 0.01 0.53 0.81
0.36 0.06 1.00 0.23 0.06 0.02
0.68 0.83 0.19 0.02 0.12 0.74
0.24 0.01 0.58 0.09 0.35 0.51
0.72 0.03 0.38 0.79 0.41 0.36
0.50 0.55 0.06 0.11 0.74 0.44
0.60 0.89 0.51 0.66 0.01 0.60
0.48 0.55 0.35 0.78 0.33 0.14
0.12 0.29 0.35 0.23 0.49 0.44
0.12 0.17 0.68 0.29 0.63 0.43
0.06 0.03 0.09 0.76 0.12 0.95
0.78 0.61 0.03 0.71 0.30 0.07
0.01 0.80 0.24 0.57 0.52 0.68
0.81 0.13 1.00 0.17 0.42 0.15
0.15 0.66 0.85 0.96 0.01 0.52
0.14 0.45 0.83 0.30 0.52 0.10
0.27 1.00 0.22 0.12 0.19 0.82
0.28 0.25 0.33 0.37 0.03 0.14
0.32 0.81 0.94 0.19 0.07 0.29
1.00 1.00 0.26 0.02 0.13 0.72
0.73 0.04 0.63 0.95 0.26 0.18
0.75 0.61 0.63 0.01 0.63 0.48
0.26 0.89 0.05 0.94 0.01 0.58
0.04 0.08 0.02 0.06 0.26 0.49
0.62 0.02 0.22 0.97 0.98 0.37
0.59 0.57 0.26 0.15 0.20 0.06
0.52 0.97 0.17 0.03 0.43 0.84
0.54 0.64 0.54 0.13 0.73 0.03
0.27 0.07 0.18 0.66 0.52 0.34
0.18 0.43 0.56 0.31 0.11 0.12
0.02 0.83 0.91 0.03 0.76 0.99
0.06 0.11 0.01 0.24 0.45 0.41
0.36 0.59 0.45 0.02 0.90 0.92
0.64 0.85 0.21 0.85 0.02 0.35
0.13 0.56 0.12 0.62 0.93 0.23
0.89 0.02 0.94 0.72 0.87 0.16
0.10 0.05 0.75 0.45 0.02 0.10
0.98 0.90 0.02 0.07 0.63 0.14
0.62 0.15 0.07 0.19 0.05 0.11
0.78 0.87 0.25 0.15 0.67 0.01
0.99 0.01 0.75 0.63 0.26 0.25
0.72 0.83 0.49 0.01 0.25 0.89
0.46 0.64 0.81 0.01 0.02 0.86
0.02 0.41 0.19 0.20 0.50 0.28
0.21 0.04 0.52 0.16 0.31 0.39
0.04 0.71 0.48 0.84 0.22 0.14
0.77 0.84 0.84 0.02 0.15 0.05
0.56 0.41 0.17 0.74 0.10 0.70
0.34 0.53 0.16 0.04 0.77 0.66
0.62 0.02 0.29 0.40 0.62 0.02
0.07 0.64 0.33 0.96 0.11 0.01
0.69 0.82 0.14 0.08 0.88 0.47
0.66 0.43 0.08 0.66 0.02 0.93
0.51 0.63 0.12 0.04 0.67 0.84
0.78 0.18 0.22 0.01 0.40 0.04
0.41 0.78 0.70 0.08 0.97 0.07
0.25 0.78 0.07 0.99 0.18 0.94
0.36 0.57 0.10 0.38 0.03 0.21
0.51 0.03 0.66 0.36 0.34 0.01
0.51 1.00 0.17 0.87 0.13 0.19
0.63 0.23 0.03 0.01 0.66 0.83
0.21 0.25 0.09 0.80 0.36 0.46
0.93 0.03 0.15 0.72 0.97 0.56
0.02 0.14 0.45 0.67 0.02 0.63
0.76 0.04 0.45 0.13 0.48 0.23
0.55 0.86 0.02 0.26 0.28 0.02
0.60 0.08 0.18 0.46 0.01 0.78
0.57 0.01 0.58 0.76 0.04 0.71
0.17 0.60 0.96 0.08 0.59 0.29
0.34 0.29 0.34 0.12 0.02 0.76
0.09 0.16 0.69 0.11 0.41 0.44
0.85 0.01 0.72 0.22 0.63 0.06
0.40 0.05 0.05 0.56 0.80 0.63
0.52 0.12 0.43 0.26 0.10 0.45
0.02 0.90 0.91 0.41 0.44 0.42
