97 85 24 78 67 70
55 72 15 22 73 74
1 43 61 45 45 61
1 7 52 8 8 48
47 61 50 27 23 87
5 9 39 63 26 4
78 42 70 30 4 23
71 57 12 12 43 43
35 67 46 55 49 85
84 47 20 47 40 45
29 33 92 41 89 5
42 30 26 15 18 82
17 38 78 56 96 47
11 37 24 15 73 91
3 63 24 9 22 17
8 86 69 77 8 21
68 58 36 12 51 87
27 5 21 77 19 19
50 55 52 61 76 42
76 42 22 15 15 50
40 91 87 26 16 3
19 71 22 66 83 21
82 32 21 49 67 75
30 33 80 84 2 22
6 22 27 78 42 92
83 76 69 85 28 2
5 35 10 73 11 23
49 27 2 63 56 65
25 8 78 88 44 27
22 32 32 15 67 94
47 4 15 34 98 3
86 34 17 96 58 56
55 3 3 14 44 77
58 81 39 19 9 98
96 5 30 44 75 54
31 52 7 80 16 14
96 79 36 5 42 57
3 46 71 21 18 9
31 93 63 56 51 1
16 12 93 50 38 20
87 99 29 95 62 12
28 5 13 28 23 20
58 89 13 57 19 90
48 18 1 25 26 43
15 61 68 28 94 45
13 9 6 75 28 86
34 96 11 99 10 90
46 40 82 10 7 80
52 100 66 81 7 2
61 56 15 21 2 40
73 65 99 1 47 31
51 3 37 5 86 59
48 16 39 2 47 23
62 6 95 13 79 9
81 88 5 99 33 20
67 35 7 17 60 69
62 1 51 61 63 95
36 25 47 11 40 20
85 2 96 73 47 27
44 30 11 82 90 41
11 39 53 51 74 36
33 34 28 3 7 38
79 21 38 9 3 68
12 64 2 88 52 93
81 14 85 10 74 4
85 2 23 46 76 92
19 62 18 34 77 75
7 50 37 76 43 9
36 4 75 56 70 78
99 83 35 58 70 2
2 29 29 31 100 63
1 60 99 82 66 15
19 16 77 36 68 3
36 46 18 11 40 49
96 31 53 53 7 32
86 41 100 30 83 2
31 3 32 45 44 3
32 93 28 21 21 64
55 24 14 82 64 19
59 97 32 96 43 11
55 30 71 15 5 25
65 69 62 1 79 3
17 83 23 6 94 39
37 64 25 74 45 16
9 55 70 13 7 44
57 77 29 87 100 2
57 100 73 84 3 53
14 76 57 14 20 38
3 59 63 71 18 39
20 58 36 41 89 32
8 55 13 66 18 38
90 9 71 6 6 8
23 57 1 28 57 44
66 61 76 26 90 8
72 84 26 38 51 12
63 91 84 17 37 7
7 44 4 50 23 63
39 42 35 26 97 3
74 94 8 79 70 12
21 29 50 1 14 94
95 87 5 84 16 68
38 20 30 25 39 70
19 8 23 23 33 51
31 56 79 6 73 65
17 25 35 18 27 41
18 5 66 72 33 56
39 53 3 82 69 51
4 14 64 44 8 36
55 69 9 10 8 46
78 21 1 19 83 62
12 96 51 63 21 87
80 79 7 41 16 22
81 11 40 39 17 40
55 66 4 59 18 96
30 44 50 12 30 44
96 98 6 41 32 21
37 54 24 71 96 16
46 83 51 23 97 1
47 96 8 63 91 32
3 61 23 75 45 54
93 29 64 21 96 18
77 17 65 24 43 14
37 21 25 3 5 27
83 33 59 40 84 3
98 2 90 62 89 30
73 64 74 84 21 8
49 45 58 9 32 16
12 25 23 44 5 37
11 83 8 80 12 54
53 85 6 52 3 99
60 1 88 70 96 67
100 68 3 17 11 67
22 25 37 45 4 1
95 2 57 77 23 41
93 26 1 49 5 10
1 62 79 65 61 35
31 100 57 4 27 9
29 6 36 59 12 32
54 79 2 86 95 14
11 34 71 34 80 15
7 42 42 11 8 42
98 77 75 78 3 10
87 21 67 42 2 100
58 7 8 68 14 53
22 13 62 31 4 43
1 6 61 91 63 64
16 44 20 16 36 67
78 61 51 99 1 86
9 39 33 44 44 58
39 15 42 10 25 34
46 27 10 22 64 30
1 95 82 10 84 39
50 18 13 20 13 44
53 88 4 75 93 6
16 45 23 9 54 5
83 81 57 1 53 81
36 6 100 23 6 2
68 83 19 2 12 74
24 1 58 9 35 51
72 3 38 79 41 36
50 55 6 11 74 44
60 89 51 66 1 60
48 55 35 78 33 14
12 29 35 23 49 44
12 17 68 29 63 43
6 3 9 76 12 95
78 61 3 71 30 7
1 80 24 57 52 68
81 13 100 17 42 15
15 66 85 96 1 52
14 45 83 30 52 10
27 100 22 12 19 82
28 25 33 37 3 14
32 81 94 19 7 29
100 100 26 2 13 72
73 4 63 95 26 18
75 61 63 1 63 48
26 89 5 94 1 58
4 8 2 6 26 49
62 2 22 97 98 37
59 57 26 15 20 6
52 97 17 3 43 84
54 64 54 13 73 3
27 7 18 66 52 34
18 43 56 31 11 12
2 83 91 3 76 99
6 11 1 24 45 41
36 59 45 2 90 92
64 85 21 85 2 35
13 56 12 62 93 23
89 2 94 72 87 16
10 5 75 45 2 10
98 90 2 7 63 14
62 15 7 19 5 11
78 87 25 15 67 1
99 1 75 63 26 25
72 83 49 1 25 89
46 64 81 1 2 86
2 41 19 20 50 28
21 4 52 16 31 39
4 71 48 84 22 14
77 84 84 2 15 5
56 41 17 74 10 70
34 53 16 4 77 66
62 2 29 40 62 2
7 64 33 96 11 1
69 82 14 8 88 47
66 43 8 66 2 93
51 63 12 4 67 84
78 18 22 1 40 4
41 78 70 8 97 7
25 78 7 99 18 94
36 57 10 38 3 21
51 3 66 36 34 1
51 100 17 87 13 19
63 23 3 1 66 83
21 25 9 80 36 46
93 3 15 72 97 56
2 14 45 67 2 63
76 4 45 13 48 23
55 86 2 26 28 2
60 8 18 46 1 78
57 1 58 76 4 71
17 60 96 8 59 29
34 29 34 12 2 76
9 16 69 11 41 44
85 1 72 22 63 6
40 5 5 56 80 63
52 12 43 26 10 45
2 90 91 41 44 42
