71 8 68 82 32 59
55 78 20 57 56 65
83 22 98 37 3 50
8 25 82 50 33 49
30 1 38 29 8 81
82 63 22 42 64 11
39 94 5 33 96 29
19 1 25 11 29 1
58 76 92 26 9 78
73 41 28 25 28 33
21 27 73 13 14 34
9 15 32 14 70 76
5 55 15 92 1 27
2 75 60 38 16 84
48 85 51 9 41 59
54 63 8 21 62 22
87 88 15 46 41 58
23 28 8 31 51 11
70 24 21 18 67 39
78 88 13 55 59 6
65 25 19 39 82 55
28 32 22 2 79 4
34 64 12 93 46 71
41 30 6 18 27 7
10 7 79 25 13 85
76 55 8 80 26 77
11 80 58 19 13 2
85 53 4 1 13 21
92 67 27 78 14 6
30 28 27 55 1 56
70 72 89 3 78 98
13 66 75 59 45 6
77 48 81 21 12 33
49 25 48 10 10 98
6 3 6 22 49 28
6 78 54 11 3 19
41 19 27 4 59 57
77 44 31 18 13 18
11 64 89 31 20 4
59 45 2 53 18 62
3 94 95 90 92 12
30 36 1 23 45 18
3 12 88 66 59 84
78 52 17 8 33 45
14 60 6 51 32 1
13 69 64 91 17 55
28 47 29 16 10 23
61 90 21 16 47 69
69 75 90 52 1 100
86 6 83 10 27 37
6 13 76 34 25 66
40 40 41 88 7 42
5 76 75 20 36 27
71 74 7 53 9 21
55 11 65 8 74 88
19 46 31 6 13 20
64 59 22 59 3 74
44 83 28 43 10 38
9 59 81 89 88 16
48 36 56 45 5 18
92 7 20 61 11 63
89 21 10 37 33 29
1 52 8 77 88 40
57 67 19 13 59 84
17 17 29 43 16 40
59 14 34 91 24 2
16 60 70 40 24 86
6 73 93 21 44 54
91 61 75 36 7 62
21 66 20 45 35 23
78 19 92 2 43 49
2 77 66 51 78 37
44 91 28 4 19 34
5 88 67 88 67 58
77 1 35 77 27 79
57 5 22 91 18 40
11 50 99 47 21 38
41 15 6 28 41 54
29 99 82 35 2 9
5 39 78 56 35 12
4 55 73 70 84 47
5 96 55 59 7 44
17 76 20 27 67 2
77 78 55 8 97 1
1 57 18 97 85 12
3 38 27 20 70 16
22 59 20 92 74 5
17 28 28 34 61 11
7 28 34 4 31 96
83 70 16 9 39 20
5 92 51 47 62 100
74 27 8 77 11 95
39 59 22 5 15 57
51 78 39 2 17 85
70 60 55 2 78 72
75 41 41 15 6 41
12 70 25 94 42 6
52 32 29 21 2 35
22 84 4 90 52 4
9 79 53 33 19 58
2 74 33 18 49 55
4 65 76 20 56 66
57 29 3 66 44 89
22 30 4 36 20 93
1 18 89 19 63 91
25 3 88 6 24 73
23 13 90 34 11 19
57 65 88 1 24 26
63 22 64 9 38 86
10 57 49 80 36 33
37 71 75 20 1 71
36 50 7 35 25 76
27 48 26 67 27 1
86 89 19 68 4 64
20 93 22 33 32 55
79 92 73 88 2 22
2 47 3 91 2 10
53 53 8 78 21 66
66 43 52 41 1 33
23 23 100 93 1 84
3 15 48 55 16 12
73 47 91 14 4 86
8 20 28 86 44 29
89 54 24 23 40 6
59 46 2 57 65 8
10 53 47 32 11 93
19 1 71 40 4 73
17 24 89 53 4 90
95 27 73 52 27 15
62 31 93 2 77 96
35 59 98 4 76 33
57 77 5 28 90 6
93 46 21 70 16 20
75 66 15 49 21 80
88 20 13 31 16 25
62 11 45 57 4 48
3 85 33 73 1 92
68 49 50 3 37 51
16 25 28 58 38 59
86 53 14 79 3 65
52 67 80 1 57 8
1 41 3 54 40 39
69 2 13 66 47 3
54 27 11 47 4 58
78 27 13 98 1 20
80 91 38 33 13 17
80 90 6 8 66 1
2 62 67 87 32 10
66 44 60 7 1 93
50 2 4 23 24 5
14 74 25 46 73 9
71 53 1 24 14 54
67 87 15 11 92 45
97 83 13 59 20 4
5 81 44 59 48 7
69 79 6 4 94 15
30 12 55 32 27 33
33 100 64 5 5 84
8 12 69 53 86 13
16 27 69 11 59 54
55 14 3 93 13 4
97 21 26 52 11 75
100 17 7 89 45 3
92 100 3 1 9 39
15 57 22 2 23 51
51 66 22 74 16 9
77 8 50 82 21 45
58 68 4 2 62 53
1 100 86 8 75 56
48 18 46 5 60 19
81 88 76 1 88 44
89 34 21 22 18 63
3 78 9 50 30 89
24 40 13 47 31 18
32 73 2 100 42 88
83 13 85 5 70 57
54 10 73 75 17 1
30 4 22 64 44 12
8 60 17 4 75 92
60 45 20 2 79 56
47 28 4 70 65 77
44 42 11 30 3 43
22 92 28 43 18 7
59 90 13 8 81 43
67 16 24 16 14 93
75 69 66 44 7 16
13 25 83 10 100 92
4 40 75 69 2 74
1 36 70 58 85 84
50 51 25 19 19 7
72 27 77 8 97 3
9 54 96 68 13 96
57 49 7 79 20 35
63 3 17 41 2 3
7 15 82 5 71 71
6 66 19 7 69 90
30 59 74 98 8 8
45 47 45 18 5 15
9 1 39 76 84 96
15 65 56 51 17 72
16 27 52 23 20 20
57 9 51 8 86 89
19 37 18 22 35 68
91 37 1 4 56 74
5 34 44 42 54 5
46 65 4 59 11 95
60 44 16 48 14 26
54 81 24 23 9 60
18 5 51 59 34 32
95 85 94 2 5 46
35 29 63 4 47 27
75 79 51 1 93 35
5 99 90 58 15 15
22 37 82 3 99 31
40 29 14 74 24 83
57 56 41 3 2 91
11 52 16 58 23 87
32 72 12 4 42 69
3 93 58 10 14 46
57 28 66 21 15 65
22 71 71 28 10 87
48 14 26 98 24 97
9 99 26 49 45 9
9 32 57 76 2 61
49 89 1 91 26 35
22 55 61 34 21 1
1 83 74 34 44 75
79 6 37 8 59 57
53 68 1 4 95 65
48 41 37 4 73 49
