43 85 16 6 98 61
63 75 83 95 92 20
40 2 10 12 49 47
1 99 34 78 16 53
11 46 41 94 23 50
27 91 76 15 39 19
26 68 55 58 55 38
96 81 10 48 29 43
48 7 42 8 70 21
28 60 20 2 98 7
72 3 53 77 13 44
26 9 47 90 1 27
27 97 3 44 70 85
4 41 17 45 13 35
60 10 52 45 23 45
81 4 86 56 4 11
48 21 99 56 49 4
81 74 61 2 91 63
47 36 40 14 41 57
75 47 79 19 21 39
40 13 38 88 73 34
15 6 12 48 61 95
91 77 10 73 95 6
56 41 40 88 3 45
17 59 53 13 99 78
48 63 77 87 26 3
8 18 27 1 40 8
92 51 84 61 13 11
61 8 25 93 62 20
99 37 57 71 35 36
69 4 82 33 93 33
92 31 91 22 2 13
2 39 90 3 60 20
54 89 1 28 38 27
37 63 19 27 44 62
55 3 65 64 88 9
31 14 98 16 7 45
15 73 66 51 16 29
68 44 32 30 82 5
27 68 6 44 84 11
80 65 11 94 21 62
2 40 79 98 92 16
82 63 17 14 79 7
13 28 97 50 23 36
20 57 17 16 81 31
11 75 22 11 38 25
51 16 48 7 78 84
2 27 22 15 43 48
76 62 72 97 71 6
17 17 72 18 29 16
82 89 96 12 61 1
38 36 18 57 49 8
83 13 1 19 61 15
3 81 53 11 23 79
95 80 7 43 12 39
98 2 49 64 3 14
14 63 63 37 11 98
9 12 20 65 38 21
94 23 89 24 19 39
37 40 2 81 82 27
98 84 56 41 83 1
78 81 72 57 11 90
86 40 9 35 95 3
85 39 35 46 22 65
3 35 14 32 91 5
78 73 4 68 58 66
94 6 40 95 6 36
21 27 98 4 52 2
9 89 3 32 10 81
16 74 16 92 58 13
3 90 58 19 35 45
32 71 90 10 21 18
20 71 7 16 46 61
93 33 81 20 10 65
49 12 31 40 47 31
65 29 84 100 30 2
74 55 96 75 6 39
36 85 34 54 30 25
24 2 87 72 38 23
61 57 68 8 99 5
59 32 19 8 63 8
19 93 52 28 86 4
34 46 14 25 33 5
5 17 25 96 70 74
22 82 100 91 10 67
73 20 15 20 73 1
39 58 10 45 10 21
30 79 1 64 53 35
88 59 90 66 17 10
36 58 18 11 44 97
29 37 8 27 58 7
57 34 61 71 28 83
54 17 75 8 36 33
14 36 52 11 8 62
48 50 31 32 9 16
57 51 4 54 76 1
51 92 57 8 6 100
38 62 35 51 9 9
58 86 82 13 4 99
50 25 15 59 18 27
36 13 92 60 99 51
48 32 83 31 15 20
34 8 12 2 14 45
1 89 9 11 90 83
9 11 53 11 13 93
19 17 68 52 90 56
74 12 85 10 7 35
79 29 19 84 9 68
70 31 54 69 78 4
46 17 34 40 19 9
32 21 62 62 16 28
100 63 27 69 64 4
62 79 24 43 12 12
67 45 16 10 7 69
80 69 10 9 65 59
74 12 35 93 32 2
24 25 22 45 89 83
87 15 24 81 26 29
8 11 46 63 53 88
40 6 21 75 20 85
5 97 82 86 23 22
48 39 35 28 4 54
79 2 54 11 64 47
68 15 75 56 24 37
74 86 7 14 33 96
3 6 76 5 19 23
12 1 95 62 77 94
12 95 41 32 52 4
3 79 13 5 32 22
73 76 58 6 13 83
17 68 84 39 3 36
3 27 54 75 4 29
72 15 29 35 13 26
51 66 68 98 34 3
37 28 41 30 28 36
85 7 53 54 19 98
94 25 96 87 3 39
79 39 17 2 89 18
55 73 11 26 35 98
29 47 52 21 17 37
68 46 35 96 1 55
79 66 95 65 64 3
43 74 69 13 18 35
11 22 3 11 91 52
48 2 24 4 18 31
12 87 32 43 5 86
86 24 30 69 16 16
78 12 2 43 3 36
66 43 16 63 24 18
15 89 2 95 88 80
53 32 4 87 73 51
33 23 61 57 22 57
4 11 42 48 90 56
20 66 5 34 30 89
36 35 8 99 82 33
62 91 30 37 9 58
20 57 53 43 2 14
27 18 64 80 8 94
5 97 4 92 63 5
59 12 36 29 23 30
18 6 42 2 21 94
65 17 27 68 10 89
22 11 56 37 94 86
63 46 6 89 4 61
57 86 88 26 11 53
6 98 1 90 8 45
90 25 37 21 12 79
9 100 2 16 85 25
22 98 29 96 3 54
51 12 29 18 8 1
87 71 7 15 83 67
20 95 3 8 24 48
15 65 53 71 68 1
99 72 10 29 36 16
66 75 8 18 46 38
21 3 70 89 85 99
17 7 52 96 50 14
1 12 66 35 15 21
18 62 8 55 19 62
47 42 11 15 19 92
13 7 68 88 94 12
22 56 5 42 2 58
84 57 2 96 41 17
29 11 40 60 80 23
33 22 5 52 73 53
61 42 6 63 71 64
33 41 72 20 20 59
50 26 48 34 8 84
15 51 10 91 83 98
10 10 35 10 95 3
14 60 71 8 7 23
37 2 4 80 48 59
78 45 88 11 1 91
64 40 5 18 14 52
26 8 32 31 75 11
52 84 42 1 27 81
18 83 5 62 36 90
79 43 2 3 11 68
19 68 95 7 2 3
76 62 2 66 62 8
20 5 23 59 96 87
47 23 13 35 28 40
1 72 60 42 83 46
49 52 86 12 19 4
57 51 7 65 50 6
68 82 5 88 5 52
31 2 85 37 43 76
9 78 20 42 46 37
8 42 96 46 8 100
93 65 58 10 4 89
6 84 53 23 11 49
7 11 58 15 98 22
97 63 90 49 6 4
60 23 83 75 3 22
2 20 48 72 16 31
92 10 2 42 70 75
95 51 5 92 62 12
51 57 30 94 1 72
39 33 46 85 75 7
18 40 35 43 27 84
89 17 28 33 9 2
86 33 14 99 95 14
15 13 28 89 11 2
60 86 74 6 33 18
60 87 9 30 26 95
87 97 2 92 76 5
14 32 5 15 40 30
31 79 44 3 24 81
28 17 89 22 58 5
41 88 74 81 4 7
