300 6
21 24 99 69 65 30
6 56 43 66 84 45
59 16 11 81 57 42
52 23 73 11 94 81
23 32 41 11 28 6
94 6 55 17 33 14
21 24 47 11 41 45
27 29 44 89 14 85
14 57 22 45 5 76
55 30 16 46 3 57
90 75 10 21 28 87
35 16 58 64 12 20
73 60 33 62 91 11
27 4 25 57 37 44
18 25 36 46 93 70
87 93 55 29 76 1
1 23 24 17 14 23
80 14 35 80 58 12
73 54 13 43 60 26
42 35 22 46 44 75
44 73 4 28 34 65
4 17 32 75 28 40
44 37 29 57 47 10
46 78 40 97 14 13
10 81 5 19 33 33
35 48 40 9 25 81
98 36 49 24 1 25
49 12 63 46 6 33
37 97 91 1 44 47
35 48 38 72 39 9
21 41 18 25 21 42
30 50 14 21 36 24
60 25 1 72 72 33
44 21 18 37 79 26
15 27 83 18 11 41
12 51 14 63 35 86
5 47 11 86 87 50
7 74 38 26 7 9
30 42 7 63 41 39
1 58 78 41 7 21
84 45 2 54 98 10
3 1 38 10 28 96
25 21 42 19 37 64
3 13 37 10 67 26
95 39 47 32 27 13
9 21 84 4 75 48
69 5 39 5 27 3
26 37 7 54 22 27
91 3 13 55 50 43
5 98 12 46 86 1
8 1 11 76 30 44
69 70 27 12 20 62
15 45 2 83 45 76
38 44 14 68 18 42
2 96 88 21 10 41
24 1 93 31 28 60
27 14 88 82 31 33
59 39 13 18 17 13
6 97 38 22 4 74
42 16 11 97 3 25
35 12 79 42 3 45
3 32 87 29 13 46
100 62 29 33 11 1
30 6 10 18 36 87
83 38 73 43 28 2
33 4 46 39 31 26
40 72 43 54 2 8
26 95 74 15 13 59
5 53 86 23 43 22
63 75 28 14 8 89
50 13 20 24 32 76
12 50 2 38 6 26
6 48 71 20 20 16
39 12 30 41 15 44
17 10 61 2 46 22
49 34 26 44 11 10
23 83 12 46 74 15
49 27 5 8 37 22
14 25 4 28 3 43
50 19 37 40 14 3
50 31 48 3 56 42
14 67 6 34 56 22
8 16 12 33 36 7
13 29 49 23 5 77
91 6 14 46 46 10
31 41 5 1 8 67
65 34 7 72 72 20
13 15 61 95 33 12
28 64 95 30 89 5
32 19 73 3 33 8
34 18 14 19 42 4
4 84 60 79 3 62
83 47 12 9 46 1
17 37 1 11 38 9
30 5 16 82 33 14
51 11 85 15 5 50
86 13 99 3 18 36
38 50 38 7 5 25
69 30 49 3 15 20
12 37 25 43 39 6
36 6 3 81 13 13
10 41 29 72 92 3
81 12 13 36 65 32
9 83 37 6 80 19
19 45 42 90 6 31
23 53 20 21 37 45
37 84 3 6 28 31
22 7 76 4 35 1
18 40 40 1 15 13
4 3 44 1 59 12
78 1 11 41 27 20
17 6 9 87 79 19
46 1 27 48 41 95
32 20 2 37 17 73
3 31 38 73 8 35
19 12 8 65 32 52
16 11 33 95 38 39
20 15 13 25 21 59
25 1 76 72 24 16
21 20 99 16 17 94
31 39 6 38 42 2
29 5 15 58 84 1
22 68 8 24 23 6
45 85 33 22 9 41
57 4 26 29 14 6
47 73 86 41 17 4
2 39 74 32 22 1
86 18 22 4 17 24
58 52 21 95 1 45
96 7 25 5 42 11
2 35 8 33 69 35
12 12 81 24 98 7
39 30 49 81 11 19
22 31 72 2 27 67
17 12 74 60 95 11
53 2 11 32 35 48
20 10 4 21 15 18
7 33 38 30 9 77
19 24 43 20 28 4
52 4 17 18 42 32
42 63 6 18 9 10
3 87 65 2 4 48
7 74 44 43 27 5
20 4 82 13 56 37
55 4 2 39 95 93
12 65 44 4 38 65
28 17 78 75 3 23
37 16 25 9 13 53
44 16 35 17 80 11
44 60 30 1 37 55
14 30 10 82 13 6
10 5 30 75 97 54
89 5 3 39 37 20
47 3 76 18 50 43
6 12 90 43 40 26
21 1 65 4 80 81
26 3 7 34 4 11
74 2 100 7 4 34
21 2 38 22 5 22
17 59 6 79 2 88
12 50 48 35 13 25
100 73 32 17 2 20
42 26 8 27 14 1
68 11 30 2 25 40
19 8 29 13 15 15
14 41 30 4 48 50
6 32 82 4 42 36
25 25 62 45 8 10
6 30 55 16 30 24
2 26 33 22 10 36
28 19 89 1 27 76
43 23 52 17 9 9
84 4 35 15 30 4
33 43 19 30 3 12
79 19 1 4 38 42
19 4 62 24 32 1
30 6 88 88 1 34
6 49 99 12 36 47
17 23 24 83 11 87
22 94 40 58 97 3
53 35 42 26 2 22
11 44 3 86 38 32
8 45 4 4 22 23
21 85 23 9 9 63
19 42 59 84 10 33
76 88 50 1 49 2
11 45 50 27 41 20
73 75 24 20 5 33
57 15 9 49 17 1
19 24 1 10 49 18
15 9 87 10 92 11
12 18 45 7 53 14
4 94 37 29 12 26
10 94 14 10 18 21
49 57 16 13 8 7
4 46 18 6 89 9
79 28 28 2 92 86
24 8 12 8 41 2
24 43 31 3 62 64
82 5 53 16 2 85
17 5 40 45 28 15
4 26 16 46 29 57
4 49 20 95 80 4
10 4 42 43 66 94
16 1 65 21 84 88
44 1 48 72 68 24
11 11 23 1 13 93
30 4 4 41 60 3
16 40 87 17 55 9
24 26 29 25 9 1
49 94 9 13 24 5
83 36 18 22 40 13
21 14 10 20 34 97
10 37 36 18 7 30
29 3 20 10 20 41
22 30 39 65 84 2
1 12 8 42 55 68
24 17 30 3 3 23
18 5 58 19 43 39
50 12 12 20 21 61
20 69 6 37 6 40
45 3 41 54 32 10
56 15 1 53 13 32
2 37 36 71 3 24
18 17 37 40 33 36
6 33 48 29 25 7
4 45 5 35 46 6
17 18 9 87 23 77
47 98 19 3 62 20
55 36 57 12 21 17
5 22 10 17 100 87
9 7 40 46 28 23
11 26 38 3 2 10
95 48 3 5 42 37
1 37 45 49 10 29
33 43 36 2 58 45
18 59 2 8 58 7
25 42 39 2 42 9
70 24 6 84 24 7
10 76 86 32 5 36
1 10 39 25 12 36
15 31 20 8 22 40
14 39 5 8 84 14
10 13 5 5 41 5
2 36 13 37 81 21
31 5 35 13 41 2
1 42 12 16 30 24
2 4 72 35 50 44
86 49 1 15 36 50
31 5 40 1 18 49
55 44 37 15 1 12
39 4 8 48 1 13
17 7 36 14 13 85
13 5 5 6 91 11
44 11 11 27 34 8
82 57 1 58 18 16
7 19 93 79 36 14
11 38 39 24 4 3
12 12 18 27 5 67
28 1 39 40 83 46
9 19 34 4 47 40
32 78 20 18 31 4
28 1 25 2 40 23
37 48 13 95 40 3
18 1 24 27 9 43
39 1 62 26 7 45
36 2 32 27 70 22
5 41 17 58 34 19
10 85 47 3 22 79
19 13 25 27 12 20
14 12 40 6 67 89
5 73 79 8 17 35
36 93 28 100 26 5
9 1 5 50 21 3
52 50 21 2 15 32
18 7 23 41 8 81
9 5 48 24 26 37
66 41 5 90 19 2
1 27 46 94 15 12
4 24 87 48 14 20
48 25 10 4 48 48
1 34 42 27 8 91
57 47 5 29 6 26
8 33 26 2 8 56
12 9 76 33 94 7
1 27 54 44 48 20
94 14 2 48 15 23
83 93 23 4 29 20
95 48 3 37 19 32
100 34 20 3 31 21
95 18 8 83 10 7
6 21 28 1 35 25
6 8 9 13 6 40
26 71 2 19 7 7
4 42 10 89 9 34
46 2 23 8 27 42
80 19 76 29 24 2
6 11 46 56 24 17
97 24 14 33 13 21
9 9 27 46 2 7
