300 6
0.00 0.15 0.82 0.66 0.55 0.51
0.82 0.55 0.45 0.66 0.43 0.46
0.63 0.77 0.25 0.67 0.02 0.62
0.23 0.48 0.26 0.90 0.11 0.03
0.43 0.43 0.42 0.03 0.14 0.41
0.16 0.59 0.84 0.37 0.26 0.48
0.17 0.37 0.79 0.37 0.47 0.94
0.20 0.09 0.58 0.44 0.17 0.73
0.02 0.43 0.97 0.81 0.38 0.45
0.02 0.54 0.37 0.65 0.76 0.12
0.46 0.27 0.07 0.32 0.03 0.87
0.57 0.17 0.54 0.35 0.80 0.17
0.78 0.23 0.14 0.55 0.79 0.04
0.17 0.28 0.19 0.79 0.70 0.28
0.57 0.28 0.05 0.92 0.62 0.34
0.20 0.10 0.04 0.47 0.15 0.01
0.49 0.84 0.48 0.27 0.24 0.13
0.22 0.86 0.38 0.23 0.19 0.10
0.57 0.04 0.48 0.33 0.33 0.27
0.18 0.46 0.18 0.21 0.42 0.66
0.53 0.44 0.81 0.34 0.09 0.29
0.20 0.67 0.10 0.24 0.55 0.06
0.08 0.20 0.84 0.09 0.35 0.12
0.08 0.39 0.36 0.54 0.58 0.21
0.11 0.16 0.23 0.05 0.21 0.41
1.00 0.07 0.55 0.45 0.28 0.25
0.68 0.51 0.67 0.45 0.01 0.20
0.01 0.34 0.13 0.24 0.46 0.03
0.74 0.62 0.31 0.04 0.74 0.91
0.86 0.56 0.39 0.29 0.24 0.27
0.24 0.01 0.26 0.32 0.28 0.31
0.15 0.51 0.95 0.47 0.53 0.02
0.46 0.34 0.13 0.03 0.82 0.62
0.17 0.23 0.42 0.73 0.25 0.32
0.02 0.47 0.06 0.32 0.29 0.88
0.47 0.93 0.51 0.02 0.20 0.95
0.21 0.61 0.48 0.01 0.47 0.96
0.86 0.48 0.06 0.77 0.10 0.83
0.02 0.07 0.93 0.17 0.45 0.27
0.16 0.50 0.31 0.89 0.39 0.28
0.11 0.11 0.33 0.40 0.94 0.92
0.64 0.64 0.18 0.06 0.47 0.03
0.37 0.01 0.69 0.33 0.23 0.22
0.08 0.50 0.05 0.13 0.09 0.01
0.05 0.01 0.41 0.61 0.57 0.70
0.31 0.03 0.10 0.11 0.72 0.47
0.36 0.58 0.26 0.02 0.29 0.11
0.16 0.15 0.53 0.26 0.73 0.81
0.48 0.14 0.56 0.08 0.38 0.21
0.33 0.24 0.27 0.05 0.52 0.14
0.49 0.05 0.96 0.16 0.06 0.36
0.12 0.78 0.38 0.01 0.26 0.82
0.11 0.02 0.32 0.48 0.44 0.59
0.42 0.04 0.01 0.17 0.20 0.28
0.72 0.07 0.24 0.33 0.03 0.21
0.38 0.16 0.77 0.04 0.21 0.29
0.33 0.49 0.97 0.04 0.76 0.94
0.14 0.49 0.05 0.09 0.42 0.68
0.12 0.33 0.11 0.97 0.45 0.19
0.46 0.06 0.34 0.01 0.03 0.46
0.05 0.09 0.18 0.18 0.60 0.35
0.18 0.34 0.08 0.99 0.98 0.33
0.33 0.76 0.02 0.66 0.40 0.10
0.09 0.27 0.29 0.25 0.16 0.35
0.11 0.33 0.45 0.30 0.09 0.41
0.43 0.25 0.27 0.18 0.11 0.34
0.89 0.45 0.73 0.31 0.41 0.15
0.04 0.40 0.27 0.06 0.62 0.32
0.36 0.05 0.36 0.09 0.21 0.57
0.03 0.48 0.59 0.27 0.18 0.27
0.06 0.08 0.74 0.42 0.50 0.50
0.28 0.91 0.27 0.01 0.41 0.30
0.09 0.50 0.34 0.33 0.03 0.93
0.31 0.99 0.02 0.29 0.36 0.67
0.07 0.95 0.22 0.22 0.08 0.07
0.41 0.06 0.65 0.66 0.10 0.36
0.03 0.37 0.15 0.49 0.44 0.98
0.45 0.21 0.06 0.23 0.31 0.15
0.83 0.04 0.48 0.08 0.17 0.01
0.41 0.09 0.08 0.78 0.36 0.40
0.18 0.28 0.03 0.35 0.06 0.56
0.16 0.05 0.45 0.03 0.23 0.60
0.42 0.09 0.01 0.47 0.60 0.14
0.19 0.46 0.56 0.09 0.35 0.04
0.36 0.33 0.13 0.19 0.34 0.11
0.51 0.07 0.09 0.44 1.00 0.18
0.45 0.38 0.39 0.30 0.13 0.29
0.01 0.86 0.17 0.70 0.11 0.08
0.07 0.01 0.38 0.86 0.92 0.90
0.02 0.13 0.94 0.06 0.30 0.38
0.26 0.35 0.25 0.43 0.20 0.54
0.47 0.14 0.03 0.49 0.06 0.49
0.08 0.24 0.51 0.83 0.58 0.65
0.99 0.39 0.08 0.27 0.07 0.80
0.44 0.40 0.84 0.41 0.26 0.08
0.07 0.96 0.09 0.02 0.21 0.45
0.86 0.97 0.39 0.05 0.12 0.06
0.17 0.10 0.19 0.43 0.06 0.36
0.07 0.48 0.18 0.49 0.40 0.28
0.38 0.28 0.01 0.03 0.15 0.08
0.33 0.35 0.85 0.66 0.14 0.25
0.06 1.00 0.37 0.69 0.14 0.82
0.08 0.18 0.83 0.53 0.23 0.18
0.40 0.02 0.06 0.50 0.46 0.45
0.60 0.36 0.47 0.03 0.13 0.33
0.28 0.39 0.16 0.03 0.66 0.23
0.80 0.15 0.24 0.22 0.09 0.51
0.33 0.23 0.61 0.26 0.80 0.26
0.17 0.40 0.37 0.01 0.01 0.63
0.29 0.74 0.86 0.01 0.19 0.34
0.18 0.84 0.38 0.36 0.06 0.20
0.06 0.32 0.35 0.14 0.49 0.61
0.50 0.08 0.38 0.28 0.30 0.26
0.22 0.59 0.15 0.03 0.19 0.33
0.23 0.12 0.13 0.19 0.26 0.01
0.79 0.40 0.10 0.03 0.12 0.67
0.06 0.37 0.10 0.02 0.42 0.17
0.19 0.81 0.33 0.04 0.07 0.03
0.14 0.31 0.11 0.06 0.22 0.30
0.02 0.42 0.30 0.02 0.43 0.52
0.22 0.21 0.21 0.38 0.36 0.46
0.02 0.41 0.35 0.11 0.29 0.70
0.04 0.76 0.55 0.38 0.26 0.46
0.43 0.38 0.33 0.02 0.24 0.03
0.57 0.07 0.39 0.06 0.81 0.05
0.01 0.31 0.85 0.01 0.11 0.93
0.04 0.15 0.03 0.03 0.69 0.41
0.24 0.38 0.06 0.21 0.17 0.13
0.84 0.01 0.36 0.78 0.14 0.11
0.03 0.27 0.38 0.18 0.45 0.30
0.76 0.17 0.23 0.99 0.02 0.11
0.18 0.13 0.81 0.40 0.50 0.18
0.06 0.32 0.46 1.00 0.22 0.09
0.37 0.02 0.76 0.08 0.10 0.05
0.14 0.28 0.42 0.11 0.64 0.30
0.19 0.12 0.03 0.78 0.04 0.42
0.37 0.16 0.49 0.35 0.07 0.38
0.39 0.24 0.75 0.04 0.30 0.02
0.18 0.09 0.13 0.75 0.21 0.70
0.85 0.01 0.02 0.89 0.32 0.17
0.29 0.71 0.19 0.09 0.60 0.09
0.11 0.14 1.00 0.49 0.08 0.56
0.16 0.16 0.16 0.87 0.74 0.30
0.37 0.38 0.70 0.28 0.13 0.21
0.19 0.91 0.26 0.01 0.20 0.13
0.02 0.85 0.84 0.47 0.02 0.01
0.05 0.29 0.06 0.53 0.08 0.10
0.04 0.73 0.06 0.52 0.15 0.48
0.02 0.89 0.64 0.38 0.31 0.31
0.06 0.48 0.53 0.49 0.21 0.27
0.46 0.18 0.30 0.63 0.07 0.08
0.05 0.38 0.46 0.33 0.33 0.43
0.44 0.27 0.06 0.41 0.04 0.31
0.01 0.37 0.25 0.26 0.28 0.55
0.60 0.62 0.54 0.97 0.01 0.50
0.37 0.10 0.47 0.07 0.11 0.24
0.29 0.15 0.26 0.44 0.12 0.05
0.41 0.09 0.04 0.04 0.13 0.76
0.45 0.08 0.72 0.26 0.13 0.99
0.49 0.02 1.00 0.06 0.31 0.63
0.08 0.45 0.48 0.31 0.28 0.37
0.83 0.01 0.04 0.94 0.43 0.37
0.01 0.32 0.99 0.47 0.10 0.10
0.66 0.11 0.14 0.14 0.01 0.14
0.87 0.32 0.29 0.58 0.08 0.09
0.03 0.24 0.10 0.57 0.22 0.25
0.71 0.47 0.10 0.19 0.13 0.32
0.14 0.01 0.10 0.25 0.64 0.24
0.09 0.18 0.03 0.13 0.65 0.08
0.24 0.08 0.14 0.53 0.28 0.07
0.54 0.33 0.37 0.06 0.03 0.13
0.13 0.13 0.33 0.25 0.41 0.41
0.89 0.08 0.41 0.21 0.40 0.27
0.06 0.47 0.12 0.25 0.25 0.01
0.18 0.04 0.88 0.39 0.02 0.47
0.49 0.07 0.22 0.42 0.17 0.53
0.02 0.12 0.08 0.22 0.90 0.10
0.36 0.01 0.24 0.24 0.81 0.04
0.06 0.77 0.17 0.34 0.02 0.44
0.01 0.59 0.34 0.60 0.40 0.08
0.04 0.24 0.36 0.06 0.35 0.68
0.08 0.12 0.41 0.18 0.29 0.59
0.47 0.14 0.52 0.43 0.02 0.49
0.78 0.07 0.16 0.76 0.06 0.28
0.72 0.08 0.77 0.81 0.04 0.02
0.11 0.30 0.66 0.28 0.23 0.02
0.08 0.12 0.70 0.33 0.03 0.04
0.03 0.18 0.36 0.49 0.20 0.85
0.29 0.02 0.30 0.43 0.18 0.06
0.11 0.21 0.03 0.47 0.54 0.28
0.26 0.42 0.01 0.47 0.51 0.28
0.12 0.08 0.16 0.39 0.20 0.11
0.28 0.07 0.17 0.15 0.04 0.37
0.29 0.51 0.09 0.10 0.81 0.34
0.01 0.27 0.09 0.22 0.36 0.83
0.37 0.48 0.43 0.11 0.17 0.30
0.77 0.21 0.47 0.09 0.51 0.12
0.33 0.90 0.86 0.11 0.03 0.31
0.14 0.03 0.77 0.11 0.45 0.08
0.58 0.07 0.69 0.28 0.18 0.02
0.49 0.15 0.05 0.03 0.61 0.88
0.04 0.31 0.66 0.06 0.02 0.09
0.46 0.48 0.24 0.18 0.37 0.07
0.04 0.19 0.71 0.41 0.12 0.38
0.96 0.06 0.15 0.30 0.16 0.09
0.03 0.19 0.24 0.36 0.49 0.51
0.03 0.24 0.95 0.02 0.15 0.34
0.02 0.25 0.64 0.20 0.48 0.74
0.02 0.28 0.43 0.65 0.14 0.21
0.02 0.11 0.73 0.45 0.21 0.49
0.50 0.04 0.31 0.02 0.41 0.24
0.95 0.26 0.14 0.22 0.04 0.13
0.03 0.20 0.59 0.11 0.13 0.34
0.11 0.51 0.04 0.28 0.19 0.41
1.00 0.93 0.51 0.04 0.04 0.10
0.05 0.44 0.10 0.40 0.45 0.07
0.62 0.41 0.53 0.36 0.02 0.47
0.44 0.06 0.37 0.27 0.19 0.44
0.95 0.13 0.20 0.11 0.19 0.15
0.18 0.09 0.30 0.25 0.36 0.82
0.26 0.02 0.28 0.31 0.33 0.40
0.19 0.23 0.12 0.78 0.08 0.24
0.13 0.03 0.81 0.10 0.32 0.53
0.05 0.20 0.49 0.18 0.46 0.45
0.01 0.26 0.59 0.31 0.33 0.23
0.03 0.95 0.03 0.08 0.15 0.36
0.30 0.34 0.10 0.32 0.24 0.71
0.42 0.06 0.12 0.49 0.45 0.06
0.35 0.01 0.32 0.46 0.11 0.65
0.11 0.08 0.89 0.43 0.16 0.01
0.29 0.22 0.01 0.52 0.22 0.90
0.03 0.32 0.28 0.56 0.43 0.18
0.35 0.23 0.06 0.20 0.35 0.73
0.26 0.07 0.48 0.64 0.46 0.10
0.08 0.17 0.09 0.22 0.59 0.06
0.49 0.04 0.20 0.25 0.08 0.62
0.33 0.89 0.45 0.23 0.01 0.32
0.21 0.33 0.36 0.06 0.33 0.04
0.06 0.05 0.33 0.47 0.10 0.97
0.18 0.89 0.12 0.47 0.01 0.31
0.17 0.22 0.29 0.58 0.01 0.58
0.13 0.80 0.02 0.19 0.37 0.03
0.90 0.93 0.11 0.28 0.01 0.95
0.33 0.25 0.32 0.12 0.13 0.41
0.05 0.35 0.08 0.28 0.17 0.03
0.46 0.09 0.35 0.87 0.48 0.01
0.22 0.16 0.10 0.10 0.34 0.19
0.18 0.17 0.38 0.04 0.07 0.27
0.64 0.32 0.30 0.01 0.05 0.37
0.27 0.26 0.24 0.24 0.04 0.50
0.32 0.27 0.17 0.18 0.37 0.09
0.21 0.33 0.35 0.08 0.17 0.40
0.31 0.88 0.01 0.31 0.24 0.15
0.33 0.01 0.23 0.78 0.08 0.36
0.32 0.03 0.14 0.28 0.37 0.12
0.76 0.10 0.04 0.25 0.16 0.08
0.18 0.31 0.40 0.03 0.34 0.34
0.04 0.92 0.17 0.27 0.17 0.39
0.03 0.82 0.26 0.05 0.53 0.10
0.08 0.19 0.06 0.77 0.21 0.18
0.15 0.16 0.39 0.07 0.32 0.28
0.06 0.32 0.22 0.34 0.75 0.32
0.20 0.02 0.74 0.73 0.63 0.52
0.10 0.06 0.99 0.29 0.07 0.47
0.13 0.06 0.01 0.10 0.40 0.94
0.14 0.01 0.05 0.89 0.09 0.01
0.76 0.37 0.12 0.23 0.24 0.01
0.97 0.21 0.64 0.03 0.59 0.17
0.17 0.21 0.39 0.08 0.93 0.19
0.72 0.25 0.15 0.12 0.35 0.07
0.25 0.03 0.41 0.07 0.98 0.81
0.85 0.55 0.64 0.01 0.32 0.22
0.01 0.63 0.95 0.20 0.47 0.81
0.05 0.87 0.15 0.06 0.24 0.52
0.25 0.47 0.02 0.06 0.34 0.77
0.44 0.02 0.12 0.13 0.33 0.24
0.49 0.35 0.05 0.05 0.02 0.08
0.15 0.06 0.86 0.69 0.06 0.23
0.05 0.42 0.03 0.50 0.03 0.87
0.02 0.31 0.14 0.05 0.35 0.19
0.39 0.13 0.44 0.35 0.16 0.26
0.01 0.37 0.15 0.11 0.37 0.82
0.93 0.21 0.16 0.06 0.05 0.61
0.28 0.44 0.30 0.51 0.04 0.06
0.12 0.04 0.37 0.39 0.33 0.55
0.14 0.01 0.76 0.60 0.20 0.79
0.10 0.03 0.41 0.35 0.99 0.02
0.12 0.07 0.19 0.79 0.20 0.58
0.10 0.36 0.59 0.27 0.03 0.13
0.07 0.05 0.07 0.08 0.67 0.40
0.38 0.40 0.20 0.43 0.11 0.15
0.73 0.23 0.19 0.10 0.50 0.14
0.18 0.03 0.93 0.34 0.38 0.45
0.53 0.21 0.43 0.06 0.04 0.38
0.33 0.19 0.34 0.11 0.19 0.29
0.33 0.79 0.50 0.04 0.15 0.22
0.16 0.37 0.23 0.10 0.29 0.25
0.85 0.14 0.72 0.05 0.08 0.34
0.05 0.04 0.35 0.70 0.58 0.82
0.07 0.18 0.93 0.34 0.32 0.19
