300 6
0.70 0.02 0.64 0.61 0.73 0.64
0.93 0.31 0.76 0.33 0.75 0.40
0.64 0.18 0.66 0.28 0.52 0.02
0.30 0.14 0.17 0.16 0.23 0.61
0.41 0.90 0.47 0.03 0.47 0.09
0.53 0.58 0.15 0.68 0.03 0.84
0.53 0.33 0.64 0.26 0.54 0.05
0.62 0.21 0.77 0.99 0.62 0.35
0.28 0.14 0.18 0.04 0.14 0.48
0.88 0.30 0.45 0.83 0.08 0.58
0.12 1.00 0.10 0.20 0.44 0.27
0.15 0.26 0.27 0.09 0.85 0.95
0.42 0.04 0.73 0.46 0.29 0.29
0.62 0.22 0.48 0.28 0.45 0.47
0.05 0.13 0.48 0.57 0.32 0.05
0.44 0.71 0.90 0.01 0.73 0.16
0.27 0.26 0.79 0.43 0.02 0.40
0.64 0.12 0.05 0.21 0.28 0.72
0.43 0.38 0.62 0.63 0.01 0.43
0.41 0.20 0.48 0.11 0.23 0.12
0.83 0.81 0.59 0.06 0.73 0.11
0.88 0.34 0.49 0.92 0.10 0.02
0.18 0.11 0.01 0.26 0.86 0.17
0.63 0.11 0.28 0.33 0.79 0.98
0.61 0.05 0.12 0.27 0.11 0.20
0.26 0.03 0.09 0.43 0.42 0.14
0.64 0.49 0.12 0.15 0.07 0.86
0.05 0.32 0.49 0.08 0.38 0.80
0.26 0.62 0.56 0.01 0.34 0.01
0.16 0.51 0.39 0.34 0.78 0.66
0.95 0.26 0.46 0.84 0.03 0.31
0.41 0.37 0.16 0.11 0.30 0.19
0.49 0.21 0.42 0.79 0.05 0.98
0.38 0.73 0.15 0.47 0.33 0.28
0.31 0.76 0.09 0.23 0.49 0.72
0.22 0.62 0.70 0.07 0.18 0.50
0.26 0.45 0.67 0.05 0.01 0.84
0.15 0.88 0.12 0.28 0.30 0.27
0.22 0.93 0.48 0.87 0.01 0.73
0.11 0.06 0.19 0.22 0.02 0.43
0.35 0.33 0.12 0.41 0.82 0.02
0.82 0.29 0.41 0.42 0.89 0.16
0.20 0.18 0.81 0.08 0.67 0.04
0.94 0.36 0.18 0.02 0.64 0.49
0.58 0.51 0.32 0.50 0.01 0.16
0.38 0.46 0.65 0.48 0.10 0.28
0.69 0.22 0.50 0.32 0.04 0.10
0.06 0.84 0.39 0.50 0.45 0.40
0.62 0.45 0.96 0.47 0.07 0.09
0.20 0.78 0.14 0.61 0.34 0.09
0.23 0.49 0.07 0.07 0.16 0.17
0.87 0.11 0.42 0.10 0.46 0.05
0.47 0.26 0.19 0.16 0.19 0.08
0.02 0.27 0.82 0.18 0.22 0.67
0.15 0.41 0.53 0.50 0.22 0.21
0.06 0.26 0.19 0.17 0.33 0.14
0.08 0.61 0.77 0.38 0.10 0.84
0.47 0.19 0.25 0.34 0.60 0.41
0.44 0.04 0.16 0.15 0.25 0.28
0.04 0.05 0.95 0.27 0.83 0.49
0.66 0.20 0.19 0.01 0.36 0.34
0.68 0.29 0.02 1.00 0.17 0.56
0.09 0.68 0.37 0.22 0.74 0.04
0.41 0.19 0.20 0.13 0.12 0.06
0.33 0.12 0.10 0.15 0.26 0.88
0.24 0.17 0.89 0.43 0.85 0.39
0.13 0.44 0.04 0.66 0.43 0.32
0.34 0.32 0.09 0.32 0.08 0.34
0.34 0.17 0.25 0.16 0.13 0.86
0.28 0.11 0.82 0.81 0.33 0.22
0.25 0.39 0.13 0.05 0.97 0.47
0.17 0.19 0.99 0.17 0.14 0.63
0.43 0.19 0.06 0.35 0.16 0.06
0.07 0.53 0.74 0.26 0.32 0.16
0.10 0.76 0.13 0.86 0.54 0.50
0.99 0.77 0.03 0.94 0.80 0.04
0.45 0.88 0.48 0.25 0.09 0.42
0.29 0.47 0.61 0.36 0.10 0.13
0.10 0.05 0.74 0.19 0.72 0.08
0.10 0.41 0.02 0.44 0.40 0.30
0.97 0.17 0.01 0.13 0.05 0.07
0.06 0.11 0.31 0.68 0.36 0.21
0.93 0.04 0.37 0.14 0.51 0.41
0.33 0.14 0.07 0.48 0.17 0.82
0.10 0.31 0.88 0.67 0.16 0.49
0.04 0.54 0.32 0.25 0.27 0.84
0.41 0.11 0.71 0.43 0.25 0.39
0.01 0.43 0.55 0.88 0.28 0.02
0.08 0.25 0.43 0.30 0.27 0.51
0.02 0.48 0.26 0.89 0.69 0.21
0.34 0.28 0.15 0.11 0.33 0.27
0.19 0.07 0.12 0.74 0.81 0.27
0.26 0.35 0.48 0.93 0.77 0.04
0.20 0.12 0.62 0.43 0.19 0.27
0.44 0.23 0.04 0.25 0.66 0.90
0.54 0.38 0.75 0.10 0.81 0.08
0.07 0.52 0.42 0.08 0.18 0.47
0.08 0.45 0.44 0.48 0.26 0.73
0.03 0.62 0.81 0.55 0.46 0.27
0.13 0.04 0.11 0.97 0.21 0.24
0.18 0.02 0.73 0.28 0.26 0.16
0.14 0.26 0.08 0.09 0.50 0.17
0.04 0.03 0.30 0.43 0.06 0.45
0.31 0.57 0.56 0.06 0.45 0.45
0.23 0.37 0.16 0.47 0.43 0.44
0.53 0.56 0.32 0.93 0.07 0.20
0.43 0.72 0.10 0.10 0.02 0.22
0.38 0.01 0.37 0.02 0.30 0.02
0.11 0.02 0.49 0.13 0.50 0.31
0.52 0.47 0.10 0.37 0.03 0.61
0.41 0.77 0.02 0.21 0.13 0.53
0.34 0.29 0.18 0.42 0.11 0.30
0.05 0.44 0.37 0.29 0.24 0.33
0.08 0.31 0.95 0.06 0.37 0.46
0.36 0.04 0.32 0.46 0.29 0.23
0.26 0.43 0.67 0.09 0.38 0.04
0.06 0.64 0.01 0.54 0.45 0.08
0.05 0.42 0.30 0.37 0.13 0.25
0.32 0.13 0.57 0.53 0.94 0.08
0.27 0.83 0.06 0.55 0.36 0.43
0.37 0.27 0.33 0.14 0.03 1.00
0.57 0.23 0.07 0.22 0.25 0.96
0.23 0.07 0.20 0.46 0.19 0.08
0.96 0.08 0.19 0.01 0.43 0.20
0.08 0.42 0.22 0.45 0.38 0.06
0.50 0.23 0.30 0.07 0.49 0.25
0.46 0.39 0.01 0.34 0.34 0.80
0.94 0.02 0.69 0.32 0.16 0.11
0.25 0.25 0.38 0.11 0.02 0.63
0.37 0.14 0.11 0.42 0.41 0.25
0.14 0.37 0.14 0.17 0.32 0.10
0.17 0.76 0.46 0.11 0.01 0.17
0.26 0.25 0.14 0.10 0.29 0.44
0.33 0.12 0.22 0.29 0.41 0.26
0.19 0.43 0.16 0.07 0.62 0.97
0.49 0.50 0.05 0.68 0.34 0.17
0.14 0.11 0.36 0.40 0.01 0.23
0.13 0.48 0.06 0.68 0.40 0.21
0.10 0.02 0.98 0.78 0.21 0.85
0.83 0.09 0.06 0.30 0.94 0.74
0.01 0.61 0.10 0.34 0.80 0.34
0.10 0.49 0.16 0.10 0.12 0.32
0.12 0.93 0.35 0.39 0.31 0.10
0.32 0.03 0.90 0.09 0.52 0.61
0.33 0.07 0.27 0.18 0.15 0.74
0.29 0.37 0.05 0.03 0.16 0.05
0.20 0.35 0.04 0.58 0.84 0.92
0.14 0.20 0.40 0.02 0.44 0.04
0.15 0.64 0.65 0.20 0.07 0.31
0.31 0.28 0.39 0.12 0.94 0.08
0.30 0.08 0.04 0.96 0.23 0.42
0.21 0.10 0.33 0.13 0.59 0.88
0.03 0.41 0.30 0.36 0.56 0.27
0.67 0.16 0.74 0.08 0.05 0.36
0.90 0.28 0.04 0.53 0.10 0.44
0.20 0.35 0.01 0.04 0.25 0.80
0.48 0.17 0.57 0.31 0.98 0.01
0.01 0.81 0.26 0.49 0.72 0.12
0.16 0.73 0.16 0.61 0.28 0.11
0.05 0.10 0.93 0.21 0.60 0.11
0.18 0.23 0.31 0.44 0.40 0.01
0.13 0.38 0.58 0.02 0.66 0.99
0.23 0.29 0.63 0.04 0.23 0.07
0.18 0.04 0.22 0.07 0.66 0.37
0.01 0.24 0.07 0.08 0.79 0.34
0.32 0.35 0.95 0.27 0.02 0.21
0.34 0.16 0.23 0.03 0.38 0.59
0.31 0.10 0.82 0.04 0.23 0.69
0.32 0.38 0.04 0.99 0.02 0.33
0.09 0.23 0.02 0.07 0.39 0.17
0.49 0.29 0.47 0.11 0.07 0.34
0.04 0.39 0.20 0.47 0.49 0.76
0.80 0.03 0.23 0.17 0.49 0.14
0.04 0.02 0.48 0.10 0.33 0.82
0.38 0.44 0.46 0.01 0.29 0.41
0.26 0.01 0.01 0.08 0.35 0.06
0.70 0.12 0.08 0.75 0.31 0.01
0.36 0.12 0.40 0.04 0.24 0.47
0.06 0.49 0.85 0.01 0.15 0.47
0.31 0.01 0.89 0.47 0.11 0.36
0.08 0.20 0.03 0.90 0.26 0.92
0.17 0.93 0.34 0.01 0.16 0.05
0.30 0.11 0.14 0.70 0.27 0.10
0.16 0.46 0.09 0.30 0.64 0.10
0.68 0.08 0.25 0.23 0.01 0.97
0.12 0.18 0.18 0.09 0.64 0.30
0.46 0.07 0.32 0.23 0.09 0.35
0.38 0.06 0.10 0.40 0.20 0.07
0.36 0.13 0.08 0.46 0.28 0.36
0.40 0.15 0.51 0.37 0.19 0.19
0.01 0.69 0.59 0.77 0.11 0.16
0.46 0.21 0.35 0.06 0.36 0.35
0.47 0.93 0.17 0.89 0.06 0.08
0.01 0.25 0.89 0.18 0.28 0.06
0.30 0.12 0.34 0.17 0.05 0.85
0.20 0.74 0.32 0.92 0.27 0.12
0.03 0.94 0.63 0.97 0.43 0.01
0.13 0.17 0.03 0.23 0.45 0.05
0.29 0.18 0.01 0.52 0.19 0.27
0.10 0.08 0.01 0.58 0.60 0.28
0.13 0.14 0.93 0.05 0.48 0.09
0.18 0.32 0.94 0.04 0.25 0.56
0.06 0.49 0.58 0.33 0.17 0.41
0.13 0.35 0.16 0.09 0.21 0.59
0.90 0.23 0.80 0.10 0.03 0.34
0.25 0.44 1.00 0.31 0.05 0.10
0.07 0.10 0.30 0.18 0.85 0.46
0.02 0.93 0.34 0.77 0.35 0.36
0.15 0.01 0.56 0.21 0.35 0.15
0.04 0.16 0.46 0.12 0.46 0.91
0.88 0.01 0.36 0.19 0.08 0.74
0.82 0.25 0.34 0.69 0.09 0.02
0.09 0.04 0.51 0.39 0.80 0.12
0.41 0.61 0.17 0.12 0.10 0.04
0.13 0.13 0.86 0.19 0.32 0.38
0.78 0.87 0.17 0.46 0.07 0.08
0.24 0.62 0.04 0.48 0.11 0.01
0.20 0.14 0.20 0.24 0.81 0.19
0.63 0.69 0.16 0.18 0.01 0.20
0.31 0.02 0.53 0.43 0.10 0.49
0.19 0.15 0.31 0.05 0.29 0.21
0.44 0.33 0.41 0.46 0.04 0.09
0.20 0.51 0.17 0.35 0.01 0.81
0.32 0.17 0.07 0.04 0.53 0.32
0.04 0.02 0.53 0.60 0.01 0.07
0.60 0.50 0.49 0.09 0.03 0.14
0.15 0.16 0.12 0.17 0.02 0.04
0.82 0.02 0.38 0.23 0.25 0.32
0.10 0.62 0.14 0.18 0.08 0.05
0.33 0.76 0.49 0.08 0.05 0.51
0.53 0.23 0.10 0.21 0.29 0.08
0.01 0.71 0.39 0.85 0.74 0.49
0.21 0.11 0.15 0.75 0.22 0.35
0.13 0.44 0.23 0.04 0.26 0.48
0.31 0.07 0.28 0.31 0.09 0.13
0.88 0.52 0.56 0.15 0.02 0.26
0.01 0.34 0.38 0.44 0.10 0.70
0.38 0.50 0.59 0.42 0.10 0.02
0.56 0.44 0.08 0.79 0.83 0.01
0.06 0.48 0.19 0.10 0.64 0.46
0.64 0.24 0.06 0.09 0.10 0.75
0.24 0.10 0.13 0.92 0.04 0.18
0.44 0.28 0.12 0.01 0.10 0.55
0.05 0.07 0.05 0.23 0.49 0.44
0.03 0.02 0.13 0.39 0.46 0.70
0.03 0.47 0.87 0.17 0.01 0.19
0.86 0.95 0.03 0.33 0.33 0.48
0.90 0.79 0.35 0.04 0.04 0.55
0.04 0.44 0.45 0.35 0.08 0.05
0.08 0.02 0.46 0.45 0.16 0.17
0.28 0.11 0.31 0.36 0.91 0.03
0.04 0.13 0.62 0.42 0.94 0.03
0.09 0.92 0.37 0.57 0.09 0.04
0.01 0.45 0.69 0.06 0.79 0.05
0.04 0.28 0.24 0.65 0.54 0.28
0.15 0.05 0.61 0.02 0.49 0.28
0.58 0.01 0.76 0.24 0.20 0.07
0.11 0.02 0.34 0.40 0.18 0.15
0.29 0.97 0.08 0.08 0.12 0.26
0.13 0.64 0.31 0.04 0.02 0.04
0.04 0.80 0.12 0.92 0.41 0.26
0.14 0.61 0.16 0.33 0.08 0.10
0.10 0.34 0.04 0.99 0.47 0.13
0.19 0.08 0.87 0.15 0.18 0.02
0.33 0.56 0.13 0.13 0.11 0.39
0.42 0.04 0.24 0.21 0.15 0.36
0.01 0.53 0.55 0.16 0.66 0.43
0.36 0.01 0.45 0.48 0.02 0.70
0.37 0.09 0.20 0.03 0.19 0.87
0.18 0.57 0.11 0.15 0.35 0.17
0.11 0.48 0.12 0.48 0.31 0.41
0.03 0.74 0.41 0.05 0.49 0.66
0.85 0.11 0.03 0.05 0.49 0.10
0.01 0.42 0.36 0.86 0.26 0.28
0.78 0.50 0.36 0.01 0.33 0.46
0.10 0.20 0.02 0.01 0.21 0.88
0.04 0.54 0.41 0.16 0.18 0.29
0.44 0.31 0.61 0.39 0.45 0.01
0.17 0.23 0.08 0.34 0.38 0.43
0.31 0.23 0.68 0.06 0.13 0.73
0.14 0.13 0.15 0.01 0.40 0.39
0.11 0.05 0.67 0.13 0.15 0.75
0.03 0.30 0.27 0.06 0.44 0.07
0.49 0.53 0.20 0.12 0.11 0.22
0.06 0.48 0.40 0.04 0.43 0.78
0.05 0.53 0.81 0.25 0.19 0.04
0.09 0.45 0.35 0.21 0.31 0.31
0.12 0.31 0.45 0.33 0.31 0.35
0.11 0.34 0.14 0.35 0.05 0.20
0.02 0.03 0.05 0.21 0.09 0.46
0.48 0.06 0.25 0.32 0.26 0.16
0.66 0.38 0.10 0.11 0.07 0.04
0.19 0.32 0.19 0.06 0.38 0.54
0.28 0.65 0.21 0.32 0.72 0.03
0.26 0.22 0.16 0.99 0.01 0.13
0.20 0.05 0.19 0.34 0.06 0.37
0.30 0.68 0.08 0.02 0.41 0.14
0.01 0.50 0.67 0.30 0.61 0.47
0.44 0.01 0.97 0.68 0.01 0.77
0.13 0.59 0.69 0.48 0.01 0.50
