300 6
0.64 0.63 0.42 0.36 0.04 0.43
0.61 0.93 0.84 0.84 0.40 0.90
0.23 0.33 0.16 0.15 0.87 0.34
0.45 0.21 0.01 0.28 0.39 0.58
0.30 0.14 0.03 0.80 0.52 0.12
0.45 0.57 0.05 0.03 0.18 0.19
0.29 0.39 0.23 0.03 0.63 0.32
0.99 0.08 0.43 0.26 0.22 0.16
0.27 0.28 0.94 0.70 0.21 0.23
0.19 0.44 0.51 0.48 0.78 0.96
0.49 0.46 0.91 0.35 0.09 0.32
0.15 0.33 0.50 0.15 0.38 0.01
1.00 0.90 0.60 0.02 0.97 0.59
0.26 0.25 0.06 0.84 0.25 0.25
0.72 0.25 0.43 0.10 0.78 0.01
0.49 0.91 0.43 0.49 0.15 0.14
0.27 0.44 0.42 0.37 0.72 0.19
0.07 0.65 0.45 0.87 0.45 0.58
0.35 0.69 0.16 0.83 0.17 0.04
0.14 0.15 0.70 0.41 0.24 0.88
0.22 0.51 0.62 0.20 0.24 0.22
0.69 1.00 0.42 0.31 0.13 0.13
0.24 0.22 0.73 0.08 0.72 0.17
0.26 0.35 0.44 0.88 0.11 0.42
0.38 0.90 0.81 0.01 0.06 0.25
0.31 0.69 0.33 0.36 0.27 0.54
0.07 0.04 0.29 0.10 0.18 0.04
0.29 0.41 0.74 0.48 0.12 0.40
0.38 0.08 0.43 0.24 0.02 0.91
0.02 0.13 0.07 0.84 0.14 0.62
0.12 0.22 0.18 0.09 0.19 0.06
0.69 1.00 0.20 0.56 0.83 0.01
0.50 0.58 0.81 0.14 0.10 0.45
0.22 0.61 0.17 0.41 0.40 0.52
0.02 0.81 0.44 0.22 0.15 0.17
0.43 0.77 0.31 0.84 0.11 0.81
0.57 0.90 0.05 0.64 0.45 0.08
0.56 0.44 0.12 0.86 0.87 0.08
0.67 0.43 0.71 0.42 0.17 0.21
0.95 0.20 0.55 0.26 0.01 0.84
0.01 0.37 0.16 0.19 0.79 0.80
0.09 0.93 0.05 0.06 0.32 0.17
0.12 0.22 0.05 0.19 0.44 0.95
0.35 0.44 0.94 0.33 0.05 0.85
0.43 0.05 0.22 0.97 0.09 0.49
0.32 0.19 0.26 0.47 0.60 0.07
0.72 0.43 0.38 0.21 0.07 0.49
0.04 0.65 0.56 0.54 0.79 0.49
0.84 0.34 0.30 0.06 0.42 0.30
0.13 0.27 0.63 0.05 0.43 0.32
0.72 0.81 0.12 0.17 0.24 0.15
0.45 0.86 0.28 0.10 0.02 0.61
0.38 0.73 0.49 0.02 0.14 0.96
0.08 0.57 0.07 0.89 0.12 0.94
0.28 0.08 0.09 0.45 0.58 0.10
0.09 0.79 0.89 0.07 0.40 0.89
0.88 0.14 0.08 0.76 0.25 0.44
0.40 0.09 0.02 0.70 0.15 0.03
0.06 0.22 0.49 0.14 0.44 0.79
0.28 0.03 0.39 0.45 0.30 0.49
0.50 0.20 0.97 0.28 0.04 0.25
0.36 0.60 0.15 0.43 0.19 0.74
0.86 0.44 0.39 0.08 0.28 0.71
0.02 0.16 0.67 0.32 0.86 0.36
0.81 0.06 0.10 0.27 0.70 0.44
0.26 0.04 0.20 0.16 0.05 0.01
0.15 0.73 0.32 0.63 0.08 0.08
0.34 0.01 0.47 0.24 0.11 0.47
0.05 0.11 0.31 0.43 0.35 0.44
0.20 0.35 0.21 0.44 0.18 0.37
0.04 0.42 0.32 0.99 0.01 0.30
0.01 0.63 0.26 0.73 0.34 0.97
0.10 0.99 0.29 0.16 0.10 0.81
0.15 0.14 0.78 0.17 0.12 0.25
0.48 0.49 0.26 0.06 0.55 0.43
0.32 0.92 0.19 0.29 0.02 0.21
0.39 0.01 0.15 0.62 0.24 0.10
0.15 0.82 0.75 0.03 0.30 0.23
0.19 0.36 0.97 0.05 0.42 0.41
0.87 0.25 0.03 0.18 0.55 0.49
0.14 0.52 0.86 0.11 0.04 0.08
0.19 0.86 0.94 0.02 0.08 0.24
0.70 0.03 0.87 0.32 0.06 0.36
0.86 0.55 0.08 0.69 0.49 0.25
0.06 0.32 0.40 0.18 0.63 0.67
0.46 0.66 0.02 0.31 0.32 0.01
0.38 0.33 0.24 0.86 0.04 0.79
0.16 0.02 0.30 0.12 0.29 0.38
0.55 0.09 0.46 0.22 0.02 0.27
0.41 0.91 0.03 0.06 0.07 0.30
0.04 0.14 0.05 0.03 0.35 0.24
0.42 0.58 0.16 0.04 0.12 0.02
0.01 0.06 0.35 0.10 0.39 0.44
0.04 0.12 0.17 0.42 0.10 1.00
0.30 0.33 0.08 0.23 0.17 0.03
0.90 0.15 0.54 0.07 0.19 0.40
0.45 0.11 0.49 0.08 0.19 0.39
0.25 0.11 0.11 0.77 0.16 0.01
0.44 0.80 0.11 0.36 0.03 0.62
0.32 0.04 0.02 0.67 0.17 0.06
0.19 0.67 0.16 0.56 0.41 0.11
0.03 0.33 0.03 0.69 0.17 0.47
0.19 0.04 0.41 0.03 0.76 0.23
0.44 0.01 0.37 0.28 0.47 0.05
0.29 0.09 0.14 0.38 0.02 0.99
0.02 0.12 0.26 0.10 0.90 0.70
0.30 0.24 0.80 0.04 0.18 0.09
0.30 0.29 0.48 0.01 0.46 0.04
0.07 0.48 0.14 0.32 0.08 0.17
0.84 0.11 0.27 0.04 0.38 0.34
0.02 0.46 0.59 0.08 0.12 0.41
0.18 0.05 0.59 0.06 0.74 0.39
0.44 0.97 0.02 0.23 0.69 0.05
0.05 0.09 0.41 0.13 0.10 0.35
0.38 0.86 0.46 0.82 0.04 0.27
0.45 0.38 0.79 0.13 0.01 0.30
0.04 0.90 0.49 0.09 0.88 0.15
0.28 0.97 0.41 0.07 0.68 0.11
0.01 0.39 0.58 0.13 0.08 0.29
0.41 0.97 0.76 0.02 0.06 0.84
0.06 0.89 0.31 0.16 0.15 0.16
0.17 0.02 0.88 0.65 0.12 0.37
0.63 0.01 0.19 0.40 0.65 0.07
0.29 0.02 0.07 0.86 0.35 0.37
0.45 0.07 0.09 0.41 0.54 0.23
0.06 0.49 0.22 0.38 0.27 0.27
0.34 0.62 0.98 0.06 0.39 0.03
0.03 0.44 0.83 0.90 0.50 0.14
0.35 0.98 0.05 0.29 0.40 0.10
0.16 0.10 0.12 0.52 0.03 0.52
0.27 0.95 0.12 0.49 0.25 0.08
0.16 0.60 0.14 0.43 0.43 0.14
0.20 0.10 0.34 0.53 0.14 0.29
0.27 0.68 0.46 0.06 0.58 0.20
0.01 0.56 0.53 0.05 0.12 0.51
0.75 0.20 0.97 0.04 0.22 0.28
0.03 0.27 0.42 0.06 0.15 0.25
0.29 0.46 0.33 0.05 0.19 0.95
0.96 0.85 0.19 0.02 0.12 0.38
0.48 0.22 0.11 0.38 0.15 0.14
0.06 0.10 0.36 0.13 0.25 0.38
0.09 0.06 0.39 0.06 0.22 0.31
0.03 0.14 0.13 0.21 0.92 0.26
0.15 0.10 0.13 0.57 0.10 0.38
0.14 0.13 0.17 0.38 0.88 0.01
0.03 0.93 0.31 0.55 0.21 0.58
0.21 0.12 0.32 0.52 0.01 0.24
0.19 0.81 0.10 0.46 0.30 0.04
0.22 0.09 0.05 0.65 0.08 0.22
0.43 0.11 0.17 0.25 0.64 0.28
0.02 0.11 0.95 0.48 0.31 0.66
0.57 0.21 0.44 0.13 0.08 0.75
0.01 0.83 0.05 0.90 0.98 0.49
0.80 0.20 0.46 0.12 0.03 0.41
0.19 0.01 0.79 0.48 0.53 0.02
0.03 0.07 0.59 0.79 0.41 0.30
0.20 0.05 0.26 0.02 0.34 0.50
0.40 0.12 0.32 0.05 0.48 0.43
0.20 0.37 0.05 0.32 0.32 0.94
0.42 0.09 0.25 0.11 0.80 0.30
0.11 0.15 0.14 0.63 0.43 0.08
0.22 0.11 0.20 0.45 0.44 0.38
0.25 0.46 0.27 0.22 0.09 0.42
0.08 0.48 0.01 0.87 0.09 0.50
0.41 0.35 0.39 0.05 0.10 0.39
0.06 0.79 0.51 0.07 0.24 0.13
0.20 0.78 0.05 0.14 0.31 0.81
0.05 0.78 0.59 0.31 0.14 0.24
0.31 0.02 0.15 0.02 0.56 0.10
0.95 0.32 0.15 0.33 0.27 0.47
0.23 0.19 0.05 0.57 0.08 0.99
0.80 0.45 0.02 0.24 0.03 0.12
0.67 0.45 0.56 0.19 0.01 0.09
0.97 0.49 0.02 0.26 0.01 0.98
0.30 0.01 0.20 0.10 0.85 0.43
0.14 0.50 0.40 0.28 0.03 0.26
0.35 0.38 0.14 0.80 0.07 0.40
0.06 0.39 0.95 0.69 0.13 0.14
0.18 0.12 0.47 0.98 0.15 0.15
0.96 0.25 0.10 0.08 0.29 0.93
0.66 0.33 0.05 0.36 0.15 0.11
0.38 0.03 0.02 0.50 0.10 0.11
0.19 0.24 0.05 0.25 0.18 0.80
0.02 0.01 0.36 0.51 0.19 0.03
0.06 0.18 0.09 0.31 0.33 0.48
0.08 0.10 0.19 0.81 0.16 0.80
0.62 0.31 0.07 0.35 0.19 0.46
0.64 0.08 0.04 0.18 0.73 0.11
0.29 0.50 0.45 0.06 1.00 0.12
0.11 0.68 0.01 0.18 0.51 0.81
0.47 0.08 0.59 0.15 0.07 0.35
0.49 0.19 0.34 0.05 0.05 0.61
0.01 0.22 0.50 0.12 0.13 0.44
0.90 0.21 0.03 0.14 0.19 0.16
0.07 0.37 0.69 0.89 0.01 0.32
0.21 0.25 0.51 0.27 0.07 0.16
0.92 0.45 0.06 0.17 0.16 0.94
0.07 0.68 0.70 0.47 0.06 0.20
0.02 0.41 0.67 0.17 0.04 0.36
0.19 0.98 0.24 0.44 0.81 0.04
0.22 0.69 0.34 0.06 0.13 0.90
0.95 0.17 0.04 0.44 0.04 0.25
0.35 0.32 0.13 0.01 0.10 0.78
0.05 0.12 0.99 0.08 0.19 0.17
0.79 0.90 0.04 0.22 0.85 0.02
0.97 0.04 0.03 0.38 0.28 0.15
0.17 0.44 0.37 0.30 0.15 0.06
0.02 1.00 0.02 0.89 0.14 0.26
0.10 0.29 0.43 0.24 0.01 0.37
0.02 0.08 0.13 0.04 0.04 0.27
1.00 0.01 0.72 0.13 0.36 0.27
0.08 0.06 0.42 0.39 0.15 0.42
0.02 0.10 0.02 0.85 0.40 0.09
0.61 0.28 0.35 0.03 0.14 0.20
0.18 0.70 0.37 0.19 0.02 0.46
0.14 0.69 0.11 0.48 0.21 0.21
0.53 0.78 0.11 0.85 0.04 0.04
0.36 0.56 0.05 0.38 0.19 0.41
0.23 0.47 0.99 0.07 0.03 0.07
0.23 0.17 0.03 0.13 0.59 0.40
0.03 0.50 0.27 0.05 0.95 0.19
0.04 0.47 0.32 0.35 0.77 0.15
0.40 0.03 0.63 0.05 0.33 0.98
0.10 0.46 0.03 0.45 0.80 0.03
0.01 0.85 0.08 0.64 0.36 0.57
0.14 0.14 0.16 0.05 0.38 0.09
0.36 0.20 0.03 0.32 0.03 0.36
0.09 0.44 0.61 0.49 0.01 0.04
0.05 0.45 0.53 0.03 0.26 0.43
0.05 0.45 0.26 0.34 0.49 0.03
0.76 0.46 0.17 0.85 0.05 0.24
0.51 0.31 0.44 0.43 0.01 0.23
0.51 0.02 0.29 0.61 0.43 0.35
0.41 0.21 0.11 0.10 0.37 0.18
0.23 0.55 0.13 0.09 0.20 0.21
0.97 0.13 0.35 0.03 0.39 0.16
0.20 0.85 0.57 0.59 0.02 0.13
0.16 0.29 0.09 0.22 0.29 0.25
0.01 0.21 0.19 0.22 0.01 0.27
0.08 0.46 0.16 0.77 0.87 0.17
0.10 0.50 0.47 0.33 0.39 0.03
0.37 0.48 0.84 0.01 0.42 0.28
0.04 0.33 0.98 0.23 0.53 0.23
0.43 0.80 0.03 0.17 0.24 0.12
0.40 0.72 0.20 0.01 0.05 0.05
0.11 0.37 0.04 0.19 0.66 0.65
0.13 0.22 0.03 0.38 0.50 0.15
0.55 0.05 0.01 0.18 0.87 0.92
0.38 0.46 0.34 0.05 0.46 0.07
0.42 0.52 0.12 0.20 0.13 0.49
0.73 0.21 0.86 0.56 0.03 0.16
0.54 0.96 0.13 0.07 0.10 0.16
0.13 0.03 0.72 0.09 0.57 0.03
0.06 0.45 0.13 0.38 0.41 0.15
0.23 0.03 0.39 0.46 0.51 0.14
0.24 0.72 0.37 0.91 0.10 0.04
0.51 0.24 0.30 0.08 0.27 0.18
0.06 0.33 0.11 0.56 0.05 0.17
0.07 0.79 0.24 0.62 0.98 0.13
0.48 0.21 0.16 0.11 0.63 0.01
0.25 0.47 0.04 0.27 0.18 0.14
0.03 0.31 0.71 0.09 0.10 0.22
0.48 0.79 0.03 0.08 0.58 0.36
0.98 0.12 0.67 0.02 0.24 0.04
0.42 0.05 0.07 0.28 0.70 0.30
0.44 0.39 0.28 0.03 0.03 0.15
0.20 0.32 0.57 0.01 0.40 0.28
0.37 0.43 0.28 0.06 0.98 0.02
0.45 0.03 0.25 0.32 0.32 0.08
0.38 0.23 0.87 0.04 0.42 0.08
0.29 0.17 0.45 0.01 0.57 0.19
0.43 0.17 0.25 0.11 0.27 0.15
0.72 0.21 0.76 0.13 0.05 0.09
0.01 0.19 0.45 0.48 0.38 0.43
0.09 0.76 0.42 0.74 0.04 0.10
0.44 0.68 0.14 0.16 0.22 0.01
0.91 0.13 0.07 0.07 0.86 0.29
0.68 0.38 0.54 0.07 0.34 0.18
0.14 0.21 0.49 0.72 0.07 0.08
0.59 0.15 0.35 0.05 0.95 0.02
0.06 0.08 0.30 0.12 0.32 0.10
0.12 0.69 0.36 0.40 0.07 0.09
0.03 0.05 0.30 0.42 0.15 0.81
0.90 0.23 0.43 0.04 0.26 0.18
0.19 0.36 0.03 0.11 0.24 0.02
0.05 0.16 0.11 0.13 0.35 0.08
0.22 0.78 0.02 0.03 0.34 0.44
0.97 0.61 0.59 0.02 0.01 0.78
0.67 0.49 0.32 0.20 0.01 0.24
0.07 0.39 0.20 0.17 0.33 0.09
0.25 0.20 0.11 0.28 0.21 0.19
0.43 0.01 0.61 0.03 0.37 0.47
0.47 0.07 0.20 0.48 0.01 0.21
0.55 0.05 0.02 0.43 0.99 0.05
0.12 0.26 0.79 0.21 0.10 0.08
0.13 0.26 0.16 0.91 0.15 0.24
0.14 0.05 0.03 1.00 0.04 0.50
0.38 0.44 0.93 0.01 0.27 0.33
0.61 0.02 0.03 0.02 0.71 0.36
0.15 0.16 0.33 0.01 0.74 0.35
