300 6
29 65 85 18 19 27
82 76 21 3 91 16
37 17 94 7 28 64
6 5 6 44 73 46
9 44 48 14 24 70
37 21 40 73 31 9
50 47 8 88 72 33
11 5 50 19 26 99
57 15 37 34 91 37
4 91 75 79 64 47
3 92 69 49 32 48
36 3 25 79 36 27
91 68 71 56 41 41
36 54 43 21 32 95
33 62 16 9 1 20
65 40 35 90 10 35
19 62 94 27 36 49
10 44 45 18 26 9
45 42 33 65 49 26
13 17 48 85 10 36
97 68 9 47 23 44
8 10 45 72 63 3
24 94 40 32 49 94
34 19 42 77 66 40
79 24 47 45 48 6
26 20 11 48 13 46
59 8 51 12 36 1
16 35 93 5 42 3
22 24 14 50 12 20
29 15 59 19 13 58
1 35 70 49 80 9
12 60 69 13 50 16
26 19 8 14 21 44
44 45 33 8 19 3
92 11 11 14 21 36
34 26 89 25 83 15
38 19 70 52 34 28
24 95 13 11 57 37
45 46 9 7 29 8
65 79 3 51 50 2
2 57 51 77 60 36
81 41 11 11 100 43
47 62 30 31 4 15
33 88 1 46 33 62
9 97 15 2 8 72
92 48 21 29 6 2
36 30 53 33 43 28
36 10 74 21 66 3
82 28 47 12 25 59
77 14 48 88 34 12
41 36 38 34 18 66
37 37 3 40 11 4
23 38 44 1 100 30
19 1 74 22 4 8
84 13 1 44 93 9
24 77 16 46 87 45
39 19 42 12 28 72
9 5 44 84 17 29
43 28 21 19 17 55
88 19 24 54 20 33
45 31 5 17 90 56
15 39 24 14 53 16
48 36 28 23 49 11
51 52 2 43 59 67
28 37 10 14 39 23
24 31 36 27 69 13
6 5 52 41 17 39
25 3 41 45 75 95
36 57 75 16 20 56
3 12 23 59 15 8
32 48 12 7 9 73
1 7 10 28 74 54
5 19 13 36 38 7
66 44 51 17 17 17
35 12 29 48 15 36
17 36 2 27 13 37
7 20 40 48 36 25
8 65 34 47 20 5
8 74 78 18 28 1
66 7 15 38 83 14
18 9 56 39 42 84
86 28 18 12 23 76
25 42 21 29 40 36
5 16 44 4 31 32
29 36 31 11 93 31
83 46 5 15 80 70
10 62 7 36 39 50
26 14 30 15 34 35
10 1 16 34 44 21
33 3 30 94 2 7
44 20 85 4 14 27
30 19 2 21 50 98
93 25 13 60 13 22
51 18 42 75 63 5
12 40 47 28 21 62
16 42 79 31 34 22
37 86 56 6 44 17
27 3 14 28 74 13
13 19 47 85 6 30
65 25 28 45 13 32
56 34 24 24 28 1
23 30 4 20 15 49
12 63 15 22 7 71
18 45 6 21 5 68
26 32 28 24 97 1
69 28 38 4 40 35
85 8 45 24 19 71
23 43 27 57 9 31
26 7 48 34 3 31
31 1 47 29 23 98
54 7 3 94 47 71
59 40 29 6 72 21
14 11 3 24 63 31
13 48 1 24 6 19
81 36 43 12 16 45
39 47 49 9 10 46
69 11 44 25 71 5
38 24 96 67 25 7
61 38 44 40 21 2
42 52 56 10 43 20
21 42 65 1 49 42
6 57 6 38 34 77
31 7 35 43 36 35
5 36 3 50 39 40
89 8 10 28 45 38
64 1 40 85 23 96
46 38 18 50 19 3
39 34 6 44 44 45
31 32 3 51 28 5
72 17 25 18 10 22
30 12 33 1 79 96
28 13 45 20 10 36
37 34 4 45 67 6
90 5 49 11 38 38
20 31 49 22 21 38
85 1 40 92 63 12
2 48 29 43 34 26
8 13 25 31 76 42
81 27 97 3 50 23
38 34 88 19 34 4
26 6 97 15 23 23
77 32 25 14 15 32
13 55 8 1 94 36
84 2 45 28 11 67
43 41 72 6 18 21
64 69 20 4 12 81
9 27 71 48 11 40
30 6 7 92 22 35
11 98 12 31 69 40
40 46 13 13 44 57
1 37 35 24 21 21
52 43 21 11 29 16
70 2 3 5 33 15
32 48 19 9 98 16
91 29 25 12 35 5
2 1 38 30 43 48
18 51 14 1 8 50
43 43 57 36 1 8
22 16 78 12 43 12
45 12 14 41 58 19
23 26 35 3 38 1
33 35 32 7 36 25
17 1 61 6 39 40
3 62 79 36 9 48
60 39 13 17 9 3
10 2 32 13 78 52
10 91 45 15 19 38
74 36 9 13 6 13
32 33 19 21 28 13
58 6 21 63 33 66
42 12 34 43 24 26
27 31 29 6 13 6
14 58 16 19 45 42
64 37 18 32 14 14
23 7 24 26 48 25
4 50 51 32 11 40
74 29 11 4 40 47
2 39 32 50 48 22
14 12 18 1 68 50
36 1 62 34 13 80
5 33 6 58 6 84
19 34 50 10 7 77
21 5 15 54 12 46
2 17 94 24 39 23
66 1 44 39 30 49
1 6 58 8 85 21
23 28 1 43 84 10
20 6 11 46 18 11
33 3 88 15 36 81
1 17 71 15 13 15
3 22 28 23 20 47
18 28 8 1 27 42
38 3 15 40 2 23
77 1 5 2 61 25
15 26 43 5 34 86
27 44 2 37 71 3
36 40 6 40 43 18
11 31 14 87 18 43
1 55 2 36 32 50
13 42 84 41 87 3
43 23 28 21 48 9
12 36 13 11 30 1
19 21 50 86 7 19
15 17 21 2 26 27
16 9 15 18 12 69
5 3 3 85 45 21
17 23 34 32 57 18
6 31 41 1 68 25
45 6 75 21 76 9
3 14 42 29 29 63
9 1 61 37 68 28
16 9 35 64 79 4
38 64 17 14 20 11
55 10 42 31 33 10
65 16 20 19 8 8
32 7 21 50 6 95
66 38 3 17 39 50
6 41 6 34 45 19
6 46 53 25 46 16
48 14 29 9 24 31
34 20 69 12 81 5
8 10 65 21 37 37
64 8 2 20 61 19
87 89 72 30 7 11
84 90 16 5 33 6
26 23 65 6 24 4
48 28 47 2 44 23
4 90 94 2 56 68
35 9 46 5 41 2
37 7 2 29 30 59
21 5 31 100 18 28
56 9 73 13 40 4
20 89 11 15 53 26
63 52 8 23 10 34
38 8 21 34 7 17
29 27 27 85 8 62
9 17 8 23 43 48
12 83 48 59 12 48
24 10 48 32 40 4
14 39 3 8 18 83
3 95 11 30 43 22
49 9 26 9 16 8
10 25 70 82 9 43
23 16 62 36 10 87
20 47 45 17 13 28
80 7 50 2 34 43
6 63 72 10 27 49
20 2 43 33 17 83
19 69 4 31 74 8
40 12 43 10 33 3
27 63 43 32 4 26
47 21 9 51 18 92
35 15 30 47 8 34
68 29 62 3 1 24
25 16 57 8 83 25
40 75 9 14 42 33
26 30 94 56 3 29
96 35 88 14 8 1
79 91 4 26 37 9
3 78 34 2 17 21
38 5 6 68 38 39
47 21 20 13 46 24
9 57 35 61 14 26
18 59 69 5 89 10
46 49 89 3 21 17
38 30 13 27 10 93
4 56 86 6 9 84
91 11 19 10 10 26
32 42 78 3 30 26
6 47 50 59 5 11
5 4 80 2 47 39
37 2 26 76 9 15
17 58 97 37 1 49
19 4 44 99 29 29
2 3 1 21 24 49
1 38 92 18 28 11
49 16 1 68 49 24
69 9 65 2 17 17
39 23 9 20 62 11
31 44 70 27 4 6
71 98 34 29 5 10
12 33 24 12 1 30
4 33 13 2 43 45
5 29 58 12 1 64
11 25 34 23 46 10
9 84 3 67 52 10
48 84 100 90 1 7
73 11 69 11 10 79
9 79 20 32 39 29
90 28 88 6 1 81
54 25 9 10 6 55
10 79 26 22 22 98
28 27 6 9 2 26
14 34 2 72 89 8
34 92 50 41 12 12
1 54 17 88 14 3
45 20 6 18 12 41
7 12 32 84 13 46
92 37 3 32 29 17
30 35 15 43 23 2
