300 6
0.99 0.01 0.76 0.32 0.28 0.35
0.41 0.95 0.55 0.39 0.82 0.86
0.22 0.09 0.27 0.09 0.41 0.33
0.33 0.04 0.57 0.07 0.02 0.46
0.54 0.45 0.32 0.06 0.15 0.39
0.30 0.19 0.90 0.28 0.04 0.27
0.44 0.72 0.20 0.50 0.23 0.31
0.25 0.07 0.50 0.39 0.09 0.16
0.24 0.14 0.19 0.18 0.02 0.07
0.09 0.61 0.62 0.43 0.28 0.43
0.34 0.12 0.33 0.20 0.47 0.07
0.09 0.02 0.30 0.90 1.00 0.62
0.60 0.23 0.54 0.02 0.10 0.50
0.03 0.18 0.06 0.28 0.38 0.31
0.35 0.05 0.14 0.49 0.44 0.72
0.50 0.06 0.28 0.65 0.12 0.96
0.15 0.45 0.26 0.03 0.42 0.45
0.15 0.11 0.14 0.22 0.49 0.08
0.77 0.11 0.24 0.41 0.12 0.82
0.45 0.09 0.05 0.50 0.47 0.32
0.89 0.16 0.29 0.14 0.31 0.76
0.62 0.31 0.94 0.07 0.25 0.33
0.50 0.62 0.68 0.04 0.59 0.03
0.45 0.02 0.29 0.49 0.39 0.20
0.13 0.04 0.59 0.48 0.34 0.35
0.34 0.70 0.11 0.15 0.27 0.79
0.01 0.47 0.32 0.07 0.04 0.03
0.62 0.38 0.13 0.59 0.05 0.72
0.35 0.49 0.05 0.31 0.23 0.20
0.08 0.57 0.18 0.49 0.06 0.50
0.43 0.55 0.20 0.36 0.53 0.02
0.73 0.01 0.08 0.36 0.16 0.40
0.75 0.28 0.01 0.04 0.18 0.61
0.03 0.81 0.07 0.04 0.32 0.17
0.46 0.06 0.25 0.04 0.01 0.26
0.11 0.02 0.83 0.22 0.24 0.79
0.08 0.19 0.32 0.44 0.14 0.35
0.84 0.02 0.21 0.28 0.45 0.52
0.07 0.45 0.01 0.34 0.50 0.23
0.16 0.47 0.80 0.32 0.08 0.02
0.58 0.19 0.89 0.01 0.22 0.30
0.19 0.15 0.26 0.57 0.38 0.72
0.15 0.32 0.72 0.01 0.16 0.13
0.01 0.52 0.10 0.69 0.52 0.46
0.15 0.04 0.55 0.02 0.04 0.37
0.31 0.07 0.04 0.17 0.45 0.08
0.04 0.21 0.38 0.48 0.23 0.98
0.12 0.32 0.44 0.29 0.10 0.06
0.13 0.10 0.06 0.37 0.81 0.82
0.40 0.31 0.37 0.05 0.13 0.08
0.02 0.18 0.49 0.36 0.69 0.53
0.45 0.91 0.59 0.03 0.59 0.26
0.03 0.77 0.08 0.23 0.77 0.17
0.10 0.34 0.08 0.10 0.41 0.17
0.15 0.62 0.23 0.10 0.09 0.17
0.06 0.67 0.27 0.55 0.39 0.19
0.30 0.11 0.49 0.93 0.23 0.32
0.11 0.43 0.02 0.67 0.35 0.50
0.96 0.02 0.89 0.39 0.30 0.05
0.06 0.40 0.32 0.42 0.55 0.12
0.15 0.50 0.29 0.03 0.20 0.20
0.20 0.47 0.19 0.03 0.08 0.13
0.24 0.12 0.18 0.33 0.32 0.29
0.29 0.82 0.49 0.12 0.59 0.02
0.13 0.30 0.22 0.42 0.28 0.45
0.17 0.19 0.03 0.70 0.14 0.29
0.77 0.73 0.89 0.78 0.04 0.02
0.05 0.92 0.27 0.57 0.20 0.65
0.33 0.11 0.42 0.59 0.80 0.04
0.73 0.08 0.06 0.37 0.31 0.49
0.10 0.09 0.55 0.84 0.96 0.68
0.08 1.00 0.09 0.30 0.50 0.10
0.09 0.06 0.07 0.06 0.46 0.73
0.04 0.50 0.15 0.21 0.07 0.68
0.22 0.14 0.36 0.35 0.36 0.36
0.08 0.37 0.21 0.81 0.98 0.01
0.04 0.08 0.97 0.11 0.32 0.62
0.22 0.09 0.97 0.49 0.48 0.16
0.67 0.36 0.27 0.30 0.18 0.06
0.46 0.46 0.16 0.34 0.14 0.48
0.21 0.08 0.35 0.47 0.39 0.01
0.45 0.08 0.41 0.33 0.26 0.07
0.52 0.22 0.22 0.13 0.71 0.06
0.36 0.35 0.50 0.02 0.68 0.04
0.15 0.05 0.36 0.44 0.54 0.40
0.48 0.15 0.01 0.83 0.47 0.69
0.08 0.42 0.12 0.17 0.82 0.06
0.18 0.24 0.09 0.33 0.95 0.15
0.12 0.13 0.04 0.11 0.26 0.20
0.01 0.35 0.85 0.37 0.22 0.74
0.44 0.46 0.31 0.03 0.48 0.03
0.46 0.75 0.18 0.03 0.39 0.85
0.24 0.34 0.39 0.08 0.55 0.17
0.41 0.03 0.40 0.72 0.81 0.44
0.27 0.08 0.02 0.49 0.41 0.18
0.04 0.35 0.41 0.19 0.89 0.80
0.20 0.03 0.28 0.29 0.65 0.46
0.49 0.47 0.11 0.28 0.07 0.15
0.09 0.15 0.49 0.17 0.28 0.30
0.34 0.38 0.03 0.50 0.33 0.34
0.33 0.28 0.07 0.39 0.09 0.81
0.56 0.51 0.03 0.35 0.16 0.54
0.44 0.03 0.11 0.33 0.25 0.15
0.07 0.17 0.64 0.29 0.32 0.04
0.37 0.48 0.14 0.27 0.18 0.95
0.45 0.54 0.03 0.91 0.09 0.35
0.13 0.28 0.53 0.79 0.29 0.17
0.85 0.50 0.04 0.23 0.02 0.34
0.11 0.49 0.69 0.05 0.20 0.19
0.73 0.06 0.08 0.16 0.05 0.21
0.91 0.49 0.21 0.33 0.59 0.04
0.35 0.37 0.16 0.24 0.41 0.01
0.22 0.52 0.31 0.40 0.32 0.03
0.27 0.08 0.28 0.28 0.40 0.18
0.52 0.16 0.23 0.03 0.08 0.39
0.21 0.19 0.29 0.86 0.50 0.02
0.27 0.47 0.29 0.12 0.05 0.44
0.46 0.16 0.10 0.44 0.19 0.10
0.06 0.41 0.04 0.77 0.44 0.75
0.98 0.98 0.11 0.33 0.30 0.02
0.38 0.03 0.33 0.16 0.49 0.08
0.13 0.14 0.04 0.22 0.07 0.40
0.89 0.01 0.72 0.40 0.60 0.28
0.10 0.26 0.31 0.99 0.03 0.36
0.52 0.96 0.47 0.12 0.96 0.02
0.97 0.44 0.44 0.04 0.47 0.21
0.09 0.02 0.28 0.34 0.47 0.25
0.17 0.48 0.35 0.73 0.44 0.01
0.05 0.97 0.16 0.66 0.12 0.51
0.75 0.08 0.49 0.47 0.07 0.06
0.38 0.43 0.32 0.12 0.09 0.03
0.18 0.67 0.27 0.18 0.80 0.02
0.18 0.57 0.22 0.01 0.36 0.96
0.11 0.02 0.15 0.30 0.31 0.01
0.48 0.40 0.06 0.02 0.11 0.66
0.60 0.24 0.03 0.29 0.32 0.35
0.28 0.47 0.03 0.75 0.56 0.02
0.45 0.16 0.05 0.07 0.36 0.92
0.62 0.82 0.80 0.32 0.01 0.01
0.13 0.39 0.01 0.33 0.67 0.27
0.07 0.41 0.82 0.01 0.26 0.01
0.43 0.45 0.32 0.06 0.99 0.29
0.04 0.35 0.55 0.78 0.36 0.84
0.27 0.27 0.38 0.08 0.36 0.01
0.14 0.15 0.23 0.06 0.08 0.30
0.37 0.42 0.03 0.89 0.44 0.13
0.13 0.35 0.19 0.11 0.30 0.13
0.10 0.02 0.03 0.15 0.91 0.10
0.43 0.05 0.57 0.33 0.01 0.25
0.35 0.03 0.44 0.45 0.07 0.40
0.79 0.28 0.19 0.01 0.56 0.71
0.24 0.10 0.43 0.38 0.07 0.59
0.41 0.11 0.07 0.05 0.12 0.78
0.99 0.07 0.46 0.30 0.16 0.17
0.76 0.03 0.17 0.24 0.25 0.18
0.34 0.01 0.74 0.04 0.78 0.70
0.65 0.43 0.64 0.02 0.22 0.06
0.01 0.74 0.26 0.50 0.22 0.11
0.30 0.01 0.27 0.05 0.45 0.19
0.38 0.58 0.54 0.24 0.01 0.13
0.41 0.09 0.25 0.72 0.21 0.20
0.36 0.09 0.08 0.31 0.32 0.09
0.28 0.10 0.42 0.74 0.06 0.12
0.66 0.06 0.03 0.02 0.62 0.38
0.18 0.01 0.06 0.43 0.43 0.41
0.86 0.18 0.51 0.01 0.57 0.74
0.76 0.29 0.83 0.71 0.15 0.05
0.03 0.40 0.47 0.78 0.97 0.09
0.01 0.09 0.12 0.03 0.08 0.75
0.44 0.23 0.17 0.08 0.51 0.29
0.33 0.45 0.40 0.17 0.07 0.68
0.31 0.34 0.09 0.37 0.14 0.07
0.17 0.54 0.03 0.20 0.43 0.58
0.57 0.92 0.55 0.01 0.13 0.54
0.40 0.24 0.08 0.60 0.03 0.50
0.18 0.02 0.46 0.20 0.79 0.19
0.06 0.19 0.37 0.04 0.14 0.45
0.38 0.63 0.05 0.11 0.25 0.97
0.10 0.10 0.51 0.71 0.03 0.40
0.02 0.41 0.02 0.98 0.92 0.50
0.68 0.63 0.02 0.22 0.95 0.45
0.94 0.47 0.07 0.19 0.16 0.22
0.13 0.01 0.32 0.03 0.95 0.14
0.39 0.56 0.11 0.97 0.02 0.49
0.53 0.29 0.12 0.15 0.31 0.18
0.15 0.32 0.10 0.26 0.24 0.19
0.12 0.64 0.12 0.08 0.49 0.22
0.62 0.52 0.03 0.41 0.52 0.12
0.06 0.41 0.20 0.28 0.55 0.03
0.28 0.96 0.08 0.41 0.23 0.30
0.90 0.09 0.12 0.04 0.01 0.86
0.38 0.91 0.58 0.43 0.02 0.04
0.92 0.25 0.33 0.02 0.39 0.39
0.22 0.18 0.30 0.11 0.23 0.03
0.50 0.12 0.19 0.15 0.62 0.26
0.85 0.46 0.01 0.03 0.32 0.59
0.40 0.23 0.08 0.44 0.13 0.09
0.33 0.07 0.16 0.83 0.29 0.43
0.72 0.75 0.03 0.12 0.43 0.56
0.02 0.26 0.40 0.53 0.38 0.27
0.75 0.23 0.10 0.44 0.17 0.08
0.06 0.32 0.08 0.12 0.45 0.88
0.07 0.59 0.29 0.26 0.24 0.46
0.18 0.93 0.26 0.03 0.08 0.20
0.99 0.31 0.29 0.01 0.40 0.68
0.23 0.91 0.41 0.39 0.02 0.42
0.20 0.13 0.15 0.47 0.20 0.09
0.08 0.71 0.18 0.07 0.99 0.39
0.86 0.02 0.08 0.18 0.42 0.48
0.09 0.06 0.97 0.38 0.03 0.02
0.15 0.40 0.14 0.38 0.12 0.29
0.06 0.40 0.10 0.19 0.32 0.21
0.73 0.04 0.38 0.17 0.24 0.90
0.15 0.02 0.11 0.33 0.38 0.36
0.34 0.91 0.42 0.01 0.23 0.29
0.51 0.20 0.88 0.08 0.37 0.13
0.42 0.09 0.10 0.75 0.20 0.31
0.23 0.88 0.01 0.01 0.36 0.82
0.31 0.34 0.68 0.01 0.85 0.34
0.04 0.94 0.19 0.72 0.68 0.05
0.38 0.08 0.17 0.03 0.88 0.33
0.64 0.16 0.04 0.71 0.12 0.04
0.50 0.31 0.28 0.04 0.28 0.25
0.45 0.31 0.06 0.08 0.28 0.31
0.04 0.44 0.79 0.66 0.35 0.24
0.44 0.34 0.17 0.17 0.03 0.13
0.56 0.08 0.12 0.11 0.49 0.55
0.20 0.40 0.02 0.83 0.05 0.45
0.07 0.17 0.36 0.25 0.35 0.14
0.15 0.07 0.05 0.13 0.12 0.28
0.01 0.08 0.60 0.27 0.97 0.13
0.02 0.20 0.42 0.26 0.03 0.31
0.34 0.07 0.14 0.07 0.31 0.95
0.28 0.05 0.65 0.89 0.21 0.16
0.26 0.10 0.98 0.04 0.68 0.26
0.36 0.22 0.20 0.02 0.15 0.11
0.28 0.08 0.02 0.50 0.41 0.10
0.23 0.49 0.04 0.05 0.75 0.65
0.71 0.47 0.06 0.07 0.30 0.12
0.47 0.33 0.01 0.34 0.31 0.12
0.11 0.44 0.27 0.15 0.20 0.57
0.43 0.02 0.91 0.95 0.17 0.13
0.28 0.77 0.32 0.05 0.22 0.12
0.36 0.28 0.03 0.27 0.34 0.91
0.73 0.17 0.96 0.19 0.03 0.03
0.07 0.15 0.99 0.07 0.12 0.28
0.33 0.46 0.11 0.04 0.13 0.56
0.79 0.16 0.15 0.08 0.23 0.01
0.04 0.36 0.11 0.76 0.88 0.09
0.09 0.91 0.20 0.10 0.27 0.48
0.52 0.29 0.05 0.13 0.09 0.30
0.02 0.24 0.11 0.39 0.08 0.32
0.69 0.93 0.37 0.03 0.02 0.29
0.49 0.43 0.19 0.04 0.10 0.43
0.23 0.40 0.74 0.94 0.03 0.11
0.23 0.36 0.12 0.09 0.35 0.37
0.49 0.38 0.23 0.05 0.09 0.69
0.01 0.21 0.28 0.15 0.38 0.37
0.07 0.38 0.44 0.03 0.27 0.28
0.30 0.31 0.13 0.01 0.29 0.70
0.01 0.32 0.84 0.92 0.60 0.16
0.10 0.34 0.87 0.08 0.66 0.12
0.34 0.85 0.15 0.93 0.21 0.04
0.82 0.94 0.17 0.08 0.21 0.11
0.41 0.13 0.68 0.04 0.01 0.17
0.49 0.50 0.15 0.09 0.31 0.06
0.01 0.46 0.63 0.75 0.80 0.20
0.35 0.16 0.24 0.07 0.36 0.23
0.18 0.01 0.35 0.23 0.33 0.83
0.43 0.93 0.27 0.44 0.01 0.09
0.16 0.39 0.34 0.31 0.03 0.18
0.69 0.46 0.05 0.01 0.33 0.04
0.55 0.22 0.01 0.80 0.32 0.40
0.29 0.44 0.02 0.40 0.46 0.31
0.12 0.02 0.25 0.69 0.04 0.26
0.94 0.21 0.10 0.04 0.27 0.13
0.19 0.05 0.38 0.22 0.06 0.13
0.42 0.48 0.50 0.01 0.11 0.34
0.61 0.76 0.33 0.01 0.63 0.54
0.14 0.94 0.01 0.91 0.24 0.09
0.38 0.11 0.39 0.22 0.01 0.19
0.17 0.09 0.30 0.06 0.04 0.36
0.12 0.09 0.53 0.18 0.47 0.37
0.89 0.70 0.04 0.02 0.32 0.29
0.61 0.29 0.96 0.22 0.03 0.01
0.98 0.41 0.01 0.23 0.13 0.33
0.96 0.24 0.06 0.31 0.80 0.07
0.32 0.21 0.06 0.47 0.49 0.01
0.04 0.21 0.31 0.64 0.19 0.23
0.99 0.07 0.27 0.39 0.30 0.04
0.31 0.26 0.03 0.14 0.34 0.85
0.69 0.09 0.17 0.22 0.09 0.40
0.40 0.17 0.24 0.10 0.03 0.89
0.46 0.22 0.59 0.01 0.34 0.29
0.50 0.69 0.20 0.38 0.15 0.04
0.80 0.88 0.05 0.51 0.04 0.98
0.96 0.10 0.26 0.27 0.31 0.07
0.25 0.45 0.08 0.53 0.25 0.12
0.96 0.16 0.36 0.07 0.56 0.11
0.02 0.52 0.36 0.74 0.23 0.01
