300 6
99 1 76 32 28 35
41 95 55 39 82 86
22 9 27 9 41 33
33 4 57 7 2 46
54 45 32 6 15 39
30 19 90 28 4 27
44 72 20 50 23 31
25 7 50 39 9 16
24 14 19 18 2 7
9 61 62 43 28 43
34 12 33 20 47 7
9 2 30 90 100 62
60 23 54 2 10 50
3 18 6 28 38 31
35 5 14 49 44 72
50 6 28 65 12 96
15 45 26 3 42 45
15 11 14 22 49 8
77 11 24 41 12 82
45 9 5 50 47 32
89 16 29 14 31 76
62 31 94 7 25 33
50 62 68 4 59 3
45 2 29 49 39 20
13 4 59 48 34 35
34 70 11 15 27 79
1 47 32 7 4 3
62 38 13 59 5 72
35 49 5 31 23 20
8 57 18 49 6 50
43 55 20 36 53 2
73 1 8 36 16 40
75 28 1 4 18 61
3 81 7 4 32 17
46 6 25 4 1 26
11 2 83 22 24 79
8 19 32 44 14 35
84 2 21 28 45 52
7 45 1 34 50 23
16 47 80 32 8 2
58 19 89 1 22 30
19 15 26 57 38 72
15 32 72 1 16 13
1 52 10 69 52 46
15 4 55 2 4 37
31 7 4 17 45 8
4 21 38 48 23 98
12 32 44 29 10 6
13 10 6 37 81 82
40 31 37 5 13 8
2 18 49 36 69 53
45 91 59 3 59 26
3 77 8 23 77 17
10 34 8 10 41 17
15 62 23 10 9 17
6 67 27 55 39 19
30 11 49 93 23 32
11 43 2 67 35 50
96 2 89 39 30 5
6 40 32 42 55 12
15 50 29 3 20 20
20 47 19 3 8 13
24 12 18 33 32 29
29 82 49 12 59 2
13 30 22 42 28 45
17 19 3 70 14 29
77 73 89 78 4 2
5 92 27 57 20 65
33 11 42 59 80 4
73 8 6 37 31 49
10 9 55 84 96 68
8 100 9 30 50 10
9 6 7 6 46 73
4 50 15 21 7 68
22 14 36 35 36 36
8 37 21 81 98 1
4 8 97 11 32 62
22 9 97 49 48 16
67 36 27 30 18 6
46 46 16 34 14 48
21 8 35 47 39 1
45 8 41 33 26 7
52 22 22 13 71 6
36 35 50 2 68 4
15 5 36 44 54 40
48 15 1 83 47 69
8 42 12 17 82 6
18 24 9 33 95 15
12 13 4 11 26 20
1 35 85 37 22 74
44 46 31 3 48 3
46 75 18 3 39 85
24 34 39 8 55 17
41 3 40 72 81 44
27 8 2 49 41 18
4 35 41 19 89 80
20 3 28 29 65 46
49 47 11 28 7 15
9 15 49 17 28 30
34 38 3 50 33 34
33 28 7 39 9 81
56 51 3 35 16 54
44 3 11 33 25 15
7 17 64 29 32 4
37 48 14 27 18 95
45 54 3 91 9 35
13 28 53 79 29 17
85 50 4 23 2 34
11 49 69 5 20 19
73 6 8 16 5 21
91 49 21 33 59 4
35 37 16 24 41 1
22 52 31 40 32 3
27 8 28 28 40 18
52 16 23 3 8 39
21 19 29 86 50 2
27 47 29 12 5 44
46 16 10 44 19 10
6 41 4 77 44 75
98 98 11 33 30 2
38 3 33 16 49 8
13 14 4 22 7 40
89 1 72 40 60 28
10 26 31 99 3 36
52 96 47 12 96 2
97 44 44 4 47 21
9 2 28 34 47 25
17 48 35 73 44 1
5 97 16 66 12 51
75 8 49 47 7 6
38 43 32 12 9 3
18 67 27 18 80 2
18 57 22 1 36 96
11 2 15 30 31 1
48 40 6 2 11 66
60 24 3 29 32 35
28 47 3 75 56 2
45 16 5 7 36 92
62 82 80 32 1 1
13 39 1 33 67 27
7 41 82 1 26 1
43 45 32 6 99 29
4 35 55 78 36 84
27 27 38 8 36 1
14 15 23 6 8 30
37 42 3 89 44 13
13 35 19 11 30 13
10 2 3 15 91 10
43 5 57 33 1 25
35 3 44 45 7 40
79 28 19 1 56 71
24 10 43 38 7 59
41 11 7 5 12 78
99 7 46 30 16 17
76 3 17 24 25 18
34 1 74 4 78 70
65 43 64 2 22 6
1 74 26 50 22 11
30 1 27 5 45 19
38 58 54 24 1 13
41 9 25 72 21 20
36 9 8 31 32 9
28 10 42 74 6 12
66 6 3 2 62 38
18 1 6 43 43 41
86 18 51 1 57 74
76 29 83 71 15 5
3 40 47 78 97 9
1 9 12 3 8 75
44 23 17 8 51 29
33 45 40 17 7 68
31 34 9 37 14 7
17 54 3 20 43 58
57 92 55 1 13 54
40 24 8 60 3 50
18 2 46 20 79 19
6 19 37 4 14 45
38 63 5 11 25 97
10 10 51 71 3 40
2 41 2 98 92 50
68 63 2 22 95 45
94 47 7 19 16 22
13 1 32 3 95 14
39 56 11 97 2 49
53 29 12 15 31 18
15 32 10 26 24 19
12 64 12 8 49 22
62 52 3 41 52 12
6 41 20 28 55 3
28 96 8 41 23 30
90 9 12 4 1 86
38 91 58 43 2 4
92 25 33 2 39 39
22 18 30 11 23 3
50 12 19 15 62 26
85 46 1 3 32 59
40 23 8 44 13 9
33 7 16 83 29 43
72 75 3 12 43 56
2 26 40 53 38 27
75 23 10 44 17 8
6 32 8 12 45 88
7 59 29 26 24 46
18 93 26 3 8 20
99 31 29 1 40 68
23 91 41 39 2 42
20 13 15 47 20 9
8 71 18 7 99 39
86 2 8 18 42 48
9 6 97 38 3 2
15 40 14 38 12 29
6 40 10 19 32 21
73 4 38 17 24 90
15 2 11 33 38 36
34 91 42 1 23 29
51 20 88 8 37 13
42 9 10 75 20 31
23 88 1 1 36 82
31 34 68 1 85 34
4 94 19 72 68 5
38 8 17 3 88 33
64 16 4 71 12 4
50 31 28 4 28 25
45 31 6 8 28 31
4 44 79 66 35 24
44 34 17 17 3 13
56 8 12 11 49 55
20 40 2 83 5 45
7 17 36 25 35 14
15 7 5 13 12 28
1 8 60 27 97 13
2 20 42 26 3 31
34 7 14 7 31 95
28 5 65 89 21 16
26 10 98 4 68 26
36 22 20 2 15 11
28 8 2 50 41 10
23 49 4 5 75 65
71 47 6 7 30 12
47 33 1 34 31 12
11 44 27 15 20 57
43 2 91 95 17 13
28 77 32 5 22 12
36 28 3 27 34 91
73 17 96 19 3 3
7 15 99 7 12 28
33 46 11 4 13 56
79 16 15 8 23 1
4 36 11 76 88 9
9 91 20 10 27 48
52 29 5 13 9 30
2 24 11 39 8 32
69 93 37 3 2 29
49 43 19 4 10 43
23 40 74 94 3 11
23 36 12 9 35 37
49 38 23 5 9 69
1 21 28 15 38 37
7 38 44 3 27 28
30 31 13 1 29 70
1 32 84 92 60 16
10 34 87 8 66 12
34 85 15 93 21 4
82 94 17 8 21 11
41 13 68 4 1 17
49 50 15 9 31 6
1 46 63 75 80 20
35 16 24 7 36 23
18 1 35 23 33 83
43 93 27 44 1 9
16 39 34 31 3 18
69 46 5 1 33 4
55 22 1 80 32 40
29 44 2 40 46 31
12 2 25 69 4 26
94 21 10 4 27 13
19 5 38 22 6 13
42 48 50 1 11 34
61 76 33 1 63 54
14 94 1 91 24 9
38 11 39 22 1 19
17 9 30 6 4 36
12 9 53 18 47 37
89 70 4 2 32 29
61 29 96 22 3 1
98 41 1 23 13 33
96 24 6 31 80 7
32 21 6 47 49 1
4 21 31 64 19 23
99 7 27 39 30 4
31 26 3 14 34 85
69 9 17 22 9 40
40 17 24 10 3 89
46 22 59 1 34 29
50 69 20 38 15 4
80 88 5 51 4 98
96 10 26 27 31 7
25 45 8 53 25 12
96 16 36 7 56 11
2 52 36 74 23 1
