250 6
57 7 46 69 24 50
71 34 80 43 83 67
63 33 89 44 95 54
26 96 27 41 26 92
9 44 64 45 91 42
55 29 98 74 11 40
65 17 31 38 27 21
48 82 8 29 46 38
12 66 34 1 32 12
34 4 57 4 35 15
16 63 29 17 41 34
60 21 7 95 8 34
18 71 93 8 14 40
3 25 27 22 20 34
2 80 78 31 37 75
48 32 30 71 36 25
41 4 10 23 63 8
3 48 30 67 34 11
7 41 16 86 15 26
50 72 4 33 83 38
41 5 49 37 41 4
41 15 20 34 30 29
58 54 49 31 48 9
28 38 3 34 26 92
49 85 1 67 25 20
24 16 42 43 35 18
10 53 43 35 28 28
46 37 94 52 26 9
3 28 24 19 7 3
25 88 3 78 84 67
44 2 10 46 29 21
3 95 36 4 7 30
26 31 49 5 45 12
21 92 57 81 2 30
62 9 64 54 27 75
94 24 8 92 50 15
33 57 66 90 16 2
18 72 23 19 61 74
72 87 15 19 61 58
21 17 16 33 1 30
51 69 97 18 72 11
16 17 44 48 23 68
22 73 18 37 47 26
65 93 8 13 56 52
86 9 92 38 18 3
90 33 31 4 19 52
43 91 66 14 2 86
100 27 8 23 75 9
95 81 3 68 40 6
93 9 48 14 41 66
99 12 94 9 31 99
7 8 9 75 25 59
95 100 7 50 68 30
46 13 43 6 87 46
20 48 36 9 71 49
30 72 3 95 57 7
6 31 5 27 51 69
61 33 4 17 41 45
19 37 41 13 49 32
10 29 9 26 20 38
1 35 23 14 20 65
9 1 56 38 84 48
80 10 39 20 20 30
21 63 3 20 32 27
46 83 3 4 84 39
11 19 71 27 30 92
78 28 6 34 31 60
93 35 14 24 40 58
58 37 88 13 91 11
38 36 25 43 24 2
15 4 15 63 54 71
11 39 12 75 41 7
97 30 98 36 22 1
7 31 16 62 65 42
13 24 67 46 23 73
26 47 62 6 17 44
56 49 10 2 36 72
40 44 49 11 6 28
12 4 61 89 72 52
10 1 49 3 40 24
93 47 6 58 14 40
38 77 6 96 26 64
1 32 30 42 9 2
94 57 87 7 15 77
9 36 13 48 10 87
87 46 25 12 91 87
6 6 93 10 4 35
38 55 2 81 59 8
5 32 20 18 70 82
65 51 4 25 73 29
68 12 97 65 35 2
50 38 23 36 34 18
76 48 19 34 45 8
92 15 1 28 29 95
33 14 26 56 85 46
9 86 3 34 29 91
18 1 12 30 2 18
9 11 3 58 71 16
49 8 18 4 17 50
61 8 54 18 9 59
16 96 57 75 2 63
47 29 96 30 99 1
57 9 3 45 41 62
13 17 57 21 74 10
1 30 3 81 27 29
20 92 30 4 69 12
10 42 65 12 19 89
49 51 66 13 19 24
8 6 80 10 35 11
30 81 48 5 9 76
36 13 60 59 47 6
25 59 37 6 24 39
64 50 9 15 4 56
31 78 37 12 23 54
51 61 90 28 56 1
60 9 64 16 3 11
23 72 16 4 40 15
9 32 2 13 64 52
73 32 6 49 15 64
22 100 24 11 78 42
49 7 4 38 42 20
27 29 66 10 24 99
15 3 46 96 13 16
38 3 5 2 37 18
78 29 2 95 72 59
24 9 3 3 25 14
95 46 8 62 82 7
48 10 89 20 3 5
1 51 11 51 33 14
69 28 98 15 10 30
9 80 5 79 23 96
38 20 95 48 23 16
50 9 41 19 8 26
5 74 30 15 81 64
6 2 60 5 96 85
7 38 17 11 77 92
28 72 96 91 4 15
7 19 47 62 39 80
23 83 82 18 24 19
25 81 2 16 30 44
24 7 44 10 51 33
17 20 39 76 6 41
99 97 96 4 60 7
34 50 19 39 41 7
27 17 2 30 25 64
2 34 86 28 93 91
34 91 4 12 3 100
43 37 4 11 33 11
22 12 36 3 54 27
12 60 4 55 62 57
63 48 15 21 2 60
85 48 2 7 38 66
8 34 8 23 3 36
6 85 13 99 21 44
60 74 89 31 1 80
26 74 17 58 12 12
30 2 25 50 74 12
15 3 55 52 16 53
11 50 18 17 1 3
58 45 4 78 22 63
35 89 74 3 5 60
7 39 60 51 35 1
18 22 3 8 98 53
3 99 70 7 30 22
2 5 26 1 95 66
11 5 11 9 8 17
15 36 4 25 40 69
16 58 72 1 35 96
42 1 5 93 27 26
80 3 62 24 18 99
16 2 14 42 100 22
4 52 3 43 50 22
2 72 77 9 45 76
19 74 1 27 39 57
1 44 95 2 47 45
23 90 7 32 21 42
2 16 1 93 9 6
85 1 19 18 59 67
54 34 93 11 30 13
98 3 55 36 81 2
20 46 89 1 18 37
1 46 58 47 5 26
87 98 76 57 33 1
45 1 67 24 23 24
20 73 98 5 44 6
96 40 98 6 5 85
47 27 10 29 14 24
6 33 51 29 6 56
16 3 23 21 67 12
51 17 12 24 89 7
84 26 8 66 72 5
18 30 37 1 20 7
1 14 85 68 45 100
7 20 37 36 36 74
33 85 4 95 4 81
59 23 12 42 1 33
9 24 88 44 2 55
3 5 15 46 11 33
90 17 52 23 58 9
79 97 96 12 14 12
9 63 44 29 3 15
85 50 45 12 79 1
4 9 62 23 82 2
20 80 37 2 92 6
25 14 76 73 88 1
5 33 28 73 3 54
92 15 4 33 14 50
56 65 9 45 22 29
44 2 19 12 13 35
32 79 67 16 4 89
97 97 17 20 1 95
2 35 33 38 13 81
9 17 25 23 43 41
100 17 3 78 52 11
1 1 29 41 85 21
44 14 39 28 44 12
52 82 20 11 6 78
63 65 25 1 22 83
29 10 38 13 6 23
2 69 95 7 75 37
76 71 9 81 10 19
96 7 2 37 32 26
55 20 19 5 8 12
90 64 17 76 11 6
7 34 82 1 4 4
4 29 10 66 40 42
9 1 97 58 79 85
3 82 3 48 97 99
14 28 25 17 50 9
33 12 1 1 33 98
14 65 5 23 67 5
48 26 9 41 24 42
49 42 71 3 9 29
29 15 2 99 78 76
49 66 1 75 82 86
34 49 2 88 22 88
78 39 21 53 60 8
72 6 78 18 26 12
59 83 10 16 2 48
38 86 1 60 18 76
46 3 3 4 5 11
34 24 96 44 58 3
21 13 8 80 39 29
61 72 5 44 55 7
55 5 6 68 1 75
36 8 5 47 68 60
11 58 69 4 37 61
5 4 56 24 37 56
77 10 6 6 98 6
15 3 48 40 62 83
