250 6
0.31 0.08 0.63 1.00 0.42 0.60
0.72 0.93 0.79 0.78 0.66 0.26
0.11 0.75 0.15 0.29 0.11 0.02
0.44 0.28 0.73 0.48 0.54 0.53
0.66 0.10 0.17 0.28 0.07 0.98
0.83 0.13 0.50 0.57 0.24 0.17
0.37 0.17 0.21 0.41 0.50 0.29
0.48 0.19 0.12 0.80 0.53 0.45
0.07 0.36 0.30 0.24 0.52 0.49
0.10 0.18 0.66 0.37 0.59 0.73
0.20 0.26 0.12 0.06 0.50 0.48
0.04 0.50 0.51 0.28 0.19 0.07
0.16 0.85 0.19 0.26 0.94 0.42
0.46 0.01 0.42 0.45 0.67 0.28
0.34 0.37 0.68 0.44 0.18 0.19
0.89 0.38 0.17 0.41 0.01 0.33
0.90 0.39 0.34 0.07 0.24 0.01
0.13 0.37 0.13 0.34 0.97 0.38
0.25 0.62 0.37 0.90 0.56 0.38
0.20 0.04 0.28 0.46 0.22 0.29
0.13 0.31 0.04 0.91 0.19 0.36
0.90 0.14 0.43 0.67 0.33 0.19
0.14 0.88 0.29 0.88 0.19 0.01
0.36 0.47 0.12 0.03 0.12 0.72
0.36 0.74 0.23 0.63 0.04 0.43
0.40 0.33 0.84 1.00 0.18 0.09
0.31 0.96 0.68 0.04 0.49 0.38
0.11 0.16 0.98 0.22 0.18 0.26
0.03 0.80 0.99 0.64 0.62 0.76
0.16 0.39 0.35 0.09 0.58 0.19
0.26 0.51 0.29 0.42 0.19 0.97
0.02 0.03 0.48 0.98 0.15 0.02
0.29 0.09 0.12 0.33 0.20 0.33
0.26 0.64 0.25 0.48 0.72 0.36
0.71 0.80 0.73 0.06 0.77 0.19
0.09 0.01 0.14 0.44 0.50 0.08
0.58 0.90 0.40 0.18 0.35 0.30
0.27 0.13 0.39 0.23 0.31 0.14
0.43 0.12 0.14 0.16 0.93 0.71
0.16 0.32 0.70 0.03 0.67 0.93
0.04 0.61 0.21 0.12 0.84 0.31
0.12 0.61 0.13 0.40 0.36 0.49
0.03 0.70 0.16 0.66 0.82 0.57
0.34 0.45 0.18 0.01 0.23 0.19
0.89 0.65 0.20 0.98 0.33 0.14
0.39 0.44 0.34 0.28 0.13 0.33
0.24 0.60 0.57 0.69 0.95 0.02
0.76 0.70 0.49 0.96 0.04 0.12
0.21 0.20 0.42 0.08 0.05 0.14
0.22 0.33 0.25 0.34 0.86 0.04
0.52 0.44 0.01 0.82 0.68 0.57
0.11 0.41 0.35 0.14 0.30 0.96
0.44 0.05 0.07 0.62 0.41 0.68
0.38 0.07 0.10 0.74 0.91 0.24
0.20 0.08 0.35 0.01 0.15 0.33
0.17 0.07 0.30 0.43 0.28 0.57
0.71 0.25 0.17 0.32 0.27 0.55
0.46 0.06 0.08 0.12 1.00 0.80
0.66 0.80 0.62 0.05 0.01 0.33
0.08 0.64 0.88 0.86 0.76 0.03
0.10 0.50 0.39 0.99 0.05 0.33
0.08 0.29 0.47 0.62 0.87 0.74
0.43 0.24 0.08 0.27 0.34 0.25
0.45 0.90 0.06 0.96 0.24 0.01
0.84 0.19 0.03 0.40 0.13 0.16
0.81 0.58 0.96 0.12 0.02 0.22
0.07 0.49 0.27 0.04 0.05 0.94
0.97 0.18 0.25 0.31 0.48 0.39
0.77 0.83 0.55 0.16 0.08 0.03
0.73 0.03 0.86 0.07 0.83 0.18
0.12 0.31 0.27 0.62 0.47 0.68
0.52 0.04 0.76 0.04 0.77 0.13
0.27 0.81 0.11 0.44 0.13 0.30
0.49 0.34 0.36 0.23 0.06 0.03
0.03 0.07 0.12 0.16 0.41 0.78
0.07 0.73 0.12 0.43 0.71 0.63
0.69 0.15 0.09 0.03 0.57 0.08
0.22 0.48 0.42 0.68 0.29 0.11
0.91 0.65 0.28 0.47 0.96 0.03
0.83 0.42 0.78 0.32 0.04 0.27
0.01 0.34 0.16 0.23 0.08 0.23
0.47 0.01 0.92 0.43 0.01 0.16
0.65 0.97 0.26 0.56 0.08 0.08
0.30 0.74 0.22 0.09 0.01 0.77
0.50 0.79 0.03 0.72 0.08 0.47
0.46 0.29 0.11 0.15 0.52 0.22
0.48 0.34 0.07 0.69 0.15 0.89
0.79 0.33 0.33 0.88 0.12 0.28
0.19 0.37 0.71 0.11 0.99 0.28
0.49 0.25 0.03 0.28 0.20 0.41
0.04 0.64 0.56 0.22 0.16 0.79
0.02 0.44 0.55 0.05 0.95 0.17
0.81 0.31 0.44 0.96 0.03 0.40
0.43 0.57 0.22 0.33 0.19 0.01
0.24 0.04 0.34 0.39 0.48 0.96
0.54 0.79 0.01 0.87 0.55 0.70
0.57 0.05 0.23 0.22 0.34 0.67
0.37 0.20 0.24 0.83 0.18 0.47
0.28 0.45 0.02 0.13 0.50 0.38
0.93 0.05 0.17 0.90 1.00 0.07
1.00 0.06 0.37 0.86 0.21 0.99
0.11 0.23 0.56 0.25 0.41 0.35
0.24 0.87 0.41 0.16 0.38 0.12
0.12 0.50 0.76 0.40 0.84 0.02
0.31 0.11 0.83 0.29 0.04 0.71
0.38 0.54 0.41 0.05 0.10 0.07
0.49 0.11 0.39 0.26 0.11 0.19
0.54 0.12 0.82 0.59 1.00 0.05
0.11 0.27 1.00 0.07 0.21 0.35
0.26 0.31 0.03 0.83 0.97 0.76
0.38 0.46 0.43 0.82 0.34 0.13
0.69 0.27 0.90 0.81 0.45 0.12
0.04 0.46 0.40 0.05 0.34 0.19
0.87 0.08 0.54 0.09 0.11 0.69
0.42 0.18 0.12 0.34 0.68 0.17
0.21 0.14 0.57 0.16 0.83 0.14
0.15 0.98 0.14 0.30 0.25 0.11
0.68 0.02 0.73 0.54 0.11 0.97
0.84 0.27 0.42 0.21 0.02 0.83
0.06 0.04 0.42 0.62 0.87 0.11
0.49 0.34 1.00 0.21 0.42 0.02
0.63 0.01 0.11 0.60 0.29 0.20
0.16 0.30 0.18 0.21 0.04 0.44
0.16 0.62 0.87 0.45 1.00 0.01
0.20 0.60 0.13 0.17 0.68 0.22
0.02 0.05 0.06 0.73 0.03 0.11
0.58 0.26 0.35 0.36 0.19 0.16
0.71 0.04 0.57 0.13 0.81 0.17
0.08 0.23 0.87 0.33 0.07 0.75
0.21 0.17 0.01 0.70 0.39 0.14
0.89 0.62 0.13 0.27 0.28 0.22
0.07 0.26 0.24 0.39 0.74 0.28
0.52 0.94 0.07 0.91 0.86 0.07
0.36 0.83 0.01 0.43 0.27 0.30
0.24 0.14 0.11 0.55 0.24 0.79
0.44 0.31 0.31 0.24 0.12 0.40
0.36 0.19 0.64 0.32 0.81 0.03
0.49 0.02 0.81 0.84 0.58 0.03
0.20 0.59 0.07 0.58 0.15 0.24
0.35 0.10 0.05 0.96 0.55 0.31
0.48 0.54 0.82 0.13 0.27 0.03
0.06 0.02 0.38 0.21 0.36 0.12
0.53 0.01 0.22 0.31 0.16 0.58
0.04 0.22 0.44 0.17 0.57 0.05
0.92 0.03 0.62 0.76 0.53 0.04
0.84 0.89 0.65 0.05 0.99 0.06
0.50 0.07 0.17 0.76 0.29 0.09
0.25 0.90 0.88 0.04 0.91 0.17
0.66 0.27 0.17 0.14 0.22 0.95
0.43 0.21 0.03 0.05 0.96 0.20
0.22 0.58 0.32 0.15 0.37 0.22
0.93 0.88 0.01 0.63 0.14 0.58
0.06 0.14 0.47 0.30 0.30 0.49
0.16 0.98 0.29 0.16 0.55 0.28
0.29 0.01 0.09 0.01 0.01 0.44
0.03 0.27 0.45 0.29 0.11 0.13
0.64 0.62 0.03 0.97 0.22 0.24
0.15 0.65 0.11 0.44 0.36 0.32
0.13 0.90 1.00 0.04 0.91 0.68
0.01 0.40 0.12 0.30 0.51 0.21
0.33 0.12 0.28 0.19 0.31 0.26
0.99 0.88 0.49 0.02 0.64 0.06
0.03 0.15 0.46 0.29 0.40 0.25
0.03 0.73 0.59 0.13 0.69 1.00
0.25 0.12 0.03 0.51 0.33 0.83
0.17 0.07 0.16 0.31 0.93 0.10
0.99 0.07 0.06 0.43 0.18 0.28
0.01 0.17 0.81 0.03 0.80 0.63
0.08 0.48 0.11 0.35 0.57 0.01
0.77 0.41 0.05 0.29 0.69 0.40
0.72 0.84 0.07 0.13 0.03 0.98
0.20 0.11 0.85 0.18 0.57 0.22
0.41 0.05 0.30 0.56 0.12 0.38
0.17 0.05 0.73 0.31 0.04 0.87
0.16 0.73 0.25 0.17 0.40 0.11
0.60 0.31 0.96 0.02 1.00 0.22
0.61 0.30 0.05 0.21 0.31 0.82
0.15 0.07 0.42 0.35 0.14 0.50
0.14 0.67 0.08 0.71 0.94 0.74
0.36 0.04 0.44 0.19 0.33 0.20
0.75 0.01 0.52 0.21 0.67 0.21
0.32 0.01 0.46 0.52 0.08 0.21
0.19 0.33 0.01 0.32 0.01 0.47
0.82 0.23 0.04 0.63 0.96 0.13
0.04 0.15 0.63 0.08 1.00 0.56
0.16 0.49 0.14 0.22 0.04 0.84
0.11 0.19 0.98 0.28 0.13 0.20
0.28 0.59 0.55 0.10 0.92 0.01
0.34 0.14 0.06 0.36 0.24 0.50
0.01 0.37 0.08 0.70 0.93 0.60
0.20 0.80 0.04 0.89 0.96 0.35
0.34 0.26 0.44 0.69 0.73 0.01
0.25 0.07 0.16 0.67 0.10 0.31
0.94 0.04 0.85 0.28 0.30 0.19
0.11 0.52 0.82 0.03 0.82 0.04
0.49 0.88 0.37 0.10 0.06 0.04
0.05 0.05 0.69 0.48 0.44 0.01
0.36 0.36 0.37 0.48 0.45 0.19
0.21 0.07 0.82 0.18 0.24 0.89
0.48 0.47 0.35 0.15 0.67 0.08
0.26 0.33 0.80 0.15 0.45 0.05
0.01 0.60 0.52 0.57 0.71 0.05
0.61 0.02 0.04 0.57 0.49 0.55
0.89 0.86 0.38 0.17 0.27 0.10
0.09 0.45 0.89 0.49 0.06 0.11
0.01 0.99 0.77 0.07 0.96 0.33
0.06 0.36 0.93 0.05 0.67 0.45
0.14 0.44 0.01 0.54 0.08 0.33
0.68 0.31 0.68 0.87 0.45 0.01
0.05 0.79 0.09 0.06 0.70 0.80
0.24 0.26 0.19 0.50 0.01 0.85
0.20 0.03 0.12 0.88 0.84 0.13
0.65 0.42 0.01 0.58 0.01 0.14
0.57 0.10 1.00 0.65 0.13 0.15
0.25 0.09 0.46 0.41 0.01 0.39
0.97 0.76 0.03 0.07 0.59 0.28
0.92 0.15 0.49 0.15 0.11 0.35
0.56 0.13 0.05 0.94 0.60 0.40
0.02 0.25 0.96 0.93 0.73 0.05
0.14 0.95 0.42 0.22 0.27 0.17
0.60 0.19 0.10 0.44 0.43 0.41
0.43 0.28 0.72 0.06 0.67 0.26
0.46 0.24 0.02 0.21 0.62 0.40
0.63 0.82 0.23 0.18 0.43 0.08
0.19 0.01 0.26 0.90 0.29 0.56
0.47 0.75 0.57 0.98 0.10 0.06
0.41 0.28 0.24 0.45 0.49 0.30
0.02 0.66 0.03 0.34 0.63 0.20
0.09 1.00 0.74 0.77 0.34 0.05
0.24 0.83 0.02 0.23 0.46 0.05
0.87 0.05 0.02 0.74 0.59 0.62
0.07 0.43 0.36 0.09 0.03 0.54
0.59 0.19 0.42 0.03 0.01 0.21
0.44 0.06 0.30 0.37 0.20 0.26
0.02 0.66 0.59 0.46 0.69 0.04
0.52 0.90 0.94 1.00 0.07 0.02
0.07 0.45 0.03 0.32 0.86 0.43
0.07 0.10 0.17 0.30 0.29 0.38
0.01 0.48 0.24 0.03 0.04 0.85
0.01 0.36 0.69 0.43 0.91 0.05
0.36 0.42 0.07 0.02 0.18 0.53
0.56 0.17 0.27 0.09 0.63 0.17
0.09 0.33 0.11 0.37 0.53 0.65
0.08 0.28 0.54 0.09 0.75 0.84
0.04 0.98 0.01 0.82 0.42 0.18
0.87 0.09 0.94 0.48 0.39 0.02
0.46 0.99 0.10 0.39 0.27 0.01
0.71 0.26 0.01 0.41 0.50 0.63
0.16 0.28 0.67 0.13 0.60 0.31
0.02 0.01 0.85 0.46 0.59 0.36
