250 6
31 8 63 100 42 60
72 93 79 78 66 26
11 75 15 29 11 2
44 28 73 48 54 53
66 10 17 28 7 98
83 13 50 57 24 17
37 17 21 41 50 29
48 19 12 80 53 45
7 36 30 24 52 49
10 18 66 37 59 73
20 26 12 6 50 48
4 50 51 28 19 7
16 85 19 26 94 42
46 1 42 45 67 28
34 37 68 44 18 19
89 38 17 41 1 33
90 39 34 7 24 1
13 37 13 34 97 38
25 62 37 90 56 38
20 4 28 46 22 29
13 31 4 91 19 36
90 14 43 67 33 19
14 88 29 88 19 1
36 47 12 3 12 72
36 74 23 63 4 43
40 33 84 100 18 9
31 96 68 4 49 38
11 16 98 22 18 26
3 80 99 64 62 76
16 39 35 9 58 19
26 51 29 42 19 97
2 3 48 98 15 2
29 9 12 33 20 33
26 64 25 48 72 36
71 80 73 6 77 19
9 1 14 44 50 8
58 90 40 18 35 30
27 13 39 23 31 14
43 12 14 16 93 71
16 32 70 3 67 93
4 61 21 12 84 31
12 61 13 40 36 49
3 70 16 66 82 57
34 45 18 1 23 19
89 65 20 98 33 14
39 44 34 28 13 33
24 60 57 69 95 2
76 70 49 96 4 12
21 20 42 8 5 14
22 33 25 34 86 4
52 44 1 82 68 57
11 41 35 14 30 96
44 5 7 62 41 68
38 7 10 74 91 24
20 8 35 1 15 33
17 7 30 43 28 57
71 25 17 32 27 55
46 6 8 12 100 80
66 80 62 5 1 33
8 64 88 86 76 3
10 50 39 99 5 33
8 29 47 62 87 74
43 24 8 27 34 25
45 90 6 96 24 1
84 19 3 40 13 16
81 58 96 12 2 22
7 49 27 4 5 94
97 18 25 31 48 39
77 83 55 16 8 3
73 3 86 7 83 18
12 31 27 62 47 68
52 4 76 4 77 13
27 81 11 44 13 30
49 34 36 23 6 3
3 7 12 16 41 78
7 73 12 43 71 63
69 15 9 3 57 8
22 48 42 68 29 11
91 65 28 47 96 3
83 42 78 32 4 27
1 34 16 23 8 23
47 1 92 43 1 16
65 97 26 56 8 8
30 74 22 9 1 77
50 79 3 72 8 47
46 29 11 15 52 22
48 34 7 69 15 89
79 33 33 88 12 28
19 37 71 11 99 28
49 25 3 28 20 41
4 64 56 22 16 79
2 44 55 5 95 17
81 31 44 96 3 40
43 57 22 33 19 1
24 4 34 39 48 96
54 79 1 87 55 70
57 5 23 22 34 67
37 20 24 83 18 47
28 45 2 13 50 38
93 5 17 90 100 7
100 6 37 86 21 99
11 23 56 25 41 35
24 87 41 16 38 12
12 50 76 40 84 2
31 11 83 29 4 71
38 54 41 5 10 7
49 11 39 26 11 19
54 12 82 59 100 5
11 27 100 7 21 35
26 31 3 83 97 76
38 46 43 82 34 13
69 27 90 81 45 12
4 46 40 5 34 19
87 8 54 9 11 69
42 18 12 34 68 17
21 14 57 16 83 14
15 98 14 30 25 11
68 2 73 54 11 97
84 27 42 21 2 83
6 4 42 62 87 11
49 34 100 21 42 2
63 1 11 60 29 20
16 30 18 21 4 44
16 62 87 45 100 1
20 60 13 17 68 22
2 5 6 73 3 11
58 26 35 36 19 16
71 4 57 13 81 17
8 23 87 33 7 75
21 17 1 70 39 14
89 62 13 27 28 22
7 26 24 39 74 28
52 94 7 91 86 7
36 83 1 43 27 30
24 14 11 55 24 79
44 31 31 24 12 40
36 19 64 32 81 3
49 2 81 84 58 3
20 59 7 58 15 24
35 10 5 96 55 31
48 54 82 13 27 3
6 2 38 21 36 12
53 1 22 31 16 58
4 22 44 17 57 5
92 3 62 76 53 4
84 89 65 5 99 6
50 7 17 76 29 9
25 90 88 4 91 17
66 27 17 14 22 95
43 21 3 5 96 20
22 58 32 15 37 22
93 88 1 63 14 58
6 14 47 30 30 49
16 98 29 16 55 28
29 1 9 1 1 44
3 27 45 29 11 13
64 62 3 97 22 24
15 65 11 44 36 32
13 90 100 4 91 68
1 40 12 30 51 21
33 12 28 19 31 26
99 88 49 2 64 6
3 15 46 29 40 25
3 73 59 13 69 100
25 12 3 51 33 83
17 7 16 31 93 10
99 7 6 43 18 28
1 17 81 3 80 63
8 48 11 35 57 1
77 41 5 29 69 40
72 84 7 13 3 98
20 11 85 18 57 22
41 5 30 56 12 38
17 5 73 31 4 87
16 73 25 17 40 11
60 31 96 2 100 22
61 30 5 21 31 82
15 7 42 35 14 50
14 67 8 71 94 74
36 4 44 19 33 20
75 1 52 21 67 21
32 1 46 52 8 21
19 33 1 32 1 47
82 23 4 63 96 13
4 15 63 8 100 56
16 49 14 22 4 84
11 19 98 28 13 20
28 59 55 10 92 1
34 14 6 36 24 50
1 37 8 70 93 60
20 80 4 89 96 35
34 26 44 69 73 1
25 7 16 67 10 31
94 4 85 28 30 19
11 52 82 3 82 4
49 88 37 10 6 4
5 5 69 48 44 1
36 36 37 48 45 19
21 7 82 18 24 89
48 47 35 15 67 8
26 33 80 15 45 5
1 60 52 57 71 5
61 2 4 57 49 55
89 86 38 17 27 10
9 45 89 49 6 11
1 99 77 7 96 33
6 36 93 5 67 45
14 44 1 54 8 33
68 31 68 87 45 1
5 79 9 6 70 80
24 26 19 50 1 85
20 3 12 88 84 13
65 42 1 58 1 14
57 10 100 65 13 15
25 9 46 41 1 39
97 76 3 7 59 28
92 15 49 15 11 35
56 13 5 94 60 40
2 25 96 93 73 5
14 95 42 22 27 17
60 19 10 44 43 41
43 28 72 6 67 26
46 24 2 21 62 40
63 82 23 18 43 8
19 1 26 90 29 56
47 75 57 98 10 6
41 28 24 45 49 30
2 66 3 34 63 20
9 100 74 77 34 5
24 83 2 23 46 5
87 5 2 74 59 62
7 43 36 9 3 54
59 19 42 3 1 21
44 6 30 37 20 26
2 66 59 46 69 4
52 90 94 100 7 2
7 45 3 32 86 43
7 10 17 30 29 38
1 48 24 3 4 85
1 36 69 43 91 5
36 42 7 2 18 53
56 17 27 9 63 17
9 33 11 37 53 65
8 28 54 9 75 84
4 98 1 82 42 18
87 9 94 48 39 2
46 99 10 39 27 1
71 26 1 41 50 63
16 28 67 13 60 31
2 1 85 46 59 36
