250 6
0.37 0.56 0.49 0.44 0.84 0.63
0.89 0.57 0.05 0.87 0.84 0.35
0.32 0.50 0.77 0.81 0.39 0.41
0.91 0.04 0.79 0.46 0.50 0.44
0.91 0.24 0.28 0.25 0.24 0.11
0.14 0.30 0.14 0.58 0.25 0.48
0.06 0.97 0.53 0.06 0.15 0.39
0.70 0.09 0.20 0.42 0.51 0.72
0.20 0.78 0.30 0.08 0.43 0.23
0.42 0.50 0.78 0.28 0.47 0.05
0.70 0.39 0.50 0.50 0.11 0.35
0.82 0.86 0.72 0.86 0.14 0.13
0.13 0.24 0.07 0.32 0.49 0.19
0.48 0.64 0.23 0.54 0.21 0.24
0.02 0.74 0.19 0.50 0.04 0.51
0.71 0.68 0.32 0.57 0.15 0.63
0.05 0.69 0.31 0.06 0.06 0.59
0.29 0.81 0.17 0.98 0.08 0.65
0.20 0.27 0.44 1.00 0.25 0.34
0.04 0.42 0.17 0.21 0.14 0.09
0.30 0.14 0.29 0.12 0.37 0.28
0.09 0.05 0.24 0.19 0.53 0.32
0.26 0.25 0.14 0.19 0.54 0.11
0.40 0.66 0.09 0.33 0.38 0.15
0.40 0.87 0.52 0.47 0.08 0.42
0.87 0.70 0.28 0.17 0.72 0.31
0.28 0.07 0.33 0.32 0.20 0.61
0.31 0.16 0.34 0.23 0.20 0.45
0.09 0.16 0.08 0.37 0.28 0.98
0.24 0.38 0.33 0.04 0.03 0.22
0.73 0.27 0.24 0.08 0.43 0.51
0.95 0.10 0.22 0.40 0.26 0.75
0.03 0.17 0.89 0.57 0.55 0.06
0.79 0.97 0.03 0.84 0.14 0.85
0.42 0.15 0.34 0.77 0.68 0.17
0.82 0.86 0.44 0.47 0.48 0.04
0.15 0.06 0.23 0.23 0.20 0.18
0.45 0.67 0.35 0.12 0.09 0.04
0.37 0.16 0.47 0.40 0.16 0.39
0.81 0.26 0.16 0.65 0.37 0.83
0.06 0.22 0.96 0.09 0.64 0.47
0.36 0.29 0.05 0.70 0.37 0.92
0.60 0.68 0.65 0.02 0.77 0.92
0.18 0.31 0.18 0.41 0.23 0.55
0.60 0.60 0.09 0.91 0.06 0.98
0.01 0.08 0.89 0.26 0.82 0.63
0.23 0.62 0.31 0.52 0.08 0.42
0.62 0.02 0.14 0.43 0.38 0.03
0.25 0.77 0.23 0.42 0.61 0.05
0.56 0.48 0.17 0.20 0.12 0.84
0.48 0.53 0.03 0.45 0.13 0.07
0.37 0.02 0.95 0.96 0.43 0.96
0.03 0.19 0.73 0.66 0.24 0.13
0.18 0.36 0.78 0.93 0.19 0.52
0.49 0.09 0.26 0.57 0.13 0.33
0.02 0.72 0.91 0.17 0.29 0.12
0.79 0.29 0.23 0.31 0.30 0.10
0.38 0.56 0.09 0.21 0.67 0.31
0.09 0.31 0.29 0.44 0.27 0.31
0.23 0.80 0.36 0.08 0.03 0.19
0.41 0.75 0.68 0.50 0.36 0.08
0.29 0.28 0.69 0.89 0.14 0.42
0.47 0.09 0.58 0.16 0.32 0.86
0.12 0.22 0.62 0.56 0.40 0.20
0.32 0.68 0.10 0.03 0.32 0.40
0.21 0.97 0.14 0.77 0.15 0.40
0.46 0.39 0.17 0.34 0.08 0.69
0.31 0.15 0.89 0.01 0.88 0.41
0.02 0.42 0.40 0.63 1.00 0.50
0.44 0.26 0.59 0.21 0.41 0.18
0.14 0.01 0.44 0.47 0.37 0.08
0.22 0.20 0.65 0.18 0.71 0.23
0.58 0.29 0.64 0.09 0.22 0.11
0.47 0.17 0.19 0.56 0.44 0.11
0.87 0.57 0.54 0.01 0.11 0.33
0.53 0.46 0.04 0.71 0.34 0.68
0.59 0.66 0.31 0.03 0.35 0.62
0.03 0.75 0.19 0.40 0.42 0.03
0.24 0.27 0.21 0.02 0.93 0.80
0.01 0.59 0.41 0.10 0.07 0.42
0.50 0.40 0.27 0.08 0.28 0.30
0.32 0.73 0.32 0.31 0.31 0.02
0.27 0.26 0.05 0.17 0.01 0.19
0.21 0.75 0.52 0.99 0.35 0.07
0.68 0.28 0.01 0.39 0.28 0.50
0.74 0.22 0.09 0.93 0.58 0.02
0.06 0.51 0.29 0.86 0.03 0.29
0.95 0.22 0.46 0.15 0.03 0.07
0.38 0.03 0.47 0.26 0.43 0.07
0.98 0.87 0.27 0.04 0.14 0.36
0.27 0.92 0.54 0.23 0.06 0.17
0.98 0.15 1.00 0.57 0.06 0.96
0.06 0.12 0.91 0.90 0.36 0.22
0.38 0.27 0.39 0.02 0.89 0.07
0.15 0.53 0.58 1.00 0.59 0.06
0.78 0.03 0.16 0.25 0.25 0.17
0.37 0.30 0.62 0.31 0.39 0.03
0.09 0.64 0.79 0.03 0.26 0.91
0.69 0.02 0.42 0.30 0.06 0.22
0.70 0.30 0.05 0.43 0.94 0.07
0.71 0.08 0.64 0.66 0.04 0.58
0.21 0.54 0.23 0.16 0.19 0.13
0.25 0.10 0.47 0.14 0.57 0.41
0.20 0.62 0.10 0.09 0.03 0.75
0.91 0.16 0.25 0.48 0.16 0.36
0.52 0.26 0.75 0.89 0.68 0.06
0.44 0.10 0.33 0.48 0.15 0.49
0.56 0.32 0.13 0.14 0.22 0.01
0.27 0.02 0.07 0.17 0.27 0.33
0.19 0.07 0.41 0.18 0.65 0.69
0.06 0.13 0.88 0.66 0.57 0.66
0.29 0.41 0.32 0.15 0.49 0.43
0.13 0.26 0.93 0.98 0.49 0.05
0.02 0.11 0.30 0.51 0.77 0.20
0.33 0.74 0.19 0.11 0.90 0.37
0.24 0.47 0.51 0.27 0.09 0.16
0.96 0.95 0.04 0.14 0.37 0.22
0.16 0.51 0.63 0.06 0.62 0.04
0.61 0.66 0.02 0.03 0.42 0.01
0.50 0.42 0.04 0.23 0.31 0.51
0.31 0.17 0.12 0.06 0.92 0.28
0.02 0.95 0.06 0.06 0.42 0.34
0.23 0.71 0.34 0.31 0.91 0.04
0.32 0.09 0.21 0.67 0.03 0.64
0.41 0.47 0.39 0.10 0.02 0.67
0.39 0.80 0.20 0.70 0.10 0.16
0.88 0.11 0.95 0.11 0.57 0.77
0.61 0.32 0.06 0.10 0.31 0.22
0.20 0.32 0.34 0.21 0.23 0.19
0.86 0.07 0.97 0.01 1.00 0.64
0.21 0.02 0.60 0.26 0.65 0.42
0.53 0.21 0.35 0.75 0.57 0.08
0.46 0.20 0.20 0.20 0.21 0.63
0.24 0.52 0.15 0.95 0.05 0.31
0.07 0.51 0.64 0.02 0.37 0.40
0.01 0.49 0.59 0.24 0.13 0.31
0.46 0.39 0.69 0.42 0.27 0.15
0.07 0.64 0.07 0.01 0.26 0.76
0.28 0.42 0.22 0.06 0.39 0.02
0.26 0.60 0.09 0.15 0.99 0.74
0.06 0.94 0.30 0.17 0.72 0.43
0.07 0.48 0.29 0.72 0.88 0.07
0.11 0.42 0.41 0.01 0.78 0.50
0.23 0.28 0.12 0.46 0.13 0.06
0.63 0.37 0.51 0.02 0.70 0.11
0.02 0.49 0.32 0.09 0.07 0.46
0.60 0.94 0.02 0.97 0.79 0.65
0.62 0.20 0.49 0.02 0.14 0.31
0.86 0.57 0.29 0.04 0.37 0.96
0.50 0.13 0.47 0.45 0.14 0.02
0.09 0.40 0.28 0.44 0.73 0.03
0.45 0.86 0.42 0.05 0.50 0.02
0.33 0.50 0.20 0.05 0.23 0.82
0.20 0.24 0.76 0.09 0.28 0.32
0.31 0.67 0.87 0.88 0.63 0.01
0.31 0.32 0.71 0.03 0.38 0.38
0.67 0.21 0.24 0.09 0.40 0.26
0.06 0.19 0.18 0.91 0.32 0.09
0.18 0.94 0.11 0.15 0.55 0.73
0.34 0.20 0.47 0.17 0.15 0.41
0.97 0.29 0.08 0.54 0.22 0.08
0.82 0.08 0.78 1.00 0.53 0.01
0.94 0.11 0.14 0.10 0.55 0.11
0.08 0.32 0.42 0.64 0.30 0.19
0.11 0.27 0.49 0.19 0.45 0.70
0.20 0.37 0.07 0.79 0.60 0.14
0.02 0.53 0.61 0.04 0.34 0.46
0.15 0.45 0.21 0.13 0.07 0.27
0.40 0.15 0.02 0.44 0.79 0.54
0.12 0.04 0.48 0.54 0.90 0.89
0.07 0.71 0.74 0.61 0.05 0.13
0.14 0.42 0.01 0.20 0.68 0.85
0.05 0.29 0.06 0.17 0.02 0.36
0.01 0.85 0.46 0.97 0.45 0.31
0.24 0.26 0.02 0.54 0.83 0.24
0.20 0.09 0.51 0.06 0.81 0.33
0.07 0.40 0.43 0.34 0.42 0.15
0.25 0.65 0.65 0.64 0.01 0.67
0.36 0.20 0.10 0.05 0.41 0.20
0.32 0.11 0.06 0.66 0.25 0.83
0.08 0.02 0.71 0.53 0.52 0.99
0.37 0.07 0.68 0.11 0.17 0.28
0.37 0.98 0.11 0.84 0.42 0.09
0.12 0.62 0.72 0.07 0.27 0.76
0.08 0.72 0.01 0.86 0.79 0.98
0.25 0.55 0.48 0.02 0.40 0.86
0.44 0.73 0.04 0.33 0.41 0.12
0.17 0.19 0.10 0.54 0.85 0.21
0.26 0.15 0.88 0.77 0.19 0.72
0.12 0.07 0.42 0.40 0.34 1.00
0.19 0.15 0.11 0.68 0.99 0.49
0.01 0.87 0.32 0.88 0.49 0.65
0.39 0.07 0.02 0.81 0.19 1.00
0.42 0.05 0.90 0.86 0.22 0.48
0.23 0.40 0.19 0.41 0.15 0.31
0.71 0.18 0.61 0.09 0.23 0.30
0.16 0.61 0.30 0.03 0.54 0.43
0.21 0.12 0.03 0.21 0.16 0.82
0.14 0.02 0.34 0.61 0.33 0.30
0.16 0.44 0.41 0.15 0.24 0.65
0.04 0.03 0.48 0.09 0.59 0.43
0.82 0.52 0.62 0.13 0.04 0.16
0.27 0.18 0.02 0.56 0.53 0.88
0.39 0.08 0.92 0.71 0.13 0.41
0.17 0.13 0.08 0.21 0.97 0.90
0.84 0.24 0.06 0.27 0.45 0.35
0.09 0.31 0.12 0.78 0.38 0.32
0.04 0.96 0.83 0.01 0.80 0.12
0.56 0.02 0.49 0.13 0.13 0.52
0.27 0.11 0.08 0.45 0.92 0.08
0.02 0.18 0.94 0.77 0.09 0.03
0.37 0.39 0.09 0.14 0.01 0.31
0.45 0.12 0.05 0.67 0.97 0.06
0.47 0.33 0.89 0.68 0.43 0.01
0.58 0.09 0.86 0.73 0.32 0.08
0.54 0.03 0.52 0.52 0.09 0.27
0.13 0.06 0.12 0.34 0.79 0.10
0.85 0.12 0.38 0.60 0.10 0.19
0.01 0.13 0.41 0.23 0.32 0.01
0.68 0.27 0.33 0.60 0.26 0.03
0.02 0.16 0.96 0.02 0.37 0.73
0.35 0.90 0.75 0.92 0.12 0.08
0.25 0.06 0.31 0.36 0.94 0.07
0.52 0.01 0.19 0.40 0.56 0.48
0.62 0.97 0.26 0.11 0.16 0.02
0.75 0.03 0.19 0.61 0.14 0.23
0.10 0.35 0.88 0.03 0.52 0.82
0.20 0.67 0.05 0.45 0.94 0.01
0.28 0.21 0.06 0.39 0.29 0.35
0.10 0.92 0.73 0.14 0.92 0.13
0.37 0.47 0.09 0.26 0.27 0.13
0.50 0.66 0.58 0.05 0.79 0.09
0.45 0.09 0.48 0.02 0.38 0.26
0.32 0.56 0.79 0.22 0.29 0.03
0.18 0.84 0.05 0.93 0.50 0.88
0.33 0.07 0.17 0.17 0.05 0.77
0.69 0.42 0.51 0.01 0.16 0.38
0.34 0.14 0.03 0.20 0.14 0.09
0.47 0.63 0.12 0.02 0.68 0.53
0.41 0.10 0.18 0.75 0.13 0.62
0.20 0.23 0.55 0.01 0.96 0.93
0.20 0.10 0.11 0.59 0.71 0.12
0.41 0.20 0.22 0.08 0.49 0.18
0.06 0.33 0.36 0.02 0.66 0.70
0.21 0.06 0.06 0.31 0.79 0.94
0.24 0.16 0.66 0.19 0.66 0.18
0.09 0.61 0.90 0.09 0.33 0.10
0.03 0.33 0.63 0.19 0.08 0.26
0.11 0.77 0.08 0.88 0.25 0.01
0.67 0.03 0.91 0.20 0.12 0.98
