250 6
0.17 0.92 0.09 0.35 0.98 0.09
0.55 0.88 0.35 0.90 0.96 0.82
0.75 0.47 0.60 0.32 0.63 0.17
0.10 0.57 0.08 0.06 0.47 0.44
0.38 0.88 0.13 0.22 0.17 0.21
0.44 0.40 0.85 0.82 0.54 0.22
1.00 0.40 0.29 0.34 0.37 0.09
1.00 0.65 0.79 0.28 0.01 0.16
0.16 0.38 0.25 0.63 0.12 0.11
0.59 0.71 0.58 0.16 0.34 0.65
0.01 0.16 0.23 0.51 0.72 0.09
0.24 0.18 0.45 0.28 0.04 0.44
0.23 0.04 0.32 0.36 0.02 0.24
0.01 0.84 0.22 0.93 0.37 0.24
0.01 0.31 0.19 0.45 0.29 0.70
0.47 0.89 0.50 0.85 0.30 0.06
0.43 0.24 0.16 0.81 0.12 0.55
0.50 0.92 0.24 0.18 0.31 0.28
0.31 0.35 0.48 0.09 0.46 0.23
0.29 0.51 0.47 0.37 0.19 0.06
0.11 0.17 0.22 0.17 0.28 0.81
0.07 0.31 0.50 0.68 0.12 0.75
0.99 0.01 0.31 0.91 0.05 0.52
0.76 0.45 0.74 0.11 0.98 0.11
0.57 0.32 0.88 0.78 0.30 0.08
0.89 0.18 0.02 0.56 0.99 0.41
0.96 0.43 0.24 0.22 0.39 0.55
0.03 0.64 0.42 0.75 0.85 0.08
0.34 0.34 0.11 0.53 0.27 0.38
0.12 0.87 0.22 0.77 0.20 0.10
0.24 0.09 0.53 0.34 0.50 0.46
0.96 0.22 0.24 0.34 0.74 0.48
0.37 0.30 0.14 0.47 0.17 0.44
0.33 0.23 0.41 0.11 0.15 0.35
0.41 0.45 0.10 0.16 0.42 0.05
0.48 0.85 0.14 0.94 0.05 0.11
0.13 0.02 0.35 0.75 0.97 0.88
0.25 0.11 0.34 0.06 0.01 0.15
0.21 0.11 0.41 0.85 0.49 0.34
0.34 0.22 0.07 0.14 0.28 0.10
0.49 0.17 0.02 0.73 0.36 0.58
0.07 0.04 0.34 0.08 0.62 0.70
0.34 0.36 0.30 0.35 0.11 0.28
0.68 0.02 0.72 0.65 0.04 0.68
0.07 0.36 0.49 0.29 0.14 0.62
0.11 0.74 0.13 0.91 0.11 0.15
0.53 0.15 0.07 0.20 0.34 0.22
0.06 0.42 0.29 0.04 0.16 0.10
0.79 0.01 0.44 0.83 0.69 0.29
0.31 0.19 0.21 0.27 0.25 0.34
0.87 0.01 0.79 0.56 0.59 0.70
0.49 0.35 0.02 0.40 0.92 0.89
0.53 0.21 0.05 0.25 0.24 0.42
0.98 0.44 0.77 0.01 0.32 0.20
0.57 0.38 0.20 0.93 0.54 0.09
0.43 0.30 0.69 0.16 0.14 0.03
0.62 0.19 0.07 0.86 0.22 0.29
0.21 0.54 0.05 0.08 0.09 0.39
0.42 0.14 0.18 0.47 0.01 0.47
0.08 0.19 0.98 0.05 0.74 0.78
0.01 0.65 0.14 0.98 0.14 0.78
0.64 0.66 0.14 0.71 0.16 0.30
0.71 0.13 0.21 0.91 1.00 0.24
0.87 0.24 0.26 0.52 0.09 0.16
0.13 0.50 0.17 0.86 0.24 0.24
0.79 0.49 0.18 0.40 0.08 0.76
0.73 0.39 0.33 0.26 0.03 0.48
0.13 0.23 0.13 0.54 0.21 0.50
0.53 0.10 0.40 0.78 0.28 0.01
0.03 0.61 0.92 0.16 0.31 0.90
0.33 0.52 0.91 0.16 0.42 0.01
0.19 0.64 0.28 0.08 0.67 0.11
0.01 0.11 0.28 0.14 0.18 0.29
0.11 0.07 0.55 0.15 0.05 0.56
0.01 0.56 0.46 0.65 0.16 0.38
0.07 0.14 0.43 0.07 0.38 0.91
0.10 0.85 0.05 0.37 0.15 0.05
0.28 0.02 0.13 0.11 0.44 0.22
0.24 0.15 0.19 0.75 0.60 0.57
0.96 0.43 0.48 0.44 0.69 0.03
0.02 0.33 0.72 0.03 0.08 0.17
0.45 0.46 0.17 0.81 0.01 0.59
0.29 0.30 0.23 0.26 0.17 0.24
0.97 0.76 0.02 0.84 0.60 0.17
0.53 0.43 0.54 0.22 0.07 0.03
0.39 0.56 0.26 0.05 0.27 0.36
0.15 0.89 0.19 0.22 0.13 0.32
0.93 0.76 0.16 0.52 0.02 0.53
0.05 0.70 0.08 0.11 0.83 0.94
0.17 0.67 0.08 0.15 0.35 0.33
0.07 0.24 0.69 0.26 0.05 0.25
0.11 0.13 0.06 0.64 0.70 0.02
0.35 0.17 0.27 0.03 0.04 0.88
0.66 0.40 0.14 0.35 0.21 0.63
0.13 0.02 0.73 0.64 0.83 0.91
0.31 0.22 0.06 0.78 0.20 0.47
0.72 0.18 0.13 0.05 0.27 0.91
0.02 0.10 0.63 0.86 0.09 0.20
0.24 0.04 0.23 0.34 0.88 0.37
0.05 0.42 0.18 0.30 0.77 0.47
0.88 0.20 0.37 0.10 0.86 0.13
0.68 0.01 0.36 0.82 0.16 0.57
0.12 0.71 0.25 0.72 0.50 0.24
0.10 0.33 0.35 0.03 0.69 0.20
0.13 0.38 0.12 0.22 0.51 0.31
0.62 0.58 0.02 0.06 0.91 0.25
0.36 0.09 0.91 0.70 0.59 0.02
0.22 0.36 0.84 0.87 0.51 0.01
0.11 0.02 0.85 0.31 0.10 0.33
0.82 0.74 0.09 0.63 0.07 0.03
0.16 0.27 0.33 0.43 0.10 0.24
0.01 0.31 0.19 0.12 0.98 0.36
0.23 0.20 0.29 0.29 0.06 0.05
0.23 0.51 0.16 0.26 0.13 0.95
0.01 0.56 0.79 0.08 0.80 0.69
0.72 0.93 0.04 0.85 0.63 0.17
0.10 0.02 0.23 0.94 0.29 0.19
0.10 0.72 0.19 0.50 0.28 0.95
0.17 0.27 0.06 0.21 0.26 0.26
0.74 0.02 0.57 0.36 0.19 0.54
0.17 0.03 0.10 0.46 0.10 0.46
0.12 0.06 0.48 0.51 0.19 0.51
0.71 0.14 0.29 0.18 0.53 0.15
0.78 0.05 0.10 0.74 0.59 0.23
0.16 0.05 0.19 0.48 0.85 0.47
0.71 0.71 0.02 0.07 0.54 0.55
0.91 0.01 0.30 0.18 0.58 0.06
0.18 0.06 0.64 0.45 0.82 0.08
0.27 0.04 0.03 0.30 0.33 0.25
0.26 0.30 0.48 0.07 0.32 0.01
0.78 0.57 0.52 0.94 0.01 0.08
0.15 0.37 0.06 0.35 0.26 0.86
0.48 0.44 0.45 0.24 0.90 0.05
0.53 0.83 0.70 0.03 0.42 0.73
0.25 0.28 0.98 0.43 0.64 0.04
0.12 0.22 0.23 0.32 0.32 0.07
0.46 0.51 0.04 0.21 0.46 0.25
0.01 0.65 0.01 0.59 0.25 0.89
0.15 0.07 0.12 0.21 0.33 0.79
0.35 0.09 0.30 0.69 0.23 0.11
0.38 0.03 0.37 0.56 0.66 0.08
0.58 0.22 0.29 0.67 0.49 0.01
0.54 0.81 0.33 0.26 0.56 0.01
0.90 0.15 0.02 0.13 0.27 0.17
0.09 0.37 0.45 0.09 0.24 0.37
0.34 0.78 0.10 0.14 0.96 0.03
0.26 0.10 0.08 0.65 0.69 0.38
0.04 0.02 0.94 0.23 0.15 0.01
0.04 0.58 0.06 0.70 0.98 0.77
0.33 0.28 0.07 0.07 0.49 0.08
0.18 0.80 0.22 0.82 0.14 0.38
0.04 0.11 0.51 0.09 0.32 0.58
0.78 0.67 0.37 0.32 0.28 0.04
0.49 0.10 0.14 0.18 0.74 0.18
0.71 0.02 0.68 0.93 0.63 0.16
0.11 0.48 0.36 0.40 0.08 0.01
0.78 0.61 0.07 0.48 0.14 0.28
0.27 0.02 0.72 0.57 0.19 0.19
0.22 0.11 0.69 0.33 0.16 0.25
0.09 0.14 0.08 0.39 0.24 0.40
0.02 0.02 0.09 0.73 0.86 0.90
0.16 0.88 0.16 0.97 0.40 0.03
0.88 0.45 0.31 0.11 0.09 0.31
0.28 0.29 0.08 0.46 0.07 0.47
0.04 0.57 0.04 0.66 0.96 0.13
0.92 0.17 0.70 0.01 0.14 0.65
0.10 0.65 0.96 0.20 0.01 0.83
0.18 0.46 0.25 0.22 0.46 0.11
0.53 0.54 0.03 0.78 0.23 0.92
0.59 0.07 0.13 0.53 0.45 0.05
0.05 0.15 0.25 0.89 0.18 0.02
0.35 0.23 0.32 0.12 0.98 0.15
0.42 0.28 0.32 0.14 0.38 0.08
0.81 0.01 0.61 0.22 0.91 0.80
0.14 0.53 0.13 0.38 0.12 0.09
0.76 0.92 0.52 0.02 0.30 0.03
0.02 0.86 0.44 0.84 0.72 0.05
0.07 0.91 0.19 0.18 0.46 0.29
0.02 0.98 0.13 0.20 0.33 0.30
0.72 0.90 0.11 0.91 0.12 0.04
0.59 0.01 0.51 0.22 0.74 0.69
0.03 0.03 0.45 0.49 0.45 0.44
0.02 0.98 0.17 0.01 0.61 0.58
0.48 0.82 0.20 0.50 0.87 0.01
0.31 0.11 0.15 0.13 0.01 0.56
0.08 0.50 0.08 0.27 0.54 0.49
0.42 0.02 0.58 0.48 0.39 0.69
0.26 0.02 0.49 0.09 0.30 0.08
0.75 0.19 0.77 0.30 0.41 0.04
0.31 0.47 0.83 0.05 0.05 0.21
0.49 0.49 0.88 0.09 0.13 0.01
0.01 0.35 0.12 0.06 0.37 0.75
0.10 0.03 0.97 0.02 0.79 0.81
0.17 0.17 0.34 0.13 0.53 0.28
0.93 0.25 0.26 0.32 0.11 0.08
0.86 0.62 0.20 0.84 0.39 0.06
0.18 0.50 0.56 0.02 0.15 0.64
0.78 0.90 0.66 0.12 0.29 0.08
0.40 0.01 0.55 0.94 0.33 0.17
0.10 0.05 0.87 0.18 0.10 0.39
0.37 0.86 0.03 0.08 0.75 0.32
0.81 0.32 0.03 0.08 0.19 0.49
0.70 0.63 0.15 0.19 0.23 0.01
0.28 0.05 0.02 0.12 0.70 0.98
0.11 0.84 0.47 0.04 0.71 0.07
0.20 0.80 0.20 0.25 0.22 0.15
0.13 0.21 0.20 0.16 0.46 0.30
0.45 0.01 0.74 0.74 0.41 0.79
0.01 0.48 0.43 0.58 0.98 0.04
0.70 0.10 0.01 0.77 0.83 0.24
0.07 0.66 0.12 0.31 0.78 0.73
0.10 0.55 0.19 0.05 0.40 0.20
0.91 0.04 0.73 0.07 0.47 0.44
0.22 0.91 0.39 0.04 0.02 0.57
0.21 0.09 0.15 0.47 0.04 0.38
0.01 0.87 0.02 0.65 0.29 0.83
0.86 0.01 0.25 0.48 0.49 0.41
0.33 0.42 0.03 0.41 0.29 0.97
0.04 0.23 0.51 0.72 0.24 0.10
0.72 0.26 0.60 0.04 0.62 0.56
0.24 0.03 0.30 0.21 0.07 0.28
0.40 0.15 0.17 0.05 0.31 0.80
0.68 0.61 0.04 0.88 0.44 0.14
0.57 0.18 0.36 0.01 0.21 0.59
0.07 0.94 0.24 0.77 0.14 0.98
0.03 0.95 0.90 0.58 0.03 0.74
0.02 0.08 0.23 0.13 0.72 0.40
0.13 0.41 0.75 0.04 0.43 0.04
0.53 0.03 0.97 0.17 0.94 0.04
0.08 0.06 0.50 0.82 0.18 0.07
0.03 0.92 0.35 0.04 0.33 0.86
0.40 0.10 0.85 0.05 0.11 0.21
0.57 0.85 0.71 0.03 0.07 0.47
0.15 0.09 0.43 0.84 0.26 0.27
0.94 0.52 0.16 0.19 0.21 0.13
0.52 0.10 0.10 0.77 0.77 0.13
0.56 0.01 0.05 0.26 0.18 0.54
0.24 0.29 0.25 0.17 0.26 0.22
0.38 0.42 0.47 0.01 0.34 0.17
0.47 0.27 0.13 0.10 0.05 0.93
0.08 0.38 0.17 0.19 0.42 0.25
0.79 0.68 0.03 0.28 0.05 0.69
0.18 0.27 0.80 0.01 0.46 0.70
0.38 0.91 0.11 0.06 0.02 0.32
0.43 0.03 0.08 0.54 0.13 0.69
0.67 0.61 0.06 0.92 0.39 0.10
0.96 0.26 0.06 0.24 0.42 0.03
0.61 0.48 0.03 0.39 0.20 0.38
0.36 0.26 0.82 0.01 0.69 0.51
0.32 0.28 0.31 0.06 0.26 0.14
