250 7
92 42 94 19 17 1 31
69 44 86 61 91 52 77
3 69 40 74 63 61 62
8 40 84 29 45 24 17
92 88 39 79 50 95 59
53 40 46 10 39 92 66
13 28 33 95 50 28 22
89 2 87 91 19 75 80
95 56 63 54 72 91 64
2 23 29 57 82 49 37
43 12 33 3 42 63 1
34 39 38 75 47 62 1
62 98 84 63 85 57 10
81 72 3 99 36 70 25
18 7 35 2 28 47 19
76 52 25 100 59 27 93
86 93 18 73 77 68 62
99 31 33 3 23 40 50
33 47 45 6 46 32 43
75 69 97 55 18 57 93
76 95 25 90 52 72 93
64 94 70 4 72 27 38
21 14 7 4 45 35 100
74 77 59 64 89 26 62
20 12 43 22 36 9 6
100 31 2 55 40 99 86
53 78 1 83 51 81 53
51 87 99 1 24 78 63
95 100 1 85 84 13 16
16 76 36 81 62 8 82
59 86 12 61 67 60 18
21 10 21 22 98 60 31
95 68 70 71 27 98 69
17 1 93 12 47 26 42
71 81 6 98 23 73 68
24 1 29 31 5 65 19
72 68 17 83 22 77 93
18 73 50 2 26 8 20
83 61 60 58 56 53 5
44 14 27 29 70 49 2
94 59 66 75 57 53 3
14 5 24 36 69 20 47
65 56 8 81 75 52 60
14 27 32 11 71 39 47
89 2 65 82 57 38 35
92 85 7 52 76 53 70
31 21 3 44 66 33 26
99 55 74 25 23 19 67
47 54 18 58 64 86 35
25 9 45 16 23 19 43
92 92 51 4 16 41 68
100 55 52 10 38 10 94
14 87 58 67 19 84 88
61 52 96 3 92 11 87
55 46 12 24 21 97 12
74 69 8 55 14 100 97
78 97 37 30 1 19 44
4 15 46 16 83 37 18
57 2 30 88 65 60 91
6 8 1 95 38 36 24
84 74 66 77 3 61 84
1 70 20 9 39 30 11
88 98 78 70 62 6 11
11 72 17 48 35 16 14
62 52 6 81 52 99 63
86 35 2 11 57 71 49
20 6 12 40 25 13 39
72 52 17 79 20 87 24
4 35 55 63 74 8 96
79 69 66 96 15 53 81
22 10 6 11 24 22 6
66 71 66 68 82 2 19
6 56 58 13 78 70 91
42 11 15 17 3 28 83
43 82 89 74 8 58 80
80 19 60 88 71 6 14
67 63 90 66 4 88 4
15 3 100 30 10 38 58
13 4 66 38 96 66 21
76 70 50 10 6 95 83
37 2 67 64 59 64 29
20 19 14 25 41 31 34
85 30 54 100 13 51 70
56 74 7 54 67 21 45
4 55 56 36 76 26 57
4 57 68 37 49 53 37
31 60 62 72 6 5 91
13 59 81 58 85 84 10
10 32 46 18 49 27 14
60 70 68 92 17 53 78
78 8 10 53 53 54 25
45 23 42 35 46 1 45
91 77 76 1 27 92 86
99 71 54 96 19 64 13
63 93 59 96 22 60 27
37 17 42 5 42 39 18
88 15 92 84 13 82 3
82 6 16 96 30 61 26
81 84 86 94 96 53 1
2 91 64 79 3 28 38
83 64 41 69 8 15 97
13 41 48 50 5 7 16
65 3 69 59 2 73 93
8 53 43 71 36 78 65
1 68 93 54 72 11 65
17 13 34 74 18 14 6
40 17 54 52 77 6 30
99 4 77 58 80 57 74
10 100 52 72 62 4 54
24 52 31 11 22 11 24
1 29 97 93 99 92 82
90 54 8 85 83 8 66
1 62 66 32 70 55 99
30 15 8 13 22 18 46
46 36 61 56 5 15 54
59 1 52 90 53 47 50
8 94 48 58 64 4 17
100 80 37 1 77 85 75
71 66 5 14 35 72 94
96 54 61 24 13 61 57
46 72 39 19 20 28 28
84 78 80 4 20 4 85
12 6 68 15 40 87 58
99 67 99 95 4 47 77
75 3 84 50 66 28 62
32 45 47 9 19 52 68
75 10 58 74 74 10 76
16 49 12 32 71 35 33
81 93 28 1 66 71 16
97 92 1 73 77 42 76
6 56 26 33 67 88 28
69 37 4 64 14 64 59
82 3 71 25 99 72 17
11 20 61 34 13 42 4
20 65 36 24 78 14 71
5 27 64 54 75 68 15
96 65 73 1 100 79 32
94 92 51 64 1 56 54
12 34 24 7 49 41 4
53 95 70 1 55 49 88
76 5 55 63 75 55 20
10 3 34 59 35 48 13
71 93 4 20 34 82 94
6 98 64 68 36 55 62
3 30 28 49 25 43 46
93 6 18 64 17 94 24
69 6 87 14 86 84 57
82 87 1 17 95 55 63
57 67 97 64 2 59 88
28 37 8 2 26 44 46
13 90 97 9 23 55 77
74 62 86 33 13 11 20
55 66 96 66 99 3 11
99 11 42 6 26 74 16
5 74 88 30 94 24 72
10 59 14 28 83 89 94
73 66 57 81 15 92 6
4 83 95 6 41 4 49
65 6 93 34 1 67 85
38 13 28 27 14 63 98
9 88 92 95 13 74 85
41 10 12 4 26 41 96
38 34 46 61 8 63 29
20 48 3 65 58 58 62
13 60 14 46 58 78 71
81 94 55 82 4 58 65
9 67 92 4 76 60 98
32 84 10 54 19 39 51
7 42 22 9 39 42 26
66 78 2 95 90 61 20
7 70 97 86 80 21 25
8 93 19 31 14 38 96
67 16 29 87 70 6 70
57 88 88 1 21 55 77
80 59 63 44 63 2 32
1 11 42 40 86 23 14
100 35 8 70 15 78 100
68 73 13 100 1 72 97
74 85 1 92 95 85 38
15 3 7 34 26 51 21
64 45 93 6 7 92 72
85 1 24 91 31 74 76
65 87 70 91 1 47 56
93 38 28 61 4 9 18
57 57 56 10 39 32 51
5 52 22 1 25 7 88
63 2 82 25 1 88 6
98 86 55 20 68 32 3
96 2 53 27 79 69 71
22 23 5 50 8 47 11
86 40 10 88 61 1 86
88 6 78 17 85 77 29
22 98 34 4 89 68 82
16 1 45 86 53 98 80
93 1 39 81 81 60 55
11 23 6 2 5 35 90
15 82 86 2 95 56 44
99 16 5 41 4 54 72
7 49 60 67 70 15 87
80 96 25 54 3 39 1
7 7 70 82 10 57 55
33 62 40 60 53 87 3
85 17 100 44 14 61 43
71 96 3 92 71 62 9
80 67 2 48 19 73 98
12 47 50 79 14 39 24
76 8 76 67 1 51 88
98 89 48 53 86 61 1
34 33 75 73 1 22 10
63 3 82 69 65 24 92
4 24 48 6 67 24 22
87 68 74 26 11 59 58
64 90 53 70 3 93 56
8 36 100 32 7 45 54
28 2 30 5 98 88 18
96 93 7 5 74 86 84
1 91 95 36 47 9 86
94 7 62 92 34 6 6
66 72 29 75 20 10 70
14 38 29 5 85 36 46
8 84 37 45 17 90 78
74 52 88 91 100 29 4
46 96 79 65 4 54 52
1 45 49 15 35 11 55
72 63 51 7 11 88 79
67 62 88 29 3 28 55
55 59 60 62 97 27 3
48 29 61 19 14 41 7
73 77 16 18 79 6 84
72 57 83 5 60 31 55
3 9 48 12 58 30 8
38 91 2 93 21 86 62
35 78 5 88 28 20 72
4 76 83 17 1 87 100
3 73 11 61 59 78 9
19 51 27 53 17 32 92
98 64 76 32 17 6 99
6 72 64 79 99 1 85
56 23 5 34 5 84 19
94 76 50 5 19 100 63
7 40 13 71 34 92 65
52 74 1 34 20 92 99
4 95 63 65 20 88 90
8 4 11 52 44 51 22
56 1 14 9 60 61 80
61 12 2 24 82 11 15
10 53 99 49 83 5 9
58 63 89 26 20 11 94
58 83 53 4 89 18 11
34 80 80 59 45 6 88
