250 7
0.72 0.61 0.30 0.11 0.16 0.00 0.08
0.73 0.75 0.11 0.09 0.74 1.00 0.59
0.10 0.98 0.51 0.87 0.58 0.98 0.78
0.25 0.08 0.02 0.61 0.26 0.44 0.21
0.41 0.75 0.15 0.21 0.24 0.38 0.78
0.97 0.29 0.75 0.15 0.65 0.88 0.83
0.57 0.95 0.62 0.01 0.73 0.96 0.54
0.21 0.26 0.34 0.16 0.22 0.22 0.45
0.24 0.23 0.72 0.72 0.49 0.55 1.00
0.39 0.78 0.10 0.42 0.12 0.51 0.70
0.83 0.92 0.81 0.83 0.09 0.67 0.76
0.91 0.19 0.72 0.82 0.46 0.33 0.11
0.12 0.06 0.01 0.25 0.22 0.07 0.06
0.96 0.48 0.29 0.08 0.75 0.77 0.97
0.82 0.86 0.60 0.82 0.84 0.96 0.01
0.22 0.32 0.77 0.03 0.26 0.47 0.67
0.18 0.77 0.13 0.06 0.60 0.57 0.88
0.08 0.49 0.18 0.26 0.34 0.37 0.44
0.79 0.71 0.23 0.39 0.14 0.23 0.86
0.02 0.72 0.77 0.59 0.75 0.76 0.10
0.85 0.51 0.56 0.82 0.09 0.72 0.51
0.94 0.78 0.08 0.14 0.65 0.56 0.41
0.93 0.39 0.69 0.46 0.15 0.47 0.97
0.27 0.48 0.15 0.60 0.10 0.80 0.29
0.10 0.27 0.96 0.94 0.83 1.00 0.84
0.85 0.55 0.85 0.06 0.52 0.90 0.54
0.21 0.25 0.22 0.02 0.03 0.39 0.77
0.50 0.11 0.30 0.48 0.43 0.05 0.19
0.72 0.73 0.96 0.91 0.01 0.20 0.68
0.13 0.48 0.24 0.21 0.35 0.42 0.11
0.64 0.04 0.53 0.06 0.83 0.65 0.61
0.57 0.11 0.51 0.12 0.97 0.86 0.62
0.77 0.58 0.33 0.19 0.88 0.55 0.73
0.34 0.70 0.30 0.83 0.66 0.05 0.62
0.52 0.58 0.83 0.15 0.82 0.08 0.90
0.76 0.41 0.40 0.23 0.86 0.20 0.53
0.20 0.90 0.71 0.30 0.05 0.84 0.28
0.24 0.45 0.36 0.12 0.47 0.41 0.20
0.65 0.51 0.69 0.05 0.82 0.07 0.26
0.65 0.91 0.79 0.01 0.65 0.96 0.09
0.54 0.15 0.15 0.88 0.12 0.88 0.83
0.57 0.52 0.62 0.96 0.91 0.97 0.04
0.46 0.07 0.99 0.57 0.18 0.62 0.37
0.86 0.21 0.91 0.14 0.82 0.70 0.76
0.61 0.28 0.56 0.95 0.16 0.02 0.43
0.45 0.83 0.32 0.42 0.20 0.77 0.09
0.61 0.84 0.41 0.63 0.69 0.01 0.98
0.77 0.16 0.66 0.70 0.08 0.69 0.42
0.43 0.26 0.58 0.22 0.43 0.05 0.42
0.81 0.77 0.16 0.91 0.11 1.00 0.07
0.82 0.01 0.51 0.76 0.75 0.83 0.99
0.13 0.01 0.46 0.42 0.50 0.01 0.24
0.33 0.85 0.17 0.08 0.96 0.02 0.25
0.04 0.59 0.98 0.72 0.12 0.81 0.08
0.55 0.01 0.25 0.66 0.78 0.61 0.62
0.61 0.30 0.27 0.01 0.78 0.49 0.16
0.90 0.80 0.79 0.83 0.08 0.55 0.47
0.23 0.06 0.36 0.12 0.33 0.35 0.16
0.51 0.86 0.55 0.15 0.67 0.16 0.89
0.54 0.76 0.76 0.33 1.00 0.69 0.03
0.90 0.77 0.58 0.04 1.00 0.34 0.76
0.18 0.02 0.48 0.34 0.08 0.15 0.16
0.13 0.99 0.83 0.98 0.25 0.04 0.55
0.05 0.94 0.91 0.85 0.99 0.75 0.53
0.78 0.40 0.98 0.01 0.21 0.03 0.81
0.07 0.51 0.15 0.39 0.58 0.33 0.65
0.61 0.64 0.77 0.17 0.04 0.85 0.27
0.16 0.76 0.40 0.08 0.02 0.37 0.01
0.01 0.68 0.72 0.65 0.43 0.37 0.74
0.96 0.17 0.50 0.10 0.41 0.85 0.76
0.02 0.57 0.91 0.27 0.36 0.73 0.84
0.05 0.61 0.56 0.50 0.16 0.83 0.65
0.70 0.69 0.88 0.15 0.67 0.10 0.50
0.41 0.42 0.04 0.08 0.05 0.48 0.08
0.74 0.62 0.70 0.99 0.02 0.85 0.69
0.91 0.96 0.05 0.02 0.23 1.00 0.53
0.88 0.30 0.14 0.65 0.46 0.81 0.03
0.77 0.52 0.84 0.82 0.95 0.77 0.01
0.48 0.34 0.79 0.58 0.22 0.02 0.45
0.72 0.02 0.73 0.26 0.41 0.80 0.69
0.31 0.67 0.85 0.11 0.76 0.72 0.54
0.78 0.47 0.39 0.23 0.31 0.35 0.17
0.50 0.99 0.20 0.02 0.96 0.73 0.54
0.16 0.46 0.42 0.21 0.13 0.38 0.20
0.28 0.92 0.60 0.23 0.81 0.18 0.91
0.57 0.60 0.23 0.61 0.15 0.08 0.86
0.01 0.81 0.86 0.46 0.57 0.62 0.02
0.73 0.54 0.91 0.02 0.67 0.97 0.60
0.76 0.23 0.35 0.91 0.09 0.30 0.09
0.56 0.97 0.65 0.06 0.91 0.46 0.54
0.19 0.42 0.44 0.15 0.03 0.22 0.97
0.65 0.98 0.37 0.61 0.57 0.83 0.03
0.23 0.72 0.57 0.64 0.19 0.48 0.05
0.41 0.49 0.76 0.06 0.82 0.43 0.58
0.03 0.57 0.66 0.78 0.73 0.69 0.56
0.43 0.10 0.19 0.47 0.85 0.02 0.27
0.07 0.27 0.59 0.84 0.71 0.75 0.55
0.68 0.65 0.47 0.01 0.23 0.89 0.16
0.85 0.75 0.87 0.51 0.05 0.85 0.07
0.05 0.16 0.18 0.16 0.48 0.25 0.13
0.58 0.80 0.55 0.01 0.64 0.81 0.90
0.48 0.43 0.06 0.90 0.12 0.33 0.26
1.00 0.02 0.95 0.32 1.00 0.58 0.35
0.74 0.59 0.94 0.53 0.64 0.04 0.02
0.89 0.02 0.83 0.23 0.03 0.90 0.57
0.60 0.06 0.22 0.20 0.13 0.51 0.63
0.58 0.99 0.90 0.06 0.66 0.32 0.51
0.84 0.42 0.71 0.25 0.68 0.02 0.27
0.67 0.52 0.63 0.69 0.58 0.58 0.01
0.38 0.05 0.49 0.19 0.45 0.47 0.37
0.03 0.50 0.48 0.89 0.59 0.51 0.84
0.70 0.70 0.06 0.07 0.77 0.77 0.19
0.92 0.67 0.92 0.77 0.12 0.59 0.02
0.18 0.36 0.05 0.11 0.13 0.23 0.17
0.04 0.79 0.64 0.93 0.70 0.66 0.73
0.31 0.98 0.04 0.03 0.84 0.84 0.15
0.27 0.34 0.53 0.04 0.86 0.56 0.75
0.03 0.56 0.74 0.78 0.90 0.84 0.76
0.64 0.35 0.99 0.12 0.08 0.23 0.39
0.55 0.16 0.02 0.90 0.06 0.92 0.30
0.52 0.63 0.97 0.04 0.72 0.94 0.58
0.98 0.12 0.23 0.02 0.17 0.05 0.49
0.06 0.78 0.55 0.59 0.79 0.13 0.59
0.14 0.19 0.65 0.12 0.40 0.53 0.09
0.67 0.95 0.16 0.82 0.16 0.04 0.58
0.29 0.30 0.49 0.01 0.13 0.40 0.76
0.22 0.64 0.64 0.79 0.65 0.77 0.01
0.06 0.82 0.56 0.44 0.33 0.44 0.89
0.91 0.34 0.92 0.60 0.64 0.62 0.01
0.73 0.09 0.65 0.24 0.59 0.92 0.05
0.30 0.38 0.49 0.51 0.19 0.14 0.11
0.73 0.35 0.51 0.62 0.07 1.00 0.09
0.02 0.92 0.54 0.11 0.53 0.62 0.77
0.26 0.23 0.65 0.47 0.03 0.75 0.33
0.09 0.05 0.62 0.57 0.55 0.51 0.61
0.23 0.24 0.31 0.22 0.41 0.17 0.02
0.58 0.05 0.38 0.16 0.53 0.97 0.72
0.59 0.05 0.45 0.99 0.76 0.52 0.90
0.72 0.01 0.72 0.01 0.07 0.44 0.94
0.83 1.00 0.31 0.05 0.57 0.32 0.63
0.61 0.96 0.25 0.63 0.68 0.66 0.03
0.44 0.17 0.48 0.13 0.96 0.01 0.60
0.03 0.57 0.80 0.71 0.59 0.74 0.90
0.41 0.49 0.63 0.41 0.54 0.02 0.78
0.19 0.48 0.02 0.92 0.40 0.01 0.44
0.04 0.51 0.65 0.94 0.02 1.00 0.82
0.15 0.73 0.76 0.62 0.69 0.02 0.09
0.03 0.47 0.50 0.15 0.35 0.14 0.74
0.58 0.68 0.61 0.64 0.02 0.66 0.89
0.14 0.45 0.05 0.47 0.06 0.03 0.11
0.60 0.07 0.95 0.33 0.82 0.03 0.23
0.52 0.55 0.66 0.02 0.02 0.54 0.80
0.04 0.90 0.58 0.36 0.56 0.51 0.44
0.77 0.09 0.87 0.07 0.77 0.86 0.78
0.79 0.22 0.97 0.03 0.17 0.70 0.90
0.35 0.01 0.70 0.88 0.43 0.08 0.42
0.11 0.70 0.04 0.72 0.58 0.24 0.62
0.08 0.24 0.06 0.77 0.58 0.73 0.81
0.05 0.76 0.74 0.87 0.59 0.46 0.07
0.02 0.42 0.24 0.64 0.10 0.09 0.12
0.12 0.76 0.69 0.04 0.58 0.18 0.70
0.99 0.87 0.85 0.09 0.05 0.28 0.63
0.89 0.04 0.23 0.48 1.00 0.88 0.76
0.53 0.21 0.73 0.01 0.45 0.59 0.53
0.51 0.04 0.77 0.94 0.70 0.87 0.05
0.66 0.45 0.99 0.30 0.11 0.02 0.34
0.04 0.69 0.72 0.43 0.97 0.30 0.15
0.04 0.71 0.86 0.96 0.04 0.46 0.58
0.10 0.92 0.61 0.54 0.82 0.12 0.06
0.31 0.06 0.83 0.20 0.44 0.25 0.34
0.94 0.01 0.25 0.33 0.11 1.00 0.12
0.80 0.11 0.92 0.18 0.08 0.65 0.48
0.77 0.68 0.66 0.16 0.72 0.60 0.01
0.40 0.93 0.02 0.56 0.11 0.86 0.60
0.01 0.64 0.76 0.82 0.71 0.64 0.33
0.61 0.83 0.03 0.63 0.07 0.05 0.80
0.60 0.14 0.91 0.05 0.67 0.46 0.97
0.06 0.32 0.24 0.32 0.05 0.15 0.10
0.75 0.34 0.98 0.95 0.01 0.71 0.66
0.03 0.15 0.70 0.51 0.65 0.60 0.92
0.21 0.37 0.85 0.15 0.74 0.11 0.77
0.03 0.29 0.94 0.86 0.85 0.87 0.33
0.90 0.25 0.88 0.65 0.21 0.89 0.11
0.08 0.97 0.24 0.13 0.38 0.57 0.25
0.56 0.99 0.79 0.05 0.91 0.14 0.65
0.31 0.84 0.15 0.10 0.95 0.12 0.26
0.54 0.68 0.62 0.56 0.03 0.48 0.65
0.13 0.49 0.11 0.11 0.47 0.74 0.19
0.04 0.91 0.84 0.79 0.51 0.06 0.88
0.02 0.59 0.63 0.02 0.77 0.05 0.62
0.51 0.57 0.39 0.01 0.44 0.87 0.39
0.07 0.81 0.03 0.58 0.63 0.68 0.33
0.51 0.03 0.11 0.83 0.78 0.97 0.85
0.45 0.06 0.26 0.03 0.38 0.47 0.85
0.39 0.68 0.95 0.05 0.08 0.16 0.71
0.60 0.69 0.04 0.06 0.90 0.81 0.56
0.89 0.22 0.62 0.02 0.60 0.54 0.90
0.84 0.98 0.48 0.04 0.38 0.39 0.41
0.28 0.64 0.81 0.09 0.87 0.75 0.37
0.46 0.50 0.43 0.06 0.50 0.66 0.02
0.09 0.15 1.00 0.51 0.64 0.24 0.39
0.01 0.87 0.81 0.63 0.89 0.96 0.82
0.86 0.05 0.12 0.86 0.54 0.82 0.65
0.37 0.21 0.26 0.77 0.06 0.45 0.28
0.01 0.82 0.78 0.52 0.73 0.54 0.25
0.15 0.52 0.44 0.17 0.22 0.17 0.35
0.47 0.43 0.94 0.25 0.84 0.04 0.80
0.66 0.23 0.38 0.81 0.03 0.30 0.87
0.05 0.97 0.73 0.05 0.48 0.74 0.79
0.02 0.51 0.88 0.52 0.34 0.56 0.68
0.90 0.18 0.94 0.86 0.76 0.50 0.01
0.85 0.04 0.86 0.01 0.72 0.77 0.81
0.25 0.02 0.13 0.39 0.57 0.32 0.17
0.10 0.55 0.11 0.51 0.92 0.48 0.88
0.66 0.08 0.56 0.98 0.06 0.78 0.78
0.38 0.24 0.28 0.39 0.16 0.16 0.24
0.77 0.34 0.54 0.56 0.01 0.94 0.85
0.01 0.04 0.89 0.95 0.80 0.51 0.62
0.08 0.05 0.32 0.29 0.91 0.33 0.36
0.33 0.79 0.65 0.01 0.87 0.77 0.71
0.84 0.87 0.62 0.81 0.04 0.18 0.83
0.09 0.78 0.38 0.04 0.25 0.11 0.06
0.11 0.64 0.60 0.09 0.89 0.97 0.68
0.86 0.61 0.55 0.76 0.78 0.07 0.01
0.63 0.02 0.40 0.35 0.42 0.93 0.22
0.84 0.90 0.32 0.50 0.01 0.79 0.87
0.55 0.81 0.94 0.59 0.94 0.34 0.01
0.73 0.29 0.24 0.17 0.28 0.02 0.05
0.90 0.89 0.17 0.26 0.20 0.05 0.93
0.85 0.07 0.94 0.04 0.46 0.04 0.66
0.15 0.67 0.54 0.07 0.76 0.26 0.70
0.55 0.12 0.64 0.97 0.05 0.83 0.34
0.74 0.63 0.65 0.88 0.02 0.99 0.71
0.39 0.37 0.42 0.88 0.88 0.01 0.18
0.76 0.28 0.91 0.39 0.86 0.02 0.99
0.51 0.36 0.01 0.59 0.21 0.91 0.38
0.64 0.72 0.67 0.01 0.68 0.43 0.56
0.46 0.10 0.40 0.30 0.14 0.32 0.37
0.42 0.97 0.57 0.06 0.23 0.81 0.48
0.08 0.71 0.16 0.79 0.48 0.85 0.68
0.04 1.00 0.27 0.03 0.83 0.15 0.05
0.67 0.55 0.93 0.82 0.02 0.45 0.61
0.78 0.06 0.90 0.72 0.06 0.51 0.55
0.21 0.21 0.56 0.06 0.87 0.44 0.77
0.02 0.78 0.01 0.53 0.83 0.25 0.87
0.03 0.58 0.15 0.83 0.24 0.64 0.84
0.49 0.77 0.84 0.03 0.01 0.82 0.38
0.56 0.01 0.57 0.02 0.54 0.88 0.59
0.40 0.15 0.48 0.89 0.07 0.82 0.61
0.81 0.14 0.41 0.96 0.08 0.16 0.77
