250 7
72 61 30 11 16 0 8
73 75 11 9 74 100 59
10 98 51 87 58 98 78
25 8 2 61 26 44 21
41 75 15 21 24 38 78
97 29 75 15 65 88 83
57 95 62 1 73 96 54
21 26 34 16 22 22 45
24 23 72 72 49 55 100
39 78 10 42 12 51 70
83 92 81 83 9 67 76
91 19 72 82 46 33 11
12 6 1 25 22 7 6
96 48 29 8 75 77 97
82 86 60 82 84 96 1
22 32 77 3 26 47 67
18 77 13 6 60 57 88
8 49 18 26 34 37 44
79 71 23 39 14 23 86
2 72 77 59 75 76 10
85 51 56 82 9 72 51
94 78 8 14 65 56 41
93 39 69 46 15 47 97
27 48 15 60 10 80 29
10 27 96 94 83 100 84
85 55 85 6 52 90 54
21 25 22 2 3 39 77
50 11 30 48 43 5 19
72 73 96 91 1 20 68
13 48 24 21 35 42 11
64 4 53 6 83 65 61
57 11 51 12 97 86 62
77 58 33 19 88 55 73
34 70 30 83 66 5 62
52 58 83 15 82 8 90
76 41 40 23 86 20 53
20 90 71 30 5 84 28
24 45 36 12 47 41 20
65 51 69 5 82 7 26
65 91 79 1 65 96 9
54 15 15 88 12 88 83
57 52 62 96 91 97 4
46 7 99 57 18 62 37
86 21 91 14 82 70 76
61 28 56 95 16 2 43
45 83 32 42 20 77 9
61 84 41 63 69 1 98
77 16 66 70 8 69 42
43 26 58 22 43 5 42
81 77 16 91 11 100 7
82 1 51 76 75 83 99
13 1 46 42 50 1 24
33 85 17 8 96 2 25
4 59 98 72 12 81 8
55 1 25 66 78 61 62
61 30 27 1 78 49 16
90 80 79 83 8 55 47
23 6 36 12 33 35 16
51 86 55 15 67 16 89
54 76 76 33 100 69 3
90 77 58 4 100 34 76
18 2 48 34 8 15 16
13 99 83 98 25 4 55
5 94 91 85 99 75 53
78 40 98 1 21 3 81
7 51 15 39 58 33 65
61 64 77 17 4 85 27
16 76 40 8 2 37 1
1 68 72 65 43 37 74
96 17 50 10 41 85 76
2 57 91 27 36 73 84
5 61 56 50 16 83 65
70 69 88 15 67 10 50
41 42 4 8 5 48 8
74 62 70 99 2 85 69
91 96 5 2 23 100 53
88 30 14 65 46 81 3
77 52 84 82 95 77 1
48 34 79 58 22 2 45
72 2 73 26 41 80 69
31 67 85 11 76 72 54
78 47 39 23 31 35 17
50 99 20 2 96 73 54
16 46 42 21 13 38 20
28 92 60 23 81 18 91
57 60 23 61 15 8 86
1 81 86 46 57 62 2
73 54 91 2 67 97 60
76 23 35 91 9 30 9
56 97 65 6 91 46 54
19 42 44 15 3 22 97
65 98 37 61 57 83 3
23 72 57 64 19 48 5
41 49 76 6 82 43 58
3 57 66 78 73 69 56
43 10 19 47 85 2 27
7 27 59 84 71 75 55
68 65 47 1 23 89 16
85 75 87 51 5 85 7
5 16 18 16 48 25 13
58 80 55 1 64 81 90
48 43 6 90 12 33 26
100 2 95 32 100 58 35
74 59 94 53 64 4 2
89 2 83 23 3 90 57
60 6 22 20 13 51 63
58 99 90 6 66 32 51
84 42 71 25 68 2 27
67 52 63 69 58 58 1
38 5 49 19 45 47 37
3 50 48 89 59 51 84
70 70 6 7 77 77 19
92 67 92 77 12 59 2
18 36 5 11 13 23 17
4 79 64 93 70 66 73
31 98 4 3 84 84 15
27 34 53 4 86 56 75
3 56 74 78 90 84 76
64 35 99 12 8 23 39
55 16 2 90 6 92 30
52 63 97 4 72 94 58
98 12 23 2 17 5 49
6 78 55 59 79 13 59
14 19 65 12 40 53 9
67 95 16 82 16 4 58
29 30 49 1 13 40 76
22 64 64 79 65 77 1
6 82 56 44 33 44 89
91 34 92 60 64 62 1
73 9 65 24 59 92 5
30 38 49 51 19 14 11
73 35 51 62 7 100 9
2 92 54 11 53 62 77
26 23 65 47 3 75 33
9 5 62 57 55 51 61
23 24 31 22 41 17 2
58 5 38 16 53 97 72
59 5 45 99 76 52 90
72 1 72 1 7 44 94
83 100 31 5 57 32 63
61 96 25 63 68 66 3
44 17 48 13 96 1 60
3 57 80 71 59 74 90
41 49 63 41 54 2 78
19 48 2 92 40 1 44
4 51 65 94 2 100 82
15 73 76 62 69 2 9
3 47 50 15 35 14 74
58 68 61 64 2 66 89
14 45 5 47 6 3 11
60 7 95 33 82 3 23
52 55 66 2 2 54 80
4 90 58 36 56 51 44
77 9 87 7 77 86 78
79 22 97 3 17 70 90
35 1 70 88 43 8 42
11 70 4 72 58 24 62
8 24 6 77 58 73 81
5 76 74 87 59 46 7
2 42 24 64 10 9 12
12 76 69 4 58 18 70
99 87 85 9 5 28 63
89 4 23 48 100 88 76
53 21 73 1 45 59 53
51 4 77 94 70 87 5
66 45 99 30 11 2 34
4 69 72 43 97 30 15
4 71 86 96 4 46 58
10 92 61 54 82 12 6
31 6 83 20 44 25 34
94 1 25 33 11 100 12
80 11 92 18 8 65 48
77 68 66 16 72 60 1
40 93 2 56 11 86 60
1 64 76 82 71 64 33
61 83 3 63 7 5 80
60 14 91 5 67 46 97
6 32 24 32 5 15 10
75 34 98 95 1 71 66
3 15 70 51 65 60 92
21 37 85 15 74 11 77
3 29 94 86 85 87 33
90 25 88 65 21 89 11
8 97 24 13 38 57 25
56 99 79 5 91 14 65
31 84 15 10 95 12 26
54 68 62 56 3 48 65
13 49 11 11 47 74 19
4 91 84 79 51 6 88
2 59 63 2 77 5 62
51 57 39 1 44 87 39
7 81 3 58 63 68 33
51 3 11 83 78 97 85
45 6 26 3 38 47 85
39 68 95 5 8 16 71
60 69 4 6 90 81 56
89 22 62 2 60 54 90
84 98 48 4 38 39 41
28 64 81 9 87 75 37
46 50 43 6 50 66 2
9 15 100 51 64 24 39
1 87 81 63 89 96 82
86 5 12 86 54 82 65
37 21 26 77 6 45 28
1 82 78 52 73 54 25
15 52 44 17 22 17 35
47 43 94 25 84 4 80
66 23 38 81 3 30 87
5 97 73 5 48 74 79
2 51 88 52 34 56 68
90 18 94 86 76 50 1
85 4 86 1 72 77 81
25 2 13 39 57 32 17
10 55 11 51 92 48 88
66 8 56 98 6 78 78
38 24 28 39 16 16 24
77 34 54 56 1 94 85
1 4 89 95 80 51 62
8 5 32 29 91 33 36
33 79 65 1 87 77 71
84 87 62 81 4 18 83
9 78 38 4 25 11 6
11 64 60 9 89 97 68
86 61 55 76 78 7 1
63 2 40 35 42 93 22
84 90 32 50 1 79 87
55 81 94 59 94 34 1
73 29 24 17 28 2 5
90 89 17 26 20 5 93
85 7 94 4 46 4 66
15 67 54 7 76 26 70
55 12 64 97 5 83 34
74 63 65 88 2 99 71
39 37 42 88 88 1 18
76 28 91 39 86 2 99
51 36 1 59 21 91 38
64 72 67 1 68 43 56
46 10 40 30 14 32 37
42 97 57 6 23 81 48
8 71 16 79 48 85 68
4 100 27 3 83 15 5
67 55 93 82 2 45 61
78 6 90 72 6 51 55
21 21 56 6 87 44 77
2 78 1 53 83 25 87
3 58 15 83 24 64 84
49 77 84 3 1 82 38
56 1 57 2 54 88 59
40 15 48 89 7 82 61
81 14 41 96 8 16 77
