250 7
0.91 0.28 0.47 0.41 0.80 0.95 0.17
0.80 0.76 0.43 0.55 0.80 0.85 0.55
0.99 0.75 0.90 0.91 0.29 0.99 0.22
0.32 0.23 0.06 0.43 0.60 0.45 0.92
0.39 0.47 0.34 0.31 0.71 0.28 0.36
0.67 0.68 0.66 0.40 0.89 0.66 0.19
0.61 0.68 0.55 0.81 0.96 0.89 0.24
0.27 0.23 0.12 0.07 0.29 0.21 0.37
0.51 0.21 0.58 0.87 0.85 0.96 0.72
0.78 0.85 0.76 0.66 0.75 0.05 0.64
0.03 0.18 0.39 0.06 0.21 0.46 0.16
0.70 0.41 0.75 0.31 0.49 0.47 0.12
0.34 0.63 0.10 0.91 0.55 0.88 0.68
0.16 0.22 0.56 0.79 0.62 0.68 0.10
0.54 0.87 0.90 0.66 0.14 0.86 0.83
0.17 0.64 0.31 0.11 0.12 0.24 0.32
0.05 0.37 0.95 0.04 0.51 0.11 0.57
0.79 0.25 0.06 0.26 0.58 0.54 0.12
0.79 0.10 0.50 0.57 0.68 0.94 0.95
0.23 0.12 0.01 0.19 0.03 0.33 0.40
0.78 0.76 0.61 0.97 0.59 0.79 0.01
0.42 0.26 0.50 0.03 0.74 0.40 0.52
0.43 0.56 0.06 0.35 0.44 0.62 0.31
0.79 0.01 0.82 0.91 0.63 0.20 0.91
0.40 0.80 0.13 0.44 0.12 0.09 0.15
0.02 0.83 0.71 0.89 0.71 0.59 0.55
0.12 0.42 0.47 0.32 0.08 0.25 0.16
0.78 0.77 0.93 0.93 0.53 0.18 0.77
0.22 0.72 0.62 0.31 0.11 0.36 0.40
0.98 0.13 0.03 0.02 0.41 0.03 0.09
0.68 0.87 0.97 0.69 0.96 0.78 0.12
0.48 0.29 0.44 0.96 0.16 0.39 0.27
0.27 0.63 0.93 0.12 0.03 0.79 0.64
0.45 0.06 0.79 0.87 0.88 0.75 0.78
0.07 0.62 0.72 0.57 0.81 0.24 0.72
0.20 0.25 0.46 0.51 0.44 0.06 0.55
0.85 0.37 0.58 0.05 0.56 0.96 0.66
0.67 0.37 0.31 0.04 0.19 0.02 0.67
0.58 0.60 0.51 0.14 0.09 0.97 0.53
0.10 0.02 0.44 0.07 0.06 0.09 0.50
0.43 0.07 0.51 0.52 0.08 0.33 0.18
0.60 0.47 0.68 0.09 0.69 0.09 0.01
0.53 0.63 0.04 0.13 0.74 0.75 0.20
0.11 0.85 0.77 0.64 0.18 0.13 0.26
0.81 0.01 0.80 0.81 0.84 0.95 0.32
1.00 0.93 0.89 0.96 0.61 0.78 0.06
0.11 0.83 0.27 0.21 0.69 0.51 0.93
0.82 0.40 0.68 0.86 0.42 0.79 0.06
0.56 0.08 0.16 0.83 0.98 0.81 0.57
0.22 0.66 0.02 0.18 0.40 0.47 0.39
0.53 0.94 0.68 0.46 0.55 0.07 0.83
0.35 0.13 0.17 0.37 0.03 0.06 0.32
0.51 0.62 0.79 1.00 0.76 0.61 0.02
0.94 0.04 0.91 0.58 0.79 0.68 0.05
0.78 0.53 0.59 0.47 0.67 0.75 0.14
0.16 0.31 0.39 0.42 0.24 0.39 0.11
0.16 0.44 0.78 0.84 0.05 0.51 0.89
0.03 0.68 0.68 0.67 0.97 0.36 0.57
0.08 0.74 0.49 0.68 0.47 0.19 0.85
0.04 0.70 0.29 0.70 0.93 0.39 0.68
0.04 0.84 0.18 0.92 0.82 0.90 0.93
0.20 0.43 0.29 0.10 0.68 0.01 0.26
0.55 0.96 1.00 0.78 0.01 0.75 0.72
0.01 0.95 0.43 0.08 0.89 0.88 0.71
0.04 0.05 0.88 0.41 0.36 0.24 0.27
0.04 0.77 0.31 0.97 0.69 0.78 0.81
0.72 0.97 0.20 0.06 0.92 0.53 0.11
0.07 0.22 0.30 0.24 0.29 0.17 0.08
0.62 0.31 0.96 0.92 0.70 0.05 0.76
0.85 0.81 0.73 0.05 0.92 0.07 0.35
0.94 0.89 0.97 0.77 0.59 0.37 0.04
0.24 0.21 0.32 0.30 0.46 0.77 0.24
0.73 0.74 0.62 0.21 0.81 0.91 0.05
0.35 0.46 0.58 0.81 0.02 0.55 0.68
0.65 0.05 0.74 0.82 0.67 0.01 0.91
0.09 0.64 0.93 0.35 0.27 0.16 0.14
0.91 0.75 0.73 0.70 0.01 0.93 0.73
0.11 0.32 0.04 0.26 0.47 0.99 0.13
0.01 0.98 0.86 0.73 0.84 0.43 0.58
0.30 0.35 0.24 0.06 0.01 0.72 0.38
0.64 0.36 0.66 0.98 0.43 0.77 0.01
0.71 0.83 0.01 0.92 0.85 0.85 0.21
0.50 0.09 0.14 0.08 0.09 0.19 0.82
0.63 0.98 0.22 0.92 0.72 0.58 0.05
0.03 0.73 1.00 0.35 1.00 0.07 0.55
0.49 0.12 0.98 0.30 0.85 0.09 0.44
0.91 0.59 0.57 0.12 0.22 0.68 0.07
0.56 0.99 0.53 0.98 0.88 0.78 0.05
0.14 0.08 0.16 0.38 0.08 0.15 0.39
0.95 0.53 0.84 0.05 0.94 0.27 0.01
0.56 0.81 0.78 0.89 0.01 0.70 0.82
0.39 0.31 0.14 0.85 0.75 0.23 0.27
0.52 0.58 0.83 0.93 0.04 0.51 0.19
0.42 0.33 0.58 0.28 0.52 0.02 0.61
0.06 0.02 0.94 0.32 0.14 0.42 0.03
0.85 0.71 0.03 0.88 0.58 0.31 0.89
0.95 0.16 0.74 0.02 0.33 0.74 0.63
0.14 0.41 0.30 0.20 0.36 0.42 0.39
0.98 0.87 0.61 0.23 0.90 0.51 0.01
0.18 0.65 0.61 0.66 0.02 0.47 0.52
0.76 0.03 0.55 0.53 0.85 0.50 0.32
0.42 0.56 0.66 0.02 0.68 0.16 0.69
0.08 0.68 0.19 0.53 0.83 0.64 0.86
0.28 0.20 0.84 0.14 0.09 0.66 0.30
0.29 0.89 0.21 0.48 0.71 0.58 0.17
0.65 0.80 0.52 0.91 0.01 0.61 0.74
0.29 0.72 0.01 0.51 0.28 0.19 0.09
0.80 0.55 0.79 0.03 0.02 0.42 0.94
0.75 0.90 0.15 0.04 0.78 0.72 0.06
0.36 0.75 0.03 0.48 0.58 0.63 0.18
0.99 0.84 0.84 0.34 0.02 0.09 0.72
0.16 0.08 0.50 0.25 0.01 0.84 0.70
0.77 0.66 0.98 0.48 0.63 0.14 0.19
0.96 0.53 0.07 0.53 0.52 0.26 0.54
0.02 0.13 0.41 0.04 0.26 0.06 0.42
0.84 0.59 0.71 0.55 0.01 0.15 0.83
0.61 0.95 0.62 0.04 0.62 0.71 0.01
0.01 0.22 0.98 0.40 0.35 0.32 0.80
0.32 0.68 0.55 0.57 0.17 0.91 0.06
0.75 0.69 0.81 0.02 0.57 1.00 0.72
0.75 0.20 0.46 0.38 0.84 0.38 0.28
0.44 0.04 0.39 0.10 0.23 0.39 0.21
0.82 0.01 0.65 0.99 0.92 0.64 0.45
0.79 0.11 1.00 0.72 0.42 0.37 0.02
0.43 0.71 0.46 0.42 0.71 0.78 0.06
0.26 0.51 0.63 0.31 0.66 0.16 0.07
0.14 0.94 0.92 0.92 0.04 0.88 0.75
0.93 0.74 0.71 0.72 0.54 0.06 0.13
0.74 0.80 0.19 0.07 0.08 0.56 0.56
0.05 0.32 0.45 0.30 0.06 0.64 0.12
0.02 0.63 0.02 0.61 0.28 0.58 0.81
0.89 0.83 0.05 0.89 0.68 0.67 0.07
0.96 0.32 0.65 0.72 0.02 0.64 0.82
0.23 0.40 0.22 0.44 0.27 0.02 0.05
0.87 0.58 0.64 0.45 0.15 0.67 0.02
0.20 0.97 0.20 0.14 0.57 0.31 0.87
0.83 0.64 0.56 0.02 0.54 0.71 0.81
0.01 0.42 0.11 0.92 0.45 0.72 0.47
0.01 0.22 0.57 0.92 0.54 0.90 0.72
0.43 0.28 0.01 0.45 0.05 0.18 0.21
0.05 0.02 0.91 0.35 0.01 0.77 0.62
0.56 0.01 0.63 0.51 0.76 0.34 0.45
0.95 0.54 0.55 0.01 0.92 0.62 0.87
0.99 0.02 0.19 0.66 0.31 0.56 0.21
0.12 0.39 0.82 0.14 0.18 0.43 0.10
0.92 0.56 0.77 0.01 0.63 0.57 0.91
0.85 0.19 0.31 0.29 0.09 0.06 0.64
0.64 0.60 0.74 0.04 0.05 0.65 0.30
0.65 0.01 0.99 0.55 0.60 0.89 0.85
0.47 0.21 0.25 0.05 0.21 0.26 0.25
0.12 0.62 0.90 0.13 0.13 0.54 0.28
0.19 0.03 0.72 0.54 0.74 0.99 0.20
0.90 0.97 0.13 0.69 0.27 0.46 0.02
0.82 0.98 0.06 0.88 0.02 0.91 0.81
0.68 0.75 0.01 0.73 0.88 0.06 0.75
0.49 0.19 0.30 0.20 0.32 0.16 0.15
0.77 0.53 0.53 0.52 0.97 0.87 0.04
0.74 0.27 0.30 0.09 0.35 0.03 0.31
0.07 0.78 0.73 0.91 0.52 0.07 0.25
0.86 0.21 0.73 0.86 0.55 0.02 0.73
0.95 0.91 0.64 0.04 0.12 0.74 0.79
0.26 0.29 0.37 0.40 0.13 0.39 0.17
0.45 0.70 0.02 0.84 0.40 0.64 0.20
0.31 0.12 0.23 0.86 0.73 0.13 0.81
0.95 0.46 0.02 0.25 0.80 0.91 0.09
0.93 0.35 0.91 0.75 0.48 0.02 0.80
0.62 0.55 0.70 0.01 0.26 0.73 0.70
0.54 0.39 0.66 0.78 0.98 0.02 0.18
0.87 0.79 0.27 0.58 0.85 0.57 0.01
0.10 0.13 0.19 0.58 0.48 0.35 0.37
0.60 0.55 0.61 0.09 0.68 0.07 0.37
0.92 0.40 1.00 0.06 0.03 0.53 0.28
0.21 0.95 0.18 0.01 0.83 0.67 0.53
0.98 0.11 0.07 0.71 0.87 0.88 0.73
0.02 0.60 0.59 0.68 0.14 0.79 0.86
0.43 0.07 0.32 0.43 0.51 0.25 0.01
0.06 0.31 0.53 0.64 0.10 0.25 0.90
0.60 0.94 0.08 0.10 0.59 0.85 0.86
0.01 0.60 0.15 0.77 0.84 0.66 0.70
0.12 0.39 0.18 0.66 0.87 0.06 0.15
0.14 0.29 0.13 0.25 0.57 0.98 0.39
0.19 0.94 0.24 0.77 0.06 0.97 0.92
0.08 0.05 0.86 0.43 0.44 0.57 0.57
0.67 0.99 0.14 0.14 0.59 0.79 0.15
0.86 0.03 0.76 0.18 0.94 0.04 0.68
0.04 0.87 1.00 1.00 0.10 0.51 0.77
0.21 0.57 0.18 0.06 0.47 0.82 0.38
0.35 0.35 0.26 0.78 0.90 0.83 0.23
0.90 0.94 0.29 0.03 0.95 0.86 0.62
0.50 0.18 0.30 0.10 0.25 0.10 0.19
0.86 0.50 0.14 0.70 0.18 0.87 0.01
0.69 0.16 0.72 0.53 0.67 0.05 0.02
0.16 0.56 0.26 0.27 0.55 0.65 0.74
0.66 1.00 0.10 0.95 0.63 0.17 0.87
0.01 0.95 0.58 0.99 1.00 0.63 0.83
0.85 0.36 0.41 0.23 0.03 0.40 0.14
0.87 0.91 0.68 0.08 0.05 0.71 0.37
0.64 0.12 0.04 0.21 0.64 0.40 0.07
0.04 0.49 0.26 0.67 0.34 0.62 0.83
0.52 0.56 0.64 0.25 0.57 0.02 0.76
0.73 0.64 0.07 1.00 0.54 0.15 0.87
0.13 0.21 0.27 0.29 0.22 0.62 0.27
0.37 0.62 0.02 0.42 0.09 0.05 0.11
0.57 0.90 0.59 0.53 0.35 0.77 0.02
0.36 0.92 0.13 0.27 0.18 0.41 0.15
0.75 0.52 0.22 0.03 0.76 0.91 0.93
1.00 0.46 0.02 0.08 0.49 0.03 0.14
0.85 0.13 0.12 0.29 0.93 0.59 0.06
0.77 0.77 0.68 0.01 0.54 0.93 0.79
0.06 0.51 0.21 0.52 0.98 0.84 0.09
0.01 0.77 0.70 0.66 0.65 0.41 0.24
0.96 0.73 0.28 0.03 0.83 0.99 0.77
0.39 0.62 0.17 0.39 0.64 0.63 0.02
0.83 0.62 0.42 0.08 0.74 0.83 0.08
0.87 0.50 0.47 0.27 0.12 0.19 0.38
0.66 0.80 0.68 0.94 0.02 0.48 0.20
0.71 0.21 0.15 0.52 0.71 0.71 0.06
0.69 0.01 0.76 0.63 0.07 0.31 0.55
0.90 0.18 0.15 0.04 0.63 0.65 0.58
0.19 0.04 0.72 0.85 0.65 0.77 0.17
0.95 0.85 0.52 0.01 0.51 0.88 0.68
0.12 0.31 0.40 0.01 0.85 0.08 0.71
0.26 0.71 0.87 0.69 0.14 0.68 0.07
0.01 0.74 0.95 0.75 0.76 0.63 0.99
0.16 0.20 0.29 0.47 0.09 0.13 0.54
0.01 0.55 0.54 0.70 0.72 0.88 0.92
0.67 0.30 0.50 0.17 0.18 0.80 0.30
0.59 0.72 0.49 0.26 0.85 0.91 0.06
0.03 0.32 0.11 0.59 0.80 0.66 0.94
0.10 0.13 0.39 0.12 0.63 0.65 0.37
0.51 0.01 0.96 0.55 0.55 0.93 0.04
0.03 0.15 0.94 0.27 0.41 0.46 0.15
0.06 0.57 0.30 0.84 0.77 0.06 0.86
0.52 0.68 0.90 0.77 0.01 0.77 0.17
0.86 0.65 0.81 0.40 0.62 0.73 0.06
0.30 0.51 0.41 0.04 0.03 0.37 0.27
0.18 0.74 0.97 0.64 0.71 0.11 0.38
0.20 0.67 0.07 0.87 0.83 0.57 0.27
0.85 0.02 0.33 0.55 0.55 0.66 0.70
0.85 0.12 0.26 0.30 0.10 0.12 0.01
0.26 0.67 0.95 0.01 0.98 0.83 0.63
0.17 0.43 0.47 0.13 0.21 0.02 0.27
0.75 0.71 0.43 0.01 0.59 0.50 0.90
0.71 0.64 0.62 0.03 0.70 0.20 0.71
0.60 0.07 0.37 0.51 0.17 0.21 0.09
0.70 0.22 0.95 0.01 0.94 0.81 0.57
0.22 0.69 0.61 0.81 0.04 0.61 0.18
0.68 0.26 0.68 0.30 0.20 0.74 0.24
0.72 0.57 0.15 0.04 0.68 0.72 0.01
0.04 0.03 0.50 0.72 0.79 0.97 0.60
