250 7
0.68 0.71 0.34 0.34 0.51 0.33 0.74
0.55 0.02 0.55 0.79 0.75 0.89 0.94
0.86 0.87 0.61 0.24 0.65 0.69 0.95
0.15 0.36 0.11 0.36 0.31 0.46 0.73
0.58 0.81 0.51 0.66 0.97 0.66 0.55
0.61 0.22 0.67 0.35 0.21 0.76 0.37
0.16 0.87 0.31 0.89 0.03 0.47 0.15
0.21 0.40 0.32 0.31 0.50 0.41 0.48
0.46 0.12 0.26 0.53 0.51 0.60 0.54
0.48 0.18 0.63 0.52 0.29 0.01 0.75
0.57 0.61 0.87 0.82 0.28 0.79 0.92
0.48 0.47 0.20 0.04 0.41 0.10 0.06
0.40 0.81 0.65 0.03 0.68 0.36 0.75
0.76 0.07 0.20 0.14 0.22 0.02 0.94
0.46 0.40 0.06 0.10 0.47 0.30 0.42
0.69 0.36 0.86 0.15 0.59 0.46 0.99
0.91 0.10 0.66 0.92 0.69 0.61 0.73
0.70 0.33 0.90 0.23 0.09 0.71 0.29
0.08 0.25 0.03 0.05 0.25 0.26 0.13
0.67 0.57 0.01 0.69 0.58 0.53 0.68
0.07 0.03 0.37 0.58 0.36 0.73 0.31
0.05 0.22 0.60 0.86 0.62 0.39 0.86
0.99 0.80 0.76 0.92 0.06 0.90 0.13
0.47 0.33 0.46 0.03 0.16 0.23 0.56
0.05 0.98 0.60 0.90 0.86 0.71 0.83
0.49 0.21 0.07 0.49 0.77 0.38 0.19
0.67 0.57 0.57 0.02 0.63 0.95 0.57
0.54 0.54 0.45 0.60 0.71 0.75 0.05
0.74 0.31 0.01 0.86 0.55 0.02 0.31
0.03 0.11 0.91 0.01 0.50 0.05 0.84
0.18 0.92 0.71 0.95 0.88 0.15 0.36
0.89 0.65 0.01 0.85 0.40 0.21 0.23
0.63 0.05 0.43 0.86 0.61 0.08 0.45
0.05 0.96 0.17 0.71 0.87 0.63 0.23
0.76 0.11 0.88 0.51 0.21 0.82 0.72
0.80 0.69 0.72 0.91 0.09 0.76 0.57
0.33 0.13 0.15 0.12 0.67 0.26 0.68
0.07 0.30 0.40 0.96 0.24 0.62 0.10
0.53 0.08 0.91 0.97 0.01 0.72 0.76
0.22 0.10 0.93 0.49 0.30 0.05 0.78
0.61 0.74 0.71 0.45 0.08 0.61 1.00
0.24 0.46 0.01 0.01 0.04 0.70 0.06
0.04 0.23 0.96 0.96 0.59 0.55 0.78
0.28 0.18 0.12 0.81 0.38 0.43 0.17
0.97 0.81 0.65 0.28 0.68 0.51 0.04
0.75 0.03 0.72 0.82 0.97 0.56 0.57
0.37 0.06 0.10 0.03 0.39 0.01 0.02
0.80 0.21 0.76 0.78 0.32 0.92 0.66
0.05 0.87 0.99 0.70 0.38 0.79 0.29
0.27 0.98 0.10 0.11 0.44 0.51 0.08
0.23 0.11 0.98 0.89 0.74 0.84 0.14
0.02 0.01 0.59 0.39 0.76 0.60 0.79
0.29 0.75 0.70 0.17 0.05 0.06 0.92
0.04 0.93 0.64 0.79 0.61 0.65 0.56
0.56 0.36 0.07 0.30 0.43 0.16 0.41
0.73 0.51 0.60 0.67 0.01 0.99 0.67
0.12 0.29 0.19 0.11 0.35 0.20 0.13
0.05 0.97 0.76 0.07 0.60 0.61 0.50
0.26 0.53 0.85 0.04 0.59 0.65 0.63
0.34 0.18 0.35 0.76 0.20 0.34 0.12
0.59 0.10 0.07 0.05 0.62 0.42 0.79
0.89 0.33 0.78 0.67 0.25 0.54 0.11
0.21 0.56 0.40 0.49 0.74 0.56 0.10
0.76 0.71 0.84 0.65 0.05 0.60 0.39
0.01 0.95 0.91 0.66 0.92 0.85 0.90
0.33 0.02 0.37 0.56 0.19 0.12 0.95
0.25 0.93 0.04 0.94 0.02 0.78 0.07
0.06 0.65 0.93 0.98 0.69 0.54 0.27
0.40 0.36 0.44 0.34 0.08 0.09 0.37
0.73 0.52 0.58 0.79 0.07 0.47 0.71
0.53 0.78 0.71 0.51 0.06 0.63 0.25
0.08 0.92 0.16 0.95 0.85 0.37 0.07
0.84 0.03 0.01 0.58 0.90 0.99 0.10
0.10 0.03 0.03 0.21 0.63 0.95 0.10
0.04 0.49 0.14 0.75 0.83 0.99 0.78
0.32 0.63 0.19 0.77 0.94 0.17 0.67
0.53 0.19 0.13 0.85 0.03 0.63 0.81
0.28 0.01 0.45 0.22 0.78 0.21 0.24
0.19 0.56 0.03 0.81 0.17 0.87 0.63
0.24 0.61 0.96 0.90 0.05 0.58 0.53
0.22 0.90 0.10 0.94 0.23 0.57 0.93
0.07 0.41 0.46 0.40 0.21 0.20 0.41
0.17 0.73 0.09 0.23 0.62 0.04 0.04
0.38 0.66 0.58 0.68 0.02 0.70 0.77
0.60 0.20 0.52 0.76 0.16 0.22 0.90
0.87 0.66 0.56 0.77 0.29 0.11 0.01
0.02 0.56 0.38 0.93 0.86 0.31 0.58
0.14 0.91 0.82 0.72 0.09 0.42 0.60
0.95 0.55 0.74 0.49 0.06 0.21 0.85
0.43 0.75 0.35 0.98 0.19 0.60 0.45
0.12 0.35 0.97 0.51 0.54 0.09 0.60
0.06 0.98 0.95 0.98 0.99 0.35 0.14
0.73 0.14 0.51 0.51 0.01 0.73 0.99
0.05 0.96 0.85 0.75 0.71 0.51 0.40
0.45 0.50 0.61 0.24 0.21 0.54 0.24
0.03 0.47 0.19 0.17 0.27 0.22 0.48
0.89 0.20 0.82 0.86 0.06 0.65 0.63
0.02 1.00 0.81 0.83 0.71 0.83 1.00
0.28 0.82 0.83 0.95 0.88 0.43 0.01
0.26 0.66 0.28 0.76 0.07 0.11 0.21
0.83 0.78 0.95 0.92 0.04 0.07 0.54
0.23 0.22 0.05 0.35 0.37 0.05 0.35
0.97 0.54 0.75 0.72 0.84 0.83 0.01
0.06 0.66 0.93 0.15 0.53 0.68 0.10
0.97 0.79 0.41 0.01 0.51 0.60 0.70
0.42 0.45 0.16 0.26 0.03 0.17 0.06
0.25 0.08 1.00 0.32 0.67 0.92 0.62
0.06 0.75 0.77 0.03 0.61 0.59 0.41
0.97 0.44 0.68 0.85 0.25 0.57 0.07
0.16 0.62 0.40 0.86 0.65 0.81 0.06
0.62 0.31 0.60 0.01 0.31 0.57 0.79
0.28 0.45 0.84 0.19 0.72 0.02 0.12
0.28 0.18 0.06 0.95 0.66 0.74 0.72
0.01 0.52 0.78 0.90 0.53 0.80 0.52
0.39 0.75 0.14 0.87 0.11 0.05 0.16
0.14 0.20 0.97 0.64 0.15 0.71 0.73
0.30 0.59 0.66 0.31 0.06 0.18 0.17
0.24 0.89 0.54 0.80 0.91 0.03 0.71
0.69 0.79 0.32 0.21 0.18 0.42 0.21
0.15 0.99 0.67 0.22 0.62 0.02 0.80
0.24 0.83 0.67 0.09 0.45 0.07 0.59
0.24 0.08 0.68 0.86 0.57 0.65 0.62
0.05 0.09 0.88 0.55 0.37 0.16 0.02
0.08 0.88 0.80 0.73 0.15 0.62 0.61
0.50 0.02 0.02 0.51 0.99 0.03 0.20
0.03 0.98 0.90 0.38 0.55 0.20 0.65
0.57 0.15 0.74 0.78 0.38 0.76 0.16
0.10 0.41 0.31 0.30 0.07 0.50 0.31
0.87 0.85 0.77 0.89 0.02 0.32 0.53
0.01 0.98 0.92 0.60 0.78 0.11 0.87
0.55 0.46 0.02 0.95 0.42 0.69 0.77
0.37 0.06 0.15 0.44 0.37 0.18 0.19
0.79 0.05 0.17 0.82 0.61 0.82 0.60
0.29 0.81 0.08 0.59 0.32 0.01 0.40
0.36 0.02 0.75 0.65 0.69 0.49 0.90
0.88 0.66 0.69 0.29 0.02 0.93 0.55
0.21 0.74 0.91 0.57 0.72 0.80 0.01
0.91 0.35 0.05 0.17 0.62 0.07 0.07
0.01 0.79 0.51 0.69 0.65 0.83 0.57
0.34 0.14 0.32 0.19 0.33 0.56 0.10
0.14 0.67 0.80 0.46 0.56 0.15 0.77
0.55 0.01 0.53 0.58 0.60 0.61 0.82
0.18 0.36 0.20 0.64 0.13 0.33 0.43
0.67 0.36 0.47 0.69 0.03 0.54 0.94
0.99 0.70 0.77 0.59 0.57 0.48 0.01
0.83 0.28 0.42 0.23 0.18 0.39 0.20
0.88 0.89 0.69 0.62 0.60 0.51 0.01
0.28 0.34 0.84 0.97 0.06 0.25 0.82
0.17 0.37 0.05 0.50 0.20 0.60 0.08
0.56 0.94 0.28 0.12 0.02 0.51 0.59
0.02 0.28 0.56 0.76 0.70 0.82 0.08
0.02 0.05 0.32 0.03 0.27 0.26 0.93
0.20 0.05 0.55 0.60 0.02 0.79 0.56
0.48 0.49 0.76 0.15 0.02 0.91 0.77
0.02 0.28 0.97 0.80 0.22 0.60 0.93
0.12 0.67 0.30 0.67 0.68 0.09 0.67
0.19 0.16 0.76 0.47 0.75 0.74 0.66
0.55 0.77 0.57 0.69 0.01 0.57 1.00
0.43 0.03 0.83 0.07 0.30 0.14 0.15
0.56 0.91 0.89 0.01 0.58 0.68 0.56
0.47 0.25 0.71 0.30 0.33 0.08 0.04
0.89 0.31 0.66 0.58 0.21 0.30 0.81
1.00 0.73 0.80 0.38 0.30 0.67 0.01
0.34 1.00 0.32 0.16 0.06 0.01 0.51
0.02 0.54 0.88 0.45 0.62 0.22 0.81
0.01 0.55 0.60 0.61 0.75 0.67 0.75
0.35 0.38 0.02 0.65 0.45 0.05 0.05
0.59 0.14 0.88 0.95 0.28 0.48 0.85
0.64 0.04 0.68 0.76 0.71 0.69 0.64
0.40 0.24 0.24 0.25 0.28 0.23 0.28
0.02 0.64 0.88 0.62 0.99 0.92 0.53
0.12 0.08 0.35 0.39 0.74 0.13 0.01
0.08 0.60 0.81 0.82 0.06 0.83 0.81
0.20 0.66 0.37 0.47 0.18 0.45 0.78
0.61 0.13 0.04 0.65 0.54 0.38 0.87
0.91 0.22 0.57 0.85 0.30 0.03 0.72
0.51 0.98 0.05 0.55 0.03 0.91 0.90
0.28 0.22 0.48 0.77 0.04 0.41 0.94
0.58 0.04 0.02 0.83 0.47 0.03 0.13
0.77 0.03 0.99 0.64 0.80 0.62 0.04
0.65 0.03 0.69 0.34 0.92 0.05 0.54
0.50 0.43 0.88 0.32 0.24 0.45 0.05
0.30 0.73 0.46 0.24 0.01 0.39 0.53
0.79 0.08 0.60 0.49 0.25 0.48 0.89
0.97 0.05 0.60 0.58 0.68 0.48 0.59
0.96 0.04 0.51 0.78 0.74 0.60 0.78
0.81 0.03 0.55 0.11 0.51 0.85 0.20
0.29 0.91 0.28 0.96 0.05 0.07 0.47
0.11 0.74 0.87 0.83 0.03 0.73 0.58
0.06 0.45 0.24 0.22 0.98 0.25 0.11
0.02 0.54 0.13 0.27 0.43 0.14 0.10
0.51 0.76 0.01 0.27 0.95 0.18 0.95
0.93 0.57 0.69 0.93 0.41 0.64 0.01
0.78 0.03 0.52 0.97 0.54 0.10 0.68
0.60 0.18 0.92 0.89 0.27 0.08 0.74
0.81 0.25 0.49 0.83 0.12 0.71 0.22
0.61 0.39 0.98 0.30 0.01 0.25 0.34
0.54 0.12 0.45 0.53 0.30 0.71 0.85
0.17 0.12 0.53 0.74 0.65 0.57 0.90
0.84 0.02 0.91 0.65 0.57 0.65 0.54
0.62 0.24 0.26 0.69 0.20 0.07 0.26
0.13 0.13 0.04 0.77 0.14 0.47 0.45
0.06 0.80 0.55 0.66 0.54 0.04 0.65
0.05 0.84 0.61 0.53 0.68 0.76 0.01
0.16 0.25 0.80 0.15 0.73 0.53 0.06
0.11 0.19 0.91 0.13 0.55 0.21 0.04
0.52 0.64 0.04 0.70 0.57 0.04 0.55
0.08 0.23 0.36 0.34 0.38 0.35 0.27
0.16 0.25 0.98 0.59 0.22 1.00 0.99
0.25 0.16 0.15 0.70 0.63 0.73 0.69
0.99 0.82 0.40 0.56 0.01 0.97 0.80
0.86 0.76 0.87 0.89 0.02 0.32 0.43
0.63 0.21 0.04 0.52 0.66 0.61 0.51
0.15 0.76 0.37 0.08 0.46 0.11 0.07
0.99 0.29 0.77 0.45 0.12 0.66 0.80
0.78 0.74 0.60 0.18 0.12 0.52 0.86
0.32 0.65 0.21 0.86 0.48 0.57 0.08
0.92 0.29 0.32 0.48 0.07 0.20 0.50
0.08 0.95 0.52 0.67 0.17 0.58 0.89
0.10 0.72 0.96 0.98 0.99 0.10 0.73
0.10 0.83 0.12 0.24 0.21 0.38 0.29
0.54 0.01 0.72 0.64 0.72 0.52 1.00
0.13 0.09 0.35 0.38 0.15 0.41 0.59
0.56 1.00 0.55 0.08 0.11 0.09 0.10
0.20 0.35 0.96 0.55 0.81 0.05 0.83
0.46 0.03 0.24 0.51 0.22 0.54 0.81
0.28 0.06 1.00 0.47 0.55 1.00 0.16
0.12 0.13 0.60 0.55 0.70 0.61 0.56
0.42 0.94 0.11 0.82 0.23 0.25 0.53
0.01 0.91 0.16 0.90 0.57 0.62 0.97
0.08 0.91 0.90 0.10 0.63 0.23 0.88
0.16 0.40 0.03 0.91 0.37 0.14 0.40
0.92 0.61 0.06 0.78 0.10 0.65 0.98
0.94 0.01 0.21 0.88 0.84 0.16 0.82
0.05 0.94 0.55 0.95 0.14 0.87 0.81
0.27 0.26 0.91 0.16 0.42 0.04 0.39
0.73 0.21 0.70 0.64 0.23 0.78 0.58
0.20 0.28 0.76 0.26 0.02 0.15 0.82
0.54 0.42 0.67 0.81 0.04 0.94 0.27
0.32 0.69 0.40 0.89 0.05 0.22 0.92
0.52 0.25 0.02 0.51 0.41 0.51 0.77
0.05 0.75 0.03 0.65 0.70 0.49 0.55
0.48 0.32 0.88 0.64 0.17 0.63 0.01
0.04 0.70 0.04 0.70 0.54 0.81 0.75
0.38 0.36 0.10 0.17 0.06 0.45 0.39
0.06 0.75 0.65 0.74 0.11 0.92 0.60
0.06 0.24 0.61 0.86 0.15 0.42 0.74
0.55 0.01 0.32 0.61 0.84 0.71 0.52
0.71 0.20 0.19 0.77 0.07 0.06 0.77
0.77 0.52 0.61 0.89 0.01 0.60 0.83
