250 7
68 71 34 34 51 33 74
55 2 55 79 75 89 94
86 87 61 24 65 69 95
15 36 11 36 31 46 73
58 81 51 66 97 66 55
61 22 67 35 21 76 37
16 87 31 89 3 47 15
21 40 32 31 50 41 48
46 12 26 53 51 60 54
48 18 63 52 29 1 75
57 61 87 82 28 79 92
48 47 20 4 41 10 6
40 81 65 3 68 36 75
76 7 20 14 22 2 94
46 40 6 10 47 30 42
69 36 86 15 59 46 99
91 10 66 92 69 61 73
70 33 90 23 9 71 29
8 25 3 5 25 26 13
67 57 1 69 58 53 68
7 3 37 58 36 73 31
5 22 60 86 62 39 86
99 80 76 92 6 90 13
47 33 46 3 16 23 56
5 98 60 90 86 71 83
49 21 7 49 77 38 19
67 57 57 2 63 95 57
54 54 45 60 71 75 5
74 31 1 86 55 2 31
3 11 91 1 50 5 84
18 92 71 95 88 15 36
89 65 1 85 40 21 23
63 5 43 86 61 8 45
5 96 17 71 87 63 23
76 11 88 51 21 82 72
80 69 72 91 9 76 57
33 13 15 12 67 26 68
7 30 40 96 24 62 10
53 8 91 97 1 72 76
22 10 93 49 30 5 78
61 74 71 45 8 61 100
24 46 1 1 4 70 6
4 23 96 96 59 55 78
28 18 12 81 38 43 17
97 81 65 28 68 51 4
75 3 72 82 97 56 57
37 6 10 3 39 1 2
80 21 76 78 32 92 66
5 87 99 70 38 79 29
27 98 10 11 44 51 8
23 11 98 89 74 84 14
2 1 59 39 76 60 79
29 75 70 17 5 6 92
4 93 64 79 61 65 56
56 36 7 30 43 16 41
73 51 60 67 1 99 67
12 29 19 11 35 20 13
5 97 76 7 60 61 50
26 53 85 4 59 65 63
34 18 35 76 20 34 12
59 10 7 5 62 42 79
89 33 78 67 25 54 11
21 56 40 49 74 56 10
76 71 84 65 5 60 39
1 95 91 66 92 85 90
33 2 37 56 19 12 95
25 93 4 94 2 78 7
6 65 93 98 69 54 27
40 36 44 34 8 9 37
73 52 58 79 7 47 71
53 78 71 51 6 63 25
8 92 16 95 85 37 7
84 3 1 58 90 99 10
10 3 3 21 63 95 10
4 49 14 75 83 99 78
32 63 19 77 94 17 67
53 19 13 85 3 63 81
28 1 45 22 78 21 24
19 56 3 81 17 87 63
24 61 96 90 5 58 53
22 90 10 94 23 57 93
7 41 46 40 21 20 41
17 73 9 23 62 4 4
38 66 58 68 2 70 77
60 20 52 76 16 22 90
87 66 56 77 29 11 1
2 56 38 93 86 31 58
14 91 82 72 9 42 60
95 55 74 49 6 21 85
43 75 35 98 19 60 45
12 35 97 51 54 9 60
6 98 95 98 99 35 14
73 14 51 51 1 73 99
5 96 85 75 71 51 40
45 50 61 24 21 54 24
3 47 19 17 27 22 48
89 20 82 86 6 65 63
2 100 81 83 71 83 100
28 82 83 95 88 43 1
26 66 28 76 7 11 21
83 78 95 92 4 7 54
23 22 5 35 37 5 35
97 54 75 72 84 83 1
6 66 93 15 53 68 10
97 79 41 1 51 60 70
42 45 16 26 3 17 6
25 8 100 32 67 92 62
6 75 77 3 61 59 41
97 44 68 85 25 57 7
16 62 40 86 65 81 6
62 31 60 1 31 57 79
28 45 84 19 72 2 12
28 18 6 95 66 74 72
1 52 78 90 53 80 52
39 75 14 87 11 5 16
14 20 97 64 15 71 73
30 59 66 31 6 18 17
24 89 54 80 91 3 71
69 79 32 21 18 42 21
15 99 67 22 62 2 80
24 83 67 9 45 7 59
24 8 68 86 57 65 62
5 9 88 55 37 16 2
8 88 80 73 15 62 61
50 2 2 51 99 3 20
3 98 90 38 55 20 65
57 15 74 78 38 76 16
10 41 31 30 7 50 31
87 85 77 89 2 32 53
1 98 92 60 78 11 87
55 46 2 95 42 69 77
37 6 15 44 37 18 19
79 5 17 82 61 82 60
29 81 8 59 32 1 40
36 2 75 65 69 49 90
88 66 69 29 2 93 55
21 74 91 57 72 80 1
91 35 5 17 62 7 7
1 79 51 69 65 83 57
34 14 32 19 33 56 10
14 67 80 46 56 15 77
55 1 53 58 60 61 82
18 36 20 64 13 33 43
67 36 47 69 3 54 94
99 70 77 59 57 48 1
83 28 42 23 18 39 20
88 89 69 62 60 51 1
28 34 84 97 6 25 82
17 37 5 50 20 60 8
56 94 28 12 2 51 59
2 28 56 76 70 82 8
2 5 32 3 27 26 93
20 5 55 60 2 79 56
48 49 76 15 2 91 77
2 28 97 80 22 60 93
12 67 30 67 68 9 67
19 16 76 47 75 74 66
55 77 57 69 1 57 100
43 3 83 7 30 14 15
56 91 89 1 58 68 56
47 25 71 30 33 8 4
89 31 66 58 21 30 81
100 73 80 38 30 67 1
34 100 32 16 6 1 51
2 54 88 45 62 22 81
1 55 60 61 75 67 75
35 38 2 65 45 5 5
59 14 88 95 28 48 85
64 4 68 76 71 69 64
40 24 24 25 28 23 28
2 64 88 62 99 92 53
12 8 35 39 74 13 1
8 60 81 82 6 83 81
20 66 37 47 18 45 78
61 13 4 65 54 38 87
91 22 57 85 30 3 72
51 98 5 55 3 91 90
28 22 48 77 4 41 94
58 4 2 83 47 3 13
77 3 99 64 80 62 4
65 3 69 34 92 5 54
50 43 88 32 24 45 5
30 73 46 24 1 39 53
79 8 60 49 25 48 89
97 5 60 58 68 48 59
96 4 51 78 74 60 78
81 3 55 11 51 85 20
29 91 28 96 5 7 47
11 74 87 83 3 73 58
6 45 24 22 98 25 11
2 54 13 27 43 14 10
51 76 1 27 95 18 95
93 57 69 93 41 64 1
78 3 52 97 54 10 68
60 18 92 89 27 8 74
81 25 49 83 12 71 22
61 39 98 30 1 25 34
54 12 45 53 30 71 85
17 12 53 74 65 57 90
84 2 91 65 57 65 54
62 24 26 69 20 7 26
13 13 4 77 14 47 45
6 80 55 66 54 4 65
5 84 61 53 68 76 1
16 25 80 15 73 53 6
11 19 91 13 55 21 4
52 64 4 70 57 4 55
8 23 36 34 38 35 27
16 25 98 59 22 100 99
25 16 15 70 63 73 69
99 82 40 56 1 97 80
86 76 87 89 2 32 43
63 21 4 52 66 61 51
15 76 37 8 46 11 7
99 29 77 45 12 66 80
78 74 60 18 12 52 86
32 65 21 86 48 57 8
92 29 32 48 7 20 50
8 95 52 67 17 58 89
10 72 96 98 99 10 73
10 83 12 24 21 38 29
54 1 72 64 72 52 100
13 9 35 38 15 41 59
56 100 55 8 11 9 10
20 35 96 55 81 5 83
46 3 24 51 22 54 81
28 6 100 47 55 100 16
12 13 60 55 70 61 56
42 94 11 82 23 25 53
1 91 16 90 57 62 97
8 91 90 10 63 23 88
16 40 3 91 37 14 40
92 61 6 78 10 65 98
94 1 21 88 84 16 82
5 94 55 95 14 87 81
27 26 91 16 42 4 39
73 21 70 64 23 78 58
20 28 76 26 2 15 82
54 42 67 81 4 94 27
32 69 40 89 5 22 92
52 25 2 51 41 51 77
5 75 3 65 70 49 55
48 32 88 64 17 63 1
4 70 4 70 54 81 75
38 36 10 17 6 45 39
6 75 65 74 11 92 60
6 24 61 86 15 42 74
55 1 32 61 84 71 52
71 20 19 77 7 6 77
77 52 61 89 1 60 83
