250 7
0.74 0.02 0.29 0.46 0.41 0.24 0.12
0.73 0.70 0.60 0.78 0.01 0.57 0.79
0.70 0.95 0.95 0.85 0.72 0.45 0.50
0.21 0.40 0.12 0.21 0.58 0.14 0.41
0.28 0.36 0.26 0.41 0.05 0.93 0.52
0.47 0.96 0.05 0.98 0.47 0.84 0.91
0.44 0.65 0.78 0.53 0.68 0.63 0.22
0.14 0.03 0.09 0.45 0.43 0.24 0.17
0.62 0.34 0.62 0.74 0.32 0.65 0.71
0.14 0.41 0.89 0.33 0.05 0.86 0.18
0.51 0.51 0.53 0.29 0.93 0.92 0.18
0.05 0.86 0.54 0.93 0.56 0.54 0.99
0.21 0.32 0.96 0.96 0.87 0.84 0.10
0.69 0.38 1.00 0.07 0.72 0.38 0.37
0.47 0.29 0.31 0.02 0.21 0.84 0.06
0.80 0.81 0.85 0.07 0.90 0.58 0.25
0.49 0.92 0.17 0.58 0.11 0.24 0.49
0.21 0.33 0.11 0.70 0.29 0.12 0.14
0.96 0.59 0.98 0.92 0.05 0.70 0.98
0.75 0.31 0.57 0.85 0.02 0.20 0.57
0.96 0.39 0.84 0.67 0.14 0.51 0.68
0.04 0.85 0.95 0.59 0.57 0.84 0.81
0.60 0.83 0.67 0.53 0.35 0.10 0.95
0.98 0.08 0.28 0.43 0.79 0.41 0.18
0.69 0.61 0.08 0.25 0.16 0.41 0.68
0.97 0.76 0.63 0.73 0.93 0.06 0.86
0.28 0.06 0.14 0.90 0.71 0.19 0.08
0.50 0.31 0.55 0.21 0.43 0.68 0.36
0.76 0.96 0.80 0.04 0.28 0.53 0.62
0.03 0.28 0.17 0.41 0.16 0.34 0.38
0.63 0.82 0.64 0.05 0.66 0.55 0.73
0.39 0.18 0.97 0.02 0.07 0.46 0.08
0.89 0.99 0.92 0.59 0.01 0.83 0.68
0.60 0.75 0.11 0.83 0.22 0.75 0.89
0.41 0.58 0.81 0.18 0.20 0.22 0.41
0.12 0.69 0.46 0.02 0.39 0.01 0.42
0.90 0.13 0.38 0.80 0.64 0.06 0.43
0.51 0.54 0.99 0.61 0.47 0.67 0.03
0.89 0.84 0.12 0.53 0.96 0.83 0.11
0.08 0.19 0.02 0.12 0.64 0.46 0.32
0.88 0.71 0.07 0.27 0.76 0.37 0.02
0.15 0.70 0.98 0.01 0.59 0.88 0.57
0.72 0.90 0.51 0.54 0.69 0.77 0.13
0.09 0.47 0.22 0.07 0.20 0.30 0.50
0.53 0.75 0.21 0.77 0.64 0.10 0.81
0.16 0.75 0.59 0.55 0.78 0.84 0.13
0.26 0.63 0.28 0.38 0.12 0.52 0.02
0.62 0.59 0.03 0.11 0.71 0.13 0.83
0.82 0.90 0.01 0.93 0.58 0.91 0.84
0.23 0.45 0.26 0.22 0.88 0.05 0.93
0.73 0.35 0.34 0.03 0.42 0.33 0.06
0.53 0.68 0.88 0.86 0.11 0.04 0.79
0.05 0.26 0.39 0.70 0.58 0.29 0.15
1.00 0.10 0.55 0.65 0.26 0.76 0.94
0.23 0.21 0.42 0.68 0.89 0.85 0.11
0.71 0.57 0.08 0.75 0.54 0.56 0.15
0.01 0.40 0.93 0.75 0.68 0.89 0.59
0.06 0.42 0.45 0.64 0.32 0.12 0.92
0.32 0.07 0.46 0.33 0.17 0.14 0.38
0.19 0.55 0.87 0.85 0.65 0.95 0.08
0.94 0.71 0.70 0.69 0.78 0.11 0.12
0.30 0.75 0.84 0.37 0.24 0.05 0.50
0.69 0.45 0.60 0.68 0.25 0.30 0.27
0.08 0.88 0.63 0.11 0.74 0.82 0.86
0.50 0.47 0.03 0.95 0.07 0.98 0.75
0.70 0.23 0.94 0.47 0.44 0.79 0.01
0.63 0.18 0.61 0.97 0.16 0.85 0.55
0.09 0.02 0.39 0.40 0.18 0.32 0.37
0.72 0.30 0.81 0.09 0.54 0.65 0.52
0.96 0.38 0.79 0.71 0.08 0.85 0.77
0.21 0.35 0.09 0.41 0.32 0.01 0.05
0.71 0.10 0.65 0.63 0.52 0.57 0.02
0.04 0.51 0.78 0.53 0.90 0.65 0.24
0.45 0.75 0.22 0.10 0.08 0.11 0.02
0.96 0.96 0.14 0.91 0.11 0.72 0.75
0.11 0.94 0.72 0.32 0.52 0.52 0.16
0.11 0.44 0.92 0.02 0.27 0.93 0.43
0.85 0.14 0.91 0.77 0.01 0.78 0.68
0.92 0.30 0.27 0.84 0.91 0.05 1.00
0.33 0.25 0.01 0.97 0.15 0.02 0.29
0.15 0.86 0.38 0.75 0.27 0.05 0.87
0.93 0.09 0.65 0.30 0.53 0.72 0.87
0.81 0.12 0.64 0.69 0.78 0.97 0.07
0.16 0.27 0.53 0.28 0.65 0.14 0.23
0.99 0.60 0.29 0.89 0.10 0.50 0.53
0.02 0.34 0.36 0.48 0.23 0.20 0.15
0.52 0.61 0.59 0.51 0.08 0.54 1.00
0.77 0.05 0.93 0.78 0.09 0.83 0.10
0.88 0.69 0.92 0.65 0.02 0.82 0.88
0.21 0.24 0.67 0.43 0.33 0.16 0.38
0.35 0.63 0.52 0.25 0.26 0.27 0.59
0.86 0.17 0.56 0.13 0.99 0.97 0.69
0.01 0.78 0.35 0.10 0.49 0.86 0.05
0.99 0.69 0.85 0.78 0.11 0.03 0.75
0.41 0.45 0.32 0.27 0.34 0.27 0.50
0.95 0.15 0.79 0.27 0.74 0.89 0.89
0.62 0.68 0.67 0.38 0.97 0.05 0.87
0.14 0.16 0.02 0.14 0.27 0.25 0.34
1.00 0.63 0.09 0.56 0.80 0.69 0.04
0.54 0.80 0.37 0.63 0.27 0.06 0.65
0.07 0.89 0.10 0.98 0.99 0.62 0.21
0.83 0.60 0.79 0.67 0.08 0.91 0.01
0.57 0.49 0.94 0.47 0.16 0.77 0.09
0.15 0.40 0.19 0.28 0.68 0.30 0.10
0.57 0.25 0.81 0.87 0.38 0.03 0.65
0.06 0.53 0.68 0.60 0.10 0.97 0.68
0.19 0.83 0.68 0.51 0.45 0.66 0.11
0.23 0.24 0.20 0.01 0.44 0.01 0.93
0.81 0.61 0.61 0.90 0.09 0.52 0.54
0.86 0.02 0.23 0.03 0.34 0.80 0.43
0.68 0.59 0.60 0.37 0.49 0.51 0.22
0.89 1.00 0.58 0.04 1.00 0.10 0.35
0.90 0.57 0.39 0.57 0.98 0.45 0.04
0.53 0.10 0.65 0.27 0.33 0.69 0.84
0.96 0.77 0.06 0.65 0.57 0.04 0.68
0.49 0.45 0.13 0.84 0.23 0.17 0.84
0.13 0.66 0.10 0.84 0.61 0.92 0.96
0.44 0.39 0.40 0.14 0.04 0.65 0.43
0.08 0.61 0.67 0.44 0.92 0.58 0.24
0.03 0.62 0.33 0.75 0.72 0.47 0.24
0.64 0.63 0.57 0.14 0.72 0.02 0.73
0.22 0.60 0.65 0.23 0.53 0.08 0.89
0.94 0.32 0.79 0.69 0.78 0.13 0.54
0.32 0.19 0.28 0.44 0.95 0.16 0.01
0.01 0.56 0.88 0.19 0.97 0.81 0.24
0.62 0.67 0.72 0.05 0.66 0.66 0.58
0.06 0.44 0.39 0.20 0.21 0.55 0.63
0.73 0.08 0.99 0.18 0.51 0.16 0.51
0.18 0.29 0.07 0.29 0.23 0.17 0.91
0.97 0.51 0.55 0.79 0.26 0.83 0.12
0.78 0.63 0.01 0.67 0.32 0.89 0.64
0.84 0.41 0.94 0.32 0.04 0.23 0.21
0.76 0.33 0.91 0.87 0.74 0.10 0.47
0.93 0.52 0.93 0.25 0.73 0.11 0.88
0.11 0.22 0.28 0.10 0.45 0.09 0.14
0.15 0.53 0.11 0.70 0.69 0.59 0.08
0.51 0.52 0.58 0.78 0.01 0.56 0.98
0.47 0.26 0.62 0.15 0.19 0.83 0.37
0.01 0.63 0.08 0.87 0.51 0.86 0.43
0.32 0.63 0.76 0.74 0.03 0.72 0.73
0.35 0.28 0.08 0.80 0.43 0.53 0.11
0.65 0.33 0.57 0.97 0.51 0.56 0.01
0.70 0.11 0.14 1.00 0.01 0.59 0.37
0.37 0.26 0.03 0.19 0.11 0.20 0.03
0.61 0.70 0.33 0.87 0.10 0.79 0.89
0.60 0.24 1.00 0.60 0.30 0.01 0.54
0.53 0.90 0.90 0.14 0.17 0.05 0.99
0.42 0.85 0.64 0.54 0.02 0.86 0.72
0.35 0.24 0.14 0.37 0.95 0.13 0.80
0.02 0.83 0.53 0.35 0.76 0.40 0.88
0.18 0.85 0.94 0.84 0.02 0.78 0.59
0.01 0.44 0.48 0.47 0.82 0.38 0.48
0.33 0.88 0.64 0.74 0.05 0.62 0.75
0.05 0.76 0.81 0.20 0.63 0.14 0.63
0.38 0.91 0.01 0.25 0.08 0.08 0.34
0.29 0.52 0.60 0.45 0.78 0.99 0.02
0.97 0.54 0.01 0.79 0.74 0.59 0.88
0.94 0.36 0.24 0.04 0.11 0.47 0.30
0.99 0.73 0.80 1.00 0.12 0.13 0.60
0.80 0.55 0.64 0.02 0.71 0.56 0.58
0.41 0.75 0.37 0.08 0.95 0.12 0.15
0.75 0.50 0.31 0.13 0.34 0.05 0.02
0.24 0.71 0.53 1.00 0.06 0.62 0.85
0.42 0.78 0.86 0.24 0.24 0.04 0.13
0.36 0.68 0.36 0.37 0.14 0.70 0.56
0.79 0.43 0.61 0.01 0.87 0.82 0.53
0.03 0.06 0.79 0.26 0.01 0.86 0.91
0.69 0.12 0.87 0.26 0.62 0.72 0.99
0.58 0.25 0.89 0.19 0.98 0.91 0.07
0.16 0.20 0.47 0.46 0.04 0.26 0.17
0.01 0.21 0.69 0.65 0.64 0.67 0.90
0.29 0.86 0.01 0.70 0.37 0.83 0.78
0.58 0.22 0.86 0.80 0.50 0.03 0.58
0.57 0.15 0.02 0.59 0.51 0.94 0.75
0.05 0.45 0.43 0.37 0.10 0.11 0.22
0.73 0.05 0.84 0.15 0.71 0.79 0.75
0.80 0.23 0.25 0.68 0.31 0.77 0.05
0.83 1.00 0.03 0.02 0.32 0.60 0.82
0.38 0.86 0.57 0.29 0.07 0.41 0.74
0.09 0.75 0.78 0.76 1.00 0.20 0.12
0.61 0.52 0.88 0.98 0.03 0.60 0.67
0.29 0.30 0.06 0.55 0.07 0.30 0.13
0.81 0.05 0.96 0.62 0.35 0.89 0.07
0.62 0.88 0.96 0.77 0.03 0.97 0.53
0.83 0.02 0.94 0.43 0.47 0.25 0.80
0.69 0.28 0.07 0.19 0.36 0.01 0.22
0.81 0.89 0.44 0.01 0.24 0.88 0.52
0.93 0.66 0.52 0.19 0.06 0.63 0.02
0.09 0.16 0.86 0.58 0.77 0.94 0.10
0.14 0.06 0.42 0.14 0.30 0.42 0.18
0.60 0.56 0.74 0.06 0.77 0.07 0.80
0.60 0.04 0.80 0.21 0.74 0.48 0.34
0.12 0.89 0.67 0.56 0.06 0.24 0.77
0.99 0.01 0.77 0.71 0.03 0.12 0.03
0.08 0.91 0.36 0.25 0.35 0.80 0.35
0.67 0.08 0.35 0.58 0.04 0.22 0.90
0.07 0.76 0.97 0.17 0.51 0.11 0.92
0.03 0.76 0.50 0.38 0.52 0.94 0.61
0.16 0.93 0.23 0.58 0.02 0.63 0.97
0.37 0.40 0.15 0.32 0.65 0.16 0.33
0.88 0.03 0.71 0.64 0.14 0.53 0.70
0.97 0.74 0.64 0.01 0.68 0.57 0.14
0.95 0.31 0.99 0.95 0.09 0.15 0.82
0.49 0.02 0.16 0.48 0.01 0.37 0.12
0.59 0.71 0.78 0.04 0.79 0.61 0.15
0.66 0.72 0.55 0.53 0.59 0.15 0.01
0.15 0.27 0.96 0.10 0.14 0.13 0.09
0.97 0.75 0.62 0.77 0.09 0.08 0.96
0.82 0.15 0.07 0.66 0.85 0.84 0.94
0.08 0.30 0.30 0.20 0.68 0.12 0.41
0.41 0.05 0.93 0.79 0.68 0.22 0.65
0.47 0.36 0.60 0.04 0.25 0.11 0.84
0.01 0.93 0.25 0.78 0.89 0.67 0.75
0.70 0.63 0.75 0.01 0.73 0.57 0.68
0.33 0.11 0.85 0.33 0.34 0.47 0.14
0.58 0.70 0.81 0.07 0.10 0.75 0.04
0.01 0.81 0.15 0.75 0.74 0.91 0.91
0.33 0.07 0.35 0.13 0.10 0.34 0.82
0.63 0.66 0.91 0.73 0.05 0.65 0.10
0.87 0.04 0.48 0.39 0.38 0.07 0.27
0.05 0.09 0.94 0.91 0.64 1.00 0.13
0.01 0.25 0.12 0.58 0.87 0.85 0.61
0.75 0.09 0.88 0.70 0.79 0.21 0.01
0.62 0.56 0.99 0.18 0.52 0.92 0.05
0.39 0.09 0.21 0.25 0.06 0.26 0.35
0.11 0.66 0.81 0.01 0.34 0.98 0.54
0.27 0.55 0.40 0.57 0.07 0.66 0.66
0.89 0.44 0.56 0.16 0.71 0.19 0.12
0.72 0.51 0.07 0.06 0.93 0.51 0.56
0.53 0.53 0.75 0.02 0.99 0.63 0.59
0.04 0.57 0.12 0.69 0.21 0.52 0.17
0.93 0.47 0.31 0.03 0.02 0.03 0.28
0.07 0.29 0.75 0.73 0.35 0.58 0.23
0.69 0.61 0.16 0.12 0.61 0.84 0.69
0.04 0.74 0.05 0.37 0.85 0.57 0.54
0.01 0.37 0.14 0.02 0.36 0.55 0.68
0.39 0.02 0.05 0.19 0.71 0.63 0.83
0.06 0.54 0.60 0.21 0.07 0.74 0.57
0.66 0.13 0.90 0.65 0.84 0.05 0.94
0.05 0.55 1.00 0.03 0.34 0.20 0.14
0.90 0.33 0.96 0.14 0.86 0.92 0.03
0.07 1.00 0.54 0.60 0.99 0.05 0.98
0.83 0.28 0.35 0.30 0.03 0.04 0.25
0.04 0.18 0.60 0.67 0.84 0.98 1.00
0.64 0.52 0.61 0.24 0.07 0.35 0.34
0.51 0.26 0.93 0.08 0.27 0.78 0.71
0.12 0.70 0.01 0.62 0.79 0.66 0.78
0.78 0.11 0.27 0.40 0.10 0.02 0.33
0.48 0.67 0.59 0.04 0.35 0.62 0.78
0.31 0.59 0.69 0.22 0.01 0.91 0.75
