250 7
0.06 0.81 0.09 0.02 0.04 0.73 0.19
0.52 0.55 0.73 0.98 0.84 0.83 0.61
0.78 0.75 0.39 0.46 0.03 0.61 0.89
0.04 0.11 0.11 0.35 0.54 0.95 0.44
0.16 0.56 0.68 0.89 0.23 0.80 0.72
0.39 0.56 0.09 0.48 0.77 0.22 0.26
0.99 0.83 0.01 0.56 0.39 0.27 0.41
0.36 0.51 0.84 0.49 0.33 0.23 0.02
0.82 0.66 0.42 0.95 0.53 0.77 0.56
0.13 0.48 0.22 0.38 0.46 0.35 0.50
0.38 0.13 0.12 0.37 0.24 0.43 0.32
0.13 0.42 0.99 0.70 0.86 0.61 0.12
0.65 0.68 0.54 0.59 0.76 0.18 0.53
0.46 0.65 0.27 0.55 0.62 0.14 0.21
0.97 0.10 0.68 0.90 0.71 0.52 0.94
0.87 0.30 0.10 0.87 0.05 0.96 0.26
0.46 0.07 0.17 0.36 0.18 0.55 0.47
0.99 0.74 0.88 1.00 0.07 0.61 0.42
0.12 0.95 0.81 0.75 0.68 0.72 0.97
0.68 0.31 0.03 0.81 0.74 0.66 0.66
0.02 0.26 0.05 0.25 0.16 0.75 0.26
0.13 0.08 0.87 0.68 0.96 0.62 0.91
0.08 0.10 0.91 0.96 0.98 0.97 0.19
0.80 0.58 0.64 0.51 0.52 0.52 0.24
0.84 0.85 0.69 0.74 0.53 0.30 0.57
0.24 0.30 0.22 0.10 0.30 0.28 0.81
0.72 0.68 0.21 0.92 0.02 0.96 0.31
0.46 0.33 0.11 0.14 0.46 0.22 0.59
0.32 0.80 0.80 0.08 0.78 0.16 0.63
0.90 0.97 0.83 0.11 0.50 0.82 0.11
0.94 0.91 0.57 0.51 0.89 0.59 0.23
0.84 0.23 0.39 0.53 0.13 0.54 0.42
0.30 0.67 0.13 0.80 0.91 0.28 0.86
0.05 0.52 0.18 0.54 0.81 0.05 0.23
0.20 0.11 1.00 0.11 0.71 0.74 0.65
0.25 0.09 0.10 0.30 0.84 0.41 0.46
0.96 0.91 0.13 0.72 0.70 0.24 0.24
0.44 0.01 0.89 0.27 0.40 0.13 0.96
0.57 0.05 0.38 0.27 0.75 0.17 0.77
0.06 0.19 0.13 0.28 0.64 0.35 0.45
0.66 0.73 0.38 0.81 0.15 0.86 0.35
0.90 0.45 0.65 0.80 0.08 0.75 0.97
0.20 0.71 0.83 0.11 0.20 0.86 0.22
0.96 0.23 0.80 0.71 0.48 0.56 0.11
0.31 0.72 0.92 0.88 0.03 0.51 0.85
0.41 0.10 0.48 0.77 0.47 0.30 0.41
0.10 0.64 0.12 0.54 0.68 0.51 0.93
0.12 0.40 0.62 0.03 0.79 0.54 0.40
0.04 0.51 0.86 0.08 0.93 0.70 0.34
0.64 0.73 0.12 0.20 0.65 0.61 0.27
0.96 0.65 0.66 0.73 0.52 0.20 0.63
0.54 0.08 0.31 0.25 0.35 0.39 0.81
0.83 0.81 0.25 0.18 0.83 0.66 0.22
0.94 0.27 0.28 0.66 0.04 0.46 0.58
0.41 0.03 0.88 0.59 0.63 0.96 0.60
0.15 0.41 0.16 0.42 0.45 0.45 0.35
0.65 0.05 0.58 0.73 0.71 0.62 0.96
0.27 0.52 0.59 0.07 0.79 0.89 0.11
0.93 0.19 0.02 0.75 0.13 0.10 0.39
0.76 0.45 0.88 0.57 0.90 0.98 0.17
0.15 0.15 0.22 0.98 0.48 0.50 0.10
0.02 0.20 0.55 0.88 0.03 0.93 0.97
0.02 0.82 0.02 0.10 0.93 0.46 0.90
0.69 0.23 0.61 0.61 0.36 0.37 0.71
0.51 0.12 0.64 0.75 0.56 0.51 0.60
0.29 0.37 0.24 0.18 0.47 0.37 0.07
0.57 0.94 0.28 0.32 0.61 0.08 0.76
1.00 0.58 0.50 0.08 0.61 0.93 0.65
0.83 0.95 0.02 0.55 0.31 0.57 0.92
0.25 0.87 0.54 0.65 0.24 0.26 0.60
0.20 0.61 0.83 0.60 0.07 0.71 0.96
0.45 0.71 0.13 0.46 0.03 0.05 0.11
0.99 0.77 0.84 0.13 0.34 0.20 0.79
0.91 0.81 0.51 0.16 0.39 0.43 0.72
0.75 0.94 0.82 0.90 0.81 0.70 0.01
0.37 0.02 0.75 0.51 0.08 0.76 0.85
0.79 0.19 0.34 0.18 0.04 0.01 0.28
0.40 0.21 0.43 0.15 0.56 0.13 0.35
0.22 0.91 0.86 0.23 0.29 0.04 0.11
0.54 0.89 0.54 0.01 0.90 0.92 0.63
0.37 0.37 0.18 0.07 0.20 0.09 0.94
0.86 0.09 0.59 0.04 0.14 0.03 0.28
0.33 0.48 0.25 0.77 0.05 0.47 0.50
0.99 0.69 0.01 0.57 0.71 0.69 0.21
0.07 0.05 0.12 0.50 0.64 0.24 0.12
0.24 0.53 0.09 0.80 0.60 0.67 0.63
0.01 0.65 0.51 0.66 0.87 0.05 0.05
0.22 0.34 0.11 0.34 0.50 0.38 0.30
0.94 0.59 0.01 0.18 0.91 0.06 0.60
0.04 0.17 0.96 0.84 0.25 0.52 0.17
0.94 0.02 0.98 0.62 0.67 0.96 0.84
0.47 0.42 0.22 0.12 0.50 0.33 0.28
0.97 0.47 0.54 0.93 0.75 0.97 0.05
0.61 0.75 0.88 0.89 0.55 0.04 0.97
0.62 0.18 0.22 0.81 0.06 0.31 0.38
0.09 0.66 0.13 0.17 0.70 0.83 0.57
0.72 0.03 1.00 0.88 0.10 0.89 0.51
0.37 0.39 0.18 0.41 0.04 0.08 0.55
0.35 0.51 0.53 0.04 0.52 0.83 0.87
0.29 0.04 0.51 0.32 0.20 0.40 0.48
0.05 0.58 0.52 0.94 0.65 0.49 0.91
0.02 0.24 0.98 0.61 0.03 0.84 0.83
0.68 0.15 0.63 0.06 0.91 0.48 0.49
0.49 0.13 0.78 0.44 0.62 0.74 0.27
0.04 0.54 0.85 0.18 0.58 0.73 0.84
0.48 0.26 0.15 0.28 0.24 0.30 0.32
0.75 0.75 0.54 0.09 0.50 0.71 0.77
0.94 0.08 0.94 0.14 0.87 0.63 0.66
0.91 0.94 0.11 0.19 0.68 0.07 0.68
0.85 0.40 0.32 0.14 0.50 0.02 0.30
0.67 0.44 0.83 0.26 0.26 0.55 0.46
0.20 0.17 0.65 0.12 0.60 0.84 0.76
0.74 0.01 0.73 0.97 0.62 0.92 0.93
0.44 0.11 0.29 0.99 0.02 0.01 0.13
0.73 0.53 0.85 0.59 0.87 0.02 0.63
0.03 0.26 0.37 0.09 0.08 0.34 0.08
0.88 0.98 0.02 0.09 0.86 0.55 0.59
0.40 0.92 0.34 0.33 0.06 0.33 0.89
0.27 0.71 0.89 0.70 0.10 0.02 0.95
0.70 0.15 0.68 0.26 0.86 0.74 0.04
0.96 0.83 0.51 0.99 0.85 0.25 0.02
0.59 0.89 0.03 0.77 0.19 0.56 0.62
0.40 0.06 0.76 0.39 0.31 0.05 0.17
0.69 0.05 0.80 0.70 0.13 0.59 0.51
0.99 0.62 0.94 0.06 0.06 0.73 0.70
0.27 0.12 0.95 0.16 0.69 0.33 0.72
0.79 0.42 0.19 0.88 0.06 0.07 0.46
0.02 0.95 0.72 0.22 0.90 0.57 0.75
0.21 0.53 0.23 0.27 0.36 0.03 0.35
0.89 0.61 0.62 0.92 0.02 0.33 0.79
0.74 0.64 0.42 0.79 0.93 0.42 0.06
0.11 0.43 0.99 0.21 0.31 0.24 0.49
1.00 0.24 0.99 0.57 0.86 0.72 0.04
0.84 0.06 0.57 0.33 0.13 0.95 0.65
0.51 0.55 0.77 0.07 0.66 0.79 0.74
0.31 0.04 0.11 0.94 0.40 0.11 0.04
0.97 0.95 0.10 0.92 0.87 0.05 0.86
0.39 0.61 0.06 0.18 0.03 0.06 0.31
0.15 0.24 0.89 0.74 0.92 0.02 0.77
0.53 0.12 0.93 0.16 0.21 0.29 0.89
0.73 0.53 0.09 0.59 0.90 0.54 0.27
0.22 0.24 0.53 0.07 0.32 0.44 0.15
0.57 0.74 0.61 0.62 0.44 0.01 0.78
0.07 0.25 0.49 0.64 0.67 0.02 0.77
0.70 0.22 0.91 0.68 0.04 0.62 0.49
0.20 0.96 0.45 0.15 0.75 0.18 0.76
0.02 0.91 0.73 0.69 0.21 0.05 0.75
0.74 0.87 0.79 0.06 0.65 0.90 0.11
0.36 0.04 0.62 0.08 0.59 0.42 0.37
0.57 0.04 0.88 0.83 0.94 0.28 0.02
0.99 0.79 0.92 0.41 0.88 0.84 0.02
0.14 0.03 0.49 0.18 0.10 0.62 0.44
0.04 0.74 0.34 0.11 0.75 0.78 0.94
0.99 0.03 0.80 0.89 0.46 0.32 0.58
0.19 0.01 0.50 0.65 0.47 0.09 0.83
0.85 0.86 0.72 0.92 0.98 0.67 0.04
0.69 0.36 0.07 0.39 0.34 0.45 0.71
0.88 0.02 0.83 0.78 0.36 0.45 0.58
0.37 0.59 0.34 0.45 0.16 0.73 0.12
0.65 0.40 0.05 0.76 0.92 0.73 0.56
0.55 0.09 0.13 0.58 0.47 0.62 0.41
0.85 0.64 0.04 0.84 0.70 0.25 0.58
0.25 0.19 0.16 0.33 0.19 0.25 0.39
0.82 0.78 0.13 0.27 0.10 0.27 0.18
0.80 0.13 0.39 0.59 0.38 0.14 0.81
0.02 0.60 0.52 0.96 0.33 0.60 0.51
0.30 0.84 0.78 0.82 0.23 0.12 0.87
0.34 0.87 0.66 0.97 0.04 0.75 0.04
0.99 0.66 0.64 0.72 0.02 0.04 0.61
0.87 0.01 0.79 0.58 0.53 0.89 0.66
0.12 0.24 0.35 0.20 0.16 0.43 0.31
0.79 0.09 0.08 0.56 0.52 0.89 0.56
0.34 0.66 0.05 0.74 0.94 0.07 0.59
0.14 0.30 0.14 0.96 0.07 1.00 0.12
0.60 0.91 0.01 0.65 0.75 0.22 0.69
0.51 0.88 0.41 0.12 0.64 0.27 0.07
0.47 0.94 0.80 0.56 0.55 0.11 0.06
0.53 0.70 0.74 0.76 0.25 0.05 0.49
0.41 0.25 0.82 0.69 0.11 0.84 0.38
0.68 0.42 0.04 0.74 0.89 0.63 0.64
0.11 0.77 0.23 0.05 0.05 0.23 0.79
0.62 0.75 0.61 0.06 1.00 0.86 0.47
0.34 0.09 0.23 0.21 0.35 0.41 0.60
0.83 0.83 0.75 0.90 0.01 0.63 0.81
0.39 0.48 0.05 0.01 0.06 0.10 0.44
0.39 0.20 0.18 0.98 0.12 0.98 0.14
0.04 0.51 0.86 0.08 0.64 0.53 0.99
0.06 0.78 0.51 0.48 0.92 0.31 0.38
0.01 0.58 0.75 0.69 0.86 0.61 0.33
0.34 0.58 0.07 0.98 0.89 0.51 0.94
0.41 0.85 0.64 0.80 0.55 0.02 0.67
1.00 0.74 0.06 0.97 0.48 0.66 0.26
0.01 0.63 0.12 0.53 0.85 0.60 0.74
0.24 0.05 0.47 0.28 0.28 0.29 0.25
0.29 0.20 0.17 0.55 0.94 0.70 0.01
0.01 0.80 0.16 0.54 1.00 0.41 0.75
0.81 0.81 0.04 0.95 0.62 0.59 0.99
0.23 0.21 0.61 0.48 0.15 0.12 0.45
0.77 0.78 1.00 0.53 0.72 0.33 0.01
0.62 0.29 0.52 0.86 0.56 0.12 0.22
0.60 0.60 0.02 0.61 0.82 0.70 1.00
0.42 0.31 0.17 0.10 0.64 0.27 0.18
0.77 0.66 0.57 0.90 0.93 0.01 1.00
0.47 0.34 0.64 0.28 0.40 0.33 0.15
0.92 0.83 0.17 0.11 0.07 0.53 0.34
0.83 0.28 0.06 0.56 0.54 0.39 0.61
0.60 0.37 0.75 0.98 0.09 0.95 0.06
0.17 0.04 0.64 0.32 0.87 0.32 0.46
0.53 0.02 0.80 0.65 0.70 0.83 0.57
0.47 0.20 0.90 0.31 0.13 0.10 0.07
0.66 0.69 0.02 0.76 0.93 0.11 0.71
0.39 0.10 0.37 0.34 0.80 0.12 0.08
0.56 0.56 0.14 0.65 0.75 0.08 0.94
0.35 0.89 0.83 0.16 0.80 0.09 0.30
0.07 0.25 0.84 0.92 0.59 0.83 0.32
0.27 0.73 0.74 0.13 0.01 0.74 0.04
0.88 0.01 0.30 0.88 0.95 0.39 0.93
0.02 0.57 0.91 0.58 0.63 0.49 0.56
0.44 0.34 0.11 0.72 0.10 0.96 0.96
0.22 0.14 0.48 0.04 0.13 0.07 0.37
0.75 0.99 0.62 0.81 0.36 0.32 0.05
0.83 0.44 0.88 0.73 0.01 0.51 0.70
0.60 0.04 0.13 0.33 0.93 0.87 0.63
0.01 0.72 0.54 0.64 0.67 0.71 0.09
0.36 0.03 0.35 0.76 0.40 0.45 0.12
0.05 0.35 0.05 0.88 0.65 0.57 0.93
0.34 0.83 0.50 0.01 0.77 0.20 0.68
0.94 0.62 0.56 0.08 0.65 0.33 0.14
0.57 0.74 0.03 0.54 0.96 0.75 0.56
0.03 0.12 0.48 0.14 0.10 0.42 0.31
0.03 0.91 0.29 0.54 0.98 0.22 0.11
0.81 0.01 0.76 0.52 0.25 0.71 0.51
0.70 0.01 0.81 0.95 0.73 0.88 0.73
0.23 0.93 0.32 0.40 0.45 0.24 0.12
0.83 0.37 0.52 0.13 0.01 0.94 0.80
0.73 0.26 0.99 0.60 0.05 0.96 0.66
0.55 0.27 0.27 0.65 0.28 0.40 0.16
0.04 0.88 0.32 0.11 0.57 0.76 0.19
0.99 0.92 0.51 0.80 0.62 0.97 0.06
0.44 0.19 0.04 0.57 0.06 0.41 0.35
0.65 0.03 0.83 0.45 0.19 0.66 0.43
0.30 0.17 0.81 0.70 0.55 0.90 0.13
0.87 0.57 0.77 0.58 0.06 0.59 0.16
0.17 0.09 0.05 0.46 0.22 0.04 0.49
0.01 0.68 0.03 0.71 0.65 0.12 0.59
0.93 0.91 0.03 0.17 0.76 0.53 0.65
0.05 0.55 1.00 0.57 0.03 0.27 0.81
0.70 0.34 0.36 0.38 0.02 0.66 0.97
0.03 0.22 0.14 0.93 0.28 0.36 0.99
0.76 0.70 0.77 0.59 0.69 0.68 0.04
