500 4
0.37 0.46 0.07 0.45
0.57 0.64 0.87 0.11
0.26 0.40 0.94 0.95
0.64 0.89 0.82 0.30
0.72 0.77 0.81 0.13
0.72 0.09 0.28 0.97
0.58 0.15 0.69 0.70
0.83 0.08 0.94 0.32
0.77 0.07 0.88 0.98
0.67 0.53 0.99 0.06
0.95 0.21 0.36 0.53
0.82 0.94 0.03 0.26
0.55 0.73 0.31 0.40
0.52 0.97 0.87 0.14
0.37 0.03 0.90 0.81
0.75 0.16 0.62 0.61
0.15 0.71 0.85 0.93
0.80 0.74 0.62 0.20
0.29 0.64 0.93 0.85
0.73 0.35 0.66 0.36
0.29 0.26 0.54 0.30
0.53 0.36 0.29 0.93
0.80 0.02 0.87 0.53
0.78 0.12 0.89 0.69
0.14 0.60 0.63 0.30
0.64 0.13 0.08 0.62
0.22 0.71 0.57 0.38
0.64 0.69 0.18 0.41
0.66 0.42 0.72 0.16
0.17 0.93 0.56 0.03
0.04 0.91 0.03 0.18
0.88 0.40 0.13 0.57
0.78 0.53 0.17 0.33
0.58 0.90 0.79 0.24
0.57 0.66 0.95 0.07
0.85 0.02 0.74 0.62
0.07 0.64 0.52 0.95
0.73 0.45 0.60 0.28
0.68 0.64 0.13 0.24
0.40 0.31 0.12 0.02
0.15 0.70 0.18 0.75
0.54 0.11 0.78 0.34
0.21 0.65 0.23 0.53
1.00 0.83 0.02 0.69
0.06 0.71 0.99 0.93
0.62 0.07 0.73 0.85
0.20 0.76 0.71 0.13
0.29 0.44 0.11 0.04
0.03 0.52 0.26 0.10
0.77 0.15 0.23 0.47
0.24 0.38 0.57 0.95
0.26 0.32 0.72 0.20
0.05 0.38 0.97 0.95
0.09 0.05 0.55 0.76
0.63 0.22 0.72 0.16
0.58 0.08 0.38 0.85
0.58 0.23 0.27 0.76
0.89 0.05 0.69 0.12
0.97 0.04 0.82 0.56
0.64 0.19 0.14 0.32
0.01 0.53 0.05 0.10
0.53 0.19 0.23 0.88
0.60 0.13 0.76 0.04
0.10 1.00 0.26 0.01
0.49 0.04 0.54 0.56
0.58 0.06 0.24 0.26
0.78 0.05 0.76 0.16
0.79 0.03 0.01 0.23
0.37 0.18 0.69 0.35
0.72 0.09 0.23 0.17
0.50 0.15 0.20 0.97
0.12 0.41 0.06 0.61
0.54 0.02 0.05 0.39
0.48 0.22 0.66 0.55
0.58 0.27 0.27 0.17
0.72 0.27 0.66 0.09
0.01 0.34 0.15 0.86
0.62 0.52 0.02 0.80
0.60 0.01 0.63 0.10
0.55 0.04 0.83 0.14
0.01 0.26 0.79 0.67
0.04 0.26 0.80 0.54
0.14 0.65 0.74 0.04
0.60 0.02 0.62 0.30
0.56 0.88 0.02 0.50
0.06 0.41 0.64 0.58
0.83 0.01 0.08 0.66
0.28 0.68 0.47 0.05
0.26 0.14 0.75 0.50
0.30 0.27 0.37 0.38
0.18 0.02 0.49 0.71
0.47 0.08 0.83 0.05
0.01 0.01 0.91 0.37
0.61 0.60 0.48 0.01
0.14 0.03 0.76 0.86
0.08 0.38 0.73 0.71
0.01 0.93 0.54 0.03
0.16 0.31 0.95 0.19
0.31 0.96 0.56 0.01
0.64 0.20 0.81 0.02
0.73 0.51 0.04 0.17
0.62 0.78 0.04 0.69
0.72 0.54 0.01 0.44
0.72 0.15 0.02 0.91
0.84 0.29 0.06 0.22
0.14 0.41 0.28 0.31
0.19 0.13 0.75 0.25
0.17 0.06 0.90 0.28
0.72 0.21 0.01 0.93
0.75 0.17 0.13 0.30
0.52 0.24 0.35 0.58
0.26 0.13 0.01 0.48
0.16 0.19 0.28 0.93
0.80 0.05 0.52 0.14
0.41 0.55 0.34 0.01
0.06 0.38 0.63 0.46
0.64 0.98 0.04 0.07
0.27 0.96 0.68 0.02
0.15 0.46 0.89 0.15
0.38 0.33 0.61 0.01
0.52 0.07 0.23 0.98
0.03 0.51 0.85 0.64
0.14 0.30 0.87 0.04
0.35 0.43 0.06 0.11
0.28 0.10 0.13 0.83
0.05 0.37 0.80 0.26
0.09 0.33 0.71 0.75
0.75 0.24 0.57 0.07
0.37 0.07 0.74 0.62
0.04 0.02 0.77 0.52
0.13 0.29 0.60 0.68
0.05 0.04 0.16 0.88
0.34 0.08 0.82 0.33
0.05 0.66 0.73 0.03
0.16 0.24 0.44 0.53
0.29 0.07 0.19 0.77
0.88 0.30 0.73 0.05
0.05 0.34 0.24 0.58
0.15 0.29 0.04 0.60
0.97 0.01 0.60 0.08
0.03 0.05 0.15 0.81
0.85 0.02 0.82 0.04
0.80 0.01 0.26 0.71
0.26 0.02 0.76 0.02
0.24 0.30 0.73 0.11
0.54 0.10 0.64 0.18
0.24 0.16 0.74 0.01
0.04 0.20 0.71 0.52
0.22 0.79 0.85 0.01
0.27 0.91 0.07 0.03
0.02 0.50 0.67 0.59
0.38 0.10 0.71 0.65
0.02 0.38 0.47 0.04
0.20 0.20 0.10 0.19
0.71 0.02 0.54 0.22
0.34 0.85 0.61 0.03
0.49 0.09 0.39 0.57
0.70 0.65 0.01 0.34
0.09 0.22 0.09 0.48
0.40 0.01 0.89 0.23
0.55 0.05 0.41 0.28
0.72 0.54 0.01 0.33
0.07 0.46 0.01 0.76
0.70 0.18 0.49 0.01
0.23 0.14 0.51 0.64
0.68 0.01 0.14 0.64
0.94 0.12 0.71 0.08
0.84 0.25 0.13 0.18
0.72 0.91 0.20 0.01
0.04 0.52 0.05 0.39
0.04 0.20 0.70 0.52
0.01 0.27 0.38 0.96
1.00 0.10 0.65 0.06
0.25 0.03 0.18 0.03
0.04 0.03 0.28 0.35
0.38 0.01 0.87 0.82
1.00 0.02 0.42 0.28
0.53 0.82 0.03 0.21
0.01 0.04 0.75 0.76
0.05 0.37 0.22 0.68
0.34 0.21 0.12 0.08
0.53 0.02 0.61 0.65
0.53 0.06 0.17 0.76
0.03 0.42 0.23 0.65
0.80 0.01 0.18 0.43
0.16 0.69 0.66 0.01
0.84 0.43 0.03 0.20
0.04 0.37 0.65 0.07
0.66 0.15 0.51 0.01
0.66 0.82 0.03 0.08
0.87 0.15 0.02 0.04
0.36 0.57 0.52 0.02
0.03 0.31 0.81 0.59
0.54 0.05 0.09 0.25
0.08 0.29 0.01 0.80
0.16 0.02 0.52 0.70
0.14 0.19 0.52 0.18
0.05 0.33 0.48 0.18
0.10 0.73 0.34 0.01
0.01 0.19 0.41 0.72
0.01 0.53 0.83 0.08
0.42 0.09 0.09 0.90
0.96 0.01 0.26 0.32
0.03 0.79 0.03 0.86
0.11 0.23 0.06 0.13
0.41 0.74 0.09 0.03
0.25 0.68 0.01 0.53
0.55 0.02 0.54 0.37
0.41 0.11 0.11 0.84
0.40 0.11 0.10 0.19
0.24 0.83 0.03 0.51
0.90 0.01 0.03 0.09
0.14 0.15 0.01 0.16
0.12 0.54 0.04 0.64
0.57 0.58 0.03 0.04
0.83 0.60 0.32 0.01
0.63 0.13 0.02 0.30
0.82 0.92 0.16 0.01
0.04 0.13 0.20 0.69
0.25 0.02 0.69 0.64
0.52 0.06 0.07 0.94
0.67 0.01 0.01 0.86
0.03 0.24 0.43 0.58
0.26 0.59 0.10 0.06
0.24 0.05 0.79 0.30
0.07 0.40 0.09 0.69
0.57 0.25 0.20 0.02
0.67 0.27 0.04 0.10
0.10 0.12 0.05 0.45
0.81 0.55 0.11 0.02
0.02 0.63 0.43 0.05
0.22 0.83 0.02 0.15
0.16 0.09 0.77 0.05
0.01 0.42 0.87 0.58
0.14 0.01 0.54 0.82
0.01 0.59 0.89 0.07
0.16 0.69 0.13 0.02
0.06 0.03 0.59 0.15
0.11 0.01 0.28 0.24
0.69 0.06 0.16 0.01
0.13 0.11 0.09 0.74
0.15 0.31 0.59 0.01
0.11 0.04 0.27 0.54
0.02 0.76 0.04 0.93
0.01 0.34 0.71 0.40
0.42 1.00 0.02 0.11
0.27 0.60 0.51 0.01
0.63 0.01 0.27 0.04
0.76 0.54 0.10 0.08
0.17 0.18 0.62 0.05
0.02 0.11 0.81 0.65
0.11 0.17 0.67 0.11
0.33 0.13 0.09 0.28
0.14 0.51 0.79 0.03
0.02 0.97 0.38 0.03
0.01 0.44 0.20 0.11
0.04 0.33 0.80 0.26
0.23 0.07 0.02 0.97
0.43 0.11 0.08 0.12
0.11 0.83 0.06 0.07
0.64 0.08 0.02 0.70
0.09 0.18 0.85 0.14
0.01 0.17 0.75 0.05
0.05 0.82 0.97 0.02
0.32 0.65 0.04 0.04
0.44 0.01 0.40 0.19
0.52 0.05 0.06 0.66
0.11 0.95 0.02 0.27
0.31 0.46 0.08 0.06
0.04 0.92 0.54 0.02
0.13 0.17 0.91 0.04
0.52 0.09 0.11 0.43
0.01 0.22 0.36 0.91
0.04 0.62 0.04 0.18
0.29 0.24 0.02 0.07
0.08 0.06 0.54 0.32
0.62 0.86 0.06 0.01
0.04 0.71 0.32 0.01
0.80 0.07 0.09 0.13
0.02 0.21 0.55 0.28
0.01 0.26 0.01 0.16
0.03 0.02 0.76 0.73
0.20 0.22 0.60 0.06
0.03 0.12 0.75 0.62
0.04 0.02 0.07 0.65
0.23 0.54 0.50 0.02
0.64 0.04 0.01 0.13
0.03 0.03 0.62 0.09
0.52 0.01 0.92 0.06
0.52 0.01 0.08 0.69
0.11 0.76 0.08 0.01
0.04 0.47 0.69 0.03
0.63 0.08 0.41 0.02
0.07 0.14 0.01 0.91
0.01 0.21 0.43 0.35
0.13 0.03 0.18 0.55
0.02 0.12 0.12 0.74
0.55 0.74 0.04 0.03
0.07 0.02 0.12 0.33
0.43 0.06 0.10 0.58
0.64 0.70 0.09 0.03
0.17 0.19 0.70 0.02
0.60 0.02 0.66 0.06
0.08 0.34 0.84 0.02
0.27 0.05 0.01 0.96
0.06 0.14 0.09 0.48
0.27 0.07 0.04 0.25
0.11 0.21 0.87 0.03
0.05 0.87 0.01 0.14
0.07 0.05 0.76 0.02
0.19 0.66 0.15 0.09
0.18 0.53 0.40 0.01
0.08 0.39 0.71 0.02
0.03 0.41 0.97 0.02
0.44 0.33 0.51 0.01
0.03 0.02 0.82 0.62
0.28 0.69 0.06 0.09
0.10 0.07 0.06 0.54
1.00 0.05 0.64 0.02
0.64 0.58 0.03 0.01
0.48 0.23 0.05 0.04
0.05 0.58 0.79 0.02
0.69 0.22 0.11 0.07
0.01 0.12 0.79 0.61
0.13 0.13 0.59 0.14
0.04 0.16 0.05 0.06
0.75 0.64 0.01 0.03
0.18 0.50 0.34 0.01
0.20 0.66 0.15 0.03
0.78 0.21 0.07 0.02
0.14 0.02 0.55 0.20
0.60 0.74 0.03 0.03
0.55 0.08 0.54 0.02
0.25 0.46 0.39 0.02
0.14 0.07 0.03 0.75
0.24 0.09 0.55 0.16
0.06 0.59 0.50 0.02
0.28 0.84 0.02 0.11
0.77 0.54 0.04 0.05
0.55 0.02 0.13 0.02
0.38 0.01 0.04 0.72
1.00 0.87 0.01 0.02
0.31 0.50 0.07 0.01
0.12 0.03 0.03 0.67
0.21 0.01 0.79 0.23
0.43 0.01 0.29 0.09
0.42 0.18 0.18 0.01
0.08 0.01 0.28 0.66
0.50 0.80 0.05 0.01
0.79 0.01 0.23 0.57
0.22 0.01 0.08 0.33
0.11 0.23 0.22 0.01
0.89 0.09 0.04 0.11
0.03 0.16 0.20 0.51
0.33 0.79 0.02 0.06
0.30 0.07 0.02 0.67
0.68 0.72 0.02 0.01
0.70 0.73 0.01 0.02
0.10 0.28 0.48 0.01
0.29 0.04 0.03 0.54
0.27 0.02 0.07 0.10
0.02 0.22 0.82 0.02
0.52 0.80 0.01 0.01
0.13 0.02 0.03 0.98
0.03 0.06 0.33 0.38
0.08 0.05 0.11 0.03
0.16 0.06 0.05 0.62
0.19 0.24 0.06 0.01
0.09 0.01 0.86 0.59
0.03 0.10 0.19 0.60
0.59 0.03 0.01 0.71
0.01 0.45 0.36 0.10
0.02 0.16 0.45 0.64
0.03 0.67 0.13 0.07
0.01 0.70 0.92 0.01
0.56 0.01 0.78 0.02
0.48 0.23 0.01 0.11
0.01 0.21 0.31 0.90
0.08 0.01 0.23 0.10
0.18 0.10 0.68 0.02
0.05 0.67 0.04 0.07
0.75 0.04 0.66 0.01
0.02 0.28 0.66 0.15
0.14 0.16 0.85 0.01
0.06 0.01 0.89 0.78
0.07 0.02 0.04 0.65
0.02 0.09 0.72 0.84
0.01 0.10 0.58 0.12
0.03 0.02 0.23 0.96
0.03 0.04 0.60 0.93
0.54 0.25 0.01 0.02
0.10 0.10 0.61 0.02
0.76 0.14 0.01 0.06
0.03 0.56 0.65 0.01
0.64 0.39 0.05 0.01
0.11 0.65 0.02 0.02
0.03 0.16 0.89 0.03
0.07 0.01 0.45 0.83
0.05 0.01 0.87 0.52
0.02 0.20 0.08 0.63
0.01 0.75 0.55 0.03
0.05 0.09 0.12 0.11
0.02 0.16 0.04 0.79
0.02 0.01 0.88 0.76
0.02 0.88 0.09 0.06
0.26 0.10 0.05 0.50
0.04 0.03 0.10 0.64
0.04 0.01 0.49 0.41
0.02 0.06 0.81 0.53
0.01 0.13 0.17 0.55
0.38 0.05 0.52 0.01
0.06 0.33 0.59 0.01
0.01 0.05 0.60 0.62
0.06 0.78 0.14 0.03
0.28 0.99 0.01 0.12
0.45 0.03 0.10 0.02
0.17 0.05 0.01 0.85
0.56 0.04 0.01 0.81
0.01 0.12 0.12 0.31
0.71 0.13 0.04 0.09
0.87 0.01 0.80 0.01
0.03 0.71 0.05 0.02
0.09 0.28 0.90 0.01
0.24 0.06 0.01 0.41
0.02 0.10 0.20 0.29
0.21 0.03 0.10 0.61
0.07 0.46 0.55 0.02
0.32 0.04 0.38 0.02
0.11 0.16 0.01 0.72
0.01 0.91 0.55 0.02
0.18 0.06 0.09 0.47
0.01 0.26 0.88 0.03
0.19 0.01 0.10 0.59
0.24 0.02 0.01 0.88
0.03 0.27 0.50 0.08
0.01 0.52 0.97 0.01
0.59 0.01 0.05 0.21
0.06 0.02 0.66 0.33
0.23 0.53 0.02 0.07
0.08 0.04 0.21 0.19
0.01 0.65 0.61 0.02
0.73 0.08 0.05 0.06
0.12 0.03 0.18 0.05
0.05 0.52 0.24 0.03
0.54 0.02 0.01 0.16
0.49 0.04 0.13 0.01
0.03 0.09 0.46 0.05
0.44 0.43 0.02 0.04
0.05 0.06 0.03 0.66
0.31 0.01 0.03 0.09
0.06 0.40 0.42 0.02
0.03 0.50 0.35 0.10
0.10 0.24 0.03 0.26
0.56 0.01 0.59 0.08
0.68 0.01 0.36 0.02
0.14 0.08 0.03 0.58
0.86 0.01 0.21 0.04
0.22 0.11 0.02 0.61
0.02 0.02 0.90 0.54
0.27 0.01 0.94 0.06
0.34 0.27 0.01 0.12
0.03 0.04 0.49 0.92
0.19 0.59 0.05 0.04
0.08 0.04 0.93 0.04
0.37 0.01 0.02 0.99
0.05 0.17 0.02 0.52
0.01 0.06 0.63 0.09
0.01 0.48 0.19 0.10
0.04 0.42 0.38 0.01
0.01 0.79 0.48 0.01
0.23 0.08 0.43 0.01
0.12 0.38 0.20 0.01
0.18 0.92 0.01 0.12
0.07 0.65 0.25 0.01
0.06 0.55 0.29 0.02
0.11 0.45 0.02 0.03
0.01 0.04 0.19 0.67
0.25 0.17 0.08 0.05
0.98 0.23 0.01 0.05
0.49 0.11 0.08 0.02
0.39 0.04 0.31 0.01
0.02 0.12 0.01 0.09
0.15 0.28 0.09 0.02
0.89 0.12 0.01 0.02
0.59 0.78 0.03 0.01
0.61 0.01 0.58 0.07
0.01 0.27 0.77 0.03
0.05 0.80 0.24 0.01
0.01 0.56 0.66 0.04
0.82 0.54 0.01 0.01
0.01 0.06 0.07 0.59
0.02 0.03 0.32 0.53
0.32 0.02 0.18 0.04
0.04 0.07 0.21 0.52
0.02 0.05 0.71 0.36
0.48 0.91 0.04 0.01
0.36 0.10 0.01 0.29
0.15 0.65 0.01 0.06
0.14 0.04 0.02 0.85
0.37 0.05 0.02 0.84
