500 4
37 46 7 45
57 64 87 11
26 40 94 95
64 89 82 30
72 77 81 13
72 9 28 97
58 15 69 70
83 8 94 32
77 7 88 98
67 53 99 6
95 21 36 53
82 94 3 26
55 73 31 40
52 97 87 14
37 3 90 81
75 16 62 61
15 71 85 93
80 74 62 20
29 64 93 85
73 35 66 36
29 26 54 30
53 36 29 93
80 2 87 53
78 12 89 69
14 60 63 30
64 13 8 62
22 71 57 38
64 69 18 41
66 42 72 16
17 93 56 3
4 91 3 18
88 40 13 57
78 53 17 33
58 90 79 24
57 66 95 7
85 2 74 62
7 64 52 95
73 45 60 28
68 64 13 24
40 31 12 2
15 70 18 75
54 11 78 34
21 65 23 53
100 83 2 69
6 71 99 93
62 7 73 85
20 76 71 13
29 44 11 4
3 52 26 10
77 15 23 47
24 38 57 95
26 32 72 20
5 38 97 95
9 5 55 76
63 22 72 16
58 8 38 85
58 23 27 76
89 5 69 12
97 4 82 56
64 19 14 32
1 53 5 10
53 19 23 88
60 13 76 4
10 100 26 1
49 4 54 56
58 6 24 26
78 5 76 16
79 3 1 23
37 18 69 35
72 9 23 17
50 15 20 97
12 41 6 61
54 2 5 39
48 22 66 55
58 27 27 17
72 27 66 9
1 34 15 86
62 52 2 80
60 1 63 10
55 4 83 14
1 26 79 67
4 26 80 54
14 65 74 4
60 2 62 30
56 88 2 50
6 41 64 58
83 1 8 66
28 68 47 5
26 14 75 50
30 27 37 38
18 2 49 71
47 8 83 5
1 1 91 37
61 60 48 1
14 3 76 86
8 38 73 71
1 93 54 3
16 31 95 19
31 96 56 1
64 20 81 2
73 51 4 17
62 78 4 69
72 54 1 44
72 15 2 91
84 29 6 22
14 41 28 31
19 13 75 25
17 6 90 28
72 21 1 93
75 17 13 30
52 24 35 58
26 13 1 48
16 19 28 93
80 5 52 14
41 55 34 1
6 38 63 46
64 98 4 7
27 96 68 2
15 46 89 15
38 33 61 1
52 7 23 98
3 51 85 64
14 30 87 4
35 43 6 11
28 10 13 83
5 37 80 26
9 33 71 75
75 24 57 7
37 7 74 62
4 2 77 52
13 29 60 68
5 4 16 88
34 8 82 33
5 66 73 3
16 24 44 53
29 7 19 77
88 30 73 5
5 34 24 58
15 29 4 60
97 1 60 8
3 5 15 81
85 2 82 4
80 1 26 71
26 2 76 2
24 30 73 11
54 10 64 18
24 16 74 1
4 20 71 52
22 79 85 1
27 91 7 3
2 50 67 59
38 10 71 65
2 38 47 4
20 20 10 19
71 2 54 22
34 85 61 3
49 9 39 57
70 65 1 34
9 22 9 48
40 1 89 23
55 5 41 28
72 54 1 33
7 46 1 76
70 18 49 1
23 14 51 64
68 1 14 64
94 12 71 8
84 25 13 18
72 91 20 1
4 52 5 39
4 20 70 52
1 27 38 96
100 10 65 6
25 3 18 3
4 3 28 35
38 1 87 82
100 2 42 28
53 82 3 21
1 4 75 76
5 37 22 68
34 21 12 8
53 2 61 65
53 6 17 76
3 42 23 65
80 1 18 43
16 69 66 1
84 43 3 20
4 37 65 7
66 15 51 1
66 82 3 8
87 15 2 4
36 57 52 2
3 31 81 59
54 5 9 25
8 29 1 80
16 2 52 70
14 19 52 18
5 33 48 18
10 73 34 1
1 19 41 72
1 53 83 8
42 9 9 90
96 1 26 32
3 79 3 86
11 23 6 13
41 74 9 3
25 68 1 53
55 2 54 37
41 11 11 84
40 11 10 19
24 83 3 51
90 1 3 9
14 15 1 16
12 54 4 64
57 58 3 4
83 60 32 1
63 13 2 30
82 92 16 1
4 13 20 69
25 2 69 64
52 6 7 94
67 1 1 86
3 24 43 58
26 59 10 6
24 5 79 30
7 40 9 69
57 25 20 2
67 27 4 10
10 12 5 45
81 55 11 2
2 63 43 5
22 83 2 15
16 9 77 5
1 42 87 58
14 1 54 82
1 59 89 7
16 69 13 2
6 3 59 15
11 1 28 24
69 6 16 1
13 11 9 74
15 31 59 1
11 4 27 54
2 76 4 93
1 34 71 40
42 100 2 11
27 60 51 1
63 1 27 4
76 54 10 8
17 18 62 5
2 11 81 65
11 17 67 11
33 13 9 28
14 51 79 3
2 97 38 3
1 44 20 11
4 33 80 26
23 7 2 97
43 11 8 12
11 83 6 7
64 8 2 70
9 18 85 14
1 17 75 5
5 82 97 2
32 65 4 4
44 1 40 19
52 5 6 66
11 95 2 27
31 46 8 6
4 92 54 2
13 17 91 4
52 9 11 43
1 22 36 91
4 62 4 18
29 24 2 7
8 6 54 32
62 86 6 1
4 71 32 1
80 7 9 13
2 21 55 28
1 26 1 16
3 2 76 73
20 22 60 6
3 12 75 62
4 2 7 65
23 54 50 2
64 4 1 13
3 3 62 9
52 1 92 6
52 1 8 69
11 76 8 1
4 47 69 3
63 8 41 2
7 14 1 91
1 21 43 35
13 3 18 55
2 12 12 74
55 74 4 3
7 2 12 33
43 6 10 58
64 70 9 3
17 19 70 2
60 2 66 6
8 34 84 2
27 5 1 96
6 14 9 48
27 7 4 25
11 21 87 3
5 87 1 14
7 5 76 2
19 66 15 9
18 53 40 1
8 39 71 2
3 41 97 2
44 33 51 1
3 2 82 62
28 69 6 9
10 7 6 54
100 5 64 2
64 58 3 1
48 23 5 4
5 58 79 2
69 22 11 7
1 12 79 61
13 13 59 14
4 16 5 6
75 64 1 3
18 50 34 1
20 66 15 3
78 21 7 2
14 2 55 20
60 74 3 3
55 8 54 2
25 46 39 2
14 7 3 75
24 9 55 16
6 59 50 2
28 84 2 11
77 54 4 5
55 2 13 2
38 1 4 72
100 87 1 2
31 50 7 1
12 3 3 67
21 1 79 23
43 1 29 9
42 18 18 1
8 1 28 66
50 80 5 1
79 1 23 57
22 1 8 33
11 23 22 1
89 9 4 11
3 16 20 51
33 79 2 6
30 7 2 67
68 72 2 1
70 73 1 2
10 28 48 1
29 4 3 54
27 2 7 10
2 22 82 2
52 80 1 1
13 2 3 98
3 6 33 38
8 5 11 3
16 6 5 62
19 24 6 1
9 1 86 59
3 10 19 60
59 3 1 71
1 45 36 10
2 16 45 64
3 67 13 7
1 70 92 1
56 1 78 2
48 23 1 11
1 21 31 90
8 1 23 10
18 10 68 2
5 67 4 7
75 4 66 1
2 28 66 15
14 16 85 1
6 1 89 78
7 2 4 65
2 9 72 84
1 10 58 12
3 2 23 96
3 4 60 93
54 25 1 2
10 10 61 2
76 14 1 6
3 56 65 1
64 39 5 1
11 65 2 2
3 16 89 3
7 1 45 83
5 1 87 52
2 20 8 63
1 75 55 3
5 9 12 11
2 16 4 79
2 1 88 76
2 88 9 6
26 10 5 50
4 3 10 64
4 1 49 41
2 6 81 53
1 13 17 55
38 5 52 1
6 33 59 1
1 5 60 62
6 78 14 3
28 99 1 12
45 3 10 2
17 5 1 85
56 4 1 81
1 12 12 31
71 13 4 9
87 1 80 1
3 71 5 2
9 28 90 1
24 6 1 41
2 10 20 29
21 3 10 61
7 46 55 2
32 4 38 2
11 16 1 72
1 91 55 2
18 6 9 47
1 26 88 3
19 1 10 59
24 2 1 88
3 27 50 8
1 52 97 1
59 1 5 21
6 2 66 33
23 53 2 7
8 4 21 19
1 65 61 2
73 8 5 6
12 3 18 5
5 52 24 3
54 2 1 16
49 4 13 1
3 9 46 5
44 43 2 4
5 6 3 66
31 1 3 9
6 40 42 2
3 50 35 10
10 24 3 26
56 1 59 8
68 1 36 2
14 8 3 58
86 1 21 4
22 11 2 61
2 2 90 54
27 1 94 6
34 27 1 12
3 4 49 92
19 59 5 4
8 4 93 4
37 1 2 99
5 17 2 52
1 6 63 9
1 48 19 10
4 42 38 1
1 79 48 1
23 8 43 1
12 38 20 1
18 92 1 12
7 65 25 1
6 55 29 2
11 45 2 3
1 4 19 67
25 17 8 5
98 23 1 5
49 11 8 2
39 4 31 1
2 12 1 9
15 28 9 2
89 12 1 2
59 78 3 1
61 1 58 7
1 27 77 3
5 80 24 1
1 56 66 4
82 54 1 1
1 6 7 59
2 3 32 53
32 2 18 4
4 7 21 52
2 5 71 36
48 91 4 1
36 10 1 29
15 65 1 6
14 4 2 85
37 5 2 84
