500 4
0.01 0.34 0.14 0.04
0.64 0.02 0.78 0.64
0.92 0.14 0.12 0.64
0.28 0.09 0.66 0.14
0.76 0.35 0.86 0.01
0.60 0.08 0.65 0.06
0.09 0.33 0.45 0.90
0.72 0.68 0.04 0.93
0.18 0.01 0.46 0.55
0.76 0.66 0.02 0.72
0.25 0.95 0.01 0.60
0.68 0.60 0.11 0.95
0.09 0.62 0.07 0.68
0.09 0.18 1.00 0.86
0.84 0.69 0.11 0.03
0.72 0.76 0.10 0.62
0.04 0.25 0.42 0.97
0.61 0.90 0.07 0.61
0.62 0.23 0.49 0.25
0.53 0.86 0.24 0.01
0.59 0.15 0.12 0.21
0.50 0.77 0.11 0.22
0.36 0.21 0.21 0.65
0.96 0.85 0.06 0.68
0.51 0.25 0.62 0.52
0.13 0.31 0.71 0.64
0.95 0.32 0.54 0.09
0.98 0.12 0.03 0.45
0.13 0.96 0.03 0.69
0.82 0.27 0.26 0.17
0.07 0.09 0.57 0.62
0.36 0.92 0.80 0.03
0.33 0.66 0.13 0.57
0.57 0.19 0.65 0.11
1.00 0.06 0.56 0.27
0.54 0.05 0.82 0.21
0.26 0.09 0.28 0.88
0.03 0.29 0.94 0.12
0.85 0.17 0.71 0.03
0.50 0.85 0.01 0.90
0.62 0.57 0.07 0.40
0.68 0.04 0.95 0.17
0.30 0.51 0.03 0.13
0.33 0.18 0.54 0.35
0.78 0.50 0.05 0.89
0.01 0.24 0.39 0.28
0.89 0.14 0.41 0.44
0.70 0.07 0.09 0.67
0.21 0.16 0.53 0.25
0.74 0.66 0.01 0.61
0.14 0.11 0.84 0.29
0.06 0.14 0.37 0.68
0.51 0.39 0.07 1.00
0.65 0.04 0.36 0.62
0.95 0.15 0.02 0.77
0.15 0.29 0.06 0.68
0.67 0.71 0.01 0.60
0.09 0.15 0.18 0.79
0.06 0.15 0.44 0.57
0.54 0.20 0.59 0.11
0.23 0.01 0.86 0.41
0.22 0.17 0.11 0.66
0.45 0.49 0.02 0.95
0.69 0.73 0.89 0.02
0.15 0.08 0.98 0.63
0.68 0.72 0.89 0.03
0.94 0.61 0.01 0.36
0.77 0.19 0.09 0.26
0.89 0.03 0.85 0.54
0.64 0.08 0.32 0.84
0.86 0.55 0.01 0.99
0.51 0.17 0.02 0.24
0.53 0.04 0.29 0.68
0.05 0.13 0.66 0.63
0.41 0.67 0.78 0.03
0.85 0.12 0.23 0.27
0.04 0.56 0.02 0.95
0.19 0.77 0.01 0.78
0.24 0.17 0.01 0.42
0.03 0.34 0.09 0.72
0.38 0.11 0.62 0.48
0.53 0.75 0.20 0.01
0.92 0.05 0.19 0.67
0.09 0.07 0.75 0.73
0.21 0.03 0.22 0.69
0.09 0.38 0.04 0.88
0.14 0.31 0.28 0.69
0.05 0.15 0.62 0.78
0.76 0.02 0.74 0.31
0.43 0.23 0.29 0.05
0.41 0.31 0.42 0.18
0.80 0.11 0.39 0.47
0.81 0.64 0.60 0.01
0.64 0.02 0.21 0.07
0.05 0.51 0.75 0.01
0.53 0.08 0.71 0.52
0.09 0.01 0.75 0.69
0.61 0.46 0.07 0.21
0.45 0.97 0.11 0.07
0.52 0.10 0.26 0.57
0.61 0.04 0.13 0.94
0.68 0.67 0.40 0.01
0.08 0.29 0.23 0.61
0.81 0.01 0.68 0.40
0.93 0.18 0.69 0.05
0.29 0.84 0.09 0.12
0.78 0.36 0.82 0.02
0.84 0.89 0.06 0.04
0.09 0.01 0.41 0.60
0.56 0.14 0.18 0.85
0.96 0.12 0.08 0.53
0.05 0.18 0.34 0.50
0.49 0.16 0.03 0.14
0.25 0.50 0.13 0.19
0.35 0.23 0.81 0.02
0.80 0.03 0.20 0.58
0.52 0.14 0.16 0.28
0.19 0.06 0.85 0.23
0.67 0.29 0.05 0.04
0.97 0.07 0.65 0.03
0.80 0.08 0.62 0.04
0.83 0.04 0.07 0.92
0.52 0.64 0.27 0.02
0.14 0.15 0.43 0.21
0.57 0.11 0.13 0.51
0.41 0.30 0.65 0.20
0.20 0.83 0.01 0.60
0.38 0.66 0.04 0.07
0.28 0.02 0.28 0.65
0.24 0.20 1.00 0.08
0.27 0.15 0.25 0.41
0.28 0.01 0.40 0.44
0.51 0.03 0.61 0.30
0.32 0.15 0.03 0.88
0.90 0.90 0.18 0.02
0.07 0.44 0.05 0.75
0.52 0.10 0.27 0.32
0.04 0.63 0.08 0.55
0.87 0.01 0.62 0.31
0.22 0.01 0.18 0.69
0.60 0.04 0.62 0.09
0.01 0.13 0.91 0.48
0.13 0.02 0.03 0.36
0.59 0.18 0.91 0.01
0.34 0.51 0.08 0.03
0.03 0.11 0.82 0.81
0.58 0.08 0.65 0.03
0.02 0.06 0.68 0.71
0.19 0.05 0.45 0.09
0.09 0.72 0.08 0.29
0.59 0.45 0.23 0.02
0.08 0.07 0.19 0.56
0.01 0.18 0.81 0.87
0.65 0.60 0.62 0.01
0.02 0.81 0.11 0.99
0.94 0.58 0.03 0.05
0.11 0.66 0.58 0.02
0.34 0.30 0.51 0.05
0.25 0.31 0.27 0.30
0.02 0.21 0.47 0.99
0.18 0.83 0.01 0.58
0.41 0.14 0.68 0.03
0.56 0.01 0.80 0.21
0.05 0.14 0.83 0.51
0.01 0.77 0.10 0.66
0.22 0.80 0.09 0.06
0.46 0.78 0.74 0.01
0.94 0.94 0.01 0.34
0.84 0.95 0.01 0.27
0.08 0.29 0.05 0.96
0.27 0.30 0.43 0.05
0.52 0.40 0.02 0.17
0.71 0.11 0.87 0.02
0.05 0.06 0.04 0.67
0.62 0.64 0.60 0.01
0.66 0.64 0.25 0.01
0.03 0.06 0.91 0.39
0.74 0.14 0.60 0.02
0.71 0.51 0.04 0.11
0.62 0.14 0.01 0.11
0.66 0.01 0.92 0.10
0.07 0.04 0.93 0.37
0.01 0.61 0.13 0.80
0.50 0.15 0.47 0.08
0.09 0.16 0.54 0.50
0.52 0.01 0.43 0.27
0.06 0.21 0.49 0.30
0.05 0.03 0.55 0.15
0.11 0.18 0.33 0.55
0.03 0.33 0.38 0.77
0.27 0.78 0.07 0.27
0.92 0.01 0.52 0.26
0.98 0.01 0.55 0.01
0.16 0.51 0.09 0.05
0.65 0.37 0.18 0.03
0.32 0.30 0.88 0.03
0.01 0.57 0.03 0.54
0.42 0.39 0.32 0.01
0.99 0.26 0.13 0.04
0.07 0.01 0.68 0.31
0.84 0.02 1.00 0.01
0.17 0.18 0.92 0.03
0.28 0.01 0.06 0.82
0.69 0.30 0.01 0.09
0.03 0.16 0.52 0.91
0.65 0.16 0.09 0.09
0.18 0.50 0.99 0.02
0.67 0.03 0.61 0.03
0.39 0.12 0.12 0.05
0.81 0.01 0.97 0.08
0.92 0.73 0.04 0.02
0.23 0.55 0.02 0.38
0.31 0.04 0.94 0.05
0.03 0.07 0.27 0.79
0.80 0.18 0.86 0.01
0.26 0.15 0.25 0.08
0.16 0.04 0.02 0.46
0.32 0.70 0.10 0.04
0.03 0.19 0.61 0.67
0.17 0.76 0.01 0.40
0.09 0.87 0.33 0.03
0.89 0.11 0.27 0.05
0.02 0.72 0.03 0.14
0.37 0.21 0.05 0.08
0.02 0.22 0.65 0.87
0.02 0.19 0.10 0.40
0.19 0.21 0.19 0.20
0.53 0.48 0.01 0.26
0.06 0.22 0.42 0.36
0.05 0.05 0.52 0.71
0.90 0.73 0.09 0.01
0.93 0.78 0.07 0.01
0.25 0.96 0.21 0.02
0.24 0.02 0.54 0.04
0.37 0.12 0.51 0.07
0.22 0.01 0.29 0.57
0.19 0.92 0.51 0.01
0.10 0.03 0.06 0.57
0.58 0.46 0.10 0.04
0.60 0.38 0.58 0.02
0.69 0.05 0.20 0.02
0.34 0.49 0.70 0.01
0.72 0.16 0.19 0.02
0.13 0.24 0.85 0.03
0.52 0.60 0.01 0.37
0.55 0.02 0.47 0.07
0.19 0.85 0.02 0.29
0.10 0.67 0.03 0.40
0.27 0.70 0.73 0.01
0.24 0.51 0.07 0.18
0.09 0.27 0.36 0.08
0.03 0.52 0.74 0.02
0.06 0.28 0.91 0.04
0.87 0.01 0.11 0.66
0.12 0.02 0.24 1.00
0.58 1.00 0.05 0.03
0.01 0.26 0.05 0.71
0.21 0.02 0.99 0.18
0.92 0.01 0.04 0.65
0.65 0.05 0.78 0.01
0.29 0.15 0.52 0.06
0.03 0.16 0.67 0.53
0.71 0.84 0.19 0.01
0.58 0.02 0.60 0.03
0.16 0.14 0.58 0.14
0.86 0.95 0.16 0.01
0.02 0.28 0.04 0.78
0.54 0.90 0.12 0.02
0.59 0.11 0.38 0.24
0.82 0.01 0.28 0.46
0.01 0.14 0.82 0.65
0.07 0.50 0.07 0.62
0.23 0.84 0.05 0.01
0.05 0.61 0.04 0.20
0.02 0.78 0.01 0.78
1.00 0.02 0.13 0.26
0.24 0.08 0.02 0.22
0.58 0.15 0.01 0.85
0.61 0.02 0.36 0.30
0.12 0.92 0.19 0.01
0.10 0.07 0.54 0.13
0.14 0.01 0.14 0.04
0.57 0.23 0.10 0.02
0.40 0.74 0.07 0.05
0.29 0.50 0.55 0.03
0.52 0.44 0.01 0.04
0.09 0.32 0.62 0.02
0.04 0.12 0.85 0.55
0.11 0.06 0.95 0.08
0.23 0.26 0.07 0.17
0.89 0.50 0.21 0.01
0.24 0.82 0.32 0.02
0.03 0.95 0.57 0.01
0.09 0.03 0.60 0.07
0.76 0.06 0.03 0.22
0.21 0.52 0.07 0.22
0.04 0.04 0.78 0.71
0.01 0.20 0.21 0.60
0.17 0.37 0.02 0.42
0.47 0.62 0.01 0.09
0.03 0.11 0.57 0.33
0.04 0.22 0.71 0.19
0.03 0.10 0.78 0.61
0.98 0.55 0.08 0.02
0.08 0.81 0.06 0.05
0.18 0.28 0.63 0.01
0.02 0.87 0.63 0.01
0.08 0.39 0.01 0.99
0.08 0.15 0.01 0.81
0.09 0.10 0.48 0.41
0.92 0.31 0.16 0.01
0.10 0.07 0.02 0.83
0.78 0.01 0.71 0.03
0.64 0.33 0.09 0.04
0.15 0.58 0.08 0.33
0.13 0.26 0.51 0.17
0.07 0.09 0.36 0.12
0.07 0.77 0.01 0.49
0.02 0.65 0.09 0.38
0.21 0.01 0.01 0.67
0.01 0.14 0.46 0.18
0.77 0.39 0.09 0.03
0.59 0.16 0.40 0.01
0.06 0.02 0.95 0.71
0.04 0.67 0.01 0.34
0.08 0.50 0.61 0.02
0.81 0.34 0.03 0.06
0.72 0.03 0.11 0.21
0.50 0.39 0.01 0.29
0.52 0.08 0.18 0.01
0.19 0.74 0.52 0.02
0.04 0.10 0.89 0.41
0.23 0.63 0.01 0.64
0.05 0.02 0.61 0.40
0.66 0.34 0.03 0.06
0.13 0.75 0.01 0.32
0.21 0.66 0.51 0.02
0.03 0.07 0.80 0.62
0.21 0.64 0.60 0.01
0.11 0.39 0.04 0.65
0.39 0.49 0.61 0.03
0.01 0.13 0.46 0.69
0.65 0.04 0.02 0.10
0.12 0.05 0.16 0.12
0.11 0.56 0.08 0.54
0.31 0.75 0.01 0.12
0.08 0.66 0.54 0.02
0.08 0.02 0.39 0.06
0.03 0.23 0.30 0.30
0.05 0.05 0.35 0.77
0.64 0.02 0.09 0.21
0.81 0.12 0.14 0.03
0.09 0.09 0.10 0.57
0.01 0.80 0.01 0.03
0.01 0.07 0.75 0.46
0.05 0.40 0.01 0.72
0.08 0.21 0.57 0.05
0.17 0.73 0.26 0.03
0.37 0.38 0.02 0.09
0.19 0.44 0.08 0.16
0.11 0.54 0.13 0.36
0.04 0.61 0.36 0.03
0.44 0.66 0.08 0.02
0.04 0.01 0.83 0.11
0.01 0.11 0.98 0.19
0.28 0.35 0.60 0.03
0.30 0.14 0.03 0.12
0.34 0.06 0.11 0.23
0.12 0.17 0.04 0.66
0.18 0.29 0.05 0.19
0.08 0.24 0.09 0.51
0.33 0.18 0.08 0.07
0.10 0.40 0.02 0.35
0.55 0.03 0.54 0.03
0.59 0.01 0.04 0.13
0.11 0.03 0.13 0.07
0.04 0.09 0.57 0.34
0.06 0.63 0.37 0.02
0.13 0.57 0.18 0.03
0.16 0.65 0.08 0.15
0.10 0.53 0.07 0.15
0.01 0.24 0.11 0.76
0.98 0.60 0.02 0.03
0.01 0.19 0.07 0.65
0.26 0.39 0.02 0.02
0.50 0.09 0.91 0.01
0.04 0.03 0.58 0.73
0.04 0.57 0.13 0.25
0.52 0.01 0.13 0.04
0.41 0.14 0.42 0.01
0.10 0.11 0.05 0.05
0.01 0.67 0.61 0.01
0.57 0.32 0.05 0.02
0.42 0.12 0.83 0.02
0.69 0.13 0.03 0.04
0.20 0.02 0.42 0.03
0.56 0.08 0.04 0.10
0.52 0.82 0.07 0.01
0.08 0.01 0.13 0.02
0.01 0.13 0.21 0.61
0.06 0.04 0.54 0.63
0.03 0.39 0.02 0.75
0.01 0.40 0.19 0.01
0.01 0.31 0.35 0.43
0.05 0.53 0.09 0.10
0.11 0.22 0.93 0.01
0.35 0.05 0.10 0.35
0.35 0.15 0.01 0.51
0.01 0.31 0.69 0.05
0.35 0.01 0.10 0.40
0.08 0.57 0.08 0.53
0.06 0.15 0.11 0.63
0.01 0.72 0.03 0.51
0.01 0.25 0.41 0.11
0.01 0.65 0.02 0.64
0.42 0.16 0.01 0.50
0.03 0.05 0.49 0.60
0.63 0.18 0.09 0.04
0.05 0.14 0.54 0.14
0.18 0.44 0.03 0.31
0.05 0.17 0.29 0.06
0.01 0.34 0.04 0.60
0.08 0.14 0.03 0.65
0.15 0.28 0.03 0.35
0.19 0.33 0.20 0.01
0.04 0.07 0.09 0.62
0.18 0.57 0.02 0.19
0.12 0.07 0.03 0.10
0.20 0.46 0.02 0.20
0.05 0.12 0.53 0.30
0.03 0.01 0.83 0.58
0.86 0.20 0.15 0.01
0.35 0.13 0.01 0.03
0.04 0.02 0.71 0.62
0.48 0.22 0.03 0.02
0.93 0.49 0.10 0.01
0.03 0.51 0.04 0.22
0.07 0.58 0.08 0.10
0.86 0.04 0.01 0.23
0.05 0.08 0.61 0.12
0.04 0.17 0.90 0.04
0.67 0.03 0.30 0.01
0.01 0.20 0.02 0.83
0.01 0.11 0.05 0.53
0.07 0.29 0.25 0.12
0.15 0.62 0.07 0.03
0.01 0.02 0.59 0.54
0.84 0.08 0.01 0.11
0.84 0.74 0.01 0.02
0.39 0.50 0.11 0.01
0.03 0.04 0.18 0.95
0.01 0.08 0.61 0.21
0.88 0.01 0.37 0.01
0.08 0.19 0.93 0.01
0.82 0.06 0.10 0.06
0.22 0.54 0.16 0.01
0.07 0.01 0.63 0.37
0.30 0.34 0.12 0.03
0.03 0.05 0.71 0.52
0.02 0.55 0.12 0.31
0.16 0.33 0.54 0.01
0.04 0.75 0.03 0.08
0.33 0.18 0.71 0.01
0.03 0.04 0.72 0.29
0.11 0.67 0.09 0.03
0.01 0.26 0.48 0.07
0.07 0.16 0.13 0.15
0.06 0.27 0.59 0.01
0.05 0.30 0.07 0.07
0.79 0.01 0.92 0.01
0.37 0.25 0.41 0.01
0.04 0.07 0.20 0.08
0.06 0.60 0.01 0.65
0.04 0.35 0.69 0.02
0.02 0.04 0.56 0.52
0.05 0.16 0.41 0.03
0.40 0.51 0.05 0.01
0.06 0.18 0.04 0.46
0.90 0.02 0.03 0.32
0.01 0.27 0.04 0.61
0.03 0.28 0.02 0.46
0.51 0.03 0.99 0.01
0.21 0.03 0.01 0.59
0.38 0.73 0.06 0.01
0.59 0.02 0.07 0.03
0.01 0.07 0.56 0.93
0.01 0.58 0.01 0.39
0.18 0.68 0.04 0.03
0.08 0.14 0.02 0.83
0.11 0.51 0.01 0.53
0.04 0.31 0.10 0.34
0.03 0.08 0.46 0.51
0.02 0.03 0.41 0.51
0.11 0.06 0.10 0.53
0.07 0.02 0.11 0.96
0.77 0.22 0.15 0.01
0.03 0.10 0.94 0.04
0.73 0.36 0.05 0.01
0.42 0.12 0.01 0.54
0.94 0.14 0.10 0.01
