500 4
1 34 14 4
64 2 78 64
92 14 12 64
28 9 66 14
76 35 86 1
60 8 65 6
9 33 45 90
72 68 4 93
18 1 46 55
76 66 2 72
25 95 1 60
68 60 11 95
9 62 7 68
9 18 100 86
84 69 11 3
72 76 10 62
4 25 42 97
61 90 7 61
62 23 49 25
53 86 24 1
59 15 12 21
50 77 11 22
36 21 21 65
96 85 6 68
51 25 62 52
13 31 71 64
95 32 54 9
98 12 3 45
13 96 3 69
82 27 26 17
7 9 57 62
36 92 80 3
33 66 13 57
57 19 65 11
100 6 56 27
54 5 82 21
26 9 28 88
3 29 94 12
85 17 71 3
50 85 1 90
62 57 7 40
68 4 95 17
30 51 3 13
33 18 54 35
78 50 5 89
1 24 39 28
89 14 41 44
70 7 9 67
21 16 53 25
74 66 1 61
14 11 84 29
6 14 37 68
51 39 7 100
65 4 36 62
95 15 2 77
15 29 6 68
67 71 1 60
9 15 18 79
6 15 44 57
54 20 59 11
23 1 86 41
22 17 11 66
45 49 2 95
69 73 89 2
15 8 98 63
68 72 89 3
94 61 1 36
77 19 9 26
89 3 85 54
64 8 32 84
86 55 1 99
51 17 2 24
53 4 29 68
5 13 66 63
41 67 78 3
85 12 23 27
4 56 2 95
19 77 1 78
24 17 1 42
3 34 9 72
38 11 62 48
53 75 20 1
92 5 19 67
9 7 75 73
21 3 22 69
9 38 4 88
14 31 28 69
5 15 62 78
76 2 74 31
43 23 29 5
41 31 42 18
80 11 39 47
81 64 60 1
64 2 21 7
5 51 75 1
53 8 71 52
9 1 75 69
61 46 7 21
45 97 11 7
52 10 26 57
61 4 13 94
68 67 40 1
8 29 23 61
81 1 68 40
93 18 69 5
29 84 9 12
78 36 82 2
84 89 6 4
9 1 41 60
56 14 18 85
96 12 8 53
5 18 34 50
49 16 3 14
25 50 13 19
35 23 81 2
80 3 20 58
52 14 16 28
19 6 85 23
67 29 5 4
97 7 65 3
80 8 62 4
83 4 7 92
52 64 27 2
14 15 43 21
57 11 13 51
41 30 65 20
20 83 1 60
38 66 4 7
28 2 28 65
24 20 100 8
27 15 25 41
28 1 40 44
51 3 61 30
32 15 3 88
90 90 18 2
7 44 5 75
52 10 27 32
4 63 8 55
87 1 62 31
22 1 18 69
60 4 62 9
1 13 91 48
13 2 3 36
59 18 91 1
34 51 8 3
3 11 82 81
58 8 65 3
2 6 68 71
19 5 45 9
9 72 8 29
59 45 23 2
8 7 19 56
1 18 81 87
65 60 62 1
2 81 11 99
94 58 3 5
11 66 58 2
34 30 51 5
25 31 27 30
2 21 47 99
18 83 1 58
41 14 68 3
56 1 80 21
5 14 83 51
1 77 10 66
22 80 9 6
46 78 74 1
94 94 1 34
84 95 1 27
8 29 5 96
27 30 43 5
52 40 2 17
71 11 87 2
5 6 4 67
62 64 60 1
66 64 25 1
3 6 91 39
74 14 60 2
71 51 4 11
62 14 1 11
66 1 92 10
7 4 93 37
1 61 13 80
50 15 47 8
9 16 54 50
52 1 43 27
6 21 49 30
5 3 55 15
11 18 33 55
3 33 38 77
27 78 7 27
92 1 52 26
98 1 55 1
16 51 9 5
65 37 18 3
32 30 88 3
1 57 3 54
42 39 32 1
99 26 13 4
7 1 68 31
84 2 100 1
17 18 92 3
28 1 6 82
69 30 1 9
3 16 52 91
65 16 9 9
18 50 99 2
67 3 61 3
39 12 12 5
81 1 97 8
92 73 4 2
23 55 2 38
31 4 94 5
3 7 27 79
80 18 86 1
26 15 25 8
16 4 2 46
32 70 10 4
3 19 61 67
17 76 1 40
9 87 33 3
89 11 27 5
2 72 3 14
37 21 5 8
2 22 65 87
2 19 10 40
19 21 19 20
53 48 1 26
6 22 42 36
5 5 52 71
90 73 9 1
93 78 7 1
25 96 21 2
24 2 54 4
37 12 51 7
22 1 29 57
19 92 51 1
10 3 6 57
58 46 10 4
60 38 58 2
69 5 20 2
34 49 70 1
72 16 19 2
13 24 85 3
52 60 1 37
55 2 47 7
19 85 2 29
10 67 3 40
27 70 73 1
24 51 7 18
9 27 36 8
3 52 74 2
6 28 91 4
87 1 11 66
12 2 24 100
58 100 5 3
1 26 5 71
21 2 99 18
92 1 4 65
65 5 78 1
29 15 52 6
3 16 67 53
71 84 19 1
58 2 60 3
16 14 58 14
86 95 16 1
2 28 4 78
54 90 12 2
59 11 38 24
82 1 28 46
1 14 82 65
7 50 7 62
23 84 5 1
5 61 4 20
2 78 1 78
100 2 13 26
24 8 2 22
58 15 1 85
61 2 36 30
12 92 19 1
10 7 54 13
14 1 14 4
57 23 10 2
40 74 7 5
29 50 55 3
52 44 1 4
9 32 62 2
4 12 85 55
11 6 95 8
23 26 7 17
89 50 21 1
24 82 32 2
3 95 57 1
9 3 60 7
76 6 3 22
21 52 7 22
4 4 78 71
1 20 21 60
17 37 2 42
47 62 1 9
3 11 57 33
4 22 71 19
3 10 78 61
98 55 8 2
8 81 6 5
18 28 63 1
2 87 63 1
8 39 1 99
8 15 1 81
9 10 48 41
92 31 16 1
10 7 2 83
78 1 71 3
64 33 9 4
15 58 8 33
13 26 51 17
7 9 36 12
7 77 1 49
2 65 9 38
21 1 1 67
1 14 46 18
77 39 9 3
59 16 40 1
6 2 95 71
4 67 1 34
8 50 61 2
81 34 3 6
72 3 11 21
50 39 1 29
52 8 18 1
19 74 52 2
4 10 89 41
23 63 1 64
5 2 61 40
66 34 3 6
13 75 1 32
21 66 51 2
3 7 80 62
21 64 60 1
11 39 4 65
39 49 61 3
1 13 46 69
65 4 2 10
12 5 16 12
11 56 8 54
31 75 1 12
8 66 54 2
8 2 39 6
3 23 30 30
5 5 35 77
64 2 9 21
81 12 14 3
9 9 10 57
1 80 1 3
1 7 75 46
5 40 1 72
8 21 57 5
17 73 26 3
37 38 2 9
19 44 8 16
11 54 13 36
4 61 36 3
44 66 8 2
4 1 83 11
1 11 98 19
28 35 60 3
30 14 3 12
34 6 11 23
12 17 4 66
18 29 5 19
8 24 9 51
33 18 8 7
10 40 2 35
55 3 54 3
59 1 4 13
11 3 13 7
4 9 57 34
6 63 37 2
13 57 18 3
16 65 8 15
10 53 7 15
1 24 11 76
98 60 2 3
1 19 7 65
26 39 2 2
50 9 91 1
4 3 58 73
4 57 13 25
52 1 13 4
41 14 42 1
10 11 5 5
1 67 61 1
57 32 5 2
42 12 83 2
69 13 3 4
20 2 42 3
56 8 4 10
52 82 7 1
8 1 13 2
1 13 21 61
6 4 54 63
3 39 2 75
1 40 19 1
1 31 35 43
5 53 9 10
11 22 93 1
35 5 10 35
35 15 1 51
1 31 69 5
35 1 10 40
8 57 8 53
6 15 11 63
1 72 3 51
1 25 41 11
1 65 2 64
42 16 1 50
3 5 49 60
63 18 9 4
5 14 54 14
18 44 3 31
5 17 29 6
1 34 4 60
8 14 3 65
15 28 3 35
19 33 20 1
4 7 9 62
18 57 2 19
12 7 3 10
20 46 2 20
5 12 53 30
3 1 83 58
86 20 15 1
35 13 1 3
4 2 71 62
48 22 3 2
93 49 10 1
3 51 4 22
7 58 8 10
86 4 1 23
5 8 61 12
4 17 90 4
67 3 30 1
1 20 2 83
1 11 5 53
7 29 25 12
15 62 7 3
1 2 59 54
84 8 1 11
84 74 1 2
39 50 11 1
3 4 18 95
1 8 61 21
88 1 37 1
8 19 93 1
82 6 10 6
22 54 16 1
7 1 63 37
30 34 12 3
3 5 71 52
2 55 12 31
16 33 54 1
4 75 3 8
33 18 71 1
3 4 72 29
11 67 9 3
1 26 48 7
7 16 13 15
6 27 59 1
5 30 7 7
79 1 92 1
37 25 41 1
4 7 20 8
6 60 1 65
4 35 69 2
2 4 56 52
5 16 41 3
40 51 5 1
6 18 4 46
90 2 3 32
1 27 4 61
3 28 2 46
51 3 99 1
21 3 1 59
38 73 6 1
59 2 7 3
1 7 56 93
1 58 1 39
18 68 4 3
8 14 2 83
11 51 1 53
4 31 10 34
3 8 46 51
2 3 41 51
11 6 10 53
7 2 11 96
77 22 15 1
3 10 94 4
73 36 5 1
42 12 1 54
94 14 10 1
