500 4
17 13 91 18
79 93 68 91
72 65 55 70
76 1 89 89
3 99 88 55
73 40 69 100
51 78 73 85
44 73 63 57
3 17 64 69
63 77 27 25
88 44 62 59
65 98 4 29
54 61 96 12
73 77 25 53
6 64 52 5
2 68 3 80
79 54 45 7
91 44 57 66
54 82 6 77
67 13 1 2
55 58 88 65
62 12 3 84
59 8 88 51
100 12 24 64
61 88 33 43
1 70 67 12
94 10 92 25
1 17 78 25
2 3 71 83
27 23 74 28
3 44 56 37
16 78 30 68
47 86 25 6
73 11 69 76
94 5 89 64
14 59 50 12
59 2 35 40
58 42 70 51
35 95 26 52
57 11 43 41
82 1 5 37
54 56 36 41
75 2 5 18
34 68 9 49
57 47 29 54
68 6 93 18
37 59 42 39
31 11 75 51
39 66 22 75
74 3 17 90
74 6 83 31
1 72 37 68
15 53 55 29
10 41 32 88
31 11 65 39
51 84 48 8
36 58 69 13
5 44 27 69
43 9 71 74
44 84 89 3
52 42 53 38
4 58 10 93
34 79 46 19
4 12 70 97
56 61 19 52
54 68 22 41
52 60 26 72
37 54 46 2
66 96 1 56
44 25 63 61
62 43 70 34
4 2 81 74
31 26 57 11
8 25 2 46
65 1 52 86
73 10 32 31
11 1 58 59
12 39 30 12
61 41 67 3
7 24 21 9
58 38 3 27
1 79 4 68
17 19 47 68
72 4 72 5
79 78 51 1
59 9 96 30
71 3 17 66
24 8 46 84
35 82 20 26
8 10 65 71
69 3 51 31
4 64 51 89
55 100 23 1
61 6 28 81
17 19 69 45
3 67 48 11
1 70 8 7
68 9 83 37
60 6 69 15
49 10 33 84
28 12 99 13
55 87 9 5
56 4 92 49
18 38 69 6
70 8 26 93
40 74 2 15
79 9 59 17
5 58 12 17
63 3 49 38
60 19 24 80
54 41 6 4
57 4 44 51
5 42 82 8
14 8 45 39
12 5 30 62
41 13 55 34
8 1 21 55
25 71 40 1
2 57 81 6
66 17 13 76
77 7 4 75
64 35 15 44
31 38 3 23
24 83 1 70
51 10 58 26
4 56 65 2
52 40 53 4
75 3 2 56
32 2 95 36
18 37 97 6
40 21 31 7
2 58 73 26
5 7 33 45
62 37 1 96
32 3 63 31
43 51 15 15
63 12 61 6
52 20 30 31
33 19 56 26
16 13 2 55
16 84 39 1
4 70 2 4
3 55 49 75
32 82 1 58
2 16 94 78
38 54 14 19
35 12 63 5
14 16 97 1
41 43 1 41
66 7 16 62
5 39 26 60
45 4 23 27
21 1 63 54
6 61 55 14
73 6 7 100
26 10 17 86
4 57 29 94
46 12 28 11
41 31 16 26
38 10 28 40
8 96 1 63
2 22 52 87
9 4 52 11
52 32 4 18
54 13 93 3
88 2 84 17
55 95 36 3
4 2 82 36
6 67 3 99
22 5 49 8
17 20 47 35
54 93 21 3
68 1 68 20
4 9 57 46
91 96 17 1
9 53 1 100
1 61 9 25
2 36 56 64
63 9 12 59
14 89 1 7
12 12 16 90
58 4 10 90
13 88 77 1
96 63 29 1
3 5 17 91
1 49 77 31
3 56 22 22
3 16 66 2
61 8 22 51
62 90 14 2
17 68 5 33
69 58 84 1
70 3 42 31
4 42 1 90
12 56 14 31
9 52 10 28
2 21 59 76
83 82 32 1
8 15 30 2
3 10 28 89
31 7 3 71
1 1 15 52
2 60 5 4
14 57 21 3
53 3 77 30
27 67 1 87
16 52 1 33
16 20 11 54
55 67 41 1
38 54 96 1
77 11 1 92
78 3 69 13
51 2 11 80
37 22 14 4
8 56 1 20
93 5 27 14
70 81 33 1
27 82 28 1
27 10 8 96
34 52 10 5
24 59 64 1
51 7 90 3
61 56 50 1
5 2 52 37
68 2 45 21
20 53 53 1
57 19 19 9
56 3 5 73
40 1 73 39
1 29 75 12
37 1 64 46
17 8 55 6
34 11 71 2
35 92 20 3
6 6 54 9
56 15 1 15
3 53 53 37
2 55 11 59
39 41 54 1
51 2 71 34
26 2 12 2
75 4 75 1
8 92 28 3
4 11 6 100
30 69 1 13
10 19 1 80
48 7 1 42
41 43 2 20
15 60 1 3
66 1 5 40
24 37 14 2
5 56 5 68
4 50 14 60
2 56 75 7
11 4 34 25
57 17 56 1
37 1 53 37
59 1 43 51
53 1 5 98
4 6 7 54
16 15 25 3
6 86 54 3
37 1 85 19
3 58 7 64
1 57 73 12
22 1 53 48
8 48 6 4
2 27 72 45
61 64 13 1
51 28 40 1
4 26 64 9
24 2 98 6
37 3 9 63
58 87 24 1
7 15 4 93
63 66 6 1
16 2 85 32
8 63 84 1
34 51 8 3
7 79 51 3
18 21 62 1
16 1 54 17
29 31 11 3
88 11 19 1
1 58 51 39
45 33 7 45
3 5 56 47
1 64 82 4
22 13 68 1
2 50 20 49
51 12 2 13
1 56 31 42
47 13 5 5
3 15 92 18
33 29 7 14
1 1 63 21
32 3 11 87
5 19 40 11
47 1 23 22
21 47 7 28
60 53 31 1
25 71 25 1
2 53 2 21
4 17 37 26
17 3 25 35
41 30 10 10
78 27 10 1
2 62 21 2
46 1 44 51
9 5 11 73
93 10 68 1
7 8 22 3
1 29 54 3
1 58 49 14
2 58 6 8
53 4 7 46
4 31 5 22
23 54 14 1
60 49 2 12
47 82 7 1
6 10 6 64
5 37 20 11
1 56 13 14
8 7 26 51
30 36 1 54
24 17 1 62
16 3 51 16
8 27 12 39
1 86 2 22
8 61 2 13
23 30 4 32
74 9 5 6
69 4 1 33
5 43 7 3
1 41 10 59
15 7 19 41
59 7 57 1
1 4 94 17
98 1 66 8
55 1 29 3
2 19 45 38
3 81 10 1
51 7 7 16
23 8 4 80
88 1 72 2
3 55 2 15
3 8 1 41
2 90 2 1
19 1 33 44
76 20 8 1
1 8 95 11
11 3 5 72
14 1 38 14
42 17 5 23
75 26 40 1
8 33 10 3
22 50 58 1
41 48 32 1
45 15 3 36
1 72 1 99
87 2 3 71
10 25 6 8
25 12 2 35
100 10 4 14
60 1 13 6
51 10 66 1
12 4 90 9
11 1 33 42
16 21 6 22
22 10 13 34
2 36 27 6
2 11 91 17
5 61 84 1
6 35 17 16
11 10 60 1
55 6 99 1
35 53 15 1
2 4 10 74
9 3 58 33
16 25 5 13
25 3 60 11
7 16 21 3
94 10 56 1
100 5 3 8
3 12 55 38
56 1 7 82
40 1 21 47
8 65 21 1
65 1 6 81
34 43 3 1
8 42 4 6
31 11 3 39
7 68 10 1
12 24 9 2
45 42 1 26
25 1 93 11
22 6 3 65
5 25 23 23
95 3 1 31
11 7 63 7
3 28 14 7
14 6 7 50
18 18 20 33
5 9 61 8
56 25 3 10
1 95 1 55
19 2 9 11
42 3 51 1
80 2 1 57
14 2 6 38
35 96 1 2
64 1 7 7
23 35 1 8
52 1 38 6
2 39 7 36
1 25 5 69
81 1 1 99
27 28 54 1
7 46 3 36
64 3 4 96
81 1 4 92
55 37 1 5
9 2 16 33
1 4 12 52
82 7 5 8
25 3 7 28
1 36 1 36
8 5 19 38
66 10 9 2
23 16 2 2
88 2 62 1
7 67 31 1
77 1 72 2
1 13 69 11
5 39 1 35
36 5 5 22
15 18 12 16
1 1 70 9
10 4 58 9
17 21 1 7
59 3 4 29
20 52 52 1
7 54 8 1
4 6 24 34
30 45 18 1
14 10 15 2
67 4 3 86
6 3 3 53
100 7 2 15
39 1 3 26
70 32 27 1
1 54 7 3
24 4 7 33
50 36 40 1
53 34 12 1
52 7 1 15
25 12 11 7
3 2 54 32
88 2 10 6
59 27 32 1
69 1 19 3
2 13 38 5
93 2 24 1
15 50 1 21
14 7 84 2
24 1 5 77
2 2 55 11
30 25 45 1
76 2 62 1
3 5 33 3
9 26 9 4
25 1 19 51
62 5 5 4
29 7 4 16
81 18 11 1
17 5 29 25
2 14 27 34
12 23 8 26
36 1 55 2
17 1 79 3
8 28 4 33
92 5 1 3
1 21 20 29
64 12 10 3
5 6 4 56
15 5 8 10
51 16 1 22
38 1 9 35
5 10 9 14
1 11 9 96
1 14 60 12
56 6 2 80
4 27 17 27
82 1 6 3
16 4 7 5
16 8 58 2
42 13 3 18
17 43 1 5
79 1 2 86
7 6 1 95
