500 4
99 56 81 30
1 1 64 93
55 52 92 46
4 4 26 21
80 37 60 3
42 87 66 13
74 94 11 23
77 88 34 7
2 92 94 81
30 80 14 50
64 64 43 19
76 99 67 3
75 68 2 78
41 78 68 17
58 86 16 14
94 93 7 30
98 31 91 6
10 49 66 7
9 75 6 85
7 63 76 5
41 81 47 3
91 25 82 14
42 87 27 6
77 2 71 38
93 24 79 4
75 6 1 84
15 91 16 62
83 48 53 7
57 97 22 36
2 23 89 77
86 38 36 1
3 39 68 77
33 34 57 12
60 11 87 19
86 16 1 74
92 51 13 60
29 66 17 74
91 43 1 51
34 66 6 81
82 58 51 19
2 30 71 67
77 89 5 68
53 90 19 1
73 75 59 10
75 52 56 14
52 17 15 75
8 11 89 15
67 33 57 5
40 69 5 71
2 87 54 67
4 54 87 19
55 17 60 19
63 53 4 38
79 49 2 19
60 1 48 64
68 8 76 3
3 64 98 2
3 42 92 23
65 35 82 4
15 59 18 86
92 28 16 64
53 66 52 12
51 72 63 7
58 55 30 4
10 77 9 73
2 89 90 61
82 37 7 66
59 56 15 43
24 9 12 59
20 82 17 10
47 89 45 1
4 13 1 2
1 55 46 52
82 7 47 6
23 2 90 56
2 18 33 54
3 75 4 26
63 9 49 20
46 9 23 29
63 2 75 3
58 2 50 81
92 6 74 19
85 5 25 76
85 76 9 1
56 58 85 1
20 2 81 22
82 4 17 16
84 87 84 1
77 69 57 1
2 17 55 92
100 1 92 47
10 1 45 91
81 1 76 51
34 97 86 1
53 10 2 38
48 62 64 1
68 2 17 24
2 6 73 68
66 1 27 94
2 95 23 90
56 4 24 95
91 1 22 66
2 16 65 56
41 7 5 56
5 7 11 73
54 54 58 1
9 62 60 1
94 4 13 81
88 8 4 58
31 51 43 1
84 3 3 9
2 73 83 34
71 2 3 99
13 3 54 28
1 84 17 55
2 53 100 15
2 47 50 22
23 2 95 1
63 5 30 16
55 1 53 21
29 11 24 23
86 2 17 15
1 57 72 41
48 5 89 15
2 60 17 99
52 5 25 51
72 3 82 1
1 28 45 96
2 12 12 55
17 3 43 67
28 85 1 1
67 3 37 44
62 11 2 16
89 3 39 5
33 1 67 63
4 2 49 69
2 39 40 31
1 22 66 34
48 6 15 41
16 3 87 7
73 6 12 74
54 5 6 31
77 9 19 4
2 64 11 68
68 8 2 7
1 22 38 60
57 2 41 31
4 6 78 3
12 2 33 54
56 2 50 8
39 1 63 76
22 2 68 5
35 1 53 69
3 3 18 61
42 29 56 1
34 3 17 20
58 4 15 61
60 1 39 68
22 1 79 51
58 4 4 52
56 9 77 3
1 51 71 4
2 32 35 33
62 9 18 10
80 23 41 1
8 1 89 69
68 16 59 1
47 4 60 1
32 63 2 1
20 11 32 18
19 30 13 1
6 65 26 1
56 1 13 97
53 2 14 83
1 70 57 13
51 1 78 30
1 95 40 23
43 1 5 66
2 98 2 86
27 1 100 9
1 88 32 16
1 6 92 29
23 8 9 31
2 10 92 2
43 6 3 16
13 12 55 15
7 8 2 71
54 2 60 32
3 27 65 26
16 7 63 17
1 73 20 72
8 2 71 55
21 1 50 73
90 1 61 3
2 17 88 7
17 3 10 54
2 10 58 80
2 2 85 31
1 52 1 55
2 46 7 70
20 1 78 87
78 4 2 51
2 47 20 17
5 8 61 4
1 17 67 31
18 11 19 37
6 55 70 1
1 28 7 22
1 54 60 12
1 3 75 61
34 1 43 90
2 12 15 48
65 8 24 11
1 17 57 11
73 2 3 77
47 12 2 15
59 5 3 74
36 1 57 49
5 99 73 1
39 5 7 80
21 4 4 66
1 77 65 9
72 17 6 1
27 9 1 26
1 8 64 65
44 2 12 64
30 9 28 8
53 1 90 2
13 1 90 27
17 44 21 1
77 10 36 3
97 3 2 89
88 1 76 20
89 6 32 8
3 21 33 3
40 6 42 16
74 1 24 27
21 2 18 68
66 5 12 8
31 2 8 58
66 41 6 1
37 9 8 16
32 6 21 6
76 7 27 5
14 77 11 1
74 3 13 51
100 2 8 37
5 3 10 81
28 4 26 12
26 4 3 51
9 2 37 3
11 3 10 27
16 2 14 75
1 24 12 95
2 9 66 34
8 52 4 1
2 8 56 29
100 2 82 2
74 10 17 2
19 7 9 71
3 1 47 77
3 4 70 50
2 52 37 8
45 1 51 53
13 6 4 90
2 91 35 7
55 1 75 18
63 1 64 18
63 2 63 1
15 10 57 2
1 9 76 22
56 2 29 33
23 11 5 4
41 2 87 2
3 6 37 21
48 2 14 9
38 1 10 21
8 27 84 1
75 1 21 7
18 6 2 74
1 73 27 19
2 3 3 92
59 4 7 28
67 2 7 57
5 65 3 1
23 1 50 12
3 3 4 33
3 85 17 12
1 94 53 2
78 3 1 65
15 2 8 69
1 26 63 6
3 54 7 14
6 1 87 35
46 3 26 14
2 54 76 3
6 47 82 1
3 3 67 22
2 3 53 60
49 15 1 1
3 51 19 15
2 68 5 26
1 5 61 100
2 1 89 70
51 3 7 28
92 6 54 1
6 9 1 48
13 14 68 1
1 5 52 77
23 12 90 1
3 14 19 14
2 3 85 23
75 5 2 70
31 2 7 7
46 12 77 1
17 40 58 1
75 1 11 9
1 14 32 77
2 49 61 2
34 1 48 75
80 1 9 57
100 2 2 25
23 9 70 2
4 1 9 98
21 10 3 41
39 40 10 1
9 1 3 85
3 90 1 2
3 50 1 63
1 8 27 58
65 14 44 1
1 15 30 51
2 5 21 83
16 8 83 2
55 3 4 10
3 62 31 13
63 9 23 2
4 12 3 73
1 40 88 4
2 1 21 90
64 12 58 1
4 3 88 3
55 3 68 2
29 9 93 1
4 2 44 67
65 7 1 18
89 2 2 44
47 7 3 11
16 29 21 1
1 93 59 8
2 81 85 1
29 5 18 20
22 1 66 14
45 2 6 56
3 46 81 1
63 1 3 76
1 89 91 1
85 2 5 64
64 4 2 65
1 18 19 79
4 17 70 1
1 26 37 7
1 6 54 27
24 2 14 52
29 1 89 7
7 1 86 33
25 1 4 58
65 1 14 16
1 92 5 23
1 45 57 2
3 60 28 6
8 2 53 2
2 97 3 38
15 1 61 60
5 2 90 8
61 1 10 12
8 1 80 73
1 6 22 69
5 1 19 78
18 3 32 22
74 3 22 5
41 7 4 29
1 3 98 14
15 7 36 1
1 8 20 94
34 1 43 52
1 41 2 96
3 25 17 13
10 1 74 66
3 88 15 1
5 1 99 21
92 3 19 2
96 4 14 6
21 10 4 8
5 1 79 41
6 2 67 56
5 1 80 19
17 2 3 58
7 2 59 61
1 11 22 44
2 77 19 15
1 79 13 2
51 8 1 72
51 4 6 27
3 26 3 42
16 1 1 58
78 2 21 2
26 2 25 16
17 1 82 14
23 3 2 32
3 29 15 6
51 1 58 9
3 88 2 6
2 51 85 1
13 2 5 68
2 35 74 1
2 1 70 81
91 3 18 3
20 7 14 10
24 2 69 1
35 1 26 54
2 52 20 1
20 1 89 11
1 14 59 15
4 10 59 18
3 8 83 18
37 1 40 19
5 4 84 1
6 5 76 14
10 4 18 21
1 4 56 5
51 4 1 26
1 23 47 43
73 14 33 1
24 9 8 2
1 57 32 13
1 51 7 5
85 2 6 16
35 1 9 57
4 4 30 11
57 1 45 16
1 1 77 50
15 2 22 32
3 11 11 24
73 3 27 1
3 20 55 7
2 50 8 7
2 3 58 41
39 5 4 11
14 1 50 16
1 16 1 85
2 16 8 81
100 1 6 25
61 1 58 7
6 3 3 31
15 3 34 2
14 1 16 77
2 89 6 12
3 65 6 22
34 10 1 20
7 1 20 59
6 2 54 28
2 3 40 69
38 20 30 1
77 1 83 5
2 2 61 62
14 4 23 18
2 1 52 63
50 3 26 2
1 13 3 66
73 1 28 1
71 7 2 7
2 84 2 27
60 1 37 11
3 5 52 28
25 12 2 8
69 13 29 1
2 21 31 2
1 2 68 30
14 11 12 6
74 1 7 52
53 1 10 12
21 1 3 24
1 12 1 57
2 2 24 77
1 13 40 26
61 2 59 1
72 2 44 2
1 2 60 81
1 64 65 1
11 2 10 73
55 6 21 4
7 12 55 9
3 32 13 14
23 1 24 21
96 6 1 3
4 5 63 1
27 6 13 5
10 7 2 52
3 5 1 8
