500 4
0.13 0.50 0.02 0.65
0.65 0.88 0.78 0.14
0.92 0.20 0.07 0.99
0.09 0.83 0.32 0.69
0.28 0.81 0.66 0.03
0.78 0.77 0.06 0.27
0.84 0.68 0.60 0.48
0.42 0.78 0.55 0.60
0.18 0.01 0.02 0.58
0.46 0.06 0.71 0.51
0.04 0.32 0.73 0.30
0.70 0.77 0.09 0.27
0.94 0.12 0.75 0.30
0.04 0.51 0.62 0.54
0.12 0.05 0.41 0.78
0.06 0.73 0.37 0.54
1.00 0.65 0.47 0.13
0.85 0.63 0.50 0.27
0.71 0.52 0.52 0.24
0.46 0.97 0.39 0.13
0.97 0.26 0.53 0.43
0.23 0.60 0.82 0.10
0.68 0.19 0.23 0.01
0.45 0.80 0.46 0.48
0.25 0.82 0.68 0.07
0.44 0.52 0.50 0.17
0.01 0.72 0.57 0.67
0.92 0.61 0.19 0.24
0.72 0.12 0.82 0.06
0.71 0.04 0.51 0.05
0.01 0.70 0.96 0.32
0.06 0.64 0.21 0.36
0.30 0.22 0.78 0.08
0.45 0.67 0.43 0.23
0.64 0.82 0.03 0.57
0.79 0.90 0.18 0.10
0.05 0.79 0.35 0.53
0.18 0.28 0.65 0.38
0.71 0.66 0.17 0.52
0.86 0.70 0.15 0.55
0.29 0.56 0.66 0.11
0.01 0.62 0.74 0.07
0.80 0.02 0.97 0.55
0.30 0.13 0.95 0.36
0.34 0.51 0.25 0.29
0.69 0.72 0.18 0.57
0.99 0.33 0.19 0.51
0.63 0.83 0.15 0.34
0.72 0.63 0.09 0.18
0.81 0.67 0.06 0.50
0.83 0.93 0.02 0.51
0.70 0.09 0.97 0.44
0.26 0.53 0.94 0.22
0.25 0.20 0.76 0.57
0.11 0.11 0.33 0.55
0.54 0.25 0.69 0.25
0.12 0.73 0.83 0.01
0.83 0.94 0.03 0.01
0.09 0.56 0.55 0.05
0.61 0.83 0.22 0.19
0.54 0.72 0.43 0.10
0.56 0.05 0.25 0.37
0.56 0.11 0.42 0.05
0.62 0.79 0.12 0.11
0.18 0.52 0.07 0.53
0.27 0.75 0.35 0.15
0.48 0.14 0.61 0.23
0.10 0.55 0.14 0.58
0.59 0.30 0.35 0.26
0.77 1.00 0.04 0.42
0.24 0.46 0.72 0.21
0.19 0.21 0.13 0.57
0.06 0.96 0.15 0.57
0.23 0.69 0.22 0.14
0.03 0.55 0.79 0.72
0.84 0.01 0.63 0.27
0.57 0.76 0.01 0.92
0.40 0.97 0.08 0.13
0.29 0.95 0.21 0.23
0.98 0.10 0.34 0.20
0.67 0.74 0.03 0.51
0.23 0.06 0.92 0.08
0.29 0.08 0.55 0.55
0.50 0.23 0.41 0.25
0.04 0.21 0.63 0.77
0.53 0.58 0.31 0.08
0.42 0.86 0.08 0.24
0.03 0.48 0.78 0.76
0.60 0.10 0.50 0.05
0.12 0.33 0.98 0.20
0.08 0.99 0.01 0.88
0.19 0.20 0.09 0.53
0.11 0.04 0.25 0.41
0.82 0.01 0.82 0.57
0.06 0.90 0.31 0.20
0.24 0.06 0.58 0.03
0.03 0.11 0.94 0.60
0.14 0.20 0.22 0.85
0.04 0.68 0.16 0.80
0.84 0.38 0.10 0.11
0.23 0.39 0.88 0.26
0.08 0.03 0.47 0.76
0.77 0.41 0.07 0.26
0.60 0.18 0.30 0.33
0.03 0.78 0.37 0.85
0.62 0.74 0.02 0.51
0.52 0.93 0.56 0.02
0.03 0.14 0.55 0.85
0.14 0.07 0.77 0.28
0.05 0.05 0.32 0.93
0.50 0.54 0.08 0.08
0.08 0.01 0.92 0.60
0.68 1.00 0.01 0.67
0.03 0.59 0.84 0.04
0.19 0.22 0.84 0.06
0.64 0.59 0.50 0.01
0.77 0.04 0.63 0.04
0.58 0.05 0.92 0.02
0.51 0.04 0.95 0.01
0.22 1.00 0.16 0.25
0.24 0.99 0.02 0.41
0.11 0.46 0.20 0.81
0.54 0.01 0.64 0.16
0.31 0.62 0.01 0.38
0.16 0.83 0.01 0.35
0.12 0.66 0.06 0.99
0.03 0.82 0.29 0.33
0.01 0.71 0.68 0.26
0.62 0.01 0.40 0.28
0.10 0.40 0.67 0.66
0.69 0.14 0.29 0.34
0.28 0.02 0.56 0.43
0.73 0.81 0.03 0.26
0.74 0.01 0.49 0.05
0.47 0.58 0.33 0.03
0.01 0.59 0.21 0.92
0.86 0.97 0.01 0.08
0.05 0.24 0.88 0.63
0.59 0.71 0.81 0.01
0.56 0.80 0.02 0.11
0.79 0.49 0.20 0.09
0.85 0.04 0.21 0.51
0.91 0.07 0.18 0.51
0.08 0.26 0.94 0.49
0.31 0.01 0.29 0.10
0.05 0.77 0.05 0.38
0.65 0.58 0.18 0.04
0.10 0.17 0.87 0.03
0.01 0.70 0.37 0.47
0.57 0.26 0.01 0.65
0.72 0.79 0.04 0.30
0.48 0.23 0.03 0.12
0.01 0.17 0.72 0.56
0.38 0.86 0.10 0.16
0.37 0.92 0.80 0.01
0.18 0.28 0.02 0.02
0.66 0.02 0.09 0.20
0.83 0.02 0.89 0.02
0.73 0.16 0.21 0.12
0.52 0.22 0.21 0.20
0.64 0.13 0.77 0.02
0.58 0.81 0.45 0.01
0.12 0.01 0.76 0.58
0.07 0.70 0.53 0.08
0.03 0.63 0.22 0.75
0.04 0.20 0.86 0.40
0.04 0.60 0.42 0.10
0.08 0.35 0.01 0.18
0.02 0.78 0.42 0.19
0.12 0.19 0.49 0.17
0.02 0.51 0.71 0.52
0.56 0.22 0.14 0.42
0.01 0.63 0.36 0.65
0.03 0.81 0.61 0.08
0.02 0.95 0.75 0.06
0.26 0.07 0.37 0.28
0.01 0.64 0.11 0.76
0.03 0.15 0.80 0.08
0.51 0.14 0.09 0.22
0.74 1.00 0.09 0.01
0.06 0.52 0.71 0.14
0.10 0.07 0.10 0.59
0.52 0.58 0.71 0.01
0.07 0.41 0.58 0.76
0.15 0.05 0.61 0.08
0.02 0.25 0.68 0.60
0.01 0.66 0.47 0.45
0.15 0.10 0.99 0.07
0.35 0.55 0.52 0.01
0.09 0.30 0.67 0.71
0.03 0.57 0.19 0.10
0.53 0.10 0.25 0.31
0.03 0.56 0.26 0.69
0.38 0.55 0.14 0.01
0.02 0.25 0.62 0.78
0.53 0.13 0.79 0.01
0.72 0.14 0.64 0.02
0.14 0.05 0.19 0.73
0.40 0.15 0.10 0.22
0.04 0.22 0.51 0.78
0.03 0.16 0.70 0.15
0.02 0.13 0.71 0.84
0.15 0.22 0.79 0.01
0.05 0.22 0.11 0.72
0.58 0.11 0.13 0.54
0.01 0.83 0.85 0.04
0.03 0.27 0.05 0.63
0.01 0.59 0.54 0.55
0.04 0.88 0.09 0.56
0.02 0.01 0.59 0.53
0.28 0.20 0.07 0.24
0.08 0.94 0.60 0.01
0.12 0.15 0.22 0.54
0.40 0.03 0.22 0.25
0.06 0.55 0.02 0.58
0.06 0.91 0.53 0.05
0.11 0.99 0.19 0.09
0.27 0.04 0.97 0.03
0.87 0.08 0.05 0.06
0.65 0.13 0.30 0.08
0.02 0.59 0.53 0.84
0.08 0.06 0.87 0.18
0.85 0.03 0.70 0.01
0.72 0.01 0.25 0.08
1.00 0.07 0.07 0.14
0.07 0.04 0.85 0.01
0.20 0.17 0.01 0.51
0.39 0.05 0.56 0.03
0.82 0.12 0.04 0.52
0.12 0.72 0.68 0.03
0.13 0.05 0.04 0.23
0.76 0.02 0.27 0.03
0.04 0.86 0.62 0.04
0.02 0.58 0.30 0.86
0.55 0.15 0.23 0.10
0.01 0.76 0.30 0.73
0.04 0.10 0.34 0.65
0.02 0.80 0.20 0.34
0.52 0.02 0.09 0.27
0.03 0.42 0.65 0.18
0.79 0.01 0.12 0.04
0.01 0.84 0.32 0.22
0.03 0.96 0.14 0.62
0.24 0.18 0.01 0.06
0.05 0.28 0.68 0.48
0.80 0.20 0.06 0.05
0.15 0.66 0.22 0.06
0.07 0.75 0.67 0.06
0.06 0.55 0.28 0.45
0.08 0.15 0.29 0.11
1.00 0.15 0.03 0.09
0.10 0.70 0.22 0.09
0.12 0.42 0.54 0.06
0.67 0.21 0.24 0.05
0.07 0.81 0.03 0.27
0.14 0.04 0.80 0.06
0.57 0.02 0.04 0.46
0.76 0.05 0.18 0.14
0.01 0.60 0.82 0.40
0.04 0.17 0.28 0.96
0.06 0.01 0.49 0.16
0.33 0.16 0.56 0.08
0.21 0.12 0.55 0.08
0.01 0.41 0.03 0.09
0.83 0.10 0.18 0.01
0.70 0.14 0.20 0.16
0.02 0.55 0.71 0.03
0.16 0.31 0.68 0.03
0.01 0.40 0.65 0.54
0.13 0.41 0.80 0.03
0.79 0.09 0.03 0.11
0.08 0.14 0.19 0.58
0.28 0.01 0.46 0.41
0.17 0.96 0.02 0.16
0.05 0.17 0.08 0.36
0.16 0.89 0.02 0.10
0.04 0.56 0.02 0.66
0.03 0.22 0.57 0.36
0.01 0.29 0.39 0.65
0.01 0.38 0.98 0.26
0.07 0.66 0.01 0.21
0.98 0.08 0.36 0.01
0.21 0.01 0.16 0.40
0.32 0.89 0.66 0.01
0.53 0.10 0.01 0.51
0.52 0.15 0.32 0.08
0.49 0.08 0.05 0.09
0.04 0.08 0.41 0.97
0.15 0.81 0.51 0.01
0.93 0.76 0.12 0.01
0.06 0.31 0.19 0.09
0.33 0.62 0.61 0.01
0.71 0.06 0.74 0.02
0.05 0.16 0.47 0.48
0.60 0.11 0.31 0.07
0.02 0.64 0.01 0.64
0.01 0.09 0.62 0.71
0.05 0.63 0.70 0.02
0.07 0.25 0.01 0.09
0.56 0.03 0.89 0.09
0.05 0.79 0.51 0.06
0.30 0.61 0.69 0.01
0.02 0.31 0.82 0.24
0.59 0.27 0.28 0.03
0.14 0.11 0.04 0.14
0.82 0.06 0.01 0.77
0.02 0.07 0.45 0.93
0.13 0.70 0.47 0.07
0.15 0.69 0.61 0.03
0.01 0.53 0.02 0.91
0.01 0.26 0.20 0.47
0.03 0.09 0.78 0.08
0.09 0.32 0.49 0.07
0.09 0.21 0.03 0.80
0.74 0.02 0.89 0.02
0.13 0.01 0.16 0.73
0.01 0.21 0.67 0.36
0.12 0.02 0.03 0.83
0.01 0.06 0.90 0.12
0.06 0.31 0.71 0.04
0.65 0.56 0.02 0.01
0.01 0.12 0.58 0.19
0.02 0.05 0.57 0.96
0.11 0.04 0.06 0.94
0.08 0.14 0.16 0.75
0.23 0.37 0.43 0.01
0.01 0.08 0.53 0.75
0.03 0.45 0.36 0.04
0.07 0.12 0.24 0.99
0.03 0.15 0.36 0.09
0.98 0.55 0.04 0.01
0.11 0.86 0.71 0.01
0.04 0.04 0.13 0.78
0.01 0.83 0.83 0.04
0.02 0.63 0.16 0.01
0.03 0.03 0.24 0.27
0.21 0.08 0.02 0.13
0.70 0.14 0.08 0.02
0.02 0.35 0.98 0.07
0.05 0.02 0.65 0.28
0.06 0.04 0.16 0.62
0.12 0.24 0.01 0.25
0.04 0.77 0.01 0.52
0.02 0.68 0.02 0.56
0.12 0.07 0.04 0.34
0.01 0.03 0.21 0.56
0.01 0.11 0.51 0.33
0.13 0.20 0.39 0.06
0.82 0.06 0.04 0.12
0.07 0.54 0.18 0.03
0.13 0.35 0.07 0.07
0.05 0.06 0.05 0.61
0.01 0.02 0.14 0.65
0.07 0.85 0.15 0.03
0.10 0.18 0.53 0.03
0.54 0.93 0.10 0.01
0.66 0.03 0.56 0.03
0.04 0.39 0.07 0.03
0.08 0.12 0.34 0.10
0.78 0.12 0.52 0.02
0.91 0.04 0.63 0.02
0.22 0.14 0.67 0.02
1.00 0.01 0.08 0.57
0.52 0.01 0.05 0.49
0.15 0.93 0.03 0.05
0.67 0.02 0.78 0.03
0.24 0.07 0.81 0.01
0.04 0.31 0.84 0.02
0.58 0.13 0.10 0.02
0.03 0.22 0.73 0.08
0.03 0.54 0.01 0.45
0.55 0.13 0.01 0.14
0.09 0.45 0.58 0.01
0.01 0.74 0.02 0.83
0.45 0.03 0.83 0.02
0.02 0.11 0.32 0.36
0.02 0.93 0.02 0.37
0.12 0.17 0.16 0.21
0.63 0.01 0.58 0.01
0.01 0.02 0.96 0.60
0.68 0.11 0.22 0.02
0.54 0.03 0.19 0.05
0.55 0.09 0.77 0.01
0.10 0.07 0.11 0.17
0.03 0.40 0.03 0.97
0.03 0.33 0.14 0.56
0.50 0.01 0.02 0.06
0.99 0.33 0.06 0.01
0.12 0.05 0.76 0.11
0.02 0.30 0.09 0.52
0.13 0.02 0.16 0.55
0.03 0.06 0.52 0.02
0.06 0.16 0.18 0.36
0.17 0.01 0.06 0.01
0.04 0.34 0.04 0.07
0.01 0.99 0.43 0.07
0.01 0.55 0.02 0.44
0.02 0.15 0.57 0.03
0.01 0.64 0.56 0.05
0.06 0.01 0.36 0.88
0.16 0.34 0.27 0.01
0.01 0.75 0.55 0.03
0.01 0.09 0.13 0.15
0.91 0.31 0.02 0.01
0.01 0.01 0.94 0.49
0.88 0.03 0.01 0.95
0.15 0.03 0.53 0.14
0.14 0.05 0.27 0.10
0.02 0.54 0.54 0.05
0.41 0.09 0.01 0.86
0.33 0.01 0.05 0.52
0.70 0.02 0.01 0.75
0.07 0.14 0.03 0.70
0.13 0.01 0.34 0.64
0.01 0.11 0.99 0.01
0.11 0.02 0.31 0.09
0.03 0.25 0.05 0.25
0.01 0.92 0.82 0.02
0.12 0.34 0.54 0.01
0.11 0.01 0.12 0.46
0.04 0.03 0.63 0.18
0.97 0.82 0.01 0.04
0.14 0.01 0.21 0.06
0.11 0.03 0.07 0.89
0.01 0.60 0.89 0.01
0.03 0.01 0.45 0.89
0.03 0.58 0.01 0.42
0.12 0.01 0.08 0.64
0.01 0.29 0.21 0.04
0.02 0.66 0.01 0.44
0.03 0.01 0.53 0.82
0.04 0.04 0.03 0.40
0.07 0.36 0.64 0.01
0.02 0.04 0.24 0.21
0.02 0.02 0.05 0.68
0.84 0.01 0.01 0.68
0.32 0.10 0.04 0.02
0.74 0.32 0.05 0.01
0.75 0.83 0.01 0.02
0.90 0.10 0.01 0.36
0.01 0.58 0.84 0.03
0.80 0.22 0.03 0.01
0.09 0.01 0.22 0.33
0.02 0.94 0.14 0.03
0.05 0.57 0.50 0.02
0.01 0.15 0.09 0.25
0.07 0.21 0.03 0.10
0.01 0.27 0.03 0.69
0.07 0.12 0.26 0.04
0.05 0.57 0.80 0.01
0.07 0.11 0.09 0.08
0.01 0.28 0.96 0.03
0.53 0.54 0.04 0.01
0.17 0.13 0.01 0.69
0.11 0.30 0.15 0.03
0.07 0.15 0.19 0.07
0.60 0.96 0.01 0.02
0.03 0.07 0.40 0.16
0.01 0.06 0.65 0.20
0.19 0.22 0.01 0.20
0.09 0.09 0.12 0.12
0.10 0.41 0.06 0.01
0.10 0.20 0.08 0.08
0.14 0.95 0.02 0.07
0.04 0.02 0.52 0.05
0.02 0.61 0.82 0.01
0.02 0.55 0.02 0.25
0.01 0.85 0.01 0.45
0.14 0.10 0.03 0.36
0.35 0.04 0.04 0.18
0.01 0.37 0.01 0.32
0.01 0.02 0.83 0.56
0.05 0.28 0.21 0.12
0.69 0.15 0.05 0.01
0.02 0.68 0.10 0.05
0.12 0.24 0.77 0.01
0.01 0.21 0.71 0.01
0.31 0.10 0.01 0.64
0.93 0.07 0.04 0.05
0.52 0.21 0.03 0.02
0.12 0.07 0.57 0.01
0.04 0.13 0.11 0.21
0.01 0.06 0.57 0.04
0.05 0.24 0.14 0.01
0.05 0.16 0.14 0.03
0.06 0.11 0.72 0.01
0.07 0.26 0.09 0.01
0.16 0.05 0.10 0.10
0.02 0.75 0.04 0.07
0.01 0.01 0.84 0.47
0.31 0.25 0.01 0.02
0.82 0.09 0.01 0.46
0.91 0.13 0.02 0.04
0.63 0.09 0.01 0.82
0.06 0.03 0.56 0.03
0.12 0.44 0.02 0.08
0.02 0.62 0.46 0.02
0.77 0.17 0.01 0.08
0.32 0.04 0.01 0.88
0.37 0.71 0.02 0.01
