300 5
91 61 23 60 83
70 20 60 47 89
29 41 90 41 12
39 36 42 23 33
13 100 48 26 35
48 28 1 23 32
10 46 21 16 60
26 8 6 4 3
24 22 8 47 63
25 8 41 31 38
13 25 36 6 15
69 7 47 20 13
34 12 68 44 2
16 46 13 46 5
39 48 28 32 1
15 10 41 5 11
20 14 22 14 59
28 37 17 3 17
2 15 22 48 14
11 86 13 12 54
2 13 17 35 34
16 41 6 61 5
22 14 12 16 4
1 3 13 33 33
18 4 2 17 31
34 30 26 2 24
27 21 27 17 1
29 90 5 40 11
16 13 20 13 11
10 40 28 10 36
17 2 14 23 39
13 89 34 2 11
1 30 38 12 46
7 42 10 46 7
5 16 25 30 1
31 13 4 9 46
11 41 10 4 4
6 6 14 1 31
11 2 46 13 7
21 19 7 40 19
4 38 27 6 1
1 41 9 67 14
16 13 72 36 3
22 13 4 30 5
19 14 3 10 61
35 1 48 54 35
1 40 3 11 45
39 23 25 1 16
2 2 22 42 49
40 2 11 25 22
1 43 13 42 25
4 19 8 32 46
22 27 25 9 23
23 4 44 49 1
20 1 1 3 79
1 43 50 18 37
6 21 2 29 70
7 10 5 12 26
33 5 19 7 35
49 1 37 4 45
1 7 32 42 17
14 39 4 40 7
2 49 32 19 5
49 16 1 18 74
54 1 15 32 33
11 13 15 13 19
9 10 24 19 15
11 1 30 10 98
6 41 19 25 4
14 6 4 37 98
20 1 45 15 31
3 32 3 7 26
41 7 11 27 4
12 1 86 77 12
1 15 15 29 16
34 1 43 21 7
3 7 35 17 26
66 31 30 1 3
23 44 1 36 20
41 2 4 27 19
10 11 8 33 9
14 31 27 13 11
28 4 15 37 15
6 58 4 8 8
64 6 42 15 20
26 42 4 1 14
2 46 41 26 7
10 31 5 38 21
23 5 40 15 29
43 4 25 1 31
13 26 32 20 9
1 5 29 12 30
3 4 98 31 45
91 39 3 24 2
5 21 5 11 17
8 3 11 5 7
24 16 3 43 17
32 7 1 43 31
2 8 36 23 12
2 22 8 29 48
2 34 7 29 47
2 22 44 28 1
33 1 16 1 35
3 4 40 4 85
7 38 2 2 3
16 15 6 49 15
1 23 22 47 6
2 34 23 28 16
5 14 15 32 23
6 24 9 16 3
8 16 6 7 19
48 6 25 50 6
4 48 4 6 14
21 85 1 9 62
2 39 24 13 5
37 62 2 47 1
37 7 8 30 20
5 18 6 85 38
69 61 14 1 1
17 1 33 11 64
40 59 1 87 6
2 9 17 18 44
62 3 1 85 65
5 11 23 16 3
19 9 11 43 2
37 26 2 17 4
9 1 12 11 17
10 44 1 51 46
47 40 1 36 34
31 14 30 2 10
24 28 2 3 38
7 27 10 10 33
42 44 20 59 1
82 25 1 25 24
20 26 3 12 37
2 28 3 26 42
34 39 4 73 2
53 14 33 3 1
1 18 47 20 6
15 4 32 99 1
7 29 11 4 79
2 68 43 12 14
53 28 23 83 1
2 10 66 33 2
7 1 13 7 76
1 24 3 81 56
95 5 1 65 14
4 97 69 3 90
22 19 64 16 2
18 40 1 65 19
15 11 10 97 3
92 6 1 92 53
9 13 3 35 6
80 9 53 2 29
30 17 42 17 2
3 84 2 8 68
23 47 1 43 13
6 18 28 7 15
10 7 14 1 26
1 11 24 26 50
41 28 36 8 1
42 10 47 2 5
78 45 1 31 23
24 5 28 32 1
22 33 11 7 6
1 33 38 34 9
76 93 1 59 12
15 78 7 1 13
96 8 2 3 1
34 26 1 20 7
26 22 15 3 20
1 1 34 12 46
3 41 17 30 15
4 10 18 6 13
16 13 50 4 10
2 2 35 20 38
38 1 36 7 24
36 18 2 14 18
1 88 77 8 70
8 15 18 2 1
46 16 17 2 22
1 37 45 2 36
23 37 14 2 10
26 7 66 3 1
3 32 7 32 15
15 2 76 30 3
41 7 2 46 18
49 2 28 37 16
18 37 5 13 14
1 35 32 11 85
34 17 1 46 12
21 8 1 2 24
74 1 42 16 16
13 4 2 17 32
3 5 2 69 64
10 15 2 7 32
7 36 1 31 73
8 25 2 33 13
26 33 11 49 1
17 36 13 2 28
99 2 15 86 12
9 96 13 54 1
10 1 25 1 78
5 31 46 14 4
5 28 13 69 11
8 35 14 2 3
26 6 4 88 15
4 9 28 15 48
20 2 16 18 16
25 1 74 75 13
1 8 41 3 20
2 50 40 22 4
71 4 1 26 19
12 27 11 42 1
18 2 58 2 74
2 15 12 13 33
1 50 13 26 39
5 20 17 7 13
8 17 6 70 6
15 28 1 9 33
69 53 10 1 12
48 1 1 11 47
33 16 2 23 16
75 1 28 92 5
5 18 24 7 8
14 1 32 9 32
5 50 29 2 50
20 4 7 14 40
11 1 1 23 98
4 12 3 14 45
15 7 7 16 27
5 4 21 47 30
100 80 1 16 23
28 9 39 2 15
47 7 2 1 78
8 16 15 69 6
36 6 8 67 22
1 13 6 36 7
47 1 33 47 2
5 29 13 39 2
15 4 42 1 30
16 4 45 37 1
7 8 95 15 8
4 2 19 17 45
89 8 5 94 9
1 2 39 34 1
5 25 10 1 44
3 46 4 5 47
6 5 20 100 11
18 20 1 2 30
4 11 5 66 61
7 33 2 17 48
15 23 13 22 6
3 10 6 22 86
2 7 25 22 15
32 1 4 9 42
29 65 10 65 2
8 4 12 40 1
1 16 34 4 4
1 27 12 29 82
24 5 5 67 15
1 38 4 43 18
1 25 18 18 18
9 13 3 24 3
85 7 3 7 50
5 32 12 6 10
23 16 11 34 1
21 12 2 25 19
2 92 2 11 66
8 6 3 31 11
6 17 9 23 30
1 1 81 41 41
31 17 5 1 14
5 35 4 40 5
28 3 73 5 4
6 6 4 15 24
3 28 15 80 2
2 13 17 34 4
1 33 11 8 38
8 40 1 21 8
2 42 22 28 6
3 62 63 1 55
10 1 19 32 8
1 42 20 5 34
33 6 1 2 6
71 59 6 39 1
16 12 41 24 1
7 36 90 7 3
16 12 48 4 3
4 72 20 28 9
91 10 1 39 3
20 45 51 1 22
42 5 11 25 2
3 2 26 22 4
35 1 11 37 21
25 23 4 18 11
99 2 57 10 10
5 14 6 20 13
18 14 1 6 22
2 2 49 5 45
