300 5
0.97 0.46 0.72 0.45 0.52
0.89 0.62 0.35 0.19 0.69
0.14 0.22 0.13 0.22 0.24
0.21 0.15 0.19 0.40 0.08
0.49 0.24 0.41 0.16 0.11
0.06 0.15 0.31 0.15 0.58
0.19 0.04 0.42 0.28 0.14
0.63 0.32 0.01 0.14 0.78
0.21 0.35 0.09 0.26 0.80
0.15 0.01 0.14 0.23 0.15
0.32 0.15 0.10 0.36 0.18
0.01 0.36 0.94 0.34 0.35
0.10 0.53 0.41 0.30 0.54
0.38 0.40 0.48 0.11 0.07
0.21 0.48 0.21 0.07 0.09
0.35 0.04 0.02 0.21 0.23
0.18 0.26 0.17 0.01 0.29
0.19 0.10 0.23 0.04 0.26
0.11 0.42 0.32 0.89 0.48
0.39 0.40 0.12 0.01 0.21
0.01 0.34 0.09 0.44 0.48
0.01 0.25 0.14 0.38 0.39
0.02 0.35 0.10 0.31 0.19
0.08 0.29 0.08 0.02 0.34
0.04 0.40 0.01 0.46 0.25
0.38 0.47 0.01 0.21 0.46
0.12 0.21 0.15 0.13 0.16
0.80 0.44 0.43 0.39 0.03
0.03 0.43 0.08 0.10 0.25
0.22 0.10 0.12 0.48 0.76
0.05 0.12 0.32 0.22 0.36
0.05 0.32 0.13 0.04 0.14
0.09 0.14 0.74 0.19 0.27
0.10 0.02 0.47 0.33 0.44
0.31 0.44 0.48 0.36 0.04
0.91 0.24 0.12 0.05 0.55
0.21 0.08 0.21 0.04 0.23
0.71 0.10 0.08 0.27 0.06
0.14 0.29 0.11 0.09 0.12
0.84 0.10 0.09 0.08 0.46
0.02 0.89 0.25 0.25 0.41
0.18 0.09 0.02 0.33 0.07
0.03 0.07 0.22 0.49 0.09
0.78 0.02 0.06 0.42 0.29
0.83 0.15 0.25 0.03 0.01
0.13 0.17 0.07 0.87 0.44
0.28 0.37 1.00 0.33 0.06
0.06 0.04 0.28 0.30 0.23
0.16 0.12 0.07 0.29 0.28
0.22 0.10 0.08 0.13 0.19
0.65 0.92 0.05 0.16 0.34
0.04 0.39 0.23 0.13 0.29
0.36 0.20 0.34 0.26 0.04
0.30 0.08 0.24 0.17 0.22
0.32 0.03 0.41 0.19 0.40
0.10 0.31 0.50 0.36 0.19
0.08 0.19 0.01 0.88 0.25
0.46 0.02 0.28 0.13 0.19
0.18 0.51 0.26 0.17 0.08
0.14 0.33 0.01 0.98 0.03
0.25 0.47 0.01 0.17 0.21
0.02 0.15 0.09 0.02 0.24
0.49 0.09 0.25 0.09 0.15
0.17 0.18 0.22 0.16 0.23
0.27 0.13 0.10 0.34 0.04
0.01 0.35 0.27 0.32 0.15
0.39 0.09 0.40 0.31 0.12
0.11 0.38 0.30 0.03 0.15
0.01 0.01 0.06 0.91 0.14
0.24 0.05 0.30 0.18 0.50
0.34 0.34 0.84 0.20 0.10
0.01 0.48 0.14 0.04 0.25
0.78 0.48 0.76 0.30 0.02
0.34 0.24 0.01 0.08 0.05
0.15 0.09 0.46 0.01 0.27
0.15 0.25 0.08 0.40 0.07
0.28 0.05 0.04 0.49 0.27
0.40 0.13 0.40 0.02 0.50
0.02 0.11 0.29 0.40 0.08
0.29 0.28 0.11 0.01 0.49
0.49 0.02 0.30 0.06 0.10
0.48 0.22 0.34 0.22 0.09
0.16 0.16 0.45 0.12 0.02
0.81 0.01 0.06 0.23 0.39
0.25 0.40 0.18 0.67 0.04
0.14 0.02 0.31 0.34 0.03
0.12 0.08 0.27 0.24 0.28
0.05 0.06 0.45 0.37 0.47
0.44 0.57 0.35 0.04 0.09
0.06 0.06 0.47 0.27 0.38
0.06 0.17 0.32 0.28 0.13
0.14 0.25 0.21 0.11 0.21
0.34 0.05 0.35 0.02 0.45
0.74 0.23 0.05 0.16 0.29
0.08 0.33 0.60 0.01 0.43
0.15 0.04 0.47 0.14 0.26
1.00 0.21 0.07 0.04 0.33
0.07 0.37 0.04 0.10 1.00
0.48 0.06 0.26 0.12 0.85
0.02 0.89 0.04 0.65 0.87
0.13 0.15 0.15 0.87 0.04
0.56 0.16 0.13 0.29 0.13
0.28 0.03 0.01 0.47 0.06
0.32 0.09 0.11 0.07 0.44
0.48 0.12 0.07 0.02 0.07
0.16 0.28 0.08 0.21 0.69
0.12 0.22 0.27 0.48 0.02
0.04 0.08 0.32 0.45 0.31
0.09 0.01 0.95 0.76 0.15
0.26 0.03 0.01 0.29 0.70
0.33 0.16 0.14 0.06 0.08
0.32 0.49 0.24 0.01 0.25
0.21 0.14 0.38 0.40 0.01
0.12 0.06 0.22 0.32 0.23
0.22 0.12 0.31 0.08 0.14
0.07 0.01 0.06 0.42 0.46
0.54 0.15 0.64 0.01 0.13
0.34 0.37 0.28 0.37 0.01
0.14 1.00 0.87 0.03 0.01
0.13 0.56 0.90 0.01 0.30
0.09 0.19 0.16 0.86 0.14
0.01 0.50 0.12 0.16 0.95
0.92 0.94 0.05 0.01 0.88
0.24 0.12 0.22 0.14 0.12
0.16 0.15 0.04 0.42 0.39
0.21 0.27 0.20 0.01 0.22
0.37 0.02 0.04 0.07 0.36
0.17 0.91 0.03 0.41 0.85
0.21 0.19 0.04 0.11 0.04
0.08 0.46 0.37 0.66 0.03
0.35 0.17 0.01 0.28 0.17
0.09 0.31 0.17 0.17 0.16
0.60 0.15 0.03 0.05 0.66
0.06 0.68 0.11 0.04 0.12
0.06 0.25 0.41 0.10 0.16
0.07 0.11 0.37 0.34 0.06
0.30 0.96 0.04 0.02 0.36
0.19 0.30 0.22 0.04 0.16
0.48 0.22 0.02 0.08 0.15
0.30 0.09 0.50 0.10 0.04
0.21 0.85 0.07 0.02 0.80
0.23 0.49 0.05 0.04 0.22
0.36 0.08 0.15 0.04 0.14
0.22 0.29 0.43 0.09 0.02
0.15 0.13 0.01 0.74 0.64
0.50 0.50 0.05 0.43 0.03
0.02 0.17 0.19 0.33 0.23
0.18 0.18 0.41 0.15 0.19
0.91 0.58 0.01 0.66 0.02
0.01 0.47 0.23 0.10 0.36
0.31 0.07 0.11 0.19 0.18
0.21 0.04 0.42 0.14 0.34
0.46 0.05 0.11 0.82 0.05
0.02 0.27 0.37 0.18 0.07
0.47 0.04 0.36 0.05 0.12
0.04 0.94 0.50 0.07 0.05
0.10 0.32 0.31 0.45 0.01
0.90 0.13 0.24 0.33 0.05
0.31 0.38 0.16 0.01 0.02
0.11 0.27 0.45 0.59 0.03
0.22 0.05 0.03 0.19 0.27
0.03 0.47 0.05 0.25 0.13
0.06 0.23 0.06 0.10 0.11
0.17 0.99 0.36 0.01 0.13
0.48 0.11 0.17 0.88 0.04
0.21 0.18 0.13 0.38 0.06
0.12 0.02 0.84 0.26 0.86
0.11 0.01 0.18 0.01 0.27
0.18 0.33 0.01 0.46 0.13
0.50 0.17 0.04 0.25 0.01
0.03 0.11 0.64 0.14 0.32
0.03 0.04 0.44 0.46 0.33
0.66 0.16 0.04 0.44 0.03
0.07 0.03 0.13 0.13 0.50
0.25 0.70 0.01 0.89 0.02
0.09 0.45 0.19 0.17 0.05
0.10 0.21 0.35 0.11 0.12
0.22 0.04 0.05 0.08 0.48
0.03 0.13 0.82 0.81 0.03
0.01 0.24 0.03 0.08 0.14
0.49 0.32 0.28 0.03 0.05
0.05 0.50 0.39 0.15 0.06
0.06 0.06 0.03 0.64 0.16
0.06 0.50 0.75 0.42 0.02
0.03 0.85 0.20 0.12 0.04
0.27 0.45 0.03 0.01 0.19
0.41 0.40 0.10 0.07 0.07
0.11 0.18 0.35 0.26 0.23
0.02 0.02 0.12 0.27 0.39
0.14 0.12 0.03 0.51 1.00
0.04 0.06 0.08 0.50 0.12
0.23 0.24 0.21 0.21 0.01
0.27 0.01 0.72 0.16 0.02
0.42 0.03 0.24 0.15 0.19
0.01 0.33 0.15 0.06 0.27
0.27 0.08 0.08 0.45 0.15
0.41 0.19 0.08 0.12 0.02
0.16 0.22 0.01 0.31 0.04
0.62 0.06 0.10 0.58 0.04
0.18 0.01 0.08 0.21 0.43
0.80 0.19 0.03 0.04 0.05
0.02 0.11 0.08 0.37 0.11
0.02 0.81 0.08 0.94 0.08
0.05 0.11 0.34 0.32 0.38
0.11 0.95 0.17 0.44 0.05
0.38 0.02 0.13 0.49 0.27
0.08 0.12 0.61 0.24 0.20
0.02 0.01 0.06 0.37 0.83
0.28 0.09 0.46 0.03 0.18
0.28 0.09 0.97 0.18 0.01
0.37 0.18 0.11 0.20 0.15
0.31 0.35 0.01 0.02 0.89
0.51 0.03 0.17 0.01 0.08
0.06 0.01 0.40 0.46 0.11
0.23 0.13 0.09 0.25 0.05
0.12 0.12 0.18 0.09 0.01
0.11 0.17 0.03 0.47 0.09
0.17 0.07 0.44 0.20 0.09
0.87 0.42 0.03 0.60 0.01
0.50 0.13 0.07 0.01 0.42
0.01 0.17 0.46 0.10 0.14
0.05 0.07 0.33 0.28 0.08
0.06 0.10 0.19 0.09 0.41
0.25 0.13 0.52 0.07 0.03
0.08 0.74 0.25 0.79 0.05
0.04 0.13 0.43 0.09 0.42
0.45 0.01 0.14 0.34 0.06
0.09 0.09 0.79 0.02 0.29
0.22 0.11 0.13 0.10 0.33
0.30 0.01 0.04 0.18 0.10
0.16 0.49 0.10 0.04 0.05
0.01 0.43 0.74 0.39 0.02
0.23 0.03 0.11 0.67 0.17
0.01 0.22 0.24 0.01 0.38
0.16 0.08 0.04 0.20 0.98
0.24 0.82 0.03 0.01 0.37
0.01 0.41 0.67 0.07 0.06
0.03 0.13 0.05 0.32 0.45
0.15 0.40 0.01 0.34 0.49
0.25 0.21 0.07 0.06 0.18
0.03 0.13 0.80 0.35 0.03
0.20 0.46 0.16 0.48 0.02
0.19 0.07 0.14 0.08 0.53
0.46 0.20 0.08 0.10 0.30
0.08 0.51 0.06 0.01 0.85
0.34 0.34 0.22 0.03 0.10
0.14 0.26 0.02 0.43 0.48
0.10 0.19 0.24 0.06 0.11
0.23 0.45 0.07 0.55 0.03
0.19 0.48 0.09 0.29 0.09
0.11 0.97 0.78 0.04 0.10
0.39 0.05 0.08 0.67 0.05
0.01 0.15 0.97 0.80 0.30
0.19 0.29 0.72 0.03 0.04
0.09 0.40 0.17 0.01 0.25
0.49 0.18 0.16 0.38 0.01
0.05 0.12 0.11 0.34 0.45
0.46 0.02 0.15 0.20 0.06
0.02 0.02 0.13 0.35 0.38
0.05 0.05 0.46 0.02 0.20
0.21 0.04 0.16 0.09 0.47
0.39 0.47 0.05 0.39 0.01
0.06 0.72 0.05 0.94 0.01
0.08 0.27 0.34 0.84 0.04
0.03 0.15 0.28 0.48 0.04
0.21 0.07 0.12 0.11 0.38
0.15 0.30 0.06 0.41 0.08
0.46 0.02 0.56 0.85 0.02
0.08 0.06 0.47 0.10 0.09
0.08 0.14 0.21 0.36 0.12
0.05 0.04 0.36 0.35 0.28
0.49 0.06 0.03 0.18 0.16
0.09 0.68 0.02 0.38 0.89
0.20 0.04 0.16 0.40 0.01
0.07 0.03 0.32 0.02 0.44
0.28 0.18 0.22 0.04 0.12
0.71 0.01 0.43 0.35 0.05
0.12 0.03 0.13 0.03 0.17
0.02 0.05 0.28 0.03 0.99
0.16 0.21 0.20 0.05 0.16
0.27 0.26 0.52 0.01 0.15
0.05 0.05 0.11 0.30 0.05
0.01 0.16 0.81 0.33 0.71
0.06 0.03 0.78 0.13 0.21
0.10 0.14 0.09 0.21 0.50
0.24 0.34 0.01 0.98 0.02
0.01 0.01 0.39 0.33 0.18
0.03 0.10 0.43 0.27 0.13
0.12 0.08 0.05 0.39 0.42
0.44 0.38 0.04 0.41 0.02
0.09 0.05 0.96 0.38 0.02
0.12 0.30 0.01 0.50 0.19
0.03 0.04 0.35 0.09 0.02
0.10 0.07 0.07 0.44 0.15
0.16 0.31 0.09 0.01 0.34
0.74 0.18 0.05 0.17 0.23
0.35 0.02 0.87 0.99 0.01
0.02 0.04 0.85 0.32 0.01
0.04 0.03 0.78 0.03 0.85
0.03 0.02 0.01 0.74 0.41
