300 5
97 46 72 45 52
89 62 35 19 69
14 22 13 22 24
21 15 19 40 8
49 24 41 16 11
6 15 31 15 58
19 4 42 28 14
63 32 1 14 78
21 35 9 26 80
15 1 14 23 15
32 15 10 36 18
1 36 94 34 35
10 53 41 30 54
38 40 48 11 7
21 48 21 7 9
35 4 2 21 23
18 26 17 1 29
19 10 23 4 26
11 42 32 89 48
39 40 12 1 21
1 34 9 44 48
1 25 14 38 39
2 35 10 31 19
8 29 8 2 34
4 40 1 46 25
38 47 1 21 46
12 21 15 13 16
80 44 43 39 3
3 43 8 10 25
22 10 12 48 76
5 12 32 22 36
5 32 13 4 14
9 14 74 19 27
10 2 47 33 44
31 44 48 36 4
91 24 12 5 55
21 8 21 4 23
71 10 8 27 6
14 29 11 9 12
84 10 9 8 46
2 89 25 25 41
18 9 2 33 7
3 7 22 49 9
78 2 6 42 29
83 15 25 3 1
13 17 7 87 44
28 37 100 33 6
6 4 28 30 23
16 12 7 29 28
22 10 8 13 19
65 92 5 16 34
4 39 23 13 29
36 20 34 26 4
30 8 24 17 22
32 3 41 19 40
10 31 50 36 19
8 19 1 88 25
46 2 28 13 19
18 51 26 17 8
14 33 1 98 3
25 47 1 17 21
2 15 9 2 24
49 9 25 9 15
17 18 22 16 23
27 13 10 34 4
1 35 27 32 15
39 9 40 31 12
11 38 30 3 15
1 1 6 91 14
24 5 30 18 50
34 34 84 20 10
1 48 14 4 25
78 48 76 30 2
34 24 1 8 5
15 9 46 1 27
15 25 8 40 7
28 5 4 49 27
40 13 40 2 50
2 11 29 40 8
29 28 11 1 49
49 2 30 6 10
48 22 34 22 9
16 16 45 12 2
81 1 6 23 39
25 40 18 67 4
14 2 31 34 3
12 8 27 24 28
5 6 45 37 47
44 57 35 4 9
6 6 47 27 38
6 17 32 28 13
14 25 21 11 21
34 5 35 2 45
74 23 5 16 29
8 33 60 1 43
15 4 47 14 26
100 21 7 4 33
7 37 4 10 100
48 6 26 12 85
2 89 4 65 87
13 15 15 87 4
56 16 13 29 13
28 3 1 47 6
32 9 11 7 44
48 12 7 2 7
16 28 8 21 69
12 22 27 48 2
4 8 32 45 31
9 1 95 76 15
26 3 1 29 70
33 16 14 6 8
32 49 24 1 25
21 14 38 40 1
12 6 22 32 23
22 12 31 8 14
7 1 6 42 46
54 15 64 1 13
34 37 28 37 1
14 100 87 3 1
13 56 90 1 30
9 19 16 86 14
1 50 12 16 95
92 94 5 1 88
24 12 22 14 12
16 15 4 42 39
21 27 20 1 22
37 2 4 7 36
17 91 3 41 85
21 19 4 11 4
8 46 37 66 3
35 17 1 28 17
9 31 17 17 16
60 15 3 5 66
6 68 11 4 12
6 25 41 10 16
7 11 37 34 6
30 96 4 2 36
19 30 22 4 16
48 22 2 8 15
30 9 50 10 4
21 85 7 2 80
23 49 5 4 22
36 8 15 4 14
22 29 43 9 2
15 13 1 74 64
50 50 5 43 3
2 17 19 33 23
18 18 41 15 19
91 58 1 66 2
1 47 23 10 36
31 7 11 19 18
21 4 42 14 34
46 5 11 82 5
2 27 37 18 7
47 4 36 5 12
4 94 50 7 5
10 32 31 45 1
90 13 24 33 5
31 38 16 1 2
11 27 45 59 3
22 5 3 19 27
3 47 5 25 13
6 23 6 10 11
17 99 36 1 13
48 11 17 88 4
21 18 13 38 6
12 2 84 26 86
11 1 18 1 27
18 33 1 46 13
50 17 4 25 1
3 11 64 14 32
3 4 44 46 33
66 16 4 44 3
7 3 13 13 50
25 70 1 89 2
9 45 19 17 5
10 21 35 11 12
22 4 5 8 48
3 13 82 81 3
1 24 3 8 14
49 32 28 3 5
5 50 39 15 6
6 6 3 64 16
6 50 75 42 2
3 85 20 12 4
27 45 3 1 19
41 40 10 7 7
11 18 35 26 23
2 2 12 27 39
14 12 3 51 100
4 6 8 50 12
23 24 21 21 1
27 1 72 16 2
42 3 24 15 19
1 33 15 6 27
27 8 8 45 15
41 19 8 12 2
16 22 1 31 4
62 6 10 58 4
18 1 8 21 43
80 19 3 4 5
2 11 8 37 11
2 81 8 94 8
5 11 34 32 38
11 95 17 44 5
38 2 13 49 27
8 12 61 24 20
2 1 6 37 83
28 9 46 3 18
28 9 97 18 1
37 18 11 20 15
31 35 1 2 89
51 3 17 1 8
6 1 40 46 11
23 13 9 25 5
12 12 18 9 1
11 17 3 47 9
17 7 44 20 9
87 42 3 60 1
50 13 7 1 42
1 17 46 10 14
5 7 33 28 8
6 10 19 9 41
25 13 52 7 3
8 74 25 79 5
4 13 43 9 42
45 1 14 34 6
9 9 79 2 29
22 11 13 10 33
30 1 4 18 10
16 49 10 4 5
1 43 74 39 2
23 3 11 67 17
1 22 24 1 38
16 8 4 20 98
24 82 3 1 37
1 41 67 7 6
3 13 5 32 45
15 40 1 34 49
25 21 7 6 18
3 13 80 35 3
20 46 16 48 2
19 7 14 8 53
46 20 8 10 30
8 51 6 1 85
34 34 22 3 10
14 26 2 43 48
10 19 24 6 11
23 45 7 55 3
19 48 9 29 9
11 97 78 4 10
39 5 8 67 5
1 15 97 80 30
19 29 72 3 4
9 40 17 1 25
49 18 16 38 1
5 12 11 34 45
46 2 15 20 6
2 2 13 35 38
5 5 46 2 20
21 4 16 9 47
39 47 5 39 1
6 72 5 94 1
8 27 34 84 4
3 15 28 48 4
21 7 12 11 38
15 30 6 41 8
46 2 56 85 2
8 6 47 10 9
8 14 21 36 12
5 4 36 35 28
49 6 3 18 16
9 68 2 38 89
20 4 16 40 1
7 3 32 2 44
28 18 22 4 12
71 1 43 35 5
12 3 13 3 17
2 5 28 3 99
16 21 20 5 16
27 26 52 1 15
5 5 11 30 5
1 16 81 33 71
6 3 78 13 21
10 14 9 21 50
24 34 1 98 2
1 1 39 33 18
3 10 43 27 13
12 8 5 39 42
44 38 4 41 2
9 5 96 38 2
12 30 1 50 19
3 4 35 9 2
10 7 7 44 15
16 31 9 1 34
74 18 5 17 23
35 2 87 99 1
2 4 85 32 1
4 3 78 3 85
3 2 1 74 41
