300 5
48 10 81 8 39
66 43 5 3 64
19 41 18 56 24
31 50 3 20 32
47 25 24 9 26
28 3 45 19 35
12 27 8 93 7
36 23 17 15 10
3 61 25 36 30
4 35 71 24 36
13 10 35 9 38
24 19 18 71 40
22 9 47 30 43
25 6 17 24 42
23 19 41 13 27
24 84 23 50 40
26 97 71 19 8
2 22 36 12 18
24 19 20 29 47
11 7 45 42 26
65 15 3 18 38
9 5 27 40 88
4 32 3 24 18
25 35 5 55 12
7 3 20 72 46
21 49 55 1 46
34 82 1 43 23
40 38 14 47 7
30 31 33 36 4
30 25 40 2 47
68 41 19 5 33
48 2 1 40 18
49 41 14 6 45
19 21 47 16 10
11 30 31 30 14
21 19 41 19 9
21 23 13 35 41
11 16 28 55 24
40 37 33 9 23
26 27 8 45 29
1 18 31 53 36
16 2 23 4 27
2 1 49 34 49
20 44 25 10 2
46 21 39 22 19
24 38 16 2 47
48 7 10 12 24
34 40 18 14 16
34 13 22 29 40
17 31 47 13 10
39 3 32 32 12
41 6 52 5 5
29 48 7 4 33
21 17 21 46 8
18 46 31 19 24
36 39 25 9 17
14 37 29 18 7
20 2 16 80 3
67 4 82 16 25
31 36 29 34 5
45 43 13 26 4
80 17 1 19 85
86 50 1 29 29
4 2 37 21 29
31 17 34 33 9
37 21 8 45 12
38 7 46 26 17
41 83 3 43 8
5 20 57 9 8
31 18 16 22 5
3 40 40 14 13
15 2 19 31 44
24 14 38 18 26
13 5 29 48 19
80 34 48 3 22
3 17 54 49 32
14 1 42 19 21
43 14 14 41 38
23 4 17 7 2
3 12 37 19 12
26 38 5 42 2
21 12 12 64 28
2 18 48 50 49
21 12 29 7 9
26 8 10 3 45
2 18 7 15 77
13 7 46 17 34
50 28 7 34 36
42 21 24 5 11
20 3 27 5 22
87 19 14 71 7
18 29 32 45 14
15 19 26 19 17
49 30 1 31 45
22 22 22 18 15
31 16 4 1 80
9 70 17 50 5
49 87 6 21 4
11 25 17 31 42
1 59 39 48 30
50 23 1 38 22
13 21 16 4 13
7 48 24 21 3
79 2 15 18 15
1 46 44 18 5
40 1 64 6 17
3 9 43 39 36
58 40 13 9 15
12 10 35 4 22
20 14 5 38 29
7 28 8 41 6
11 49 68 48 2
9 27 2 17 99
37 4 15 14 47
36 33 41 1 13
20 14 59 8 7
32 47 3 21 38
59 24 11 4 3
10 5 34 46 28
2 41 15 1 49
7 25 37 47 11
5 26 26 36 32
47 24 3 11 47
13 10 46 1 43
2 23 13 17 36
26 28 12 19 28
2 30 27 2 48
10 45 17 15 44
11 49 7 22 48
46 95 32 2 5
1 20 50 20 25
13 11 39 41 21
42 11 17 4 40
9 12 28 22 40
33 2 26 33 1
24 13 8 25 35
10 11 11 16 49
30 64 12 28 10
44 44 14 17 6
39 47 2 44 19
2 14 34 48 13
30 1 30 17 47
4 16 23 37 25
43 26 2 14 30
32 7 6 6 62
22 7 17 3 15
42 50 28 3 2
23 3 6 32 30
10 12 36 41 26
4 2 22 31 42
27 4 2 42 40
14 33 44 78 4
3 26 42 7 44
5 34 30 50 1
3 14 24 4 84
21 14 3 18 20
11 3 26 87 28
5 44 21 85 2
13 33 34 5 5
29 15 53 6 3
47 32 15 11 14
2 27 21 50 4
14 14 17 11 10
4 85 4 10 31
13 19 6 3 19
4 43 35 19 25
1 27 8 15 45
21 12 6 24 49
43 43 2 11 37
1 31 5 14 28
72 19 3 32 1
38 15 36 13 1
13 52 24 17 9
16 5 26 32 20
18 4 44 34 19
7 38 7 17 8
4 73 2 39 94
17 4 1 36 26
3 25 24 26 32
14 25 2 9 42
9 14 15 41 10
19 39 10 2 9
5 14 49 2 15
41 9 5 18 27
11 5 46 17 14
12 1 32 41 14
28 12 11 15 7
7 98 21 19 3
40 7 9 4 30
49 78 13 17 6
45 5 36 3 36
29 12 1 8 14
38 7 41 2 21
3 17 74 3 3
20 1 10 24 31
7 18 8 42 7
1 1 41 44 14
3 85 5 6 9
8 47 42 8 8
5 30 36 11 45
46 21 43 5 8
8 25 20 22 7
21 24 2 18 29
4 30 6 7 17
2 40 70 10 30
14 2 12 46 3
11 38 41 10 1
50 3 44 7 2
46 41 57 1 8
3 6 8 10 24
10 39 32 1 46
2 46 1 12 37
48 1 10 26 25
26 2 20 4 5
33 69 17 6 6
9 5 9 49 32
2 37 34 9 46
1 10 11 39 47
35 2 1 31 34
7 23 10 25 3
34 35 7 43 13
12 6 40 24 8
12 35 30 3 19
6 3 36 20 30
28 37 9 50 3
35 1 1 99 13
53 97 5 1 45
39 29 8 35 5
73 13 11 89 4
5 10 56 41 21
93 11 6 6 26
7 1 24 27 59
28 15 1 38 10
11 15 79 28 2
73 70 4 2 57
42 56 1 99 4
11 20 56 45 6
11 74 11 5 11
72 52 87 2 3
1 2 40 31 34
16 7 6 90 64
27 72 2 83 9
8 68 28 84 1
35 21 48 14 1
68 39 12 74 1
17 15 55 59 2
1 20 11 44 34
14 1 23 38 77
23 14 47 2 2
10 9 4 1 25
10 1 30 46 26
4 4 1 23 27
8 73 90 36 2
4 27 12 8 70
5 3 15 53 26
48 55 31 1 15
22 49 49 1 11
10 15 43 10 6
20 21 7 27 12
4 6 11 27 20
27 1 2 3 45
17 50 38 33 2
84 15 12 43 2
5 14 5 45 13
10 20 25 5 7
18 16 29 34 8
69 91 2 1 99
8 11 34 28 9
37 39 1 7 25
11 12 31 18 2
2 29 11 12 39
5 7 12 2 10
24 6 13 4 72
9 33 33 51 2
11 31 24 9 4
6 24 59 88 7
3 1 48 43 14
1 26 4 16 15
2 1 50 20 25
18 30 4 13 11
17 8 3 7 30
12 13 7 27 15
24 1 12 45 9
9 29 7 82 6
28 1 23 25 10
37 1 27 23 19
28 49 2 9 4
58 41 5 15 5
11 6 86 32 13
19 5 34 33 19
52 25 20 75 1
2 8 47 26 16
16 8 1 23 4
30 3 13 43 28
23 23 1 2 14
31 3 2 35 39
1 39 98 74 4
4 98 45 5 33
51 1 9 71 29
7 9 10 5 61
