300 5
46 82 73 25 72
3 36 70 52 53
34 44 35 6 10
29 17 47 71 12
11 30 22 8 12
44 29 23 50 15
4 48 22 6 27
46 1 18 58 30
95 28 49 21 35
15 28 35 9 42
12 1 90 28 68
84 26 45 9 43
6 10 50 67 42
29 22 4 12 42
26 16 31 5 15
50 13 22 5 38
45 3 31 7 2
37 48 17 49 13
2 30 36 45 50
40 39 12 36 26
33 13 47 7 37
25 34 26 16 1
54 2 15 24 2
33 7 52 30 42
12 19 44 4 33
3 25 36 48 32
16 48 14 8 22
12 29 22 16 15
17 18 31 71 38
30 12 85 48 37
5 29 38 30 37
44 50 10 27 35
18 27 22 79 21
24 9 5 18 35
7 21 36 46 14
33 14 39 44 10
36 27 78 19 1
9 29 49 30 32
20 12 6 6 10
4 3 43 16 36
23 2 1 3 99
1 31 18 4 42
16 41 8 47 16
50 14 21 11 2
8 2 50 27 13
15 42 42 2 3
32 47 1 96 18
7 38 42 11 1
31 86 30 3 30
26 45 4 39 29
8 38 12 36 40
1 7 1 34 10
31 17 7 36 5
2 33 16 27 33
36 29 7 28 2
12 35 7 13 25
36 21 9 20 6
4 35 81 28 4
34 9 33 19 6
25 36 26 14 5
35 28 35 23 3
16 45 15 3 25
18 4 41 19 28
5 11 12 18 35
26 10 34 32 26
31 20 2 17 37
1 57 4 2 9
8 47 16 30 24
26 10 40 15 13
2 87 89 24 2
44 45 30 1 24
8 41 26 16 37
37 34 31 13 4
4 2 63 36 17
23 20 1 26 4
3 13 42 5 91
41 9 36 2 27
20 9 40 12 13
8 47 33 13 27
42 31 46 32 1
44 3 14 15 17
8 9 21 22 41
25 36 5 8 3
6 10 40 32 8
30 5 24 4 25
9 11 45 25 16
65 4 13 4 23
35 1 30 16 44
11 13 11 31 11
10 15 76 5 12
3 11 13 1 20
75 33 5 11 34
31 20 27 3 2
26 7 32 31 40
2 19 19 13 16
20 32 1 9 44
8 6 23 43 58
44 41 2 21 32
44 6 39 86 2
8 19 49 38 7
30 3 33 23 14
22 7 15 16 27
29 7 17 7 40
39 3 19 10 17
37 48 14 24 1
10 25 40 6 9
6 9 98 19 5
22 9 64 2 9
31 2 8 77 14
1 11 74 16 52
8 71 26 20 3
13 33 4 12 46
95 23 9 3 22
1 7 17 31 20
95 3 3 50 26
8 6 20 31 94
40 10 32 29 5
27 6 11 35 44
8 6 5 29 8
90 34 29 1 18
40 1 33 4 26
47 29 43 1 19
20 11 43 4 13
3 6 34 16 36
33 11 49 1 12
4 1 75 46 31
32 9 59 2 18
28 28 34 35 1
45 21 2 14 47
81 65 4 1 63
20 54 31 82 2
21 6 34 11 46
13 35 42 17 1
1 5 35 34 24
48 10 26 28 7
91 14 26 5 19
6 7 33 35 3
86 72 9 15 2
27 4 3 13 40
24 7 2 6 47
12 29 22 20 11
18 19 34 5 14
86 1 15 74 93
2 39 78 13 7
12 28 26 12 15
2 23 21 2 48
31 5 12 45 9
30 2 37 34 16
1 19 46 33 6
35 1 22 44 36
25 5 1 81 84
6 1 11 17 17
14 95 21 19 3
18 37 24 94 5
45 99 11 1 11
84 3 62 2 7
64 1 6 82 92
94 5 1 17 89
88 1 90 73 2
28 6 3 81 11
80 2 9 27 85
72 8 18 2 40
15 17 6 20 31
6 20 12 46 8
8 25 8 21 47
32 31 36 28 1
1 7 68 10 96
16 32 4 32 42
75 32 5 10 27
19 11 33 23 15
16 16 21 22 5
23 5 31 9 8
60 79 6 100 2
46 11 22 62 6
67 18 37 74 1
13 31 10 14 15
1 19 8 29 25
14 5 2 35 48
89 14 11 70 4
23 39 50 2 7
37 8 33 5 20
48 1 39 18 11
5 8 38 40 1
3 5 31 21 85
10 15 2 15 30
26 16 44 3 4
93 91 4 1 60
4 48 44 37 3
38 26 21 10 7
9 28 8 42 5
3 97 7 38 5
4 35 40 19 10
34 10 13 22 13
42 15 3 45 2
83 32 2 2 45
19 24 10 24 27
27 7 27 22 13
16 12 58 9 12
2 98 67 95 1
39 1 37 43 10
20 17 23 20 2
22 8 31 2 12
24 1 2 39 26
29 26 12 24 3
31 13 75 1 8
41 17 39 8 4
7 3 6 69 42
19 2 35 49 14
31 36 1 9 14
5 14 3 15 91
9 4 26 15 94
41 27 6 12 9
3 11 77 25 4
14 30 29 18 1
98 45 17 4 15
13 38 8 6 40
55 1 6 33 16
50 13 10 28 5
38 3 7 8 68
5 6 18 14 11
54 47 46 5 1
20 3 70 26 5
37 2 37 1 9
29 6 33 8 26
8 44 10 5 23
32 16 46 8 3
61 95 36 1 6
6 2 36 4 6
4 52 8 1 37
6 49 18 46 5
23 4 30 48 7
36 33 21 4 1
59 27 1 8 82
41 9 23 50 1
1 10 34 23 49
3 10 50 13 43
22 23 3 2 89
10 43 7 12 44
28 41 2 29 3
16 72 40 1 18
27 19 1 11 28
33 1 40 7 38
50 3 30 64 12
2 24 6 2 47
7 39 59 9 5
32 5 11 18 3
25 23 13 19 7
41 4 3 69 25
47 18 3 22 28
40 2 25 45 6
24 5 68 52 2
6 49 10 15 37
79 41 3 5 34
12 44 3 33 22
21 32 4 14 32
18 1 12 6 14
33 90 1 6 24
11 1 16 9 12
67 4 50 83 1
17 40 1 28 28
55 39 14 2 16
45 21 14 9 1
1 16 34 27 15
42 34 1 14 4
27 2 40 1 1
24 18 10 23 2
3 47 62 90 1
17 22 34 10 4
23 11 38 3 3
2 15 13 27 42
5 2 91 14 39
45 27 8 46 1
72 59 34 1 11
2 100 68 10 3
30 2 11 24 5
13 7 32 22 5
5 43 14 25 16
26 11 20 17 4
88 11 22 3 2
17 14 1 11 42
9 27 2 32 9
4 1 5 48 22
61 1 66 57 3
8 4 10 44 44
43 3 22 3 24
2 29 41 9 25
1 12 6 15 18
25 85 2 12 41
14 1 30 2 11
46 41 8 4 30
22 5 47 1 40
94 10 23 1 4
84 4 3 1 32
86 9 8 7 5
33 6 39 91 2
4 5 17 31 35
7 18 23 26 5
7 14 54 2 19
3 1 47 40 27
39 30 13 14 3
