300 5
0.58 0.09 0.32 0.95 0.14
0.50 0.34 0.80 0.70 0.58
0.27 0.49 0.22 0.52 0.05
0.13 0.47 0.02 0.47 0.37
0.21 0.46 0.21 0.14 0.19
0.11 0.95 0.24 0.34 0.23
0.17 0.55 0.24 0.09 0.68
0.49 0.43 0.30 0.43 0.77
0.06 0.06 0.27 0.20 0.30
0.42 0.23 0.47 0.28 0.23
0.03 0.43 0.14 0.14 0.33
0.12 0.34 0.40 0.03 0.19
0.53 0.24 0.20 0.82 0.29
0.48 0.14 0.13 0.04 0.33
0.22 0.30 0.73 0.36 0.17
0.20 0.30 0.50 0.43 0.09
0.27 0.09 0.04 0.20 0.10
0.18 0.02 0.21 0.23 0.44
0.04 0.50 0.38 0.23 0.18
0.06 0.45 0.02 0.36 0.28
0.11 0.03 0.23 0.39 0.27
0.15 0.04 0.30 0.08 0.15
0.24 0.41 0.17 0.31 0.36
0.44 0.40 0.16 0.14 0.05
0.11 0.31 0.05 0.41 0.10
0.02 0.31 0.40 0.11 0.47
0.29 0.03 0.01 0.41 0.09
0.14 0.20 0.40 0.15 0.16
0.25 0.36 0.46 0.01 0.15
0.01 0.65 0.13 0.06 0.31
0.04 0.14 0.45 0.21 0.19
0.11 0.23 0.40 0.02 0.39
0.24 0.11 0.05 0.53 0.27
0.31 0.09 0.29 0.07 0.34
0.48 0.32 0.44 0.12 0.02
0.16 0.63 0.34 0.69 0.07
0.20 0.29 0.32 0.02 0.17
0.05 0.35 0.39 0.43 0.03
0.01 0.03 0.39 0.42 0.44
0.05 0.49 0.02 0.10 0.26
0.24 0.40 0.48 0.06 0.16
0.40 0.32 0.15 0.15 0.02
0.34 0.42 0.03 0.26 0.30
0.22 0.15 0.17 0.25 0.05
0.35 0.94 0.12 0.19 0.09
0.08 0.95 0.15 0.23 0.16
0.09 0.25 0.71 0.21 0.01
0.16 0.03 0.31 0.10 0.07
0.43 0.27 0.07 0.14 0.91
0.39 0.07 0.17 0.34 0.23
0.23 0.21 0.20 0.18 0.39
0.14 0.26 0.25 0.10 0.14
0.22 0.05 0.22 0.16 0.22
0.09 0.21 0.40 0.05 0.52
0.17 0.47 0.42 0.01 0.19
0.37 0.44 0.17 0.11 0.01
0.41 0.01 0.48 0.40 0.88
0.26 0.25 0.09 0.50 0.22
0.08 0.04 0.03 0.25 0.46
0.03 0.07 0.21 0.02 0.17
0.27 0.09 0.20 0.11 0.36
0.03 0.26 0.09 0.42 0.02
0.37 0.36 0.97 0.06 0.13
0.09 0.48 0.02 0.34 0.25
0.14 0.12 0.13 0.28 0.11
0.21 0.12 0.10 0.33 0.14
0.09 0.30 0.12 0.37 0.13
0.10 0.40 0.16 0.18 0.35
0.05 0.37 0.01 0.09 0.39
0.14 0.27 0.05 0.22 0.48
0.10 0.24 0.05 0.48 0.18
0.19 0.27 0.03 0.41 0.04
0.18 0.03 0.14 0.47 0.19
0.01 0.32 0.40 0.33 0.97
0.16 0.69 0.08 0.33 0.10
0.26 0.57 0.05 0.38 0.22
0.47 0.02 0.19 0.27 0.09
0.29 0.17 0.36 0.40 0.02
0.32 0.03 0.29 0.15 0.23
0.33 0.57 0.28 0.21 0.05
0.24 0.70 0.15 0.25 0.25
0.26 0.71 0.05 0.41 0.01
0.18 0.32 0.17 0.05 0.12
0.20 0.03 0.17 0.38 0.17
0.40 0.48 0.12 0.07 0.44
0.38 0.01 0.36 0.44 0.02
0.93 0.19 0.02 0.16 0.10
0.87 0.01 0.15 0.39 0.19
0.94 0.82 0.19 0.02 0.56
0.02 0.41 0.23 0.70 0.77
0.02 0.27 0.35 0.23 0.10
0.79 0.72 0.01 0.03 0.38
0.24 0.09 0.01 0.48 0.13
0.20 0.02 0.10 0.16 0.38
0.27 0.01 0.07 0.75 0.14
0.02 0.44 0.14 0.49 0.45
0.10 0.37 0.37 0.23 0.05
0.18 0.40 0.14 0.21 0.13
0.09 0.03 0.18 0.06 0.34
0.38 0.08 0.06 0.39 0.23
0.27 0.37 0.93 0.18 0.03
0.42 0.02 0.03 0.09 0.27
0.19 0.05 0.10 0.65 0.14
0.27 0.34 0.06 0.37 0.05
0.01 0.70 0.79 0.35 0.09
0.21 0.13 0.44 0.18 0.03
0.13 0.13 0.03 0.15 0.30
0.17 0.34 0.19 0.14 0.17
0.03 0.22 0.59 0.20 0.06
0.01 0.46 0.24 0.41 0.14
0.21 0.01 0.01 0.54 0.85
0.55 0.97 0.45 0.10 0.02
0.01 0.23 0.18 0.43 0.19
0.04 0.38 0.11 0.03 0.03
0.46 1.00 0.78 0.01 0.07
0.50 0.03 0.50 0.09 0.07
0.03 0.52 0.35 0.17 0.11
0.24 0.49 0.40 0.02 0.03
0.35 0.18 0.38 0.07 0.02
0.02 0.56 0.30 0.34 0.43
0.02 0.01 0.07 0.48 0.29
0.24 0.50 0.01 0.67 0.05
0.04 0.05 0.39 0.34 0.38
0.22 0.31 0.02 0.18 0.43
0.44 0.03 0.12 0.09 0.14
0.25 0.20 0.08 0.92 0.11
0.15 0.30 0.01 0.35 0.53
0.43 0.32 0.11 0.03 0.06
0.44 0.01 0.30 0.43 0.23
0.46 0.29 0.18 0.19 0.05
0.25 0.08 0.70 0.01 0.83
0.15 0.32 0.43 0.42 0.01
0.13 0.23 0.06 0.08 0.07
0.49 0.16 0.08 0.99 0.08
0.35 0.19 0.30 0.08 0.10
0.53 0.39 0.24 0.96 0.01
0.41 0.05 0.05 0.23 0.18
0.19 0.35 0.39 0.35 0.05
0.12 0.10 0.94 0.65 0.07
0.09 0.48 0.14 0.15 0.01
0.18 0.08 0.08 0.09 0.32
0.50 0.05 0.29 0.50 0.04
0.02 0.30 0.31 0.31 0.41
0.38 0.03 0.12 0.49 0.01
0.17 0.01 0.99 0.66 0.02
0.06 0.18 0.75 0.78 0.06
0.85 0.03 0.27 0.26 0.11
0.03 0.48 0.01 0.08 0.49
0.30 0.21 0.09 0.11 0.31
0.05 0.19 0.05 0.86 0.31
0.17 0.96 0.09 0.01 0.09
0.01 0.44 0.37 0.53 0.13
0.07 0.04 0.27 0.45 0.19
0.06 0.05 0.24 0.29 0.27
0.18 0.21 0.05 0.26 0.29
0.12 0.17 0.39 0.12 0.05
0.25 0.10 0.58 0.03 0.06
0.43 0.01 0.37 0.35 0.30
0.82 0.09 0.61 0.01 0.37
0.07 0.19 0.01 0.20 0.40
0.25 0.01 0.23 0.11 0.06
0.22 0.02 0.14 0.46 0.01
0.05 0.59 0.05 0.55 0.04
0.07 0.24 0.43 0.33 0.04
0.07 0.23 0.49 0.18 0.15
0.28 0.91 0.25 0.01 0.23
0.34 0.24 0.06 0.23 0.06
0.13 0.06 0.33 0.14 0.11
0.11 0.73 0.01 0.41 0.09
0.25 0.70 0.01 0.07 0.37
0.49 0.17 0.13 0.33 0.03
0.30 0.40 0.34 0.40 0.02
0.02 0.11 0.45 0.38 0.04
0.20 0.02 0.49 0.18 0.29
0.85 0.81 0.35 0.01 0.10
0.10 0.17 0.36 0.11 0.05
0.18 0.15 0.07 0.24 0.18
0.45 0.01 0.04 0.10 0.44
0.98 0.98 0.07 0.03 0.01
0.06 0.95 0.70 0.71 0.01
0.87 0.07 0.68 0.23 0.03
0.44 0.05 0.06 0.43 0.06
0.01 0.05 0.48 0.33 0.69
0.33 0.24 0.11 0.03 0.45
0.83 0.44 0.07 0.03 0.80
0.20 0.03 0.20 0.33 0.21
0.41 0.06 0.23 0.05 0.24
0.03 0.14 0.09 0.17 0.09
0.21 0.05 0.76 0.08 0.10
0.49 0.06 0.94 0.02 0.27
0.38 0.24 0.03 0.08 0.25
0.04 0.13 0.19 0.07 0.43
0.27 0.72 0.05 0.10 0.11
0.20 0.10 0.41 0.76 0.06
0.15 0.05 0.06 0.29 0.04
0.31 0.02 0.25 0.19 0.04
0.87 0.23 0.39 0.01 1.00
0.01 0.54 0.15 0.81 0.33
0.43 0.64 0.05 0.10 0.19
0.19 0.04 0.13 0.39 0.39
0.02 0.10 0.09 0.38 0.13
0.25 0.16 0.04 0.19 0.29
0.70 0.06 0.16 0.06 0.21
0.41 0.43 0.07 0.36 0.03
0.43 0.27 0.11 0.02 0.37
0.08 0.30 0.13 0.08 0.29
0.03 0.09 0.22 0.21 0.13
0.46 0.45 0.08 0.05 0.80
0.23 0.18 0.30 0.38 0.01
0.06 0.33 0.48 0.02 0.02
0.65 0.76 0.89 0.01 0.03
0.01 0.19 0.23 0.37 0.75
0.32 0.20 0.15 0.05 0.68
0.04 0.04 0.50 0.07 0.39
0.28 0.46 0.43 0.01 0.35
0.01 0.50 0.77 0.27 0.40
0.29 0.31 0.06 0.03 0.06
0.17 0.01 0.17 0.45 0.43
0.44 0.98 0.05 0.36 0.04
0.25 0.04 0.04 0.47 0.29
0.23 0.28 0.03 0.03 0.34
0.40 0.02 0.79 0.07 0.37
0.01 0.15 0.71 0.16 0.29
0.08 0.29 0.01 0.33 0.01
0.28 0.32 0.28 0.22 0.03
0.14 0.49 0.47 0.01 0.45
0.01 0.25 0.28 0.25 0.17
0.08 0.14 0.35 0.21 0.04
0.44 0.41 0.03 0.02 0.86
0.50 0.08 0.04 0.02 0.77
0.10 0.13 0.30 0.81 0.01
0.24 0.01 0.81 0.01 0.49
0.34 0.05 0.11 0.05 0.13
0.32 0.31 0.11 0.26 0.04
0.11 0.44 0.02 0.10 0.08
0.28 0.34 0.01 0.07 0.02
0.30 0.17 0.33 0.01 0.05
0.08 0.28 0.16 0.15 0.49
0.50 0.89 0.74 0.01 0.02
0.09 0.25 0.17 0.48 0.05
0.09 0.10 0.50 0.03 0.04
0.35 0.40 0.26 0.01 0.44
0.08 0.19 0.66 0.43 0.01
0.03 0.86 0.01 0.72 0.35
0.49 0.09 0.12 0.38 0.02
1.00 0.04 0.08 0.65 0.03
0.18 0.08 0.60 0.49 0.02
0.72 0.73 0.03 0.01 0.89
0.01 0.01 0.47 0.55 0.47
0.01 0.41 0.01 0.17 0.25
0.03 0.32 0.37 0.09 0.09
0.38 0.10 0.31 0.03 0.05
0.44 0.16 0.19 0.10 0.05
0.02 0.29 0.23 0.09 0.19
0.01 0.33 0.55 0.38 0.11
0.39 0.10 0.49 0.09 0.01
0.10 0.30 0.70 0.01 0.43
0.28 0.01 0.04 0.46 0.17
0.08 0.02 0.24 0.99 0.26
0.34 0.17 0.15 0.25 0.08
0.05 0.16 0.06 0.89 0.97
0.01 0.20 0.37 0.41 0.09
0.19 0.29 0.05 0.01 0.08
0.25 0.14 0.13 0.40 0.03
0.27 0.21 0.68 0.01 0.80
0.01 0.43 0.48 0.74 0.04
0.11 0.18 0.34 0.34 0.05
0.51 0.43 0.46 0.26 0.01
0.94 0.41 0.01 0.04 0.02
0.05 0.21 0.44 0.30 0.01
0.20 0.24 0.01 0.05 0.46
0.19 0.48 0.08 0.03 0.01
0.20 0.20 0.13 0.05 0.23
0.10 0.12 0.25 0.40 0.03
0.90 0.02 0.70 0.04 0.99
0.02 0.15 0.01 0.47 0.04
0.25 0.18 0.50 0.31 0.01
0.54 0.06 0.81 0.02 0.31
0.01 0.17 0.26 0.46 0.12
0.16 0.18 0.10 0.14 0.07
0.17 0.01 0.10 0.27 0.21
0.46 0.27 0.22 0.02 0.01
0.07 0.15 0.14 0.03 0.36
0.21 0.02 0.37 0.47 0.17
0.01 0.98 0.96 0.57 0.07
0.23 0.14 0.15 0.43 0.02
0.07 0.36 0.04 0.45 0.15
0.05 0.37 0.10 0.02 0.46
0.02 0.10 0.34 0.30 0.13
0.20 0.18 0.17 0.10 0.03
0.02 0.21 0.24 0.34 1.00
0.16 0.49 0.42 0.02 0.01
0.64 0.04 0.94 0.23 0.01
0.25 0.43 0.02 0.26 0.13
0.82 0.05 0.02 0.05 0.43
0.90 0.20 0.02 0.17 0.27
0.09 0.29 0.34 0.14 0.05
0.37 0.09 0.15 0.26 0.02
0.79 0.18 0.06 0.17 0.25
0.17 0.01 0.13 0.12 0.31
