300 5
58 9 32 95 14
50 34 80 70 58
27 49 22 52 5
13 47 2 47 37
21 46 21 14 19
11 95 24 34 23
17 55 24 9 68
49 43 30 43 77
6 6 27 20 30
42 23 47 28 23
3 43 14 14 33
12 34 40 3 19
53 24 20 82 29
48 14 13 4 33
22 30 73 36 17
20 30 50 43 9
27 9 4 20 10
18 2 21 23 44
4 50 38 23 18
6 45 2 36 28
11 3 23 39 27
15 4 30 8 15
24 41 17 31 36
44 40 16 14 5
11 31 5 41 10
2 31 40 11 47
29 3 1 41 9
14 20 40 15 16
25 36 46 1 15
1 65 13 6 31
4 14 45 21 19
11 23 40 2 39
24 11 5 53 27
31 9 29 7 34
48 32 44 12 2
16 63 34 69 7
20 29 32 2 17
5 35 39 43 3
1 3 39 42 44
5 49 2 10 26
24 40 48 6 16
40 32 15 15 2
34 42 3 26 30
22 15 17 25 5
35 94 12 19 9
8 95 15 23 16
9 25 71 21 1
16 3 31 10 7
43 27 7 14 91
39 7 17 34 23
23 21 20 18 39
14 26 25 10 14
22 5 22 16 22
9 21 40 5 52
17 47 42 1 19
37 44 17 11 1
41 1 48 40 88
26 25 9 50 22
8 4 3 25 46
3 7 21 2 17
27 9 20 11 36
3 26 9 42 2
37 36 97 6 13
9 48 2 34 25
14 12 13 28 11
21 12 10 33 14
9 30 12 37 13
10 40 16 18 35
5 37 1 9 39
14 27 5 22 48
10 24 5 48 18
19 27 3 41 4
18 3 14 47 19
1 32 40 33 97
16 69 8 33 10
26 57 5 38 22
47 2 19 27 9
29 17 36 40 2
32 3 29 15 23
33 57 28 21 5
24 70 15 25 25
26 71 5 41 1
18 32 17 5 12
20 3 17 38 17
40 48 12 7 44
38 1 36 44 2
93 19 2 16 10
87 1 15 39 19
94 82 19 2 56
2 41 23 70 77
2 27 35 23 10
79 72 1 3 38
24 9 1 48 13
20 2 10 16 38
27 1 7 75 14
2 44 14 49 45
10 37 37 23 5
18 40 14 21 13
9 3 18 6 34
38 8 6 39 23
27 37 93 18 3
42 2 3 9 27
19 5 10 65 14
27 34 6 37 5
1 70 79 35 9
21 13 44 18 3
13 13 3 15 30
17 34 19 14 17
3 22 59 20 6
1 46 24 41 14
21 1 1 54 85
55 97 45 10 2
1 23 18 43 19
4 38 11 3 3
46 100 78 1 7
50 3 50 9 7
3 52 35 17 11
24 49 40 2 3
35 18 38 7 2
2 56 30 34 43
2 1 7 48 29
24 50 1 67 5
4 5 39 34 38
22 31 2 18 43
44 3 12 9 14
25 20 8 92 11
15 30 1 35 53
43 32 11 3 6
44 1 30 43 23
46 29 18 19 5
25 8 70 1 83
15 32 43 42 1
13 23 6 8 7
49 16 8 99 8
35 19 30 8 10
53 39 24 96 1
41 5 5 23 18
19 35 39 35 5
12 10 94 65 7
9 48 14 15 1
18 8 8 9 32
50 5 29 50 4
2 30 31 31 41
38 3 12 49 1
17 1 99 66 2
6 18 75 78 6
85 3 27 26 11
3 48 1 8 49
30 21 9 11 31
5 19 5 86 31
17 96 9 1 9
1 44 37 53 13
7 4 27 45 19
6 5 24 29 27
18 21 5 26 29
12 17 39 12 5
25 10 58 3 6
43 1 37 35 30
82 9 61 1 37
7 19 1 20 40
25 1 23 11 6
22 2 14 46 1
5 59 5 55 4
7 24 43 33 4
7 23 49 18 15
28 91 25 1 23
34 24 6 23 6
13 6 33 14 11
11 73 1 41 9
25 70 1 7 37
49 17 13 33 3
30 40 34 40 2
2 11 45 38 4
20 2 49 18 29
85 81 35 1 10
10 17 36 11 5
18 15 7 24 18
45 1 4 10 44
98 98 7 3 1
6 95 70 71 1
87 7 68 23 3
44 5 6 43 6
1 5 48 33 69
33 24 11 3 45
83 44 7 3 80
20 3 20 33 21
41 6 23 5 24
3 14 9 17 9
21 5 76 8 10
49 6 94 2 27
38 24 3 8 25
4 13 19 7 43
27 72 5 10 11
20 10 41 76 6
15 5 6 29 4
31 2 25 19 4
87 23 39 1 100
1 54 15 81 33
43 64 5 10 19
19 4 13 39 39
2 10 9 38 13
25 16 4 19 29
70 6 16 6 21
41 43 7 36 3
43 27 11 2 37
8 30 13 8 29
3 9 22 21 13
46 45 8 5 80
23 18 30 38 1
6 33 48 2 2
65 76 89 1 3
1 19 23 37 75
32 20 15 5 68
4 4 50 7 39
28 46 43 1 35
1 50 77 27 40
29 31 6 3 6
17 1 17 45 43
44 98 5 36 4
25 4 4 47 29
23 28 3 3 34
40 2 79 7 37
1 15 71 16 29
8 29 1 33 1
28 32 28 22 3
14 49 47 1 45
1 25 28 25 17
8 14 35 21 4
44 41 3 2 86
50 8 4 2 77
10 13 30 81 1
24 1 81 1 49
34 5 11 5 13
32 31 11 26 4
11 44 2 10 8
28 34 1 7 2
30 17 33 1 5
8 28 16 15 49
50 89 74 1 2
9 25 17 48 5
9 10 50 3 4
35 40 26 1 44
8 19 66 43 1
3 86 1 72 35
49 9 12 38 2
100 4 8 65 3
18 8 60 49 2
72 73 3 1 89
1 1 47 55 47
1 41 1 17 25
3 32 37 9 9
38 10 31 3 5
44 16 19 10 5
2 29 23 9 19
1 33 55 38 11
39 10 49 9 1
10 30 70 1 43
28 1 4 46 17
8 2 24 99 26
34 17 15 25 8
5 16 6 89 97
1 20 37 41 9
19 29 5 1 8
25 14 13 40 3
27 21 68 1 80
1 43 48 74 4
11 18 34 34 5
51 43 46 26 1
94 41 1 4 2
5 21 44 30 1
20 24 1 5 46
19 48 8 3 1
20 20 13 5 23
10 12 25 40 3
90 2 70 4 99
2 15 1 47 4
25 18 50 31 1
54 6 81 2 31
1 17 26 46 12
16 18 10 14 7
17 1 10 27 21
46 27 22 2 1
7 15 14 3 36
21 2 37 47 17
1 98 96 57 7
23 14 15 43 2
7 36 4 45 15
5 37 10 2 46
2 10 34 30 13
20 18 17 10 3
2 21 24 34 100
16 49 42 2 1
64 4 94 23 1
25 43 2 26 13
82 5 2 5 43
90 20 2 17 27
9 29 34 14 5
37 9 15 26 2
79 18 6 17 25
17 1 13 12 31
