300 5
0.91 0.01 0.23 0.31 0.94
0.77 0.76 0.92 0.63 0.48
0.43 0.49 0.27 0.28 0.11
0.17 0.20 0.85 0.20 0.18
0.11 0.20 0.08 0.22 0.15
0.37 0.07 0.02 0.34 0.29
0.48 0.05 0.31 0.36 0.13
0.08 0.30 0.12 0.10 0.03
0.19 0.43 0.11 0.09 0.13
0.07 0.17 0.50 0.50 0.77
0.73 0.11 0.40 0.33 0.23
0.27 0.06 0.49 0.25 0.33
0.37 0.04 0.63 0.40 0.05
0.07 0.42 0.20 0.34 0.05
0.33 0.35 0.43 0.03 0.92
0.41 0.27 0.17 0.03 0.47
0.41 0.40 0.04 0.29 0.30
0.40 0.05 0.21 0.24 0.41
0.50 0.14 0.26 0.07 0.33
0.11 0.49 0.09 0.67 0.08
0.32 0.25 0.06 0.34 0.37
0.22 0.20 0.42 0.18 0.18
0.22 0.17 0.43 0.47 0.07
0.21 0.17 0.44 0.41 0.40
0.94 0.24 0.10 0.30 0.01
0.37 0.08 0.47 0.20 0.22
0.24 0.14 0.36 0.09 0.14
0.07 0.34 0.09 0.03 0.33
0.24 0.02 0.14 0.03 0.05
0.39 0.16 0.32 0.31 0.03
0.23 0.17 0.19 0.99 0.01
0.21 0.39 0.24 0.02 0.45
0.39 0.31 0.24 0.01 0.47
0.30 0.02 0.07 0.19 0.23
0.29 0.05 0.76 0.42 0.03
0.39 0.10 0.26 0.42 0.04
0.19 0.04 0.35 0.50 0.37
0.32 0.08 0.01 0.41 0.72
0.06 0.20 0.19 0.59 0.33
0.10 0.04 0.03 0.29 0.29
0.30 0.02 0.93 0.39 0.03
0.34 0.03 0.13 0.84 0.20
0.03 0.34 0.11 0.49 0.13
0.24 0.05 0.35 0.44 0.03
0.59 0.44 0.03 0.20 0.60
0.11 0.44 0.01 0.67 0.35
0.05 0.46 0.28 0.15 0.17
0.01 0.08 0.13 0.38 0.39
0.84 0.19 0.02 0.25 0.34
0.50 0.36 0.03 0.44 0.17
0.05 0.50 0.20 0.12 0.44
0.20 0.22 0.38 0.21 0.38
0.35 0.11 0.02 0.33 0.12
0.19 0.13 0.27 0.19 0.10
0.29 0.10 0.06 0.08 0.31
0.06 0.16 0.03 0.04 0.24
0.03 0.11 0.42 0.57 0.37
0.01 0.18 0.28 0.22 0.16
0.27 0.29 0.07 0.01 0.04
0.02 0.11 0.48 0.39 0.32
0.13 0.10 0.29 0.31 0.23
0.19 0.50 0.10 0.36 0.04
0.20 0.14 0.04 0.24 0.29
0.34 0.09 0.02 0.01 0.22
0.03 0.47 0.26 0.03 0.53
0.33 0.08 0.40 0.58 0.01
0.49 0.06 0.48 0.02 0.45
0.13 0.10 0.29 0.21 0.04
0.02 0.19 0.02 0.16 0.42
0.09 0.06 0.33 0.05 0.37
0.05 0.32 0.08 0.43 0.37
0.02 0.28 0.15 0.34 0.05
0.62 0.15 0.07 0.11 0.16
0.11 0.28 0.48 0.34 0.02
0.21 0.09 0.24 0.68 0.24
0.41 0.19 0.33 0.20 0.04
0.06 0.34 0.04 0.04 0.11
0.24 0.22 0.06 0.59 0.12
0.23 0.17 0.18 0.46 0.19
0.01 0.20 0.30 0.36 0.12
0.17 0.10 0.25 0.50 0.11
0.26 0.21 0.07 0.37 0.01
0.05 0.16 0.04 0.21 0.15
0.10 0.06 0.19 0.10 0.12
0.41 0.10 0.49 0.13 0.04
0.61 0.82 0.03 0.37 0.02
0.91 0.41 0.01 0.36 0.31
0.42 0.34 0.04 0.29 0.04
0.36 0.15 0.11 0.24 0.13
0.55 0.22 0.01 0.47 0.14
0.40 0.46 0.05 0.02 0.09
0.23 0.22 0.11 0.49 0.07
0.36 0.29 0.28 0.12 0.01
0.22 0.01 0.45 0.19 0.18
0.03 0.20 0.26 0.90 0.09
0.23 0.08 0.02 0.44 0.41
0.50 0.24 0.02 0.50 0.01
0.48 0.20 0.01 0.42 0.14
0.03 0.13 0.40 0.21 0.44
0.05 0.09 0.01 0.42 0.77
0.01 0.26 0.21 0.09 0.32
0.40 0.09 0.26 0.02 0.15
0.26 0.32 0.04 0.34 0.06
0.20 0.09 0.09 0.26 0.65
0.13 0.28 0.02 0.02 0.40
0.46 0.01 0.17 0.38 0.44
0.10 0.02 0.37 0.05 0.18
0.15 0.50 0.01 0.62 0.33
0.09 0.32 0.47 0.01 0.43
0.03 0.42 0.40 0.13 0.08
0.04 0.53 0.04 0.37 0.31
0.02 0.69 0.20 0.11 0.33
0.09 0.18 0.48 0.02 0.43
0.30 0.40 0.01 0.07 0.09
0.21 0.03 0.17 0.37 0.15
0.12 0.13 0.12 0.19 0.43
0.11 0.27 0.26 0.01 0.24
0.08 0.05 0.50 0.77 0.25
0.18 0.12 0.20 0.03 0.07
0.19 0.02 0.14 0.40 0.06
0.29 0.03 0.08 0.47 0.24
0.13 0.01 0.47 0.29 0.65
0.06 0.15 0.37 0.03 0.26
0.09 0.18 0.34 0.24 0.11
0.24 0.46 0.04 0.01 0.50
0.58 0.49 0.17 0.32 0.01
0.12 0.14 0.10 0.30 0.23
0.22 0.03 0.34 0.25 0.36
0.08 0.18 0.01 0.94 0.17
0.33 0.18 0.21 0.02 0.39
0.03 0.09 0.08 0.09 0.46
0.03 0.38 0.05 0.06 0.10
0.22 0.10 0.22 0.41 0.02
0.08 0.04 0.06 0.45 0.30
0.02 0.02 0.40 0.08 0.29
0.09 0.11 0.36 0.65 0.08
0.40 0.06 0.37 0.48 0.02
0.14 0.27 0.01 0.31 0.35
0.12 0.37 0.02 0.87 0.25
0.20 0.01 0.19 0.49 0.17
0.02 0.14 0.04 0.44 0.19
0.11 0.15 0.03 0.21 0.23
0.34 0.01 0.24 0.24 0.12
0.55 0.07 0.84 0.02 0.06
0.31 0.06 0.13 0.45 0.19
0.15 0.46 0.08 0.16 0.03
0.10 0.21 0.31 0.49 0.11
0.16 0.01 0.11 0.34 0.09
0.21 0.08 0.15 0.10 0.11
0.04 0.03 0.49 0.30 0.02
0.04 0.23 0.24 0.08 0.17
0.01 0.20 0.49 0.12 0.39
0.35 0.16 0.20 0.39 0.03
0.22 0.34 0.10 0.27 0.06
0.20 0.05 0.44 0.26 0.09
0.06 0.18 0.07 0.27 0.14
0.29 0.08 0.25 0.01 0.05
0.02 0.28 0.01 0.14 0.42
0.45 0.22 0.09 0.19 0.02
0.10 0.02 0.22 0.34 0.22
0.34 0.15 0.01 0.07 0.28
0.50 0.21 0.11 0.17 0.20
0.21 0.22 0.10 0.17 0.22
0.50 0.30 0.05 0.34 0.03
0.10 0.42 0.01 0.29 0.06
0.11 0.13 0.47 0.37 0.07
0.08 0.40 0.36 0.06 0.07
0.01 0.18 0.12 0.24 0.17
0.01 0.09 0.80 0.09 0.84
0.71 0.27 0.03 0.31 0.01
0.23 0.08 0.23 0.08 0.36
0.38 0.24 0.01 0.38 0.21
0.08 0.12 0.21 0.01 0.26
0.14 0.09 0.13 0.35 0.02
0.23 0.34 0.05 0.74 0.03
0.28 0.04 0.07 0.24 0.22
0.12 0.13 0.02 0.61 0.28
0.27 0.09 0.30 0.01 0.74
0.09 0.04 0.26 0.10 0.28
0.02 0.37 0.03 0.30 0.40
0.38 0.01 0.01 0.68 0.10
0.06 0.12 0.82 0.22 0.15
0.09 0.18 0.01 0.44 0.33
0.11 0.06 0.20 0.06 0.09
0.06 0.02 0.22 0.96 0.86
0.03 0.14 0.15 0.11 0.28
0.20 0.05 0.07 0.06 0.23
0.02 0.34 0.31 0.15 0.19
0.01 0.87 1.00 0.63 0.02
0.01 0.81 0.09 0.70 0.51
0.21 0.03 0.07 0.28 0.19
0.62 0.37 0.02 0.10 0.08
0.01 0.82 0.07 1.00 0.46
0.02 0.13 0.98 0.89 0.19
0.25 0.08 0.69 0.01 0.19
0.30 0.02 0.03 0.25 0.41
0.19 0.66 0.26 0.01 0.17
0.17 0.05 0.02 0.88 0.92
0.87 0.05 0.04 0.08 0.69
0.70 0.03 0.08 0.05 0.10
0.13 0.70 0.48 0.09 0.01
0.36 0.52 0.76 0.07 0.02
0.37 0.09 0.24 0.02 0.09
0.16 0.18 0.99 0.93 0.01
0.06 0.97 0.79 0.02 0.54
0.07 0.67 0.05 0.13 0.07
0.04 0.09 0.27 0.74 0.38
0.01 0.51 0.07 0.72 0.30
0.06 0.04 0.26 0.04 0.84
0.06 0.71 0.07 0.36 0.03
0.10 0.88 0.38 0.29 0.01
0.61 0.01 0.68 0.08 0.51
0.04 0.97 0.42 0.02 0.95
0.01 0.30 0.49 0.68 0.03
0.03 0.05 0.13 0.14 0.18
0.02 0.01 0.10 0.24 0.06
0.08 0.18 0.66 0.59 0.01
0.38 0.46 0.41 0.01 0.03
0.31 0.10 0.11 0.02 0.17
0.10 0.37 0.01 0.20 0.27
0.72 0.02 0.13 0.54 0.05
0.07 0.45 0.02 0.30 0.41
0.11 0.13 0.33 0.21 0.02
0.15 0.43 0.03 0.25 0.14
0.01 0.38 0.14 0.52 0.15
0.49 0.01 0.03 0.18 0.31
0.24 0.03 0.13 0.05 0.03
0.20 0.02 0.08 0.50 0.60
0.27 0.27 0.38 0.05 0.02
0.46 0.15 0.35 0.40 0.01
0.73 0.19 0.68 0.37 0.01
0.22 0.03 0.10 0.04 0.14
0.03 0.15 0.19 0.39 0.05
0.20 0.38 0.21 0.01 0.05
0.22 0.74 0.01 0.07 0.82
0.13 0.31 0.02 0.06 0.35
0.14 0.10 0.06 0.11 0.31
0.11 0.02 0.43 0.09 0.05
0.02 0.13 0.40 0.96 0.03
0.03 0.26 0.08 0.04 0.27
0.11 0.92 0.60 0.01 0.05
0.01 0.25 0.31 0.06 0.36
0.23 0.13 0.32 0.26 0.03
0.01 0.22 0.30 0.02 0.32
0.40 0.01 0.90 0.07 0.95
0.40 0.14 0.06 0.35 0.08
0.01 0.13 0.46 0.06 0.51
0.16 0.32 0.09 0.01 0.22
0.13 0.06 0.04 0.19 0.10
0.05 0.50 0.47 0.27 0.02
0.02 0.10 0.36 0.06 0.41
0.04 0.19 0.05 0.01 0.08
0.69 0.06 0.67 0.01 0.79
0.17 0.01 0.13 0.07 0.32
0.22 0.33 0.09 0.29 0.03
0.35 0.06 0.70 0.02 0.43
0.35 0.07 0.01 0.42 0.16
0.12 0.12 0.20 0.02 0.30
0.35 0.10 0.11 0.31 0.02
0.01 0.14 0.16 0.59 0.37
0.16 0.09 0.22 0.15 0.07
0.19 0.39 0.03 0.50 0.08
0.12 0.63 0.32 0.83 0.01
0.08 0.69 0.02 0.37 0.15
0.33 0.39 0.15 0.18 0.02
0.44 0.04 0.01 0.38 0.18
0.67 0.18 0.01 0.03 0.22
0.02 0.54 0.48 0.03 0.07
0.85 0.05 0.29 0.91 0.02
0.30 0.29 0.03 0.12 0.21
0.08 0.43 0.02 0.25 0.02
0.30 0.25 0.12 0.03 0.01
0.02 0.21 0.37 0.11 0.25
0.14 0.09 0.32 0.21 0.07
0.32 0.34 0.08 0.22 0.02
0.19 0.13 0.10 0.24 0.01
0.84 0.01 0.77 0.06 0.49
0.02 0.03 0.07 0.50 0.06
0.21 0.02 0.05 0.49 0.13
0.15 0.11 0.01 0.17 0.09
0.15 0.03 0.07 0.25 0.48
0.18 0.42 0.09 0.04 0.04
0.43 0.35 0.02 0.10 0.12
0.17 0.14 0.06 0.07 0.73
0.90 0.78 0.03 0.05 0.11
0.38 0.01 0.40 0.21 0.23
0.17 0.25 0.09 0.39 0.06
0.12 0.04 0.22 0.14 0.14
0.01 0.39 0.75 0.18 0.04
0.08 0.39 0.41 0.26 0.01
0.56 0.05 0.04 0.72 0.04
0.01 0.31 0.31 0.12 0.20
0.36 0.07 0.02 0.39 0.22
0.22 0.07 0.19 0.41 0.03
0.02 0.87 0.52 0.10 0.04
0.05 0.11 0.43 0.06 0.20
0.33 0.05 0.08 0.36 0.05
0.05 0.15 0.45 0.01 0.41
0.02 0.93 0.05 0.60 0.04
0.44 0.03 0.04 0.36 0.17
