300 5
91 1 23 31 94
77 76 92 63 48
43 49 27 28 11
17 20 85 20 18
11 20 8 22 15
37 7 2 34 29
48 5 31 36 13
8 30 12 10 3
19 43 11 9 13
7 17 50 50 77
73 11 40 33 23
27 6 49 25 33
37 4 63 40 5
7 42 20 34 5
33 35 43 3 92
41 27 17 3 47
41 40 4 29 30
40 5 21 24 41
50 14 26 7 33
11 49 9 67 8
32 25 6 34 37
22 20 42 18 18
22 17 43 47 7
21 17 44 41 40
94 24 10 30 1
37 8 47 20 22
24 14 36 9 14
7 34 9 3 33
24 2 14 3 5
39 16 32 31 3
23 17 19 99 1
21 39 24 2 45
39 31 24 1 47
30 2 7 19 23
29 5 76 42 3
39 10 26 42 4
19 4 35 50 37
32 8 1 41 72
6 20 19 59 33
10 4 3 29 29
30 2 93 39 3
34 3 13 84 20
3 34 11 49 13
24 5 35 44 3
59 44 3 20 60
11 44 1 67 35
5 46 28 15 17
1 8 13 38 39
84 19 2 25 34
50 36 3 44 17
5 50 20 12 44
20 22 38 21 38
35 11 2 33 12
19 13 27 19 10
29 10 6 8 31
6 16 3 4 24
3 11 42 57 37
1 18 28 22 16
27 29 7 1 4
2 11 48 39 32
13 10 29 31 23
19 50 10 36 4
20 14 4 24 29
34 9 2 1 22
3 47 26 3 53
33 8 40 58 1
49 6 48 2 45
13 10 29 21 4
2 19 2 16 42
9 6 33 5 37
5 32 8 43 37
2 28 15 34 5
62 15 7 11 16
11 28 48 34 2
21 9 24 68 24
41 19 33 20 4
6 34 4 4 11
24 22 6 59 12
23 17 18 46 19
1 20 30 36 12
17 10 25 50 11
26 21 7 37 1
5 16 4 21 15
10 6 19 10 12
41 10 49 13 4
61 82 3 37 2
91 41 1 36 31
42 34 4 29 4
36 15 11 24 13
55 22 1 47 14
40 46 5 2 9
23 22 11 49 7
36 29 28 12 1
22 1 45 19 18
3 20 26 90 9
23 8 2 44 41
50 24 2 50 1
48 20 1 42 14
3 13 40 21 44
5 9 1 42 77
1 26 21 9 32
40 9 26 2 15
26 32 4 34 6
20 9 9 26 65
13 28 2 2 40
46 1 17 38 44
10 2 37 5 18
15 50 1 62 33
9 32 47 1 43
3 42 40 13 8
4 53 4 37 31
2 69 20 11 33
9 18 48 2 43
30 40 1 7 9
21 3 17 37 15
12 13 12 19 43
11 27 26 1 24
8 5 50 77 25
18 12 20 3 7
19 2 14 40 6
29 3 8 47 24
13 1 47 29 65
6 15 37 3 26
9 18 34 24 11
24 46 4 1 50
58 49 17 32 1
12 14 10 30 23
22 3 34 25 36
8 18 1 94 17
33 18 21 2 39
3 9 8 9 46
3 38 5 6 10
22 10 22 41 2
8 4 6 45 30
2 2 40 8 29
9 11 36 65 8
40 6 37 48 2
14 27 1 31 35
12 37 2 87 25
20 1 19 49 17
2 14 4 44 19
11 15 3 21 23
34 1 24 24 12
55 7 84 2 6
31 6 13 45 19
15 46 8 16 3
10 21 31 49 11
16 1 11 34 9
21 8 15 10 11
4 3 49 30 2
4 23 24 8 17
1 20 49 12 39
35 16 20 39 3
22 34 10 27 6
20 5 44 26 9
6 18 7 27 14
29 8 25 1 5
2 28 1 14 42
45 22 9 19 2
10 2 22 34 22
34 15 1 7 28
50 21 11 17 20
21 22 10 17 22
50 30 5 34 3
10 42 1 29 6
11 13 47 37 7
8 40 36 6 7
1 18 12 24 17
1 9 80 9 84
71 27 3 31 1
23 8 23 8 36
38 24 1 38 21
8 12 21 1 26
14 9 13 35 2
23 34 5 74 3
28 4 7 24 22
12 13 2 61 28
27 9 30 1 74
9 4 26 10 28
2 37 3 30 40
38 1 1 68 10
6 12 82 22 15
9 18 1 44 33
11 6 20 6 9
6 2 22 96 86
3 14 15 11 28
20 5 7 6 23
2 34 31 15 19
1 87 100 63 2
1 81 9 70 51
21 3 7 28 19
62 37 2 10 8
1 82 7 100 46
2 13 98 89 19
25 8 69 1 19
30 2 3 25 41
19 66 26 1 17
17 5 2 88 92
87 5 4 8 69
70 3 8 5 10
13 70 48 9 1
36 52 76 7 2
37 9 24 2 9
16 18 99 93 1
6 97 79 2 54
7 67 5 13 7
4 9 27 74 38
1 51 7 72 30
6 4 26 4 84
6 71 7 36 3
10 88 38 29 1
61 1 68 8 51
4 97 42 2 95
1 30 49 68 3
3 5 13 14 18
2 1 10 24 6
8 18 66 59 1
38 46 41 1 3
31 10 11 2 17
10 37 1 20 27
72 2 13 54 5
7 45 2 30 41
11 13 33 21 2
15 43 3 25 14
1 38 14 52 15
49 1 3 18 31
24 3 13 5 3
20 2 8 50 60
27 27 38 5 2
46 15 35 40 1
73 19 68 37 1
22 3 10 4 14
3 15 19 39 5
20 38 21 1 5
22 74 1 7 82
13 31 2 6 35
14 10 6 11 31
11 2 43 9 5
2 13 40 96 3
3 26 8 4 27
11 92 60 1 5
1 25 31 6 36
23 13 32 26 3
1 22 30 2 32
40 1 90 7 95
40 14 6 35 8
1 13 46 6 51
16 32 9 1 22
13 6 4 19 10
5 50 47 27 2
2 10 36 6 41
4 19 5 1 8
69 6 67 1 79
17 1 13 7 32
22 33 9 29 3
35 6 70 2 43
35 7 1 42 16
12 12 20 2 30
35 10 11 31 2
1 14 16 59 37
16 9 22 15 7
19 39 3 50 8
12 63 32 83 1
8 69 2 37 15
33 39 15 18 2
44 4 1 38 18
67 18 1 3 22
2 54 48 3 7
85 5 29 91 2
30 29 3 12 21
8 43 2 25 2
30 25 12 3 1
2 21 37 11 25
14 9 32 21 7
32 34 8 22 2
19 13 10 24 1
84 1 77 6 49
2 3 7 50 6
21 2 5 49 13
15 11 1 17 9
15 3 7 25 48
18 42 9 4 4
43 35 2 10 12
17 14 6 7 73
90 78 3 5 11
38 1 40 21 23
17 25 9 39 6
12 4 22 14 14
1 39 75 18 4
8 39 41 26 1
56 5 4 72 4
1 31 31 12 20
36 7 2 39 22
22 7 19 41 3
2 87 52 10 4
5 11 43 6 20
33 5 8 36 5
5 15 45 1 41
2 93 5 60 4
44 3 4 36 17
