300 5
21 4 80 41 0
45 6 15 80 66
17 2 4 28 41
21 69 87 8 46
19 47 32 26 1
29 32 19 6 43
13 79 35 28 12
34 36 40 99 17
27 46 77 27 7
4 10 20 3 46
10 4 15 94 40
40 22 8 22 37
20 3 29 50 29
32 91 3 55 9
2 41 36 44 29
36 52 36 9 13
34 12 14 24 40
16 5 27 50 16
15 39 88 4 36
5 23 9 41 32
37 34 80 20 23
42 48 1 21 6
19 65 7 12 5
14 15 18 2 50
9 15 46 42 31
23 1 41 25 44
3 21 4 12 6
17 8 39 97 7
1 43 6 30 35
7 20 61 44 29
50 12 19 23 15
1 97 16 36 21
49 5 10 5 49
26 37 26 2 47
92 18 28 97 14
5 36 13 91 2
25 47 75 10 4
20 10 25 23 18
14 56 19 6 44
12 1 23 14 44
44 44 14 10 16
4 6 1 22 21
85 30 35 3 21
17 24 46 6 28
16 30 49 50 5
14 7 6 46 3
25 11 7 6 14
3 15 20 16 87
35 38 3 18 26
31 3 55 48 39
67 10 24 10 35
6 32 43 8 34
43 1 33 26 14
20 2 4 14 14
4 35 55 24 4
26 10 8 6 27
29 27 6 9 98
6 12 61 27 6
3 45 30 23 5
19 21 46 3 28
23 26 39 23 2
12 19 47 11 31
99 1 18 17 44
9 42 26 5 6
45 1 20 69 41
8 38 19 47 2
9 4 39 33 34
28 17 49 14 13
16 45 25 11 9
19 22 20 10 34
2 41 10 18 50
14 16 21 21 8
33 29 42 49 1
78 34 15 12 1
16 25 37 3 28
26 3 42 35 5
29 22 19 2 21
52 6 27 43 1
8 15 16 12 35
6 16 2 42 17
40 5 25 35 13
84 5 69 32 10
28 40 30 25 1
21 5 13 5 10
40 33 2 38 5
16 49 6 34 3
31 49 30 16 1
12 6 2 48 2
65 19 59 1 88
35 43 9 4 33
7 12 43 3 27
27 7 44 13 2
3 49 24 2 29
34 3 26 18 7
14 2 11 67 24
3 19 12 32 47
64 6 71 17 9
13 46 36 33 2
19 6 12 21 22
10 1 81 17 25
1 9 13 38 4
2 12 36 22 47
46 86 58 1 5
17 33 50 10 16
2 27 8 3 18
1 30 57 20 20
18 24 75 34 5
5 10 40 34 20
37 1 6 3 46
1 39 28 9 13
23 8 22 37 1
10 5 23 12 20
15 28 1 18 22
62 25 53 2 8
26 59 1 7 47
41 33 25 1 23
57 4 41 26 3
21 42 84 1 94
24 9 15 23 4
2 8 19 83 54
27 42 32 25 1
7 16 35 4 31
20 24 16 11 7
54 34 32 4 1
1 47 7 24 42
27 10 12 6 18
41 25 15 18 1
96 100 17 9 8
93 2 4 6 19
19 44 9 2 3
28 42 28 5 2
10 17 45 28 12
1 37 23 19 50
7 3 18 47 17
23 39 39 13 2
1 26 13 21 9
22 43 3 12 89
6 1 63 23 16
21 63 14 9 2
25 4 17 12 14
23 1 44 11 35
88 38 14 6 4
10 3 46 44 40
9 5 12 9 33
27 1 1 44 49
59 22 2 12 40
40 1 14 13 29
42 36 14 2 35
19 14 48 23 4
17 1 36 71 35
25 44 36 23 1
9 49 39 16 4
1 16 32 49 3
45 8 20 29 9
4 72 44 6 6
47 22 9 1 42
19 42 19 2 27
2 1 40 8 48
94 2 1 30 37
38 36 39 1 13
57 11 81 1 94
7 7 28 38 7
4 8 10 17 44
37 19 6 2 21
12 2 47 70 19
37 4 17 36 7
2 93 5 13 21
36 47 3 14 45
77 25 28 11 1
97 39 1 17 2
5 37 28 45 1
17 7 27 32 14
3 24 49 5 2
4 6 40 47 19
14 78 35 25 3
20 20 23 2 44
17 32 10 4 6
9 38 2 10 37
8 6 61 26 2
29 46 38 1 39
5 20 27 22 4
20 45 31 14 1
7 1 29 86 82
19 1 30 13 49
14 16 3 35 5
13 21 23 10 17
20 9 81 2 65
17 33 4 6 61
26 5 50 3 55
12 6 17 11 22
7 14 39 7 39
5 56 2 44 5
31 46 6 35 1
10 12 48 13 11
2 22 1 22 45
10 12 36 17 3
16 6 26 35 7
18 19 15 1 7
6 26 22 14 5
38 27 11 25 5
11 12 96 2 18
50 57 49 3 1
15 6 7 9 71
41 5 94 12 4
23 20 1 53 17
6 77 92 1 44
6 67 6 5 56
4 8 48 1 83
98 15 78 4 3
5 2 5 77 63
18 4 8 24 16
35 19 10 5 5
92 57 5 49 1
4 11 37 11 37
13 6 4 15 41
48 8 2 9 26
40 7 66 7 8
1 41 3 17 21
2 97 71 11 7
13 2 9 7 40
9 29 2 12 99
5 3 23 19 14
36 14 45 7 8
4 4 32 40 9
10 7 41 3 59
2 19 44 15 4
27 2 23 12 36
85 5 2 14 52
2 3 34 69 66
48 15 2 27 14
43 11 40 1 14
32 5 31 3 31
38 1 40 44 4
15 9 50 26 8
8 3 6 39 40
28 11 19 10 3
94 84 7 1 62
40 34 20 2 1
12 28 44 2 42
2 3 98 35 7
55 35 12 3 17
84 1 73 34 5
59 2 67 43 11
37 11 40 3 13
30 34 7 12 4
13 22 76 9 23
3 6 14 44 50
2 17 16 20 35
2 18 40 6 35
12 32 16 39 2
99 1 8 5 44
19 2 49 33 3
5 6 13 11 38
82 4 10 4 32
50 21 89 32 1
1 14 62 39 1
24 88 7 5 8
29 20 3 4 3
8 7 9 26 11
41 2 50 12 30
24 11 22 10 4
42 3 29 1 24
25 42 5 5 99
71 5 22 21 3
43 1 30 50 11
96 25 1 25 11
16 27 12 4 3
3 7 49 35 31
98 1 70 10 42
18 1 9 90 17
72 17 38 30 2
18 42 3 7 64
28 16 4 13 39
10 5 55 6 72
41 13 13 19 8
2 33 56 39 2
24 16 26 14 1
3 39 2 45 9
13 28 1 16 36
30 15 57 2 20
24 11 19 3 11
15 30 6 32 1
36 18 2 30 17
10 4 10 3 13
15 29 7 7 24
27 27 8 11 3
67 3 52 40 1
7 21 30 10 36
6 20 4 34 16
31 4 45 34 4
59 15 98 8 6
50 8 15 37 3
1 11 22 3 22
26 1 24 9 47
98 14 1 31 20
50 14 3 14 9
4 26 92 1 80
6 2 26 38 75
97 29 90 1 1
3 43 3 21 14
