300 5
81 80 80 37 45
73 74 98 88 97
50 14 30 21 44
20 99 19 64 37
14 72 8 44 40
12 46 2 25 5
45 2 9 42 1
9 49 88 23 22
19 95 49 18 73
26 40 14 49 44
35 44 82 17 31
11 38 49 6 24
41 18 4 28 27
2 29 29 39 6
39 19 18 49 33
40 32 79 21 7
23 7 53 41 44
2 40 59 37 12
33 9 40 84 42
23 5 43 17 60
48 36 3 97 2
50 48 52 10 4
27 15 56 3 1
30 14 1 10 46
10 18 36 10 97
40 15 26 34 34
36 11 17 14 14
5 46 50 22 8
13 9 3 37 12
4 40 19 48 12
9 22 11 39 6
8 40 21 25 39
83 14 13 32 6
33 71 25 13 24
35 6 87 4 24
26 5 14 45 36
25 1 45 28 48
2 21 9 19 32
9 20 17 27 3
15 47 27 3 10
24 24 4 13 21
11 40 37 49 1
91 46 18 9 34
13 45 2 33 49
12 17 47 36 35
2 17 26 37 44
34 22 44 15 18
8 47 1 3 43
28 35 2 1 13
3 49 7 26 54
26 70 26 10 36
4 100 5 1 15
9 36 46 3 23
1 43 45 71 8
20 7 1 84 28
7 28 12 14 4
3 16 40 19 44
19 12 2 12 30
36 21 40 9 38
23 11 30 11 20
4 13 90 45 19
40 6 48 19 19
1 46 27 27 71
48 14 48 3 24
9 10 22 47 20
69 20 32 4 45
45 9 38 8 41
14 30 36 44 2
40 14 26 4 27
23 4 25 29 20
37 5 29 35 5
29 30 44 2 39
36 36 13 3 3
30 24 50 5 50
6 50 34 20 5
2 54 48 18 20
31 4 28 8 10
19 4 40 34 6
27 6 11 49 23
3 14 77 25 24
2 35 12 2 27
2 30 8 39 15
11 32 15 1 86
3 19 39 41 39
25 6 32 72 7
4 25 43 1 35
34 1 27 46 86
37 31 10 1 18
7 30 18 7 11
32 40 17 32 2
91 32 5 8 1
12 23 2 32 14
5 23 38 11 35
2 93 1 23 25
16 25 36 22 25
1 54 31 9 35
22 39 36 3 1
5 79 22 24 3
62 13 30 11 8
17 3 33 24 6
32 20 20 7 8
21 14 50 9 22
8 6 1 9 3
27 2 18 39 20
3 5 25 12 25
1 27 4 26 44
7 20 39 77 17
25 2 28 10 48
7 14 44 19 24
38 14 99 49 1
1 83 23 38 9
7 17 3 83 94
23 24 31 8 33
60 1 51 16 50
50 29 10 7 20
17 18 39 6 9
7 5 80 56 7
3 42 35 11 7
24 9 74 1 38
37 1 28 7 12
14 15 66 11 2
5 11 15 42 2
35 35 11 4 1
30 17 13 3 16
3 5 8 71 3
35 35 16 3 2
4 13 3 32 4
47 8 24 16 1
2 1 13 46 21
43 29 5 6 11
7 7 25 20 13
10 35 2 7 37
1 55 89 15 28
5 15 25 18 15
2 15 22 12 45
23 30 5 3 74
35 14 23 1 35
1 48 38 1 24
21 63 5 3 33
26 70 3 4 11
23 27 43 3 6
14 4 13 33 41
2 86 50 40 4
3 11 40 28 19
1 72 16 4 19
11 9 10 7 50
2 98 81 28 18
7 8 31 15 4
46 19 45 2 16
46 17 87 2 25
32 2 17 24 46
1 16 2 10 42
15 39 49 15 2
27 18 36 7 30
40 1 9 54 66
5 40 1 50 63
2 16 45 53 9
43 14 25 7 20
28 22 30 5 35
57 15 26 6 2
7 9 11 45 38
3 49 13 29 15
5 9 11 14 4
50 5 7 55 16
1 40 6 26 38
3 4 64 7 39
92 34 8 2 10
38 12 53 5 16
5 3 15 43 19
45 25 1 34 2
3 11 4 29 4
92 3 17 3 42
1 38 3 22 16
13 1 28 30 25
69 5 26 11 23
1 1 21 6 26
53 26 27 2 28
28 10 4 8 44
6 12 81 5 35
22 25 42 5 32
6 34 28 1 27
41 15 34 34 2
16 6 37 2 13
6 1 6 37 87
7 87 1 14 5
30 4 34 7 16
25 19 4 4 41
36 17 34 64 1
30 4 10 93 50
22 6 46 1 28
18 50 2 6 32
5 16 21 4 44
15 3 48 56 9
12 1 44 6 3
7 18 4 6 41
4 4 19 3 35
56 28 6 3 90
22 100 11 6 10
12 2 18 13 44
1 31 25 33 21
16 25 30 25 1
33 7 9 29 1
15 57 48 1 20
15 18 5 3 18
5 20 42 13 4
2 25 18 61 15
2 30 85 34 16
26 3 29 17 14
61 2 8 67 66
2 38 29 28 7
11 26 6 2 7
8 2 13 3 91
3 6 77 15 9
23 14 6 5 10
18 46 28 6 3
5 2 3 3 21
5 8 32 52 5
38 13 34 3 12
12 4 2 65 13
16 29 12 1 25
4 22 46 7 11
5 6 21 59 7
5 40 38 11 18
2 14 15 18 22
50 24 5 2 98
1 28 26 16 14
9 49 15 6 14
3 38 4 7 34
2 44 42 76 4
4 21 12 4 44
81 1 6 77 17
11 9 44 50 1
36 13 49 1 13
13 24 9 2 43
9 26 30 7 12
6 1 11 44 29
8 2 92 66 7
46 5 60 1 23
47 3 23 38 5
2 33 42 20 12
16 1 11 31 9
11 50 11 1 8
4 5 15 25 1
48 1 12 3 2
31 18 37 1 5
30 42 85 2 4
26 1 10 38 14
6 38 9 1 45
2 63 97 12 14
5 19 14 4 15
86 4 11 10 18
5 36 2 71 30
3 41 7 19 17
30 16 15 7 9
23 43 12 45 2
1 29 18 22 15
4 8 41 2 6
77 74 4 83 1
34 3 37 22 13
34 1 9 44 2
3 3 48 45 24
3 17 13 17 13
1 70 11 72 10
1 21 18 58 29
82 5 2 6 48
18 9 1 2 3
5 46 1 16 25
21 27 2 32 2
14 27 23 2 1
3 5 35 12 16
4 88 11 79 2
4 8 6 15 48
21 44 41 1 4
3 27 21 22 6
12 2 36 51 5
43 1 20 25 7
4 4 72 83 6
32 2 32 40 1
4 3 95 1 88
4 2 21 24 20
44 2 37 1 37
1 40 50 41 9
6 6 13 17 17
14 7 13 4 14
5 74 1 12 60
2 42 49 12 12
27 7 27 5 11
10 71 37 4 1
1 1 19 20 11
14 2 1 1 37
2 45 8 83 11
7 2 50 11 10
1 87 57 71 4
7 2 38 2 24
33 1 33 1 45
11 25 11 38 2
32 25 9 64 2
10 16 36 1 47
6 27 1 44 7
22 10 38 1 1
