400 4
97 98 48 19
52 85 100 19
28 49 36 50
3 50 10 27
20 90 42 2
35 29 79 39
9 11 15 90
34 17 43 45
88 17 41 7
41 36 18 77
3 19 6 84
26 18 6 64
48 42 27 20
96 7 34 55
85 4 23 32
5 4 11 50
16 63 28 13
55 12 27 6
16 68 60 2
54 23 11 14
13 3 32 11
7 16 34 12
46 23 3 40
41 84 12 22
20 58 3 99
78 8 15 38
68 4 2 4
15 8 25 38
49 14 25 18
29 9 27 14
32 40 83 4
36 46 18 20
8 74 29 4
32 36 12 13
20 11 17 11
28 50 72 7
30 41 24 6
1 14 18 59
13 19 23 35
7 6 42 45
17 7 7 44
13 45 23 6
3 98 17 7
10 22 7 36
34 19 21 4
47 63 28 3
7 23 22 38
11 5 14 26
5 7 66 25
4 2 85 90
38 16 9 33
25 1 9 29
1 48 39 32
60 50 2 10
45 5 13 10
98 14 18 2
4 21 3 39
7 12 36 6
58 21 3 35
47 4 19 15
7 36 9 27
5 97 53 25
19 39 23 14
28 30 2 2
29 29 1 79
40 14 70 3
4 47 23 6
24 2 34 57
26 28 2 6
69 6 1 54
1 15 2 24
1 13 7 14
34 1 2 92
22 10 5 12
3 1 26 71
1 31 37 8
10 92 16 3
10 95 64 2
4 21 86 9
10 49 72 4
31 26 50 3
1 66 16 9
38 7 32 6
60 3 2 4
19 79 65 1
97 2 41 8
5 39 19 1
9 2 48 27
43 10 22 2
48 5 50 2
5 51 3 16
25 48 6 9
27 86 14 3
10 7 4 13
33 10 35 2
35 30 1 44
31 4 19 18
17 35 29 2
4 81 2 19
17 28 99 4
74 85 1 20
8 39 18 13
86 75 1 34
5 11 33 35
4 25 84 13
3 8 25 73
49 11 2 12
10 37 56 2
19 23 66 2
40 12 8 3
42 4 41 4
21 3 22 32
19 73 14 6
4 2 17 42
1 1 7 33
2 12 48 6
5 1 16 30
36 1 1 41
15 17 18 11
1 1 85 32
26 5 24 4
32 1 42 18
16 2 57 22
11 83 2 5
25 27 24 3
2 38 18 10
2 10 24 10
67 2 70 15
1 17 47 8
27 2 26 18
16 6 25 21
9 29 28 4
5 8 43 25
26 7 2 97
6 11 8 11
25 26 2 11
15 9 1 72
25 21 24 3
32 1 88 10
12 83 15 3
21 64 8 10
17 84 1 21
19 14 8 1
3 30 12 8
6 28 31 7
19 4 80 4
19 10 31 6
13 28 1 64
49 25 3 5
21 41 2 14
8 16 90 1
31 3 18 13
9 33 63 2
1 45 100 3
2 7 59 16
14 7 79 1
19 6 1 59
4 96 10 8
10 3 99 22
16 18 50 3
34 1 11 10
3 3 69 3
18 25 20 4
18 20 6 4
17 1 5 50
70 70 7 1
22 1 34 5
17 37 15 2
32 6 11 9
24 10 2 42
9 41 4 17
20 6 3 47
48 26 1 23
7 10 20 16
100 22 6 1
8 9 25 14
21 3 19 18
29 4 24 12
6 33 31 2
9 20 6 2
1 27 11 10
8 17 21 3
70 1 21 5
66 1 50 4
18 70 4 2
9 53 17 1
15 18 1 26
28 89 2 1
5 12 32 3
44 7 55 1
17 9 56 10
57 10 2 14
3 10 20 28
18 97 2 2
3 100 5 17
18 45 11 1
45 15 5 8
88 47 1 17
11 18 7 8
1 3 67 15
15 6 16 18
43 22 3 10
9 8 29 11
11 23 1 43
27 2 43 3
3 6 4 20
17 8 36 4
18 3 19 20
3 1 3 17
75 3 15 2
1 35 3 5
22 66 2 11
26 6 20 16
12 8 1 46
36 8 20 7
13 10 2 44
67 4 21 3
10 5 46 1
94 1 18 3
2 11 12 13
4 34 1 70
2 7 29 32
25 2 12 4
42 5 15 3
47 15 1 5
1 18 51 2
7 10 3 1
40 8 39 1
11 87 1 3
67 7 1 19
33 66 1 15
2 5 23 21
6 20 6 7
26 45 1 8
43 41 1 11
22 8 13 11
43 30 1 6
38 1 30 9
64 2 3 15
40 26 1 6
4 27 29 1
88 14 1 5
10 2 4 5
21 1 24 7
33 4 1 25
1 2 98 9
7 4 51 1
77 1 2 13
35 1 23 7
1 5 9 27
28 12 2 1
2 28 1 67
1 44 7 2
5 34 1 49
2 38 40 2
35 1 3 9
2 10 3 69
2 32 28 4
1 45 1 9
36 3 42 1
25 1 3 16
16 1 39 9
6 5 25 8
12 43 2 1
9 2 80 1
2 16 38 6
5 1 81 14
46 9 2 22
4 77 24 1
71 6 29 2
35 59 1 1
2 37 1 6
7 19 2 21
9 22 2 6
2 5 44 16
7 7 21 2
1 8 45 22
3 27 1 44
1 3 64 26
4 21 34 4
1 43 46 1
2 12 41 5
17 18 1 15
16 9 26 1
6 18 1 25
7 3 35 12
52 9 3 7
48 4 30 3
72 3 22 3
1 9 50 1
1 12 14 1
33 5 34 2
19 1 2 32
3 2 2 54
4 1 8 13
12 22 1 9
4 29 8 6
50 9 3 6
6 29 2 11
2 8 4 50
2 1 16 31
31 16 1 3
14 1 2 49
19 10 1 39
21 18 2 9
56 5 2 16
6 10 13 4
32 2 1 91
2 19 2 18
4 2 21 3
6 14 11 7
61 3 37 2
35 2 50 2
27 6 1 32
9 10 1 12
5 12 11 3
8 2 1 13
2 40 9 3
17 1 14 5
26 6 27 2
8 9 12 4
83 2 52 1
59 5 1 4
15 15 2 10
5 27 2 6
52 5 28 2
3 7 28 6
41 6 14 2
11 4 11 2
31 4 12 1
5 1 4 12
2 33 10 6
3 12 1 2
1 5 61 14
5 1 9 9
1 1 20 5
10 37 1 1
1 8 5 77
53 4 3 2
33 7 3 12
26 5 3 7
30 1 18 4
1 1 7 17
32 3 50 1
4 4 69 2
4 2 29 1
1 18 11 7
26 4 9 1
27 4 4 2
23 1 1 7
12 1 8 10
3 2 37 4
1 49 4 2
86 3 11 3
9 1 2 29
2 9 6 43
1 4 11 3
1 27 6 12
85 1 58 3
76 2 14 3
17 1 48 2
39 2 1 5
6 8 1 4
1 12 4 48
39 3 23 2
96 3 8 3
26 3 24 1
29 2 3 4
3 91 11 1
69 2 17 3
63 3 4 1
2 15 8 5
16 6 2 2
2 29 9 3
32 2 14 3
3 3 85 1
2 2 15 6
29 2 17 1
53 1 12 3
2 26 5 11
13 1 38 1
1 5 6 76
20 3 18 3
4 87 9 1
2 1 17 13
1 1 3 46
2 2 75 2
1 37 1 41
23 2 2 3
4 70 3 1
7 1 2 38
2 62 3 3
2 41 7 2
61 2 1 1
1 5 10 13
1 10 8 2
5 1 34 4
1 7 11 2
2 8 6 6
36 6 6 1
