400 4
0.66 0.17 0.75 0.29
0.43 0.60 0.99 0.81
0.18 0.14 0.78 0.04
0.60 0.09 0.55 0.35
0.85 0.12 0.02 0.08
0.50 0.92 0.03 0.56
0.28 0.45 0.26 0.16
0.26 0.58 0.24 0.62
0.27 0.22 0.16 0.11
0.40 0.03 0.03 0.46
0.28 0.09 0.40 0.50
0.11 0.26 0.24 0.12
0.33 0.75 0.14 0.89
0.23 0.09 0.96 0.34
0.77 0.33 0.02 0.97
0.02 0.34 0.37 0.02
0.90 0.41 0.01 0.19
0.38 0.50 0.12 0.42
0.12 0.03 0.36 0.03
0.06 0.29 0.09 0.35
0.03 1.00 0.26 0.28
0.57 0.01 0.99 0.37
0.07 0.88 0.31 0.26
0.30 0.31 0.10 0.21
0.50 0.07 0.17 0.10
0.02 0.90 0.13 0.53
0.55 0.31 0.81 0.02
0.01 0.13 1.00 0.01
0.62 0.11 0.22 0.05
0.07 0.15 0.51 0.37
0.27 0.34 0.23 0.06
0.41 0.02 0.48 0.41
0.12 0.11 0.24 0.80
0.77 0.05 0.22 0.08
0.23 0.13 0.52 0.01
0.76 0.77 0.08 0.33
0.22 0.16 0.05 0.49
0.22 0.56 0.21 0.04
0.05 0.29 0.71 0.56
0.16 0.22 0.32 0.42
0.88 0.44 0.25 0.04
0.08 0.42 0.23 0.07
0.79 0.26 0.13 0.15
0.04 0.10 0.30 0.43
0.10 0.08 0.91 0.12
0.07 0.43 0.06 0.78
0.69 0.01 0.87 0.73
0.12 0.21 0.35 0.34
0.13 0.22 0.01 0.57
0.19 0.53 0.03 0.14
0.19 0.25 0.56 0.01
0.09 0.03 0.43 0.88
0.40 0.02 0.17 0.20
0.35 0.65 0.01 0.45
0.48 0.23 0.09 0.38
0.15 0.03 0.31 0.20
0.11 0.23 0.38 0.12
0.24 0.12 0.09 0.72
0.20 0.51 0.27 0.04
0.20 0.30 0.05 0.02
0.15 0.86 0.22 0.22
0.18 0.84 0.20 0.08
0.12 0.39 0.25 0.08
0.97 0.22 0.01 0.34
0.33 0.10 0.08 0.56
0.07 0.03 0.18 0.06
0.45 0.13 0.02 0.29
0.66 0.09 0.07 0.32
0.39 0.15 0.01 0.04
0.02 0.64 0.04 0.42
0.11 0.29 0.39 0.03
0.69 0.01 0.43 0.71
0.94 0.01 0.38 0.11
0.34 0.12 0.02 0.20
0.01 0.31 0.53 0.31
0.57 0.09 0.15 0.21
0.34 0.43 0.01 0.56
0.13 0.13 0.11 0.06
0.08 0.43 0.03 0.27
0.89 0.52 0.03 0.03
0.11 0.12 0.12 0.35
0.12 0.85 0.01 0.71
0.04 0.44 0.29 0.32
0.28 0.03 0.06 0.49
0.62 0.01 0.99 0.08
0.18 0.60 0.16 0.04
0.42 0.08 0.02 0.95
0.31 0.01 0.57 0.07
0.82 0.14 0.09 0.16
0.44 0.07 0.08 0.05
0.74 0.02 0.15 0.18
0.19 0.10 0.11 0.91
0.48 0.02 0.50 0.07
0.18 0.78 0.04 0.10
0.44 0.01 0.23 0.48
0.14 0.46 0.03 0.18
0.38 0.20 0.17 0.01
0.05 0.12 0.41 0.28
0.28 0.06 0.04 0.72
0.04 0.44 0.25 0.34
0.07 0.49 0.37 0.01
0.45 0.14 0.06 0.03
0.10 0.48 0.10 0.06
0.29 0.19 0.07 0.01
0.06 0.05 0.18 1.00
0.98 0.06 0.13 0.27
0.41 0.22 0.06 0.01
0.13 0.28 0.16 0.04
0.60 0.08 0.35 0.02
0.28 0.04 0.11 0.43
0.85 0.04 0.01 0.18
0.06 0.04 0.23 0.44
0.28 0.09 0.07 0.15
0.16 0.04 0.13 0.95
0.06 0.10 0.96 0.21
0.51 0.08 0.03 0.39
0.09 0.02 0.27 0.75
0.26 0.09 0.64 0.01
0.05 0.13 0.12 0.47
0.32 0.01 0.27 0.43
0.17 0.01 0.28 0.12
0.28 0.05 0.02 0.33
0.19 0.44 0.54 0.01
0.06 0.08 0.13 0.22
0.04 0.14 0.45 0.25
0.01 0.22 0.19 0.45
0.01 0.08 0.25 0.43
0.01 0.30 0.05 0.37
0.04 0.05 0.42 0.04
0.26 0.04 0.06 0.07
0.29 0.01 0.26 0.55
0.16 0.02 0.65 0.41
0.09 0.88 0.06 0.01
0.19 0.06 0.79 0.01
0.07 0.20 0.04 0.20
0.13 0.77 0.09 0.08
0.24 0.08 0.19 0.04
0.08 0.02 0.49 0.76
0.02 0.18 0.28 0.01
0.04 0.19 0.18 0.96
0.40 0.01 0.09 0.23
0.11 0.06 0.04 0.12
0.08 0.08 0.03 0.23
0.07 0.02 0.28 0.44
0.45 0.04 0.65 0.02
0.02 0.12 0.67 0.20
0.37 0.01 0.11 1.00
0.01 0.04 0.30 0.32
0.08 0.97 0.06 0.17
0.02 0.71 0.08 0.16
0.60 0.06 0.06 0.04
0.25 0.48 0.02 0.40
0.03 0.41 0.01 0.72
0.09 0.37 0.17 0.03
0.25 0.01 0.05 0.88
0.04 0.14 0.12 0.58
0.22 0.16 0.07 0.08
0.01 0.54 0.45 0.10
0.38 0.01 0.12 0.19
0.14 0.26 0.07 0.10
0.36 0.05 0.25 0.01
0.19 0.24 0.04 0.05
0.02 0.35 0.01 0.23
0.01 0.95 0.25 0.12
0.35 0.58 0.03 0.04
0.10 0.07 0.02 0.05
0.03 0.23 0.03 0.30
0.01 0.41 0.93 0.13
0.19 0.53 0.04 0.01
0.02 0.69 0.10 0.07
0.17 0.59 0.17 0.01
0.12 0.05 0.14 0.28
0.55 0.02 0.05 0.86
0.01 0.18 0.32 0.12
0.16 0.70 0.11 0.02
0.04 0.16 0.32 0.31
0.29 0.07 0.55 0.01
0.05 0.48 0.25 0.11
0.03 0.32 0.24 0.16
0.97 0.02 0.12 0.06
0.08 0.02 0.76 0.01
0.17 0.02 0.22 0.81
0.04 0.14 0.27 0.05
0.05 0.30 0.24 0.02
0.12 0.20 0.07 0.04
0.27 0.43 0.03 0.02
0.01 0.16 0.99 0.22
0.05 0.52 0.02 0.09
0.15 0.02 0.27 0.45
0.94 0.26 0.02 0.01
0.01 0.13 0.16 0.47
0.25 0.01 0.58 0.04
0.06 0.02 0.30 0.68
0.03 0.06 0.11 0.33
0.89 0.01 0.06 0.05
0.50 0.03 0.01 0.08
0.17 0.03 0.08 0.55
0.26 0.03 0.74 0.01
0.21 0.04 0.08 0.48
0.18 0.01 0.09 0.38
0.05 0.18 0.06 0.07
0.01 0.26 0.05 0.80
0.14 0.02 0.06 0.33
0.06 0.07 0.23 0.17
0.27 0.02 0.20 0.28
0.03 0.05 0.01 0.79
0.20 0.03 0.05 0.65
0.06 0.14 0.06 0.71
0.10 0.02 0.18 0.59
0.07 0.74 0.16 0.04
0.23 0.05 0.03 0.30
0.02 0.04 0.27 0.27
0.19 0.05 0.01 0.22
0.32 0.04 0.01 0.50
0.03 0.08 0.23 0.22
0.06 0.11 0.01 0.05
0.28 0.05 0.48 0.01
0.11 0.14 0.19 0.04
0.41 0.02 0.27 0.06
0.49 0.01 0.08 0.47
0.97 0.63 0.01 0.01
0.12 0.16 0.50 0.02
0.16 0.02 0.41 0.08
0.02 0.12 0.15 0.44
0.01 0.45 0.02 0.49
0.09 0.41 0.02 0.01
0.45 0.01 0.04 0.65
0.14 0.01 0.21 0.71
0.01 0.03 0.41 0.12
0.18 0.21 0.23 0.02
0.08 0.01 0.59 0.31
0.32 0.17 0.47 0.02
0.07 0.14 0.22 0.01
0.01 0.90 0.18 0.03
0.16 0.01 0.07 0.14
0.24 0.03 0.28 0.05
0.09 0.01 0.19 0.48
0.06 0.04 0.08 0.12
0.05 0.04 0.10 0.70
0.02 0.05 0.07 0.57
0.13 0.07 0.01 0.17
0.13 0.01 0.02 0.82
0.29 0.37 0.04 0.03
0.18 0.01 0.17 0.08
0.04 0.03 0.03 0.49
0.05 0.02 0.96 0.58
0.05 0.07 0.08 0.35
0.01 0.38 0.14 0.13
0.04 0.20 0.05 0.06
0.15 0.39 0.07 0.02
0.01 0.73 0.34 0.11
0.69 0.01 0.06 0.52
0.02 0.12 0.20 0.16
0.78 0.02 0.04 0.05
0.47 0.18 0.18 0.02
0.01 0.33 0.66 0.08
0.01 0.87 0.48 0.04
0.05 0.39 0.04 0.17
0.05 0.03 0.07 0.34
0.24 0.04 0.01 0.32
0.19 0.33 0.19 0.02
0.26 0.02 0.01 0.29
0.40 0.93 0.01 0.03
0.09 0.01 0.16 0.21
0.65 0.10 0.12 0.02
0.04 0.01 0.96 0.43
0.03 0.40 0.06 0.22
0.08 0.02 0.55 0.16
0.01 0.50 0.10 0.27
0.01 0.05 0.16 0.15
1.00 0.02 0.32 0.03
0.01 0.28 0.15 0.11
0.02 0.01 0.52 0.21
0.12 0.36 0.06 0.04
0.08 0.01 0.64 0.07
0.10 0.05 0.01 0.22
0.45 0.02 0.01 0.19
0.24 0.01 0.97 0.05
0.01 0.25 0.03 0.01
0.81 0.03 0.46 0.01
0.17 0.01 0.29 0.03
0.22 0.08 0.20 0.01
0.09 0.02 0.12 0.03
0.03 0.08 0.05 0.08
0.04 0.03 0.95 0.08
0.01 0.09 0.05 0.23
0.02 0.15 0.68 0.09
0.04 0.11 0.01 0.41
0.01 0.02 0.46 0.42
0.50 0.03 0.10 0.02
0.02 0.13 0.50 0.01
0.05 0.01 0.04 0.15
0.03 0.03 0.15 0.45
1.00 0.01 0.03 0.33
0.02 0.15 0.02 0.04
0.57 0.06 0.08 0.06
0.18 0.07 0.62 0.01
0.05 0.38 0.01 0.21
0.05 0.07 0.08 0.03
0.03 0.07 0.54 0.11
0.15 0.02 0.12 0.02
0.31 0.05 0.03 0.21
0.03 0.02 0.25 0.12
0.31 0.07 0.14 0.01
0.13 0.42 0.01 0.02
0.04 0.09 0.08 0.04
0.14 0.12 0.35 0.02
0.04 0.15 0.08 0.01
0.71 0.01 0.17 0.03
0.03 0.65 0.01 0.22
0.08 0.09 0.66 0.02
0.02 0.14 0.03 0.21
0.08 0.01 0.24 0.01
0.24 0.03 0.01 0.01
0.03 0.07 0.49 0.09
0.28 0.02 0.02 0.16
0.01 0.30 0.02 0.23
0.02 0.04 0.07 0.34
0.01 0.08 0.30 0.08
0.23 0.06 0.03 0.09
0.03 0.02 0.07 0.26
0.68 0.01 0.08 0.02
0.02 0.06 0.08 0.15
0.02 0.09 0.03 0.18
0.03 0.13 0.05 0.01
0.08 0.12 0.01 0.04
0.01 0.09 0.03 0.06
0.05 0.04 0.03 0.08
0.03 0.08 0.03 0.01
0.02 0.26 0.01 0.07
0.03 0.01 0.10 0.31
0.02 0.02 0.45 0.23
0.29 0.01 0.12 0.10
0.03 0.04 0.01 0.20
0.01 0.04 0.28 0.11
0.02 0.03 0.37 0.43
0.02 0.06 0.13 0.11
0.15 0.19 0.01 0.03
0.01 0.12 0.20 0.01
0.01 0.45 0.02 0.06
0.26 0.02 0.07 0.13
0.20 0.01 0.02 0.10
0.04 0.04 0.58 0.09
0.12 0.06 0.03 0.04
0.03 0.01 0.07 0.88
0.05 0.30 0.02 0.02
0.12 0.03 0.01 0.49
0.01 0.56 0.02 0.01
0.50 0.01 0.03 0.09
0.01 0.06 0.09 0.18
0.03 0.04 0.89 0.10
0.19 0.05 0.06 0.01
0.01 0.02 0.12 0.21
0.03 0.01 0.02 0.38
0.05 0.02 0.25 0.03
0.18 0.04 0.03 0.05
0.95 0.01 0.03 0.04
0.02 0.01 0.29 0.61
0.01 0.01 0.56 0.66
0.05 0.39 0.01 0.04
0.04 0.02 0.36 0.08
0.02 0.09 0.83 0.04
0.01 0.01 0.66 0.31
0.02 0.05 0.01 0.09
0.06 0.01 0.02 0.20
0.02 0.03 0.11 0.30
0.20 0.01 0.18 0.02
0.01 0.01 0.11 0.21
0.42 0.02 0.03 0.04
0.23 0.01 0.04 0.08
0.07 0.40 0.02 0.01
0.62 0.01 0.14 0.02
0.02 0.03 0.05 0.12
0.01 0.01 0.10 0.25
0.02 0.03 0.02 0.98
0.07 0.06 0.41 0.02
0.01 0.38 0.01 0.95
0.03 0.01 0.70 0.16
0.04 0.04 0.07 0.02
0.01 0.19 0.02 0.08
0.05 0.01 0.54 0.11
0.57 0.01 0.01 0.43
0.13 0.29 0.01 0.03
0.13 0.07 0.14 0.01
0.02 0.03 0.18 0.08
0.22 0.01 0.03 0.08
0.01 0.04 0.13 0.08
0.30 0.01 0.11 0.06
0.01 0.14 0.01 0.32
0.25 0.01 0.02 0.05
0.02 0.07 0.43 0.06
0.24 0.01 0.01 0.31
0.02 0.02 0.09 0.57
0.22 0.05 0.04 0.01
0.06 0.01 0.38 0.13
0.98 0.01 0.01 0.30
0.04 0.01 0.09 0.19
0.07 0.02 0.08 0.13
0.11 0.01 0.09 0.06
0.17 0.05 0.13 0.01
