400 4
0.27 0.64 0.80 0.89
0.74 0.65 0.41 0.30
0.46 0.14 0.65 0.45
0.50 0.58 0.50 0.06
0.07 0.32 0.80 0.07
0.39 0.19 0.29 0.53
0.32 0.14 0.12 0.02
0.19 0.58 0.17 0.62
0.03 1.00 0.26 0.50
0.08 0.04 0.35 0.41
0.43 0.17 0.03 0.09
0.21 0.67 0.32 0.25
0.63 0.09 0.61 0.11
0.04 0.06 0.24 0.31
0.35 0.21 0.11 0.74
0.34 0.02 0.09 0.01
0.77 0.02 0.01 0.14
0.10 0.05 0.52 0.33
0.19 0.02 0.80 0.23
0.60 0.39 0.01 0.53
0.25 0.47 0.03 0.43
0.03 0.06 0.11 0.14
0.50 0.31 0.01 0.90
0.02 0.06 0.14 0.02
0.01 0.42 0.34 0.44
0.07 0.82 0.09 0.44
0.13 0.68 0.08 0.47
0.08 0.02 0.26 0.71
0.01 0.11 0.51 0.09
0.05 0.01 0.30 0.43
0.18 0.47 0.09 0.04
0.09 0.07 0.02 0.05
0.42 0.01 0.20 0.17
0.01 0.13 0.42 0.75
0.16 0.02 0.36 0.41
0.01 0.05 0.01 0.45
0.67 0.81 0.01 0.41
0.04 0.56 0.41 0.01
0.29 0.80 0.01 0.03
0.21 0.03 0.24 0.65
0.30 0.05 0.46 0.21
0.13 0.48 0.01 0.21
0.32 0.04 0.24 0.46
0.29 0.01 0.02 0.11
0.31 0.51 0.06 0.01
0.11 0.52 0.01 0.32
0.11 0.01 0.06 0.23
0.04 0.91 0.06 0.05
0.42 0.01 0.14 0.10
0.12 0.04 0.15 0.22
0.01 0.09 0.39 0.18
0.06 0.15 0.02 0.17
0.21 0.03 0.03 0.01
0.07 0.90 0.12 0.06
0.08 0.26 0.09 0.04
0.46 0.01 0.12 0.09
0.21 0.02 0.35 0.14
0.03 0.03 0.51 0.39
0.02 0.71 0.13 0.06
0.06 0.99 0.03 0.10
0.05 0.38 0.07 0.04
0.19 0.04 0.04 0.12
0.16 0.43 0.44 0.01
0.01 0.15 0.34 0.07
0.09 0.01 0.15 0.39
0.07 0.02 0.75 0.32
0.04 0.44 0.04 0.17
0.10 0.09 0.05 0.01
0.71 0.27 0.01 0.11
0.46 0.01 0.80 0.04
0.28 0.82 0.01 0.20
0.01 0.29 0.16 0.20
0.03 0.38 0.05 0.14
0.07 0.81 0.01 0.37
0.08 0.23 0.03 0.02
0.18 0.06 0.03 0.44
0.39 0.02 0.05 0.02
0.11 0.02 0.14 0.13
0.28 0.38 0.01 0.31
0.10 0.07 0.01 0.34
0.01 0.08 0.34 0.18
0.02 0.04 0.21 0.02
0.06 0.38 0.28 0.01
0.44 0.36 0.01 0.19
0.01 0.12 0.15 0.34
0.18 0.19 0.01 0.24
0.49 0.39 0.01 0.10
0.19 0.92 0.04 0.01
0.11 0.80 0.01 0.29
0.02 0.53 0.01 0.06
0.16 0.24 0.01 0.08
0.01 0.25 0.28 0.28
0.06 0.03 0.10 0.29
0.04 0.47 0.08 0.05
0.01 0.14 0.10 0.07
0.07 0.05 0.12 0.06
0.03 0.02 0.99 0.78
0.06 0.01 0.18 0.15
0.43 0.16 0.01 0.07
0.47 0.19 0.02 0.02
0.01 0.75 0.43 0.03
0.19 0.01 0.41 0.10
0.04 0.29 0.30 0.01
0.07 0.01 0.49 0.12
0.75 0.02 0.01 0.77
0.04 0.29 0.01 0.11
0.24 0.24 0.01 0.06
0.01 0.36 0.35 0.06
0.27 0.01 1.00 0.06
0.04 0.31 0.12 0.05
0.01 0.29 0.14 0.03
0.01 0.14 0.40 0.01
0.81 0.25 0.02 0.01
0.33 0.01 0.30 0.08
0.28 0.02 0.61 0.08
0.06 0.10 0.13 0.11
0.08 0.24 0.01 0.18
0.17 0.03 0.09 0.10
0.99 0.01 0.95 0.01
0.08 0.05 0.72 0.01
0.27 0.02 0.11 0.21
0.18 0.06 0.12 0.05
0.08 0.52 0.16 0.01
0.18 0.02 0.59 0.09
0.06 0.03 0.03 0.33
0.37 0.18 0.01 0.18
0.06 0.06 0.13 0.10
0.03 0.27 0.09 0.07
0.02 0.02 0.56 0.71
0.17 0.36 0.02 0.04
0.06 0.16 0.08 0.08
0.02 0.29 0.03 0.01
0.14 0.02 0.39 0.03
0.06 0.07 0.03 0.03
0.06 0.12 0.10 0.01
0.12 0.02 0.01 0.09
0.04 0.03 0.21 0.48
0.01 0.08 0.26 0.35
0.01 0.06 0.30 0.40
0.02 0.01 0.07 0.29
0.02 0.15 0.01 0.03
0.05 0.04 0.12 0.10
0.32 0.01 0.17 0.03
0.01 0.28 0.33 0.06
0.01 0.08 0.31 0.28
0.08 0.05 0.05 0.21
0.10 0.03 0.17 0.02
0.16 0.01 0.26 0.01
0.01 0.70 0.06 0.30
0.01 0.07 0.69 0.16
0.47 0.79 0.01 0.02
0.06 0.08 0.96 0.01
0.03 0.03 0.37 0.10
0.01 0.93 0.05 0.23
0.01 0.04 0.09 0.84
0.01 0.13 0.20 0.07
0.01 0.08 0.71 0.11
0.09 0.13 0.01 0.39
0.10 0.01 0.28 0.05
0.04 0.10 0.05 0.18
0.01 0.24 0.06 0.29
0.18 0.42 0.01 0.01
0.01 0.01 0.21 0.76
0.03 0.03 0.45 0.07
0.01 0.19 0.18 0.05
0.07 0.04 0.20 0.03
0.09 0.02 0.18 0.13
0.01 0.03 0.27 0.40
0.01 0.04 0.02 0.60
0.01 0.22 0.25 0.01
0.01 0.07 0.39 0.14
0.09 0.01 0.36 0.03
0.04 0.06 0.04 0.17
0.02 0.03 0.35 0.02
0.01 0.10 0.22 0.13
0.02 0.13 0.03 0.30
0.01 0.09 0.23 0.34
0.49 0.02 0.04 0.07
0.01 0.65 0.03 0.23
0.01 0.01 0.35 0.19
0.17 0.07 0.11 0.02
0.01 0.43 0.07 0.27
0.48 0.02 0.03 0.04
0.14 0.04 0.22 0.01
0.80 0.01 0.14 0.02
0.08 0.06 0.02 0.36
0.01 0.59 0.01 0.19
0.22 0.01 0.17 0.06
0.23 0.03 0.01 0.02
0.06 0.02 0.20 0.12
0.21 0.01 0.06 0.17
0.13 0.02 0.49 0.01
0.01 0.34 0.12 0.04
0.09 0.03 0.12 0.11
0.08 0.03 0.09 0.05
0.08 0.02 0.03 0.59
0.01 0.08 0.15 0.32
0.01 0.39 0.01 0.21
0.04 0.01 0.88 0.01
0.03 0.08 0.04 0.04
0.04 0.25 0.10 0.01
0.02 0.14 0.03 0.25
0.34 0.01 0.01 0.44
0.01 0.04 0.53 0.09
0.06 0.07 0.02 0.29
0.01 0.03 0.19 0.04
0.15 0.65 0.01 0.02
0.14 0.06 0.02 0.06
0.01 0.02 0.55 0.10
0.01 0.47 0.08 0.18
0.06 0.02 0.31 0.02
0.74 0.01 0.03 0.07
0.02 0.08 0.32 0.01
0.02 0.09 0.11 0.01
0.04 0.05 0.18 0.11
0.16 0.03 0.07 0.03
0.59 0.01 0.25 0.02
0.02 0.04 0.06 0.06
0.02 0.05 0.11 0.02
0.02 0.05 0.03 0.30
0.01 0.98 0.05 0.11
0.05 0.03 0.04 0.60
0.59 0.01 0.03 0.09
0.10 0.02 0.30 0.02
0.61 0.01 0.04 0.08
0.05 0.10 0.02 0.01
0.61 0.08 0.01 0.01
0.04 0.05 0.72 0.01
0.67 0.02 0.06 0.01
0.01 0.97 0.01 0.09
0.45 0.01 0.12 0.03
0.06 0.09 0.01 0.08
0.24 0.01 0.09 0.05
0.01 0.59 0.02 0.06
0.15 0.01 0.16 0.17
0.05 0.02 0.17 0.25
0.88 0.01 0.01 0.12
0.07 0.01 0.75 0.04
0.15 0.01 0.16 0.06
0.08 0.02 0.06 0.02
0.01 0.03 0.16 0.55
0.10 0.05 0.02 0.21
0.32 0.04 0.01 0.01
0.17 0.01 0.03 0.64
0.14 0.01 0.31 0.04
0.01 0.04 0.17 0.28
0.07 0.03 0.13 0.04
0.05 0.03 0.06 0.39
0.04 0.07 0.51 0.01
0.17 0.01 0.02 0.44
0.02 0.12 0.05 0.05
0.02 0.01 0.57 0.02
0.88 0.01 0.13 0.02
0.06 0.01 0.06 0.11
0.35 0.01 0.01 0.04
0.09 0.03 0.05 0.21
0.01 0.01 0.11 0.52
0.05 0.02 0.02 0.59
0.05 0.02 0.56 0.09
0.09 0.01 0.27 0.10
0.01 0.14 0.05 0.29
0.01 0.65 0.05 0.02
0.01 0.11 0.11 0.20
0.01 0.42 0.05 0.12
0.21 0.01 0.03 0.20
0.04 0.02 0.37 0.04
0.01 0.02 0.33 0.04
0.25 0.01 0.01 0.72
0.02 0.01 0.02 0.64
0.04 0.02 0.31 0.04
0.03 0.03 0.05 0.63
0.07 0.06 0.65 0.01
0.16 0.07 0.18 0.01
0.03 0.02 0.10 0.06
0.01 0.09 0.06 0.24
0.05 0.13 0.01 0.13
0.02 0.02 0.13 0.24
0.01 0.45 0.06 0.07
0.04 0.25 0.02 0.01
0.27 0.01 0.01 0.58
0.01 0.42 0.06 0.04
0.01 0.03 0.12 0.51
0.01 0.74 0.03 0.01
0.04 0.01 0.09 0.12
0.06 0.07 0.18 0.01
0.44 0.01 0.19 0.01
0.10 0.01 0.01 0.01
0.09 0.03 0.01 0.77
0.01 0.05 0.91 0.01
0.06 0.02 0.63 0.01
0.02 0.07 0.03 0.13
0.01 0.07 0.07 0.03
0.01 0.17 0.02 0.08
0.01 0.57 0.01 0.08
0.01 0.38 0.04 0.02
0.03 0.01 0.01 0.71
0.01 0.01 0.56 0.07
0.01 0.12 0.11 0.01
0.09 0.81 0.01 0.02
0.01 0.05 0.13 0.25
0.07 0.03 0.06 0.07
0.04 0.11 0.02 0.34
0.02 0.01 0.01 0.20
0.03 0.09 0.01 0.19
0.01 0.05 0.12 0.05
0.06 0.01 0.26 0.04
0.06 0.01 0.76 0.01
0.03 0.29 0.02 0.02
0.03 0.01 0.85 0.01
0.01 0.02 0.95 0.02
0.02 0.06 0.03 0.12
0.01 0.49 0.01 0.12
0.02 0.11 0.02 0.05
0.04 0.02 0.06 0.19
0.02 0.03 0.07 0.12
0.07 0.03 0.05 0.04
0.02 0.02 0.30 0.08
0.01 0.02 0.23 0.30
0.01 0.04 0.16 0.18
0.01 0.02 0.54 0.01
0.01 0.14 0.04 0.19
0.01 0.19 0.09 0.02
0.07 0.01 0.46 0.01
0.02 0.05 0.41 0.01
0.01 0.04 0.08 0.28
0.02 0.02 0.20 0.13
0.02 0.01 0.25 0.06
0.09 0.06 0.04 0.06
0.01 0.83 0.01 0.05
0.06 0.04 0.02 0.16
0.01 0.07 0.05 0.03
0.03 0.04 0.18 0.05
0.01 0.06 0.02 0.13
0.06 0.02 0.08 0.07
0.01 0.75 0.02 0.01
0.03 0.51 0.01 0.02
0.07 0.06 0.14 0.01
0.01 0.09 0.03 0.11
0.03 0.03 0.07 0.07
0.01 0.65 0.04 0.01
0.05 0.03 0.18 0.05
0.01 0.35 0.01 0.06
0.02 0.12 0.01 0.12
0.01 0.11 0.31 0.01
0.01 0.02 0.04 0.90
0.01 0.10 0.47 0.01
0.03 0.01 0.81 0.01
0.02 0.02 0.04 0.17
0.07 0.67 0.01 0.01
0.08 0.01 0.01 0.05
0.05 0.02 0.07 0.10
0.01 0.04 0.03 0.56
0.01 0.12 0.01 0.12
0.01 0.02 0.21 0.34
0.05 0.02 0.31 0.03
0.01 0.86 0.01 0.04
0.08 0.01 0.05 0.03
0.05 0.07 0.04 0.10
0.08 0.01 0.19 0.01
0.01 0.01 0.09 0.36
0.01 0.06 0.01 0.32
0.01 0.02 0.04 0.44
0.01 0.56 0.10 0.01
0.01 0.68 0.02 0.02
0.02 0.83 0.01 0.02
0.04 0.08 0.09 0.02
0.06 0.01 0.19 0.05
0.01 0.01 0.55 0.13
0.01 0.31 0.01 0.03
0.02 0.04 0.05 0.13
0.05 0.01 0.07 0.08
0.01 0.01 0.06 0.21
0.01 0.81 0.01 0.01
0.03 0.11 0.06 0.02
0.04 0.04 0.32 0.01
0.01 0.08 0.32 0.02
0.01 0.01 0.52 0.18
0.01 0.01 0.99 0.01
0.05 0.08 0.02 0.07
0.02 0.06 0.05 0.04
0.03 0.11 0.04 0.03
0.03 0.06 0.07 0.03
0.05 0.01 0.53 0.05
0.07 0.01 0.18 0.04
0.02 0.03 0.15 0.05
0.01 0.01 0.73 0.02
0.05 0.04 0.04 0.02
0.01 0.62 0.03 0.01
0.06 0.01 0.20 0.01
0.03 0.20 0.02 0.01
0.06 0.50 0.01 0.02
0.01 0.01 0.03 0.96
0.04 0.01 0.03 0.17
0.08 0.04 0.09 0.01
0.01 0.02 0.24 0.09
0.01 0.03 0.03 0.57
0.03 0.13 0.10 0.01
0.06 0.49 0.01 0.01
0.07 0.03 0.04 0.05
0.02 0.13 0.03 0.01
