400 4
27 64 80 89
74 65 41 30
46 14 65 45
50 58 50 6
7 32 80 7
39 19 29 53
32 14 12 2
19 58 17 62
3 100 26 50
8 4 35 41
43 17 3 9
21 67 32 25
63 9 61 11
4 6 24 31
35 21 11 74
34 2 9 1
77 2 1 14
10 5 52 33
19 2 80 23
60 39 1 53
25 47 3 43
3 6 11 14
50 31 1 90
2 6 14 2
1 42 34 44
7 82 9 44
13 68 8 47
8 2 26 71
1 11 51 9
5 1 30 43
18 47 9 4
9 7 2 5
42 1 20 17
1 13 42 75
16 2 36 41
1 5 1 45
67 81 1 41
4 56 41 1
29 80 1 3
21 3 24 65
30 5 46 21
13 48 1 21
32 4 24 46
29 1 2 11
31 51 6 1
11 52 1 32
11 1 6 23
4 91 6 5
42 1 14 10
12 4 15 22
1 9 39 18
6 15 2 17
21 3 3 1
7 90 12 6
8 26 9 4
46 1 12 9
21 2 35 14
3 3 51 39
2 71 13 6
6 99 3 10
5 38 7 4
19 4 4 12
16 43 44 1
1 15 34 7
9 1 15 39
7 2 75 32
4 44 4 17
10 9 5 1
71 27 1 11
46 1 80 4
28 82 1 20
1 29 16 20
3 38 5 14
7 81 1 37
8 23 3 2
18 6 3 44
39 2 5 2
11 2 14 13
28 38 1 31
10 7 1 34
1 8 34 18
2 4 21 2
6 38 28 1
44 36 1 19
1 12 15 34
18 19 1 24
49 39 1 10
19 92 4 1
11 80 1 29
2 53 1 6
16 24 1 8
1 25 28 28
6 3 10 29
4 47 8 5
1 14 10 7
7 5 12 6
3 2 99 78
6 1 18 15
43 16 1 7
47 19 2 2
1 75 43 3
19 1 41 10
4 29 30 1
7 1 49 12
75 2 1 77
4 29 1 11
24 24 1 6
1 36 35 6
27 1 100 6
4 31 12 5
1 29 14 3
1 14 40 1
81 25 2 1
33 1 30 8
28 2 61 8
6 10 13 11
8 24 1 18
17 3 9 10
99 1 95 1
8 5 72 1
27 2 11 21
18 6 12 5
8 52 16 1
18 2 59 9
6 3 3 33
37 18 1 18
6 6 13 10
3 27 9 7
2 2 56 71
17 36 2 4
6 16 8 8
2 29 3 1
14 2 39 3
6 7 3 3
6 12 10 1
12 2 1 9
4 3 21 48
1 8 26 35
1 6 30 40
2 1 7 29
2 15 1 3
5 4 12 10
32 1 17 3
1 28 33 6
1 8 31 28
8 5 5 21
10 3 17 2
16 1 26 1
1 70 6 30
1 7 69 16
47 79 1 2
6 8 96 1
3 3 37 10
1 93 5 23
1 4 9 84
1 13 20 7
1 8 71 11
9 13 1 39
10 1 28 5
4 10 5 18
1 24 6 29
18 42 1 1
1 1 21 76
3 3 45 7
1 19 18 5
7 4 20 3
9 2 18 13
1 3 27 40
1 4 2 60
1 22 25 1
1 7 39 14
9 1 36 3
4 6 4 17
2 3 35 2
1 10 22 13
2 13 3 30
1 9 23 34
49 2 4 7
1 65 3 23
1 1 35 19
17 7 11 2
1 43 7 27
48 2 3 4
14 4 22 1
80 1 14 2
8 6 2 36
1 59 1 19
22 1 17 6
23 3 1 2
6 2 20 12
21 1 6 17
13 2 49 1
1 34 12 4
9 3 12 11
8 3 9 5
8 2 3 59
1 8 15 32
1 39 1 21
4 1 88 1
3 8 4 4
4 25 10 1
2 14 3 25
34 1 1 44
1 4 53 9
6 7 2 29
1 3 19 4
15 65 1 2
14 6 2 6
1 2 55 10
1 47 8 18
6 2 31 2
74 1 3 7
2 8 32 1
2 9 11 1
4 5 18 11
16 3 7 3
59 1 25 2
2 4 6 6
2 5 11 2
2 5 3 30
1 98 5 11
5 3 4 60
59 1 3 9
10 2 30 2
61 1 4 8
5 10 2 1
61 8 1 1
4 5 72 1
67 2 6 1
1 97 1 9
45 1 12 3
6 9 1 8
24 1 9 5
1 59 2 6
15 1 16 17
5 2 17 25
88 1 1 12
7 1 75 4
15 1 16 6
8 2 6 2
1 3 16 55
10 5 2 21
32 4 1 1
17 1 3 64
14 1 31 4
1 4 17 28
7 3 13 4
5 3 6 39
4 7 51 1
17 1 2 44
2 12 5 5
2 1 57 2
88 1 13 2
6 1 6 11
35 1 1 4
9 3 5 21
1 1 11 52
5 2 2 59
5 2 56 9
9 1 27 10
1 14 5 29
1 65 5 2
1 11 11 20
1 42 5 12
21 1 3 20
4 2 37 4
1 2 33 4
25 1 1 72
2 1 2 64
4 2 31 4
3 3 5 63
7 6 65 1
16 7 18 1
3 2 10 6
1 9 6 24
5 13 1 13
2 2 13 24
1 45 6 7
4 25 2 1
27 1 1 58
1 42 6 4
1 3 12 51
1 74 3 1
4 1 9 12
6 7 18 1
44 1 19 1
10 1 1 1
9 3 1 77
1 5 91 1
6 2 63 1
2 7 3 13
1 7 7 3
1 17 2 8
1 57 1 8
1 38 4 2
3 1 1 71
1 1 56 7
1 12 11 1
9 81 1 2
1 5 13 25
7 3 6 7
4 11 2 34
2 1 1 20
3 9 1 19
1 5 12 5
6 1 26 4
6 1 76 1
3 29 2 2
3 1 85 1
1 2 95 2
2 6 3 12
1 49 1 12
2 11 2 5
4 2 6 19
2 3 7 12
7 3 5 4
2 2 30 8
1 2 23 30
1 4 16 18
1 2 54 1
1 14 4 19
1 19 9 2
7 1 46 1
2 5 41 1
1 4 8 28
2 2 20 13
2 1 25 6
9 6 4 6
1 83 1 5
6 4 2 16
1 7 5 3
3 4 18 5
1 6 2 13
6 2 8 7
1 75 2 1
3 51 1 2
7 6 14 1
1 9 3 11
3 3 7 7
1 65 4 1
5 3 18 5
1 35 1 6
2 12 1 12
1 11 31 1
1 2 4 90
1 10 47 1
3 1 81 1
2 2 4 17
7 67 1 1
8 1 1 5
5 2 7 10
1 4 3 56
1 12 1 12
1 2 21 34
5 2 31 3
1 86 1 4
8 1 5 3
5 7 4 10
8 1 19 1
1 1 9 36
1 6 1 32
1 2 4 44
1 56 10 1
1 68 2 2
2 83 1 2
4 8 9 2
6 1 19 5
1 1 55 13
1 31 1 3
2 4 5 13
5 1 7 8
1 1 6 21
1 81 1 1
3 11 6 2
4 4 32 1
1 8 32 2
1 1 52 18
1 1 99 1
5 8 2 7
2 6 5 4
3 11 4 3
3 6 7 3
5 1 53 5
7 1 18 4
2 3 15 5
1 1 73 2
5 4 4 2
1 62 3 1
6 1 20 1
3 20 2 1
6 50 1 2
1 1 3 96
4 1 3 17
8 4 9 1
1 2 24 9
1 3 3 57
3 13 10 1
6 49 1 1
7 3 4 5
2 13 3 1
