400 4
0.95 0.35 0.53 0.64
0.70 0.66 0.71 0.93
0.34 0.04 0.48 0.31
0.32 0.47 0.98 0.53
0.05 0.83 0.07 0.24
0.20 0.12 0.80 0.38
0.50 0.20 0.29 0.77
0.82 0.73 0.50 0.30
0.78 0.35 0.43 0.13
0.03 0.30 0.91 0.51
0.59 0.73 0.36 0.15
0.11 0.20 0.10 0.49
0.27 0.97 0.05 0.03
0.29 0.09 0.54 0.54
0.40 0.05 0.19 0.23
0.18 0.62 0.89 0.16
0.28 0.16 0.16 0.75
0.06 0.22 0.79 0.84
0.21 0.30 0.14 0.02
0.23 0.15 0.13 0.09
0.07 0.02 0.08 0.90
0.46 0.01 0.08 0.15
0.06 0.52 0.69 0.22
0.41 0.34 0.05 0.12
0.08 0.45 0.36 0.13
0.05 0.21 0.23 0.34
0.38 0.33 0.07 0.14
0.04 0.26 0.49 0.49
0.09 0.61 0.81 0.05
0.02 0.40 0.78 0.61
0.03 0.41 0.52 0.50
0.10 0.24 0.09 0.16
0.13 0.15 0.05 0.17
0.25 0.09 0.86 0.74
0.04 0.98 0.50 0.38
0.01 0.24 0.21 0.45
0.44 0.03 0.30 0.26
0.23 0.03 0.06 0.17
0.09 0.14 0.55 0.06
0.55 0.78 0.01 0.73
0.53 0.05 0.02 0.40
0.07 0.15 0.63 0.47
0.07 0.03 0.12 0.20
0.67 0.26 0.21 0.08
0.09 0.92 0.26 0.17
0.38 0.63 0.02 0.75
0.07 0.73 0.99 0.05
0.48 0.20 0.49 0.07
0.11 0.32 0.02 0.27
0.13 0.14 0.20 0.19
0.03 0.05 0.94 0.16
0.02 0.14 0.59 0.33
0.27 0.50 0.54 0.01
0.30 0.13 0.05 0.25
0.06 0.72 0.15 0.17
0.02 0.08 0.73 0.30
0.06 0.35 0.34 0.13
0.06 0.02 0.36 0.96
0.08 0.44 0.71 0.01
0.03 0.18 0.49 0.10
0.20 0.08 0.06 0.92
0.29 0.37 0.01 0.95
0.67 0.01 0.47 0.14
0.22 0.29 0.72 0.03
0.14 0.29 0.20 0.12
0.03 0.45 0.41 0.29
0.44 0.01 0.11 0.79
0.34 0.01 0.36 0.05
0.04 0.41 0.42 0.36
0.02 0.28 0.97 0.06
0.59 0.09 0.01 0.66
0.02 0.44 0.30 0.35
0.01 0.02 0.39 0.59
0.40 0.09 0.15 0.02
0.09 0.10 0.19 0.07
0.01 0.37 0.52 0.37
0.50 0.61 0.04 0.20
0.27 0.83 0.01 0.07
0.45 0.07 0.03 0.59
0.03 0.02 0.48 0.09
0.34 0.43 0.03 0.11
0.86 0.10 0.07 0.14
0.02 0.96 0.06 0.27
0.49 0.23 0.10 0.02
0.02 0.10 0.82 0.07
0.27 0.39 0.12 0.12
0.20 0.13 0.08 0.76
0.06 0.13 0.02 0.33
0.04 0.02 0.15 0.53
0.04 0.61 0.16 0.18
0.15 0.24 0.17 0.15
0.15 0.41 0.28 0.01
0.01 0.20 0.28 0.48
0.37 0.08 0.15 0.06
0.09 0.09 0.09 0.49
0.51 0.32 0.04 0.14
0.03 0.05 0.28 0.47
0.26 0.01 0.21 0.01
0.30 0.46 0.01 0.32
0.52 0.22 0.12 0.08
0.40 0.26 0.03 0.21
0.40 0.17 0.01 0.39
0.01 0.14 0.88 0.09
0.02 0.48 0.40 0.05
0.04 0.07 0.38 0.20
0.66 0.29 0.08 0.06
0.83 0.23 0.04 0.24
0.02 0.05 0.06 0.32
0.03 0.29 0.10 0.19
0.34 0.31 0.01 0.53
0.12 0.13 0.73 0.02
0.08 0.10 0.47 0.11
0.06 0.22 0.11 0.31
0.23 0.41 0.14 0.01
0.09 0.01 0.36 0.55
0.95 0.14 0.17 0.01
0.61 0.10 0.02 0.10
0.02 0.06 0.83 0.30
0.01 0.36 0.16 0.74
0.10 0.26 0.01 0.02
0.37 0.01 0.15 0.04
0.13 0.08 0.03 0.52
0.90 0.12 0.01 0.45
0.01 0.34 0.07 0.10
0.02 0.73 0.92 0.03
0.68 0.15 0.01 0.20
0.49 0.11 0.03 0.35
0.49 0.10 0.14 0.06
0.06 0.12 0.43 0.19
0.08 0.44 0.44 0.05
0.02 0.01 0.77 0.15
0.04 0.12 0.37 0.25
0.50 0.48 0.11 0.01
0.09 0.09 0.38 0.06
0.06 0.50 0.36 0.05
0.06 0.14 0.47 0.16
0.10 0.29 0.01 0.01
0.07 0.46 0.05 0.01
0.06 0.07 0.20 0.31
0.09 0.01 0.73 0.13
0.20 0.02 0.16 0.11
0.04 0.11 0.19 0.01
0.43 0.07 0.11 0.01
0.17 0.25 0.10 0.11
0.01 0.84 0.09 0.08
0.05 0.45 0.14 0.01
0.94 0.07 0.05 0.12
0.26 0.01 0.18 0.63
0.08 0.10 0.30 0.04
1.00 0.02 0.05 0.88
0.30 0.02 0.11 0.61
0.43 0.02 0.05 0.17
0.01 0.22 0.65 0.12
0.44 0.06 0.02 0.26
0.01 0.14 0.22 0.09
0.12 0.21 0.16 0.05
0.20 0.01 0.53 0.04
0.03 0.31 0.14 0.03
0.08 0.01 0.57 0.62
0.97 0.09 0.09 0.09
0.04 0.10 0.25 0.29
0.04 0.14 0.12 0.21
0.43 0.08 0.10 0.13
0.64 0.03 0.05 0.08
0.35 0.03 0.04 0.40
0.01 0.01 0.36 0.97
0.16 0.02 0.40 0.12
0.45 0.05 0.03 0.72
0.08 0.03 0.11 0.85
0.17 0.18 0.03 0.30
0.19 0.06 0.02 0.19
0.01 0.09 0.39 0.20
0.01 0.04 0.31 0.20
0.10 0.17 0.17 0.07
0.19 0.11 0.07 0.14
0.10 0.23 0.02 0.24
0.18 0.14 0.09 0.08
0.05 0.08 0.48 0.05
0.12 0.22 0.14 0.19
0.14 0.04 0.37 0.11
0.41 0.02 0.08 0.70
0.02 0.20 0.15 0.19
0.06 0.09 0.02 0.89
0.16 0.01 0.26 0.85
0.11 0.01 0.70 0.11
0.06 0.01 0.44 0.44
0.24 0.01 0.34 0.09
0.59 0.12 0.01 0.47
0.06 0.02 0.34 0.19
0.42 0.05 0.13 0.14
0.31 0.08 0.01 0.11
0.07 0.01 0.25 0.45
0.01 0.05 0.27 0.56
0.01 0.27 0.14 0.80
0.25 0.01 0.20 0.42
0.08 0.11 0.17 0.13
0.02 0.09 0.35 0.06
0.01 0.21 0.17 0.27
0.17 0.09 0.15 0.12
0.05 0.28 0.03 0.14
0.14 0.15 0.04 0.15
0.02 0.33 0.23 0.04
0.20 0.11 0.10 0.04
0.23 0.08 0.24 0.04
0.22 0.13 0.18 0.02
0.29 0.16 0.01 0.38
0.10 0.19 0.01 0.46
0.14 0.04 0.16 0.08
0.02 0.93 0.04 0.84
0.56 0.02 0.19 0.03
0.18 0.02 0.14 0.13
0.70 0.14 0.07 0.03
0.34 0.05 0.02 0.06
0.32 0.20 0.05 0.05
0.21 0.14 0.05 0.01
0.14 0.05 0.09 0.04
0.03 0.48 0.10 0.07
0.03 0.04 0.56 0.04
0.12 0.06 0.35 0.04
0.01 0.21 0.30 0.01
0.78 0.15 0.04 0.02
0.03 0.08 0.22 0.13
0.30 0.10 0.07 0.06
0.04 0.16 0.09 0.30
0.05 0.26 0.04 0.01
0.01 0.45 0.24 0.06
0.15 0.12 0.02 0.40
0.17 0.14 0.11 0.02
0.03 0.22 0.03 0.60
0.16 0.10 0.42 0.02
0.01 0.29 0.17 0.12
0.17 0.05 0.01 0.74
0.01 0.06 0.33 0.17
0.03 0.01 0.12 0.15
0.02 0.10 0.12 0.27
0.40 0.02 0.05 0.12
0.20 0.02 0.01 0.69
0.02 0.12 0.11 0.20
0.35 0.13 0.08 0.02
0.01 0.01 0.30 0.38
0.03 0.06 0.42 0.11
0.98 0.23 0.03 0.03
0.02 0.88 0.07 0.05
0.21 0.01 0.04 0.89
0.29 0.04 0.04 0.44
0.40 0.08 0.09 0.03
0.03 0.02 0.05 0.04
0.02 0.04 0.24 0.23
0.07 0.15 0.10 0.03
0.01 0.05 0.05 0.08
0.01 0.35 0.02 0.41
0.04 0.35 0.01 0.27
0.32 0.15 0.03 0.10
0.13 0.10 0.11 0.03
0.54 0.01 0.04 0.14
0.99 0.04 0.01 0.49
0.43 0.13 0.07 0.01
0.36 0.02 0.03 0.22
0.36 0.01 0.05 0.45
0.20 0.14 0.01 0.62
0.09 0.23 0.01 0.66
0.09 0.06 0.03 0.46
0.77 0.07 0.01 0.14
0.03 0.07 0.02 0.31
0.05 0.71 0.02 0.04
0.23 0.01 0.52 0.11
0.68 0.14 0.02 0.03
0.02 0.21 0.02 0.25
0.02 0.39 0.20 0.07
0.38 0.16 0.04 0.03
0.06 0.27 0.01 0.27
0.08 0.06 0.15 0.03
0.01 0.04 0.25 0.20
0.02 0.10 0.17 0.03
0.26 0.05 0.02 0.40
0.77 0.10 0.01 0.05
0.03 0.18 0.02 0.07
0.63 0.24 0.01 0.07
0.48 0.10 0.07 0.01
0.36 0.25 0.02 0.04
0.01 0.09 0.30 0.06
0.06 0.01 0.30 0.05
0.08 0.80 0.03 0.01
0.03 0.01 0.43 0.09
0.03 0.52 0.13 0.02
0.06 0.03 0.04 0.23
0.15 0.06 0.01 0.40
0.31 0.06 0.01 0.21
0.35 0.01 0.17 0.10
0.02 0.02 0.34 0.05
0.18 0.13 0.01 0.37
0.72 0.02 0.03 0.01
0.43 0.05 0.01 0.39
0.74 0.02 0.02 0.68
0.04 0.09 0.01 0.83
0.01 0.37 0.16 0.04
0.02 0.04 0.14 0.14
0.07 0.60 0.01 0.06
0.04 0.01 0.43 0.06
0.04 0.32 0.01 0.39
0.11 0.02 0.13 0.02
0.12 0.03 0.38 0.01
0.24 0.25 0.01 0.11
0.50 0.04 0.18 0.01
0.20 0.05 0.07 0.02
0.22 0.01 0.07 0.17
0.19 0.09 0.09 0.03
0.11 0.01 0.11 0.64
0.08 0.15 0.01 0.43
0.22 0.10 0.04 0.07
0.41 0.02 0.04 0.11
0.09 0.25 0.03 0.03
0.25 0.03 0.04 0.06
0.07 0.20 0.16 0.02
0.52 0.03 0.05 0.03
0.02 0.49 0.01 0.37
0.31 0.02 0.01 0.41
0.06 0.21 0.01 0.40
0.28 0.03 0.02 0.04
0.09 0.17 0.10 0.02
0.01 0.42 0.03 0.34
0.06 0.02 0.04 0.71
0.07 0.09 0.07 0.01
0.20 0.01 0.20 0.05
0.01 0.42 0.27 0.02
0.45 0.01 0.05 0.19
0.16 0.18 0.01 0.35
0.30 0.01 0.05 0.80
0.47 0.18 0.01 0.04
0.98 0.19 0.01 0.02
0.02 0.04 0.06 0.36
0.05 0.01 0.08 0.48
0.67 0.01 0.02 0.18
0.01 0.09 0.20 0.05
0.12 0.17 0.04 0.21
0.11 0.01 0.44 0.03
0.15 0.13 0.02 0.21
0.14 0.04 0.02 0.88
0.03 0.20 0.88 0.01
0.25 0.11 0.01 0.13
0.83 0.03 0.01 0.30
0.02 0.17 0.03 0.67
0.01 0.90 0.01 0.02
0.25 0.05 0.03 0.09
0.02 0.02 0.17 0.05
0.03 0.63 0.01 0.10
0.10 0.08 0.16 0.01
0.49 0.01 0.01 0.48
0.14 0.02 0.39 0.01
0.50 0.01 0.09 0.13
0.01 0.40 0.01 0.18
0.07 0.01 0.04 0.34
0.21 0.02 0.01 0.16
0.14 0.05 0.01 0.28
0.08 0.01 0.04 0.16
0.07 0.38 0.01 0.10
0.10 0.12 0.02 0.12
0.11 0.07 0.66 0.01
0.04 0.02 0.43 0.02
0.05 0.03 0.01 0.15
0.29 0.01 0.02 1.00
0.40 0.12 0.06 0.03
0.01 0.36 0.01 0.42
0.15 0.01 0.13 0.13
0.25 0.01 0.01 0.73
0.01 0.27 0.01 0.67
0.05 0.01 0.38 0.02
0.27 0.07 0.02 0.06
0.08 0.24 0.04 0.06
0.03 0.14 0.44 0.01
0.18 0.23 0.01 0.14
0.01 0.34 0.01 0.42
0.01 0.33 0.17 0.03
0.04 0.07 0.01 0.08
0.19 0.01 0.18 0.06
0.03 0.22 0.05 0.03
0.40 0.01 0.02 0.22
0.31 0.06 0.16 0.01
0.02 0.05 0.45 0.01
0.03 0.03 0.36 0.01
0.18 0.21 0.03 0.03
0.57 0.04 0.02 0.02
0.04 0.03 0.04 0.87
0.02 0.14 0.03 0.41
0.01 0.42 0.09 0.01
0.19 0.01 0.09 0.04
0.01 0.03 0.05 0.99
0.14 0.01 0.02 0.43
0.04 0.02 0.04 0.26
0.06 0.02 0.01 0.41
0.06 0.24 0.01 0.04
0.06 1.00 0.03 0.01
0.12 0.01 0.02 0.28
0.03 0.03 0.21 0.01
0.05 0.22 0.02 0.06
0.01 0.31 0.04 0.61
0.03 0.01 0.15 0.03
0.79 0.01 0.13 0.02
0.01 0.01 0.07 0.23
0.04 0.63 0.03 0.04
