400 4
95 35 53 64
70 66 71 93
34 4 48 31
32 47 98 53
5 83 7 24
20 12 80 38
50 20 29 77
82 73 50 30
78 35 43 13
3 30 91 51
59 73 36 15
11 20 10 49
27 97 5 3
29 9 54 54
40 5 19 23
18 62 89 16
28 16 16 75
6 22 79 84
21 30 14 2
23 15 13 9
7 2 8 90
46 1 8 15
6 52 69 22
41 34 5 12
8 45 36 13
5 21 23 34
38 33 7 14
4 26 49 49
9 61 81 5
2 40 78 61
3 41 52 50
10 24 9 16
13 15 5 17
25 9 86 74
4 98 50 38
1 24 21 45
44 3 30 26
23 3 6 17
9 14 55 6
55 78 1 73
53 5 2 40
7 15 63 47
7 3 12 20
67 26 21 8
9 92 26 17
38 63 2 75
7 73 99 5
48 20 49 7
11 32 2 27
13 14 20 19
3 5 94 16
2 14 59 33
27 50 54 1
30 13 5 25
6 72 15 17
2 8 73 30
6 35 34 13
6 2 36 96
8 44 71 1
3 18 49 10
20 8 6 92
29 37 1 95
67 1 47 14
22 29 72 3
14 29 20 12
3 45 41 29
44 1 11 79
34 1 36 5
4 41 42 36
2 28 97 6
59 9 1 66
2 44 30 35
1 2 39 59
40 9 15 2
9 10 19 7
1 37 52 37
50 61 4 20
27 83 1 7
45 7 3 59
3 2 48 9
34 43 3 11
86 10 7 14
2 96 6 27
49 23 10 2
2 10 82 7
27 39 12 12
20 13 8 76
6 13 2 33
4 2 15 53
4 61 16 18
15 24 17 15
15 41 28 1
1 20 28 48
37 8 15 6
9 9 9 49
51 32 4 14
3 5 28 47
26 1 21 1
30 46 1 32
52 22 12 8
40 26 3 21
40 17 1 39
1 14 88 9
2 48 40 5
4 7 38 20
66 29 8 6
83 23 4 24
2 5 6 32
3 29 10 19
34 31 1 53
12 13 73 2
8 10 47 11
6 22 11 31
23 41 14 1
9 1 36 55
95 14 17 1
61 10 2 10
2 6 83 30
1 36 16 74
10 26 1 2
37 1 15 4
13 8 3 52
90 12 1 45
1 34 7 10
2 73 92 3
68 15 1 20
49 11 3 35
49 10 14 6
6 12 43 19
8 44 44 5
2 1 77 15
4 12 37 25
50 48 11 1
9 9 38 6
6 50 36 5
6 14 47 16
10 29 1 1
7 46 5 1
6 7 20 31
9 1 73 13
20 2 16 11
4 11 19 1
43 7 11 1
17 25 10 11
1 84 9 8
5 45 14 1
94 7 5 12
26 1 18 63
8 10 30 4
100 2 5 88
30 2 11 61
43 2 5 17
1 22 65 12
44 6 2 26
1 14 22 9
12 21 16 5
20 1 53 4
3 31 14 3
8 1 57 62
97 9 9 9
4 10 25 29
4 14 12 21
43 8 10 13
64 3 5 8
35 3 4 40
1 1 36 97
16 2 40 12
45 5 3 72
8 3 11 85
17 18 3 30
19 6 2 19
1 9 39 20
1 4 31 20
10 17 17 7
19 11 7 14
10 23 2 24
18 14 9 8
5 8 48 5
12 22 14 19
14 4 37 11
41 2 8 70
2 20 15 19
6 9 2 89
16 1 26 85
11 1 70 11
6 1 44 44
24 1 34 9
59 12 1 47
6 2 34 19
42 5 13 14
31 8 1 11
7 1 25 45
1 5 27 56
1 27 14 80
25 1 20 42
8 11 17 13
2 9 35 6
1 21 17 27
17 9 15 12
5 28 3 14
14 15 4 15
2 33 23 4
20 11 10 4
23 8 24 4
22 13 18 2
29 16 1 38
10 19 1 46
14 4 16 8
2 93 4 84
56 2 19 3
18 2 14 13
70 14 7 3
34 5 2 6
32 20 5 5
21 14 5 1
14 5 9 4
3 48 10 7
3 4 56 4
12 6 35 4
1 21 30 1
78 15 4 2
3 8 22 13
30 10 7 6
4 16 9 30
5 26 4 1
1 45 24 6
15 12 2 40
17 14 11 2
3 22 3 60
16 10 42 2
1 29 17 12
17 5 1 74
1 6 33 17
3 1 12 15
2 10 12 27
40 2 5 12
20 2 1 69
2 12 11 20
35 13 8 2
1 1 30 38
3 6 42 11
98 23 3 3
2 88 7 5
21 1 4 89
29 4 4 44
40 8 9 3
3 2 5 4
2 4 24 23
7 15 10 3
1 5 5 8
1 35 2 41
4 35 1 27
32 15 3 10
13 10 11 3
54 1 4 14
99 4 1 49
43 13 7 1
36 2 3 22
36 1 5 45
20 14 1 62
9 23 1 66
9 6 3 46
77 7 1 14
3 7 2 31
5 71 2 4
23 1 52 11
68 14 2 3
2 21 2 25
2 39 20 7
38 16 4 3
6 27 1 27
8 6 15 3
1 4 25 20
2 10 17 3
26 5 2 40
77 10 1 5
3 18 2 7
63 24 1 7
48 10 7 1
36 25 2 4
1 9 30 6
6 1 30 5
8 80 3 1
3 1 43 9
3 52 13 2
6 3 4 23
15 6 1 40
31 6 1 21
35 1 17 10
2 2 34 5
18 13 1 37
72 2 3 1
43 5 1 39
74 2 2 68
4 9 1 83
1 37 16 4
2 4 14 14
7 60 1 6
4 1 43 6
4 32 1 39
11 2 13 2
12 3 38 1
24 25 1 11
50 4 18 1
20 5 7 2
22 1 7 17
19 9 9 3
11 1 11 64
8 15 1 43
22 10 4 7
41 2 4 11
9 25 3 3
25 3 4 6
7 20 16 2
52 3 5 3
2 49 1 37
31 2 1 41
6 21 1 40
28 3 2 4
9 17 10 2
1 42 3 34
6 2 4 71
7 9 7 1
20 1 20 5
1 42 27 2
45 1 5 19
16 18 1 35
30 1 5 80
47 18 1 4
98 19 1 2
2 4 6 36
5 1 8 48
67 1 2 18
1 9 20 5
12 17 4 21
11 1 44 3
15 13 2 21
14 4 2 88
3 20 88 1
25 11 1 13
83 3 1 30
2 17 3 67
1 90 1 2
25 5 3 9
2 2 17 5
3 63 1 10
10 8 16 1
49 1 1 48
14 2 39 1
50 1 9 13
1 40 1 18
7 1 4 34
21 2 1 16
14 5 1 28
8 1 4 16
7 38 1 10
10 12 2 12
11 7 66 1
4 2 43 2
5 3 1 15
29 1 2 100
40 12 6 3
1 36 1 42
15 1 13 13
25 1 1 73
1 27 1 67
5 1 38 2
27 7 2 6
8 24 4 6
3 14 44 1
18 23 1 14
1 34 1 42
1 33 17 3
4 7 1 8
19 1 18 6
3 22 5 3
40 1 2 22
31 6 16 1
2 5 45 1
3 3 36 1
18 21 3 3
57 4 2 2
4 3 4 87
2 14 3 41
1 42 9 1
19 1 9 4
1 3 5 99
14 1 2 43
4 2 4 26
6 2 1 41
6 24 1 4
6 100 3 1
12 1 2 28
3 3 21 1
5 22 2 6
1 31 4 61
3 1 15 3
79 1 13 2
1 1 7 23
4 63 3 4
