200 7
27 36 30 6 21 40 56
19 76 56 2 6 71 56
98 69 14 63 92 58 86
58 65 67 17 74 80 16
65 88 88 71 71 82 53
71 33 68 74 38 67 94
57 55 82 94 8 80 78
83 59 96 99 71 77 36
72 80 5 89 75 95 61
94 22 55 55 60 71 92
10 69 100 81 84 60 59
8 87 87 55 19 80 59
62 73 93 98 13 58 68
99 8 58 52 90 74 15
68 54 15 87 53 90 73
63 69 59 72 85 93 52
68 93 63 72 67 79 12
94 51 52 53 56 28 92
27 52 54 52 17 59 52
61 76 58 68 61 36 40
78 13 77 88 54 72 94
91 74 78 12 97 68 17
93 25 96 56 85 98 83
75 27 65 69 81 52 83
72 51 52 57 94 69 53
90 81 75 75 65 57 36
72 31 90 60 73 70 54
51 99 62 9 7 57 74
85 89 1 57 71 83 77
80 70 51 61 85 58 54
36 65 90 81 77 34 92
59 71 99 71 65 77 25
49 63 72 61 53 61 42
55 63 63 73 57 93 34
12 65 71 62 65 81 98
65 59 21 18 85 70 98
73 85 97 77 83 10 95
91 88 98 73 4 77 61
58 5 42 69 85 21 61
52 6 87 58 75 59 61
56 51 95 91 85 30 90
90 55 16 54 73 27 65
64 66 6 81 56 58 85
95 90 75 83 52 97 46
91 98 87 57 56 80 29
6 97 78 61 52 83 65
88 61 83 86 60 58 55
95 78 85 64 86 58 48
74 72 72 85 61 81 14
98 66 6 86 52 99 97
80 81 55 68 76 3 56
64 88 53 90 89 80 3
12 79 15 77 95 92 87
97 61 61 97 57 70 1
59 14 83 66 76 68 93
84 90 83 60 14 51 89
49 73 60 77 67 22 98
76 59 84 76 52 3 96
64 25 94 82 77 31 43
83 83 81 78 82 85 5
66 72 14 55 92 91 40
4 85 59 60 75 22 80
76 83 76 56 58 2 65
3 50 72 92 57 84 99
60 53 53 32 88 89 1
96 98 53 96 81 23 84
24 52 53 92 67 58 28
94 63 82 86 2 68 98
19 75 90 51 57 53 59
84 61 93 81 98 73 40
57 88 18 74 78 70 81
96 6 57 59 97 78 81
60 71 77 78 5 71 58
85 56 74 89 58 78 8
10 80 92 83 69 77 16
88 58 66 83 75 96 45
21 61 84 71 71 82 53
58 98 61 60 65 91 24
13 81 92 72 97 69 53
1 25 66 99 95 78 43
25 86 39 95 25 59 63
76 87 64 71 83 71 31
98 56 86 23 6 63 53
63 66 88 79 95 75 21
23 85 52 56 84 84 53
61 96 40 97 76 90 54
3 77 63 95 92 98 11
82 16 81 83 31 54 79
52 96 62 100 62 2 79
74 94 37 64 74 6 62
86 68 82 24 12 77 76
10 86 99 63 73 11 82
56 17 100 52 97 81 89
64 37 94 39 43 85 44
55 50 61 88 83 51 53
81 52 75 53 82 68 18
91 93 53 63 56 78 32
53 61 84 74 9 60 86
37 51 72 65 81 15 4
51 78 83 61 89 22 58
6 63 76 86 76 52 71
63 83 15 100 77 69 78
85 63 56 57 78 90 49
27 6 84 17 80 57 27
82 63 64 1 90 97 43
95 5 73 72 70 57 58
54 8 56 55 79 100 95
56 9 93 81 99 35 73
81 70 93 25 72 74 53
91 65 64 19 69 70 3
55 87 84 67 16 68 86
52 74 88 100 48 28 67
98 56 12 97 61 93 60
84 12 54 89 89 77 56
80 52 89 51 8 64 100
93 18 97 53 69 93 98
96 95 85 82 56 40 17
58 14 51 93 100 75 54
10 82 13 55 94 41 84
66 98 59 82 97 16 75
74 89 71 84 60 14 79
74 52 58 55 6 84 79
2 75 89 61 67 63 96
78 70 64 69 12 100 57
84 91 60 56 52 18 65
79 99 84 81 39 25 81
92 58 67 89 84 59 5
29 76 69 48 73 15 67
71 85 54 88 93 69 23
23 53 54 88 90 39 2
60 58 76 80 12 67 95
58 52 58 75 4 65 40
55 83 54 5 85 89 98
76 76 71 65 71 52 51
11 75 90 61 72 75 57
11 88 52 92 98 70 52
96 98 65 90 54 73 35
73 22 86 96 39 61 78
54 56 96 73 61 6 64
93 21 51 96 73 60 89
34 26 84 92 6 95 86
14 53 89 87 84 80 63
21 83 52 69 94 88 62
63 75 68 70 4 78 82
51 64 45 57 75 80 52
91 96 69 61 56 56 47
52 9 75 100 59 99 26
76 63 81 95 98 8 89
78 60 97 97 6 63 62
7 73 79 53 80 24 73
90 65 28 99 82 54 59
29 97 77 61 83 59 22
85 6 19 54 27 51 73
69 79 4 61 97 99 52
89 97 88 24 5 95 74
13 89 86 79 65 78 74
72 97 76 72 75 77 9
66 64 87 69 7 82 91
76 37 82 94 84 86 39
61 75 38 81 19 78 85
92 88 96 53 94 10 84
86 61 75 96 65 52 42
7 87 61 98 53 61 42
52 57 50 100 97 86 13
61 94 98 78 55 93 4
99 20 91 67 51 52 35
79 66 74 57 19 53 91
52 100 61 93 73 38 70
63 85 62 76 71 97 4
99 89 20 32 99 52 80
80 99 73 88 78 11 18
90 89 38 82 67 31 54
64 51 29 95 29 55 70
62 32 65 14 80 9 69
20 63 55 67 82 74 84
78 70 5 81 82 56 82
78 35 56 92 59 57 93
73 72 60 40 89 39 58
54 69 91 85 35 74 24
83 10 82 69 84 85 92
87 88 62 82 86 72 26
36 27 96 98 59 67 67
89 93 91 63 52 5 17
67 93 88 100 69 14 84
52 72 8 18 90 56 89
56 29 76 71 63 52 52
88 75 67 59 58 97 43
86 84 17 73 60 65 94
72 31 25 58 66 56 76
83 88 23 58 86 98 75
97 37 98 6 73 67 8
84 67 22 40 70 83 69
8 55 76 91 55 54 80
70 18 100 11 77 58 93
14 86 85 71 54 54 69
56 76 99 51 3 93 98
66 84 91 60 63 55 20
62 57 80 89 66 15 62
56 1 91 59 99 73 49
21 97 66 39 78 53 92
