200 7
27 64 47 50 14 12 57
84 88 69 40 61 93 81
12 93 29 97 57 43 90
99 79 37 60 100 64 69
16 68 84 51 76 65 92
26 86 75 98 75 44 80
18 77 93 61 99 97 71
93 48 96 81 100 87 97
2 84 52 93 5 83 62
59 76 100 7 78 69 4
59 54 72 82 100 82 27
95 67 82 41 62 92 85
62 80 95 88 77 64 32
54 63 75 55 64 71 81
59 56 80 77 98 86 51
60 10 64 62 74 51 45
87 8 89 59 73 73 57
81 65 9 14 52 11 86
58 62 97 88 54 99 83
66 62 77 51 88 100 100
66 91 26 9 62 33 78
64 58 69 67 8 94 81
28 92 74 12 83 76 76
67 68 87 52 98 59 20
71 88 37 75 68 87 70
76 8 58 97 63 70 68
90 2 84 53 67 81 80
55 19 66 31 51 7 88
62 10 100 81 60 64 84
56 82 79 7 70 98 63
52 75 39 36 94 70 80
72 89 99 93 73 67 54
15 66 67 89 92 93 80
84 54 46 83 67 80 52
93 13 60 59 46 88 68
92 14 88 83 60 78 61
68 86 23 67 74 99 53
11 6 83 93 66 93 56
56 62 81 17 72 96 96
59 88 30 46 82 54 77
83 76 70 53 93 88 11
95 81 12 96 83 43 64
74 99 53 73 97 84 4
2 1 59 95 71 65 64
53 55 68 53 79 99 53
99 51 60 70 52 85 87
96 62 57 83 8 59 83
98 55 54 95 72 31 64
70 22 54 77 98 2 57
70 68 41 62 67 75 88
66 96 4 66 97 89 28
73 30 78 76 58 66 9
75 63 100 59 48 82 59
93 52 57 94 95 51 89
55 71 66 69 52 57 22
3 84 88 62 74 95 55
63 98 30 98 62 61 57
90 78 89 28 35 89 5
60 59 52 63 56 17 98
71 53 87 68 49 69 28
71 68 30 70 85 64 82
58 57 74 100 56 65 57
69 54 79 93 19 99 81
10 79 84 77 56 96 52
16 93 77 85 89 84 60
69 5 77 52 67 81 96
95 81 66 58 84 85 13
83 97 68 45 46 94 56
92 51 51 73 87 64 69
53 3 67 88 82 33 76
21 91 52 66 72 53 56
55 7 35 90 79 99 76
57 81 27 67 47 18 2
73 71 44 56 85 64 67
22 56 69 91 82 59 73
96 51 16 66 98 71 81
71 61 92 52 68 68 10
100 53 55 70 79 87 66
99 2 51 31 63 69 71
33 30 84 61 66 91 82
63 60 52 83 84 73 93
6 66 91 93 97 52 75
59 54 71 89 81 93 53
18 62 66 58 85 96 97
67 6 79 66 71 77 97
3 75 63 95 93 61 67
98 57 76 85 68 65 67
67 76 57 28 91 52 52
6 89 94 45 91 93 70
55 62 85 91 92 67 47
74 19 79 11 76 84 96
52 99 75 82 72 80 32
100 65 53 81 55 72 56
22 69 75 90 52 97 100
70 59 21 90 61 82 94
24 55 55 81 51 97 86
1 89 100 94 75 60 93
29 32 16 53 98 80 59
69 70 19 76 98 28 22
53 58 100 51 80 66 92
84 55 72 88 52 78 86
65 52 78 88 58 92 87
72 54 72 94 96 13 59
60 52 57 98 93 86 96
6 60 73 83 87 61 62
79 92 92 40 73 79 61
63 97 94 55 53 74 40
55 57 56 53 11 92 52
56 12 69 86 66 73 82
77 88 82 56 11 61 67
80 89 84 63 72 90 56
80 60 52 99 71 92 84
76 53 16 68 84 52 54
82 21 51 64 81 82 63
77 61 33 86 76 88 75
60 88 81 43 99 72 66
87 54 63 53 88 89 99
49 27 84 71 97 58 95
54 85 60 68 98 94 48
56 49 36 84 81 81 97
74 71 62 61 93 74 22
82 51 76 20 57 79 22
67 88 54 37 91 70 54
70 96 8 60 14 74 70
57 60 20 79 77 76 76
85 79 55 25 79 84 60
55 82 59 45 64 23 86
95 98 18 67 94 76 67
11 95 100 99 88 86 54
87 36 63 71 30 84 62
69 71 96 54 62 52 54
62 73 95 13 94 60 73
75 55 89 60 62 62 53
88 93 90 51 5 38 97
56 57 75 86 17 86 75
85 14 90 59 51 93 74
19 25 77 69 95 85 86
86 63 54 69 3 99 85
72 92 54 89 92 2 79
57 11 93 93 70 89 68
70 55 89 52 63 77 55
61 66 89 64 88 14 40
46 68 92 63 60 75 53
64 60 54 97 22 44 98
74 33 66 46 66 4 43
92 51 81 84 92 58 16
75 41 10 63 90 83 86
94 63 74 54 53 58 86
74 95 99 94 2 68 97
56 75 97 86 4 74 79
54 75 55 91 75 97 37
52 70 29 54 42 52 61
67 51 54 88 54 54 68
73 84 17 85 66 76 74
73 67 46 80 56 19 91
99 66 86 16 99 69 72
98 57 6 79 89 72 52
75 57 55 71 53 93 2
71 63 83 93 94 2 90
68 70 35 99 84 66 56
99 51 62 99 75 83 54
88 69 51 13 64 82 91
47 67 90 78 69 64 54
57 51 53 69 82 62 57
76 77 57 26 53 27 86
70 57 52 92 82 54 61
94 77 69 12 62 55 84
67 12 47 97 82 49 85
97 91 59 80 13 85 74
63 63 55 56 69 65 63
20 90 27 62 11 80 75
60 54 62 62 71 97 94
97 74 65 56 65 64 56
46 87 53 46 95 76 84
54 57 70 80 86 63 64
92 59 55 84 5 59 56
57 54 54 61 55 82 89
76 71 56 38 85 84 63
15 82 55 64 59 65 63
70 53 86 71 60 78 87
78 15 60 83 75 87 100
64 58 87 98 93 21 74
5 97 96 87 90 73 88
93 55 68 53 57 62 73
87 93 73 66 91 87 25
89 61 88 94 59 62 54
24 87 57 64 77 54 72
71 91 71 25 65 88 29
53 60 87 77 72 67 69
51 51 77 77 94 68 98
2 67 93 20 82 95 65
23 77 51 60 53 93 93
65 69 79 79 69 100 51
99 92 60 2 8 60 99
74 73 12 80 70 94 52
88 92 64 38 56 71 36
92 22 54 87 55 64 68
73 67 85 46 12 93 56
15 49 82 67 60 58 57
5 97 13 99 98 95 89
