200 7
36 23 59 47 53 16 23
58 1 78 71 81 57 98
69 98 62 67 78 95 22
18 22 70 35 31 64 70
32 76 87 73 80 91 51
84 87 82 82 1 26 88
70 80 51 53 90 75 98
75 95 77 58 41 52 84
34 94 94 75 12 92 88
58 72 53 74 79 94 75
80 61 11 63 85 69 84
66 83 53 82 63 62 90
52 93 96 80 51 53 99
54 63 57 70 97 79 65
56 69 91 57 43 58 97
57 90 12 60 74 67 54
87 76 51 87 91 40 92
88 66 75 86 59 80 1
58 55 38 51 85 95 86
14 92 53 92 98 84 78
64 96 51 56 51 88 92
96 99 7 62 58 81 55
9 7 83 87 82 63 67
48 89 60 56 47 95 76
81 6 98 17 54 52 6
90 87 76 67 87 29 12
72 85 75 57 14 78 55
80 58 54 80 90 89 96
79 83 32 94 99 92 93
65 83 88 88 72 74 10
76 11 95 99 54 65 2
81 66 52 89 57 77 51
83 51 88 70 57 76 21
63 66 60 53 35 91 70
96 78 93 32 91 100 29
100 71 22 64 91 91 81
52 97 52 67 73 72 83
12 71 12 100 75 81 76
63 2 82 92 31 74 95
82 2 70 70 51 56 84
81 28 85 84 8 51 55
72 81 87 34 78 99 100
81 51 77 72 29 56 28
81 97 85 53 34 53 56
32 35 51 95 61 84 72
100 11 68 90 27 91 68
81 93 28 65 61 67 54
13 69 75 78 74 58 67
59 82 8 96 66 90 94
94 82 79 45 94 62 97
81 93 59 55 89 89 14
56 54 93 97 63 15 75
69 93 49 37 52 83 67
59 92 24 74 71 68 65
72 75 89 7 83 16 86
77 68 6 72 96 82 100
40 73 2 75 51 93 75
51 64 20 65 74 52 76
65 70 81 29 77 74 88
57 5 80 19 58 57 55
75 83 97 65 51 70 28
66 90 10 62 52 100 96
4 97 53 92 97 51 96
19 44 95 11 90 56 63
73 51 12 75 63 83 84
68 80 100 43 80 57 52
64 35 52 93 56 87 99
67 99 68 84 24 50 95
66 91 61 12 65 88 88
29 53 17 72 56 90 60
45 73 77 13 95 18 53
6 53 53 52 65 2 80
64 54 97 46 54 77 58
57 50 70 48 66 94 9
71 39 89 5 68 96 75
59 77 43 60 60 78 82
44 92 73 80 65 12 76
56 95 31 60 85 86 77
86 67 7 66 91 86 88
78 86 85 53 58 83 17
73 68 56 99 78 65 72
63 55 36 69 85 76 70
65 97 71 95 94 91 3
56 68 56 67 73 17 62
59 43 72 89 51 78 19
54 52 53 83 88 63 72
65 62 75 72 78 64 12
63 53 56 55 67 59 54
79 65 94 87 1 59 99
99 39 95 45 84 90 54
66 1 92 75 86 59 55
48 96 51 57 66 88 78
71 4 56 71 86 58 67
83 76 62 31 75 73 9
9 86 57 82 88 59 76
67 97 70 97 52 73 64
59 78 63 59 36 89 91
88 95 57 31 93 82 88
76 66 45 16 81 93 57
65 81 84 6 86 94 51
77 72 57 97 78 82 25
73 87 74 20 92 63 97
93 61 79 44 94 9 71
55 85 54 82 56 89 54
10 24 73 71 61 93 72
54 84 51 81 16 64 55
65 20 78 62 65 21 64
94 95 68 9 65 99 73
99 45 59 76 17 66 71
53 70 68 93 52 54 98
52 71 54 79 98 55 72
78 91 73 67 81 71 14
57 97 76 54 31 94 48
86 64 66 81 43 80 85
66 90 84 19 63 52 92
81 100 25 94 75 91 52
64 90 40 88 90 39 96
60 53 94 14 3 88 84
53 55 5 89 67 92 80
13 97 55 22 67 79 60
71 99 79 25 82 65 86
9 77 86 61 72 95 51
96 62 8 99 92 80 84
65 55 28 45 72 64 55
65 99 87 71 84 8 47
89 62 52 20 82 51 78
53 68 90 13 54 78 89
11 89 92 59 91 55 58
97 66 51 75 68 79 74
95 52 57 65 65 89 60
31 98 68 57 70 75 34
70 36 58 88 99 88 51
68 83 70 28 65 76 60
68 80 84 51 37 56 62
55 83 81 61 32 98 56
53 14 95 4 74 81 87
89 98 73 83 30 86 23
80 68 98 25 69 98 54
87 65 93 91 4 11 55
61 71 51 68 55 75 92
70 56 56 62 51 100 52
89 94 40 89 71 89 51
60 52 54 96 75 95 70
67 82 19 61 24 80 70
60 90 6 63 68 59 55
66 87 64 57 52 68 86
58 98 63 28 96 66 69
53 99 70 100 47 70 57
51 76 83 69 4 30 62
67 65 51 87 67 77 84
35 75 64 97 55 85 57
92 58 61 75 35 96 74
55 65 54 36 79 72 98
85 5 55 54 63 90 92
78 61 29 66 55 66 52
74 54 83 4 13 87 69
65 80 56 22 63 84 76
66 34 55 70 100 80 81
61 83 58 79 65 80 75
62 41 78 13 8 98 72
86 52 97 70 95 97 1
25 67 65 91 92 68 71
61 56 60 76 4 59 77
82 93 74 28 15 77 91
84 98 37 69 53 60 76
92 13 86 57 87 55 97
19 56 65 90 57 60 93
79 81 69 51 23 76 56
57 51 14 62 81 88 72
56 64 58 94 59 86 99
90 63 66 16 47 94 62
77 54 56 87 80 39 77
63 72 48 71 81 97 63
33 58 68 74 87 54 62
57 71 57 51 95 55 79
73 65 96 29 75 68 28
76 59 56 34 72 62 76
9 59 82 60 63 51 58
79 8 86 89 84 8 85
54 89 92 51 65 10 86
23 83 39 53 84 56 75
55 63 97 94 48 67 61
54 55 78 76 38 51 6
22 80 86 62 62 51 62
62 3 75 82 62 76 59
71 92 22 27 55 94 69
78 60 86 64 34 94 60
98 58 99 91 58 93 2
88 84 58 65 91 54 73
13 84 80 43 79 40 81
77 72 10 52 54 91 67
97 56 65 37 79 59 95
52 65 65 86 22 75 89
65 60 5 75 60 60 74
22 70 85 25 66 91 67
26 91 61 78 77 78 70
2 92 88 98 27 92 71
51 87 74 61 62 12 76
84 54 67 7 68 56 78
81 94 8 25 65 98 62
