200 7
0.35 0.48 0.25 0.32 0.38 0.26 0.63
0.77 0.66 0.60 0.08 0.59 0.77 0.86
0.82 0.06 0.68 0.47 0.58 0.77 0.76
0.69 0.95 0.71 0.94 0.59 0.11 0.33
0.93 0.62 0.92 0.12 0.77 0.19 0.81
0.69 0.51 1.00 0.73 0.87 0.97 0.58
0.99 0.90 0.96 0.60 1.00 0.06 0.97
1.00 0.97 0.76 0.83 0.77 0.77 0.32
0.57 0.94 0.55 0.69 0.75 0.15 0.58
0.66 0.79 0.73 0.57 0.37 0.48 0.75
0.70 0.82 0.62 0.67 0.10 0.66 0.70
0.09 0.86 0.91 0.79 0.45 0.72 0.94
0.60 0.86 0.64 0.88 0.61 0.66 0.60
0.94 0.64 0.63 0.53 0.54 0.10 0.88
1.00 0.82 1.00 0.85 0.66 0.58 0.51
0.63 0.22 0.78 0.43 0.62 0.57 0.99
0.66 0.24 0.89 0.82 0.71 0.69 0.79
0.98 0.89 0.94 0.79 0.22 0.92 0.62
0.84 0.76 0.71 0.88 0.88 0.53 0.55
0.90 0.95 0.80 0.54 0.43 0.15 0.82
0.63 0.69 0.62 0.79 0.76 0.85 0.53
0.85 0.96 0.49 0.90 0.56 0.88 0.38
0.93 0.43 0.76 0.70 0.94 0.65 0.75
0.74 0.18 0.75 0.97 0.52 1.00 0.77
0.54 0.70 0.72 0.79 0.76 0.67 0.59
0.14 0.90 0.09 0.99 0.71 0.83 0.90
0.56 0.88 0.65 0.65 0.62 0.65 0.05
0.77 0.89 0.94 0.72 0.87 0.74 0.02
0.89 0.69 0.51 1.00 0.60 0.85 0.41
0.65 1.00 0.97 0.87 0.10 0.58 0.18
0.80 0.47 0.63 0.57 0.77 0.92 0.46
0.57 0.87 0.85 0.09 0.86 0.17 0.61
0.77 0.90 0.08 0.91 0.98 0.73 0.09
0.67 0.89 0.67 0.20 0.25 0.80 1.00
0.55 0.78 0.94 0.43 0.88 0.87 0.53
0.85 0.91 0.81 0.12 0.94 0.81 0.51
0.85 0.56 0.60 0.18 0.84 0.85 0.92
0.94 0.78 0.85 0.86 0.99 0.54 0.07
0.98 0.72 0.94 0.77 0.41 0.16 0.26
0.55 0.04 0.73 0.65 0.69 0.75 0.78
0.10 0.51 0.42 0.31 0.56 0.66 0.97
0.65 0.91 0.16 0.59 0.66 0.54 0.86
0.68 0.76 0.94 0.78 0.37 0.59 0.84
0.12 0.97 0.80 0.56 0.91 0.55 0.84
0.66 0.99 0.94 0.37 0.68 0.39 0.61
0.84 0.90 0.68 0.26 0.82 0.93 0.59
0.50 0.79 0.52 0.75 0.92 0.30 0.54
0.75 0.77 0.66 0.60 0.03 0.80 0.59
0.75 0.32 0.79 0.93 0.66 0.85 0.74
0.17 0.63 0.65 0.68 0.19 0.79 0.60
0.80 0.28 0.66 0.93 0.96 0.88 0.85
0.55 0.78 0.70 0.07 0.90 0.67 0.34
0.85 0.90 0.52 0.62 0.24 0.57 0.85
0.63 0.97 0.05 0.25 0.82 0.75 0.43
0.74 0.78 0.74 0.67 0.62 0.62 0.39
0.70 0.61 0.14 0.82 0.83 0.91 0.64
0.75 0.10 0.62 0.86 0.53 0.43 0.51
0.73 0.34 0.43 0.77 0.74 0.63 0.32
0.10 0.17 0.90 0.95 0.73 0.59 0.74
0.94 0.79 0.75 0.71 0.90 0.51 0.62
0.86 0.25 0.65 0.71 1.00 0.68 0.91
0.72 0.73 0.83 0.78 0.75 0.82 0.59
0.86 1.00 0.97 0.69 0.57 0.73 0.56
0.42 0.72 0.92 0.97 0.30 0.30 0.62
0.98 0.59 0.19 0.63 0.85 0.85 0.84
0.60 0.80 0.63 0.88 0.87 0.96 0.54
0.81 0.12 0.52 0.55 0.59 0.68 0.76
0.72 0.51 0.22 0.53 0.99 0.69 0.93
0.58 0.71 0.74 0.93 0.80 0.52 0.61
0.60 0.53 0.72 0.86 0.51 0.57 0.34
0.57 0.12 0.76 0.79 0.96 0.46 0.67
0.84 0.01 0.30 0.66 0.74 0.56 0.64
0.92 0.42 0.70 0.81 0.41 0.59 0.90
0.66 0.95 0.56 0.94 0.79 0.99 0.56
0.78 0.41 0.77 0.48 0.78 0.59 0.64
0.64 0.51 0.69 0.99 0.80 0.79 0.59
0.71 0.56 0.94 0.67 0.96 0.68 0.55
0.99 0.53 0.67 0.63 0.85 0.84 0.31
0.80 0.62 0.83 0.60 0.58 0.90 0.27
0.64 0.76 0.52 0.62 0.85 0.79 0.53
0.30 0.79 0.81 0.87 0.54 0.51 0.90
0.57 0.66 0.59 0.65 0.52 0.28 0.60
0.60 0.72 0.95 0.57 0.28 0.80 0.55
0.24 0.83 0.45 0.76 0.44 0.08 0.81
1.00 0.65 0.48 0.89 0.60 0.70 0.60
0.91 0.35 0.78 0.87 0.50 0.98 0.93
0.76 0.99 0.66 0.79 0.53 0.96 0.54
0.71 0.18 0.69 0.63 0.86 0.58 0.90
0.41 0.71 0.11 0.86 0.91 0.77 0.81
0.65 0.52 0.62 0.87 0.39 0.86 0.45
0.82 0.65 0.93 0.59 0.14 0.62 0.56
0.86 0.79 0.69 0.53 0.89 0.63 0.52
0.89 0.75 0.96 0.81 0.76 0.56 0.56
0.80 0.52 0.87 0.04 0.64 0.62 0.75
0.59 0.39 0.78 0.63 0.95 0.72 0.71
0.28 0.91 0.64 0.63 0.55 0.92 0.87
0.63 0.37 0.70 0.54 0.27 0.66 0.63
0.64 1.00 0.96 0.70 0.62 0.51 0.09
0.51 0.90 0.95 0.71 0.54 0.51 0.51
0.52 0.98 0.46 0.86 1.00 0.85 0.56
0.03 0.45 0.88 0.21 0.72 1.00 0.80
0.15 0.81 0.84 0.95 0.55 0.72 0.76
0.70 0.63 0.75 0.60 0.94 0.07 0.53
0.80 0.57 0.53 0.77 0.78 0.69 0.21
0.68 0.95 0.13 0.73 0.82 0.74 0.59
0.48 0.57 0.75 0.81 0.39 0.89 0.13
0.75 0.75 0.52 0.82 0.34 0.91 0.54
0.53 0.95 0.92 0.79 0.49 0.52 0.61
0.45 0.41 0.78 0.93 0.37 0.75 0.72
0.52 0.56 1.00 0.11 0.52 0.89 0.67
0.09 0.41 0.68 0.67 0.58 0.51 0.72
0.99 0.72 0.63 0.97 0.55 0.82 0.18
0.77 0.68 0.11 0.88 0.10 0.94 0.88
0.02 0.92 0.96 0.07 0.66 0.93 0.78
0.27 0.81 0.97 0.63 0.93 0.91 0.55
0.66 0.03 0.72 0.84 0.73 0.77 0.91
0.89 0.62 0.88 0.68 0.97 0.88 0.32
0.82 0.53 0.79 0.08 0.77 0.56 0.78
0.72 0.63 0.11 0.52 0.67 0.73 0.97
0.80 0.75 0.72 0.59 0.11 0.75 0.95
0.53 0.69 0.94 0.80 0.85 0.78 0.55
0.63 0.57 1.00 0.52 0.20 0.72 0.89
0.93 0.60 0.78 0.30 0.87 0.80 0.68
0.54 0.53 0.59 0.93 0.58 0.99 0.51
0.73 0.89 0.75 0.62 0.85 0.07 0.95
0.77 0.15 0.57 0.78 0.85 0.55 0.75
0.91 0.51 0.12 0.54 0.52 0.57 0.94
0.86 0.93 0.58 0.53 0.97 0.96 0.31
0.87 0.71 0.91 0.70 0.52 0.09 0.72
0.79 1.00 0.95 0.08 0.67 0.69 0.87
0.88 0.83 0.67 0.81 0.83 0.97 0.02
0.71 0.58 0.68 0.62 0.32 0.71 0.68
0.89 0.55 0.91 0.60 0.59 0.91 0.28
0.71 0.78 0.91 0.75 0.80 0.54 0.51
0.72 0.86 0.82 0.55 0.94 0.10 0.56
0.61 0.80 0.64 0.96 0.29 0.73 0.77
0.94 0.62 0.66 0.10 0.72 1.00 0.85
0.91 0.54 0.78 1.00 0.30 0.64 0.85
0.97 0.04 0.94 0.67 0.53 0.11 0.84
0.30 0.61 0.95 0.58 0.93 0.51 0.85
1.00 0.87 0.93 0.62 0.80 0.06 0.55
0.68 0.88 0.65 0.76 0.53 0.99 0.17
0.58 0.02 0.62 0.63 0.57 0.68 0.66
0.94 0.08 0.87 0.59 0.48 0.36 0.58
0.97 0.95 0.74 0.82 0.29 0.10 0.90
0.63 0.15 0.09 0.59 0.53 0.91 0.53
0.65 0.80 0.02 0.71 0.70 0.71 0.65
0.90 0.18 0.67 0.60 0.09 0.77 0.89
0.65 0.96 0.93 0.79 0.57 0.47 0.55
0.64 0.51 0.39 0.68 0.37 0.55 0.73
0.90 0.82 0.97 0.58 0.83 0.99 0.03
0.66 0.34 0.78 0.52 0.61 0.79 0.73
0.54 0.87 0.89 0.52 0.73 0.22 0.81
0.56 0.75 0.64 0.72 0.88 0.79 0.62
0.79 0.83 0.95 0.01 0.77 0.56 0.82
0.76 0.93 0.79 0.51 0.28 0.55 0.95
0.55 0.90 0.19 0.99 0.90 0.75 0.57
0.91 0.95 0.61 0.27 0.87 0.67 0.88
0.06 0.57 0.88 0.80 0.91 0.67 0.84
0.93 0.79 0.65 0.51 0.89 0.18 0.51
0.07 0.76 0.97 0.79 0.96 0.32 0.76
0.08 0.58 0.72 0.91 0.61 0.51 0.78
0.82 0.81 0.75 0.77 0.97 0.03 0.99
0.04 0.60 0.69 0.68 0.67 0.19 1.00
0.77 0.59 0.41 0.57 0.98 0.77 0.13
0.54 0.61 0.87 0.84 0.34 0.88 0.67
0.72 0.76 0.61 0.69 0.94 0.69 0.52
0.73 0.71 1.00 0.04 0.87 0.81 0.63
0.91 1.00 0.29 0.59 0.72 0.65 0.21
0.80 0.62 0.92 0.76 0.72 0.59 0.59
0.77 0.71 0.96 0.57 0.55 0.83 0.59
0.74 0.62 0.07 0.63 0.98 0.71 0.56
0.71 0.85 0.30 0.55 0.54 0.74 0.53
0.58 0.85 0.67 0.80 0.59 0.93 0.08
0.72 0.82 0.92 0.72 0.04 0.96 0.52
0.77 0.62 0.59 0.75 0.72 0.51 0.56
0.87 0.66 0.64 0.83 0.66 0.78 0.53
0.77 0.69 0.91 0.67 0.81 0.51 0.57
0.96 0.70 0.84 0.85 0.12 0.96 0.51
0.59 0.42 0.54 0.78 0.72 0.80 0.93
0.87 0.74 0.59 0.84 0.65 0.09 0.63
0.78 0.98 0.85 0.25 0.99 0.52 0.55
0.51 0.64 0.55 0.82 0.57 0.93 0.56
0.89 0.92 0.74 0.54 0.65 0.22 0.99
0.05 0.99 0.16 0.74 0.23 0.81 0.80
0.59 0.75 0.82 0.85 0.58 0.88 0.59
0.83 0.85 0.62 0.92 0.04 0.68 0.70
1.00 0.67 0.82 0.27 0.52 0.97 0.72
0.70 0.63 0.94 0.68 0.94 0.51 0.11
0.06 0.53 0.81 0.76 0.52 0.77 0.80
0.53 0.94 0.62 0.94 0.62 0.98 0.53
0.72 0.88 0.56 0.72 0.56 0.09 0.82
0.86 0.97 0.53 0.51 0.36 0.54 0.86
0.60 0.78 0.77 0.58 0.62 0.99 0.58
0.72 0.53 1.00 0.89 0.58 0.54 0.57
0.73 0.67 0.71 0.81 0.52 0.76 0.52
0.13 0.90 0.82 0.78 0.66 0.52 0.66
0.60 0.54 0.67 0.70 0.93 0.45 0.61
0.54 0.53 0.64 0.93 0.77 0.71 0.56
0.76 0.69 0.72 0.67 0.89 0.24 0.75
