200 7
89 20 7 6 61 25 37
86 58 93 33 8 77 74
70 87 62 93 63 66 97
50 97 100 74 59 53 54
37 70 39 86 82 93 97
66 96 67 19 46 94 84
73 83 71 83 65 98 98
40 75 51 76 77 97 78
87 82 94 91 80 91 13
66 87 53 96 10 100 55
55 90 96 55 33 2 92
53 72 57 53 56 58 65
61 98 81 88 62 51 81
74 61 64 62 92 71 13
59 91 37 69 75 94 53
55 91 67 98 55 98 92
85 100 50 68 13 54 89
66 52 81 54 56 30 53
81 84 55 88 79 6 61
98 69 52 100 71 78 6
75 100 54 6 60 68 91
54 62 58 78 75 100 71
47 72 91 55 59 74 75
76 64 33 72 75 99 81
53 56 91 62 90 71 63
56 91 84 77 64 51 86
69 68 87 1 42 56 98
84 94 37 76 59 86 67
100 83 96 59 93 38 16
59 71 79 46 72 68 26
88 68 75 75 76 63 97
80 31 76 96 64 98 99
77 81 79 66 84 52 51
65 73 25 99 93 86 67
74 58 60 82 46 88 58
61 67 53 80 99 90 75
64 60 62 62 66 63 93
71 64 70 94 55 65 87
62 65 51 46 95 87 77
60 87 57 70 44 99 85
37 62 72 93 84 88 73
59 59 71 5 89 55 6
29 73 23 84 93 100 56
63 54 82 75 23 64 26
54 1 84 77 100 89 68
24 100 51 51 73 26 91
51 18 18 92 92 99 65
41 95 54 96 18 71 80
73 70 60 97 85 69 65
86 35 52 84 89 70 11
64 61 46 59 66 26 70
86 84 71 65 91 14 93
60 98 66 95 85 60 29
47 63 100 16 52 99 78
60 91 57 59 66 67 61
59 69 54 92 53 57 58
59 75 80 73 84 44 70
51 39 68 67 65 73 96
70 65 61 30 16 43 90
55 88 55 70 69 99 89
86 55 63 63 78 64 58
51 69 66 98 69 55 70
27 26 64 78 44 73 59
76 92 66 66 54 32 83
12 60 73 64 83 89 44
82 50 98 85 79 66 45
77 82 64 51 56 57 82
14 56 61 67 54 61 79
85 75 64 68 74 56 57
70 53 91 99 24 91 100
54 76 79 68 77 74 56
43 56 74 82 80 86 52
77 99 87 52 99 28 95
34 96 71 94 70 37 92
53 58 91 91 59 57 99
95 84 58 80 52 74 76
71 60 93 39 74 95 94
52 94 54 94 57 99 59
63 82 59 85 74 72 53
85 81 11 36 69 14 98
30 54 90 88 92 67 95
30 63 64 82 93 64 51
53 54 79 70 53 95 69
84 65 85 58 92 16 60
70 98 74 54 65 51 51
65 76 12 91 86 54 88
34 68 95 55 65 82 61
45 53 62 65 54 83 54
81 60 84 81 71 80 12
100 88 61 57 52 97 77
61 56 12 61 90 88 22
80 79 78 91 7 13 67
63 95 55 87 60 54 49
64 70 78 85 56 22 90
67 3 95 94 74 73 61
56 80 37 97 97 78 60
48 81 72 60 89 29 76
63 78 76 57 79 83 53
51 95 94 37 97 45 57
72 65 66 68 87 13 54
72 69 69 73 90 52 34
92 51 80 46 66 68 30
56 28 26 53 55 59 6
6 76 86 57 68 63 75
84 81 71 61 66 56 53
74 20 66 87 68 62 53
84 86 74 16 95 51 54
53 77 99 6 65 71 84
59 81 100 68 99 11 94
81 54 40 80 76 58 88
56 6 69 71 76 79 97
25 72 87 61 25 77 82
85 93 44 63 84 54 91
60 22 88 92 66 86 56
54 91 56 59 83 86 83
76 63 95 27 64 54 85
82 74 98 52 27 93 86
66 56 96 11 81 34 59
57 54 84 53 80 34 57
86 82 75 19 64 60 70
88 52 75 35 66 85 94
34 19 74 53 58 65 83
13 85 90 32 62 61 85
95 57 71 59 41 53 92
63 100 89 85 53 57 91
81 97 64 60 93 36 51
74 53 64 74 44 86 69
21 23 100 91 87 96 55
40 63 9 88 81 57 62
66 58 54 81 65 58 99
67 13 83 52 52 97 54
78 93 52 59 74 17 53
43 54 39 55 76 80 56
56 67 68 85 53 63 72
20 82 48 60 77 99 68
70 74 5 86 98 88 42
57 96 96 86 52 84 47
87 70 57 27 53 90 51
60 52 74 50 21 51 76
76 79 84 1 67 15 88
57 74 88 4 66 68 81
68 75 69 8 85 96 11
56 74 88 100 4 93 70
61 58 59 88 53 85 62
54 41 76 93 58 69 62
76 55 11 35 100 96 61
69 61 67 55 13 77 66
21 89 100 86 64 9 83
82 77 62 77 49 56 82
55 72 33 58 82 59 94
51 56 52 76 68 52 63
14 85 72 89 44 80 88
52 56 78 75 72 71 76
91 83 61 95 15 74 55
41 94 67 65 82 93 92
65 88 73 64 28 66 99
29 57 84 68 55 92 64
54 59 65 58 61 75 82
85 61 66 98 54 58 80
51 87 67 73 76 60 95
87 77 91 52 60 93 47
16 57 52 96 71 91 85
71 60 76 96 9 98 85
62 92 22 78 51 76 81
89 54 61 80 52 77 97
73 75 12 76 90 80 83
95 12 80 97 93 54 69
67 53 54 66 72 51 82
66 69 90 56 43 85 72
54 59 100 67 74 67 64
50 52 54 80 59 87 80
70 51 61 18 62 62 51
56 100 94 63 72 26 93
98 96 96 33 58 72 64
58 73 68 88 85 49 65
66 98 68 65 51 86 52
21 87 64 95 69 88 57
65 88 31 98 52 76 69
60 74 84 7 61 85 73
80 74 82 72 54 80 64
62 24 91 75 54 81 66
68 73 59 22 54 78 77
61 10 71 66 73 55 75
87 75 99 49 69 55 61
70 67 51 13 55 72 90
5 95 85 90 72 78 86
72 54 54 30 76 77 62
40 58 86 76 78 65 77
59 72 67 53 51 66 55
57 56 78 51 70 75 29
78 53 24 63 75 70 76
51 59 56 27 99 65 57
54 79 57 84 55 58 87
81 61 58 100 41 83 99
32 93 65 93 30 85 62
93 16 87 60 62 53 85
73 63 59 63 100 52 55
81 56 74 82 91 6 53
52 100 55 83 93 33 55
95 97 68 89 44 72 52
