200 7
0.89 0.28 0.05 0.66 0.99 0.81 0.20
0.85 0.87 0.44 0.52 0.80 0.94 0.91
0.91 0.03 0.90 0.87 0.89 0.31 0.94
0.53 0.75 0.75 0.79 0.11 0.66 0.57
0.91 0.36 0.79 0.64 0.85 0.14 0.98
0.89 0.71 0.60 0.98 0.91 0.76 0.76
0.71 0.72 0.17 0.78 0.56 0.87 0.58
0.71 0.52 0.52 0.82 0.93 0.81 0.81
0.75 0.59 0.54 0.97 0.43 0.51 0.57
0.60 0.53 0.61 0.33 0.08 0.84 0.83
0.43 0.59 0.56 0.49 0.48 0.56 0.06
0.66 0.53 0.69 0.34 0.92 0.61 0.06
0.97 0.65 0.59 0.96 0.45 0.63 0.94
0.90 0.92 0.83 0.53 0.46 0.59 0.79
0.90 0.55 0.82 0.93 0.62 0.13 0.89
0.43 0.80 0.78 0.67 0.78 0.01 0.78
0.71 0.61 0.43 0.10 0.95 0.68 0.80
0.90 0.53 0.26 0.74 0.70 0.70 0.58
0.67 0.80 0.70 0.65 0.80 0.28 0.68
0.64 0.84 0.02 0.86 0.65 0.72 0.63
0.92 0.74 0.56 0.54 0.11 0.72 0.65
0.78 0.53 0.14 0.56 0.86 0.18 0.55
0.54 0.21 0.74 0.80 0.85 0.88 0.90
0.79 0.75 0.85 0.46 0.82 0.53 0.99
0.88 0.03 0.83 0.50 0.91 0.81 0.94
0.71 0.51 0.53 0.65 0.93 0.77 0.99
0.86 0.61 0.40 0.70 0.50 0.64 0.90
0.80 0.85 0.54 0.93 0.69 0.10 0.56
0.51 0.81 0.61 0.61 0.68 0.52 0.68
0.96 0.55 0.81 0.14 0.79 0.95 0.72
0.83 0.84 0.86 0.56 0.43 0.14 0.36
0.61 0.96 0.01 1.00 0.69 0.81 0.74
0.85 0.63 0.93 0.92 0.06 0.88 0.58
0.41 0.84 0.92 0.73 0.73 0.85 0.99
0.94 0.72 0.98 0.66 0.65 0.54 0.81
0.61 0.93 0.99 0.73 0.67 0.07 0.59
0.06 0.88 0.27 0.20 0.38 0.52 0.55
0.73 0.45 0.40 0.69 0.99 0.45 0.72
0.61 0.69 0.41 0.73 0.54 0.95 0.78
0.79 0.55 0.62 0.98 0.64 0.67 0.27
0.73 0.79 0.91 0.26 0.62 0.97 0.73
0.77 0.04 0.77 0.94 0.78 0.52 0.82
0.68 0.58 0.01 0.73 0.64 0.77 0.56
0.31 0.32 0.62 0.92 0.73 0.92 0.68
0.13 0.63 0.62 0.50 0.45 0.57 0.53
0.63 0.74 0.32 0.16 0.82 0.82 1.00
0.66 0.91 0.74 0.74 0.70 0.32 0.86
0.58 0.69 0.69 0.80 0.81 0.51 0.45
0.53 0.13 0.26 0.58 0.99 0.96 0.83
0.52 0.06 0.97 0.99 0.55 0.92 0.98
0.21 0.52 0.80 1.00 0.83 0.51 0.98
0.66 0.62 0.40 0.77 0.86 0.77 0.51
0.35 0.70 0.71 0.86 0.77 0.68 0.16
0.85 0.84 0.59 0.90 0.16 0.67 0.54
0.91 0.85 0.61 0.01 0.80 0.94 0.89
0.89 0.67 0.15 0.70 0.63 0.14 0.76
0.96 0.66 0.52 0.67 0.71 0.96 0.71
0.64 0.88 0.62 0.56 0.14 0.75 0.71
0.98 0.34 0.68 0.70 0.59 0.95 0.86
0.43 0.37 0.56 0.58 0.84 0.75 0.82
0.74 0.65 0.56 0.97 0.82 0.54 0.76
0.82 0.59 0.52 0.84 0.76 0.47 0.82
0.92 0.81 0.93 0.36 0.91 0.75 0.91
0.89 0.85 0.15 0.22 0.59 0.65 0.88
0.94 0.54 0.98 0.83 0.76 0.60 0.82
0.68 0.72 0.42 0.76 0.70 0.64 0.43
0.33 0.11 0.67 0.09 0.99 0.86 0.81
0.67 0.51 0.96 0.42 0.58 0.57 0.17
0.81 0.74 0.60 0.14 0.97 0.62 0.51
0.93 0.95 0.96 0.06 0.75 0.53 0.54
0.57 0.23 0.31 0.56 0.24 0.76 0.51
0.58 0.80 0.23 0.58 0.53 0.99 0.98
0.56 0.37 0.53 0.83 0.22 0.78 0.66
0.35 0.54 0.92 0.94 0.98 0.65 0.87
0.53 0.87 0.52 0.54 0.01 0.29 0.54
0.47 0.68 0.55 0.58 0.77 0.08 0.84
0.89 0.82 0.54 0.64 0.96 0.13 0.69
0.11 0.80 0.51 0.51 0.80 0.66 0.92
0.73 0.78 0.53 0.66 0.74 0.30 0.55
0.97 0.95 0.69 0.77 0.86 0.52 0.17
0.78 1.00 0.91 0.28 0.77 0.54 0.54
0.66 0.90 0.34 0.66 0.99 0.55 0.42
0.61 0.90 0.93 0.53 0.76 0.22 0.96
0.93 0.70 0.74 0.15 0.29 0.25 0.13
0.51 0.60 0.72 0.70 0.53 0.29 0.05
0.75 0.67 0.93 0.01 0.73 0.61 0.99
0.76 0.43 0.22 0.91 0.59 0.95 0.87
0.94 0.66 0.09 0.79 0.24 0.31 0.91
0.64 0.51 0.27 0.80 0.72 0.76 0.99
0.51 0.93 0.81 0.99 0.69 0.87 0.03
0.87 0.68 0.06 0.85 0.39 0.97 0.79
0.96 0.15 0.57 0.68 0.75 0.92 0.90
0.60 0.70 0.24 0.59 0.78 0.84 0.56
0.47 0.78 0.12 0.54 0.95 0.79 0.59
0.59 0.53 0.72 0.16 0.73 0.86 0.86
0.45 0.78 0.59 0.55 0.51 0.46 0.64
0.96 0.55 0.60 0.15 0.04 0.51 0.80
0.61 0.64 0.59 0.41 0.65 0.54 0.58
0.21 0.61 0.77 0.56 0.99 0.97 0.73
0.92 0.09 0.73 0.91 0.82 0.79 0.97
0.86 0.78 0.54 0.81 0.60 0.73 0.76
0.99 0.49 0.72 0.84 0.93 0.71 0.96
0.61 0.84 0.19 0.51 0.68 0.77 0.57
0.90 0.89 0.50 0.51 0.60 0.71 0.05
0.60 0.72 0.51 0.77 0.88 0.42 0.74
0.52 0.71 0.28 0.62 0.83 0.58 0.52
0.12 0.75 0.75 0.59 0.68 0.72 0.86
0.28 0.59 0.35 0.82 0.76 0.23 0.60
0.97 0.98 0.17 0.92 0.61 0.93 0.49
0.53 0.93 0.72 0.68 0.03 0.21 0.53
0.20 0.73 0.52 0.89 0.84 0.80 0.59
0.89 0.54 0.56 0.81 0.57 0.63 0.60
0.80 0.69 0.35 0.51 1.00 0.84 0.56
1.00 0.82 0.61 0.94 0.26 0.58 0.64
0.94 0.56 0.34 0.99 0.64 0.63 0.69
0.99 0.48 0.52 0.49 0.77 0.62 0.01
0.62 0.17 0.78 0.82 0.96 0.83 0.81
0.27 0.87 0.69 0.73 0.80 0.91 0.26
0.55 0.08 0.97 0.26 0.82 0.99 0.90
0.13 0.86 0.59 0.12 0.78 0.79 0.84
0.81 0.13 0.52 0.93 0.63 0.86 0.83
0.65 0.54 0.95 0.52 0.77 0.78 0.97
0.57 0.89 0.85 0.62 0.86 0.53 0.52
0.65 0.79 0.97 0.32 0.78 0.06 0.51
0.56 0.51 0.60 0.89 0.72 0.72 0.31
0.53 0.91 0.81 0.26 0.70 0.56 0.19
0.77 0.54 0.69 0.70 0.24 0.66 0.93
0.55 0.66 0.79 0.20 0.99 0.69 0.99
0.88 0.80 0.70 0.33 0.80 0.88 0.53
0.04 0.81 0.69 0.12 0.82 0.83 0.69
0.73 0.19 0.98 0.53 0.68 0.59 0.69
0.84 0.22 0.77 0.87 0.66 0.64 0.92
0.51 0.52 0.95 0.54 0.55 0.62 0.67
0.94 0.75 0.66 0.60 0.02 0.97 0.58
0.72 0.67 0.22 0.88 0.85 0.77 0.53
0.40 0.77 0.54 0.95 0.62 0.59 0.69
0.62 0.56 0.85 0.05 0.84 0.65 0.54
0.66 0.90 0.02 0.60 0.65 0.51 0.92
0.59 0.98 0.01 0.75 0.57 0.79 0.34
0.53 0.46 0.87 0.93 0.99 0.75 0.78
0.51 0.66 0.99 0.83 0.26 0.82 0.51
0.47 0.87 0.13 0.72 0.89 0.83 0.98
0.59 0.88 0.14 0.63 0.88 0.70 0.17
0.76 0.53 0.53 0.77 0.75 0.50 0.96
0.51 0.61 0.60 0.82 0.44 0.18 1.00
0.87 0.97 0.91 0.51 0.67 0.51 0.69
0.74 0.56 0.90 0.63 0.86 0.58 0.56
0.80 0.09 0.64 0.55 0.94 0.77 0.56
0.32 0.61 0.60 0.54 0.78 0.71 0.74
0.21 0.74 0.61 0.90 0.89 0.77 0.66
0.59 0.39 0.91 0.88 0.57 0.72 0.61
0.67 0.58 0.53 0.64 0.97 0.65 0.58
0.56 0.56 0.99 0.85 0.58 0.57 0.56
0.72 0.18 0.05 0.43 0.90 0.51 0.25
0.60 0.57 0.72 0.45 0.91 0.57 0.64
0.08 0.70 0.76 0.52 0.49 0.83 0.80
0.60 0.64 0.73 0.20 0.93 0.55 0.98
0.34 0.57 0.42 1.00 0.76 0.83 0.64
0.69 0.72 0.82 0.16 0.81 0.79 0.35
0.87 0.58 0.10 0.55 0.77 0.94 0.99
0.90 0.52 0.51 0.29 0.04 0.62 0.07
0.94 0.07 0.62 0.94 0.96 0.84 0.38
0.60 0.75 0.94 0.25 0.70 0.78 0.82
0.74 0.41 0.91 0.93 0.60 0.70 0.63
0.67 0.68 0.53 0.82 0.19 0.56 0.78
0.29 0.66 0.64 0.71 0.56 0.16 0.71
0.22 0.83 0.71 0.59 0.93 0.95 0.52
1.00 0.72 0.51 0.18 0.93 0.05 0.83
0.61 0.07 0.64 0.53 0.52 0.91 0.95
0.51 0.51 0.89 0.70 0.79 0.98 0.55
0.56 0.88 0.05 0.67 0.03 0.69 0.99
0.74 0.67 0.34 0.13 0.97 0.25 0.64
0.37 0.05 0.60 0.48 0.54 0.95 0.92
0.52 0.73 0.85 0.71 0.20 0.64 0.70
0.77 0.98 0.67 0.99 0.95 0.45 0.28
0.95 0.31 0.37 0.96 0.83 0.68 0.45
0.61 0.94 0.16 0.53 0.64 0.54 0.70
0.41 0.11 0.99 0.88 0.80 0.68 0.87
0.25 0.85 0.78 1.00 0.39 0.64 0.61
0.56 0.47 0.19 0.76 0.54 0.79 0.89
0.63 0.75 0.58 0.51 0.66 0.51 0.15
0.19 0.83 0.53 0.90 0.71 0.83 0.56
0.76 0.78 0.55 0.78 0.75 0.89 0.34
0.86 0.11 0.51 0.99 0.91 0.68 0.81
0.76 0.60 0.65 0.32 0.90 0.94 0.82
0.94 0.57 0.99 0.57 0.96 0.06 0.37
0.90 0.64 0.72 0.92 0.19 0.58 0.64
0.62 0.56 0.11 0.88 0.28 0.59 0.62
0.81 0.58 0.97 0.23 0.93 0.52 0.59
0.97 0.58 0.03 0.70 0.68 0.95 0.85
0.74 0.58 0.61 0.15 0.71 0.87 0.59
0.83 0.54 0.82 0.87 0.52 0.64 0.74
0.56 0.26 0.65 0.95 0.53 0.77 0.72
0.64 0.24 0.91 0.71 0.86 0.66 0.84
0.55 0.14 0.38 0.36 0.53 0.93 0.56
0.69 0.84 0.69 0.90 0.81 0.18 0.25
0.07 0.73 0.68 0.57 0.91 0.55 0.51
0.64 0.80 0.63 0.67 0.99 0.38 0.24
0.99 0.51 0.67 0.93 0.74 0.63 0.25
0.71 0.90 0.61 0.21 0.54 0.98 0.18
