200 7
89 28 5 66 99 81 20
85 87 44 52 80 94 91
91 3 90 87 89 31 94
53 75 75 79 11 66 57
91 36 79 64 85 14 98
89 71 60 98 91 76 76
71 72 17 78 56 87 58
71 52 52 82 93 81 81
75 59 54 97 43 51 57
60 53 61 33 8 84 83
43 59 56 49 48 56 6
66 53 69 34 92 61 6
97 65 59 96 45 63 94
90 92 83 53 46 59 79
90 55 82 93 62 13 89
43 80 78 67 78 1 78
71 61 43 10 95 68 80
90 53 26 74 70 70 58
67 80 70 65 80 28 68
64 84 2 86 65 72 63
92 74 56 54 11 72 65
78 53 14 56 86 18 55
54 21 74 80 85 88 90
79 75 85 46 82 53 99
88 3 83 50 91 81 94
71 51 53 65 93 77 99
86 61 40 70 50 64 90
80 85 54 93 69 10 56
51 81 61 61 68 52 68
96 55 81 14 79 95 72
83 84 86 56 43 14 36
61 96 1 100 69 81 74
85 63 93 92 6 88 58
41 84 92 73 73 85 99
94 72 98 66 65 54 81
61 93 99 73 67 7 59
6 88 27 20 38 52 55
73 45 40 69 99 45 72
61 69 41 73 54 95 78
79 55 62 98 64 67 27
73 79 91 26 62 97 73
77 4 77 94 78 52 82
68 58 1 73 64 77 56
31 32 62 92 73 92 68
13 63 62 50 45 57 53
63 74 32 16 82 82 100
66 91 74 74 70 32 86
58 69 69 80 81 51 45
53 13 26 58 99 96 83
52 6 97 99 55 92 98
21 52 80 100 83 51 98
66 62 40 77 86 77 51
35 70 71 86 77 68 16
85 84 59 90 16 67 54
91 85 61 1 80 94 89
89 67 15 70 63 14 76
96 66 52 67 71 96 71
64 88 62 56 14 75 71
98 34 68 70 59 95 86
43 37 56 58 84 75 82
74 65 56 97 82 54 76
82 59 52 84 76 47 82
92 81 93 36 91 75 91
89 85 15 22 59 65 88
94 54 98 83 76 60 82
68 72 42 76 70 64 43
33 11 67 9 99 86 81
67 51 96 42 58 57 17
81 74 60 14 97 62 51
93 95 96 6 75 53 54
57 23 31 56 24 76 51
58 80 23 58 53 99 98
56 37 53 83 22 78 66
35 54 92 94 98 65 87
53 87 52 54 1 29 54
47 68 55 58 77 8 84
89 82 54 64 96 13 69
11 80 51 51 80 66 92
73 78 53 66 74 30 55
97 95 69 77 86 52 17
78 100 91 28 77 54 54
66 90 34 66 99 55 42
61 90 93 53 76 22 96
93 70 74 15 29 25 13
51 60 72 70 53 29 5
75 67 93 1 73 61 99
76 43 22 91 59 95 87
94 66 9 79 24 31 91
64 51 27 80 72 76 99
51 93 81 99 69 87 3
87 68 6 85 39 97 79
96 15 57 68 75 92 90
60 70 24 59 78 84 56
47 78 12 54 95 79 59
59 53 72 16 73 86 86
45 78 59 55 51 46 64
96 55 60 15 4 51 80
61 64 59 41 65 54 58
21 61 77 56 99 97 73
92 9 73 91 82 79 97
86 78 54 81 60 73 76
99 49 72 84 93 71 96
61 84 19 51 68 77 57
90 89 50 51 60 71 5
60 72 51 77 88 42 74
52 71 28 62 83 58 52
12 75 75 59 68 72 86
28 59 35 82 76 23 60
97 98 17 92 61 93 49
53 93 72 68 3 21 53
20 73 52 89 84 80 59
89 54 56 81 57 63 60
80 69 35 51 100 84 56
100 82 61 94 26 58 64
94 56 34 99 64 63 69
99 48 52 49 77 62 1
62 17 78 82 96 83 81
27 87 69 73 80 91 26
55 8 97 26 82 99 90
13 86 59 12 78 79 84
81 13 52 93 63 86 83
65 54 95 52 77 78 97
57 89 85 62 86 53 52
65 79 97 32 78 6 51
56 51 60 89 72 72 31
53 91 81 26 70 56 19
77 54 69 70 24 66 93
55 66 79 20 99 69 99
88 80 70 33 80 88 53
4 81 69 12 82 83 69
73 19 98 53 68 59 69
84 22 77 87 66 64 92
51 52 95 54 55 62 67
94 75 66 60 2 97 58
72 67 22 88 85 77 53
40 77 54 95 62 59 69
62 56 85 5 84 65 54
66 90 2 60 65 51 92
59 98 1 75 57 79 34
53 46 87 93 99 75 78
51 66 99 83 26 82 51
47 87 13 72 89 83 98
59 88 14 63 88 70 17
76 53 53 77 75 50 96
51 61 60 82 44 18 100
87 97 91 51 67 51 69
74 56 90 63 86 58 56
80 9 64 55 94 77 56
32 61 60 54 78 71 74
21 74 61 90 89 77 66
59 39 91 88 57 72 61
67 58 53 64 97 65 58
56 56 99 85 58 57 56
72 18 5 43 90 51 25
60 57 72 45 91 57 64
8 70 76 52 49 83 80
60 64 73 20 93 55 98
34 57 42 100 76 83 64
69 72 82 16 81 79 35
87 58 10 55 77 94 99
90 52 51 29 4 62 7
94 7 62 94 96 84 38
60 75 94 25 70 78 82
74 41 91 93 60 70 63
67 68 53 82 19 56 78
29 66 64 71 56 16 71
22 83 71 59 93 95 52
100 72 51 18 93 5 83
61 7 64 53 52 91 95
51 51 89 70 79 98 55
56 88 5 67 3 69 99
74 67 34 13 97 25 64
37 5 60 48 54 95 92
52 73 85 71 20 64 70
77 98 67 99 95 45 28
95 31 37 96 83 68 45
61 94 16 53 64 54 70
41 11 99 88 80 68 87
25 85 78 100 39 64 61
56 47 19 76 54 79 89
63 75 58 51 66 51 15
19 83 53 90 71 83 56
76 78 55 78 75 89 34
86 11 51 99 91 68 81
76 60 65 32 90 94 82
94 57 99 57 96 6 37
90 64 72 92 19 58 64
62 56 11 88 28 59 62
81 58 97 23 93 52 59
97 58 3 70 68 95 85
74 58 61 15 71 87 59
83 54 82 87 52 64 74
56 26 65 95 53 77 72
64 24 91 71 86 66 84
55 14 38 36 53 93 56
69 84 69 90 81 18 25
7 73 68 57 91 55 51
64 80 63 67 99 38 24
99 51 67 93 74 63 25
71 90 61 21 54 98 18
