200 7
0 46 35 17 53 22 16
92 75 59 76 60 1 86
55 89 11 72 80 83 96
60 2 98 79 58 86 41
55 26 93 81 70 56 82
77 83 81 72 3 77 57
52 90 98 48 52 22 62
97 100 1 67 55 72 58
89 86 62 74 52 58 76
53 65 74 75 52 70 63
65 90 71 93 30 72 65
92 96 88 55 50 95 26
99 56 20 80 72 56 61
89 68 66 90 52 54 62
89 76 93 93 8 88 79
53 66 75 79 52 66 10
67 69 80 96 11 63 73
70 82 31 90 78 2 61
59 60 3 92 48 100 96
94 72 97 99 10 91 3
74 90 98 68 22 94 23
77 67 10 41 64 96 58
86 90 62 51 51 75 68
62 95 86 66 51 90 60
81 78 20 55 97 52 66
42 69 74 66 40 81 96
92 8 88 52 81 96 84
84 13 71 85 98 70 86
93 30 57 72 97 53 100
71 93 53 83 94 19 83
100 78 21 83 80 21 54
70 42 90 71 92 2 59
92 44 70 72 51 91 51
69 57 77 63 40 95 53
89 65 51 54 97 12 59
44 63 34 69 55 52 80
69 86 84 77 4 53 99
69 100 64 60 46 74 66
57 10 65 66 53 74 76
95 95 18 61 59 90 92
86 55 93 65 41 91 52
98 78 24 73 79 53 68
52 7 72 29 72 60 79
86 70 51 87 62 20 59
90 95 76 56 9 53 92
83 64 1 72 81 74 71
81 42 90 95 61 51 61
100 34 55 53 72 97 85
61 84 65 69 70 8 69
83 91 81 99 51 55 3
76 15 57 49 93 82 82
97 12 89 51 71 56 69
21 96 11 64 75 73 76
62 60 14 90 6 86 69
19 63 66 55 30 93 55
62 74 90 53 90 14 81
51 21 59 91 83 67 93
32 73 99 96 31 75 52
99 53 59 69 3 60 68
62 22 98 72 79 69 68
96 26 61 72 91 92 86
63 72 93 60 89 13 66
4 88 98 4 69 81 57
56 39 74 82 75 49 53
80 67 76 16 87 2 73
77 91 5 49 88 57 59
91 25 54 68 51 84 51
64 84 87 91 61 9 97
20 98 33 77 89 91 57
55 90 72 2 52 97 77
18 95 75 59 21 94 68
87 72 67 88 44 67 95
82 86 54 56 17 83 78
65 98 74 96 49 31 73
69 69 58 88 51 84 18
60 10 4 86 64 27 100
76 86 82 7 83 71 76
95 92 23 8 63 92 64
98 65 21 59 99 87 67
89 61 50 76 51 86 98
88 79 15 96 94 68 85
69 53 96 46 23 94 27
8 54 87 41 23 3 37
81 59 84 52 59 100 4
57 78 93 19 50 60 83
35 17 58 57 86 68 66
73 67 17 82 81 31 85
5 75 52 77 18 100 86
76 97 65 71 20 63 93
81 54 12 65 53 99 24
89 25 53 28 84 72 8
92 16 91 57 85 59 60
62 70 24 85 91 58 21
74 81 65 80 15 70 85
55 62 83 77 53 60 11
9 51 87 91 89 4 92
72 73 63 70 56 98 13
84 19 41 75 88 15 90
59 97 83 79 14 77 85
86 14 54 77 23 100 75
33 77 60 11 85 79 72
62 30 33 69 92 30 96
53 17 87 63 68 67 98
64 95 86 72 66 100 10
93 82 51 64 91 11 24
98 53 52 51 28 60 97
79 80 63 73 51 87 70
58 74 62 98 83 87 15
86 49 28 59 65 94 61
73 61 15 79 84 56 57
92 74 61 13 88 68 76
71 88 57 84 89 69 15
99 58 81 33 16 61 6
73 69 74 67 32 57 72
71 41 20 62 54 76 72
82 16 99 66 52 73 51
92 97 60 66 85 16 96
86 91 18 63 59 58 79
69 69 88 55 9 82 35
62 81 63 88 52 54 70
31 23 84 88 67 84 60
71 73 40 84 51 57 83
94 97 79 54 72 15 75
54 20 64 56 87 61 60
77 14 60 95 79 99 64
84 79 3 59 65 86 57
66 23 71 85 74 56 68
97 99 99 7 26 59 53
57 67 24 59 100 59 98
90 99 64 93 79 91 13
68 73 58 54 18 78 2
53 92 66 1 97 83 86
99 32 98 18 73 80 90
61 51 64 36 52 97 66
67 16 96 76 96 71 65
77 69 5 57 62 57 57
2 100 73 81 45 70 98
18 79 82 91 61 17 53
73 43 13 82 74 67 36
62 79 71 69 69 15 51
69 98 63 96 99 1 59
60 24 59 38 88 68 70
26 74 90 82 5 45 95
96 9 82 61 54 58 74
74 85 59 59 28 70 67
78 91 70 84 88 75 9
96 76 35 81 42 66 80
51 28 39 59 78 78 74
60 4 90 67 73 51 91
66 4 58 81 54 85 70
51 61 30 25 90 54 53
59 66 93 51 90 53 11
90 89 54 51 52 62 67
71 94 95 88 62 52 2
56 68 64 87 52 70 91
68 93 5 53 73 89 91
73 85 7 98 75 60 46
71 79 56 56 51 88 76
61 61 86 9 80 57 66
20 51 3 97 55 72 72
23 2 69 90 61 51 76
97 68 24 98 68 5 100
63 76 63 94 52 74 75
60 80 31 83 53 72 71
62 71 68 76 43 62 20
51 36 94 69 64 79 89
88 79 55 73 5 60 50
75 65 64 86 94 95 13
88 37 76 55 60 5 66
81 53 3 66 71 79 55
59 5 63 86 56 51 91
92 73 66 71 52 73 90
93 95 63 100 61 4 85
92 58 32 41 88 75 58
59 74 67 91 64 6 58
56 84 44 99 51 57 56
67 20 62 90 80 51 58
60 51 100 67 71 63 3
62 26 61 82 58 100 67
59 66 86 86 62 11 97
51 68 60 68 2 87 31
84 78 12 66 98 81 5
61 86 77 83 22 24 69
81 94 3 80 68 93 55
85 100 19 54 100 96 10
73 97 52 56 36 77 94
46 66 84 92 51 42 94
86 62 90 87 85 65 1
97 8 80 10 74 60 99
63 13 61 87 74 100 88
52 86 45 64 51 93 62
82 60 75 68 44 58 64
69 48 72 88 51 63 70
82 92 83 11 68 55 86
65 98 73 58 98 93 8
51 92 20 83 54 90 77
72 94 66 83 37 76 67
88 68 3 72 63 60 61
75 66 17 68 52 65 85
81 53 59 88 20 73 70
