1.00 0.68 0.96 0.80
0.34 0.99 0.95 0.62
0.32 0.12 0.60 0.59
1.00 0.63 0.16 0.08
0.19 0.10 0.71 0.83
0.63 0.66 0.11 0.58
0.96 0.67 0.88 0.22
0.94 0.10 0.15 0.76
0.98 0.65 0.31 0.52
0.03 0.62 0.68 0.21
0.59 0.03 0.55 0.57
0.42 0.59 0.40 0.61
0.86 0.12 0.29 0.73
0.36 0.80 0.24 0.78
0.87 0.92 0.46 0.16
0.04 0.09 0.79 0.31
0.76 0.35 0.72 0.27
0.65 0.93 0.59 0.54
0.31 0.83 0.50 0.96
0.76 0.99 0.20 0.55
0.61 0.01 0.51 0.57
0.37 0.73 0.23 0.52
0.50 0.91 0.85 0.03
0.58 0.85 0.48 0.30
0.49 0.55 0.67 0.46
0.98 0.35 0.51 0.22
0.73 0.62 0.06 0.34
0.73 0.48 0.09 0.83
0.53 0.80 0.72 0.18
0.48 1.00 0.84 0.11
0.59 0.23 0.23 0.86
0.89 0.86 0.59 0.10
0.10 0.71 0.97 0.10
0.63 0.30 0.12 0.94
0.96 0.55 0.82 0.21
0.29 0.69 0.33 0.82
0.14 0.29 0.42 0.83
0.02 0.76 0.74 0.05
0.21 0.62 0.08 0.55
0.73 0.47 0.36 0.58
0.85 0.04 0.09 0.70
0.49 0.16 0.08 0.30
0.08 0.67 0.01 0.77
0.19 0.74 0.20 0.61
0.55 0.89 0.12 0.12
0.08 0.26 0.50 0.76
0.23 0.31 0.37 0.60
0.52 0.01 0.99 0.98
0.28 0.13 0.06 0.32
0.93 0.43 0.69 0.03
0.66 0.54 0.05 0.46
0.92 0.03 0.22 0.33
0.68 0.51 0.62 0.21
0.02 0.79 0.72 0.88
0.51 0.98 0.15 0.20
1.00 0.39 0.06 0.12
0.60 0.04 0.31 0.48
0.12 0.61 0.31 0.32
0.97 0.87 0.11 0.26
0.94 0.90 0.51 0.01
0.57 0.12 0.73 0.53
0.94 0.61 0.68 0.08
0.89 0.72 0.64 0.03
0.90 0.62 0.55 0.12
0.17 0.76 0.56 0.12
0.87 0.60 0.74 0.17
0.56 0.81 0.02 0.19
0.41 0.09 0.95 0.16
0.88 0.02 0.80 0.05
0.42 0.64 0.78 0.13
0.05 0.89 0.31 0.54
0.14 0.41 0.43 0.58
0.91 0.32 0.05 0.93
0.33 0.52 0.83 0.19
0.31 0.61 0.58 0.25
0.58 0.56 0.05 0.29
0.27 0.77 0.26 0.23
0.31 0.03 0.09 0.84
0.80 0.60 0.55 0.09
0.57 0.15 0.74 0.02
0.01 0.35 0.78 0.54
0.92 0.16 0.36 0.05
0.44 0.81 0.05 0.54
0.20 0.97 0.18 0.50
0.01 0.76 0.97 0.30
0.46 0.83 0.59 0.09
0.86 0.53 0.72 0.18
0.32 0.53 0.71 0.08
0.66 0.74 0.48 0.26
0.45 0.58 0.26 0.05
0.52 0.03 0.68 0.23
0.56 0.90 0.23 0.06
0.69 0.05 0.33 0.11
0.54 0.71 0.07 0.30
0.06 0.52 0.44 0.21
0.02 0.85 0.69 0.80
0.93 0.53 0.01 0.07
0.79 0.51 0.58 0.05
0.68 0.59 0.02 0.71
0.60 0.46 0.15 0.21
0.08 0.82 1.00 0.03
0.02 0.64 0.63 0.95
0.07 0.43 0.76 0.59
0.54 0.09 0.16 0.72
0.20 0.24 0.65 0.24
0.12 0.79 0.27 0.28
0.11 0.21 0.35 0.93
0.87 0.29 0.54 0.05
0.40 0.65 0.01 0.80
0.36 0.07 0.76 0.23
0.80 0.05 0.03 0.19
0.25 0.73 0.67 0.13
0.26 0.04 0.79 0.99
0.24 0.68 0.88 0.06
0.21 0.48 0.49 0.41
0.26 0.33 0.58 0.58
0.89 0.01 0.03 0.65
0.27 0.24 0.56 0.91
0.04 0.45 0.07 0.78
0.03 0.72 0.36 0.57
0.04 0.32 0.52 0.32
0.11 0.18 0.05 0.29
0.55 0.01 0.08 0.83
0.23 0.78 0.44 0.08
0.08 0.03 0.07 0.66
0.14 0.81 0.01 0.68
0.28 0.24 0.51 0.01
0.25 0.49 0.36 0.16
0.55 0.90 0.03 0.31
0.03 0.67 0.55 0.79
0.12 1.00 0.20 0.21
0.01 0.92 0.17 0.70
0.95 0.07 0.66 0.03
0.82 0.83 0.35 0.04
0.94 0.04 0.11 0.38
0.96 0.01 0.70 0.15
0.59 0.12 0.42 0.58
0.77 0.02 0.89 0.01
0.01 0.92 0.51 0.09
0.74 0.34 0.05 0.14
0.62 0.78 0.01 0.44
0.03 0.07 0.13 0.22
0.40 0.92 0.31 0.06
0.01 0.80 0.14 0.55
0.51 0.03 0.04 0.69
0.84 0.67 0.18 0.04
0.81 0.54 0.17 0.09
0.16 0.52 0.91 0.10
0.57 0.58 0.02 0.66
0.01 0.41 0.14 0.71
0.80 0.03 0.19 0.41
0.08 0.68 0.01 0.40
0.84 0.51 0.12 0.11
0.05 0.01 0.92 0.59
0.03 0.45 0.87 0.09
0.51 0.53 0.29 0.08
0.53 0.09 0.95 0.06
0.80 0.62 0.05 0.09
0.16 0.41 0.58 0.20
0.85 0.01 0.03 0.10
0.14 0.97 0.61 0.08
0.39 0.05 0.56 0.61
0.01 0.29 0.85 0.54
0.44 0.54 0.27 0.19
0.17 0.01 0.53 0.01
0.45 0.81 0.22 0.08
0.51 0.66 0.11 0.05
0.99 0.83 0.48 0.02
0.65 0.45 0.02 0.87
0.02 0.81 0.56 0.17
0.76 0.63 0.31 0.03
0.62 0.57 0.11 0.16
0.09 0.45 0.12 0.14
0.32 0.81 0.39 0.13
0.61 0.07 0.25 0.13
0.01 0.26 0.16 0.04
0.70 0.24 0.45 0.08
0.84 0.12 0.15 0.07
0.91 0.43 0.02 0.25
0.24 0.02 0.52 0.42
0.04 0.06 0.31 0.56
0.21 0.94 0.12 0.01
0.02 0.81 0.08 0.84
0.51 0.17 0.20 0.17
0.46 0.02 0.16 0.22
0.04 0.60 0.76 0.01
0.32 0.11 0.08 0.17
0.68 0.07 0.10 0.61
0.50 0.01 0.20 0.86
0.17 0.65 0.01 0.23
0.06 0.14 0.21 0.16
0.38 0.06 0.12 0.57
0.39 0.01 0.19 0.91
0.73 0.25 0.01 0.52
0.66 0.01 0.28 0.53
0.04 0.58 0.11 0.71
0.57 0.45 0.38 0.02
0.03 0.01 0.03 0.35
0.94 0.22 0.16 0.04
0.60 0.51 0.01 0.93
0.16 0.97 0.28 0.01
0.13 0.96 0.01 0.34
0.36 0.09 0.06 0.09
0.02 0.14 0.96 0.24
0.13 0.24 0.80 0.04
0.41 0.56 0.01 0.58
0.12 0.04 1.00 0.07
0.15 0.37 0.08 0.02
0.03 0.65 0.79 0.02
0.01 0.20 0.83 0.09
0.57 0.02 0.15 0.29
0.61 0.41 0.02 1.00
0.32 0.05 0.42 0.34
0.04 0.19 0.72 0.14
0.76 0.10 0.52 0.01
0.01 0.22 0.68 0.15
0.71 0.62 0.01 0.12
0.52 0.27 0.05 0.05
0.85 0.06 0.14 0.02
0.26 0.04 0.02 0.64
0.02 0.20 0.66 0.19
0.30 0.55 0.01 0.23
0.13 0.06 0.36 0.26
0.69 0.89 0.40 0.01
0.01 0.57 0.05 0.69
0.73 0.03 0.44 0.04
0.60 0.60 0.07 0.03
0.53 0.86 0.01 0.15
0.83 0.15 0.01 0.98
0.74 0.03 0.04 0.10
0.81 0.51 0.01 0.21
0.45 0.21 0.01 0.91
0.01 0.12 0.06 0.88
0.01 0.23 0.02 0.28
0.54 0.55 0.03 0.07
0.43 0.38 0.45 0.01
0.27 0.01 0.33 0.23
0.60 0.03 0.06 0.07
0.02 0.17 0.59 0.13
0.88 0.01 0.23 0.09
0.40 0.06 0.18 0.18
0.34 0.23 0.46 0.09
0.55 0.01 0.06 0.05
0.01 0.19 0.87 0.10
0.16 0.09 0.71 0.21
0.02 0.05 0.62 0.57
0.88 0.13 0.46 0.01
0.01 0.17 0.71 0.82
0.68 0.15 0.01 0.68
0.32 0.15 0.21 0.02
0.85 0.14 0.41 0.01
0.68 0.08 0.01 0.96
0.27 0.15 0.44 0.11
0.47 0.01 0.31 0.05
0.01 0.03 0.30 0.88
0.11 0.05 0.92 0.34
0.07 0.43 0.60 0.03
0.74 0.52 0.03 0.12
0.08 0.06 0.80 0.12
0.79 0.81 0.03 0.02
0.01 0.19 0.85 0.25
0.20 0.06 0.16 0.08
0.31 0.75 0.43 0.01
0.02 0.09 0.38 0.51
0.86 0.79 0.37 0.01
0.02 0.52 0.82 0.01
0.62 0.45 0.03 0.16
0.42 0.61 0.02 0.03
0.06 0.13 0.47 0.19
0.06 0.05 0.99 0.21
0.63 0.06 0.37 0.03
0.34 0.03 0.28 0.04
0.18 0.23 0.07 0.15
0.07 0.82 0.08 0.16
0.30 0.55 0.41 0.01
0.51 0.86 0.14 0.01
0.23 0.51 0.15 0.01
0.08 0.13 0.06 0.02
0.52 0.34 0.12 0.01
0.10 0.91 0.02 0.22
0.07 0.06 0.06 0.07
0.60 0.25 0.04 0.08
0.07 0.04 0.63 0.26
0.02 1.00 0.54 0.02
0.35 0.10 0.26 0.01
0.07 0.91 0.03 0.02
0.18 0.62 0.38 0.01
0.34 0.77 0.04 0.21
0.74 0.56 0.02 0.22
0.42 0.15 0.01 1.00
0.68 0.54 0.01 0.33
0.09 0.52 0.49 0.01
0.67 0.13 0.01 0.43
0.05 0.54 0.71 0.03
0.80 0.37 0.01 0.33
0.01 0.03 0.84 0.33
0.06 0.09 0.73 0.05
0.15 0.04 0.33 0.21
0.04 0.25 0.52 0.04
0.63 0.02 0.17 0.04
0.22 0.56 0.17 0.01
0.12 0.02 0.93 0.20
0.02 0.03 0.62 0.07
0.03 0.57 0.19 0.01
0.27 0.01 0.39 0.10
0.33 0.85 0.03 0.08
0.59 0.58 0.02 0.19
0.53 0.34 0.02 0.01
0.36 0.08 0.05 0.31
0.02 0.09 0.28 0.97
0.10 0.17 0.01 0.76
0.63 0.35 0.01 0.47
0.90 0.60 0.01 0.09
0.45 0.14 0.04 0.06
0.58 0.12 0.15 0.03
0.69 0.02 0.46 0.01
0.02 0.72 0.69 0.03
0.01 0.77 0.34 0.03
0.01 0.22 0.23 0.11
0.82 0.11 0.02 0.11
0.14 0.99 0.04 0.01
0.85 0.05 0.02 0.41
0.16 0.01 0.76 0.01
0.02 0.01 0.55 0.74
0.01 0.56 0.01 0.98
0.66 0.34 0.01 0.75
0.52 0.08 0.01 0.78
0.11 0.05 0.53 0.21
0.28 0.54 0.01 0.15
0.04 0.06 0.84 0.05
0.52 0.33 0.01 0.03
0.35 0.77 0.04 0.02
0.70 0.10 0.02 0.20
0.02 0.70 0.58 0.01
0.09 0.37 0.01 0.86
0.02 0.57 0.01 0.23
0.02 0.15 0.37 0.58
0.32 1.00 0.01 0.13
0.08 0.06 0.92 0.04
0.07 0.14 0.02 0.72
0.58 0.25 0.01 0.63
0.09 0.77 0.08 0.01
0.02 0.10 0.29 0.24
0.02 0.51 0.63 0.02
0.05 0.23 0.66 0.05
0.04 0.75 0.04 0.13
0.04 0.16 0.61 0.13
0.05 0.15 0.02 0.96
0.33 0.28 0.01 0.06
0.33 0.05 0.15 0.30
0.03 0.05 0.02 0.84
0.85 0.06 0.01 0.62
0.17 0.77 0.04 0.11
0.30 0.05 0.08 0.04
0.01 0.16 0.67 0.86
0.26 0.85 0.05 0.05
0.27 0.82 0.02 0.05
0.01 0.71 0.20 0.02
0.51 0.07 0.38 0.01
0.63 0.04 0.01 0.54
0.02 0.64 0.16 0.02
0.19 0.73 0.01 0.08
0.08 0.74 0.05 0.19
0.02 0.14 0.17 0.39
0.21 0.06 0.01 0.29
0.04 0.16 0.52 0.03
0.07 0.06 0.05 0.20
0.06 0.82 0.05 0.01
0.01 0.03 0.19 0.92
0.54 0.04 0.01 0.72
0.85 0.04 0.03 0.06
0.01 0.04 0.96 0.17
0.26 0.07 0.27 0.04
0.02 0.63 0.15 0.03
0.12 0.08 0.01 0.39
0.45 0.81 0.01 0.04
0.29 0.69 0.02 0.14
0.06 0.31 0.15 0.09
0.02 0.06 0.48 0.74
0.09 0.17 0.53 0.01
0.01 0.01 0.73 0.54
0.03 0.53 0.14 0.11
0.49 0.35 0.09 0.01
0.26 0.80 0.03 0.04
0.08 0.01 0.94 0.08
0.06 0.02 0.98 0.19
0.06 0.51 0.61 0.02
0.29 0.63 0.05 0.05
0.02 0.02 0.51 0.26
0.02 0.60 0.55 0.02
0.81 0.18 0.13 0.01
0.09 0.11 0.83 0.01
0.14 0.03 0.13 0.28
0.05 0.08 0.26 0.07
0.08 0.02 0.68 0.05
0.01 0.01 0.72 0.67
0.02 0.13 0.04 0.82
0.62 0.01 0.02 0.57
0.58 0.02 0.05 0.13
0.94 0.01 0.52 0.04
0.76 0.06 0.43 0.01
0.58 0.26 0.04 0.04
0.15 0.15 0.38 0.01
0.11 0.83 0.03 0.05
0.53 0.23 0.03 0.15
0.01 0.76 0.02 0.20
0.07 0.86 0.01 0.17
0.75 0.27 0.05 0.01
0.21 0.04 0.51 0.03
0.12 0.02 0.64 0.07
0.05 0.54 0.56 0.02
0.02 0.01 0.24 0.84
0.01 0.21 0.38 0.78
0.05 0.65 0.01 0.08
0.04 0.25 0.75 0.01
0.13 0.04 0.71 0.02
0.23 0.01 0.46 0.12
0.15 0.11 0.45 0.05
0.20 0.10 0.18 0.05
0.92 0.20 0.01 0.02
0.20 0.01 0.16 0.24
0.01 1.00 0.15 0.09
0.53 0.21 0.04 0.05
0.05 0.15 0.61 0.01
0.01 0.05 0.66 0.33
0.22 0.40 0.04 0.18
0.62 0.17 0.03 0.04
0.31 0.59 0.01 0.04
0.09 0.05 0.61 0.02
0.34 0.14 0.38 0.01
0.06 0.51 0.01 0.76
0.81 0.03 0.01 0.42
0.03 0.14 0.29 0.10
0.01 0.21 0.37 0.30
0.82 0.06 0.01 0.21
0.52 0.04 0.09 0.12
0.11 0.01 0.72 0.21
0.88 0.59 0.01 0.01
0.33 0.04 0.30 0.18
0.20 0.24 0.03 0.27
0.01 0.30 0.79 0.02
0.13 0.03 0.65 0.02
0.43 0.15 0.04 0.02
0.04 0.20 0.01 0.53
0.89 0.04 0.07 0.02
0.86 0.04 0.16 0.03
0.04 0.61 0.11 0.09
0.07 0.18 0.49 0.05
0.02 0.04 0.38 0.66
0.01 0.07 0.15 0.12
0.39 0.02 0.28 0.14
0.15 0.09 0.85 0.01
0.66 0.03 0.01 0.46
0.64 0.17 0.01 0.25
0.74 0.03 0.02 0.31
0.91 0.14 0.08 0.01
0.01 0.22 0.08 0.06
0.61 0.05 0.03 0.03
0.60 0.15 0.01 0.16
0.32 0.02 0.01 0.71
0.05 0.55 0.03 0.08
0.35 0.85 0.01 0.01
0.31 0.33 0.10 0.01
0.05 0.01 0.92 0.23
0.28 0.03 0.02 0.99
0.03 0.10 0.10 0.11
0.26 0.53 0.04 0.05
0.10 0.01 0.63 0.28
0.54 0.22 0.01 0.04
0.29 0.30 0.04 0.06
0.19 0.31 0.01 0.05
0.52 0.05 0.06 0.15
0.75 0.01 0.01 0.69
0.02 0.67 0.46 0.01
0.27 0.63 0.03 0.04
0.06 0.14 0.52 0.06
0.41 0.18 0.01 0.23
0.03 0.11 0.69 0.02
0.10 0.02 0.65 0.21
0.01 0.15 0.07 0.37
0.01 0.83 0.87 0.01
0.13 0.01 0.80 0.17
0.05 0.16 0.09 0.20
0.52 0.10 0.22 0.02
0.04 0.02 0.80 0.16
0.76 0.19 0.02 0.10
0.01 0.11 0.55 0.04
0.01 0.06 0.63 0.71
0.93 0.01 0.12 0.03
0.58 0.29 0.16 0.01
0.20 0.02 0.44 0.21
0.04 0.01 0.29 0.02
0.01 0.05 0.47 0.67
0.05 0.14 0.01 0.21
0.02 0.01 0.40 0.34
0.17 0.77 0.04 0.03
0.01 0.05 0.57 0.64
0.48 0.02 0.27 0.06
0.03 0.93 0.04 0.12
0.63 0.02 0.02 0.13
0.02 0.67 0.03 0.19
0.01 0.02 0.83 0.25
0.12 0.01 0.05 0.18
0.01 0.68 0.48 0.02
0.53 0.03 0.31 0.01
0.03 0.12 0.49 0.02
0.03 0.06 0.25 0.17
0.01 0.53 0.04 0.15
0.11 0.49 0.01 0.17
0.13 0.76 0.09 0.01
0.01 0.03 0.09 0.68
0.88 0.13 0.01 0.11
0.01 0.32 0.02 0.14
0.19 0.38 0.37 0.01
0.34 0.79 0.01 0.03
0.16 0.08 0.02 0.06
0.01 0.67 0.54 0.03
0.54 0.01 0.19 0.01
0.27 0.07 0.07 0.05
0.70 0.07 0.07 0.02
0.63 0.02 0.05 0.06
0.02 0.28 0.86 0.02
0.03 0.70 0.01 0.07
0.42 0.20 0.11 0.01
0.01 0.25 0.12 0.05
0.04 0.16 0.72 0.01
0.13 0.13 0.56 0.01
0.19 0.87 0.02 0.04
0.01 0.19 0.05 0.89
0.02 0.17 0.06 0.51
0.03 0.09 0.77 0.01
0.77 0.03 0.01 0.43
0.59 0.01 0.04 0.15
0.03 0.52 0.63 0.01
0.01 0.44 0.10 0.02
0.04 0.20 0.10 0.04
0.22 0.86 0.04 0.02
0.02 0.02 0.36 0.52
0.79 0.02 0.01 0.52
0.07 0.19 0.02 0.11
0.26 0.02 0.11 0.08
0.01 0.82 0.01 0.55
0.51 0.02 0.23 0.06
0.03 0.17 0.01 0.91
0.70 0.01 0.17 0.04
0.84 0.20 0.01 0.12
0.69 0.01 0.01 0.98
0.01 0.10 0.50 0.01
0.12 0.06 0.84 0.01
0.50 0.01 0.07 0.10
0.72 0.03 0.03 0.02
0.03 0.04 0.04 0.27
0.33 0.77 0.02 0.03
0.01 0.01 0.95 0.10
0.01 0.05 0.51 0.61
0.05 0.54 0.21 0.01
0.19 0.05 0.24 0.08
0.02 0.04 0.98 0.05
0.15 0.11 0.01 0.08
0.01 0.04 0.60 0.50
0.13 0.05 0.04 0.13
0.05 0.85 0.06 0.01
0.50 0.01 0.04 0.07
0.71 0.33 0.03 0.02
0.60 0.02 0.02 0.57
0.74 0.16 0.02 0.05
0.02 0.03 0.18 0.60
0.83 0.06 0.03 0.01
0.29 0.69 0.01 0.01
0.02 0.19 0.04 0.77
0.01 0.08 0.40 0.09
0.06 0.60 0.01 0.10
0.78 0.08 0.16 0.01
0.20 0.04 0.01 0.78
0.73 0.10 0.13 0.01
0.01 0.05 0.76 0.06
0.55 0.02 0.13 0.03
0.36 0.59 0.02 0.01
0.01 0.26 0.02 0.22
0.01 0.01 0.17 0.44
0.12 0.05 0.01 0.75
0.14 0.91 0.02 0.05
0.02 0.07 0.04 0.72
0.39 0.33 0.02 0.02
0.07 0.75 0.07 0.02
0.03 0.37 0.03 0.01
0.14 0.10 0.20 0.04
0.70 0.12 0.04 0.02
0.06 0.05 0.02 0.68
0.02 0.18 0.48 0.06
0.01 0.09 0.09 0.66
0.12 0.07 0.02 0.61
0.68 0.02 0.13 0.02
0.40 0.01 0.01 0.71
0.22 0.33 0.11 0.01
0.05 0.04 0.67 0.01
0.02 0.01 0.07 0.93
0.04 0.52 0.02 0.13
0.02 0.21 0.07 0.32
0.78 0.09 0.01 0.08
