0.54 0.17 0.56 0.62
0.11 1.00 0.71 1.00
0.85 0.77 0.98 0.31
0.39 0.47 0.54 0.81
0.99 0.76 0.71 0.54
0.09 0.57 0.67 0.95
0.38 0.50 0.82 0.36
0.53 0.52 0.61 0.69
0.61 0.58 1.00 0.25
0.10 0.15 0.56 0.54
0.96 0.88 0.78 0.02
0.79 0.79 0.19 0.66
0.68 0.79 0.27 0.63
0.09 0.32 0.19 0.45
0.94 0.68 0.15 0.71
0.75 0.62 0.51 0.24
0.65 0.99 0.31 0.09
0.89 0.04 0.74 0.58
0.45 0.03 0.33 0.05
0.67 0.63 0.15 0.55
0.25 0.29 0.68 0.01
0.57 0.73 0.32 0.17
0.70 0.36 0.03 0.02
0.34 0.21 0.93 0.24
0.89 0.18 0.23 0.36
0.07 0.08 0.76 0.06
0.08 0.79 0.53 0.21
0.07 0.98 0.73 0.51
0.54 0.80 0.10 0.60
0.15 0.59 0.66 0.15
0.04 0.16 0.90 0.52
0.61 0.20 0.18 0.77
0.06 0.75 0.83 0.67
0.18 0.31 0.71 0.25
0.21 0.92 0.50 0.22
0.96 0.02 0.76 0.91
0.04 0.54 0.14 0.64
0.15 0.39 0.13 0.50
0.27 0.17 0.31 0.87
0.39 0.16 0.19 0.47
0.05 0.73 0.78 0.39
0.30 0.02 0.57 0.44
0.05 0.54 0.99 0.02
0.10 0.40 0.58 0.01
0.28 0.03 0.56 0.61
0.57 0.73 0.26 0.12
0.19 0.02 0.01 0.74
0.03 0.53 0.80 0.63
0.61 0.26 0.13 0.66
0.69 0.18 0.11 0.61
0.01 0.55 0.55 0.64
0.62 0.90 0.04 0.44
0.54 0.97 0.09 0.16
0.32 0.01 0.79 0.57
0.30 0.07 0.77 0.01
0.50 0.72 0.52 0.04
0.22 0.63 0.25 0.42
0.16 0.31 0.84 0.04
0.09 0.70 0.35 0.36
0.41 0.20 0.09 0.65
0.33 0.15 0.56 0.52
0.22 0.44 0.53 0.29
0.14 0.78 0.34 0.11
0.08 0.74 0.71 0.06
0.74 0.65 0.02 0.27
0.01 0.23 0.71 0.70
0.20 0.81 0.32 0.13
0.01 0.16 0.41 0.96
0.95 0.01 0.72 0.77
0.54 0.76 0.01 0.70
0.51 0.11 0.10 0.51
0.33 0.65 0.15 0.10
0.73 0.02 0.49 0.52
0.68 0.50 0.09 0.60
0.89 0.02 0.01 0.37
0.09 0.41 0.65 0.32
0.05 0.96 0.76 0.54
0.18 1.00 0.57 0.07
0.24 0.69 0.12 0.15
0.86 0.27 0.28 0.43
0.32 0.40 0.49 0.25
0.78 0.04 0.81 0.01
0.05 0.87 0.05 0.55
0.01 0.94 0.58 0.58
0.28 0.72 0.10 0.55
0.06 0.65 0.76 0.41
0.17 0.02 0.93 0.49
0.64 0.82 0.11 0.16
0.07 0.06 0.07 0.89
0.43 0.91 0.54 0.05
0.13 0.59 0.56 0.13
0.56 0.21 0.02 0.13
0.38 0.09 0.52 0.59
0.01 0.53 0.56 0.62
0.53 0.98 0.29 0.03
0.34 0.83 0.08 0.09
0.36 0.38 0.59 0.19
0.83 0.44 0.14 0.01
0.05 0.70 0.58 0.36
0.05 0.30 0.79 0.19
0.64 0.66 0.56 0.01
0.06 0.62 0.45 0.53
0.04 0.10 0.69 0.71
0.11 0.01 0.90 0.65
0.71 0.01 0.36 0.61
0.02 0.58 0.95 0.60
0.29 0.24 0.59 0.30
0.34 0.57 0.48 0.13
0.50 0.04 0.26 0.65
0.10 0.16 0.46 0.85
0.11 0.76 0.51 0.18
0.25 0.09 0.06 0.59
0.74 0.72 0.01 0.16
0.09 0.08 0.59 0.88
0.02 0.58 0.44 0.18
0.52 0.42 0.22 0.32
0.53 0.39 0.23 0.36
0.08 0.91 0.33 0.11
0.23 0.07 0.63 0.61
0.88 0.05 0.11 0.40
0.62 0.12 0.15 0.41
0.43 0.80 0.04 0.54
0.03 0.73 0.97 0.04
0.33 0.14 0.16 0.11
0.06 0.50 0.57 0.80
0.71 0.27 0.58 0.04
0.13 0.91 0.13 0.52
0.01 0.15 0.56 0.20
0.12 0.48 0.51 0.13
0.01 0.86 0.18 0.79
0.41 0.96 0.04 0.59
0.40 0.31 0.49 0.01
0.22 0.03 0.62 0.42
0.12 0.13 0.69 0.25
0.26 0.33 0.62 0.01
0.13 0.51 0.14 0.54
0.74 0.01 0.81 0.14
0.15 0.31 0.35 0.84
0.12 0.98 0.31 0.44
0.08 0.64 0.99 0.01
0.03 0.75 0.09 0.74
0.38 0.07 0.60 0.09
0.55 0.89 0.01 0.08
0.26 0.12 0.32 0.27
0.63 0.02 0.91 0.32
0.91 0.01 0.29 0.54
0.13 0.04 0.63 0.38
0.65 0.25 0.01 0.43
0.15 0.28 0.20 0.33
0.32 0.32 0.01 0.58
0.12 0.09 0.65 0.60
0.01 0.99 0.75 0.16
0.91 0.14 0.10 0.31
0.10 0.53 0.03 0.54
0.92 0.19 0.18 0.09
0.15 0.12 0.55 0.66
0.03 0.77 0.21 0.28
0.81 0.76 0.02 0.09
0.03 0.88 0.57 0.15
0.03 0.09 1.00 0.65
0.02 0.71 0.28 0.60
0.33 0.05 0.40 0.73
0.02 0.82 0.26 0.27
0.31 0.66 0.54 0.06
0.54 0.31 0.13 0.29
0.48 0.17 0.02 0.64
0.69 0.18 0.57 0.03
0.40 0.87 0.07 0.11
0.62 0.19 0.75 0.03
0.02 0.16 0.12 0.65
0.55 0.20 0.29 0.05
0.09 0.17 0.67 0.16
0.34 0.08 0.46 0.26
0.20 0.02 0.60 0.03
0.05 0.07 0.91 0.76
0.65 0.81 0.18 0.04
0.08 0.58 0.33 0.51
0.09 0.71 0.08 0.85
0.33 0.63 0.45 0.05
0.21 0.94 0.01 0.18
0.16 0.51 0.02 0.74
0.01 0.98 0.08 0.59
0.01 0.87 0.01 0.91
0.66 0.47 0.10 0.07
0.78 0.07 0.29 0.55
0.16 0.01 0.27 0.99
0.13 0.20 0.25 0.39
0.02 0.09 0.35 0.11
0.08 0.54 0.02 1.00
0.01 0.81 0.37 0.55
0.53 0.51 0.03 0.15
0.04 0.05 0.07 0.95
0.06 0.70 0.72 0.03
0.77 0.09 0.03 0.59
0.60 0.75 0.01 0.19
0.03 0.69 0.06 0.81
0.52 0.06 0.30 0.05
0.83 0.09 0.24 0.31
0.53 0.11 0.01 0.42
0.01 0.76 0.05 0.87
0.11 0.86 0.02 0.76
0.52 0.01 0.63 0.42
0.44 0.77 0.05 0.28
0.60 0.02 0.28 0.30
0.16 0.51 0.08 0.62
0.88 0.25 0.53 0.04
0.32 0.40 0.15 0.09
0.32 0.90 0.08 0.20
0.52 0.19 0.39 0.04
0.58 0.01 0.92 0.24
0.05 0.26 0.05 0.66
0.34 0.05 0.31 0.59
0.32 0.63 0.35 0.01
0.25 0.04 0.33 0.56
0.54 0.01 0.89 0.37
0.29 0.82 0.54 0.10
0.18 0.36 0.16 0.52
0.24 0.77 0.02 0.28
0.93 0.01 0.20 0.22
0.44 0.11 0.09 0.14
0.23 0.55 0.31 0.02
0.13 0.26 0.08 0.56
0.09 0.65 0.24 0.03
0.48 0.18 0.43 0.02
0.05 0.50 0.15 0.08
0.56 0.23 0.29 0.04
0.24 0.64 0.13 0.38
0.62 0.74 0.10 0.07
0.18 0.97 0.16 0.04
0.61 0.51 0.14 0.12
0.12 0.90 0.14 0.51
0.06 0.58 0.01 0.36
0.77 0.01 0.22 0.76
0.78 0.01 0.51 0.51
0.80 0.90 0.07 0.01
0.03 0.30 0.06 0.81
0.02 0.17 0.30 0.57
0.15 0.43 0.26 0.23
0.36 0.65 0.25 0.01
0.01 0.70 1.00 0.04
0.29 0.01 0.76 0.24
0.01 0.07 0.79 0.60
0.90 0.19 0.02 0.04
0.30 0.60 0.12 0.17
0.25 0.30 0.12 0.39
0.77 0.10 0.05 0.51
0.16 0.07 0.45 0.88
0.36 0.55 0.08 0.06
0.52 0.03 0.64 0.02
0.30 0.31 0.08 0.36
0.35 0.80 0.13 0.07
0.04 0.14 0.08 0.76
0.66 0.02 0.19 0.57
0.01 0.68 0.11 0.83
0.12 0.15 0.35 0.10
0.65 0.06 0.23 0.11
0.16 0.23 0.06 0.19
0.41 0.12 0.05 0.55
0.16 0.39 0.92 0.01
0.03 0.02 0.54 0.77
0.01 0.16 0.09 0.94
0.49 0.30 0.05 0.24
0.31 0.44 0.27 0.10
0.15 0.26 0.93 0.02
0.02 0.73 0.25 0.01
0.01 0.26 0.48 0.62
0.51 0.10 0.30 0.52
0.22 0.21 0.04 0.61
0.03 0.92 0.03 0.11
0.02 0.23 0.19 0.43
0.37 0.87 0.02 0.22
0.78 0.01 0.44 0.56
0.20 0.66 0.01 0.28
0.05 0.14 0.24 0.08
0.63 0.01 0.56 0.80
0.08 0.05 0.87 0.45
0.07 0.27 0.05 0.19
0.01 0.27 0.65 0.18
0.99 0.32 0.07 0.02
0.32 0.08 0.49 0.45
0.45 0.01 0.64 0.65
0.92 0.01 0.68 0.12
0.60 0.01 0.10 0.50
0.20 0.08 0.58 0.04
0.42 0.01 0.55 0.63
0.67 0.09 0.17 0.44
0.82 0.80 0.16 0.01
0.06 0.48 0.10 0.15
0.20 0.64 0.32 0.06
0.28 0.47 0.02 0.13
0.19 0.62 0.51 0.04
0.06 0.64 0.85 0.01
0.01 0.22 0.47 0.04
0.16 0.21 0.98 0.05
0.72 0.10 0.04 0.34
0.02 0.02 0.66 0.12
1.00 0.13 0.07 0.06
0.52 0.96 0.20 0.04
0.23 0.21 0.20 0.59
0.67 0.63 0.29 0.02
0.13 0.01 0.73 0.67
0.20 0.27 0.59 0.03
0.51 0.69 0.16 0.01
0.87 0.05 0.10 0.15
0.41 0.04 0.41 0.16
0.87 0.59 0.02 0.10
0.04 0.93 0.01 0.51
0.05 0.07 0.06 0.62
0.95 0.55 0.01 0.17
0.02 0.77 0.04 0.93
0.55 0.10 0.52 0.01
0.56 0.85 0.04 0.12
0.67 0.53 0.23 0.01
0.05 0.70 0.02 0.69
0.03 0.35 0.02 0.17
0.64 0.86 0.03 0.09
0.92 0.47 0.01 0.16
0.75 0.24 0.33 0.02
0.65 0.43 0.21 0.01
0.71 0.02 0.07 0.06
0.01 0.81 0.17 0.05
0.11 0.05 0.30 0.78
0.63 0.93 0.04 0.01
0.76 0.32 0.02 0.05
0.46 0.24 0.50 0.02
0.63 0.09 0.27 0.11
0.02 0.08 0.90 0.02
0.08 0.08 0.55 0.49
0.01 0.10 0.11 0.64
0.70 0.20 0.01 0.18
0.01 0.83 0.04 1.00
0.08 0.01 0.39 0.55
0.20 0.01 0.11 0.62
0.62 0.10 0.24 0.47
0.06 0.03 0.03 0.91
0.16 0.28 0.21 0.01
0.55 0.05 0.48 0.03
0.27 0.22 0.06 0.58
0.55 0.26 0.04 0.10
0.01 0.35 0.30 0.13
0.05 0.68 0.01 0.65
0.54 0.03 0.08 0.13
0.27 0.16 0.19 0.50
0.01 0.06 0.68 0.71
0.10 0.97 0.03 0.05
0.08 0.01 0.64 0.34
0.01 0.79 0.89 0.03
0.01 0.34 0.43 0.63
0.75 0.01 1.00 0.06
0.77 0.01 0.90 0.04
0.78 0.14 0.01 0.34
0.72 0.57 0.05 0.01
0.96 0.05 0.27 0.02
0.13 0.03 0.88 0.05
0.02 0.71 0.07 0.79
0.07 0.04 0.07 0.70
0.01 0.55 0.04 0.72
0.86 0.03 0.22 0.03
0.15 0.09 0.23 0.03
0.26 0.21 0.09 0.58
0.20 0.91 0.04 0.16
0.03 0.34 0.30 0.14
0.04 0.52 0.60 0.02
0.40 0.04 0.13 0.57
0.56 0.22 0.05 0.06
0.40 0.05 0.40 0.06
0.09 0.10 0.31 0.13
0.07 0.13 0.23 0.55
0.05 0.20 0.70 0.07
0.66 0.01 0.52 0.38
0.02 0.03 0.65 0.10
0.14 0.03 0.05 0.67
0.04 0.05 0.55 0.14
0.63 0.14 0.21 0.10
0.21 0.61 0.01 0.10
0.14 0.57 0.36 0.01
0.67 0.01 0.05 0.38
0.59 0.14 0.03 0.26
0.19 0.21 0.21 0.09
0.34 0.20 0.64 0.01
0.17 0.07 0.18 0.32
0.02 0.04 0.44 0.20
0.83 0.89 0.02 0.04
0.08 0.04 0.21 0.62
0.55 0.49 0.07 0.01
0.08 0.57 0.01 0.69
0.01 0.80 0.87 0.02
0.69 0.11 0.07 0.32
0.15 0.93 0.07 0.08
0.53 0.46 0.09 0.03
0.48 0.51 0.01 0.38
0.50 0.48 0.06 0.08
0.01 0.74 0.18 0.54
0.13 0.04 0.37 0.54
0.01 0.02 0.14 0.78
1.00 0.01 0.82 0.04
0.08 0.46 0.08 0.16
0.09 0.63 0.73 0.01
0.95 0.01 0.05 0.29
0.45 0.43 0.01 0.52
0.03 0.13 0.34 0.19
0.66 0.01 0.05 0.65
0.07 0.01 0.94 0.83
0.15 0.75 0.19 0.03
0.31 0.12 0.15 0.47
0.41 0.98 0.14 0.04
0.02 0.03 0.51 0.71
0.86 0.03 0.85 0.01
0.91 0.01 0.62 0.27
0.02 0.06 0.39 0.35
0.10 0.03 0.42 0.36
0.50 0.16 0.76 0.01
0.59 0.73 0.04 0.07
0.21 0.55 0.08 0.11
0.06 0.53 0.12 0.03
0.10 0.01 0.30 0.60
0.49 0.06 0.15 0.36
0.32 0.06 0.65 0.02
0.26 0.27 0.20 0.07
0.81 0.01 0.66 0.12
0.09 0.07 0.32 0.56
0.12 0.19 0.13 0.55
0.28 0.03 0.31 0.13
0.01 0.21 0.14 0.30
0.11 0.56 0.04 0.01
0.01 0.08 0.93 0.04
0.42 0.51 0.04 0.06
0.20 0.25 0.12 0.08
0.59 0.85 0.03 0.04
0.68 0.01 0.03 1.00
0.06 0.01 0.57 0.11
0.59 0.33 0.01 0.36
0.02 0.25 0.04 0.44
0.87 0.11 0.01 0.02
0.06 0.15 0.05 0.06
0.70 0.09 0.02 0.34
0.43 0.52 0.01 0.56
0.01 0.05 0.92 0.64
0.01 0.79 0.03 0.79
0.50 0.13 0.01 0.33
0.08 0.14 0.07 0.58
0.04 0.15 0.04 0.81
0.55 0.04 0.18 0.06
0.51 0.02 0.08 0.15
0.31 0.06 0.03 0.61
0.15 0.31 0.71 0.01
0.03 0.45 0.95 0.01
0.10 0.76 0.04 0.13
0.53 0.05 0.79 0.01
0.23 0.11 0.13 0.43
0.61 0.52 0.01 0.17
0.03 0.21 1.00 0.01
0.47 0.60 0.03 0.10
0.01 0.13 0.74 0.62
0.02 0.29 0.67 0.02
0.66 0.14 0.06 0.01
0.39 0.07 0.17 0.54
0.14 0.40 0.01 0.98
0.05 0.04 0.29 0.54
0.57 0.02 0.53 0.02
0.15 0.51 0.17 0.02
0.01 0.11 0.89 0.37
0.42 0.13 0.19 0.06
0.44 0.01 0.07 0.95
0.32 0.08 0.01 0.23
0.65 0.02 0.84 0.01
0.04 0.29 0.14 0.03
0.76 0.53 0.01 0.02
0.07 0.09 0.17 0.60
0.87 0.04 0.01 0.65
0.36 0.12 0.38 0.02
0.61 0.01 0.01 0.30
0.20 0.03 0.20 0.30
0.13 0.13 0.09 0.56
0.16 0.05 0.43 0.01
0.02 0.17 0.18 0.60
0.06 0.03 0.51 0.66
0.49 0.19 0.22 0.02
0.01 0.09 0.44 0.70
0.08 0.19 0.28 0.04
0.02 0.03 0.53 0.58
0.01 0.52 0.06 0.87
0.14 0.42 0.08 0.03
0.87 0.02 0.05 0.08
0.01 0.03 0.72 0.56
0.27 0.08 0.17 0.54
0.93 0.01 0.01 0.05
0.29 0.04 0.05 0.66
0.02 0.99 0.03 0.70
0.55 0.15 0.27 0.02
0.29 0.26 0.14 0.02
0.10 0.02 0.37 0.10
0.01 0.13 0.01 0.14
0.56 0.02 0.31 0.12
0.01 0.08 0.59 0.61
0.68 0.10 0.20 0.03
0.06 0.66 0.37 0.01
0.07 0.01 0.50 0.72
0.51 0.01 0.55 0.04
0.46 0.08 0.11 0.15
0.57 0.38 0.09 0.04
0.41 0.01 0.34 0.40
0.68 0.02 0.51 0.02
0.01 0.11 0.81 0.55
0.64 0.02 0.14 0.12
0.53 0.97 0.03 0.03
0.74 0.87 0.02 0.02
0.07 0.65 0.04 0.08
0.67 0.80 0.03 0.01
0.18 0.01 0.12 0.51
0.27 0.08 0.35 0.28
0.77 0.01 0.59 0.03
0.49 0.03 0.19 0.38
0.66 0.01 0.28 0.06
0.27 0.23 0.04 0.09
0.04 0.03 0.59 0.52
0.55 0.01 0.03 0.05
0.52 0.03 0.57 0.02
0.43 0.16 0.26 0.02
0.02 0.01 0.62 0.53
0.90 0.02 0.17 0.03
0.01 0.04 0.97 0.15
0.61 0.10 0.12 0.01
0.02 0.03 0.49 0.40
0.07 0.02 0.13 0.47
0.31 0.08 0.14 0.16
0.05 0.02 0.22 0.28
0.10 0.01 0.25 0.86
0.04 0.89 0.03 0.13
0.57 0.07 0.01 0.30
0.08 0.14 0.49 0.06
0.04 0.17 0.58 0.03
0.21 0.45 0.04 0.05
0.31 0.07 0.25 0.14
0.02 0.08 0.28 0.67
0.32 0.05 0.10 0.35
0.27 0.71 0.01 0.04
0.62 0.01 0.11 0.01
0.51 0.01 0.27 0.33
0.22 0.27 0.21 0.02
0.87 0.05 0.02 0.19
0.09 0.13 0.56 0.06
0.01 0.62 0.27 0.02
0.23 0.01 0.09 0.95
0.41 0.08 0.30 0.01
0.62 0.70 0.02 0.08
0.16 0.07 0.01 0.36
0.17 0.06 0.27 0.13
0.27 0.39 0.13 0.05
0.07 0.03 0.05 0.84
0.03 0.04 0.39 0.75
0.55 0.65 0.02 0.05
0.53 0.09 0.05 0.12
0.20 0.01 0.10 0.68
0.01 0.96 0.03 0.03
0.06 0.04 0.04 0.71
0.83 0.07 0.02 0.11
0.18 0.05 0.31 0.03
0.09 0.01 0.56 0.39
0.17 0.42 0.02 0.13
0.07 0.07 0.12 0.33
0.01 0.06 0.24 0.61
0.18 0.02 0.06 0.11
0.02 0.73 0.24 0.06
0.16 0.02 0.50 0.07
0.02 0.58 0.12 0.09
0.02 0.14 0.69 0.06
0.64 0.19 0.02 0.07
0.68 0.36 0.05 0.04
0.03 0.83 0.19 0.04
0.05 0.10 0.04 0.15
0.03 0.96 0.02 0.05
0.12 0.05 0.44 0.01
0.08 0.11 0.34 0.01
0.05 0.04 0.04 0.62
0.77 0.04 0.02 0.20
0.04 0.01 0.46 0.79
0.02 0.10 0.18 0.26
0.56 0.04 0.52 0.01
0.58 0.51 0.02 0.03
0.29 0.01 0.09 0.19
0.04 0.05 0.12 0.21
0.12 0.07 0.09 0.57
0.01 0.09 0.63 0.59
0.57 0.01 0.69 0.02
0.02 0.01 0.43 0.91
0.11 0.06 0.99 0.07
0.49 0.42 0.08 0.02
0.11 0.04 0.17 0.40
0.50 0.01 0.08 0.65
0.51 0.36 0.11 0.04
0.09 0.48 0.06 0.03
0.08 0.01 0.25 0.76
0.55 0.61 0.01 0.08
0.53 0.35 0.03 0.07
0.87 0.02 0.02 0.26
0.39 0.40 0.01 0.06
0.04 0.55 0.39 0.01
0.99 0.52 0.03 0.01
0.09 0.01 0.12 0.91
