0.13 0.35 0.96 0.38
1.00 0.62 0.90 0.74
0.51 0.62 0.01 0.74
0.83 0.52 0.61 0.39
0.27 0.89 0.84 0.98
0.77 0.81 0.71 0.01
0.95 0.99 0.20 0.56
0.72 0.81 0.16 0.37
0.72 0.52 0.63 0.26
0.05 0.07 0.38 0.91
0.76 0.60 0.12 0.76
0.32 0.30 0.73 0.47
0.99 0.71 0.28 0.36
0.35 0.16 0.96 0.64
0.93 0.14 0.27 0.10
0.29 0.97 0.95 0.72
0.60 0.42 0.63 0.21
0.54 0.52 0.35 0.81
0.58 0.89 0.57 0.65
0.15 0.39 0.44 0.69
0.18 0.86 0.58 0.67
0.34 0.75 0.42 0.63
0.14 0.64 0.58 0.66
0.72 0.57 0.93 0.08
0.76 0.18 0.02 0.97
0.82 0.20 0.89 0.43
0.69 0.14 0.04 0.74
0.89 0.53 0.59 0.44
0.81 0.98 0.56 0.30
0.58 0.22 0.47 0.70
0.41 0.52 0.54 0.59
0.61 0.26 0.26 0.05
0.83 0.22 0.53 0.48
1.00 0.83 0.05 0.27
0.57 0.62 0.05 0.56
0.22 0.92 0.85 0.02
0.24 0.40 0.11 0.80
0.37 0.65 0.43 0.76
0.14 0.71 0.82 0.56
0.17 0.63 0.78 0.33
0.33 0.20 0.35 0.37
0.47 0.05 0.71 0.76
0.68 0.30 0.20 0.66
0.16 0.22 0.07 0.97
0.52 0.59 0.15 0.19
0.31 0.51 0.58 0.06
0.24 0.31 0.62 0.59
0.63 0.21 0.65 0.20
0.27 0.85 0.22 0.59
0.10 0.97 0.65 0.66
0.58 0.57 0.16 0.01
0.95 0.07 0.19 0.26
0.19 0.72 0.81 0.11
0.29 0.03 0.69 0.65
0.25 0.59 0.67 0.52
0.06 0.75 0.55 0.39
0.82 0.13 0.14 0.33
0.71 0.11 0.92 0.46
0.28 0.05 0.05 0.69
0.52 0.03 0.53 0.98
0.55 0.48 0.62 0.09
0.74 0.05 0.40 0.52
0.57 0.54 0.33 0.33
0.14 0.63 0.56 0.60
0.80 0.13 0.98 0.03
0.10 0.37 0.62 0.70
0.67 0.53 0.02 0.54
0.05 0.53 0.40 0.88
0.81 0.27 0.02 0.81
0.49 0.89 0.30 0.13
0.61 0.01 0.77 0.87
0.13 0.10 0.15 0.20
0.02 0.69 0.52 0.27
0.03 0.58 0.97 0.04
0.32 0.26 0.74 0.16
0.43 0.09 0.51 0.56
0.52 0.35 0.03 0.61
0.99 0.03 0.93 0.10
0.54 0.01 0.02 0.69
0.01 0.40 0.99 0.33
0.99 0.72 0.07 0.51
0.02 0.31 0.55 0.89
0.73 0.56 0.59 0.04
0.32 0.55 0.43 0.05
0.95 0.06 0.58 0.23
0.50 0.81 0.94 0.04
0.05 0.85 0.73 0.26
0.91 0.53 0.80 0.02
0.07 0.67 0.06 0.30
0.04 0.85 0.65 0.01
0.13 0.74 0.01 0.69
0.48 0.01 0.53 0.90
0.09 0.17 0.84 0.39
0.94 0.04 0.56 0.63
0.10 0.35 0.54 0.14
0.01 0.02 0.57 0.69
0.23 0.36 0.56 0.02
0.51 0.21 0.65 0.02
0.65 0.68 0.01 0.61
0.98 0.03 1.00 0.51
0.13 0.66 0.03 0.92
0.69 0.17 0.18 0.04
0.07 0.62 0.18 0.63
0.93 0.46 0.75 0.01
0.08 0.01 0.99 0.65
0.51 0.58 0.04 0.93
0.08 0.33 0.91 0.62
0.08 0.94 0.18 0.10
0.07 0.07 0.92 0.21
0.19 0.02 0.96 0.18
0.54 0.02 0.55 0.29
0.03 0.97 0.09 0.75
0.28 0.92 0.08 0.10
0.99 0.06 0.41 0.26
0.64 0.54 0.02 0.09
0.02 0.35 0.47 0.26
0.11 0.63 0.82 0.03
0.16 0.71 0.63 0.13
0.06 0.90 0.64 0.17
0.33 0.01 0.95 0.64
0.31 0.23 0.59 0.05
0.54 0.88 0.10 0.21
0.12 0.62 0.44 0.52
0.03 0.79 0.56 0.12
0.36 0.03 0.62 0.62
0.02 0.91 0.46 0.26
0.70 0.04 0.52 0.08
0.96 0.69 0.10 0.04
0.11 0.14 0.39 0.90
0.53 0.70 0.01 0.31
0.61 0.86 0.03 0.27
0.20 0.01 0.23 0.43
0.32 0.72 0.04 0.91
0.52 0.77 0.22 0.17
0.05 0.02 0.80 0.25
0.20 0.09 0.77 0.30
0.09 0.32 0.16 0.58
0.71 0.72 0.04 0.08
0.18 0.45 0.52 0.11
0.48 0.12 0.05 0.14
0.95 0.40 0.04 0.52
0.18 0.86 0.11 0.02
0.52 0.01 0.07 0.91
0.77 0.17 0.10 0.07
0.35 0.63 0.04 0.53
0.68 0.41 0.03 0.28
0.14 0.23 0.11 0.19
0.08 0.72 0.53 0.01
0.29 0.59 0.05 0.50
0.08 0.51 0.25 0.51
0.36 0.71 0.65 0.01
0.23 0.59 0.22 0.14
0.75 0.43 0.41 0.03
0.14 0.88 0.25 0.09
0.52 0.76 0.36 0.04
0.81 0.26 0.24 0.01
0.03 0.32 0.78 0.06
0.75 0.54 0.23 0.03
0.38 0.61 0.01 0.86
0.10 0.12 0.06 0.65
0.22 0.65 0.07 0.14
0.36 0.03 0.59 0.24
0.63 0.70 0.03 0.03
0.34 0.12 0.65 0.12
0.14 0.14 0.33 0.14
0.55 0.15 0.45 0.10
0.33 0.65 0.83 0.01
0.07 0.39 0.16 1.00
0.86 0.39 0.02 0.46
0.11 0.58 0.20 0.52
0.55 0.03 0.99 0.02
0.37 0.44 0.04 0.60
0.03 0.40 0.14 0.72
0.31 0.02 0.83 0.24
0.06 0.60 0.25 0.34
0.04 0.18 0.16 0.08
0.09 0.90 0.02 0.86
0.29 0.83 0.05 0.24
1.00 0.12 0.01 0.67
0.80 0.09 0.59 0.04
0.63 0.13 0.66 0.03
0.28 0.02 0.51 0.25
0.01 0.83 0.79 0.37
0.79 0.08 0.66 0.05
0.01 0.09 0.43 0.95
0.75 0.35 0.63 0.03
0.48 0.32 0.01 1.00
0.32 0.35 0.06 0.60
0.71 0.01 0.61 0.02
0.02 0.56 0.25 0.23
0.01 0.83 0.52 0.60
0.11 0.06 0.42 0.39
0.25 0.61 0.07 0.49
0.14 0.01 0.15 0.96
0.08 0.38 0.08 0.81
0.27 0.92 0.28 0.01
0.53 0.52 0.55 0.07
0.67 0.44 0.52 0.04
0.89 0.01 0.29 0.38
0.10 0.10 0.68 0.24
0.76 0.12 0.28 0.11
0.38 0.23 0.07 0.30
0.61 0.08 0.90 0.18
0.88 0.15 0.79 0.01
0.02 0.99 0.02 0.46
0.28 0.12 0.15 0.06
0.01 0.52 0.58 0.55
0.05 0.06 0.10 0.84
0.40 0.39 0.39 0.02
0.53 0.08 0.85 0.01
0.03 0.07 0.39 0.99
0.65 0.63 0.05 0.07
0.56 0.29 0.40 0.03
0.57 0.10 0.76 0.03
0.82 0.22 0.03 0.68
0.30 0.43 0.25 0.05
0.04 0.67 0.06 0.60
0.58 0.09 0.67 0.08
0.26 0.98 0.06 0.06
0.03 0.30 0.65 0.41
0.73 0.05 0.03 0.63
0.11 0.44 0.04 0.16
0.01 0.02 0.73 0.60
0.84 0.05 0.40 0.13
0.38 0.22 0.02 0.07
0.77 0.06 0.02 0.63
0.63 0.11 0.20 0.19
0.09 0.54 0.28 0.03
0.61 0.88 0.07 0.01
0.01 0.44 0.04 0.91
0.16 0.28 0.08 0.04
0.63 0.06 0.49 0.11
0.74 0.57 0.07 0.02
0.12 0.34 0.02 0.91
0.81 0.63 0.01 0.55
0.19 0.07 0.82 0.02
0.44 0.07 0.22 0.55
0.83 0.02 0.27 0.05
0.89 0.01 0.21 0.63
0.41 0.04 0.29 0.35
0.68 0.03 0.10 0.31
0.54 0.07 0.62 0.01
0.23 0.97 0.03 0.08
0.41 0.97 0.09 0.02
0.03 0.72 0.11 0.01
0.34 0.02 0.79 0.09
0.42 0.03 0.71 0.03
0.75 0.22 0.01 0.92
0.14 0.01 0.74 0.60
0.85 0.18 0.11 0.06
0.01 0.16 0.72 0.36
0.01 0.63 0.17 0.22
0.12 0.09 0.85 0.05
0.03 0.34 0.17 0.59
0.62 0.05 0.58 0.07
0.60 0.09 0.53 0.02
0.48 0.03 0.04 0.45
0.52 0.10 0.73 0.01
0.83 0.32 0.01 0.49
0.02 0.50 0.24 0.27
0.73 0.02 0.27 0.04
0.62 0.02 0.72 0.06
0.13 0.67 0.03 0.63
0.15 0.58 0.76 0.01
0.86 0.52 0.04 0.01
0.91 0.34 0.01 0.26
0.07 0.24 0.88 0.05
0.02 0.80 0.11 0.88
0.01 0.56 0.13 0.70
0.53 0.04 0.40 0.06
0.01 0.90 0.07 0.04
0.28 0.01 0.11 0.75
0.08 0.15 0.76 0.16
0.22 0.02 0.02 0.08
0.06 0.84 0.07 0.23
0.52 0.39 0.06 0.06
0.10 0.06 0.92 0.24
0.17 0.30 0.85 0.02
0.32 0.01 0.24 0.02
0.08 0.24 0.06 0.77
0.04 0.15 0.84 0.47
0.84 0.67 0.01 0.38
0.05 0.05 0.49 0.31
0.90 0.92 0.01 0.14
0.01 0.02 0.69 0.05
0.04 0.35 0.10 0.46
0.02 0.41 0.40 0.61
0.23 0.03 0.86 0.01
0.59 0.27 0.01 0.96
0.03 0.69 0.01 0.74
0.04 0.18 0.11 0.91
0.14 0.65 0.25 0.02
0.10 0.53 0.01 0.81
0.01 0.25 0.19 0.75
0.59 0.45 0.01 0.86
0.13 0.08 0.23 0.09
0.01 0.54 0.60 0.25
0.07 0.10 0.68 0.11
0.18 0.17 0.64 0.01
0.08 0.20 0.15 0.19
0.04 0.54 0.02 0.58
0.17 0.20 0.61 0.01
0.08 0.58 0.72 0.01
0.12 0.09 0.10 0.56
0.02 0.25 0.41 0.53
0.74 0.24 0.01 0.51
0.17 0.03 0.52 0.86
0.02 0.74 0.06 0.72
0.68 0.54 0.04 0.03
0.02 0.01 0.89 0.25
0.10 0.05 0.40 0.78
0.90 0.24 0.10 0.04
0.30 0.06 0.44 0.06
0.07 0.71 0.82 0.03
0.10 0.41 0.04 0.91
0.41 0.14 0.01 0.61
0.97 0.12 0.01 0.34
0.59 0.96 0.01 0.02
0.18 0.01 0.03 0.54
0.30 0.06 0.71 0.03
0.24 0.61 0.17 0.02
0.06 0.22 0.08 0.72
0.03 0.45 0.43 0.02
0.02 0.39 0.24 0.43
0.53 0.80 0.06 0.04
0.75 0.17 0.04 0.03
0.67 0.45 0.01 0.59
0.08 0.41 0.04 0.83
0.29 0.45 0.01 0.94
0.36 0.99 0.01 0.03
0.04 0.85 0.04 0.03
0.27 0.09 0.59 0.06
0.17 0.03 0.68 0.49
0.03 0.03 0.51 0.44
0.01 0.75 0.53 0.18
0.07 0.50 0.06 0.81
0.01 0.29 0.11 0.58
0.06 0.05 0.43 0.96
0.26 0.53 0.01 0.59
0.06 0.04 0.63 0.42
0.01 0.28 0.49 0.52
0.47 0.18 0.13 0.02
0.61 0.04 0.16 0.03
0.14 0.81 0.02 0.54
0.37 0.70 0.01 0.37
0.01 0.54 0.63 0.10
0.11 0.41 0.08 0.60
0.52 0.08 0.22 0.01
0.69 0.92 0.01 0.06
0.15 0.23 0.03 0.06
0.17 0.20 0.06 0.22
0.25 0.84 0.01 0.13
0.02 0.34 0.30 0.14
0.05 0.52 0.06 0.84
0.01 0.84 0.01 0.92
0.61 0.85 0.02 0.06
0.89 0.30 0.01 0.25
0.29 0.01 0.13 0.49
0.31 0.68 0.56 0.01
0.10 0.58 0.05 0.41
0.03 0.20 0.32 0.59
0.02 0.11 0.53 0.56
0.02 0.07 0.03 0.67
0.33 0.16 0.01 0.43
0.34 0.77 0.01 0.13
0.23 0.21 0.32 0.02
0.20 0.16 0.13 0.26
0.04 0.23 0.60 0.06
0.09 0.16 0.35 0.51
0.10 0.55 0.01 0.68
0.16 0.05 0.61 0.21
0.98 0.03 0.01 0.04
0.25 0.01 0.02 0.54
0.13 0.01 0.39 0.58
0.01 0.24 0.19 0.11
0.04 0.66 0.14 0.06
0.11 0.17 0.30 0.52
0.78 0.64 0.01 0.34
0.06 0.01 0.25 0.81
0.64 0.01 0.09 0.51
0.79 0.59 0.01 0.22
0.02 0.10 0.60 0.49
0.13 0.70 0.05 0.11
0.02 0.79 0.02 0.32
0.09 0.03 0.28 0.73
0.02 0.42 0.01 0.60
0.08 0.08 0.17 0.08
0.02 0.12 0.01 0.28
0.73 0.11 0.01 0.68
0.39 0.55 0.06 0.01
0.90 0.26 0.01 0.02
0.14 0.76 0.04 0.02
0.16 0.05 0.16 0.86
0.04 0.07 0.08 0.33
0.13 0.06 0.10 0.71
0.07 0.51 0.07 0.10
0.21 0.04 0.13 0.22
0.06 0.37 0.11 0.07
0.70 0.01 0.09 0.11
0.80 0.04 0.73 0.01
0.57 0.65 0.01 0.10
0.09 0.32 0.14 0.25
0.70 0.01 0.14 0.04
0.11 0.36 0.55 0.02
0.01 0.65 0.14 0.43
0.17 0.01 0.63 0.22
0.01 0.16 0.20 0.72
0.40 0.86 0.02 0.02
0.18 0.06 0.15 0.37
0.01 0.10 0.48 0.49
0.08 0.53 0.70 0.01
0.55 0.48 0.04 0.01
0.04 0.04 0.01 0.71
0.36 0.55 0.47 0.01
0.38 0.32 0.35 0.01
0.03 0.65 0.63 0.01
0.15 0.10 0.07 0.27
0.01 0.10 0.55 0.20
0.13 0.11 0.05 0.58
0.11 0.19 0.09 0.11
0.13 0.16 0.55 0.07
0.11 0.05 0.26 0.69
0.91 0.03 0.02 0.07
0.12 0.60 0.32 0.01
0.02 0.97 0.87 0.01
0.01 0.12 0.31 0.93
0.19 0.75 0.08 0.03
0.01 0.65 0.47 0.02
0.15 0.01 0.37 0.01
0.01 0.59 0.06 0.27
0.01 0.25 0.01 0.03
0.31 0.60 0.30 0.02
0.76 0.03 0.01 0.62
0.06 0.14 0.91 0.01
0.11 0.03 0.49 0.52
0.77 0.13 0.06 0.03
0.91 0.59 0.01 0.01
0.02 0.20 0.27 0.20
0.13 0.04 0.31 0.22
0.02 0.02 0.51 0.43
0.02 0.03 0.57 0.32
0.03 0.01 0.51 0.92
0.64 0.01 0.13 0.02
0.11 0.04 0.31 0.37
0.05 0.12 0.37 0.20
0.15 0.09 0.07 0.45
0.01 0.15 0.23 0.59
0.03 0.24 0.60 0.01
0.10 0.01 0.60 0.21
0.20 0.05 0.21 0.02
0.01 0.17 0.52 0.43
0.69 0.04 0.01 0.54
0.91 0.03 0.07 0.04
0.09 0.23 0.58 0.04
0.43 0.20 0.09 0.02
0.15 0.04 0.12 0.27
0.28 0.68 0.16 0.01
0.60 0.13 0.01 0.22
0.13 0.01 0.51 0.13
0.82 0.01 0.08 0.45
0.14 0.02 0.34 0.70
0.14 0.63 0.29 0.02
0.04 0.02 0.27 0.63
0.10 0.08 0.12 0.32
0.03 0.54 0.51 0.01
0.01 0.09 0.11 0.45
0.85 0.22 0.03 0.05
0.16 0.29 0.20 0.02
0.16 0.02 0.08 0.67
0.56 0.23 0.21 0.01
0.18 0.03 0.04 0.23
0.09 0.02 0.12 0.59
0.04 0.16 0.34 0.09
0.01 0.22 0.53 0.20
0.10 0.02 0.11 0.29
0.04 0.08 0.31 0.30
0.05 0.44 0.52 0.02
0.49 0.43 0.09 0.01
0.07 0.11 0.67 0.16
0.66 0.04 0.01 0.57
0.80 0.01 0.06 0.14
0.14 0.16 0.23 0.02
0.51 0.18 0.01 0.11
0.04 0.02 0.20 0.85
0.10 0.22 0.22 0.01
0.04 0.03 0.34 0.22
0.07 0.01 0.35 0.72
0.34 0.21 0.08 0.02
0.63 0.01 0.13 0.39
0.96 0.20 0.02 0.05
0.53 0.69 0.04 0.02
0.05 0.06 0.49 0.15
0.01 0.01 0.31 0.57
0.09 0.02 0.53 0.04
0.03 0.05 0.12 0.84
0.62 0.99 0.02 0.01
0.98 0.06 0.01 0.02
0.60 0.03 0.18 0.02
0.35 0.13 0.17 0.05
0.02 0.56 0.28 0.01
0.21 0.17 0.08 0.04
0.06 0.11 0.36 0.16
0.04 0.12 0.22 0.09
0.14 0.05 0.47 0.10
0.06 0.01 0.26 0.52
0.94 0.15 0.05 0.01
0.53 0.06 0.09 0.07
0.20 0.11 0.05 0.20
0.95 0.05 0.36 0.01
0.58 0.15 0.01 0.20
0.25 0.19 0.02 0.05
0.04 0.04 0.13 0.54
0.44 0.01 0.01 0.76
0.01 0.11 0.06 0.56
0.27 0.01 0.32 0.33
0.53 0.02 0.06 0.05
0.02 0.04 0.02 0.70
0.17 0.22 0.05 0.05
0.01 0.10 0.11 0.30
0.84 0.16 0.05 0.04
0.01 0.01 0.98 0.02
0.05 0.06 0.13 0.24
0.15 0.02 0.17 0.20
0.01 0.04 0.17 0.10
0.31 0.67 0.04 0.01
0.13 0.06 0.02 0.55
0.03 0.09 0.16 0.03
0.86 0.11 0.03 0.02
0.21 0.69 0.21 0.01
1.00 0.02 0.08 0.04
0.66 0.18 0.10 0.01
0.96 0.02 0.01 0.20
0.04 0.24 0.59 0.02
0.28 0.02 0.27 0.06
0.69 0.02 0.03 0.02
0.11 0.96 0.01 0.02
0.13 0.12 0.02 0.14
0.14 0.18 0.19 0.01
0.22 0.68 0.06 0.02
0.05 0.48 0.34 0.02
0.36 0.20 0.03 0.04
0.80 0.12 0.01 0.09
0.76 0.15 0.18 0.01
0.13 0.01 0.62 0.02
0.26 0.07 0.06 0.02
0.27 0.11 0.01 0.62
0.04 0.01 0.24 0.22
0.72 0.03 0.30 0.01
0.02 0.03 0.23 0.95
0.01 0.19 0.05 0.80
0.02 0.01 0.88 0.29
0.39 0.39 0.02 0.01
0.09 0.03 0.05 0.22
0.02 0.01 0.83 0.14
0.67 0.11 0.04 0.03
0.07 0.02 0.59 0.03
0.11 0.02 0.01 0.65
0.76 0.14 0.01 0.20
0.08 0.21 0.14 0.10
0.26 0.01 0.14 0.18
0.19 0.65 0.01 0.01
0.95 0.01 0.05 0.41
0.15 0.02 0.12 0.05
0.68 0.15 0.01 0.19
0.96 0.19 0.01 0.04
0.08 0.55 0.13 0.02
0.09 0.03 0.51 0.04
0.61 0.02 0.01 0.24
0.10 0.06 0.26 0.03
0.59 0.01 0.07 0.01
0.84 0.03 0.03 0.01
0.01 0.25 0.93 0.01
0.05 0.08 0.06 0.63
0.59 0.16 0.05 0.04
0.01 0.78 0.65 0.01
0.03 0.08 0.14 0.51
0.02 0.01 0.54 0.19
0.06 0.18 0.08 0.04
0.05 0.02 0.51 0.13
0.02 0.53 0.03 0.01
0.54 0.01 0.03 0.08
0.09 0.10 0.01 0.48
0.57 0.28 0.14 0.01
0.02 0.07 0.08 0.13
0.24 0.01 0.22 0.02
0.09 0.02 0.03 0.53
0.29 0.03 0.02 0.05
0.48 0.01 0.12 0.18
0.01 0.21 0.03 0.89
0.02 0.06 0.21 0.06
0.11 0.04 0.13 0.19
0.01 0.83 0.13 0.01
0.07 0.03 0.19 0.92
0.08 0.03 0.22 0.54
0.10 0.19 0.02 0.06
0.59 0.03 0.01 0.34
0.70 0.11 0.01 0.10
0.03 0.51 0.21 0.02
0.07 0.11 0.70 0.01
0.08 0.02 0.19 0.97
