13 35 96 38
100 62 90 74
51 62 1 74
83 52 61 39
27 89 84 98
77 81 71 1
95 99 20 56
72 81 16 37
72 52 63 26
5 7 38 91
76 60 12 76
32 30 73 47
99 71 28 36
35 16 96 64
93 14 27 10
29 97 95 72
60 42 63 21
54 52 35 81
58 89 57 65
15 39 44 69
18 86 58 67
34 75 42 63
14 64 58 66
72 57 93 8
76 18 2 97
82 20 89 43
69 14 4 74
89 53 59 44
81 98 56 30
58 22 47 70
41 52 54 59
61 26 26 5
83 22 53 48
100 83 5 27
57 62 5 56
22 92 85 2
24 40 11 80
37 65 43 76
14 71 82 56
17 63 78 33
33 20 35 37
47 5 71 76
68 30 20 66
16 22 7 97
52 59 15 19
31 51 58 6
24 31 62 59
63 21 65 20
27 85 22 59
10 97 65 66
58 57 16 1
95 7 19 26
19 72 81 11
29 3 69 65
25 59 67 52
6 75 55 39
82 13 14 33
71 11 92 46
28 5 5 69
52 3 53 98
55 48 62 9
74 5 40 52
57 54 33 33
14 63 56 60
80 13 98 3
10 37 62 70
67 53 2 54
5 53 40 88
81 27 2 81
49 89 30 13
61 1 77 87
13 10 15 20
2 69 52 27
3 58 97 4
32 26 74 16
43 9 51 56
52 35 3 61
99 3 93 10
54 1 2 69
1 40 99 33
99 72 7 51
2 31 55 89
73 56 59 4
32 55 43 5
95 6 58 23
50 81 94 4
5 85 73 26
91 53 80 2
7 67 6 30
4 85 65 1
13 74 1 69
48 1 53 90
9 17 84 39
94 4 56 63
10 35 54 14
1 2 57 69
23 36 56 2
51 21 65 2
65 68 1 61
98 3 100 51
13 66 3 92
69 17 18 4
7 62 18 63
93 46 75 1
8 1 99 65
51 58 4 93
8 33 91 62
8 94 18 10
7 7 92 21
19 2 96 18
54 2 55 29
3 97 9 75
28 92 8 10
99 6 41 26
64 54 2 9
2 35 47 26
11 63 82 3
16 71 63 13
6 90 64 17
33 1 95 64
31 23 59 5
54 88 10 21
12 62 44 52
3 79 56 12
36 3 62 62
2 91 46 26
70 4 52 8
96 69 10 4
11 14 39 90
53 70 1 31
61 86 3 27
20 1 23 43
32 72 4 91
52 77 22 17
5 2 80 25
20 9 77 30
9 32 16 58
71 72 4 8
18 45 52 11
48 12 5 14
95 40 4 52
18 86 11 2
52 1 7 91
77 17 10 7
35 63 4 53
68 41 3 28
14 23 11 19
8 72 53 1
29 59 5 50
8 51 25 51
36 71 65 1
23 59 22 14
75 43 41 3
14 88 25 9
52 76 36 4
81 26 24 1
3 32 78 6
75 54 23 3
38 61 1 86
10 12 6 65
22 65 7 14
36 3 59 24
63 70 3 3
34 12 65 12
14 14 33 14
55 15 45 10
33 65 83 1
7 39 16 100
86 39 2 46
11 58 20 52
55 3 99 2
37 44 4 60
3 40 14 72
31 2 83 24
6 60 25 34
4 18 16 8
9 90 2 86
29 83 5 24
100 12 1 67
80 9 59 4
63 13 66 3
28 2 51 25
1 83 79 37
79 8 66 5
1 9 43 95
75 35 63 3
48 32 1 100
32 35 6 60
71 1 61 2
2 56 25 23
1 83 52 60
11 6 42 39
25 61 7 49
14 1 15 96
8 38 8 81
27 92 28 1
53 52 55 7
67 44 52 4
89 1 29 38
10 10 68 24
76 12 28 11
38 23 7 30
61 8 90 18
88 15 79 1
2 99 2 46
28 12 15 6
1 52 58 55
5 6 10 84
40 39 39 2
53 8 85 1
3 7 39 99
65 63 5 7
56 29 40 3
57 10 76 3
82 22 3 68
30 43 25 5
4 67 6 60
58 9 67 8
26 98 6 6
3 30 65 41
73 5 3 63
11 44 4 16
1 2 73 60
84 5 40 13
38 22 2 7
77 6 2 63
63 11 20 19
9 54 28 3
61 88 7 1
1 44 4 91
16 28 8 4
63 6 49 11
74 57 7 2
12 34 2 91
81 63 1 55
19 7 82 2
44 7 22 55
83 2 27 5
89 1 21 63
41 4 29 35
68 3 10 31
54 7 62 1
23 97 3 8
41 97 9 2
3 72 11 1
34 2 79 9
42 3 71 3
75 22 1 92
14 1 74 60
85 18 11 6
1 16 72 36
1 63 17 22
12 9 85 5
3 34 17 59
62 5 58 7
60 9 53 2
48 3 4 45
52 10 73 1
83 32 1 49
2 50 24 27
73 2 27 4
62 2 72 6
13 67 3 63
15 58 76 1
86 52 4 1
91 34 1 26
7 24 88 5
2 80 11 88
1 56 13 70
53 4 40 6
1 90 7 4
28 1 11 75
8 15 76 16
22 2 2 8
6 84 7 23
52 39 6 6
10 6 92 24
17 30 85 2
32 1 24 2
8 24 6 77
4 15 84 47
84 67 1 38
5 5 49 31
90 92 1 14
1 2 69 5
4 35 10 46
2 41 40 61
23 3 86 1
59 27 1 96
3 69 1 74
4 18 11 91
14 65 25 2
10 53 1 81
1 25 19 75
59 45 1 86
13 8 23 9
1 54 60 25
7 10 68 11
18 17 64 1
8 20 15 19
4 54 2 58
17 20 61 1
8 58 72 1
12 9 10 56
2 25 41 53
74 24 1 51
17 3 52 86
2 74 6 72
68 54 4 3
2 1 89 25
10 5 40 78
90 24 10 4
30 6 44 6
7 71 82 3
10 41 4 91
41 14 1 61
97 12 1 34
59 96 1 2
18 1 3 54
30 6 71 3
24 61 17 2
6 22 8 72
3 45 43 2
2 39 24 43
53 80 6 4
75 17 4 3
67 45 1 59
8 41 4 83
29 45 1 94
36 99 1 3
4 85 4 3
27 9 59 6
17 3 68 49
3 3 51 44
1 75 53 18
7 50 6 81
1 29 11 58
6 5 43 96
26 53 1 59
6 4 63 42
1 28 49 52
47 18 13 2
61 4 16 3
14 81 2 54
37 70 1 37
1 54 63 10
11 41 8 60
52 8 22 1
69 92 1 6
15 23 3 6
17 20 6 22
25 84 1 13
2 34 30 14
5 52 6 84
1 84 1 92
61 85 2 6
89 30 1 25
29 1 13 49
31 68 56 1
10 58 5 41
3 20 32 59
2 11 53 56
2 7 3 67
33 16 1 43
34 77 1 13
23 21 32 2
20 16 13 26
4 23 60 6
9 16 35 51
10 55 1 68
16 5 61 21
98 3 1 4
25 1 2 54
13 1 39 58
1 24 19 11
4 66 14 6
11 17 30 52
78 64 1 34
6 1 25 81
64 1 9 51
79 59 1 22
2 10 60 49
13 70 5 11
2 79 2 32
9 3 28 73
2 42 1 60
8 8 17 8
2 12 1 28
73 11 1 68
39 55 6 1
90 26 1 2
14 76 4 2
16 5 16 86
4 7 8 33
13 6 10 71
7 51 7 10
21 4 13 22
6 37 11 7
70 1 9 11
80 4 73 1
57 65 1 10
9 32 14 25
70 1 14 4
11 36 55 2
1 65 14 43
17 1 63 22
1 16 20 72
40 86 2 2
18 6 15 37
1 10 48 49
8 53 70 1
55 48 4 1
4 4 1 71
36 55 47 1
38 32 35 1
3 65 63 1
15 10 7 27
1 10 55 20
13 11 5 58
11 19 9 11
13 16 55 7
11 5 26 69
91 3 2 7
12 60 32 1
2 97 87 1
1 12 31 93
19 75 8 3
1 65 47 2
15 1 37 1
1 59 6 27
1 25 1 3
31 60 30 2
76 3 1 62
6 14 91 1
11 3 49 52
77 13 6 3
91 59 1 1
2 20 27 20
13 4 31 22
2 2 51 43
2 3 57 32
3 1 51 92
64 1 13 2
11 4 31 37
5 12 37 20
15 9 7 45
1 15 23 59
3 24 60 1
10 1 60 21
20 5 21 2
1 17 52 43
69 4 1 54
91 3 7 4
9 23 58 4
43 20 9 2
15 4 12 27
28 68 16 1
60 13 1 22
13 1 51 13
82 1 8 45
14 2 34 70
14 63 29 2
4 2 27 63
10 8 12 32
3 54 51 1
1 9 11 45
85 22 3 5
16 29 20 2
16 2 8 67
56 23 21 1
18 3 4 23
9 2 12 59
4 16 34 9
1 22 53 20
10 2 11 29
4 8 31 30
5 44 52 2
49 43 9 1
7 11 67 16
66 4 1 57
80 1 6 14
14 16 23 2
51 18 1 11
4 2 20 85
10 22 22 1
4 3 34 22
7 1 35 72
34 21 8 2
63 1 13 39
96 20 2 5
53 69 4 2
5 6 49 15
1 1 31 57
9 2 53 4
3 5 12 84
62 99 2 1
98 6 1 2
60 3 18 2
35 13 17 5
2 56 28 1
21 17 8 4
6 11 36 16
4 12 22 9
14 5 47 10
6 1 26 52
94 15 5 1
53 6 9 7
20 11 5 20
95 5 36 1
58 15 1 20
25 19 2 5
4 4 13 54
44 1 1 76
1 11 6 56
27 1 32 33
53 2 6 5
2 4 2 70
17 22 5 5
1 10 11 30
84 16 5 4
1 1 98 2
5 6 13 24
15 2 17 20
1 4 17 10
31 67 4 1
13 6 2 55
3 9 16 3
86 11 3 2
21 69 21 1
100 2 8 4
66 18 10 1
96 2 1 20
4 24 59 2
28 2 27 6
69 2 3 2
11 96 1 2
13 12 2 14
14 18 19 1
22 68 6 2
5 48 34 2
36 20 3 4
80 12 1 9
76 15 18 1
13 1 62 2
26 7 6 2
27 11 1 62
4 1 24 22
72 3 30 1
2 3 23 95
1 19 5 80
2 1 88 29
39 39 2 1
9 3 5 22
2 1 83 14
67 11 4 3
7 2 59 3
11 2 1 65
76 14 1 20
8 21 14 10
26 1 14 18
19 65 1 1
95 1 5 41
15 2 12 5
68 15 1 19
96 19 1 4
8 55 13 2
9 3 51 4
61 2 1 24
10 6 26 3
59 1 7 1
84 3 3 1
1 25 93 1
5 8 6 63
59 16 5 4
1 78 65 1
3 8 14 51
2 1 54 19
6 18 8 4
5 2 51 13
2 53 3 1
54 1 3 8
9 10 1 48
57 28 14 1
2 7 8 13
24 1 22 2
9 2 3 53
29 3 2 5
48 1 12 18
1 21 3 89
2 6 21 6
11 4 13 19
1 83 13 1
7 3 19 92
8 3 22 54
10 19 2 6
59 3 1 34
70 11 1 10
3 51 21 2
7 11 70 1
8 2 19 97
