0.44 0.54 0.32 0.89
0.95 0.64 0.78 0.78
0.59 0.66 0.58 0.27
0.71 0.44 0.76 0.85
0.11 0.28 0.10 0.98
0.75 0.45 0.41 0.19
0.81 0.90 0.18 0.64
0.47 0.18 0.53 0.91
0.70 0.91 0.52 0.16
0.41 0.38 0.99 0.83
0.51 0.80 0.07 0.66
0.44 0.67 0.08 0.69
0.99 0.35 0.57 0.48
0.92 0.85 0.89 0.15
0.05 0.96 0.38 0.84
0.94 0.47 0.12 0.84
0.51 0.60 0.60 0.08
0.58 0.71 0.01 0.86
0.95 0.86 0.51 0.05
0.53 0.18 0.91 0.47
0.34 0.69 0.37 0.37
0.65 0.52 0.84 0.49
0.19 0.09 0.41 0.58
0.10 0.79 0.86 0.10
0.14 1.00 0.70 0.23
0.46 0.44 0.25 0.87
0.17 0.82 0.12 0.17
0.79 0.23 0.84 0.40
0.64 0.87 0.07 0.65
0.73 0.46 0.66 0.16
0.11 0.12 0.48 0.87
0.97 0.74 0.32 0.41
0.05 0.42 0.60 0.49
0.29 0.15 0.84 0.18
0.22 0.19 0.84 0.43
0.28 0.11 0.04 0.76
0.81 0.66 0.02 0.61
0.75 0.70 0.29 0.63
0.60 0.46 0.10 0.32
0.06 0.12 0.95 0.79
0.57 0.77 0.26 0.65
0.61 0.97 0.26 0.04
0.75 0.70 0.23 0.15
0.70 0.95 0.01 0.43
0.47 0.35 0.59 0.35
0.69 0.97 0.03 0.71
0.12 0.11 0.82 0.37
0.89 0.94 0.06 0.43
0.78 0.31 0.57 0.27
0.01 0.66 0.40 0.85
0.70 0.92 0.81 0.07
0.08 0.72 0.98 0.03
0.09 0.38 0.47 0.71
0.80 0.13 0.58 0.52
0.74 0.29 0.01 0.64
0.97 0.02 0.93 0.60
0.54 0.69 0.11 0.54
0.07 0.02 0.98 0.26
0.06 0.46 0.58 0.80
0.67 0.68 0.98 0.06
0.88 0.05 0.57 0.99
0.23 0.07 0.42 0.11
0.80 0.56 0.88 0.08
0.67 0.40 0.07 0.65
0.12 0.86 0.59 0.67
0.05 0.87 0.90 0.10
0.31 0.77 0.48 0.09
0.67 0.42 0.14 0.64
0.16 0.66 0.10 0.88
0.75 0.16 0.57 0.06
0.78 0.29 0.82 0.03
0.68 0.23 0.52 0.07
0.01 0.80 0.04 0.56
0.53 0.89 0.03 0.93
0.81 0.21 0.23 0.70
0.79 0.06 0.36 0.77
0.98 0.14 0.06 0.40
0.04 0.27 0.60 0.75
0.18 0.41 0.24 0.29
0.62 0.56 0.02 0.77
0.16 0.33 0.16 0.96
0.52 0.03 0.85 0.96
0.10 0.74 0.32 0.74
0.55 0.73 0.03 0.54
0.03 0.70 0.51 0.72
0.82 0.05 0.45 0.95
0.56 0.06 0.67 0.57
0.86 0.18 0.39 0.52
0.35 0.62 0.85 0.02
0.53 0.50 0.86 0.10
0.82 0.05 0.83 0.83
0.90 0.07 0.22 0.60
0.43 0.23 0.11 0.68
0.94 0.22 0.10 0.71
0.08 0.59 0.71 0.14
0.68 0.19 0.39 0.59
0.80 0.94 0.21 0.15
1.00 0.51 0.09 0.36
0.52 0.52 0.19 0.37
0.14 0.10 0.96 0.59
0.88 0.84 0.17 0.16
0.92 0.35 0.36 0.18
0.24 0.77 0.15 0.86
0.08 0.38 0.11 0.53
0.96 0.19 0.30 0.59
0.40 0.60 0.02 0.59
0.62 0.03 0.10 0.53
0.02 0.56 0.63 0.53
0.64 0.47 0.66 0.05
0.36 0.48 0.35 0.01
0.05 0.07 0.70 0.56
0.09 0.57 0.78 0.19
0.52 0.51 0.02 0.22
0.34 0.46 0.19 0.18
0.01 0.72 0.59 0.68
0.87 0.02 0.61 0.66
0.03 0.44 0.16 0.97
0.80 0.04 0.06 0.63
0.47 0.03 0.51 0.25
1.00 0.53 0.34 0.10
0.25 0.12 0.92 0.02
0.12 0.55 0.09 0.54
0.51 0.76 0.12 0.21
0.35 0.80 0.79 0.08
0.99 0.15 0.09 0.32
0.02 0.42 0.38 0.75
0.86 0.60 0.12 0.15
0.25 0.97 0.54 0.08
0.38 0.06 0.81 0.28
0.07 0.53 0.30 0.37
0.90 0.21 0.34 0.50
0.38 0.71 0.05 0.69
0.01 0.12 0.27 0.74
0.14 0.22 0.89 0.31
0.04 0.75 0.48 0.50
0.03 0.44 0.62 0.59
0.17 0.23 0.85 0.09
0.70 0.47 0.08 0.53
0.17 0.04 0.64 0.55
0.13 0.19 0.60 0.49
0.02 0.55 0.73 0.03
0.54 0.05 0.77 0.08
0.13 0.15 0.25 0.51
0.42 0.36 0.33 0.34
0.06 0.33 0.64 0.38
0.12 0.85 0.38 0.24
0.68 0.12 0.04 0.35
0.72 0.52 0.21 0.15
0.17 0.01 0.95 0.04
0.29 0.33 0.09 0.18
0.24 0.97 0.34 0.02
0.03 0.67 0.50 0.54
0.39 0.37 0.54 0.01
0.51 0.01 0.28 0.15
0.24 0.01 0.68 0.56
0.26 0.61 0.41 0.26
0.13 0.21 0.09 0.52
0.44 0.02 0.65 0.62
0.08 0.18 0.89 0.33
0.22 0.11 0.14 0.51
0.35 0.41 0.79 0.02
0.16 0.07 0.26 0.46
0.09 0.45 0.04 0.81
0.69 0.11 0.18 0.46
0.76 0.18 0.23 0.31
0.56 0.95 0.01 0.78
0.97 0.71 0.25 0.11
0.07 0.14 0.65 0.20
0.28 0.54 0.22 0.21
0.08 0.01 0.75 0.14
0.05 0.66 0.38 0.16
0.08 0.24 0.56 0.52
0.64 0.01 0.05 0.48
0.34 0.01 0.44 0.85
0.22 0.51 0.05 0.79
0.25 0.54 0.61 0.06
0.25 0.06 0.13 0.04
0.71 0.68 0.01 0.94
0.12 0.16 0.48 0.02
0.24 0.02 0.56 0.18
0.04 0.86 0.42 0.30
0.08 0.52 0.86 0.04
0.21 0.78 0.22 0.39
0.15 0.45 0.08 0.63
0.84 0.58 0.21 0.02
0.57 0.91 0.26 0.03
0.01 0.66 0.54 0.51
0.44 0.41 0.01 0.43
0.03 0.17 0.83 0.51
0.82 0.75 0.07 0.15
0.17 0.85 0.22 0.01
0.17 0.13 0.70 0.34
0.03 0.57 0.28 0.06
0.10 0.60 0.05 0.66
0.68 0.87 0.05 0.18
0.04 0.19 0.34 0.68
0.02 0.71 0.43 0.60
0.89 0.16 0.13 0.01
0.01 0.11 0.88 0.90
0.08 0.66 0.25 0.49
0.54 0.95 0.01 0.25
0.05 0.89 0.55 0.03
0.02 0.13 0.54 0.43
0.62 0.62 0.02 0.11
0.23 0.61 0.05 0.27
0.25 0.05 0.27 0.86
0.01 0.88 0.93 0.43
0.60 0.07 0.07 0.85
0.89 0.79 0.01 0.41
0.32 0.02 0.18 0.73
0.01 0.28 0.42 0.59
0.59 0.27 0.27 0.02
0.38 0.30 0.03 0.66
0.40 0.53 0.06 0.01
0.20 0.34 0.08 0.94
0.04 0.14 0.53 0.51
0.06 0.03 0.30 0.20
0.05 0.97 0.17 0.23
0.54 0.19 0.03 0.50
0.60 0.05 0.12 0.30
0.03 0.52 0.46 0.58
0.57 0.04 0.12 0.66
0.63 0.10 0.07 0.42
0.24 0.03 0.12 0.52
0.78 0.12 0.03 0.90
0.63 0.83 0.04 0.05
0.58 0.15 0.08 0.52
0.01 0.61 0.93 0.55
0.03 0.38 0.18 0.55
0.01 0.74 0.12 0.55
0.98 0.51 0.04 0.05
0.17 0.74 0.18 0.04
0.96 0.64 0.01 0.36
0.99 0.12 0.02 1.00
0.30 0.51 0.06 0.41
0.20 0.68 0.89 0.01
0.29 0.71 0.36 0.02
0.19 0.62 0.16 0.13
0.04 0.42 0.40 0.11
0.46 0.01 0.42 0.55
0.62 0.15 0.05 0.29
0.02 0.47 0.09 0.62
0.05 0.13 0.19 0.89
0.82 0.22 0.61 0.01
0.13 0.31 0.28 0.17
0.58 0.20 0.09 0.29
0.19 0.55 0.14 0.30
0.16 0.35 0.07 0.63
0.91 0.31 0.11 0.04
0.84 0.05 0.18 0.12
0.12 0.40 0.25 0.38
0.57 0.01 0.07 0.60
0.01 0.64 0.84 0.37
0.03 0.55 0.26 0.11
0.62 0.14 0.57 0.01
0.23 0.78 0.01 0.68
0.31 0.20 0.01 0.56
0.24 0.11 0.08 0.65
0.11 0.09 0.01 0.80
0.32 0.98 0.09 0.06
0.07 0.94 0.08 0.54
0.01 0.93 0.06 0.04
0.80 0.04 0.23 0.23
0.03 0.62 0.01 0.84
0.54 0.14 0.07 0.62
0.99 0.05 0.03 0.17
0.20 0.14 0.18 0.67
0.05 0.30 1.00 0.13
0.84 0.43 0.04 0.08
0.17 0.03 0.12 0.12
0.02 0.61 0.53 0.53
0.30 0.32 0.04 0.25
0.09 0.85 0.02 0.82
0.05 0.10 0.04 0.55
0.05 0.38 0.16 0.53
0.36 0.02 0.94 0.07
0.22 0.29 0.05 0.02
0.05 0.28 0.75 0.28
0.09 0.57 0.21 0.05
0.09 0.05 0.27 0.46
0.09 0.06 0.68 0.15
0.04 0.27 0.24 0.56
0.03 0.53 0.82 0.32
0.70 0.70 0.03 0.10
0.16 0.01 0.61 0.19
0.44 0.24 0.01 0.38
0.20 0.31 0.35 0.01
0.01 0.58 0.01 0.24
0.51 0.03 0.13 0.11
0.21 0.48 0.01 0.74
0.59 0.01 0.67 0.03
0.32 0.05 0.09 0.98
0.04 0.31 0.68 0.06
0.83 0.74 0.02 0.03
0.11 0.43 0.16 0.19
0.01 0.60 0.85 0.10
0.76 0.05 0.05 0.03
0.63 0.13 0.05 0.29
0.07 0.22 0.54 0.14
0.77 0.01 0.61 0.11
0.65 0.01 0.61 0.12
0.64 0.04 0.05 0.35
0.54 0.21 0.03 0.38
0.18 0.32 0.07 0.42
0.05 0.24 0.59 0.23
0.60 0.84 0.04 0.20
0.51 0.22 0.18 0.02
1.00 0.53 0.02 0.05
0.06 0.24 0.01 0.57
0.10 0.14 0.01 0.71
0.11 0.39 0.69 0.04
0.63 0.18 0.04 0.41
0.79 0.11 0.60 0.02
0.02 0.58 0.51 0.12
0.89 0.62 0.01 0.23
0.21 0.31 0.03 0.34
0.03 0.44 0.93 0.06
0.02 0.16 0.19 0.77
0.67 0.02 0.02 0.81
0.01 0.33 0.84 0.05
0.03 0.39 0.21 0.53
0.63 0.38 0.01 0.13
0.01 0.23 0.18 0.97
0.01 0.58 0.06 0.12
0.01 0.07 0.86 0.32
0.39 0.19 0.05 0.36
0.20 0.12 0.99 0.03
0.03 0.58 0.77 0.01
0.95 0.08 0.38 0.01
0.03 0.07 0.51 0.26
0.07 0.37 0.50 0.06
0.01 0.25 0.51 0.60
0.10 0.02 0.57 0.03
0.23 0.21 0.01 0.45
0.04 0.90 0.65 0.04
0.38 0.02 0.12 0.96
0.30 0.11 0.64 0.02
0.86 0.08 0.02 0.57
0.01 0.50 0.28 0.45
0.61 0.15 0.58 0.02
0.08 0.01 0.29 0.57
0.01 0.08 0.64 0.78
0.12 0.28 0.06 0.54
0.53 0.04 0.01 0.65
0.19 0.53 0.04 0.52
0.57 0.24 0.96 0.01
0.01 0.54 0.68 0.17
0.15 0.03 0.50 0.02
0.40 0.05 0.05 0.89
0.69 0.96 0.02 0.06
0.72 0.04 0.20 0.08
0.09 0.40 0.23 0.21
0.54 0.13 0.06 0.23
0.05 0.10 0.60 0.03
0.57 0.36 0.08 0.01
0.12 0.54 0.11 0.21
0.73 0.75 0.03 0.02
0.40 0.86 0.02 0.11
0.10 0.37 0.37 0.07
0.03 0.43 0.09 0.52
0.03 0.33 0.11 0.63
0.02 0.43 0.35 0.06
0.04 0.06 0.90 0.75
0.01 0.54 0.01 0.84
0.13 0.41 0.02 0.55
0.01 0.82 0.71 0.01
0.16 0.06 0.17 0.30
0.95 0.01 0.29 0.14
0.01 0.40 0.61 0.39
0.49 0.01 0.20 0.55
0.93 0.08 0.96 0.01
0.63 1.00 0.02 0.09
0.80 0.42 0.03 0.03
0.21 0.01 0.15 0.60
0.36 0.12 0.47 0.01
0.37 0.07 0.30 0.01
0.03 0.04 0.62 0.11
0.20 0.34 0.08 0.23
0.06 0.09 0.51 0.18
0.02 0.66 0.33 0.05
0.13 0.72 0.02 0.12
0.22 0.27 0.04 0.40
0.05 0.69 0.07 0.09
0.60 0.08 0.10 0.42
0.45 0.70 0.01 0.12
0.03 0.49 0.13 0.38
0.02 0.52 0.16 0.21
0.57 0.25 0.10 0.15
0.10 0.13 0.53 0.10
0.01 0.68 0.59 0.07
0.35 0.13 0.81 0.01
0.55 0.04 0.08 0.52
0.99 0.02 0.09 0.47
0.02 0.48 0.03 0.05
0.16 0.35 0.07 0.38
0.67 0.10 0.12 0.02
0.31 0.08 0.03 0.33
0.12 0.37 0.44 0.05
0.34 0.05 0.25 0.01
0.11 0.25 0.03 0.01
0.52 0.01 0.26 0.02
0.01 0.25 0.56 0.34
0.33 0.07 0.05 0.91
0.01 0.20 0.14 0.91
0.01 0.57 0.63 0.10
0.80 0.81 0.02 0.01
0.06 0.77 0.52 0.03
0.64 0.02 0.17 0.07
0.01 0.45 0.03 0.66
0.01 0.28 0.10 0.82
0.27 0.02 0.55 0.23
0.92 0.11 0.03 0.06
0.06 0.68 0.02 0.07
0.42 0.03 0.09 0.05
0.04 0.30 0.79 0.06
0.09 0.45 0.42 0.01
0.01 0.25 0.98 0.07
0.28 0.20 0.36 0.01
0.42 0.29 0.02 0.20
0.29 0.11 0.31 0.01
0.27 0.07 0.04 0.83
0.03 0.11 0.06 0.79
0.21 0.01 0.06 0.84
0.02 0.22 0.54 0.21
0.01 0.13 0.25 0.91
0.25 0.04 0.06 0.83
0.04 0.02 0.41 0.13
0.05 0.24 0.30 0.29
0.52 0.03 0.06 0.75
0.41 0.04 0.10 0.70
0.68 0.30 0.01 0.18
0.51 0.01 0.08 0.61
0.22 0.01 0.13 0.66
0.03 0.64 0.57 0.03
0.59 0.02 0.22 0.45
0.09 0.25 0.15 0.54
0.08 0.14 0.10 0.20
0.86 0.03 0.03 0.32
0.07 0.39 0.25 0.18
0.01 0.12 0.80 0.23
0.05 0.02 0.32 0.70
0.01 0.13 0.72 0.67
0.83 0.90 0.01 0.02
0.03 0.58 0.68 0.03
0.10 0.85 0.28 0.01
0.64 0.03 0.04 0.70
0.09 0.01 0.63 0.52
0.73 0.05 0.01 0.58
0.11 0.11 0.26 0.48
0.05 0.05 0.27 0.68
0.19 0.01 0.04 0.81
0.02 0.09 0.84 0.43
0.02 0.01 0.25 0.74
0.75 0.02 0.13 0.30
0.06 0.78 0.30 0.01
0.01 0.07 0.14 0.77
0.90 0.21 0.03 0.03
0.60 0.22 0.05 0.01
0.92 0.01 0.02 0.98
0.58 0.10 0.08 0.07
0.45 0.32 0.01 0.11
0.68 0.01 0.59 0.01
0.01 0.49 0.04 0.11
0.06 0.18 0.94 0.01
0.57 0.05 0.05 0.60
0.01 0.07 0.79 0.69
0.01 0.19 0.77 0.60
0.01 0.41 0.49 0.46
0.45 0.39 0.01 0.07
0.01 0.05 0.78 0.74
0.09 0.04 0.01 0.67
0.26 0.02 0.20 0.33
0.05 0.20 0.27 0.19
0.02 0.04 0.67 0.39
0.44 0.06 0.04 0.45
0.03 0.68 0.44 0.03
0.01 0.17 0.23 0.23
0.03 0.05 0.50 0.12
0.23 0.01 0.12 0.65
0.01 0.04 0.96 0.55
0.01 0.91 0.58 0.02
0.65 0.09 0.01 0.50
0.15 0.02 0.02 0.79
0.85 0.16 0.04 0.13
0.64 0.25 0.02 0.19
0.43 0.09 0.01 0.57
0.04 0.77 0.63 0.01
0.62 0.15 0.01 0.46
0.01 0.09 0.77 0.61
0.01 0.06 0.99 0.23
0.09 0.34 0.68 0.02
0.54 0.18 0.08 0.01
0.13 0.02 0.34 0.02
0.57 0.05 0.19 0.02
0.82 0.03 0.04 0.18
0.51 0.14 0.02 0.03
0.59 0.02 0.10 0.27
0.16 0.23 0.03 0.51
0.01 0.17 0.06 0.58
0.06 0.68 0.01 0.20
0.17 0.23 0.06 0.50
0.03 0.31 0.14 0.11
0.06 0.55 0.01 0.39
0.39 0.06 0.04 0.53
0.01 0.31 0.42 0.18
0.91 0.01 0.24 0.06
0.03 0.42 0.64 0.06
0.06 0.05 0.16 0.59
0.79 0.08 0.04 0.09
0.60 0.12 0.07 0.07
0.97 0.06 0.06 0.01
0.02 0.28 0.74 0.16
0.94 0.01 0.04 0.38
0.01 0.15 0.10 0.63
0.98 0.33 0.02 0.02
0.07 0.47 0.04 0.30
0.75 0.70 0.02 0.01
0.04 0.30 0.21 0.39
0.02 0.20 0.02 0.53
0.02 0.15 0.36 0.56
0.05 0.86 0.33 0.02
0.30 0.01 0.25 0.53
0.01 0.04 0.91 0.72
0.91 0.72 0.01 0.01
0.61 0.10 0.06 0.17
0.36 0.31 0.02 0.04
0.52 0.80 0.02 0.01
0.52 0.01 0.14 0.31
0.85 0.06 0.03 0.26
0.01 0.09 0.15 0.59
0.05 0.08 0.28 0.55
0.01 0.18 0.53 0.16
0.01 0.16 0.58 0.15
0.31 0.05 0.01 0.60
0.01 0.14 0.01 0.53
0.02 0.33 0.47 0.03
0.05 0.07 0.80 0.07
0.18 0.01 0.15 1.00
0.74 0.11 0.01 0.47
0.07 0.44 0.10 0.40
0.04 0.88 0.40 0.03
0.86 0.31 0.01 0.14
0.04 0.51 0.82 0.02
0.69 0.01 0.03 0.52
0.06 0.70 0.60 0.02
0.67 0.07 0.02 0.55
0.13 0.01 0.69 0.24
0.83 0.09 0.01 0.19
0.05 0.19 0.09 0.27
0.05 0.71 0.32 0.04
0.36 0.25 0.02 0.05
0.24 0.01 0.57 0.05
0.16 0.06 0.26 0.16
0.11 0.12 0.27 0.09
0.02 0.19 0.68 0.07
0.17 0.49 0.02 0.42
0.10 0.01 0.08 0.27
0.33 0.01 0.05 0.75
0.01 0.01 0.01 0.29
0.05 0.18 0.10 0.28
0.71 0.49 0.02 0.02
0.22 0.06 0.32 0.06
0.07 0.05 0.81 0.04
0.74 0.21 0.01 0.12
0.27 0.71 0.01 0.07
0.08 0.42 0.83 0.02
0.22 0.23 0.02 0.17
0.01 0.61 0.17 0.01
0.53 0.11 0.01 0.05
0.28 0.37 0.01 0.09
1.00 0.24 0.01 0.01
0.73 0.04 0.03 0.04
0.19 0.65 0.02 0.23
0.34 0.11 0.01 0.28
0.05 0.13 0.12 0.23
0.10 0.26 0.15 0.15
0.07 0.49 0.21 0.02
0.33 0.03 0.25 0.10
0.19 0.67 0.02 0.04
0.87 0.56 0.01 0.04
0.03 0.02 0.93 0.05
0.02 0.02 0.69 0.12
0.09 0.06 0.34 0.15
0.04 0.10 0.05 0.01
0.01 0.33 0.52 0.17
0.51 0.04 0.78 0.01
0.09 0.06 0.56 0.03
0.27 0.01 0.90 0.03
0.64 0.13 0.03 0.03
0.60 0.02 0.99 0.01
0.01 0.13 0.10 0.17
0.04 0.34 0.04 0.15
0.08 0.04 0.20 0.02
0.14 0.27 0.01 0.04
0.26 0.01 0.09 0.17
0.34 0.21 0.03 0.12
0.01 0.34 0.02 0.07
0.21 0.01 0.72 0.13
0.86 0.01 0.06 0.04
0.02 0.18 0.72 0.04
