43 69 42 94
100 53 98 55
43 98 87 1
20 15 62 43
71 44 94 4
97 46 93 31
48 64 47 73
33 77 36 85
64 57 3 67
16 57 43 19
5 72 99 84
56 62 23 7
40 71 74 17
6 5 52 56
84 71 19 65
59 22 35 51
75 13 98 19
62 36 17 55
71 63 7 40
96 32 29 72
17 11 48 16
52 65 85 3
31 56 30 15
58 34 47 6
46 14 62 9
65 9 23 65
55 68 9 65
58 3 48 12
2 78 38 70
17 92 28 61
11 7 58 30
59 55 14 57
43 14 36 61
99 9 22 55
10 37 37 19
67 52 34 2
53 19 10 25
81 87 30 1
60 65 9 91
43 52 4 76
32 37 8 98
39 44 32 11
21 28 12 58
5 58 63 63
4 95 45 35
54 7 43 71
79 44 58 2
78 1 9 64
36 90 90 6
74 18 7 5
18 98 24 65
55 95 1 63
37 6 68 8
54 1 83 86
56 58 2 19
13 4 60 84
6 60 56 51
38 68 50 14
13 61 80 16
30 67 9 80
14 45 3 84
5 60 53 13
18 73 28 70
29 70 5 54
3 67 81 88
84 9 8 60
35 50 87 2
15 52 17 72
1 61 59 30
19 10 6 65
43 7 31 59
14 33 23 89
11 43 26 28
12 98 42 1
11 17 54 38
11 52 37 12
60 17 33 35
6 53 82 52
9 87 30 91
51 51 12 32
56 3 36 15
88 37 5 44
91 17 12 58
8 51 21 83
51 62 1 70
32 91 98 6
6 21 49 42
96 13 28 57
41 7 21 86
4 54 94 3
85 67 1 51
12 96 60 6
10 73 27 17
72 68 85 1
8 16 96 49
14 96 10 37
56 38 60 9
6 52 15 29
8 36 39 19
5 17 13 91
10 12 5 15
51 76 28 6
56 4 76 9
4 54 52 6
66 2 76 89
36 34 17 12
83 10 32 22
69 26 3 50
96 30 1 91
50 3 68 9
2 69 34 66
67 6 21 18
38 73 56 3
45 94 2 58
15 3 82 17
1 86 16 31
2 36 76 66
36 6 24 95
4 5 73 73
3 73 80 11
11 92 46 5
3 72 71 7
12 9 8 82
66 2 58 8
2 92 57 26
5 29 55 82
53 53 4 22
3 72 22 42
93 3 22 1
1 39 59 62
46 1 26 65
87 36 1 41
36 63 19 10
7 22 96 1
80 64 22 4
5 77 5 81
5 48 6 14
6 51 1 74
21 1 91 69
62 64 49 3
82 9 16 58
4 21 88 55
33 53 10 9
21 4 17 7
94 36 3 1
17 92 1 40
29 16 62 2
16 6 34 72
18 7 4 90
38 36 12 5
16 10 44 65
6 10 52 47
52 13 78 1
52 69 1 25
69 97 6 2
6 14 26 57
59 73 37 1
43 30 1 33
4 18 11 55
51 49 43 3
1 85 53 69
55 45 73 1
15 92 73 4
62 84 31 3
3 21 70 97
47 3 9 94
2 75 36 60
1 55 58 62
12 5 100 53
83 6 1 65
61 2 97 57
1 46 59 52
3 62 16 96
12 83 79 3
2 51 51 95
3 14 94 79
1 27 52 51
21 62 13 6
59 7 2 18
7 44 53 12
5 11 49 58
97 2 3 11
56 1 50 41
18 33 3 36
24 2 72 44
31 3 20 38
65 24 7 3
2 51 21 2
90 67 6 5
16 21 4 69
62 100 7 9
18 30 86 10
6 95 4 24
6 14 53 15
58 7 8 32
17 9 43 60
3 93 16 3
21 89 2 53
4 10 1 38
87 12 95 4
85 43 7 2
1 69 48 33
2 97 9 49
1 4 41 69
55 1 91 53
8 74 10 3
40 67 23 1
79 10 36 4
87 3 6 99
14 49 69 9
3 25 61 45
5 16 59 12
2 24 76 65
16 5 2 92
32 1 38 27
57 9 6 24
4 40 72 22
29 89 2 25
57 82 2 16
67 95 4 1
1 71 63 2
1 65 58 40
72 1 8 69
77 33 3 3
9 39 7 19
29 1 76 54
63 13 54 1
4 14 66 21
37 9 59 4
3 57 10 100
1 14 22 18
72 67 6 2
65 59 5 2
13 1 53 91
33 83 9 7
58 61 53 1
23 1 81 88
41 86 8 11
19 22 2 3
22 14 14 10
1 100 11 76
89 82 11 1
4 29 70 11
49 7 8 22
92 2 30 17
56 3 19 81
3 2 87 61
54 18 53 3
5 3 61 95
5 1 80 94
76 1 1 54
3 84 8 73
8 10 94 14
26 3 57 60
6 93 12 9
54 29 1 27
55 7 63 4
15 25 70 5
15 1 41 97
6 20 13 31
52 6 5 2
8 73 2 26
7 2 36 22
70 5 10 51
49 6 1 100
2 96 5 63
20 9 30 58
9 35 19 30
1 82 61 14
70 67 4 2
3 12 33 96
33 87 1 8
53 22 65 1
21 76 72 1
2 52 14 81
4 23 20 27
5 9 34 95
12 22 83 6
92 81 1 6
28 75 57 1
63 4 14 67
41 1 29 79
93 1 6 37
1 51 11 14
4 5 68 9
56 8 3 83
4 43 64 6
17 89 3 17
80 4 7 6
87 2 25 3
6 3 22 63
16 14 80 6
40 44 74 1
28 1 79 80
6 40 63 1
69 64 1 18
29 4 6 67
12 48 59 6
13 68 1 6
58 1 7 87
59 1 65 2
25 8 8 55
6 4 66 58
18 42 12 4
30 61 1 1
1 51 39 12
70 1 21 43
1 6 55 59
86 58 51 1
5 10 10 7
55 5 84 3
51 8 84 6
1 31 2 85
20 3 37 13
47 17 1 17
3 5 88 39
57 12 83 1
2 87 10 48
74 2 7 60
32 9 58 3
19 5 17 70
1 51 9 83
5 68 22 1
5 48 3 35
57 9 12 1
11 3 15 58
5 40 34 3
6 1 90 56
67 3 6 29
76 16 2 8
23 7 10 71
62 5 38 3
66 3 72 1
4 3 84 33
2 54 10 75
47 4 77 4
64 9 1 51
1 1 14 100
49 26 5 2
8 1 71 54
1 53 86 4
2 82 53 1
10 1 46 35
4 7 61 42
3 46 70 7
49 15 56 3
44 59 38 1
2 61 8 27
3 82 7 80
1 46 21 24
6 6 44 46
25 8 1 94
5 3 89 29
7 1 66 44
12 43 54 1
51 28 19 1
31 1 13 89
38 10 75 1
2 100 4 70
73 4 3 1
7 46 55 2
13 9 16 13
16 6 29 55
11 43 9 12
14 12 84 3
25 7 89 6
16 4 13 57
43 11 57 6
70 6 4 90
1 5 48 33
8 5 57 1
59 5 5 5
2 3 34 82
11 41 3 34
5 3 67 60
1 7 92 13
46 21 48 2
3 1 97 53
18 54 5 2
8 8 28 59
10 72 3 34
2 74 100 1
64 2 14 7
20 1 98 27
2 70 10 4
6 26 53 3
46 20 45 4
13 5 7 1
61 1 31 3
3 4 99 52
6 39 41 2
54 5 5 85
69 2 3 78
9 4 88 17
75 1 6 24
10 2 14 86
80 2 3 20
24 3 94 8
4 38 6 3
1 41 56 4
95 28 1 4
1 1 79 70
15 3 95 6
1 53 9 2
3 55 1 77
67 5 4 52
18 5 3 24
4 7 20 84
3 51 10 4
51 2 3 65
67 1 11 17
5 1 20 58
53 2 1 79
11 44 36 1
7 41 46 1
3 23 65 1
17 54 4 29
60 3 24 29
1 27 28 11
36 4 1 68
66 16 1 18
2 11 10 54
1 39 27 4
96 1 13 15
3 69 1 25
54 1 18 58
33 4 53 4
76 1 5 29
3 8 84 8
11 2 74 6
11 53 1 11
1 2 35 85
2 4 83 54
5 8 63 15
1 55 8 23
4 1 93 60
13 4 92 3
3 24 2 40
1 2 57 1
12 4 52 20
51 6 3 3
4 83 3 3
24 2 5 90
14 4 5 88
2 54 4 79
53 2 54 13
36 3 17 54
65 4 10 62
56 3 54 1
6 43 3 14
6 38 33 2
3 42 1 78
1 50 17 6
3 8 5 54
63 1 5 54
8 1 37 57
47 1 16 68
2 13 36 3
2 25 12 40
49 56 1 9
52 1 12 83
29 3 31 55
55 2 7 25
45 2 5 19
1 24 27 10
18 1 12 27
1 13 30 40
6 8 12 5
4 1 64 83
56 1 76 18
2 47 18 38
50 4 44 3
15 53 4 4
66 20 1 9
2 34 15 32
67 1 7 42
4 1 80 52
6 4 56 18
6 9 4 70
65 21 1 11
12 52 1 9
84 9 1 36
1 52 1 11
2 5 37 66
61 3 1 60
11 2 16 73
2 2 4 85
22 32 1 20
16 47 1 7
5 4 19 84
8 9 51 3
49 1 10 60
64 7 2 14
51 3 7 7
2 76 1 3
86 1 2 5
1 10 37 67
4 12 8 22
54 5 1 20
58 1 68 18
54 4 2 19
42 16 1 33
61 53 5 1
63 1 10 40
14 1 16 46
11 60 2 5
1 66 1 8
23 1 18 18
4 4 29 41
50 3 46 11
5 90 7 1
18 3 7 54
9 3 24 51
1 18 19 32
62 7 1 3
35 3 10 40
51 3 16 6
11 11 3 4
6 7 29 15
87 1 7 1
1 27 23 1
5 1 71 14
4 28 15 14
1 21 14 68
18 8 2 45
26 1 54 7
59 6 1 4
52 1 9 75
7 62 20 1
18 4 1 97
44 4 29 2
29 9 1 73
84 2 2 48
10 1 74 7
1 1 27 56
66 3 2 54
3 1 21 87
66 1 73 1
10 2 43 3
1 1 16 79
79 1 9 5
4 7 4 56
55 4 1 61
31 5 1 79
2 36 14 6
19 2 5 80
51 1 8 56
4 3 36 19
87 5 1 19
38 2 10 34
31 55 3 2
1 77 1 1
9 1 22 2
29 9 1 71
71 2 3 1
97 4 1 44
26 1 11 66
1 35 4 79
65 1 14 8
57 8 1 7
10 45 8 1
1 1 85 36
7 13 26 4
1 29 10 2
62 1 3 63
16 17 1 5
6 1 65 43
52 7 1 3
3 8 13 8
1 21 7 39
54 1 7 79
68 1 1 40
8 1 35 51
9 26 4 26
34 1 3 72
2 48 5 38
7 9 10 44
5 4 56 2
6 4 14 79
3 4 35 37
1 47 1 57
14 3 1 40
13 3 14 72
5 7 47 1
58 2 50 1
12 9 6 23
5 3 36 17
1 1 78 55
2 4 27 25
1 3 16 32
27 1 3 6
5 42 4 34
1 13 53 25
14 68 6 2
59 2 2 53
23 1 9 4
54 2 1 5
22 1 11 53
43 4 38 1
4 7 3 52
