77 49 89 5
2 26 66 58
63 86 64 15
52 32 3 44
44 60 83 8
7 54 47 70
12 20 99 21
83 24 67 35
56 11 53 27
5 79 99 49
92 2 82 62
31 32 95 1
48 93 79 31
57 82 21 4
6 16 60 98
24 3 27 21
3 48 53 80
48 92 20 64
53 94 47 16
78 47 30 10
23 47 74 40
61 75 54 4
74 1 71 16
79 18 15 78
4 17 65 52
37 75 12 82
11 53 9 52
85 88 60 2
54 91 32 17
93 60 80 6
29 85 19 29
72 8 16 69
5 65 51 40
85 9 15 81
43 68 66 15
8 70 96 30
35 81 1 95
72 2 81 46
87 39 59 2
57 3 96 10
97 16 76 11
22 9 55 42
51 62 12 34
1 54 39 59
60 20 41 11
13 9 61 56
9 77 3 76
81 1 24 27
41 1 75 16
30 100 16 25
40 51 94 2
1 88 10 9
11 76 48 16
2 61 51 19
84 27 8 95
78 71 40 7
54 45 92 10
18 66 32 8
87 22 2 75
85 65 9 16
4 16 91 31
79 25 26 56
89 79 1 74
69 29 24 86
24 29 2 73
31 8 30 8
29 28 17 94
20 5 20 76
93 13 11 41
86 53 26 5
52 80 77 6
45 35 26 71
79 16 4 29
97 65 40 3
57 17 20 31
59 77 16 7
21 23 86 37
55 3 9 29
4 58 41 17
6 42 50 84
9 18 8 49
95 3 43 19
6 27 46 80
9 40 69 47
9 21 3 49
21 63 28 4
92 13 2 82
47 97 15 8
44 79 25 44
36 77 10 25
15 76 8 48
24 48 92 17
14 6 88 95
3 57 87 1
71 98 84 1
76 73 51 2
11 79 38 32
76 75 23 7
95 58 23 3
13 3 57 85
79 2 53 70
12 94 9 5
28 93 9 40
3 35 38 93
5 26 25 70
7 63 37 40
89 74 11 1
7 54 62 10
4 28 11 57
60 53 3 10
66 77 2 71
30 59 8 34
12 63 32 5
32 58 37 6
71 5 9 16
42 51 23 40
80 54 76 5
2 76 22 86
32 7 19 83
5 27 50 59
70 55 47 6
82 48 21 14
77 2 68 30
92 1 71 14
35 47 25 34
34 85 21 25
15 93 9 10
7 13 68 75
65 93 2 67
51 66 18 22
61 18 19 9
84 24 91 7
60 2 66 3
52 76 2 53
97 48 32 5
5 7 16 55
72 93 1 3
40 2 5 96
53 33 33 2
19 72 31 45
91 11 64 6
53 91 1 20
89 14 5 69
59 81 1 30
12 2 67 32
13 19 62 13
55 1 94 13
18 26 43 26
26 8 5 84
43 83 2 43
27 2 4 90
74 41 3 12
16 10 47 16
68 24 15 27
79 9 25 5
33 77 46 1
3 71 37 37
6 91 7 69
32 55 16 44
8 95 2 13
98 37 2 4
65 1 13 67
1 6 92 12
72 2 7 63
12 73 22 25
33 66 15 32
97 1 56 23
2 57 90 3
3 25 41 86
7 31 62 1
6 93 8 3
29 1 95 84
53 1 73 68
8 88 7 90
26 19 23 42
54 1 71 97
10 52 28 20
1 77 22 76
50 88 10 8
66 7 6 27
52 13 18 54
96 89 9 1
27 2 45 81
81 9 31 1
42 28 29 7
8 83 16 34
4 37 59 19
62 14 2 15
6 81 8 60
4 67 7 39
41 1 9 43
13 15 3 42
60 73 28 1
32 11 16 7
80 17 88 2
2 88 69 3
1 56 58 52
84 61 30 2
27 25 27 8
1 7 69 68
44 46 57 6
89 3 32 15
14 21 78 7
50 11 8 34
7 32 10 79
33 38 1 62
13 29 3 7
95 75 2 5
38 5 26 70
2 43 33 15
84 18 13 8
7 52 1 97
4 43 19 6
44 87 1 51
67 1 55 12
62 15 70 2
4 18 7 74
3 26 37 76
25 1 63 4
17 7 14 81
17 9 76 9
2 63 16 59
10 8 39 18
64 7 30 5
8 3 70 26
84 18 25 3
1 46 70 33
27 1 27 89
89 4 52 11
72 53 27 5
50 99 21 1
19 17 38 14
88 11 1 53
80 6 4 7
12 25 13 8
3 59 63 5
4 22 54 57
29 1 58 63
1 74 51 56
7 4 77 27
74 3 10 4
68 3 27 15
48 60 2 32
23 1 67 76
68 26 14 2
10 29 66 3
30 8 9 69
17 90 2 30
2 42 27 84
64 32 33 4
38 4 2 88
1 79 79 11
1 50 21 94
4 5 75 73
62 32 42 3
92 84 1 23
15 53 61 3
20 77 54 4
33 6 56 12
64 17 15 6
8 5 3 7
2 22 35 33
48 19 2 83
3 42 57 8
17 76 2 41
39 2 17 79
78 27 5 4
3 87 5 48
8 85 2 58
28 28 14 4
40 98 7 5
2 79 16 42
5 66 15 34
50 17 1 78
10 92 1 66
60 61 1 53
1 47 15 60
100 21 8 2
96 9 1 13
1 82 41 52
80 49 47 1
63 19 42 3
72 58 57 1
5 33 14 28
4 56 73 3
7 42 4 58
3 18 49 16
6 2 49 30
2 36 97 9
9 7 66 4
3 71 27 36
33 55 58 2
58 20 59 1
9 3 6 77
32 1 45 29
7 8 13 79
9 20 48 5
23 71 1 76
73 3 100 1
22 3 100 22
2 85 14 38
66 60 1 53
70 56 1 14
1 2 58 68
13 2 22 8
22 5 2 2
53 64 37 1
5 55 1 93
91 63 13 1
56 1 95 1
5 77 5 75
51 4 8 53
4 98 3 65
1 12 44 74
7 13 45 32
19 3 5 84
96 4 74 1
1 51 62 12
37 86 1 51
1 65 6 52
16 90 30 5
7 15 23 3
3 5 75 14
95 4 5 54
3 59 21 34
46 70 50 1
7 15 3 69
2 88 8 44
37 83 1 54
5 27 5 95
3 75 5 95
3 83 48 7
6 11 46 2
75 3 57 2
2 95 89 2
40 2 51 5
95 3 62 1
64 1 3 63
12 99 3 5
4 16 31 98
3 52 20 14
2 32 23 60
3 29 53 12
5 7 54 38
2 26 1 44
69 23 1 30
1 35 75 42
1 74 96 11
6 20 8 8
5 3 76 56
79 71 19 1
89 3 8 53
2 3 49 73
2 32 10 35
49 87 35 1
45 69 1 14
1 78 53 40
33 51 23 1
86 1 11 7
60 1 3 63
69 1 2 39
4 20 78 13
60 40 24 1
52 3 81 3
62 1 7 2
36 3 12 66
2 48 36 7
25 32 20 1
2 12 89 60
21 7 1 79
7 42 10 5
1 64 30 52
5 82 10 8
1 26 27 60
16 1 36 45
4 13 59 48
59 1 46 18
5 1 62 67
19 70 34 2
2 42 39 27
61 33 10 1
91 2 4 30
21 1 79 34
4 30 80 3
3 52 98 5
18 58 17 1
9 65 21 4
1 80 51 48
5 17 23 11
39 3 74 3
2 73 90 2
48 3 21 36
44 4 14 14
1 80 16 48
1 71 53 38
1 24 84 17
9 1 52 71
1 15 58 46
65 14 56 1
4 1 71 19
83 2 5 31
2 11 53 72
1 55 33 50
66 2 6 59
71 68 1 5
53 40 12 1
1 61 4 43
4 6 47 62
59 2 23 6
7 2 10 49
41 23 1 71
20 60 3 6
90 15 1 47
5 2 67 1
5 92 8 5
74 33 1 15
42 1 60 24
2 4 16 88
14 64 8 4
42 18 1 64
4 7 29 28
4 61 23 3
48 8 1 5
45 25 59 1
24 66 1 31
14 22 2 71
4 26 33 10
3 11 72 36
42 1 1 3
16 14 2 88
38 30 61 1
3 21 30 86
5 4 53 69
2 13 78 63
29 1 27 72
55 33 8 1
1 40 50 49
5 60 16 21
1 86 90 4
51 67 5 1
10 1 56 13
5 21 10 35
88 5 5 1
1 53 61 43
35 82 1 8
5 17 12 75
1 3 80 58
5 100 1 3
1 68 50 12
17 33 17 6
15 92 2 30
57 81 4 1
13 52 8 1
83 5 66 1
56 25 54 1
18 1 34 56
7 87 3 4
2 7 83 19
3 49 17 5
3 9 54 23
10 55 1 32
2 46 18 16
3 9 31 74
2 43 31 33
5 39 5 11
4 14 1 43
4 75 4 36
5 5 60 41
12 9 2 90
2 10 3 97
5 26 29 3
1 19 52 61
2 65 2 26
5 63 1 27
20 29 18 4
2 82 10 2
1 3 40 79
20 1 37 43
28 1 26 7
3 2 49 3
6 1 38 53
33 17 29 1
20 2 18 20
2 7 8 72
12 62 2 8
11 69 61 1
35 51 3 1
12 1 30 47
3 33 30 25
1 10 7 44
1 38 94 7
1 68 33 34
9 45 20 4
12 3 41 44
2 77 30 1
12 65 53 1
11 81 19 2
76 12 63 1
1 24 54 40
27 2 6 7
4 55 14 32
1 8 8 29
9 3 32 15
7 5 10 38
85 9 18 1
68 10 53 1
2 7 69 66
2 71 73 5
14 12 2 58
16 52 5 6
5 7 9 29
12 43 2 18
3 1 42 76
1 67 27 28
3 22 33 3
3 11 18 13
4 50 8 18
39 62 1 9
1 3 31 51
20 3 8 55
79 7 61 1
8 3 47 7
27 1 8 58
3 1 66 69
7 80 3 23
12 3 5 33
5 13 20 8
2 62 15 17
1 69 46 3
63 22 4 1
4 68 6 18
2 2 91 63
5 46 23 4
53 1 79 2
1 1 31 62
1 50 68 23
50 95 2 1
1 32 47 8
2 2 81 58
31 99 1 21
62 1 57 1
27 28 63 1
4 29 2 36
2 4 48 34
2 14 87 11
2 3 21 96
9 22 1 20
9 85 2 6
5 2 48 41
31 1 2 89
63 6 54 1
1 30 90 11
5 2 43 6
1 67 38 17
1 94 16 1
1 15 89 15
3 1 72 37
2 21 1 66
1 9 34 17
2 65 73 4
25 3 2 91
46 37 13 1
3 64 14 15
1 7 63 29
1 46 1 72
79 3 56 1
4 21 15 6
22 3 9 1
4 65 11 6
22 56 2 1
1 2 55 51
2 80 26 14
5 54 52 1
4 9 57 1
62 1 55 1
1 88 4 28
2 29 67 16
16 29 14 2
12 25 5 6
7 26 29 1
4 10 5 84
37 8 1 69
12 77 7 4
37 3 3 70
40 3 3 61
2 12 4 71
74 51 1 2
2 31 61 8
1 90 1 30
2 1 6 35
6 71 2 12
2 18 4 13
1 26 98 10
2 63 71 6
28 4 5 13
41 1 82 3
1 32 3 60
12 7 61 2
39 47 7 1
12 33 2 19
