0.97 0.92 0.62 0.33
0.42 0.85 0.90 0.85
0.10 0.52 0.95 0.58
0.52 0.37 0.77 0.75
0.61 0.83 0.34 0.50
0.51 0.83 0.75 0.27
0.46 0.25 0.83 0.96
0.59 0.80 0.90 0.41
0.54 0.79 0.07 0.90
0.24 0.50 0.61 0.95
0.53 0.47 0.77 0.03
0.90 0.02 0.34 0.73
0.13 0.57 0.91 0.26
0.25 0.62 0.73 0.19
0.28 0.77 0.02 0.79
0.88 0.69 0.18 0.71
0.24 0.83 0.08 0.75
0.93 0.25 0.35 0.51
0.88 0.77 0.63 0.55
0.02 0.82 0.42 0.40
0.88 0.73 0.60 0.16
0.56 0.24 0.85 0.71
0.56 0.33 0.36 0.85
0.53 0.80 0.32 0.69
0.98 0.57 0.76 0.25
1.00 0.65 0.57 0.28
0.99 0.06 0.79 0.43
0.75 0.60 0.26 0.78
0.23 0.87 0.98 0.22
0.81 0.67 0.67 0.56
0.58 0.58 0.10 0.70
0.70 0.36 0.51 0.55
0.93 0.19 0.80 0.68
0.73 0.64 0.52 0.11
0.49 0.81 0.16 0.70
0.64 0.10 1.00 0.89
0.89 0.92 0.05 0.64
0.27 0.18 0.86 0.98
0.20 0.58 0.79 0.28
0.11 0.57 0.79 0.87
0.95 0.87 0.08 0.72
0.95 0.54 0.18 0.50
0.63 0.03 0.16 0.83
0.89 0.32 0.83 0.74
0.69 0.36 0.16 0.72
0.65 0.50 0.22 0.68
0.85 0.33 0.66 0.58
0.84 0.79 0.47 0.64
0.18 0.64 0.75 0.81
0.15 0.61 0.60 0.05
0.34 0.16 0.59 0.71
0.13 0.85 0.04 0.84
0.91 0.28 0.56 0.24
0.96 0.27 0.96 0.39
0.33 0.24 0.84 0.31
0.69 0.93 0.31 0.33
0.23 0.67 0.58 0.14
0.72 0.40 0.12 0.90
0.70 0.73 0.49 0.55
0.91 0.64 0.13 0.18
0.72 0.76 0.10 0.16
0.77 0.32 0.25 0.57
0.95 0.31 0.12 0.48
0.18 0.34 0.62 0.65
0.68 0.70 0.41 0.54
0.80 0.15 0.22 0.08
0.38 0.43 0.11 0.67
0.11 0.46 0.93 0.84
0.67 0.05 0.66 0.20
0.79 0.71 0.23 0.22
0.05 0.49 0.25 0.90
0.98 0.62 0.16 0.15
0.58 0.90 0.25 0.50
0.41 0.89 0.40 0.51
0.24 0.25 0.41 0.54
0.33 0.20 0.08 0.71
0.87 0.07 0.12 0.54
0.35 0.76 0.65 0.01
0.51 0.13 0.99 1.00
0.54 0.05 0.66 0.61
0.59 0.99 0.04 0.41
0.57 0.01 0.72 0.25
0.48 0.32 0.02 0.31
0.61 0.04 0.67 0.27
0.88 0.12 0.04 0.75
0.58 0.80 0.01 0.48
0.86 0.26 0.05 0.53
0.40 0.60 0.28 0.60
0.96 0.14 0.53 0.20
0.81 0.02 0.71 0.67
0.79 0.71 0.02 0.20
0.02 0.92 0.25 0.98
0.45 0.73 0.88 0.03
0.13 0.83 0.49 0.24
0.13 0.64 0.67 0.19
0.28 0.92 0.51 0.05
0.53 0.64 0.30 0.19
0.67 0.47 0.06 0.29
0.15 0.63 0.57 0.62
0.24 0.40 0.36 0.74
0.31 0.11 0.58 0.38
0.06 0.81 0.11 0.54
0.47 0.40 0.23 0.34
0.96 0.08 0.47 0.26
0.01 0.83 0.74 0.59
0.39 0.79 0.29 0.50
0.55 0.14 0.49 0.04
0.08 0.04 0.42 0.20
0.55 0.64 0.63 0.03
0.14 0.88 0.84 0.15
0.10 0.55 0.10 0.87
0.76 0.03 0.04 0.73
0.37 0.03 0.74 0.38
0.24 0.03 1.00 0.79
0.47 1.00 0.08 0.09
0.62 0.11 0.05 0.89
0.26 0.79 0.13 0.41
0.77 0.40 0.03 0.11
0.58 0.37 0.04 0.04
0.36 0.44 0.06 0.96
1.00 0.59 0.01 0.71
0.05 0.51 0.67 0.46
0.66 0.01 0.77 0.05
0.04 0.23 0.41 0.18
0.02 0.79 0.67 0.75
0.48 0.34 0.21 0.11
0.36 0.23 0.08 0.20
0.86 0.05 0.31 0.61
0.06 0.39 0.18 0.34
0.15 0.71 0.03 0.16
0.62 0.06 0.22 0.57
0.29 0.19 0.11 0.60
0.69 0.85 0.28 0.03
0.03 0.04 0.68 0.46
0.61 0.05 0.39 0.92
0.33 0.65 0.04 0.56
0.39 0.18 0.05 0.70
0.67 0.30 0.93 0.03
0.30 0.78 0.14 0.05
0.19 0.29 0.19 0.61
0.52 0.05 0.11 0.22
0.10 0.37 0.39 0.18
0.56 0.03 0.01 0.94
0.01 0.50 0.84 0.78
0.12 1.00 0.05 0.65
0.03 0.88 0.20 0.95
0.19 0.90 0.84 0.04
0.94 0.07 0.60 0.01
0.30 0.35 0.38 0.26
0.51 0.43 0.77 0.02
0.78 0.30 0.07 0.22
0.03 0.51 0.13 0.71
0.58 0.01 0.56 0.23
0.37 0.75 0.02 0.92
0.36 0.02 0.88 0.84
0.10 0.03 0.10 0.69
0.05 0.35 0.32 0.67
0.31 0.66 0.27 0.32
0.30 0.14 0.36 0.03
0.71 0.02 0.69 0.20
0.05 0.26 0.07 0.72
0.28 0.37 0.03 0.87
0.79 0.66 0.01 0.09
0.05 1.00 0.53 0.17
0.20 0.65 0.38 0.26
0.30 0.01 0.28 0.63
0.25 0.89 0.93 0.01
0.20 0.24 0.03 0.88
0.07 0.84 0.15 0.19
0.59 0.19 0.08 0.14
0.52 0.01 0.92 0.44
0.04 0.14 0.40 0.56
0.23 0.82 0.61 0.04
0.93 0.12 0.58 0.03
0.48 0.11 0.87 0.12
0.32 0.10 0.01 0.25
0.58 0.35 0.18 0.03
0.01 0.53 0.27 0.51
0.53 0.85 0.05 0.10
0.27 0.41 0.11 0.37
0.07 0.21 0.94 0.39
0.73 0.02 0.52 0.37
0.04 0.93 0.16 0.14
0.04 0.08 0.87 0.35
0.57 0.10 0.90 0.19
0.16 0.36 0.09 0.68
0.09 0.33 0.17 0.01
0.15 0.07 0.09 0.05
0.91 0.32 0.16 0.04
0.75 0.06 0.09 0.58
0.05 0.27 0.28 0.62
0.11 0.15 0.87 0.06
0.02 0.90 0.14 0.76
0.96 0.02 0.59 0.20
0.02 0.97 0.14 0.52
0.52 0.02 0.75 0.29
0.01 0.80 0.72 0.09
0.57 0.82 0.07 0.01
0.29 0.10 0.06 0.18
0.17 0.80 0.02 0.96
0.03 0.02 0.54 0.54
0.27 0.74 0.01 0.94
0.02 0.81 0.03 0.55
0.08 0.67 0.38 0.26
0.86 0.02 0.67 0.17
0.08 0.95 0.08 0.08
0.07 0.58 0.02 0.85
0.61 0.01 0.33 0.16
0.18 0.17 0.07 0.98
0.06 0.39 0.10 0.59
0.14 0.74 0.02 0.27
0.80 0.04 0.70 0.09
0.01 0.31 0.28 0.95
0.75 0.01 0.69 0.10
0.03 0.76 0.86 0.39
0.04 0.02 0.30 0.51
0.47 0.13 0.02 0.09
0.42 0.05 0.21 0.64
0.40 0.16 0.30 0.02
0.02 0.68 0.07 0.69
0.02 0.51 0.02 0.53
1.00 0.25 0.14 0.02
0.38 0.04 0.05 0.92
0.53 1.00 0.11 0.04
0.52 0.59 0.01 0.11
0.06 0.18 0.14 0.88
0.15 0.81 0.03 0.13
0.51 0.06 0.08 0.19
0.02 0.70 0.11 0.16
0.17 0.30 0.04 0.65
0.01 0.42 0.81 0.76
0.83 0.05 0.73 0.04
0.53 0.01 0.69 0.27
0.85 0.01 0.04 0.01
0.31 0.02 0.65 0.16
0.78 0.01 0.32 0.26
0.83 0.30 0.01 0.14
0.01 0.55 0.81 0.21
0.57 0.02 0.29 0.51
0.70 0.97 0.03 0.05
0.51 0.01 0.87 0.52
0.12 0.01 0.60 0.19
0.03 0.54 0.25 0.38
0.09 0.01 0.37 0.61
0.48 0.78 0.04 0.04
0.21 0.07 0.07 0.53
0.18 0.21 0.07 0.26
0.01 0.64 0.31 0.12
0.41 0.65 0.05 0.09
0.52 0.48 0.02 0.04
0.54 0.02 0.20 0.83
0.05 0.74 0.19 0.08
0.46 0.06 0.22 0.15
0.32 0.10 0.08 0.11
0.83 0.15 0.94 0.01
0.11 0.71 0.01 0.74
0.01 0.52 0.41 0.16
0.01 0.02 0.84 0.35
0.09 0.21 0.40 0.02
0.07 0.30 0.86 0.04
0.55 0.07 0.03 0.98
0.57 0.03 0.40 0.09
0.44 0.06 0.23 0.55
0.46 0.13 0.72 0.01
0.11 0.03 0.28 0.10
0.01 0.28 0.62 0.95
0.05 0.70 0.81 0.02
0.33 0.24 0.03 0.05
0.08 0.31 0.38 0.35
0.52 0.11 0.01 0.03
0.13 0.31 0.07 0.22
0.32 0.01 0.27 0.94
0.20 0.07 0.01 0.74
0.09 0.09 0.28 0.03
0.13 0.25 0.05 0.93
0.32 0.69 0.05 0.23
0.04 0.57 0.70 0.08
0.04 0.25 0.24 0.13
0.03 0.63 0.16 0.02
0.66 0.04 0.08 0.28
0.02 0.72 0.76 0.07
0.36 0.01 0.34 0.16
0.01 0.05 0.64 0.73
0.07 0.01 0.61 0.20
0.08 0.46 0.15 0.19
0.59 0.04 0.06 0.77
0.52 0.03 0.05 0.71
0.14 0.30 0.10 0.64
0.03 0.46 0.52 0.67
0.02 0.09 0.66 0.49
0.79 0.03 0.06 0.58
0.03 0.14 0.30 0.96
0.40 0.02 0.73 0.11
0.05 0.55 0.92 0.03
0.38 0.02 0.09 0.89
0.39 0.49 0.01 0.19
0.77 0.02 0.17 0.13
0.97 0.41 0.01 0.01
0.37 0.92 0.07 0.01
0.01 0.15 0.47 0.30
0.02 0.18 0.25 0.68
0.10 0.21 0.04 0.91
0.22 0.01 0.28 0.71
0.21 1.00 0.03 0.07
0.02 0.07 0.51 0.70
0.10 0.06 0.85 0.15
0.17 0.09 0.05 0.66
0.04 0.09 0.06 0.86
0.34 0.97 0.05 0.02
0.01 0.40 0.11 0.72
0.01 0.88 0.64 0.04
0.10 0.01 0.22 0.91
0.73 0.12 0.65 0.01
0.06 0.63 0.10 0.22
0.12 0.17 0.08 0.77
0.27 0.60 0.04 0.26
0.61 0.08 0.63 0.02
0.08 0.39 0.05 0.88
0.10 0.30 0.05 0.53
0.52 0.01 0.28 0.01
0.09 0.12 0.09 0.74
0.01 0.75 0.53 0.01
0.11 0.23 0.16 0.34
0.12 0.16 0.14 0.64
0.62 0.01 0.12 0.77
0.14 0.78 0.05 0.11
0.42 0.22 0.52 0.01
0.21 0.10 0.81 0.02
0.58 0.02 0.21 0.71
0.03 0.48 0.39 0.55
0.16 0.60 0.05 0.09
0.15 0.72 0.07 0.10
0.28 0.71 0.09 0.02
0.01 0.09 0.69 0.56
0.24 0.04 0.06 1.00
0.76 0.04 0.10 0.21
0.37 0.01 0.65 0.05
0.57 0.03 0.24 0.05
0.73 0.04 0.04 0.39
0.01 0.17 0.10 0.75
0.14 0.26 0.23 0.05
0.04 0.16 0.11 0.69
0.05 0.09 0.57 0.29
0.12 0.65 0.10 0.11
0.01 0.14 0.81 0.18
0.23 0.02 0.45 0.26
0.50 0.08 0.01 0.02
0.04 0.47 0.14 0.52
0.01 0.63 0.01 0.99
0.05 0.37 0.72 0.09
0.42 0.32 0.38 0.01
0.08 0.17 0.52 0.01
0.11 0.56 0.01 0.56
0.01 0.19 0.23 0.05
0.11 0.01 0.41 0.07
0.17 0.18 0.04 0.83
0.07 0.11 0.05 0.87
0.08 0.15 0.15 0.38
0.26 0.01 0.06 0.15
0.02 0.49 0.14 0.09
0.08 1.00 0.06 0.08
0.20 0.07 0.56 0.02
0.09 0.24 0.09 0.65
0.21 0.70 0.04 0.10
0.32 0.04 0.01 0.85
0.07 0.45 0.14 0.51
0.41 0.77 0.02 0.11
0.83 0.05 0.11 0.03
0.11 0.10 0.05 0.60
0.36 0.02 0.64 0.03
0.09 0.03 0.84 0.13
0.09 0.29 0.09 0.51
0.08 0.13 0.45 0.05
0.09 0.52 0.11 0.19
0.07 0.12 0.65 0.13
0.08 0.82 0.07 0.51
0.02 0.10 0.54 0.52
0.93 0.12 0.01 0.01
0.16 0.69 0.04 0.22
0.23 0.12 0.05 0.03
0.20 0.16 0.77 0.01
0.07 0.06 0.26 0.67
0.05 0.02 0.09 0.37
0.54 0.05 0.16 0.02
0.13 0.99 0.10 0.02
0.02 0.36 0.14 0.56
0.17 0.14 0.43 0.01
0.04 0.04 0.09 0.55
0.30 0.50 0.03 0.58
0.18 0.48 0.03 0.70
0.84 0.01 0.02 0.65
0.01 0.08 0.45 0.63
0.18 0.47 0.13 0.04
0.04 0.06 0.28 0.30
0.14 0.28 0.04 0.57
0.04 0.46 0.09 0.38
0.21 0.51 0.06 0.34
0.61 0.06 0.04 0.08
0.23 0.05 0.08 0.49
0.05 0.37 0.02 0.77
0.17 0.83 0.16 0.01
0.06 0.08 0.84 0.05
0.11 0.06 0.18 0.12
0.03 0.03 0.43 0.86
0.07 0.60 0.07 0.29
0.14 0.96 0.04 0.11
0.22 0.06 0.06 0.39
0.03 0.44 0.01 0.75
0.23 0.01 0.97 0.05
0.16 0.08 0.80 0.03
0.05 0.12 0.43 0.16
0.40 0.03 0.04 0.97
0.26 0.10 0.02 0.57
0.09 0.15 0.18 0.17
0.08 0.10 0.13 0.06
0.11 0.58 0.07 0.25
0.02 0.02 0.06 0.82
0.08 0.04 0.08 0.42
0.03 0.14 0.52 0.06
0.05 0.18 0.17 0.20
0.29 0.59 0.01 0.21
0.02 0.43 0.21 0.52
0.02 0.40 0.04 0.52
0.04 0.51 0.74 0.02
0.27 0.81 0.09 0.01
0.03 0.34 0.16 0.57
0.51 0.26 0.24 0.01
0.06 0.13 0.01 0.73
0.04 0.47 0.03 0.70
0.21 0.01 0.19 0.11
0.22 0.04 0.04 0.58
0.04 0.16 0.20 0.53
0.10 0.01 0.34 0.75
0.61 0.02 0.14 0.11
0.52 0.02 0.03 0.77
0.01 0.83 0.18 0.11
0.79 0.06 0.02 0.75
0.36 0.92 0.02 0.05
0.08 0.94 0.06 0.49
0.03 0.12 0.01 0.19
0.19 0.09 0.71 0.02
0.07 0.14 0.23 0.09
0.08 0.04 0.01 0.78
0.03 0.13 0.51 0.17
0.55 0.01 0.04 0.45
0.01 0.11 0.70 0.44
0.57 0.03 0.01 0.60
0.01 0.21 0.07 0.02
0.03 0.19 0.73 0.02
0.03 0.07 0.82 0.43
0.11 0.95 0.06 0.03
0.01 0.04 0.51 0.43
0.21 0.97 0.04 0.05
0.11 0.10 0.15 0.01
0.19 0.01 0.38 0.59
0.05 0.28 0.06 0.13
0.14 0.01 0.20 0.86
0.01 1.00 0.05 0.92
0.01 0.07 0.26 0.73
0.04 0.18 0.52 0.05
0.27 0.04 0.01 0.08
0.18 0.13 0.06 0.02
0.34 0.05 0.91 0.01
0.02 0.41 0.01 0.77
0.15 0.62 0.13 0.01
0.02 0.08 0.45 0.61
0.39 0.05 0.32 0.05
0.15 0.82 0.02 0.14
0.07 0.04 0.43 0.06
0.02 0.02 0.89 0.34
0.52 0.03 0.11 0.09
0.08 0.17 0.01 0.05
0.03 0.02 0.99 0.08
0.02 0.18 0.15 0.57
0.66 0.02 0.03 0.72
0.06 0.01 0.68 0.54
0.66 0.10 0.11 0.01
0.36 0.03 0.04 0.92
0.26 0.09 0.03 0.54
0.06 0.73 0.01 0.14
0.17 0.04 0.03 0.57
0.13 0.09 0.04 0.39
0.01 0.03 0.71 0.51
0.15 0.07 0.37 0.03
0.80 0.04 0.11 0.05
0.79 0.04 0.20 0.04
0.20 0.06 0.70 0.05
0.51 0.07 0.34 0.04
0.02 0.01 0.31 0.86
0.25 0.45 0.05 0.01
0.02 0.19 0.04 0.41
0.03 0.14 0.62 0.04
0.73 0.03 0.13 0.02
0.11 0.04 0.83 0.05
0.77 0.01 0.10 0.01
0.44 0.03 0.63 0.06
0.17 0.27 0.13 0.01
0.02 0.09 1.00 0.24
0.02 0.02 0.39 0.56
0.02 0.13 0.97 0.17
0.01 0.66 0.03 0.80
0.24 0.08 0.01 0.09
0.15 0.06 0.03 0.77
0.70 0.02 0.04 0.42
0.01 0.01 0.62 0.15
0.25 0.02 0.52 0.05
0.06 0.09 0.58 0.21
0.04 0.96 0.04 0.08
0.16 0.01 0.04 0.27
0.01 0.15 0.63 0.12
0.05 0.04 0.07 0.54
0.29 0.30 0.03 0.02
0.03 0.03 0.13 0.43
0.02 0.04 0.23 0.07
0.03 0.01 0.59 0.58
0.24 0.02 0.03 0.68
0.03 0.03 0.03 0.19
0.91 0.01 0.01 0.62
0.10 0.02 0.02 0.79
0.04 0.32 0.90 0.01
0.01 0.11 0.59 0.40
0.06 0.06 0.16 0.07
0.02 0.03 0.44 0.52
0.02 0.13 0.01 0.73
0.01 0.32 0.04 0.45
0.04 0.04 0.55 0.02
0.06 0.92 0.06 0.09
0.02 0.14 0.01 0.33
0.03 0.86 0.06 0.04
1.00 0.01 0.03 0.10
0.01 0.05 0.23 0.85
0.06 0.40 0.11 0.01
0.85 0.01 0.02 0.62
0.33 0.03 0.79 0.01
0.02 0.08 0.03 0.45
0.90 0.61 0.02 0.01
0.26 0.02 1.00 0.02
0.19 0.11 0.08 0.15
0.22 0.11 0.02 0.56
0.01 0.50 0.03 0.71
0.71 0.33 0.04 0.01
0.01 0.05 0.57 0.23
0.02 0.14 0.66 0.04
0.05 0.15 0.38 0.05
0.01 0.59 0.01 0.39
0.83 0.91 0.01 0.01
0.51 0.01 0.73 0.02
0.20 0.03 0.62 0.05
0.48 0.02 0.49 0.02
0.02 0.38 0.77 0.01
0.02 0.31 0.14 0.01
0.01 0.15 0.06 0.88
0.50 0.05 0.66 0.01
0.01 0.01 0.52 0.16
0.01 0.01 0.43 0.57
0.48 0.02 0.27 0.07
0.76 0.01 0.01 0.86
0.01 0.16 0.28 0.17
0.01 0.10 0.05 0.06
0.36 0.05 0.35 0.01
0.86 0.01 0.01 0.70
0.01 0.40 0.03 0.49
0.16 0.07 0.46 0.01
0.01 0.01 0.20 0.65
0.75 0.01 0.03 0.57
0.81 0.02 0.03 0.34
0.18 0.03 0.01 0.59
0.70 0.62 0.01 0.01
0.61 0.72 0.01 0.01
0.40 0.20 0.14 0.01
0.21 0.01 0.85 0.05
0.74 0.01 0.13 0.04
0.02 0.96 0.02 0.26
0.37 0.01 0.03 0.69
0.33 0.03 0.58 0.04
0.01 0.09 0.34 0.43
0.14 0.08 0.01 0.25
0.88 0.02 0.01 0.43
0.44 0.07 0.04 0.07
0.50 0.01 0.01 0.85
0.15 0.01 0.01 0.76
0.06 0.10 0.02 0.46
0.03 0.12 0.83 0.02
0.14 0.01 0.11 0.83
0.02 0.05 0.03 0.84
0.59 0.01 0.06 0.12
0.06 0.38 0.03 0.02
0.04 0.03 0.69 0.03
0.51 0.02 0.09 0.04
0.30 0.07 0.29 0.01
0.09 0.01 0.64 0.14
0.30 0.73 0.01 0.02
0.01 0.17 0.04 0.12
0.80 0.47 0.03 0.01
0.20 0.08 0.03 0.14
0.86 0.01 0.01 0.66
0.02 0.06 0.12 0.26
0.08 0.01 0.11 0.93
0.15 0.13 0.04 0.09
0.40 0.02 0.21 0.05
