97 92 62 33
42 85 90 85
10 52 95 58
52 37 77 75
61 83 34 50
51 83 75 27
46 25 83 96
59 80 90 41
54 79 7 90
24 50 61 95
53 47 77 3
90 2 34 73
13 57 91 26
25 62 73 19
28 77 2 79
88 69 18 71
24 83 8 75
93 25 35 51
88 77 63 55
2 82 42 40
88 73 60 16
56 24 85 71
56 33 36 85
53 80 32 69
98 57 76 25
100 65 57 28
99 6 79 43
75 60 26 78
23 87 98 22
81 67 67 56
58 58 10 70
70 36 51 55
93 19 80 68
73 64 52 11
49 81 16 70
64 10 100 89
89 92 5 64
27 18 86 98
20 58 79 28
11 57 79 87
95 87 8 72
95 54 18 50
63 3 16 83
89 32 83 74
69 36 16 72
65 50 22 68
85 33 66 58
84 79 47 64
18 64 75 81
15 61 60 5
34 16 59 71
13 85 4 84
91 28 56 24
96 27 96 39
33 24 84 31
69 93 31 33
23 67 58 14
72 40 12 90
70 73 49 55
91 64 13 18
72 76 10 16
77 32 25 57
95 31 12 48
18 34 62 65
68 70 41 54
80 15 22 8
38 43 11 67
11 46 93 84
67 5 66 20
79 71 23 22
5 49 25 90
98 62 16 15
58 90 25 50
41 89 40 51
24 25 41 54
33 20 8 71
87 7 12 54
35 76 65 1
51 13 99 100
54 5 66 61
59 99 4 41
57 1 72 25
48 32 2 31
61 4 67 27
88 12 4 75
58 80 1 48
86 26 5 53
40 60 28 60
96 14 53 20
81 2 71 67
79 71 2 20
2 92 25 98
45 73 88 3
13 83 49 24
13 64 67 19
28 92 51 5
53 64 30 19
67 47 6 29
15 63 57 62
24 40 36 74
31 11 58 38
6 81 11 54
47 40 23 34
96 8 47 26
1 83 74 59
39 79 29 50
55 14 49 4
8 4 42 20
55 64 63 3
14 88 84 15
10 55 10 87
76 3 4 73
37 3 74 38
24 3 100 79
47 100 8 9
62 11 5 89
26 79 13 41
77 40 3 11
58 37 4 4
36 44 6 96
100 59 1 71
5 51 67 46
66 1 77 5
4 23 41 18
2 79 67 75
48 34 21 11
36 23 8 20
86 5 31 61
6 39 18 34
15 71 3 16
62 6 22 57
29 19 11 60
69 85 28 3
3 4 68 46
61 5 39 92
33 65 4 56
39 18 5 70
67 30 93 3
30 78 14 5
19 29 19 61
52 5 11 22
10 37 39 18
56 3 1 94
1 50 84 78
12 100 5 65
3 88 20 95
19 90 84 4
94 7 60 1
30 35 38 26
51 43 77 2
78 30 7 22
3 51 13 71
58 1 56 23
37 75 2 92
36 2 88 84
10 3 10 69
5 35 32 67
31 66 27 32
30 14 36 3
71 2 69 20
5 26 7 72
28 37 3 87
79 66 1 9
5 100 53 17
20 65 38 26
30 1 28 63
25 89 93 1
20 24 3 88
7 84 15 19
59 19 8 14
52 1 92 44
4 14 40 56
23 82 61 4
93 12 58 3
48 11 87 12
32 10 1 25
58 35 18 3
1 53 27 51
53 85 5 10
27 41 11 37
7 21 94 39
73 2 52 37
4 93 16 14
4 8 87 35
57 10 90 19
16 36 9 68
9 33 17 1
15 7 9 5
91 32 16 4
75 6 9 58
5 27 28 62
11 15 87 6
2 90 14 76
96 2 59 20
2 97 14 52
52 2 75 29
1 80 72 9
57 82 7 1
29 10 6 18
17 80 2 96
3 2 54 54
27 74 1 94
2 81 3 55
8 67 38 26
86 2 67 17
8 95 8 8
7 58 2 85
61 1 33 16
18 17 7 98
6 39 10 59
14 74 2 27
80 4 70 9
1 31 28 95
75 1 69 10
3 76 86 39
4 2 30 51
47 13 2 9
42 5 21 64
40 16 30 2
2 68 7 69
2 51 2 53
100 25 14 2
38 4 5 92
53 100 11 4
52 59 1 11
6 18 14 88
15 81 3 13
51 6 8 19
2 70 11 16
17 30 4 65
1 42 81 76
83 5 73 4
53 1 69 27
85 1 4 1
31 2 65 16
78 1 32 26
83 30 1 14
1 55 81 21
57 2 29 51
70 97 3 5
51 1 87 52
12 1 60 19
3 54 25 38
9 1 37 61
48 78 4 4
21 7 7 53
18 21 7 26
1 64 31 12
41 65 5 9
52 48 2 4
54 2 20 83
5 74 19 8
46 6 22 15
32 10 8 11
83 15 94 1
11 71 1 74
1 52 41 16
1 2 84 35
9 21 40 2
7 30 86 4
55 7 3 98
57 3 40 9
44 6 23 55
46 13 72 1
11 3 28 10
1 28 62 95
5 70 81 2
33 24 3 5
8 31 38 35
52 11 1 3
13 31 7 22
32 1 27 94
20 7 1 74
9 9 28 3
13 25 5 93
32 69 5 23
4 57 70 8
4 25 24 13
3 63 16 2
66 4 8 28
2 72 76 7
36 1 34 16
1 5 64 73
7 1 61 20
8 46 15 19
59 4 6 77
52 3 5 71
14 30 10 64
3 46 52 67
2 9 66 49
79 3 6 58
3 14 30 96
40 2 73 11
5 55 92 3
38 2 9 89
39 49 1 19
77 2 17 13
97 41 1 1
37 92 7 1
1 15 47 30
2 18 25 68
10 21 4 91
22 1 28 71
21 100 3 7
2 7 51 70
10 6 85 15
17 9 5 66
4 9 6 86
34 97 5 2
1 40 11 72
1 88 64 4
10 1 22 91
73 12 65 1
6 63 10 22
12 17 8 77
27 60 4 26
61 8 63 2
8 39 5 88
10 30 5 53
52 1 28 1
9 12 9 74
1 75 53 1
11 23 16 34
12 16 14 64
62 1 12 77
14 78 5 11
42 22 52 1
21 10 81 2
58 2 21 71
3 48 39 55
16 60 5 9
15 72 7 10
28 71 9 2
1 9 69 56
24 4 6 100
76 4 10 21
37 1 65 5
57 3 24 5
73 4 4 39
1 17 10 75
14 26 23 5
4 16 11 69
5 9 57 29
12 65 10 11
1 14 81 18
23 2 45 26
50 8 1 2
4 47 14 52
1 63 1 99
5 37 72 9
42 32 38 1
8 17 52 1
11 56 1 56
1 19 23 5
11 1 41 7
17 18 4 83
7 11 5 87
8 15 15 38
26 1 6 15
2 49 14 9
8 100 6 8
20 7 56 2
9 24 9 65
21 70 4 10
32 4 1 85
7 45 14 51
41 77 2 11
83 5 11 3
11 10 5 60
36 2 64 3
9 3 84 13
9 29 9 51
8 13 45 5
9 52 11 19
7 12 65 13
8 82 7 51
2 10 54 52
93 12 1 1
16 69 4 22
23 12 5 3
20 16 77 1
7 6 26 67
5 2 9 37
54 5 16 2
13 99 10 2
2 36 14 56
17 14 43 1
4 4 9 55
30 50 3 58
18 48 3 70
84 1 2 65
1 8 45 63
18 47 13 4
4 6 28 30
14 28 4 57
4 46 9 38
21 51 6 34
61 6 4 8
23 5 8 49
5 37 2 77
17 83 16 1
6 8 84 5
11 6 18 12
3 3 43 86
7 60 7 29
14 96 4 11
22 6 6 39
3 44 1 75
23 1 97 5
16 8 80 3
5 12 43 16
40 3 4 97
26 10 2 57
9 15 18 17
8 10 13 6
11 58 7 25
2 2 6 82
8 4 8 42
3 14 52 6
5 18 17 20
29 59 1 21
2 43 21 52
2 40 4 52
4 51 74 2
27 81 9 1
3 34 16 57
51 26 24 1
6 13 1 73
4 47 3 70
21 1 19 11
22 4 4 58
4 16 20 53
10 1 34 75
61 2 14 11
52 2 3 77
1 83 18 11
79 6 2 75
36 92 2 5
8 94 6 49
3 12 1 19
19 9 71 2
7 14 23 9
8 4 1 78
3 13 51 17
55 1 4 45
1 11 70 44
57 3 1 60
1 21 7 2
3 19 73 2
3 7 82 43
11 95 6 3
1 4 51 43
21 97 4 5
11 10 15 1
19 1 38 59
5 28 6 13
14 1 20 86
1 100 5 92
1 7 26 73
4 18 52 5
27 4 1 8
18 13 6 2
34 5 91 1
2 41 1 77
15 62 13 1
2 8 45 61
39 5 32 5
15 82 2 14
7 4 43 6
2 2 89 34
52 3 11 9
8 17 1 5
3 2 99 8
2 18 15 57
66 2 3 72
6 1 68 54
66 10 11 1
36 3 4 92
26 9 3 54
6 73 1 14
17 4 3 57
13 9 4 39
1 3 71 51
15 7 37 3
80 4 11 5
79 4 20 4
20 6 70 5
51 7 34 4
2 1 31 86
25 45 5 1
2 19 4 41
3 14 62 4
73 3 13 2
11 4 83 5
77 1 10 1
44 3 63 6
17 27 13 1
2 9 100 24
2 2 39 56
2 13 97 17
1 66 3 80
24 8 1 9
15 6 3 77
70 2 4 42
1 1 62 15
25 2 52 5
6 9 58 21
4 96 4 8
16 1 4 27
1 15 63 12
5 4 7 54
29 30 3 2
3 3 13 43
2 4 23 7
3 1 59 58
24 2 3 68
3 3 3 19
91 1 1 62
10 2 2 79
4 32 90 1
1 11 59 40
6 6 16 7
2 3 44 52
2 13 1 73
1 32 4 45
4 4 55 2
6 92 6 9
2 14 1 33
3 86 6 4
100 1 3 10
1 5 23 85
6 40 11 1
85 1 2 62
33 3 79 1
2 8 3 45
90 61 2 1
26 2 100 2
19 11 8 15
22 11 2 56
1 50 3 71
71 33 4 1
1 5 57 23
2 14 66 4
5 15 38 5
1 59 1 39
83 91 1 1
51 1 73 2
20 3 62 5
48 2 49 2
2 38 77 1
2 31 14 1
1 15 6 88
50 5 66 1
1 1 52 16
1 1 43 57
48 2 27 7
76 1 1 86
1 16 28 17
1 10 5 6
36 5 35 1
86 1 1 70
1 40 3 49
16 7 46 1
1 1 20 65
75 1 3 57
81 2 3 34
18 3 1 59
70 62 1 1
61 72 1 1
40 20 14 1
21 1 85 5
74 1 13 4
2 96 2 26
37 1 3 69
33 3 58 4
1 9 34 43
14 8 1 25
88 2 1 43
44 7 4 7
50 1 1 85
15 1 1 76
6 10 2 46
3 12 83 2
14 1 11 83
2 5 3 84
59 1 6 12
6 38 3 2
4 3 69 3
51 2 9 4
30 7 29 1
9 1 64 14
30 73 1 2
1 17 4 12
80 47 3 1
20 8 3 14
86 1 1 66
2 6 12 26
8 1 11 93
15 13 4 9
40 2 21 5
