31 54 18 14
77 24 15 45
16 36 32 46
96 16 81 84
1 66 12 84
28 11 71 12
74 90 5 6
62 64 10 80
2 87 41 37
15 77 42 77
81 9 77 79
12 4 59 81
10 73 38 65
15 64 12 3
22 21 75 3
28 26 7 7
73 3 91 83
94 5 49 2
6 12 93 65
52 13 8 59
86 2 36 53
36 95 1 62
60 55 39 3
80 93 2 81
33 5 100 22
5 77 47 30
69 6 90 72
89 52 60 6
91 51 1 61
83 60 40 2
27 58 17 82
42 5 62 39
52 22 41 35
27 83 1 63
86 78 29 2
45 22 46 44
36 22 46 23
67 18 7 2
17 4 73 64
44 13 43 4
70 8 54 59
6 66 66 37
1 71 93 47
1 47 24 91
62 89 5 5
32 22 23 75
12 3 91 73
14 46 96 18
29 8 16 59
5 14 16 47
72 85 1 54
24 12 78 1
78 2 61 63
14 9 49 27
59 4 29 71
71 62 4 18
75 5 24 7
1 80 80 83
34 8 12 61
9 1 74 23
92 2 54 46
9 98 65 25
78 16 14 24
2 63 67 86
65 74 6 50
10 5 53 70
71 9 80 2
3 2 62 84
2 65 52 62
86 2 64 25
2 51 79 72
69 66 2 69
79 99 2 22
95 49 6 93
92 24 5 65
69 23 1 97
36 4 66 52
85 14 20 1
20 15 73 8
14 99 54 3
64 6 3 53
8 88 7 78
36 41 64 5
17 47 53 9
12 1 59 20
18 42 86 18
16 12 31 58
27 68 4 88
2 89 8 97
4 35 1 77
65 42 57 3
6 66 53 22
5 85 43 8
6 1 44 9
1 68 47 70
69 93 4 42
88 58 3 24
47 44 5 39
5 67 5 8
13 30 72 5
53 5 23 82
2 84 36 59
61 16 7 51
3 87 6 73
73 19 2 53
3 23 72 70
11 56 65 4
55 39 4 53
29 13 13 77
30 16 14 3
42 10 34 46
90 1 29 79
72 16 1 52
4 78 89 54
2 22 75 55
5 10 86 26
25 3 27 90
1 21 60 86
21 26 19 5
5 59 28 45
1 59 39 10
21 35 7 56
52 6 15 67
16 31 3 82
71 4 7 96
48 79 8 4
1 83 26 75
18 45 51 7
2 65 46 4
82 76 4 2
70 50 1 73
79 14 64 2
40 6 56 4
67 58 5 5
5 51 55 44
66 63 6 12
5 56 27 1
53 78 3 55
98 13 23 12
57 9 35 22
76 1 10 78
59 3 40 26
56 63 3 15
96 3 5 90
78 1 25 59
4 88 2 62
15 35 9 56
21 37 80 2
4 54 64 51
71 8 51 8
20 68 3 54
11 43 30 12
23 58 12 32
13 17 7 46
87 3 35 14
5 18 79 29
1 31 77 17
21 53 31 2
53 3 15 54
89 71 2 20
52 5 18 84
9 11 57 3
71 2 56 4
26 6 36 64
52 76 2 69
60 14 74 2
70 23 1 36
87 4 27 27
74 1 1 15
8 30 10 69
4 6 11 62
4 56 52 8
2 31 51 50
53 14 36 27
14 12 12 40
61 21 4 95
11 27 18 14
66 3 14 97
52 29 2 97
25 44 6 59
45 64 6 55
54 17 2 77
54 71 4 38
21 3 19 63
56 83 4 5
15 66 5 51
11 6 16 52
34 4 1 35
20 74 2 69
25 4 32 32
5 48 28 37
11 4 14 73
20 29 10 42
1 22 77 63
2 58 61 12
2 69 10 57
47 20 9 5
4 80 84 1
63 27 5 30
5 28 60 10
65 1 32 78
12 14 13 36
60 3 13 79
33 3 73 1
1 33 16 38
7 60 23 34
1 23 24 19
30 14 10 30
19 55 82 1
18 43 52 8
3 10 1 82
60 19 72 1
54 2 28 66
9 80 3 30
3 19 73 3
2 19 23 65
11 9 15 56
66 2 16 53
15 64 4 38
2 11 19 70
2 58 6 96
3 98 54 1
1 69 2 67
63 1 68 2
68 5 45 6
98 95 1 3
8 66 14 50
62 94 2 13
11 92 11 4
63 58 5 6
28 2 10 16
24 15 3 12
95 88 1 14
22 78 2 31
5 7 92 41
1 9 58 64
2 3 30 66
1 100 6 60
64 16 71 1
1 40 72 11
13 39 37 13
54 1 41 64
52 1 25 26
8 57 23 25
61 57 8 3
40 1 19 86
16 13 54 7
66 25 59 2
20 5 87 2
6 54 66 4
92 4 2 1
74 85 1 4
6 33 6 56
57 55 1 20
10 62 22 14
47 3 2 91
3 67 14 2
10 2 21 81
32 1 42 35
74 78 3 4
2 55 9 69
13 16 20 8
12 42 34 13
11 85 2 32
52 54 1 29
2 55 65 16
25 13 3 59
52 46 45 1
24 55 8 4
1 5 91 6
9 9 17 16
7 33 18 28
1 96 35 4
85 11 16 9
2 63 13 23
20 27 16 15
85 66 16 1
4 1 55 23
10 8 24 51
8 5 28 66
51 12 23 2
44 51 6 7
70 65 4 6
42 6 32 5
76 17 7 3
4 51 37 16
2 41 5 99
2 57 62 5
38 3 5 35
86 7 7 6
60 1 78 4
37 1 43 32
66 89 2 4
32 26 53 1
27 3 41 23
37 21 8 5
24 19 43 3
2 1 80 32
8 52 20 10
27 48 2 54
1 7 27 59
78 58 4 2
12 5 74 2
13 50 50 2
4 56 6 14
19 5 29 65
33 3 57 3
1 14 82 56
60 92 1 13
1 66 67 6
29 60 1 69
52 8 16 5
73 1 23 65
24 14 39 1
71 1 15 59
17 98 2 31
72 1 11 70
18 40 9 42
70 16 6 9
79 11 11 3
11 93 1 64
6 6 3 21
75 65 1 10
51 60 2 34
55 75 3 6
10 45 14 9
69 39 1 14
4 32 10 43
2 32 59 16
3 4 87 24
6 2 15 1
71 11 1 32
1 93 1 73
3 6 90 18
12 47 2 66
1 57 8 69
7 3 10 94
5 35 54 2
5 29 46 11
3 56 15 68
27 23 5 7
50 70 5 5
82 6 1 9
2 11 18 91
65 15 1 14
15 75 7 7
13 51 1 59
12 71 2 62
3 41 4 45
62 25 2 32
70 24 6 3
69 1 86 1
50 71 4 8
2 4 71 38
2 100 12 54
26 34 1 81
67 2 9 64
3 1 47 55
3 17 84 5
5 3 38 53
57 84 5 3
15 67 2 5
2 66 6 58
1 7 44 47
58 54 3 10
1 94 8 4
4 82 3 12
51 1 41 52
2 53 7 12
63 1 21 56
1 8 66 41
1 4 96 94
37 44 2 22
5 16 53 4
2 46 15 26
13 57 13 10
4 3 5 86
55 22 10 3
5 38 14 2
2 11 62 29
91 58 3 7
13 38 2 60
1 64 13 19
59 62 6 6
5 33 3 20
73 83 1 8
62 51 4 5
4 69 2 61
56 36 3 5
6 62 4 10
25 84 1 32
1 51 73 10
85 80 6 1
8 28 9 15
3 17 6 19
4 18 71 4
43 64 3 1
67 69 1 5
2 42 7 3
3 57 5 20
17 1 17 98
1 57 66 14
62 1 87 1
15 21 4 1
1 7 11 87
2 26 15 31
11 1 31 84
22 73 1 56
36 66 3 2
82 49 1 1
73 12 7 9
45 1 5 82
49 17 12 9
1 75 99 4
8 6 6 13
24 6 4 6
3 4 69 54
80 55 2 6
56 60 2 6
1 87 23 18
36 1 14 72
28 26 1 56
1 16 55 5
93 19 1 8
4 23 5 68
24 39 2 59
5 8 37 35
1 25 16 71
55 44 1 24
1 60 7 100
71 26 1 10
1 80 6 41
4 21 4 31
5 1 16 73
3 76 90 1
6 2 8 53
1 73 54 5
7 53 6 5
10 14 1 56
2 17 23 55
15 70 1 44
2 67 45 2
1 53 10 63
21 1 29 16
1 59 9 10
4 3 90 10
1 88 7 19
26 1 8 8
81 64 1 5
5 92 1 54
41 1 98 5
11 1 98 2
24 2 6 55
2 14 29 1
55 11 12 1
67 29 3 6
65 1 19 7
47 67 1 26
2 2 48 67
8 1 12 98
52 34 1 19
15 20 9 8
1 2 82 81
2 59 4 38
33 58 2 51
1 4 78 87
1 10 75 5
1 5 64 74
2 88 1 96
1 12 60 26
2 21 20 60
1 16 6 67
2 56 2 58
80 51 2 5
18 16 1 9
58 1 3 55
89 1 1 10
2 1 60 68
66 1 2 73
72 2 2 13
1 53 11 41
24 41 2 3
7 1 17 54
10 14 1 25
1 45 22 3
26 65 1 3
2 13 27 46
8 99 2 26
6 1 1 91
9 16 7 8
24 2 12 24
1 18 29 56
2 37 3 25
2 3 83 26
18 9 5 15
12 1 88 1
3 7 70 25
6 1 2 63
8 24 12 7
2 8 55 37
25 9 1 65
24 23 3 1
3 19 1 43
12 70 11 1
1 60 31 2
12 68 4 3
3 11 73 2
71 12 9 5
1 4 98 72
84 7 10 1
11 7 5 7
52 54 2 2
78 65 1 1
1 8 58 35
3 8 34 3
9 68 4 3
68 5 5 14
58 1 82 7
29 10 12 5
1 1 99 26
7 90 2 29
2 8 79 19
9 88 14 1
4 7 35 38
1 2 65 75
1 31 6 1
5 2 77 2
64 1 1 74
2 15 6 67
2 12 40 55
5 16 27 11
3 8 22 66
1 18 4 62
8 58 1 8
72 3 14 3
1 6 15 93
3 17 3 42
10 1 69 1
2 3 90 2
1 22 7 30
22 1 7 44
5 16 10 21
5 11 4 10
1 1 98 51
18 3 7 21
87 1 52 4
18 6 5 4
2 2 67 65
2 1 91 13
16 5 1 34
1 9 5 91
4 59 1 36
3 10 16 61
96 1 9 7
26 9 11 1
5 43 3 1
12 17 10 5
59 12 2 25
1 5 57 94
4 65 4 19
2 7 5 14
58 7 1 30
59 78 1 2
21 6 1 4
4 5 3 80
2 8 3 72
15 1 44 5
1 26 54 6
62 1 6 2
30 1 34 5
60 3 4 53
1 7 78 14
3 73 1 37
33 10 5 3
17 52 2 18
1 29 21 18
4 3 60 16
1 1 77 55
2 8 3 11
2 4 27 96
3 10 8 5
14 48 1 19
13 12 2 20
3 4 12 70
4 2 12 57
1 2 63 49
1 21 2 87
17 1 35 45
4 25 4 8
6 22 1 27
52 21 1 3
43 3 2 61
3 68 2 41
57 2 10 6
2 3 43 62
4 1 17 3
73 1 1 23
31 5 12 6
1 3 35 55
2 3 81 23
