500 4
0.04 0.59 0.30 0.02
0.47 0.56 0.77 0.64
0.97 0.16 0.66 0.93
0.74 1.00 0.09 0.18
0.66 0.10 0.67 0.80
0.81 0.59 0.06 0.34
0.57 0.81 0.04 0.74
0.88 0.23 0.64 0.82
0.03 0.85 0.79 0.97
0.59 0.37 0.53 0.87
0.74 0.41 0.26 0.99
0.75 0.69 0.14 0.70
0.89 0.52 0.79 0.64
0.82 0.73 0.02 0.95
0.94 0.04 0.75 0.70
0.55 0.30 0.25 0.11
0.93 0.76 0.02 0.72
0.83 0.55 0.11 0.34
0.87 0.22 0.55 0.87
0.29 0.34 0.66 0.63
0.08 0.52 0.86 0.92
0.76 0.23 0.74 0.29
0.63 0.15 0.28 0.34
0.58 0.23 0.89 0.56
0.68 0.86 0.01 0.78
0.14 0.36 0.01 0.78
0.98 0.12 0.55 0.79
0.17 0.57 0.93 0.08
0.93 0.14 0.89 0.18
0.22 0.55 0.58 0.70
0.49 0.06 0.92 0.91
0.02 0.57 0.82 0.17
0.53 0.89 0.39 0.01
0.58 0.13 0.58 0.81
0.71 0.07 0.71 0.99
0.56 0.88 0.01 0.71
0.17 0.51 0.87 0.68
0.94 0.09 0.90 0.27
0.70 0.16 0.82 0.21
0.55 0.02 1.00 0.77
0.52 0.02 0.82 0.93
0.15 0.51 0.87 0.75
0.12 0.58 0.08 0.43
0.48 0.53 0.35 0.34
0.18 0.37 0.82 0.54
0.51 0.28 0.85 0.90
0.95 0.14 0.73 0.16
0.87 0.16 0.07 0.54
0.49 0.05 0.76 0.62
0.18 0.56 0.95 0.28
0.93 0.18 0.50 0.28
0.59 0.14 0.62 0.73
0.28 0.03 0.68 0.79
0.23 0.25 0.78 0.70
0.05 0.18 0.61 0.60
0.56 0.28 0.47 0.38
0.70 0.09 0.74 0.53
0.54 0.35 0.08 0.72
0.29 0.65 0.03 0.60
0.63 0.01 0.28 0.90
1.00 0.08 0.53 0.63
0.12 0.35 0.60 0.99
0.56 0.23 0.53 0.64
0.02 0.55 0.80 0.95
0.57 0.22 0.70 0.22
0.07 0.18 0.04 0.33
0.96 0.03 0.68 0.60
0.51 0.29 0.53 0.32
0.75 0.79 0.73 0.01
0.80 0.57 0.05 0.29
0.39 0.10 0.59 0.89
0.01 0.63 0.80 0.99
0.87 0.64 0.06 0.07
0.95 0.12 0.86 0.30
0.97 0.56 0.10 0.03
0.66 0.02 0.11 0.93
0.90 0.65 0.01 0.69
0.66 0.83 0.17 0.20
0.42 0.08 1.00 0.73
0.81 0.04 0.80 0.60
0.95 0.02 0.63 0.44
0.99 0.16 0.24 0.16
0.53 0.09 0.55 0.35
0.08 0.17 0.52 0.94
0.60 0.09 0.42 0.06
0.07 0.08 0.84 0.78
0.20 0.84 0.06 0.04
0.03 0.60 0.76 1.00
0.93 0.01 0.48 0.07
0.51 0.02 0.09 0.91
0.64 0.10 0.17 0.53
0.77 0.14 0.06 0.02
0.06 0.57 0.48 0.72
0.14 0.32 0.50 0.22
0.63 0.63 0.27 0.06
0.37 0.11 0.67 0.68
0.38 0.23 0.83 0.11
0.14 0.04 0.38 0.98
0.70 0.04 0.96 0.54
0.27 0.12 0.80 0.78
0.03 0.77 0.32 0.89
0.38 0.17 0.92 0.36
0.02 0.45 1.00 0.91
0.01 0.83 0.86 0.57
0.34 0.66 0.09 0.12
0.77 0.69 0.81 0.01
0.51 0.09 0.62 0.71
0.03 0.31 0.95 0.62
0.67 0.06 0.69 0.61
0.06 0.13 0.88 0.94
0.86 0.06 0.51 0.03
0.68 0.77 0.08 0.26
0.58 0.12 0.52 0.64
0.03 0.75 0.65 0.68
0.04 0.01 0.81 0.63
0.85 0.02 0.90 0.05
1.00 0.02 0.12 0.65
0.01 0.54 0.43 0.49
0.25 0.14 0.69 0.82
0.69 0.09 0.22 0.52
0.51 0.17 0.81 0.58
0.62 0.62 0.20 0.05
0.24 0.42 0.16 0.20
0.85 0.69 0.01 0.05
0.59 0.55 0.03 0.62
0.40 0.07 0.86 0.59
0.85 0.73 0.50 0.01
0.11 0.52 0.60 0.20
0.11 0.79 0.07 0.02
0.22 0.11 0.55 0.70
0.74 0.05 0.45 0.80
0.11 0.15 0.40 0.91
0.39 0.21 0.55 0.32
0.58 0.62 0.01 0.55
0.16 0.14 0.51 0.75
0.70 0.64 0.09 0.23
0.33 0.59 0.01 0.36
0.96 0.51 0.01 0.08
0.96 0.42 0.68 0.01
0.95 0.21 0.01 0.13
0.96 0.08 0.12 0.74
0.24 0.48 0.54 0.09
0.67 0.12 0.12 0.85
0.02 0.71 0.89 0.06
0.23 0.10 0.80 0.95
0.05 0.96 0.02 0.55
0.26 0.41 0.65 0.09
0.09 0.26 0.95 0.29
0.73 0.66 0.73 0.01
0.04 0.99 0.03 0.86
0.69 0.57 0.39 0.10
0.85 0.52 0.02 0.63
0.04 0.35 0.76 0.58
0.06 0.11 0.55 0.94
1.00 0.11 0.04 0.52
0.39 0.07 0.53 0.63
0.75 0.06 0.55 0.25
0.48 0.13 0.60 0.41
0.57 0.15 0.28 0.69
0.02 0.35 0.70 1.00
0.21 0.26 0.75 0.08
0.12 0.03 0.49 0.86
0.10 0.11 0.34 0.60
0.02 0.05 0.70 0.35
0.91 0.04 0.38 0.18
0.22 0.51 0.23 0.15
0.59 0.02 0.63 0.61
0.71 0.44 0.01 0.41
0.57 0.26 0.90 0.06
0.57 0.14 0.06 0.64
0.69 0.04 0.28 0.79
0.06 0.39 0.60 0.10
0.33 0.17 0.30 0.88
0.57 0.37 0.56 0.08
0.85 0.06 0.13 0.83
0.52 0.79 0.06 0.25
0.48 0.12 0.90 0.18
0.63 0.57 0.02 0.01
0.01 0.77 0.17 0.01
0.05 0.91 0.03 0.04
0.40 0.01 0.67 0.73
0.03 0.67 0.66 0.21
0.82 0.08 0.17 0.85
0.01 0.75 0.68 0.38
0.67 0.24 0.01 0.44
0.59 0.04 0.61 0.07
0.63 0.45 0.60 0.03
0.48 0.17 0.14 0.54
0.92 0.08 0.15 0.71
0.63 0.29 0.26 0.01
0.48 0.16 0.01 0.81
0.26 0.82 0.03 0.42
0.01 0.40 0.70 0.75
0.33 0.09 0.54 0.60
0.42 0.06 0.65 0.68
0.33 0.08 0.02 0.75
0.33 0.87 0.01 0.20
0.93 0.54 0.05 0.29
0.80 0.08 0.53 0.55
0.92 0.02 0.69 0.60
0.90 0.01 0.26 0.69
0.24 0.01 0.61 0.51
0.88 0.04 0.40 0.61
0.10 0.21 0.47 0.26
0.64 0.01 0.89 0.44
0.03 0.23 0.39 0.65
0.99 0.09 0.03 0.54
0.02 0.15 1.00 0.18
0.53 0.65 0.96 0.01
0.57 0.24 0.77 0.17
0.52 0.53 0.15 0.21
0.79 0.03 0.47 0.81
0.01 0.52 0.62 0.24
0.55 0.54 0.95 0.04
0.78 0.91 0.01 0.03
0.76 0.05 0.31 0.77
0.39 0.14 0.36 0.05
0.82 0.01 0.27 0.65
0.67 0.05 0.56 0.52
0.58 0.54 0.88 0.02
0.02 0.75 0.77 0.23
0.63 0.05 0.19 0.29
0.19 0.23 0.86 0.01
0.77 0.03 0.01 0.52
0.02 0.56 0.30 0.79
0.86 0.01 0.78 0.28
0.01 0.44 0.81 0.68
0.69 0.03 0.13 0.22
0.03 0.56 0.87 0.11
0.67 0.56 0.19 0.18
0.86 0.03 0.81 0.08
0.06 0.58 0.34 0.04
0.63 0.02 0.54 0.60
0.61 0.01 0.54 0.40
0.58 0.04 0.54 0.81
0.66 0.17 0.02 0.07
0.55 0.29 0.35 0.15
0.14 0.72 0.15 0.21
0.19 0.17 0.97 0.24
0.79 0.01 0.55 0.03
0.58 0.10 0.36 0.74
0.44 0.08 0.53 0.38
0.69 0.20 0.61 0.01
0.18 0.74 0.02 0.51
0.75 0.02 0.03 0.63
0.02 0.47 0.68 0.25
0.25 0.06 0.83 0.04
0.22 0.11 0.19 0.70
0.95 0.08 0.52 0.01
0.04 0.08 0.51 0.87
0.08 0.17 0.57 0.42
0.61 0.51 0.18 0.01
0.07 0.07 0.65 0.63
0.71 0.16 0.09 0.03
0.20 0.35 0.63 0.16
0.83 0.02 0.21 0.36
0.02 0.63 0.66 0.14
0.05 0.55 0.35 0.77
0.59 0.13 0.32 0.21
0.51 0.07 0.53 0.47
0.23 0.57 0.52 0.05
0.17 0.08 0.70 0.02
0.06 0.62 0.07 0.81
0.07 0.88 0.01 0.55
0.59 0.16 0.31 0.58
0.59 0.57 0.51 0.01
0.57 0.59 0.71 0.01
0.03 0.22 0.38 0.55
0.01 0.38 0.86 0.98
0.68 0.17 0.79 0.01
0.66 0.03 0.40 0.86
0.07 0.74 0.23 0.11
0.01 0.53 0.52 0.79
0.21 0.74 0.22 0.06
0.05 0.48 0.33 0.38
0.08 0.02 0.13 0.65
0.59 0.72 0.15 0.08
0.02 0.18 0.54 0.21
0.52 0.61 0.70 0.01
0.61 0.48 0.31 0.03
0.78 0.01 0.63 0.10
0.66 0.01 0.64 0.16
0.02 0.88 0.12 0.90
0.61 0.17 0.05 0.64
0.14 0.71 0.93 0.01
0.48 0.61 0.17 0.06
0.02 0.14 0.13 0.79
0.02 0.22 0.95 0.03
0.56 0.05 0.66 0.27
0.77 0.52 0.01 0.39
0.53 0.64 0.10 0.31
0.01 0.51 0.05 0.51
0.20 0.58 0.29 0.10
0.65 0.02 0.02 0.84
0.24 0.01 1.00 0.41
0.42 0.12 0.11 0.14
0.03 0.56 0.62 0.06
0.36 0.03 0.53 0.51
0.71 0.02 0.61 0.18
0.61 0.49 0.10 0.04
0.52 0.06 0.69 0.48
0.84 0.11 0.13 0.01
0.56 0.31 0.67 0.02
0.44 0.56 0.32 0.04
0.75 0.02 0.51 0.31
0.15 0.09 0.03 0.84
0.55 0.48 0.32 0.03
0.48 0.06 0.02 0.61
0.03 0.69 0.42 0.39
0.41 0.02 0.10 0.62
0.01 0.31 0.81 0.11
0.13 0.26 0.60 0.04
0.07 0.07 0.54 0.89
0.01 0.37 0.54 0.80
0.05 0.05 0.59 0.71
0.40 0.64 0.08 0.15
0.33 0.15 0.59 0.43
0.33 0.42 0.33 0.11
0.57 0.87 0.05 0.15
0.07 0.09 0.25 0.78
0.18 0.02 0.87 0.54
0.31 0.42 0.28 0.13
0.60 0.02 0.88 0.43
1.00 0.07 0.95 0.02
0.59 0.17 0.10 0.51
0.59 0.10 0.12 0.36
0.05 0.27 0.49 0.52
0.26 0.41 0.59 0.08
0.04 0.40 0.69 0.20
0.71 0.05 0.08 0.66
0.99 0.05 0.21 0.08
0.33 0.01 0.60 0.99
0.26 0.23 0.26 0.19
0.04 0.36 0.50 0.42
0.60 0.01 0.53 0.92
0.40 0.13 0.36 0.09
0.58 0.03 0.35 0.53
0.02 0.70 0.16 0.45
0.13 0.60 0.48 0.01
0.11 0.04 0.03 0.21
0.04 0.13 0.67 0.70
0.55 0.59 0.19 0.06
0.74 0.51 0.01 0.06
0.58 0.51 0.29 0.05
0.92 0.07 0.54 0.01
0.08 0.93 0.12 0.02
0.43 0.01 0.66 0.24
0.69 0.01 0.44 0.25
0.12 0.43 0.44 0.18
0.19 0.01 0.80 0.59
0.09 0.96 0.02 0.38
0.23 0.01 0.62 0.92
0.01 0.12 0.30 0.85
0.14 0.73 0.02 0.72
0.04 0.86 0.01 0.53
0.29 0.51 0.47 0.06
0.63 0.57 0.01 0.48
0.66 0.74 0.01 0.16
0.03 0.61 0.01 0.95
0.01 0.09 0.86 0.67
0.60 0.55 0.10 0.13
0.66 0.09 0.33 0.03
0.06 0.03 0.73 0.62
0.01 0.77 0.09 0.16
0.91 0.29 0.04 0.02
0.59 0.15 0.58 0.02
0.62 0.03 0.21 0.58
0.54 0.06 0.33 0.06
0.04 0.04 0.95 0.52
0.03 0.04 0.62 0.90
0.10 0.51 0.24 0.29
0.04 0.04 0.58 0.92
0.85 0.01 0.09 0.02
0.34 0.19 0.55 0.16
0.33 0.02 0.90 0.44
0.54 0.83 0.05 0.07
0.66 0.39 0.01 0.60
0.59 0.24 0.69 0.01
0.32 0.05 0.96 0.09
0.01 0.74 0.19 0.08
0.01 0.52 0.14 0.08
0.86 0.14 0.01 0.43
0.81 0.01 0.08 0.39
0.17 0.20 0.97 0.01
0.07 0.59 0.30 0.01
0.22 0.06 0.39 0.13
0.46 0.29 0.01 0.66
0.22 0.46 0.31 0.14
0.56 0.94 0.02 0.19
0.02 0.03 0.65 0.79
0.20 0.03 0.95 0.23
0.51 0.84 0.05 0.02
0.38 0.01 0.79 0.22
0.58 0.96 0.02 0.15
0.30 0.54 0.02 0.69
0.51 0.58 0.02 0.26
0.09 0.03 0.06 0.85
0.61 0.13 0.01 0.64
0.56 0.78 0.09 0.07
0.17 0.01 0.33 0.71
0.38 0.53 0.25 0.05
0.40 0.01 0.59 0.48
0.66 0.03 0.37 0.12
0.46 0.54 0.69 0.02
0.27 0.54 0.01 0.13
0.46 0.22 0.01 0.56
0.36 0.55 0.03 0.06
0.18 0.01 0.84 0.22
0.03 0.16 0.08 0.90
0.58 0.59 0.10 0.04
0.73 0.01 0.34 0.29
0.28 0.34 0.29 0.16
0.24 0.03 0.76 0.10
0.41 0.01 0.98 0.02
0.65 0.50 0.08 0.02
0.63 0.04 0.86 0.04
0.03 0.09 0.64 0.74
0.65 0.11 0.36 0.02
0.07 0.22 0.52 0.13
0.57 0.51 0.31 0.07
0.60 0.14 0.12 0.07
0.12 0.25 0.84 0.10
0.83 0.02 0.30 0.15
0.05 0.03 0.54 0.29
0.23 0.02 0.56 0.35
0.04 0.66 0.01 0.57
0.71 0.01 0.28 0.75
0.60 0.03 0.68 0.06
0.15 0.53 0.88 0.02
0.72 0.01 0.10 0.47
0.02 0.08 0.08 0.56
0.08 0.11 0.63 0.14
0.59 0.36 0.64 0.01
0.70 0.03 0.62 0.09
0.06 0.66 0.09 0.30
0.61 0.01 0.31 0.69
0.33 0.12 0.02 0.05
0.86 0.86 0.01 0.02
0.01 0.38 0.77 0.07
0.32 0.01 0.03 0.81
0.01 0.07 0.77 0.65
0.11 0.14 0.01 0.21
0.77 0.04 0.62 0.04
0.25 0.54 0.13 0.01
0.23 0.66 0.16 0.04
0.93 0.01 0.02 0.31
0.28 0.03 0.45 0.44
0.62 0.11 0.01 0.70
0.42 0.92 0.12 0.01
0.26 0.78 0.11 0.08
0.22 0.55 0.54 0.02
0.72 0.01 0.84 0.07
0.54 0.04 0.65 0.11
0.07 0.30 0.93 0.09
0.76 0.11 0.77 0.01
0.42 0.01 0.73 0.02
0.09 0.01 0.19 0.27
0.06 0.18 0.17 0.26
0.13 0.28 0.45 0.13
0.01 0.85 0.03 0.63
0.57 0.48 0.46 0.02
0.05 0.07 0.16 0.68
0.02 0.03 0.09 0.82
0.85 0.02 0.07 0.53
0.12 0.51 0.75 0.04
0.91 0.01 0.06 0.62
0.51 0.13 0.64 0.01
0.03 0.04 0.83 0.72
0.69 0.10 0.12 0.18
0.60 0.51 0.29 0.03
0.06 0.50 0.64 0.01
0.05 0.59 0.02 0.23
0.05 0.32 0.06 0.70
0.58 0.49 0.04 0.04
0.03 0.39 0.43 0.22
0.34 0.01 0.50 0.13
0.43 0.03 0.18 0.60
0.01 0.42 0.74 0.66
0.04 0.44 0.39 0.20
0.66 0.02 0.11 0.53
0.09 0.54 0.04 0.09
0.41 0.28 0.28 0.03
0.11 0.74 0.09 0.05
0.47 0.10 0.13 0.01
0.67 0.01 0.69 0.05
0.98 0.62 0.01 0.01
0.01 0.40 0.17 0.83
0.37 0.12 0.59 0.03
0.03 0.61 0.04 0.41
0.03 0.10 0.65 0.26
0.13 0.20 0.72 0.13
0.18 0.09 0.55 0.02
0.01 0.30 0.12 0.62
0.03 0.52 0.52 0.07
0.08 0.19 0.94 0.13
0.06 0.02 0.59 0.69
0.26 0.66 0.01 0.08
0.44 0.05 0.19 0.05
0.02 0.12 0.48 0.03
0.33 0.05 0.01 0.24
