500 4
48 95 90 11
60 98 16 65
96 41 98 3
85 47 68 54
79 54 82 93
59 62 54 46
74 70 30 51
99 81 79 14
19 88 84 57
76 29 85 76
54 97 70 71
20 85 38 46
53 52 79 50
98 53 53 53
56 84 51 49
71 90 75 34
14 59 89 50
39 2 82 56
45 58 74 52
75 89 32 41
81 53 90 33
93 89 85 34
24 9 93 65
80 82 7 55
100 62 49 66
13 54 85 34
64 51 11 41
63 55 15 54
91 25 31 69
49 68 11 99
81 85 81 38
26 79 71 56
86 55 9 16
52 83 67 54
89 8 52 65
3 83 92 65
90 48 5 27
15 77 80 54
58 64 64 64
59 59 87 3
32 70 71 26
62 89 31 66
54 48 56 90
99 42 95 54
1 15 22 57
71 13 73 80
66 34 2 95
6 10 76 44
68 51 69 25
93 79 78 2
66 37 33 37
57 19 97 8
98 8 17 69
54 6 76 75
60 13 17 62
88 7 74 48
28 75 58 53
84 35 96 20
45 8 69 91
4 69 73 20
42 38 53 16
55 72 56 12
74 79 59 6
61 91 89 1
48 55 38 18
32 66 53 52
16 25 74 49
78 22 29 10
65 88 62 6
17 5 85 78
88 12 57 68
68 11 12 76
49 93 11 85
2 55 30 39
76 21 81 30
55 68 1 92
34 85 95 17
97 14 53 13
37 97 11 56
54 4 66 56
14 7 76 59
57 59 19 88
24 88 84 2
35 66 79 17
76 7 22 70
97 1 39 73
59 52 14 90
58 72 8 64
87 90 14 15
35 10 64 78
51 86 15 51
40 22 53 53
70 64 52 15
100 36 73 5
52 2 58 96
71 59 2 79
85 72 2 71
76 2 65 68
93 59 1 64
36 70 28 56
10 69 1 60
29 13 75 51
95 18 11 83
79 4 61 70
28 9 72 81
33 53 54 26
51 55 11 62
66 42 20 55
4 25 84 2
53 69 10 54
56 64 7 52
46 72 17 58
88 91 3 2
74 98 1 59
72 54 38 14
64 10 64 72
41 37 57 40
100 3 18 36
60 9 31 5
81 5 33 72
77 49 2 51
1 95 81 11
65 48 4 84
38 88 31 18
58 14 2 69
78 89 87 1
17 6 52 11
2 95 2 74
56 4 65 68
53 16 6 78
24 51 46 34
90 4 3 69
88 4 96 55
21 9 26 61
40 15 19 86
39 5 90 54
1 43 69 52
74 3 99 35
27 66 2 77
58 78 76 1
7 86 18 52
19 2 81 97
47 91 76 7
42 70 50 4
1 58 66 52
62 4 74 54
57 54 70 7
86 61 3 2
84 41 15 51
31 64 71 3
76 53 73 1
51 68 14 41
55 20 38 28
19 3 69 79
91 44 80 2
6 7 55 94
60 81 23 23
45 28 45 21
2 74 23 24
3 15 79 53
62 95 1 23
18 45 81 8
4 1 82 58
45 10 22 89
69 4 65 52
65 11 20 71
29 39 40 25
2 14 51 10
10 68 2 63
78 96 55 3
75 52 1 78
6 40 29 52
52 99 48 1
71 77 5 56
46 57 1 96
55 7 48 12
82 9 62 4
68 81 2 40
54 42 3 68
54 14 4 38
45 64 66 6
16 87 75 7
18 62 57 3
20 53 16 99
37 45 73 4
54 56 34 26
51 64 13 59
51 69 2 59
70 52 65 4
71 43 7 28
96 53 1 51
48 63 44 1
60 5 63 4
72 7 26 83
74 66 7 1
42 50 44 14
61 2 28 57
5 4 77 62
81 5 23 17
54 70 14 33
73 99 15 7
73 60 28 23
71 3 13 99
46 84 9 24
32 52 58 5
97 5 82 2
2 53 30 1
90 92 2 23
78 35 19 17
63 82 6 30
33 2 19 56
91 16 77 3
84 61 12 22
72 8 36 4
57 76 3 56
9 8 69 75
5 51 5 71
26 59 5 55
95 1 31 9
11 75 8 34
8 58 6 68
65 49 57 2
65 27 81 3
15 3 81 88
53 58 3 77
11 47 3 86
51 93 16 19
42 9 18 95
86 3 98 53
88 1 61 80
61 8 44 34
20 49 18 59
87 1 70 24
98 58 20 12
43 87 17 19
27 54 2 80
1 25 52 17
4 8 52 14
69 68 7 1
54 66 25 20
15 7 63 25
35 3 36 36
80 61 8 1
38 21 10 57
31 68 25 53
71 72 2 46
20 52 35 5
55 36 6 34
12 41 1 94
54 54 21 16
100 44 89 1
72 12 5 95
10 73 28 51
9 23 8 53
32 61 1 83
93 23 19 15
2 45 1 83
2 19 22 12
62 1 90 33
73 63 18 20
1 35 32 50
69 44 16 4
44 14 25 33
43 8 75 4
21 4 37 72
23 7 30 51
1 79 16 69
96 10 2 35
63 53 3 67
15 65 4 55
32 22 12 54
98 17 23 1
2 5 14 69
99 55 10 4
14 54 1 59
2 4 92 83
46 20 6 63
47 58 2 52
7 75 3 79
58 95 1 55
34 44 5 82
73 29 1 46
36 98 6 44
53 2 73 49
58 2 69 52
23 35 72 9
98 5 13 58
56 3 87 26
84 4 74 29
13 14 32 68
55 17 91 2
46 29 41 6
53 4 77 14
89 1 12 73
41 8 29 21
55 4 5 61
53 74 21 32
7 80 22 2
6 87 19 67
73 2 10 87
67 2 54 34
96 35 6 13
76 52 3 21
67 21 3 14
54 64 5 10
3 15 35 5
82 2 18 70
2 92 7 3
59 34 59 3
34 6 7 72
1 42 3 75
60 12 27 19
24 80 17 9
60 34 1 22
22 64 15 36
6 3 22 92
54 51 7 30
31 10 42 33
64 76 3 14
15 29 67 2
68 17 15 24
18 33 14 50
14 24 9 25
61 90 2 21
89 26 55 2
51 11 64 10
76 42 54 2
97 4 86 1
80 100 3 1
2 10 53 53
33 2 79 55
50 6 7 63
15 51 1 76
94 52 8 6
65 9 5 52
56 11 69 6
73 44 14 3
39 60 16 8
70 5 54 9
18 88 19 13
52 59 4 47
30 1 1 1
9 2 57 89
5 83 18 41
8 3 15 22
22 58 1 48
2 62 24 7
1 98 12 34
13 18 7 99
3 16 25 54
20 53 3 67
18 13 27 17
12 52 42 4
28 96 1 46
3 66 8 21
1 8 71 69
25 17 1 52
14 33 7 91
1 13 32 83
8 2 7 91
7 87 21 12
3 54 29 4
18 98 6 11
1 5 65 84
23 1 62 73
12 2 71 84
4 14 3 39
5 63 5 3
11 1 89 6
5 5 76 12
1 93 47 45
21 51 38 3
8 8 90 9
7 23 1 84
1 71 4 8
3 14 40 57
16 1 69 56
11 92 2 13
29 3 2 71
1 11 48 100
29 3 73 4
20 2 61 83
5 9 57 6
3 24 1 45
20 70 19 2
8 93 3 8
14 22 12 10
14 58 20 9
4 9 23 44
6 1 31 10
2 4 96 79
25 34 58 1
1 54 13 68
12 44 30 6
4 6 87 42
1 7 83 79
17 4 2 88
3 50 30 10
20 60 5 33
1 62 2 70
3 1 59 57
22 12 12 37
1 72 4 7
1 67 12 48
3 22 29 8
22 9 11 79
1 2 85 69
17 8 24 6
3 4 88 7
4 6 71 23
11 83 3 3
22 10 51 3
7 8 23 53
1 66 5 22
1 9 98 12
3 3 88 28
25 17 15 12
2 10 77 5
1 37 82 8
1 48 36 24
3 1 45 65
6 51 8 11
1 1 88 87
1 24 14 92
1 53 24 10
9 21 66 2
3 1 17 69
5 6 32 62
5 22 62 4
8 81 3 9
1 69 23 21
11 5 12 59
29 35 8 35
20 10 1 61
2 65 2 31
5 51 88 1
27 74 11 2
1 98 95 6
28 53 6 22
4 15 6 25
22 7 14 37
1 24 85 9
7 40 64 3
11 8 11 54
25 73 3 14
5 20 80 3
2 5 38 53
10 5 13 21
3 98 3 26
1 4 21 66
15 74 3 8
7 62 1 28
11 4 55 1
20 74 1 3
6 53 15 4
1 87 97 2
5 54 7 15
25 3 7 6
1 6 99 5
6 41 4 3
1 61 66 6
16 2 1 75
8 54 26 1
28 2 10 63
1 15 52 38
9 37 4 28
5 13 12 73
15 10 6 74
19 9 11 15
1 14 77 39
27 61 2 15
6 61 1 23
29 1 16 82
14 23 2 77
20 42 30 2
5 13 8 100
1 93 89 3
8 1 10 90
1 28 26 54
2 86 18 1
2 20 21 59
1 52 68 11
1 18 60 34
5 52 61 4
19 94 9 1
2 18 7 82
1 57 1 8
4 8 25 56
13 3 84 3
14 10 9 55
7 4 15 71
22 52 16 1
1 22 2 64
1 11 74 12
13 38 20 13
7 77 13 2
1 93 32 1
5 5 48 44
21 78 2 2
1 54 71 1
