500 4
0.58 0.03 0.44 0.06
0.08 0.93 0.64 0.64
0.88 0.24 0.12 0.76
0.06 0.13 0.89 0.52
0.06 0.36 0.30 0.82
0.49 0.13 0.11 0.26
0.20 0.56 0.88 0.63
0.02 0.65 0.46 0.65
0.10 0.79 0.63 0.61
0.38 0.82 0.83 0.59
0.46 0.75 0.97 0.48
0.03 0.54 0.53 0.67
0.57 0.67 0.07 0.81
0.46 0.65 0.50 0.57
0.25 0.15 0.73 0.71
0.24 0.67 0.95 0.25
0.94 0.02 0.85 0.56
0.42 0.36 0.21 0.80
0.92 0.51 0.88 0.01
0.01 0.57 0.97 0.59
0.22 0.63 0.57 0.59
0.61 0.10 0.15 0.55
0.86 0.69 0.52 0.01
0.43 0.84 0.65 0.05
0.39 0.48 0.36 0.18
0.38 0.83 0.55 0.15
0.10 0.88 0.33 0.56
0.01 0.78 0.38 0.76
0.35 0.95 0.18 0.68
0.51 0.69 0.82 0.03
0.06 0.74 0.58 0.21
0.34 0.01 0.80 0.38
0.88 0.01 0.76 0.13
0.18 0.50 0.51 0.72
0.20 0.06 0.78 0.51
0.41 0.91 0.02 0.24
0.13 0.67 0.84 0.63
0.71 0.59 0.61 0.02
0.08 0.75 0.94 0.12
0.26 0.52 0.56 0.68
0.20 0.82 0.03 0.91
0.65 0.86 0.05 0.54
0.04 0.15 0.96 0.28
0.68 0.65 0.08 0.66
0.75 0.46 0.01 0.60
0.35 0.72 0.76 0.54
0.89 0.39 0.87 0.02
0.51 0.82 0.62 0.04
0.57 0.70 0.10 0.52
0.08 0.57 0.51 0.12
0.84 0.50 0.06 0.59
0.50 0.41 0.93 0.09
0.03 1.00 0.68 0.63
0.10 0.92 0.06 0.64
0.41 0.22 0.53 1.00
0.58 0.84 0.01 0.23
0.17 0.69 0.13 0.16
0.27 0.57 0.60 0.06
0.39 0.24 0.61 0.93
0.20 0.17 0.64 0.95
0.16 0.72 0.10 0.65
0.01 0.54 0.79 0.61
0.02 0.46 0.78 0.77
0.29 0.26 0.65 0.93
0.77 0.82 0.02 0.38
0.78 0.05 0.03 0.16
0.45 0.64 0.35 0.14
0.01 0.86 0.77 0.59
0.06 0.95 0.96 0.03
0.50 0.29 0.32 0.03
0.83 0.16 0.32 0.08
0.27 0.63 0.37 0.61
0.12 0.12 0.82 0.47
0.17 0.48 0.78 0.66
0.62 0.11 0.27 0.26
0.90 0.57 0.26 0.08
0.07 0.37 0.89 0.49
0.04 0.39 0.59 0.12
0.37 0.40 0.55 0.63
0.29 0.62 0.13 0.94
0.17 0.39 0.54 0.18
0.89 0.02 0.08 0.25
0.55 0.78 0.97 0.01
0.36 0.12 0.51 0.53
0.09 0.89 0.40 0.62
0.53 0.97 0.52 0.02
0.29 0.21 0.66 0.67
0.58 0.26 0.01 0.43
0.43 0.67 0.36 0.06
0.55 0.54 0.15 0.22
0.88 0.02 0.13 0.08
0.19 0.20 0.71 0.97
0.29 0.37 0.53 0.57
0.59 0.21 0.05 0.87
0.56 0.79 0.05 0.91
0.15 0.27 0.76 0.88
0.67 0.01 0.63 0.68
0.01 0.87 0.29 0.57
0.66 0.85 0.30 0.07
0.31 0.02 0.63 0.55
0.23 0.09 0.47 0.58
0.45 0.18 0.54 0.07
0.02 0.85 0.91 0.57
0.04 0.67 0.36 0.90
0.30 0.22 0.90 0.08
0.33 0.25 0.34 0.63
0.03 0.81 0.75 0.54
0.39 0.48 0.20 0.35
0.63 0.01 0.55 0.72
0.25 0.99 0.13 0.01
0.52 0.10 0.11 0.72
0.05 0.10 0.61 0.83
0.24 0.04 0.54 0.84
0.14 0.18 0.73 0.09
0.13 0.09 0.74 0.91
0.57 0.08 0.45 0.54
0.85 0.02 0.77 0.26
0.19 0.26 0.60 0.88
0.13 0.47 0.54 0.71
0.15 0.25 0.64 0.80
0.11 0.73 0.80 0.03
0.52 0.10 0.92 0.33
0.20 0.52 0.02 0.85
0.15 0.08 0.98 0.69
0.49 0.10 0.73 0.24
0.01 0.86 0.29 0.14
0.56 0.07 0.82 0.18
0.01 0.33 0.96 0.53
0.11 0.77 0.30 0.09
0.11 0.31 0.80 0.64
0.38 0.96 0.54 0.01
0.57 0.07 0.28 0.86
0.51 0.34 0.02 0.81
0.15 0.69 0.22 0.65
0.68 0.08 0.05 0.69
0.15 0.22 0.61 0.61
0.58 0.14 0.95 0.04
0.01 0.50 0.87 0.63
0.58 0.80 0.09 0.20
0.53 0.12 0.39 0.58
0.05 0.99 0.17 0.12
0.59 0.02 0.51 0.94
0.10 0.34 0.54 0.52
0.38 0.57 0.25 0.80
0.68 0.13 0.04 0.86
0.16 0.21 0.63 0.58
0.01 0.48 0.76 0.12
0.51 0.13 0.68 0.23
0.20 0.25 0.72 0.22
0.42 0.50 0.14 0.60
0.12 0.83 0.54 0.04
0.48 0.90 0.01 0.61
0.32 0.13 0.12 0.72
0.11 0.32 0.46 0.93
0.31 0.68 0.39 0.55
0.34 0.60 0.08 0.56
0.75 0.70 0.72 0.01
0.01 0.68 0.72 0.77
0.86 0.02 0.56 0.45
0.38 0.51 0.23 0.29
0.43 0.02 0.48 0.94
0.26 0.98 0.08 0.20
0.03 0.67 0.31 0.65
0.03 0.31 0.70 0.78
0.07 0.74 0.35 0.51
0.01 0.09 0.29 0.58
0.70 0.02 0.72 0.33
0.56 0.65 0.09 0.10
0.61 0.26 0.10 0.25
0.33 0.53 0.33 0.46
0.35 0.81 0.26 0.15
0.06 0.90 0.18 0.97
0.19 0.54 0.48 0.52
0.32 0.53 0.48 0.02
0.51 0.19 0.03 0.69
0.18 0.08 0.50 0.71
0.75 0.69 0.01 0.13
0.43 0.32 0.67 0.09
0.15 0.69 0.07 0.97
0.51 0.72 0.05 0.49
0.92 0.62 0.66 0.01
0.01 0.68 0.71 0.48
0.32 0.21 0.18 0.01
0.09 0.08 0.77 0.80
0.59 0.51 0.13 0.02
0.24 0.31 1.00 0.08
0.22 0.54 0.28 0.83
0.71 0.02 0.46 0.28
0.35 0.02 0.73 0.28
0.27 0.01 0.94 0.69
0.55 0.17 0.64 0.08
0.53 0.67 0.08 0.20
0.32 0.16 0.11 0.74
0.31 0.63 0.55 0.09
0.81 0.03 0.25 0.71
0.29 0.52 0.48 0.45
0.59 0.04 0.82 0.03
0.40 0.87 0.03 0.57
0.71 0.01 0.56 0.51
0.11 0.67 0.31 0.39
0.20 0.60 0.47 0.52
0.03 0.04 0.53 0.78
0.51 0.20 0.53 0.15
0.75 0.02 0.42 0.84
0.17 0.52 0.66 0.10
0.02 0.84 0.57 0.37
0.12 0.43 0.32 0.54
0.16 0.67 0.19 0.37
0.12 0.53 0.56 0.14
0.52 0.63 0.04 0.07
0.53 0.16 0.05 0.97
0.34 0.15 0.85 0.07
0.09 0.68 0.28 0.71
0.90 0.01 0.53 0.39
0.37 0.19 0.59 0.43
0.06 0.20 0.33 0.10
0.21 0.80 0.06 0.30
0.08 0.67 0.25 0.58
0.15 0.06 0.57 0.61
0.40 0.33 0.17 0.48
0.12 0.02 0.90 0.51
0.24 0.81 0.59 0.08
0.26 0.45 0.26 0.73
0.31 0.08 0.54 0.66
0.58 0.02 0.96 0.27
0.54 0.08 0.31 0.93
0.08 0.35 0.35 0.02
0.31 0.34 0.63 0.09
0.53 0.11 0.43 0.02
0.07 0.80 0.29 0.01
0.68 0.25 0.12 0.24
0.77 0.25 0.03 0.60
0.60 0.07 0.25 0.57
0.18 0.15 0.12 0.61
0.61 0.01 0.63 0.98
0.17 0.07 0.88 0.35
0.86 0.31 0.14 0.10
0.31 0.25 0.11 0.11
0.36 0.98 0.01 0.57
0.18 0.05 0.84 0.07
0.36 0.01 0.65 0.68
0.61 0.65 0.03 0.02
0.51 0.04 0.01 1.00
0.25 0.23 0.11 0.91
0.23 0.05 0.53 0.72
0.01 0.97 0.07 0.86
0.08 0.85 0.03 0.18
0.75 0.55 0.01 0.10
0.02 0.23 0.58 0.57
0.63 0.01 0.12 0.37
0.53 0.02 0.52 0.60
0.31 0.06 0.23 0.71
0.44 0.07 0.05 0.84
0.13 0.67 0.17 0.63
0.61 0.02 0.33 0.86
0.08 0.39 0.03 0.65
0.41 0.04 0.43 0.56
0.61 0.02 0.58 0.36
0.14 0.83 0.20 0.11
0.15 0.69 0.75 0.01
0.51 0.01 0.42 0.93
0.37 0.01 0.64 0.56
0.80 0.04 0.06 0.58
0.22 0.73 0.06 0.51
0.03 0.83 0.06 0.69
0.77 0.05 0.51 0.02
0.28 0.17 0.50 0.53
0.06 0.14 0.61 0.56
0.02 0.79 0.67 0.56
0.70 0.05 0.32 0.18
0.57 0.11 0.41 0.52
0.23 0.61 0.08 0.59
0.55 0.10 0.66 0.13
0.07 0.81 0.12 0.88
0.66 0.05 0.05 0.62
0.42 0.35 0.01 0.84
0.03 0.16 0.71 0.11
0.02 0.40 0.58 0.54
0.26 0.57 0.27 0.50
0.78 0.21 0.02 0.80
0.65 0.13 0.39 0.23
0.08 0.52 0.12 0.62
0.07 0.02 0.52 0.89
0.07 0.58 0.05 0.95
0.13 0.52 0.21 0.55
0.79 0.79 0.15 0.01
0.20 0.56 0.05 0.62
0.53 0.03 0.06 0.59
0.75 0.50 0.06 0.06
0.63 0.01 0.02 0.80
0.63 0.02 0.05 0.77
0.28 0.78 0.24 0.09
0.02 0.56 0.56 0.04
0.84 0.47 0.02 0.03
0.01 0.68 0.72 0.29
0.21 0.02 0.81 0.67
0.01 0.51 0.54 0.34
0.01 0.68 0.18 0.79
0.61 0.68 0.02 0.26
0.52 0.01 0.54 0.61
0.54 0.38 0.04 0.68
0.43 0.30 0.05 0.55
0.14 0.06 0.80 0.32
0.21 0.68 0.29 0.25
0.05 0.09 0.92 0.53
0.28 0.59 0.08 0.25
0.56 0.69 0.03 0.20
0.54 0.06 0.54 0.20
0.29 0.90 0.19 0.05
0.11 0.55 0.02 0.79
0.04 0.76 0.54 0.32
0.25 0.14 0.08 0.42
0.44 0.10 0.59 0.36
0.10 0.16 0.93 0.10
0.71 0.19 0.16 0.25
0.11 0.68 0.32 0.11
0.02 0.32 0.89 0.53
0.93 0.09 0.01 0.79
0.02 0.46 0.86 0.40
0.01 0.54 0.51 0.52
0.01 0.92 0.55 0.04
0.54 0.77 0.02 0.54
0.07 0.66 0.20 0.63
0.02 0.06 0.91 0.30
0.60 0.52 0.05 0.19
0.56 0.53 0.14 0.03
0.32 0.19 0.07 0.72
0.03 0.67 0.28 0.58
0.08 0.08 0.85 0.65
0.13 0.06 0.11 0.35
0.07 0.42 0.26 0.68
0.80 0.20 0.30 0.01
0.67 0.16 0.40 0.10
0.52 0.39 0.01 0.67
0.26 0.65 0.30 0.34
0.02 0.47 0.56 0.14
0.04 0.12 0.73 0.37
0.15 0.73 0.11 0.23
0.06 0.03 0.61 0.62
0.51 0.59 0.02 0.07
0.26 0.18 0.80 0.07
0.04 0.63 0.29 0.03
0.99 0.45 0.12 0.04
0.07 0.75 0.08 0.78
0.07 0.44 0.01 0.83
0.02 0.75 0.54 0.23
0.52 0.05 0.69 0.14
0.32 0.02 0.54 0.54
0.18 0.18 0.10 0.66
0.41 0.71 0.02 0.60
0.03 0.02 0.26 0.29
0.07 0.11 0.01 0.19
0.02 0.16 0.60 0.01
0.02 0.41 0.34 0.57
0.70 0.05 0.67 0.05
0.55 0.68 0.14 0.05
0.05 0.53 0.07 0.97
0.06 0.06 0.60 0.03
0.82 0.42 0.04 0.11
0.54 0.52 0.05 0.13
0.05 0.91 0.24 0.53
0.58 0.03 0.04 0.59
0.02 0.99 0.52 0.01
0.65 0.15 0.05 0.01
0.01 0.08 0.54 0.71
0.27 0.01 0.61 0.41
0.04 0.97 0.24 0.53
0.56 0.07 0.04 0.83
0.01 0.43 0.78 0.02
0.71 0.01 0.64 0.15
0.54 0.10 0.32 0.14
0.01 0.04 0.68 0.52
0.03 0.63 0.20 0.75
0.25 0.05 0.15 0.58
0.09 0.03 0.53 0.12
0.01 0.57 0.44 0.47
0.19 0.67 0.08 0.13
0.21 0.65 0.21 0.01
0.21 0.01 0.53 0.51
0.06 0.01 0.04 0.64
0.02 0.12 0.04 0.55
0.03 0.84 0.54 0.15
0.01 0.75 0.06 0.63
0.90 0.01 0.92 0.01
0.84 0.02 0.59 0.25
0.99 0.01 0.88 0.12
0.18 0.52 0.52 0.01
0.69 0.83 0.01 0.08
0.55 0.11 0.50 0.01
0.11 0.58 0.16 0.04
0.84 0.03 0.19 0.14
0.09 0.09 0.12 0.52
0.75 0.47 0.01 0.09
0.22 0.13 0.29 0.06
0.33 0.79 0.13 0.07
0.03 0.01 0.61 0.03
0.76 0.01 0.54 0.36
0.03 0.71 0.34 0.19
0.76 0.10 0.04 0.13
0.39 0.26 0.10 0.06
0.05 0.76 0.06 0.31
0.02 0.10 0.78 0.20
0.03 0.66 0.02 0.98
0.03 0.38 0.02 0.42
0.90 0.03 0.39 0.04
0.05 0.86 0.56 0.01
0.55 0.15 0.21 0.02
0.36 0.03 0.01 0.52
0.58 0.03 0.18 0.47
0.01 0.60 0.69 0.03
0.24 0.53 0.20 0.14
0.02 0.14 0.96 0.18
0.61 0.02 0.24 0.16
0.64 0.09 0.26 0.03
0.09 0.76 0.18 0.04
0.76 0.07 0.59 0.04
1.00 0.06 0.01 0.21
0.03 0.57 0.32 0.28
0.96 0.12 0.11 0.03
0.79 0.87 0.02 0.01
0.77 0.04 0.05 0.02
0.75 0.02 0.14 0.07
0.12 0.69 0.10 0.02
0.73 0.27 0.02 0.10
0.01 0.63 0.15 0.65
0.14 0.01 0.23 0.46
0.37 0.03 0.31 0.21
0.21 0.31 0.03 0.02
0.54 0.09 0.52 0.13
0.05 0.09 0.59 0.07
0.06 0.98 0.11 0.12
0.09 0.72 0.16 0.13
0.01 0.35 0.13 0.92
0.31 0.17 0.57 0.03
0.77 0.33 0.01 0.04
0.02 0.03 0.26 0.56
0.54 0.53 0.02 0.14
0.06 0.28 0.19 0.11
0.26 0.05 0.08 0.58
0.66 0.05 0.35 0.01
0.28 0.06 0.10 0.40
0.33 0.02 0.57 0.22
0.18 0.56 0.29 0.09
0.05 0.28 0.05 0.26
0.01 0.74 0.66 0.33
0.64 0.09 0.51 0.01
0.04 0.18 0.44 0.17
0.56 0.12 0.21 0.07
0.23 0.05 0.32 0.28
0.03 0.51 0.56 0.06
0.62 0.69 0.01 0.02
0.54 0.02 0.07 0.62
0.39 0.30 0.06 0.18
0.01 0.99 0.28 0.56
0.02 0.68 0.39 0.27
0.37 0.16 0.41 0.04
0.42 0.02 0.02 0.63
0.03 0.78 0.59 0.03
0.02 0.54 0.01 0.54
0.04 0.58 0.15 0.08
0.61 0.09 0.02 0.19
0.48 0.10 0.09 0.23
0.51 0.20 0.31 0.02
0.02 0.06 0.30 0.53
0.02 0.28 0.53 0.31
0.63 0.03 0.34 0.12
0.15 0.08 0.53 0.10
0.75 0.07 0.04 0.05
0.08 0.59 0.12 0.13
0.01 0.26 0.59 0.26
0.68 0.02 0.03 0.62
0.61 0.01 0.60 0.25
0.03 0.10 0.55 0.10
0.01 0.01 0.73 0.78
0.03 0.27 0.01 0.83
0.19 0.57 0.18 0.16
0.02 0.27 0.44 0.52
0.78 0.02 0.01 1.00
0.01 0.57 0.23 0.52
0.55 0.04 0.14 0.30
0.60 0.10 0.06 0.34
0.03 0.09 0.05 0.65
0.75 0.04 0.06 0.42
0.51 0.06 0.04 0.03
0.77 0.01 0.02 0.52
0.14 0.90 0.09 0.15
0.03 0.79 0.52 0.06
0.63 0.09 0.75 0.01
0.11 0.17 0.55 0.08
0.56 0.75 0.06 0.01
0.10 0.07 0.02 0.99
0.90 0.01 0.78 0.02
0.59 0.02 0.02 0.57
0.02 0.04 0.71 0.51
0.01 0.26 0.04 0.59
0.75 0.69 0.01 0.01
0.02 0.24 0.22 0.53
0.04 0.45 0.19 0.20
0.02 0.19 0.03 0.31
0.52 0.53 0.02 0.08
