500 4
0.45 0.17 0.18 0.12
0.28 0.90 0.69 0.28
0.29 0.41 0.39 0.52
0.38 0.38 0.97 0.94
0.55 0.54 0.11 0.96
0.21 0.70 0.64 0.81
0.12 0.53 0.40 0.55
0.40 0.13 0.60 0.64
0.05 0.41 0.62 0.03
0.01 0.51 0.16 0.68
0.60 0.13 0.29 0.76
0.12 0.52 0.31 0.54
0.98 0.31 0.93 0.08
0.60 0.08 0.05 0.75
0.58 0.97 0.09 0.46
0.15 0.54 0.25 0.50
0.34 0.01 0.52 0.57
0.54 0.13 0.94 0.41
1.00 0.11 0.01 0.86
0.73 0.03 0.19 0.03
0.85 0.53 0.16 0.27
0.04 0.88 0.86 0.65
0.01 0.90 0.08 0.71
0.38 0.72 0.54 0.03
0.09 0.30 0.71 0.89
0.67 0.48 0.12 0.49
0.68 0.12 0.03 0.74
0.75 0.58 0.02 0.78
0.01 0.68 0.75 0.60
0.85 0.01 0.52 0.56
0.15 0.40 0.99 0.78
0.69 0.75 0.03 0.33
0.06 0.58 0.45 0.52
0.28 0.71 0.08 0.10
0.07 0.11 0.65 0.46
0.59 0.66 0.06 0.95
0.37 0.66 0.12 0.43
0.52 0.10 0.81 0.45
0.65 0.02 0.85 0.02
0.51 0.91 0.67 0.02
0.20 0.15 0.60 0.74
0.84 0.03 0.63 0.02
0.76 0.02 0.51 0.69
0.82 0.84 0.34 0.01
0.11 0.52 0.54 0.16
0.01 0.74 0.65 0.58
0.10 0.85 0.54 0.20
0.52 0.11 0.95 0.44
0.19 0.17 0.59 0.82
0.65 0.04 0.66 0.51
0.57 0.59 0.12 0.34
0.72 0.06 0.25 0.85
0.52 0.88 0.07 0.61
0.22 0.75 0.68 0.02
0.39 0.68 0.51 0.06
0.41 0.88 0.01 0.96
0.06 0.15 0.88 0.88
0.61 0.03 0.72 0.27
0.91 0.02 0.11 0.26
0.72 0.58 0.02 0.91
0.06 0.90 0.20 0.04
0.16 0.07 0.55 0.74
0.39 0.53 0.13 0.52
0.24 0.81 0.43 0.42
0.80 0.01 0.73 0.13
0.82 0.60 0.16 0.13
0.49 0.12 0.84 0.34
0.23 0.57 0.59 0.02
0.39 0.16 0.76 0.10
0.12 0.15 0.47 0.46
0.60 0.72 0.07 0.43
0.35 0.61 0.04 0.76
0.44 0.66 0.42 0.24
0.70 0.63 0.56 0.08
0.20 0.84 0.12 0.75
0.48 0.10 0.55 0.54
0.08 0.44 0.43 0.81
0.64 0.75 0.53 0.01
0.66 0.17 0.03 0.07
0.67 0.45 0.01 0.89
0.38 0.51 0.54 0.07
0.36 0.30 0.51 0.45
0.59 0.23 0.16 0.84
0.34 0.05 0.10 0.93
0.02 0.60 0.07 0.99
0.41 0.22 0.05 0.57
0.32 0.05 0.36 0.74
0.91 0.45 0.86 0.01
0.01 0.23 0.57 0.96
0.64 0.25 0.03 0.07
0.01 0.14 0.97 0.78
0.01 0.54 0.69 0.58
0.03 0.59 0.84 0.13
0.30 0.82 0.14 0.08
0.16 0.12 0.52 0.94
0.60 1.00 0.01 0.75
0.50 0.09 0.01 0.51
0.58 0.77 0.45 0.02
0.43 0.42 0.32 0.56
0.22 0.24 0.17 0.11
0.33 0.77 0.05 0.77
0.76 0.56 0.08 0.03
0.19 0.81 0.06 0.92
0.02 0.15 0.76 0.26
0.64 0.24 0.47 0.03
0.07 0.64 0.01 0.41
0.01 0.08 0.73 0.74
0.03 0.62 0.62 0.07
0.46 0.02 0.51 0.91
0.71 0.03 0.36 0.48
0.03 0.57 0.53 0.15
0.17 0.66 0.02 0.11
0.01 0.65 0.67 0.66
0.28 0.37 0.91 0.05
0.60 0.70 0.15 0.08
0.43 0.12 0.90 0.17
0.56 0.29 0.10 0.47
0.31 0.13 0.07 0.56
0.57 0.13 0.02 0.40
0.31 0.01 0.78 0.64
0.71 0.15 0.66 0.05
0.25 0.02 0.77 0.88
0.04 0.18 0.10 0.33
0.02 0.13 0.62 0.54
0.01 0.82 0.05 0.56
0.04 0.08 0.63 0.55
0.57 0.03 0.86 0.12
0.38 0.51 0.53 0.07
0.36 0.64 0.07 0.21
0.58 0.62 0.11 0.18
0.69 0.73 0.30 0.04
0.70 0.17 0.85 0.01
0.19 0.07 0.19 0.96
0.01 0.87 0.03 0.91
0.75 0.61 0.02 0.01
0.18 0.03 0.89 0.61
0.07 0.89 0.57 0.13
0.67 0.77 0.41 0.05
0.51 0.54 0.17 0.08
0.06 0.02 0.06 0.57
0.57 0.05 0.56 0.29
0.74 0.02 0.02 0.93
0.14 0.65 0.42 0.03
0.30 0.05 0.59 0.33
0.02 0.53 0.85 0.05
0.99 0.15 0.92 0.01
0.01 0.52 0.41 0.32
0.11 0.01 0.68 0.44
0.42 0.64 0.41 0.05
0.47 0.33 0.62 0.06
0.43 0.77 0.19 0.03
0.03 0.56 0.05 0.77
0.10 0.11 0.51 0.05
0.36 0.01 0.70 0.15
0.60 0.65 0.08 0.15
0.72 0.92 0.17 0.04
0.23 0.51 0.02 0.84
0.15 0.60 0.01 0.79
0.26 0.73 0.30 0.07
0.19 0.57 0.30 0.07
0.84 0.51 0.78 0.01
0.54 0.10 0.61 0.15
0.55 0.07 0.13 0.38
0.01 0.30 0.26 0.69
0.69 0.04 0.66 0.31
0.54 0.07 0.41 0.28
0.54 0.51 0.15 0.23
0.03 0.24 0.16 0.45
0.69 0.70 0.15 0.02
0.55 0.43 0.01 0.28
0.64 0.13 0.10 0.38
0.72 0.04 0.34 0.46
0.88 0.12 0.04 0.35
0.30 0.13 0.25 0.23
0.08 0.01 0.52 0.63
0.24 0.86 0.01 0.35
0.27 0.09 0.51 0.18
0.59 0.27 0.56 0.04
0.29 0.01 0.01 0.64
0.06 0.38 0.04 0.78
0.65 0.02 0.67 0.13
0.61 0.82 0.73 0.01
0.76 0.06 0.01 0.57
0.09 0.07 0.81 0.21
0.10 0.53 0.17 0.14
0.47 0.62 0.16 0.04
0.03 0.01 0.65 0.99
0.12 0.58 0.04 0.58
0.16 0.05 0.90 0.11
0.56 0.57 0.13 0.01
0.03 0.22 0.25 0.10
0.69 0.54 0.81 0.02
0.88 0.02 0.56 0.33
0.33 0.76 0.10 0.05
0.85 0.15 0.61 0.01
0.02 0.40 0.55 0.67
0.16 0.61 0.59 0.01
0.52 0.05 0.38 0.16
0.18 0.51 0.03 0.87
0.88 0.02 0.55 0.18
0.26 0.81 0.20 0.09
0.03 0.23 0.20 0.65
0.02 0.38 0.61 0.59
0.22 0.14 0.28 0.55
0.04 0.34 0.69 0.08
0.15 0.46 0.01 0.94
0.03 0.58 0.55 0.05
0.01 0.19 0.62 0.53
0.20 0.52 0.18 0.27
0.24 0.28 0.02 0.75
0.03 0.02 0.35 0.03
0.80 0.30 0.61 0.01
0.94 0.11 0.89 0.01
0.33 0.29 0.07 0.19
0.04 0.14 0.33 0.50
0.01 0.51 0.60 0.67
0.15 0.77 0.93 0.02
0.16 0.56 0.74 0.02
0.87 0.01 0.68 0.21
0.61 0.02 0.23 0.55
0.58 0.04 0.22 0.32
0.01 0.29 0.28 0.43
0.01 0.53 0.80 0.21
0.97 0.54 0.38 0.01
0.52 0.58 0.58 0.01
0.01 0.42 0.13 0.91
0.05 0.97 0.05 0.26
0.63 0.51 0.85 0.02
0.21 0.57 0.66 0.01
0.73 0.07 0.85 0.01
0.11 0.79 0.02 0.30
0.06 0.93 0.43 0.02
0.05 0.66 0.34 0.01
0.06 0.82 0.03 0.02
0.81 0.03 0.10 0.22
0.34 0.41 0.61 0.01
0.30 0.51 0.06 0.56
0.61 0.13 0.70 0.01
0.01 0.11 0.86 0.12
0.89 0.02 0.03 0.57
0.01 0.08 0.64 0.78
0.13 0.39 0.16 0.32
0.01 0.96 0.96 0.05
0.51 0.42 0.01 0.15
0.22 0.16 0.10 0.53
0.19 0.58 0.65 0.02
0.02 0.96 0.58 0.19
0.08 0.11 0.02 0.80
0.14 0.57 0.04 0.55
0.01 0.01 0.95 0.84
0.11 0.08 0.17 0.51
0.35 0.24 0.80 0.01
0.55 0.74 0.04 0.06
0.01 0.43 0.85 0.17
0.09 0.63 0.24 0.29
0.26 0.02 0.09 0.12
0.84 0.21 0.37 0.02
0.02 0.58 0.38 0.30
0.60 0.59 0.03 0.09
0.75 0.26 0.66 0.02
0.05 0.59 0.21 0.16
0.04 0.14 0.27 0.89
0.01 0.02 0.80 0.65
0.83 0.04 0.05 0.42
0.70 0.01 0.63 0.14
0.02 0.07 0.68 0.60
0.22 0.45 0.05 0.40
0.04 0.30 0.01 0.73
0.72 0.01 0.88 0.06
0.04 0.64 0.01 0.58
0.57 0.16 0.34 0.06
0.32 0.03 0.08 0.12
0.59 0.04 0.94 0.02
0.09 0.57 0.02 0.30
0.01 0.15 0.57 0.98
0.25 0.07 0.02 0.64
0.08 0.59 0.08 0.45
0.95 0.01 0.68 0.08
0.03 0.69 0.15 0.59
0.02 0.67 0.04 0.62
0.14 0.07 0.01 0.67
0.66 0.20 0.62 0.02
0.30 0.55 0.04 0.55
0.22 0.06 0.05 0.92
0.22 0.57 0.62 0.01
0.03 0.90 0.24 0.36
0.56 0.38 0.21 0.03
0.69 0.52 0.04 0.03
0.94 0.08 0.03 0.03
0.24 0.16 0.25 0.27
0.05 0.09 0.07 0.78
0.02 1.00 0.01 0.61
0.37 0.84 0.01 0.11
0.01 0.31 0.45 0.11
0.08 0.10 0.16 0.56
0.72 0.80 0.08 0.02
0.62 0.17 0.07 0.31
0.02 0.66 0.53 0.03
0.14 0.59 0.02 0.09
0.01 0.01 0.61 0.78
0.69 0.67 0.05 0.01
0.03 0.66 0.22 0.17
0.51 0.08 0.62 0.01
0.89 0.53 0.55 0.01
0.02 0.77 0.94 0.01
0.05 0.18 0.08 0.39
0.01 0.71 0.09 0.97
0.23 0.73 0.01 0.10
0.03 0.51 0.32 0.03
0.32 0.01 0.77 0.31
0.35 0.03 0.01 0.63
0.02 0.08 0.66 0.76
0.01 0.66 0.65 0.06
0.13 0.03 0.09 0.46
0.53 0.75 0.09 0.01
0.01 0.60 0.16 0.03
0.67 0.01 0.04 0.59
0.45 0.74 0.13 0.05
0.69 0.93 0.01 0.02
0.03 0.54 0.13 0.70
1.00 0.32 0.15 0.01
0.76 0.51 0.07 0.04
1.00 0.01 0.51 0.54
0.05 0.27 0.05 0.51
0.03 0.01 0.57 0.91
0.82 0.01 0.67 0.09
0.02 0.62 0.09 0.52
0.78 0.01 0.68 0.12
0.58 0.63 0.05 0.02
0.13 0.55 0.73 0.02
0.56 0.53 0.13 0.06
0.53 0.03 0.17 0.11
0.42 0.54 0.06 0.09
0.43 0.17 0.61 0.02
0.28 0.01 0.54 0.03
0.06 0.01 0.79 0.70
0.78 0.01 0.33 0.56
0.30 0.40 0.06 0.27
0.66 0.13 0.01 0.44
0.91 0.25 0.06 0.03
0.16 0.05 0.30 0.36
0.02 0.28 0.51 0.95
0.01 0.23 0.54 0.79
0.86 0.62 0.01 0.03
0.01 0.74 0.04 0.55
0.64 0.48 0.07 0.05
0.56 0.02 0.73 0.01
1.00 0.79 0.01 0.01
0.02 0.55 0.11 0.54
0.31 0.52 0.02 0.59
0.50 0.77 0.11 0.03
0.11 0.83 0.01 0.11
0.62 0.08 0.26 0.02
0.68 0.39 0.07 0.05
0.64 0.55 0.60 0.01
0.01 0.07 0.72 0.77
0.75 0.51 0.05 0.02
0.01 0.87 0.81 0.02
0.06 0.01 0.58 0.58
0.30 0.30 0.63 0.02
0.88 0.01 0.53 0.17
0.68 0.24 0.17 0.04
0.62 0.05 0.70 0.01
0.61 0.58 0.11 0.02
0.49 0.62 0.53 0.02
0.51 0.89 0.24 0.01
0.52 0.17 0.02 0.45
0.28 0.58 0.59 0.01
0.02 0.53 0.20 0.59
0.01 0.12 0.56 1.00
0.06 0.83 0.01 0.51
0.14 0.51 0.99 0.01
0.05 0.97 0.13 0.20
0.13 0.20 0.21 0.07
0.53 0.33 0.01 0.05
0.74 0.02 0.35 0.02
0.03 0.71 0.05 0.61
0.26 0.28 0.85 0.02
0.54 0.35 0.42 0.02
0.06 0.01 0.21 0.94
0.60 0.54 0.31 0.01
0.33 0.23 0.95 0.02
0.01 0.66 0.06 0.59
0.52 0.72 0.25 0.01
0.32 0.03 0.28 0.11
0.01 0.09 0.51 0.51
0.26 0.58 0.54 0.01
0.82 0.01 0.47 0.51
0.09 0.53 0.43 0.02
0.02 0.57 0.02 0.95
0.03 0.61 0.02 0.55
0.02 0.01 1.00 0.65
0.01 0.22 0.20 0.83
0.82 0.16 0.02 0.23
0.48 0.54 0.02 0.09
0.05 0.01 0.29 0.89
0.01 0.86 0.13 0.36
0.70 0.31 0.11 0.03
0.57 0.04 0.04 0.57
0.41 0.14 0.03 0.17
0.33 0.56 0.69 0.01
0.28 0.60 0.01 0.57
0.53 0.65 0.51 0.01
0.01 0.11 0.47 0.98
0.54 0.53 0.60 0.01
0.02 0.72 0.03 0.85
0.09 0.52 0.89 0.01
0.43 0.41 0.31 0.06
0.05 0.52 0.03 0.66
0.27 0.53 0.25 0.05
0.02 0.55 0.05 0.82
0.56 0.46 0.30 0.02
0.70 0.26 0.02 0.07
0.59 0.26 0.22 0.04
0.48 0.17 0.92 0.01
0.09 0.22 0.08 0.06
0.74 0.01 0.50 0.51
0.04 0.04 0.23 0.83
0.61 0.94 0.02 0.04
0.60 0.87 0.02 0.01
0.96 0.01 0.25 0.56
0.01 0.76 0.01 0.65
0.93 0.91 0.01 0.01
0.01 0.52 0.72 0.01
0.19 0.07 0.06 0.19
0.02 0.01 0.66 0.71
0.02 0.53 0.02 0.83
0.47 0.55 0.23 0.03
0.73 0.13 0.05 0.28
0.55 0.56 0.38 0.01
0.67 0.01 0.51 0.56
0.82 0.01 0.23 0.52
0.01 0.73 0.07 0.53
0.03 0.43 0.14 0.69
0.12 0.07 0.48 0.02
0.37 0.56 0.19 0.02
0.57 0.90 0.01 0.03
0.56 0.08 0.14 0.04
0.01 0.61 0.10 0.95
0.01 0.04 0.94 0.25
0.32 0.58 0.41 0.02
0.02 0.01 1.00 0.54
0.01 0.53 0.07 0.80
0.19 0.37 0.01 0.55
0.66 0.32 0.02 0.04
0.87 0.01 0.52 0.03
0.94 0.63 0.01 0.02
0.52 0.49 0.03 0.13
0.71 0.02 0.08 0.51
0.01 0.03 0.65 0.28
0.03 0.88 0.65 0.01
0.03 0.04 0.16 0.58
0.02 0.22 0.57 0.16
0.01 0.25 0.01 0.93
0.98 0.31 0.01 0.03
0.78 0.34 0.09 0.02
0.80 0.04 0.04 0.24
0.13 0.01 0.06 0.96
0.72 0.01 0.48 0.51
0.61 0.01 0.53 0.43
0.01 0.56 0.20 0.42
0.64 0.55 0.07 0.04
0.02 0.53 0.38 0.41
0.51 0.01 0.09 0.61
0.12 0.79 0.03 0.29
0.06 0.14 0.04 0.04
0.52 0.23 0.06 0.02
0.04 0.01 0.80 0.54
0.91 0.30 0.57 0.01
0.60 0.44 0.56 0.01
0.03 0.56 0.02 0.27
0.01 0.57 0.05 0.54
0.80 0.20 0.10 0.01
0.02 0.39 0.70 0.03
0.74 0.05 0.06 0.32
0.04 0.57 0.19 0.18
0.03 0.55 0.01 0.79
0.13 0.58 0.05 0.01
0.63 0.01 0.44 0.53
0.05 0.30 0.03 0.50
0.32 0.32 0.01 0.50
0.85 0.03 0.04 0.23
0.22 0.01 0.53 0.24
0.02 0.18 0.37 0.83
0.19 0.01 0.49 0.74
0.63 0.17 0.57 0.01
0.96 0.02 0.02 0.56
0.01 0.58 0.65 0.01
0.09 0.25 0.90 0.01
0.64 0.04 0.06 0.53
0.23 0.05 0.05 0.88
0.57 0.54 0.04 0.03
0.02 0.67 0.04 0.52
0.50 0.10 0.82 0.01
0.82 0.10 0.18 0.02
0.02 0.52 0.10 0.59
0.70 0.78 0.03 0.02
0.52 0.03 0.59 0.01
0.29 0.11 0.03 0.59
0.11 0.06 0.94 0.02
