500 4
45 17 18 12
28 90 69 28
29 41 39 52
38 38 97 94
55 54 11 96
21 70 64 81
12 53 40 55
40 13 60 64
5 41 62 3
1 51 16 68
60 13 29 76
12 52 31 54
98 31 93 8
60 8 5 75
58 97 9 46
15 54 25 50
34 1 52 57
54 13 94 41
100 11 1 86
73 3 19 3
85 53 16 27
4 88 86 65
1 90 8 71
38 72 54 3
9 30 71 89
67 48 12 49
68 12 3 74
75 58 2 78
1 68 75 60
85 1 52 56
15 40 99 78
69 75 3 33
6 58 45 52
28 71 8 10
7 11 65 46
59 66 6 95
37 66 12 43
52 10 81 45
65 2 85 2
51 91 67 2
20 15 60 74
84 3 63 2
76 2 51 69
82 84 34 1
11 52 54 16
1 74 65 58
10 85 54 20
52 11 95 44
19 17 59 82
65 4 66 51
57 59 12 34
72 6 25 85
52 88 7 61
22 75 68 2
39 68 51 6
41 88 1 96
6 15 88 88
61 3 72 27
91 2 11 26
72 58 2 91
6 90 20 4
16 7 55 74
39 53 13 52
24 81 43 42
80 1 73 13
82 60 16 13
49 12 84 34
23 57 59 2
39 16 76 10
12 15 47 46
60 72 7 43
35 61 4 76
44 66 42 24
70 63 56 8
20 84 12 75
48 10 55 54
8 44 43 81
64 75 53 1
66 17 3 7
67 45 1 89
38 51 54 7
36 30 51 45
59 23 16 84
34 5 10 93
2 60 7 99
41 22 5 57
32 5 36 74
91 45 86 1
1 23 57 96
64 25 3 7
1 14 97 78
1 54 69 58
3 59 84 13
30 82 14 8
16 12 52 94
60 100 1 75
50 9 1 51
58 77 45 2
43 42 32 56
22 24 17 11
33 77 5 77
76 56 8 3
19 81 6 92
2 15 76 26
64 24 47 3
7 64 1 41
1 8 73 74
3 62 62 7
46 2 51 91
71 3 36 48
3 57 53 15
17 66 2 11
1 65 67 66
28 37 91 5
60 70 15 8
43 12 90 17
56 29 10 47
31 13 7 56
57 13 2 40
31 1 78 64
71 15 66 5
25 2 77 88
4 18 10 33
2 13 62 54
1 82 5 56
4 8 63 55
57 3 86 12
38 51 53 7
36 64 7 21
58 62 11 18
69 73 30 4
70 17 85 1
19 7 19 96
1 87 3 91
75 61 2 1
18 3 89 61
7 89 57 13
67 77 41 5
51 54 17 8
6 2 6 57
57 5 56 29
74 2 2 93
14 65 42 3
30 5 59 33
2 53 85 5
99 15 92 1
1 52 41 32
11 1 68 44
42 64 41 5
47 33 62 6
43 77 19 3
3 56 5 77
10 11 51 5
36 1 70 15
60 65 8 15
72 92 17 4
23 51 2 84
15 60 1 79
26 73 30 7
19 57 30 7
84 51 78 1
54 10 61 15
55 7 13 38
1 30 26 69
69 4 66 31
54 7 41 28
54 51 15 23
3 24 16 45
69 70 15 2
55 43 1 28
64 13 10 38
72 4 34 46
88 12 4 35
30 13 25 23
8 1 52 63
24 86 1 35
27 9 51 18
59 27 56 4
29 1 1 64
6 38 4 78
65 2 67 13
61 82 73 1
76 6 1 57
9 7 81 21
10 53 17 14
47 62 16 4
3 1 65 99
12 58 4 58
16 5 90 11
56 57 13 1
3 22 25 10
69 54 81 2
88 2 56 33
33 76 10 5
85 15 61 1
2 40 55 67
16 61 59 1
52 5 38 16
18 51 3 87
88 2 55 18
26 81 20 9
3 23 20 65
2 38 61 59
22 14 28 55
4 34 69 8
15 46 1 94
3 58 55 5
1 19 62 53
20 52 18 27
24 28 2 75
3 2 35 3
80 30 61 1
94 11 89 1
33 29 7 19
4 14 33 50
1 51 60 67
15 77 93 2
16 56 74 2
87 1 68 21
61 2 23 55
58 4 22 32
1 29 28 43
1 53 80 21
97 54 38 1
52 58 58 1
1 42 13 91
5 97 5 26
63 51 85 2
21 57 66 1
73 7 85 1
11 79 2 30
6 93 43 2
5 66 34 1
6 82 3 2
81 3 10 22
34 41 61 1
30 51 6 56
61 13 70 1
1 11 86 12
89 2 3 57
1 8 64 78
13 39 16 32
1 96 96 5
51 42 1 15
22 16 10 53
19 58 65 2
2 96 58 19
8 11 2 80
14 57 4 55
1 1 95 84
11 8 17 51
35 24 80 1
55 74 4 6
1 43 85 17
9 63 24 29
26 2 9 12
84 21 37 2
2 58 38 30
60 59 3 9
75 26 66 2
5 59 21 16
4 14 27 89
1 2 80 65
83 4 5 42
70 1 63 14
2 7 68 60
22 45 5 40
4 30 1 73
72 1 88 6
4 64 1 58
57 16 34 6
32 3 8 12
59 4 94 2
9 57 2 30
1 15 57 98
25 7 2 64
8 59 8 45
95 1 68 8
3 69 15 59
2 67 4 62
14 7 1 67
66 20 62 2
30 55 4 55
22 6 5 92
22 57 62 1
3 90 24 36
56 38 21 3
69 52 4 3
94 8 3 3
24 16 25 27
5 9 7 78
2 100 1 61
37 84 1 11
1 31 45 11
8 10 16 56
72 80 8 2
62 17 7 31
2 66 53 3
14 59 2 9
1 1 61 78
69 67 5 1
3 66 22 17
51 8 62 1
89 53 55 1
2 77 94 1
5 18 8 39
1 71 9 97
23 73 1 10
3 51 32 3
32 1 77 31
35 3 1 63
2 8 66 76
1 66 65 6
13 3 9 46
53 75 9 1
1 60 16 3
67 1 4 59
45 74 13 5
69 93 1 2
3 54 13 70
100 32 15 1
76 51 7 4
100 1 51 54
5 27 5 51
3 1 57 91
82 1 67 9
2 62 9 52
78 1 68 12
58 63 5 2
13 55 73 2
56 53 13 6
53 3 17 11
42 54 6 9
43 17 61 2
28 1 54 3
6 1 79 70
78 1 33 56
30 40 6 27
66 13 1 44
91 25 6 3
16 5 30 36
2 28 51 95
1 23 54 79
86 62 1 3
1 74 4 55
64 48 7 5
56 2 73 1
100 79 1 1
2 55 11 54
31 52 2 59
50 77 11 3
11 83 1 11
62 8 26 2
68 39 7 5
64 55 60 1
1 7 72 77
75 51 5 2
1 87 81 2
6 1 58 58
30 30 63 2
88 1 53 17
68 24 17 4
62 5 70 1
61 58 11 2
49 62 53 2
51 89 24 1
52 17 2 45
28 58 59 1
2 53 20 59
1 12 56 100
6 83 1 51
14 51 99 1
5 97 13 20
13 20 21 7
53 33 1 5
74 2 35 2
3 71 5 61
26 28 85 2
54 35 42 2
6 1 21 94
60 54 31 1
33 23 95 2
1 66 6 59
52 72 25 1
32 3 28 11
1 9 51 51
26 58 54 1
82 1 47 51
9 53 43 2
2 57 2 95
3 61 2 55
2 1 100 65
1 22 20 83
82 16 2 23
48 54 2 9
5 1 29 89
1 86 13 36
70 31 11 3
57 4 4 57
41 14 3 17
33 56 69 1
28 60 1 57
53 65 51 1
1 11 47 98
54 53 60 1
2 72 3 85
9 52 89 1
43 41 31 6
5 52 3 66
27 53 25 5
2 55 5 82
56 46 30 2
70 26 2 7
59 26 22 4
48 17 92 1
9 22 8 6
74 1 50 51
4 4 23 83
61 94 2 4
60 87 2 1
96 1 25 56
1 76 1 65
93 91 1 1
1 52 72 1
19 7 6 19
2 1 66 71
2 53 2 83
47 55 23 3
73 13 5 28
55 56 38 1
67 1 51 56
82 1 23 52
1 73 7 53
3 43 14 69
12 7 48 2
37 56 19 2
57 90 1 3
56 8 14 4
1 61 10 95
1 4 94 25
32 58 41 2
2 1 100 54
1 53 7 80
19 37 1 55
66 32 2 4
87 1 52 3
94 63 1 2
52 49 3 13
71 2 8 51
1 3 65 28
3 88 65 1
3 4 16 58
2 22 57 16
1 25 1 93
98 31 1 3
78 34 9 2
80 4 4 24
13 1 6 96
72 1 48 51
61 1 53 43
1 56 20 42
64 55 7 4
2 53 38 41
51 1 9 61
12 79 3 29
6 14 4 4
52 23 6 2
4 1 80 54
91 30 57 1
60 44 56 1
3 56 2 27
1 57 5 54
80 20 10 1
2 39 70 3
74 5 6 32
4 57 19 18
3 55 1 79
13 58 5 1
63 1 44 53
5 30 3 50
32 32 1 50
85 3 4 23
22 1 53 24
2 18 37 83
19 1 49 74
63 17 57 1
96 2 2 56
1 58 65 1
9 25 90 1
64 4 6 53
23 5 5 88
57 54 4 3
2 67 4 52
50 10 82 1
82 10 18 2
2 52 10 59
70 78 3 2
52 3 59 1
29 11 3 59
11 6 94 2
