500 4
0.28 0.11 0.04 0.26
0.16 0.85 0.36 0.80
0.22 0.50 0.70 0.81
0.57 0.53 0.79 0.19
0.70 0.73 0.94 0.08
0.68 0.73 0.79 0.05
0.78 0.76 0.39 0.08
0.99 0.09 0.27 0.63
0.57 0.94 0.85 0.07
0.02 0.64 0.33 0.63
0.25 0.70 0.67 0.60
0.61 0.93 0.69 0.08
0.96 0.05 0.88 0.62
0.97 0.73 0.01 0.82
0.82 0.52 0.53 0.06
0.81 0.04 0.25 0.95
0.27 0.64 0.10 0.25
0.60 0.68 0.92 0.13
0.01 0.64 0.72 0.85
0.53 0.59 0.94 0.18
0.01 0.44 0.52 0.55
0.52 0.80 0.86 0.13
0.54 0.05 0.75 0.95
0.58 0.70 0.24 0.19
0.24 0.54 0.30 0.80
0.76 0.91 0.74 0.18
0.81 0.29 0.07 0.17
0.61 0.17 0.90 0.09
0.57 0.15 0.71 0.15
0.91 0.06 0.68 0.29
0.07 0.06 0.53 0.58
0.79 0.05 0.65 0.78
0.14 0.54 0.12 0.65
0.51 0.51 0.70 0.15
0.97 0.04 0.54 0.04
0.79 0.24 0.89 0.04
0.73 0.12 0.61 0.14
0.46 0.49 0.97 0.23
0.70 0.86 0.75 0.05
0.17 0.97 0.94 0.46
0.60 0.08 0.74 0.54
0.43 0.68 0.63 0.02
0.05 0.03 0.70 0.90
0.10 0.90 0.26 0.96
0.95 0.01 0.56 0.92
0.17 0.25 0.05 0.65
0.18 0.11 0.91 0.17
0.97 0.03 0.65 0.44
0.81 0.99 0.18 0.13
0.05 0.38 0.82 0.47
0.01 0.92 0.91 0.42
0.60 0.27 0.56 0.14
0.78 0.02 0.75 0.97
0.57 0.02 0.82 0.08
0.85 0.24 0.89 0.03
0.78 0.37 0.52 0.03
0.59 0.50 0.80 0.13
0.69 0.75 0.02 0.96
0.12 0.65 0.51 0.23
0.41 0.80 0.91 0.14
0.19 0.45 0.28 0.64
0.49 0.68 0.33 0.01
0.84 0.52 0.56 0.01
0.09 0.01 0.82 0.02
0.55 0.54 0.76 0.02
0.51 0.62 0.55 0.14
0.80 0.05 0.58 0.59
0.04 0.33 0.06 0.81
0.01 0.68 1.00 0.15
0.02 0.24 0.97 0.90
0.58 0.20 0.57 0.17
0.74 0.54 0.03 0.31
0.60 0.16 0.69 0.10
0.01 0.74 0.82 0.02
0.22 0.11 0.39 0.66
0.55 0.42 0.80 0.10
0.09 0.63 0.65 0.15
0.16 0.55 0.61 0.52
0.02 0.59 0.94 0.20
0.08 0.64 0.95 0.05
0.17 0.86 0.04 0.88
0.45 0.09 0.38 0.52
0.09 0.10 0.40 1.00
0.06 0.14 0.14 0.69
0.73 0.89 0.10 0.15
0.84 0.02 0.55 0.53
0.04 0.80 0.52 0.30
0.71 0.94 0.12 0.10
0.52 0.05 0.54 0.85
0.78 0.07 0.51 0.60
0.11 0.29 0.44 0.54
0.55 0.14 0.74 0.12
0.67 0.03 0.12 0.06
0.32 0.72 0.20 0.17
0.12 0.15 0.79 0.31
0.02 0.16 0.61 0.53
0.04 0.53 0.96 0.51
0.81 0.72 0.04 0.04
0.64 0.86 0.02 0.54
0.64 0.01 0.55 0.64
0.52 0.63 0.02 0.60
0.81 0.65 0.50 0.04
0.64 0.51 0.72 0.03
0.99 0.51 0.01 0.50
0.02 0.03 0.85 0.30
0.55 0.26 0.62 0.12
0.55 0.03 0.64 0.95
0.30 0.62 0.80 0.09
0.62 0.11 0.70 0.07
0.01 0.70 0.62 0.52
0.82 0.61 0.76 0.01
0.90 0.38 0.03 1.00
0.14 0.87 0.51 0.09
0.61 0.41 0.45 0.22
0.39 0.67 0.68 0.14
0.17 0.69 0.73 0.13
0.07 0.90 0.21 0.12
0.23 0.79 0.71 0.05
0.58 0.01 0.74 0.59
0.90 0.20 0.38 0.01
0.78 0.48 0.01 0.45
0.23 0.59 0.80 0.04
0.04 0.54 0.62 0.12
0.73 0.51 0.75 0.02
0.81 0.17 0.55 0.04
0.26 0.45 0.46 0.02
0.15 0.60 0.53 0.36
0.02 0.87 0.01 0.78
0.66 0.77 0.01 0.64
0.62 0.53 0.41 0.14
0.01 0.57 0.68 0.53
0.58 0.05 0.55 0.83
0.57 0.03 0.42 0.81
0.82 0.53 0.06 0.10
0.25 0.19 0.66 0.31
0.48 0.02 0.61 0.36
0.53 0.55 0.40 0.15
0.52 0.01 0.76 0.56
0.57 0.07 0.51 0.43
0.17 0.52 0.42 0.44
0.15 0.80 0.33 0.52
0.90 0.01 0.09 0.51
0.07 0.87 0.11 0.62
0.20 0.69 0.48 0.10
0.04 0.17 0.59 0.40
0.98 0.28 0.11 0.19
0.04 0.51 0.53 0.53
0.03 0.05 0.66 0.39
0.55 0.50 0.01 0.96
0.99 0.59 0.25 0.05
0.47 0.05 0.64 0.72
0.39 0.64 0.56 0.01
0.18 0.61 0.02 0.92
0.29 0.60 0.61 0.01
0.14 0.09 0.52 0.64
0.22 1.00 0.33 0.09
0.52 0.23 0.80 0.08
0.79 0.44 0.02 0.79
0.49 0.79 0.01 0.62
0.47 0.26 0.60 0.01
0.08 0.51 0.13 0.62
0.49 0.79 0.13 0.06
0.66 0.77 0.10 0.02
0.04 0.53 0.26 0.61
0.47 0.86 0.02 0.21
0.15 0.14 0.01 0.41
0.13 0.44 0.81 0.17
0.02 0.19 0.04 0.95
0.11 0.03 0.78 0.59
0.99 0.96 0.01 0.12
0.11 0.14 0.61 0.47
0.83 0.12 0.56 0.01
0.60 0.60 0.15 0.22
0.31 0.07 0.51 0.81
0.88 0.10 0.01 0.75
0.55 0.01 0.57 0.34
0.67 0.47 0.11 0.07
0.09 0.67 0.38 0.17
0.74 0.72 0.01 0.18
0.67 0.02 0.58 0.16
0.66 0.55 0.09 0.16
0.05 0.81 0.53 0.02
0.05 0.78 0.12 0.56
0.03 0.77 0.45 0.01
0.66 0.41 0.54 0.09
0.14 0.54 0.69 0.08
0.01 0.26 0.82 0.72
0.45 0.51 0.01 0.39
0.15 0.03 0.63 0.86
0.86 0.01 0.34 0.41
0.24 0.20 0.66 0.04
0.10 0.50 0.40 0.65
0.95 0.08 0.05 0.76
0.64 0.03 0.70 0.13
0.01 0.04 0.80 0.03
0.06 0.47 0.07 0.02
0.51 0.05 0.22 0.61
0.01 0.92 0.17 0.15
0.17 0.06 0.37 0.10
0.03 0.59 0.72 0.22
0.32 0.93 0.01 0.18
0.69 0.85 0.03 0.03
0.49 0.19 0.58 0.09
0.03 0.03 0.68 0.70
0.99 0.03 0.05 0.97
0.71 1.00 0.32 0.01
0.02 0.02 0.72 0.69
0.34 0.05 0.53 0.67
0.56 0.01 0.12 0.02
0.01 0.56 0.30 0.59
0.12 0.22 0.11 0.81
0.85 0.66 0.48 0.01
0.84 0.63 0.01 0.34
0.58 0.06 0.06 0.80
0.01 0.27 0.70 0.58
0.01 0.77 0.03 0.77
0.11 0.90 0.03 0.73
0.02 0.01 0.31 0.62
0.04 0.80 0.34 0.55
0.16 0.25 0.68 0.18
0.70 0.34 0.03 0.34
0.54 0.57 0.03 0.32
0.63 0.34 0.11 0.05
0.03 0.57 0.29 0.87
0.08 0.67 0.04 0.64
0.02 0.88 0.65 0.05
0.81 0.97 0.02 0.09
0.01 0.58 0.21 0.63
0.09 0.14 0.22 0.54
0.23 0.78 0.06 0.36
0.88 0.56 0.02 0.30
0.55 0.01 0.19 0.79
0.25 0.11 0.04 0.82
0.11 0.70 0.01 1.00
0.01 0.89 0.27 0.59
0.68 0.04 0.01 0.77
0.02 0.63 0.27 0.59
0.38 0.02 0.74 0.44
0.20 0.11 0.13 0.55
0.59 0.44 0.02 0.23
0.07 0.03 0.10 0.95
0.51 0.02 0.60 0.61
0.04 0.48 0.55 0.22
0.60 0.18 0.06 0.18
0.52 0.17 0.69 0.07
0.32 0.01 0.50 0.47
0.02 0.85 0.61 0.19
0.67 0.76 0.04 0.10
0.04 0.60 0.16 0.46
0.05 0.75 0.01 0.72
0.03 0.66 0.55 0.05
0.03 0.19 0.12 0.12
0.20 0.22 0.54 0.04
0.01 0.59 0.18 0.69
0.04 0.02 0.77 0.04
0.71 0.66 0.02 0.07
0.14 0.53 0.02 0.92
0.30 0.02 0.61 0.57
0.55 0.53 0.51 0.01
0.12 0.22 0.09 0.56
0.48 0.35 0.28 0.01
0.05 0.56 0.70 0.09
0.01 0.14 0.60 0.89
0.37 0.03 0.50 0.28
0.02 0.58 0.06 0.04
0.78 0.62 0.05 0.07
0.73 0.04 0.01 0.67
0.75 0.03 0.98 0.01
0.11 0.55 0.10 0.01
0.04 0.18 0.02 0.89
0.05 0.11 0.51 0.56
0.13 0.87 0.04 0.10
0.03 0.77 0.05 0.54
0.83 0.05 0.87 0.01
0.01 0.35 0.20 0.87
0.01 0.54 0.03 0.98
0.11 0.77 0.02 0.63
0.56 0.59 0.05 0.09
0.10 0.05 0.53 0.44
0.01 0.66 0.10 0.81
0.98 0.04 0.08 0.47
0.13 0.23 0.74 0.04
0.74 0.62 0.08 0.01
0.05 0.05 0.15 0.50
0.68 0.09 0.03 0.75
0.01 0.65 0.11 0.25
0.02 0.06 0.60 0.61
0.31 0.04 0.40 0.58
0.04 0.70 0.09 0.03
0.62 0.06 0.10 0.75
0.05 0.65 0.02 0.59
0.72 0.03 0.01 0.82
0.12 0.19 0.01 0.18
0.22 0.23 0.99 0.01
0.13 0.22 0.52 0.11
0.52 0.75 0.01 0.13
0.03 0.77 0.02 0.73
0.95 0.83 0.06 0.02
0.51 0.09 0.06 0.07
0.01 0.28 0.60 0.48
0.54 0.29 0.06 0.03
0.15 0.13 0.69 0.06
0.51 0.02 0.61 0.12
0.46 0.16 0.46 0.07
0.64 0.04 0.09 0.55
0.14 0.14 0.62 0.12
0.14 0.02 0.03 0.73
0.87 0.95 0.01 0.10
0.45 0.58 0.05 0.12
0.53 0.08 0.25 0.28
0.20 0.26 0.03 0.13
0.35 0.12 0.40 0.09
0.31 0.17 0.61 0.04
0.01 0.04 0.49 0.99
0.29 0.01 0.67 0.22
0.88 0.37 0.03 0.12
0.09 0.96 0.02 0.54
0.03 0.12 0.29 0.90
0.01 0.54 0.49 0.60
0.05 0.56 0.40 0.09
0.04 0.68 0.05 0.63
0.03 0.70 0.76 0.01
0.08 0.04 0.08 0.95
0.88 0.18 0.03 0.31
0.25 0.36 0.57 0.03
0.03 0.16 0.59 0.61
0.01 0.61 0.16 0.55
0.36 0.10 0.01 0.73
0.57 0.98 0.02 0.07
0.02 0.95 0.32 0.01
0.68 0.05 0.07 0.63
0.13 0.51 0.52 0.01
0.71 0.18 0.65 0.01
0.56 0.20 0.28 0.01
0.55 0.01 0.51 0.07
0.69 0.81 0.02 0.10
0.01 0.57 0.38 0.56
0.87 0.60 0.07 0.01
0.50 0.72 0.01 0.15
0.74 0.05 0.07 0.54
0.16 0.16 0.37 0.40
0.15 0.11 0.12 0.53
0.02 0.48 0.33 0.58
0.02 0.09 0.74 0.43
0.02 0.56 0.24 0.66
0.66 0.16 0.02 0.04
0.03 0.01 0.76 0.53
0.01 0.53 0.14 0.85
0.84 0.63 0.06 0.02
0.02 0.29 0.55 0.07
0.05 0.27 0.06 0.81
0.63 0.01 0.02 0.84
0.06 0.11 0.60 0.02
0.02 0.70 0.02 0.96
0.26 0.05 0.30 0.02
0.01 0.66 0.01 0.54
0.96 0.81 0.05 0.03
0.67 0.03 0.03 0.61
0.65 0.98 0.01 0.05
0.21 0.11 0.01 0.64
0.92 0.01 0.08 0.82
0.07 0.79 0.04 0.53
0.56 0.07 0.09 0.56
0.55 0.01 0.46 0.57
0.01 0.25 0.51 0.44
0.03 0.04 0.65 0.56
0.01 0.03 0.44 0.95
0.98 0.84 0.01 0.12
0.45 0.77 0.02 0.09
0.01 0.61 0.72 0.18
0.01 0.52 0.11 0.97
0.01 0.67 0.55 0.24
0.63 0.02 0.01 1.00
0.01 0.17 0.59 0.72
0.90 0.98 0.03 0.01
0.01 0.57 0.67 0.32
0.07 0.14 0.46 0.15
0.64 0.70 0.02 0.01
0.94 0.06 0.39 0.01
0.04 0.17 0.29 0.77
0.32 0.01 0.44 0.16
0.01 0.54 0.66 0.02
0.70 0.09 0.03 0.10
0.70 0.02 0.08 0.56
0.21 0.04 0.35 0.54
0.05 0.27 0.11 0.52
0.05 0.83 0.17 0.02
0.57 0.22 0.02 0.05
0.10 0.75 0.69 0.01
0.01 0.66 0.54 0.03
0.06 0.77 0.03 0.45
0.69 0.11 0.30 0.01
0.06 0.81 0.03 0.31
0.59 0.06 0.99 0.01
0.02 0.93 0.01 0.51
0.01 0.13 0.57 0.90
0.17 0.07 0.16 0.32
0.10 0.58 0.02 0.14
0.01 0.14 0.19 0.22
0.16 0.02 0.42 0.25
0.53 0.01 0.42 0.04
0.10 0.57 0.05 0.66
0.95 0.57 0.01 0.08
0.04 0.09 0.28 0.82
0.51 0.07 0.08 0.40
0.08 0.10 0.13 0.90
0.03 0.15 0.76 0.19
0.55 0.10 0.04 0.53
0.06 0.11 0.10 0.01
0.83 0.05 0.03 0.60
0.40 0.02 0.31 0.31
0.04 0.64 0.03 0.01
0.34 0.12 0.03 0.54
0.09 0.07 0.97 0.01
0.05 0.30 0.83 0.01
0.70 0.05 0.75 0.01
0.35 0.01 0.26 0.87
0.53 0.01 0.65 0.01
0.91 0.08 0.05 0.53
0.23 0.06 0.63 0.08
0.66 0.08 0.06 0.72
0.64 0.05 0.04 0.51
0.81 0.33 0.01 0.09
0.81 0.03 0.01 0.71
0.72 0.03 0.09 0.55
0.13 0.10 0.73 0.23
0.11 0.02 0.38 0.10
0.01 0.07 0.67 0.10
0.21 0.08 0.05 0.62
0.01 0.01 0.76 0.59
0.53 0.05 0.14 0.66
0.93 0.28 0.04 0.03
0.04 0.61 0.04 0.69
0.02 0.35 0.10 0.94
0.83 0.02 0.03 0.38
0.03 0.01 0.25 0.53
0.80 0.07 0.04 0.44
0.88 0.06 0.59 0.01
0.60 0.12 0.01 0.60
0.51 0.82 0.02 0.01
0.05 0.27 0.53 0.04
0.04 0.19 0.04 0.83
0.30 0.20 0.05 0.16
0.35 0.23 0.05 0.04
0.16 0.04 0.13 0.52
0.61 0.02 0.06 0.03
0.10 0.53 0.06 0.58
0.01 0.04 0.55 0.75
0.52 0.02 0.16 0.63
0.01 0.04 0.56 0.74
0.68 0.09 0.61 0.01
0.64 0.31 0.02 0.01
0.59 0.07 0.03 0.51
0.07 0.50 0.01 0.93
0.63 0.95 0.01 0.09
0.09 0.35 0.07 0.71
0.55 0.01 0.37 0.26
0.03 0.56 0.07 0.92
0.75 0.02 0.03 0.50
0.01 0.65 0.73 0.01
0.67 0.04 0.02 0.83
0.52 0.01 0.46 0.13
0.04 0.06 0.59 0.05
0.03 0.34 0.01 0.56
0.04 0.04 0.15 0.45
0.75 0.08 0.02 0.63
0.26 0.04 0.28 0.27
0.92 0.02 0.04 0.31
0.02 0.57 0.01 0.04
0.20 0.01 0.26 0.51
0.28 0.03 0.19 0.70
0.65 0.01 0.13 0.01
0.59 0.61 0.06 0.02
0.02 0.43 0.16 0.90
0.28 0.01 0.36 0.43
0.88 0.62 0.01 0.02
0.45 0.02 0.35 0.24
0.48 0.07 0.01 0.60
0.42 0.04 0.06 0.54
0.01 0.03 0.75 0.70
0.03 0.11 0.22 0.82
0.03 0.53 0.66 0.06
0.09 0.09 0.27 0.35
0.51 0.06 0.04 0.65
0.23 0.05 0.01 0.87
0.12 0.01 0.31 0.14
0.15 0.07 0.21 0.37
0.01 0.07 0.28 0.65
0.05 0.16 0.14 0.21
0.02 0.56 0.58 0.01
0.01 0.27 0.14 0.67
0.01 0.14 0.68 0.06
0.25 0.02 0.95 0.01
0.06 0.19 0.09 0.41
0.01 0.92 0.53 0.06
0.03 0.64 0.30 0.02
0.05 0.14 0.12 0.41
0.02 0.70 0.27 0.02
0.02 0.53 0.27 0.17
0.04 0.13 0.03 0.74
