500 4
28 11 4 26
16 85 36 80
22 50 70 81
57 53 79 19
70 73 94 8
68 73 79 5
78 76 39 8
99 9 27 63
57 94 85 7
2 64 33 63
25 70 67 60
61 93 69 8
96 5 88 62
97 73 1 82
82 52 53 6
81 4 25 95
27 64 10 25
60 68 92 13
1 64 72 85
53 59 94 18
1 44 52 55
52 80 86 13
54 5 75 95
58 70 24 19
24 54 30 80
76 91 74 18
81 29 7 17
61 17 90 9
57 15 71 15
91 6 68 29
7 6 53 58
79 5 65 78
14 54 12 65
51 51 70 15
97 4 54 4
79 24 89 4
73 12 61 14
46 49 97 23
70 86 75 5
17 97 94 46
60 8 74 54
43 68 63 2
5 3 70 90
10 90 26 96
95 1 56 92
17 25 5 65
18 11 91 17
97 3 65 44
81 99 18 13
5 38 82 47
1 92 91 42
60 27 56 14
78 2 75 97
57 2 82 8
85 24 89 3
78 37 52 3
59 50 80 13
69 75 2 96
12 65 51 23
41 80 91 14
19 45 28 64
49 68 33 1
84 52 56 1
9 1 82 2
55 54 76 2
51 62 55 14
80 5 58 59
4 33 6 81
1 68 100 15
2 24 97 90
58 20 57 17
74 54 3 31
60 16 69 10
1 74 82 2
22 11 39 66
55 42 80 10
9 63 65 15
16 55 61 52
2 59 94 20
8 64 95 5
17 86 4 88
45 9 38 52
9 10 40 100
6 14 14 69
73 89 10 15
84 2 55 53
4 80 52 30
71 94 12 10
52 5 54 85
78 7 51 60
11 29 44 54
55 14 74 12
67 3 12 6
32 72 20 17
12 15 79 31
2 16 61 53
4 53 96 51
81 72 4 4
64 86 2 54
64 1 55 64
52 63 2 60
81 65 50 4
64 51 72 3
99 51 1 50
2 3 85 30
55 26 62 12
55 3 64 95
30 62 80 9
62 11 70 7
1 70 62 52
82 61 76 1
90 38 3 100
14 87 51 9
61 41 45 22
39 67 68 14
17 69 73 13
7 90 21 12
23 79 71 5
58 1 74 59
90 20 38 1
78 48 1 45
23 59 80 4
4 54 62 12
73 51 75 2
81 17 55 4
26 45 46 2
15 60 53 36
2 87 1 78
66 77 1 64
62 53 41 14
1 57 68 53
58 5 55 83
57 3 42 81
82 53 6 10
25 19 66 31
48 2 61 36
53 55 40 15
52 1 76 56
57 7 51 43
17 52 42 44
15 80 33 52
90 1 9 51
7 87 11 62
20 69 48 10
4 17 59 40
98 28 11 19
4 51 53 53
3 5 66 39
55 50 1 96
99 59 25 5
47 5 64 72
39 64 56 1
18 61 2 92
29 60 61 1
14 9 52 64
22 100 33 9
52 23 80 8
79 44 2 79
49 79 1 62
47 26 60 1
8 51 13 62
49 79 13 6
66 77 10 2
4 53 26 61
47 86 2 21
15 14 1 41
13 44 81 17
2 19 4 95
11 3 78 59
99 96 1 12
11 14 61 47
83 12 56 1
60 60 15 22
31 7 51 81
88 10 1 75
55 1 57 34
67 47 11 7
9 67 38 17
74 72 1 18
67 2 58 16
66 55 9 16
5 81 53 2
5 78 12 56
3 77 45 1
66 41 54 9
14 54 69 8
1 26 82 72
45 51 1 39
15 3 63 86
86 1 34 41
24 20 66 4
10 50 40 65
95 8 5 76
64 3 70 13
1 4 80 3
6 47 7 2
51 5 22 61
1 92 17 15
17 6 37 10
3 59 72 22
32 93 1 18
69 85 3 3
49 19 58 9
3 3 68 70
99 3 5 97
71 100 32 1
2 2 72 69
34 5 53 67
56 1 12 2
1 56 30 59
12 22 11 81
85 66 48 1
84 63 1 34
58 6 6 80
1 27 70 58
1 77 3 77
11 90 3 73
2 1 31 62
4 80 34 55
16 25 68 18
70 34 3 34
54 57 3 32
63 34 11 5
3 57 29 87
8 67 4 64
2 88 65 5
81 97 2 9
1 58 21 63
9 14 22 54
23 78 6 36
88 56 2 30
55 1 19 79
25 11 4 82
11 70 1 100
1 89 27 59
68 4 1 77
2 63 27 59
38 2 74 44
20 11 13 55
59 44 2 23
7 3 10 95
51 2 60 61
4 48 55 22
60 18 6 18
52 17 69 7
32 1 50 47
2 85 61 19
67 76 4 10
4 60 16 46
5 75 1 72
3 66 55 5
3 19 12 12
20 22 54 4
1 59 18 69
4 2 77 4
71 66 2 7
14 53 2 92
30 2 61 57
55 53 51 1
12 22 9 56
48 35 28 1
5 56 70 9
1 14 60 89
37 3 50 28
2 58 6 4
78 62 5 7
73 4 1 67
75 3 98 1
11 55 10 1
4 18 2 89
5 11 51 56
13 87 4 10
3 77 5 54
83 5 87 1
1 35 20 87
1 54 3 98
11 77 2 63
56 59 5 9
10 5 53 44
1 66 10 81
98 4 8 47
13 23 74 4
74 62 8 1
5 5 15 50
68 9 3 75
1 65 11 25
2 6 60 61
31 4 40 58
4 70 9 3
62 6 10 75
5 65 2 59
72 3 1 82
12 19 1 18
22 23 99 1
13 22 52 11
52 75 1 13
3 77 2 73
95 83 6 2
51 9 6 7
1 28 60 48
54 29 6 3
15 13 69 6
51 2 61 12
46 16 46 7
64 4 9 55
14 14 62 12
14 2 3 73
87 95 1 10
45 58 5 12
53 8 25 28
20 26 3 13
35 12 40 9
31 17 61 4
1 4 49 99
29 1 67 22
88 37 3 12
9 96 2 54
3 12 29 90
1 54 49 60
5 56 40 9
4 68 5 63
3 70 76 1
8 4 8 95
88 18 3 31
25 36 57 3
3 16 59 61
1 61 16 55
36 10 1 73
57 98 2 7
2 95 32 1
68 5 7 63
13 51 52 1
71 18 65 1
56 20 28 1
55 1 51 7
69 81 2 10
1 57 38 56
87 60 7 1
50 72 1 15
74 5 7 54
16 16 37 40
15 11 12 53
2 48 33 58
2 9 74 43
2 56 24 66
66 16 2 4
3 1 76 53
1 53 14 85
84 63 6 2
2 29 55 7
5 27 6 81
63 1 2 84
6 11 60 2
2 70 2 96
26 5 30 2
1 66 1 54
96 81 5 3
67 3 3 61
65 98 1 5
21 11 1 64
92 1 8 82
7 79 4 53
56 7 9 56
55 1 46 57
1 25 51 44
3 4 65 56
1 3 44 95
98 84 1 12
45 77 2 9
1 61 72 18
1 52 11 97
1 67 55 24
63 2 1 100
1 17 59 72
90 98 3 1
1 57 67 32
7 14 46 15
64 70 2 1
94 6 39 1
4 17 29 77
32 1 44 16
1 54 66 2
70 9 3 10
70 2 8 56
21 4 35 54
5 27 11 52
5 83 17 2
57 22 2 5
10 75 69 1
1 66 54 3
6 77 3 45
69 11 30 1
6 81 3 31
59 6 99 1
2 93 1 51
1 13 57 90
17 7 16 32
10 58 2 14
1 14 19 22
16 2 42 25
53 1 42 4
10 57 5 66
95 57 1 8
4 9 28 82
51 7 8 40
8 10 13 90
3 15 76 19
55 10 4 53
6 11 10 1
83 5 3 60
40 2 31 31
4 64 3 1
34 12 3 54
9 7 97 1
5 30 83 1
70 5 75 1
35 1 26 87
53 1 65 1
91 8 5 53
23 6 63 8
66 8 6 72
64 5 4 51
81 33 1 9
81 3 1 71
72 3 9 55
13 10 73 23
11 2 38 10
1 7 67 10
21 8 5 62
1 1 76 59
53 5 14 66
93 28 4 3
4 61 4 69
2 35 10 94
83 2 3 38
3 1 25 53
80 7 4 44
88 6 59 1
60 12 1 60
51 82 2 1
5 27 53 4
4 19 4 83
30 20 5 16
35 23 5 4
16 4 13 52
61 2 6 3
10 53 6 58
1 4 55 75
52 2 16 63
1 4 56 74
68 9 61 1
64 31 2 1
59 7 3 51
7 50 1 93
63 95 1 9
9 35 7 71
55 1 37 26
3 56 7 92
75 2 3 50
1 65 73 1
67 4 2 83
52 1 46 13
4 6 59 5
3 34 1 56
4 4 15 45
75 8 2 63
26 4 28 27
92 2 4 31
2 57 1 4
20 1 26 51
28 3 19 70
65 1 13 1
59 61 6 2
2 43 16 90
28 1 36 43
88 62 1 2
45 2 35 24
48 7 1 60
42 4 6 54
1 3 75 70
3 11 22 82
3 53 66 6
9 9 27 35
51 6 4 65
23 5 1 87
12 1 31 14
15 7 21 37
1 7 28 65
5 16 14 21
2 56 58 1
1 27 14 67
1 14 68 6
25 2 95 1
6 19 9 41
1 92 53 6
3 64 30 2
5 14 12 41
2 70 27 2
2 53 27 17
4 13 3 74
