500 4
6 31 6 10
3 74 70 77
51 100 75 6
96 55 100 7
60 19 62 65
56 26 37 91
44 6 70 47
25 17 51 92
98 59 10 7
4 36 5 62
60 47 1 51
99 21 52 85
97 20 3 92
37 25 69 82
2 73 84 80
65 27 67 1
63 11 64 4
5 77 22 8
98 13 60 86
90 98 23 3
56 97 57 2
63 26 58 84
18 1 40 63
97 1 93 60
46 83 54 5
69 12 27 67
69 11 20 93
8 29 77 97
53 74 58 6
71 59 54 8
95 9 17 71
86 3 67 19
2 81 55 57
3 51 85 98
65 8 52 62
58 88 4 78
65 21 59 54
1 68 51 96
70 1 19 58
88 27 6 47
95 7 8 92
95 55 42 1
53 9 45 13
76 7 67 42
1 72 81 84
39 14 95 43
3 16 85 61
55 87 83 4
56 28 38 86
64 98 1 41
8 30 53 31
54 9 4 72
29 24 29 74
42 95 70 6
82 78 59 1
60 94 88 3
7 80 88 4
27 82 1 53
29 54 3 34
1 100 59 85
18 55 80 2
31 28 26 27
55 3 41 14
68 96 64 2
1 78 80 95
59 65 59 9
100 2 51 57
77 29 57 12
89 61 63 3
64 99 27 3
5 1 84 77
84 6 98 12
3 65 77 94
80 1 60 29
70 44 1 88
79 3 6 67
66 60 16 3
65 98 29 4
51 14 54 29
69 57 54 3
58 60 6 9
25 5 83 61
40 4 22 6
39 3 21 45
65 75 2 45
99 14 11 51
89 7 84 2
2 34 57 74
4 57 51 2
74 18 11 34
27 4 75 10
1 53 65 89
4 54 92 30
17 13 94 55
1 51 90 79
11 13 76 60
53 11 37 3
78 85 6 8
9 7 94 14
1 71 52 22
7 48 2 74
66 30 3 35
13 29 4 57
84 3 65 1
2 63 87 48
1 7 79 60
78 10 18 63
94 59 3 26
16 10 55 53
15 28 23 58
5 55 55 52
18 57 5 39
5 35 67 12
8 22 72 58
91 95 4 32
12 1 79 77
14 20 60 64
25 17 57 30
26 20 55 50
8 10 53 57
2 58 69 67
87 53 19 7
56 1 44 25
72 53 28 2
1 51 61 69
7 98 2 64
67 2 21 90
15 7 3 89
56 62 2 52
2 59 70 65
83 78 2 32
65 72 62 1
9 92 2 56
51 90 49 5
51 18 18 75
3 10 5 62
54 86 2 50
2 65 70 54
70 3 18 71
67 20 12 58
3 68 87 23
55 2 75 14
2 28 37 79
3 9 59 96
86 89 55 1
61 18 53 2
74 15 1 38
27 13 67 51
2 5 71 30
38 79 45 3
51 59 1 84
17 8 47 70
3 83 28 55
98 2 55 10
29 70 48 4
51 76 42 4
91 44 1 17
93 71 15 8
2 15 18 80
11 10 28 34
61 1 2 54
3 69 55 55
96 76 28 1
86 56 57 1
54 9 14 2
3 26 62 59
52 84 4 12
16 79 49 2
14 7 56 99
19 2 86 12
47 5 95 2
3 29 14 40
72 3 19 1
22 12 85 17
31 60 5 6
9 51 67 5
74 100 1 35
70 67 2 31
84 95 3 15
71 59 4 27
16 7 69 74
17 46 85 4
1 56 56 40
8 82 5 61
52 1 49 62
5 3 53 64
55 63 82 1
68 7 70 3
100 1 24 52
26 4 10 59
30 28 71 27
32 59 33 9
2 8 7 93
36 37 83 2
21 8 63 60
68 30 8 33
53 79 52 1
40 32 77 1
37 27 6 12
24 6 52 23
12 83 1 67
59 43 3 17
5 19 83 7
96 1 80 18
7 93 2 67
25 85 11 3
33 38 1 86
18 52 40 6
19 59 96 1
3 26 15 60
30 1 96 60
2 5 5 18
70 60 61 1
88 1 17 30
97 1 77 12
2 91 4 63
4 10 63 13
1 83 54 2
2 1 72 29
51 1 11 72
66 62 12 4
6 78 7 6
1 51 58 79
23 7 59 3
2 81 92 12
52 1 56 11
54 22 57 1
67 70 2 21
17 19 66 10
83 86 1 8
23 78 69 1
18 55 66 2
53 76 1 23
6 46 1 83
11 56 18 6
20 13 53 8
84 9 2 53
17 77 49 5
1 51 23 51
62 87 39 1
99 80 8 2
81 33 3 1
50 41 4 41
53 31 1 52
1 72 2 55
29 71 1 80
80 56 3 2
35 55 1 74
73 27 6 4
21 11 80 1
61 6 55 3
28 21 56 7
70 14 2 48
55 25 1 76
51 9 1 39
13 20 17 10
29 61 42 2
2 54 87 4
1 65 43 32
1 33 39 87
43 50 3 50
36 4 41 37
95 1 90 6
4 72 24 8
3 42 74 15
40 82 35 1
31 33 2 64
70 2 28 9
55 61 19 1
9 78 35 2
1 60 5 66
1 94 14 49
3 80 25 13
9 3 27 96
61 24 2 8
30 33 1 62
21 53 63 3
1 26 68 70
7 14 85 6
38 2 52 51
1 70 36 24
61 94 12 2
7 1 71 34
31 89 51 1
73 67 1 21
10 63 3 56
6 56 90 1
69 2 75 1
38 54 45 1
2 29 26 15
70 1 5 37
1 48 51 64
28 55 3 12
1 50 50 28
66 4 72 5
1 59 82 4
44 19 57 4
3 35 70 12
35 6 2 34
4 22 52 8
7 30 41 1
29 8 2 17
68 54 24 1
59 75 3 6
20 64 2 29
63 81 1 14
1 47 56 59
1 16 36 75
57 5 92 3
54 51 1 8
13 5 1 75
56 29 1 14
15 44 4 56
58 51 4 1
4 15 1 22
17 60 9 4
22 11 69 3
28 3 54 52
4 29 78 6
1 9 38 74
100 66 2 6
1 63 1 85
1 11 38 73
1 27 94 58
36 52 3 16
21 75 7 7
82 91 1 2
62 7 45 3
59 2 93 5
8 56 2 6
3 33 25 4
1 57 18 76
35 59 5 3
54 3 12 58
4 75 24 6
65 21 13 6
17 3 53 7
44 55 21 7
1 28 75 29
64 26 8 2
70 3 1 53
1 90 15 51
51 1 57 15
32 89 1 18
12 73 24 5
16 1 9 73
26 67 38 2
1 44 30 81
56 1 97 9
10 90 1 10
93 5 8 4
9 2 60 68
30 20 71 2
94 4 16 24
27 1 1 84
51 50 19 2
11 72 19 4
59 9 5 10
15 1 56 66
1 15 64 63
59 4 81 1
38 6 41 2
61 40 21 1
82 3 15 17
1 46 30 74
9 1 63 86
38 1 2 57
2 83 4 33
12 5 68 14
52 2 72 7
67 4 6 52
4 1 49 87
56 1 87 3
24 52 4 20
94 1 46 20
92 2 74 1
1 57 4 84
57 37 1 12
1 58 28 40
34 2 100 2
9 57 14 5
2 46 85 7
2 53 70 8
2 51 2 80
1 75 16 2
10 2 56 76
2 82 13 8
6 95 84 1
12 4 45 2
1 29 65 31
62 98 2 5
39 52 3 4
1 13 59 65
5 53 6 8
1 55 12 83
1 38 34 76
1 71 38 10
79 71 1 6
6 4 94 25
1 36 57 6
31 10 90 1
62 17 67 1
1 40 7 71
1 62 16 51
5 79 77 1
7 1 66 4
1 69 56 9
68 9 54 1
54 1 55 37
8 42 13 4
51 58 1 7
4 6 70 3
91 24 1 12
12 7 95 1
16 7 18 8
29 85 2 2
16 2 7 49
14 2 4 61
53 62 26 1
1 6 69 72
2 77 4 43
21 3 66 2
14 10 1 43
65 98 2 1
65 3 17 47
1 8 73 61
53 66 9 1
27 53 7 1
8 5 2 30
1 30 11 92
53 4 1 67
2 64 93 2
1 11 53 59
1 19 85 6
41 17 1 16
78 8 10 12
82 1 3 51
3 15 87 11
16 10 93 1
7 14 1 9
2 99 1 59
21 2 5 56
39 1 56 2
2 55 8 3
25 4 1 6
5 66 53 1
56 17 51 1
20 53 7 6
2 65 2 62
1 4 85 23
54 75 2 3
65 2 16 28
3 3 68 61
32 1 52 38
71 2 59 1
2 54 52 10
88 67 2 2
1 62 1 68
55 1 51 53
13 2 61 12
1 59 16 51
7 3 53 59
58 81 1 4
9 79 25 1
2 51 1 64
2 58 94 2
1 44 52 66
2 83 65 1
33 62 1 1
76 2 52 1
7 87 5 1
3 2 71 99
1 52 51 15
10 4 8 79
65 2 53 15
74 57 3 3
6 15 67 11
13 2 37 72
95 3 6 15
51 2 54 24
1 54 22 52
69 3 30 13
57 29 7 1
7 61 1 2
2 2 2 81
1 12 2 68
53 16 63 1
55 25 13 1
2 76 43 1
80 1 27 10
28 1 54 53
1 2 73 83
3 23 65 16
5 24 58 4
85 2 1 60
72 55 1 4
1 72 51 6
1 32 62 55
30 2 59 34
83 2 13 3
