230 6
0.35 0.94 0.56 0.60 0.51 0.81
0.81 0.55 0.72 0.55 0.60 0.59
0.14 0.24 0.70 0.79 0.72 0.93
0.57 0.14 1.00 0.37 0.92 0.85
0.57 0.97 0.55 0.53 0.90 0.68
0.72 0.92 0.61 0.95 0.60 0.92
0.11 0.76 0.70 0.66 0.29 0.94
0.79 0.67 0.87 0.56 0.70 0.75
0.55 0.54 0.55 0.67 0.60 0.53
0.83 0.53 0.94 0.85 0.59 0.51
0.70 0.53 0.72 0.78 0.69 0.94
0.40 1.00 0.54 0.90 0.91 0.92
0.53 0.60 0.78 0.52 0.37 0.74
0.52 0.76 0.75 0.35 0.91 0.80
0.78 0.65 0.76 0.53 0.45 1.00
0.62 0.51 0.80 0.51 0.55 0.31
0.54 0.50 0.98 0.21 0.93 0.73
0.18 0.96 0.78 0.69 0.57 0.56
0.85 0.29 0.14 0.38 0.91 0.72
0.83 0.52 0.80 0.57 0.52 0.96
0.63 0.57 0.23 0.59 0.70 0.97
0.51 0.76 0.94 0.52 0.77 0.91
0.78 0.85 0.74 0.79 0.35 0.58
0.52 0.67 0.82 0.85 0.91 0.62
0.35 0.93 0.77 0.98 0.14 0.80
0.59 0.79 0.26 0.88 0.84 0.91
0.01 0.67 0.37 0.51 0.64 0.59
0.59 0.60 0.54 0.51 0.79 0.73
0.88 0.78 0.56 0.65 0.23 0.94
0.63 0.70 0.59 0.42 0.86 0.84
0.68 0.92 0.52 0.77 0.68 0.57
0.96 0.42 0.84 0.87 0.08 0.58
0.02 0.95 0.85 0.66 0.68 0.54
0.70 0.63 0.82 0.45 0.86 0.87
0.58 0.66 0.81 0.03 0.69 0.53
0.72 0.76 0.51 0.63 0.45 0.92
0.02 0.85 0.82 0.44 0.84 0.58
0.58 0.64 0.96 0.51 0.66 0.76
0.96 0.51 0.72 0.93 0.81 0.61
0.74 0.80 0.99 0.27 0.49 0.65
0.64 0.97 0.74 0.44 0.76 0.75
0.60 0.83 0.20 0.78 0.77 0.67
0.96 1.00 0.51 0.54 0.85 0.52
0.78 0.95 0.96 0.57 0.40 0.55
0.62 0.34 0.91 0.63 0.45 0.77
0.15 0.93 0.25 0.79 0.94 0.97
0.71 0.69 0.51 0.57 0.58 0.65
0.77 0.77 0.98 0.73 0.18 0.96
0.85 0.53 0.58 0.65 0.73 0.93
0.34 0.65 0.88 0.81 0.56 0.55
0.52 0.86 0.92 0.94 0.55 0.85
0.64 0.38 0.53 0.65 0.56 0.66
0.50 0.86 0.94 0.84 0.69 0.52
0.58 0.56 0.62 0.76 0.80 0.30
0.67 0.22 0.62 0.84 0.49 0.95
0.77 0.49 0.71 0.56 0.05 0.82
0.68 0.74 0.76 0.46 0.49 0.98
0.84 0.35 0.89 0.64 0.57 1.00
0.53 0.90 0.72 0.20 0.63 0.79
0.53 0.95 0.98 0.66 0.35 0.92
0.75 0.55 0.90 0.61 0.22 0.78
0.96 0.77 0.03 0.86 0.76 0.54
0.48 0.91 0.84 0.65 0.56 0.88
0.07 0.58 0.70 0.65 0.10 0.73
0.71 0.69 0.53 0.85 0.59 0.22
0.89 0.89 0.61 0.93 0.51 0.90
0.14 0.81 0.48 0.16 0.85 0.81
0.57 0.72 0.63 0.19 0.59 0.27
0.58 0.62 0.85 0.90 0.30 0.72
0.80 0.62 0.37 0.66 0.30 0.73
0.77 0.15 0.90 0.53 0.58 0.81
0.53 0.76 0.50 0.86 0.97 0.58
0.85 0.71 0.25 0.84 0.59 0.85
0.52 0.34 0.67 0.19 0.53 0.86
0.22 0.96 0.59 0.63 0.23 0.15
0.75 0.61 0.71 0.55 0.70 0.62
0.55 0.04 0.63 0.70 0.85 0.81
0.51 0.72 0.70 0.73 0.08 0.57
0.66 0.99 0.39 0.89 0.72 0.56
0.78 0.37 0.70 0.97 0.96 0.68
0.06 0.53 0.65 0.72 0.65 0.24
0.40 0.82 0.64 0.76 0.85 0.56
0.60 0.81 0.65 0.17 0.72 0.98
1.00 0.21 0.53 0.72 0.99 0.87
0.85 0.51 0.57 0.62 0.06 0.94
0.57 0.96 0.88 0.78 0.22 0.32
0.45 0.28 0.44 0.92 0.86 0.77
0.65 0.80 0.30 1.00 0.98 0.36
0.60 0.60 0.02 0.19 0.63 0.95
0.92 0.32 0.52 0.76 0.54 0.64
0.58 0.87 0.51 0.35 0.89 0.64
0.63 0.06 0.84 0.61 0.77 0.60
0.95 0.86 0.95 0.78 0.03 0.62
0.69 0.61 0.82 0.09 0.59 0.98
0.55 0.95 0.65 0.80 0.01 0.54
0.57 0.51 0.64 0.51 0.36 0.90
0.57 0.89 0.58 0.97 0.14 0.52
0.53 0.76 0.70 0.08 0.81 0.67
0.69 0.44 0.88 0.92 0.51 0.55
0.63 0.63 0.96 0.10 1.00 0.86
0.69 0.78 0.77 0.56 0.33 0.64
0.53 0.79 0.80 0.53 0.58 0.13
0.63 1.00 0.30 0.59 0.81 0.66
0.59 0.05 0.98 0.87 1.00 0.63
0.98 0.68 0.71 0.84 0.59 0.45
0.72 0.54 0.95 0.87 0.22 0.53
0.74 0.76 0.37 0.68 0.48 0.81
0.51 0.51 0.90 0.93 0.99 0.61
0.62 0.87 0.57 0.60 0.57 0.78
0.84 0.82 0.36 0.88 0.57 0.92
0.88 0.69 0.79 0.81 0.56 0.65
0.78 0.95 0.71 0.84 0.86 0.22
0.73 0.81 0.62 0.57 0.51 0.89
0.54 0.60 0.59 0.11 0.93 0.85
0.56 0.66 0.51 0.92 0.59 0.74
0.91 0.86 0.56 0.73 0.68 0.52
0.61 0.70 0.74 0.63 0.97 0.32
0.66 0.01 0.54 0.62 0.47 0.52
0.82 0.63 0.52 0.39 0.88 0.86
0.57 0.57 0.99 0.83 0.55 0.78
0.43 0.01 0.63 0.84 0.59 0.71
0.76 0.63 0.43 0.90 0.79 0.63
0.54 0.62 0.93 0.58 0.54 0.70
0.76 0.94 0.54 0.60 0.57 0.59
0.57 0.99 0.11 0.33 0.54 0.93
0.58 0.55 0.04 0.65 0.15 0.55
0.75 0.44 0.64 0.50 1.00 0.90
0.67 0.76 0.62 0.91 0.51 0.18
0.94 0.74 0.84 0.94 0.02 0.59
0.49 0.52 0.76 0.51 0.64 0.69
0.65 0.22 0.79 0.76 0.76 0.80
0.84 0.91 0.86 0.89 0.52 0.30
0.26 0.75 0.26 0.92 0.95 0.86
0.66 0.35 0.74 0.60 0.80 0.75
0.81 0.31 0.92 0.58 0.62 0.75
0.15 0.67 0.21 1.00 0.68 0.79
0.90 0.26 0.13 0.66 0.97 0.57
0.90 0.59 0.54 0.15 0.90 0.75
0.71 0.96 0.52 0.43 0.51 0.93
0.86 0.77 0.88 0.80 0.06 0.73
0.93 0.04 0.91 0.80 0.28 0.05
0.47 0.57 0.60 0.65 0.64 0.95
1.00 0.71 0.53 0.02 0.92 0.36
0.69 0.76 0.97 0.63 0.75 0.09
0.29 0.79 0.61 0.11 0.96 0.70
0.32 0.38 0.64 0.78 0.26 0.70
0.63 0.67 0.60 0.18 0.74 0.64
0.93 0.25 0.95 0.02 0.97 0.77
0.10 0.77 0.97 0.58 0.39 0.73
0.58 0.56 0.64 0.60 0.82 0.53
0.60 0.07 0.90 0.61 0.97 0.43
0.72 0.67 0.74 0.02 0.66 0.99
0.89 0.73 1.00 0.58 0.51 0.20
0.72 0.59 0.70 0.53 0.60 0.82
0.52 0.97 0.82 0.92 0.07 0.90
0.98 0.91 0.80 0.87 0.03 0.49
0.53 0.80 0.66 0.80 0.62 0.56
0.78 0.62 0.53 0.63 0.22 0.89
0.99 0.66 0.89 0.85 0.81 0.16
0.65 0.57 0.56 0.06 0.29 0.94
0.56 0.66 0.90 0.58 0.93 0.59
0.41 0.69 0.55 0.66 0.58 0.95
0.54 0.52 0.84 0.88 0.94 0.51
0.54 0.61 0.52 0.59 0.85 0.56
0.90 0.68 0.77 0.56 0.02 0.84
0.49 0.60 0.92 0.76 0.94 0.20
0.13 0.70 0.15 0.86 0.66 0.55
0.89 0.65 0.60 0.60 0.83 0.47
0.52 0.76 0.90 0.90 0.53 0.13
0.33 0.98 0.53 0.63 0.51 0.75
0.86 0.39 0.81 0.94 0.37 0.55
0.33 0.71 0.85 0.03 0.99 0.58
0.94 0.66 0.53 0.24 0.98 0.65
0.76 0.62 0.02 0.88 0.73 0.77
0.10 0.83 0.47 0.11 0.56 0.93
0.56 0.55 0.21 0.72 0.46 0.72
0.30 0.59 0.82 0.58 0.63 0.52
0.80 0.16 0.11 0.69 0.92 0.58
0.56 0.71 0.18 0.60 0.69 0.73
0.94 0.79 0.73 0.88 0.66 0.12
0.73 0.52 0.81 0.68 0.39 0.63
0.77 0.75 0.23 0.65 0.86 0.28
0.75 0.70 0.13 0.15 0.05 0.76
0.14 0.89 0.64 0.74 0.87 0.56
0.68 0.66 0.77 0.66 0.52 0.04
0.58 0.08 0.60 0.66 0.80 1.00
0.55 0.61 0.57 0.19 0.05 0.76
0.54 0.06 0.73 0.75 0.95 0.80
0.37 0.60 0.69 0.03 0.92 0.63
0.37 0.63 0.63 0.08 0.92 0.93
0.61 0.68 0.99 0.52 0.61 0.41
0.77 0.90 0.66 0.30 0.52 0.63
0.13 0.20 0.64 0.72 0.59 0.89
0.76 0.54 0.33 0.89 0.95 0.61
0.11 0.77 0.53 0.57 0.61 0.75
0.72 0.52 0.68 0.53 0.79 0.75
0.89 0.64 0.87 0.07 0.88 0.32
0.84 0.02 0.82 0.54 0.68 0.85
0.89 0.98 0.10 0.47 0.41 0.91
0.69 0.53 0.67 0.53 0.05 0.77
0.30 0.81 0.56 0.95 0.61 0.65
0.83 0.20 0.54 0.96 0.45 0.80
0.55 0.12 0.70 0.95 0.64 0.56
0.97 0.60 0.70 0.53 1.00 0.58
0.67 0.67 0.11 0.10 0.73 0.54
0.54 0.84 0.82 0.37 0.85 0.55
0.20 0.72 0.75 0.55 0.66 0.52
0.86 0.13 0.26 0.20 0.91 0.52
0.70 0.07 0.75 0.59 0.12 0.72
0.56 0.90 0.45 0.57 0.56 0.79
0.76 0.96 0.79 0.51 0.28 0.72
0.58 0.20 0.82 0.70 0.34 0.82
0.15 0.54 0.52 0.28 0.52 0.87
0.55 0.54 0.66 0.80 0.53 0.67
0.99 0.99 0.53 0.69 0.59 0.53
0.55 0.72 0.74 0.57 0.71 0.56
0.47 0.85 0.54 0.51 0.58 0.82
0.54 0.53 0.52 0.32 0.67 0.81
0.77 0.03 0.08 0.96 0.79 0.92
0.68 0.52 0.77 0.53 0.50 0.56
0.91 0.31 0.57 0.08 0.40 0.99
0.52 0.40 0.58 0.94 0.85 0.47
0.03 0.45 0.91 0.63 0.78 0.88
0.64 0.60 0.92 0.64 0.31 0.94
0.48 0.56 1.00 0.62 0.81 0.25
0.59 0.73 0.54 0.58 0.60 0.72
0.93 0.93 0.89 0.44 0.58 0.55
0.76 0.65 0.54 0.85 0.61 0.09
0.25 0.56 0.93 0.66 1.00 0.79
0.93 0.82 0.66 0.92 0.03 0.59
