230 6
35 94 56 60 51 81
81 55 72 55 60 59
14 24 70 79 72 93
57 14 100 37 92 85
57 97 55 53 90 68
72 92 61 95 60 92
11 76 70 66 29 94
79 67 87 56 70 75
55 54 55 67 60 53
83 53 94 85 59 51
70 53 72 78 69 94
40 100 54 90 91 92
53 60 78 52 37 74
52 76 75 35 91 80
78 65 76 53 45 100
62 51 80 51 55 31
54 50 98 21 93 73
18 96 78 69 57 56
85 29 14 38 91 72
83 52 80 57 52 96
63 57 23 59 70 97
51 76 94 52 77 91
78 85 74 79 35 58
52 67 82 85 91 62
35 93 77 98 14 80
59 79 26 88 84 91
1 67 37 51 64 59
59 60 54 51 79 73
88 78 56 65 23 94
63 70 59 42 86 84
68 92 52 77 68 57
96 42 84 87 8 58
2 95 85 66 68 54
70 63 82 45 86 87
58 66 81 3 69 53
72 76 51 63 45 92
2 85 82 44 84 58
58 64 96 51 66 76
96 51 72 93 81 61
74 80 99 27 49 65
64 97 74 44 76 75
60 83 20 78 77 67
96 100 51 54 85 52
78 95 96 57 40 55
62 34 91 63 45 77
15 93 25 79 94 97
71 69 51 57 58 65
77 77 98 73 18 96
85 53 58 65 73 93
34 65 88 81 56 55
52 86 92 94 55 85
64 38 53 65 56 66
50 86 94 84 69 52
58 56 62 76 80 30
67 22 62 84 49 95
77 49 71 56 5 82
68 74 76 46 49 98
84 35 89 64 57 100
53 90 72 20 63 79
53 95 98 66 35 92
75 55 90 61 22 78
96 77 3 86 76 54
48 91 84 65 56 88
7 58 70 65 10 73
71 69 53 85 59 22
89 89 61 93 51 90
14 81 48 16 85 81
57 72 63 19 59 27
58 62 85 90 30 72
80 62 37 66 30 73
77 15 90 53 58 81
53 76 50 86 97 58
85 71 25 84 59 85
52 34 67 19 53 86
22 96 59 63 23 15
75 61 71 55 70 62
55 4 63 70 85 81
51 72 70 73 8 57
66 99 39 89 72 56
78 37 70 97 96 68
6 53 65 72 65 24
40 82 64 76 85 56
60 81 65 17 72 98
100 21 53 72 99 87
85 51 57 62 6 94
57 96 88 78 22 32
45 28 44 92 86 77
65 80 30 100 98 36
60 60 2 19 63 95
92 32 52 76 54 64
58 87 51 35 89 64
63 6 84 61 77 60
95 86 95 78 3 62
69 61 82 9 59 98
55 95 65 80 1 54
57 51 64 51 36 90
57 89 58 97 14 52
53 76 70 8 81 67
69 44 88 92 51 55
63 63 96 10 100 86
69 78 77 56 33 64
53 79 80 53 58 13
63 100 30 59 81 66
59 5 98 87 100 63
98 68 71 84 59 45
72 54 95 87 22 53
74 76 37 68 48 81
51 51 90 93 99 61
62 87 57 60 57 78
84 82 36 88 57 92
88 69 79 81 56 65
78 95 71 84 86 22
73 81 62 57 51 89
54 60 59 11 93 85
56 66 51 92 59 74
91 86 56 73 68 52
61 70 74 63 97 32
66 1 54 62 47 52
82 63 52 39 88 86
57 57 99 83 55 78
43 1 63 84 59 71
76 63 43 90 79 63
54 62 93 58 54 70
76 94 54 60 57 59
57 99 11 33 54 93
58 55 4 65 15 55
75 44 64 50 100 90
67 76 62 91 51 18
94 74 84 94 2 59
49 52 76 51 64 69
65 22 79 76 76 80
84 91 86 89 52 30
26 75 26 92 95 86
66 35 74 60 80 75
81 31 92 58 62 75
15 67 21 100 68 79
90 26 13 66 97 57
90 59 54 15 90 75
71 96 52 43 51 93
86 77 88 80 6 73
93 4 91 80 28 5
47 57 60 65 64 95
100 71 53 2 92 36
69 76 97 63 75 9
29 79 61 11 96 70
32 38 64 78 26 70
63 67 60 18 74 64
93 25 95 2 97 77
10 77 97 58 39 73
58 56 64 60 82 53
60 7 90 61 97 43
72 67 74 2 66 99
89 73 100 58 51 20
72 59 70 53 60 82
52 97 82 92 7 90
98 91 80 87 3 49
53 80 66 80 62 56
78 62 53 63 22 89
99 66 89 85 81 16
65 57 56 6 29 94
56 66 90 58 93 59
41 69 55 66 58 95
54 52 84 88 94 51
54 61 52 59 85 56
90 68 77 56 2 84
49 60 92 76 94 20
13 70 15 86 66 55
89 65 60 60 83 47
52 76 90 90 53 13
33 98 53 63 51 75
86 39 81 94 37 55
33 71 85 3 99 58
94 66 53 24 98 65
76 62 2 88 73 77
10 83 47 11 56 93
56 55 21 72 46 72
30 59 82 58 63 52
80 16 11 69 92 58
56 71 18 60 69 73
94 79 73 88 66 12
73 52 81 68 39 63
77 75 23 65 86 28
75 70 13 15 5 76
14 89 64 74 87 56
68 66 77 66 52 4
58 8 60 66 80 100
55 61 57 19 5 76
54 6 73 75 95 80
37 60 69 3 92 63
37 63 63 8 92 93
61 68 99 52 61 41
77 90 66 30 52 63
13 20 64 72 59 89
76 54 33 89 95 61
11 77 53 57 61 75
72 52 68 53 79 75
89 64 87 7 88 32
84 2 82 54 68 85
89 98 10 47 41 91
69 53 67 53 5 77
30 81 56 95 61 65
83 20 54 96 45 80
55 12 70 95 64 56
97 60 70 53 100 58
67 67 11 10 73 54
54 84 82 37 85 55
20 72 75 55 66 52
86 13 26 20 91 52
70 7 75 59 12 72
56 90 45 57 56 79
76 96 79 51 28 72
58 20 82 70 34 82
15 54 52 28 52 87
55 54 66 80 53 67
99 99 53 69 59 53
55 72 74 57 71 56
47 85 54 51 58 82
54 53 52 32 67 81
77 3 8 96 79 92
68 52 77 53 50 56
91 31 57 8 40 99
52 40 58 94 85 47
3 45 91 63 78 88
64 60 92 64 31 94
48 56 100 62 81 25
59 73 54 58 60 72
93 93 89 44 58 55
76 65 54 85 61 9
25 56 93 66 100 79
93 82 66 92 3 59
