230 6
31 46 9 18 27 69
6 64 84 54 94 82
65 71 13 5 58 98
89 58 61 84 83 66
72 75 91 74 52 52
55 11 97 65 71 56
56 54 94 67 65 12
85 75 78 98 53 63
92 82 87 67 88 62
49 65 79 51 98 59
51 30 53 35 73 66
73 28 78 62 53 98
100 59 67 71 58 23
95 23 77 78 87 67
56 61 24 26 78 67
53 65 59 64 63 59
85 53 72 60 91 64
17 82 76 93 73 56
63 71 94 57 62 42
78 55 87 73 17 72
75 65 77 13 72 75
71 62 72 100 94 64
60 63 97 83 58 56
100 85 25 99 13 78
79 3 68 76 80 86
12 69 72 3 69 78
62 79 68 75 64 43
84 98 73 28 12 75
58 58 52 52 28 58
59 23 95 85 95 99
58 75 69 85 82 57
54 98 54 87 54 68
88 96 39 61 65 66
63 93 55 5 67 67
54 82 39 78 79 55
79 76 91 87 73 38
25 1 68 57 70 74
53 84 53 57 74 4
6 98 82 89 25 79
53 56 83 83 28 51
57 85 79 13 90 63
71 58 8 86 67 94
55 99 94 71 61 57
100 79 83 53 88 53
95 14 87 51 88 70
85 40 92 84 58 77
88 89 53 75 53 55
89 53 87 86 82 33
59 90 75 85 64 51
55 87 83 53 62 59
33 54 62 73 14 75
86 60 9 63 100 53
29 96 85 26 69 72
56 77 17 81 86 30
92 44 88 50 53 70
100 43 60 87 93 61
78 56 92 77 60 25
65 59 73 73 90 55
85 51 76 12 19 81
98 94 85 90 70 23
57 65 75 94 60 52
55 47 55 73 74 63
56 85 95 51 81 58
81 87 77 12 8 97
86 81 7 75 56 82
58 26 74 100 77 67
64 63 79 90 53 27
54 25 70 74 50 70
56 10 63 9 89 100
88 35 60 88 77 28
99 97 38 68 3 44
51 85 75 97 54 68
69 78 92 73 76 43
57 86 75 68 23 90
83 55 92 54 94 35
100 22 93 87 46 97
90 47 64 88 68 40
87 67 90 51 87 53
29 60 96 87 73 57
39 91 63 72 91 61
96 79 93 62 89 52
54 22 70 6 69 84
3 55 63 72 77 61
68 86 1 51 99 55
3 65 61 27 28 77
62 68 63 90 81 57
93 54 81 96 60 7
65 35 99 59 100 28
2 60 75 91 99 85
85 87 55 53 60 54
79 67 63 13 92 69
95 96 68 93 32 56
70 70 5 98 53 19
39 73 66 98 22 67
53 11 29 89 92 83
51 52 91 73 88 63
53 72 83 63 90 31
69 65 3 86 46 58
71 55 77 63 93 43
58 64 70 9 56 100
52 93 81 82 4 16
82 57 87 60 95 63
70 71 78 81 52 9
68 31 82 70 52 73
68 51 88 55 23 85
72 56 68 99 52 68
74 1 57 68 99 28
47 100 69 41 16 42
72 59 65 97 91 24
57 64 63 70 52 56
57 53 83 66 64 67
9 81 92 78 4 79
96 80 60 44 56 29
54 63 58 65 72 63
80 66 95 57 52 57
88 56 52 93 76 58
3 68 53 63 69 96
53 70 99 83 74 14
53 98 54 92 67 67
56 31 59 87 74 59
100 52 83 27 58 28
56 65 21 51 57 67
77 25 55 67 68 35
81 65 56 95 56 55
71 74 63 100 11 74
64 53 92 97 96 58
25 54 56 56 98 70
76 91 88 87 7 82
55 62 75 67 28 57
67 64 82 59 70 51
63 60 58 98 63 34
9 71 60 65 100 33
56 81 60 90 59 58
4 51 57 93 43 76
86 94 81 16 92 26
66 58 58 98 68 13
90 53 10 77 61 65
24 100 85 55 78 76
65 58 96 57 4 58
86 38 27 81 77 51
99 52 66 67 55 62
53 65 82 95 83 9
48 97 93 58 4 65
72 11 97 46 23 74
4 98 85 73 69 36
10 74 97 63 92 55
77 53 77 51 23 80
77 3 72 94 66 92
96 76 61 7 65 72
99 74 75 58 81 57
54 53 66 58 60 67
83 94 65 81 84 3
68 39 72 78 71 69
100 52 86 93 8 76
69 60 71 85 18 66
86 66 56 69 61 18
90 20 89 83 57 97
4 83 63 87 85 34
71 75 2 81 74 68
51 70 93 53 27 68
62 58 71 62 62 55
57 57 72 76 78 60
88 81 60 61 94 54
63 64 87 60 66 54
12 92 90 75 68 64
68 42 65 88 57 63
66 73 96 87 55 5
98 60 55 10 83 97
76 64 6 61 81 93
68 95 53 45 56 68
66 56 93 94 85 16
86 92 2 62 88 53
91 57 8 58 59 78
64 34 86 64 79 32
81 73 80 36 83 60
91 68 95 55 14 54
91 68 53 87 17 62
94 67 39 65 69 53
57 64 57 85 38 61
86 18 66 76 54 100
91 84 37 93 59 3
80 79 92 11 99 72
93 58 67 53 55 25
32 97 86 99 65 62
59 56 39 84 14 92
53 95 63 77 40 61
38 84 76 53 83 63
32 60 80 61 100 62
50 99 77 46 72 55
78 65 44 92 61 53
1 64 55 56 96 98
65 81 55 9 59 61
73 56 95 59 71 46
72 73 91 29 97 22
69 69 71 2 53 95
100 16 59 98 63 51
56 82 60 92 83 53
81 92 86 60 55 51
53 77 3 63 87 71
92 60 87 73 56 52
25 90 51 71 67 57
53 52 94 95 97 56
61 82 30 68 64 53
77 41 72 61 64 1
70 75 8 65 98 16
8 63 74 57 99 64
18 77 30 89 58 70
2 79 70 53 56 86
86 7 57 54 54 65
72 94 54 97 64 46
74 86 55 44 94 58
3 74 81 75 56 9
22 97 55 64 57 87
99 93 38 69 85 52
100 89 1 93 68 94
19 62 94 62 54 96
91 94 89 71 3 84
88 77 60 67 44 51
16 62 93 62 70 60
66 59 83 97 15 10
67 62 66 2 81 93
59 77 57 84 78 52
100 8 69 64 77 57
30 54 29 92 94 97
65 68 64 51 76 36
55 79 56 58 63 58
90 56 72 65 41 65
78 85 8 72 71 11
53 68 98 51 82 57
78 25 47 77 59 84
