230 6
0.08 0.39 0.22 0.07 0.59 0.03
0.68 0.82 1.00 0.76 0.58 0.51
0.71 0.91 0.55 0.91 0.12 0.71
0.82 0.51 0.64 0.85 0.57 0.76
0.84 0.10 0.80 0.63 0.95 0.81
0.33 0.77 0.51 0.91 0.31 0.57
0.03 0.76 0.97 0.72 0.75 0.93
0.66 0.05 0.76 0.81 0.93 0.89
0.87 0.71 0.61 0.75 0.58 0.86
0.95 0.06 0.56 0.67 0.64 0.74
0.63 1.00 0.08 0.57 0.84 0.24
0.75 0.97 0.59 0.80 0.53 0.83
0.84 0.28 0.93 0.62 0.72 0.60
0.38 0.76 0.86 0.93 0.19 0.72
0.99 0.55 0.57 0.79 0.09 0.68
0.65 0.59 0.75 0.82 0.52 0.61
0.45 0.72 0.79 0.59 0.55 0.54
0.85 0.89 0.77 0.61 0.38 0.70
0.55 0.36 0.86 0.67 0.85 0.54
0.73 0.94 0.75 0.67 0.52 0.97
0.98 0.63 0.64 0.96 0.55 0.56
0.83 0.14 0.84 0.92 0.70 0.90
0.63 0.01 0.55 0.24 0.72 0.78
0.07 0.63 0.67 0.59 0.53 0.94
0.80 0.72 0.60 0.61 0.29 0.93
0.74 0.93 0.66 0.63 0.07 0.79
0.07 0.72 0.89 0.04 0.99 0.52
0.78 0.90 0.17 0.84 0.71 0.70
0.77 0.15 0.98 0.79 0.67 0.95
0.67 0.72 0.71 0.59 0.07 0.65
0.93 0.98 0.59 0.74 0.23 0.28
0.66 0.83 0.20 0.61 0.71 0.62
0.55 0.88 0.01 0.86 0.54 0.88
0.67 0.82 0.51 0.53 0.02 0.97
0.63 0.36 0.61 0.76 0.62 0.86
0.97 0.76 0.06 0.81 1.00 0.62
0.70 0.67 0.89 0.59 0.55 0.74
0.63 0.27 0.71 0.66 0.73 0.60
0.59 0.64 0.63 0.68 0.53 0.89
0.62 0.86 0.52 0.82 0.04 0.41
0.85 0.12 0.53 0.90 0.89 0.79
0.07 0.84 0.86 0.68 0.60 0.57
0.95 0.37 0.66 0.99 0.26 0.81
0.83 0.95 0.21 0.78 0.42 0.89
0.70 0.78 0.59 0.67 0.42 0.78
0.84 0.99 0.87 0.71 0.52 0.59
0.53 0.85 0.55 0.76 0.43 0.85
0.13 0.90 0.43 0.05 0.57 0.99
0.65 0.70 0.76 0.71 0.58 0.55
0.89 0.20 0.40 0.88 0.52 0.99
0.81 0.76 0.83 0.55 0.55 0.82
0.05 0.58 0.66 0.81 0.93 0.69
0.69 0.58 0.79 0.64 0.58 0.73
0.54 0.23 0.61 0.74 0.78 0.54
0.74 0.67 0.89 0.64 0.52 0.96
0.78 0.09 0.76 0.86 0.63 0.77
0.60 0.97 0.83 0.83 0.36 0.85
0.61 0.86 0.18 0.12 0.84 0.56
0.66 0.77 0.88 0.86 0.52 0.59
0.64 0.03 0.51 0.77 0.78 0.74
0.95 0.54 0.71 0.52 0.55 0.84
0.67 0.16 0.53 0.84 0.47 0.63
0.90 0.78 0.77 0.51 0.53 0.64
0.74 0.85 0.63 0.07 0.24 0.58
0.87 0.32 0.35 0.28 1.00 0.55
0.52 0.97 1.00 0.94 0.13 0.84
0.53 0.15 0.95 0.97 0.51 0.78
1.00 0.55 0.67 0.74 0.08 0.57
0.80 0.92 0.61 0.30 0.30 0.11
0.88 0.68 0.03 0.77 0.50 0.20
0.65 0.77 0.53 0.94 0.21 0.44
0.69 0.61 0.97 0.71 0.52 0.83
0.97 0.55 0.78 0.53 0.52 0.51
0.20 0.59 0.53 0.82 0.51 1.00
0.57 0.77 0.70 1.00 0.28 0.90
0.53 0.64 0.96 0.21 0.09 0.56
0.56 0.98 0.20 0.58 0.81 0.68
0.94 0.86 0.18 0.59 0.62 0.75
0.71 0.73 0.46 0.51 0.52 0.88
0.62 0.12 0.70 0.93 0.50 0.62
0.55 0.76 0.54 0.98 0.49 0.01
0.98 0.61 0.12 0.51 0.90 0.53
0.73 0.62 0.11 0.92 0.90 0.64
0.98 0.47 0.73 0.53 0.58 0.58
0.63 0.53 0.15 0.71 0.57 0.52
0.59 0.41 0.90 0.52 0.53 0.67
0.89 0.91 0.83 0.80 0.42 0.24
0.32 0.99 0.86 0.68 0.55 0.59
0.86 0.80 0.88 0.70 0.52 0.55
0.53 0.84 0.92 0.83 0.53 0.93
0.71 0.12 0.55 0.56 0.91 0.51
0.06 0.68 0.89 0.93 0.83 0.64
1.00 0.27 0.90 0.29 0.93 0.72
0.55 0.70 0.97 0.96 0.08 0.83
0.84 0.92 0.55 0.57 0.46 0.83
0.68 0.74 0.82 0.26 0.58 0.95
0.62 0.54 1.00 0.65 0.50 0.13
0.57 0.77 0.70 0.73 0.43 0.32
0.51 0.56 0.78 0.53 0.15 0.67
0.73 0.53 0.65 0.87 0.42 0.90
0.87 0.13 0.60 0.32 0.66 0.98
0.21 0.69 0.92 0.67 0.57 0.92
0.58 0.38 0.78 0.73 0.69 0.54
0.66 0.53 0.56 0.73 0.51 0.96
0.75 0.75 0.77 0.72 0.24 0.58
0.75 0.04 0.65 0.98 0.93 0.64
0.56 0.39 0.62 0.64 0.19 0.66
0.51 0.24 0.59 0.79 0.58 0.92
0.05 0.88 0.61 0.98 0.70 0.51
0.20 1.00 0.10 0.63 0.74 0.54
0.91 0.21 0.84 0.82 0.60 0.53
0.92 0.85 0.13 0.69 0.13 0.12
0.83 0.89 0.62 0.55 0.58 0.84
0.56 0.71 0.98 0.19 0.12 0.52
0.52 0.41 0.90 0.52 0.14 0.53
0.75 0.56 0.66 0.87 0.02 0.81
1.00 0.78 0.56 0.57 0.56 0.73
0.83 0.54 0.79 1.00 0.58 0.43
0.74 0.62 0.29 0.19 0.57 0.21
0.20 0.18 0.72 0.65 0.52 0.73
0.52 0.26 0.53 0.59 0.91 0.84
0.70 0.73 0.74 0.54 0.54 0.60
0.94 0.65 0.06 0.35 0.67 0.59
0.98 0.70 0.57 0.60 0.25 0.93
0.14 0.56 0.84 0.96 0.53 0.67
0.54 0.97 0.20 0.91 0.67 0.78
0.95 0.56 0.55 0.61 0.33 0.64
0.17 0.76 0.57 0.56 0.20 0.85
0.51 1.00 0.53 0.21 0.45 0.53
0.13 0.20 0.71 0.53 0.56 0.89
0.53 0.12 0.59 0.58 0.66 0.55
0.59 0.90 0.54 0.70 0.48 0.94
0.79 0.70 0.10 1.00 0.77 0.52
0.80 0.34 0.78 0.95 0.64 0.58
0.61 0.27 0.58 0.84 1.00 0.54
0.86 0.92 0.60 0.58 0.54 0.74
0.40 0.86 0.10 0.89 0.63 0.94
0.82 0.81 0.52 0.97 0.07 0.98
0.32 0.63 0.89 0.60 0.34 0.79
0.97 0.47 0.84 0.53 0.03 0.58
0.69 0.75 0.51 0.70 0.56 0.63
0.60 0.68 0.16 0.47 0.73 0.74
0.55 0.01 0.99 0.86 0.66 0.60
0.89 0.05 0.72 0.90 0.58 0.78
0.23 0.99 0.03 0.93 0.70 0.79
0.52 0.94 0.89 0.45 0.56 0.86
0.53 0.55 0.62 0.57 0.09 0.57
0.74 0.60 0.09 0.88 0.68 0.89
0.74 0.81 0.94 0.38 0.53 0.88
0.72 0.69 0.89 0.59 0.49 0.55
0.73 0.14 0.77 0.70 0.49 0.22
0.55 0.17 0.60 0.97 0.39 0.56
0.82 0.04 0.74 0.22 0.51 0.72
0.87 0.84 0.65 1.00 0.46 0.28
0.91 0.60 0.57 0.52 0.54 0.73
0.66 0.55 0.58 0.65 0.43 0.53
0.61 0.79 0.52 0.54 0.41 0.97
0.79 0.91 0.94 0.04 0.79 1.00
0.70 0.52 0.59 0.89 0.57 0.41
0.17 0.90 0.65 0.36 0.13 0.55
0.70 0.28 0.41 0.50 0.87 0.92
0.52 0.70 0.29 0.56 0.56 0.75
0.70 0.94 0.56 0.37 0.09 0.79
0.60 0.58 0.56 0.86 0.09 0.87
0.61 0.07 0.46 0.91 0.52 1.00
0.50 0.54 0.51 0.66 0.53 1.00
0.74 0.02 0.85 0.96 0.88 0.52
0.29 0.92 0.24 0.68 0.09 0.53
0.71 0.73 0.51 0.61 0.20 0.71
0.10 0.93 0.84 0.59 0.58 0.83
0.90 0.73 0.60 0.51 0.31 0.33
0.72 0.58 0.57 0.57 0.50 0.64
0.68 0.11 0.93 0.93 0.85 0.40
0.75 0.51 0.76 0.54 0.54 0.83
0.95 0.57 0.20 0.64 0.79 0.94
0.63 0.81 0.82 0.86 0.01 0.74
0.92 0.54 0.32 0.59 0.39 0.99
0.79 0.75 0.51 0.81 0.18 0.80
0.84 0.75 0.01 0.75 0.53 0.41
0.56 0.97 0.85 0.33 0.51 0.85
0.56 0.86 0.77 0.04 0.63 0.57
0.63 0.79 0.76 0.71 0.01 0.69
0.55 0.07 0.60 0.56 0.36 0.75
0.67 0.37 0.67 0.65 0.99 0.54
0.96 0.10 0.53 0.78 0.71 0.75
0.90 0.65 0.02 0.20 0.77 0.91
0.33 0.73 0.62 0.68 0.31 0.78
0.58 0.55 0.51 0.78 0.22 1.00
0.90 0.11 0.90 0.57 0.87 0.58
0.75 0.35 0.95 0.53 1.00 0.52
0.23 0.70 0.54 0.57 0.57 0.82
0.52 0.38 0.67 0.91 0.87 0.66
0.64 0.86 0.54 0.11 0.53 0.99
0.48 0.11 0.57 0.85 0.94 0.53
0.04 0.68 0.66 0.62 0.97 0.67
0.76 0.09 0.70 0.76 0.99 0.07
0.53 0.68 0.74 0.43 0.53 0.79
0.78 0.52 0.17 0.57 0.77 0.59
0.96 0.62 0.72 0.71 0.04 0.95
0.62 0.54 0.73 0.97 0.98 0.01
0.67 0.67 0.09 0.56 0.95 0.96
0.24 0.76 0.95 0.75 0.10 0.58
0.69 1.00 0.56 0.37 0.40 0.99
0.74 0.30 0.54 0.67 0.57 0.26
0.91 0.68 0.56 0.73 0.51 0.76
0.68 0.77 0.57 0.04 0.89 0.64
0.78 0.05 0.49 0.69 0.72 0.72
1.00 0.13 0.78 0.67 0.59 0.65
0.03 0.83 0.94 0.59 0.89 0.98
0.73 0.05 0.94 0.96 0.67 1.00
0.69 0.80 0.58 0.18 0.07 0.83
0.58 1.00 0.64 0.75 0.16 0.52
0.96 0.53 0.60 0.55 0.51 0.57
0.53 0.25 0.98 0.55 0.36 0.61
0.01 0.51 0.32 0.56 0.57 0.98
0.51 0.56 0.87 0.61 0.07 0.67
0.91 0.78 0.90 0.49 0.52 0.06
0.61 0.80 0.57 0.99 0.27 0.76
0.74 0.64 0.52 0.05 0.30 0.73
0.60 0.27 0.94 0.55 0.68 0.88
0.88 0.29 0.90 0.14 0.56 0.93
0.38 0.80 0.97 0.57 0.43 0.61
0.57 0.58 0.97 0.03 0.96 0.96
0.96 0.86 0.43 0.72 0.55 0.09
0.63 0.37 0.52 0.79 0.70 0.56
1.00 0.51 0.45 0.60 0.49 0.58
0.80 0.14 0.81 0.31 0.53 0.73
0.58 0.80 0.51 0.80 0.51 0.45
0.93 0.24 0.87 0.71 0.34 0.72
0.58 0.62 0.57 0.85 0.58 0.01
