230 6
8 39 22 7 59 3
68 82 100 76 58 51
71 91 55 91 12 71
82 51 64 85 57 76
84 10 80 63 95 81
33 77 51 91 31 57
3 76 97 72 75 93
66 5 76 81 93 89
87 71 61 75 58 86
95 6 56 67 64 74
63 100 8 57 84 24
75 97 59 80 53 83
84 28 93 62 72 60
38 76 86 93 19 72
99 55 57 79 9 68
65 59 75 82 52 61
45 72 79 59 55 54
85 89 77 61 38 70
55 36 86 67 85 54
73 94 75 67 52 97
98 63 64 96 55 56
83 14 84 92 70 90
63 1 55 24 72 78
7 63 67 59 53 94
80 72 60 61 29 93
74 93 66 63 7 79
7 72 89 4 99 52
78 90 17 84 71 70
77 15 98 79 67 95
67 72 71 59 7 65
93 98 59 74 23 28
66 83 20 61 71 62
55 88 1 86 54 88
67 82 51 53 2 97
63 36 61 76 62 86
97 76 6 81 100 62
70 67 89 59 55 74
63 27 71 66 73 60
59 64 63 68 53 89
62 86 52 82 4 41
85 12 53 90 89 79
7 84 86 68 60 57
95 37 66 99 26 81
83 95 21 78 42 89
70 78 59 67 42 78
84 99 87 71 52 59
53 85 55 76 43 85
13 90 43 5 57 99
65 70 76 71 58 55
89 20 40 88 52 99
81 76 83 55 55 82
5 58 66 81 93 69
69 58 79 64 58 73
54 23 61 74 78 54
74 67 89 64 52 96
78 9 76 86 63 77
60 97 83 83 36 85
61 86 18 12 84 56
66 77 88 86 52 59
64 3 51 77 78 74
95 54 71 52 55 84
67 16 53 84 47 63
90 78 77 51 53 64
74 85 63 7 24 58
87 32 35 28 100 55
52 97 100 94 13 84
53 15 95 97 51 78
100 55 67 74 8 57
80 92 61 30 30 11
88 68 3 77 50 20
65 77 53 94 21 44
69 61 97 71 52 83
97 55 78 53 52 51
20 59 53 82 51 100
57 77 70 100 28 90
53 64 96 21 9 56
56 98 20 58 81 68
94 86 18 59 62 75
71 73 46 51 52 88
62 12 70 93 50 62
55 76 54 98 49 1
98 61 12 51 90 53
73 62 11 92 90 64
98 47 73 53 58 58
63 53 15 71 57 52
59 41 90 52 53 67
89 91 83 80 42 24
32 99 86 68 55 59
86 80 88 70 52 55
53 84 92 83 53 93
71 12 55 56 91 51
6 68 89 93 83 64
100 27 90 29 93 72
55 70 97 96 8 83
84 92 55 57 46 83
68 74 82 26 58 95
62 54 100 65 50 13
57 77 70 73 43 32
51 56 78 53 15 67
73 53 65 87 42 90
87 13 60 32 66 98
21 69 92 67 57 92
58 38 78 73 69 54
66 53 56 73 51 96
75 75 77 72 24 58
75 4 65 98 93 64
56 39 62 64 19 66
51 24 59 79 58 92
5 88 61 98 70 51
20 100 10 63 74 54
91 21 84 82 60 53
92 85 13 69 13 12
83 89 62 55 58 84
56 71 98 19 12 52
52 41 90 52 14 53
75 56 66 87 2 81
100 78 56 57 56 73
83 54 79 100 58 43
74 62 29 19 57 21
20 18 72 65 52 73
52 26 53 59 91 84
70 73 74 54 54 60
94 65 6 35 67 59
98 70 57 60 25 93
14 56 84 96 53 67
54 97 20 91 67 78
95 56 55 61 33 64
17 76 57 56 20 85
51 100 53 21 45 53
13 20 71 53 56 89
53 12 59 58 66 55
59 90 54 70 48 94
79 70 10 100 77 52
80 34 78 95 64 58
61 27 58 84 100 54
86 92 60 58 54 74
40 86 10 89 63 94
82 81 52 97 7 98
32 63 89 60 34 79
97 47 84 53 3 58
69 75 51 70 56 63
60 68 16 47 73 74
55 1 99 86 66 60
89 5 72 90 58 78
23 99 3 93 70 79
52 94 89 45 56 86
53 55 62 57 9 57
74 60 9 88 68 89
74 81 94 38 53 88
72 69 89 59 49 55
73 14 77 70 49 22
55 17 60 97 39 56
82 4 74 22 51 72
87 84 65 100 46 28
91 60 57 52 54 73
66 55 58 65 43 53
61 79 52 54 41 97
79 91 94 4 79 100
70 52 59 89 57 41
17 90 65 36 13 55
70 28 41 50 87 92
52 70 29 56 56 75
70 94 56 37 9 79
60 58 56 86 9 87
61 7 46 91 52 100
50 54 51 66 53 100
74 2 85 96 88 52
29 92 24 68 9 53
71 73 51 61 20 71
10 93 84 59 58 83
90 73 60 51 31 33
72 58 57 57 50 64
68 11 93 93 85 40
75 51 76 54 54 83
95 57 20 64 79 94
63 81 82 86 1 74
92 54 32 59 39 99
79 75 51 81 18 80
84 75 1 75 53 41
56 97 85 33 51 85
56 86 77 4 63 57
63 79 76 71 1 69
55 7 60 56 36 75
67 37 67 65 99 54
96 10 53 78 71 75
90 65 2 20 77 91
33 73 62 68 31 78
58 55 51 78 22 100
90 11 90 57 87 58
75 35 95 53 100 52
23 70 54 57 57 82
52 38 67 91 87 66
64 86 54 11 53 99
48 11 57 85 94 53
4 68 66 62 97 67
76 9 70 76 99 7
53 68 74 43 53 79
78 52 17 57 77 59
96 62 72 71 4 95
62 54 73 97 98 1
67 67 9 56 95 96
24 76 95 75 10 58
69 100 56 37 40 99
74 30 54 67 57 26
91 68 56 73 51 76
68 77 57 4 89 64
78 5 49 69 72 72
100 13 78 67 59 65
3 83 94 59 89 98
73 5 94 96 67 100
69 80 58 18 7 83
58 100 64 75 16 52
96 53 60 55 51 57
53 25 98 55 36 61
1 51 32 56 57 98
51 56 87 61 7 67
91 78 90 49 52 6
61 80 57 99 27 76
74 64 52 5 30 73
60 27 94 55 68 88
88 29 90 14 56 93
38 80 97 57 43 61
57 58 97 3 96 96
96 86 43 72 55 9
63 37 52 79 70 56
100 51 45 60 49 58
80 14 81 31 53 73
58 80 51 80 51 45
93 24 87 71 34 72
58 62 57 85 58 1
