230 6
38 11 55 37 58 60
92 79 55 44 7 93
100 77 15 77 71 95
77 50 91 79 83 40
86 66 61 55 21 70
94 72 76 52 51 71
98 54 98 99 57 40
85 1 57 92 18 68
94 89 91 51 66 5
57 79 97 96 3 38
32 71 65 97 87 77
64 76 54 91 87 81
51 89 75 76 86 16
57 4 64 63 97 14
77 93 93 89 39 87
84 76 39 57 79 87
72 99 71 54 100 22
100 58 51 11 81 100
33 64 62 76 39 57
28 58 99 89 88 51
59 80 85 80 24 54
87 83 58 61 82 54
90 12 54 77 96 95
35 6 88 82 89 62
83 61 61 68 51 92
90 73 24 94 76 58
63 72 84 98 62 51
77 60 62 76 73 53
91 54 57 63 76 51
15 56 88 95 23 94
40 100 16 100 77 73
74 63 100 51 100 4
76 66 63 74 28 89
15 41 81 23 56 91
98 100 76 52 46 64
12 74 87 94 52 83
89 79 70 64 64 56
87 15 79 51 51 93
88 9 59 58 88 65
64 55 4 65 75 56
84 81 31 51 93 86
90 84 64 94 57 12
53 55 37 90 70 58
78 85 39 69 66 26
23 92 71 72 98 100
77 61 72 24 64 74
52 25 29 65 73 92
23 57 51 73 78 96
97 88 1 76 74 27
46 89 52 59 58 61
56 59 46 76 38 68
76 88 15 60 57 89
60 73 52 57 89 72
78 68 68 86 32 56
53 87 73 64 72 52
72 67 64 35 72 72
74 49 26 60 70 69
61 89 86 18 66 86
87 62 58 83 6 60
86 70 69 78 11 85
70 19 85 92 66 51
94 60 12 60 67 78
16 59 55 100 98 77
72 66 63 44 47 88
59 78 75 76 75 34
44 94 30 84 85 77
71 83 64 9 87 83
93 77 90 26 62 59
42 96 64 64 56 56
5 3 60 29 81 91
18 93 68 58 65 55
97 2 87 80 77 65
86 74 89 77 39 42
73 66 76 45 77 53
80 59 46 87 61 57
70 53 79 89 78 54
85 55 14 95 55 79
22 92 75 92 81 90
56 66 84 9 74 73
72 64 83 72 55 83
24 82 73 95 56 92
84 22 10 52 67 32
80 53 79 62 10 58
10 80 58 44 64 97
64 63 99 58 87 56
79 41 64 90 57 7
6 90 51 59 89 64
26 52 7 80 61 64
57 99 41 72 58 58
52 70 59 64 88 57
28 90 84 91 20 90
66 74 57 89 66 54
75 63 87 62 28 59
52 97 82 57 29 78
53 76 96 60 94 52
74 57 99 100 37 78
86 58 54 3 68 91
90 63 62 77 95 8
66 51 70 89 75 55
72 36 92 47 74 55
52 52 74 55 66 18
76 100 100 47 55 69
83 93 99 65 8 91
57 92 62 65 21 88
60 89 78 78 67 12
96 54 65 77 57 67
89 65 77 34 62 61
60 97 63 57 94 45
71 95 63 79 98 53
98 30 94 95 61 34
98 62 64 36 66 63
90 51 71 15 9 89
76 56 69 100 53 78
5 96 82 82 67 66
56 85 65 79 4 79
71 76 54 53 95 58
52 80 88 58 31 72
61 63 23 91 59 59
90 79 86 28 95 47
55 51 35 82 59 61
4 43 85 66 98 79
94 65 75 6 96 81
92 79 53 80 7 86
16 56 83 54 87 69
70 54 28 56 94 83
62 53 83 65 55 43
17 73 63 51 77 79
96 90 67 57 56 54
83 62 51 61 77 68
71 75 91 29 74 64
33 55 86 76 90 55
98 56 53 61 55 94
80 52 93 18 95 85
68 65 54 53 18 46
65 78 91 87 30 58
50 70 52 64 77 1
62 74 76 64 59 52
39 62 42 72 72 70
60 56 22 85 43 81
52 59 57 3 90 56
10 60 74 87 97 52
80 73 52 74 58 93
56 84 73 60 54 56
57 78 58 88 2 86
20 5 72 63 61 83
51 80 84 98 37 57
77 6 78 52 56 58
53 61 67 52 57 95
68 93 30 64 100 99
81 45 97 67 42 64
65 56 96 49 61 54
67 93 54 56 96 65
67 51 78 70 51 68
6 64 51 83 98 86
80 75 52 56 30 56
88 91 62 11 66 84
55 94 22 97 51 78
61 100 65 20 57 76
34 86 36 71 51 45
61 48 88 65 76 52
77 59 7 67 73 24
97 96 59 59 59 40
55 61 55 62 56 72
54 67 83 58 51 76
52 66 53 71 51 27
76 74 84 72 11 90
53 40 69 64 51 65
81 87 67 62 36 44
71 79 72 6 19 68
70 97 69 63 74 41
89 56 56 62 46 51
3 63 81 67 69 60
12 86 55 53 87 71
71 77 66 28 68 92
69 44 93 57 67 57
100 77 90 41 88 53
68 73 50 63 95 79
13 38 100 68 90 58
33 93 26 66 49 77
15 58 81 80 100 54
78 85 34 53 94 68
70 8 90 63 88 74
67 75 75 13 72 57
74 92 15 52 56 33
85 87 71 20 58 85
89 9 63 53 71 89
68 52 53 41 70 78
53 90 98 33 80 54
61 61 76 60 73 11
82 56 92 18 65 76
63 58 97 15 60 66
62 51 81 52 100 38
35 51 3 56 18 63
82 67 38 63 100 9
65 20 67 81 54 60
11 59 64 77 99 84
80 62 80 26 52 63
54 56 12 55 63 72
99 75 93 11 61 79
70 10 51 81 80 54
93 89 71 59 10 29
51 55 71 63 93 6
82 66 19 87 57 56
99 80 77 14 49 58
95 43 71 62 65 52
58 89 35 53 63 75
82 54 89 9 100 65
60 71 81 54 78 53
77 67 73 57 14 92
75 79 12 96 69 58
90 83 48 94 87 17
87 68 76 75 16 24
84 77 82 12 69 66
53 35 60 92 51 80
1 78 97 55 59 82
54 84 53 51 53 92
96 3 98 68 82 68
79 77 55 15 23 65
54 95 52 45 74 95
14 75 60 73 88 68
3 65 55 59 89 65
5 58 81 98 62 71
100 53 51 21 63 65
11 60 58 53 7 81
97 25 63 64 57 71
81 63 64 85 70 54
16 96 94 52 57 84
95 68 56 16 73 67
95 98 61 80 1 93
85 59 53 82 86 22
