230 6
54 77 63 44 44 15
86 69 83 85 68 96
83 56 39 62 52 57
97 58 73 21 78 17
77 63 51 72 62 76
80 93 51 83 96 65
37 56 79 74 88 40
81 86 85 62 32 82
79 84 3 54 58 79
35 61 93 51 75 99
100 22 91 53 94 88
33 12 14 82 41 87
65 53 70 79 100 91
58 99 74 35 83 74
70 69 82 53 68 88
15 87 93 82 76 57
67 66 54 76 96 60
42 83 62 89 80 81
88 73 75 52 64 92
96 7 74 77 85 58
72 7 81 70 80 80
6 54 64 77 93 92
83 94 59 81 12 68
70 61 52 71 70 52
66 62 49 73 80 52
60 99 57 57 85 58
60 42 84 61 65 56
97 52 18 84 70 86
7 7 53 96 98 65
92 66 70 77 49 69
87 60 77 56 88 86
2 100 91 86 89 99
14 82 66 63 78 96
60 67 53 79 68 84
55 68 53 88 96 23
82 60 99 79 55 58
51 61 69 60 79 83
6 55 92 83 33 6
77 77 58 55 61 59
69 59 54 77 97 52
70 72 90 58 48 57
99 52 80 100 67 84
69 58 95 84 65 1
56 94 62 54 22 2
55 98 34 70 96 71
84 52 64 60 86 72
67 33 74 66 71 69
98 76 89 40 33 98
55 53 51 59 86 88
62 50 62 63 61 55
57 75 88 31 89 95
68 62 73 74 97 8
56 64 73 60 51 63
60 75 97 65 16 77
7 78 68 68 69 64
70 74 95 20 76 51
4 95 62 79 77 56
7 44 80 76 76 59
68 71 53 76 74 53
70 60 33 51 96 77
55 70 85 72 79 61
57 56 99 74 78 84
87 78 34 80 88 75
35 86 97 72 85 60
17 82 99 78 68 72
87 42 55 65 64 65
98 95 99 68 10 35
52 13 71 68 84 81
94 76 89 56 51 69
74 100 19 77 90 55
83 70 66 73 95 51
77 70 57 64 67 15
54 40 90 71 75 53
86 70 75 72 22 99
72 91 87 98 35 78
35 69 76 89 87 78
46 78 90 5 54 83
96 15 93 67 70 80
74 88 6 54 55 62
53 55 54 92 64 23
66 20 92 78 92 79
16 84 58 82 98 60
61 55 86 71 90 51
93 41 1 64 97 61
84 74 51 53 65 75
63 61 80 73 57 67
26 100 10 73 58 80
84 10 67 74 52 74
69 100 63 3 100 81
92 77 79 86 74 14
52 96 86 56 55 19
40 61 100 72 57 52
93 56 52 52 63 91
91 63 97 57 95 80
73 73 62 69 57 70
77 56 64 42 53 76
60 100 96 43 49 7
99 70 30 89 57 78
56 61 59 88 78 58
1 51 10 57 53 52
92 72 97 52 100 66
58 70 52 55 64 72
87 94 98 67 18 67
75 57 71 26 54 80
55 71 82 97 22 87
75 64 96 56 63 8
57 89 52 85 99 50
86 57 75 12 84 98
60 95 54 36 94 82
63 27 74 81 86 62
34 77 34 79 58 48
66 68 49 62 60 22
76 13 61 85 63 52
71 87 55 56 50 73
82 59 91 37 90 54
59 41 86 35 71 69
67 3 84 66 94 88
93 51 37 55 86 94
65 90 90 82 18 55
11 70 95 78 52 70
91 51 70 71 5 85
74 57 79 26 90 85
73 28 90 77 65 65
88 52 69 7 47 78
79 60 86 87 29 99
98 51 54 54 72 63
55 54 56 3 80 58
58 44 91 92 53 76
24 86 77 48 81 1
73 51 86 2 53 56
96 44 75 70 55 68
87 18 62 53 60 85
69 94 7 94 62 75
83 77 54 52 84 99
86 60 74 59 52 87
95 1 70 60 83 98
100 98 61 1 24 84
54 78 53 96 61 14
61 68 54 18 83 52
76 13 58 93 74 86
74 58 56 51 61 64
58 53 8 85 26 48
90 97 2 62 69 64
69 95 2 71 58 89
59 74 58 52 27 88
78 20 86 77 41 82
67 60 97 61 48 58
87 77 70 61 36 29
85 22 97 58 76 10
53 60 8 94 34 53
74 15 97 35 80 52
91 85 57 68 18 79
78 54 3 93 53 68
83 41 63 78 71 85
23 21 90 91 79 69
67 24 96 95 27 53
85 4 90 78 41 80
52 85 91 99 51 8
58 5 78 68 6 100
65 84 52 31 55 14
75 77 58 55 14 88
61 85 51 56 76 55
90 73 52 61 47 89
71 53 88 42 62 93
69 76 87 25 71 7
94 3 99 68 60 82
70 14 98 48 79 59
89 46 51 65 58 85
62 67 61 54 93 56
69 24 96 48 94 97
74 85 37 51 61 95
55 15 86 58 97 66
90 60 60 76 73 17
64 3 52 57 95 77
98 97 46 3 68 2
59 67 59 67 7 97
61 90 54 20 62 51
88 68 63 59 50 74
100 8 84 17 94 88
94 74 53 36 7 53
68 75 35 60 8 88
87 87 90 29 52 93
95 63 81 100 60 12
71 86 8 63 54 74
93 93 68 73 2 60
76 61 94 63 51 67
85 51 19 92 52 55
98 40 7 51 78 57
96 57 66 12 91 34
42 1 92 59 77 75
66 69 94 54 41 53
77 97 4 3 90 72
91 85 53 54 54 64
81 86 77 52 10 57
58 76 64 64 24 60
54 12 89 56 96 62
95 85 78 8 37 93
59 55 89 68 42 88
26 82 91 63 41 4
66 83 65 97 14 62
82 26 100 20 87 20
15 37 76 87 98 81
87 71 80 1 75 83
43 66 87 84 75 7
85 78 2 12 82 35
68 90 84 54 66 12
58 99 97 28 63 71
53 76 67 33 88 99
28 59 63 11 87 88
73 87 84 46 4 99
51 51 60 77 47 83
51 69 74 57 71 21
61 78 92 95 2 85
53 100 69 52 51 77
85 34 53 61 63 91
54 60 99 100 17 100
60 100 80 41 66 66
64 49 97 82 64 56
87 75 83 56 90 46
34 39 71 72 76 68
60 16 52 72 72 59
42 76 58 51 64 69
38 58 94 80 89 33
85 34 97 58 65 72
80 84 96 22 94 35
85 76 70 63 82 10
51 65 52 55 70 55
95 16 69 65 84 79
39 69 62 97 100 48
83 60 94 63 37 77
