230 6
29 37 46 99 93 14
99 89 79 74 55 92
94 95 70 83 97 33
60 75 76 11 66 79
91 60 83 66 54 14
76 16 65 53 83 69
67 75 55 52 87 40
89 51 56 79 78 91
85 81 99 55 56 83
52 46 54 10 64 76
61 89 53 100 65 3
57 67 53 74 32 57
63 53 65 62 92 21
53 90 6 85 26 62
52 84 72 83 90 56
79 45 49 84 61 82
89 12 89 93 90 56
63 72 76 58 94 57
92 38 54 93 90 63
96 82 53 70 93 7
54 90 83 29 55 40
69 67 60 53 64 58
53 3 87 64 53 100
72 72 97 24 53 14
90 74 86 65 72 56
84 66 53 92 89 52
61 59 66 96 70 72
74 61 73 55 99 75
30 83 77 60 88 65
17 87 52 79 75 76
55 8 68 66 16 95
5 55 94 75 7 64
92 51 81 68 55 87
84 73 29 81 61 79
96 75 48 18 63 37
46 69 52 7 70 69
69 82 57 61 78 63
96 48 83 92 29 3
86 70 61 66 13 84
45 51 17 86 74 69
51 79 97 82 89 51
73 53 65 55 90 72
9 43 51 63 38 68
5 11 78 90 60 34
86 70 65 97 70 35
100 60 99 58 89 31
62 86 68 70 83 56
52 68 79 76 54 59
88 62 45 80 65 87
79 63 73 55 81 70
1 56 56 87 65 92
87 10 32 74 91 73
87 62 100 16 89 72
36 67 69 64 53 15
83 76 72 35 52 76
56 98 74 56 50 98
55 96 49 82 73 64
67 94 83 57 52 90
1 69 70 62 63 57
57 63 13 78 76 69
82 66 60 66 64 9
64 93 62 98 52 51
66 71 42 53 68 75
89 63 62 51 55 97
77 74 94 25 67 57
90 97 32 52 95 71
63 93 32 65 96 67
93 88 61 76 10 80
10 61 75 61 55 80
67 46 81 64 73 60
29 39 100 80 64 71
74 95 2 91 79 81
68 92 64 63 80 58
93 16 63 71 64 79
69 41 63 3 56 34
66 80 65 73 59 60
93 65 41 64 86 85
58 98 94 58 52 55
97 71 100 63 13 84
94 70 32 62 67 96
61 8 87 77 97 83
80 79 6 21 86 77
62 86 37 75 71 79
51 53 69 52 98 100
66 97 67 75 28 55
53 24 66 98 66 92
21 94 52 66 83 23
93 54 76 96 77 2
100 60 59 86 73 61
51 95 68 48 99 56
79 64 73 93 33 64
53 59 1 87 52 60
56 33 69 51 67 18
75 81 54 54 69 67
92 87 51 41 65 94
76 72 16 92 78 59
92 17 70 59 85 62
94 82 54 68 65 56
55 76 59 89 58 53
91 65 57 52 85 55
70 31 71 97 79 78
64 68 76 56 26 97
70 55 91 2 75 56
78 49 86 61 53 72
33 55 68 90 84 54
62 77 57 32 52 73
68 54 95 17 44 65
56 65 80 53 53 63
36 68 63 14 54 4
8 51 36 54 66 78
52 78 61 90 63 54
96 52 51 87 2 74
74 66 62 71 60 64
90 59 59 54 53 85
51 25 67 68 79 94
85 61 52 40 53 90
91 51 53 52 52 91
66 48 90 99 53 67
89 71 72 51 79 2
98 96 87 76 3 58
62 91 59 55 94 64
80 8 72 49 83 70
68 51 27 55 72 77
88 18 76 77 95 22
60 64 72 6 91 88
96 78 54 54 17 29
17 68 80 99 50 62
94 79 75 61 41 71
74 13 61 78 97 86
80 62 67 51 52 56
16 95 66 57 51 30
67 5 72 70 96 18
78 54 59 81 78 21
79 97 71 57 48 63
93 85 70 63 51 55
55 70 86 63 30 7
56 32 62 81 86 62
57 56 69 61 53 73
53 70 73 97 32 60
79 65 74 77 57 14
88 77 60 64 6 49
62 15 93 82 58 55
80 60 52 54 55 99
27 62 54 62 90 58
52 33 56 53 97 68
68 62 59 6 57 90
56 21 60 58 53 79
89 82 51 55 77 62
91 58 79 63 5 61
98 99 73 8 85 5
77 85 80 95 11 87
54 63 70 56 66 73
65 67 86 68 4 72
44 13 62 67 34 29
92 9 11 93 67 69
82 74 79 61 34 81
57 57 54 47 25 67
86 96 54 61 60 40
74 80 8 56 93 67
73 23 12 96 86 22
28 88 20 82 84 71
75 97 53 73 13 54
94 56 16 72 100 29
97 98 7 73 35 85
5 68 30 81 69 53
66 66 8 39 84 92
51 63 85 61 59 70
84 61 75 85 22 80
17 22 100 60 97 76
61 83 61 64 79 63
37 84 61 87 58 20
45 95 45 25 91 75
82 55 4 77 23 66
87 87 43 11 82 63
86 28 52 16 99 71
86 67 20 55 56 47
85 90 52 63 56 57
52 85 21 51 92 56
14 66 99 81 23 53
15 59 85 57 57 53
44 29 61 63 70 89
64 98 51 65 90 58
80 61 58 51 94 51
77 52 57 74 77 25
33 92 91 52 87 77
75 85 95 64 4 5
79 51 58 92 57 67
61 59 60 77 54 58
80 51 16 94 94 65
65 64 70 59 8 92
88 28 58 68 54 85
100 55 60 55 70 58
60 38 79 53 65 76
15 97 54 61 65 91
3 69 55 84 14 85
56 27 56 91 72 38
96 20 51 94 83 55
58 56 95 23 86 54
12 52 67 97 54 62
68 63 53 67 62 67
88 2 81 87 80 25
79 62 7 54 67 62
74 54 63 95 67 9
5 61 79 57 51 76
81 64 42 79 6 52
16 56 18 65 88 91
51 63 95 62 66 1
94 11 21 86 79 89
51 76 61 51 56 53
57 71 71 8 66 66
88 59 75 94 62 14
68 89 73 95 5 69
52 52 10 10 74 80
78 51 98 60 98 7
26 58 78 53 10 65
32 53 70 54 56 54
57 82 54 68 90 39
75 87 57 62 55 66
89 58 54 64 91 54
16 87 77 86 85 7
71 83 64 40 53 51
52 69 25 65 81 66
67 61 58 81 64 59
72 25 78 57 61 99
62 53 79 64 21 72
62 20 86 27 57 34
94 10 61 81 60 72
90 62 94 53 4 54
51 89 67 51 17 86
47 65 77 36 86 64
