230 6
0.63 0.47 0.85 0.59 0.04 0.04
0.65 0.68 0.69 0.85 0.96 0.52
0.51 0.80 0.65 0.72 0.75 0.53
0.52 0.43 0.99 0.95 0.72 0.03
0.19 0.57 0.04 0.84 0.93 0.89
0.92 0.71 0.94 0.55 0.61 0.96
0.81 0.27 0.64 0.94 0.77 0.76
0.94 0.95 0.81 0.69 0.78 0.66
0.70 0.69 0.61 0.63 0.80 0.92
0.53 0.79 0.33 0.63 0.66 0.93
0.87 0.68 0.84 0.87 0.53 0.60
0.94 0.75 0.72 0.89 0.51 0.99
0.53 0.81 0.13 1.00 0.20 0.78
0.52 0.37 0.28 0.05 0.03 0.98
0.66 0.89 0.98 0.56 0.91 0.95
0.69 0.82 0.76 0.60 0.57 0.77
0.14 0.76 0.60 0.57 0.80 0.66
0.95 0.63 0.78 0.54 0.91 0.85
0.52 0.53 0.78 0.88 0.64 0.97
0.93 0.55 0.76 0.82 0.82 0.51
0.70 0.54 0.65 0.04 0.53 0.79
0.62 0.78 0.64 0.49 0.80 0.78
0.66 0.69 0.74 0.52 0.52 0.52
0.53 0.96 0.44 0.89 0.81 0.10
0.37 0.62 0.58 0.61 0.53 0.78
0.84 0.62 0.83 0.73 0.77 0.56
0.75 0.59 0.83 0.62 0.69 0.01
0.96 0.63 0.77 0.86 0.74 0.65
0.64 0.51 0.74 0.91 0.98 0.80
0.15 0.51 0.77 0.71 0.67 0.74
0.93 0.82 0.53 0.59 0.88 0.69
0.69 0.53 0.53 0.08 0.83 0.79
0.29 0.98 0.69 0.54 0.85 0.93
0.77 0.84 0.28 0.86 0.28 0.51
0.59 0.92 0.40 0.89 0.75 0.56
0.39 0.68 0.52 0.74 0.99 0.71
0.97 0.56 0.73 0.82 0.86 0.60
0.45 0.86 0.98 0.94 0.14 0.81
0.89 0.94 0.23 0.59 0.66 0.29
0.63 0.58 0.63 0.90 0.07 0.86
0.53 0.85 0.72 0.76 0.63 0.62
0.55 0.86 0.92 0.58 0.38 0.85
0.24 0.29 0.76 0.92 0.94 0.87
0.77 0.86 0.70 0.52 0.66 0.15
0.61 0.91 0.63 0.97 0.59 0.68
0.85 0.85 0.63 0.71 0.60 0.12
0.93 0.78 0.04 0.96 0.12 0.80
0.66 0.78 0.61 0.30 0.71 0.92
0.95 0.65 1.00 0.54 0.90 0.60
0.61 0.77 0.41 0.04 0.62 0.79
0.96 0.67 0.53 0.65 0.62 0.75
0.88 0.99 0.87 0.95 0.01 0.74
0.89 0.40 0.61 1.00 0.96 0.89
0.60 0.29 0.27 1.00 0.96 0.69
0.76 0.55 0.64 0.80 0.43 0.73
0.69 0.66 0.38 0.80 0.93 0.83
0.60 0.59 0.72 0.88 0.78 0.04
0.89 0.73 0.78 0.22 0.73 0.19
0.59 0.66 0.73 0.94 0.51 0.55
0.64 0.89 0.54 0.82 0.84 0.71
0.52 0.25 0.69 0.96 0.49 0.57
0.64 0.92 0.70 0.55 0.62 0.63
0.97 0.82 0.58 0.58 0.91 0.56
0.78 0.26 0.62 0.75 0.76 0.67
0.58 0.67 0.95 0.92 0.61 0.59
0.80 0.64 0.43 0.68 0.88 0.77
0.77 0.62 0.57 0.89 0.19 0.67
0.80 1.00 0.72 0.51 0.86 0.68
0.59 0.65 0.58 0.29 0.58 0.79
0.90 0.52 0.71 0.63 0.83 0.85
0.85 0.60 0.56 0.55 0.71 0.57
0.52 0.90 0.70 0.51 0.68 0.80
0.99 0.24 0.84 0.83 0.71 0.66
0.98 0.75 0.56 0.51 0.92 0.51
0.72 0.66 0.40 0.87 0.76 0.86
0.66 0.67 0.38 0.52 0.70 0.97
0.51 0.89 0.64 0.56 0.55 0.51
0.56 0.58 0.95 0.51 0.87 0.53
0.82 0.74 0.75 0.51 0.58 0.78
0.70 0.35 0.64 0.80 0.80 0.97
0.19 0.97 0.57 0.58 0.10 0.82
0.67 0.49 0.90 0.12 0.63 0.61
0.70 0.66 0.74 0.99 0.27 0.18
0.20 0.63 0.64 0.95 0.81 0.89
0.51 0.79 0.57 0.69 0.57 0.88
0.56 0.99 0.51 0.14 0.63 0.89
0.78 0.90 0.13 0.58 0.74 0.74
0.71 0.82 0.59 0.95 0.78 0.59
0.53 0.67 0.69 0.60 0.74 0.67
0.62 0.13 0.58 0.46 0.71 0.50
0.32 0.82 0.80 0.43 0.53 0.18
0.71 0.57 0.66 0.79 0.76 0.24
0.70 0.47 0.52 0.28 0.52 0.62
0.58 0.02 0.65 0.83 0.86 0.89
0.70 0.42 0.91 0.70 0.61 0.83
0.59 0.60 0.68 0.88 0.69 0.32
0.25 0.55 0.78 0.94 0.67 0.43
0.73 0.66 0.27 0.80 0.99 0.85
0.61 0.91 0.52 0.55 0.97 0.45
0.54 0.70 0.93 0.82 0.97 0.54
0.51 0.88 0.28 0.42 0.57 0.55
0.37 0.80 0.99 0.75 0.98 0.63
0.63 0.84 0.79 0.53 0.68 0.73
0.72 0.65 0.54 0.99 0.67 0.52
0.72 0.72 0.44 0.54 0.82 0.92
0.98 0.96 0.19 0.52 0.55 0.55
0.57 0.86 0.56 0.61 0.86 0.60
0.78 0.13 0.97 0.97 0.54 0.88
0.80 0.51 0.73 0.84 0.51 0.88
0.71 0.65 0.51 0.90 0.92 0.37
0.79 0.77 0.47 0.61 0.91 0.51
0.58 0.53 0.78 0.85 0.61 0.97
0.94 0.93 0.53 0.98 0.69 0.10
0.59 0.81 0.75 0.05 0.98 0.62
0.03 0.59 0.96 0.92 0.96 0.66
0.97 0.51 0.09 0.62 0.80 0.51
1.00 0.25 0.34 0.88 0.65 0.62
0.58 0.43 0.90 0.60 0.74 0.52
0.55 0.19 0.74 0.77 0.80 0.81
0.91 0.96 0.58 0.64 0.14 0.97
0.91 0.75 0.86 0.63 0.03 0.70
0.59 0.59 0.57 0.85 0.70 0.80
0.62 0.57 0.85 0.54 0.61 0.84
0.62 0.48 0.56 0.92 0.51 0.92
0.57 0.88 0.56 0.96 0.56 0.56
0.54 0.84 0.57 0.97 0.99 0.53
0.90 0.85 0.17 0.51 0.90 1.00
0.18 0.48 0.76 0.92 0.92 0.54
0.80 0.77 0.51 0.84 0.88 0.56
0.90 0.87 0.94 0.53 0.51 0.01
0.87 0.37 0.79 0.89 0.62 0.35
0.53 0.88 0.53 0.59 0.53 0.53
0.26 0.83 0.76 0.56 0.92 0.92
0.94 0.54 0.55 0.66 0.95 0.60
0.71 0.03 0.87 0.64 0.69 0.72
0.94 0.92 0.68 0.66 0.52 0.53
0.62 0.03 0.79 0.99 0.90 0.06
0.10 0.66 0.54 0.78 0.17 0.39
0.01 0.70 0.93 0.98 0.18 0.63
0.62 0.76 0.74 0.71 0.68 0.51
0.73 0.51 0.05 0.62 0.54 0.71
0.54 0.53 0.12 0.72 0.72 0.63
0.77 0.65 0.84 0.43 0.93 0.24
0.99 0.56 0.80 0.25 0.52 0.80
0.76 0.86 0.65 0.87 0.68 0.14
0.86 0.28 0.54 0.85 0.58 0.06
0.77 0.97 0.69 0.69 0.86 0.02
0.67 0.71 0.47 0.77 0.34 0.53
0.68 0.52 0.66 0.20 0.78 0.63
0.38 0.61 0.71 0.88 0.79 0.67
0.57 0.51 0.05 0.74 0.56 0.96
0.55 0.70 0.81 0.95 0.83 0.17
0.60 0.79 0.09 0.68 0.93 0.78
0.73 0.60 0.52 0.95 0.52 0.61
0.69 0.60 0.53 1.00 0.59 0.64
0.43 1.00 0.94 0.24 0.89 0.64
0.61 0.52 0.54 0.75 0.63 0.59
0.04 0.55 0.71 0.88 0.92 0.88
0.74 0.99 0.03 0.67 0.98 0.69
0.75 0.59 0.96 0.34 0.34 0.84
0.72 0.72 0.34 0.71 0.53 0.84
0.63 0.21 0.80 0.53 0.59 0.53
0.29 0.93 0.18 0.98 0.84 0.82
0.32 0.65 0.59 0.57 0.91 0.61
0.56 0.57 0.86 0.93 0.60 0.67
0.63 0.83 0.51 0.57 0.59 0.69
0.98 0.51 0.18 0.75 0.77 0.55
0.51 0.66 0.74 0.68 0.99 0.58
0.69 0.83 0.38 0.55 0.64 0.80
0.87 0.63 0.52 0.10 0.82 0.61
0.59 0.60 0.86 0.56 0.61 0.80
0.55 0.63 0.93 0.82 0.92 0.59
0.16 0.68 0.74 0.63 0.60 0.99
0.86 0.11 0.51 0.73 0.87 0.95
0.64 0.72 0.93 0.27 0.57 0.83
0.68 0.87 0.97 0.48 0.30 0.57
0.78 0.04 0.84 0.90 0.66 0.75
0.86 0.26 0.05 0.60 0.63 0.53
0.79 0.10 0.40 0.59 0.88 0.63
0.60 0.62 0.75 0.60 0.90 0.31
0.64 0.50 0.28 0.64 0.93 0.69
0.78 0.53 0.82 0.97 0.16 0.53
0.52 0.52 0.93 0.77 0.74 0.42
0.62 0.92 0.84 0.38 0.97 0.68
0.85 0.43 0.97 0.65 0.66 0.52
0.73 0.32 0.41 0.53 0.08 0.80
0.30 0.57 0.89 0.66 0.83 0.96
0.66 0.85 0.65 0.58 0.84 0.04
0.92 0.09 1.00 0.71 0.93 0.57
0.78 0.77 0.85 0.08 0.14 0.96
0.50 0.95 0.69 0.49 0.93 0.87
0.56 0.95 0.80 0.14 0.94 0.82
0.93 0.66 0.77 0.30 0.35 0.90
0.63 0.07 0.06 0.56 0.65 0.59
0.88 0.79 1.00 0.50 0.85 0.46
0.71 0.61 1.00 0.35 0.99 0.53
0.99 0.80 0.66 0.13 0.28 0.57
0.59 0.36 0.85 0.87 0.68 0.76
0.69 0.08 0.94 0.88 0.55 0.01
0.52 0.70 0.63 0.75 0.30 0.81
0.65 0.63 0.77 0.32 0.86 0.53
0.55 0.77 0.94 0.85 0.56 0.03
0.05 0.28 0.71 0.61 0.66 0.94
0.55 0.71 0.13 0.94 0.66 0.52
0.95 0.21 0.94 0.55 0.69 0.26
0.67 0.60 0.56 0.60 0.62 0.86
0.57 0.60 0.54 0.51 0.36 0.96
0.39 0.60 0.55 0.54 0.94 0.91
0.20 0.55 0.87 0.55 0.79 0.77
0.75 0.83 0.81 0.35 0.26 0.82
0.55 0.54 1.00 0.62 0.74 0.52
0.99 0.69 0.45 0.51 0.51 0.77
0.69 0.69 0.98 0.13 0.51 0.64
0.55 0.53 0.80 0.64 0.90 0.74
0.56 0.90 0.99 0.69 0.21 0.58
0.72 0.04 0.88 0.90 0.64 0.57
0.56 0.77 0.70 0.76 0.58 0.77
0.53 0.07 0.60 0.52 0.85 0.82
0.65 0.68 0.91 0.52 0.42 0.81
0.68 0.96 0.76 0.98 0.72 0.08
0.89 0.49 0.78 0.74 0.03 0.97
0.63 0.84 0.52 0.81 0.54 0.78
0.60 0.73 0.41 0.06 0.83 0.87
0.81 0.06 0.66 0.10 0.65 0.74
0.61 0.74 0.65 0.76 0.80 0.53
0.60 0.99 0.94 0.77 0.68 0.10
0.60 0.06 0.15 0.75 0.81 0.99
1.00 0.53 0.89 0.32 0.83 0.61
1.00 0.69 0.65 0.52 0.62 0.02
0.58 0.81 0.77 0.62 0.90 0.57
