230 6
50 79 63 16 46 77
98 70 21 60 56 99
66 74 99 71 100 66
50 100 56 62 54 69
99 81 80 51 65 53
25 70 99 70 67 78
80 24 92 78 70 69
59 94 55 74 69 89
29 77 84 69 31 91
84 87 63 96 90 68
95 82 11 81 7 78
93 87 24 95 80 95
73 92 36 62 55 91
57 87 66 84 59 32
43 77 92 87 25 82
75 78 96 93 62 56
81 77 71 100 56 68
93 62 83 67 92 59
93 60 51 23 55 54
42 99 87 1 58 63
74 99 65 53 78 70
77 68 91 73 94 52
61 89 20 61 64 8
100 52 38 95 76 87
72 86 75 60 53 2
52 58 96 90 66 57
88 53 74 62 88 90
82 80 70 99 81 33
91 47 71 85 86 72
45 83 59 93 67 81
94 98 9 66 69 58
80 90 51 58 79 75
56 65 56 81 65 65
48 54 55 58 52 67
74 32 65 63 57 87
82 14 73 74 98 1
65 75 85 55 97 53
66 71 28 73 85 67
52 63 41 71 68 51
62 11 67 99 61 54
33 79 90 79 53 87
62 20 60 67 6 84
93 95 66 61 15 68
63 53 71 89 53 10
45 78 84 96 96 31
65 55 76 13 79 57
64 52 45 71 54 59
82 51 75 56 91 85
82 59 83 4 58 75
95 13 73 75 95 81
61 62 39 59 49 57
89 18 57 94 90 75
82 88 70 79 84 10
60 67 97 39 18 88
60 94 4 78 91 96
95 25 52 87 92 65
78 87 67 70 51 56
32 71 80 56 93 87
89 59 69 45 61 48
100 37 90 56 88 79
75 97 53 84 80 1
21 75 100 65 70 52
70 53 18 65 53 55
62 27 79 36 90 63
91 83 71 94 73 5
82 85 91 56 55 74
66 84 77 79 10 26
51 84 2 70 65 10
63 94 78 24 42 97
66 45 58 49 63 93
51 99 91 26 72 60
23 85 75 60 58 59
51 91 83 61 73 54
67 74 30 83 83 83
90 51 60 89 61 77
24 74 23 59 21 54
98 94 79 33 63 31
61 29 80 59 93 62
66 21 18 83 97 96
87 78 83 67 94 52
58 54 99 56 51 63
99 100 74 18 51 75
16 61 80 70 100 67
73 41 54 89 70 86
15 60 99 65 79 60
76 60 90 52 64 57
22 14 76 80 89 88
60 72 33 52 92 59
87 24 54 91 57 61
62 18 80 81 56 76
1 56 83 63 82 12
14 83 61 89 92 54
51 70 56 35 81 70
75 9 52 66 68 56
91 49 59 72 56 68
68 97 77 61 89 1
81 84 55 52 67 95
95 93 97 42 94 8
64 52 83 26 64 81
56 88 52 68 58 11
70 56 53 54 100 80
45 53 59 91 90 81
54 88 68 86 58 52
51 78 95 15 55 91
66 60 62 98 69 15
56 67 53 60 100 100
57 58 91 58 71 57
76 7 71 68 51 80
86 98 88 51 70 60
99 55 56 67 51 88
76 52 23 71 66 89
17 54 68 84 100 84
54 75 68 85 76 42
71 71 73 75 55 25
61 95 60 11 56 84
96 56 53 87 96 45
51 9 28 76 98 93
80 61 58 44 77 82
92 51 60 52 84 59
49 60 8 94 91 91
57 92 77 38 60 54
97 75 73 72 44 22
92 88 38 4 68 93
65 56 60 4 55 7
88 64 57 57 69 67
31 81 94 54 97 95
39 66 79 91 72 21
69 77 84 93 19 71
72 78 64 74 18 79
80 54 83 7 9 95
60 60 79 62 71 64
15 81 52 80 71 68
66 94 100 53 10 63
9 84 83 77 59 54
62 100 73 1 91 94
37 99 64 81 55 2
58 51 53 74 53 3
8 95 48 53 63 59
69 78 84 79 12 27
95 41 84 57 71 76
78 100 82 51 19 98
92 68 52 73 51 18
71 95 65 80 74 1
57 64 58 83 62 63
68 33 78 81 95 61
68 77 53 30 4 71
66 72 57 85 52 3
1 73 76 83 66 97
79 68 43 49 95 75
71 52 25 79 89 97
6 84 89 56 94 42
66 39 71 54 52 67
44 90 52 57 37 72
4 85 75 42 87 72
76 95 55 48 70 49
51 53 63 13 92 76
54 77 59 54 90 52
81 56 100 90 36 69
97 87 23 10 83 79
30 68 78 85 65 75
49 71 99 61 82 57
13 84 48 20 56 69
10 63 99 67 67 4
68 38 51 97 69 57
48 67 28 1 91 60
17 66 86 75 68 70
59 71 36 55 54 65
51 72 72 81 68 63
1 100 52 92 38 38
51 65 53 96 69 79
37 67 20 98 58 99
55 82 84 74 52 47
62 33 89 75 73 77
26 67 60 76 77 59
41 69 56 78 94 59
90 53 61 87 40 78
56 61 52 62 58 36
12 97 22 100 78 100
54 49 17 54 97 61
59 69 67 53 55 70
52 28 76 73 47 52
75 55 65 58 56 54
61 68 54 55 72 53
60 88 6 55 75 54
84 85 13 51 98 61
64 71 78 52 88 42
73 55 61 12 97 82
98 67 3 65 100 87
96 82 67 68 35 51
84 28 83 53 85 74
44 55 95 67 92 45
65 25 94 78 64 79
93 46 65 61 86 90
95 71 11 23 56 58
87 51 70 3 59 65
6 3 26 83 75 91
50 66 84 79 24 53
60 87 72 79 51 53
88 66 55 20 84 85
27 51 69 59 93 54
67 63 92 91 12 55
96 65 56 7 51 79
78 24 80 99 77 51
90 57 12 82 98 95
63 86 82 58 18 49
89 74 56 60 73 41
59 57 39 53 84 58
79 65 64 55 28 61
51 71 52 66 60 52
61 42 70 77 8 72
81 86 74 86 12 27
54 94 77 51 78 45
54 93 64 99 8 96
83 70 52 25 100 57
66 32 61 62 72 59
87 87 54 17 18 88
81 14 56 41 65 71
98 33 24 74 56 77
14 74 86 57 66 88
94 14 58 69 85 52
75 52 99 23 71 63
85 80 68 58 51 54
47 81 87 43 100 80
51 61 55 6 95 49
64 8 57 61 55 71
64 73 66 60 7 39
91 51 71 93 42 63
59 84 94 2 53 98
10 75 17 47 50 6
55 21 54 62 96 66
