0.37 0.44 0.14 0.66
0.81 0.98 0.67 0.63
0.98 0.65 0.26 0.27
0.98 0.04 0.57 0.78
0.59 0.81 0.66 0.59
1.00 0.82 0.67 0.03
0.84 0.09 0.76 1.00
0.54 0.81 0.68 0.51
0.92 0.67 0.96 0.51
0.74 0.04 0.25 0.09
0.62 0.24 0.91 0.94
0.82 0.83 0.22 0.63
0.06 0.79 0.63 0.62
0.66 0.87 0.54 0.46
0.67 0.09 0.63 0.51
0.37 0.84 0.53 0.59
0.54 0.70 0.67 0.40
0.54 0.73 0.65 0.51
0.63 0.81 0.03 0.68
0.53 0.96 0.86 0.51
0.52 0.66 0.88 0.30
0.75 0.79 0.09 0.57
0.55 0.92 0.59 0.52
0.55 0.62 0.99 0.55
0.29 0.61 0.81 0.55
0.56 0.67 0.66 0.65
0.61 0.22 0.70 0.94
0.58 0.60 0.91 0.61
0.46 0.60 1.00 0.57
0.59 0.37 0.86 0.64
0.84 0.59 0.14 0.59
0.61 0.69 0.65 0.62
0.25 0.52 0.56 0.93
0.49 0.69 0.54 0.57
0.64 0.97 0.31 0.61
0.76 0.01 0.56 0.51
0.09 0.85 0.98 0.49
0.02 0.80 0.60 0.72
0.59 0.68 0.77 0.60
0.63 0.74 0.57 0.56
0.54 0.21 0.92 0.69
0.23 0.02 0.74 0.93
0.56 0.96 0.59 0.51
0.62 0.53 0.52 0.56
0.66 0.67 0.62 0.23
0.66 0.33 0.54 0.89
0.11 0.53 0.81 0.56
0.54 0.58 0.53 0.62
0.37 0.53 0.59 0.63
0.59 0.60 0.63 0.57
0.72 0.79 0.75 0.16
0.67 0.93 0.57 0.16
0.57 0.64 0.71 0.52
0.51 0.53 0.98 0.24
0.50 0.67 0.65 0.57
0.54 0.63 0.61 0.56
0.55 0.71 0.51 0.28
0.12 0.52 0.94 0.63
0.73 0.27 0.57 0.80
0.98 0.85 0.84 0.01
0.54 0.53 0.51 0.58
0.52 0.72 0.53 0.57
0.11 0.85 0.57 0.93
0.07 0.75 0.87 0.84
0.78 0.61 0.02 0.80
0.58 0.54 0.93 0.53
0.09 0.61 0.90 0.96
0.12 0.91 0.09 0.80
0.52 0.76 0.15 0.62
0.57 0.30 0.69 0.92
0.54 0.29 0.83 0.80
0.19 0.56 0.65 0.96
0.05 0.82 0.57 1.00
0.53 0.44 0.61 0.64
0.16 0.69 0.73 0.80
0.39 0.92 0.54 0.55
0.78 0.88 0.01 0.81
0.01 0.41 0.63 0.92
0.08 0.03 1.00 0.97
0.67 0.78 0.63 0.21
0.57 0.76 0.66 0.05
0.02 0.94 0.51 0.75
0.63 0.39 0.49 0.79
0.54 0.93 0.57 0.54
0.04 0.56 0.54 0.51
0.67 0.60 0.04 0.66
0.64 0.27 0.82 0.54
0.07 0.55 0.86 0.61
0.11 0.32 0.73 0.99
0.51 0.89 0.53 0.55
0.64 0.15 0.53 0.90
0.35 0.52 0.66 0.78
0.59 0.83 0.02 0.61
0.60 0.23 0.74 0.63
0.32 0.73 0.52 0.79
0.61 0.08 0.96 0.54
0.52 0.32 0.58 0.54
0.17 0.64 0.51 0.98
0.61 0.09 0.59 0.71
0.69 0.68 0.52 0.53
0.20 0.23 0.49 0.93
0.52 0.78 0.87 0.48
0.69 0.02 0.54 0.79
1.00 0.78 0.97 0.02
0.53 0.52 0.84 0.36
0.58 0.04 0.61 0.83
0.53 0.59 0.29 0.58
0.87 0.82 0.17 0.53
0.44 0.09 0.26 0.81
0.89 0.60 0.09 0.58
0.57 0.22 0.90 0.57
0.56 0.52 0.42 0.63
0.81 0.53 0.14 0.58
0.71 0.51 0.30 0.57
0.21 0.84 0.53 0.52
0.62 0.52 0.70 0.52
0.66 0.65 0.52 0.51
0.66 0.93 0.82 0.04
0.71 0.59 0.74 0.04
0.57 0.77 0.57 0.14
0.68 0.52 0.05 0.87
0.56 0.64 0.12 0.82
0.70 0.06 0.33 0.64
0.54 0.52 0.11 0.60
0.64 0.73 0.02 0.57
0.64 0.53 0.06 0.53
0.05 0.57 0.12 0.93
0.60 0.07 0.55 0.70
0.87 0.73 0.62 0.08
0.89 0.53 0.90 0.02
0.55 0.59 0.52 0.53
0.56 0.97 0.74 0.08
0.67 0.58 0.63 0.24
0.64 0.75 0.82 0.13
0.63 0.26 0.58 0.64
0.63 0.62 0.71 0.18
0.36 0.52 0.82 0.68
0.14 0.87 0.19 0.74
0.13 0.42 0.58 0.85
0.19 0.77 0.30 0.52
0.58 0.61 0.82 0.33
0.93 0.66 0.67 0.03
0.02 0.53 0.81 0.78
0.88 0.69 0.01 0.52
1.00 0.66 0.03 0.64
0.54 0.30 0.64 0.64
0.52 0.04 0.51 0.87
0.74 1.00 0.71 0.01
0.29 0.59 0.12 0.85
0.53 0.52 0.70 0.53
0.55 0.94 0.76 0.23
0.01 0.96 0.84 0.80
0.72 0.59 0.03 0.88
0.14 0.63 0.97 0.02
0.60 0.56 1.00 0.19
0.30 0.51 0.88 0.60
0.05 0.59 0.93 0.08
0.51 0.74 0.81 0.28
0.77 0.62 0.65 0.02
0.02 0.83 0.58 0.60
0.94 0.42 0.84 0.06
0.04 0.73 0.87 0.03
0.63 0.21 0.80 0.64
0.64 0.67 0.59 0.05
0.55 0.63 0.22 0.58
0.53 0.23 0.78 0.67
0.53 0.58 0.95 0.29
0.52 0.92 0.78 0.33
0.08 0.80 0.74 0.23
0.61 0.53 0.79 0.09
0.62 0.87 0.31 0.31
0.61 0.72 0.41 0.53
0.15 0.79 0.59 0.43
0.07 0.73 0.74 0.32
0.21 0.54 0.86 0.55
0.22 0.53 0.79 0.77
0.85 0.01 0.53 0.63
0.74 0.57 0.59 0.02
0.16 0.11 0.56 0.81
0.58 0.12 0.52 0.54
0.51 0.58 0.51 0.57
0.65 0.55 0.65 0.20
0.07 0.92 0.64 0.39
0.52 0.55 0.53 0.62
0.59 0.74 0.62 0.07
0.52 0.71 0.08 0.98
0.13 0.87 0.22 0.81
0.51 0.66 0.80 0.24
0.51 0.75 0.68 0.38
0.53 0.10 0.61 0.77
0.70 0.04 0.58 0.58
0.52 0.90 0.83 0.19
0.70 0.70 0.47 0.36
0.63 0.63 0.08 0.67
0.53 0.72 0.83 0.17
0.79 0.34 0.05 0.71
0.48 0.70 0.54 0.17
0.92 0.95 0.04 0.24
0.66 0.41 0.03 1.00
0.93 0.51 0.89 0.07
0.52 0.96 0.82 0.11
0.58 0.94 0.04 0.71
0.09 0.74 0.53 0.79
0.08 0.56 0.50 0.55
0.63 0.55 0.76 0.29
0.58 0.87 0.53 0.10
0.71 0.74 0.58 0.10
0.58 1.00 0.53 0.09
0.55 0.84 0.09 0.77
0.77 0.67 0.04 0.13
0.70 0.63 0.62 0.26
0.22 0.18 0.53 0.53
0.62 0.60 0.75 0.45
0.28 0.53 0.51 0.64
0.10 0.43 0.61 0.96
0.53 0.62 0.08 0.89
0.80 0.52 0.02 0.59
0.60 0.94 0.56 0.02
0.58 0.68 0.03 0.97
0.82 0.04 0.17 0.84
0.52 0.53 0.95 0.51
0.70 0.51 0.19 0.55
0.60 0.57 0.35 0.51
0.30 0.53 0.41 0.64
0.12 0.47 0.74 0.56
0.74 0.63 0.02 0.83
0.96 0.65 0.02 0.57
0.59 0.68 0.74 0.47
0.75 0.75 0.14 0.52
0.86 0.41 0.22 0.68
0.78 0.60 0.59 0.01
0.66 0.50 0.72 0.28
0.84 0.28 0.13 0.90
0.64 0.55 0.72 0.01
0.53 0.33 0.51 0.70
0.01 0.53 0.92 0.81
0.63 0.59 0.10 0.58
0.28 0.51 0.20 0.62
0.94 0.59 0.17 0.13
0.71 0.71 0.71 0.04
0.01 0.80 0.67 0.66
0.57 0.07 0.68 0.86
0.55 0.78 0.71 0.15
0.87 0.51 0.08 0.64
0.01 0.55 1.00 0.72
0.33 0.57 0.90 0.05
0.53 0.11 0.74 0.65
0.13 0.56 0.76 0.29
0.03 0.56 0.95 0.69
0.51 0.33 0.64 0.19
0.84 0.51 0.74 0.02
0.83 0.48 0.55 0.01
0.60 0.15 0.17 0.78
0.77 0.71 0.01 0.88
0.53 0.62 0.57 0.48
0.14 0.52 0.55 0.91
0.71 0.56 0.56 0.28
0.47 0.56 0.57 0.01
1.00 0.59 0.04 0.58
0.71 0.73 0.56 0.02
0.29 0.56 0.77 0.23
0.51 0.16 0.62 0.65
0.03 0.55 0.96 0.61
0.32 0.08 0.78 0.63
0.56 0.70 0.51 0.26
0.53 0.53 0.61 0.32
0.65 0.99 0.49 0.28
0.82 0.56 0.05 0.22
0.59 0.55 0.42 0.57
0.34 0.85 0.68 0.12
0.52 0.12 0.77 0.58
0.97 0.16 0.05 0.80
0.65 0.63 0.04 0.78
0.68 0.63 0.21 0.29
0.68 0.53 0.05 0.14
0.14 0.39 0.87 0.64
0.74 0.58 0.18 0.01
0.10 0.60 0.81 0.21
0.59 0.52 0.83 0.15
0.02 0.75 0.44 0.62
0.45 0.55 0.67 0.04
0.59 0.03 0.72 0.53
0.52 0.85 0.07 0.63
0.19 0.88 0.49 0.08
0.58 0.69 0.26 0.57
0.56 0.64 0.51 0.33
0.63 0.59 0.05 0.67
0.57 0.13 0.82 0.53
0.61 0.63 0.51 0.03
0.65 0.03 0.59 0.96
0.24 0.96 0.17 0.55
0.71 0.92 0.07 0.10
0.01 0.78 0.63 0.76
0.66 0.37 0.35 0.65
0.77 0.54 0.78 0.08
0.54 0.52 0.47 0.22
0.55 0.18 0.87 0.12
0.65 0.53 0.67 0.10
0.98 0.01 0.52 0.63
0.16 0.60 0.39 0.52
0.84 0.36 0.95 0.03
0.01 0.74 0.59 0.52
0.66 0.05 0.53 0.62
0.22 0.59 0.92 0.21
0.62 0.69 0.22 0.17
0.53 0.76 0.09 0.58
0.04 0.54 0.80 0.79
0.54 0.79 0.06 0.87
0.02 0.82 0.24 0.97
0.01 0.02 0.81 0.88
0.43 0.86 0.90 0.01
0.62 0.55 0.32 0.52
0.54 0.88 0.02 0.69
0.57 0.23 0.41 0.79
0.64 0.21 0.07 0.64
0.56 0.17 0.01 0.53
0.54 0.07 0.71 0.59
0.72 0.52 0.59 0.12
0.71 0.28 0.62 0.02
0.59 0.08 0.68 0.65
0.47 0.09 0.76 0.62
0.53 0.09 0.55 0.75
0.59 0.02 0.95 0.70
0.15 0.67 0.40 0.84
0.66 0.92 0.03 0.43
0.57 0.12 0.08 0.93
0.56 0.57 0.43 0.44
0.58 0.01 0.66 0.99
0.07 0.82 0.52 0.54
0.11 0.55 0.76 0.63
0.28 0.55 0.68 0.38
0.52 0.82 0.08 0.95
0.66 0.46 0.18 0.43
0.66 0.54 0.91 0.05
0.06 0.54 0.67 0.53
0.64 0.13 0.52 0.44
0.96 0.03 0.38 0.78
0.07 0.52 0.53 0.79
0.71 0.01 0.79 0.71
0.01 0.91 0.57 0.69
0.11 0.55 0.57 0.54
0.55 0.03 0.88 0.52
0.57 0.98 0.35 0.07
0.57 0.52 0.53 0.15
0.36 0.79 0.57 0.05
0.73 0.02 0.53 0.74
0.03 0.69 0.04 0.82
0.67 0.20 0.60 0.07
0.91 0.34 0.16 0.51
0.28 0.67 0.03 0.86
0.12 0.61 0.20 0.57
0.39 0.52 0.75 0.51
0.70 0.02 0.58 0.75
0.65 0.75 0.16 0.01
0.88 0.03 0.18 0.57
0.08 0.31 0.54 0.87
0.74 0.89 0.14 0.11
0.10 0.55 0.57 0.53
0.22 0.73 0.08 0.57
0.52 0.10 0.74 0.78
0.52 0.51 0.76 0.01
0.58 0.45 0.75 0.14
0.33 0.93 0.07 0.60
0.49 0.79 0.14 0.05
0.32 0.83 0.55 0.19
0.07 0.29 0.37 0.74
0.62 0.54 0.06 0.52
0.51 0.61 0.08 0.81
0.58 0.09 0.60 0.70
0.62 0.72 0.09 0.51
0.03 0.61 0.57 0.89
0.58 0.02 0.48 0.40
0.62 0.52 0.70 0.09
0.50 0.55 0.62 0.37
0.01 0.96 0.70 0.51
0.04 0.54 0.98 0.54
0.02 0.89 0.16 0.19
0.57 0.82 0.09 0.52
0.01 0.47 0.60 0.75
0.03 0.83 0.79 0.04
0.68 0.81 0.02 0.52
0.52 0.10 0.86 0.52
0.56 0.01 0.93 0.76
0.03 0.74 0.56 0.80
0.64 0.09 0.72 0.15
0.05 0.57 0.24 0.66
0.57 0.92 0.12 0.51
0.53 0.01 0.94 0.61
0.09 0.51 0.89 0.66
0.61 0.76 0.08 0.23
0.02 0.70 0.63 0.58
0.10 0.64 0.03 0.70
0.10 0.53 0.77 0.71
0.51 0.04 0.54 0.94
0.22 0.55 0.74 0.36
0.54 0.30 0.75 0.52
0.35 0.67 0.61 0.18
0.16 0.51 0.67 0.71
0.03 0.63 0.26 0.81
0.59 0.57 0.33 0.22
