400 4
37 44 14 66
81 98 67 63
98 65 26 27
98 4 57 78
59 81 66 59
100 82 67 3
84 9 76 100
54 81 68 51
92 67 96 51
74 4 25 9
62 24 91 94
82 83 22 63
6 79 63 62
66 87 54 46
67 9 63 51
37 84 53 59
54 70 67 40
54 73 65 51
63 81 3 68
53 96 86 51
52 66 88 30
75 79 9 57
55 92 59 52
55 62 99 55
29 61 81 55
56 67 66 65
61 22 70 94
58 60 91 61
46 60 100 57
59 37 86 64
84 59 14 59
61 69 65 62
25 52 56 93
49 69 54 57
64 97 31 61
76 1 56 51
9 85 98 49
2 80 60 72
59 68 77 60
63 74 57 56
54 21 92 69
23 2 74 93
56 96 59 51
62 53 52 56
66 67 62 23
66 33 54 89
11 53 81 56
54 58 53 62
37 53 59 63
59 60 63 57
72 79 75 16
67 93 57 16
57 64 71 52
51 53 98 24
50 67 65 57
54 63 61 56
55 71 51 28
12 52 94 63
73 27 57 80
98 85 84 1
54 53 51 58
52 72 53 57
11 85 57 93
7 75 87 84
78 61 2 80
58 54 93 53
9 61 90 96
12 91 9 80
52 76 15 62
57 30 69 92
54 29 83 80
19 56 65 96
5 82 57 100
53 44 61 64
16 69 73 80
39 92 54 55
78 88 1 81
1 41 63 92
8 3 100 97
67 78 63 21
57 76 66 5
2 94 51 75
63 39 49 79
54 93 57 54
4 56 54 51
67 60 4 66
64 27 82 54
7 55 86 61
11 32 73 99
51 89 53 55
64 15 53 90
35 52 66 78
59 83 2 61
60 23 74 63
32 73 52 79
61 8 96 54
52 32 58 54
17 64 51 98
61 9 59 71
69 68 52 53
20 23 49 93
52 78 87 48
69 2 54 79
100 78 97 2
53 52 84 36
58 4 61 83
53 59 29 58
87 82 17 53
44 9 26 81
89 60 9 58
57 22 90 57
56 52 42 63
81 53 14 58
71 51 30 57
21 84 53 52
62 52 70 52
66 65 52 51
66 93 82 4
71 59 74 4
57 77 57 14
68 52 5 87
56 64 12 82
70 6 33 64
54 52 11 60
64 73 2 57
64 53 6 53
5 57 12 93
60 7 55 70
87 73 62 8
89 53 90 2
55 59 52 53
56 97 74 8
67 58 63 24
64 75 82 13
63 26 58 64
63 62 71 18
36 52 82 68
14 87 19 74
13 42 58 85
19 77 30 52
58 61 82 33
93 66 67 3
2 53 81 78
88 69 1 52
100 66 3 64
54 30 64 64
52 4 51 87
74 100 71 1
29 59 12 85
53 52 70 53
55 94 76 23
1 96 84 80
72 59 3 88
14 63 97 2
60 56 100 19
30 51 88 60
5 59 93 8
51 74 81 28
77 62 65 2
2 83 58 60
94 42 84 6
4 73 87 3
63 21 80 64
64 67 59 5
55 63 22 58
53 23 78 67
53 58 95 29
52 92 78 33
8 80 74 23
61 53 79 9
62 87 31 31
61 72 41 53
15 79 59 43
7 73 74 32
21 54 86 55
22 53 79 77
85 1 53 63
74 57 59 2
16 11 56 81
58 12 52 54
51 58 51 57
65 55 65 20
7 92 64 39
52 55 53 62
59 74 62 7
52 71 8 98
13 87 22 81
51 66 80 24
51 75 68 38
53 10 61 77
70 4 58 58
52 90 83 19
70 70 47 36
63 63 8 67
53 72 83 17
79 34 5 71
48 70 54 17
92 95 4 24
66 41 3 100
93 51 89 7
52 96 82 11
58 94 4 71
9 74 53 79
8 56 50 55
63 55 76 29
58 87 53 10
71 74 58 10
58 100 53 9
55 84 9 77
77 67 4 13
70 63 62 26
22 18 53 53
62 60 75 45
28 53 51 64
10 43 61 96
53 62 8 89
80 52 2 59
60 94 56 2
58 68 3 97
82 4 17 84
52 53 95 51
70 51 19 55
60 57 35 51
30 53 41 64
12 47 74 56
74 63 2 83
96 65 2 57
59 68 74 47
75 75 14 52
86 41 22 68
78 60 59 1
66 50 72 28
84 28 13 90
64 55 72 1
53 33 51 70
1 53 92 81
63 59 10 58
28 51 20 62
94 59 17 13
71 71 71 4
1 80 67 66
57 7 68 86
55 78 71 15
87 51 8 64
1 55 100 72
33 57 90 5
53 11 74 65
13 56 76 29
3 56 95 69
51 33 64 19
84 51 74 2
83 48 55 1
60 15 17 78
77 71 1 88
53 62 57 48
14 52 55 91
71 56 56 28
47 56 57 1
100 59 4 58
71 73 56 2
29 56 77 23
51 16 62 65
3 55 96 61
32 8 78 63
56 70 51 26
53 53 61 32
65 99 49 28
82 56 5 22
59 55 42 57
34 85 68 12
52 12 77 58
97 16 5 80
65 63 4 78
68 63 21 29
68 53 5 14
14 39 87 64
74 58 18 1
10 60 81 21
59 52 83 15
2 75 44 62
45 55 67 4
59 3 72 53
52 85 7 63
19 88 49 8
58 69 26 57
56 64 51 33
63 59 5 67
57 13 82 53
61 63 51 3
65 3 59 96
24 96 17 55
71 92 7 10
1 78 63 76
66 37 35 65
77 54 78 8
54 52 47 22
55 18 87 12
65 53 67 10
98 1 52 63
16 60 39 52
84 36 95 3
1 74 59 52
66 5 53 62
22 59 92 21
62 69 22 17
53 76 9 58
4 54 80 79
54 79 6 87
2 82 24 97
1 2 81 88
43 86 90 1
62 55 32 52
54 88 2 69
57 23 41 79
64 21 7 64
56 17 1 53
54 7 71 59
72 52 59 12
71 28 62 2
59 8 68 65
47 9 76 62
53 9 55 75
59 2 95 70
15 67 40 84
66 92 3 43
57 12 8 93
56 57 43 44
58 1 66 99
7 82 52 54
11 55 76 63
28 55 68 38
52 82 8 95
66 46 18 43
66 54 91 5
6 54 67 53
64 13 52 44
96 3 38 78
7 52 53 79
71 1 79 71
1 91 57 69
11 55 57 54
55 3 88 52
57 98 35 7
57 52 53 15
36 79 57 5
73 2 53 74
3 69 4 82
67 20 60 7
91 34 16 51
28 67 3 86
12 61 20 57
39 52 75 51
70 2 58 75
65 75 16 1
88 3 18 57
8 31 54 87
74 89 14 11
10 55 57 53
22 73 8 57
52 10 74 78
52 51 76 1
58 45 75 14
33 93 7 60
49 79 14 5
32 83 55 19
7 29 37 74
62 54 6 52
51 61 8 81
58 9 60 70
62 72 9 51
3 61 57 89
58 2 48 40
62 52 70 9
50 55 62 37
1 96 70 51
4 54 98 54
2 89 16 19
57 82 9 52
1 47 60 75
3 83 79 4
68 81 2 52
52 10 86 52
56 1 93 76
3 74 56 80
64 9 72 15
5 57 24 66
57 92 12 51
53 1 94 61
9 51 89 66
61 76 8 23
2 70 63 58
10 64 3 70
10 53 77 71
51 4 54 94
22 55 74 36
54 30 75 52
35 67 61 18
16 51 67 71
3 63 26 81
59 57 33 22
