0.83 0.56 0.98 0.19
0.55 0.62 0.61 0.85
0.91 0.59 0.76 0.16
0.74 0.61 0.86 0.97
0.99 0.80 0.66 0.19
0.77 0.93 0.65 0.63
0.77 0.80 0.68 0.54
0.80 0.69 0.64 0.52
0.88 0.93 0.77 0.16
0.72 0.66 0.99 0.70
0.81 0.69 0.31 0.34
0.77 0.51 0.92 0.54
0.51 0.65 0.86 0.66
0.91 0.67 0.08 0.56
0.80 0.54 0.67 0.78
0.54 0.78 0.75 0.58
0.89 0.66 0.59 0.77
0.42 0.76 0.72 0.77
0.59 1.00 0.71 0.77
0.57 0.54 0.57 0.66
0.79 0.22 0.44 0.89
0.79 0.53 0.64 0.68
0.57 0.13 0.53 0.52
0.17 0.95 0.63 0.69
0.51 1.00 0.80 0.64
0.68 0.07 0.51 0.15
0.51 0.87 0.62 0.82
0.81 0.59 0.01 0.55
0.52 0.50 0.83 0.64
0.52 0.60 0.59 0.91
0.60 0.92 0.66 0.51
0.67 0.90 0.29 0.70
0.29 0.96 0.98 0.67
0.62 0.55 0.89 0.42
0.36 0.67 0.62 0.85
0.62 0.52 0.63 0.42
0.56 0.57 0.89 0.63
0.99 0.53 0.14 0.81
0.11 0.91 1.00 0.88
0.87 0.56 0.40 0.89
0.52 0.57 0.59 0.96
0.56 0.22 0.91 0.98
0.43 0.67 0.93 0.69
0.62 0.59 0.58 0.37
0.10 0.94 0.69 0.74
0.54 0.85 0.80 0.55
0.56 0.55 0.43 0.92
0.53 0.65 0.57 0.86
0.11 0.77 0.67 0.95
0.51 0.38 0.80 0.98
0.20 0.88 0.70 0.94
0.71 0.94 0.07 0.66
0.72 0.76 0.52 0.09
0.10 0.77 0.30 0.79
0.51 0.61 0.60 0.74
0.50 0.54 0.46 0.65
0.73 0.55 0.99 0.10
0.55 0.29 0.97 0.99
0.77 0.88 0.25 0.76
0.59 0.98 0.72 0.32
0.06 0.57 0.75 0.53
0.63 0.54 0.51 0.59
0.52 0.56 0.90 0.63
0.33 0.71 0.85 0.22
0.65 0.68 0.18 0.60
0.97 0.26 0.08 0.55
0.37 0.72 0.60 0.67
0.81 0.71 0.79 0.14
0.85 0.15 0.68 0.06
0.56 0.59 0.74 0.58
0.61 0.67 0.91 0.32
0.65 0.70 0.94 0.20
0.53 0.86 0.20 0.57
0.65 0.75 0.38 0.01
0.57 0.04 0.78 0.71
0.64 0.91 1.00 0.19
0.21 0.86 0.52 0.56
0.24 0.71 0.55 0.68
0.84 0.15 0.98 0.08
0.62 0.56 0.92 0.28
0.87 0.57 0.31 0.61
0.27 0.51 0.53 0.77
0.51 0.26 0.44 0.62
0.51 0.13 0.53 0.57
0.76 0.52 0.05 0.94
0.83 0.32 0.42 0.67
0.96 0.72 0.73 0.03
0.66 0.36 0.85 0.09
0.55 0.56 0.83 0.39
0.47 0.35 0.27 0.78
0.96 0.47 0.11 0.60
0.17 0.63 0.71 0.75
0.51 0.77 0.71 0.21
0.51 0.09 0.91 0.79
0.03 0.75 1.00 0.74
0.03 0.66 0.69 0.70
0.55 0.71 0.51 0.55
0.33 0.56 0.51 0.93
0.64 0.64 0.35 0.71
0.43 0.59 0.60 0.70
0.59 0.85 0.55 0.51
0.28 0.15 0.49 0.58
0.66 0.35 0.93 0.51
0.51 0.60 0.51 0.53
0.94 0.57 0.16 0.87
0.54 0.73 0.54 0.18
0.11 0.81 0.67 0.54
0.51 0.89 0.17 0.93
0.51 0.11 0.88 0.92
0.84 0.56 0.20 0.51
0.67 0.82 0.27 0.55
0.15 0.56 0.95 0.73
0.52 0.09 0.86 0.83
0.78 0.86 0.25 0.51
0.59 0.90 0.13 0.75
0.54 0.54 0.67 0.54
0.15 0.89 0.79 0.05
0.57 0.59 0.05 0.53
0.65 0.52 0.39 0.56
0.67 0.03 0.81 0.71
0.81 0.79 0.05 0.28
0.81 0.51 0.12 0.51
0.03 0.61 0.84 0.95
0.04 0.55 0.68 0.54
0.68 0.53 0.22 0.70
0.81 0.68 0.73 0.06
0.12 0.74 0.57 0.52
0.07 0.69 0.65 0.84
0.60 0.12 0.51 0.93
0.54 0.43 0.83 0.51
0.65 0.71 0.04 0.59
0.77 0.74 0.68 0.09
0.66 0.64 0.64 0.11
0.76 0.37 0.13 0.81
0.65 0.51 0.52 0.54
0.02 0.75 0.72 0.68
0.93 0.01 0.28 0.74
0.56 0.58 0.34 0.73
0.23 0.68 0.54 0.56
0.51 0.81 0.61 0.42
0.22 0.54 0.60 0.91
0.53 0.34 1.00 0.55
0.24 0.33 0.78 0.73
0.75 0.03 0.81 0.60
0.72 0.12 0.66 0.09
0.97 0.70 0.93 0.04
0.33 0.74 1.00 0.09
0.26 0.13 0.95 1.00
1.00 0.58 0.62 0.03
0.85 0.57 0.01 0.75
0.67 0.52 0.44 0.54
0.68 0.05 0.94 0.61
0.04 0.61 0.24 0.21
0.82 0.65 0.19 0.21
0.77 0.52 0.21 0.70
0.56 0.60 0.78 0.52
0.09 0.53 0.89 0.58
0.88 0.04 0.13 0.73
0.57 0.28 0.95 0.51
0.13 0.60 0.67 0.64
0.53 0.88 0.12 0.77
0.11 0.49 0.97 0.61
0.53 0.74 0.23 0.65
0.56 0.84 0.79 0.17
0.52 0.58 0.73 0.50
0.01 0.97 0.67 1.00
0.60 0.56 0.80 0.45
0.74 0.34 0.18 0.05
0.61 0.76 0.89 0.02
0.59 0.92 0.04 0.75
0.75 0.01 0.53 0.74
0.55 0.55 0.13 0.94
0.59 0.51 0.22 0.89
0.53 0.51 0.22 0.64
0.88 0.74 0.65 0.03
0.88 0.01 0.54 0.69
0.55 0.19 0.78 0.52
0.52 0.73 0.10 0.83
0.58 0.71 0.59 0.02
0.71 0.54 0.05 0.91
0.72 0.45 0.21 0.64
0.57 0.60 0.91 0.36
0.59 0.05 0.66 0.60
0.94 0.04 0.81 0.13
0.19 0.46 0.83 0.99
0.53 0.46 0.69 0.53
0.78 0.63 0.82 0.04
0.01 0.74 0.92 1.00
0.51 0.76 0.80 0.04
0.12 0.52 0.95 0.58
0.47 0.87 0.51 0.13
0.68 0.67 0.60 0.06
0.61 0.87 0.04 0.78
0.60 0.58 0.12 0.68
0.20 0.72 0.93 0.03
0.52 0.57 0.62 0.56
0.55 0.66 0.10 0.81
0.94 0.32 0.67 0.05
0.53 0.05 0.60 0.53
0.64 0.55 0.18 0.60
0.35 0.55 0.53 0.57
0.66 0.06 0.54 0.80
0.53 0.72 0.07 0.51
0.11 0.59 0.51 0.92
0.33 0.64 0.28 0.08
0.73 0.67 0.13 0.14
0.66 0.56 0.08 0.89
0.03 0.78 0.56 0.18
0.95 0.51 0.05 0.51
0.69 0.54 0.15 0.95
0.55 0.45 0.66 0.30
0.52 0.56 0.64 0.52
0.62 1.00 0.23 0.11
0.81 0.03 0.59 0.69
0.13 0.21 0.73 0.57
0.94 0.57 0.14 0.34
0.64 0.17 0.69 0.37
0.18 0.77 0.81 0.15
0.11 0.52 0.72 0.78
0.71 0.03 0.51 0.66
0.59 0.60 0.59 0.41
0.93 0.17 0.01 0.79
0.97 0.54 0.67 0.01
0.10 0.53 0.60 1.00
0.55 0.68 0.12 0.57
0.45 0.81 0.07 0.65
0.47 0.03 0.63 0.68
0.93 0.65 0.71 0.01
0.68 0.71 0.87 0.01
0.58 0.32 0.69 0.51
0.01 0.59 0.86 0.58
0.23 0.54 0.68 0.89
0.53 0.58 0.87 0.11
0.56 0.73 0.11 0.26
0.64 0.56 0.57 0.51
0.61 0.51 0.96 0.12
0.59 0.51 0.40 0.63
0.02 0.57 0.52 0.69
0.64 0.58 0.08 0.73
0.67 0.52 0.53 0.48
0.52 0.51 0.60 0.55
0.84 0.25 0.11 0.62
0.57 0.10 0.56 0.78
0.77 0.56 0.12 0.60
0.62 0.02 0.59 0.85
0.56 0.53 0.52 0.29
0.01 0.92 0.65 0.63
0.79 0.69 0.02 0.04
0.20 0.53 0.56 0.96
0.25 0.58 0.51 0.74
0.21 0.89 0.68 0.15
0.89 0.01 0.63 0.53
0.52 0.04 0.16 0.71
0.72 0.67 0.82 0.03
0.50 0.41 0.31 0.65
0.85 0.03 0.91 0.21
0.27 0.96 0.52 0.18
0.72 0.55 0.52 0.03
0.69 0.01 0.97 0.51
0.11 0.12 0.67 0.71
0.21 0.55 0.63 0.62
0.06 0.53 0.85 0.55
0.61 0.96 0.02 0.76
0.54 0.70 0.12 0.61
0.02 0.93 0.64 0.67
0.26 0.71 0.71 0.05
0.51 0.58 0.68 0.53
0.18 0.58 0.52 0.65
0.73 0.02 0.57 0.76
0.62 0.01 0.76 0.62
0.58 0.55 0.51 0.53
0.77 0.01 0.13 0.76
0.53 0.68 0.13 0.88
0.52 0.75 0.73 0.04
0.53 0.03 0.89 0.59
0.29 0.60 0.42 0.78
0.70 0.58 0.66 0.06
0.86 0.57 0.11 0.38
0.27 0.62 0.21 0.30
0.68 0.17 0.15 0.86
0.92 0.04 0.66 0.31
0.18 0.24 0.16 0.51
0.51 0.53 0.57 0.22
0.03 0.53 0.80 0.63
0.55 0.03 0.57 0.70
0.63 0.69 0.91 0.04
0.01 0.55 0.55 0.79
0.52 0.12 0.66 0.63
0.26 0.94 0.07 0.93
0.54 0.52 0.59 0.03
0.70 0.69 0.01 0.60
0.53 0.75 0.06 0.54
0.92 0.70 0.96 0.01
0.51 0.62 0.05 0.52
0.73 0.52 0.06 0.72
0.01 0.91 0.60 0.75
0.71 0.96 0.07 0.08
0.66 0.57 0.55 0.27
0.08 0.48 0.66 0.80
0.70 0.47 0.06 0.67
0.71 0.15 0.79 0.07
0.06 0.54 0.52 0.79
0.50 0.01 0.81 0.96
0.58 0.84 0.58 0.01
0.51 0.52 0.36 0.36
0.56 0.02 0.66 0.74
0.55 0.61 0.07 1.00
0.76 0.33 0.99 0.01
0.91 0.17 0.32 0.56
0.03 0.53 0.74 0.84
0.17 0.60 0.98 0.52
0.15 0.52 0.72 0.70
0.84 0.27 0.11 0.54
0.88 0.57 0.05 0.63
0.94 0.74 0.69 0.01
0.72 0.49 0.01 0.67
0.52 0.98 0.55 0.04
0.24 0.14 0.73 0.68
0.06 0.59 0.92 0.24
0.55 0.71 0.78 0.01
0.08 0.90 0.91 0.17
0.01 0.85 0.68 0.63
0.36 0.01 0.58 0.81
0.12 0.35 0.82 0.13
0.56 0.60 0.01 0.97
0.58 0.84 0.04 0.60
0.52 0.13 0.64 0.53
0.25 0.52 0.72 0.43
0.58 0.55 0.58 0.19
0.23 0.14 0.79 0.60
0.71 0.50 0.02 0.51
0.56 0.58 0.15 0.60
0.15 0.55 0.38 0.86
0.56 0.01 0.85 0.79
0.66 0.58 0.02 0.64
0.61 0.53 0.87 0.01
0.67 0.62 0.16 0.26
0.52 0.61 1.00 0.04
0.56 0.02 0.51 0.62
0.64 0.53 0.80 0.02
0.55 0.51 0.54 0.43
0.91 0.09 0.13 0.55
0.51 0.53 0.51 0.12
0.71 0.04 0.79 0.61
0.77 0.01 0.67 0.53
0.07 0.56 0.54 0.68
0.84 0.41 0.64 0.04
0.08 0.59 0.65 0.59
0.33 0.02 0.71 0.98
0.56 0.03 0.78 0.51
0.01 0.80 0.79 0.59
0.03 0.68 0.52 0.51
0.02 0.95 0.61 0.62
0.23 0.90 0.13 0.90
0.93 0.53 0.72 0.02
0.67 0.01 0.98 0.58
0.04 0.58 0.78 0.51
0.10 0.18 0.97 0.93
0.02 0.53 0.84 0.80
0.05 0.10 0.60 0.60
0.56 0.92 0.09 0.09
0.54 0.11 0.56 0.68
0.28 0.04 0.52 0.72
0.63 0.46 0.54 0.44
0.55 0.06 0.75 0.04
0.02 0.87 0.06 0.62
0.57 0.58 0.14 0.69
0.69 0.06 0.58 0.61
0.40 0.59 1.00 0.03
0.78 0.76 0.12 0.01
0.45 0.72 0.16 0.12
0.86 0.11 0.12 0.86
0.80 0.06 0.52 0.54
0.56 0.65 0.09 0.44
0.51 0.82 0.01 0.63
0.01 0.67 0.80 0.69
0.51 0.09 0.76 0.55
0.01 0.91 0.96 0.56
0.22 0.60 0.13 0.50
0.52 0.09 0.66 0.53
0.02 0.44 0.61 0.56
0.58 0.52 0.11 0.89
0.53 0.04 0.86 0.63
0.86 0.05 0.48 0.51
0.32 0.85 0.09 0.95
0.10 0.66 0.97 0.13
0.04 0.20 0.84 0.90
0.69 0.54 0.12 0.80
0.02 0.62 0.58 0.57
0.14 0.92 0.02 0.88
0.57 0.52 0.11 0.70
0.88 0.03 0.51 0.58
0.04 0.99 0.64 0.06
0.76 0.68 0.78 0.01
0.01 0.60 0.84 0.53
0.06 0.53 0.57 0.52
0.61 0.62 0.52 0.06
0.55 0.03 0.70 0.54
0.10 0.19 0.53 0.92
0.60 0.02 0.94 0.52
