400 4
83 56 98 19
55 62 61 85
91 59 76 16
74 61 86 97
99 80 66 19
77 93 65 63
77 80 68 54
80 69 64 52
88 93 77 16
72 66 99 70
81 69 31 34
77 51 92 54
51 65 86 66
91 67 8 56
80 54 67 78
54 78 75 58
89 66 59 77
42 76 72 77
59 100 71 77
57 54 57 66
79 22 44 89
79 53 64 68
57 13 53 52
17 95 63 69
51 100 80 64
68 7 51 15
51 87 62 82
81 59 1 55
52 50 83 64
52 60 59 91
60 92 66 51
67 90 29 70
29 96 98 67
62 55 89 42
36 67 62 85
62 52 63 42
56 57 89 63
99 53 14 81
11 91 100 88
87 56 40 89
52 57 59 96
56 22 91 98
43 67 93 69
62 59 58 37
10 94 69 74
54 85 80 55
56 55 43 92
53 65 57 86
11 77 67 95
51 38 80 98
20 88 70 94
71 94 7 66
72 76 52 9
10 77 30 79
51 61 60 74
50 54 46 65
73 55 99 10
55 29 97 99
77 88 25 76
59 98 72 32
6 57 75 53
63 54 51 59
52 56 90 63
33 71 85 22
65 68 18 60
97 26 8 55
37 72 60 67
81 71 79 14
85 15 68 6
56 59 74 58
61 67 91 32
65 70 94 20
53 86 20 57
65 75 38 1
57 4 78 71
64 91 100 19
21 86 52 56
24 71 55 68
84 15 98 8
62 56 92 28
87 57 31 61
27 51 53 77
51 26 44 62
51 13 53 57
76 52 5 94
83 32 42 67
96 72 73 3
66 36 85 9
55 56 83 39
47 35 27 78
96 47 11 60
17 63 71 75
51 77 71 21
51 9 91 79
3 75 100 74
3 66 69 70
55 71 51 55
33 56 51 93
64 64 35 71
43 59 60 70
59 85 55 51
28 15 49 58
66 35 93 51
51 60 51 53
94 57 16 87
54 73 54 18
11 81 67 54
51 89 17 93
51 11 88 92
84 56 20 51
67 82 27 55
15 56 95 73
52 9 86 83
78 86 25 51
59 90 13 75
54 54 67 54
15 89 79 5
57 59 5 53
65 52 39 56
67 3 81 71
81 79 5 28
81 51 12 51
3 61 84 95
4 55 68 54
68 53 22 70
81 68 73 6
12 74 57 52
7 69 65 84
60 12 51 93
54 43 83 51
65 71 4 59
77 74 68 9
66 64 64 11
76 37 13 81
65 51 52 54
2 75 72 68
93 1 28 74
56 58 34 73
23 68 54 56
51 81 61 42
22 54 60 91
53 34 100 55
24 33 78 73
75 3 81 60
72 12 66 9
97 70 93 4
33 74 100 9
26 13 95 100
100 58 62 3
85 57 1 75
67 52 44 54
68 5 94 61
4 61 24 21
82 65 19 21
77 52 21 70
56 60 78 52
9 53 89 58
88 4 13 73
57 28 95 51
13 60 67 64
53 88 12 77
11 49 97 61
53 74 23 65
56 84 79 17
52 58 73 50
1 97 67 100
60 56 80 45
74 34 18 5
61 76 89 2
59 92 4 75
75 1 53 74
55 55 13 94
59 51 22 89
53 51 22 64
88 74 65 3
88 1 54 69
55 19 78 52
52 73 10 83
58 71 59 2
71 54 5 91
72 45 21 64
57 60 91 36
59 5 66 60
94 4 81 13
19 46 83 99
53 46 69 53
78 63 82 4
1 74 92 100
51 76 80 4
12 52 95 58
47 87 51 13
68 67 60 6
61 87 4 78
60 58 12 68
20 72 93 3
52 57 62 56
55 66 10 81
94 32 67 5
53 5 60 53
64 55 18 60
35 55 53 57
66 6 54 80
53 72 7 51
11 59 51 92
33 64 28 8
73 67 13 14
66 56 8 89
3 78 56 18
95 51 5 51
69 54 15 95
55 45 66 30
52 56 64 52
62 100 23 11
81 3 59 69
13 21 73 57
94 57 14 34
64 17 69 37
18 77 81 15
11 52 72 78
71 3 51 66
59 60 59 41
93 17 1 79
97 54 67 1
10 53 60 100
55 68 12 57
45 81 7 65
47 3 63 68
93 65 71 1
68 71 87 1
58 32 69 51
1 59 86 58
23 54 68 89
53 58 87 11
56 73 11 26
64 56 57 51
61 51 96 12
59 51 40 63
2 57 52 69
64 58 8 73
67 52 53 48
52 51 60 55
84 25 11 62
57 10 56 78
77 56 12 60
62 2 59 85
56 53 52 29
1 92 65 63
79 69 2 4
20 53 56 96
25 58 51 74
21 89 68 15
89 1 63 53
52 4 16 71
72 67 82 3
50 41 31 65
85 3 91 21
27 96 52 18
72 55 52 3
69 1 97 51
11 12 67 71
21 55 63 62
6 53 85 55
61 96 2 76
54 70 12 61
2 93 64 67
26 71 71 5
51 58 68 53
18 58 52 65
73 2 57 76
62 1 76 62
58 55 51 53
77 1 13 76
53 68 13 88
52 75 73 4
53 3 89 59
29 60 42 78
70 58 66 6
86 57 11 38
27 62 21 30
68 17 15 86
92 4 66 31
18 24 16 51
51 53 57 22
3 53 80 63
55 3 57 70
63 69 91 4
1 55 55 79
52 12 66 63
26 94 7 93
54 52 59 3
70 69 1 60
53 75 6 54
92 70 96 1
51 62 5 52
73 52 6 72
1 91 60 75
71 96 7 8
66 57 55 27
8 48 66 80
70 47 6 67
71 15 79 7
6 54 52 79
50 1 81 96
58 84 58 1
51 52 36 36
56 2 66 74
55 61 7 100
76 33 99 1
91 17 32 56
3 53 74 84
17 60 98 52
15 52 72 70
84 27 11 54
88 57 5 63
94 74 69 1
72 49 1 67
52 98 55 4
24 14 73 68
6 59 92 24
55 71 78 1
8 90 91 17
1 85 68 63
36 1 58 81
12 35 82 13
56 60 1 97
58 84 4 60
52 13 64 53
25 52 72 43
58 55 58 19
23 14 79 60
71 50 2 51
56 58 15 60
15 55 38 86
56 1 85 79
66 58 2 64
61 53 87 1
67 62 16 26
52 61 100 4
56 2 51 62
64 53 80 2
55 51 54 43
91 9 13 55
51 53 51 12
71 4 79 61
77 1 67 53
7 56 54 68
84 41 64 4
8 59 65 59
33 2 71 98
56 3 78 51
1 80 79 59
3 68 52 51
2 95 61 62
23 90 13 90
93 53 72 2
67 1 98 58
4 58 78 51
10 18 97 93
2 53 84 80
5 10 60 60
56 92 9 9
54 11 56 68
28 4 52 72
63 46 54 44
55 6 75 4
2 87 6 62
57 58 14 69
69 6 58 61
40 59 100 3
78 76 12 1
45 72 16 12
86 11 12 86
80 6 52 54
56 65 9 44
51 82 1 63
1 67 80 69
51 9 76 55
1 91 96 56
22 60 13 50
52 9 66 53
2 44 61 56
58 52 11 89
53 4 86 63
86 5 48 51
32 85 9 95
10 66 97 13
4 20 84 90
69 54 12 80
2 62 58 57
14 92 2 88
57 52 11 70
88 3 51 58
4 99 64 6
76 68 78 1
1 60 84 53
6 53 57 52
61 62 52 6
55 3 70 54
10 19 53 92
60 2 94 52
