400 4
32 65 56 79
30 58 72 69
95 90 68 78
77 36 91 60
76 19 81 51
78 62 57 99
56 99 51 66
59 64 70 76
70 52 97 88
69 57 66 100
54 72 100 68
57 22 77 66
60 61 68 86
56 59 64 68
64 80 80 57
1 75 85 79
57 89 85 62
85 52 70 62
73 20 93 95
55 94 96 64
88 77 53 62
53 75 58 51
58 51 39 56
92 82 85 10
63 59 84 4
88 27 53 74
55 13 62 68
55 50 90 65
65 13 52 92
11 90 51 88
52 94 51 86
56 74 88 63
51 56 80 59
57 92 47 71
82 62 55 26
80 75 66 3
51 86 95 51
100 7 83 99
54 53 93 65
22 86 75 2
54 95 51 72
57 76 54 64
73 71 79 17
52 51 74 83
71 80 10 87
60 9 76 64
94 59 76 53
54 54 68 68
54 60 72 61
55 58 30 73
57 70 51 30
56 68 51 59
21 69 73 82
97 62 37 61
84 49 64 61
93 96 66 2
54 55 55 94
57 57 65 57
20 91 81 55
81 52 30 98
3 82 64 53
85 52 31 92
62 14 58 75
38 51 61 85
17 43 68 74
53 67 66 64
53 59 57 81
58 58 85 27
56 98 55 57
94 64 83 11
78 53 52 1
37 61 54 65
51 55 39 51
61 86 54 15
58 83 97 6
92 79 11 63
68 88 18 56
75 18 6 95
76 3 70 93
99 4 97 75
78 79 1 66
52 56 22 58
5 75 56 58
14 54 84 91
33 53 76 69
1 66 80 90
86 88 11 63
75 27 16 90
18 60 72 53
38 59 86 61
55 43 61 64
87 68 9 66
76 79 76 20
81 48 100 3
55 74 21 71
21 85 29 54
85 17 69 26
64 71 11 83
55 60 69 41
57 4 96 84
59 91 8 68
56 59 70 43
84 83 16 65
54 6 63 76
53 9 93 76
100 80 19 60
79 81 34 51
6 64 60 71
14 93 6 81
47 55 55 63
31 64 52 66
54 55 31 52
76 78 18 59
90 13 72 23
91 51 80 11
6 58 53 56
63 88 15 99
40 52 59 81
54 52 63 54
70 95 54 13
67 58 20 76
69 50 51 65
59 53 86 25
4 80 78 13
19 62 59 52
79 23 53 88
60 88 64 22
75 76 12 68
98 61 2 85
23 53 79 36
60 3 91 53
89 52 16 84
86 2 84 65
64 18 60 62
3 6 76 92
57 66 61 13
72 15 75 17
63 87 63 6
41 71 87 24
90 5 60 57
74 57 3 66
63 11 70 62
81 12 54 67
61 24 61 52
3 71 63 57
61 95 5 96
64 73 10 51
51 52 64 52
58 70 17 72
84 95 2 63
88 51 54 51
72 4 87 75
60 74 11 89
79 24 44 81
71 52 11 76
66 50 58 62
82 3 86 87
2 86 66 62
69 4 65 80
57 91 67 6
7 84 5 66
53 85 10 62
61 49 52 100
54 5 65 94
68 1 70 97
56 54 58 88
28 68 57 53
2 65 83 51
53 38 65 78
77 71 17 61
58 42 60 74
65 54 60 53
59 55 71 23
66 58 13 75
24 53 26 98
87 57 9 63
18 61 94 6
89 78 51 24
59 64 54 29
95 79 34 4
52 53 100 16
55 30 11 93
90 100 37 45
51 50 63 59
60 81 15 53
7 54 93 91
54 69 51 7
95 68 51 33
83 100 6 24
79 10 72 62
9 56 96 86
56 16 63 53
52 6 65 53
66 54 54 6
97 15 59 55
52 1 58 100
63 48 51 63
53 5 54 57
65 43 53 61
53 72 15 76
66 53 54 5
83 3 62 55
77 66 38 51
53 52 23 51
93 53 9 90
91 65 1 89
11 92 52 18
72 11 12 75
6 73 89 31
52 5 87 73
60 75 4 73
36 55 56 66
64 22 51 5
64 2 54 58
3 61 62 76
97 98 20 15
15 51 80 54
51 8 57 63
31 8 69 70
36 82 73 47
5 62 77 72
7 94 58 53
73 61 70 4
71 64 8 95
54 24 43 74
65 26 58 2
67 56 2 77
36 52 67 69
29 79 52 69
52 90 36 53
60 55 61 31
57 65 52 14
56 57 10 65
96 8 78 42
88 1 65 74
98 25 38 63
4 63 59 25
53 53 10 96
33 61 92 14
56 77 9 61
94 11 52 62
57 91 46 35
26 37 61 74
18 18 72 96
92 32 19 74
3 53 95 51
37 53 71 61
58 2 90 54
58 51 52 53
51 52 80 21
93 1 55 56
20 55 52 79
1 91 76 96
19 56 51 51
95 3 82 8
53 3 59 81
100 9 57 54
85 10 96 39
54 69 8 87
64 76 40 5
51 63 23 47
40 58 34 76
6 52 97 84
96 58 7 53
55 85 50 14
79 53 8 78
82 11 53 67
19 67 2 84
22 55 87 12
52 63 19 73
52 69 58 33
62 30 62 51
87 59 19 56
54 63 7 68
26 63 25 68
97 20 51 59
52 6 64 53
2 88 55 99
57 61 68 40
53 78 51 34
1 64 97 78
62 9 78 20
36 22 88 60
51 5 58 82
60 78 100 3
7 71 51 73
61 14 70 17
51 24 53 52
59 79 4 66
58 58 71 5
90 62 9 62
54 66 57 14
30 52 68 19
44 61 32 86
51 60 56 10
67 66 2 69
2 99 70 54
51 15 54 82
51 91 55 35
21 58 3 71
51 28 22 66
1 56 56 57
91 63 1 85
89 69 1 58
28 55 54 36
63 47 87 7
85 8 54 52
58 43 17 83
59 69 49 6
78 57 14 61
56 75 6 54
59 51 8 98
51 55 8 62
86 54 21 71
62 65 11 54
66 61 5 67
19 79 29 64
21 20 62 79
11 67 46 55
100 1 76 55
55 84 10 52
57 3 74 72
58 84 2 63
58 62 52 7
2 53 64 78
63 2 64 73
25 52 73 52
61 54 53 48
99 58 1 97
3 28 90 69
76 71 19 52
58 95 1 84
68 9 51 95
84 3 17 94
1 70 71 53
36 26 51 69
68 51 14 61
91 60 48 50
67 78 56 2
92 52 8 89
71 22 43 72
36 27 62 68
86 1 73 74
99 67 1 71
53 93 94 1
95 92 1 17
27 25 93 70
55 73 19 51
75 1 90 70
56 2 98 30
77 26 24 61
54 63 2 54
23 34 27 67
74 21 55 55
51 56 7 84
81 61 11 51
72 20 30 53
80 42 58 1
62 2 90 38
97 56 13 55
14 94 62 16
62 18 55 53
50 23 54 51
52 9 56 18
25 90 10 57
6 52 74 64
56 4 92 51
11 98 4 96
61 43 92 16
19 46 87 51
24 68 9 9
29 68 65 5
16 51 79 78
46 11 71 35
55 16 53 87
67 54 3 96
41 7 99 87
1 99 87 27
3 61 18 61
4 56 53 98
2 64 55 87
91 9 51 59
75 12 30 6
75 70 55 1
56 74 1 21
71 58 7 70
79 58 11 61
63 39 95 10
67 57 37 5
13 8 61 54
99 2 67 51
3 81 43 54
62 73 1 82
6 93 58 29
63 52 20 55
75 58 3 52
32 57 20 62
74 52 2 93
59 9 41 44
22 56 49 53
