0.49 0.35 0.81 0.31
0.66 0.74 0.80 0.71
0.85 0.88 0.81 0.06
0.59 1.00 0.63 0.88
0.61 0.63 0.72 0.86
0.86 0.59 0.57 0.71
0.90 0.70 0.61 0.66
0.82 0.84 0.58 0.82
0.89 0.98 0.52 0.69
0.77 0.06 0.56 0.57
0.71 0.05 0.59 0.96
0.67 0.90 0.78 0.70
0.65 0.87 0.75 0.55
0.46 0.66 0.84 0.97
0.81 0.82 0.60 0.44
0.21 0.73 0.95 0.74
0.99 0.52 0.53 0.87
0.57 0.52 0.72 0.18
0.37 0.57 0.77 0.63
0.55 0.52 0.51 0.97
0.75 0.62 0.58 0.66
0.37 0.80 0.75 0.52
0.74 0.31 0.66 0.51
0.85 0.83 0.69 0.38
0.80 0.67 0.58 0.53
0.65 0.98 0.89 0.06
0.92 0.39 0.01 0.60
0.53 0.84 0.42 0.56
0.93 0.59 0.60 0.52
0.76 0.80 0.61 0.52
0.08 0.68 0.77 0.75
0.53 0.79 0.55 0.61
0.46 0.96 0.63 0.83
0.13 0.59 0.98 0.69
0.52 0.70 0.88 0.16
0.65 0.28 0.77 0.79
0.01 0.70 0.87 0.54
0.62 0.76 0.55 0.58
0.56 0.59 0.63 0.80
0.55 0.58 0.56 0.55
0.49 0.87 0.69 0.53
0.51 0.63 0.73 0.78
0.03 0.83 0.86 0.74
0.87 0.90 0.28 0.77
0.66 0.55 0.67 0.90
0.53 0.60 0.64 0.99
0.64 0.57 0.34 0.98
0.71 0.95 0.59 0.48
0.80 0.99 0.39 0.79
0.91 0.63 0.89 0.10
0.54 0.57 0.73 0.66
0.15 0.84 0.82 0.04
0.68 0.62 0.34 0.59
0.78 0.53 0.54 0.89
0.51 0.68 0.62 0.79
0.55 0.54 0.65 0.77
0.61 0.86 0.67 0.22
0.60 0.57 0.52 0.52
0.76 0.51 0.96 0.07
0.79 0.57 0.11 0.80
0.54 0.93 0.73 0.27
0.52 0.92 0.53 0.55
0.55 0.51 0.67 0.92
0.62 0.58 0.38 0.59
0.36 0.86 0.73 0.28
0.52 0.56 0.63 0.96
0.04 0.72 0.50 0.71
0.53 0.67 0.57 0.67
0.76 0.52 0.56 0.79
0.74 0.13 0.68 0.62
0.31 0.63 0.59 0.39
0.74 0.18 0.43 0.82
0.52 0.56 0.64 0.77
0.73 0.31 1.00 0.54
0.67 0.51 0.63 0.93
0.11 0.55 0.57 0.63
0.78 0.71 0.06 0.39
0.67 0.89 0.15 0.87
0.90 0.16 0.58 0.55
0.77 0.21 0.65 0.35
0.31 0.52 0.65 0.88
0.58 0.39 0.74 0.52
0.84 0.60 0.32 0.78
0.83 0.56 0.15 0.91
0.76 0.70 0.63 0.35
0.81 0.52 0.52 0.53
0.55 0.25 0.59 0.70
0.64 0.89 0.59 0.19
0.19 0.83 0.79 0.61
0.32 0.53 0.73 0.52
0.56 0.93 0.15 0.79
0.76 0.94 0.01 0.90
0.68 0.53 0.57 0.68
0.26 0.64 0.55 0.89
0.64 0.66 0.30 0.92
0.63 0.83 0.32 0.59
0.52 0.68 0.55 0.56
0.73 0.11 0.79 0.59
0.92 0.01 0.02 0.89
0.91 0.55 0.03 0.52
0.68 0.52 0.69 0.53
0.13 0.97 0.65 0.19
0.70 0.09 0.77 0.99
0.64 0.63 0.35 0.86
0.79 0.42 0.53 0.55
0.70 0.65 0.04 0.65
0.57 0.89 0.30 0.85
0.57 0.92 0.28 0.53
0.62 0.55 0.63 0.51
0.23 0.60 0.88 0.27
0.66 0.11 0.91 0.70
0.70 0.90 0.12 0.64
0.81 0.62 0.55 0.51
0.53 0.53 0.58 0.16
0.94 0.05 0.82 0.79
0.83 0.01 0.66 0.52
0.74 0.27 0.52 0.70
0.92 0.28 0.07 0.65
0.55 0.04 0.62 0.88
0.99 0.07 0.21 0.63
0.70 0.54 0.46 0.89
0.62 0.55 0.56 0.76
0.62 0.61 1.00 0.10
0.54 0.54 0.54 0.66
0.70 0.81 0.31 0.62
0.62 0.81 0.13 0.63
0.98 0.34 0.34 0.64
0.65 0.10 0.87 0.54
0.18 0.54 0.73 0.80
0.26 0.72 0.32 0.85
0.02 0.93 0.57 1.00
0.73 0.20 0.66 0.04
0.02 0.62 0.54 0.52
0.71 0.16 0.56 0.76
0.57 0.66 0.75 0.11
0.60 0.80 0.61 0.15
0.79 0.07 0.55 0.73
0.64 0.52 0.58 0.58
0.65 0.23 0.54 0.55
0.67 0.67 0.91 0.04
0.58 0.83 0.17 0.52
0.51 0.59 0.51 0.73
0.02 0.83 0.84 0.15
0.94 0.04 0.55 0.47
0.80 0.52 0.01 0.60
0.37 0.84 0.52 0.08
0.69 0.19 0.82 0.87
0.65 0.53 0.44 0.82
0.17 0.56 0.56 0.74
0.22 0.28 0.82 0.67
0.15 0.84 0.54 0.09
0.19 0.53 0.70 0.84
0.53 0.04 0.83 0.54
0.80 0.04 0.75 0.81
0.55 0.52 0.66 0.55
0.51 0.83 0.62 0.09
0.66 0.82 0.03 0.85
0.74 0.84 0.05 0.64
0.01 0.51 0.83 0.88
0.83 0.05 0.13 0.70
0.53 0.44 0.69 0.53
0.01 0.81 0.63 0.92
0.58 0.59 0.52 0.67
0.64 0.68 0.13 0.59
0.56 0.52 0.07 0.95
0.76 0.57 0.44 0.80
0.66 0.79 0.53 0.22
0.71 0.09 0.53 0.75
0.72 0.05 0.96 0.16
0.12 0.52 0.93 0.66
0.57 0.56 0.53 0.72
0.54 0.66 0.07 0.95
0.51 0.55 0.55 0.93
0.02 0.54 0.68 0.58
0.63 0.09 0.54 0.98
0.52 0.07 1.00 0.59
0.64 0.14 0.80 0.64
0.57 0.16 0.75 0.51
0.52 0.77 0.69 0.11
0.64 0.96 0.06 0.31
0.62 0.72 0.24 0.89
0.71 0.03 0.77 0.88
0.45 0.55 0.63 0.57
0.59 0.11 0.69 0.58
0.33 0.77 0.78 0.09
0.63 0.69 0.35 0.37
0.79 0.02 0.89 0.82
0.32 0.51 0.57 0.63
0.78 0.75 0.80 0.03
0.41 0.77 0.51 0.63
0.64 0.02 0.69 0.58
0.60 0.74 0.25 0.84
0.15 0.65 0.89 0.21
0.52 0.59 0.62 0.53
0.03 0.16 0.72 0.55
0.55 0.57 0.31 0.73
0.95 0.53 0.05 0.23
0.61 0.56 0.56 0.37
0.40 0.98 0.51 0.67
0.63 0.51 0.57 0.54
0.51 0.35 0.71 0.64
0.02 0.78 0.64 0.26
0.08 0.53 0.53 0.66
0.52 0.75 0.24 0.55
0.13 0.51 0.41 0.85
0.59 0.64 0.25 0.84
0.65 0.57 0.54 0.21
0.35 0.92 0.82 0.01
0.68 0.83 0.86 0.04
0.01 0.72 0.88 0.30
0.56 0.28 0.55 0.90
0.61 0.27 0.58 0.93
0.70 0.82 0.73 0.06
0.76 0.52 0.56 0.53
0.88 0.07 0.52 0.53
0.73 0.56 0.31 0.80
0.67 0.58 0.30 0.86
0.56 0.13 0.74 0.60
0.61 0.67 0.22 0.75
0.53 0.29 0.53 0.73
0.95 0.52 0.57 0.08
0.61 0.51 0.13 0.12
0.82 0.51 0.10 0.52
0.59 0.62 0.51 0.61
0.70 0.61 0.82 0.08
0.56 0.54 0.52 0.69
0.64 0.61 0.56 0.01
0.57 0.52 0.80 0.07
0.62 0.30 0.56 0.69
0.27 0.01 0.57 0.69
0.65 0.60 0.82 0.01
0.62 0.76 0.12 0.80
0.94 0.95 0.41 0.02
0.51 0.69 0.44 0.80
0.51 0.57 0.51 0.80
0.52 0.65 0.42 0.67
0.52 0.65 0.52 0.65
0.57 0.68 0.18 0.75
0.72 0.60 0.55 0.06
0.54 0.65 0.53 0.48
0.29 0.60 0.63 0.57
0.54 0.57 0.52 0.79
0.70 1.00 0.54 0.02
0.02 0.53 0.99 0.51
0.57 0.83 0.57 0.09
0.60 0.13 0.95 0.45
0.05 0.58 0.51 0.91
0.56 0.83 0.16 0.81
0.42 0.67 0.85 0.32
0.53 0.91 0.19 0.75
0.01 0.55 0.80 0.87
0.01 0.81 0.56 0.98
0.76 0.03 0.81 0.52
0.32 0.03 0.93 0.58
0.51 0.82 0.29 0.55
0.83 0.04 0.54 0.77
0.58 0.51 0.54 0.13
0.52 0.59 0.10 0.52
0.51 0.60 0.55 0.61
0.59 0.15 0.50 0.15
0.57 0.56 0.54 0.27
0.13 0.55 0.77 0.18
0.10 0.77 0.43 0.74
0.51 0.60 0.14 0.80
0.54 0.53 0.20 0.65
0.28 0.70 0.56 0.29
0.51 0.52 0.73 0.51
0.51 0.80 0.51 0.51
0.52 0.48 0.68 0.58
0.29 0.12 0.66 0.62
0.38 0.63 0.04 0.83
0.58 0.55 0.53 0.53
0.81 0.68 0.02 0.19
0.53 0.51 0.79 0.40
0.01 0.49 0.19 0.63
0.67 0.55 0.51 0.05
0.63 0.11 0.60 0.60
0.63 0.52 0.78 0.03
0.56 0.52 0.59 0.58
0.64 0.14 0.41 0.80
0.03 0.51 0.71 0.50
0.02 0.61 0.62 0.20
0.06 0.89 0.51 0.53
0.40 0.67 0.56 0.51
0.79 0.14 0.52 0.54
0.54 0.87 0.11 0.06
0.52 0.40 0.53 0.89
0.52 0.54 0.58 0.53
0.92 0.80 0.01 0.51
0.45 0.55 0.68 0.51
0.51 0.58 0.37 0.61
0.52 0.89 0.03 0.74
0.54 0.99 0.02 0.75
0.27 0.60 0.61 0.51
0.57 0.01 0.73 0.56
0.06 0.70 0.51 0.55
0.54 0.24 0.53 0.54
0.51 0.03 0.63 0.66
0.74 0.03 0.51 0.92
0.65 0.65 0.02 0.54
0.14 0.12 0.57 0.89
0.78 0.61 0.05 0.80
0.40 0.85 0.65 0.01
0.61 0.53 0.71 0.09
0.53 0.52 0.61 0.55
0.60 0.74 0.94 0.05
0.01 0.75 0.70 0.53
0.54 0.75 0.55 0.27
0.11 0.26 0.59 0.93
0.52 0.79 0.67 0.13
0.48 0.62 0.46 0.11
0.61 0.13 0.07 0.87
0.53 0.02 0.52 0.56
0.54 0.56 0.53 0.01
0.16 0.10 0.69 0.63
0.55 0.36 0.51 0.66
0.55 0.01 0.37 0.94
0.95 0.01 0.85 0.25
0.96 0.23 0.10 0.75
0.60 0.86 0.02 0.95
0.87 0.65 0.06 0.26
0.24 0.98 0.10 0.80
0.51 0.18 0.77 0.54
0.68 0.19 0.38 0.76
0.87 0.48 0.22 0.59
0.51 0.14 0.19 0.62
0.64 0.06 0.93 0.53
0.11 1.00 0.04 0.32
0.93 0.08 0.55 0.39
0.55 0.51 0.78 0.24
0.98 0.15 0.47 0.40
0.05 0.93 0.60 0.16
0.98 0.07 0.62 0.11
0.91 0.84 0.19 0.09
0.18 0.35 0.59 0.70
0.27 0.43 1.00 0.54
0.58 0.27 0.65 0.52
0.86 0.15 0.19 0.53
0.44 0.83 0.60 0.06
0.02 0.21 0.61 0.56
0.76 0.27 0.55 0.12
0.01 0.86 0.69 0.15
0.41 0.19 0.95 0.26
0.60 0.59 0.04 0.79
0.52 0.70 0.33 0.51
0.67 0.73 0.01 0.97
0.89 0.11 0.33 0.44
0.52 0.53 0.56 0.61
0.70 0.53 0.04 0.73
0.96 0.29 0.81 0.02
0.58 0.24 0.67 0.53
0.58 0.78 0.06 0.71
0.52 0.84 0.05 0.69
0.57 0.98 0.33 0.02
0.11 0.71 0.09 0.86
0.52 0.40 0.06 0.67
0.61 0.21 0.13 0.52
0.54 0.78 0.02 0.52
0.45 0.54 0.59 0.56
0.65 0.55 0.75 0.07
0.15 0.97 0.01 0.65
0.94 0.07 0.58 0.41
0.51 0.57 0.51 0.51
0.78 0.59 0.03 0.86
0.31 0.64 0.53 0.62
0.48 0.51 0.57 0.59
0.63 0.52 0.56 0.03
0.03 0.83 0.52 0.11
0.01 0.52 0.96 0.53
0.65 0.58 0.11 0.55
0.38 0.79 0.02 0.89
0.55 0.42 0.77 0.51
0.05 0.20 0.65 0.98
0.05 0.94 0.05 0.96
0.43 0.54 0.54 0.13
0.40 0.51 0.81 0.32
0.03 0.87 0.33 0.62
0.06 0.95 0.17 0.74
0.62 0.08 0.28 0.51
0.52 0.66 0.89 0.10
0.22 0.04 0.83 0.51
0.52 0.72 0.66 0.10
0.29 0.69 0.01 0.84
0.93 0.52 0.06 0.40
0.63 0.19 0.10 0.51
0.51 0.02 0.52 0.71
0.51 0.44 0.56 0.52
0.95 0.03 0.75 0.51
0.59 0.51 0.02 0.64
0.79 0.72 0.07 0.34
0.44 0.51 0.43 0.61
0.63 0.64 0.03 0.57
0.75 0.11 0.82 0.37
0.52 0.51 0.55 0.56
0.61 0.52 0.66 0.08
0.89 0.45 0.55 0.05
0.19 0.82 0.30 0.62
0.68 0.07 0.60 0.51
0.56 0.52 0.78 0.13
0.53 0.52 0.51 0.38
