400 4
49 35 81 31
66 74 80 71
85 88 81 6
59 100 63 88
61 63 72 86
86 59 57 71
90 70 61 66
82 84 58 82
89 98 52 69
77 6 56 57
71 5 59 96
67 90 78 70
65 87 75 55
46 66 84 97
81 82 60 44
21 73 95 74
99 52 53 87
57 52 72 18
37 57 77 63
55 52 51 97
75 62 58 66
37 80 75 52
74 31 66 51
85 83 69 38
80 67 58 53
65 98 89 6
92 39 1 60
53 84 42 56
93 59 60 52
76 80 61 52
8 68 77 75
53 79 55 61
46 96 63 83
13 59 98 69
52 70 88 16
65 28 77 79
1 70 87 54
62 76 55 58
56 59 63 80
55 58 56 55
49 87 69 53
51 63 73 78
3 83 86 74
87 90 28 77
66 55 67 90
53 60 64 99
64 57 34 98
71 95 59 48
80 99 39 79
91 63 89 10
54 57 73 66
15 84 82 4
68 62 34 59
78 53 54 89
51 68 62 79
55 54 65 77
61 86 67 22
60 57 52 52
76 51 96 7
79 57 11 80
54 93 73 27
52 92 53 55
55 51 67 92
62 58 38 59
36 86 73 28
52 56 63 96
4 72 50 71
53 67 57 67
76 52 56 79
74 13 68 62
31 63 59 39
74 18 43 82
52 56 64 77
73 31 100 54
67 51 63 93
11 55 57 63
78 71 6 39
67 89 15 87
90 16 58 55
77 21 65 35
31 52 65 88
58 39 74 52
84 60 32 78
83 56 15 91
76 70 63 35
81 52 52 53
55 25 59 70
64 89 59 19
19 83 79 61
32 53 73 52
56 93 15 79
76 94 1 90
68 53 57 68
26 64 55 89
64 66 30 92
63 83 32 59
52 68 55 56
73 11 79 59
92 1 2 89
91 55 3 52
68 52 69 53
13 97 65 19
70 9 77 99
64 63 35 86
79 42 53 55
70 65 4 65
57 89 30 85
57 92 28 53
62 55 63 51
23 60 88 27
66 11 91 70
70 90 12 64
81 62 55 51
53 53 58 16
94 5 82 79
83 1 66 52
74 27 52 70
92 28 7 65
55 4 62 88
99 7 21 63
70 54 46 89
62 55 56 76
62 61 100 10
54 54 54 66
70 81 31 62
62 81 13 63
98 34 34 64
65 10 87 54
18 54 73 80
26 72 32 85
2 93 57 100
73 20 66 4
2 62 54 52
71 16 56 76
57 66 75 11
60 80 61 15
79 7 55 73
64 52 58 58
65 23 54 55
67 67 91 4
58 83 17 52
51 59 51 73
2 83 84 15
94 4 55 47
80 52 1 60
37 84 52 8
69 19 82 87
65 53 44 82
17 56 56 74
22 28 82 67
15 84 54 9
19 53 70 84
53 4 83 54
80 4 75 81
55 52 66 55
51 83 62 9
66 82 3 85
74 84 5 64
1 51 83 88
83 5 13 70
53 44 69 53
1 81 63 92
58 59 52 67
64 68 13 59
56 52 7 95
76 57 44 80
66 79 53 22
71 9 53 75
72 5 96 16
12 52 93 66
57 56 53 72
54 66 7 95
51 55 55 93
2 54 68 58
63 9 54 98
52 7 100 59
64 14 80 64
57 16 75 51
52 77 69 11
64 96 6 31
62 72 24 89
71 3 77 88
45 55 63 57
59 11 69 58
33 77 78 9
63 69 35 37
79 2 89 82
32 51 57 63
78 75 80 3
41 77 51 63
64 2 69 58
60 74 25 84
15 65 89 21
52 59 62 53
3 16 72 55
55 57 31 73
95 53 5 23
61 56 56 37
40 98 51 67
63 51 57 54
51 35 71 64
2 78 64 26
8 53 53 66
52 75 24 55
13 51 41 85
59 64 25 84
65 57 54 21
35 92 82 1
68 83 86 4
1 72 88 30
56 28 55 90
61 27 58 93
70 82 73 6
76 52 56 53
88 7 52 53
73 56 31 80
67 58 30 86
56 13 74 60
61 67 22 75
53 29 53 73
95 52 57 8
61 51 13 12
82 51 10 52
59 62 51 61
70 61 82 8
56 54 52 69
64 61 56 1
57 52 80 7
62 30 56 69
27 1 57 69
65 60 82 1
62 76 12 80
94 95 41 2
51 69 44 80
51 57 51 80
52 65 42 67
52 65 52 65
57 68 18 75
72 60 55 6
54 65 53 48
29 60 63 57
54 57 52 79
70 100 54 2
2 53 99 51
57 83 57 9
60 13 95 45
5 58 51 91
56 83 16 81
42 67 85 32
53 91 19 75
1 55 80 87
1 81 56 98
76 3 81 52
32 3 93 58
51 82 29 55
83 4 54 77
58 51 54 13
52 59 10 52
51 60 55 61
59 15 50 15
57 56 54 27
13 55 77 18
10 77 43 74
51 60 14 80
54 53 20 65
28 70 56 29
51 52 73 51
51 80 51 51
52 48 68 58
29 12 66 62
38 63 4 83
58 55 53 53
81 68 2 19
53 51 79 40
1 49 19 63
67 55 51 5
63 11 60 60
63 52 78 3
56 52 59 58
64 14 41 80
3 51 71 50
2 61 62 20
6 89 51 53
40 67 56 51
79 14 52 54
54 87 11 6
52 40 53 89
52 54 58 53
92 80 1 51
45 55 68 51
51 58 37 61
52 89 3 74
54 99 2 75
27 60 61 51
57 1 73 56
6 70 51 55
54 24 53 54
51 3 63 66
74 3 51 92
65 65 2 54
14 12 57 89
78 61 5 80
40 85 65 1
61 53 71 9
53 52 61 55
60 74 94 5
1 75 70 53
54 75 55 27
11 26 59 93
52 79 67 13
48 62 46 11
61 13 7 87
53 2 52 56
54 56 53 1
16 10 69 63
55 36 51 66
55 1 37 94
95 1 85 25
96 23 10 75
60 86 2 95
87 65 6 26
24 98 10 80
51 18 77 54
68 19 38 76
87 48 22 59
51 14 19 62
64 6 93 53
11 100 4 32
93 8 55 39
55 51 78 24
98 15 47 40
5 93 60 16
98 7 62 11
91 84 19 9
18 35 59 70
27 43 100 54
58 27 65 52
86 15 19 53
44 83 60 6
2 21 61 56
76 27 55 12
1 86 69 15
41 19 95 26
60 59 4 79
52 70 33 51
67 73 1 97
89 11 33 44
52 53 56 61
70 53 4 73
96 29 81 2
58 24 67 53
58 78 6 71
52 84 5 69
57 98 33 2
11 71 9 86
52 40 6 67
61 21 13 52
54 78 2 52
45 54 59 56
65 55 75 7
15 97 1 65
94 7 58 41
51 57 51 51
78 59 3 86
31 64 53 62
48 51 57 59
63 52 56 3
3 83 52 11
1 52 96 53
65 58 11 55
38 79 2 89
55 42 77 51
5 20 65 98
5 94 5 96
43 54 54 13
40 51 81 32
3 87 33 62
6 95 17 74
62 8 28 51
52 66 89 10
22 4 83 51
52 72 66 10
29 69 1 84
93 52 6 40
63 19 10 51
51 2 52 71
51 44 56 52
95 3 75 51
59 51 2 64
79 72 7 34
44 51 43 61
63 64 3 57
75 11 82 37
52 51 55 56
61 52 66 8
89 45 55 5
19 82 30 62
68 7 60 51
56 52 78 13
53 52 51 38
