400 4
20 62 72 16
18 74 74 36
99 65 59 91
87 72 60 78
100 77 58 67
65 14 96 59
70 72 65 82
54 74 67 91
58 59 77 57
92 86 51 97
69 53 49 61
97 58 92 52
53 84 70 58
52 76 63 64
52 37 65 74
57 76 40 77
97 59 76 57
87 52 75 50
97 51 60 66
74 21 75 59
60 53 100 65
70 52 87 62
1 63 58 86
62 90 68 52
52 85 54 99
80 81 67 53
54 64 69 68
89 54 70 60
67 53 59 95
55 75 61 82
64 56 100 54
69 99 30 64
58 56 82 63
42 72 38 89
57 57 93 70
1 11 84 56
58 39 63 63
94 79 64 59
65 57 51 56
81 50 62 84
75 51 100 54
79 61 44 92
75 70 64 53
71 74 24 55
93 95 65 21
48 85 55 82
45 97 63 58
84 51 49 69
58 78 69 60
82 55 61 60
78 59 91 52
57 99 70 50
94 34 67 64
71 100 65 52
87 67 31 74
56 8 80 91
66 60 95 39
72 65 16 76
61 64 52 97
54 63 62 66
87 72 14 52
60 28 59 80
13 60 71 61
64 28 59 66
75 52 52 81
97 62 25 61
68 54 62 56
53 51 53 38
73 80 89 15
55 76 40 88
85 19 59 52
60 16 58 91
100 69 7 58
10 82 81 73
51 84 11 60
79 32 58 53
23 62 68 91
55 49 72 53
57 52 80 28
69 64 83 12
71 32 53 69
75 6 67 56
89 49 14 99
51 63 83 5
24 90 23 99
24 86 65 77
12 59 54 9
60 72 52 74
85 1 70 62
63 3 88 95
70 66 65 2
79 55 15 82
68 75 21 51
82 74 4 82
80 20 65 63
61 57 34 77
69 30 71 59
97 59 12 97
74 21 55 72
5 53 53 79
87 52 1 86
62 55 39 96
90 100 4 65
59 51 21 73
90 52 4 69
78 42 43 61
60 35 77 59
52 51 12 57
90 78 70 1
53 58 98 19
85 39 2 73
86 8 47 54
85 87 7 56
75 60 51 45
4 52 51 65
66 29 95 53
62 85 76 4
51 82 52 58
52 66 52 55
8 74 52 52
2 90 77 81
53 31 75 57
60 80 1 67
83 34 51 91
79 13 66 63
97 60 75 3
85 55 55 21
56 24 72 61
29 86 74 2
54 39 81 55
61 55 9 13
58 69 29 43
72 12 62 63
71 52 7 96
25 58 81 52
51 2 53 53
78 9 36 64
73 38 91 18
87 15 98 31
1 52 82 63
9 38 80 79
71 9 79 8
70 34 95 45
89 52 13 17
61 78 6 100
88 38 26 62
69 70 4 68
19 6 78 75
41 79 45 66
70 53 91 6
83 93 6 55
59 52 52 53
34 4 76 59
96 51 36 52
91 3 21 72
81 94 16 7
51 17 57 52
89 59 3 1
12 53 58 63
6 74 82 39
89 48 53 52
5 82 77 61
48 56 54 54
18 51 78 2
71 7 43 70
5 79 64 51
51 58 59 28
18 54 71 37
15 59 6 74
86 1 51 63
71 58 2 85
4 62 7 78
3 73 98 43
28 25 61 93
67 54 4 59
52 78 14 54
51 51 32 69
47 22 66 67
73 33 56 52
78 1 66 58
27 55 28 58
75 22 51 61
59 48 8 67
71 83 51 12
89 89 2 65
89 12 68 52
60 18 43 78
3 82 78 85
57 38 52 93
56 2 52 97
6 51 60 80
75 95 1 56
59 7 90 41
51 77 73 1
7 80 90 27
100 34 76 14
61 94 69 1
11 83 51 42
54 27 5 93
4 73 67 54
4 56 74 54
100 57 95 1
86 59 55 1
67 46 98 7
2 56 80 62
63 5 51 62
97 29 76 13
55 64 73 4
79 54 2 89
67 72 52 3
25 23 73 64
16 47 78 63
57 65 51 55
70 1 93 100
63 84 3 61
72 51 52 52
1 70 51 56
65 54 14 53
8 7 39 52
59 58 53 23
53 78 51 51
63 65 31 10
53 54 70 21
63 81 4 62
100 35 51 51
33 93 70 7
3 95 100 16
28 75 12 64
6 9 73 64
1 16 52 68
69 53 75 28
58 92 9 59
80 32 60 35
83 4 75 51
65 70 57 5
28 56 17 66
4 67 59 63
68 1 99 63
75 87 3 29
65 70 2 72
92 76 2 60
85 23 55 47
59 1 80 90
83 22 51 7
99 51 84 1
79 51 63 18
69 27 59 25
56 56 7 83
78 74 66 1
53 61 4 63
35 2 63 76
46 53 3 56
54 98 51 34
52 66 53 33
3 78 89 54
65 54 54 35
84 81 6 53
64 1 71 85
56 82 23 37
4 56 25 68
56 65 2 72
54 76 53 18
79 40 9 90
13 52 59 16
3 56 59 37
55 4 81 52
50 1 69 68
6 94 1 80
7 69 58 62
70 73 2 67
8 13 64 37
74 1 64 4
73 59 51 4
43 95 1 61
87 56 5 49
19 15 10 64
22 70 3 58
52 51 62 35
53 77 52 31
51 76 12 51
62 54 73 4
52 58 77 11
77 73 81 1
13 79 60 3
57 82 59 4
14 4 60 97
82 53 51 44
52 79 3 51
51 2 56 51
43 1 61 99
60 56 55 16
98 2 3 64
3 78 37 57
57 51 51 42
61 18 61 36
73 68 66 1
35 40 57 51
55 63 51 9
50 59 51 34
79 54 84 1
89 51 7 57
69 4 86 5
55 63 52 5
89 2 28 74
68 63 1 25
77 69 64 2
2 62 68 63
41 61 53 6
1 69 63 53
59 52 39 43
94 11 10 79
77 67 1 23
52 1 55 89
56 1 62 73
83 46 2 77
51 70 37 16
54 55 37 55
51 40 54 26
53 56 20 51
3 63 51 81
51 74 60 4
1 68 62 27
43 62 4 59
52 26 58 10
54 89 11 32
33 2 77 54
66 47 6 59
51 54 69 13
78 1 53 85
54 4 5 91
72 3 88 12
81 54 55 24
95 55 1 60
85 52 55 4
66 5 24 73
2 81 26 98
54 51 75 7
87 51 27 13
55 90 2 66
9 85 95 10
17 53 4 59
61 24 72 19
70 53 37 52
7 77 94 11
95 37 2 62
56 5 52 59
99 23 70 1
55 41 29 60
80 21 62 12
54 87 22 44
75 53 4 53
68 61 6 23
68 82 1 16
56 97 51 1
84 56 32 3
61 52 10 63
1 66 57 60
29 78 1 62
52 74 32 18
61 60 3 54
12 54 2 60
64 1 89 51
75 55 51 7
49 6 60 21
96 51 3 60
1 69 53 58
10 73 44 44
72 58 36 11
2 52 73 57
77 32 25 60
59 51 5 65
58 99 1 58
36 94 32 53
83 77 24 3
4 51 51 94
59 59 81 1
79 10 63 18
70 10 58 14
52 4 19 75
66 23 82 14
65 5 20 71
57 58 68 8
73 79 58 2
59 87 15 31
23 51 39 32
3 64 52 40
36 75 73 3
24 75 26 15
66 53 54 19
94 5 3 55
78 31 7 32
80 90 54 2
24 61 35 53
1 96 56 12
62 75 1 55
59 52 4 77
40 6 53 75
65 55 26 8
54 52 22 56
83 1 51 80
