500 4
0.89 0.16 0.05 0.85
0.91 0.88 0.75 0.70
0.51 0.81 0.68 0.53
0.64 0.53 0.52 0.85
0.88 0.69 0.64 0.54
0.88 0.52 0.76 0.63
0.76 0.58 0.49 0.89
0.90 0.67 0.74 0.15
0.72 0.79 0.63 0.55
0.52 0.51 0.70 0.71
0.68 0.87 0.99 0.52
0.76 0.26 0.39 0.90
1.00 0.55 0.94 0.48
0.86 0.63 0.89 0.11
0.65 0.91 0.61 0.40
0.61 0.60 0.90 0.54
0.56 0.67 0.82 0.55
0.57 0.61 0.62 0.95
0.63 0.68 0.70 0.56
0.59 0.89 0.60 0.58
0.76 0.72 0.65 0.78
0.51 0.92 0.64 0.98
0.66 0.78 0.99 0.51
0.33 0.73 0.51 0.87
0.53 0.65 0.63 0.72
0.17 0.52 0.59 0.80
0.14 0.56 0.74 0.70
0.72 0.85 0.58 0.74
0.74 0.98 0.89 0.39
0.62 0.07 0.66 0.90
0.57 0.62 0.01 0.56
0.66 0.64 0.57 0.54
0.06 0.76 0.75 0.91
0.94 0.89 0.03 0.52
0.66 0.91 0.60 0.52
0.78 0.07 0.77 0.87
0.63 0.53 0.61 0.53
0.06 0.71 0.98 0.56
0.04 0.62 0.93 0.22
0.77 0.54 0.63 0.44
0.52 0.93 0.01 0.93
0.86 0.46 0.51 0.73
0.80 0.70 0.55 0.55
0.99 0.91 0.54 0.37
0.72 0.03 0.89 0.87
0.84 0.61 0.57 0.67
0.61 0.81 0.39 0.51
0.80 0.40 0.20 0.65
0.87 0.10 0.76 0.78
0.76 0.05 0.77 0.43
0.56 0.52 0.66 0.61
0.66 0.67 0.61 0.30
0.69 0.56 0.30 0.62
0.65 0.26 0.99 0.81
0.68 0.59 0.73 0.12
0.84 0.51 0.68 0.62
0.22 0.78 0.30 0.81
0.36 0.19 0.54 0.83
0.28 0.93 0.09 0.15
0.59 0.68 0.03 0.17
0.57 0.97 0.62 0.12
0.14 0.53 0.82 0.87
0.16 0.88 0.92 0.16
0.90 0.04 0.85 0.85
0.72 0.64 0.56 0.10
0.76 0.76 0.85 0.04
0.55 0.65 0.59 0.62
0.55 0.84 0.58 0.58
0.25 0.93 0.55 0.04
0.94 0.59 0.10 0.54
0.50 0.73 0.55 0.54
0.51 0.53 0.95 0.32
0.80 0.04 0.74 1.00
0.74 0.31 0.78 0.60
0.28 0.74 0.37 0.69
0.93 0.39 0.76 0.66
0.96 0.18 0.75 0.36
0.79 0.04 0.77 0.58
0.22 0.63 0.52 0.57
0.62 0.50 0.70 0.35
0.66 0.53 0.60 0.66
0.88 0.59 0.40 0.52
0.28 0.01 0.88 0.54
0.73 0.09 0.83 0.82
0.10 0.57 0.64 0.95
0.70 0.35 0.69 0.61
0.85 0.65 0.07 0.55
0.55 0.57 0.54 0.55
0.75 0.26 0.63 0.81
0.65 0.60 0.34 0.09
0.53 0.66 0.23 0.57
0.51 0.55 0.57 0.64
0.54 0.55 0.42 0.84
0.57 0.61 0.24 0.69
0.73 0.37 0.60 0.67
0.62 0.54 0.61 0.27
0.61 0.35 1.00 0.53
0.10 0.64 0.65 0.60
0.66 0.55 0.98 0.22
0.83 0.39 0.58 0.58
0.37 0.80 0.76 0.17
0.96 0.62 0.10 0.41
0.50 0.59 0.27 0.99
0.13 0.52 0.83 0.43
0.66 0.21 0.06 0.75
0.76 0.04 0.55 0.72
0.77 0.81 0.65 0.06
0.78 0.53 0.52 0.57
0.09 0.90 0.89 0.87
0.64 0.05 0.63 0.72
0.05 0.86 0.19 0.39
0.76 0.35 0.55 0.60
0.59 0.29 0.75 0.73
0.70 0.23 0.60 0.74
0.51 0.43 0.77 0.59
0.15 0.85 0.53 1.00
0.15 0.38 0.57 0.51
0.69 0.01 0.82 0.83
0.61 0.59 0.53 0.80
0.49 0.73 0.19 0.92
0.60 0.44 0.80 0.07
0.71 0.11 0.72 0.63
0.53 0.86 0.67 0.07
0.76 0.53 0.45 0.53
0.69 0.58 0.88 0.04
0.53 0.65 0.51 0.68
0.23 0.73 0.04 0.93
0.31 0.64 0.41 0.38
0.07 0.81 0.65 0.59
0.98 0.12 0.62 0.70
0.91 0.94 1.00 0.01
0.61 0.17 0.64 0.52
0.84 0.89 0.56 0.03
0.59 0.52 0.23 0.97
0.59 0.55 0.76 0.25
0.75 0.54 0.54 0.54
0.04 0.67 0.82 0.74
0.74 0.44 0.01 0.67
0.03 0.98 0.67 0.85
0.56 0.64 0.26 0.57
0.01 0.89 0.73 0.79
0.72 0.53 0.54 0.71
0.70 0.30 0.61 0.60
0.55 0.64 0.14 0.69
0.88 0.01 0.53 0.60
0.62 0.68 0.79 0.04
0.17 0.39 0.69 0.17
0.42 0.80 0.54 0.02
0.55 0.24 0.85 0.78
0.92 0.64 0.51 0.02
0.79 0.57 0.79 0.08
0.95 0.44 0.53 0.51
0.84 0.60 0.63 0.04
0.03 0.71 0.79 0.58
0.99 0.57 0.52 0.52
0.54 0.65 0.03 0.58
0.78 0.32 0.56 0.62
0.69 0.02 0.33 0.79
0.58 0.53 0.56 0.74
0.78 0.53 0.74 0.07
0.54 0.35 0.48 1.00
0.96 0.54 0.32 0.52
0.07 0.59 0.65 0.88
0.70 0.69 0.54 0.08
0.18 0.67 0.79 0.05
0.74 0.10 0.89 0.20
0.80 0.73 0.33 0.11
0.57 0.41 0.51 0.96
0.63 0.48 0.74 0.03
0.05 0.63 0.80 0.66
0.56 0.05 0.54 0.87
0.14 0.68 0.54 0.67
0.84 0.38 0.54 0.65
0.64 0.07 0.58 0.84
0.40 0.51 0.45 0.67
0.05 0.64 0.12 0.94
0.95 0.18 0.56 0.55
0.80 0.06 0.21 0.75
0.07 0.60 0.78 0.74
0.01 0.83 0.58 0.61
0.02 0.60 0.86 0.72
0.14 0.25 0.81 0.83
0.74 0.29 0.60 0.70
0.53 0.80 0.51 0.33
0.47 0.16 0.72 0.96
0.63 0.61 0.51 0.61
0.58 0.56 0.53 0.19
0.77 0.12 0.64 0.58
0.27 0.46 0.52 0.91
0.48 0.69 0.18 0.76
0.30 0.27 0.62 0.96
0.58 0.01 0.76 0.68
0.16 0.81 0.21 0.78
0.52 0.66 0.08 0.64
0.03 0.59 0.96 0.13
0.51 0.20 0.75 0.67
0.78 0.55 0.16 0.62
0.39 0.30 0.76 0.37
0.23 0.32 0.57 0.77
0.71 0.45 0.99 0.02
0.62 0.60 0.52 0.18
0.13 0.76 0.56 0.55
0.68 0.52 0.10 0.57
0.54 0.65 0.31 0.16
0.52 0.06 0.79 0.99
0.43 0.77 0.09 0.30
0.48 0.37 0.51 0.82
0.29 0.90 0.14 0.68
0.03 0.98 0.53 0.95
0.72 0.13 0.51 0.57
0.56 0.56 0.98 0.02
0.08 0.74 0.77 0.67
0.85 0.44 0.23 0.62
0.77 0.29 0.66 0.27
1.00 0.22 0.24 0.20
0.91 0.81 0.35 0.06
0.51 0.90 0.03 0.86
0.63 0.06 0.51 0.70
0.06 0.51 0.66 0.76
0.42 0.69 0.18 0.05
0.54 0.53 0.07 0.20
0.72 0.52 0.66 0.26
0.07 0.83 0.51 0.74
0.19 0.29 0.63 0.89
0.05 0.76 0.71 0.61
0.34 0.54 0.55 0.81
0.53 0.07 0.80 0.55
0.69 0.13 0.54 0.59
0.59 0.11 0.67 0.51
1.00 0.04 0.61 0.38
0.05 0.51 0.68 0.53
0.73 0.53 0.66 0.10
0.10 0.76 0.35 0.26
0.41 0.55 0.62 0.42
0.71 0.23 0.71 0.42
0.69 0.52 0.51 0.46
0.51 0.69 0.77 0.02
0.34 0.05 0.61 0.60
0.48 0.38 0.14 1.00
0.29 0.72 0.30 0.91
0.06 0.85 0.56 0.76
0.60 0.64 0.75 0.12
0.52 0.63 0.23 0.55
0.82 0.51 0.52 0.14
0.94 0.33 0.91 0.14
0.53 0.46 0.47 0.66
0.93 0.57 0.03 0.64
0.37 0.72 0.03 0.74
0.50 0.56 0.17 0.86
0.82 0.41 0.60 0.40
0.12 0.72 0.45 0.57
0.12 0.58 0.39 0.67
0.90 0.08 0.56 0.58
0.61 0.22 0.47 0.84
0.76 0.35 0.67 0.36
0.09 0.84 0.15 0.03
0.55 0.86 0.02 0.64
0.05 0.80 0.59 0.66
0.76 0.58 0.17 0.11
0.03 0.56 0.64 0.96
0.47 0.15 0.59 0.64
0.49 0.33 0.58 0.74
0.60 0.32 0.56 0.46
0.55 0.19 0.74 0.51
0.84 0.76 0.04 0.15
0.10 0.49 0.56 0.53
0.78 0.05 0.77 0.03
0.83 0.44 0.61 0.14
0.81 0.57 0.06 0.08
0.16 0.52 0.25 0.58
0.66 0.23 0.66 0.51
0.67 0.02 0.54 0.88
0.64 0.09 0.38 0.99
0.80 0.62 0.03 0.52
0.66 0.14 0.36 0.24
0.16 0.65 0.01 0.89
0.09 0.56 0.37 0.65
0.10 0.62 0.52 0.63
0.97 0.54 0.23 0.16
0.73 0.67 0.01 0.54
0.23 0.16 0.23 0.55
0.07 0.59 0.85 0.08
0.51 0.67 0.35 0.51
0.08 0.74 0.84 0.05
0.16 0.83 0.09 0.75
0.63 0.53 0.06 0.81
0.59 0.12 0.47 0.92
0.08 0.51 0.32 0.60
0.22 0.29 0.69 0.66
0.01 0.57 0.86 0.96
0.14 0.51 0.08 0.09
0.83 0.61 0.65 0.03
0.52 0.60 0.89 0.02
0.76 0.04 0.26 0.71
0.96 0.14 0.35 0.39
0.04 0.56 0.69 0.62
0.58 0.30 0.14 0.96
0.31 0.57 0.06 0.72
0.07 0.83 0.30 0.79
0.61 0.14 0.55 0.82
0.84 0.62 0.59 0.04
0.06 0.67 0.52 0.56
0.65 0.09 0.49 0.54
0.04 0.51 0.37 0.59
0.90 0.57 0.02 0.58
0.64 0.67 0.53 0.02
0.97 0.03 0.52 0.36
0.93 0.10 0.56 0.52
0.54 0.15 0.76 0.54
0.56 0.67 0.01 0.62
0.84 0.52 0.07 0.30
0.02 0.78 0.77 0.95
0.01 0.51 0.77 0.81
0.61 0.69 0.02 0.54
0.69 0.03 0.82 0.11
0.10 0.10 0.51 0.79
0.71 0.60 0.52 0.01
0.58 0.51 0.73 0.07
0.67 0.08 0.05 0.85
0.88 0.61 0.42 0.06
0.07 0.44 0.84 0.80
0.69 0.05 0.55 0.54
0.63 0.09 0.97 0.18
0.06 0.41 0.81 0.80
0.05 0.79 0.65 0.04
0.02 0.69 0.22 0.16
0.15 0.13 0.73 0.57
0.59 0.26 0.01 0.85
0.58 0.21 0.51 0.09
0.66 0.35 0.71 0.07
0.45 0.03 0.58 0.55
0.63 0.01 0.05 0.87
0.12 0.42 0.75 0.72
0.96 0.12 0.66 0.08
0.54 0.32 0.10 0.55
0.47 0.86 0.01 0.59
0.12 0.35 0.97 0.36
0.01 0.93 0.53 0.71
0.01 0.96 0.95 0.47
0.99 0.32 0.03 0.69
0.95 0.04 0.57 0.54
0.77 1.00 0.51 0.02
0.51 0.35 0.10 0.67
0.56 0.52 0.06 0.23
0.03 0.30 0.39 0.83
0.76 0.49 0.17 0.53
0.93 0.59 0.01 0.48
0.51 0.79 0.02 0.68
0.91 0.06 0.65 0.19
0.58 0.71 0.25 0.03
0.05 0.62 0.34 0.58
0.63 0.04 0.65 0.52
0.18 0.31 0.62 0.19
0.78 0.05 0.49 0.29
0.86 0.57 0.01 0.06
0.06 0.72 0.94 0.07
0.63 0.19 0.99 0.01
0.14 0.45 0.96 0.68
0.01 0.58 0.95 0.70
0.15 0.31 0.64 0.65
0.11 0.10 0.21 0.69
0.90 0.55 0.03 0.63
0.57 0.64 0.69 0.02
0.01 0.71 0.89 0.68
0.12 0.56 0.63 0.51
0.53 0.55 0.68 0.01
0.56 0.67 0.47 0.02
0.73 0.02 0.56 0.62
0.25 0.72 0.98 0.03
0.78 0.66 0.01 0.18
0.21 0.77 0.02 0.27
0.63 0.02 0.63 0.12
0.78 0.38 0.03 0.63
0.02 0.36 0.37 0.57
0.54 0.21 0.57 0.50
0.08 0.46 0.23 0.50
0.13 0.51 0.99 0.32
0.52 0.74 0.01 0.84
0.03 0.59 0.60 0.38
0.09 0.17 0.99 0.65
0.73 0.07 0.35 0.62
0.16 0.14 0.94 0.39
0.04 0.55 0.21 0.71
0.20 0.08 0.75 0.83
0.32 0.24 0.68 0.26
0.52 0.52 0.07 0.72
0.02 0.51 0.73 0.40
0.56 0.58 0.03 0.02
0.55 0.61 0.62 0.07
0.01 0.69 0.62 0.92
0.59 0.18 0.77 0.36
0.21 0.34 0.30 0.54
0.51 0.12 0.53 0.38
0.10 0.33 0.70 0.51
0.51 0.31 0.18 0.65
0.32 0.34 0.09 0.72
0.99 0.01 0.97 0.06
0.54 0.25 0.92 0.20
0.57 0.15 0.02 0.68
0.93 0.33 0.71 0.04
0.75 0.23 0.38 0.12
0.57 0.05 0.42 0.94
0.47 0.02 0.78 0.73
0.82 0.21 0.03 0.65
0.09 0.26 0.72 0.59
0.54 0.07 0.16 0.56
0.63 0.55 0.02 0.31
0.53 0.02 0.87 0.72
0.23 0.11 0.86 0.41
0.51 0.28 0.65 0.06
0.51 0.01 0.58 0.29
0.27 0.37 0.55 0.35
0.83 0.51 0.06 0.59
0.12 0.67 0.58 0.09
0.96 0.21 0.93 0.02
0.68 0.10 0.03 0.67
0.02 0.04 0.78 0.79
0.54 0.53 0.93 0.03
0.51 0.76 0.02 0.64
0.52 0.62 0.05 0.51
0.02 0.61 0.62 0.18
0.65 0.09 0.09 0.27
0.77 0.53 0.86 0.01
0.23 0.03 0.74 0.83
0.03 0.18 0.51 0.53
0.01 0.64 0.56 0.71
0.23 0.02 0.63 0.63
0.23 0.53 0.03 0.79
0.55 0.04 0.87 0.10
0.22 0.10 0.68 0.54
0.22 0.40 0.35 0.48
0.55 0.10 0.52 0.52
0.05 0.80 0.11 0.96
0.02 0.59 0.31 0.89
0.48 0.55 0.35 0.06
0.81 0.49 0.94 0.02
0.86 0.04 0.36 0.62
0.96 0.42 0.01 0.54
0.53 0.04 0.08 0.74
0.57 0.05 0.07 0.98
0.76 0.12 0.25 0.14
0.02 0.15 0.75 0.71
0.29 0.54 0.02 1.00
0.55 0.71 0.57 0.04
0.38 0.68 0.07 0.65
0.52 0.72 0.56 0.02
0.05 0.54 0.71 0.33
0.03 0.47 0.52 0.14
0.01 0.69 0.98 0.54
0.52 0.03 0.53 0.80
0.82 0.01 0.52 0.47
0.66 0.05 0.57 0.71
0.75 0.51 0.05 0.64
0.51 0.75 0.62 0.02
0.56 0.52 0.52 0.05
0.01 0.04 0.99 0.90
0.34 0.03 0.55 0.50
0.02 0.63 0.54 0.18
0.74 0.11 1.00 0.05
0.94 0.26 0.71 0.05
0.08 0.14 0.28 0.77
0.39 0.02 0.57 0.64
0.37 0.01 0.78 0.86
0.63 0.35 0.02 0.57
0.77 0.28 0.77 0.02
0.24 0.19 0.76 0.37
0.97 0.08 0.62 0.10
0.76 0.05 0.55 0.21
0.23 0.78 0.43 0.06
0.11 0.52 0.96 0.05
0.62 0.02 0.13 0.47
0.84 0.54 0.04 0.52
0.92 0.98 0.31 0.01
0.41 0.70 0.04 0.77
0.05 0.73 0.20 0.88
0.53 0.72 0.02 0.32
0.15 0.19 0.68 0.52
0.60 0.56 0.02 0.62
0.01 0.56 0.33 0.79
0.14 0.65 0.07 0.65
0.01 0.72 0.80 0.70
0.33 0.09 0.68 0.61
0.54 0.20 0.15 0.54
0.04 0.58 0.89 0.01
0.40 0.03 0.87 0.06
0.19 0.21 0.96 0.29
0.32 0.58 0.57 0.07
0.13 1.00 0.08 0.95
0.06 0.52 0.16 0.48
0.09 0.41 0.19 0.86
0.54 0.34 0.56 0.08
0.01 0.55 0.51 0.71
0.29 0.57 0.06 0.77
0.01 0.51 0.56 0.80
0.01 0.79 0.90 0.53
0.01 0.75 0.86 0.32
0.52 0.66 0.57 0.02
0.51 0.18 0.16 0.80
0.08 0.83 0.62 0.04
0.59 0.20 0.20 0.47
