500 4
0.95 0.03 0.58 0.94
0.58 0.92 0.87 0.76
0.60 0.99 0.71 0.85
0.82 0.68 0.65 0.54
0.74 1.00 0.89 0.69
0.65 0.85 0.51 0.75
0.89 0.53 0.81 0.91
0.79 0.95 0.13 0.60
0.71 0.64 0.71 0.88
0.93 0.53 0.77 0.57
0.71 0.67 0.72 0.68
0.52 0.85 0.74 0.96
0.79 0.75 0.19 0.91
0.63 0.51 0.99 0.95
0.63 0.81 0.98 0.58
0.66 0.62 0.07 0.93
0.32 0.80 0.91 0.40
0.09 0.66 1.00 0.56
0.83 0.91 0.71 0.53
0.61 0.61 0.06 0.95
0.19 0.57 0.76 0.02
0.64 0.76 0.61 0.92
0.59 0.83 0.70 0.73
0.62 0.68 0.65 0.88
0.52 0.86 0.61 0.84
0.69 0.52 0.55 0.86
0.56 0.53 0.52 0.93
0.72 0.81 0.25 0.63
0.17 0.74 0.90 1.00
0.86 0.59 0.63 0.76
0.92 0.53 0.92 0.84
0.64 0.83 0.52 0.89
0.83 0.12 0.77 0.72
0.19 0.53 0.94 0.52
1.00 0.94 0.68 0.14
0.56 0.07 0.65 0.51
0.66 0.17 0.60 0.88
0.11 0.58 0.51 0.46
0.74 0.63 0.35 0.86
0.99 0.71 0.60 0.37
0.52 0.02 0.81 0.74
0.01 0.57 0.90 0.85
0.92 0.42 0.53 0.77
0.97 0.96 0.57 0.16
0.07 0.99 0.20 0.65
0.44 0.43 0.75 0.73
0.76 0.72 0.04 0.75
0.98 0.48 0.98 0.44
0.54 0.65 0.67 0.19
0.41 0.65 0.40 0.77
0.79 0.56 0.48 0.90
0.54 0.05 0.65 0.82
0.71 0.60 0.02 0.83
0.59 0.52 0.52 0.84
0.80 0.96 0.21 0.08
0.18 0.55 0.51 0.62
0.59 0.58 0.45 0.58
0.65 0.85 0.28 0.58
0.02 0.61 0.15 0.85
0.57 0.66 0.02 0.83
0.13 0.53 0.60 0.53
0.96 0.65 0.51 0.13
0.51 0.88 0.05 0.56
1.00 0.93 0.34 0.17
0.08 0.91 0.81 0.52
0.62 0.83 0.42 0.53
0.22 0.68 0.64 0.32
0.93 0.51 0.59 0.52
0.66 0.19 0.58 0.11
0.89 0.11 0.99 0.46
0.93 0.93 0.28 0.35
0.60 0.97 0.55 0.38
0.54 0.53 0.51 0.72
0.79 0.98 0.02 0.81
0.79 1.00 0.36 0.45
0.10 0.79 0.93 0.52
0.51 0.57 0.30 0.74
0.52 0.61 0.03 0.65
0.53 0.70 0.64 0.18
0.59 0.25 0.54 0.65
0.31 0.87 0.14 0.28
0.63 0.83 0.38 0.54
0.41 0.43 0.08 0.79
0.81 0.29 0.65 0.01
0.63 0.51 0.28 0.63
0.62 0.53 0.15 0.56
0.53 0.26 0.58 0.98
0.69 0.33 0.50 0.75
0.58 0.26 0.73 0.09
0.89 0.93 0.53 0.07
0.75 0.67 0.53 0.02
0.29 0.30 0.70 0.69
0.62 0.95 0.68 0.17
0.07 0.60 0.83 0.77
0.02 0.48 0.91 0.58
0.06 0.86 0.77 0.07
0.81 0.52 0.29 0.49
0.02 0.43 0.58 0.69
0.18 0.07 0.70 0.65
0.62 0.82 0.63 0.19
0.51 0.80 0.08 0.59
0.89 0.89 0.07 0.06
0.54 0.54 0.69 0.07
0.74 0.26 0.51 0.95
0.54 0.17 0.40 0.94
0.60 0.73 0.54 0.13
0.04 0.74 0.37 0.57
0.70 0.77 0.31 0.19
0.57 0.38 0.63 0.67
0.74 0.37 0.48 0.55
0.03 0.10 0.72 0.55
0.54 0.26 0.62 0.69
0.40 0.52 0.41 0.68
0.01 0.72 0.96 0.65
0.60 0.54 0.14 0.58
0.54 0.25 0.55 0.57
0.88 0.27 0.39 0.99
0.62 0.03 0.47 0.47
0.55 0.41 0.75 0.26
0.59 0.08 0.64 0.71
0.52 0.16 0.65 0.67
0.88 0.78 0.29 0.48
0.92 0.51 0.06 0.86
0.87 0.12 0.60 0.18
0.29 0.21 0.14 0.74
0.80 0.14 0.26 0.52
0.09 0.64 0.36 0.57
0.87 0.84 0.01 0.74
0.02 0.81 0.85 0.18
0.06 0.06 0.68 0.94
0.88 0.27 0.52 0.13
0.51 0.40 0.91 0.41
0.58 0.62 0.60 0.04
0.59 0.79 0.59 0.05
0.66 0.64 0.65 0.03
0.58 0.13 0.54 0.97
0.88 0.62 0.23 0.06
0.10 0.59 0.51 0.73
0.88 0.55 0.08 0.57
0.75 0.10 0.11 0.70
0.63 0.85 0.51 0.10
0.25 0.99 0.57 0.16
0.85 0.23 0.06 0.82
0.80 0.83 0.11 0.10
0.93 0.54 0.57 0.04
0.69 0.60 0.10 0.76
0.54 0.69 0.41 0.42
0.60 0.57 0.53 0.04
0.51 0.55 0.64 0.15
0.92 0.02 0.79 0.54
0.65 0.53 0.46 0.30
0.09 0.61 0.76 0.28
0.86 0.20 0.03 0.80
0.63 0.56 0.58 0.30
0.91 0.01 0.67 0.85
0.58 0.81 0.59 0.26
0.13 0.66 0.93 0.16
0.48 0.31 0.68 0.47
0.43 0.72 0.08 0.61
0.77 0.53 0.54 0.18
0.09 0.06 0.63 0.21
0.58 0.18 0.31 0.63
0.93 0.98 0.17 0.03
0.61 0.74 0.32 0.57
0.53 0.52 0.62 0.30
0.92 0.98 0.02 0.70
0.61 0.56 0.54 0.55
0.08 0.83 1.00 0.10
0.57 0.54 0.64 0.10
0.80 0.47 0.43 0.21
0.17 0.27 0.60 0.04
0.09 0.63 0.56 0.81
0.39 0.02 0.97 0.82
0.69 0.67 0.15 0.02
0.02 0.94 0.55 0.67
0.91 0.61 0.20 0.55
0.55 0.51 0.51 0.67
0.70 0.01 0.79 0.99
0.54 0.13 0.30 0.67
0.53 0.10 0.45 0.90
0.02 0.23 0.55 0.66
0.76 0.02 0.76 0.75
0.79 0.54 0.42 0.54
0.78 0.64 0.04 0.21
0.59 0.47 0.57 0.54
0.41 0.03 0.58 0.01
0.07 0.58 0.61 0.01
0.34 0.05 0.67 0.89
0.77 0.74 0.01 0.64
0.77 0.02 0.95 0.65
0.92 0.04 0.02 0.78
0.36 0.54 0.37 0.57
0.79 0.44 0.57 0.26
0.52 0.52 0.53 0.65
0.42 0.75 0.21 0.04
0.61 0.55 0.57 0.30
0.59 0.52 0.53 0.53
0.84 0.73 0.09 0.03
0.56 0.83 0.02 0.99
0.51 0.14 0.24 0.95
0.01 0.92 0.70 0.79
0.72 0.02 0.60 0.89
0.68 0.63 0.21 0.16
0.93 0.01 0.85 0.63
0.73 0.37 0.16 0.58
0.05 0.57 0.71 0.27
0.01 0.85 0.57 0.94
0.83 0.61 0.38 0.46
0.77 0.12 0.57 0.06
0.59 0.02 0.44 1.00
0.30 0.88 0.10 0.74
0.98 0.60 0.51 0.16
0.01 0.79 0.95 0.36
0.83 0.53 0.24 0.51
0.70 0.41 0.55 0.07
0.56 0.31 0.40 0.56
0.94 0.57 0.34 0.23
0.92 0.01 0.86 0.84
0.19 0.18 0.60 0.03
0.85 0.97 0.03 0.56
0.68 0.81 0.07 0.56
0.79 0.25 0.28 0.62
0.65 0.98 0.03 0.19
0.27 0.76 0.57 0.31
0.56 0.01 0.51 0.79
0.02 1.00 0.62 0.55
0.65 0.24 0.52 0.39
0.61 0.01 0.92 0.62
0.78 0.52 0.36 0.55
0.04 0.67 0.92 0.51
0.03 0.78 0.51 0.63
0.76 0.88 0.05 0.55
0.76 0.65 0.08 0.63
0.67 0.57 0.06 0.71
0.64 0.58 0.51 0.45
0.61 0.08 0.15 0.93
0.55 0.42 0.26 0.65
0.17 0.95 0.18 0.68
0.77 0.39 0.34 0.53
0.07 0.53 0.94 0.54
0.70 0.59 0.35 0.53
0.97 0.88 0.03 0.61
0.02 0.68 0.14 0.62
0.29 0.08 0.57 0.64
0.13 0.52 0.51 0.98
0.56 0.66 0.42 0.27
0.24 0.84 0.01 0.65
0.20 0.60 0.04 0.67
0.60 0.65 0.31 0.56
0.18 0.47 0.57 0.03
0.19 0.24 0.20 0.17
0.88 0.03 0.19 0.68
0.03 0.22 0.72 0.08
0.89 0.02 0.95 0.61
0.64 0.53 0.49 0.12
0.06 0.02 0.52 0.71
0.41 0.65 0.09 0.63
0.56 0.56 0.02 0.55
0.10 0.62 0.52 0.17
0.74 0.05 0.18 0.79
0.67 0.73 0.01 1.00
0.33 0.19 0.51 0.98
0.70 0.26 0.03 0.69
0.52 0.76 0.05 0.34
0.92 0.22 0.19 0.57
0.64 0.14 0.38 0.65
0.72 0.51 0.56 0.03
0.10 0.88 0.20 0.61
0.60 0.17 0.16 0.67
0.56 0.58 0.55 0.07
0.01 0.20 0.43 0.73
0.85 0.02 0.20 0.87
0.68 0.37 0.57 0.10
0.72 0.37 0.34 0.16
0.08 0.66 0.45 0.68
0.74 0.30 0.54 0.12
0.90 0.57 0.12 0.32
0.61 0.51 0.38 0.13
0.70 0.47 0.02 0.88
0.07 0.45 0.58 0.56
0.17 0.04 0.83 0.58
0.79 0.11 0.32 0.62
0.41 0.16 0.53 0.64
0.51 0.60 0.15 0.53
0.52 0.05 0.50 0.84
0.01 0.52 0.86 0.69
0.75 0.82 0.01 0.90
0.73 0.85 0.13 0.08
0.64 0.52 0.06 0.53
0.34 0.29 0.61 0.01
0.60 0.34 0.06 0.54
0.01 0.85 0.91 0.48
0.52 0.15 0.17 0.74
0.89 0.02 0.68 0.54
0.36 0.21 0.07 0.02
0.09 0.11 0.01 0.86
0.63 0.01 0.68 0.64
0.34 0.66 0.10 0.64
0.07 0.95 0.51 0.56
0.57 0.58 0.05 0.36
0.80 0.69 0.01 0.74
0.42 0.58 0.05 0.79
0.68 0.14 0.30 0.60
0.11 0.52 0.55 0.64
0.76 0.09 0.12 0.71
0.62 0.01 0.61 0.71
0.09 0.24 0.53 0.54
0.01 0.63 0.78 0.72
0.01 0.03 0.76 0.94
0.54 0.01 0.87 0.64
0.78 0.13 0.46 0.66
0.02 0.59 0.75 0.12
0.95 0.02 0.75 0.51
0.55 0.64 0.02 0.55
0.70 0.13 0.53 0.06
0.28 0.81 0.44 0.11
0.67 0.04 0.11 0.55
0.51 0.78 0.06 0.31
0.55 0.02 0.45 0.74
0.03 0.72 0.54 0.56
0.51 0.01 0.85 0.87
0.10 0.84 0.40 0.56
0.83 0.02 0.70 0.58
0.02 0.90 0.36 0.55
0.53 0.07 0.51 0.62
0.27 0.84 0.55 0.04
0.70 0.10 0.56 0.21
0.04 0.72 0.65 0.19
0.94 0.89 0.56 0.01
0.52 0.18 0.52 0.61
0.27 0.52 0.12 0.82
0.08 0.20 0.82 0.16
0.89 0.01 0.15 0.04
0.51 0.96 0.03 0.56
0.59 0.07 0.53 0.05
0.10 0.62 0.10 0.83
0.55 0.09 0.39 0.59
0.45 0.19 0.32 0.72
0.03 0.67 0.71 0.62
0.37 0.04 0.63 0.70
0.17 0.16 0.72 0.13
0.16 0.53 0.16 0.72
0.01 0.04 0.80 0.50
0.43 0.01 0.79 0.78
0.87 0.02 0.53 0.61
0.59 1.00 0.54 0.01
0.05 0.54 0.66 0.13
0.71 0.80 0.01 0.80
0.72 0.01 0.34 0.38
0.59 0.85 0.04 0.04
0.23 0.23 0.14 0.39
0.59 0.10 0.16 0.56
0.22 0.82 0.02 0.67
0.07 0.20 0.97 0.18
0.62 0.14 0.06 0.71
0.61 0.01 0.72 0.68
0.52 0.06 0.09 0.58
0.98 0.02 0.08 0.91
0.69 0.52 0.03 0.83
0.57 0.01 0.66 0.60
0.71 0.12 0.46 0.49
0.84 0.79 0.03 0.29
0.66 0.01 0.50 0.84
0.21 0.55 0.10 0.55
0.51 0.08 0.20 0.60
0.15 0.01 0.97 0.75
0.86 0.16 0.35 0.28
0.08 0.01 0.85 0.57
0.02 0.56 0.53 0.12
0.74 0.71 0.01 0.67
0.41 0.13 0.21 0.83
0.34 0.14 0.49 0.83
0.01 0.73 0.64 0.67
0.58 0.87 0.02 0.39
0.79 0.11 0.23 0.18
0.69 0.53 0.05 0.62
0.15 0.03 0.65 0.59
0.52 0.11 0.14 0.45
0.60 0.84 0.03 0.52
0.26 0.71 0.01 0.82
0.15 0.88 0.02 0.75
0.53 0.76 0.01 0.57
0.23 0.85 0.13 0.53
0.15 0.53 0.54 0.53
0.41 0.08 0.42 0.55
0.54 0.02 0.47 1.00
0.04 0.51 0.59 0.16
0.14 0.25 0.31 0.81
0.04 0.54 0.15 0.90
0.08 0.90 0.35 0.23
0.70 0.13 0.05 0.21
0.83 0.82 0.03 0.54
0.02 0.80 0.39 0.47
0.69 0.52 0.05 0.75
0.01 0.70 0.60 0.60
0.64 0.71 0.57 0.01
0.64 0.12 0.06 0.18
0.05 0.51 0.54 0.55
0.06 0.69 0.45 0.54
0.02 0.49 0.75 0.61
0.52 0.06 0.03 0.88
0.14 0.55 0.71 0.01
0.09 0.39 0.28 0.64
0.22 0.82 0.06 0.59
0.52 0.68 0.01 0.77
0.38 0.62 0.02 0.70
0.64 0.76 0.03 0.33
0.15 0.18 0.54 0.70
0.10 0.16 0.51 0.75
0.87 0.52 0.03 0.64
0.03 0.14 0.01 0.79
0.81 0.73 0.18 0.01
0.03 0.55 0.51 0.58
0.56 0.84 0.06 0.05
0.09 0.53 0.51 0.47
0.58 0.03 0.30 0.83
0.62 0.51 0.04 0.73
0.17 0.99 0.27 0.13
0.07 0.92 0.29 0.52
0.02 0.95 0.22 0.51
0.18 0.18 0.11 0.52
0.90 0.57 0.03 0.06
0.55 0.98 0.11 0.01
0.07 0.24 0.53 0.58
0.38 0.03 0.07 0.92
0.80 0.07 0.33 0.51
0.51 0.90 0.04 0.54
0.23 0.81 0.02 0.55
0.01 0.56 0.85 0.17
0.93 0.69 0.56 0.01
0.85 0.10 0.17 0.50
0.10 0.74 0.51 0.26
0.56 0.70 0.03 0.33
0.21 0.08 0.56 0.58
0.83 0.49 0.04 0.50
0.29 0.01 0.11 0.58
0.51 0.20 0.48 0.11
0.93 0.56 0.01 0.61
0.53 0.58 0.04 0.54
0.51 0.70 0.04 0.10
0.67 0.83 0.56 0.01
0.32 0.76 0.08 0.55
0.72 0.18 0.04 0.42
0.18 0.98 0.04 0.73
0.05 0.22 0.66 0.71
0.01 0.68 0.53 0.45
0.93 0.69 0.02 0.42
0.46 0.02 0.67 0.52
0.67 0.95 0.02 0.32
0.33 0.91 0.10 0.54
0.01 0.64 1.00 0.10
0.18 0.59 0.27 0.24
0.78 0.88 0.01 0.46
0.76 0.02 0.54 0.05
0.58 0.28 0.05 0.64
0.16 0.42 0.15 0.57
0.01 0.61 0.89 0.05
0.05 0.79 0.12 0.69
0.58 0.53 0.06 0.51
0.36 0.12 0.03 0.85
0.06 0.50 0.72 0.02
0.69 0.58 0.02 0.52
0.06 0.89 0.67 0.05
0.25 0.57 0.07 0.60
0.77 0.77 0.01 0.18
0.53 0.09 0.51 0.52
0.02 0.52 0.54 0.14
0.56 0.95 0.02 0.54
0.86 0.62 0.05 0.13
0.01 0.96 0.75 0.22
0.01 0.66 0.54 0.71
0.21 0.66 0.08 0.56
0.04 0.59 0.43 0.54
0.04 0.58 0.34 0.58
0.02 0.08 0.62 0.67
1.00 0.01 0.09 0.95
0.12 0.07 0.51 0.86
0.18 0.51 0.03 0.39
0.16 0.02 0.36 0.52
0.71 0.01 0.53 0.53
0.09 0.03 0.51 0.99
0.01 0.73 0.52 0.61
0.58 0.96 0.01 0.28
0.09 0.77 0.24 0.31
0.05 0.63 0.23 0.67
0.09 0.52 0.33 0.12
0.10 0.99 0.14 0.55
0.21 0.96 0.52 0.11
0.36 0.94 0.01 0.53
0.96 0.01 0.52 0.03
0.04 0.82 0.39 0.40
0.09 0.67 0.05 0.58
0.70 0.52 0.02 0.77
0.54 0.01 0.55 0.53
0.88 0.21 0.04 0.18
0.51 0.64 0.02 0.58
0.61 0.54 0.02 0.76
0.01 0.06 0.66 0.58
0.17 0.99 0.01 0.63
0.16 0.01 0.73 0.70
