500 4
95 3 58 94
58 92 87 76
60 99 71 85
82 68 65 54
74 100 89 69
65 85 51 75
89 53 81 91
79 95 13 60
71 64 71 88
93 53 77 57
71 67 72 68
52 85 74 96
79 75 19 91
63 51 99 95
63 81 98 58
66 62 7 93
32 80 91 40
9 66 100 56
83 91 71 53
61 61 6 95
19 57 76 2
64 76 61 92
59 83 70 73
62 68 65 88
52 86 61 84
69 52 55 86
56 53 52 93
72 81 25 63
17 74 90 100
86 59 63 76
92 53 92 84
64 83 52 89
83 12 77 72
19 53 94 52
100 94 68 14
56 7 65 51
66 17 60 88
11 58 51 46
74 63 35 86
99 71 60 37
52 2 81 74
1 57 90 85
92 42 53 77
97 96 57 16
7 99 20 65
44 43 75 73
76 72 4 75
98 48 98 44
54 65 67 19
41 65 40 77
79 56 48 90
54 5 65 82
71 60 2 83
59 52 52 84
80 96 21 8
18 55 51 62
59 58 45 58
65 85 28 58
2 61 15 85
57 66 2 83
13 53 60 53
96 65 51 13
51 88 5 56
100 93 34 17
8 91 81 52
62 83 42 53
22 68 64 32
93 51 59 52
66 19 58 11
89 11 99 46
93 93 28 35
60 97 55 38
54 53 51 72
79 98 2 81
79 100 36 45
10 79 93 52
51 57 30 74
52 61 3 65
53 70 64 18
59 25 54 65
31 87 14 28
63 83 38 54
41 43 8 79
81 29 65 1
63 51 28 63
62 53 15 56
53 26 58 98
69 33 50 75
58 26 73 9
89 93 53 7
75 67 53 2
29 30 70 69
62 95 68 17
7 60 83 77
2 48 91 58
6 86 77 7
81 52 29 49
2 43 58 69
18 7 70 65
62 82 63 19
51 80 8 59
89 89 7 6
54 54 69 7
74 26 51 95
54 17 40 94
60 73 54 13
4 74 37 57
70 77 31 19
57 38 63 67
74 37 48 55
3 10 72 55
54 26 62 69
40 52 41 68
1 72 96 65
60 54 14 58
54 25 55 57
88 27 39 99
62 3 47 47
55 41 75 26
59 8 64 71
52 16 65 67
88 78 29 48
92 51 6 86
87 12 60 18
29 21 14 74
80 14 26 52
9 64 36 57
87 84 1 74
2 81 85 18
6 6 68 94
88 27 52 13
51 40 91 41
58 62 60 4
59 79 59 5
66 64 65 3
58 13 54 97
88 62 23 6
10 59 51 73
88 55 8 57
75 10 11 70
63 85 51 10
25 99 57 16
85 23 6 82
80 83 11 10
93 54 57 4
69 60 10 76
54 69 41 42
60 57 53 4
51 55 64 15
92 2 79 54
65 53 46 30
9 61 76 28
86 20 3 80
63 56 58 30
91 1 67 85
58 81 59 26
13 66 93 16
48 31 68 47
43 72 8 61
77 53 54 18
9 6 63 21
58 18 31 63
93 98 17 3
61 74 32 57
53 52 62 30
92 98 2 70
61 56 54 55
8 83 100 10
57 54 64 10
80 47 43 21
17 27 60 4
9 63 56 81
39 2 97 82
69 67 15 2
2 94 55 67
91 61 20 55
55 51 51 67
70 1 79 99
54 13 30 67
53 10 45 90
2 23 55 66
76 2 76 75
79 54 42 54
78 64 4 21
59 47 57 54
41 3 58 1
7 58 61 1
34 5 67 89
77 74 1 64
77 2 95 65
92 4 2 78
36 54 37 57
79 44 57 26
52 52 53 65
42 75 21 4
61 55 57 30
59 52 53 53
84 73 9 3
56 83 2 99
51 14 24 95
1 92 70 79
72 2 60 89
68 63 21 16
93 1 85 63
73 37 16 58
5 57 71 27
1 85 57 94
83 61 38 46
77 12 57 6
59 2 44 100
30 88 10 74
98 60 51 16
1 79 95 36
83 53 24 51
70 41 55 7
56 31 40 56
94 57 34 23
92 1 86 84
19 18 60 3
85 97 3 56
68 81 7 56
79 25 28 62
65 98 3 19
27 76 57 31
56 1 51 79
2 100 62 55
65 24 52 39
61 1 92 62
78 52 36 55
4 67 92 51
3 78 51 63
76 88 5 55
76 65 8 63
67 57 6 71
64 58 51 45
61 8 15 93
55 42 26 65
17 95 18 68
77 39 34 53
7 53 94 54
70 59 35 53
97 88 3 61
2 68 14 62
29 8 57 64
13 52 51 98
56 66 42 27
24 84 1 65
20 60 4 67
60 65 31 56
18 47 57 3
19 24 20 17
88 3 19 68
3 22 72 8
89 2 95 61
64 53 49 12
6 2 52 71
41 65 9 63
56 56 2 55
10 62 52 17
74 5 18 79
67 73 1 100
33 19 51 98
70 26 3 69
52 76 5 34
92 22 19 57
64 14 38 65
72 51 56 3
10 88 20 61
60 17 16 67
56 58 55 7
1 20 43 73
85 2 20 87
68 37 57 10
72 37 34 16
8 66 45 68
74 30 54 12
90 57 12 32
61 51 38 13
70 47 2 88
7 45 58 56
17 4 83 58
79 11 32 62
41 16 53 64
51 60 15 53
52 5 50 84
1 52 86 69
75 82 1 90
73 85 13 8
64 52 6 53
34 29 61 1
60 34 6 54
1 85 91 48
52 15 17 74
89 2 68 54
36 21 7 2
9 11 1 86
63 1 68 64
34 66 10 64
7 95 51 56
57 58 5 36
80 69 1 74
42 58 5 79
68 14 30 60
11 52 55 64
76 9 12 71
62 1 61 71
9 24 53 54
1 63 78 72
1 3 76 94
54 1 87 64
78 13 46 66
2 59 75 12
95 2 75 51
55 64 2 55
70 13 53 6
28 81 44 11
67 4 11 55
51 78 6 31
55 2 45 74
3 72 54 56
51 1 85 87
10 84 40 56
83 2 70 58
2 90 36 55
53 7 51 62
27 84 55 4
70 10 56 21
4 72 65 19
94 89 56 1
52 18 52 61
27 52 12 82
8 20 82 16
89 1 15 4
51 96 3 56
59 7 53 5
10 62 10 83
55 9 39 59
45 19 32 72
3 67 71 62
37 4 63 70
17 16 72 13
16 53 16 72
1 4 80 50
43 1 79 78
87 2 53 61
59 100 54 1
5 54 66 13
71 80 1 80
72 1 34 38
59 85 4 4
23 23 14 39
59 10 16 56
22 82 2 67
7 20 97 18
62 14 6 71
61 1 72 68
52 6 9 58
98 2 8 91
69 52 3 83
57 1 66 60
71 12 46 49
84 79 3 29
66 1 50 84
21 55 10 55
51 8 20 60
15 1 97 75
86 16 35 28
8 1 85 57
2 56 53 12
74 71 1 67
41 13 21 83
34 14 49 83
1 73 64 67
58 87 2 39
79 11 23 18
69 53 5 62
15 3 65 59
52 11 14 45
60 84 3 52
26 71 1 82
15 88 2 75
53 76 1 57
23 85 13 53
15 53 54 53
41 8 42 55
54 2 47 100
4 51 59 16
14 25 31 81
4 54 15 90
8 90 35 23
70 13 5 21
83 82 3 54
2 80 39 47
69 52 5 75
1 70 60 60
64 71 57 1
64 12 6 18
5 51 54 55
6 69 45 54
2 49 75 61
52 6 3 88
14 55 71 1
9 39 28 64
22 82 6 59
52 68 1 77
38 62 2 70
64 76 3 33
15 18 54 70
10 16 51 75
87 52 3 64
3 14 1 79
81 73 18 1
3 55 51 58
56 84 6 5
9 53 51 47
58 3 30 83
62 51 4 73
17 99 27 13
7 92 29 52
2 95 22 51
18 18 11 52
90 57 3 6
55 98 11 1
7 24 53 58
38 3 7 92
80 7 33 51
51 90 4 54
23 81 2 55
1 56 85 17
93 69 56 1
85 10 17 50
10 74 51 26
56 70 3 33
21 8 56 58
83 49 4 50
29 1 11 58
51 20 48 11
93 56 1 61
53 58 4 54
51 70 4 10
67 83 56 1
32 76 8 55
72 18 4 42
18 98 4 73
5 22 66 71
1 68 53 45
93 69 2 42
46 2 67 52
67 95 2 32
33 91 10 54
1 64 100 10
18 59 27 24
78 88 1 46
76 2 54 5
58 28 5 64
16 42 15 57
1 61 89 5
5 79 12 69
58 53 6 51
36 12 3 85
6 50 72 2
69 58 2 52
6 89 67 5
25 57 7 60
77 77 1 18
53 9 51 52
2 52 54 14
56 95 2 54
86 62 5 13
1 96 75 22
1 66 54 71
21 66 8 56
4 59 43 54
4 58 34 58
2 8 62 67
100 1 9 95
12 7 51 86
18 51 3 39
16 2 36 52
71 1 53 53
9 3 51 99
1 73 52 61
58 96 1 28
9 77 24 31
5 63 23 67
9 52 33 12
10 99 14 55
21 96 52 11
36 94 1 53
96 1 52 3
4 82 39 40
9 67 5 58
70 52 2 77
54 1 55 53
88 21 4 18
51 64 2 58
61 54 2 76
1 6 66 58
17 99 1 63
16 1 73 70
