500 4
0.72 0.16 0.58 0.54
0.55 0.85 0.66 0.81
0.33 0.93 0.53 0.65
0.56 0.39 0.83 0.16
0.67 0.88 0.67 0.56
0.51 0.68 0.57 0.62
0.80 0.74 0.51 0.94
0.54 0.01 0.92 0.52
0.93 0.53 0.62 0.51
0.99 0.73 0.52 0.94
0.62 0.69 0.56 0.87
1.00 0.63 0.52 0.85
0.71 0.77 0.56 0.44
0.46 0.06 0.84 0.83
0.60 0.78 0.69 0.30
0.88 0.51 0.58 0.44
0.33 0.71 0.53 0.99
0.70 0.74 0.66 0.56
0.33 0.55 0.94 0.94
0.09 0.55 0.66 0.74
0.97 0.11 0.98 0.08
0.84 0.80 0.38 0.78
0.79 0.71 0.07 0.09
0.53 0.88 0.80 0.53
0.19 0.97 0.63 0.56
0.54 0.43 0.49 0.75
0.58 0.49 0.55 0.74
0.94 0.57 0.38 0.74
0.85 0.35 0.11 0.75
0.70 0.97 0.17 0.05
0.51 0.80 0.52 0.86
0.68 0.68 0.52 0.55
0.76 0.95 0.51 0.24
0.73 0.57 0.64 0.39
0.16 0.83 0.62 0.25
0.67 0.65 0.77 0.69
0.55 0.63 0.76 0.52
0.54 0.34 0.53 0.53
0.13 0.90 0.10 0.91
0.60 0.16 0.87 0.59
0.52 0.67 0.64 0.69
0.73 0.90 0.54 0.35
0.78 0.02 0.64 0.91
0.69 0.53 0.48 0.80
0.51 0.58 0.44 0.64
0.92 0.14 0.69 0.58
0.70 0.57 0.53 0.08
0.36 0.49 0.64 0.93
0.70 0.88 0.52 0.53
0.10 0.78 0.88 0.66
0.58 0.57 0.79 0.12
0.31 0.74 0.92 0.67
0.76 0.14 0.80 0.62
0.86 0.55 0.52 0.66
0.82 0.05 0.56 0.90
0.22 0.80 0.81 0.50
0.62 0.28 0.58 0.79
0.05 0.56 0.61 0.87
0.58 0.56 0.41 0.21
0.59 0.75 0.73 0.14
0.74 0.77 0.03 0.83
0.23 0.72 0.05 0.51
0.96 0.51 0.76 0.04
0.98 0.62 0.73 0.06
0.97 0.20 0.53 0.94
0.01 0.85 0.96 0.61
0.29 0.64 0.58 0.72
0.02 0.66 0.38 0.82
0.06 0.42 0.72 0.63
0.10 0.74 0.51 0.73
0.34 0.55 0.17 0.93
0.73 0.52 0.52 0.65
0.37 0.60 0.46 0.66
0.42 0.14 0.63 0.87
0.87 0.69 0.28 0.53
0.52 0.60 0.17 0.03
0.22 0.58 0.75 0.56
0.75 0.18 0.51 0.45
0.83 0.52 0.82 0.41
0.60 0.54 0.63 0.14
0.63 0.16 0.83 0.86
0.60 0.24 0.54 0.64
0.94 0.55 0.56 0.08
0.55 0.53 0.38 0.84
0.83 0.51 0.23 0.74
0.15 0.78 0.15 0.60
0.60 0.51 0.33 0.59
0.61 0.59 0.35 0.44
0.98 0.09 0.57 0.68
0.60 0.58 0.04 0.98
0.72 0.13 0.65 0.96
0.85 0.15 0.53 0.59
0.13 1.00 0.65 0.63
0.29 0.52 0.99 0.57
0.60 0.34 0.35 0.81
0.53 0.56 0.56 0.83
0.80 0.17 0.69 0.36
0.13 0.56 0.73 0.30
0.98 0.92 0.03 0.73
0.44 0.62 0.03 0.63
0.21 0.73 0.67 0.51
0.22 0.51 0.51 0.51
0.40 0.66 0.36 0.87
0.61 0.04 0.96 0.44
0.52 0.70 0.01 0.90
0.02 0.90 0.59 0.56
0.78 0.81 0.65 0.01
0.70 0.54 0.14 0.70
0.83 0.95 0.03 0.57
0.21 0.58 0.36 0.83
0.31 0.36 0.36 0.99
0.57 0.85 0.01 0.13
0.04 0.89 0.72 0.76
0.74 0.26 0.46 0.82
0.03 0.96 0.88 0.22
0.09 0.73 0.70 0.63
0.20 0.96 0.57 0.08
0.82 0.03 0.67 0.70
0.58 0.14 0.68 0.78
0.33 0.74 0.66 0.34
0.87 0.17 0.26 0.82
0.69 0.95 0.95 0.01
0.66 0.02 0.63 1.00
0.89 0.55 0.65 0.07
0.75 0.04 0.58 0.90
0.53 0.40 0.72 0.64
0.48 0.54 0.69 0.06
0.22 0.62 0.01 0.72
0.46 0.12 0.69 0.78
0.45 0.95 0.56 0.49
0.14 0.60 0.59 0.77
0.97 0.35 0.06 0.65
0.85 0.08 0.62 0.57
0.92 0.06 0.62 0.61
0.57 0.23 0.37 0.53
0.58 0.82 0.12 0.33
0.76 0.09 0.43 0.61
0.84 0.24 0.75 0.14
0.67 0.04 0.72 0.69
0.95 0.57 0.27 0.55
0.72 0.49 0.61 0.52
0.78 0.16 0.04 0.81
0.42 0.46 0.88 0.11
0.09 0.56 1.00 0.39
0.47 0.73 0.52 0.17
0.71 0.54 0.50 0.31
0.96 0.57 0.40 0.18
0.56 0.13 0.84 0.73
0.54 0.26 0.70 0.72
0.62 0.10 0.70 0.91
0.19 0.74 0.55 0.69
0.08 0.53 0.61 0.72
0.42 0.79 0.55 0.36
0.69 0.17 0.87 0.33
0.21 0.83 0.22 0.51
0.93 0.16 0.24 0.73
0.43 0.08 0.84 0.52
0.46 0.38 0.48 0.80
0.70 0.20 0.62 0.81
0.54 0.15 0.70 0.77
0.65 0.34 0.62 0.38
0.08 1.00 0.04 0.22
0.02 0.77 0.94 0.61
0.58 0.66 0.69 0.01
0.04 0.79 0.69 0.80
0.67 0.14 0.69 0.70
0.06 0.11 0.79 0.62
0.54 0.57 0.62 0.11
0.10 0.62 0.59 0.59
0.85 0.16 0.18 0.51
0.08 0.79 0.61 0.56
0.82 0.05 0.53 0.86
0.56 0.31 0.56 0.35
0.92 0.27 0.29 0.39
0.02 0.19 0.75 0.72
0.54 0.09 0.61 0.54
0.69 0.58 0.06 0.79
0.97 0.08 0.52 0.89
0.06 0.68 0.99 0.61
0.93 0.51 0.65 0.06
0.71 0.07 0.61 0.81
0.10 0.36 0.73 0.60
0.75 0.50 0.22 0.54
0.88 0.52 0.21 0.15
1.00 0.02 0.28 0.89
0.72 0.63 0.92 0.02
0.95 0.02 0.53 0.93
0.52 0.39 0.68 0.66
0.53 0.37 0.66 0.53
0.25 0.42 0.67 0.56
0.85 0.52 0.54 0.35
0.71 0.34 0.69 0.06
0.48 0.59 0.29 0.77
0.02 0.98 0.84 0.51
0.88 0.09 0.57 0.56
1.00 0.03 0.66 0.88
0.91 0.04 0.66 0.74
0.61 0.54 0.02 0.64
0.59 0.40 0.97 0.09
0.11 0.52 0.59 0.94
0.18 0.08 0.54 0.63
0.85 0.01 0.84 0.11
0.18 0.65 0.34 0.60
0.58 0.69 0.07 0.56
0.40 0.38 0.82 0.37
0.09 0.06 0.59 0.96
0.47 0.69 0.28 0.51
0.08 0.72 0.71 0.69
0.35 0.79 0.82 0.10
0.80 0.55 0.02 0.58
0.15 0.22 0.77 0.64
0.05 0.58 0.60 0.96
0.51 0.32 0.15 0.53
0.70 0.07 0.56 0.54
0.06 0.56 0.67 0.69
0.62 0.55 0.31 0.51
0.95 0.03 0.39 0.13
0.70 0.10 0.51 0.56
0.07 0.62 0.59 0.51
0.80 0.05 0.83 0.30
0.33 0.60 0.08 0.53
0.56 0.52 0.90 0.07
0.04 0.57 0.70 0.71
0.72 0.43 0.52 0.52
0.53 1.00 0.06 0.06
0.10 0.92 0.53 0.59
0.26 0.05 0.65 0.56
0.94 0.20 0.62 0.27
0.83 0.11 0.35 0.70
0.68 0.07 0.87 0.02
0.34 0.56 0.71 0.46
0.90 0.65 0.07 0.03
0.65 0.54 0.55 0.48
0.81 0.05 0.35 0.35
0.87 0.62 0.05 0.52
0.79 0.82 0.04 0.60
0.72 0.02 0.69 0.25
0.56 0.15 0.66 0.39
0.29 0.97 0.74 0.01
0.85 0.09 0.14 0.84
0.05 0.82 0.69 0.56
0.53 0.86 0.01 0.58
0.48 0.08 0.64 0.59
0.03 0.91 0.72 0.51
0.02 0.07 0.52 0.86
0.59 0.16 0.53 0.80
0.07 0.59 0.65 0.69
0.53 0.55 0.55 0.42
0.02 0.61 0.66 0.77
0.43 0.53 0.24 0.56
0.06 0.92 0.12 0.83
0.73 0.12 0.01 0.56
0.66 0.25 0.01 0.08
0.82 0.01 0.90 0.03
0.72 0.10 0.35 0.61
0.21 0.62 0.58 0.56
0.56 0.33 0.84 0.14
0.08 0.73 0.07 0.78
0.52 0.46 0.02 0.80
0.06 0.59 0.52 0.02
0.56 0.19 0.52 0.67
0.58 0.58 0.02 0.51
0.28 0.35 0.15 0.52
0.72 0.55 0.37 0.03
0.23 0.60 0.06 0.63
0.87 0.14 0.33 0.05
0.37 0.83 0.03 0.11
0.80 0.50 0.71 0.03
0.77 0.19 0.77 0.11
0.50 0.12 0.59 0.58
0.53 0.04 0.84 0.89
0.90 0.02 0.67 0.88
0.01 0.05 0.80 0.73
0.60 0.20 0.51 0.68
0.10 0.56 0.28 0.53
0.77 0.63 0.81 0.01
0.65 0.21 0.57 0.61
0.52 0.57 0.73 0.01
0.51 0.59 0.06 0.84
0.07 0.78 0.42 0.73
0.61 0.53 0.10 0.63
0.07 0.71 0.33 0.59
0.02 0.13 0.38 0.93
0.55 0.55 0.52 0.11
0.53 0.02 0.66 0.55
0.67 0.07 0.32 0.92
0.99 0.01 0.71 0.90
0.18 0.27 0.87 0.52
0.03 0.82 0.85 0.13
0.30 0.24 0.12 0.96
0.92 0.86 0.61 0.01
0.65 0.16 0.71 0.35
0.24 0.59 0.08 0.65
0.04 0.55 0.95 0.51
0.55 0.34 0.79 0.25
0.09 0.39 0.72 0.15
0.52 0.21 0.21 0.66
0.60 0.01 0.91 0.61
0.04 0.83 0.62 0.74
0.13 0.23 0.73 0.74
0.62 0.18 0.75 0.32
0.02 0.68 0.72 0.71
0.66 0.06 0.64 0.59
0.55 0.31 0.86 0.06
0.84 0.53 0.87 0.01
0.53 0.03 0.60 0.57
0.51 0.07 0.96 0.55
0.59 0.52 0.80 0.01
0.53 0.21 0.86 0.48
0.36 0.06 0.81 0.52
0.01 0.28 0.58 0.68
0.02 0.51 0.32 1.00
0.74 0.02 0.57 0.64
0.52 0.18 0.57 0.30
0.68 0.14 0.33 0.46
0.14 0.31 0.90 0.51
0.65 0.04 0.33 0.64
0.69 0.02 0.59 0.74
0.75 0.03 0.51 0.68
0.22 0.17 0.48 0.20
0.03 0.52 0.88 0.61
0.02 0.58 0.25 0.31
0.94 0.01 0.58 0.21
0.15 0.97 0.02 0.51
0.12 0.51 0.49 0.65
0.02 0.19 0.97 0.67
0.81 0.11 0.24 0.76
0.03 0.91 0.02 0.75
0.07 0.33 0.77 0.31
0.63 0.51 0.01 0.79
0.55 0.53 0.57 0.19
0.04 0.37 0.53 0.63
0.04 0.16 0.02 0.93
0.57 0.19 0.45 0.91
0.73 0.03 0.53 0.64
0.31 0.03 0.67 0.01
0.52 0.71 0.57 0.01
0.04 0.89 0.66 0.18
0.92 0.11 0.10 0.56
0.55 0.59 0.21 0.42
0.13 0.52 0.21 0.58
0.41 0.81 0.02 0.51
0.58 0.02 0.58 0.78
0.74 0.06 0.22 0.79
0.06 0.52 0.77 0.58
0.62 0.02 0.79 0.51
0.95 0.72 0.02 0.07
0.05 0.74 0.84 0.27
0.01 0.96 0.64 0.60
0.01 0.61 0.85 0.42
0.71 0.49 0.35 0.03
0.89 0.53 0.54 0.02
0.01 0.83 0.57 0.98
0.03 0.54 0.15 0.82
0.37 0.76 0.52 0.01
0.63 0.51 0.61 0.10
0.32 0.16 0.62 0.57
0.01 0.61 0.63 0.52
0.75 0.01 0.81 0.55
0.01 0.77 0.89 0.19
0.61 0.01 0.96 0.16
0.15 0.27 0.55 0.82
0.58 0.81 0.01 0.57
0.03 0.54 0.60 0.63
0.62 0.01 0.64 0.61
0.13 0.56 0.51 0.20
0.54 0.86 0.05 0.09
0.52 0.18 0.28 0.76
0.12 0.32 0.71 0.13
0.52 0.51 0.12 0.75
0.18 0.72 0.01 1.00
0.19 0.40 0.34 0.51
0.01 0.56 0.54 0.83
0.25 0.14 0.50 0.60
0.02 0.65 0.89 0.15
0.90 0.18 0.63 0.03
0.65 0.64 0.54 0.01
0.21 0.52 0.90 0.09
0.68 0.13 0.51 0.53
0.30 0.32 0.40 0.82
0.55 0.05 0.34 0.88
0.01 0.95 0.53 0.63
0.01 0.64 0.98 0.16
0.60 0.26 0.53 0.06
0.76 0.58 0.21 0.07
0.02 0.91 0.73 0.26
0.08 0.53 0.57 0.19
0.25 0.56 0.87 0.10
0.51 0.02 0.65 0.85
0.51 0.17 0.41 0.66
0.01 0.51 0.84 0.53
0.06 0.52 0.78 0.51
0.08 0.65 0.13 0.14
0.82 0.03 0.25 0.80
0.65 0.18 0.15 0.75
0.75 0.13 0.54 0.51
0.02 0.54 0.81 0.52
0.54 0.04 0.01 0.59
0.02 0.41 0.67 0.52
0.14 0.45 0.57 0.50
0.05 0.02 0.69 0.74
0.62 0.54 0.51 0.02
0.52 0.68 0.10 0.09
0.10 0.43 0.51 0.57
0.63 0.06 0.64 0.54
0.13 0.87 0.10 0.01
0.57 0.02 0.51 0.17
0.20 0.02 0.67 0.56
0.14 0.09 0.97 0.55
0.82 0.20 0.19 0.08
0.05 0.55 0.23 0.76
0.44 0.52 0.02 0.74
0.01 0.51 0.90 0.47
0.61 0.01 0.68 0.75
0.54 0.52 0.11 0.55
0.52 0.05 0.52 0.89
0.01 0.58 0.07 0.55
0.08 0.19 0.15 0.46
0.63 0.51 0.12 0.54
0.05 0.21 0.17 0.63
0.05 0.02 0.66 0.64
0.02 0.52 0.12 0.87
0.23 0.77 0.47 0.08
0.25 0.03 0.62 0.61
0.62 0.68 0.02 0.50
0.94 0.69 0.06 0.04
0.31 0.16 0.25 0.69
0.79 0.01 0.76 0.54
0.02 0.29 0.60 0.19
0.53 0.35 0.04 0.61
0.52 0.09 0.63 0.16
0.52 0.01 0.68 0.59
0.81 0.01 0.61 0.14
0.80 0.01 0.52 0.98
0.75 0.17 0.58 0.09
0.55 0.15 0.61 0.33
0.04 0.88 0.76 0.17
0.31 0.60 0.04 0.59
0.41 0.52 0.41 0.09
0.56 0.03 0.53 0.86
0.58 0.01 0.05 0.84
0.24 0.65 0.78 0.01
0.54 0.53 0.17 0.32
0.66 0.05 0.54 0.02
0.51 0.53 0.05 0.51
0.45 0.51 0.07 0.65
0.28 0.52 0.01 0.72
0.19 0.55 0.21 0.43
0.21 0.51 0.01 0.90
0.49 0.74 0.01 0.61
0.81 0.13 0.25 0.08
0.66 0.54 0.20 0.07
0.14 0.05 0.52 0.93
0.03 0.02 0.27 0.55
0.89 0.01 0.53 0.62
0.13 0.55 0.53 0.31
0.03 0.73 0.56 0.11
0.57 0.79 0.03 0.57
0.56 0.42 0.14 0.55
0.87 0.08 0.24 0.52
0.58 0.79 0.03 0.16
0.58 0.79 0.05 0.11
0.58 0.57 0.12 0.12
0.04 0.46 0.61 0.10
0.44 0.63 0.02 0.68
0.41 0.55 0.37 0.38
0.27 0.56 0.28 0.30
0.03 0.86 0.53 0.02
0.46 0.52 0.08 0.63
0.71 0.01 0.71 0.34
0.58 0.83 0.45 0.01
0.93 0.01 0.42 0.74
0.05 0.35 0.77 0.04
0.57 0.82 0.08 0.32
0.54 0.53 0.04 0.36
0.38 0.55 0.16 0.11
0.97 0.63 0.51 0.01
0.34 0.53 0.13 0.52
0.24 0.08 0.65 0.42
0.24 0.56 0.55 0.12
0.17 0.70 0.90 0.01
0.62 0.45 0.10 0.55
0.19 0.69 0.05 0.25
0.64 0.01 0.55 0.81
0.65 0.68 0.04 0.11
0.11 0.99 0.03 0.68
0.01 0.55 0.95 0.09
0.01 0.51 0.58 0.66
0.79 0.01 0.53 0.70
0.51 0.51 0.57 0.06
0.52 0.08 0.58 0.03
0.25 0.04 0.87 0.39
0.42 0.26 0.02 0.88
0.77 0.01 0.52 0.52
0.60 0.01 0.70 0.19
0.46 0.68 0.01 0.13
0.02 0.67 0.92 0.02
0.54 0.03 0.13 0.44
0.60 0.52 0.04 0.54
0.91 0.03 0.01 0.74
