500 4
47 27 80 100
80 75 51 87
93 87 80 56
91 70 55 98
69 90 69 54
75 63 71 52
95 63 69 60
85 87 99 5
83 66 63 90
67 61 70 96
54 66 71 97
50 83 12 84
52 100 75 58
78 52 76 55
91 60 52 66
52 92 84 63
75 27 90 96
55 91 100 56
54 74 57 98
62 96 76 63
99 1 97 70
63 70 59 62
53 57 55 82
65 10 66 96
24 54 84 51
89 52 51 89
68 45 91 81
74 35 53 88
77 52 59 24
100 93 56 62
62 63 79 74
54 90 58 59
83 79 11 7
62 84 77 75
86 73 91 18
77 56 33 74
20 98 21 60
24 70 55 98
71 17 60 97
83 82 71 1
73 90 78 27
54 22 90 69
67 71 54 95
58 85 63 74
57 64 76 77
62 52 85 61
85 13 72 55
81 51 88 63
65 93 20 75
12 80 66 100
61 61 46 92
75 33 84 73
77 62 32 100
55 56 74 69
72 79 76 57
72 93 79 10
57 71 57 51
60 57 62 52
77 21 6 13
72 7 93 58
67 32 88 86
32 97 100 9
52 77 73 87
28 69 78 78
1 89 90 66
24 85 61 79
6 67 63 65
74 66 43 80
87 80 1 12
70 52 52 81
6 69 50 71
67 24 78 83
55 1 70 80
56 61 14 73
52 59 34 61
65 52 66 78
61 62 68 39
100 73 71 7
75 82 3 71
5 16 52 74
51 66 75 69
71 51 88 72
51 81 77 42
65 33 58 42
76 41 27 85
71 81 34 59
76 91 55 52
13 66 94 56
79 2 59 75
47 97 70 54
53 53 96 54
72 64 22 51
63 17 66 66
68 57 24 73
3 65 54 98
65 51 55 62
57 70 5 53
54 69 17 63
62 57 83 51
97 73 71 9
17 100 57 37
29 62 63 57
71 100 75 18
6 59 4 100
88 1 55 72
74 55 94 26
3 68 68 9
54 52 87 17
75 9 54 90
38 37 69 61
53 80 53 51
63 66 73 7
30 14 59 97
55 82 16 85
54 75 11 79
22 58 74 68
14 24 57 68
1 92 78 56
51 37 16 76
69 69 27 53
1 56 100 95
59 56 51 53
70 76 85 5
51 63 96 46
95 60 5 77
65 53 72 21
64 50 78 52
60 59 84 44
22 96 51 59
63 59 55 51
53 83 6 57
12 14 93 83
55 65 83 54
61 15 65 70
50 10 84 55
18 65 56 66
31 70 12 70
9 11 59 40
75 58 48 13
68 72 75 3
25 58 34 91
23 45 1 69
50 51 70 24
8 16 90 67
56 5 88 58
55 83 66 24
88 18 33 64
50 52 56 54
63 29 5 92
74 36 78 37
54 19 29 50
63 4 76 76
54 4 54 99
62 88 91 6
72 65 94 12
6 55 83 52
93 6 61 54
95 10 54 72
54 88 21 52
52 66 54 2
2 75 81 73
57 53 29 22
55 4 98 51
57 2 66 82
31 27 4 91
92 14 76 39
51 93 29 14
72 76 51 12
34 2 62 91
54 58 10 61
78 6 69 53
97 56 64 12
61 74 4 64
68 1 87 71
3 57 55 64
56 6 73 72
100 64 4 59
42 83 51 61
2 71 60 99
57 64 69 10
72 63 90 12
95 1 52 34
42 68 57 21
49 98 8 43
83 3 76 53
79 2 39 73
24 74 53 62
73 4 57 69
68 82 46 2
67 16 61 2
53 57 59 19
63 5 57 40
81 76 8 8
6 70 48 98
2 93 48 72
78 2 90 13
2 74 77 64
55 20 25 96
81 9 57 8
14 81 16 89
2 57 77 88
5 54 37 52
87 4 69 64
7 53 51 95
56 7 72 75
57 68 7 67
78 55 30 12
24 1 95 43
74 31 60 14
55 66 15 21
87 79 59 1
83 78 92 1
28 56 53 37
16 16 56 71
66 9 18 59
55 55 69 9
4 52 64 77
9 19 13 90
56 73 23 7
30 51 57 47
30 5 91 94
56 4 51 92
61 83 16 3
11 85 17 54
21 100 54 19
63 21 24 60
50 64 40 51
82 3 41 53
3 4 65 78
93 51 60 5
16 86 5 56
28 7 69 76
67 56 56 4
2 54 52 74
62 6 8 79
57 21 22 39
54 57 60 5
34 34 79 2
1 58 86 86
5 98 57 32
97 1 31 86
51 32 91 38
52 71 32 45
67 6 96 34
54 45 10 55
52 22 73 29
1 80 59 68
95 37 4 69
12 56 4 84
6 52 25 92
92 61 58 1
4 85 49 94
51 95 58 1
58 20 10 84
5 78 52 50
59 68 38 2
34 3 36 96
55 78 8 56
65 3 70 61
46 10 52 94
89 64 54 7
68 84 12 46
15 6 73 53
63 59 55 21
6 98 17 87
20 98 65 21
63 72 1 38
53 64 100 1
51 66 60 14
27 6 45 60
64 14 93 10
30 98 48 43
52 59 5 56
54 68 51 20
62 97 3 53
11 60 1 85
72 1 64 43
59 52 74 17
26 18 86 28
2 2 54 93
80 19 50 7
60 52 59 28
21 80 16 40
69 13 100 30
51 52 65 39
23 4 69 63
68 60 55 8
34 96 54 3
73 79 76 1
100 3 64 11
33 92 65 16
66 22 5 73
12 51 52 67
70 8 20 66
10 90 7 71
17 61 20 82
83 15 1 44
10 60 75 18
2 35 76 57
56 3 71 62
5 70 39 29
62 48 55 3
69 56 8 54
25 17 100 20
97 1 51 17
60 52 53 38
100 11 57 4
2 99 31 22
25 67 74 1
80 2 80 16
4 70 16 93
56 53 1 54
52 54 1 68
54 91 43 20
43 70 33 67
27 56 2 54
54 12 57 47
42 63 55 9
53 58 65 13
13 59 44 51
91 55 31 9
60 56 56 14
63 13 22 75
2 89 66 55
81 10 55 56
49 81 62 1
17 52 65 23
8 2 69 89
14 100 51 12
73 62 25 9
56 15 55 55
80 3 54 51
12 52 36 87
19 67 62 39
73 65 52 3
55 3 10 82
1 3 82 57
22 58 57 47
61 71 55 1
74 59 87 1
62 52 92 1
19 76 53 2
79 85 50 1
53 55 57 6
77 39 2 32
53 55 52 33
71 30 16 52
55 52 73 1
7 84 4 97
54 52 4 11
30 52 57 19
90 1 60 51
52 17 20 51
1 99 54 72
16 52 20 82
58 1 45 57
53 57 53 12
6 70 66 4
71 7 56 21
3 97 67 3
78 54 51 4
51 36 81 1
86 9 98 5
68 62 48 2
4 86 51 75
26 43 43 61
14 83 1 72
1 84 51 78
89 36 60 3
5 61 31 76
94 5 24 9
17 67 11 56
86 1 93 5
15 84 7 69
6 30 31 53
3 74 55 60
26 3 72 52
62 44 76 3
2 64 64 13
98 39 18 10
54 1 56 85
17 25 2 91
54 51 21 30
50 52 35 33
17 3 65 71
18 94 20 4
8 63 78 39
63 20 11 44
29 55 57 19
100 56 56 2
82 1 16 59
22 21 32 36
54 3 44 58
9 29 78 25
24 55 53 11
3 87 28 43
3 6 81 57
54 14 13 55
1 56 60 80
65 81 14 9
60 30 49 10
26 49 25 51
1 69 67 63
62 58 5 9
75 89 30 2
38 40 76 11
1 90 92 49
1 97 56 75
1 79 17 95
54 23 97 1
90 1 78 15
2 73 54 27
40 51 65 30
4 1 96 54
64 85 26 2
47 14 64 3
16 72 23 68
4 74 88 5
71 6 91 35
77 3 7 98
17 19 43 24
2 18 46 84
61 4 47 55
41 6 10 96
8 70 28 59
6 79 21 82
7 89 17 55
58 9 70 56
3 63 28 65
73 38 3 69
86 2 15 99
55 9 98 38
45 2 67 79
79 77 3 26
10 59 15 78
14 69 32 45
80 3 52 14
84 2 6 64
2 61 64 67
2 52 60 21
68 28 1 53
21 62 10 51
51 68 71 2
14 53 56 52
51 11 88 21
48 60 61 3
6 94 5 56
7 52 7 77
72 5 36 51
1 92 52 70
100 5 14 57
93 22 21 6
71 25 3 52
9 15 51 90
6 14 31 61
55 68 26 1
10 51 67 9
98 58 3 30
72 17 8 66
64 12 18 34
55 40 63 20
70 30 3 15
23 33 68 15
61 59 6 5
59 23 3 52
55 13 24 74
2 60 59 60
10 1 86 70
95 52 13 6
5 97 59 23
80 14 3 91
44 44 52 9
6 2 88 68
19 4 76 53
62 76 5 5
14 87 9 70
5 30 92 53
1 77 55 90
1 55 54 58
51 73 12 7
5 10 6 98
47 2 55 74
6 68 59 32
23 69 27 43
8 55 12 67
100 9 11 62
8 4 21 84
76 6 89 29
2 71 51 64
65 60 67 1
52 1 23 70
57 12 26 17
59 33 52 7
58 11 57 35
57 4 6 75
77 69 21 1
30 80 66 1
57 78 2 27
4 84 2 64
59 56 56 1
