500 4
15 58 99 21
89 81 77 63
88 13 58 42
69 74 74 64
55 63 51 36
53 91 61 74
54 67 77 9
91 94 29 76
82 4 63 92
56 58 9 58
75 27 3 97
9 63 89 69
85 45 100 61
90 99 65 22
94 1 82 76
86 30 84 79
70 5 74 56
52 62 63 79
88 85 99 6
58 55 79 97
6 97 53 73
60 23 94 79
54 98 48 80
54 74 26 68
84 78 54 32
86 91 58 8
69 92 62 2
53 82 63 61
52 90 73 76
58 53 100 76
93 80 21 54
49 58 71 88
87 54 60 66
89 4 69 85
77 22 25 75
26 74 88 21
40 96 73 92
68 57 86 90
18 83 86 58
64 22 76 85
56 55 64 3
5 88 96 96
18 55 97 95
26 84 15 33
52 81 57 93
17 80 95 36
7 81 99 51
42 54 46 77
72 53 57 80
97 26 46 53
77 9 31 88
2 65 53 73
78 95 55 22
74 52 71 64
51 79 62 60
13 100 52 3
45 64 54 51
12 56 86 71
77 53 55 67
2 90 27 68
98 6 68 22
59 53 94 57
72 87 59 31
52 58 70 51
92 76 5 9
57 43 91 85
38 59 64 86
66 75 21 55
81 2 75 99
69 92 2 61
53 33 92 54
34 57 70 82
80 70 38 52
6 81 62 69
9 64 78 96
80 51 52 73
79 94 59 25
81 52 55 58
78 17 62 50
76 33 76 24
74 52 42 72
62 52 73 13
67 27 88 28
89 55 55 57
38 52 58 68
81 2 66 75
51 62 70 16
10 44 72 51
62 57 7 67
95 30 90 16
68 51 60 83
13 72 28 57
82 54 2 88
73 66 60 20
66 8 74 97
68 21 73 90
72 38 54 53
94 34 34 74
62 67 8 53
95 10 90 27
23 17 66 99
88 90 62 4
54 60 62 57
86 90 55 26
42 55 66 51
85 16 22 97
34 54 69 74
96 43 51 60
51 63 48 65
100 14 57 67
53 75 27 34
54 99 58 26
51 2 62 78
22 84 60 1
88 77 40 31
81 13 63 53
83 8 56 52
22 72 57 46
51 51 80 32
63 40 72 76
87 6 65 56
39 54 29 79
1 79 72 97
71 65 6 82
99 91 2 6
53 79 24 55
1 55 79 95
88 60 53 55
37 48 60 54
56 51 57 66
56 22 64 55
65 56 54 57
70 51 56 71
54 67 13 88
62 47 52 89
37 79 18 91
53 19 99 67
55 69 9 73
52 8 81 66
63 6 56 46
60 11 93 62
59 52 8 89
52 61 54 58
1 76 73 69
91 52 36 71
15 93 57 27
52 27 65 26
56 53 27 7
30 64 64 21
60 79 59 3
86 64 25 52
55 85 56 21
88 1 72 93
28 67 71 47
82 33 47 61
73 3 65 16
11 7 62 25
93 51 19 59
38 63 48 95
66 3 58 55
7 67 44 71
53 59 54 52
37 46 72 7
94 53 17 67
47 42 58 67
5 73 79 54
8 98 68 62
96 51 13 81
63 1 100 66
56 2 64 56
54 30 18 74
13 72 25 81
51 23 60 57
71 58 5 36
54 67 53 58
41 71 71 13
38 7 55 94
70 28 13 61
51 38 57 67
44 42 2 55
8 52 49 56
50 80 54 37
66 59 12 51
19 85 16 82
96 7 51 95
51 69 35 38
7 49 78 51
67 52 16 51
1 96 83 62
67 74 96 1
69 4 92 10
94 91 56 2
85 64 63 3
89 55 53 4
55 61 1 93
63 38 55 65
59 5 72 52
35 69 55 52
90 85 53 1
85 8 55 70
66 63 70 1
48 3 59 72
37 68 60 53
5 75 74 55
99 10 32 64
1 72 71 23
7 86 12 83
66 92 14 49
14 2 51 76
29 72 19 87
6 79 51 87
49 71 81 1
1 60 56 61
9 93 83 12
10 75 80 22
51 12 39 29
70 3 52 63
77 8 7 87
51 51 19 31
40 96 11 80
1 53 84 51
78 3 57 53
98 45 11 52
65 2 51 54
78 22 61 8
14 19 52 69
2 59 62 53
64 3 46 57
51 4 93 67
14 80 40 55
57 66 16 14
61 66 78 1
2 52 77 80
59 26 17 57
10 70 75 7
20 6 47 70
77 18 38 70
7 75 24 85
94 57 47 4
4 75 53 72
39 60 5 59
24 85 52 54
17 52 7 52
4 53 52 66
58 33 83 3
15 88 65 1
73 3 36 65
24 70 58 40
64 17 23 73
7 51 56 94
52 5 53 53
88 57 54 6
14 62 83 14
24 45 97 17
2 73 56 51
31 68 70 18
69 49 64 21
40 62 81 1
65 88 13 51
54 58 97 6
92 13 4 62
53 66 52 10
10 67 25 87
6 51 78 80
25 1 76 51
9 51 68 52
85 55 53 4
51 33 30 56
85 93 19 2
94 1 52 68
55 12 17 76
1 47 79 78
89 94 5 24
71 8 52 36
72 46 91 2
56 4 63 55
61 35 4 65
100 61 73 1
35 86 43 16
18 55 88 24
77 74 11 16
39 63 68 23
95 99 1 57
3 52 36 64
47 5 40 54
75 10 26 68
36 58 56 6
9 79 15 65
11 35 51 26
4 51 65 56
59 7 57 44
77 2 59 53
80 60 1 79
7 4 55 74
61 26 12 69
70 31 30 29
4 86 13 56
10 64 3 99
12 6 64 57
4 1 87 93
69 9 82 7
89 91 3 13
72 99 9 30
57 73 4 51
57 92 2 54
43 67 36 15
41 43 6 83
84 7 31 56
6 42 56 38
31 51 79 22
21 31 51 56
68 42 77 1
97 55 17 41
61 49 12 54
31 59 99 10
49 92 1 85
67 41 4 13
91 2 97 32
87 1 64 52
70 73 3 51
56 88 15 2
12 55 59 6
24 64 57 13
96 91 5 1
70 69 11 3
36 63 6 96
58 47 20 24
72 25 58 15
54 54 38 9
91 52 39 5
2 36 74 81
54 39 93 22
41 5 54 75
92 51 53 4
81 74 1 69
100 7 68 5
4 74 12 65
17 31 80 1
33 85 51 16
77 10 65 9
5 85 85 1
47 54 19 51
56 8 5 70
83 4 35 65
63 57 10 13
10 87 1 93
66 71 1 91
12 64 5 85
94 2 32 50
69 53 1 63
51 51 16 52
79 72 61 1
85 47 22 4
53 26 8 70
62 85 5 6
59 78 74 2
8 28 14 76
54 24 4 87
81 1 68 90
12 22 72 3
87 66 52 2
1 59 60 98
63 71 1 82
66 21 66 21
45 16 36 3
21 90 4 66
9 63 31 75
1 84 51 68
38 8 39 53
77 5 35 94
20 96 11 4
52 83 13 41
61 45 1 43
95 1 90 43
2 4 94 75
10 57 80 10
97 1 49 67
66 4 9 26
2 17 63 60
72 54 1 7
79 82 8 1
1 3 52 84
96 9 75 9
14 22 58 53
14 75 5 72
52 83 75 2
13 5 95 69
88 59 9 3
14 51 57 13
98 1 25 100
5 60 99 50
58 5 15 26
63 1 63 92
3 90 55 51
77 11 53 6
93 3 53 51
58 81 55 1
8 77 4 99
6 16 62 15
54 52 1 49
2 80 83 20
2 67 15 49
2 53 41 86
9 99 13 13
1 19 55 56
49 3 62 61
53 4 79 29
63 18 20 17
4 62 9 56
13 63 43 39
51 46 10 33
3 1 53 100
4 78 5 85
88 60 66 2
89 11 19 19
23 53 10 50
4 60 57 54
51 21 20 89
1 51 52 76
86 85 1 6
70 1 68 86
68 1 57 93
17 80 51 23
3 51 85 55
23 92 10 43
89 30 6 51
22 77 1 98
49 60 5 22
97 3 23 97
52 68 64 1
44 23 56 52
1 84 66 55
3 58 67 52
6 82 5 84
56 53 26 5
55 87 21 14
64 64 75 2
4 40 93 53
51 54 7 3
3 8 65 74
26 21 77 1
11 99 6 79
50 67 70 1
25 55 4 100
4 6 71 83
53 4 53 71
66 97 43 1
1 66 13 16
33 13 90 13
67 56 54 2
63 15 59 24
81 2 43 56
40 1 40 8
17 85 3 56
2 59 52 68
17 11 55 57
5 63 57 51
2 51 90 52
76 54 56 2
23 33 31 63
5 54 65 17
86 25 72 1
80 47 4 8
17 25 46 22
36 73 55 2
57 35 6 64
60 39 4 68
24 1 66 61
28 61 6 74
26 60 5 89
12 75 4 60
5 24 57 8
35 35 13 83
64 16 62 2
17 72 5 51
3 24 66 54
34 14 57 53
87 71 57 1
55 27 2 83
38 79 2 55
54 4 82 6
94 52 21 7
2 82 80 8
10 14 65 52
62 17 8 58
35 3 58 27
19 67 56 1
75 17 29 1
67 39 2 71
7 10 82 53
4 57 63 52
7 64 52 52
6 65 81 3
100 11 56 1
9 15 55 57
81 13 2 76
81 4 1 100
1 67 11 84
84 1 24 57
66 51 3 9
