500 4
0.09 0.16 1.00 0.79
0.83 0.80 0.29 0.96
0.84 0.12 0.90 0.61
0.64 0.65 0.61 0.66
0.60 0.93 0.92 0.52
0.51 0.75 0.54 0.59
0.52 0.54 0.13 0.72
0.46 0.67 0.91 0.75
0.47 0.82 0.57 0.99
0.69 0.75 0.60 0.55
0.49 0.72 0.81 0.71
0.05 0.72 0.66 0.96
0.14 0.77 0.78 0.84
0.80 0.77 0.78 0.38
0.35 0.55 0.77 0.87
0.42 0.62 0.73 0.74
0.82 0.51 0.50 0.68
0.73 0.82 0.97 0.51
0.50 0.88 0.66 0.90
0.68 0.55 0.02 0.65
0.11 0.71 0.57 0.79
0.82 0.51 0.18 0.25
0.03 0.71 0.95 0.99
0.57 0.70 0.94 0.54
0.70 0.70 0.52 0.63
0.50 0.65 0.54 0.71
0.94 0.98 0.80 0.13
0.04 0.68 0.78 0.61
0.54 0.32 0.80 0.60
0.77 0.55 0.59 0.09
0.44 0.63 0.33 0.94
0.91 0.53 0.89 0.08
1.00 1.00 0.95 0.02
0.11 0.60 0.58 0.93
0.55 0.31 0.90 0.61
0.51 0.84 0.98 0.56
0.53 0.84 0.78 0.15
0.61 0.81 0.59 0.56
0.31 0.63 0.91 0.63
0.34 0.31 0.93 0.67
0.35 0.59 0.71 0.60
0.17 0.42 0.93 0.52
0.26 0.72 0.76 0.52
0.75 0.52 0.60 0.83
0.58 0.40 0.68 0.99
0.24 0.86 0.48 0.99
0.61 0.52 0.51 0.93
0.59 0.22 0.80 0.79
0.93 0.16 0.55 0.54
0.75 0.53 0.23 0.76
0.62 0.95 0.51 0.71
0.17 0.54 0.77 0.85
0.56 0.94 0.51 0.14
0.12 0.72 0.54 0.69
0.66 0.72 0.70 0.60
0.90 0.37 0.63 0.95
0.67 0.80 0.72 0.17
0.72 0.70 0.85 0.56
0.65 0.02 0.53 0.84
0.83 0.10 0.07 0.79
0.66 0.51 0.67 0.81
0.62 0.78 0.59 0.55
0.57 0.35 0.70 0.33
0.72 0.80 0.56 0.58
0.60 0.31 0.74 0.97
0.99 0.03 0.77 0.80
0.56 0.88 0.25 0.59
0.04 0.64 0.53 0.86
0.50 0.13 0.55 0.33
0.83 0.50 0.80 0.03
0.78 0.36 0.16 0.77
0.68 0.78 0.86 0.24
0.45 0.03 0.53 0.89
0.07 0.66 0.96 0.85
0.30 0.55 0.56 0.59
0.71 0.06 0.42 0.69
0.99 0.38 0.97 0.28
0.02 0.92 0.93 0.19
0.85 0.03 0.87 0.70
0.47 0.51 0.71 0.76
0.17 0.60 0.58 0.66
0.03 0.55 0.67 0.91
0.12 0.22 0.64 0.96
0.69 0.60 0.65 0.28
0.56 0.43 0.41 0.77
0.54 0.31 0.36 0.79
0.01 0.57 1.00 0.53
0.28 0.59 0.39 0.97
0.18 0.91 0.79 0.56
0.64 0.68 0.68 0.22
0.53 0.90 0.27 0.67
0.44 0.88 0.22 0.56
0.73 0.58 0.58 0.28
1.00 0.08 0.23 0.67
0.76 0.23 0.27 0.75
0.99 0.35 0.27 0.74
0.54 0.72 0.51 0.11
0.53 0.76 0.79 0.19
0.32 0.51 0.55 0.63
0.96 0.12 0.99 0.55
0.01 0.74 0.99 0.91
0.03 0.87 0.52 0.71
0.97 0.51 0.02 0.96
0.50 0.07 0.83 0.63
0.01 0.55 0.71 0.51
0.55 0.65 0.03 0.81
0.27 0.91 0.64 0.28
0.52 0.64 0.43 0.70
0.80 0.50 0.54 0.55
0.72 0.12 0.58 0.63
0.78 0.06 0.74 0.16
0.74 0.36 0.03 0.82
0.13 0.97 0.59 0.58
0.65 0.83 0.09 0.51
0.70 0.47 0.09 0.53
0.59 0.79 0.02 0.89
0.14 0.47 0.61 0.90
0.21 0.70 0.51 0.89
0.02 0.79 0.67 0.28
0.56 0.57 0.83 0.11
1.00 0.09 0.70 0.64
0.89 0.54 0.63 0.14
0.16 1.00 0.57 0.68
0.53 0.92 0.40 0.46
0.16 0.78 0.93 0.41
0.96 0.03 0.63 0.73
0.77 0.39 0.50 0.59
0.60 0.75 0.30 0.60
0.51 0.43 0.34 0.82
0.08 0.68 0.56 0.73
0.57 0.02 0.32 0.92
0.55 0.05 0.28 0.86
0.13 0.81 0.19 0.83
0.07 0.63 0.55 0.65
0.72 0.61 0.14 0.09
0.68 0.52 0.50 0.55
0.60 0.68 0.30 0.70
0.68 0.70 0.78 0.05
0.57 0.83 0.42 0.53
0.46 0.06 0.96 0.73
0.95 0.56 0.17 0.51
0.56 0.77 0.07 0.73
0.80 0.92 0.08 0.57
0.91 0.64 0.03 0.61
0.15 0.41 0.72 0.57
0.10 0.35 0.84 0.75
0.23 0.77 0.83 0.04
0.01 0.53 0.59 0.72
0.57 0.35 0.54 0.53
0.57 0.14 0.54 0.84
0.20 0.55 0.70 0.21
0.05 0.57 0.20 0.93
0.88 0.41 0.54 0.42
0.47 0.11 0.69 0.59
0.54 0.12 0.22 0.81
0.72 0.99 0.02 0.53
0.67 0.77 0.12 0.38
0.15 0.07 0.60 0.08
0.67 0.60 0.52 0.64
0.09 0.95 0.60 0.56
0.52 0.81 0.51 0.68
0.41 0.52 0.17 0.74
0.64 0.06 0.51 0.69
0.87 0.87 0.53 0.02
0.12 0.77 0.07 0.26
0.41 0.68 0.52 0.70
0.18 0.92 0.97 0.02
0.14 0.39 0.82 0.79
0.05 0.79 0.53 0.70
0.94 0.33 0.51 0.56
0.51 0.75 0.16 0.53
0.23 0.76 0.56 0.51
0.73 0.56 0.52 0.06
0.86 0.89 0.65 0.03
0.63 0.59 0.12 0.59
0.34 0.15 0.55 0.75
0.62 0.69 0.35 0.57
0.09 0.52 0.70 0.95
0.81 0.02 0.88 0.64
0.74 0.52 0.68 0.03
0.51 0.56 0.53 0.67
0.16 0.62 0.58 0.57
0.01 0.90 0.60 0.65
0.70 0.04 0.64 0.52
0.04 0.36 0.57 0.64
0.58 0.85 0.01 0.74
0.51 0.57 0.51 0.69
0.86 0.01 0.29 0.51
0.73 0.38 0.54 0.13
0.16 0.79 0.02 0.87
0.10 0.50 0.54 0.94
0.22 0.01 0.70 0.66
0.63 0.67 0.53 0.45
0.71 0.68 0.95 0.06
0.77 0.63 0.09 0.29
0.68 0.02 0.79 0.07
0.03 0.14 0.63 0.95
0.55 0.69 0.65 0.06
0.07 0.65 0.63 0.58
0.53 0.98 0.63 0.01
0.91 0.86 0.02 0.55
0.53 0.70 0.54 0.51
0.02 0.67 1.00 0.18
0.07 0.64 0.67 0.54
0.67 0.30 0.48 0.11
0.50 0.73 0.01 0.54
0.01 0.17 0.75 0.80
0.07 0.71 0.60 0.53
0.67 0.90 0.61 0.05
0.57 0.01 0.80 0.60
0.81 0.57 0.36 0.52
0.24 0.61 0.44 0.37
0.67 0.08 0.17 0.56
0.96 0.12 0.02 0.72
0.09 0.57 0.60 0.60
0.37 0.29 0.06 0.79
0.01 0.69 0.28 0.58
0.12 0.72 0.57 0.08
0.71 0.56 0.94 0.04
0.51 0.61 0.25 0.34
0.17 0.68 0.55 0.62
0.86 0.13 0.07 0.73
0.76 0.03 0.65 0.81
0.16 0.59 0.14 0.90
0.07 0.64 0.93 0.22
0.53 0.55 0.03 0.73
0.19 0.83 0.77 0.06
0.39 0.76 0.02 0.70
0.40 0.41 0.15 0.63
0.72 0.73 0.52 0.03
0.59 0.17 0.51 0.45
0.63 0.05 0.62 0.74
0.54 0.39 0.35 0.74
0.78 0.12 0.69 0.06
0.78 0.95 0.47 0.02
0.24 0.57 0.53 0.32
0.55 0.56 0.89 0.01
0.52 0.68 0.23 0.53
0.15 0.58 0.70 0.02
0.95 0.96 0.51 0.01
0.93 0.25 0.12 0.25
0.60 0.17 0.58 0.07
0.31 0.61 0.63 0.05
0.67 0.09 0.54 0.24
0.52 0.38 0.18 0.51
0.56 0.15 0.55 0.32
0.67 0.93 0.02 0.53
0.92 0.36 0.64 0.03
0.70 0.71 0.51 0.10
0.52 0.32 0.52 0.42
0.30 0.28 0.10 0.73
0.02 0.63 0.58 0.78
0.97 0.08 0.16 0.95
0.63 0.51 0.03 0.65
0.16 0.30 0.22 0.74
0.31 0.70 0.02 0.91
0.54 0.83 0.56 0.07
0.09 0.85 0.56 0.51
0.07 0.56 0.94 0.28
0.69 0.05 0.69 0.55
0.03 0.66 0.47 0.52
0.81 0.57 0.55 0.02
0.60 0.53 0.08 0.70
0.52 0.09 0.03 0.47
0.20 0.53 0.41 0.71
0.68 0.67 0.41 0.33
0.54 0.07 0.58 0.82
0.15 0.65 0.53 0.64
0.83 0.06 0.56 0.68
0.67 1.00 0.24 0.06
0.65 0.82 0.13 0.10
0.81 0.19 0.52 0.05
0.58 0.02 0.22 0.07
0.63 0.53 0.86 0.01
0.25 0.18 0.07 0.72
0.04 0.61 0.63 0.59
0.66 0.54 0.55 0.04
0.90 0.51 0.02 0.42
0.68 0.82 0.47 0.05
0.62 0.06 0.01 0.14
0.55 0.67 0.02 0.69
0.11 0.27 0.79 0.68
0.35 0.61 0.25 0.67
0.03 0.33 0.70 0.69
0.30 0.87 0.01 0.86
0.51 0.37 0.54 0.67
0.17 0.58 0.40 0.51
0.51 0.83 0.59 0.02
0.05 0.63 0.76 0.31
0.51 0.32 0.53 0.27
0.58 0.13 0.01 0.94
0.05 0.56 0.24 0.54
0.78 0.01 0.82 0.54
0.59 0.53 0.11 0.13
0.04 0.59 0.30 0.59
0.25 0.09 0.54 0.72
0.08 0.69 0.53 0.03
0.47 0.93 0.05 0.17
0.13 0.61 0.58 0.44
0.44 0.55 0.95 0.06
0.52 0.01 0.92 0.51
1.00 0.53 0.19 0.03
0.36 0.83 0.04 0.53
0.47 0.38 0.58 0.60
0.67 0.52 0.68 0.01
0.01 0.88 0.59 0.05
0.73 0.01 0.65 0.18
0.78 0.01 0.17 1.00
0.49 0.71 0.36 0.22
0.10 0.22 0.52 0.63
0.03 0.48 0.62 1.00
0.65 0.89 0.76 0.01
0.14 0.31 0.95 0.53
0.56 0.08 0.59 0.53
0.81 0.88 0.57 0.01
0.96 0.01 0.96 0.13
0.53 0.67 0.52 0.10
0.87 0.01 0.13 0.98
0.16 0.62 0.23 0.67
0.56 0.76 0.52 0.02
0.56 0.51 0.92 0.07
0.16 0.55 0.51 0.63
0.01 0.28 0.56 0.91
0.14 0.13 0.56 0.59
0.03 0.68 0.03 0.77
0.25 0.50 0.40 0.57
0.58 0.02 0.12 0.82
0.54 0.08 0.53 0.57
0.14 0.07 0.92 0.76
0.01 0.62 0.22 0.88
0.38 0.05 0.66 0.93
0.41 0.55 0.59 0.54
0.40 0.73 0.19 0.61
0.48 0.59 0.41 0.13
0.55 0.53 0.56 0.12
0.06 0.46 0.90 0.54
0.61 0.37 0.81 0.01
0.06 0.89 0.64 0.01
0.09 0.55 0.49 0.72
0.01 0.82 0.32 0.54
0.42 0.64 0.51 0.08
0.25 0.74 0.17 0.58
0.59 0.62 0.02 0.69
0.51 0.60 0.06 0.59
0.01 0.56 0.57 0.57
0.02 0.52 0.91 0.44
0.02 0.52 0.73 0.73
0.51 0.59 0.16 0.31
0.02 0.62 0.54 0.85
0.10 0.94 0.14 0.63
0.45 0.70 0.19 0.14
0.01 0.35 0.97 0.74
0.11 0.10 0.87 0.45
0.22 0.64 0.56 0.21
0.51 0.15 0.54 0.71
0.04 0.59 0.05 0.76
0.97 0.80 0.62 0.01
0.01 0.89 0.85 0.04
0.80 0.05 0.52 0.02
0.55 0.59 0.60 0.01
0.02 0.55 0.53 0.98
0.01 0.52 0.26 0.74
0.40 0.73 0.05 0.25
0.30 0.05 0.68 0.72
0.50 0.35 0.50 0.70
0.24 0.03 0.58 0.69
0.32 0.05 0.70 0.61
0.57 0.92 0.25 0.12
0.80 0.03 0.20 0.72
0.67 0.01 0.60 0.99
0.52 0.05 0.74 0.51
0.81 0.71 0.08 0.13
0.08 0.93 0.05 0.66
0.02 0.67 0.54 0.62
0.02 0.45 0.72 0.65
0.74 0.02 0.64 0.05
0.57 0.04 0.12 0.67
0.10 0.26 0.55 0.38
0.33 0.67 0.04 0.66
0.22 0.52 0.57 0.17
0.30 0.05 0.89 0.63
0.16 0.81 0.05 0.62
0.12 0.42 0.89 0.08
0.20 0.89 0.63 0.02
0.53 0.55 0.02 0.70
0.99 0.96 0.28 0.01
0.29 0.58 0.06 0.71
0.01 0.67 0.19 0.77
0.01 0.51 0.62 0.59
0.88 0.88 0.26 0.03
0.12 0.15 0.81 0.91
0.52 0.04 0.79 0.28
0.69 0.01 0.61 0.60
0.03 0.65 0.99 0.36
0.21 0.36 0.21 0.88
0.73 0.07 0.01 0.02
0.69 0.18 0.83 0.01
0.05 0.52 0.63 0.45
0.96 0.55 0.44 0.01
0.05 0.53 0.68 0.25
0.50 0.66 0.52 0.01
0.58 0.84 0.04 0.06
0.51 0.09 0.45 0.85
0.51 0.63 0.13 0.51
0.41 0.65 0.53 0.04
0.52 0.91 0.04 0.12
0.20 0.03 1.00 0.81
0.13 0.52 0.51 0.62
0.01 0.06 0.87 0.38
0.82 0.01 0.54 0.68
0.72 0.39 0.66 0.01
0.54 0.22 0.01 0.76
0.12 0.62 0.77 0.09
0.60 0.01 0.09 0.92
0.56 0.01 0.67 0.94
0.22 0.90 0.51 0.18
0.17 0.55 0.59 0.30
0.04 0.58 0.27 0.62
0.39 0.13 0.56 0.57
0.51 0.96 0.02 0.52
0.56 0.56 0.15 0.46
0.24 0.43 0.59 0.34
0.47 0.60 0.68 0.02
0.21 0.68 0.21 0.57
0.55 0.54 0.52 0.29
0.03 0.91 0.16 0.19
0.18 0.65 0.38 0.53
0.04 0.53 0.56 0.66
0.52 0.02 0.53 0.84
0.51 0.52 0.12 0.61
0.07 0.97 0.03 0.68
0.58 0.77 0.13 0.24
0.08 0.12 0.84 0.48
0.62 0.01 0.54 0.70
0.04 0.29 0.55 0.60
0.09 0.09 0.63 0.14
0.54 0.51 0.76 0.02
0.03 0.71 0.80 0.32
0.58 0.60 0.01 0.66
0.86 0.01 0.27 0.03
0.23 0.54 0.60 0.06
0.10 0.13 0.58 0.81
0.19 0.55 0.08 0.92
0.01 0.52 0.78 0.48
0.19 0.47 0.53 0.55
0.02 0.65 0.70 0.04
0.06 0.85 0.11 0.75
0.19 0.55 0.08 0.91
0.07 0.14 0.78 0.91
0.23 0.66 0.36 0.28
0.54 0.06 0.37 0.48
0.20 0.04 0.62 0.84
0.34 0.56 0.22 0.55
0.51 0.01 0.61 0.51
0.16 0.09 0.55 0.72
0.28 0.57 0.79 0.05
0.07 0.95 0.07 0.61
0.57 0.51 0.42 0.44
0.08 0.50 0.53 0.95
0.13 0.21 0.61 0.71
0.65 0.50 0.75 0.02
0.54 0.53 0.52 0.14
0.01 0.26 0.58 0.33
0.49 0.62 0.10 0.70
0.42 0.53 0.51 0.51
0.26 0.51 0.02 0.58
0.51 0.47 0.03 0.83
0.51 0.08 0.10 0.52
0.51 0.60 0.01 0.50
0.66 0.52 0.32 0.04
0.56 0.65 0.20 0.11
0.47 0.72 0.08 0.53
0.45 0.04 0.51 0.74
0.56 0.06 0.78 0.30
0.31 0.53 0.96 0.06
0.47 0.55 0.16 0.27
0.53 0.19 0.02 0.53
0.01 0.72 0.58 0.22
0.03 0.23 0.82 0.45
0.10 0.51 0.22 0.20
0.02 0.69 0.52 0.25
0.06 0.09 0.57 0.72
0.12 0.14 0.54 0.69
0.56 0.01 0.97 0.02
0.66 0.94 0.25 0.01
0.54 0.03 0.35 0.96
0.55 0.73 0.51 0.05
0.15 0.65 0.61 0.02
0.59 0.92 0.03 0.12
0.09 0.47 0.51 0.71
0.07 0.63 0.99 0.10
0.07 0.36 0.87 0.01
0.04 0.92 0.56 0.01
0.55 0.54 0.60 0.04
0.69 0.01 0.51 0.52
0.69 0.96 0.04 0.02
0.13 0.76 0.14 0.67
0.01 0.51 0.52 0.92
0.18 0.57 0.53 0.02
0.44 0.02 0.55 0.87
