500 4
9 16 100 79
83 80 29 96
84 12 90 61
64 65 61 66
60 93 92 52
51 75 54 59
52 54 13 72
46 67 91 75
47 82 57 99
69 75 60 55
49 72 81 71
5 72 66 96
14 77 78 84
80 77 78 38
35 55 77 87
42 62 73 74
82 51 50 68
73 82 97 51
50 88 66 90
68 55 2 65
11 71 57 79
82 51 18 25
3 71 95 99
57 70 94 54
70 70 52 63
50 65 54 71
94 98 80 13
4 68 78 61
54 32 80 60
77 55 59 9
44 63 33 94
91 53 89 8
100 100 95 2
11 60 58 93
55 31 90 61
51 84 98 56
53 84 78 15
61 81 59 56
31 63 91 63
34 31 93 67
35 59 71 60
17 42 93 52
26 72 76 52
75 52 60 83
58 40 68 99
24 86 48 99
61 52 51 93
59 22 80 79
93 16 55 54
75 53 23 76
62 95 51 71
17 54 77 85
56 94 51 14
12 72 54 69
66 72 70 60
90 37 63 95
67 80 72 17
72 70 85 56
65 2 53 84
83 10 7 79
66 51 67 81
62 78 59 55
57 35 70 33
72 80 56 58
60 31 74 97
99 3 77 80
56 88 25 59
4 64 53 86
50 13 55 33
83 50 80 3
78 36 16 77
68 78 86 24
45 3 53 89
7 66 96 85
30 55 56 59
71 6 42 69
99 38 97 28
2 92 93 19
85 3 87 70
47 51 71 76
17 60 58 66
3 55 67 91
12 22 64 96
69 60 65 28
56 43 41 77
54 31 36 79
1 57 100 53
28 59 39 97
18 91 79 56
64 68 68 22
53 90 27 67
44 88 22 56
73 58 58 28
100 8 23 67
76 23 27 75
99 35 27 74
54 72 51 11
53 76 79 19
32 51 55 63
96 12 99 55
1 74 99 91
3 87 52 71
97 51 2 96
50 7 83 63
1 55 71 51
55 65 3 81
27 91 64 28
52 64 43 70
80 50 54 55
72 12 58 63
78 6 74 16
74 36 3 82
13 97 59 58
65 83 9 51
70 47 9 53
59 79 2 89
14 47 61 90
21 70 51 89
2 79 67 28
56 57 83 11
100 9 70 64
89 54 63 14
16 100 57 68
53 92 40 46
16 78 93 41
96 3 63 73
77 39 50 59
60 75 30 60
51 43 34 82
8 68 56 73
57 2 32 92
55 5 28 86
13 81 19 83
7 63 55 65
72 61 14 9
68 52 50 55
60 68 30 70
68 70 78 5
57 83 42 53
46 6 96 73
95 56 17 51
56 77 7 73
80 92 8 57
91 64 3 61
15 41 72 57
10 35 84 75
23 77 83 4
1 53 59 72
57 35 54 53
57 14 54 84
20 55 70 21
5 57 20 93
88 41 54 42
47 11 69 59
54 12 22 81
72 99 2 53
67 77 12 38
15 7 60 8
67 60 52 64
9 95 60 56
52 81 51 68
41 52 17 74
64 6 51 69
87 87 53 2
12 77 7 26
41 68 52 70
18 92 97 2
14 39 82 79
5 79 53 70
94 33 51 56
51 75 16 53
23 76 56 51
73 56 52 6
86 89 65 3
63 59 12 59
34 15 55 75
62 69 35 57
9 52 70 95
81 2 88 64
74 52 68 3
51 56 53 67
16 62 58 57
1 90 60 65
70 4 64 52
4 36 57 64
58 85 1 74
51 57 51 69
86 1 29 51
73 38 54 13
16 79 2 87
10 50 54 94
22 1 70 66
63 67 53 45
71 68 95 6
77 63 9 29
68 2 79 7
3 14 63 95
55 69 65 6
7 65 63 58
53 98 63 1
91 86 2 55
53 70 54 51
2 67 100 18
7 64 67 54
67 30 48 11
50 73 1 54
1 17 75 80
7 71 60 53
67 90 61 5
57 1 80 60
81 57 36 52
24 61 44 37
67 8 17 56
96 12 2 72
9 57 60 60
37 29 6 79
1 69 28 58
12 72 57 8
71 56 94 4
51 61 25 34
17 68 55 62
86 13 7 73
76 3 65 81
16 59 14 90
7 64 93 22
53 55 3 73
19 83 77 6
39 76 2 70
40 41 15 63
72 73 52 3
59 17 51 45
63 5 62 74
54 39 35 74
78 12 69 6
78 95 47 2
24 57 53 32
55 56 89 1
52 68 23 53
15 58 70 2
95 96 51 1
93 25 12 25
60 17 58 7
31 61 63 5
67 9 54 24
52 38 18 51
56 15 55 32
67 93 2 53
92 36 64 3
70 71 51 10
52 32 52 42
30 28 10 73
2 63 58 78
97 8 16 95
63 51 3 65
16 30 22 74
31 70 2 91
54 83 56 7
9 85 56 51
7 56 94 28
69 5 69 55
3 66 47 52
81 57 55 2
60 53 8 70
52 9 3 47
20 53 41 71
68 67 41 33
54 7 58 82
15 65 53 64
83 6 56 68
67 100 24 6
65 82 13 10
81 19 52 5
58 2 22 7
63 53 86 1
25 18 7 72
4 61 63 59
66 54 55 4
90 51 2 42
68 82 47 5
62 6 1 14
55 67 2 69
11 27 79 68
35 61 25 67
3 33 70 69
30 87 1 86
51 37 54 67
17 58 40 51
51 83 59 2
5 63 76 31
51 32 53 27
58 13 1 94
5 56 24 54
78 1 82 54
59 53 11 13
4 59 30 59
25 9 54 72
8 69 53 3
47 93 5 17
13 61 58 44
44 55 95 6
52 1 92 51
100 53 19 3
36 83 4 53
47 38 58 60
67 52 68 1
1 88 59 5
73 1 65 18
78 1 17 100
49 71 36 22
10 22 52 63
3 48 62 100
65 89 76 1
14 31 95 53
56 8 59 53
81 88 57 1
96 1 96 13
53 67 52 10
87 1 13 98
16 62 23 67
56 76 52 2
56 51 92 7
16 55 51 63
1 28 56 91
14 13 56 59
3 68 3 77
25 50 40 57
58 2 12 82
54 8 53 57
14 7 92 76
1 62 22 88
38 5 66 93
41 55 59 54
40 73 19 61
48 59 41 13
55 53 56 12
6 46 90 54
61 37 81 1
6 89 64 1
9 55 49 72
1 82 32 54
42 64 51 8
25 74 17 58
59 62 2 69
51 60 6 59
1 56 57 57
2 52 91 44
2 52 73 73
51 59 16 31
2 62 54 85
10 94 14 63
45 70 19 14
1 35 97 74
11 10 87 45
22 64 56 21
51 15 54 71
4 59 5 76
97 80 62 1
1 89 85 4
80 5 52 2
55 59 60 1
2 55 53 98
1 52 26 74
40 73 5 25
30 5 68 72
50 35 50 70
24 3 58 69
32 5 70 61
57 92 25 12
80 3 20 72
67 1 60 99
52 5 74 51
81 71 8 13
8 93 5 66
2 67 54 62
2 45 72 65
74 2 64 5
57 4 12 67
10 26 55 38
33 67 4 66
22 52 57 17
30 5 89 63
16 81 5 62
12 42 89 8
20 89 63 2
53 55 2 70
99 96 28 1
29 58 6 71
1 67 19 77
1 51 62 59
88 88 26 3
12 15 81 91
52 4 79 28
69 1 61 60
3 65 99 36
21 36 21 88
73 7 1 2
69 18 83 1
5 52 63 45
96 55 44 1
5 53 68 25
50 66 52 1
58 84 4 6
51 9 45 85
51 63 13 51
41 65 53 4
52 91 4 12
20 3 100 81
13 52 51 62
1 6 87 38
82 1 54 68
72 39 66 1
54 22 1 76
12 62 77 9
60 1 9 92
56 1 67 94
22 90 51 18
17 55 59 30
4 58 27 62
39 13 56 57
51 96 2 52
56 56 15 46
24 43 59 34
47 60 68 2
21 68 21 57
55 54 52 29
3 91 16 19
18 65 38 53
4 53 56 66
52 2 53 84
51 52 12 61
7 97 3 68
58 77 13 24
8 12 84 48
62 1 54 70
4 29 55 60
9 9 63 14
54 51 76 2
3 71 80 32
58 60 1 66
86 1 27 3
23 54 60 6
10 13 58 81
19 55 8 92
1 52 78 48
19 47 53 55
2 65 70 4
6 85 11 75
19 55 8 91
7 14 78 91
23 66 36 28
54 6 37 48
20 4 62 84
34 56 22 55
51 1 61 51
16 9 55 72
28 57 79 5
7 95 7 61
57 51 42 44
8 50 53 95
13 21 61 71
65 50 75 2
54 53 52 14
1 26 58 33
49 62 10 70
42 53 51 51
26 51 2 58
51 47 3 83
51 8 10 52
51 60 1 50
66 52 32 4
56 65 20 11
47 72 8 53
45 4 51 74
56 6 78 30
31 53 96 6
47 55 16 27
53 19 2 53
1 72 58 22
3 23 82 45
10 51 22 20
2 69 52 25
6 9 57 72
12 14 54 69
56 1 97 2
66 94 25 1
54 3 35 96
55 73 51 5
15 65 61 2
59 92 3 12
9 47 51 71
7 63 99 10
7 36 87 1
4 92 56 1
55 54 60 4
69 1 51 52
69 96 4 2
13 76 14 67
1 51 52 92
18 57 53 2
44 2 55 87
