500 4
11 21 45 93
90 76 63 92
51 75 64 87
66 62 96 79
67 19 99 76
69 79 82 84
75 95 96 72
54 63 55 52
75 40 66 73
21 95 94 75
92 98 43 65
67 11 32 79
92 98 65 51
73 86 64 43
61 52 97 76
94 51 93 72
63 74 87 17
92 69 76 44
67 100 84 13
83 50 92 54
84 97 14 65
84 30 21 96
96 58 59 68
70 60 59 59
11 60 72 68
76 44 85 63
88 44 89 61
52 95 77 67
62 53 83 60
84 66 26 42
59 84 68 45
94 8 8 89
65 58 69 76
25 69 80 27
53 82 65 56
85 85 19 60
51 22 84 60
91 2 60 79
53 47 89 52
75 56 50 74
24 100 66 90
99 58 5 51
53 36 55 53
61 63 96 42
65 61 64 52
76 59 51 39
53 85 77 52
64 58 27 70
98 67 66 6
11 85 61 51
96 58 1 33
92 60 48 59
42 66 66 70
61 72 75 6
16 57 53 61
76 12 90 69
44 68 96 60
69 99 59 51
84 16 77 75
51 96 29 54
7 53 56 90
52 67 99 53
90 39 87 52
44 47 72 86
16 67 19 13
5 59 78 57
84 56 61 33
10 53 71 64
72 28 73 58
65 61 58 51
66 76 5 84
92 30 85 51
82 74 7 62
51 24 53 65
2 85 62 30
9 66 52 78
81 72 7 77
30 66 55 38
56 57 90 27
58 61 79 39
91 91 1 53
78 1 96 72
58 61 24 99
100 66 39 29
63 94 9 65
76 68 6 75
51 45 60 57
8 67 56 57
77 3 68 99
87 7 92 89
44 61 95 54
25 65 45 59
14 5 85 65
59 54 8 37
83 57 72 35
81 69 92 5
54 55 41 88
57 60 6 84
73 58 54 6
6 71 59 78
7 70 21 86
21 57 64 37
53 1 55 55
12 76 57 19
91 39 58 41
56 19 53 67
81 15 76 18
47 56 39 96
83 20 63 9
97 50 53 61
46 51 55 91
49 13 63 93
52 59 57 33
4 10 54 99
15 71 53 43
78 28 46 12
97 92 72 3
91 60 4 67
61 27 66 3
55 95 26 3
5 92 42 71
5 70 52 72
53 71 15 55
18 57 14 81
78 63 3 100
47 2 63 54
98 78 52 9
51 56 27 77
3 97 55 84
43 64 99 27
58 64 75 16
5 80 74 57
69 69 2 89
38 30 89 57
73 65 5 76
96 3 56 24
13 78 3 58
76 14 54 52
19 23 56 69
66 52 18 87
64 51 13 59
91 86 11 28
2 71 73 68
15 22 87 63
3 54 82 64
67 96 1 7
57 46 44 100
54 51 53 21
16 60 56 51
60 36 51 59
75 7 13 94
37 56 59 4
12 48 81 53
30 53 75 7
55 43 24 92
64 62 3 76
9 57 58 60
45 44 92 22
63 44 25 72
78 58 27 26
63 53 40 31
4 28 62 52
76 62 53 19
52 9 23 55
13 53 64 36
1 72 73 77
28 51 60 65
81 13 77 48
31 3 97 72
65 2 53 75
60 28 52 4
1 69 86 89
79 56 34 8
53 54 53 52
77 19 81 23
55 78 26 1
62 57 36 16
24 61 51 60
40 53 9 89
1 40 90 72
63 4 54 66
1 65 94 57
68 70 24 9
48 26 51 80
94 55 5 63
60 74 4 73
56 37 73 42
2 74 80 27
99 51 6 55
95 16 16 39
19 64 32 56
1 62 97 69
38 44 44 75
57 64 51 53
62 71 5 20
4 67 56 82
28 97 16 57
14 32 41 60
5 85 6 15
95 50 6 61
51 9 61 89
53 3 54 54
53 58 19 52
9 54 13 71
94 87 2 67
90 57 6 70
62 22 4 99
76 8 65 3
80 40 51 10
87 35 11 57
60 28 3 70
54 99 56 3
86 17 8 79
55 27 35 51
97 4 87 14
3 68 82 53
92 58 30 8
19 52 58 34
56 74 3 75
59 51 1 95
25 8 64 94
77 76 1 64
14 12 99 63
77 52 26 51
86 7 8 77
71 52 1 74
87 71 3 54
81 52 11 60
31 12 76 10
58 23 93 6
8 81 28 81
70 61 6 51
6 18 74 73
69 14 62 28
20 59 9 89
74 6 51 96
53 6 91 40
74 61 2 54
38 20 72 64
1 77 55 96
2 81 62 56
74 16 68 18
90 60 88 1
14 70 15 66
74 5 13 100
16 53 13 74
56 58 52 15
2 66 60 54
62 28 7 29
21 18 61 77
29 24 98 51
87 1 52 80
84 3 72 53
5 83 77 21
44 57 52 31
56 59 2 65
25 2 91 84
54 98 93 3
90 20 2 81
29 65 49 55
76 53 6 56
81 21 31 51
11 53 52 65
8 51 52 92
68 20 69 51
27 19 81 1
1 66 54 56
66 82 1 77
19 22 61 82
71 13 27 53
54 44 66 36
92 1 9 93
75 76 2 4
50 20 61 64
10 51 24 62
51 68 10 74
89 2 48 74
20 62 53 52
52 30 54 51
63 55 46 20
90 78 24 1
9 5 85 73
4 90 33 77
51 20 74 11
67 36 15 22
2 59 98 54
53 36 72 34
63 12 7 65
77 2 52 67
61 87 21 11
77 62 64 2
21 53 1 98
29 6 70 53
45 64 4 86
53 17 52 52
11 69 72 46
8 79 38 83
8 66 6 63
2 51 59 77
40 51 67 35
21 89 60 5
67 55 37 7
69 9 65 4
7 80 1 61
98 72 42 6
76 73 79 1
89 63 57 2
81 1 95 46
33 51 67 29
52 56 7 84
59 73 1 91
100 1 77 51
8 55 40 94
23 72 79 5
4 40 54 58
51 21 62 58
59 56 7 71
53 5 33 96
55 55 26 51
4 76 98 13
11 30 85 5
67 60 34 17
19 61 72 11
85 22 14 58
2 57 59 57
51 24 61 60
7 64 16 89
9 73 69 33
60 95 1 7
18 51 24 26
95 68 14 27
15 56 49 56
57 40 57 7
54 49 56 50
79 53 56 3
11 71 49 60
77 37 2 80
64 25 15 52
8 20 92 36
93 72 51 4
3 95 3 61
66 68 43 4
54 8 73 51
66 51 3 68
1 89 21 60
48 23 57 61
59 30 56 19
56 63 1 78
4 51 52 61
35 97 70 4
53 96 5 44
98 5 52 55
46 63 5 20
18 60 20 58
61 9 72 52
55 58 54 7
86 5 71 49
79 9 51 13
97 18 15 22
99 11 12 76
85 7 84 15
1 52 82 55
53 64 37 4
60 10 14 68
71 91 4 54
52 43 76 1
31 41 31 53
1 53 65 56
8 52 25 72
64 24 38 54
75 61 55 2
22 8 52 72
56 19 72 29
88 57 1 5
1 82 68 55
9 3 78 82
44 66 16 59
56 39 17 63
24 7 85 55
54 54 12 61
65 59 52 3
90 64 71 1
70 51 5 57
6 33 72 39
8 83 55 52
96 2 44 61
36 72 62 8
69 60 26 14
80 72 3 40
11 3 16 80
68 24 79 2
43 55 19 52
1 2 98 72
97 38 51 7
95 2 65 36
95 8 55 32
51 34 17 60
52 88 51 1
95 56 2 59
69 59 2 58
93 74 52 2
54 13 11 90
82 1 51 86
29 66 72 3
88 27 1 78
38 29 4 55
92 3 13 75
1 81 3 56
3 56 62 16
21 4 76 60
61 10 9 90
60 39 1 74
2 79 58 53
58 57 56 9
1 80 51 89
23 75 73 5
90 3 26 69
15 64 9 100
10 18 88 67
67 4 52 51
19 79 99 3
66 51 34 4
14 32 56 51
30 15 22 58
54 7 81 52
43 60 53 12
53 6 52 63
71 21 57 38
19 13 61 73
3 60 52 66
14 58 53 53
97 8 23 74
57 51 3 77
2 69 70 39
7 22 23 76
76 51 3 53
91 6 23 56
85 8 21 62
3 56 55 92
83 8 58 46
33 76 16 52
71 7 27 74
59 21 1 64
81 12 60 5
84 1 57 52
15 80 11 53
92 27 13 60
63 52 19 15
72 59 22 4
64 17 30 51
56 53 66 16
60 35 1 6
27 7 71 65
52 6 29 34
51 15 55 57
53 60 2 91
58 39 48 24
31 11 87 46
5 61 51 80
16 8 80 59
62 30 10 10
91 5 88 2
31 74 4 35
92 1 60 27
97 14 12 53
66 90 24 4
96 53 73 1
56 80 2 6
25 75 71 5
5 74 79 10
52 7 21 69
55 92 17 8
53 28 3 63
53 51 1 53
15 11 52 45
31 12 8 17
52 2 75 47
26 55 14 69
36 1 91 64
9 9 70 92
18 2 90 66
53 5 35 60
73 8 54 26
28 10 98 51
1 54 64 76
4 61 38 86
89 70 62 1
77 55 4 2
51 71 2 94
28 53 6 6
1 70 51 67
21 12 13 85
8 58 19 76
26 52 79 22
57 84 9 5
65 80 12 5
6 52 2 5
26 5 66 78
3 65 51 42
13 12 20 52
