20 10 
76 80 76 5 50 36 26 99 56 23 79 38 33 89 40 94 20 98 2 85
87 34 95 94 73 46 83 23 72 21 21 44 43 48 94 8 62 85 67 95
37 86 17 16 98 95 78 55 64 50 83 77 46 47 35 18 91 37 53 13
80 21 79 99 66 97 99 23 90 23 22 56 39 61 3 19 20 0 41 10
8 40 22 18 86 5 46 52 44 93 0 90 44 92 83 33 12 80 14 83
26 92 23 2 62 54 40 1 98 48 76 18 15 39 89 56 97 47 5 4
15 13 83 36 69 81 91 80 81 81 38 6 70 27 80 90 59 23 81 3
22 24 61 47 79 59 42 19 27 17 73 76 90 55 54 72 60 4 24 11
17 13 81 98 30 86 4 60 25 14 17 14 65 34 21 76 23 70 92 7
13 5 49 65 41 31 23 43 28 75 76 13 91 62 85 59 10 22 10 11
5 32 14 30 84 84 91 28 37 27 88 71 34 77 84 97 86 83 77 56
52 46 38 33 91 18 78 80 69 7 87 9 83 17 24 97 7 80 5 89
89 10 77 95 85 46 53 24 91 68 28 23 52 3 94 93 55 61 100 93
9 10 32 94 28 8 7 39 64 61 88 11 42 79 78 75 11 74 72 45
68 65 85 94 56 8 56 88 68 43 36 3 40 49 35 87 99 43 78 1
27 15 7 23 92 96 63 34 66 56 8 64 0 46 89 72 64 3 84 55
80 1 1 54 13 55 27 41 0 94 47 43 67 21 62 79 3 52 13 28
49 21 71 70 68 75 65 77 34 24 76 65 48 12 12 18 72 89 71 74
35 17 99 68 76 83 12 1 37 38 9 21 100 15 97 68 68 48 55 82
7 40 11 99 55 0 50 4 20 83 80 59 98 55 32 19 26 74 81 23
