20 10 
59 3 15 28 59 46 91 40 75 85 11 83 67 79 92 49 14 72 28 59
97 94 9 98 10 41 76 70 19 70 52 9 23 59 75 67 98 33 51 70
70 41 52 50 53 76 40 91 68 88 62 47 20 66 45 54 41 27 89 56
56 37 11 50 27 14 64 25 9 73 75 6 61 62 33 59 0 33 47 88
97 69 38 50 76 2 56 94 94 60 2 3 34 80 8 13 31 30 44 47
98 79 2 36 18 41 3 67 96 23 86 75 82 83 26 96 0 9 38 19
17 22 90 81 77 60 5 97 7 40 95 54 67 9 87 92 55 50 15 15
81 14 2 91 62 31 93 10 42 11 13 11 89 28 55 37 33 15 67 79
7 50 98 31 75 2 44 6 64 16 80 56 37 90 31 85 5 32 98 25
27 80 6 35 59 44 98 28 99 23 42 95 99 45 59 15 8 98 64 94
86 26 5 63 70 97 56 55 64 98 19 14 52 78 46 4 87 60 74 68
75 25 55 20 8 16 80 49 18 0 59 27 60 80 19 19 15 68 72 75
70 94 61 76 46 63 89 99 27 36 81 24 43 18 96 95 38 28 3 11
14 54 54 30 5 95 23 40 56 83 66 25 4 46 28 84 18 8 91 98
91 40 76 6 15 94 14 12 10 8 40 40 59 67 31 56 64 70 71 23
84 87 86 92 78 56 9 75 79 11 82 41 21 13 42 63 11 1 6 49
41 42 56 20 2 21 20 92 75 83 9 28 53 9 42 24 12 37 66 34
27 68 21 52 94 79 21 50 19 3 26 0 82 8 71 18 8 96 36 48
50 53 42 15 93 16 28 32 52 49 37 48 0 99 97 69 74 63 2 62
33 25 60 70 50 83 83 35 91 34 41 50 11 92 74 97 60 4 96 66
