20 10 
88 92 16 95 89 51 86 73 28 19 5 97 91 65 25 54 92 89 50 39
44 8 73 63 10 37 66 96 99 83 57 87 1 7 43 99 13 100 3 54
7 27 37 6 43 18 43 62 71 99 35 24 40 48 100 11 17 66 33 56
55 25 46 43 25 33 73 95 72 0 14 78 22 33 98 82 54 84 68 27
18 4 34 95 41 27 41 98 71 63 91 7 98 23 50 67 99 62 68 4
18 85 47 8 0 68 57 64 26 88 43 0 72 40 28 61 15 94 42 77
90 76 35 22 30 39 44 51 52 12 51 60 55 38 34 44 56 51 32 7
56 25 10 91 64 73 64 66 96 15 43 65 17 46 7 40 66 23 41 17
59 13 82 24 4 70 98 56 13 61 68 10 2 81 41 59 62 9 35 84
56 10 57 61 13 8 19 13 1 48 100 81 23 17 86 52 4 25 89 87
12 57 76 27 55 64 13 49 82 5 56 69 60 56 27 2 53 41 18 94
61 40 30 23 5 69 83 50 86 10 11 80 55 60 32 98 11 65 99 92
74 48 95 11 15 38 95 37 36 7 33 98 44 87 8 69 3 9 33 22
34 23 11 38 47 9 61 94 38 79 83 65 37 32 49 8 15 75 25 25
13 3 72 55 41 16 37 38 23 98 48 66 81 42 49 7 96 75 77 52
65 67 46 26 63 59 31 39 60 67 54 61 95 42 37 54 1 60 47 72
34 50 100 24 65 92 2 53 70 15 93 3 42 81 76 73 43 44 69 10
87 12 0 52 61 88 52 78 30 56 19 9 39 82 44 28 81 99 43 75
79 15 99 20 50 63 99 90 55 52 3 86 61 77 76 87 15 36 75 80
2 64 89 67 80 27 81 39 96 47 12 43 81 53 79 13 59 2 28 28
