20 10 
20 72 28 62 42 69 10 6 33 12 79 25 2 13 37 61 74 3 55 45
52 56 78 7 36 61 49 11 16 40 36 92 56 98 2 81 3 33 53 16
44 80 57 11 36 40 81 98 71 51 83 37 21 46 60 4 11 46 63 69
14 96 57 5 44 42 37 99 63 45 46 99 72 64 11 95 20 63 64 75
75 17 45 72 45 64 81 77 61 43 67 88 33 28 4 34 37 98 32 15
39 65 8 61 63 69 10 9 56 45 90 2 51 28 28 7 51 9 36 16
31 80 2 8 44 10 24 20 55 73 96 61 9 79 67 26 96 73 98 2
37 56 30 89 74 40 75 80 13 46 60 13 84 4 3 3 73 38 67 17
71 85 96 96 28 20 51 98 87 8 53 42 52 55 35 35 27 75 56 74
78 28 47 61 51 24 28 91 20 77 95 12 41 97 32 80 48 57 56 81
100 100 83 84 56 54 39 12 57 14 52 70 69 13 27 48 28 50 17 13
78 20 69 80 6 95 70 56 71 64 47 83 24 17 24 75 0 52 79 32
97 1 75 59 35 44 86 56 33 11 45 32 53 83 3 78 76 87 59 22
14 86 48 39 52 36 46 41 74 23 98 44 100 12 28 38 50 70 64 44
96 17 14 49 8 27 56 86 63 44 93 62 88 92 67 51 35 79 54 46
80 89 45 76 37 27 43 89 95 46 47 99 39 3 81 51 37 8 48 28
70 1 13 80 22 3 2 93 65 60 36 28 13 72 87 35 37 97 2 43
10 60 23 46 28 67 75 64 34 82 66 89 1 78 6 69 64 55 82 39
43 87 88 90 1 10 42 1 97 100 20 72 48 42 98 68 54 23 82 49
22 46 83 88 18 82 60 82 0 78 60 75 60 64 80 80 78 48 28 6
