20 5
0.65 0.04 0.19 0.58 0.13
0.99 0.66 0.12 0.30 0.64
0.13 0.92 0.34 0.03 0.30
0.98 0.56 0.50 0.38 0.51
0.56 0.00 0.47 0.79 0.38
0.12 0.74 0.08 0.20 0.95
0.96 0.43 0.74 0.07 0.57
0.83 0.18 0.62 0.28 0.49
0.33 0.00 0.32 0.64 0.94
0.66 0.76 1.00 0.31 0.15
0.10 0.13 0.40 0.66 0.00
0.12 0.24 0.64 0.18 0.30
0.60 0.18 0.44 0.48 0.50
0.23 0.05 0.31 0.89 0.34
0.30 0.81 0.60 0.28 0.32
0.34 0.90 0.28 0.78 0.06
0.36 0.94 0.10 0.09 0.31
0.79 0.84 0.18 0.23 0.58
0.53 0.99 0.55 0.01 0.37
0.64 0.10 0.66 1.00 0.16
