250 6
64 58 59 65 67 88
93 91 78 58 75 69
54 58 58 72 91 58
78 82 90 98 11 65
94 17 59 100 94 89
79 63 77 60 55 72
80 54 52 3 58 51
43 92 89 76 44 52
37 69 63 54 82 72
62 73 92 99 34 68
54 75 60 73 83 76
69 55 53 84 64 90
60 73 78 88 87 56
70 71 34 76 61 62
65 56 38 81 70 88
56 76 87 96 70 51
66 77 63 90 38 59
60 93 57 84 86 65
76 44 95 77 88 68
92 51 55 100 87 65
60 93 53 68 68 93
77 71 3 90 52 85
53 90 64 99 57 65
66 77 91 59 61 98
50 87 41 81 82 18
84 53 75 23 83 59
93 3 55 79 94 83
30 74 34 64 65 82
59 69 23 78 96 53
5 70 64 89 77 40
27 52 63 16 61 57
69 92 2 8 80 49
81 67 64 94 24 70
98 18 9 76 56 8
96 16 76 14 82 70
84 53 53 52 50 61
25 47 41 53 73 66
24 81 44 9 81 34
23 39 89 61 92 35
76 12 34 97 91 95
52 87 60 55 68 88
64 91 82 90 25 79
61 93 66 27 47 4
49 79 50 46 88 86
76 4 67 92 5 2
95 55 55 100 62 11
74 83 10 88 22 17
80 73 80 73 5 70
63 63 76 39 97 4
67 78 29 38 82 43
90 58 18 55 76 95
55 40 3 90 85 97
90 25 60 3 96 93
54 56 56 71 58 84
86 34 71 87 75 75
24 89 27 13 4 79
77 94 64 84 73 52
16 97 13 57 19 91
63 77 54 71 96 47
1 21 6 80 71 68
63 45 56 39 63 39
24 1 93 50 40 69
92 87 28 55 95 89
60 58 92 59 60 53
65 96 9 100 60 57
98 29 90 35 59 71
94 12 85 73 66 67
57 72 76 32 57 42
82 33 94 46 52 4
96 74 52 86 72 50
56 26 61 52 70 71
58 66 55 64 51 94
100 44 22 27 71 61
85 64 77 84 59 17
99 78 97 90 12 8
35 26 71 90 65 8
89 64 14 63 56 91
70 32 60 31 16 17
81 68 30 55 79 65
67 21 80 74 99 84
59 20 58 1 83 50
80 92 53 68 73 40
33 11 15 70 97 93
79 11 94 53 53 61
56 61 53 57 1 54
11 88 60 64 92 17
87 63 23 16 18 11
75 30 27 37 62 72
52 6 19 22 45 9
84 73 86 10 41 79
90 96 16 65 31 89
89 25 100 52 43 41
65 38 92 84 27 13
79 77 56 7 70 97
79 31 7 66 75 99
36 26 55 51 59 86
84 55 82 19 79 49
52 59 48 53 38 74
50 20 89 74 89 68
100 7 100 7 90 40
12 6 90 62 19 40
10 13 62 100 69 99
82 71 53 26 43 94
10 86 45 65 78 82
22 36 80 54 69 89
65 61 59 53 37 13
61 54 22 62 8 74
21 7 96 30 80 55
17 53 41 64 68 83
76 87 5 53 81 69
11 91 88 51 1 63
41 16 68 23 60 68
91 75 18 68 35 93
57 59 9 54 64 33
58 79 45 82 33 16
2 22 95 81 59 77
54 75 29 13 98 49
70 91 99 17 2 83
22 91 65 57 75 12
27 54 51 15 82 58
21 43 83 79 62 58
10 61 47 93 50 96
41 79 94 49 17 80
23 88 58 97 11 29
64 13 54 25 21 98
8 85 62 64 13 62
59 80 5 82 20 7
31 79 94 95 88 11
22 56 89 41 63 53
56 87 18 71 67 15
60 89 63 59 80 4
8 73 72 72 56 75
23 97 62 58 89 71
65 72 3 94 38 60
30 69 54 66 79 63
63 91 77 74 59 5
94 46 64 17 62 62
10 55 63 54 34 1
73 7 62 65 34 72
29 50 74 5 79 13
26 5 63 97 86 81
11 68 54 81 44 29
4 98 73 29 70 76
95 20 75 52 9 57
82 88 18 81 49 99
51 50 51 72 10 55
80 71 54 90 40 51
3 70 69 79 79 64
65 28 68 93 23 75
59 97 69 8 76 55
25 33 86 54 55 98
33 11 67 65 56 55
94 74 59 10 30 60
8 66 95 94 60 76
7 63 83 71 68 75
22 81 64 27 58 89
70 26 68 12 74 51
73 87 91 21 14 82
52 26 83 43 40 88
30 65 26 32 52 62
64 78 57 13 66 93
11 27 36 79 53 71
79 51 14 59 69 68
8 91 99 73 85 60
96 85 51 92 9 64
87 61 88 16 24 67
83 91 70 1 45 76
85 97 5 66 67 90
58 66 80 7 53 43
90 24 18 24 72 59
7 89 38 34 67 94
53 85 4 76 64 86
52 89 33 76 36 76
59 48 87 89 15 63
9 51 36 92 60 99
80 20 10 59 70 91
51 41 86 94 13 52
17 95 63 53 73 81
69 99 27 77 33 42
2 58 68 95 52 91
40 67 5 52 53 89
8 98 74 58 64 81
56 57 86 55 10 75
16 51 98 98 3 97
53 86 59 65 99 1
29 32 70 87 28 60
93 52 74 2 59 74
60 24 100 52 36 58
13 69 91 51 52 70
55 73 80 39 97 4
64 60 15 30 97 78
61 51 13 82 68 91
54 76 46 79 20 63
32 63 31 92 68 88
44 54 1 89 100 74
95 5 56 93 100 60
51 84 82 14 53 56
56 92 61 58 60 3
63 57 20 53 32 55
11 77 81 34 46 77
2 100 97 32 89 43
97 70 59 74 57 4
80 59 55 11 12 93
63 61 10 75 61 90
2 71 89 66 65 45
22 31 51 100 84 67
81 43 29 60 30 83
15 55 43 60 52 62
56 54 77 64 16 77
79 68 69 1 95 41
1 76 69 15 55 73
54 60 91 10 58 97
51 69 17 56 94 60
91 69 28 4 4 22
89 57 89 52 83 5
45 61 6 31 59 61
9 61 60 57 81 85
79 3 83 74 55 86
84 74 93 71 15 43
35 77 63 87 31 64
66 25 71 15 59 80
55 59 97 3 61 96
87 81 85 36 10 53
96 1 53 87 8 100
67 56 17 93 38 67
7 59 83 63 62 54
10 73 47 63 60 97
24 90 51 74 2 81
59 4 73 70 28 64
1 58 82 96 59 93
18 49 79 53 80 66
96 90 26 92 12 66
53 42 53 72 29 31
24 68 57 59 62 76
31 54 94 83 51 3
80 61 75 54 6 75
17 27 79 52 74 38
73 4 63 51 90 64
92 54 75 62 2 67
6 52 75 44 74 24
78 18 89 75 4 98
35 61 51 58 5 87
58 82 3 56 68 57
69 94 53 3 61 85
40 83 16 58 56 81
63 3 61 80 76 94
36 86 17 64 86 78
64 1 88 47 77 67
83 48 2 73 74 38
53 67 3 51 90 95
