250 6
43 50 25 72 39 12
79 23 10 64 88 52
43 61 91 45 80 79
94 26 88 52 99 84
82 19 80 76 86 52
6 74 52 57 76 98
25 99 88 96 96 37
25 78 71 26 65 53
90 84 96 57 58 57
86 94 59 65 70 66
68 95 55 54 88 70
66 72 64 55 58 74
73 64 16 54 55 99
88 59 51 55 94 56
41 61 2 93 64 99
91 6 16 87 70 81
54 75 89 54 89 97
65 88 66 21 87 24
57 80 65 70 66 52
64 1 41 57 75 92
37 24 73 67 55 91
88 44 64 87 63 67
73 65 97 63 51 90
95 52 61 96 12 73
57 51 97 55 53 57
66 38 53 66 25 85
57 95 55 62 100 83
79 88 33 68 77 55
88 71 92 40 81 52
84 30 58 59 83 89
66 30 78 76 27 58
60 68 79 56 51 76
10 61 97 55 81 84
68 30 78 66 94 78
23 51 93 96 79 57
7 35 92 100 38 12
57 4 92 75 95 72
13 46 86 66 77 73
58 78 96 61 61 78
2 99 76 71 78 63
68 18 80 88 88 82
28 71 61 34 14 63
87 42 89 72 37 43
100 33 55 55 94 56
93 81 91 74 3 80
61 68 55 57 65 63
94 31 42 55 91 34
85 67 60 55 85 80
66 40 98 59 98 77
24 30 7 83 91 92
53 73 54 40 12 19
15 85 63 90 85 51
86 63 73 59 68 64
67 10 75 68 80 54
54 15 93 70 44 59
26 91 98 54 88 45
75 72 87 33 95 96
79 56 49 51 83 24
4 72 96 88 86 91
96 68 95 83 23 33
85 70 88 54 76 95
60 97 73 27 15 100
92 2 79 44 99 96
58 82 85 43 65 13
93 59 90 51 55 73
60 67 56 67 54 82
95 51 88 73 2 61
68 24 57 93 62 7
41 65 88 52 7 79
100 40 68 30 100 54
97 32 60 82 70 16
75 23 14 83 48 86
9 32 67 82 95 27
74 73 52 82 28 43
46 19 53 99 100 61
5 59 83 54 82 89
68 14 70 82 86 24
27 61 83 51 57 73
56 38 63 93 63 76
71 71 57 52 68 64
75 43 18 97 12 7
13 55 78 78 90 94
59 60 61 51 62 85
66 77 32 55 68 27
16 74 67 58 65 78
76 33 92 54 74 15
76 1 52 74 99 80
93 62 51 53 78 83
99 83 6 94 72 91
74 41 91 62 95 91
36 51 66 79 77 17
25 76 87 25 89 70
95 40 68 77 42 40
86 53 84 51 91 58
71 56 4 54 40 59
69 59 87 82 100 11
88 46 56 96 55 71
47 80 28 23 11 88
45 66 75 54 96 63
94 89 61 23 95 60
54 38 96 57 69 76
61 54 67 71 86 98
12 51 72 75 74 86
65 53 75 58 12 63
77 28 100 99 56 4
97 39 97 54 52 78
81 77 91 18 83 99
12 56 35 69 94 59
88 66 78 60 65 39
67 18 24 22 89 12
67 61 64 61 85 70
66 24 23 54 92 8
61 83 6 87 70 73
10 74 88 49 71 73
78 52 86 54 62 64
33 3 85 90 73 100
58 41 79 20 61 51
80 6 99 95 90 64
97 76 66 56 56 2
67 69 83 47 33 51
81 96 47 49 1 75
95 14 91 15 71 8
91 6 57 69 67 65
87 13 49 2 68 88
59 42 3 86 91 63
29 71 80 14 66 32
15 86 84 79 58 93
92 9 36 92 99 54
51 13 71 25 72 71
78 76 30 60 6 68
33 72 90 89 24 31
87 73 71 16 1 15
76 86 51 14 90 9
7 17 95 91 75 84
61 39 40 70 8 78
73 83 14 9 59 61
99 10 6 99 84 84
12 3 70 21 49 45
83 25 12 90 60 96
63 82 7 42 48 67
39 66 33 5 76 89
54 1 81 39 36 83
68 59 28 59 11 30
88 33 10 82 51 64
95 69 74 70 3 43
60 84 58 36 6 61
8 78 67 57 55 70
53 69 76 95 36 7
58 63 1 8 6 59
52 81 97 97 65 2
93 93 61 18 70 57
89 7 50 78 65 21
83 58 69 3 66 43
50 100 62 86 54 11
57 31 63 86 13 63
27 22 52 23 34 88
13 100 54 60 80 84
55 64 33 6 62 98
22 75 84 75 57 18
27 76 44 58 1 98
90 51 16 37 65 64
78 85 82 84 4 44
29 85 42 80 30 26
87 58 35 69 84 45
81 83 68 7 17 81
26 80 75 52 63 6
17 80 17 93 52 66
17 54 92 61 72 38
51 83 40 26 89 22
81 87 41 3 65 68
7 27 8 3 81 36
88 8 39 52 43 36
4 70 71 89 98 61
68 56 6 84 94 65
22 52 68 88 7 79
54 92 13 22 41 60
65 75 75 64 4 55
91 89 43 2 4 7
93 13 19 60 56 13
53 2 32 13 61 96
41 35 44 88 22 97
61 84 88 3 36 63
83 47 5 21 63 46
97 67 4 5 71 73
74 27 18 72 66 76
88 59 10 61 14 72
58 58 69 43 57 67
4 44 66 86 85 14
53 10 53 62 42 94
87 58 50 67 64 7
30 74 18 16 65 98
53 52 88 71 42 85
73 61 39 58 20 64
79 86 72 57 5 92
91 78 96 31 53 7
72 65 84 7 33 60
16 92 64 60 52 53
97 71 79 53 64 12
94 12 36 62 53 30
64 52 76 41 12 69
79 20 59 89 51 49
54 80 9 71 59 94
90 41 79 21 62 7
57 1 83 59 55 75
12 35 67 95 77 88
65 23 65 77 99 68
85 92 98 56 57 4
2 21 18 93 42 58
90 46 70 73 81 10
57 94 88 93 79 1
40 19 100 75 53 39
11 17 89 73 83 63
26 52 74 79 86 30
90 10 16 79 95 81
26 65 77 78 5 93
81 48 67 87 76 56
50 36 21 91 51 66
39 93 4 72 70 82
46 80 51 50 66 13
61 52 67 57 53 70
2 92 76 63 28 66
55 69 7 91 9 73
52 61 79 57 20 72
98 38 61 75 8 48
77 90 83 4 4 94
69 80 87 34 70 15
64 52 64 59 67 87
99 56 28 69 98 7
53 67 60 65 76 83
78 88 67 4 45 97
34 19 60 15 73 10
73 82 72 70 64 10
22 72 40 74 49 39
69 59 62 55 42 79
76 96 51 64 1 51
87 66 84 54 36 52
80 35 16 61 100 6
52 89 10 72 58 69
62 13 58 69 82 85
89 96 100 81 4 1
32 60 79 68 19 15
74 75 7 75 72 13
35 59 85 71 67 11
76 60 4 82 81 57
20 42 44 69 22 94
57 89 92 16 55 63
9 86 63 69 57 61
1 82 33 41 82 68
7 73 50 65 69 76
84 56 19 95 76 26
