250 6
0.40 0.28 0.19 0.12 0.98 0.95
0.62 0.53 0.63 0.74 0.78 0.60
1.00 0.66 0.52 0.78 0.25 0.57
0.53 0.54 0.79 0.78 0.53 1.00
0.97 0.91 0.52 0.93 0.93 0.05
0.90 0.65 0.68 0.78 0.65 0.81
0.91 0.96 0.14 0.77 0.52 0.65
0.43 0.95 0.87 0.57 0.95 0.74
0.58 0.63 0.69 0.96 0.58 0.67
0.60 0.83 0.82 0.61 0.87 0.90
0.74 0.09 0.54 0.98 0.47 0.15
0.88 0.63 0.62 0.91 0.91 0.53
0.79 0.32 0.12 0.72 0.78 0.80
0.83 0.63 0.81 0.79 0.83 0.51
0.04 0.61 0.81 0.66 0.63 0.96
0.58 0.97 0.28 0.57 0.84 0.64
0.84 0.67 0.80 0.65 0.79 0.61
0.62 1.00 0.56 0.88 0.80 0.82
0.40 0.80 0.64 0.57 0.80 0.95
0.75 0.66 0.67 0.57 0.28 0.79
0.45 0.60 0.91 0.79 0.74 0.95
0.77 0.98 0.57 0.77 0.80 0.56
0.93 0.94 0.02 0.63 0.87 0.76
0.86 0.83 0.56 0.17 0.14 0.69
0.82 0.61 0.26 0.24 0.47 0.54
0.77 0.82 0.93 0.67 0.72 0.53
0.64 0.15 0.24 0.63 0.76 0.42
0.63 0.87 0.63 0.57 0.80 0.61
0.83 0.92 0.14 0.92 0.61 0.35
0.35 0.62 0.75 0.36 0.31 0.19
0.83 0.30 0.66 0.61 0.83 0.97
0.63 0.07 0.03 0.73 0.55 0.72
0.21 0.57 0.39 0.94 0.97 0.20
0.88 0.15 0.74 0.52 0.18 0.93
0.81 0.44 0.92 0.65 0.59 0.81
0.90 0.13 0.69 0.71 0.10 0.26
0.58 0.73 0.64 0.02 0.74 0.48
0.47 0.58 0.76 0.64 0.77 0.59
0.22 0.51 0.28 0.54 0.78 0.63
0.18 0.49 0.52 0.88 0.93 0.97
0.69 0.54 0.65 0.74 0.60 0.23
0.77 0.26 0.53 1.00 0.86 0.09
0.59 0.63 0.59 0.65 0.90 0.20
0.98 0.44 0.61 0.40 0.87 0.82
0.37 0.96 0.72 0.71 0.58 0.68
0.85 0.32 0.66 0.52 0.97 0.43
0.97 0.29 0.68 0.47 1.00 0.73
0.60 0.81 0.43 0.63 0.72 0.95
0.81 0.57 0.37 0.69 0.47 0.64
0.42 0.85 0.64 0.72 0.21 0.57
0.18 0.68 0.57 0.26 0.40 0.88
0.62 0.04 0.71 0.01 0.69 0.63
0.17 0.59 0.73 0.56 0.85 0.74
1.00 0.96 0.06 0.55 0.92 0.94
0.83 0.42 0.51 0.88 0.73 0.11
0.97 0.77 0.81 0.74 0.01 0.17
0.34 0.64 0.61 0.40 0.77 0.78
0.71 0.69 0.59 0.03 0.73 0.66
0.97 0.68 0.92 0.56 0.15 0.94
0.68 0.94 0.08 0.52 0.62 0.51
0.70 0.44 0.70 0.68 0.37 0.92
0.80 0.63 0.54 0.80 0.20 0.05
0.65 0.23 0.69 0.37 0.52 0.60
0.56 0.96 0.39 0.57 0.82 0.33
0.93 0.55 0.83 0.62 0.16 0.56
0.34 0.97 0.58 0.71 0.87 0.62
0.88 0.98 0.14 0.10 0.57 0.32
0.24 1.00 0.70 0.68 0.54 0.81
0.97 0.39 0.28 0.58 0.50 0.98
0.76 0.43 0.54 0.67 0.61 0.74
0.78 0.91 0.41 0.35 0.96 0.42
1.00 0.63 0.03 0.81 0.11 0.10
0.32 0.61 0.89 0.67 0.19 0.67
0.07 0.73 0.73 0.95 0.55 0.60
0.90 0.57 0.01 0.84 0.80 0.99
0.91 0.55 0.52 0.37 0.24 0.18
0.70 0.86 0.23 0.12 0.69 0.51
0.96 0.26 0.08 0.04 0.55 0.56
0.76 0.70 0.53 0.86 0.25 0.93
0.93 0.80 0.13 0.06 0.09 0.51
0.82 0.84 0.08 0.92 0.20 0.09
0.70 0.87 0.37 0.01 0.95 0.79
0.83 0.50 0.92 0.87 0.18 0.93
0.07 0.55 0.07 0.76 0.21 0.87
0.68 0.43 0.91 0.61 0.22 0.95
0.90 0.46 0.68 0.53 0.96 0.58
0.37 0.64 0.48 0.58 0.36 0.70
0.87 0.05 0.02 0.96 0.83 0.32
0.63 0.36 0.67 0.19 0.02 0.82
0.19 0.71 0.88 0.05 0.36 0.78
0.15 0.60 0.71 0.96 0.10 0.09
0.40 0.88 0.59 0.67 0.08 0.53
0.06 0.69 0.75 0.92 0.51 0.95
0.67 0.99 0.27 0.40 0.78 0.70
0.63 0.94 0.18 0.71 0.36 0.73
0.79 0.94 0.93 0.08 0.25 0.85
0.68 0.66 0.68 0.62 0.96 0.35
0.50 0.53 0.96 0.08 0.83 0.23
0.72 0.57 0.55 0.93 0.63 0.52
0.91 0.83 0.55 0.21 0.97 0.34
0.09 0.67 0.78 0.58 0.23 0.95
0.68 0.48 0.83 0.62 0.02 0.62
0.45 0.25 0.14 0.02 0.52 0.28
0.06 0.97 0.91 0.91 0.19 0.59
0.96 0.99 0.35 0.62 0.48 0.41
0.52 0.97 0.20 0.89 0.62 0.10
0.14 0.51 0.60 0.82 0.86 0.71
0.73 0.52 0.96 0.81 0.99 0.27
0.05 0.77 0.59 0.82 0.54 0.82
0.85 0.16 0.59 0.78 0.48 0.98
0.64 0.77 0.56 0.49 0.19 0.03
0.13 0.66 0.70 0.69 0.58 0.65
0.28 1.00 0.91 0.17 0.59 0.73
0.41 0.84 0.71 0.91 0.72 0.59
0.15 0.99 0.41 0.89 0.68 0.56
0.03 0.87 0.55 0.93 0.75 0.34
0.51 0.53 0.88 0.95 0.07 0.73
0.24 0.54 0.61 0.54 0.98 0.56
0.96 0.74 0.89 0.09 0.70 0.22
0.61 0.09 0.93 0.65 0.06 1.00
0.37 0.72 0.77 0.63 0.03 0.75
0.02 0.94 0.59 0.93 0.24 0.52
0.26 0.31 0.42 0.21 0.76 0.57
0.78 0.53 0.01 0.73 0.79 0.25
0.62 0.18 0.13 0.01 0.61 0.91
0.66 0.09 0.52 0.68 0.84 0.73
1.00 0.79 0.56 0.08 0.46 1.00
0.71 0.58 0.06 0.20 0.24 0.70
0.75 0.62 0.55 0.74 0.74 0.17
0.65 0.40 0.90 0.65 0.33 0.52
0.89 0.63 0.73 0.48 1.00 0.16
0.98 0.68 0.01 0.70 0.72 0.66
0.55 0.72 0.12 0.53 0.71 0.90
0.63 0.79 0.41 0.81 0.20 0.98
0.62 0.94 0.23 0.75 0.57 0.20
0.52 0.75 0.16 0.68 0.06 0.51
0.68 0.74 0.07 0.39 0.64 0.56
0.04 0.92 0.06 0.68 0.90 0.70
0.55 0.23 0.90 0.83 0.49 0.75
0.57 0.93 0.84 0.65 0.04 0.57
0.51 0.54 0.66 0.85 0.21 0.60
0.17 0.60 0.95 0.88 0.53 0.46
0.06 0.62 0.94 0.01 0.93 0.70
0.90 0.75 0.39 0.70 0.79 0.12
0.78 0.05 0.91 0.53 0.55 0.91
0.78 0.02 0.83 0.95 1.00 0.80
0.93 0.34 0.57 0.76 0.38 0.52
0.04 0.18 0.76 0.04 0.68 0.71
0.27 0.73 0.68 0.79 0.61 0.83
0.17 0.89 0.59 0.56 0.98 0.23
0.89 0.70 0.66 0.74 0.98 0.05
0.68 0.66 0.70 0.54 0.50 0.79
0.81 0.28 0.72 0.83 0.49 0.95
0.29 0.55 0.74 0.71 0.59 1.00
0.39 0.61 0.60 0.75 0.66 0.67
0.09 0.85 0.12 0.08 0.92 0.94
0.43 0.81 0.79 0.14 0.81 0.50
0.72 0.39 0.53 0.86 0.88 0.14
0.72 0.79 1.00 0.74 0.03 0.06
1.00 0.53 0.64 0.82 0.57 0.19
0.93 0.62 0.88 0.51 0.09 0.31
0.02 0.63 0.71 0.91 1.00 0.61
0.85 0.61 0.80 0.03 0.35 0.30
0.63 0.38 0.74 0.51 0.94 0.20
0.24 0.52 0.73 0.51 0.40 0.61
0.28 0.79 0.55 0.93 0.13 0.60
0.06 0.59 0.93 0.71 0.57 0.86
0.53 0.63 0.09 0.58 0.75 0.56
0.83 0.21 0.64 0.55 0.80 0.71
0.53 0.10 0.87 0.10 0.70 0.28
0.16 0.38 0.20 0.62 0.66 0.58
0.80 0.55 0.89 0.55 0.90 0.14
0.93 0.31 0.86 0.06 0.15 0.58
0.96 0.05 0.58 0.96 0.23 0.87
0.61 0.69 0.09 0.82 0.17 0.60
0.98 0.61 0.45 0.83 0.18 0.85
0.54 0.21 0.81 0.90 0.87 0.53
0.98 0.04 0.14 0.77 0.75 0.87
0.81 0.52 0.71 0.59 0.94 0.15
0.93 0.51 0.36 0.85 0.44 0.78
0.51 0.59 0.71 1.00 0.12 0.90
0.77 0.59 0.75 0.55 0.12 0.53
0.21 0.93 0.81 0.24 0.90 0.51
0.70 0.68 0.50 0.92 0.15 0.93
0.97 0.62 0.05 0.92 0.52 0.94
0.56 0.12 0.72 0.71 0.82 0.41
0.25 0.62 0.71 0.53 0.98 0.72
0.68 0.93 0.10 0.69 0.55 0.86
0.51 0.78 0.12 0.28 0.59 0.29
0.77 0.71 0.81 0.79 0.53 0.08
0.96 0.56 0.15 0.64 0.40 0.54
0.97 0.73 0.53 0.75 0.70 0.05
0.77 0.54 0.80 0.05 0.33 0.03
0.14 0.18 0.71 0.70 0.49 0.57
0.25 0.06 0.58 0.85 0.78 0.84
0.39 0.96 0.94 0.03 0.16 0.89
0.74 0.86 0.63 0.94 1.00 0.01
0.65 0.53 0.90 0.72 0.80 0.08
0.07 0.55 0.28 0.79 0.54 0.83
0.79 0.80 0.72 0.24 0.29 0.18
0.35 0.03 0.14 0.79 0.88 0.11
0.84 0.74 0.91 0.68 0.03 0.57
0.54 0.03 1.00 0.75 0.90 0.54
0.92 0.63 0.74 0.54 0.09 0.45
0.62 0.51 0.46 0.66 0.13 0.13
0.61 0.80 1.00 0.49 0.84 0.17
0.21 0.99 0.66 0.54 0.65 0.58
0.41 0.77 0.08 0.72 0.83 0.50
0.56 0.05 0.57 0.09 0.73 0.68
0.53 0.57 0.91 0.86 0.53 0.27
0.78 0.65 0.52 0.15 0.06 0.70
0.67 0.66 0.62 0.53 0.40 0.84
0.99 0.83 0.11 0.59 0.46 0.60
0.69 0.15 0.79 0.61 0.62 0.65
0.23 0.47 0.59 0.73 0.08 0.77
0.61 0.74 0.61 0.79 0.06 0.58
0.70 0.05 0.55 0.89 0.71 0.21
0.52 0.88 0.95 0.73 0.59 0.02
0.05 0.23 0.66 0.23 0.44 0.92
0.76 0.57 0.57 0.20 0.30 0.79
0.59 0.97 0.69 0.79 0.87 0.19
0.65 0.85 0.79 0.52 0.04 0.07
0.09 0.90 0.57 0.98 0.90 0.31
0.90 0.67 0.02 0.53 0.66 0.80
0.84 0.12 0.62 0.64 0.76 0.62
0.04 0.32 0.57 0.75 0.88 0.68
0.38 0.63 0.23 0.97 0.64 0.79
0.22 0.08 0.29 0.53 1.00 0.83
0.71 0.06 0.62 0.88 0.55 0.05
0.57 0.89 0.19 0.95 0.05 0.66
0.58 0.57 0.63 0.84 0.54 0.13
0.54 0.74 0.10 0.92 0.50 0.53
0.54 0.70 0.39 0.97 0.14 0.25
0.51 0.27 0.65 0.55 0.51 0.55
0.87 0.54 0.69 0.03 0.70 0.09
0.93 0.21 0.54 0.49 0.54 0.51
0.71 0.41 0.51 0.80 0.08 0.57
0.93 0.64 0.77 0.65 0.01 0.74
0.43 0.71 0.73 0.66 0.29 0.93
0.02 0.31 0.33 0.82 0.82 0.77
0.59 0.90 0.55 0.67 0.32 0.85
0.63 0.85 0.52 0.65 0.85 0.08
0.88 0.11 0.84 0.59 0.43 0.56
0.71 0.69 0.05 0.01 0.75 0.65
0.93 0.63 0.22 0.74 0.51 0.50
0.71 0.86 0.79 0.15 0.09 0.81
0.63 0.91 0.65 0.58 0.83 0.17
0.24 0.14 0.79 0.68 0.18 0.64
0.58 0.60 0.10 0.53 0.78 0.67
0.64 0.01 0.68 0.64 0.53 0.54
