250 6
40 28 19 12 98 95
62 53 63 74 78 60
100 66 52 78 25 57
53 54 79 78 53 100
97 91 52 93 93 5
90 65 68 78 65 81
91 96 14 77 52 65
43 95 87 57 95 74
58 63 69 96 58 67
60 83 82 61 87 90
74 9 54 98 47 15
88 63 62 91 91 53
79 32 12 72 78 80
83 63 81 79 83 51
4 61 81 66 63 96
58 97 28 57 84 64
84 67 80 65 79 61
62 100 56 88 80 82
40 80 64 57 80 95
75 66 67 57 28 79
45 60 91 79 74 95
77 98 57 77 80 56
93 94 2 63 87 76
86 83 56 17 14 69
82 61 26 24 47 54
77 82 93 67 72 53
64 15 24 63 76 42
63 87 63 57 80 61
83 92 14 92 61 35
35 62 75 36 31 19
83 30 66 61 83 97
63 7 3 73 55 72
21 57 39 94 97 20
88 15 74 52 18 93
81 44 92 65 59 81
90 13 69 71 10 26
58 73 64 2 74 48
47 58 76 64 77 59
22 51 28 54 78 63
18 49 52 88 93 97
69 54 65 74 60 23
77 26 53 100 86 9
59 63 59 65 90 20
98 44 61 40 87 82
37 96 72 71 58 68
85 32 66 52 97 43
97 29 68 47 100 73
60 81 43 63 72 95
81 57 37 69 47 64
42 85 64 72 21 57
18 68 57 26 40 88
62 4 71 1 69 63
17 59 73 56 85 74
100 96 6 55 92 94
83 42 51 88 73 11
97 77 81 74 1 17
34 64 61 40 77 78
71 69 59 3 73 66
97 68 92 56 15 94
68 94 8 52 62 51
70 44 70 68 37 92
80 63 54 80 20 5
65 23 69 37 52 60
56 96 39 57 82 33
93 55 83 62 16 56
34 97 58 71 87 62
88 98 14 10 57 32
24 100 70 68 54 81
97 39 28 58 50 98
76 43 54 67 61 74
78 91 41 35 96 42
100 63 3 81 11 10
32 61 89 67 19 67
7 73 73 95 55 60
90 57 1 84 80 99
91 55 52 37 24 18
70 86 23 12 69 51
96 26 8 4 55 56
76 70 53 86 25 93
93 80 13 6 9 51
82 84 8 92 20 9
70 87 37 1 95 79
83 50 92 87 18 93
7 55 7 76 21 87
68 43 91 61 22 95
90 46 68 53 96 58
37 64 48 58 36 70
87 5 2 96 83 32
63 36 67 19 2 82
19 71 88 5 36 78
15 60 71 96 10 9
40 88 59 67 8 53
6 69 75 92 51 95
67 99 27 40 78 70
63 94 18 71 36 73
79 94 93 8 25 85
68 66 68 62 96 35
50 53 96 8 83 23
72 57 55 93 63 52
91 83 55 21 97 34
9 67 78 58 23 95
68 48 83 62 2 62
45 25 14 2 52 28
6 97 91 91 19 59
96 99 35 62 48 41
52 97 20 89 62 10
14 51 60 82 86 71
73 52 96 81 99 27
5 77 59 82 54 82
85 16 59 78 48 98
64 77 56 49 19 3
13 66 70 69 58 65
28 100 91 17 59 73
41 84 71 91 72 59
15 99 41 89 68 56
3 87 55 93 75 34
51 53 88 95 7 73
24 54 61 54 98 56
96 74 89 9 70 22
61 9 93 65 6 100
37 72 77 63 3 75
2 94 59 93 24 52
26 31 42 21 76 57
78 53 1 73 79 25
62 18 13 1 61 91
66 9 52 68 84 73
100 79 56 8 46 100
71 58 6 20 24 70
75 62 55 74 74 17
65 40 90 65 33 52
89 63 73 48 100 16
98 68 1 70 72 66
55 72 12 53 71 90
63 79 41 81 20 98
62 94 23 75 57 20
52 75 16 68 6 51
68 74 7 39 64 56
4 92 6 68 90 70
55 23 90 83 49 75
57 93 84 65 4 57
51 54 66 85 21 60
17 60 95 88 53 46
6 62 94 1 93 70
90 75 39 70 79 12
78 5 91 53 55 91
78 2 83 95 100 80
93 34 57 76 38 52
4 18 76 4 68 71
27 73 68 79 61 83
17 89 59 56 98 23
89 70 66 74 98 5
68 66 70 54 50 79
81 28 72 83 49 95
29 55 74 71 59 100
39 61 60 75 66 67
9 85 12 8 92 94
43 81 79 14 81 50
72 39 53 86 88 14
72 79 100 74 3 6
100 53 64 82 57 19
93 62 88 51 9 31
2 63 71 91 100 61
85 61 80 3 35 30
63 38 74 51 94 20
24 52 73 51 40 61
28 79 55 93 13 60
6 59 93 71 57 86
53 63 9 58 75 56
83 21 64 55 80 71
53 10 87 10 70 28
16 38 20 62 66 58
80 55 89 55 90 14
93 31 86 6 15 58
96 5 58 96 23 87
61 69 9 82 17 60
98 61 45 83 18 85
54 21 81 90 87 53
98 4 14 77 75 87
81 52 71 59 94 15
93 51 36 85 44 78
51 59 71 100 12 90
77 59 75 55 12 53
21 93 81 24 90 51
70 68 50 92 15 93
97 62 5 92 52 94
56 12 72 71 82 41
25 62 71 53 98 72
68 93 10 69 55 86
51 78 12 28 59 29
77 71 81 79 53 8
96 56 15 64 40 54
97 73 53 75 70 5
77 54 80 5 33 3
14 18 71 70 49 57
25 6 58 85 78 84
39 96 94 3 16 89
74 86 63 94 100 1
65 53 90 72 80 8
7 55 28 79 54 83
79 80 72 24 29 18
35 3 14 79 88 11
84 74 91 68 3 57
54 3 100 75 90 54
92 63 74 54 9 45
62 51 46 66 13 13
61 80 100 49 84 17
21 99 66 54 65 58
41 77 8 72 83 50
56 5 57 9 73 68
53 57 91 86 53 27
78 65 52 15 6 70
67 66 62 53 40 84
99 83 11 59 46 60
69 15 79 61 62 65
23 47 59 73 8 77
61 74 61 79 6 58
70 5 55 89 71 21
52 88 95 73 59 2
5 23 66 23 44 92
76 57 57 20 30 79
59 97 69 79 87 19
65 85 79 52 4 7
9 90 57 98 90 31
90 67 2 53 66 80
84 12 62 64 76 62
4 32 57 75 88 68
38 63 23 97 64 79
22 8 29 53 100 83
71 6 62 88 55 5
57 89 19 95 5 66
58 57 63 84 54 13
54 74 10 92 50 53
54 70 39 97 14 25
51 27 65 55 51 55
87 54 69 3 70 9
93 21 54 49 54 51
71 41 51 80 8 57
93 64 77 65 1 74
43 71 73 66 29 93
2 31 33 82 82 77
59 90 55 67 32 85
63 85 52 65 85 8
88 11 84 59 43 56
71 69 5 1 75 65
93 63 22 74 51 50
71 86 79 15 9 81
63 91 65 58 83 17
24 14 79 68 18 64
58 60 10 53 78 67
64 1 68 64 53 54
