250 6
0.43 0.26 0.20 0.81 0.52 0.88
0.65 0.11 0.70 0.74 0.88 0.87
0.95 0.99 0.63 0.85 0.45 0.80
0.63 0.58 0.77 0.82 0.50 0.53
0.88 0.82 0.80 0.09 0.67 0.61
0.52 0.55 0.64 0.97 0.83 0.87
0.82 0.28 0.37 0.54 0.66 0.88
0.66 0.97 1.00 0.68 0.57 0.90
0.98 0.58 0.77 0.17 0.92 0.82
0.02 0.54 0.70 0.72 0.79 0.35
0.79 0.74 0.91 0.53 0.45 0.79
0.63 0.55 0.91 0.72 0.51 0.87
0.56 0.55 0.52 0.09 0.70 0.98
0.52 0.90 0.88 0.71 0.35 0.62
0.70 0.72 0.82 0.61 0.95 0.62
0.69 0.70 0.69 0.74 0.83 0.67
0.99 0.01 0.20 0.54 0.99 0.64
0.63 0.03 0.35 0.04 0.02 0.99
0.71 0.25 0.17 0.16 0.09 0.61
0.55 0.20 0.59 0.80 0.51 0.89
0.26 0.87 0.91 0.69 0.57 0.01
0.85 0.87 0.63 0.56 0.68 0.59
0.09 0.58 0.88 0.94 0.29 0.60
0.17 0.57 1.00 0.57 0.89 0.12
0.65 0.51 0.44 0.85 0.97 0.03
0.14 0.45 0.82 0.54 1.00 0.92
0.54 0.67 0.65 0.30 0.91 0.06
0.84 0.39 0.28 0.98 0.90 0.58
0.93 0.98 0.08 0.30 0.95 0.93
0.09 0.11 0.22 0.78 0.52 0.71
0.55 0.76 0.54 0.88 0.19 0.48
0.86 0.53 0.64 0.64 0.70 0.10
0.11 0.88 0.37 0.76 0.27 0.46
0.33 0.90 0.67 0.96 0.62 0.06
0.97 0.05 0.57 0.86 0.95 0.44
0.96 0.52 1.00 0.98 0.02 0.65
0.51 0.12 0.18 0.56 0.98 0.83
0.40 0.97 0.89 0.73 0.32 0.92
0.63 0.65 1.00 0.28 0.98 0.67
0.17 0.85 0.47 0.67 0.85 0.01
0.54 0.99 0.71 0.21 0.81 0.57
0.24 0.34 0.62 0.19 0.82 0.78
0.72 0.59 0.57 0.08 0.58 0.49
0.96 0.17 0.56 0.42 0.51 0.92
0.65 0.74 0.74 0.48 0.55 0.96
0.68 0.63 0.81 0.12 0.65 0.47
0.27 0.11 0.14 0.67 0.89 0.78
0.08 0.90 0.30 0.93 0.68 0.79
0.76 0.97 0.96 0.66 0.61 0.16
0.21 0.23 0.98 0.29 0.77 0.77
0.67 0.57 0.57 0.60 0.88 0.87
0.27 0.59 0.95 0.83 0.41 0.62
0.63 0.05 0.63 0.91 0.79 0.28
0.11 0.57 0.52 0.02 0.66 0.18
0.73 0.54 0.18 0.87 0.54 0.57
0.69 0.85 0.68 0.62 0.55 0.52
0.80 0.03 0.65 0.66 0.59 0.96
0.47 0.81 0.52 0.20 0.05 0.34
0.62 0.15 0.51 0.53 0.66 0.28
0.63 0.55 0.87 0.65 0.09 0.85
0.33 0.93 0.20 0.59 0.76 0.54
0.60 0.60 0.79 1.00 0.23 0.92
0.74 0.24 0.96 0.62 0.51 0.69
0.76 0.83 0.94 0.21 0.01 0.82
0.79 0.64 0.12 0.80 0.88 0.94
0.69 0.51 0.27 0.65 0.90 0.81
0.66 0.90 0.66 0.62 0.12 0.17
0.42 0.95 0.92 0.18 0.50 0.12
0.87 0.60 0.14 0.68 0.77 0.91
0.64 0.71 0.89 0.76 0.54 0.34
0.92 0.71 0.81 0.21 0.01 0.87
0.98 0.16 0.98 0.15 0.54 0.13
0.69 0.91 0.07 0.99 0.92 0.72
0.86 0.78 0.87 0.80 0.22 0.21
0.05 0.28 0.79 0.68 0.95 0.73
0.62 0.53 0.62 0.70 0.71 0.08
0.93 0.15 0.38 0.29 0.59 0.73
0.68 0.62 0.26 0.82 0.83 0.70
0.95 0.52 0.79 0.64 0.06 0.97
0.02 0.96 0.52 0.67 0.82 0.90
0.89 0.21 0.30 0.97 0.99 0.30
0.62 0.34 0.66 0.74 0.50 0.08
0.68 0.71 0.05 0.67 0.66 0.25
0.95 0.84 0.86 0.34 0.92 0.01
0.55 0.22 0.95 0.16 0.46 0.64
0.27 0.86 0.03 0.40 0.84 0.58
0.37 0.19 0.63 0.56 0.97 0.58
0.52 0.13 0.89 0.72 1.00 0.63
0.51 0.58 0.39 0.75 0.53 0.81
0.72 0.53 0.96 0.73 0.55 0.43
0.66 0.53 0.64 0.20 0.73 0.53
0.55 0.71 0.90 0.40 0.62 0.70
0.95 0.25 0.56 0.88 0.53 0.53
0.94 0.88 0.40 0.74 0.57 0.52
0.89 0.49 0.84 0.46 0.75 0.27
0.85 0.38 0.87 0.34 0.93 0.50
0.46 0.98 0.34 0.45 0.51 0.29
0.06 0.96 0.48 0.23 0.96 0.53
0.75 0.80 0.58 0.92 0.71 0.11
0.94 0.13 0.56 0.65 0.85 0.90
0.93 0.86 0.95 0.94 0.66 0.03
0.02 0.54 0.91 0.74 0.78 0.76
0.58 0.72 0.69 0.67 0.12 0.86
0.17 0.97 0.86 0.68 0.64 0.01
0.59 0.99 0.95 0.60 0.68 0.06
0.42 0.15 0.26 0.96 0.05 0.05
0.93 0.57 0.55 0.52 0.30 0.52
0.70 0.47 0.77 0.52 0.89 0.74
0.64 0.38 0.31 0.93 0.44 0.54
0.46 0.68 0.98 0.38 0.13 0.96
0.56 0.87 0.46 0.72 0.77 0.59
0.41 0.93 0.05 0.85 0.05 0.02
0.54 0.38 0.37 0.78 0.53 0.70
0.75 0.55 0.01 0.72 0.82 0.96
0.67 0.10 0.35 0.98 0.95 0.70
0.88 0.35 0.21 0.69 0.99 0.14
0.69 0.87 0.07 0.06 0.64 0.83
0.76 0.49 0.80 0.28 0.87 0.46
0.38 0.74 0.11 0.62 0.99 0.60
0.96 0.78 0.05 0.62 0.73 0.08
0.64 0.40 0.56 0.16 0.85 0.78
0.63 0.75 0.64 0.93 0.64 0.66
0.66 0.56 0.09 0.77 0.53 0.59
0.91 0.05 0.86 0.67 0.76 0.01
0.55 0.38 0.54 0.12 0.88 0.66
0.93 0.70 0.83 0.49 0.89 0.05
0.05 0.09 0.68 0.74 0.54 0.69
0.34 0.82 0.39 0.61 0.36 0.58
0.58 0.84 0.21 0.88 0.16 0.59
0.98 0.40 0.74 0.18 0.56 0.39
0.55 0.74 0.71 0.57 0.60 0.94
0.12 0.53 0.66 0.34 0.52 0.20
0.93 0.45 0.85 0.06 0.57 0.23
0.70 0.51 0.61 0.64 0.98 0.03
0.51 0.35 0.13 0.09 0.67 0.60
0.38 0.87 0.50 0.66 0.22 0.89
0.53 0.69 0.51 0.82 0.19 0.94
0.43 0.54 0.09 0.77 0.02 0.52
0.89 0.29 0.56 0.51 0.91 0.09
0.65 0.76 0.60 0.64 0.53 0.54
0.61 0.42 0.89 0.72 0.74 0.58
0.70 0.52 0.92 0.17 0.70 0.58
0.10 0.75 0.91 0.64 0.81 0.08
0.68 0.61 0.63 0.31 0.64 0.73
0.36 0.58 0.51 0.57 0.87 0.75
0.01 0.76 0.52 0.95 0.83 0.76
0.89 0.03 1.00 0.43 0.79 0.61
0.65 0.63 0.59 0.86 0.30 0.12
0.74 0.04 0.49 0.68 0.58 0.36
0.66 0.53 0.06 0.99 0.89 0.99
0.52 0.53 0.62 0.55 0.64 0.89
0.21 0.73 0.29 0.53 0.84 0.35
0.10 0.81 0.83 0.59 0.59 0.69
0.68 0.25 0.95 0.89 0.76 0.15
0.42 0.60 0.70 0.69 0.34 0.86
0.73 0.17 0.67 0.75 0.04 0.64
0.08 0.82 0.59 0.83 0.80 0.07
0.04 0.66 0.33 0.75 0.26 0.61
0.92 0.03 0.76 0.18 0.53 0.74
0.16 0.99 0.86 0.89 0.87 0.02
0.36 0.87 0.92 0.90 0.14 0.29
0.62 0.68 0.93 0.11 0.23 0.42
0.58 0.87 0.55 0.84 0.81 0.11
0.30 0.64 0.03 0.60 0.52 0.66
0.59 0.48 0.87 0.63 0.61 0.40
1.00 0.79 0.16 0.54 0.23 0.69
0.74 0.12 0.98 0.73 0.50 0.73
0.12 0.99 0.55 0.95 0.19 0.74
0.58 0.63 0.04 0.57 0.61 0.04
0.66 0.54 0.61 0.39 0.57 0.53
0.64 0.18 0.51 0.72 0.58 0.83
0.04 0.57 0.77 0.81 0.76 0.56
0.80 0.05 0.80 0.77 0.13 0.76
0.93 0.92 0.83 0.71 0.58 0.08
0.73 0.30 0.70 0.10 0.74 0.56
0.51 0.53 0.60 0.75 0.73 0.57
0.43 0.89 0.66 0.01 0.01 0.68
0.27 0.54 0.68 0.31 0.27 0.80
0.94 0.55 0.80 0.17 0.90 0.53
0.24 0.62 0.51 0.17 0.98 0.36
0.62 0.67 0.95 0.51 0.41 0.58
0.52 0.32 0.05 0.36 0.98 0.11
0.04 0.58 0.81 0.66 0.75 0.77
0.97 0.02 0.92 0.52 0.57 1.00
1.00 0.54 0.09 0.51 0.88 0.67
0.02 0.97 0.80 0.88 0.42 0.74
0.64 0.27 0.78 0.92 0.93 0.04
0.31 0.21 0.62 0.42 0.72 0.90
0.08 0.58 0.99 0.46 0.73 0.96
0.80 0.63 0.03 0.75 0.38 0.70
0.51 0.65 0.65 0.67 0.68 0.01
0.54 0.55 0.33 0.71 0.79 0.56
0.01 0.70 0.90 0.76 0.70 0.62
0.67 0.24 0.77 0.42 0.71 0.62
0.59 0.08 0.78 0.79 0.82 0.38
0.83 0.75 0.87 0.51 0.24 0.52
0.82 0.54 0.11 0.44 0.88 0.96
0.26 0.76 0.56 0.21 0.07 0.19
0.82 0.03 0.89 0.63 0.54 0.77
0.33 0.74 0.63 0.21 0.50 0.83
0.67 0.88 0.51 0.56 0.52 0.78
0.86 0.11 0.77 0.39 0.97 0.94
0.59 0.99 0.30 0.63 0.23 0.40
0.52 0.62 0.83 0.58 0.33 0.66
0.37 0.58 0.63 0.92 0.95 0.17
0.52 0.25 0.85 0.79 0.08 0.70
0.88 0.91 0.75 0.13 0.20 0.52
0.73 0.54 0.76 0.61 0.51 0.51
0.32 0.41 0.68 0.80 0.72 0.57
0.23 0.63 0.61 0.31 0.71 0.15
1.00 0.24 0.51 0.64 0.56 0.62
0.52 0.01 0.05 0.63 0.93 1.00
0.95 0.85 0.67 0.29 0.04 0.82
0.06 0.82 0.88 0.52 0.39 0.92
0.10 0.57 0.92 0.99 0.57 0.65
0.84 0.91 0.64 0.02 0.57 0.99
0.58 0.03 1.00 0.58 0.75 0.78
0.96 0.59 0.32 0.39 0.97 0.22
0.21 0.53 0.69 0.64 0.05 0.94
0.55 0.31 0.97 0.20 0.92 0.16
0.63 0.53 0.72 0.02 0.76 0.51
1.00 0.95 0.52 0.07 0.62 0.30
0.05 0.22 0.20 0.57 0.72 0.42
0.54 0.49 0.57 0.43 0.66 0.35
0.78 0.56 0.56 0.70 0.36 0.21
0.45 0.44 0.05 0.75 0.80 0.31
0.61 0.09 0.84 0.76 0.68 0.54
0.51 0.46 0.80 0.60 0.62 0.96
0.54 0.55 0.64 0.95 0.65 0.46
0.69 0.10 0.55 0.60 0.90 0.96
0.97 0.51 0.89 0.67 0.06 0.34
0.68 0.81 0.22 0.54 0.59 0.90
0.93 0.94 0.72 0.45 0.59 0.02
0.71 0.76 0.51 0.14 0.48 0.74
0.73 0.89 0.78 0.31 0.65 0.03
0.69 0.60 0.69 0.19 0.95 0.07
0.70 0.01 0.51 0.85 0.99 0.99
0.52 0.84 0.69 0.02 0.59 0.65
0.83 0.62 0.67 0.67 0.01 0.81
0.87 0.21 0.35 0.80 0.64 0.11
0.56 0.64 0.63 0.64 0.09 0.55
0.98 0.03 1.00 1.00 0.87 0.04
0.93 0.07 0.06 0.99 0.51 0.29
0.75 0.64 0.93 0.95 0.01 0.83
0.70 0.57 0.04 0.91 0.88 0.53
0.63 0.53 0.64 0.52 0.47 0.82
0.69 0.08 0.89 0.26 0.52 0.54
0.61 0.24 0.99 0.94 0.27 0.62
0.06 0.54 0.92 0.85 0.33 0.69
0.19 0.33 0.70 0.52 0.42 0.78
