250 6
43 26 20 81 52 88
65 11 70 74 88 87
95 99 63 85 45 80
63 58 77 82 50 53
88 82 80 9 67 61
52 55 64 97 83 87
82 28 37 54 66 88
66 97 100 68 57 90
98 58 77 17 92 82
2 54 70 72 79 35
79 74 91 53 45 79
63 55 91 72 51 87
56 55 52 9 70 98
52 90 88 71 35 62
70 72 82 61 95 62
69 70 69 74 83 67
99 1 20 54 99 64
63 3 35 4 2 99
71 25 17 16 9 61
55 20 59 80 51 89
26 87 91 69 57 1
85 87 63 56 68 59
9 58 88 94 29 60
17 57 100 57 89 12
65 51 44 85 97 3
14 45 82 54 100 92
54 67 65 30 91 6
84 39 28 98 90 58
93 98 8 30 95 93
9 11 22 78 52 71
55 76 54 88 19 48
86 53 64 64 70 10
11 88 37 76 27 46
33 90 67 96 62 6
97 5 57 86 95 44
96 52 100 98 2 65
51 12 18 56 98 83
40 97 89 73 32 92
63 65 100 28 98 67
17 85 47 67 85 1
54 99 71 21 81 57
24 34 62 19 82 78
72 59 57 8 58 49
96 17 56 42 51 92
65 74 74 48 55 96
68 63 81 12 65 47
27 11 14 67 89 78
8 90 30 93 68 79
76 97 96 66 61 16
21 23 98 29 77 77
67 57 57 60 88 87
27 59 95 83 41 62
63 5 63 91 79 28
11 57 52 2 66 18
73 54 18 87 54 57
69 85 68 62 55 52
80 3 65 66 59 96
47 81 52 20 5 34
62 15 51 53 66 28
63 55 87 65 9 85
33 93 20 59 76 54
60 60 79 100 23 92
74 24 96 62 51 69
76 83 94 21 1 82
79 64 12 80 88 94
69 51 27 65 90 81
66 90 66 62 12 17
42 95 92 18 50 12
87 60 14 68 77 91
64 71 89 76 54 34
92 71 81 21 1 87
98 16 98 15 54 13
69 91 7 99 92 72
86 78 87 80 22 21
5 28 79 68 95 73
62 53 62 70 71 8
93 15 38 29 59 73
68 62 26 82 83 70
95 52 79 64 6 97
2 96 52 67 82 90
89 21 30 97 99 30
62 34 66 74 50 8
68 71 5 67 66 25
95 84 86 34 92 1
55 22 95 16 46 64
27 86 3 40 84 58
37 19 63 56 97 58
52 13 89 72 100 63
51 58 39 75 53 81
72 53 96 73 55 43
66 53 64 20 73 53
55 71 90 40 62 70
95 25 56 88 53 53
94 88 40 74 57 52
89 49 84 46 75 27
85 38 87 34 93 50
46 98 34 45 51 29
6 96 48 23 96 53
75 80 58 92 71 11
94 13 56 65 85 90
93 86 95 94 66 3
2 54 91 74 78 76
58 72 69 67 12 86
17 97 86 68 64 1
59 99 95 60 68 6
42 15 26 96 5 5
93 57 55 52 30 52
70 47 77 52 89 74
64 38 31 93 44 54
46 68 98 38 13 96
56 87 46 72 77 59
41 93 5 85 5 2
54 38 37 78 53 70
75 55 1 72 82 96
67 10 35 98 95 70
88 35 21 69 99 14
69 87 7 6 64 83
76 49 80 28 87 46
38 74 11 62 99 60
96 78 5 62 73 8
64 40 56 16 85 78
63 75 64 93 64 66
66 56 9 77 53 59
91 5 86 67 76 1
55 38 54 12 88 66
93 70 83 49 89 5
5 9 68 74 54 69
34 82 39 61 36 58
58 84 21 88 16 59
98 40 74 18 56 39
55 74 71 57 60 94
12 53 66 34 52 20
93 45 85 6 57 23
70 51 61 64 98 3
51 35 13 9 67 60
38 87 50 66 22 89
53 69 51 82 19 94
43 54 9 77 2 52
89 29 56 51 91 9
65 76 60 64 53 54
61 42 89 72 74 58
70 52 92 17 70 58
10 75 91 64 81 8
68 61 63 31 64 73
36 58 51 57 87 75
1 76 52 95 83 76
89 3 100 43 79 61
65 63 59 86 30 12
74 4 49 68 58 36
66 53 6 99 89 99
52 53 62 55 64 89
21 73 29 53 84 35
10 81 83 59 59 69
68 25 95 89 76 15
42 60 70 69 34 86
73 17 67 75 4 64
8 82 59 83 80 7
4 66 33 75 26 61
92 3 76 18 53 74
16 99 86 89 87 2
36 87 92 90 14 29
62 68 93 11 23 42
58 87 55 84 81 11
30 64 3 60 52 66
59 48 87 63 61 40
100 79 16 54 23 69
74 12 98 73 50 73
12 99 55 95 19 74
58 63 4 57 61 4
66 54 61 39 57 53
64 18 51 72 58 83
4 57 77 81 76 56
80 5 80 77 13 76
93 92 83 71 58 8
73 30 70 10 74 56
51 53 60 75 73 57
43 89 66 1 1 68
27 54 68 31 27 80
94 55 80 17 90 53
24 62 51 17 98 36
62 67 95 51 41 58
52 32 5 36 98 11
4 58 81 66 75 77
97 2 92 52 57 100
100 54 9 51 88 67
2 97 80 88 42 74
64 27 78 92 93 4
31 21 62 42 72 90
8 58 99 46 73 96
80 63 3 75 38 70
51 65 65 67 68 1
54 55 33 71 79 56
1 70 90 76 70 62
67 24 77 42 71 62
59 8 78 79 82 38
83 75 87 51 24 52
82 54 11 44 88 96
26 76 56 21 7 19
82 3 89 63 54 77
33 74 63 21 50 83
67 88 51 56 52 78
86 11 77 39 97 94
59 99 30 63 23 40
52 62 83 58 33 66
37 58 63 92 95 17
52 25 85 79 8 70
88 91 75 13 20 52
73 54 76 61 51 51
32 41 68 80 72 57
23 63 61 31 71 15
100 24 51 64 56 62
52 1 5 63 93 100
95 85 67 29 4 82
6 82 88 52 39 92
10 57 92 99 57 65
84 91 64 2 57 99
58 3 100 58 75 78
96 59 32 39 97 22
21 53 69 64 5 94
55 31 97 20 92 16
63 53 72 2 76 51
100 95 52 7 62 30
5 22 20 57 72 42
54 49 57 43 66 35
78 56 56 70 36 21
45 44 5 75 80 31
61 9 84 76 68 54
51 46 80 60 62 96
54 55 64 95 65 46
69 10 55 60 90 96
97 51 89 67 6 34
68 81 22 54 59 90
93 94 72 45 59 2
71 76 51 14 48 74
73 89 78 31 65 3
69 60 69 19 95 7
70 1 51 85 99 99
52 84 69 2 59 65
83 62 67 67 1 81
87 21 35 80 64 11
56 64 63 64 9 55
98 3 100 100 87 4
93 7 6 99 51 29
75 64 93 95 1 83
70 57 4 91 88 53
63 53 64 52 47 82
69 8 89 26 52 54
61 24 99 94 27 62
6 54 92 85 33 69
19 33 70 52 42 78
