250 6
0.21 0.57 0.65 0.27 0.15 0.92
0.89 0.65 0.77 0.57 0.99 0.70
0.66 0.59 0.84 0.76 0.57 0.78
0.71 0.72 0.87 0.80 0.21 0.78
0.56 0.74 0.67 0.99 0.58 0.12
1.00 0.91 0.76 0.64 0.94 0.63
0.74 1.00 0.58 0.97 0.85 0.93
0.94 0.07 0.79 0.53 0.13 0.94
0.28 0.78 0.67 0.58 0.61 0.42
0.45 0.70 0.57 0.89 0.64 0.99
0.50 0.86 0.84 0.87 0.52 0.04
0.82 0.71 1.00 0.67 0.44 0.91
0.76 0.76 0.16 0.88 0.69 0.65
0.99 0.53 0.83 0.61 0.59 0.34
0.85 0.24 0.62 0.33 0.35 0.46
0.78 0.52 0.57 0.86 0.78 0.91
0.53 0.56 0.85 0.94 0.75 0.69
0.84 0.29 0.70 0.56 0.81 0.80
0.76 0.64 0.72 0.22 0.59 0.79
0.98 0.70 0.11 0.90 0.76 0.99
1.00 0.53 0.55 0.76 0.50 0.40
0.93 0.61 0.18 0.79 0.79 0.86
0.21 0.52 0.06 0.12 0.58 0.31
0.72 0.18 0.55 0.72 0.96 0.07
0.88 0.78 0.05 0.91 0.74 0.57
0.64 0.41 0.28 0.18 0.54 0.94
0.19 0.77 0.57 0.98 0.97 0.15
0.12 0.21 0.35 0.57 0.72 0.11
0.91 0.07 0.73 0.57 0.79 0.14
0.96 0.84 0.74 0.66 0.02 0.68
0.80 0.16 0.46 0.16 0.98 0.64
0.88 0.83 0.78 0.01 0.78 0.79
0.10 0.43 0.63 0.40 0.33 0.87
0.69 0.54 0.62 0.88 0.53 0.67
0.49 0.59 0.32 0.61 0.55 0.68
0.61 0.25 0.02 0.32 0.83 0.84
0.61 0.53 0.21 0.64 0.24 0.52
0.34 0.98 0.57 0.91 0.44 0.64
0.55 0.35 0.94 0.23 0.25 0.69
0.60 0.72 0.09 0.55 0.20 0.68
0.59 0.80 0.76 0.02 0.85 0.73
0.26 0.77 0.60 0.79 0.47 0.91
0.77 0.78 0.98 0.51 0.03 0.15
0.71 0.51 0.12 0.65 0.57 0.82
0.71 0.99 0.83 0.53 0.56 0.73
0.79 0.32 0.97 0.88 0.54 0.25
0.81 0.86 0.20 0.87 0.56 0.38
0.54 0.25 0.56 0.52 0.26 0.81
0.75 0.81 0.91 0.71 0.10 0.96
0.24 0.77 0.59 0.97 0.55 0.14
0.84 0.60 0.91 0.54 0.07 0.96
0.81 0.88 0.96 0.41 0.54 0.12
0.89 0.83 0.76 0.89 0.16 0.22
0.12 0.34 0.86 0.94 0.37 0.77
0.81 0.55 0.89 0.09 0.22 0.57
0.37 0.45 0.18 0.72 0.68 0.60
0.57 0.68 0.80 0.51 0.55 0.53
0.96 0.16 0.96 0.86 0.70 0.59
0.66 0.40 0.03 0.51 0.60 0.81
0.07 0.80 0.62 1.00 0.98 0.21
0.50 0.82 0.83 0.69 0.19 0.79
0.56 0.97 0.93 0.85 0.04 0.93
0.82 0.11 0.62 0.68 0.71 0.56
0.06 0.15 0.16 0.84 0.82 0.18
0.94 0.42 0.86 0.72 0.55 0.21
0.90 0.76 0.83 0.53 0.17 0.57
0.35 0.82 0.70 0.64 0.51 0.09
0.76 0.69 0.63 0.63 0.50 0.71
0.51 0.82 0.39 0.48 0.31 0.60
0.60 0.81 0.66 0.91 0.61 0.08
0.58 0.68 0.89 0.23 0.47 0.67
0.19 0.45 0.45 0.78 0.06 0.05
0.58 0.19 0.79 0.18 0.11 0.66
0.16 0.64 0.92 0.60 0.69 0.59
0.27 0.63 0.76 0.45 0.77 0.07
0.78 0.26 0.84 0.63 0.72 0.01
0.56 0.77 0.68 0.60 0.04 0.52
0.03 0.99 0.83 0.70 0.66 0.77
0.52 0.65 0.77 0.65 0.08 0.95
0.07 1.00 0.93 0.85 0.79 0.66
0.01 0.52 0.51 0.56 0.80 0.82
0.70 0.70 0.72 0.67 0.59 0.09
0.54 0.72 0.90 0.56 0.66 0.19
0.30 0.64 0.71 0.79 0.01 0.55
0.01 0.57 0.56 0.79 0.88 0.72
0.74 0.51 0.74 0.34 0.50 0.68
0.65 0.65 0.23 0.80 0.54 0.26
0.46 0.42 0.64 0.79 0.52 0.15
0.90 0.02 0.22 0.92 0.91 0.28
0.11 0.40 0.84 0.88 0.60 0.17
0.65 0.68 0.27 0.45 0.56 0.29
0.49 0.75 0.97 0.71 0.08 0.75
0.31 0.62 0.05 0.66 0.81 0.30
0.89 0.12 0.91 0.19 0.29 0.56
0.80 0.08 0.86 0.87 0.51 0.26
0.65 0.63 0.61 0.58 0.33 0.66
0.02 0.79 0.72 0.87 0.55 0.62
0.07 0.73 0.84 0.35 0.80 0.93
0.92 0.79 0.03 0.77 0.96 0.72
0.45 0.83 0.93 0.57 0.03 0.93
0.62 0.21 0.40 0.81 0.89 0.09
0.42 0.72 0.21 0.53 0.42 0.74
0.62 0.58 0.35 0.73 0.53 0.14
0.55 0.20 0.84 0.64 0.83 0.40
0.63 0.55 0.04 0.91 0.84 0.59
0.95 0.59 0.87 0.03 0.84 0.96
0.53 0.99 0.43 0.92 0.51 0.51
0.63 0.52 0.87 0.57 0.70 0.26
0.70 0.11 0.58 0.58 0.21 0.75
0.44 0.52 0.91 0.70 0.06 0.96
0.79 0.34 0.52 0.74 0.63 0.93
0.43 0.01 0.62 0.74 0.91 0.57
0.28 0.06 0.48 0.94 0.88 0.90
0.69 0.42 0.51 0.51 0.38 0.76
0.05 0.67 0.09 0.05 0.99 0.57
0.16 0.95 0.52 0.58 0.68 0.21
0.52 0.05 0.74 0.58 0.97 0.66
0.61 0.58 0.15 0.60 0.14 0.91
0.27 0.38 0.88 0.08 0.75 0.81
0.09 0.16 0.55 0.67 0.63 0.86
0.61 0.62 0.02 0.66 0.69 0.87
0.60 0.64 0.77 0.75 0.51 0.24
0.94 0.65 0.68 0.62 0.02 0.65
0.11 0.29 0.54 0.92 0.48 0.46
0.87 0.58 0.61 0.52 0.07 0.67
0.73 0.25 0.65 0.98 0.51 0.64
0.51 0.70 0.74 0.76 0.96 0.10
0.70 0.19 0.30 0.29 0.67 0.92
0.01 0.54 0.37 0.76 0.68 0.55
0.78 0.64 0.97 0.03 0.72 0.57
0.77 0.72 0.72 0.64 0.01 0.58
0.16 0.36 0.65 0.31 0.80 0.58
0.56 0.91 0.37 0.38 0.53 0.66
0.65 0.94 0.71 0.15 0.07 0.26
0.12 0.83 0.74 0.66 0.41 0.66
0.89 0.03 0.94 0.27 0.88 0.53
0.02 0.96 0.87 0.81 0.59 0.70
0.80 0.21 0.28 0.65 0.77 0.28
0.89 0.60 0.14 0.52 0.33 0.57
0.92 0.85 0.51 0.90 0.03 0.75
0.53 0.70 0.37 0.54 0.09 0.32
0.99 0.07 0.98 0.76 0.62 0.78
0.15 0.26 0.59 0.68 0.57 0.88
0.60 0.20 0.60 0.07 0.52 1.00
0.88 0.02 0.57 0.87 0.53 0.65
0.67 0.79 0.58 0.21 0.30 0.92
0.52 0.75 0.82 0.71 0.54 0.54
0.74 0.93 0.04 0.95 0.28 0.61
0.87 0.98 0.57 0.09 0.91 0.51
0.54 0.41 0.51 0.02 0.85 0.37
0.66 0.47 1.00 0.69 0.22 0.58
0.86 0.53 0.73 0.44 0.68 0.28
0.51 0.53 0.72 0.53 0.12 0.63
0.76 0.12 0.75 0.83 0.82 0.32
0.07 0.03 0.92 0.70 0.81 0.80
0.88 0.66 0.05 0.98 0.75 0.57
0.88 0.90 0.55 0.52 0.28 0.91
0.69 0.37 0.54 0.69 0.60 0.35
0.96 0.84 0.01 0.59 0.92 0.51
0.63 0.16 0.65 0.83 0.81 0.08
0.79 0.61 0.34 0.79 0.07 0.54
0.79 0.93 0.70 1.00 0.87 0.03
0.76 0.52 0.90 0.51 0.53 0.56
0.57 0.98 0.78 0.37 0.68 0.06
0.48 0.05 0.81 0.93 0.91 0.56
0.94 0.91 0.86 0.51 1.00 0.06
0.98 0.06 0.62 0.83 0.14 0.86
0.14 0.35 0.57 0.90 0.56 0.46
0.52 0.90 0.01 0.67 0.80 0.57
0.53 0.12 0.68 0.62 0.75 0.67
0.67 0.12 0.77 0.94 0.07 0.55
0.82 0.12 0.70 0.16 0.51 0.91
0.76 0.23 0.57 0.90 0.63 0.51
0.75 0.73 0.59 0.53 0.51 0.71
0.77 0.62 0.55 0.11 0.11 0.64
0.37 0.56 0.89 0.33 0.16 0.91
0.57 0.13 0.29 0.17 0.64 0.71
0.97 0.19 0.01 0.67 0.54 0.90
0.83 0.80 0.49 0.55 0.99 0.05
0.81 0.96 0.50 0.07 0.66 0.34
0.70 0.66 0.90 0.31 0.38 0.46
0.92 0.85 0.51 0.41 0.56 0.92
0.83 0.51 0.01 0.67 0.15 0.73
0.19 0.86 0.04 0.89 0.95 0.01
0.52 0.94 0.65 0.87 0.03 0.66
0.78 0.08 0.87 0.56 0.95 0.51
0.76 0.96 0.40 0.28 0.54 0.60
0.13 0.92 0.05 0.83 0.87 0.81
0.74 0.27 0.54 0.55 0.81 0.65
0.73 0.47 0.57 0.50 0.15 0.24
0.55 0.46 0.49 0.22 0.92 0.37
0.77 0.17 0.44 0.15 0.92 0.65
0.50 0.63 0.97 0.41 0.19 0.64
0.66 0.84 0.70 0.53 0.07 0.75
0.61 0.62 0.68 0.69 1.00 0.01
0.71 0.54 0.11 0.02 0.95 0.93
0.70 0.59 0.62 0.88 0.59 0.01
0.24 0.71 0.51 0.74 0.01 0.71
0.15 0.69 0.59 0.52 0.64 0.77
0.63 0.04 0.90 0.92 0.79 0.54
0.05 0.77 0.91 0.18 0.97 0.05
0.60 0.17 0.28 0.46 0.28 0.83
0.15 0.77 1.00 0.67 0.69 0.18
0.58 0.12 0.70 0.66 0.81 0.66
0.68 0.99 0.89 0.55 0.62 0.04
0.64 0.58 0.67 0.53 0.03 0.40
0.90 0.74 0.07 0.80 0.05 0.54
0.09 0.86 0.65 0.07 0.51 0.80
0.68 0.67 0.01 0.76 0.87 0.92
0.90 0.15 0.19 0.58 0.79 0.85
0.81 0.06 0.59 0.55 0.68 0.65
0.69 0.57 0.63 0.08 0.56 0.08
0.06 0.85 0.70 0.30 0.63 0.59
0.24 0.71 0.39 0.90 0.57 0.62
0.82 0.33 0.84 0.73 0.68 0.04
0.48 0.68 0.61 0.49 0.57 0.83
0.18 0.55 0.64 0.89 0.14 0.54
0.58 0.54 0.54 0.08 0.59 0.71
0.86 0.78 0.04 0.77 0.77 0.13
0.54 0.37 0.50 0.81 0.50 0.03
0.73 0.53 0.99 0.73 0.62 0.20
0.23 0.62 0.56 0.01 0.94 0.11
0.93 0.64 0.54 0.72 0.82 0.03
0.59 0.91 0.88 0.64 0.76 0.07
0.62 0.72 0.78 0.35 0.01 0.70
0.99 0.67 0.67 0.48 0.13 0.52
0.86 0.59 0.59 0.99 0.04 0.57
0.73 0.51 0.09 0.88 0.97 0.73
0.71 0.07 0.84 0.61 0.91 0.91
0.83 0.57 0.59 0.05 0.03 0.56
0.01 0.89 0.52 0.29 0.63 0.79
0.84 0.18 0.36 0.10 0.66 0.51
0.04 0.86 0.75 0.29 0.93 0.70
0.88 0.75 0.29 0.52 0.33 0.51
0.97 0.49 0.44 0.78 0.24 0.93
0.46 0.44 0.66 0.67 0.61 0.44
0.51 0.53 0.57 0.68 0.24 0.61
0.66 0.56 0.96 0.15 0.57 0.56
0.59 0.85 0.27 0.89 0.21 0.66
0.24 0.71 0.63 0.55 0.13 0.59
0.80 0.32 0.12 0.91 0.84 0.54
0.74 0.77 0.55 0.10 0.57 0.89
0.56 0.53 0.52 0.74 0.69 0.13
0.53 0.15 0.89 0.18 0.92 0.29
0.79 0.92 0.30 0.81 0.09 0.95
1.00 0.69 0.82 0.17 0.28 0.53
0.76 0.29 0.27 0.56 0.03 0.79
0.93 0.69 0.52 0.73 0.67 0.09
0.51 0.85 0.74 0.06 0.83 0.86
0.38 0.19 0.64 0.70 0.62 0.83
