250 6
21 57 65 27 15 92
89 65 77 57 99 70
66 59 84 76 57 78
71 72 87 80 21 78
56 74 67 99 58 12
100 91 76 64 94 63
74 100 58 97 85 93
94 7 79 53 13 94
28 78 67 58 61 42
45 70 57 89 64 99
50 86 84 87 52 4
82 71 100 67 44 91
76 76 16 88 69 65
99 53 83 61 59 34
85 24 62 33 35 46
78 52 57 86 78 91
53 56 85 94 75 69
84 29 70 56 81 80
76 64 72 22 59 79
98 70 11 90 76 99
100 53 55 76 50 40
93 61 18 79 79 86
21 52 6 12 58 31
72 18 55 72 96 7
88 78 5 91 74 57
64 41 28 18 54 94
19 77 57 98 97 15
12 21 35 57 72 11
91 7 73 57 79 14
96 84 74 66 2 68
80 16 46 16 98 64
88 83 78 1 78 79
10 43 63 40 33 87
69 54 62 88 53 67
49 59 32 61 55 68
61 25 2 32 83 84
61 53 21 64 24 52
34 98 57 91 44 64
55 35 94 23 25 69
60 72 9 55 20 68
59 80 76 2 85 73
26 77 60 79 47 91
77 78 98 51 3 15
71 51 12 65 57 82
71 99 83 53 56 73
79 32 97 88 54 25
81 86 20 87 56 38
54 25 56 52 26 81
75 81 91 71 10 96
24 77 59 97 55 14
84 60 91 54 7 96
81 88 96 41 54 12
89 83 76 89 16 22
12 34 86 94 37 77
81 55 89 9 22 57
37 45 18 72 68 60
57 68 80 51 55 53
96 16 96 86 70 59
66 40 3 51 60 81
7 80 62 100 98 21
50 82 83 69 19 79
56 97 93 85 4 93
82 11 62 68 71 56
6 15 16 84 82 18
94 42 86 72 55 21
90 76 83 53 17 57
35 82 70 64 51 9
76 69 63 63 50 71
51 82 39 48 31 60
60 81 66 91 61 8
58 68 89 23 47 67
19 45 45 78 6 5
58 19 79 18 11 66
16 64 92 60 69 59
27 63 76 45 77 7
78 26 84 63 72 1
56 77 68 60 4 52
3 99 83 70 66 77
52 65 77 65 8 95
7 100 93 85 79 66
1 52 51 56 80 82
70 70 72 67 59 9
54 72 90 56 66 19
30 64 71 79 1 55
1 57 56 79 88 72
74 51 74 34 50 68
65 65 23 80 54 26
46 42 64 79 52 15
90 2 22 92 91 28
11 40 84 88 60 17
65 68 27 45 56 29
49 75 97 71 8 75
31 62 5 66 81 30
89 12 91 19 29 56
80 8 86 87 51 26
65 63 61 58 33 66
2 79 72 87 55 62
7 73 84 35 80 93
92 79 3 77 96 72
45 83 93 57 3 93
62 21 40 81 89 9
42 72 21 53 42 74
62 58 35 73 53 14
55 20 84 64 83 40
63 55 4 91 84 59
95 59 87 3 84 96
53 99 43 92 51 51
63 52 87 57 70 26
70 11 58 58 21 75
44 52 91 70 6 96
79 34 52 74 63 93
43 1 62 74 91 57
28 6 48 94 88 90
69 42 51 51 38 76
5 67 9 5 99 57
16 95 52 58 68 21
52 5 74 58 97 66
61 58 15 60 14 91
27 38 88 8 75 81
9 16 55 67 63 86
61 62 2 66 69 87
60 64 77 75 51 24
94 65 68 62 2 65
11 29 54 92 48 46
87 58 61 52 7 67
73 25 65 98 51 64
51 70 74 76 96 10
70 19 30 29 67 92
1 54 37 76 68 55
78 64 97 3 72 57
77 72 72 64 1 58
16 36 65 31 80 58
56 91 37 38 53 66
65 94 71 15 7 26
12 83 74 66 41 66
89 3 94 27 88 53
2 96 87 81 59 70
80 21 28 65 77 28
89 60 14 52 33 57
92 85 51 90 3 75
53 70 37 54 9 32
99 7 98 76 62 78
15 26 59 68 57 88
60 20 60 7 52 100
88 2 57 87 53 65
67 79 58 21 30 92
52 75 82 71 54 54
74 93 4 95 28 61
87 98 57 9 91 51
54 41 51 2 85 37
66 47 100 69 22 58
86 53 73 44 68 28
51 53 72 53 12 63
76 12 75 83 82 32
7 3 92 70 81 80
88 66 5 98 75 57
88 90 55 52 28 91
69 37 54 69 60 35
96 84 1 59 92 51
63 16 65 83 81 8
79 61 34 79 7 54
79 93 70 100 87 3
76 52 90 51 53 56
57 98 78 37 68 6
48 5 81 93 91 56
94 91 86 51 100 6
98 6 62 83 14 86
14 35 57 90 56 46
52 90 1 67 80 57
53 12 68 62 75 67
67 12 77 94 7 55
82 12 70 16 51 91
76 23 57 90 63 51
75 73 59 53 51 71
77 62 55 11 11 64
37 56 89 33 16 91
57 13 29 17 64 71
97 19 1 67 54 90
83 80 49 55 99 5
81 96 50 7 66 34
70 66 90 31 38 46
92 85 51 41 56 92
83 51 1 67 15 73
19 86 4 89 95 1
52 94 65 87 3 66
78 8 87 56 95 51
76 96 40 28 54 60
13 92 5 83 87 81
74 27 54 55 81 65
73 47 57 50 15 24
55 46 49 22 92 37
77 17 44 15 92 65
50 63 97 41 19 64
66 84 70 53 7 75
61 62 68 69 100 1
71 54 11 2 95 93
70 59 62 88 59 1
24 71 51 74 1 71
15 69 59 52 64 77
63 4 90 92 79 54
5 77 91 18 97 5
60 17 28 46 28 83
15 77 100 67 69 18
58 12 70 66 81 66
68 99 89 55 62 4
64 58 67 53 3 40
90 74 7 80 5 54
9 86 65 7 51 80
68 67 1 76 87 92
90 15 19 58 79 85
81 6 59 55 68 65
69 57 63 8 56 8
6 85 70 30 63 59
24 71 39 90 57 62
82 33 84 73 68 4
48 68 61 49 57 83
18 55 64 89 14 54
58 54 54 8 59 71
86 78 4 77 77 13
54 37 50 81 50 3
73 53 99 73 62 20
23 62 56 1 94 11
93 64 54 72 82 3
59 91 88 64 76 7
62 72 78 35 1 70
99 67 67 48 13 52
86 59 59 99 4 57
73 51 9 88 97 73
71 7 84 61 91 91
83 57 59 5 3 56
1 89 52 29 63 79
84 18 36 10 66 51
4 86 75 29 93 70
88 75 29 52 33 51
97 49 44 78 24 93
46 44 66 67 61 44
51 53 57 68 24 61
66 56 96 15 57 56
59 85 27 89 21 66
24 71 63 55 13 59
80 32 12 91 84 54
74 77 55 10 57 89
56 53 52 74 69 13
53 15 89 18 92 29
79 92 30 81 9 95
100 69 82 17 28 53
76 29 27 56 3 79
93 69 52 73 67 9
51 85 74 6 83 86
38 19 64 70 62 83
