250 6
0.87 0.75 0.85 0.92 0.36 0.76
0.61 0.73 0.67 0.90 0.80 0.73
0.91 0.83 0.83 0.97 0.72 0.76
0.71 0.70 0.51 0.81 0.59 0.64
0.08 0.99 0.56 0.07 0.83 0.66
0.75 0.76 0.88 0.58 0.71 0.96
0.55 0.70 0.75 0.83 0.83 0.81
0.60 0.79 0.91 0.75 0.33 0.90
0.82 0.15 0.97 0.80 0.71 0.61
0.40 0.53 0.45 0.69 0.35 0.14
0.55 0.85 0.20 0.97 0.25 0.58
0.89 0.43 0.67 0.10 0.44 0.89
0.23 0.94 0.69 0.78 0.60 0.80
0.36 0.83 0.23 0.93 0.47 0.97
0.19 0.17 0.98 0.99 0.53 0.88
0.34 0.25 0.51 0.52 0.68 0.73
0.95 0.82 0.43 0.60 0.92 0.51
0.47 0.96 1.00 0.54 0.15 0.77
0.29 0.43 0.81 0.88 0.39 0.72
0.53 0.72 0.15 0.59 0.91 0.72
0.94 0.83 0.89 0.64 0.84 0.60
0.79 0.85 0.19 0.58 0.70 0.55
0.73 0.10 0.07 0.18 0.88 0.13
0.69 0.19 0.88 0.76 0.74 0.23
0.57 0.56 0.84 0.67 0.15 0.94
0.64 0.65 0.52 0.54 0.79 0.57
0.84 0.83 1.00 0.45 0.85 0.71
0.12 0.47 0.86 0.91 0.60 0.68
0.62 0.85 0.65 0.68 0.59 0.70
0.91 0.09 0.30 0.98 0.66 0.45
0.54 0.52 0.07 0.58 0.50 0.28
0.52 0.16 0.68 0.84 0.88 0.52
0.35 0.65 0.85 0.92 0.82 0.64
0.83 0.02 0.98 0.01 0.62 0.48
0.88 0.94 0.94 0.32 0.62 0.54
0.79 0.22 0.99 0.95 0.52 0.74
0.77 0.23 0.76 0.56 0.66 0.64
0.27 0.25 0.85 0.97 0.21 0.05
0.19 0.75 0.97 0.83 0.17 0.18
0.89 0.70 0.68 0.62 0.24 0.63
0.13 0.54 0.93 0.24 0.99 0.19
0.16 0.99 0.17 0.39 0.77 0.51
0.92 0.35 0.34 0.63 0.84 0.38
0.61 1.00 0.93 0.68 0.13 0.98
0.69 0.45 0.96 0.66 0.55 0.57
0.79 0.78 0.72 0.50 0.57 0.04
0.51 0.63 0.82 0.03 0.64 0.56
0.63 0.59 0.61 0.34 0.57 0.55
0.04 0.62 0.78 0.64 0.34 0.75
0.98 0.17 0.74 0.39 0.85 0.49
0.77 0.02 0.77 0.81 0.80 0.85
0.57 0.50 0.16 0.55 0.60 0.89
0.57 0.55 0.54 0.83 0.73 0.05
0.74 0.43 0.95 0.13 0.77 0.82
0.57 0.51 0.76 0.79 0.51 0.66
0.54 0.77 0.31 0.57 0.80 0.05
0.75 0.68 0.56 0.71 0.06 0.77
0.29 0.86 0.96 0.69 0.93 0.30
0.72 0.87 0.60 0.75 0.31 0.97
0.75 1.00 0.21 0.60 0.41 0.61
0.31 0.40 0.57 0.95 0.89 0.28
0.98 0.61 0.05 0.11 0.30 0.74
0.68 0.67 0.66 0.57 0.15 1.00
0.76 0.29 0.80 0.14 0.62 0.51
0.53 0.74 0.05 0.86 0.75 0.11
0.73 0.63 0.61 0.51 0.51 0.89
0.99 0.74 0.55 0.92 0.10 1.00
0.96 0.16 0.29 0.99 0.69 0.89
0.21 0.64 0.13 0.84 0.52 0.53
0.31 0.20 0.47 0.65 0.67 0.65
0.77 0.53 0.61 0.22 0.51 0.90
0.68 0.27 0.95 0.60 0.94 0.68
0.92 0.56 0.51 0.67 0.03 0.89
0.75 0.77 0.97 0.95 0.02 0.16
0.67 0.62 0.61 0.82 0.34 0.50
0.86 0.61 0.87 0.55 0.84 0.46
0.29 0.81 0.56 0.99 0.51 0.75
0.65 1.00 0.63 0.10 0.79 0.60
0.60 0.53 0.95 0.07 0.96 0.61
0.11 0.52 0.89 0.78 0.59 0.83
0.51 0.19 0.77 0.95 0.61 0.70
0.81 0.31 0.69 0.10 0.68 0.91
0.70 0.04 0.77 0.91 0.53 0.95
0.24 0.25 0.67 0.25 0.76 0.82
0.69 0.79 0.99 0.01 1.00 0.12
0.45 0.78 0.36 0.45 0.65 0.05
0.99 0.18 0.66 0.83 0.79 0.14
0.07 0.07 0.97 0.87 0.59 0.97
1.00 0.57 0.16 0.89 0.13 1.00
0.78 0.69 0.77 0.61 0.34 0.60
0.75 0.90 0.82 0.57 0.51 0.85
0.88 0.53 0.59 0.86 0.07 0.61
0.64 0.60 0.84 0.54 0.36 0.98
0.68 0.28 0.86 0.88 0.23 0.12
0.13 0.98 0.92 0.20 0.14 0.72
0.38 0.14 0.77 0.76 0.27 0.92
0.01 0.64 0.54 0.51 0.66 0.63
0.50 0.42 0.65 0.31 0.74 0.55
0.73 0.77 0.80 0.67 0.78 0.08
0.19 0.70 0.97 0.42 0.74 0.52
0.95 0.88 0.17 0.51 0.61 0.54
0.46 0.63 0.92 0.20 0.64 0.96
0.38 0.61 0.69 0.93 1.00 0.14
0.96 0.89 0.92 0.25 0.54 0.55
0.02 0.74 0.05 0.50 0.61 0.79
0.90 0.76 0.86 0.54 0.51 0.79
0.64 0.56 0.70 0.20 0.51 0.54
0.14 0.70 0.81 0.42 0.52 0.78
0.81 0.52 0.46 0.88 0.30 0.79
0.69 0.09 0.86 0.35 0.18 0.80
0.51 0.53 0.96 0.23 0.54 0.68
1.00 0.41 0.12 0.93 0.82 0.78
0.70 0.34 0.62 0.11 0.93 0.41
0.55 0.08 0.67 0.99 0.03 0.54
0.58 0.57 0.66 0.30 0.76 0.31
0.51 0.81 0.20 0.83 0.54 0.72
0.91 0.51 0.62 0.76 0.81 0.60
0.53 0.70 0.66 0.65 0.57 0.51
0.20 0.78 0.96 0.10 0.59 0.92
0.88 0.55 0.02 0.17 0.62 0.88
0.12 0.52 0.61 0.86 0.62 0.97
0.53 0.27 0.01 0.73 0.04 0.64
0.60 0.75 0.80 0.20 0.64 0.54
0.38 0.81 0.48 0.93 0.33 0.85
0.86 0.09 1.00 0.65 0.30 0.09
0.25 0.39 0.07 0.91 0.59 0.27
0.84 0.75 0.94 0.59 0.76 0.10
0.70 0.98 0.73 0.08 0.72 0.71
0.81 0.82 0.94 0.40 0.61 0.27
0.25 0.49 0.09 0.70 0.32 0.97
0.63 0.55 0.88 0.18 0.79 0.62
0.95 0.66 0.68 0.01 0.74 0.64
0.69 0.92 0.53 0.65 0.16 0.63
0.04 0.89 0.85 0.32 0.84 0.73
0.70 0.65 0.12 0.36 0.83 0.97
0.75 0.01 0.19 0.68 0.99 0.60
0.97 0.03 0.55 0.92 0.80 0.51
0.73 0.51 0.92 0.80 0.58 0.42
0.20 0.56 0.65 0.56 0.69 0.90
0.07 0.52 0.68 0.76 0.17 0.47
0.74 0.19 0.54 0.07 0.48 0.55
0.68 0.21 0.52 0.77 0.51 0.23
0.18 0.04 0.77 0.80 0.99 0.98
0.37 0.84 0.67 0.14 0.82 0.43
0.05 0.89 0.15 0.73 0.49 0.83
0.54 0.19 0.63 0.52 0.69 0.81
0.68 0.29 0.69 0.55 0.64 0.80
0.60 0.97 0.74 0.01 0.58 0.59
0.16 0.68 0.88 0.56 0.56 0.65
0.23 0.94 0.53 0.56 0.76 0.69
0.60 0.98 0.96 0.55 0.03 0.51
0.66 0.69 0.54 0.39 0.89 0.63
0.38 0.61 0.88 0.72 0.17 0.92
0.16 0.53 0.66 0.55 0.82 0.63
0.54 0.41 0.55 0.15 0.94 0.73
0.38 0.32 0.90 0.78 0.86 0.22
0.63 0.36 0.82 0.46 0.98 0.42
0.82 0.08 0.69 0.54 0.29 0.94
1.00 0.24 0.59 0.97 0.29 0.89
0.72 0.75 0.58 0.63 0.01 0.81
0.12 0.77 0.75 0.73 0.84 0.21
0.51 0.89 0.63 0.29 0.81 0.84
0.77 0.09 0.33 0.69 0.89 0.54
0.92 0.93 0.66 0.33 0.84 0.16
0.40 0.22 0.86 0.72 0.77 0.14
0.65 0.63 0.21 0.51 0.54 0.59
0.32 0.20 0.95 0.94 0.79 0.43
0.18 0.51 0.63 0.14 0.82 0.54
0.24 0.99 0.51 0.33 0.88 0.77
0.72 0.10 0.92 0.53 0.58 0.28
0.64 0.37 0.89 0.55 0.67 0.58
0.21 0.54 0.81 0.54 0.51 0.23
0.84 0.88 0.45 0.15 0.75 0.65
0.97 0.57 0.55 0.76 0.29 0.49
0.28 0.07 0.81 0.56 0.17 0.80
0.84 1.00 0.16 0.03 0.62 0.13
0.23 0.73 0.80 0.74 0.56 0.68
0.87 0.87 0.88 0.37 0.75 0.01
0.70 0.97 0.14 0.10 0.78 0.60
0.84 0.22 0.51 0.08 0.72 0.30
0.06 0.78 0.93 0.97 0.53 0.61
0.63 0.55 0.45 0.54 0.75 0.80
0.56 0.79 0.77 0.15 0.59 0.30
0.83 0.95 0.62 0.29 0.17 0.35
0.52 0.09 0.72 0.76 0.66 0.94
0.65 0.82 0.15 0.22 0.43 0.92
0.02 0.34 0.60 0.57 0.84 0.91
0.68 0.20 0.51 0.84 0.63 0.67
0.09 0.68 0.07 0.85 0.93 0.86
0.20 0.59 0.58 0.67 0.88 0.55
0.57 0.34 0.08 0.65 0.60 0.58
0.85 0.87 0.51 0.05 0.73 0.68
0.60 0.66 0.61 0.31 0.34 0.87
0.63 0.66 0.89 0.79 0.80 0.04
0.51 0.65 0.34 0.20 0.89 0.92
0.62 0.36 0.57 0.56 1.00 0.53
0.61 0.21 0.68 0.59 0.86 0.80
0.71 0.79 0.72 0.10 0.21 0.91
0.95 0.20 0.24 0.31 0.02 0.98
0.66 0.58 0.69 0.39 0.64 0.52
0.13 0.55 0.69 0.36 0.54 0.82
0.15 0.07 0.98 0.89 0.60 0.31
0.56 0.42 0.84 0.95 0.68 0.23
0.17 0.89 0.38 0.67 0.53 0.97
0.69 0.52 0.66 0.07 0.58 0.06
0.53 0.17 0.36 0.97 0.52 0.99
0.67 0.81 0.73 0.13 0.56 0.17
0.86 0.85 0.89 0.52 0.56 0.15
0.92 0.43 0.62 0.74 0.15 0.57
0.84 0.42 0.80 0.16 0.51 0.51
0.18 0.96 0.97 0.04 0.49 0.72
0.16 0.47 0.99 0.04 0.84 0.71
0.60 0.90 0.22 0.49 0.88 0.66
0.59 0.79 0.81 0.92 0.12 0.05
0.73 0.02 0.53 0.93 0.72 0.39
0.31 0.63 0.74 0.44 0.55 0.58
0.34 0.22 0.59 0.94 0.22 0.56
0.18 0.79 0.37 0.13 0.77 0.74
0.39 0.74 0.72 0.78 0.64 0.04
1.00 0.91 0.07 0.01 0.35 0.59
0.38 0.51 0.10 0.30 0.99 0.78
0.77 0.56 0.76 0.24 0.08 0.75
0.60 0.03 0.69 0.57 0.81 1.00
0.45 0.36 0.61 0.85 0.63 0.64
0.67 0.42 0.51 0.11 0.63 0.66
0.79 0.04 0.32 0.79 0.85 0.97
0.83 0.81 0.60 0.44 0.75 0.15
0.64 0.62 0.59 0.81 0.09 0.15
0.79 0.04 0.68 0.58 0.55 0.93
0.59 0.74 0.06 0.98 0.50 0.21
0.66 0.87 0.05 0.60 0.23 0.99
0.20 0.39 0.68 0.73 0.81 0.99
0.55 0.15 0.59 0.93 0.51 0.66
0.73 0.26 1.00 0.31 0.75 0.37
0.65 0.82 0.05 0.40 0.97 0.93
0.94 0.76 0.49 0.98 0.21 0.56
0.78 0.98 0.03 0.60 0.79 0.04
0.34 0.81 0.44 0.15 0.49 0.95
0.88 0.86 0.05 0.90 0.16 0.59
0.01 0.87 0.94 0.65 0.71 0.58
0.70 0.68 0.77 0.36 0.47 0.61
0.55 0.20 1.00 0.54 0.87 0.75
0.53 0.96 0.77 0.72 0.08 0.01
0.77 0.08 0.15 0.26 0.37 0.02
0.64 0.94 0.52 0.54 0.61 0.59
0.25 0.85 0.49 0.88 0.83 0.49
0.56 0.49 0.77 0.55 0.63 0.99
1.00 1.00 0.94 0.67 0.13 0.58
0.11 0.79 0.59 1.00 0.99 0.55
0.96 0.24 0.24 0.76 0.22 0.73
