200 7
48 43 4 58 41 37 20
80 73 89 65 86 18 83
37 98 10 80 34 43 4
47 86 28 48 47 26 21
32 87 93 92 56 23 41
51 26 92 59 93 69 81
32 65 56 87 71 92 13
16 19 48 47 46 31 40
58 95 20 80 57 24 66
90 29 69 94 6 56 85
48 9 38 11 60 87 49
46 40 87 70 6 26 19
17 33 80 51 16 36 62
16 18 96 5 27 11 44
21 20 20 15 8 21 42
18 4 46 40 22 37 97
37 35 96 100 81 61 36
2 49 83 16 93 92 56
95 10 47 88 42 30 42
95 92 49 65 44 60 11
24 33 25 1 6 66 61
10 87 60 84 18 30 88
81 87 18 40 20 91 81
1 83 48 40 18 39 15
71 16 50 3 26 92 39
9 45 49 28 62 28 32
54 68 67 53 62 58 8
19 4 73 70 21 11 42
20 20 80 49 36 28 93
96 84 42 33 8 14 28
28 39 89 65 17 81 19
88 58 39 43 56 7 69
41 3 45 81 20 5 94
54 46 37 1 42 29 50
68 16 40 72 98 61 75
9 89 22 62 30 17 20
9 40 28 66 18 34 94
91 51 22 33 74 6 51
23 75 1 14 85 33 12
32 11 26 48 9 9 71
45 3 88 97 4 29 4
17 20 12 13 96 29 47
6 79 82 73 47 65 70
18 24 6 12 44 18 56
100 29 92 40 73 66 34
17 79 84 26 84 81 91
44 11 40 31 35 7 11
90 13 96 32 76 27 10
63 38 61 61 64 3 7
31 38 35 41 69 15 19
76 23 11 90 31 96 87
45 11 70 26 79 18 20
6 83 58 67 83 82 8
98 8 48 38 1 11 67
18 4 63 78 27 93 36
28 7 15 34 23 9 9
62 70 59 85 15 76 36
84 51 10 47 27 34 72
28 9 27 20 13 6 20
7 62 29 3 43 52 78
9 99 98 62 54 10 10
63 14 29 5 21 71 6
23 26 60 44 96 55 9
72 99 83 43 84 5 63
71 60 52 4 62 91 1
1 46 46 88 59 18 44
71 63 12 1 83 58 37
23 4 44 94 8 25 19
75 72 74 58 1 12 74
99 26 4 25 21 37 15
82 8 60 23 58 56 100
25 27 32 18 7 13 52
85 54 63 45 21 23 18
33 24 26 16 52 23 8
95 86 92 38 61 5 52
92 4 86 74 64 67 41
36 38 16 12 84 15 29
5 64 41 32 54 95 59
84 40 73 12 7 22 9
56 21 55 17 3 16 78
24 97 45 96 71 46 6
98 50 71 17 94 9 80
82 84 4 48 24 73 43
25 9 47 31 54 67 61
13 16 34 47 61 50 28
96 20 11 58 19 3 96
19 30 62 58 45 37 49
22 81 26 41 48 12 10
86 44 85 4 5 44 93
69 72 11 55 15 95 79
22 51 18 82 4 85 15
5 31 47 100 45 28 44
14 91 22 33 53 67 79
12 18 59 38 59 13 51
28 1 95 97 17 61 54
26 21 13 21 26 74 6
79 9 21 49 4 75 31
7 95 23 8 23 36 43
64 13 91 80 7 64 23
71 34 77 41 1 16 94
47 55 33 79 86 2 47
11 36 6 21 30 11 78
33 74 1 58 97 62 79
48 39 11 30 73 88 38
2 40 8 44 1 10 81
74 73 53 8 38 58 100
65 42 53 29 30 47 14
39 20 39 4 18 50 98
55 56 98 52 2 51 79
37 17 17 26 40 42 17
74 66 69 99 67 4 6
47 44 82 3 12 19 42
40 80 38 36 4 95 97
36 48 53 45 74 50 4
6 41 22 98 35 68 46
70 84 99 56 4 93 63
19 45 15 29 35 5 4
2 62 62 56 45 91 23
29 10 43 100 46 83 4
73 88 3 19 65 64 29
44 92 23 21 68 12 54
11 79 86 45 25 15 11
38 6 34 46 30 19 84
61 32 9 85 50 80 53
61 4 23 44 78 10 15
63 13 85 57 8 33 72
32 2 3 45 7 25 25
8 76 9 62 53 68 53
20 60 37 28 40 42 7
11 1 96 5 49 8 87
80 95 1 99 75 26 14
19 74 14 55 87 85 13
98 7 58 21 38 37 43
60 100 70 62 90 85 2
48 31 13 81 71 18 40
34 85 28 27 12 77 4
3 62 63 67 33 23 44
48 97 45 5 3 50 28
34 17 33 37 93 4 22
8 55 78 96 47 90 47
15 10 66 71 57 19 65
10 24 15 30 37 47 2
11 7 44 78 16 59 33
80 15 2 93 59 58 76
13 28 72 8 54 84 57
10 7 75 4 77 20 4
13 15 49 55 19 55 37
60 48 16 34 1 30 5
89 16 68 86 78 13 7
77 37 19 9 88 88 99
16 31 88 6 20 2 78
47 19 78 77 3 28 67
75 67 72 36 10 12 46
79 86 2 98 72 96 15
49 20 42 10 41 37 3
42 57 17 62 6 31 46
19 32 32 65 68 46 24
69 53 21 23 30 12 10
84 24 59 10 69 19 78
19 94 67 53 28 92 12
55 96 20 7 34 4 99
19 53 93 10 25 84 66
14 44 62 56 7 20 51
88 6 53 25 7 26 98
25 3 22 31 25 88 44
14 76 20 72 27 83 66
87 78 62 8 17 34 44
86 21 37 21 33 36 17
70 71 63 6 11 71 45
18 5 77 98 85 59 68
43 11 42 8 16 23 96
12 28 31 37 77 11 21
78 40 30 90 99 4 65
7 27 80 67 78 85 26
4 15 97 13 88 63 12
16 87 41 54 26 59 23
25 74 8 44 39 42 56
4 69 32 54 36 41 4
46 60 96 72 1 75 57
42 53 1 48 25 11 41
95 81 55 73 2 5 40
46 85 15 25 2 10 72
87 14 43 20 83 64 18
74 76 1 96 59 85 11
38 36 87 32 47 14 10
99 70 13 90 99 17 9
70 4 87 91 42 61 20
28 31 2 36 19 48 10
9 51 82 85 58 83 49
5 6 23 20 18 46 7
7 77 18 75 62 94 6
11 27 78 3 26 79 66
33 30 3 70 39 21 58
47 4 57 92 32 63 21
76 91 84 4 65 66 22
24 70 65 17 31 97 39
10 80 22 54 6 31 23
38 13 10 18 6 14 37
24 63 72 71 16 7 70
46 61 74 2 57 79 56
