200 7
0.13 0.48 0.73 0.49 0.95 0.57 0.95
0.82 0.73 0.99 0.99 0.11 0.25 0.79
0.81 0.01 0.34 0.31 0.41 0.04 0.13
0.17 0.04 0.42 0.66 0.31 0.39 0.14
0.08 0.38 0.47 0.03 0.21 0.03 0.17
0.46 0.23 0.53 0.05 0.30 0.02 0.02
0.98 0.24 0.03 0.63 0.23 0.84 0.62
0.83 0.57 0.24 0.83 0.82 0.43 0.59
0.37 0.37 0.34 0.34 0.26 0.09 0.01
0.77 0.79 0.44 0.17 0.63 0.08 0.98
0.40 0.28 0.33 0.09 0.65 0.94 0.82
0.96 0.79 0.32 0.36 0.51 0.02 0.31
0.35 0.33 0.99 0.56 0.07 0.49 0.54
0.24 0.71 0.08 0.99 0.77 0.62 0.48
0.91 0.05 0.11 0.33 0.98 0.67 0.84
0.04 0.09 0.52 0.41 0.97 0.46 0.16
0.16 0.49 0.18 0.25 0.31 0.10 0.14
0.44 0.10 0.92 0.09 0.91 0.41 0.66
0.18 0.64 0.54 0.97 0.03 0.11 0.99
0.22 0.07 0.56 0.84 0.55 0.18 0.19
0.94 0.49 0.49 0.02 0.10 0.61 0.32
0.15 0.27 0.13 0.37 0.14 0.26 0.45
0.71 0.53 0.02 0.67 0.90 0.59 0.10
0.82 0.09 0.08 0.34 0.31 0.05 0.12
0.31 0.91 0.46 0.42 0.68 0.06 0.95
0.43 0.47 0.91 0.98 0.06 0.50 0.80
0.61 0.22 0.11 0.27 0.68 0.16 0.36
0.43 0.28 0.10 0.30 0.48 0.11 0.43
0.97 0.59 0.75 0.05 0.14 0.32 0.79
0.99 0.74 0.59 0.95 0.13 0.55 0.99
0.21 0.59 0.10 0.17 0.34 0.01 0.14
0.35 0.75 0.24 0.15 0.16 0.06 0.86
0.04 0.48 0.70 0.24 0.98 0.13 0.80
0.80 0.12 0.11 0.49 0.48 0.17 0.32
0.71 0.34 0.05 0.50 0.66 0.41 0.88
0.20 0.38 0.07 0.93 0.85 0.87 0.02
0.92 0.75 0.07 0.73 0.51 0.67 0.39
0.54 0.65 0.10 0.62 0.32 0.48 0.69
0.33 0.13 0.38 0.28 0.47 0.94 0.10
0.06 0.31 0.22 0.15 0.07 0.30 0.90
0.33 0.89 0.32 0.52 0.79 0.93 0.10
0.48 0.59 0.04 0.36 0.45 0.46 0.85
0.01 0.88 0.95 0.46 0.43 0.06 0.87
0.25 0.26 0.95 0.73 0.95 0.07 0.42
0.08 0.42 0.15 0.12 0.93 0.07 0.95
0.53 0.42 0.42 0.70 0.07 0.46 0.65
0.61 0.55 0.04 0.40 0.02 0.85 0.71
0.17 0.11 0.17 0.22 0.12 0.46 0.01
0.08 0.04 0.77 0.91 0.98 0.93 0.78
0.08 0.33 0.75 0.50 0.96 0.24 0.50
0.54 0.30 0.10 0.86 0.41 0.66 0.77
0.04 0.33 0.09 0.56 0.39 0.26 0.12
0.16 0.81 0.79 0.59 0.16 0.63 0.12
0.26 0.55 0.37 0.04 0.21 0.14 0.27
0.56 0.85 0.78 0.65 0.03 0.78 0.10
0.11 0.42 0.57 0.87 0.02 0.30 0.26
0.44 0.35 0.81 0.06 0.64 0.52 0.21
0.45 0.17 0.97 0.13 0.02 0.92 0.58
0.01 0.49 0.29 0.49 0.45 0.91 0.01
0.77 0.45 0.08 0.39 0.91 0.57 0.10
0.34 0.62 0.04 0.09 0.56 0.25 0.96
0.48 0.50 0.26 0.03 0.06 0.49 0.92
0.11 0.05 0.34 0.19 0.35 0.38 0.35
0.04 0.42 0.41 0.65 0.02 0.69 0.62
0.49 0.20 0.94 0.37 0.76 0.06 0.22
0.60 0.97 0.81 0.53 0.04 0.46 0.57
0.73 0.74 0.68 0.45 0.17 0.15 0.94
0.35 0.51 0.12 1.00 0.97 0.14 0.73
0.04 0.67 0.05 0.92 0.84 0.79 0.64
0.13 0.96 0.23 0.24 0.52 0.71 0.13
0.12 0.80 0.17 0.31 0.56 0.76 0.03
0.81 0.27 0.08 0.42 0.84 0.60 0.39
0.74 0.10 0.13 0.74 0.31 0.86 0.86
0.68 0.29 0.43 0.73 0.07 0.96 0.80
0.30 0.90 0.12 0.95 0.33 0.90 0.38
0.74 0.77 0.04 0.98 0.16 0.66 0.80
0.25 0.77 0.17 0.31 0.12 0.29 0.05
0.70 0.22 0.04 0.44 0.30 0.16 0.23
0.30 0.49 0.94 0.85 0.85 0.24 0.08
0.80 0.28 0.02 0.39 0.42 0.52 0.51
0.55 0.03 0.83 0.04 0.30 0.19 0.93
0.02 0.52 0.70 0.91 0.63 0.52 0.51
0.94 0.99 0.13 0.32 0.05 0.22 0.95
0.88 0.29 0.46 0.66 0.20 0.45 0.04
0.33 0.27 0.22 0.50 0.28 0.33 0.11
0.87 0.55 0.22 0.11 0.96 0.59 0.65
0.25 0.32 0.01 0.50 0.75 0.13 0.26
0.88 0.88 0.14 0.57 0.62 0.93 0.02
0.43 0.14 0.38 0.52 0.18 0.19 0.61
0.92 0.32 0.03 0.80 0.58 0.69 0.25
0.13 0.34 0.05 0.15 0.99 0.69 0.50
0.09 0.28 1.00 0.70 0.49 0.63 0.80
0.03 0.20 0.95 0.38 0.29 0.05 0.40
0.57 0.01 0.61 0.62 0.73 0.52 0.88
0.17 0.59 0.07 1.00 0.45 0.69 0.50
0.09 0.40 0.20 0.45 0.70 0.20 0.09
1.00 0.05 0.43 0.23 0.48 0.37 0.97
0.29 0.40 0.38 0.27 0.03 0.39 1.00
0.84 0.65 0.27 0.92 0.48 0.12 0.07
0.02 0.54 0.87 0.61 0.20 0.99 0.48
0.64 0.31 0.05 0.96 0.31 0.87 0.57
0.74 0.20 0.22 0.12 0.86 0.55 0.37
0.55 0.20 0.10 0.65 0.46 0.81 0.79
0.33 0.57 0.09 0.36 0.98 0.48 0.99
0.02 0.66 0.75 0.01 0.84 0.38 0.79
0.20 0.49 0.94 0.73 0.08 0.34 0.67
0.36 0.97 0.27 0.03 0.38 0.01 0.16
0.54 0.37 0.32 0.71 0.36 0.04 0.30
0.29 0.87 0.75 0.38 0.07 0.12 0.73
0.90 0.91 0.25 0.10 0.31 0.81 0.29
0.02 0.52 0.90 0.81 0.63 0.58 0.16
0.29 0.29 0.41 0.20 0.41 0.03 0.23
0.17 0.88 0.17 0.21 0.85 0.97 0.62
0.58 0.07 0.81 0.27 0.12 0.09 0.59
0.69 0.04 0.89 0.47 0.59 0.81 0.85
0.33 0.24 0.02 0.43 0.64 0.70 0.27
0.28 0.03 0.47 0.18 1.00 0.79 0.68
0.28 0.83 0.98 0.02 0.55 0.73 0.52
0.45 0.35 0.02 0.76 0.71 0.65 0.31
0.11 0.70 0.42 0.08 0.16 0.33 0.54
0.46 0.06 0.40 0.45 0.07 0.08 0.04
0.98 0.02 0.96 0.92 0.34 0.66 0.78
0.33 0.45 0.14 0.28 0.44 0.49 0.21
0.57 0.25 0.31 1.00 0.61 0.07 0.54
0.83 0.55 0.25 0.51 0.62 0.01 0.87
0.83 0.17 0.16 0.26 0.31 0.47 0.17
0.20 0.24 0.57 0.10 0.49 0.29 0.19
0.91 0.58 0.33 0.10 0.81 0.51 0.89
0.35 0.56 0.95 0.66 0.06 0.16 0.32
0.01 0.89 0.63 0.68 0.58 0.56 0.54
0.41 0.22 0.15 0.02 0.89 0.19 0.77
0.24 0.34 0.77 0.30 0.30 0.04 0.05
0.71 0.60 0.12 0.09 0.96 0.86 0.35
0.10 0.47 0.36 0.45 0.37 0.35 0.01
0.60 0.04 0.77 0.52 0.90 0.56 0.99
0.27 0.13 0.43 0.94 0.13 0.24 0.50
0.28 0.93 0.06 0.91 0.23 0.02 0.49
0.11 0.25 0.02 0.51 0.53 0.74 0.66
0.42 0.27 0.02 0.42 0.13 0.28 0.18
0.55 0.50 0.07 0.12 0.67 0.61 0.14
0.07 0.31 0.74 0.56 0.58 0.99 0.68
0.33 0.31 0.34 0.55 0.08 0.04 0.56
0.59 0.14 0.53 0.63 0.04 0.53 0.80
0.05 0.93 0.01 0.90 0.26 0.24 0.40
0.63 0.09 0.07 0.51 0.49 0.06 0.43
0.83 0.88 0.34 0.07 0.93 0.44 0.52
0.82 0.49 0.33 0.09 0.21 0.15 0.64
0.06 0.70 0.37 0.53 0.95 0.27 0.28
0.37 0.48 0.04 0.63 0.07 0.32 0.94
0.09 0.27 0.99 0.52 0.86 0.91 0.05
0.47 0.44 0.10 0.49 0.20 0.61 0.08
0.03 0.66 0.77 0.94 0.51 0.59 0.13
0.38 0.71 0.34 0.15 0.35 0.52 0.46
0.52 0.07 0.98 0.24 0.08 0.02 0.70
0.31 0.26 0.35 0.06 0.68 0.58 0.99
0.25 0.09 0.77 0.68 0.23 0.12 0.48
0.39 0.43 0.07 0.81 0.78 0.05 0.86
0.54 0.55 0.06 1.00 0.65 0.12 0.95
0.01 0.38 0.58 0.58 0.16 0.32 0.84
0.46 0.35 0.21 0.55 0.48 0.38 0.12
0.26 0.10 0.76 0.52 0.63 0.80 0.07
0.68 0.33 0.27 0.05 0.59 0.24 0.43
0.44 0.12 0.03 0.15 0.46 0.04 0.47
0.87 0.38 0.28 1.00 0.29 0.03 0.57
0.19 0.02 0.85 0.40 0.78 0.68 0.57
0.98 0.34 0.05 0.07 0.11 0.94 0.89
0.33 0.99 0.85 0.27 0.98 0.04 0.12
0.06 0.97 0.54 0.68 0.99 0.23 0.76
0.89 0.94 0.32 0.46 0.28 0.02 0.27
0.08 0.04 0.69 0.01 0.87 0.29 0.46
0.55 0.44 0.07 0.12 0.76 0.63 0.96
0.49 0.16 0.88 0.71 0.04 0.62 0.18
0.70 0.01 0.37 0.12 0.36 0.89 0.16
0.41 0.22 0.23 0.19 0.19 0.39 0.22
0.86 0.24 0.29 0.31 0.08 0.36 0.73
0.07 0.94 0.53 0.41 0.89 0.58 0.69
0.01 0.72 0.80 0.97 0.81 0.52 0.69
0.44 0.40 0.24 0.20 0.41 0.06 0.62
0.32 0.37 0.34 0.13 0.60 0.30 0.14
0.99 0.71 0.09 0.59 0.88 0.30 0.01
0.36 0.61 0.34 0.01 0.64 0.66 0.91
0.82 0.24 0.76 0.39 0.04 0.48 0.21
0.18 0.11 0.52 0.47 0.04 0.03 0.76
0.15 0.95 0.38 0.54 0.68 0.02 0.96
0.39 0.37 0.56 0.18 0.03 0.11 0.61
0.19 0.86 0.02 0.61 0.60 0.08 1.00
0.36 0.75 0.30 0.18 0.09 0.35 0.19
0.02 0.75 0.68 0.62 0.27 0.71 0.17
0.09 0.48 0.24 0.71 0.61 0.82 0.03
0.38 0.07 0.97 0.01 0.88 0.40 0.02
0.99 0.72 0.87 0.15 0.25 0.51 0.05
0.40 0.08 0.30 0.14 0.01 0.55 0.42
0.52 0.08 0.18 0.29 0.50 0.22 0.22
0.20 0.06 0.09 0.20 0.54 0.32 0.37
0.52 0.74 0.58 0.52 0.33 0.01 0.86
0.06 0.42 0.59 0.16 0.48 0.28 0.43
0.82 0.20 0.55 0.01 0.15 0.83 0.78
0.40 0.56 0.03 0.55 0.45 0.92 0.45
0.08 0.82 0.05 0.15 0.31 0.33 0.06
0.16 0.77 0.90 0.22 0.50 0.83 0.02
