200 7
13 48 73 49 95 57 95
82 73 99 99 11 25 79
81 1 34 31 41 4 13
17 4 42 66 31 39 14
8 38 47 3 21 3 17
46 23 53 5 30 2 2
98 24 3 63 23 84 62
83 57 24 83 82 43 59
37 37 34 34 26 9 1
77 79 44 17 63 8 98
40 28 33 9 65 94 82
96 79 32 36 51 2 31
35 33 99 56 7 49 54
24 71 8 99 77 62 48
91 5 11 33 98 67 84
4 9 52 41 97 46 16
16 49 18 25 31 10 14
44 10 92 9 91 41 66
18 64 54 97 3 11 99
22 7 56 84 55 18 19
94 49 49 2 10 61 32
15 27 13 37 14 26 45
71 53 2 67 90 59 10
82 9 8 34 31 5 12
31 91 46 42 68 6 95
43 47 91 98 6 50 80
61 22 11 27 68 16 36
43 28 10 30 48 11 43
97 59 75 5 14 32 79
99 74 59 95 13 55 99
21 59 10 17 34 1 14
35 75 24 15 16 6 86
4 48 70 24 98 13 80
80 12 11 49 48 17 32
71 34 5 50 66 41 88
20 38 7 93 85 87 2
92 75 7 73 51 67 39
54 65 10 62 32 48 69
33 13 38 28 47 94 10
6 31 22 15 7 30 90
33 89 32 52 79 93 10
48 59 4 36 45 46 85
1 88 95 46 43 6 87
25 26 95 73 95 7 42
8 42 15 12 93 7 95
53 42 42 70 7 46 65
61 55 4 40 2 85 71
17 11 17 22 12 46 1
8 4 77 91 98 93 78
8 33 75 50 96 24 50
54 30 10 86 41 66 77
4 33 9 56 39 26 12
16 81 79 59 16 63 12
26 55 37 4 21 14 27
56 85 78 65 3 78 10
11 42 57 87 2 30 26
44 35 81 6 64 52 21
45 17 97 13 2 92 58
1 49 29 49 45 91 1
77 45 8 39 91 57 10
34 62 4 9 56 25 96
48 50 26 3 6 49 92
11 5 34 19 35 38 35
4 42 41 65 2 69 62
49 20 94 37 76 6 22
60 97 81 53 4 46 57
73 74 68 45 17 15 94
35 51 12 100 97 14 73
4 67 5 92 84 79 64
13 96 23 24 52 71 13
12 80 17 31 56 76 3
81 27 8 42 84 60 39
74 10 13 74 31 86 86
68 29 43 73 7 96 80
30 90 12 95 33 90 38
74 77 4 98 16 66 80
25 77 17 31 12 29 5
70 22 4 44 30 16 23
30 49 94 85 85 24 8
80 28 2 39 42 52 51
55 3 83 4 30 19 93
2 52 70 91 63 52 51
94 99 13 32 5 22 95
88 29 46 66 20 45 4
33 27 22 50 28 33 11
87 55 22 11 96 59 65
25 32 1 50 75 13 26
88 88 14 57 62 93 2
43 14 38 52 18 19 61
92 32 3 80 58 69 25
13 34 5 15 99 69 50
9 28 100 70 49 63 80
3 20 95 38 29 5 40
57 1 61 62 73 52 88
17 59 7 100 45 69 50
9 40 20 45 70 20 9
100 5 43 23 48 37 97
29 40 38 27 3 39 100
84 65 27 92 48 12 7
2 54 87 61 20 99 48
64 31 5 96 31 87 57
74 20 22 12 86 55 37
55 20 10 65 46 81 79
33 57 9 36 98 48 99
2 66 75 1 84 38 79
20 49 94 73 8 34 67
36 97 27 3 38 1 16
54 37 32 71 36 4 30
29 87 75 38 7 12 73
90 91 25 10 31 81 29
2 52 90 81 63 58 16
29 29 41 20 41 3 23
17 88 17 21 85 97 62
58 7 81 27 12 9 59
69 4 89 47 59 81 85
33 24 2 43 64 70 27
28 3 47 18 100 79 68
28 83 98 2 55 73 52
45 35 2 76 71 65 31
11 70 42 8 16 33 54
46 6 40 45 7 8 4
98 2 96 92 34 66 78
33 45 14 28 44 49 21
57 25 31 100 61 7 54
83 55 25 51 62 1 87
83 17 16 26 31 47 17
20 24 57 10 49 29 19
91 58 33 10 81 51 89
35 56 95 66 6 16 32
1 89 63 68 58 56 54
41 22 15 2 89 19 77
24 34 77 30 30 4 5
71 60 12 9 96 86 35
10 47 36 45 37 35 1
60 4 77 52 90 56 99
27 13 43 94 13 24 50
28 93 6 91 23 2 49
11 25 2 51 53 74 66
42 27 2 42 13 28 18
55 50 7 12 67 61 14
7 31 74 56 58 99 68
33 31 34 55 8 4 56
59 14 53 63 4 53 80
5 93 1 90 26 24 40
63 9 7 51 49 6 43
83 88 34 7 93 44 52
82 49 33 9 21 15 64
6 70 37 53 95 27 28
37 48 4 63 7 32 94
9 27 99 52 86 91 5
47 44 10 49 20 61 8
3 66 77 94 51 59 13
38 71 34 15 35 52 46
52 7 98 24 8 2 70
31 26 35 6 68 58 99
25 9 77 68 23 12 48
39 43 7 81 78 5 86
54 55 6 100 65 12 95
1 38 58 58 16 32 84
46 35 21 55 48 38 12
26 10 76 52 63 80 7
68 33 27 5 59 24 43
44 12 3 15 46 4 47
87 38 28 100 29 3 57
19 2 85 40 78 68 57
98 34 5 7 11 94 89
33 99 85 27 98 4 12
6 97 54 68 99 23 76
89 94 32 46 28 2 27
8 4 69 1 87 29 46
55 44 7 12 76 63 96
49 16 88 71 4 62 18
70 1 37 12 36 89 16
41 22 23 19 19 39 22
86 24 29 31 8 36 73
7 94 53 41 89 58 69
1 72 80 97 81 52 69
44 40 24 20 41 6 62
32 37 34 13 60 30 14
99 71 9 59 88 30 1
36 61 34 1 64 66 91
82 24 76 39 4 48 21
18 11 52 47 4 3 76
15 95 38 54 68 2 96
39 37 56 18 3 11 61
19 86 2 61 60 8 100
36 75 30 18 9 35 19
2 75 68 62 27 71 17
9 48 24 71 61 82 3
38 7 97 1 88 40 2
99 72 87 15 25 51 5
40 8 30 14 1 55 42
52 8 18 29 50 22 22
20 6 9 20 54 32 37
52 74 58 52 33 1 86
6 42 59 16 48 28 43
82 20 55 1 15 83 78
40 56 3 55 45 92 45
8 82 5 15 31 33 6
16 77 90 22 50 83 2
