200 7
0.67 0.34 0.95 0.12 0.82 0.02 0.41
0.32 0.87 0.78 0.60 0.16 0.61 0.24
0.28 0.52 0.38 0.48 0.30 0.98 0.31
0.62 0.50 0.05 0.14 0.99 0.04 0.61
0.05 0.03 0.82 0.49 0.40 0.14 0.17
0.67 0.70 0.30 0.45 0.49 0.05 0.92
0.11 0.11 0.30 0.27 0.32 0.76 0.23
0.22 0.01 0.98 0.12 0.07 0.11 0.94
0.10 0.30 0.08 0.35 0.30 0.06 0.09
0.14 0.58 0.81 0.61 0.09 0.62 0.98
0.18 0.36 0.72 0.25 0.70 0.69 0.85
1.00 0.26 0.36 0.78 0.19 0.94 0.49
0.11 0.02 0.55 0.87 0.37 0.77 0.33
0.49 0.04 0.95 0.88 0.25 0.32 0.07
0.17 0.95 0.74 0.53 0.20 0.77 0.81
0.40 0.05 0.66 0.23 0.90 0.71 0.91
0.52 0.01 0.62 0.46 0.07 0.04 0.56
0.65 0.29 0.69 0.35 0.15 0.84 0.62
0.30 0.37 0.23 0.30 0.06 0.15 0.94
0.57 0.67 0.99 0.09 0.33 0.21 0.70
0.86 0.54 0.42 0.92 0.10 0.14 0.16
0.41 0.91 0.24 0.20 0.74 0.55 0.48
0.88 0.08 0.26 0.07 0.35 0.50 0.47
0.46 0.02 0.56 0.39 0.91 0.80 0.59
0.12 0.11 0.26 0.83 0.23 0.72 0.49
0.85 0.64 0.70 0.82 0.13 0.54 0.09
0.41 0.29 0.93 0.26 0.12 0.41 0.42
0.02 0.08 0.42 0.22 0.75 0.48 0.14
0.45 0.90 0.78 0.81 0.26 0.39 0.34
0.11 0.63 0.56 0.15 0.98 0.65 0.19
0.27 0.15 0.21 0.09 0.72 0.11 0.32
0.11 0.38 0.66 0.19 0.96 0.11 0.44
0.79 0.39 0.77 0.23 0.58 0.26 0.29
0.66 0.82 0.05 0.70 0.40 0.14 0.66
0.71 0.29 0.82 0.84 0.12 0.74 0.16
0.92 0.10 0.58 1.00 0.01 0.14 0.24
0.74 0.53 0.02 0.12 0.36 0.73 0.39
0.23 0.26 0.26 0.18 0.38 0.22 0.14
0.88 0.03 0.11 0.64 0.16 0.85 0.62
0.84 0.74 0.03 0.72 0.34 0.86 0.86
0.41 0.62 0.28 0.39 0.51 0.61 0.02
0.79 0.40 0.42 0.28 0.36 0.75 0.29
0.36 0.57 0.43 0.23 0.02 0.33 0.44
0.65 0.78 0.02 0.87 0.03 0.29 0.43
0.41 0.16 0.73 0.18 0.59 0.75 0.56
0.19 0.81 1.00 0.93 0.25 0.63 0.89
0.29 0.42 0.09 0.18 0.49 0.37 0.29
0.91 0.53 0.30 0.03 0.50 0.82 0.96
0.37 0.30 0.14 0.07 0.01 0.48 0.83
0.53 0.05 0.75 0.08 0.65 0.17 0.47
0.21 0.20 0.68 0.70 0.69 0.25 0.94
0.51 0.28 0.18 0.59 0.47 0.81 0.19
0.33 0.69 0.91 0.06 0.33 0.96 0.41
0.62 0.01 0.39 0.94 0.59 0.07 0.02
0.52 0.14 0.87 0.98 0.36 0.20 0.16
0.28 0.32 0.18 0.69 0.14 0.12 0.15
0.18 0.15 0.53 0.62 0.94 0.74 0.09
0.86 0.82 0.93 0.04 0.01 0.12 0.97
0.09 0.40 0.28 0.21 0.46 0.38 0.20
0.81 0.66 0.54 0.03 0.12 0.31 0.81
0.53 0.83 0.74 0.77 0.01 0.06 0.72
0.47 0.49 0.23 0.32 0.78 0.05 0.85
0.02 0.52 0.27 0.47 0.53 0.18 0.46
0.85 0.32 0.24 0.22 0.24 0.24 0.41
0.53 0.03 0.43 0.67 0.97 0.97 0.84
0.40 0.09 0.69 0.32 0.70 0.93 0.34
0.09 0.85 0.96 0.03 0.68 0.21 0.51
0.36 0.23 0.02 0.80 0.14 0.28 0.09
0.88 0.37 0.92 0.09 0.01 0.35 0.20
0.46 0.96 0.08 0.17 0.49 0.63 0.11
0.60 0.75 0.54 0.16 0.70 0.17 0.51
0.09 0.76 0.07 0.32 0.17 0.57 0.30
0.52 0.49 0.32 0.86 0.11 0.97 0.40
0.20 0.22 0.09 0.74 0.32 0.93 0.59
0.19 0.14 0.37 0.46 0.20 0.29 0.12
0.04 0.44 0.07 0.84 0.59 0.13 0.28
0.75 0.33 0.07 0.01 0.58 0.94 0.16
0.86 0.55 0.64 0.74 0.63 0.39 0.02
0.85 0.35 0.51 0.08 0.50 0.26 0.56
0.23 0.53 0.50 0.10 0.82 0.62 0.75
0.05 0.35 0.06 0.05 0.06 1.00 0.18
0.02 0.50 0.46 0.61 0.14 0.13 0.76
0.88 0.89 0.21 0.48 0.15 0.88 0.49
0.35 0.02 0.03 0.68 0.92 0.94 0.11
0.18 0.31 0.38 0.13 0.55 0.32 0.26
0.86 0.67 0.59 0.04 0.76 0.01 0.82
0.45 0.50 0.46 0.06 0.12 0.50 0.94
0.88 0.68 0.07 0.34 0.05 0.93 0.25
0.38 0.41 0.45 0.29 0.21 0.24 0.16
0.54 0.16 0.44 0.54 0.22 0.27 0.69
0.84 0.68 0.96 0.11 0.58 0.68 0.60
0.45 0.22 0.55 0.39 0.16 0.01 0.03
0.81 0.83 0.66 0.09 0.95 0.68 0.15
0.73 0.15 0.03 0.65 0.26 0.29 0.89
0.49 0.02 0.31 0.18 0.97 0.44 0.20
0.90 0.82 0.85 0.06 0.57 0.09 0.81
0.18 0.23 0.01 0.92 0.97 0.23 0.34
0.47 0.82 0.26 0.01 0.32 0.25 0.28
0.22 0.05 0.30 0.28 0.36 1.00 0.23
0.12 0.77 0.68 0.66 0.13 0.70 0.57
0.30 0.34 0.96 0.15 0.77 0.23 0.31
0.41 0.25 0.29 0.35 0.24 0.01 1.00
0.59 0.33 0.05 0.06 0.94 0.98 0.75
0.04 0.87 0.80 0.78 0.64 0.55 0.38
0.52 0.87 0.62 0.11 0.93 0.43 0.02
0.03 0.05 0.08 0.49 0.47 0.43 0.54
0.19 0.27 0.87 0.88 0.42 0.33 0.01
0.77 0.03 0.17 0.05 0.55 0.59 0.92
0.87 0.11 0.38 0.16 0.28 0.22 0.73
0.26 0.28 0.21 0.05 0.61 0.01 0.73
1.00 0.71 0.27 0.19 0.24 0.69 0.05
0.28 0.11 0.64 0.34 0.34 0.48 0.13
0.01 0.80 0.78 0.71 0.01 0.33 0.84
0.47 0.14 1.00 0.04 0.29 0.51 0.10
0.73 0.66 0.71 0.65 0.35 0.61 0.02
0.96 0.35 0.12 0.23 0.37 0.22 0.18
0.33 0.08 0.04 0.63 0.01 0.63 0.34
0.11 1.00 0.22 0.11 0.97 0.88 0.78
0.20 0.60 0.69 0.62 0.31 0.02 0.85
0.98 0.71 0.57 0.10 0.04 0.49 0.78
0.11 0.62 0.41 0.15 0.71 0.01 0.66
0.37 0.84 0.48 0.11 0.61 0.41 0.67
0.61 0.33 0.05 0.56 0.92 0.88 0.30
0.14 0.23 0.60 0.96 0.71 0.65 0.02
0.89 0.22 0.19 1.00 0.02 0.70 0.09
0.31 0.85 0.46 0.29 0.02 0.21 0.32
0.24 0.42 0.95 0.10 0.30 0.92 0.40
0.03 0.60 0.50 0.56 0.29 0.88 0.04
0.52 0.58 0.44 0.70 0.80 0.72 0.04
0.12 0.60 0.84 0.56 0.95 0.11 0.02
0.40 0.10 0.49 0.45 0.27 0.22 0.70
0.69 0.18 0.38 0.02 0.36 0.32 0.62
0.55 1.00 0.15 0.78 0.57 0.33 0.07
0.45 0.31 0.67 0.49 0.11 0.74 0.38
0.38 0.12 0.74 0.61 0.68 0.88 0.01
0.16 0.04 0.07 0.17 0.17 0.03 0.04
0.67 0.02 0.21 0.15 0.77 0.71 0.51
1.00 0.45 0.49 0.01 0.81 0.59 0.55
0.28 0.02 0.24 0.74 0.12 0.47 0.96
0.09 0.86 0.64 0.45 0.75 0.16 0.86
0.77 0.03 0.48 0.02 0.11 0.41 0.50
0.90 0.06 0.60 0.63 0.12 0.10 0.52
0.47 0.03 0.64 0.33 0.68 0.41 0.99
0.07 0.69 0.95 0.17 0.55 0.39 0.04
0.09 0.75 0.33 0.06 0.46 0.71 0.56
0.59 0.08 0.29 0.28 0.10 0.30 0.19
0.51 0.86 0.78 0.03 0.63 0.11 0.74
0.52 0.25 0.15 0.18 0.71 0.02 0.07
0.09 0.17 0.73 0.94 0.66 0.38 0.25
0.39 0.22 0.11 0.45 0.10 0.29 0.33
0.73 0.13 0.48 0.77 0.22 0.02 0.97
0.98 1.00 0.46 0.10 0.60 0.54 0.20
0.97 0.02 0.71 0.64 0.69 0.73 0.54
0.49 0.03 0.43 0.38 0.03 0.10 0.46
0.28 1.00 0.92 0.80 0.11 0.26 0.73
0.25 0.31 0.19 0.45 0.14 0.40 0.36
0.37 0.73 0.64 0.13 0.55 0.14 1.00
0.89 0.57 0.03 0.64 0.94 0.29 0.09
0.18 0.10 0.13 0.08 0.12 0.85 0.60
0.01 0.87 0.53 0.89 0.06 0.61 0.43
0.50 0.12 0.07 0.47 0.04 0.11 0.46
0.86 0.51 0.01 0.72 0.13 0.87 0.40
0.05 0.38 0.57 0.89 0.42 0.58 0.88
0.81 0.41 0.48 0.39 0.89 0.90 0.03
0.16 0.48 0.09 0.04 0.86 0.32 0.09
0.64 0.77 0.22 0.04 0.79 0.01 0.58
0.07 0.89 0.44 0.65 0.26 0.26 0.56
0.37 0.04 0.49 0.03 0.98 0.54 0.02
0.70 0.02 0.78 0.67 0.82 0.42 0.26
0.29 0.45 0.08 0.09 0.30 0.07 0.24
0.59 0.50 0.67 0.02 0.57 0.98 0.61
1.00 0.05 0.01 0.22 0.08 0.13 0.65
0.72 0.83 0.63 0.70 0.85 0.31 0.02
0.20 0.09 0.29 0.36 0.10 0.61 0.16
0.07 0.95 0.81 0.83 0.64 0.06 0.72
0.88 0.15 0.38 0.28 0.02 0.12 0.40
0.20 0.45 0.50 0.50 0.13 0.68 0.08
0.40 0.81 0.92 0.68 0.42 0.66 0.02
0.52 0.57 0.88 0.04 0.07 0.74 0.72
0.04 0.44 0.97 0.70 0.24 0.30 0.43
0.38 0.86 0.26 0.56 0.33 0.10 0.03
0.21 0.73 0.10 0.63 0.20 0.01 0.11
0.33 0.87 0.25 0.59 0.04 0.26 0.99
0.55 0.52 0.37 0.32 0.14 0.22 0.65
0.25 0.16 0.83 0.76 0.02 0.53 0.70
0.49 0.64 0.07 0.14 0.23 0.10 0.96
0.53 0.49 0.03 0.23 0.36 0.21 0.12
0.02 0.93 0.71 0.19 0.23 0.68 0.56
0.07 0.36 0.94 0.99 0.12 0.01 0.88
0.01 0.16 0.13 0.82 0.42 0.64 0.76
0.15 0.94 0.55 0.84 0.87 0.84 0.08
0.10 0.03 0.08 0.33 0.16 0.05 0.32
0.61 0.97 0.61 0.07 0.74 0.15 0.29
0.35 0.17 0.73 0.08 0.43 0.16 0.47
0.55 0.55 0.03 0.07 0.83 0.94 0.52
0.09 0.42 0.09 0.85 0.06 0.40 0.40
0.20 0.97 0.62 0.84 0.75 0.02 0.54
0.27 0.23 0.06 0.72 0.23 0.63 0.25
0.01 0.56 0.32 0.60 0.22 0.08 0.32
0.71 0.62 0.58 0.52 0.08 0.27 0.26
