200 7
0.71 0.10 0.14 0.32 0.47 0.74 0.28
0.46 0.63 0.55 0.54 0.39 0.70 0.95
0.17 0.59 0.91 0.64 0.91 0.24 0.72
0.33 0.28 0.14 0.42 0.91 0.31 0.44
0.73 0.18 0.42 0.63 0.23 0.63 0.48
1.00 0.03 0.38 0.95 0.57 0.28 0.28
0.13 0.94 0.67 0.42 0.55 0.98 0.02
0.95 0.66 0.61 0.83 0.90 0.62 0.52
0.35 0.90 0.71 0.44 0.33 0.47 0.63
0.64 0.98 0.45 0.69 0.02 0.74 0.31
0.83 0.28 0.07 0.60 0.33 0.39 0.14
0.42 0.43 0.73 0.38 0.21 0.12 0.59
0.16 0.75 0.09 0.80 0.44 0.60 0.81
0.31 0.29 0.36 0.06 0.47 0.93 0.30
0.40 0.32 0.19 0.88 0.11 0.18 0.46
0.02 0.21 0.48 0.87 0.32 0.50 0.43
0.82 0.21 0.43 0.47 0.60 0.19 0.46
0.58 0.51 0.35 0.55 0.75 0.20 0.23
0.34 0.03 0.11 0.47 0.47 0.49 0.25
0.53 0.56 0.75 0.28 0.37 0.26 0.03
0.12 0.47 0.04 0.35 0.03 0.23 0.17
0.06 0.43 0.43 0.29 0.17 0.40 0.96
0.52 0.12 0.19 0.86 0.28 0.49 0.41
0.83 0.76 0.57 0.81 0.81 0.19 0.08
0.19 0.75 0.93 0.62 0.56 0.20 0.56
0.20 0.98 0.26 0.78 0.56 0.17 0.57
0.17 0.06 0.58 0.79 0.96 0.01 0.06
0.90 0.33 0.20 0.78 0.01 0.15 0.41
0.23 0.59 0.70 0.09 0.26 0.08 0.29
0.01 0.09 0.29 0.13 0.37 0.14 0.07
0.90 0.44 0.86 0.86 0.62 0.03 0.13
0.94 0.53 0.59 0.07 0.94 0.12 0.17
0.13 0.14 0.19 0.88 0.80 0.45 0.39
0.01 0.67 0.77 0.26 0.36 0.85 0.73
0.50 0.42 0.09 0.31 0.20 0.40 0.71
0.80 0.96 0.56 0.74 0.76 0.12 0.76
0.33 0.09 0.70 0.64 0.81 0.73 0.06
0.46 0.05 0.41 0.53 0.15 0.31 0.64
0.78 0.28 0.29 0.06 0.10 0.78 0.87
0.44 0.24 0.22 0.28 0.24 0.32 0.99
0.50 0.21 0.12 0.75 0.44 0.19 0.45
0.04 0.99 0.27 0.29 0.77 0.97 0.98
0.61 0.59 0.72 0.21 0.06 0.34 0.54
0.76 0.96 0.24 0.06 0.03 0.53 0.10
0.10 0.89 0.75 0.10 0.45 0.25 0.89
0.50 0.27 0.34 0.52 0.47 0.10 0.08
0.60 0.55 0.81 0.94 0.88 0.39 0.05
0.78 0.45 0.86 0.39 0.04 0.02 0.95
0.46 0.03 0.86 0.07 0.40 0.24 0.45
0.10 0.78 0.04 0.87 0.36 0.86 0.85
0.83 0.13 0.08 0.91 0.10 0.08 0.20
0.10 0.44 0.28 0.99 0.03 0.34 0.14
0.85 0.74 0.93 0.17 0.65 0.20 0.02
0.71 0.43 0.45 0.55 0.16 0.99 0.45
0.34 0.74 0.62 0.65 0.48 0.43 0.06
0.10 0.95 0.72 0.70 0.30 0.30 0.93
0.27 0.54 0.54 0.15 0.49 0.71 0.04
0.02 0.08 0.09 0.27 0.47 0.24 0.22
0.68 0.42 0.02 0.59 0.54 0.94 0.17
0.74 0.91 0.85 0.72 0.34 0.94 0.01
0.49 0.06 0.32 0.31 0.88 0.42 0.45
0.40 0.34 0.12 0.60 0.35 0.84 0.72
0.50 0.03 0.23 0.21 0.75 0.61 0.17
0.05 0.97 0.58 0.44 0.93 0.02 0.39
0.07 0.60 0.34 0.40 0.28 0.90 0.83
0.52 0.61 0.96 0.84 0.81 0.04 0.92
0.16 0.44 0.18 0.45 0.40 0.20 0.09
0.51 0.70 0.94 0.50 0.08 0.14 0.73
0.04 0.37 1.00 0.79 0.14 0.85 0.93
0.66 0.42 0.68 0.37 0.30 0.73 0.18
0.07 0.47 0.93 0.37 0.03 0.38 0.73
0.81 0.10 0.14 0.39 0.13 0.26 0.11
0.57 0.76 0.11 0.45 0.74 0.16 0.22
0.60 0.75 0.21 0.28 0.55 0.62 0.20
0.27 0.36 0.62 0.48 0.16 0.14 0.03
0.95 0.81 0.79 0.85 0.57 0.08 0.09
0.39 0.30 0.40 0.38 0.08 0.14 0.18
0.79 0.74 0.77 0.65 0.81 0.05 0.98
0.29 0.03 0.82 0.65 0.24 0.47 0.49
0.04 0.73 0.18 0.01 0.99 0.84 0.68
0.31 0.30 0.86 0.76 0.24 0.18 0.05
0.16 0.59 0.34 0.65 0.20 0.92 0.08
0.19 0.37 0.84 0.31 0.20 0.62 0.60
0.53 0.39 0.20 0.29 0.01 0.57 0.16
0.39 0.69 0.12 0.23 0.64 0.96 0.59
0.66 0.32 0.58 0.06 0.22 0.39 0.27
0.34 0.08 0.14 0.37 0.16 0.95 0.42
0.60 0.26 0.33 0.64 0.01 0.69 0.02
0.63 0.83 1.00 0.78 0.90 0.06 0.76
0.09 0.24 0.39 0.71 0.07 0.22 0.47
0.41 0.58 0.96 0.36 0.15 0.02 0.06
0.76 0.87 0.37 0.19 0.01 0.49 0.09
0.82 0.62 0.65 0.35 0.28 0.10 0.78
0.10 0.38 0.43 0.59 0.14 0.21 0.26
0.55 0.38 0.31 0.46 0.59 0.01 0.91
0.89 0.40 0.15 0.95 0.61 0.91 0.05
0.36 0.43 0.21 0.29 0.45 0.84 0.40
0.49 0.14 0.08 0.76 0.09 0.82 0.80
0.95 0.79 0.79 0.20 0.08 0.82 0.82
0.63 0.97 0.40 0.11 0.67 0.45 0.22
0.12 0.25 0.22 0.55 0.29 0.84 0.83
0.50 0.22 0.24 0.48 0.32 0.11 0.18
0.80 0.14 0.73 0.85 0.17 0.74 0.47
0.17 0.76 0.76 0.12 0.10 0.74 0.78
0.11 0.13 0.12 0.06 0.35 0.74 0.18
0.96 0.17 0.92 0.41 0.10 0.75 0.28
0.20 0.14 0.52 0.62 0.35 0.60 0.24
0.77 0.05 0.84 0.55 0.64 0.38 0.17
0.11 0.37 1.00 0.07 0.70 0.36 0.52
0.27 0.45 0.22 0.22 0.49 0.14 0.26
0.52 0.87 0.98 0.71 0.04 0.88 0.04
0.97 0.88 0.37 0.01 0.57 0.78 0.30
0.58 0.43 0.05 0.24 0.87 0.08 0.21
0.32 0.96 0.05 0.36 0.77 0.20 0.50
0.22 0.01 0.99 0.15 0.50 0.95 0.72
0.05 0.48 0.66 0.56 0.27 0.21 0.40
0.83 0.33 0.35 0.12 0.29 0.62 0.66
0.12 0.32 0.36 0.40 0.47 0.06 1.00
0.29 0.54 0.02 0.02 0.99 0.65 0.89
0.47 0.81 0.15 0.66 0.79 0.25 0.12
0.55 0.21 0.16 0.71 0.65 0.59 0.09
0.52 0.15 0.08 0.84 0.12 0.52 0.87
0.09 0.15 0.90 0.09 0.87 0.25 0.34
0.16 0.50 0.38 0.28 0.07 0.12 0.24
0.55 0.07 0.34 0.84 0.74 0.82 0.21
0.66 0.92 0.27 0.98 0.73 0.01 0.53
0.33 0.05 0.06 0.15 0.01 0.15 0.89
0.14 0.12 0.15 0.89 0.15 0.32 0.45
0.75 0.88 0.18 0.04 0.31 0.60 0.06
0.01 0.01 0.57 0.78 0.98 0.12 0.99
0.12 0.03 0.58 0.94 0.50 0.97 0.11
0.50 0.09 0.07 0.07 0.91 0.46 0.64
0.70 0.47 0.56 0.61 0.22 0.52 0.08
0.28 0.38 0.14 0.05 0.37 0.37 0.46
0.98 0.05 0.19 0.87 0.79 0.21 0.17
0.37 0.59 0.47 0.10 0.80 0.31 0.81
0.97 0.47 0.98 0.01 0.85 0.86 0.13
0.52 0.70 0.13 0.15 1.00 0.18 0.16
0.15 0.17 0.63 0.92 0.21 0.02 0.41
0.70 0.40 0.42 0.25 0.12 0.85 0.58
0.98 0.12 0.02 0.11 0.83 0.87 0.72
0.46 0.49 0.55 0.99 0.08 0.03 0.77
0.12 0.07 0.39 0.48 0.22 0.51 0.36
0.36 1.00 0.28 0.35 0.07 0.51 0.11
0.85 0.96 0.28 0.48 0.29 0.56 0.08
0.21 0.98 0.66 0.98 0.56 0.94 0.01
0.36 0.17 0.44 0.77 0.11 0.17 0.30
0.85 0.75 0.08 0.36 0.83 0.12 0.65
0.86 0.67 0.63 0.56 0.54 0.06 0.81
0.72 0.44 0.23 0.07 0.21 0.13 0.46
0.12 0.25 0.24 0.03 0.58 0.01 0.10
0.52 0.28 0.37 0.02 0.94 0.10 0.53
0.13 0.54 0.55 0.04 0.10 0.88 0.64
0.10 0.42 0.15 0.21 0.14 0.04 0.81
0.61 0.51 0.85 0.05 0.18 0.81 0.66
0.02 0.99 0.72 0.20 0.31 0.50 0.25
0.40 0.54 0.37 0.79 0.45 0.03 0.76
0.05 0.88 0.73 0.88 0.17 0.21 0.45
0.21 0.03 0.16 0.10 0.41 0.96 0.13
0.75 0.04 0.53 0.78 0.77 0.28 0.21
0.86 0.20 0.49 0.10 0.01 0.79 0.87
0.52 0.12 0.11 0.29 0.48 0.29 0.09
0.25 0.62 0.82 0.67 0.33 0.07 0.66
0.58 0.75 0.81 0.27 0.06 0.93 0.57
0.15 0.45 0.01 0.01 0.04 0.17 0.24
0.28 0.01 0.61 0.55 0.60 0.89 0.20
0.96 0.21 0.71 0.13 0.10 0.16 0.02
0.14 0.66 0.09 0.91 0.64 0.36 0.16
0.07 0.70 0.37 0.68 0.13 0.05 0.55
0.70 0.73 0.34 0.54 0.09 0.58 0.03
0.30 0.13 0.43 0.36 0.10 0.44 0.03
0.70 0.07 0.48 0.39 0.29 0.70 0.79
0.60 0.01 0.31 0.31 0.71 0.44 0.83
0.52 0.41 0.03 1.00 0.68 0.12 0.79
0.57 0.74 0.07 0.57 0.57 0.72 0.09
0.69 0.05 0.01 0.93 0.79 0.36 0.07
0.46 0.06 0.87 0.49 0.18 0.45 0.87
0.06 0.31 0.45 0.16 0.42 0.05 0.14
0.01 0.87 0.74 0.22 0.14 0.03 0.18
0.75 0.34 0.77 0.06 0.62 0.85 0.05
0.27 0.19 0.59 0.18 0.98 0.86 0.01
0.96 0.15 0.75 0.38 0.90 0.08 0.16
0.91 0.54 0.59 0.14 0.82 0.03 0.08
0.17 0.32 0.39 0.10 0.58 0.44 0.06
0.08 1.00 0.76 0.74 0.11 0.79 0.54
0.06 0.67 0.24 0.78 0.38 0.32 0.15
0.47 0.19 0.28 0.90 0.42 0.33 0.13
1.00 0.08 0.71 0.83 0.03 0.38 0.49
0.83 0.96 0.44 0.66 0.96 0.09 0.03
0.59 0.55 0.16 0.39 0.16 0.85 0.04
0.02 0.30 0.08 1.00 0.96 0.23 0.08
0.27 0.14 0.93 0.74 0.72 0.07 0.24
0.60 0.28 0.87 0.55 0.08 0.07 1.00
0.43 0.39 0.33 0.21 0.09 0.13 0.24
0.59 0.95 0.47 0.36 0.12 0.04 0.51
0.98 0.73 0.45 0.50 0.99 0.04 0.01
0.99 0.70 0.16 0.90 0.54 0.07 0.29
0.75 0.73 0.08 0.78 0.78 0.29 0.01
0.59 0.05 0.23 0.58 0.39 0.33 0.17
0.94 0.18 0.83 0.38 0.52 0.07 0.35
