200 7
64 15 59 3 40 96 69
1 90 52 66 2 65 5
49 49 65 36 20 3 16
19 45 17 32 51 61 13
91 58 3 27 39 2 19
18 38 8 20 36 36 55
63 32 45 81 8 6 5
24 95 82 75 86 46 51
42 73 19 46 6 40 16
1 14 98 41 3 15 74
83 10 83 68 85 60 66
5 44 14 50 21 66 13
99 45 91 75 15 69 46
45 56 16 43 13 42 4
74 32 11 15 15 44 19
9 98 79 75 87 34 30
22 13 18 96 18 50 39
58 12 71 93 32 36 46
89 83 1 54 52 51 95
89 49 25 86 66 10 88
65 42 68 45 50 21 23
91 12 4 49 11 72 83
29 1 9 49 75 12 67
36 24 36 24 20 34 37
92 4 89 15 36 94 68
56 12 53 95 60 75 61
87 34 51 74 44 7 36
20 90 43 20 56 48 11
49 25 67 36 48 9 60
16 82 36 37 45 52 41
11 100 10 11 52 43 46
40 78 22 90 7 5 28
50 1 20 78 63 56 31
18 4 27 57 4 58 30
92 8 42 51 24 70 67
29 51 65 62 22 50 36
46 68 4 42 36 30 80
56 91 48 4 46 41 4
54 41 71 1 19 43 86
67 95 1 89 61 8 7
55 92 28 10 68 32 35
30 34 13 35 82 5 62
16 9 55 32 43 98 46
6 97 90 34 27 17 70
5 85 31 12 26 48 30
35 6 14 90 27 84 45
6 96 69 4 53 51 42
7 44 60 44 67 71 51
25 34 4 77 37 43 20
26 63 22 52 67 54 26
22 20 37 16 25 13 8
93 49 30 99 32 9 59
1 81 43 94 93 40 85
4 1 66 94 2 55 86
21 88 61 94 30 12 53
62 89 4 3 66 69 65
17 4 92 55 52 59 97
77 2 39 42 14 32 28
16 90 5 76 32 9 36
79 27 7 50 9 53 61
5 41 75 36 77 61 66
77 12 93 4 38 83 45
73 52 16 45 10 36 56
85 98 48 9 19 81 29
96 5 41 31 44 3 27
56 69 84 17 82 63 3
7 49 29 65 32 13 18
73 65 95 7 88 100 62
49 42 29 26 21 65 70
67 72 65 10 79 36 60
77 4 53 14 90 26 35
52 49 48 1 54 7 25
22 6 33 20 77 37 14
30 3 90 39 72 67 69
24 85 28 56 39 43 46
10 13 61 82 29 92 100
75 10 65 27 67 76 36
49 13 96 11 30 14 5
90 68 19 35 8 30 50
4 65 72 86 83 51 54
54 17 56 10 40 5 90
37 98 61 12 64 74 29
46 29 47 79 4 20 23
37 57 32 90 42 58 4
77 3 28 73 23 86 26
72 8 69 47 74 64 90
8 64 82 34 76 38 71
41 38 41 17 1 47 29
43 90 65 36 33 6 7
58 95 25 5 94 86 95
89 14 64 2 19 87 28
17 8 83 59 12 44 97
36 48 23 25 7 93 73
15 38 16 3 29 4 37
69 67 60 96 68 8 2
13 13 67 67 29 62 11
60 41 39 38 16 49 43
22 20 97 72 13 53 56
8 24 43 65 20 29 14
27 1 72 47 37 73 24
73 65 78 28 19 34 82
42 63 88 42 13 5 64
60 12 75 18 10 90 100
34 18 18 31 30 86 21
83 1 78 59 25 3 50
69 10 21 76 63 10 88
55 83 80 10 10 41 41
8 11 45 29 16 46 47
82 20 26 70 26 58 84
66 74 2 70 21 76 89
57 55 11 18 46 10 23
14 89 90 33 75 13 14
79 29 24 19 42 7 8
78 81 6 66 57 60 72
47 49 26 50 21 23 25
64 60 3 60 64 21 16
7 37 35 64 4 19 85
71 17 96 96 24 81 7
19 19 48 47 50 21 30
70 52 46 92 1 10 84
83 53 68 59 52 49 2
48 25 92 44 13 28 35
43 50 74 4 36 40 7
66 88 3 61 7 88 9
64 83 85 58 14 30 75
7 81 19 87 39 48 27
89 19 11 41 10 7 19
11 46 7 84 96 71 16
65 35 92 65 13 59 14
29 46 44 57 14 16 58
62 32 16 72 71 93 50
52 13 44 82 7 2 45
83 15 11 26 92 79 30
84 76 53 9 53 32 10
3 34 99 43 26 6 98
45 8 55 100 66 13 51
84 32 29 18 29 27 45
39 92 67 13 91 36 18
56 23 33 65 13 42 26
7 24 73 79 70 61 67
71 22 3 93 75 15 8
37 61 10 90 53 33 9
47 70 3 88 73 8 23
5 14 9 9 15 23 87
52 89 63 44 5 78 1
85 13 11 18 84 33 2
3 46 77 38 90 90 24
37 41 56 28 10 7 78
56 55 2 36 31 13 24
2 58 7 62 32 65 76
1 97 3 3 76 12 30
17 79 11 46 24 11 32
19 82 6 17 51 90 5
1 45 81 82 30 92 62
3 33 50 55 61 57 11
51 37 19 37 12 1 43
33 24 49 16 30 9 14
4 77 88 15 83 68 41
41 9 46 61 80 1 53
90 17 38 18 40 9 33
71 22 3 59 100 90 77
1 53 58 97 80 54 92
21 34 81 97 14 47 16
20 25 14 21 100 36 37
86 60 9 89 7 54 56
98 96 36 1 47 43 24
21 7 54 100 46 3 40
8 69 13 31 38 88 83
16 100 16 55 14 15 40
24 92 58 15 62 33 27
88 15 98 56 77 4 44
8 87 44 60 72 28 8
65 5 18 46 30 21 98
24 37 35 42 57 80 78
70 60 39 5 38 22 1
78 13 58 73 51 34 15
65 27 89 43 20 24 44
9 41 55 38 29 8 36
9 85 55 63 97 92 4
15 26 43 87 43 3 68
57 60 61 20 58 70 7
3 57 47 25 58 22 29
36 42 13 46 2 5 21
2 71 67 92 24 12 24
94 75 94 75 100 5 4
39 12 35 17 33 48 28
77 32 33 95 74 34 42
92 52 28 34 28 14 91
54 100 75 6 12 82 87
87 16 31 80 31 46 15
4 15 68 29 57 42 93
24 78 21 4 24 49 41
47 59 3 53 51 90 70
68 54 9 4 38 48 39
14 76 58 65 12 5 51
47 32 1 96 30 18 8
26 47 72 31 51 78 2
2 87 15 51 56 82 97
46 82 30 49 48 3 17
40 77 65 7 56 79 17
