200 7
0.52 0.02 0.31 0.76 0.53 0.78 0.39
0.30 0.01 0.63 0.70 0.06 0.73 0.82
0.14 0.13 0.72 0.52 0.22 0.01 0.19
0.16 0.76 0.25 0.09 0.93 0.07 0.02
0.50 0.95 0.15 0.34 1.00 0.78 0.29
0.42 0.43 0.74 0.73 0.07 0.38 0.33
0.03 0.16 0.58 0.84 0.43 0.02 0.84
0.23 0.68 0.22 0.13 0.99 0.35 0.33
0.30 0.66 0.96 0.79 0.04 0.13 0.49
0.31 0.47 0.94 0.08 0.79 0.36 0.02
0.02 0.35 0.80 0.53 0.06 0.04 0.23
0.14 0.36 0.77 0.18 0.26 0.29 0.94
0.29 0.57 0.17 0.17 0.34 0.55 0.47
0.44 0.26 0.02 0.10 0.48 0.22 0.02
0.62 0.30 0.49 0.24 0.11 0.24 0.15
0.51 0.12 0.98 0.62 0.96 0.85 0.99
0.16 0.54 0.36 0.05 0.72 0.58 0.33
0.72 0.82 0.04 0.75 0.16 0.95 0.25
0.35 0.66 0.13 0.52 0.91 0.86 0.01
0.34 0.03 0.73 0.37 0.15 0.44 0.48
0.18 0.46 0.03 0.57 0.88 0.09 0.99
0.81 0.75 0.10 0.89 0.37 0.24 0.94
0.41 0.31 0.21 0.04 0.37 0.03 0.16
0.34 0.09 0.78 0.77 0.20 0.88 0.27
0.84 0.32 0.59 0.46 0.47 0.87 0.14
0.61 0.86 0.75 0.24 0.06 0.87 0.53
0.43 0.10 0.61 0.84 0.99 0.71 0.65
0.12 0.85 0.63 0.34 0.26 0.60 0.25
0.43 0.14 0.30 0.58 0.80 0.39 0.11
0.92 0.54 0.12 0.93 0.24 0.63 0.24
0.09 0.58 0.95 0.27 0.93 0.40 0.30
0.64 0.60 0.22 0.12 0.41 0.30 0.14
0.17 0.69 0.39 0.50 0.03 0.59 0.27
0.69 0.20 0.44 0.49 0.48 0.15 0.01
0.21 0.87 0.84 0.97 0.78 0.96 0.17
0.61 0.53 0.57 0.95 0.72 0.16 0.12
0.69 0.21 0.84 0.07 0.39 0.02 0.13
0.93 0.92 0.43 0.89 0.47 0.54 0.12
0.09 0.19 0.23 0.23 0.18 0.88 0.41
0.42 0.82 0.09 0.75 0.51 0.35 0.04
0.13 0.97 0.55 0.40 0.82 0.87 0.56
0.30 0.30 0.23 0.28 0.22 0.39 0.98
0.14 0.84 0.46 0.98 0.43 0.13 0.79
0.29 0.89 0.34 0.45 0.31 0.43 0.45
0.21 0.47 0.60 0.62 0.85 0.34 0.90
0.06 0.33 0.86 0.05 0.87 0.20 0.87
0.85 0.28 0.65 0.39 0.37 0.40 0.29
0.21 0.60 0.80 0.41 0.54 0.18 0.65
0.21 0.71 0.95 0.27 0.41 0.02 0.42
0.73 0.49 0.78 0.02 0.94 0.20 0.69
0.28 0.20 0.83 0.20 0.34 0.28 0.91
0.87 0.76 0.43 0.38 0.81 0.02 0.34
0.02 0.81 0.65 0.66 0.31 0.70 0.88
0.99 0.28 0.70 0.15 0.28 0.50 0.74
0.49 0.42 0.30 0.08 0.03 0.55 0.28
0.15 0.34 0.02 0.96 0.30 0.29 0.39
0.18 0.69 0.01 0.87 0.73 0.13 0.95
0.35 0.15 0.22 0.17 0.63 0.55 1.00
0.43 0.91 0.90 0.43 0.20 0.20 0.21
0.38 0.75 0.19 0.63 0.76 0.82 0.34
0.20 0.36 0.24 0.71 0.29 0.60 0.43
0.97 0.27 0.33 0.18 0.30 0.22 0.41
0.31 0.70 0.70 0.65 0.61 0.53 0.50
0.49 0.01 0.19 0.46 0.12 0.17 0.09
0.48 0.36 0.27 0.01 0.63 0.59 0.98
0.57 0.21 0.99 0.45 0.62 0.44 0.08
0.05 0.21 0.53 0.04 0.52 0.46 0.83
0.16 0.10 0.28 0.11 0.63 0.53 0.07
0.10 0.34 0.82 0.74 0.72 0.72 0.55
0.11 0.71 0.21 0.94 0.01 0.03 0.58
0.09 0.72 0.96 0.11 0.46 0.15 0.05
0.40 0.39 0.07 0.27 0.22 0.76 0.34
0.60 0.22 0.07 0.31 0.87 0.80 0.96
0.01 0.14 0.32 0.54 0.16 0.84 0.78
0.20 0.36 0.21 0.27 0.19 0.14 0.53
0.96 0.84 0.37 0.03 0.62 0.68 0.23
0.80 0.25 0.41 0.27 0.11 0.08 0.44
0.83 0.93 0.04 0.89 0.76 0.11 0.64
0.36 0.81 0.63 0.64 0.43 0.31 0.45
0.43 0.44 0.17 0.52 0.05 0.31 0.29
0.96 0.70 0.04 0.82 0.17 0.22 0.61
0.06 0.86 0.34 0.18 0.77 0.12 0.46
0.89 0.26 0.49 0.91 0.07 0.83 0.55
0.01 0.51 0.27 0.42 0.24 0.46 0.16
0.65 0.11 0.78 0.89 0.91 0.12 0.39
0.43 0.86 0.15 0.27 0.62 0.73 0.79
0.37 0.64 0.16 0.65 0.44 0.26 0.14
0.05 0.53 0.13 0.44 0.04 0.32 0.30
0.07 0.29 0.94 0.11 0.89 0.46 0.20
0.26 0.83 0.75 0.18 0.69 0.50 0.70
0.09 0.96 0.75 0.01 0.02 0.99 0.92
0.66 0.73 0.25 0.05 0.25 0.53 0.90
0.91 0.42 0.23 0.65 0.11 0.19 0.32
0.01 0.69 0.11 0.60 0.79 0.99 0.40
0.91 0.63 0.08 0.17 0.39 0.10 0.24
0.78 0.13 0.75 0.80 0.76 0.21 0.03
0.36 0.85 0.22 0.20 0.24 0.43 0.52
0.02 0.29 0.48 0.09 0.31 0.22 0.27
0.28 0.09 0.70 0.64 0.61 0.71 0.69
0.63 0.12 0.99 0.79 0.56 0.05 0.65
0.22 0.37 0.39 0.07 0.26 0.02 0.45
0.65 0.20 0.12 0.62 0.03 0.57 0.33
0.09 0.18 0.82 0.87 0.77 0.87 0.65
0.27 0.74 0.35 0.29 0.45 0.78 0.39
0.71 0.48 0.49 0.58 0.03 0.86 0.18
0.61 0.28 0.22 0.03 0.13 0.93 0.59
0.44 0.29 0.51 0.98 0.14 0.90 0.62
0.38 0.23 1.00 0.02 0.39 0.88 0.54
0.95 0.24 0.89 0.17 0.30 0.42 0.26
0.60 0.86 0.38 0.03 0.35 0.06 0.19
0.70 0.66 0.96 0.18 0.35 0.40 0.05
0.15 0.90 0.69 0.23 0.41 0.03 0.85
0.94 0.66 0.27 0.09 0.43 0.86 0.08
0.57 0.18 0.05 0.22 0.28 0.25 0.27
0.61 0.66 0.61 0.73 0.35 0.74 0.06
0.01 0.27 0.41 0.16 0.19 0.24 0.21
0.98 0.27 0.57 0.64 0.99 0.06 0.51
0.41 0.12 0.76 0.30 0.31 0.98 0.38
0.32 0.14 0.31 0.32 0.75 0.49 0.13
0.18 0.02 0.37 0.16 0.95 0.85 0.61
0.04 0.85 0.63 0.13 0.08 0.48 0.15
0.91 0.07 0.63 0.42 0.62 0.91 0.23
0.25 0.66 0.43 0.81 0.71 0.14 0.37
0.96 0.93 0.62 0.77 0.72 0.10 0.15
0.34 0.24 0.47 0.38 1.00 0.31 0.39
0.61 0.86 0.16 0.97 0.97 0.20 0.57
0.31 0.32 0.36 0.45 0.60 0.13 0.55
0.07 0.13 0.39 0.25 0.37 0.47 0.86
0.34 0.86 0.02 0.12 0.94 0.66 0.76
0.38 0.47 0.58 0.14 0.37 0.14 0.30
0.51 0.94 0.93 0.63 0.20 0.91 0.03
0.33 0.07 0.83 0.07 0.66 0.85 0.10
0.26 0.20 0.34 0.38 0.37 0.44 0.28
0.60 1.00 0.40 0.88 0.07 0.04 0.50
0.79 0.31 0.44 0.12 0.81 0.02 0.18
0.77 0.66 0.08 0.10 0.14 0.95 0.60
0.55 0.86 0.13 0.36 0.17 0.92 0.87
0.22 0.43 0.25 0.54 0.37 0.19 0.31
0.58 0.95 0.26 0.44 0.20 0.99 0.19
0.90 0.69 0.20 0.31 0.03 0.95 0.76
0.76 0.83 0.23 0.19 0.22 0.85 0.51
0.27 0.24 0.26 0.80 0.62 0.19 0.61
0.11 0.41 0.98 0.25 0.05 0.43 0.45
0.68 0.06 0.84 0.15 0.55 0.48 0.42
0.99 0.19 0.25 0.02 1.00 0.67 0.42
0.22 0.67 0.62 1.00 0.66 0.73 0.04
0.09 0.41 0.22 0.80 0.08 0.55 0.06
0.86 0.24 0.89 0.18 0.32 0.01 0.48
0.04 0.06 0.62 0.84 0.08 0.67 0.17
0.17 0.39 0.48 0.12 0.55 0.80 0.19
0.43 0.62 0.73 0.48 0.16 0.29 0.18
0.21 0.04 0.90 0.14 0.56 0.53 0.81
0.01 0.91 1.00 0.15 0.79 0.56 0.98
0.85 0.14 0.29 0.09 0.30 0.84 0.28
0.22 0.16 0.93 0.50 0.92 0.12 0.47
0.31 0.75 0.22 0.25 0.34 0.27 0.61
0.32 0.81 0.38 0.09 0.76 0.08 0.35
0.31 0.88 0.33 0.02 0.13 0.92 0.86
0.06 0.59 0.75 0.11 0.18 0.61 0.07
0.06 0.98 0.74 0.54 0.70 0.19 0.84
0.13 0.31 0.84 0.62 0.34 0.55 0.01
0.25 0.23 0.16 0.23 0.53 0.39 0.10
0.18 0.49 0.12 0.88 0.60 0.05 0.97
0.96 0.58 0.46 0.93 0.09 0.69 0.03
0.94 0.85 0.16 0.01 0.03 0.44 0.75
0.41 0.18 0.22 0.14 0.32 0.65 0.33
0.52 0.02 0.57 0.44 0.85 0.77 0.95
0.37 0.43 0.59 0.02 0.49 0.49 0.17
0.64 0.29 0.52 0.02 0.59 0.02 0.87
0.49 0.36 0.09 0.91 0.04 0.18 0.32
0.49 0.29 0.60 0.78 0.53 0.08 0.91
0.13 0.14 0.42 0.22 0.28 0.64 0.19
0.42 0.88 0.77 0.78 0.74 0.80 0.03
0.50 0.44 0.10 0.52 0.26 0.42 0.18
0.52 0.03 0.66 0.82 0.53 0.09 0.59
0.38 0.16 0.38 0.06 0.38 0.99 0.34
0.07 0.25 1.00 0.82 0.61 0.02 0.02
0.68 0.43 0.60 0.68 0.06 0.50 0.90
0.51 0.61 0.15 0.05 0.05 0.04 0.53
0.53 0.25 0.26 0.23 0.01 0.47 0.40
0.71 0.09 0.65 0.94 0.04 0.84 0.73
0.12 0.01 0.98 0.39 0.30 0.67 0.19
0.30 0.23 0.33 0.75 0.18 0.50 0.35
0.79 0.87 0.42 0.61 0.29 0.69 0.02
0.84 0.17 0.95 0.08 0.68 0.77 0.99
0.24 0.49 0.75 0.26 0.16 0.57 0.28
0.60 0.01 0.07 0.43 0.63 0.38 0.14
0.74 0.30 0.34 0.92 0.73 0.13 0.14
0.46 0.04 0.12 0.42 0.53 0.71 0.37
0.70 0.12 0.95 0.03 0.91 0.09 0.67
0.44 0.17 0.93 0.19 0.46 0.67 0.03
0.11 0.28 0.13 0.46 0.21 0.76 0.88
0.16 0.61 0.89 0.02 0.74 0.82 0.97
0.29 0.38 0.09 0.24 0.35 0.07 0.02
0.19 0.48 0.50 0.07 0.89 0.52 0.11
0.69 0.11 0.91 0.96 0.08 0.44 0.93
0.03 0.19 0.56 0.96 0.07 0.17 0.50
0.28 0.71 0.78 0.69 0.06 0.15 0.59
0.05 0.29 0.37 0.70 0.99 0.61 0.93
0.12 0.41 0.01 0.15 0.13 0.77 0.28
