200 7
0.67 0.15 0.16 0.79 0.94 0.43 0.11
0.64 0.87 0.59 0.60 0.76 0.85 0.61
0.31 0.11 0.18 0.31 0.36 0.49 0.38
0.16 0.78 0.63 0.46 0.93 0.86 0.68
0.21 0.94 0.59 0.30 0.75 0.32 0.93
0.08 0.10 0.56 0.09 0.55 0.06 0.30
0.66 1.00 0.17 0.40 0.97 0.33 0.19
0.48 0.02 0.36 0.25 0.89 0.48 0.76
0.44 0.45 0.82 0.59 0.28 0.24 0.49
0.18 0.07 0.16 0.33 0.68 0.36 0.13
0.44 0.27 0.92 0.88 0.54 0.04 0.19
0.38 0.06 0.20 0.47 0.85 0.63 0.08
0.11 0.44 0.19 0.61 0.41 0.37 0.11
0.88 0.28 0.27 0.36 0.10 0.27 0.09
0.35 0.11 0.24 0.61 0.29 0.53 0.62
0.53 0.08 0.21 0.11 0.94 0.62 0.92
0.07 0.71 0.10 0.22 0.30 0.27 0.70
0.53 0.21 0.29 0.34 0.13 0.16 0.56
0.87 0.55 0.01 0.75 0.77 0.79 0.32
0.30 0.84 0.37 0.13 0.11 0.25 0.15
0.93 0.24 0.04 0.96 0.66 0.34 0.77
0.12 0.06 0.78 0.18 0.13 0.21 0.50
0.61 0.48 0.24 0.06 0.48 0.98 0.12
0.33 0.99 0.07 0.87 0.32 1.00 0.97
0.01 0.53 0.25 0.57 0.80 0.52 0.94
0.72 0.04 0.54 0.80 0.83 0.18 0.72
0.36 0.34 0.46 0.17 0.81 0.01 0.04
0.15 0.48 0.34 0.44 0.61 0.10 0.22
0.92 0.14 0.52 0.85 0.74 0.02 0.19
0.84 0.72 0.31 0.69 0.67 0.26 0.04
0.67 0.23 0.43 0.11 0.14 0.43 0.81
0.39 0.44 0.14 0.29 0.71 0.52 0.04
0.35 0.57 0.37 0.64 0.99 0.06 0.50
0.76 0.29 0.15 0.27 0.53 0.87 0.37
0.57 0.22 0.11 0.71 0.98 0.57 0.75
0.95 0.25 0.75 0.58 0.57 0.89 0.23
0.68 0.20 0.36 0.12 0.01 0.55 0.58
0.27 0.72 0.63 0.10 0.42 0.06 0.78
0.06 0.50 0.89 0.34 0.16 0.44 0.15
0.21 0.20 0.18 0.49 0.40 0.47 0.19
0.43 0.41 1.00 0.64 0.01 0.66 0.94
0.40 0.15 0.10 0.24 0.16 0.23 0.34
0.19 0.56 0.08 0.64 0.91 0.90 0.01
0.69 0.36 0.39 0.11 0.94 0.34 0.74
0.30 0.09 0.13 0.10 0.02 0.45 0.01
0.68 0.03 0.18 0.30 0.84 0.02 0.78
0.01 0.31 0.87 0.64 0.90 0.51 0.93
0.55 0.02 0.53 0.43 0.40 0.35 0.34
0.54 0.78 0.23 0.47 0.17 0.20 0.68
0.02 0.60 0.54 0.35 0.60 0.84 0.68
0.27 0.18 0.21 0.70 0.13 0.41 0.32
0.25 0.04 0.76 0.12 0.61 0.57 0.71
0.39 0.36 0.13 0.36 0.49 0.38 0.09
0.74 0.03 0.78 0.66 0.34 0.88 0.75
0.48 0.18 0.31 0.48 0.32 0.42 0.13
0.13 0.28 0.47 0.72 0.73 0.45 0.93
0.46 0.87 0.91 0.94 0.18 0.19 0.84
0.06 0.16 0.98 0.02 0.73 0.42 0.85
0.30 0.58 0.02 0.20 0.80 0.32 0.65
0.23 0.56 0.97 0.32 0.04 0.27 0.15
0.21 0.63 0.12 0.12 0.74 0.55 0.66
0.20 0.20 0.09 0.08 0.48 0.12 0.52
0.21 0.80 0.96 0.80 0.81 0.73 0.04
0.41 0.34 0.41 0.02 0.15 0.19 0.27
0.21 0.67 0.68 0.13 0.31 0.41 0.74
0.63 0.62 0.20 0.70 0.65 0.33 0.01
0.73 0.88 0.51 0.01 0.42 0.87 0.48
0.43 0.73 0.13 0.05 0.71 0.33 0.62
0.40 0.03 0.79 0.23 0.78 0.64 0.63
0.33 0.84 0.27 0.12 0.18 0.37 0.36
0.98 0.05 0.50 0.11 0.07 0.71 0.16
0.44 0.85 0.01 0.78 0.01 0.41 0.89
0.68 0.03 0.82 0.86 0.37 0.29 0.36
0.33 0.81 0.39 0.20 0.86 0.02 0.48
0.62 0.54 0.57 0.83 0.01 0.66 0.71
0.55 0.20 0.16 0.99 0.46 0.42 0.32
0.25 0.45 0.12 0.38 0.42 0.76 0.51
0.23 0.72 0.71 0.82 0.02 0.49 0.42
0.78 0.26 0.44 0.23 0.44 0.17 0.25
0.02 0.80 0.92 0.66 0.83 0.72 0.62
0.02 0.64 0.15 0.44 0.31 0.25 0.16
0.22 0.16 0.67 0.21 0.11 0.14 0.71
0.64 0.31 0.29 0.42 0.57 0.19 0.04
0.49 0.35 0.76 0.68 0.76 0.03 0.40
0.59 0.14 0.28 0.89 0.79 0.34 0.61
0.92 0.47 0.01 0.58 0.75 0.97 0.85
0.03 0.12 0.06 0.26 0.23 0.37 0.41
0.13 0.74 0.26 0.82 0.85 0.04 0.97
0.27 0.83 0.37 0.30 0.07 0.27 0.39
0.98 0.77 0.57 0.73 0.52 0.43 0.08
0.77 0.14 0.89 0.43 0.19 0.40 0.45
0.39 0.18 0.02 0.79 0.50 0.40 0.42
0.64 0.05 0.02 0.02 0.76 0.51 0.60
0.74 0.68 0.26 0.59 0.55 0.03 0.55
0.20 0.90 0.40 0.06 0.32 0.64 0.45
0.10 0.14 0.65 0.56 0.01 0.49 0.30
0.19 0.29 0.19 0.04 0.06 0.17 0.32
0.32 0.06 1.00 0.76 0.07 0.82 0.83
0.13 0.93 0.56 0.40 0.49 0.06 0.10
0.86 0.07 0.75 0.92 0.60 0.27 0.78
0.01 0.57 0.58 0.67 0.11 0.59 0.06
0.45 0.34 0.04 0.05 0.24 0.28 0.16
0.83 0.66 0.26 0.29 0.97 0.10 0.74
0.05 0.36 1.00 0.82 0.52 0.24 0.19
0.68 0.01 0.08 0.77 0.71 0.18 0.54
0.46 0.25 0.12 0.23 0.11 0.06 0.50
0.78 0.51 0.97 0.62 0.55 0.01 0.51
0.94 0.14 0.47 0.55 0.43 0.27 0.31
0.75 0.21 0.36 0.13 0.21 0.37 0.30
0.68 0.66 0.41 0.69 0.72 0.04 0.87
0.12 0.42 0.54 0.40 0.44 0.39 0.11
0.49 0.10 0.36 0.03 0.27 0.37 0.36
0.02 0.80 0.20 0.25 0.29 0.77 0.60
0.06 0.76 0.81 0.10 0.57 0.59 0.79
0.58 0.24 0.92 0.84 0.03 0.26 0.23
0.96 0.76 0.40 0.02 0.14 0.66 0.78
0.38 0.59 0.16 0.04 0.74 0.51 0.42
0.17 0.09 0.53 0.36 0.23 0.50 0.81
0.93 0.42 0.12 0.08 0.46 0.31 0.07
0.17 0.53 0.31 0.82 0.96 0.07 0.70
0.72 0.60 0.13 0.06 0.68 0.12 0.98
0.31 0.73 0.10 0.11 0.45 0.67 0.21
0.89 0.04 0.01 0.04 0.15 0.31 0.80
0.64 0.71 0.63 0.40 0.76 0.15 0.07
0.63 0.26 0.43 0.01 0.07 0.31 0.47
0.06 0.94 0.05 0.86 0.63 0.76 0.96
0.39 0.12 0.65 0.33 0.41 0.27 0.24
0.27 0.95 0.53 0.36 0.63 0.79 0.30
0.37 0.37 0.02 0.88 0.02 0.05 0.25
0.82 0.01 0.52 0.64 0.20 0.68 0.56
0.15 0.72 0.07 0.89 0.10 0.78 0.51
0.33 0.46 0.06 0.31 0.37 1.00 0.26
0.43 0.13 0.21 0.38 0.30 0.18 0.33
0.25 0.82 0.86 0.19 0.40 0.02 0.08
0.53 0.81 0.12 0.85 0.80 0.82 0.15
0.63 0.54 0.08 0.81 0.59 0.20 0.88
0.26 0.30 0.14 0.30 0.08 0.44 0.42
0.92 0.12 0.59 0.07 0.46 0.55 0.17
0.58 0.71 0.40 0.74 0.43 0.03 0.30
0.85 0.54 0.60 0.54 0.60 0.14 0.16
0.82 0.29 0.47 0.09 0.45 0.08 0.86
0.02 0.03 0.53 0.31 0.49 0.53 0.40
0.62 0.03 0.69 0.61 0.59 0.76 0.26
0.61 0.04 0.11 0.33 0.33 0.06 0.78
0.08 0.06 0.31 0.67 0.54 0.92 0.47
0.17 0.10 0.13 0.45 0.22 0.28 0.70
0.07 0.87 0.99 0.06 0.63 0.24 0.03
0.13 0.28 0.74 0.07 0.83 0.80 0.73
0.32 0.13 0.13 0.78 0.83 0.24 0.17
0.84 0.62 0.90 0.86 0.16 0.29 0.13
0.59 0.10 0.35 0.07 0.24 0.76 0.99
0.52 0.98 0.77 0.75 0.61 0.04 0.02
0.17 0.77 0.53 0.17 0.89 0.65 0.21
0.39 0.13 0.65 0.26 0.40 0.27 0.59
0.27 0.20 0.28 0.17 0.03 0.42 0.03
0.08 0.31 0.64 0.56 0.23 0.12 0.44
0.16 0.20 0.03 0.74 0.14 0.41 0.94
0.31 0.44 0.06 0.86 0.97 0.27 0.71
0.30 0.74 0.16 0.72 0.17 0.05 0.68
0.24 0.89 0.62 0.74 0.18 0.07 0.97
0.16 0.37 0.20 0.90 0.76 0.14 0.80
0.05 0.84 0.67 0.15 0.72 0.95 0.96
0.35 0.09 0.03 0.24 0.48 0.46 0.39
0.72 0.58 0.69 0.33 0.22 0.04 0.84
0.72 0.16 0.88 0.64 0.67 0.38 0.11
0.33 0.51 0.05 0.95 0.07 0.57 0.86
0.37 0.73 0.63 0.78 0.17 0.15 0.50
0.45 0.34 0.67 0.37 0.35 0.10 0.90
0.18 0.18 0.98 0.85 0.42 0.12 0.08
0.03 0.01 0.52 0.47 0.94 0.78 0.59
0.70 0.22 0.01 0.33 0.66 0.86 0.15
0.16 0.47 0.03 0.18 0.32 0.05 0.44
0.64 0.66 0.05 0.12 0.68 0.10 0.73
0.88 1.00 0.09 0.04 0.75 0.99 0.81
0.18 0.04 0.97 0.16 0.96 0.13 0.81
0.59 0.23 0.29 0.47 0.12 0.10 0.50
0.29 0.47 0.50 0.24 0.02 0.38 0.16
0.40 0.02 0.87 0.11 0.93 0.18 0.08
0.04 0.17 0.19 0.73 0.57 0.55 0.40
0.69 0.72 0.62 0.03 0.15 0.30 0.18
0.92 0.75 0.02 0.42 0.90 0.04 0.66
0.63 0.49 0.66 0.76 0.33 0.21 0.02
0.19 0.62 0.10 0.13 0.89 0.85 0.58
0.36 0.40 0.78 0.57 0.16 0.09 0.45
0.72 0.24 0.69 0.56 0.71 0.03 0.14
0.97 0.01 0.23 0.75 0.97 0.61 0.81
0.08 0.03 0.37 0.15 0.59 0.45 0.41
0.08 0.04 0.80 0.30 0.02 0.39 0.39
0.54 0.38 0.76 0.67 0.14 0.05 0.91
0.04 0.84 1.00 0.54 0.28 0.31 0.08
0.20 0.02 0.61 0.52 0.69 0.89 0.89
0.39 1.00 0.95 0.11 0.05 0.32 0.74
0.59 0.14 0.35 1.00 0.75 0.25 0.22
0.38 0.17 0.49 0.38 0.28 0.15 0.46
0.66 0.51 0.36 0.63 0.25 0.29 0.15
0.04 0.52 1.00 0.60 0.99 0.62 0.25
0.13 0.31 0.50 0.29 0.41 0.21 0.19
0.17 0.23 0.86 0.79 0.96 0.76 0.07
0.44 0.15 0.13 0.47 0.68 0.27 0.33
0.09 0.02 0.60 0.50 0.94 0.57 0.76
